epoch,N1,N2,N3,R,W
0,0.026630580427051534,0.004748092971918681,7.126904592447841e-05,0.002357626549954273,0.9661924310051511
1,0.03450890788943607,0.010369721988917183,0.00016609188823997495,0.001628000041844619,0.9533272781915623
2,0.028308944966665823,0.00544370598808793,8.582989840654048e-05,0.002709595816635244,0.9634519233302045
3,0.01380064450296571,0.0065305192216904865,5.6348997025571664e-06,0.0001818624447502422,0.9794813389308911
4,0.010500177345495394,0.002929797192709551,5.6890816418721635e-05,0.00016144454634342816,0.9863516900990329
5,0.030329993452896383,0.0030688789247695727,5.625954032205256e-06,0.0009910777699298123,0.965604423898372
6,0.02521925065888586,0.006252206397622849,8.248103442694026e-06,0.0015364137196489669,0.9669838811203997
7,0.013450991104513279,0.002880266141399502,3.470485987829177e-06,0.0005182904998246738,0.9831469817682748
8,0.003989923259120388,0.00204124797515662,4.5976843161434235e-05,5.7628450197766976e-05,0.9938652234723637
9,0.007874435824944591,0.008078241251265245,2.4102902601312966e-05,0.00015679865067271797,0.9838664213705162
10,0.05741127999533255,0.012094215532684234,0.00014502122015877127,0.0013390078997210602,0.9290104753521033
11,0.07350133109506503,0.005617855705461037,0.0004046324208595496,0.0013455271238896223,0.9191306536547247
12,0.039552999635543866,0.011323303771879425,9.302485611412494e-05,0.002635804491568197,0.9463948672448944
13,0.02743794671381647,0.005817950960526837,1.778718967485383e-05,0.0005396154092309265,0.966186699726751
14,0.01686731405773447,0.002510517578855382,6.167545684836184e-05,0.0017437837838883566,0.9788167091226734
15,0.01857704039719788,0.005312451226057384,5.758780730883105e-05,0.0037853232036060835,0.9722675973658299
16,0.01322689870224449,0.011841471475620688,4.817491964986117e-05,0.0009339156921698422,0.9739495392103151
17,0.006470316036007036,0.00029586029306633076,4.452139507142402e-05,0.0001036709489338763,0.9930856313269213
18,0.0039308303536410615,0.0006535550810837775,2.8453025819298538e-06,0.00014941428312238304,0.9952633549795709
19,0.028407073513817663,0.0019685602290196963,0.00015570771927834993,0.00030173792909904336,0.9691669206087853
20,0.011065925386842559,0.0005606169057751838,0.00011523882992525494,0.00018401671829285354,0.9880742021591642
21,0.02131179714466489,0.0018458036110805573,0.00010191629586556148,0.0005110900800603042,0.9762293928683285
22,0.0075349553497821515,0.0020158451909403664,4.513928081847751e-05,0.00012534424264427804,0.9902787159358146
23,0.0060967397546069675,0.0008801183182505531,0.0012247128156935851,0.00011379580715000942,0.9916846333042988
24,0.06106970835569162,0.006087130685463344,0.00013587388461738873,0.0005765718015400299,0.9321307152726876
25,0.054321578849682146,0.007901492972174089,0.00020279707648304646,0.0008226571286977607,0.936751473972963
26,0.0035053812314003938,0.02566406698550342,0.0015700334490419234,3.843902264541111e-05,0.9692220793114089
27,0.04299636510282718,0.024968936831867485,0.0004047946412103251,0.0006267736841559472,0.9310031297399392
28,0.061313997058665144,0.022518316730809704,6.333887292849496e-05,0.001595260356207997,0.9145090869813886
29,0.08659883524086295,0.05245869951492671,0.00016044985908978,0.0015218882295149315,0.8592601271556057
30,0.16079304005464154,0.09966871258036289,0.0004338179707048155,0.002400415401930409,0.7367040139923603
31,0.046544665910811044,0.009276625918836606,3.0433024643054898e-05,0.000749331150377356,0.943398943995332
32,0.12617423405175626,0.1121053894015871,7.12193948146945e-05,0.004398723894891472,0.7572504332569505
33,0.03202746342135415,0.021610462428576588,7.331434110003052e-06,0.004002451575980631,0.9423522911399785
34,0.2602781662762564,0.10048158683989428,2.1069315129438326e-05,0.040136352332692186,0.5990828252360276
35,0.2594773047099283,0.19231994932941818,0.0005674269939314034,0.03027043782440145,0.5173648811423206
36,0.3861284688696431,0.19757254586887127,0.00016117056263562188,0.011382370779942733,0.40475544391890744
37,0.341705830997431,0.439739614317609,0.0004055723149595483,0.03576351071079773,0.18238547165920263
38,0.2012815870488507,0.5369685237438401,0.0017732586150819732,0.016249143607628802,0.24372748698459862
39,0.0974906282483793,0.7903329245834347,0.0035709438820452906,0.014680059049311677,0.09392544423682905
40,0.10876616211546758,0.5814951299313784,0.0008367067037630183,0.146345266387167,0.16255673486222397
41,0.014362374694091547,0.911405470752945,0.04175699661308183,0.00923055193737067,0.023244606002510933
42,0.07516495737716311,0.6884599441744799,0.011554563002887182,0.01888613878168364,0.20593439666378616
43,0.013280020138588233,0.01035148198174776,0.00010405351451180203,0.0019550526136079454,0.9743093917515443
44,0.06743553762172233,0.11065327777581767,0.00010012758460683032,0.007663498702008405,0.8141475583158448
45,0.28822500753467106,0.26841675206327686,0.0008360329645238932,0.01993723001531932,0.422584977422209
46,0.10625809528108233,0.6300490191366604,0.0014991106013716687,0.0067820049425750374,0.25541177003831034
47,0.13982261565082707,0.1342825952497028,0.0004513986494172276,0.009254374753730997,0.7161890156963219
48,0.15708416412481835,0.5466897203988551,0.0033304282845779192,0.03220808574503263,0.2606876014467161
49,0.17748938914831242,0.5598613058765389,0.0001954050770444803,0.044777841253610194,0.217676058644494
50,0.12199169674956697,0.7257659026589481,0.000646360968620448,0.028908021933686443,0.12268801768917803
51,0.11891450612032743,0.8344058813347156,0.009364871165649132,0.0051170918803892405,0.032197649498918623
52,0.04976388472408809,0.9041326871717673,0.004173085999443192,0.009111089002217175,0.032819253102484194
53,0.04002299883024202,0.9230393642435417,0.011520903856588924,0.0063564688121681735,0.019060264257459054
54,0.06973087299655187,0.829185769585219,0.005388666923762044,0.0034278822657064743,0.0922668082287605
55,0.09007833026202436,0.8638775557485492,0.0019346994714211751,0.011110649982250934,0.03299876453575421
56,0.03296648170375362,0.9174653678395205,0.017228475700785194,0.002597975869709263,0.029741698886231537
57,0.015909294615023457,0.9693481920318607,0.004570430483331014,0.0019762553118577325,0.008195827557927242
58,0.020537773175162657,0.9099264338156348,0.060215277574198915,0.0036357007353739076,0.005684814699629862
59,0.053705159597943315,0.8074350445463654,0.055931213695938946,0.015660065854455334,0.06726851630529708
60,0.053329535332258864,0.8820538538601429,0.039619431818460976,0.004155497048970974,0.020841681940166286
61,0.019065175809538138,0.87718252654505,0.09383887516577158,0.0021577875791332136,0.007755634900506985
62,0.01874999636132383,0.9033640974487382,0.05412789745082268,0.004075730360517903,0.019682278378597415
63,0.017591624715397047,0.8662749364739931,0.09620610386610588,0.0022933793066382095,0.017633955637866013
64,0.015141491067297954,0.8472134189300364,0.12702233310654223,0.0020644173053357717,0.008558339590787606
65,0.014441254136595298,0.8326606178000575,0.14408750132522977,0.000562226054810727,0.00824840068330651
66,0.008232439987718172,0.6548894440383455,0.33251650487013773,0.0007090336670995251,0.0036525774366991293
67,0.013080281038252086,0.6043858850009698,0.37577702037436356,0.0007633612262276262,0.005993452360187066
68,0.01362437407256385,0.5146556184336365,0.45441997791620165,0.00033550462140523183,0.016964524956192613
69,0.012227759197162232,0.47468130422788984,0.506636421243162,0.00036524146183626626,0.00608927386994966
70,0.02031789493148324,0.2995466656045207,0.6691849184790172,0.0008059875491146474,0.010144533435864283
71,0.007595369038001798,0.45113195011063817,0.5293977308699976,0.0005226037987146731,0.011352346182647629
72,0.03717768985146026,0.4410043242180663,0.5107894547200518,0.0007532103007955904,0.01027532090962601
73,0.007983144466249429,0.17551609273371074,0.8010697185565678,0.000843166163741604,0.01458787807973057
74,0.008325087626528055,0.23374353554528257,0.7471072835745302,0.00031315666722621697,0.010510936586432842
75,0.016387225930220604,0.19660407067573948,0.7744668079465966,0.0003180503086140577,0.012223845138829244
76,0.011048661975613362,0.22053060486185266,0.7466332675906375,0.0006613703410189581,0.02112609523087766
77,0.00147028726313935,0.056504174484894094,0.937325375799744,0.0001790984011369862,0.004521064051085692
78,0.006926069361638277,0.18664310491971015,0.7897941459854602,0.00034934052184908306,0.01628733921134229
79,0.006392490208824551,0.11508169639027194,0.8674053301604843,0.00042938792959978207,0.010691095310819715
80,0.00798799700777224,0.12724850426014636,0.8552677356209347,0.0001950039181620044,0.009300759192984677
81,0.017045958995597087,0.22202585206122788,0.7452602791289672,0.0008345034826990959,0.014833406331508758
82,0.019093408850629955,0.16087295952018665,0.7817562897727794,0.002150808787566066,0.03612653306883795
83,0.010610298718290976,0.1261309973731275,0.8415153197440637,0.0007741958780302489,0.0209691882864876
84,0.005160218293565263,0.05147552133401097,0.9328705759863503,0.00036497410427318276,0.010128710281800506
85,0.015069743445479789,0.09865053172577187,0.8700806830255119,0.0006824307707987131,0.015516611032437705
86,0.006116492826237344,0.06763674852872051,0.9158731928367168,0.0009591698832333895,0.00941439592509183
87,0.00995723779293794,0.17620123233157892,0.7927071186536953,0.000585668653332232,0.02054874256845567
88,0.0018123143002719074,0.06850929840062676,0.9209306580877857,0.00019071220237692847,0.008557017008938702
89,0.0015272220098011006,0.03439764795292841,0.9570282971852708,0.00023674180384508037,0.006810091048154449
90,0.018647329597431653,0.3162891755438195,0.6326570352592354,0.0013575188294709009,0.031048940770042433
91,0.005103376800100709,0.11375781687962976,0.8713733081849283,0.0003290596611668008,0.009436438474174457
92,0.00863980308480731,0.12552482289095065,0.8446826038299466,0.0007290700616839442,0.02042370013261157
93,0.019820822183003895,0.18094083096291602,0.7602723786424199,0.0011516273918485,0.03781434081981158
94,0.01274654642488537,0.10152483568488684,0.8532133420378001,0.0008966603708879205,0.031618615481539714
95,0.006114960079464113,0.06693197501751617,0.9155876047136734,0.00028318724798740287,0.011082272941358936
96,0.004542540905948035,0.047364219068835235,0.937549409089667,0.0004797652402339481,0.010064065695315698
97,0.014278587032831887,0.09819405050627766,0.8674415355604427,0.001472053031959694,0.018613773868488004
98,0.010774032585017645,0.10231857731606568,0.8739673481850907,0.001109402154516508,0.011830639759309394
99,0.01825759337165673,0.14622622878723884,0.8185465941158332,0.001033562899063258,0.015936020826208194
100,0.006052244234633389,0.08458838582669977,0.9000713627815249,0.0002873092382469781,0.009000697918894997
101,0.002194475624135598,0.044570183260604586,0.9472850013398585,0.00022728537319870767,0.005723054402202646
102,0.0018048306936553756,0.055693253182281646,0.9361106181963508,0.0001304333054063649,0.00626086462230583
103,0.02563680544261177,0.36405630460323923,0.5852891287913875,0.0014278428950514578,0.023589918267709953
104,0.005350836017843388,0.08429630630353847,0.8895717096546729,0.0003936285506145361,0.020387519473330704
105,0.0024996992350705322,0.05935635443719835,0.924732335063598,0.0002154420944664701,0.013196169169666563
106,0.01208146899042528,0.13695385675602526,0.8315038626889594,0.000690062274772442,0.018770749289817715
107,0.004713674644252432,0.07194143719823694,0.9158736806998332,0.00022827562135769187,0.0072429318363196665
108,0.0019552144031611813,0.041563491413161194,0.9476925004724752,0.0002766979603512357,0.008512095750851243
109,0.03705698179418191,0.27186562201504216,0.6023939961676088,0.002703221009855869,0.0859801790133111
110,0.007733410496921037,0.08255475989568795,0.8848994809529653,0.0012935730190781814,0.02351877563534739
111,0.00821022800422729,0.08801008556488954,0.8907409367424525,0.0003858018716613874,0.012652947816769263
112,0.003500061575461094,0.05081568428895259,0.9373213485486778,0.00030481157666441505,0.008058094010244047
113,0.009687371125250642,0.11801768811463505,0.8613492866642796,0.0005849344018330683,0.01036071969400172
114,0.011796726009217355,0.12141485980243849,0.8542969490817197,0.001131371215575225,0.011360093891049364
115,0.005618317716926663,0.07242790928887288,0.9158390955551434,0.0004883421724099078,0.005626335266646988
116,0.00561915233499497,0.1408728317550488,0.8427954857161097,0.00044799854279916436,0.010264531651047298
117,0.0067089462908011335,0.10508696953528657,0.8795231931655093,0.0005371508841275095,0.008143740124275416
118,0.027059610610893747,0.2715826169934128,0.68863040589845,0.0016180055624111173,0.011109360934832247
119,0.003272139531413151,0.10583843291852185,0.8831780442346008,0.00023211502570884867,0.007479268289755372
120,0.007964481522326872,0.17309493119209446,0.8098879748619073,0.0006433546644805033,0.008409257759190599
121,0.007560504971447142,0.10251253687244521,0.884691816193665,0.0007402199822104552,0.004494921980232217
122,0.024264130307713776,0.252568683188265,0.711314391203239,0.002246957296956514,0.009605838003825903
123,0.004286600259251505,0.11451346159725584,0.8762374906597211,0.00048277270332715505,0.0044796747804443145
124,0.005770888137079805,0.09262333297265594,0.893758513921501,0.0008825476327617765,0.00696471733600152
125,0.006422928260913609,0.08110780402808707,0.9060584734736671,0.0010668216574331747,0.005343972579898953
126,0.02593246023953526,0.27610933513035707,0.6847363617624485,0.002304460612836235,0.010917382254823013
127,0.006729509482676726,0.12285109126335894,0.8635829228598143,0.0008634200743036083,0.0059730563198463985
128,0.003079544900077887,0.10734532270444132,0.8847038425446333,0.0004062421572336874,0.004465047693613726
129,0.0034967311528545948,0.11927496577547501,0.8727817627410959,0.0006054402544603903,0.0038411000761140682
130,0.00541506655619286,0.14198718991737613,0.8493169592850548,0.00029387278269372915,0.0029869114586824463
131,0.020036860770597256,0.27013858697422877,0.6868909521090344,0.004801627654421929,0.01813197249171782
132,0.0031008499272196723,0.08444186881060398,0.9064031082623046,0.0007859810887615367,0.005268191911110171
133,0.010503578664235808,0.12497875206884758,0.8567833923887603,0.0015880998126728968,0.006146177065483461
134,0.001588996697869092,0.1030712706697874,0.89131756253118,0.00036054331085918936,0.0036616267903042347
135,0.023883678633398985,0.22349800831502387,0.7274883154177985,0.006649938869686925,0.018480058764091725
136,0.008317377777802755,0.11715402295213653,0.8687954346830016,0.0009280118069916284,0.004805152780067656
137,0.006419205281224503,0.07778217928093116,0.9112186707748112,0.001116582942227081,0.003463361720805938
138,0.008320654510880317,0.16655509723496106,0.8203982093711996,0.0007509121432333441,0.003975126739726008
139,0.0066271547687349695,0.124395705657698,0.8628592649237297,0.001549793931344436,0.0045680807184929634
140,0.01603561422146831,0.15874758167700112,0.8123718516801429,0.003752541441654789,0.009092410979732844
141,0.03516865502728335,0.3158287669132808,0.6205559622399196,0.009144019664743503,0.019302596154772634
142,0.002964371433445947,0.10387569505149923,0.8868146331580536,0.0011700918172849462,0.005175208539716296
143,0.0023109340527433845,0.09676450115868081,0.8971525904658931,0.0004717618891199102,0.0033002124335628985
144,0.004133568348294111,0.13287791894877338,0.857898017233598,0.0007142994420848445,0.004376196027249518
145,0.006695407412922711,0.2258073480654242,0.7632361641134181,0.0006856774941548195,0.0035754029140802374
146,0.008782376718930177,0.2792344560734559,0.7052851896931518,0.0008546757909024487,0.005843301723559826
147,0.02666384194183054,0.42185515950724184,0.5286565654869178,0.005672193269611895,0.017152239794398012
148,0.02192773259453832,0.3272368468612775,0.6382692218966981,0.0033629321392486073,0.009203266508237344
149,0.010884629622605313,0.2473949099401337,0.7351989713533956,0.001740651193811036,0.004780837890054435
150,0.035796947940231326,0.3233306149258654,0.6271022169410354,0.003756261031365831,0.010013959161501879
151,0.04071453064112629,0.35580744867684866,0.5889474104341204,0.004418784838001007,0.010111825409903772
152,0.025068908586498177,0.3290689478025378,0.6315472548032925,0.0038084692001970487,0.010506419607474518
153,0.022593006915313543,0.4557802025168563,0.5075016189431355,0.0022872708999790194,0.011837900724715635
154,0.006713185609998439,0.14380388917327308,0.8458288265603418,0.001028703599073959,0.0026253950573127552
155,0.014065126174262666,0.1681027821958589,0.8118879267842375,0.0014650754252263185,0.004479089420414566
156,0.01038114446858056,0.19838899405984423,0.7842215993361349,0.0016721231090910283,0.005336139026349346
157,0.001343998818983957,0.07746232353999234,0.9182814905135713,0.00048395523919873265,0.002428231888253844
158,0.018605688691103784,0.3102997892843073,0.65954012649027,0.0031791475500884845,0.008375247984230432
159,0.013584370198904037,0.15660470827486617,0.8185065714102637,0.00143097008747008,0.009873380028495925
160,0.01786965417243386,0.254577305432959,0.7211289547298166,0.0009775962384017656,0.005446489426388864
161,0.007058282666845271,0.12973650449312155,0.8555073443193913,0.0011334074809447672,0.006564461039697134
162,0.031074532639654207,0.3596937068817423,0.5987239116906017,0.002754306748890067,0.0077535420391118505
163,0.004280196343949263,0.08682093547496314,0.9046905550491745,0.0007096040730811212,0.003498709058831975
164,0.013772081773103637,0.20236438044006874,0.7703562971656442,0.0040482126998084185,0.009459027921374992
165,0.033979947705306206,0.47172454480071235,0.4594955032407436,0.004483532031396663,0.030316472221841397
166,0.01629945093484064,0.23636451792997482,0.7294496017456439,0.006391761624397836,0.01149466776514281
167,0.02316806483573375,0.4499581939157076,0.49920570330802666,0.013535721675388235,0.014132316265143833
168,0.008772513933618999,0.12605783494597225,0.8457985050629073,0.007249352677100986,0.012121793380400163
169,0.04921378327752933,0.5091762700825533,0.3840850796554931,0.033985345951673976,0.02353952103275031
170,0.07414961759186435,0.4839683638534762,0.3617985992528021,0.034586159484380534,0.045497259817476814
171,0.02870675377927789,0.054092755723425964,0.02517889347562982,0.013441438797811813,0.8785801582238545
172,0.33754977812701537,0.26733737919973455,0.03561313729210909,0.026225146868101276,0.3332745585130398
173,0.3946494880446389,0.37159882834691854,0.01507021381550173,0.012707249622605197,0.20597422017033568
174,0.3706480393882437,0.48107665514080405,0.008671221777648192,0.007085349342774299,0.13251873435052974
175,0.32411011744047313,0.2808082240592582,0.011151991904330406,0.10124309250617841,0.2826865740897599
176,0.25855160098905666,0.4713597493215726,0.011227965553658386,0.1363983628337487,0.12246232130196379
177,0.2071974612609059,0.351368335205386,0.013701151175277934,0.25342893722221677,0.17430411513621338
178,0.22268571307647705,0.3102738316230991,0.007307568210225811,0.2965971747412085,0.16313571234898955
179,0.2351988030041016,0.23239364979294946,0.00940040415448929,0.1621904278629144,0.36081671518554514
180,0.32280978439270847,0.369849993794451,0.01561017897147256,0.20639811825710785,0.08533192458426021
181,0.15425194149628552,0.4343108684044447,0.0164685745940422,0.0630969351029053,0.3318716804023223
182,0.16538311408081988,0.7003432140770348,0.0289533280590866,0.04646934195041622,0.058851001832642545
183,0.17319290173446475,0.6644577838467668,0.03954769234646741,0.0852605142119509,0.037541107860350184
184,0.10538161226208774,0.4407843639759815,0.01689362788081669,0.0697865902130012,0.36715380566811284
185,0.1710544773778044,0.7128075368840318,0.038909780989627565,0.039441249116468374,0.037786955632067805
186,0.15336315964377786,0.7475237764319382,0.020401834240286704,0.026488447655250855,0.05222278202874621
187,0.1004427251107713,0.34162202519357115,0.00771345542468638,0.02204863380986542,0.5281731604611059
188,0.1439463987272375,0.5897053437682283,0.012092309567789934,0.06750714077973319,0.18674880715701117
189,0.24614147827311658,0.5707411954099803,0.019579425563358684,0.024700505421758976,0.13883739533178546
190,0.18951822208703675,0.3750053258975267,0.025598043852091332,0.01694333188571037,0.39293507627763474
191,0.4237950734716405,0.3184548257133727,0.0271893140993057,0.08151448826435138,0.14904629845132983
192,0.3477346329728546,0.4813143372288527,0.0012712991702828766,0.030532963867530256,0.13914676676047957
193,0.09852477269221703,0.7676921990594948,0.029604566311938543,0.011524135923365887,0.09265432601298378
194,0.16116009680386956,0.4999963415237659,0.006936836487397587,0.015371177369100606,0.31653554781586635
195,0.02514182230987767,0.9116536128522394,0.011726778623783166,0.00594824793255923,0.045529538281540625
196,0.17931623390071658,0.5788595111751499,0.003887372585046119,0.038679211166232866,0.1992576711728545
197,0.06628495917180055,0.7743218064949458,0.0015534503147966545,0.03178124876283532,0.12605853525562175
198,0.08830779866339546,0.724808532799218,0.0037889770333596516,0.016378392390764347,0.16671629911326255
199,0.07746277774288518,0.7768314878042649,0.007513021912814649,0.011452228831970928,0.12674048370806418
200,0.06601840328809637,0.647410377955919,0.0033778236566438294,0.016482771319915684,0.26671062377942506
201,0.10749444423690611,0.5366971211990845,0.00938182271130439,0.03360814446688363,0.3128184673858212
202,0.04976201929176002,0.2314614981271322,0.026275190174135675,0.008016336847502714,0.6844849555594694
203,0.002720672143446987,0.00302925449927435,0.0002687853314028019,0.0017613531510922622,0.9922199348747835
204,0.012601570192752314,0.0036205545868088526,2.979091627197183e-05,0.0018293175243465588,0.9819187667798202
205,0.017474642308606077,0.0077418209870111585,0.0010063531354585998,0.001405972695998068,0.9723712108729261
206,0.016737067191036976,0.015127537131962125,0.0010944784916210233,0.00330635493234449,0.9637345622530354
207,0.021877817391013934,0.011273827035577796,0.00024161343900463755,0.004378938977198033,0.9622278031572056
208,0.015567203081762588,0.014211761898570261,0.0009138594513190112,0.01001047463584983,0.9592967009324983
209,0.0006240360513735958,0.0004493578036401848,5.615669187044199e-05,0.0003153886464855277,0.9985550608066303
210,0.0014200041224630932,0.0011849446403936195,0.00013011476137840742,0.00027999874900284835,0.9969849377267621
211,0.08100071871999788,0.015389551718460138,0.00042317275886004244,0.003368116766134513,0.8998184400365475
212,0.08725790028694393,0.0576131533800575,0.004964258556314665,0.006687822939628514,0.8434768648370554
213,0.05670756009744472,0.042592345082777074,0.0029226596972544133,0.00860796706591012,0.8891694680566136
214,0.022684337325031126,0.013107797175202666,0.001071810408016708,0.008819202760728891,0.9543168523310206
215,0.001199735807768025,0.001557017576282069,0.00034407940097568474,0.000929732844210441,0.9959694343707638
216,0.0012868413068480961,0.0009934062759912893,6.177398563995707e-05,0.0007388716410550936,0.9969191067904656
217,0.002828296548447376,0.000990253758660693,8.276456079146822e-05,0.000570980001085571,0.995527705131015
218,0.02922102204015675,0.005642228197034647,5.4693467418044604e-05,0.00564907213972183,0.9594329841556687
219,0.0027731798912944768,0.0005309418317474506,5.940916467372987e-06,0.0029059456052977174,0.993783991755193
220,0.053856586156219,0.020679846893386828,0.00023615506808326788,0.02313365232574182,0.9020937595565691
221,0.08321542138566047,0.0625127834036185,0.0007442533986477304,0.053769531179312456,0.7997580106327609
222,0.0610762345585462,0.06238492024218857,0.00037677822681017413,0.09946578192760384,0.7766962850448512
223,0.07682725101597244,0.09097150698492644,0.0014085508449785274,0.1238571271119077,0.7069355640422149
224,0.11649655602926007,0.341590007113383,0.005947062409496945,0.09211025091873844,0.4438561235291214
225,0.002060140675117391,0.007614539906424679,0.0008382199672898891,0.0010898502316690987,0.9883972492194989
226,0.007522551026859918,0.005652990482501717,0.00012843440379564755,0.0017071882810010478,0.9849888358058417
227,0.14787877792444237,0.0697180638927358,0.002385535072818826,0.008074533768580038,0.7719430893414229
228,0.10769492671002713,0.010207474037130434,0.00018871321752178934,0.00249457356187159,0.8794143124734491
229,0.2984487177985995,0.12085332863505631,0.0023648310600261143,0.04993949328539147,0.5283936292209265
230,0.2804097180041259,0.14742728948684633,0.002832984792611953,0.0949492175613978,0.47438079015501794
231,0.2691383865281132,0.15583914974728338,0.013983944747178267,0.1730734362285272,0.3879650827488978
232,0.08322659763702536,0.19185669997229862,0.004996649266035829,0.20629851607398694,0.5136215370506533
233,0.12246112419814395,0.24611136584163812,0.013308815654659098,0.3457445168410931,0.2723741774644657
234,0.2156424825102087,0.3346633609749616,0.018419140518505784,0.20135321432866063,0.22992180166766316
235,0.09993879554787136,0.6065340127293639,0.008752731375381934,0.16793064948454395,0.11684381086283886
236,0.107539949702218,0.3477947767482008,0.0064133092204989705,0.21872668718856156,0.31952527714052076
237,0.09345356426019572,0.6844407160271756,0.010289898956246657,0.06954205543485628,0.1422737653215258
238,0.18179266188315046,0.34881027765175765,0.0014469496251957364,0.207893415979636,0.2600566948602602
239,0.32894328297948533,0.5542850439078766,0.00520843518299941,0.03967201703252963,0.07189122089710899
240,0.14017823733436915,0.17255114585522913,0.0051925657009803125,0.14810592211224655,0.5339721289971748
241,0.2696531584848051,0.17025823639946444,0.0019733196606579904,0.06064448127063155,0.49747080418444084
242,0.2628891678777017,0.5627169346475757,0.0013210539992867473,0.0559968706670597,0.11707597280837613
243,0.0796926528406603,0.12948328152794394,0.0034310609029916677,0.027347412801950906,0.7600455919264532
244,0.14526049044077402,0.7845163445791862,0.01215157128498609,0.01319840094321507,0.04487319275183875
245,0.1436870518648063,0.7890355638020494,0.014527059823420027,0.013106343245161467,0.03964398126456278
246,0.15838717906762395,0.7399344825274046,0.016943082922022568,0.025760124744986436,0.058975130737962414
247,0.07428106527521279,0.7792641600188687,0.00392033912658045,0.027329020688242934,0.11520541489109525
248,0.12517978564399218,0.7462682865620016,0.0047845129407076935,0.03371423644856327,0.0900531784047352
249,0.05384250994943667,0.9106779302316174,0.014408419691853337,0.008610044910432168,0.012461095216660514
250,0.15779396697706038,0.7801863465876996,0.01633729480219474,0.00777108273970243,0.03791130889334298
251,0.03826592296940564,0.8961225353209248,0.008913624388542726,0.013991817335726651,0.04270609998540031
252,0.13935319617621192,0.4659535535386302,0.005170770025273445,0.03048805351520418,0.35903442674468006
253,0.19493682536022544,0.48102657975371316,0.002313334959162339,0.04322481921815881,0.2784984407087403
254,0.1525048722952013,0.640177783485294,0.0015594291971383202,0.03809379876786533,0.16766411625450112
255,0.4569023074488061,0.15355606572441247,0.003976851144436878,0.02989788702308341,0.355666888659261
256,0.12868625468747558,0.6922130708362382,0.03444855695038914,0.05427351503219322,0.09037860249370387
257,0.18692342835210407,0.48642401681005626,0.01337601258284186,0.04916737833335192,0.2641091639216458
258,0.0836346369367897,0.6392685270104841,0.02335317626882513,0.03808982719473949,0.21565383258916151
259,0.15331035518466654,0.3975101550907229,0.002786666770536407,0.06821291395322507,0.3781799090008491
260,0.15195407571465205,0.7236111699128299,0.018260780433513358,0.028159439638108325,0.07801453430089632
261,0.26500139774728043,0.4378128051484587,0.0013728145259577665,0.04008679453377318,0.2557261880445298
262,0.256697662644333,0.41983871398677497,0.0072038970471440195,0.027966206288091343,0.28829352003365655
263,0.15184833783596877,0.757263970377358,0.027350036993116767,0.03148486610727326,0.0320527886862832
264,0.6681018677826553,0.14077335072595967,0.0007869802553767439,0.03765269746072912,0.15268510377527933
265,0.18368034962241467,0.4797513228619439,0.0030046624560876502,0.021412507293435416,0.31215115776611846
266,0.3655913705575787,0.4912357975775681,0.006304202968565826,0.03364767762855237,0.10322095126773502
267,0.267870771381507,0.5204760649998017,0.0268284099213253,0.02730021498690091,0.15752453871046515
268,0.139851968531173,0.3320702500495635,0.016494608302830952,0.06589024641626298,0.4456929267001696
269,0.07996042705559328,0.661093656361913,0.010763792302709891,0.01470997484191042,0.2334721494378736
270,0.08563892328907632,0.7797846060145375,0.041604227670344184,0.007322681560718472,0.08564956146532353
271,0.09556936156218584,0.8097699619221118,0.02203553548967411,0.011103203751490081,0.06152193727453831
272,0.08016148514042552,0.8024228363925323,0.02278955757246684,0.014780639063236158,0.07984548183133895
273,0.06683157490137928,0.8567922122957241,0.018154745419104303,0.00987293327642528,0.04834853410736685
274,0.10121460394526917,0.7737182290921027,0.05482633113469608,0.020396134859766858,0.049844700968165324
275,0.05650456947666158,0.8670381918625282,0.05416888037062014,0.0037394052255437047,0.01854895306464646
276,0.015874751095169014,0.9095275159766254,0.05762037953916732,0.002411543968614267,0.014565809420424094
277,0.037203157785796505,0.864489986577928,0.0807237920264906,0.002816207167324839,0.014766856442460239
278,0.05634182373423626,0.891930475729787,0.02652115281117248,0.008580593286934543,0.016625954437869742
279,0.06895552635597588,0.853234307442158,0.04481183640594469,0.006342891265580467,0.026655438530341084
280,0.048858937783531495,0.8852279709238366,0.04254461542002621,0.0023139378549269177,0.021054538017678658
281,0.0484162676070615,0.9025224674210681,0.026715568473433163,0.003329106346602261,0.01901659015183506
282,0.03304552564172371,0.9145415020092967,0.04289648419229493,0.0014717837681518413,0.008044704388532773
283,0.17855825291032185,0.738935173443596,0.023994222050543614,0.006333540883325545,0.052178810712213086
284,0.040317081766895115,0.9037233183072504,0.008932062062213746,0.004664009777076914,0.04236352808656393
285,0.07781294382995581,0.8818036537412918,0.011080695264495984,0.004616749869604905,0.024685957294651346
286,0.01807353039745946,0.9479837860937088,0.02237422690730646,0.002287966133670011,0.009280490467855191
287,0.1263930960134719,0.8018169430438624,0.03171346717836646,0.008607916001000335,0.031468577763298866
288,0.08607394593910214,0.8537844500364351,0.04278552237868347,0.004144351252083387,0.013211730393695735
289,0.13443100099946909,0.826984708118296,0.018538073454662986,0.0038433826351803963,0.016202834792391534
290,0.10672390399884318,0.80534700666561,0.04198058417347963,0.006808063562605117,0.03914044159946208
291,0.19239820540416727,0.7359357602832284,0.01299424204817711,0.010580738571870273,0.048091053692556916
292,0.09165760903271664,0.8112828109994641,0.07712649329575207,0.004817589785833264,0.015115496886233943
293,0.14991782539577653,0.7223574217231266,0.058961562425624295,0.021440376720057348,0.047322813735415234
294,0.10795636005119688,0.7835043513620406,0.037407806221013105,0.020809504501288347,0.05032197786446117
295,0.023882027725867984,0.9356531427348329,0.016001368361693538,0.004582540338424805,0.019880920839180534
296,0.15147413042122845,0.40774347115189924,0.012544649098812203,0.01475990227715825,0.4134778470509018
297,0.057874922851992826,0.8703248328948562,0.024518305310659266,0.007003835529991958,0.0402781034124997
298,0.19256925588995744,0.21179207675966294,0.007418101957700168,0.012998031135229177,0.5752225342574502
299,0.21100222148308131,0.15693627906975632,0.0017414269090773866,0.004858081567416715,0.6254619909706682
300,0.20877472222674884,0.08850306195809675,0.0006996727256928978,0.008218392203613518,0.6938041508858479
301,0.24389929277481096,0.658924104174514,0.0034010414161486087,0.006231102317485529,0.08754445931704077
302,0.20931216757479315,0.7151641955795994,0.026247085991285224,0.006884879624873013,0.04239167122944927
303,0.0533749152870526,0.864227995809839,0.05758632263627772,0.0026637460144372763,0.022147020252393384
304,0.06723374769853323,0.5585407896062686,0.010687633610052994,0.018930568857292256,0.34460726022785293
305,0.05229380140816799,0.8909868143352233,0.021685313824986098,0.004184947319679338,0.030849123111943308
306,0.023406629072670403,0.9219929629274789,0.03159054945436102,0.002391217697723414,0.02061864084776628
307,0.24106715199593365,0.6419806346073826,0.019584367128810964,0.006506255035308299,0.09086159123256439
308,0.07007707955520646,0.8919890476003729,0.02546358035422836,0.0008154417397008664,0.011654850750491257
309,0.04067961186421533,0.8981589206424336,0.047865566829406646,0.0012246217645314112,0.012071278899413167
310,0.12128764151524875,0.7335151764582515,0.12092951018174453,0.007730951458607064,0.016536720386148226
311,0.030780159016034436,0.9040072879511731,0.05706295159885368,0.0013703582925788283,0.00677924314135984
312,0.02774463288361125,0.881964913380368,0.07887394294544696,0.0018680556494038941,0.009548455141169972
313,0.06194553862521454,0.8114463370567053,0.06719544035110817,0.00940028549910738,0.050012398467864635
314,0.05047408505088767,0.848171122911073,0.0823985270805339,0.0018305536443692263,0.017125711313136293
315,0.025577852820140568,0.8682821298299541,0.09935795489859214,0.0008409255165889119,0.0059411369347242
316,0.018935846598677357,0.885122122199969,0.08385252989749671,0.0010731479966717098,0.01101635330718508
317,0.028631450297362603,0.9096901734652674,0.052426889431972254,0.000626131500885353,0.008625355304512385
318,0.013969858531958477,0.8751392327370879,0.10484869607127549,0.0007657586834014135,0.005276453976276773
319,0.04134638485633642,0.9051323654697313,0.04419807536823409,0.0011660935472588164,0.008157080758439392
320,0.017719325788250476,0.9045632519435634,0.07094588631817751,0.0010208438663641152,0.0057506920836443865
321,0.03481465627081601,0.902773480286641,0.052650761774428394,0.0013148340946148817,0.00844626757349983
322,0.006779103348291108,0.5360581074848223,0.45239959557409604,0.0009526127532775489,0.0038105808395131127
323,0.048800551670002836,0.8738026984698726,0.06044825295858747,0.00532249720777615,0.011625999693760993
324,0.015721924406996508,0.8996298841973551,0.06872414395824254,0.002011271279746661,0.013912776157659162
325,0.08568974495838523,0.8297169327969173,0.0564119564282612,0.008648252962395839,0.019533112854040524
326,0.16566206432378322,0.7638447509465756,0.02171786023206243,0.008069341445671606,0.04070598305190725
327,0.18105762731845582,0.7456558019173712,0.007428141468532815,0.010679404884023344,0.05517902441161672
328,0.03782375875367251,0.8948819121099438,0.05210368622352918,0.009142043502185079,0.00604859941066945
329,0.17960618609077167,0.7382810804922104,0.00878123695136658,0.0461605225078468,0.027170973957804427
330,0.013851939820146366,0.9302824246343123,0.030084675128622618,0.011401455557321841,0.014379504859596945
331,0.00628651861436651,0.9338533559838456,0.046000859606286824,0.009678579858893971,0.0041806859366070774
332,0.056464239405652025,0.8756756964254278,0.019169629344150785,0.031385852295989676,0.01730458252877976
333,0.02122724897635389,0.9252088689017006,0.02035633341780531,0.023312432310223348,0.009895116393917016
334,0.20876435212586236,0.4770200403612586,0.0021658567403685988,0.18870278375159893,0.12334696702091137
335,0.07166827740389857,0.8564746179170727,0.00815037466868056,0.020599236094975007,0.043107493915373114
336,0.1734391803426421,0.7741976672518731,0.00857351199360905,0.008824008609206107,0.03496563180266969
337,0.06335368418333705,0.9067977483306712,0.00753580872293246,0.006016918818220633,0.016295839944838558
338,0.05561132154451427,0.9167176389184485,0.014623523114442032,0.004857743487627824,0.008189772934967426
339,0.026035443500199127,0.9142437196774972,0.033842909918540935,0.007774291456591378,0.018103635447171598
340,0.026714259400365238,0.9479412179115941,0.009507064332597662,0.004786430509417651,0.011051027846025345
341,0.028344537232627264,0.8977456354623106,0.05765436029066487,0.0059669729349068066,0.010288494079490416
342,0.012413836142487648,0.9226058803701437,0.05643119106311459,0.004177953082460091,0.00437113934179384
343,0.09510184008856679,0.7762161133094947,0.02568009035770548,0.019406474500305863,0.08359548174392738
344,0.019830682625325974,0.9442111645275411,0.02660052361347298,0.004821269547852329,0.004536359685807486
345,0.007697764095606321,0.8438357105579007,0.13363129914002844,0.005605655076732032,0.009229571129732494
346,0.06500735041862013,0.8677432490687721,0.023436787337860043,0.018162338962516143,0.02565027421223157
347,0.02130715530297552,0.9426462970313373,0.01704324553875049,0.010342807057035603,0.008660495069901056
348,0.028276711952894756,0.8581213754004792,0.07184625418814232,0.016983066419333937,0.024772592039150075
349,0.09187613406970811,0.735299479462947,0.02615927389978292,0.036929167718656855,0.10973594484890513
350,0.02451115643982981,0.6338064145306137,0.3166008914078517,0.015214842036635022,0.009866695585069694
351,0.20519096927366925,0.39951567111257275,0.07448869792966015,0.1266761042812087,0.19412855740288928
352,0.020311520373148394,0.7907691266864639,0.044006264509199054,0.09403506823886501,0.05087802019232356
353,0.09540120631860395,0.13723732306841416,0.015826234284150913,0.5411530074923915,0.21038222883643937
354,0.10734593854811307,0.12200809000443259,0.10556999482453308,0.31658490860333977,0.34849106801958146
355,0.0559431345610398,0.08207590041384401,0.014232421182126151,0.48404901596426836,0.3636995278787217
356,0.052393188561657575,0.04377497776261485,0.00469298527308031,0.5455791080209115,0.3535597403817357
357,0.04015600965073051,0.04484109588732459,0.010106689942149668,0.1895151278910696,0.7153810766287256
358,0.06610429649431748,0.032737100724133376,0.002847152077349436,0.4305499539116478,0.4677614967925519
359,0.023503563488480834,0.0027284838644080255,0.00015680795073059177,0.9593651593888263,0.014245985307554263
360,0.0529840374589909,0.00860850127327651,0.0010657030596688283,0.6124288369244614,0.3249129212836024
361,0.07558722901924486,0.020545470993872873,0.0028372534733294213,0.507402536088438,0.3936275104251148
362,0.13133178210993623,0.021529464064933227,0.0011549486628600043,0.7159483656329702,0.13003543952930038
363,0.1402232917091711,0.016413884095641405,0.0015513433639785929,0.7161936302950737,0.12561785053613528
364,0.10508794537714183,0.04387640205985005,0.008867119484921498,0.6279112543835885,0.21425727869449795
365,0.06751901852626882,0.013986094338697127,0.0029902388730769992,0.657344165807593,0.25816048245436396
366,0.10951116671733208,0.022395463756069104,0.0029484168929305122,0.5483918044957152,0.316753148137953
367,0.05612282186712277,0.009784663046901792,0.0024244249862177443,0.8545201343959006,0.07714795570385705
368,0.0627610179969791,0.006137364714485608,4.483735384606904e-05,0.6973380346256094,0.23371874530907993
369,0.046022716177205346,0.017226352424320163,5.603836810198112e-05,0.685813244304131,0.2508816487262414
370,0.1419429380138498,0.024789257323576647,0.0004750515336942446,0.5793978665450376,0.2533948865838418
371,0.17372126616562303,0.026944863393650265,0.00041845592291933794,0.5794291868982226,0.21948622761958483
372,0.05579896256431583,0.017487462543987527,0.0001848181221696353,0.6142472680596776,0.31228148870984934
373,0.043424826837870516,0.013451478018505013,0.00017472575664659375,0.8658766515089088,0.07707231787806887
374,0.07360358355932686,0.032312471849065036,0.00027151334525419397,0.5774633408404675,0.3163490904058864
375,0.03134272654763283,0.019429457328381434,9.53979253173124e-05,0.9234724510617616,0.025659967136906752
376,0.06701834861157532,0.054657924286980734,0.00030054342566356707,0.7600572467418185,0.11796593693396173
377,0.10317770832957097,0.038519944062268954,0.00030763751600426876,0.5242170302057811,0.33377767988637463
378,0.05726436527441906,0.022186017078785685,0.00018278775544595016,0.8414954831918277,0.07887134669952171
