epoch,N1,N2,N3,R,W
0,0.001351376209513817,0.0006907668923410489,0.0005240488822383278,0.00010892458207436469,0.9973248834338324
1,0.001290616844540822,0.00040578092560497993,0.00032903443074227504,0.00020631808343310012,0.9977682497156789
2,0.0013719594368886486,0.000742763985157847,0.0002994375139192966,0.0003575985994625657,0.9972282404645717
3,0.0033589162917198523,0.0005866695199587242,4.51449857435749e-05,0.00017639120560524298,0.9958328779969725
4,0.011749107062609234,0.0009710858590904275,1.1667194136346386e-05,0.0005487661414327817,0.9867193737427312
5,0.019013543627959695,0.003013569473125289,9.89533134806621e-05,0.0009183634049248568,0.9769555701805095
6,0.003118371622252939,0.0003864806717934834,8.570821498834916e-06,0.0003728696471209493,0.9961137072373338
7,0.1421047796907816,0.015118143117560528,3.614019054948997e-05,0.003900676623696258,0.8388402603774122
8,0.310810416323277,0.29252148321924737,0.00020466292394526807,0.054828816661229185,0.34163462087230123
9,0.09006566910667457,0.030245745483081368,2.4048367581803856e-05,0.16677261075694264,0.7128919262857196
10,0.009180403850751613,0.006255514132794247,1.2690274610479627e-05,0.006294621699800953,0.9782567700420427
11,0.03650924237725807,0.006709547969701753,1.0697893958122467e-05,0.061515369407738635,0.8952551423513434
12,0.06528967675961522,0.010301260741556448,1.337902388309228e-05,0.005595563519238139,0.9188001199557071
13,0.6411361272130054,0.2371302223820702,0.00010879407792357806,0.033882492033305525,0.08774236429369534
14,0.21623221319079383,0.6557885190761703,0.0005713792646972764,0.055020281606491285,0.07238760686184724
15,0.3016614959363449,0.5421907873045153,0.0006145732534276221,0.03860255192112809,0.11693059158458405
16,0.06358220276468819,0.8667867084473837,0.0010068187168030159,0.02960371478472832,0.03902055528639683
17,0.05970259508096412,0.8733616941348218,0.0021471044270857612,0.031038507875135655,0.03375009848199279
18,0.05608442500387822,0.8825330300721601,0.0012458093576238032,0.004144214927758387,0.05599252063857958
19,0.09365910532393594,0.8673887853933201,0.0016931667540537778,0.004940201582883316,0.03231874094580688
20,0.050082850953996866,0.9137238937860368,0.005010998686084381,0.002338533023040623,0.028843723550841294
21,0.03037301591167304,0.9290206982494581,0.006377155819054568,0.0014764826828899194,0.03275264733692432
22,0.03248189806356438,0.9247769535202435,0.0021087400326389306,0.00271040221133679,0.03792200617221636
23,0.029331694279558444,0.9290049077963005,0.00475017193634894,0.0018372030687127592,0.0350760229190793
24,0.018793397281355487,0.9273149364500396,0.028249329558011516,0.0006809905274303066,0.024961346183163105
25,0.034826286790038706,0.9058161746445257,0.026461507248862842,0.000756472451650551,0.03213955886492239
26,0.020360251724690286,0.9679790960608584,0.004685670500003327,0.0002805566509803604,0.0066944250634676
27,0.036336604638042704,0.9434416444550164,0.010744500459214608,0.00028261719949924794,0.00919463324822688
28,0.01754805947675091,0.9613352633847732,0.011741939690961097,0.00013029227775583938,0.00924444516975887
29,0.025563172995431586,0.9364372045147069,0.022295865941235893,0.0001664067025093682,0.01553734984611633
30,0.01011612963382378,0.9563737451005649,0.022252392620351894,9.288306122091661e-05,0.011164849584038763
31,0.009711784672019014,0.5951455010336928,0.37360335272022915,0.00013629173170663894,0.021403069842352504
32,0.009134935546149615,0.5632087313436174,0.392136832046068,0.00016629756793610167,0.035353203496229064
33,0.01708870715795561,0.8566100444365689,0.11405514318568057,0.00014483100898021585,0.012101274210814937
34,0.007532293451907351,0.932327080774669,0.04671771308906397,0.00011830945972262447,0.013304603224637073
35,0.0055827189390881115,0.8281306532099952,0.15683888836814358,5.458461810201711e-05,0.009393154864670999
36,0.002811347897578134,0.3241063816004417,0.6531139998252649,6.976215082140003e-05,0.01989850852589403
37,0.008288416015257098,0.6383181640394674,0.33864652699663494,7.803414013295247e-05,0.01466885880850746
38,0.0032361988456257023,0.26093283500458336,0.7182052956955597,9.724331283140865e-05,0.017528427141399707
39,0.004945914605619938,0.3992006036018437,0.5719585411618859,7.100291176320742e-05,0.02382393771888739
40,0.0014947993722013598,0.18036932104746053,0.8031744786230086,5.961335863303173e-05,0.014901787598696538
41,0.0017994473014781534,0.2216603263165825,0.7626222132561513,4.9152136953990974e-05,0.013868860988834102
42,0.0013754636299575865,0.2878716924955063,0.7023906651744897,5.80475410775207e-05,0.008304131158968935
43,0.0008637526643034001,0.10988366829325869,0.8825968256808474,1.834140306178285e-05,0.0066374119585286264
44,0.0013260544230642415,0.14509620341742557,0.8445896125403185,2.231177698784642e-05,0.008965817842203641
45,0.0007869425386366139,0.08443379433081509,0.9082905957493015,1.4218921269572341e-05,0.006474448459977323
46,0.001093761194236421,0.11214695992434999,0.8769560130355203,1.8487743092140498e-05,0.009784778102801088
47,0.016852388203181773,0.7920343639375157,0.17681738618736362,0.00010301233299083091,0.014192849338948096
48,0.002129338755717839,0.4720518018509233,0.5195711469391464,2.1271563398974473e-05,0.006226440890813508
49,0.0004603452634261487,0.07864764322338749,0.9116082869861695,1.00788417934947e-05,0.00927364568522337
50,0.001976574079714774,0.28581995031077084,0.7023663432071793,2.937145681811202e-05,0.009807760945517057
51,0.00024793271393635033,0.04955942002000442,0.9461132199999776,8.237106721092671e-06,0.004071190159360634
52,0.0009598724792765211,0.1467557866319313,0.8427136319158027,2.4396393790056e-05,0.009546312579199455
53,0.002442781386197722,0.7127100897053853,0.2652349628680649,4.455455274392007e-05,0.01956761148760806
54,0.0003548976327338298,0.04350487720001533,0.9502724202114785,6.3760174329832885e-06,0.005861428938339284
55,0.0011934321782427612,0.1689181425439664,0.8158016934988567,2.6907608184990086e-05,0.014059824170749387
56,0.0012598124086141476,0.16644251234225388,0.8224944756003193,3.219077842402095e-05,0.009771008870388532
57,0.0028800442995182236,0.19005898511793315,0.7866095543908905,3.1464928518859655e-05,0.020419951263139287
58,0.0014890592563071778,0.19978498720082657,0.7658669900490601,3.260348155545315e-05,0.03282636001225085
59,0.0025537232253209988,0.28679483115869553,0.6765912999397659,2.6691453245446944e-05,0.034033454222972194
60,0.0013502067306466476,0.16392303278484185,0.8154024768046205,3.941571374330625e-05,0.01928486796614743
61,0.0013410852794897674,0.16019088997940445,0.8193355741799191,2.3771545228263244e-05,0.019108679015958537
62,0.0016465975837646153,0.20348087185730543,0.7788084948668608,2.938078166741868e-05,0.016034654910401618
63,0.0010444537810161828,0.16976264998489407,0.8164323107308729,2.0840026850479692e-05,0.012739745476366533
64,0.0017559500995386252,0.40299536455579055,0.5709581377259083,5.524991420658353e-05,0.024235297704555844
65,0.0019210145847481572,0.35890302034751503,0.6288075581876821,5.796186888257737e-05,0.010310445011172164
66,0.0018004353661965357,0.21495261232176874,0.771188688562392,5.1930538712351094e-05,0.01200633321093041
67,0.0023873385394866335,0.28313190209316363,0.6997025137226749,0.0001037495322858393,0.014674496112389007
68,0.0028297575049321903,0.21199225403501926,0.7690168232799036,0.00013815560923568577,0.01602300957090929
69,0.00476893512162763,0.3515162260089622,0.6246978282671225,0.0003472676777919673,0.0186697429244956
70,0.008744455867319836,0.3679160711773454,0.5748030302296846,0.0029172251050500774,0.0456192176206
71,0.23668308700649193,0.1427701024239371,0.0004572750188508422,0.40099139331597367,0.21909814223474638
72,0.30818424768905456,0.45407657758761555,0.001184116498213799,0.18475320628539413,0.05180185193972196
73,0.22456330328400365,0.597042014617394,0.0010503917969905653,0.11554414143582452,0.06180014886578712
74,0.40396623181421154,0.4099371807234253,0.0003286354094022662,0.11253337763013879,0.07323457442282216
75,0.09264384490738507,0.879121746914896,0.0010228357105400744,0.007976759034603188,0.01923481343257571
76,0.11684536709808953,0.816875124683447,0.000764876222619376,0.050641535905064,0.014873096090780084
77,0.2333590088928622,0.42156730025755224,0.0012487300517837144,0.015567930313816635,0.3282570304839853
78,0.20954181259905516,0.7127819005139113,0.0004772025333715112,0.049596552485122264,0.027602531868539667
79,0.065479786784701,0.8944448927046016,0.01688708348393516,0.005657840930042347,0.01753039609671977
80,0.319396455215134,0.6042001691598459,0.002041229398113818,0.050115158353384474,0.024246987873521825
81,0.1273786069020315,0.8400249348916601,0.0023591795613340295,0.010783295941705094,0.019453982703269257
82,0.07928229453933328,0.8866611102232365,0.009564253984843315,0.003552771722774583,0.020939569529812265
83,0.018107462848084965,0.9529604338496329,0.016672750736569146,0.0009463100801224301,0.011313042485590593
84,0.19524390354209983,0.7700606743340077,0.001312766338427279,0.013520622319819228,0.01986203346564601
85,0.04135104042272859,0.9109617882058705,0.036414822621183535,0.001355113505382484,0.009917235244834842
86,0.0814939051068786,0.8624353584317476,0.03631405926123661,0.0026138902631059253,0.01714278693703122
87,0.08030087321906423,0.8659527796961434,0.014205027332091048,0.0018169177241223339,0.03772440202857919
88,0.03588890463532797,0.9295072924905948,0.025336233864191426,0.0015132205632441573,0.0077543484466417595
89,0.06928198836578771,0.9007119592405947,0.008761988143942913,0.0014635454418179094,0.019780518807856737
90,0.035993709639801086,0.6759643209487067,0.2560319259499532,0.0007351231683405752,0.03127492029319839
91,0.06344050333962307,0.8264897463559097,0.06576635848250172,0.0015308841037955502,0.04277250771817014
92,0.10708861687535193,0.7373043204231845,0.07537220159733465,0.002067783254831596,0.07816707784929729
93,0.1587236418964581,0.660216208244436,0.11677926988504739,0.001682200531798908,0.06259867944225962
94,0.046999705437201084,0.6853715374619636,0.1962862322300743,0.001046248314532422,0.07029627655622857
95,0.028192527750020943,0.08720592333307445,0.0006198739307416325,0.0006342777033094463,0.8833473972828535
96,0.33631055124555154,0.4740914118413175,0.001337117893844415,0.004568249289632122,0.18369266972965442
97,0.3930497464566033,0.47832049833347295,0.0027884331222540284,0.00257841745230157,0.123262904635368
98,0.33962672814034145,0.5199060565211864,0.04047454333711121,0.0006968084662545465,0.0992958635351063
99,0.07068001902542691,0.8187876969240288,0.09722095975807221,0.0010022339907530887,0.012309090301719016
100,0.210702710645105,0.7624630062124472,0.0030281993086887665,0.01202299161240107,0.011783092221357924
101,0.12419537930571162,0.7721890741980431,0.06866744947623063,0.0033701708836000304,0.03157792613641455
102,0.04718775395773139,0.9165796186725705,0.02079898746555663,0.0023560212638280517,0.013077618640313227
103,0.03551396505601599,0.936870311197511,0.011482136628888634,0.0017435096005309896,0.014390077517053748
104,0.17210992889647203,0.7684665386981936,0.009843497473604332,0.003895640327410535,0.04568439460431936
105,0.13276738128081453,0.8128811552230665,0.016011483887482365,0.0030565391970945373,0.035283440411541994
106,0.03163270989581605,0.8373431083984239,0.11961597500815561,0.0006666540041174833,0.010741552693486844
107,0.05921904301260079,0.8615136089558161,0.0238550529477503,0.0016655669298842174,0.05374672815394855
108,0.2012963779168026,0.5943535602646525,0.06911818343202628,0.0012593734619067503,0.13397250492461202
109,0.21113400055706585,0.7241708845458932,0.019252441985265108,0.001869617571186222,0.04357305534058978
110,0.1792530749911893,0.7532093910532206,0.04562540340287973,0.0012124322598989514,0.02069969829281131
111,0.10898253137998891,0.813181194777363,0.03365659708598804,0.0012467831452901259,0.04293289361137002
112,0.15524694253713567,0.6687130959233242,0.12071609968194158,0.0030399321213376174,0.05228392973626101
113,0.12967592604147699,0.34634214103487615,0.17058544187891386,0.0022476012769221962,0.3511488897678109
114,0.22409674035290175,0.6121285825214413,0.04570453316628425,0.002664275221146335,0.1154058687382263
115,0.2137018155048598,0.5922227078686317,0.14587574903896625,0.002780588898104283,0.04541913868943783
116,0.07532346599414287,0.7923309106355907,0.07683247950052145,0.0018486416413575025,0.0536645022283877
117,0.08213082809934323,0.5961724722253298,0.2304358833051034,0.0023121577254390604,0.08894865864478467
118,0.09539297421554487,0.48799690051986344,0.053832142317385985,0.0020899314517998364,0.3606880514954058
119,0.08412542035420083,0.8305924798818476,0.05754108525789109,0.0016390407460626908,0.026101973759997843
120,0.10724306807838299,0.7448995851026582,0.11185492403266759,0.0008746612352942758,0.03512776155099706
121,0.12957300168019956,0.6728017193534038,0.16745013728451152,0.001019543391679656,0.02915559829020543
122,0.0433907513046235,0.7203448945508588,0.2181099594559406,0.0008193629030879214,0.017335031785489164
123,0.01019698752518288,0.7563737150522198,0.21842493460818346,0.0005694403141659167,0.014434922500247983
124,0.01937583262137603,0.8764155179792347,0.09513794981345255,0.0005249496897057932,0.008545749896230977
125,0.004781498389794924,0.4815903892978754,0.5070852061978174,0.0003853514475427516,0.006157554666969573
126,0.004075601698894882,0.4688246991060201,0.5200969050672294,0.0004813705691401238,0.006521423558715485
127,0.0036215694717816596,0.22786295140710916,0.7635417849699072,0.00040250968336963036,0.004571184467832324
128,0.004928884078101269,0.3686170318339053,0.6194014451848759,0.0005035931774014775,0.006549045725715887
129,0.003730273752270536,0.27461047944602146,0.7123135922767482,0.00039592975963833655,0.008949724765321404
130,0.005146960307350803,0.2745008354858341,0.7107229942083707,0.0005708682097957095,0.009058341788648764
131,0.007087443789978545,0.37571760637815765,0.6074198474160092,0.0008274781118069306,0.008947624304047637
132,0.0059553148100171035,0.3814014498489032,0.5983627601436327,0.0011252574619185593,0.013155217735528527
133,0.0064109976011106845,0.3910191754709422,0.58816643895105,0.0012868132639013519,0.013116574712995719
134,0.00668752602908047,0.5427980161396481,0.4326020985150621,0.0010142667538148749,0.016898092562394388
135,0.0359493615692809,0.36557390119662386,0.46938193740055767,0.0037938758883232834,0.12530092394521442
136,0.13032413901824141,0.7497781917068667,0.026214426015638913,0.003214310469949225,0.0904689327893037
137,0.10535940126683789,0.8242783151134437,0.04993356732161314,0.0017636884077827043,0.01866502789032268
138,0.10640863791777244,0.8358321961018066,0.04568947416573078,0.001579755868653344,0.010489935946036828
139,0.022432846422921874,0.8337855076559427,0.13520647395026442,0.0005295930825210809,0.008045578888349888
140,0.06250852237183717,0.9176228008069343,0.00855433027668273,0.0023100340705316303,0.009004312474014228
141,0.03390772472215367,0.8545231619549838,0.09974193261516172,0.0026980075547018497,0.009129173152998904
142,0.0563250922309411,0.8856691543551936,0.04119371539764243,0.0029918377177759947,0.013820200298446873
143,0.040231616756913925,0.8992050312167316,0.05263226858102083,0.001304146652288499,0.006626936793045306
144,0.1042265830478406,0.8519652441242659,0.022253838112808604,0.005146249153674922,0.01640808556140985
145,0.02331590632912053,0.8676683335538296,0.10129940059136794,0.0009215579783067164,0.006794801547375425
146,0.07557064092978188,0.886961492318123,0.02246670956745848,0.005356743628073064,0.009644413556563444
147,0.03411569193150002,0.9286317708476122,0.021136169697811676,0.01068868870012727,0.005427678822949034
148,0.015762245449032528,0.8905769125583352,0.0690362714168391,0.019190894909462075,0.005433675666330982
149,0.03517402748411536,0.8462707576207287,0.06284833883815096,0.04609688005141329,0.009609996005591523
150,0.05012180063094533,0.765522642485259,0.0073402654440873705,0.04737475409261093,0.12964053734709718
151,0.018401771521637054,0.039930390226446184,0.000362913525054865,0.007073414890653904,0.9342315098362081
152,0.29580642743888297,0.20902005339078997,0.0006926581547241926,0.017035610480987767,0.4774452505346149
153,0.4406576983613582,0.3109315937571825,0.0019234222714254938,0.006602786598098723,0.23988449901193515
154,0.6338659081020136,0.2357777353269657,0.00036643864499824483,0.031244371243249282,0.09874554668277315
155,0.4164046280303273,0.4009483669438363,0.00433495057405132,0.13972016262355302,0.03859189182823196
156,0.14969868203488007,0.7506729787263297,0.011995078694529412,0.055871874714780494,0.03176138582948034
157,0.19080590566573977,0.576719370045237,0.0008678127566362776,0.19852206214219942,0.033084849390187625
158,0.0945517606577143,0.7848311625294625,0.008798991362216317,0.10053415747126358,0.01128392797934317
159,0.026369182054766523,0.9036056532049731,0.05052481226857427,0.01381192692498432,0.005688425546701612
160,0.17839564257383014,0.6628545887419244,0.0024037119271308003,0.10198554202677747,0.054360514730337275
161,0.06082416991316209,0.8755168587798942,0.008053751908694857,0.04421244335480158,0.011392776043447489
162,0.15571989223207647,0.7557249816783678,0.009486558010665332,0.05471223596732941,0.02435633211156103
163,0.0913320759509503,0.8350082784116902,0.008347397497271439,0.05113592013417062,0.014176328005917532
164,0.09227920891356002,0.8544454842871863,0.008721206553517182,0.03508879471940921,0.00946530552632725
165,0.1486866007565663,0.770420572783684,0.011555406887026594,0.0464090638726764,0.022928355700046633
166,0.049438263699328314,0.919928994760529,0.005820682553298242,0.01765878751162801,0.0071532714752164115
167,0.1342783907981445,0.7089627435947995,0.0633210289412902,0.021288766381404766,0.07214907028436097
168,0.10723618598539898,0.8238641581513612,0.021155659156736444,0.014772504783621358,0.032971491922882075
169,0.01280118560748324,0.04346147197815542,0.0015888374953496453,0.008136869148489776,0.9340116357705219
170,0.3129954252950124,0.5505317029938569,0.004915270966459401,0.02157444447685834,0.10998315626781292
171,0.05639688208399247,0.9121623508548803,0.011477273856629073,0.005023180381108038,0.01494031282339032
172,0.37089265158895257,0.4316969773386192,0.0013437995500433196,0.0690456794402978,0.12702089208208714
173,0.23360760322788493,0.4385817092587135,0.004628560806749353,0.08961478539748252,0.2335673413091696
174,0.33875413193141707,0.4124640507427952,0.00044431119956734905,0.1604670921984782,0.08787041392774232
175,0.08929166663554525,0.8462317835792048,0.0028765326869074365,0.04673181145729385,0.014868205641048751
176,0.08861285020654222,0.144820397739615,0.0014723559040702848,0.12905951491226214,0.6360348812375104
177,0.16409993377606152,0.6239390196090971,0.0026470619317098777,0.12293023708911975,0.08638374759401167
178,0.012750354915281814,0.02442942599237209,0.000634860738529667,0.012764012669070493,0.949421345684746
179,0.3816183809445957,0.1154607614979789,0.0013957647399939258,0.04806938877357927,0.45345570404385227
180,0.4374368519060284,0.12503954226979513,0.0005090428962501165,0.060592566653612685,0.3764219962743137
181,0.44723445283283,0.3054970676290804,0.00040464774165414717,0.19296153023277965,0.05390230156365586
182,0.21983489583545102,0.564420031663162,0.0007526960576061662,0.11642156868518938,0.09857080775859137
183,0.25182769684573864,0.5345161196096633,0.0022912513384506284,0.13735141682102112,0.07401351538512635
184,0.0706919704485291,0.5030539279215736,0.004282413908018117,0.05190666536085905,0.3700650223610202
185,0.13076638617344713,0.05131034323350458,0.00016656146024262154,0.02611934710593722,0.7916373620268685
186,0.46365191558591234,0.35881155060363407,0.0015255626778361779,0.07311047717341194,0.10290049395920547
187,0.104434986708541,0.03493699238253302,0.00040816801718391395,0.010017351537156405,0.8502025013545857
188,0.2671871170459223,0.07249315227058255,0.00022162630788345055,0.0221889456864578,0.6379091586891539
189,0.004909403180790484,0.005004439708713614,0.00038622572821193695,0.0015360023983822914,0.9881639289839016
190,0.0016562698266582984,0.000726974257177556,6.234601376124635e-05,0.0008261286757543374,0.9967282812266485
191,0.0011190267412565255,0.0020000380289184705,6.557721301211524e-05,0.0015588299318269228,0.995256528084986
192,0.0018839935682054096,0.0007861073969381287,3.6060082591591115e-05,0.0009107262914625774,0.9963831126608023
193,0.002928379613615001,0.0014069293165221094,0.00019689353170544837,0.0010528253141545846,0.9944149722240028
194,0.003289064949663664,0.0028179413433998533,0.0006361106174759024,0.0018971077477814037,0.9913597753416793
195,0.0026669470474980144,0.0017673977073627734,0.0004914326243134574,0.0005388961457816551,0.9945353264750442
196,0.004793329902416782,0.0018100779187067192,0.000131818264281872,0.0008948415535642856,0.9923699323610303
197,0.003050333787123415,0.0009476773089387257,0.00021720211053370022,0.0008534170080347656,0.9949313697853694
198,0.0041086376538866905,0.0019283580791119418,0.0002899280608001176,0.0013945855850052513,0.992278490621196
199,0.0017590236414309034,0.0009739490281621168,0.000152516501126499,0.0017772692208083054,0.9953372416084723
200,0.0020690850213305927,0.0011650417204089568,0.0003391473272131041,0.0021179312051253143,0.9943087947259219
201,0.003257444805773804,0.0012892498459549902,0.00022654635293490398,0.0024549076964673097,0.992771851298869
202,0.003881970552766153,0.0039332385329739995,0.0014282252835990227,0.0027314193767446772,0.9880251462539162
203,0.0019509305288575192,0.0014311727334743185,0.0001919638227660938,0.001557387147772281,0.9948685457671298
204,0.0030848641417152074,0.0017770165403990345,0.00011248483294448918,0.0020023261980306544,0.9930233082869107
205,0.0016971102647252187,0.0012796973058885892,0.0001991828540866246,0.0018790216370840095,0.9949449879382155
206,0.0014986663208466893,0.0010213110281415544,0.00029259353220405774,0.0017875972328106075,0.995399831885997
207,0.000942236985287169,0.0014739856701639752,0.00026524839148759526,0.0013664624860717926,0.9959520664669894
208,0.002807284649839147,0.0017871872201385985,0.00039822472057713255,0.002046243603738087,0.9929610598057069
209,0.0009113144139786485,0.0012602780859079024,0.0005030446195818843,0.0015987684342943856,0.9957265944462371
210,0.001524168645109349,0.0007598970771765795,7.865263034905092e-05,0.0011459472560426155,0.9964913343913224
211,0.0009998242393054497,0.0005405207857687497,0.00012362472856871723,0.0008016912955507964,0.9975343389508062
212,0.0019156321309501685,0.001472882710851964,0.00035948302865621636,0.0018645530097131562,0.9943874491198286
213,0.0015694500950409398,0.0009442047023826246,0.0007888776984522396,0.0015364270162612293,0.9951610404878629
214,0.0011670791815996883,0.0011018991145435172,0.0007409018708894035,0.0017617334821269286,0.9952283863508404
215,0.0029242150577069577,0.002777409331067604,0.0005501520002097593,0.0010329072167268162,0.9927153163942888
216,0.0014025342443131977,0.002348680630326299,0.0008810848781856164,0.0022657524828692014,0.9931019477643058
217,0.001946351327584107,0.002120589762869097,0.0004386221085875714,0.0015489139357397603,0.9939455228652195
218,0.0013146424774293812,0.0018092418365881558,0.0010047719940510034,0.0019717883515053144,0.9938995553404261
219,0.00133865763951774,0.0016095073138888637,0.0011351865192220883,0.0016274002604093672,0.9942892482669621
220,0.0011501030662827989,0.0013783027444969139,0.0002187407532920579,0.001244938187872191,0.9960079152480561
221,0.002144301138574649,0.0022344651453970903,0.0012194864340918038,0.001901620126278011,0.9925001271556585
222,0.0017084142563743888,0.0037301624953981344,0.0007701015337816166,0.0026718847052216383,0.9911194370092243
223,0.001048628992113989,0.0014447791057288723,0.0005187727969880665,0.000976092388852332,0.9960117267163169
224,0.0032371738988594178,0.004541106485644193,0.0013665326596595238,0.002093453056176299,0.9887617338996606
225,0.0012597558213727962,0.0038874424405780203,0.0006352781740381994,0.0023869333466809443,0.99183059021733
226,0.0007869453806924896,0.002404324390589669,0.0003960312101253924,0.0011599946277302809,0.9952527043908621
227,0.0011675470556503124,0.0028261423728909965,0.0014760148549925948,0.0033071676046124844,0.9912231281118535
228,0.0015809533510948999,0.0023958154470495423,0.0006991079055685566,0.0024279320428193013,0.9928961912534676
229,0.0016345709698215272,0.002214147425362121,0.001337561455140641,0.002209336091866951,0.9926043840578088
230,0.0012634954720697716,0.002230954194504648,0.0009342492553352346,0.0035331814430939815,0.9920381196349964
231,0.0013341748555890179,0.002389201889019194,0.00041060781945552477,0.0032600993257332514,0.992605916110203
232,0.0014320822276989095,0.002014116040710147,0.0009362609620273067,0.002362599957268301,0.9932549408122954
233,0.0013294874738170673,0.0019593003129265607,0.0002290648796455197,0.0019360541595747484,0.9945460931740361
234,0.0016326731442781362,0.0013784953688874314,0.00033141231879343263,0.001327602098026619,0.9953298170700143
235,0.005020860740732118,0.003118695734187949,0.0007580171474278478,0.0004779758323820309,0.99062445054527
236,0.0039058723127221454,0.0015077015308694543,0.0002521223269091604,0.0005317789331655441,0.9938025248963337
237,0.0016094633494102232,0.001153443072895962,0.00018396293063091708,0.000518713285950471,0.9965344173611125
238,0.0020959970887456064,0.0010251318641020337,7.265142710648118e-05,0.00028583607125837375,0.9965203835487876
239,0.001456488108403389,0.0013705949394670367,0.00022860628104151464,0.0006012085630262289,0.9963431021080618
240,0.001996244850100021,0.002356788257427365,0.0010920245243409264,0.0005918912135211128,0.9939630511546106
241,0.02038436130279597,0.01465115618823022,0.0006137652844182089,0.010564479132470567,0.9537862380920851
242,0.06959257736204151,0.015277574836011503,0.0007317663988016003,0.003430058969273046,0.9109680224338723
243,0.4522389572710528,0.37266865222977896,0.021620329622925382,0.011844358885185348,0.14162770199105756
244,0.31600274719186233,0.5608794085873217,0.03390968963830362,0.016691491584035333,0.07251666299847719
245,0.09325175798703861,0.8410794122844504,0.035041008995334286,0.010019688615708228,0.020608132117468474
246,0.41573793044311247,0.3927001973793785,0.006746149169119337,0.13308633323654054,0.051729389771849155
247,0.3888982466238727,0.4478956644565983,0.004175281060488417,0.13459245061856343,0.024438357240477118
248,0.21454568440677102,0.55234753003971,0.0023605001574116655,0.21238393711533346,0.018362348280773856
249,0.21176202011376039,0.6280578099480169,0.014225734638948759,0.12370248545391507,0.022251949845358884
250,0.14416873886460038,0.6610378803612929,0.0050285151157685145,0.17488146767400584,0.014883397984332318
251,0.2007678957291517,0.6355420531140289,0.024807356009169838,0.11390506127146545,0.024977633876184086
252,0.1422644810677149,0.7301835314942415,0.0012127970046058817,0.0652952914660167,0.06104389896742087
253,0.27146650474730416,0.17264592556110273,0.0025972141611420524,0.04293884333293055,0.5103515121975205
254,0.360224183072458,0.486425033278414,0.00868389280240964,0.026585253023552993,0.11808163782316548
255,0.4754819259437788,0.3952646736640423,0.005406176726527595,0.01658979475751459,0.10725742890813662
256,0.6085592757000825,0.3104298367372353,0.013788835111689575,0.01556878009233583,0.05165327235865686
257,0.24424253784042918,0.6856735545953961,0.02206220497163763,0.03000031241830661,0.018021390174230607
258,0.4349212292218284,0.4295742710969538,0.009886010713250676,0.09703055151498789,0.02858793745297921
259,0.23158793315089582,0.7142728604298866,0.005013094915794761,0.03989431146540076,0.00923180003802197
260,0.09938551222040516,0.8133273823629612,0.04476030139770692,0.016209282659420423,0.026317521359506244
261,0.1588350439154198,0.7912230383518077,0.013976722862013208,0.02018914198562304,0.015776052885136217
262,0.10844207700898759,0.8115575972240359,0.04762728184249385,0.011527990159051805,0.020845053765431113
263,0.23932082626683962,0.6685124163125082,0.06347718395590209,0.008523124336873657,0.02016644912787627
264,0.09713140021249171,0.8744715363992557,0.012399801617331131,0.008224552942216478,0.007772708828704971
265,0.10102509348064471,0.8604619406633656,0.021240739548756542,0.009155692950896589,0.008116533356336539
266,0.047342715062169444,0.8803341268533624,0.014969017574877966,0.04771034632089875,0.009643794188691416
267,0.01642585758190969,0.8950735474675207,0.01977477508029851,0.06337531083392482,0.005350509036346298
268,0.03453788618057532,0.6632863280259557,0.0066925763787068085,0.28285880366788485,0.012624405746877494
269,0.06877262527573495,0.2178559208410516,0.0009043376103389572,0.681416557452014,0.03105055882086044
270,0.02979208201706483,0.05319171237706382,6.208300329793814e-05,0.8934644287761956,0.0234896938263779
271,0.03087206902265918,0.03904950381871612,6.399075675558588e-05,0.9047255287665223,0.02528890763534678
272,0.0549433829510143,0.019721787527786225,4.396114054427623e-05,0.8762981777098383,0.048992690670816845
273,0.027780401052472894,0.01621711121787715,1.548441092991604e-05,0.9518466201501555,0.004140383168564448
274,0.009877653765598023,0.006777359868194886,1.7660996848254526e-05,0.9773458144174256,0.005981510951933288
275,0.013494269570313801,0.009074996695851587,2.135864228272326e-05,0.9558148971319657,0.021594477959586137
276,0.006610378498647244,0.007693326034867691,2.63305213563218e-05,0.9826926863073275,0.0029772786378013004
277,0.007168898632563796,0.0044937779964924415,3.333762187031962e-05,0.9818951680680714,0.006408817681002024
278,0.00935831476353506,0.007355960960945274,0.00014034321959092814,0.9658868298603485,0.01725855119558045
279,0.006109728733119789,0.004581916394754793,8.144771827146331e-05,0.9828503480550725,0.006376559098781384
280,0.014300313303861452,0.010369700015746601,9.222825260966321e-05,0.959896487336374,0.015341271091408185
281,0.007648756715667913,0.004892177596742019,2.917907882244322e-05,0.9794243608190294,0.008005525789738345
282,0.004848633588318897,0.0025163955777999557,1.796867882380038e-05,0.982903681709271,0.009713320445786407
283,0.009052457277992493,0.007463544942264935,1.562626814094475e-05,0.977444854661517,0.006023516850084695
284,0.011834103581279223,0.008359402632442588,8.56719278912523e-05,0.899061066452391,0.08065975540599572
285,0.006853132377985378,0.014085615144773363,1.84514637300866e-05,0.9713814314296437,0.00766136958386742
286,0.011456738092614268,0.005676782756424877,1.1291560460410738e-05,0.9642730604321598,0.018582127158340872
287,0.022512173177116013,0.02241308731155709,2.620287558059045e-05,0.9283007131849865,0.026747823450759864
288,0.042902938684086,0.014707999140584157,9.823314147398544e-06,0.9204725958200927,0.021906643041089635
289,0.07403462446149577,0.05489364585853846,3.331929546102638e-05,0.820027573411367,0.05101083697313761
290,0.11756500428487805,0.09965231188126765,7.335918467880738e-05,0.7614140860086792,0.021295238640496164
291,0.42646557269183394,0.16115756364021652,7.324554916748584e-05,0.2922255248699122,0.12007809324886978
292,0.21599031749363592,0.38258838219402636,0.00015873910293532563,0.11260096066076217,0.2886616005486404
293,0.03204491795203414,0.0514220516956714,0.0018121964960203596,0.012939731516162558,0.9017811023401117
294,0.003436859743570901,0.00795209654313095,0.0005330225192275186,0.0009360967916245697,0.987141924402446
295,0.0031008826899261576,0.005796994514215852,0.0003188959206010341,0.000878620610836862,0.98990460626442
296,0.004462104858533974,0.004052339222500112,0.000422391397487319,0.0008056434882721705,0.9902575210332064
297,0.00318727798035474,0.0021283134718402845,0.00027755461032183247,0.0010495250422312271,0.9933573288952519
298,0.006901847752650831,0.004321164066358067,0.0005109652523017505,0.0011933082957781575,0.9870727146329112
299,0.002966271547998458,0.002216283903457957,0.00025960419910859694,0.000893295691168277,0.9936645446582668
300,0.0020182603718721204,0.0017336388941114453,0.00025295261369021564,0.0008465040667388986,0.9951486440535874
301,0.0011234497417357881,0.0014511650326015008,8.453555165465539e-05,0.00024447202846622913,0.9970963776455418
302,0.003572310371164602,0.0014526010019698518,0.0001843864161241187,0.0008826949630600182,0.9939080072476814
303,0.003316660940362569,0.002446257100982191,0.00044419224455612106,0.0017091598677170102,0.9920837298463822
304,0.002713591564201891,0.0015595769529022992,0.00027433154136190615,0.0008078674762078908,0.994644632465326
305,0.0019585326237547777,0.001611986803468272,0.0002597696809073021,0.0003677205920705454,0.9958019902997991
306,0.0023334977722429756,0.0016682110297893506,0.00018662633709261596,0.0006620040489277632,0.9951496608119473
307,0.002420397657818788,0.002031951109717429,0.0006077274632856196,0.001191108918640141,0.993748814850538
308,0.0026919805943844775,0.0015430078773343776,0.00022227445409681381,0.0012955861949487558,0.9942471508792357
309,0.0028747410393892133,0.000771544257734222,0.00015120704149415532,0.0005099859473523394,0.99569252171403
310,0.002383908935526655,0.0019520268217697147,0.0004072706930341642,0.0018025885601578688,0.9934542049895115
311,0.0013450202822925382,0.00212567458429476,0.0012308419042320066,0.0035823709461269416,0.9917160922830538
312,0.0010163145712577127,0.0014983016238343638,0.000142198666796023,0.0010026309081591456,0.9963405542299528
313,0.001271640178267292,0.0011435246219862797,0.00041549892305383463,0.0007562169102880035,0.9964131193664045
314,0.0020266373409962776,0.0025052277072222457,0.0004618544460602487,0.0007328088359256655,0.9942734716697955
315,0.0018475752623066182,0.0017510710431771174,0.00031751552741437637,0.0007357568444545492,0.9953480813226473
316,0.0016767313512274548,0.0011725258042614192,0.00021628417324736078,0.0005894118434367245,0.9963450468278271
317,0.0015071050214169874,0.001147827602387298,3.694664895409752e-05,0.0002100126450604918,0.997098108082181
318,0.002325248168973896,0.0012137573636461548,0.0001658484486777068,0.00020604772219586501,0.9960890982965064
319,0.0021830930400501265,0.0018586217408097878,8.682409835866334e-05,0.00048024670593373165,0.9953912144148477
320,0.0015630606522541901,0.0014133865481398766,8.945051213226061e-05,0.00038931297992172753,0.996544789307552
321,0.005449468657138448,0.002886371821670421,0.00021422613529979383,0.0005168735321870902,0.9909330598537043
322,0.0058527591470275905,0.003893853049074111,0.0003945094430841995,0.0023791553811537336,0.9874797229796605
323,0.0026072326271729582,0.0036265403539226804,0.00027137893106952136,0.0028609392605289,0.990633908827306
324,0.001981401584644495,0.002186534396530388,0.00024322962435099788,0.0031168389710549793,0.992471995423419
325,0.003088273968917782,0.002795333774383354,0.0011384609565239508,0.001849922034568776,0.9911280092656062
326,0.0011968506802577804,0.002144957592235453,0.0006139252115872832,0.0017335481907816302,0.994310718325138
327,0.001252136142093636,0.0017228071481438932,0.0009668344312663391,0.0011901113827941891,0.994868110895702
328,0.0014887512031635918,0.002271171944493784,0.0008136421334175179,0.00231141877713814,0.993115015941787
329,0.002870570698315199,0.0010330146714214573,0.0002908215585851071,0.0018041910660452542,0.9940014020056329
330,0.0029960958246671343,0.0018375825100888099,0.00074618699498578,0.0032747948642362964,0.9911453398060219
331,0.0022580966866142245,0.0010493984309937032,0.00022447323699722075,0.002166404093466714,0.9943016275519282
332,0.002060718495432991,0.001282763378692308,0.0009970032477838104,0.0017194754012826877,0.9939400394768083
333,0.001632901815003953,0.0009453329220798719,0.00040069866376136245,0.0010446468498885905,0.9959764197492663
334,0.0021222917787739296,0.0011067554234023061,0.0006713926671955874,0.0027710015642241565,0.9933285585664041
335,0.0029086820325779153,0.001002063993154016,0.00011940526076130795,0.001781573505584018,0.9941882752079229
336,0.007611329192890476,0.0015791912911584315,0.00021806843023684628,0.0028455162506393623,0.9877458948350749
337,0.002721624557187621,0.0009049693321471163,0.00015816071800786306,0.002297886328307656,0.9939173590643497
338,0.005837745207778169,0.001236627702706155,0.00014178649490688766,0.002314368506707514,0.9904694720879014
339,0.017039880289444802,0.0027653350125510893,0.00035051301198762405,0.0032640068292486193,0.9765802648567679
340,0.035478531298286396,0.0035319702617415292,0.00011485437934148476,0.0024188900615501625,0.9584557539990806
341,0.0017573439337383245,0.0018195308411463388,0.00031185847668285875,0.0012713129988430121,0.9948399537495894
342,0.0910554072335161,0.04210122865934695,0.0007794286173780949,0.006527505848472667,0.8595364296412862
343,0.002985328716419314,0.001570814099449739,2.8021188089414345e-05,0.001341537821411888,0.9940742981746297
344,0.0270586404778278,0.0041384854843573736,3.525808407357205e-05,0.00196614291352058,0.9668014730402207
345,0.37923635811976925,0.17452011693217628,0.0002775029261660039,0.0634488601257097,0.38251716189617885
346,0.0037147237527115173,0.0022375158196705656,0.0004876824427636644,0.0011573908019242097,0.99240268718293
347,0.005619195078252658,0.0047755804986305455,1.199580533775636e-05,0.0037980072720388658,0.9857952213457402
348,0.11604276023279081,0.02905800873885766,0.0006051080981772305,0.01291649930903384,0.8413776236211405
349,0.011025857411421097,0.007632774877203537,4.5784834389070404e-05,0.0025390402292779723,0.9787565426477084
350,0.029226995349008637,0.0106075193563668,4.353317660355776e-05,0.016906994335934386,0.9432149577820866
351,0.07790731620968824,0.02148423933541828,6.263187213161721e-05,0.03756909984118665,0.8629767127415753
352,0.28760239598134474,0.14319165617911714,0.0019135849896465106,0.06043692784779927,0.5068554350020923
353,0.009112988093878449,0.00949873135233204,0.00012247177001271768,0.012155959078530728,0.969109849705246
354,0.36366931380529594,0.08495432572874653,0.0004556729863081064,0.27660329013573826,0.27431739734391114
355,0.34210550687172236,0.08060416316091598,0.0003734455432176385,0.25063211804226687,0.3262847663818771
356,0.04510539957738036,0.05679775300273584,0.004175770676698423,0.02037632869567221,0.8735447480475133
357,0.018860181639232962,0.01484009426065804,5.831950166791589e-05,0.03731963993704852,0.9289217646613926
358,0.364535066410364,0.3764503749938765,0.0010165502425519982,0.1816211026413583,0.07637690571184932
359,0.010607833339392081,0.016281836180343637,0.0014547334491710868,0.010151574441758099,0.9615040225893351
360,0.21000396511022928,0.029756398133822314,0.00014630417537197916,0.062139350203114126,0.6979539823774623
361,0.3276643174944282,0.14763653903497365,0.0005556020024920514,0.38701977994987097,0.13712376151823508
362,0.39935837700207144,0.1797475325114824,0.00018281389097776746,0.15597319112817415,0.26473808546729427
363,0.30692375150700163,0.22838482728324677,0.000881716014833885,0.3565992327661171,0.10721047242880058
364,0.009289927361316615,0.02941672533820186,0.0006856036831532252,0.017008181324315464,0.9435995622930128
365,0.03609861761086325,0.022882217277120205,0.0001131694776341161,0.03561731927526351,0.905288676359119
366,0.3653894462855013,0.10936276080750386,0.00013564459506669671,0.08276016808624279,0.4423519802256853
367,0.2307468573825124,0.0372775129882677,0.00031018782751224196,0.03185094772163999,0.6998144940800676
368,0.21018308588382817,0.6709821543898502,0.00400670982982965,0.07751656459326353,0.03731148530322846
369,0.01037857037578433,0.043828118595172307,0.0010861826959818561,0.009266855651912013,0.9354402726811495
370,0.47857883089577347,0.23720972235876608,0.00046750595235465114,0.10920005596969883,0.1745438848234069
371,0.1463180478377086,0.5329813011497767,0.0057101925039665866,0.13122561542168173,0.18376484308686641
372,0.2836094015086745,0.31814318571925504,0.0011531397521172397,0.3161619845091361,0.08093228851081723
373,0.04966375039166968,0.1105392549132846,0.0005730437075010332,0.2059031354115352,0.6333208155760094
