epoch,N1,N2,N3,R,W
0,0.0004048304220210849,0.0002362898856569958,8.19871231449797e-07,0.00012286726433546354,0.999235192556755
1,0.00040222478894272394,0.00011916482537736818,1.2508509392147435e-05,5.2408769728171274e-05,0.9994136931065596
2,0.0008327732761129363,0.0001511413483596153,2.7762347496836207e-05,0.00010337648795039803,0.9988849465400802
3,0.020129302745410704,0.0004752913538352971,1.7641941563387325e-06,0.00044713302932038293,0.9789465086772773
4,0.01294941592108356,0.0003684391248912604,2.1573012402504345e-06,0.00028395084741294373,0.9863960368053719
5,0.04596648260895933,0.0007243845273903494,1.563723163264111e-06,0.000895344969481686,0.9524122241710054
6,0.13507766922338021,0.0029039410725825985,3.084198615732615e-06,0.003711170096482234,0.8583041354089392
7,0.2752394299529435,0.020613886103703353,1.3008074799433306e-05,0.011390462422617842,0.6927432134459359
8,0.37642850464432603,0.02532645208037046,1.1075569241229747e-05,0.03872399337540802,0.5595099743306543
9,0.37577808511221183,0.13780803957224427,2.4703866203154584e-05,0.0703618186162943,0.4160273528330463
10,0.26355049501555483,0.3102544890744466,0.0011301194219079935,0.06284505033817903,0.3622198461499115
11,0.42235897415399326,0.11216967946445539,0.00019933905853297774,0.07020909703556513,0.39506291028745316
12,0.11705096809114596,0.7329409892765313,0.00635699575199672,0.009450772743939101,0.1342002741363869
13,0.0594719819097671,0.7254560642550563,0.0399025695438435,0.00524678723703184,0.16992259705430132
14,0.11922633410832013,0.650579459726485,0.0072808786866445695,0.019074484084313233,0.20383884339423702
15,0.12153732250587103,0.7731183636808017,0.0013540947609463074,0.009938983184974954,0.09405123586740625
16,0.035291041712149085,0.8842196061766718,0.02642097444344082,0.0014407437475296902,0.052627633920208444
17,0.07265532446418539,0.853098173596835,0.032346758944108246,0.002029541484963602,0.03987020150990743
18,0.046590401756514674,0.863568483267325,0.06329061044856019,0.0009314408721993082,0.02561906365540081
19,0.08296840014705754,0.7929523510332532,0.08138893750824341,0.0010228442983752316,0.04166746701307069
20,0.1120811061715002,0.631704943437415,0.1594381376971514,0.001531014321483251,0.09524479837245006
21,0.025805343114728603,0.5867670817466865,0.3582212601390402,0.0003858701806371418,0.028820444818907616
22,0.017965097326958133,0.49442457568998843,0.440484008871344,0.00037299622548504633,0.046753321886224365
23,0.013319355283867363,0.4061790549318633,0.5603439488827093,0.00021347926467741896,0.01994416163688255
24,0.005586445535816483,0.1516090991240879,0.8347838763318696,9.754394864202756e-05,0.007923035059584051
25,0.0047051104146644904,0.13031528000646775,0.8466922369549952,0.00015062125364659188,0.01813675137022596
26,0.004526810843202295,0.16352521905545522,0.7883207405469538,0.00018426698273358257,0.0434429625716553
27,0.0027612956700725157,0.10366795774004069,0.8832976027746563,0.00010679454080751114,0.010166349274423107
28,0.0027203437231399733,0.06559466604864941,0.90959179404211,0.00012958715568984097,0.021963609030410794
29,0.0016778806862008373,0.06283433193918704,0.9219032777463031,9.301548203228497e-05,0.013491494146276756
30,0.0008142411807254629,0.03553131381118876,0.9499939799744952,5.268098422739631e-05,0.013607784049363013
31,0.0008809561577843507,0.055610184766937215,0.9177051916464376,4.924304604600495e-05,0.025754424382795047
32,0.0004489213805937239,0.03867035226229967,0.9544742648392621,2.991601518843112e-05,0.006376545502655983
33,0.00045109317862739,0.023715757027434628,0.9715455764313315,3.284368086107351e-05,0.004254729681745215
34,0.0007932805283585915,0.0416802600295978,0.9397913826411529,3.298241138785371e-05,0.017702094389502654
35,0.0006286619126390951,0.017750313641212226,0.9729157004699146,3.2554980480652906e-05,0.008672768995753482
36,0.0008124728167044748,0.032450935558154766,0.9620341799449998,4.0600222871982965e-05,0.0046618114572689676
37,0.00034451488906638554,0.015610816562852892,0.9823968578072874,4.885283700625944e-05,0.0015989579037872636
38,0.0003632219045248553,0.013868421881950657,0.9830631701047061,8.238538813844496e-05,0.002622800720679911
39,0.0008672637891865615,0.03333096838706639,0.9585911742270694,0.00018195271639071464,0.007028640880287128
40,0.00115224927288462,0.021188653150279874,0.9731888714662497,0.00011457739177819512,0.0043556487188075
41,0.003546243989811795,0.03622834137858778,0.9474660141060662,0.00019542192494754866,0.012563978600586542
42,0.0038602695568901767,0.00830384871867616,0.001923954147410505,0.0005201752288676632,0.9853917523481555
43,0.09307875526605862,0.0665372731264714,0.003829520952041665,0.0025891414742742693,0.8339653091811541
44,0.46433333548214256,0.15070281604692623,0.0020122245456013397,0.0035422588404597877,0.37940936508487016
45,0.37472107364254564,0.23974014974209296,0.0025991547010058027,0.001782937722458769,0.3811566841918968
46,0.42235580909657333,0.34935249745066266,0.011350625990565782,0.002790174980893303,0.2141508924813051
47,0.32669399225967843,0.5833965442692548,0.01873254657293243,0.003043429058999696,0.0681334878391347
48,0.2513672664501178,0.6993199302883224,0.005428253242582515,0.005503851714461351,0.03838069830451572
49,0.1832868365716389,0.7827834660629985,0.0048895654419441065,0.0031216557253801245,0.025918476198038578
50,0.04674715735248547,0.887084155656456,0.04687303221558879,0.0024996984270747374,0.016795956348394984
51,0.35108462169833315,0.6084383920949302,0.00571375641096603,0.0076907249270455995,0.02707250486872511
52,0.040063916923329744,0.8300476974810898,0.11245446421571179,0.0011505268945771186,0.01628339448529152
53,0.025789516519689894,0.7080304572942693,0.2538909919993743,0.0013697466380801783,0.010919287548586318
54,0.030893020193516755,0.6739765621203365,0.27310172608505057,0.00040769221739732277,0.0216209993836987
55,0.016784165413360936,0.4140507831219106,0.5642687912122689,0.00038813191235385203,0.004508128340105784
56,0.004708879995085379,0.3076961292499588,0.6821713994298103,0.00020514665622251713,0.005218444668922974
57,0.0025529474413691056,0.16819057309306729,0.8249160275463272,0.00010533519322801449,0.004235116726008437
58,0.0017690914910979824,0.09541897153418592,0.8989775760729977,4.306604742176978e-05,0.003791294854296456
59,0.0012933674571258145,0.08287678645403503,0.9133376544737989,4.2329641984955547e-05,0.002449861973055361
60,0.0005216691840324854,0.04159595278518441,0.954785821718819,1.351569034089396e-05,0.0030830406216231063
61,0.0006449326043670478,0.03651491862755835,0.9602631423125706,1.8488425887636948e-05,0.002558518029616432
62,6.488684559219673e-05,0.005343376731180678,0.9943232747296693,5.192083281984987e-06,0.00026326961027601993
63,0.00015305695893571517,0.010733795800399897,0.9881471600032086,1.4723021863173345e-05,0.0009512642155925466
64,0.00017255511683104464,0.013128701150106758,0.9852664651132329,1.9173397528223726e-05,0.001413105222301094
65,8.616613394271384e-05,0.008795343777337374,0.9899758233657419,2.868913073939615e-05,0.0011139775922384988
66,0.00017310027126652658,0.014211159909387283,0.9838996123248623,2.754172161001215e-05,0.0016885857728739676
67,0.00015776004925929194,0.007421470960041795,0.9908684205731036,2.4736565520843968e-05,0.0015276118520744085
68,0.0003475304541582422,0.017102381274153432,0.9793581216551159,3.235274675269919e-05,0.003159613869819807
69,0.00031906639098370956,0.0106993431475817,0.986399518908484,4.577729663338688e-05,0.0025362942563170766
70,0.000815271773764546,0.02591537512252984,0.9694185603787657,0.00012630261117843537,0.003724490113761229
71,0.004290875888632803,0.11292553928517274,0.7859937770376247,0.00040308610886161724,0.09638672167970805
72,0.006994178408735586,0.2851101209951467,0.6751688139326708,0.0008431302205838624,0.031883756442862975
73,0.0066026564214255725,0.13314812409240495,0.8512739152745347,0.00014232780095022342,0.00883297641068456
74,0.01669382430226799,0.16574789484098865,0.8098375037575166,0.00022907870524185332,0.007491698393984802
75,0.006063862416039106,0.268205439157183,0.7168263100693901,0.00030969686798745566,0.008594691489400298
76,0.007637101754963494,0.11050840680568806,0.8779511062896229,0.0003308447981350088,0.003572540351590519
77,0.011439804569218733,0.14733948046433082,0.8319239328618813,0.0007587582899477554,0.008538023814621444
78,0.008778962691231712,0.0993658109574949,0.8783925380293844,0.0011922810773122203,0.012270407244576752
79,0.004452760304672059,0.10477244643915558,0.8652372728199287,0.0003640717663600984,0.025173448669883514
80,0.015468923994376162,0.03680916792101372,0.006383622264369574,0.0015362370175144582,0.9398020488027262
81,0.031552311148049864,0.03630621666265212,0.0016978521206798926,0.002013409870219167,0.9284302101983989
82,0.23872998590558206,0.18534466091293872,0.007853506729889062,0.008389017572017534,0.5596828288795727
83,0.16945461356097616,0.0634051082859579,0.0007661782973180272,0.0011047173999416064,0.7652693824558064
84,0.08048567453574323,0.013070225412758115,3.6852859089765125e-05,0.0016488301916795444,0.9047584170007293
85,0.6030919804099842,0.14205859298964657,0.0024583961069426976,0.06823254701409308,0.1841584834793334
86,0.2615352982263517,0.14402260954837165,0.0023560378871948936,0.01846746324324462,0.5736185910948371
87,0.2161596148149927,0.3160967309161113,0.009950444156225013,0.012940991987696998,0.44485221812497416
88,0.33103236480935333,0.4450962046662912,0.002104626011652975,0.15277910859287142,0.06898769591983113
89,0.12539000245471513,0.7531577484711177,0.021074660564833356,0.020277699979712713,0.08009988852962115
90,0.060560330791859844,0.8866801665691355,0.008289616278039312,0.0060336977181819846,0.03843618864278346
91,0.08821456082310768,0.8519761922644976,0.01832616948339823,0.007632212686304752,0.03385086474269149
92,0.19649941075909697,0.6443492550426732,0.011257872153022118,0.09145413755953287,0.05643932448567483
93,0.0941966882735221,0.7362677049079853,0.07289441013458017,0.019248982511563952,0.07739221417234841
94,0.145949896701761,0.7228822895873682,0.06445089125644035,0.03157724803662778,0.0351396744178027
95,0.1573204848720592,0.682908949249551,0.10488319233291858,0.008644927847146518,0.0462424456983246
96,0.10327742603806414,0.6986015283998542,0.15147163186106302,0.009548730707976717,0.037100682993042
97,0.0271098151314902,0.8510598860438878,0.09776983402813105,0.0055436532792808415,0.018516811517210182
98,0.028741329249555515,0.6637181017661965,0.2859691003784424,0.003932952511445515,0.01763851609436002
99,0.050241719062403524,0.7973718334699039,0.12560051527458038,0.0086678973504746,0.01811803484263747
100,0.04525386221107044,0.7116670056317353,0.1793717169139883,0.0081498399522998,0.05555757529090612
101,0.26439868669198446,0.3489441290036196,0.03210610579807279,0.02905646356213842,0.3254946149441847
102,0.27986927098843445,0.6068895915519067,0.013341924165941056,0.007896419659002944,0.0920027936347148
103,0.2779630850097919,0.6077046810249611,0.05358099232725065,0.0015416928756444008,0.05920954876235193
104,0.17065160218660413,0.7311419806509538,0.05544000454173058,0.001961533020956065,0.04080487959975553
105,0.05324198238898682,0.7370405285034854,0.17785194598231227,0.004582811138262313,0.02728273198695303
106,0.08005839782153792,0.8471909625298203,0.018088838353794517,0.02507723039387759,0.029584570900969623
107,0.043919080336812244,0.8877540914634103,0.01641655875910381,0.03461820086679685,0.01729206857387667
108,0.050721107774395625,0.8403722624164295,0.07972132862790775,0.022131695318656747,0.007053605862610468
109,0.034998937021818326,0.8420354199691354,0.10822781608243644,0.006754962708645657,0.007982864217964344
110,0.043095449262276195,0.7833722776236454,0.137519277405752,0.010903938712993926,0.025109056995332397
111,0.06414536497358882,0.8244140752172541,0.09416220257996984,0.008667201444035641,0.008611155785151793
112,0.01990360191067662,0.7538620844235198,0.21186364018355278,0.004946941557670275,0.009423731924580554
113,0.03498188325441305,0.7961555500053363,0.1556814770723058,0.003939759611147392,0.009241330056797281
114,0.0400881608485145,0.8461938521071307,0.10598535655640004,0.0026832588506799293,0.0050493716372747985
115,0.027280576401942026,0.7219167653486699,0.23402781226427297,0.0045506671835038705,0.012224178801611366
116,0.015464411753950113,0.543085458466426,0.4334943598262263,0.0021884372225449097,0.005767332730852714
117,0.014019125947076872,0.37004866019226323,0.608944897980646,0.004082248329259556,0.0029050675507543205
118,0.016141979936246914,0.6920961424011669,0.2743399226615039,0.010524408478206947,0.006897546522875388
119,0.026464130846240982,0.716729814559169,0.2218059202385862,0.004832200935202465,0.03016793342080148
120,0.06486905937360363,0.8433985508617176,0.07277648198815127,0.0026216580153165686,0.016334249761211103
121,0.03765228175409825,0.7872276986776056,0.1638876551563077,0.003251043168336286,0.007981321243652067
122,0.06221541614543231,0.8673853760457346,0.05666474759976876,0.002298072583837948,0.011436387625226401
123,0.04208366154493656,0.8096431764915543,0.14007154700536292,0.0019370988957843963,0.0062645160623618044
124,0.025964323416655635,0.7696976572986866,0.19394781702448233,0.006258240788454806,0.0041319614717205974
125,0.02970669095528924,0.6639279745076097,0.27915939110675336,0.010789017215654907,0.016416926214692706
126,0.016065628273689445,0.6742931742939408,0.26632190408912315,0.0301247895663561,0.013194503776890552
127,0.007590337014615554,0.7082733093380496,0.25729992225499015,0.01834273896888243,0.008493692423462321
128,0.020042420007970803,0.7378232513698461,0.14667080223540538,0.039492974363869796,0.055970552022907925
129,0.04222560107559315,0.7969810229965231,0.10792201858666514,0.028969961968674088,0.023901395372544678
130,0.09807035812174839,0.7581696837335898,0.04075991774939259,0.06876111267330236,0.034238927721966975
131,0.1868603053048822,0.6194108052429276,0.010162977756148552,0.10589036601898977,0.07767554567705201
132,0.132240215537431,0.6715229024440047,0.005016196301801035,0.1364279168186318,0.054792768898131367
133,0.08089474495942306,0.8010604107489887,0.006124564089750342,0.07968746381778717,0.03223281638405081
134,0.11955287945183708,0.7326256886776209,0.012536314268644901,0.11095770606982301,0.024327411532074135
135,0.05882766335293324,0.721856742252351,0.01338176719523656,0.17971391446922444,0.02621991273025476
136,0.07111909990636046,0.14338930383323403,0.0004093850437872075,0.7558464992691117,0.029235711947506567
137,0.05856088964547132,0.03745734197242832,7.052400751850351e-05,0.8853595486214085,0.018551695753173225
138,0.22575545998473961,0.16202027040844208,0.0013766852619128507,0.5605681519285929,0.05027943241631257
139,0.36105877209545856,0.06103759853576107,0.0009404800299927037,0.2482883396967317,0.3286748096420559
140,0.23865109047008373,0.30853403432424437,0.002675684974029069,0.34854820449782237,0.10159098573382035
141,0.16229994939197445,0.4876475133847572,0.005502098175059404,0.2917084902600405,0.052841948788168364
142,0.09393705987385843,0.19835833088247826,0.0026606216190739346,0.5689259273115056,0.13611806031308377
143,0.0351173043302252,0.12465862892806262,0.0015079446183719793,0.8144224077286684,0.024293714394671796
144,0.02572319672933667,0.04737714139154922,0.00013231455987070402,0.9192184077411584,0.0075489395780850115
145,0.031830863406341656,0.029245127518665048,0.00015185087377438545,0.9238809038234124,0.014891254377806683
146,0.09888930329446957,0.05338446786794261,0.0001551811371826402,0.7840836153956056,0.06348743230479967
147,0.2205470950829402,0.10045204921871645,0.003110969860696836,0.41734118530798087,0.2585487005296656
148,0.10749116679144233,0.08770591560223988,0.0023497429819462194,0.7638347238890398,0.03861845073533188
149,0.06715668250049037,0.11507236577126582,0.0005244691738960745,0.782630941456206,0.034615541098141585
150,0.05835653263506635,0.038630452649827805,0.00022131540694906665,0.8710271977311074,0.031764501577049256
151,0.19806389974122277,0.07117359567100681,0.002422641916213088,0.3225377512561324,0.405802111415425
152,0.06514562631606359,0.09464162940260615,9.083752749599474e-05,0.8323677159305549,0.007754190823279226
153,0.1537728381166678,0.019371137331297947,0.0003970238216521497,0.748754267147318,0.0777047335830642
154,0.07131368047943266,0.1664548216676777,0.00047536061653026995,0.7274082814721325,0.034347855764226894
155,0.09159066013244276,0.25842790286559936,0.00020063288285578562,0.6370179975425591,0.012762806576542985
156,0.09532253601895273,0.17404413634244273,0.0004316098203505139,0.7104938216523049,0.019707896165949063
157,0.09963548450332106,0.4061125782369704,0.0017237905376087743,0.46079766030369834,0.03173048641840149
158,0.14511659710902577,0.5095533120990996,0.00782715959188111,0.24868856147461418,0.08881436972537933
159,0.1569028742064361,0.32089721862574067,0.006635576922310848,0.42791544475479354,0.08764888549071873
160,0.23731663909832668,0.3294104265623967,0.005673277116383776,0.30443136347300787,0.1231682937498851
161,0.16115588947544865,0.3738957604887284,0.0010725713285749828,0.4386813349525859,0.025194443754661917
162,0.1570698491411946,0.45805252811739294,0.003163648231601212,0.3645516231643665,0.017162351345444582
163,0.06559231061241799,0.8291561250485667,0.004705090501328062,0.07366964656438248,0.0268768272733047
164,0.12889410775067411,0.5421263534500965,0.0131152395203979,0.2871175817975779,0.028746717481253525
165,0.10412028958663933,0.758479054839381,0.0025977815167961345,0.11611826746408806,0.018684606593095312
166,0.19452302700234805,0.6384694699521095,0.017849843269540176,0.06765848818314683,0.08149917159285543
167,0.045368432167980095,0.8461618826835504,0.061115492213161336,0.018365553985635594,0.028988638949672685
168,0.018921962821648243,0.028138035163544142,0.002915323111253341,0.005404882882808818,0.9446197960207454
169,0.4388208822365382,0.13098655360020767,0.005927046341579097,0.009272424910636491,0.41499309291103853
170,0.3213900674104843,0.49281556804116766,0.011416359893716957,0.0032840781279653516,0.1710939265266657
171,0.39284037430931773,0.4835388121845068,0.015285136520969786,0.0020110489065447703,0.10632462807866101
172,0.08654458459406285,0.7439783302271228,0.12335918382552939,0.0016070623108209864,0.04451083904246387
173,0.07550947882486973,0.7559486660721714,0.15089824160167656,0.002559174157704537,0.015084439343577598
174,0.014945891968791042,0.6429880131805031,0.3322220711456421,0.0014100964650182264,0.008433927240045339
175,0.013862658375362,0.5127789159015105,0.463370345021202,0.0028930584534952648,0.007095022248430271
176,0.017415129290112824,0.4957633541595691,0.4798852457131463,0.0026250725097217917,0.004311198327449894
177,0.016164221273148278,0.47244134891550293,0.5035049956067161,0.001611218178577276,0.006278216026055403
178,0.008264769184550626,0.3511534179357001,0.6349943630307173,0.0007772408502594829,0.0048102089987722765
179,0.007464016344394659,0.24382116940999854,0.7437258550611598,0.001072143873242091,0.003916815311204884
180,0.008083341829059924,0.2781223311597248,0.7057795937953028,0.0016371911818419504,0.006377542034070595
181,0.002378656695448538,0.14166865993230854,0.8515920147339259,0.0005041649483124873,0.0038565036900046756
182,0.0022398576864611783,0.11121567763432177,0.8845399348532235,0.0005307927100778999,0.0014737371159157823
183,0.0016334605088987916,0.0684019052165607,0.9270689827553723,0.0003701648968836569,0.002525486622284563
184,0.0023516449774244118,0.08056087926157311,0.9142919041065147,0.0007910293313680933,0.002004542323119546
185,0.0014109707636538718,0.05796175936379558,0.9376051266244079,0.00032690786162526254,0.0026952353865175253
186,0.004330888194641333,0.10423374571985637,0.8807330654225023,0.0014931137735706018,0.00920918688942932
187,0.01765687041846214,0.27794128416286024,0.6888291376683264,0.003431646797907218,0.012141060952443892
188,0.0024463416071768143,0.12150596005271994,0.8727829374051728,0.00045110320617807164,0.0028136577287524436
189,0.005810934636690214,0.20429718047716197,0.7843520320832587,0.0006439033951412469,0.004895949407747887
190,0.025023461156056862,0.320149020671537,0.3975268583835968,0.0024368861035389613,0.2548637736852703
191,0.04446969442584772,0.5702307145631282,0.3357684589337032,0.0026658520171005677,0.04686528006022035
192,0.2222997260265992,0.6137285588751181,0.12224943757706905,0.0041791722445789,0.03754310527663475
193,0.12246590471969078,0.5558838736741811,0.2975912564755427,0.002861004874311663,0.021197960256273827
194,0.09780461743685592,0.7305799769289429,0.15236280894533288,0.0028341920947543326,0.01641840459411399
195,0.05158640303024099,0.7639128940149673,0.1753422883603637,0.00309420265931777,0.006064211935110206
196,0.015517539316685551,0.647022347343508,0.3328261542446163,0.0025537782427199405,0.0020801808524699974
197,0.035651197751747694,0.6763848264335471,0.27910434060471784,0.001908384631271131,0.006951250578716077
198,0.005737455723002875,0.35819610089654463,0.6322854394634849,0.0008816465308703689,0.002899357386097136
199,0.005675494836855354,0.3725008280548249,0.6133505080115151,0.0010242786870673299,0.0074488904097372265
200,0.0035633646636933007,0.19277991251912882,0.800521335111573,0.0003456781833994593,0.002789709522205341
201,0.0007944021871853121,0.14494223103724602,0.8527622792341365,0.0001353023396364155,0.0013657852017957659
202,0.0006814602270316376,0.03678753641926676,0.9612894204534224,0.00017017505095160416,0.00107140784932766
203,0.00047798209437160553,0.02193482380299177,0.9768870082988612,9.431619899063516e-05,0.0006058696047847972
204,0.0001338326423633987,0.016967616662336295,0.982141655732197,7.470428191076948e-05,0.0006821906811925558
205,0.0001174360319073007,0.014127964217219372,0.9852803309688464,4.408801075933316e-05,0.00043018077126748944
206,5.7939508932083056e-05,0.010223308233390483,0.9892998882561815,3.6566118352082016e-05,0.0003822978831440207
207,4.9050052766153425e-05,0.0064519355028298106,0.9928069267134185,4.150958659582536e-05,0.0006505781443896547
208,0.00010010982547449923,0.014322441160790405,0.9849950125282579,5.8428878966753145e-05,0.0005240076065105796
209,7.682546452589034e-05,0.009036382931263907,0.9904180190679106,4.4176617887539994e-05,0.0004245959184120784
210,4.760444592056716e-05,0.004261635416980281,0.9951232547427511,1.907042730311148e-05,0.000548434967044969
211,3.293429304938127e-05,0.004196582206706391,0.9954264118399513,1.1646214819179328e-05,0.0003324254454738816
212,3.9685828002066654e-05,0.0035819649879806764,0.995992491314013,2.9583964838530798e-05,0.0003562739051655422
213,3.7206911112502606e-05,0.0033045983017807702,0.9962708505385697,1.9964287217375318e-05,0.00036737996131995613
214,2.289529188648559e-05,0.0021697840017006753,0.997491373184297,7.053268585730904e-06,0.0003088942535299335
215,4.1180211394219806e-05,0.0025749744679398993,0.9969818827267548,1.1225450741394203e-05,0.00039073714316938634
216,9.31197615001072e-05,0.0048961756698981404,0.9943841972235075,2.4743018398909488e-05,0.0006017643266954348
217,3.798697882841479e-05,0.004295223500602261,0.9953774977027401,8.461514303635105e-06,0.0002808303035255341
218,0.0001306805604862445,0.009827719126903478,0.9889642921804797,5.372998728689377e-05,0.0010235781448438806
219,0.000505683582652812,0.027358516894486838,0.9699131085953095,0.0001283498274117851,0.0020943411001389397
220,0.0003258406703443494,0.01926134191543405,0.9788010285770216,0.00018419394103404317,0.001427594896166002
221,0.0017959815471102637,0.032645774369857286,0.961630135190973,0.0009600270833524429,0.0029680818087070957
222,0.001525640247641757,0.025196236601238285,0.9686265588507803,0.0012973644252748861,0.0033541998750647325
223,0.0019400452011051153,0.055651746825659196,0.9301426527564192,0.002946129213369171,0.009319426003447265
224,0.05525361343524176,0.07019080182216997,0.42009982416362945,0.012819279107601195,0.4416364814713576
225,0.3809046338188142,0.06771147224639545,0.05656397570183499,0.00600690561542198,0.48881301261753346
226,0.3836787936735705,0.20754882057563898,0.016495934044820224,0.0183232377831047,0.3739532139228655
227,0.18805085152128656,0.05240871822465976,0.0007633760724456055,0.006921304259650878,0.7518557499219571
228,0.5909800565930133,0.3147705971454558,0.009036258002881712,0.005699716682770895,0.07951337157587823
229,0.3407252390444773,0.6168036830525463,0.01225889676699657,0.0052614017965574135,0.02495077933942251
230,0.20098221697664756,0.6698034495100372,0.08156264749142796,0.006892513517769408,0.04075917250411792
231,0.05352917370541502,0.8128314110082934,0.11332243287380009,0.01053370592381686,0.009783276488674839
232,0.03973017477058198,0.8237425639004878,0.11680214903055355,0.010932135050833765,0.008792977247542808
233,0.04540854420384951,0.7626361152276534,0.16235978334044762,0.017994832516271233,0.011600724711778204
234,0.051639737558747845,0.8395220413002015,0.08618219699014201,0.01517855523863101,0.007477468912277815
235,0.027162807046599947,0.747367718502944,0.20290299748029889,0.01594594298235292,0.006620533987804162
236,0.037929022180964216,0.7827489245499029,0.1539502368689729,0.01735455869350145,0.008017257706658613
237,0.022666359952779064,0.6982023204896507,0.2600974375444192,0.009802589201935935,0.009231292811215114
238,0.016610568455511295,0.7228194191879158,0.23562772941167598,0.01594212941202189,0.00900015353287496
239,0.012442195674975348,0.014150380587051915,0.0003642796193405,0.0020375959040671537,0.971005548214565
240,0.0444747961148174,0.07300867766107826,0.003284602327635143,0.004431445865986706,0.8748004780304826
241,0.4310460042854078,0.3906831066516848,0.008791639387747857,0.012753139456884123,0.1567261102182754
242,0.4096041176646052,0.5075397290178127,0.010700280283355216,0.007996855612462392,0.06415901742176434
243,0.08584211439211718,0.8307981137513195,0.06949425747159883,0.004493450149428068,0.009372064235536434
244,0.15923611333016233,0.7393433153895592,0.012840987685156473,0.023516823822922403,0.06506275977219961
245,0.11622303150561868,0.7098843611558742,0.10198437077763871,0.0159893618470174,0.05591887471385113
246,0.16213614133461177,0.7150892811756348,0.039364725496607675,0.04087191079689892,0.042537941196247014
247,0.09751948451179407,0.5378448858549909,0.01047389246168912,0.016378341022470464,0.33778339614905545
248,0.011752321006621325,0.012642738197521737,0.0007780060957229226,0.006971988418233932,0.9678549462819002
249,0.3075253694395576,0.3151445752562667,0.012608272426840515,0.058297215914011456,0.30642456696332365
250,0.11813844391114944,0.0797308799818277,0.005296996762600061,0.04890074359214553,0.7479329357522773
251,0.03655159375105719,0.01700185065426167,0.00030929923751951173,0.012498942557196274,0.9336383137999653
252,0.032043689957483634,0.015241707569113402,0.00010175614545707376,0.0027607949081162333,0.9498520514198295
253,0.00849072747204657,0.005164431614771493,3.293836644716207e-05,0.0003323052945608469,0.985979597252174
254,0.02075531934953902,0.006770435555318855,3.3114652983860215e-05,0.0004094861937105328,0.9720316442484478
255,0.07454673205917303,0.010750311767538944,7.392449334887157e-05,0.0006296140406088111,0.9139994176393303
256,0.0032674931970936676,0.007239252762337831,0.0002519985218993134,0.000502954501006353,0.9887383010176628
257,0.0003737934774271568,0.0008742926376714055,1.8828476265564943e-05,0.00022402483889474257,0.9985090605697411
258,0.0008901743386784369,0.010094502880367683,5.00871339811159e-07,0.000688786976248997,0.988326034933365
259,0.001581848961831554,0.0027397357959954697,6.746852143231495e-05,0.00023590890895658972,0.995375037811784
260,0.0010247790601723558,0.0026337917678132235,6.650766725831385e-05,0.00034752019340694165,0.9959274013113492
261,0.039447302606011564,0.0223446867265056,2.546054439114525e-11,0.004418252045525419,0.9337897585964968
262,0.0038236861833508148,0.0018515397983550428,0.3987345006794134,0.0031423168800907386,0.59244795645879
263,0.0010110181534203654,0.002479603311901425,0.07378529328035449,0.0009998196614242633,0.9217242655928994
264,0.0017066500800246773,0.0013981295796089653,3.849452477210389e-06,0.0009686477037211903,0.9959227231841679
265,0.0016999439626441196,0.0010117465779779292,0.07971691648376387,0.002435508436477514,0.9151358845391365
266,0.0016453189550812279,0.0014029735595012247,3.345740045313828e-05,0.0008905313429202834,0.9960277187420441
267,0.0023700287326538687,0.0010668699353972575,4.2849309104117325e-06,0.0013151015751164325,0.9952437148259221
268,0.0017747228969392421,0.001088576085998213,2.5459143288440132e-05,0.0011723495290456897,0.9959388923447283
269,0.0029571476615749266,0.004204919544123394,0.0002801838939967566,0.002889857348503866,0.989667891551801
270,0.001864679285099981,0.0012857450860237131,7.583015025329774e-05,0.0013816811822275014,0.9953920642963955
271,0.0028224732179115445,0.002028038129936326,0.00017486923362822318,0.0018287028980341973,0.9931459165204897
272,0.009432907648770458,0.003713652137522596,0.0003327409885472259,0.0035074687873099053,0.9830132304378498
273,0.003935525374254342,0.0011879076811255169,2.301782366416441e-05,0.0036949874822807894,0.9911585616386752
274,0.0045366861724181985,0.0027355325046797127,5.664995517074818e-05,0.003960298459762794,0.9887108329079686
275,0.0035899328194329413,0.002005900528987662,3.4908166958943366e-05,0.0027565982079988728,0.9916126602766215
276,0.0019238304644712293,0.0019190236204724796,4.939358279691036e-05,0.0018013942326029816,0.9943063580996563
277,0.004208707146873919,0.0028166655990054723,0.00010420077080915191,0.002025018801129997,0.9908454076821814
278,0.0015664196945589935,0.005048500470109989,0.00023548819419743966,0.0028394446812038147,0.9903101469599298
279,0.0010856636159791704,0.0014080157695782716,5.8353447057176016e-05,0.0015459363422224142,0.995902030825163
280,0.00118744681171471,0.0018938139550817301,6.347694226811123e-05,0.001472992370683583,0.9953822699202518
281,0.003174845436153216,0.005692715573787452,0.0004553606509609099,0.0051305370805183655,0.9855465412585801
282,0.0028739694379179906,0.0024314695948530135,5.1155400270543775e-05,0.003075918155132237,0.9915674874118262
283,0.0020187839137286714,0.001949938682119745,4.151879059042823e-05,0.0015434055387807744,0.9944463530747804
284,0.0035262324175299193,0.00350624053544345,0.0002639190978244302,0.005450856351574459,0.9872527515976277
285,0.0033662187985094303,0.0019834991926656028,2.7592708810199583e-05,0.0019022349331168022,0.9927204543668979
286,0.008558139025221033,0.0032910082819012487,4.6268985097758064e-05,0.0019376187306463992,0.9861669649771336
287,0.004368801421417916,0.0013771642372453132,1.3853616678129847e-05,0.0021873748192964564,0.9920528059053622
288,0.005606413444116237,0.0017506022604287408,1.622797974208139e-05,0.0022315549353907737,0.9903952013803221
289,0.005363636434945647,0.0012091269947032066,2.269938591129807e-05,0.0019555473782986244,0.9914489898061414
290,0.0045451570393086425,0.0014651899729725961,3.400266558743215e-05,0.001427641786612968,0.9925280085355184
291,0.009010874858226624,0.0035861296988253305,0.00034415749630485354,0.001973527357037165,0.985085310589606
292,0.00952957108034149,0.002276437805874706,1.6704556822681776e-05,0.0022421557796598033,0.9859351307773013
293,0.0022259362340992165,0.0007067253045540041,1.5110340382298289e-06,0.0013629192897115674,0.995702908137597
294,0.005086013222055056,0.0008351738477541375,2.545837263222474e-05,0.0012703340803515018,0.992783020477207
295,0.007046210011572835,0.0010709484946096349,3.0267478939164444e-05,0.001748495940797534,0.9901040780740807
296,0.010512587765610376,0.002625976105798826,3.88199522513743e-05,0.0021365005241521947,0.9846861156521871
297,0.012051825750247804,0.0029466202608606313,0.00020486987185088448,0.004264687751504976,0.9805319963655357
298,0.0039829140890484515,0.0038320543966246594,0.0006050800724156467,0.0035796457839216917,0.9880003056579897
299,0.002934199696108295,0.0025155285805172436,7.558952000297216e-05,0.003008519969650406,0.9914661622337212
300,0.0028804608047108267,0.0022454507653782937,0.00010038633062170448,0.0030835142945120396,0.9916901878047771
301,0.005182385623287042,0.002437817839727588,0.0001293182881251283,0.0042621788036168035,0.9879882994452434
302,0.007961190504478344,0.004262010937990368,0.0001624873232000047,0.005359718003885362,0.9822545932304461
303,0.019111941722736527,0.004456396896039834,4.3491593629470424e-05,0.0042736757148693775,0.9721144940727248
304,0.001124423898137528,0.0015216631633972319,2.9352540601420725e-05,0.0011787784181411035,0.9961457819797228
305,0.0018934762099777,0.0015289430238142033,1.6022345235734518e-05,0.0012301397944901335,0.9953314186264822
306,0.006854255733357399,0.0022252754366997836,0.0001490900310244931,0.0019130065429879138,0.9888583722559304
307,0.0035140052068055564,0.0032645149757426647,0.00021524506624066077,0.0018575639150500806,0.991148670836161
308,0.0038585247569521007,0.00320499222632922,0.00010037110085904195,0.0020035814952165973,0.9908325304206429
309,0.002272490075821111,0.0031326679026208296,6.338177671960589e-05,0.0015398983674799907,0.9929915618773585
310,0.004562494622931062,0.002312321622343518,4.321896636335535e-05,0.0021478528946331115,0.990934111893729
311,0.0015435908555531809,0.0012970306511719799,2.4049405416400405e-05,0.0012292044969663776,0.9959061245908921
312,0.002813476380605413,0.0008410288227977471,1.243052227868417e-05,0.0024103409586467045,0.9939227233156714
313,0.005222401079947307,0.0011859214205143835,1.2516824217242944e-05,0.002715469313731445,0.9908636913615897
314,0.0031938254181296017,0.0025958840966971643,1.2802697555615758e-05,0.002738318400738771,0.9914591693868788
315,0.0030189553383892726,0.0023942417041610204,1.0645456892416854e-05,0.00329006306588144,0.9912860944346759
316,0.0031471493089523035,0.0018112211117465448,8.753381380529798e-06,0.003183369845476217,0.9918495063524445
317,0.01345086443229946,0.003496080825051558,1.2808087415883146e-05,0.003874686763234762,0.9791655598919983
318,0.003098093041841513,0.0031311224278870856,7.286573752452493e-05,0.010928577751401115,0.9827693410413457
319,0.030458670696845287,0.004936372616459203,6.06173298658482e-05,0.012256154843724746,0.9522881845131049
320,0.27830049482125974,0.020499379766404924,0.00011393346064285931,0.05871718767492915,0.6423690042767632
321,0.079519912149347,0.006824409959636938,0.00011003991916240378,0.04736881912450835,0.8661768188473453
322,0.5314942418794865,0.12303005889718271,0.0009303828929946669,0.18428157592500674,0.16026374040532942
323,0.43829474024690335,0.20758782444879992,0.003874663344429921,0.2762631827523377,0.0739795892075291
324,0.2531107064219775,0.3729524938079084,0.010255843083573784,0.33041346814739586,0.03326748853914463
325,0.10749031649682089,0.6613197518541345,0.014263044391665773,0.2027140578621524,0.014212829395226561
326,0.11075159492563402,0.5908685774332295,0.007072267899979214,0.2397346463347271,0.05157291340642993
327,0.10354729557330528,0.6426816085203725,0.0026351984750424525,0.242255423491677,0.008880473939602965
328,0.04275307606300023,0.8497753323312075,0.017222801921892846,0.07377687319565264,0.016471916488246748
329,0.0337389822971489,0.8621168398519674,0.048305862510262886,0.0463212750267391,0.009517040313881626
330,0.09228839201993126,0.5842985224129545,0.0010019092904541608,0.3055605237615856,0.016850652515074536
331,0.02195609442583648,0.9294865078026731,0.011632365106947257,0.02600313015870744,0.010921902505835702
332,0.10215741367063032,0.5497683885776332,0.006630087782417429,0.20798959883235418,0.13345451113696488
333,0.20134261482876015,0.5176865185804959,0.006248816611578598,0.22842328926644295,0.046298760712722396
334,0.08458639798373882,0.7893895997296586,0.023477718178618275,0.08654446160746129,0.016001822500523143
335,0.15932570256339068,0.7072335773699746,0.0021247625314021884,0.10830839261334199,0.023007564921890673
336,0.1413684729124239,0.738682151585386,0.006905051957746594,0.10336871568126597,0.009675607863177685
337,0.07690445152038279,0.8360123013763048,0.005197984212219587,0.05923967820085633,0.022645584690236538
338,0.04823823831320086,0.9128994252815046,0.005023566972498626,0.02065229466392259,0.013186474768873248
339,0.04592335819515483,0.8903407144965895,0.019183369998494845,0.04041229331250436,0.00414026399725644
340,0.046894160250598296,0.8961225882879434,0.011395708179324074,0.034847956883324455,0.010739586398809668
341,0.03346259976556747,0.9314180323043095,0.013312063339679204,0.01720201904706277,0.0046052855433807985
342,0.019257234868295683,0.8831095385485527,0.07261897765859865,0.019561221619262,0.00545302730529102
343,0.05025224296885675,0.895224668658768,0.013466394815831444,0.03048273531772511,0.01057395823881871
344,0.041778205169162544,0.9166153125659469,0.006754947397288727,0.02791480942616191,0.0069367254414399995
345,0.06583766414951968,0.8658865319317887,0.02271360572621101,0.03197557756783055,0.013586620624650108
346,0.17082694662142558,0.7715278797994245,0.006292306210893855,0.032541410359175356,0.018811457009080747
347,0.04822385426886578,0.8562861629022976,0.06076081005063147,0.026648205717763947,0.008080967060441287
348,0.08709279227632702,0.8005931450241798,0.03544771117447612,0.05373615941578926,0.023130192109227964
349,0.052011827377888654,0.812322269476549,0.10397132147408807,0.017227707094840342,0.01446687457663393
350,0.04970582132625123,0.7001981022018067,0.20917780335803118,0.0210557886577165,0.019862484456194294
351,0.02891035288805409,0.8137784493597077,0.1204969317599617,0.020221106779142402,0.01659315921313419
352,0.017408548834129216,0.5473915408364364,0.41436846684280587,0.010659571123706628,0.010171872362921901
353,0.025726578194063262,0.7131526677280069,0.24563931983414444,0.006744199414380394,0.008737234829405124
354,0.01172740117911744,0.6065123242204467,0.3760310748855731,0.0016336309002652504,0.0040955688145975725
355,0.008226516855292772,0.5900481919821012,0.3970286320962327,0.0021903208815605467,0.002506338184812887
356,0.0023417123948204933,0.1826272136847302,0.8128631049723664,0.0006612554843297544,0.0015067134637531895
357,0.01244555530442544,0.3673439328812933,0.6033882431138986,0.004291091453373358,0.012531177247009256
358,0.013475118164566598,0.34527641960972505,0.6288142857819427,0.004685838224921669,0.007748338218844122
359,0.01671333522285778,0.3673451517273274,0.6031006297372891,0.00653770911935034,0.006303174193175331
360,0.026934491449681772,0.6038422501558948,0.35685287440003266,0.005782364126826771,0.006588019867563997
361,0.024429638934046833,0.6618963866652834,0.2913924498213896,0.00940432848724325,0.012877196092036943
362,0.0709129874827401,0.4686306862746109,0.28838403689540587,0.007036396659136384,0.16503589268810678
363,0.06729260833114022,0.040804669955172984,0.011600068574606642,0.0033667893847091194,0.876935863754371
364,0.4563402563837898,0.1000826295906819,0.0038472594981055802,0.009344428316392893,0.43038542621102976
365,0.46393506274926655,0.33066379590343387,0.03250153428717454,0.008836388332660575,0.1640632187274644
366,0.09955802780972657,0.871087332031673,0.011773237441264578,0.004086359832774518,0.01349504288456133
367,0.07874321536620384,0.8762549572981422,0.017724481484716965,0.013413851310748626,0.013863494540188422
368,0.08485433160004635,0.8588337279719647,0.02558341284940047,0.024222369707625008,0.0065061578709634605
369,0.16063707693694726,0.7170083587309785,0.008363543002544993,0.10260353861623164,0.011387482713297684
370,0.06255255741228374,0.8522017835204767,0.031199520190599954,0.039690825943895884,0.014355312932743737
371,0.08510218051042513,0.8248499310321163,0.0489728826230454,0.027413418427376813,0.01366158740703643
372,0.04855752076648294,0.8690623658408553,0.06575928769392327,0.012088056388525044,0.004532769310213395
373,0.02117900264760794,0.783942611111891,0.18068847914486647,0.009813796437082961,0.004376110658551587
374,0.016022376360944685,0.877934010869541,0.09977354512135793,0.003835175605480583,0.0024348920426756314
375,0.02574483541120451,0.7956010409834392,0.16218631787883478,0.0051984497102682764,0.011269356016253276
