epoch,N1,N2,N3,R,W
0,0.011165692513356645,0.0011555699462922758,7.596868462036478e-08,0.0006724670506239452,0.9870061945210424
1,0.013868955552331407,0.0008442021597408992,8.176326521997321e-09,0.0005374663110959024,0.9847493678005053
2,0.01573923485934195,0.0010549480233888974,1.7994032899613976e-08,0.0012702898058000616,0.9819355093174362
3,0.006477168501368162,0.0011797879447042535,5.837555305016744e-05,0.0005128723662327998,0.9917717956346446
4,0.09111920868173763,0.009569357001463552,0.00028197122623351673,0.0030032378541280077,0.8960262252364374
5,0.1906869407187348,0.0077340693887060505,9.07670341583156e-05,0.004867290593407582,0.7966209322649932
6,0.04227877851023613,0.005661160723666055,8.289176320682321e-05,0.0012019877393561684,0.9507751812635349
7,0.12472277238369492,0.013934216746050627,5.4869519894222466e-05,0.00644517055687571,0.8548429707934845
8,0.009607192037808297,0.001417835664706461,1.0616265296939893e-05,0.0007999464597029348,0.9881644095724854
9,0.029342112690204016,0.003281520459966664,8.17284988848418e-05,0.0019034135643730312,0.9653912247865714
10,0.04783131590887445,0.002046343109624211,1.762107329508583e-05,0.0008183920761585979,0.9492863278320477
11,0.2985012235373324,0.012566487605631645,0.00013355213973492496,0.0016572199613978115,0.6871415167559034
12,0.31195855295887337,0.03057179427685106,0.0002535355576548124,0.006468165377448552,0.6507479518291722
13,0.18161567846294419,0.041243083712000174,0.0002683926947997233,0.006367799303398157,0.7705050458268577
14,0.017939483361483995,0.0032697579269601405,1.7827123760877605e-05,0.0020358772914857576,0.9767370542963092
15,0.0512065230131001,0.022602371274746454,0.00014307477146780447,0.003884940996392164,0.9221630899442934
16,0.22385937707859752,0.015805153410196088,4.463162492158875e-05,0.008845160578143864,0.7514456773081409
17,0.2860203220802901,0.05168270183651343,0.00011611048674147099,0.02993193751094014,0.6322489280855149
18,0.010057937768509707,0.0029364112115841975,4.857866637625564e-05,0.001949061567302479,0.9850080107862272
19,0.34484449302703035,0.13090614316988136,0.00039246309947200156,0.054643786462679964,0.4692131142409362
20,0.14901930410012595,0.08065493394805913,0.00010690379048481036,0.07204645055603977,0.6981724076052903
21,0.14727699963291016,0.26057238862269877,0.005358954241676667,0.036692997780920764,0.5500986597217936
22,0.11295887740396296,0.09229662477879444,0.00026569615620249305,0.09354395193832295,0.7009348497227172
23,0.17353524369985793,0.16502782279417771,0.0006285059189884937,0.10013667900387131,0.5606717485831046
24,0.022955722914903946,0.025835065418701935,8.829065065044152e-05,0.011072636915879858,0.9400482840998637
25,0.19464703274305947,0.07554638747227338,0.00011003846220542174,0.047308500568121144,0.6823880407543406
26,0.5706021910113317,0.1077240978988467,0.00010704711982615728,0.03519439676876593,0.28637226720122944
27,0.28009198891811404,0.46431701831836675,0.05392280525437591,0.015578869969932982,0.18608931753921018
28,0.30518438378194956,0.30667599166371207,0.0022467140379711556,0.07696484635640863,0.30892806415995855
29,0.34013464366027857,0.21496879305391725,0.0004044509981850271,0.07177293420332374,0.37271917808429533
30,0.31148028548047896,0.5345128213007415,0.005281706377644248,0.036725783737814856,0.11199940310332043
31,0.08637083617641728,0.8400050773500591,0.03898030163520628,0.004856614739794648,0.029787170098522744
32,0.04321204674752132,0.8425772641947972,0.05481766253833304,0.003227590981271889,0.05616543553807656
33,0.1300176396586103,0.44817294497825094,0.003253481861688776,0.009258967858622649,0.4092969656428273
34,0.13739718532004275,0.6648914202757438,0.09868743196744761,0.010752084061786855,0.088271878374979
35,0.23799357422732895,0.5415956390322901,0.0029835772024582995,0.004917032755383978,0.21251017678253875
36,0.07753892028349639,0.8247449526840894,0.028190489635329555,0.0009491608604449769,0.06857647653663983
37,0.055632637920817796,0.8326625080597985,0.04742385633370381,0.0013940244319891294,0.06288697325369083
38,0.03419879126808935,0.8894010825852295,0.059970368765248416,0.00031806928621124365,0.01611168809522144
39,0.05860289003239956,0.8969531973351179,0.014824284494945127,0.0006493535173077655,0.028970274620229525
40,0.021526194360951937,0.7491667838191702,0.20914664502234484,0.00047383664186630847,0.0196865401556667
41,0.018997415706065817,0.7641725044339579,0.2045061700945903,0.00043225532206838134,0.011891654443317528
42,0.0141438513430813,0.7395014196084404,0.2316080485024873,0.0009370596916879212,0.013809620854303073
43,0.014870238414396771,0.6180820296394438,0.3479870979984873,0.0005828693014057571,0.01847776464626637
44,0.00790092169028276,0.546694903881537,0.42695272846042465,0.00043815573811629234,0.018013290229639517
45,0.006177827107804984,0.46839255748398667,0.49622779722626736,0.0013642973198447709,0.027837520862096156
46,0.016440102471681685,0.894788841918981,0.07418022505961616,0.0018525718470100785,0.012738258702711053
47,0.009825199951880876,0.7198058320871559,0.24582214416712125,0.0011561444834835657,0.02339067931035846
48,0.0107681527714608,0.49318309309700437,0.45761517367365845,0.0028086053435324096,0.035624975114343954
49,0.14826285714943904,0.7152581172157138,0.0018245897788079768,0.010975871847760534,0.12367856400827883
50,0.044772952813783275,0.8879352278034961,0.019495235946348288,0.0018419969923041599,0.04595458644406819
51,0.037043947056622256,0.7808397539882855,0.09959968196130664,0.0013222052084798763,0.08119441178530572
52,0.1954760686641339,0.7168564221456659,0.005709097133183431,0.008889855116631267,0.0730685569403855
53,0.09272731584902917,0.207728193127809,0.0021921080995155194,0.008292013284853073,0.6890603696387931
54,0.19020100084091,0.04119518896322194,0.00015385718161416544,0.0193887725839136,0.7490611804303403
55,0.28746583011755417,0.10507012543447958,0.0005930240219750555,0.017986208955204478,0.5888848114707868
56,0.06690341629322658,0.010143291617008329,8.296096558893535e-05,0.003683925756670326,0.9191864053675057
57,0.15813895872353242,0.01931683751606044,5.348028431204847e-05,0.003996174523379816,0.8184945489527153
58,0.08047796612378172,0.011420146253759313,6.441240698518497e-05,0.003314443488692704,0.9047230317267811
59,0.11968778005539321,0.01026340900587384,3.762896371649577e-05,0.0030638262900253717,0.866947355684991
60,0.012942965772506214,0.004364261521042391,1.1295993618998719e-05,0.0008329629111086912,0.9818485138017237
61,0.005995443797753603,0.001067454551947247,8.551595230916466e-06,0.0008500244049243416,0.9920785256501439
62,0.022725147989180114,0.0015208245169457586,7.057406541163013e-06,0.0008208572733330046,0.9749261128140001
63,0.06508754153367095,0.0034318299157940625,2.8157369842550433e-05,0.001563322421208471,0.929889148759484
64,0.06158350829949772,0.004385250322755412,2.1917174904979965e-05,0.0014585972233155961,0.9325507269795263
65,0.007623501287018453,0.009387919969084668,4.815249234787988e-06,0.00043385289593807474,0.982549910598724
66,0.00739848624013375,0.00047669996391753213,2.2746070246964096e-06,0.00031755086060581696,0.9918049883283182
67,0.008740054545244322,0.0057390188725156945,3.7246428340898774e-06,0.00032884269055407446,0.9851883592488518
68,0.02019599331234778,0.0013782128931479906,1.0369354242826257e-05,0.0005588790617922241,0.9778565453784692
69,0.07230358756187061,0.002337248665681574,1.4372585722883739e-05,0.0008188443677297684,0.9245259468189952
70,0.005015503582183761,0.0006486877205437232,1.0125328059227145e-05,0.00028553531891576604,0.9940401480502975
71,0.015567966650098648,0.0012398847643289514,1.651817655638119e-05,0.0007283183064739606,0.982447312102542
72,0.005793895239851029,0.0005610886404871894,1.0360541116629792e-05,0.00033544790879398115,0.9932992076697511
73,0.002882181238555366,0.0006162821718682061,3.8854427163936924e-05,0.00014095326487128065,0.9963217288975411
74,0.02152112866306974,0.0014736946870720507,1.375979019763975e-05,0.0005145825888168803,0.9764768342708436
75,0.0029797643733202425,0.00029571067909152756,2.7284148074792017e-06,0.00012355135651112255,0.9965982451762696
76,0.015453522009486088,0.0018251268141293733,1.814385835076522e-05,0.0007422263799340745,0.9819609809380996
77,0.011693619318243987,0.0012048501063810753,1.3953040315139394e-05,0.0007087368578096352,0.9863788406772501
78,0.012079332992814253,0.0006758270636221664,6.238444367515992e-06,0.0010234067284202578,0.9862151947707759
79,0.04024786536881909,0.0035904357090965075,3.4228135936368144e-05,0.0009507442988913363,0.9551767264872567
80,0.04408339888492686,0.005205600348211845,0.00012312022785439011,0.0013423830143419956,0.9492454975246649
81,0.04322482914702484,0.002579098423071541,2.802679335577858e-05,0.0022972401105122117,0.9518708055260356
82,0.009514076383906032,0.00243221782166695,2.8919974422704287e-05,0.00042064118902838385,0.987604144630976
83,0.016516523422274554,0.0014546774866660474,1.7200338405546117e-05,0.00200868830414296,0.9800029104485107
84,0.015486663843366883,0.0012706883874862678,9.360133894058154e-06,0.0011206856082030744,0.9821126020270496
85,0.03355950376710734,0.0020700164507492787,2.611729191964339e-05,0.0023437962079221448,0.9620005662823015
86,0.03141084344468499,0.0012977610904327409,5.68139467665371e-06,0.001699008667953655,0.9655867054022519
87,0.02037002417164603,0.0013854320674986755,9.676859139774426e-06,0.0010499168768564535,0.9771849500248592
88,0.00884705418683127,0.0010055200862295248,3.1792012729071553e-06,0.00032587034234907213,0.9898183761833173
89,0.020687017177635648,0.0012689809451604597,6.953845718680499e-06,0.0011862923195266153,0.9768507557119586
90,0.023509307645425567,0.001650236950976835,9.860030304599586e-06,0.001243736066910906,0.973586859306382
91,0.023700651252352493,0.0012614806222972879,5.469449505175833e-06,0.0013715609110475854,0.9736608377647974
92,0.004979857258447737,0.0005148934930711002,4.41009396556819e-06,0.00027634729154378437,0.9942244918629718
93,0.03555604853746373,0.001648338889919259,1.422898780418701e-05,0.0010976084995381634,0.9616837750852746
94,0.012454121020870746,0.0006240695003338145,4.985799570021399e-06,0.00083139062765319,0.9860854330515723
95,0.005272171779110165,0.00044464661349505314,5.878891806875751e-06,0.00047537376228289904,0.993801928953305
96,0.004269749044680667,0.0003779002901994112,2.8530460263616245e-06,0.0006002360566902192,0.9947492615624034
97,0.003446562749093545,0.0006123598140412236,3.974553568914128e-06,0.00023522858956334392,0.9957018742937329
98,0.016070331161054406,0.0010453889474506435,1.2550686631511733e-05,0.00081326177539717,0.9820584674294663
99,0.004945000550988139,0.00048297376044881924,3.850015864539776e-06,0.00039866945128739687,0.994169506221411
100,0.0034352391400594437,0.0006585090321780085,6.6699988527355695e-06,0.0002921451874375263,0.9956074366414723
101,0.005136628207553986,0.0007292025409036615,4.888950202960603e-06,0.0002891487448879438,0.9938401315564515
102,0.0005970037363300367,4.7271802402921744e-05,3.0049999251690205e-05,1.494643308184849e-05,0.9993107280289334
103,0.005019875170748964,0.0003653979267930883,8.666677226383465e-06,0.00038010080463678686,0.9942259594205948
104,0.002097560977852921,0.00015588090654194587,2.4702724194006355e-06,0.00013342907673006397,0.9976106587664557
105,0.0034619083394604507,0.00022813330414751993,3.158588902166684e-06,0.00019097405312847057,0.9961158257143614
106,0.008114019727587584,0.0005267260077236768,8.276153871082424e-06,0.0008491219331987186,0.990501856177619
107,0.015884514526676993,0.001219277712910196,2.666826918615121e-06,0.0005820242366272473,0.9823115166968669
108,0.004724050168500222,0.00040407268680829476,1.4484559373098657e-06,0.0006419043061067924,0.9942285243826474
109,0.014482581331890825,0.0012963381981080417,6.635767974165754e-06,0.002162695683983432,0.9820517490180436
110,0.004123820854102758,0.00046666948761461027,1.3778928738546641e-06,0.0012866865392401898,0.9941214452261686
111,0.0030043013264562618,0.00040811726387761843,7.82017360407355e-06,0.00031945797542372594,0.9962603032606383
112,0.011839914827199817,0.0008409649689525568,1.0036562036057492e-05,0.002858087955122479,0.9844509956866891
113,0.008704756657910965,0.0009042022253921813,8.645492781060285e-06,0.0027003579076954887,0.9876820377162202
114,0.03993107755086028,0.001716078282292126,7.549378277165703e-06,0.005584467606869095,0.9527608271817012
115,0.013998570293192717,0.0010013481387731117,5.094650057787812e-06,0.0014504595999032183,0.9835445273180731
116,0.015057977309232841,0.0008401312603658407,3.906408785155549e-06,0.001106300957420478,0.9829916840641957
117,0.004121272592968857,0.0004860968012390654,1.3139355899285839e-05,0.0007361568788765234,0.9946433343710162
118,0.004925773175576988,0.00040034844564213845,5.231053586414446e-06,0.0008321833962948221,0.9938364639288997
119,0.0024395524886488052,0.00015341448630400986,8.406797632062652e-06,0.00031734131741118177,0.9970812849100039
120,0.007885629316465888,0.0006280301937115045,2.6812089617776457e-05,0.0008680714553370193,0.9905914569448679
121,0.0034063346303680746,0.0003214942560517897,4.119482100759385e-06,0.0006805465385321579,0.9955875050929471
122,0.03273705688022836,0.0012415058456072363,8.728291519105942e-06,0.0009061960659340626,0.9651065129167112
123,0.0017128453005601058,0.0001466801894166835,2.4865340198037306e-06,9.861028408978718e-05,0.9980393776919135
124,0.011233542867299117,0.0005929130597609089,4.604248248448254e-06,0.0004447404266607284,0.9877241993980308
125,0.005467676144043544,0.001568927725958194,0.00024346207363689593,0.00017492473506047323,0.9925450093213009
126,0.021451350042820595,0.0031038017040299574,7.80798878058203e-06,0.0007273107823599878,0.9747097294820088
127,0.0039592819651069555,0.0006427525186474724,2.807634158563718e-06,0.00013341109796191451,0.9952617467841252
128,0.003202427002028527,0.0011230354600245717,1.3204884799355327e-05,0.00017843842439983957,0.9954828942287477
129,0.011140520916441668,0.0008229224079800757,7.123939674649206e-06,0.00045240872061109993,0.9875770240152925
130,0.0092808919200754,0.0008092421887323627,6.359925742849229e-06,0.0003016453823868078,0.9896018605830625
131,0.009742671989199756,0.0018575894767227437,0.00041671172020660594,0.000198483521776115,0.9877845432920948
132,0.003955713265579264,0.00069824677190248,4.434804422421425e-06,0.0001142086395037819,0.9952273965185919
133,0.0030903729405967334,0.00042813548278197375,0.00011800423347510556,0.00013906646566923814,0.9962244208774769
134,0.0032402211001069958,0.00025570768783521547,2.8373694952049995e-06,0.00018214100855273296,0.9963190928340099
135,0.00495642895014558,0.0005063602842086319,3.1331151440225853e-06,0.0002222745522617524,0.99431180309824
136,0.008440577544234237,0.0004254926843242079,1.77496728846474e-06,0.0001904599508263038,0.9909416948533267
137,0.010659411202846558,0.0008165753076227444,1.0578048533101423e-05,0.0005466524710565225,0.9879667829699411
138,0.005079746400659764,0.0005182040656741114,7.541822038078121e-06,0.0005796249096837494,0.9938148828019443
139,0.015376401154983618,0.002480122854136251,4.5119940546436984e-06,0.002107078699610757,0.9800318852972147
140,0.007327384033489307,0.0016679283657444084,6.675324150156947e-06,0.0012161344580817676,0.9897818778185344
141,0.016747650969026938,0.0017519693892635968,5.8366075207659e-06,0.002393036866330011,0.9791015061678586
142,0.0053649969486158754,0.0005192705407284002,2.193548039325412e-06,0.0009703060581863328,0.9931432329044302
143,0.012383582607114819,0.0012111407025359744,1.0650507846142675e-05,0.0016265312218326667,0.9847680949606703
144,0.002965447149870857,0.0004801442645833531,7.011304544507955e-06,0.0012320514572690393,0.9953153458237323
145,0.01576349855811168,0.0017241262366470282,1.1875376931929947e-05,0.002906707868498347,0.979593791959811
146,0.05344759513227906,0.0024613035561417197,1.018615694229048e-05,0.003042050346880461,0.9410388648077564
147,0.06885920901094289,0.00326163067464074,1.0537868593999371e-05,0.008406379085761882,0.9194622433600605
148,0.11381883523721034,0.005279888000598995,1.9054705261999724e-05,0.011450145565274836,0.8694320764916539
149,0.08157976092088041,0.00704261033228559,3.180651487607182e-05,0.011906456091624884,0.899439366140333
150,0.04092631923457266,0.0027076417213021046,8.525060317231126e-06,0.010558055083267367,0.9457994589005406
151,0.004759077733367728,0.0006066738741688737,4.390765587085996e-06,0.003983775808920874,0.9906460818179554
152,0.03809676562523076,0.0017298597865481706,7.672487548629805e-06,0.0025550843016580596,0.9576106177990142
153,0.0027622452434722666,0.0003359378112249665,5.125068138046295e-06,0.0007336767960483353,0.9961630150811163
154,0.006111512404199908,0.0006654234049012363,1.0360159535808596e-05,0.0019439925145402824,0.9912687115168228
155,0.023593830874648038,0.001524815391562832,1.310229143042632e-05,0.004929606310049426,0.9699386451323093
156,0.06004939581534016,0.0023216659532904653,1.0644061232654326e-05,0.0033364832510310214,0.9342818109191057
157,0.20914389107576337,0.00815787803557362,8.510325304574198e-05,0.018567555319918924,0.7640455723156984
158,0.10793562558852356,0.0037413591726449128,1.738662562947326e-05,0.01856978711999048,0.8697358414932117
159,0.01527579561771457,0.00189764737366289,1.2472944716907625e-05,0.010321157104374075,0.9724929269595316
160,0.10178720711759684,0.0040415341210149145,1.8188780620104394e-05,0.02511362043507986,0.8690394495456882
161,0.16294834098004515,0.011260234586363166,6.60950912750579e-05,0.07351250075914668,0.75221282858317
162,0.34337167491493187,0.0349629577593527,0.00011155255409287386,0.15128860612887088,0.4702652086427518
163,0.26886531164458843,0.042273400583673945,0.00011123868217722697,0.2664360913405048,0.42231395774905556
164,0.05266527084310188,0.036982908653708055,9.860356295327569e-05,0.12443894112741652,0.7858142758128204
165,0.17892471063809737,0.043560400891275004,0.00013674727740168756,0.19463166808305382,0.5827464731101721
166,0.029960360962385163,0.015708242553998795,3.212117098686126e-05,0.033934735371995775,0.9203645399406334
167,0.25124757448052654,0.019070823204294568,4.562134069285535e-05,0.04434965379491555,0.6852863271795705
168,0.3487615524043559,0.04588361823709133,7.613915092686516e-05,0.05009659906571861,0.5551820911419074
169,0.34890219979475506,0.06247129396135187,0.00015320199938860732,0.06284809013969907,0.5256252141048053
170,0.12712867343556294,0.6110369080747003,0.0011513836528634848,0.08142212867587131,0.17926090616100193
171,0.07999991898943894,0.23281143656654246,0.0003126089336040401,0.08281340113806973,0.6040626343723448
172,0.18656808714573486,0.10415363807844444,0.00016775574673015146,0.058334295435446375,0.6507762235936442
173,0.0067407585626222295,0.004290128896277099,0.0002313972991723761,0.00111450767403363,0.9876232075678947
174,0.023382279469871516,0.003676715368612154,4.959117163442316e-06,0.0016682970267914267,0.9712677490175615
175,0.6387471844608921,0.03987687361706655,7.824393560780417e-05,0.011040674043829109,0.31025702394260446
176,0.33204909434285096,0.009362126050312242,2.1238829526324576e-05,0.00512696752851959,0.6534405732487909
177,0.18067978930523726,0.01855692197144807,6.967838345234757e-05,0.014218999439374732,0.7864746109004876
178,0.7327599598371932,0.04907877404408197,7.777050759552568e-05,0.04560369128550359,0.17247980432562582
179,0.7625310003268994,0.1472927770814079,0.00016533374914970002,0.04884092958673583,0.04116995925580742
180,0.11674169432684459,0.8576043882712158,0.003340224202362837,0.008498523891713846,0.013815169307863126
181,0.11182186713648956,0.8630799941534376,0.0022177035616068293,0.01261152600754991,0.010268909140916209
182,0.05966661766178164,0.9255659684350295,0.0012012894509223053,0.00792025315522828,0.0056458712970384
183,0.02412639487858073,0.8968573202016746,0.06569016739384534,0.00843944129461586,0.004886676231283508
184,0.045289244090161246,0.8862967885172046,0.058549171611834136,0.0031448699242307733,0.006719925856569266
185,0.027485700968028954,0.8962887743667802,0.0702542465221516,0.0015227744749971182,0.004448503668042109
186,0.008763411306044652,0.8173754635293091,0.16871006822495818,0.001923779032347751,0.003227277907340315
187,0.007283117459708912,0.8349309623345099,0.15275024341542862,0.001561773852544885,0.003473902937807853
188,0.006375207410568232,0.825334735312495,0.16420316485401704,0.00047154158619065056,0.0036153508367291042
189,0.005574938668716054,0.378765530433904,0.6058051235746397,0.0008009171945490755,0.009053490128191307
190,0.005852913802751178,0.33891618054510375,0.6484530603653157,0.0007357036516822874,0.006042141635147191
191,0.013036555477385992,0.6407361110967416,0.32052654728087754,0.0015951586835501609,0.024105627461444547
192,0.007506530947229627,0.3082623986932015,0.6751927878535708,0.001159868619796585,0.007878413886201505
193,0.01683668448938733,0.35620667633809733,0.6080604533368937,0.0010379667118155759,0.017858219123806
194,0.013824968175106294,0.3953377986498796,0.577867024519483,0.0007419946224758629,0.012228214033055228
195,0.005178028318860063,0.16015015564814777,0.8296999892780581,0.0006428311805173653,0.0043289955744167
196,0.006158446715306263,0.17878375125436155,0.8104140478684365,0.0005859384651686803,0.004057815696726967
197,0.0017533794084633372,0.11952859186845283,0.8756530084779657,0.00015532374674700827,0.002909696498371144
198,0.001143698864176698,0.11422236935183706,0.881734480740685,0.00012304924825037853,0.0027764017950510198
199,0.002019299984890529,0.1855075446120875,0.806966667149764,0.0002999470347246673,0.0052065412185333185
200,0.0017515849636820654,0.14631779947772622,0.8481953939778946,0.0005260805589596652,0.003209141021737575
201,0.0007262012206295239,0.08126023348319455,0.9159079925461697,0.0001230836650306633,0.0019824890849754846
202,0.0007172768466663685,0.07002668524820273,0.927636237046909,0.0001512016914135538,0.0014685991668083615
203,0.0005571687797499236,0.07153262550933716,0.9267380548546966,0.000117425292357825,0.001054725563858702
204,0.0002827407944965066,0.048203745205768755,0.9501984841313293,0.00010491868550296325,0.0012101111829025792
205,0.0003221417892914481,0.05261335213941695,0.9456293633620516,9.454302542658356e-05,0.0013405996838134094
206,0.0004501477452379922,0.04848322595993014,0.9493502731914443,0.00013560944358725145,0.0015807436598004477
207,0.0005321667091441525,0.05149677035810506,0.9463599981538796,0.00023293770797983332,0.0013781270708913644
208,0.0005164668324688849,0.05243705500625705,0.9450174199260097,0.0001237443794366159,0.0019053138558276326
209,0.00947824772555712,0.39501581823674875,0.5900954533710313,0.0008410989781551926,0.004569381688507693
210,0.0027601586507439804,0.1279531946938146,0.8669477030748072,0.0002311739563948116,0.0021077696242394156
211,0.0008512515146487539,0.10970533709420746,0.8879170050951285,0.00011717719090125862,0.0014092291051139585
212,0.0017514474675379757,0.12481548413703496,0.8708846871818761,0.00013246594986370664,0.002415915263687243
213,0.0005113948788569234,0.07961486377361567,0.9184924773272929,9.216330553591215e-05,0.001289100714698564
214,0.0011274219176656561,0.10888289124736622,0.8873724725713781,0.00016774666490386287,0.002449467598686183
215,0.0024620466079065674,0.12214056911888198,0.8724818157940654,0.00026648649965147105,0.002649081979494607
216,0.0013888706522567724,0.11177230837303392,0.8844439329225888,0.0002024036851725934,0.002192484366947854
217,0.0011138959289820523,0.09376455464141718,0.9027611453386958,9.131222302351743e-05,0.0022690918678817417
218,0.001316229590609081,0.09329398605070766,0.9035080828373545,0.00016052513149121834,0.0017211763898374954
219,0.0009113048958937932,0.07619086381367657,0.9197063518556791,0.00013198415714567262,0.0030594952776049266
220,0.0004997946286759389,0.09498202872797368,0.9018905853553303,8.505553061400887e-05,0.0025425357574059885
221,0.0009735659126093051,0.12277014483209893,0.8735619909125942,0.00014955959551371013,0.0025447387471837506
222,0.0006713867899156334,0.12709547102960606,0.867541965577771,0.0002495511446946001,0.004441625458012797
223,0.00042438279681233476,0.08489820696733771,0.9117048685166527,0.00014832631362974186,0.002824215405567462
224,0.0006381384032689961,0.08341797605094782,0.9134493642300621,0.00014381529346007952,0.0023507060222608613
225,0.00030316927765868006,0.04238319703073794,0.9558189504768005,5.335027500993714e-05,0.0014413329397929865
226,0.00023665107999228197,0.04135213470573458,0.9575979081775015,7.682591596892953e-05,0.0007364801208027945
227,0.000657361177320642,0.06435120161751147,0.9332418040143435,0.0001992979974638517,0.0015503351933605079
228,0.00038082590422558525,0.07069339483966539,0.9259632511483593,0.00011894466128038712,0.002843583446469584
229,0.0005447346894681601,0.04936419867603643,0.9471085334229319,6.177174687484066e-05,0.0029207614646884843
230,0.00042896716012969974,0.06652725547746106,0.931170224298986,8.605516074797742e-05,0.001787497902675274
231,0.0009291603989137818,0.10671655364037214,0.8875925995090461,0.00015900267239728335,0.004602683779270742
232,0.0006841826102931572,0.06421879003787323,0.9324516831027623,0.00011687455257183834,0.0025284696964993475
233,0.0004945828921874715,0.06139630198595254,0.9364386211840907,0.00012320848526541688,0.0015472854525040512
234,0.000729901001558755,0.11279153998558714,0.883144108850683,0.00015403614843887897,0.003180414013732266
235,0.0005026424440488127,0.07225010270133193,0.9258358001542647,0.0001387924603301294,0.0012726622400244996
236,0.0002930453888675525,0.03808760367121617,0.9599154908171998,8.178043609999399e-05,0.0016220796866165711
237,0.0002454163295467152,0.03392913320064253,0.9642780545281864,5.107341035783581e-05,0.0014963225312666303
238,0.00041340955403761136,0.054992058846938335,0.9420215501397555,0.00010050930658845742,0.002472472152679992
239,0.0003036580469517432,0.0437185267098524,0.9543384850626679,7.749988586716662e-05,0.0015618302946607363
240,0.00026394219744655935,0.045941039644287855,0.9522816965037133,6.76684077753574e-05,0.0014456532467769778
241,0.00042944986354361204,0.04129779055008552,0.9572486686150502,6.618027523561047e-05,0.0009579106960850163
242,0.00027255368134832355,0.050830824550934024,0.9473677452630438,9.112009116976615e-05,0.0014377564135042457
243,0.0019161680043192023,0.10224570495931165,0.8905528648457294,0.00032588396782908696,0.004959378222810712
244,0.001989530396870082,0.5134149781687273,0.48155882331033184,0.00023441071148399718,0.002802257412586702
245,0.002200658775181037,0.19480945035016786,0.7998065511812036,0.00019871981786900004,0.0029846198755784582
246,0.0012863969724163685,0.14130807506669668,0.8555142702257439,0.00018299759671364387,0.0017082601384294733
247,0.0005971581895554446,0.08285562529493659,0.9150454281976472,8.789132314397084e-05,0.0014138969947168755
248,0.0013095611091845562,0.1857077224102239,0.810078078214055,0.00024581747910159586,0.00265882078743502
249,0.0007739733801295236,0.11988215464617273,0.8764672291422299,0.00022013014940708593,0.002656512682060748
250,0.0019573979374731426,0.10342954077894528,0.8926944221141633,0.00026005963241180146,0.0016585795370063587
251,0.0011315785709822795,0.0763720906151024,0.9205604057175144,0.00026878613500231117,0.001667138961398648
252,0.0006825369938991043,0.08374628801632157,0.9138518846582366,0.00012582674021317512,0.0015934635913297604
253,0.00028176227196381536,0.03634874438034536,0.9623342753970875,4.3210976486791974e-05,0.0009920069741167481
254,0.0003511249358406819,0.03586765727748065,0.9627713822552325,4.4107188073505056e-05,0.0009657283433727613
255,0.0010702128758469133,0.05738382619651207,0.939892542097061,0.0001274209745968218,0.0015259978559831358
256,0.0006281036806814332,0.030970993144027268,0.9652267274523598,5.711227659355296e-05,0.003117063446337874
257,0.002015806782847456,0.06902258918892328,0.9261853992992118,0.00023877335946568496,0.0025374313695516056
258,0.00046037485118974775,0.029782035591002266,0.9684814968469895,4.6991780782577025e-05,0.001229100930036013
259,0.00045472942788393343,0.04725366122608744,0.9505631838870746,0.00010248636726123735,0.0016259390916928235
260,0.00029416602518090337,0.03607141631105526,0.9623484307085289,5.635952859275458e-05,0.0012296274266420748
261,0.00016439381699468098,0.019879923294431362,0.9795211420737371,2.320135847195489e-05,0.0004113394563648561
262,0.0002450325960279388,0.030989780773680295,0.9680444632402248,6.67771661169853e-05,0.0006539462239499826
263,0.0002509754572945818,0.027142064055673116,0.9719957816186976,4.445742287798534e-05,0.0005667214454565571
264,0.0003704293889304977,0.043548648866201384,0.9541063205796169,7.804187286251237e-05,0.0018965592923885224
265,0.000421006751558806,0.038938832032905435,0.9594433444426196,6.323073390444316e-05,0.0011335860390116054
266,0.0002725232144625949,0.03838449676646648,0.9602085757188581,8.104903226413611e-05,0.001053355267948766
267,0.0005807142357228353,0.05239025528227532,0.9446458331738226,0.0002096340327116226,0.0021735632754674794
268,0.00035297200955748404,0.044842444556773345,0.9538126260425603,0.00012192449661259597,0.0008700328944963873
269,0.0006550224266205531,0.07134012559992345,0.9258935696812294,0.00026211075617482645,0.0018491715360519918
270,0.0010148244921845719,0.138742777242967,0.8566534485654103,0.0008390707862444161,0.0027498789131936924
271,0.002926089502933469,0.18583689743130777,0.8017464023275792,0.000929432437246769,0.008561178300932715
272,0.015029752624193312,0.6001367702555791,0.36763445846673565,0.0031781472368556363,0.014020871416636453
273,0.07426151082833804,0.7233300464555354,0.11551077862859349,0.006080909349677595,0.08081675473785543
274,0.03586402507301572,0.8816167423737028,0.06704499429887074,0.002713220060296417,0.012761018194114352
275,0.04951927596912825,0.9234756187250326,0.020518418062620714,0.0025651596664866385,0.003921527576731777
276,0.03640046322521773,0.7800927707269071,0.17751047648946477,0.0019331120437643453,0.004063177514646236
277,0.043341848894019576,0.7553816813902838,0.17352095840702908,0.006389852669734594,0.021365658638932746
278,0.031622762736173426,0.9264222201209084,0.03396862959379015,0.0035839995750031038,0.004402387974124891
279,0.025109194694783638,0.8948304046813584,0.06271742718709758,0.004014965222833961,0.013328008213926318
280,0.04004718359469347,0.681200980381083,0.2513373984616837,0.008915756532075889,0.018498681030463964
281,0.03514650467998006,0.9390632058409812,0.016539140747349065,0.00251981112792617,0.00673133760376374
282,0.048050135212020645,0.7659606375884861,0.14325110142955225,0.003754257208570273,0.038983868561370885
283,0.035610218586837945,0.9355794459853175,0.02085503915750463,0.001518593248827932,0.006436703021511924
284,0.017123173116961675,0.9436349272559572,0.03395626309073094,0.0007135600321922885,0.0045720765041580005
285,0.02223923442623594,0.9488404615260327,0.021552618329430024,0.0011296175939208217,0.006238068124380592
286,0.013208310160413116,0.9731262980674781,0.011028436116936062,0.0013076223938175468,0.0013293332613551552
287,0.029570037983706814,0.9319388198190816,0.030954131899699436,0.003171805595657433,0.004365204701854746
288,0.013560964931292482,0.9313121375725905,0.05121326931328478,0.001886308522910561,0.0020273196599217393
289,0.01292052337056004,0.8825846927128378,0.09678116723793395,0.002135241176149956,0.005578375502518169
290,0.004803579398719057,0.9539851775451715,0.03872494101460909,0.0008794434384552369,0.0016068586030452158
291,0.005266281290643348,0.9012730843824537,0.08824304180585041,0.0008514066435528632,0.004366185877499738
292,0.013698605574990174,0.7001652769657982,0.2676752137109049,0.0017639221793728768,0.016696981568933768
293,0.020800653875743643,0.9692326189683965,0.004969038141136929,0.002002443904151717,0.002995245110571271
294,0.004591836783826211,0.5346922760939087,0.4538702257391991,0.0008223088162474756,0.006023352566818556
295,0.009996355323678744,0.9605180323359275,0.026057144256125427,0.000995972395228055,0.0024324956890402713
296,0.005327938234113996,0.7208312462950592,0.2695948152686713,0.0007403783383864196,0.00350562186376888
297,0.0053350508280179225,0.8712851143738478,0.1191087919330204,0.001399755674071657,0.0028712871910420903
298,0.004457325255101866,0.6263715549310217,0.36493729317686163,0.0006111984903427759,0.003622628146671953
299,0.005348672030530066,0.7242153451211379,0.26661179131775015,0.000647686796545097,0.003176504734036805
300,0.007939937588844094,0.45117278197002897,0.5342411346259154,0.0005081356060169598,0.006138010209194593
301,0.006148776782692814,0.46102861376479753,0.5267939791218278,0.0008209153683917081,0.005207714962290175
302,0.00374174331704127,0.23184937726454313,0.7611610549916125,0.0004178049455806173,0.002830019481222433
303,0.004324194407862417,0.27052118156784344,0.7200735915064155,0.0004592767791427972,0.004621755738735987
304,0.0038016923968205375,0.1985398728112777,0.7946809024614737,0.00044614618764867976,0.0025313861427793804
305,0.006021918345605982,0.28599381105987154,0.7036296372767674,0.0006067639803261528,0.0037478693374291025
306,0.0066180601305745905,0.32546074940040814,0.6625382539381439,0.0007758941148258133,0.004607042416047573
307,0.005437324985171718,0.2947128319732655,0.6947062777460642,0.0007894148404615269,0.004354150455037043
308,0.005764974342066413,0.29050107559583266,0.6990350034507403,0.0008864049770599034,0.0038125416343006376
309,0.004213296468498551,0.39804902430106737,0.5940503295250821,0.0007146665694183776,0.002972683135933706
310,0.005249109513347697,0.3111997202697691,0.678621249259481,0.0010542440112603288,0.0038756769461418886
311,0.011872524895989424,0.4433260111637151,0.5375907027399736,0.0010289691681416525,0.006181792032180206
312,0.0036243039255267045,0.3657285061578366,0.6255092250029071,0.0005839117855723911,0.004554053128157261
313,0.008343212022239175,0.31122821754168234,0.6738916644363961,0.001073254239723279,0.005463651759959077
314,0.005419957210220689,0.29156394233489497,0.6987458467682004,0.0009016659438919859,0.0033685877427920468
315,0.006475559195227619,0.17905968082178503,0.8098395930080393,0.0009371448182881153,0.0036880221566599064
316,0.03514302250155712,0.3782837548542692,0.0456705826581978,0.000866606783876021,0.5400360332020999
317,0.03909231496506428,0.9153085197016142,0.0397176650782702,0.0003151482837046903,0.005566351971346548
318,0.010502373314814873,0.2552989675599716,0.7293911750323565,0.0001649510041387964,0.0046425330887182184
319,0.010982761554076138,0.3432984039850313,0.6384837939079824,0.00016279769307667397,0.007072242859833529
320,0.0014004139678812505,0.24956869660637088,0.7469201173451367,0.00022990104572654394,0.0018808710348846502
321,0.0014533987543437624,0.126040819817271,0.8702009598451382,0.00022169810395071104,0.0020831234792964854
322,0.0011230665912000844,0.1670126346330145,0.828845643172881,0.0003037190882711871,0.002714936514633211
323,0.005373688597631941,0.18067397992537024,0.8079169022601769,0.0008763305044798986,0.005159098712341168
324,0.013175486687999836,0.6163153237414866,0.3595144670998953,0.0011268169787694855,0.009867905491848534
325,0.012833906514570862,0.5116925448922335,0.4647136228588728,0.0017645938388988797,0.008995331895423741
326,0.01034221407619088,0.374485324508719,0.5970375559575961,0.004837670218863599,0.013297235238630328
327,0.010637365719451727,0.9780032102834175,0.005330795047391355,0.0028271615314661848,0.0032014674182733196
328,0.007049148757941659,0.6913082877970121,0.2853534756434771,0.01003639325389583,0.006252694547673268
329,0.01236150637753139,0.5263365754975532,0.4140833645736655,0.03155032611377709,0.01566822743747268
330,0.09517577007636129,0.08753246358824567,0.0005367821758476407,0.7711361428184291,0.04561884134111638
331,0.08951357104781944,0.2900385921254688,0.0012634956243203067,0.5659330285391914,0.053251312663200066
332,0.02611536499996413,0.018822921508856078,0.0001416464386187604,0.9292017979041753,0.025718269148385684
333,0.0623702686646963,0.037550750405742184,0.00011715704461809149,0.8855236862465933,0.01443813763835008
334,0.029047542026818758,0.012968016650792811,5.599840024799215e-05,0.9424123484622962,0.015516094459844294
335,0.02113548043473763,0.006896171175820601,3.3500556561427514e-05,0.949026765629195,0.022908082203685436
336,0.016413318697642537,0.0049477279862933056,2.9761931491921176e-05,0.9636097931979506,0.014999398186621795
337,0.027411008848715775,0.005779945319868572,0.00012761978051513374,0.9090201649133879,0.057661261137512736
338,0.009315966142904955,0.0029145983142277302,3.5613020359338184e-05,0.9560041621778321,0.031729660344675795
339,0.013362405401808303,0.0025196302982955334,6.45835394927133e-05,0.9513484878762701,0.032704892884133356
340,0.013440862408822541,0.0047643377214650956,9.282179682572926e-05,0.9523024048882739,0.02939957318461277
341,0.015386302201422153,0.004444409480172877,7.974403611317259e-05,0.9423824773075695,0.03770706697472223
342,0.011630784650511055,0.004820767641790437,6.534255298346657e-05,0.9530938407370482,0.03038926441766684
343,0.023172048495858168,0.004911808170473073,0.00010903130231009976,0.943826709161593,0.027980402869765705
344,0.008851767926072372,0.003396401162956606,5.7998129176286397e-05,0.9736402235932949,0.014053609188499959
345,0.007229804186236687,0.0023978744355450886,6.0948595743436916e-05,0.9763453553408609,0.013966017441614006
346,0.003377931057692022,0.0011225787862082616,4.2033245988861735e-05,0.9856309230330126,0.009826533877098342
347,0.00771570769258856,0.0038478223961812916,4.1360264180204436e-05,0.9618182667403374,0.026576842906712663
348,0.011902045477068702,0.003979877295378569,5.7591918064396834e-05,0.9676371042608631,0.016423381048625178
349,0.016784147509746234,0.005214967537098317,5.914126830792595e-05,0.9660290172506946,0.011912726434152913
350,0.01781855771837857,0.0031541866776059802,0.00012942217644716406,0.9544839244921804,0.024413908935387713
351,0.014274612048488497,0.00998443697461484,6.809673130482293e-05,0.9102041794110223,0.06546867483456968
352,0.016128693868274643,0.003511012562139826,6.898254608017626e-05,0.9599882707065185,0.02030304031698666
353,0.01616625439064109,0.0045156771635795805,0.00013971003920644273,0.9335894589137271,0.04558889949284564
354,0.018733268154248858,0.004618567625134685,5.419221231390144e-05,0.8261747982495217,0.15041917375878097
355,0.019789481139436637,0.0031100884104043355,4.23807638241311e-05,0.9143809563371516,0.06267709334918346
356,0.036595804724987774,0.004859251666326777,8.704723683999191e-05,0.9016161044141879,0.05684179195765761
357,0.029603742898813675,0.003014470708590891,3.098668063277463e-05,0.9453071757081025,0.02204362400386013
358,0.022507550067740002,0.004116176504726821,4.0646515901174384e-05,0.8976018738488551,0.07573375306277692
359,0.013804258258914232,0.0030716357105492944,2.1347665937874178e-05,0.9728086503843772,0.010294107980221307
360,0.010400122921193125,0.003869943532836224,3.451021477707229e-05,0.9799708397038215,0.005724583627371932
361,0.012772272929794538,0.0032666735099996726,2.5113436543894178e-05,0.9740431715117855,0.009892768611876355
362,0.00801368606525735,0.0036351884068116587,1.653205908086415e-05,0.9795908767283072,0.008743716740543014
363,0.01343258161562663,0.0040747975367791695,2.643951702925519e-05,0.9363775143371962,0.04608866699336879
364,0.01527672921282226,0.0032753134570707282,1.4862781516694042e-05,0.9724731086260316,0.008959985922558632
365,0.04377551944634703,0.0032901830320262496,2.9833430028470858e-05,0.9220317216803128,0.030872742411285386
366,0.039866511504591494,0.004486932084681037,4.3918205778327214e-05,0.9341092497475935,0.021493388457355538
367,0.03728557209988619,0.017688644849744296,5.039989366313531e-05,0.7668928445366855,0.17808253862002088
368,0.0362292748167006,0.007281506389296734,3.3281625217458625e-05,0.895358919224753,0.061097017944032196
369,0.10011593165041677,0.010440477583549282,3.890040494751292e-05,0.6281097807402631,0.26129490962082336
370,0.0673291670482048,0.008558415196600637,3.9299109920727716e-05,0.12559885146569266,0.7984742671795811
