epoch,N1,N2,N3,R,W
0,0.014318657049672424,0.01097991611088508,1.1562173470733856e-05,0.001793856777703344,0.9728960078882685
1,0.0073738756869015,0.0009844646599187004,1.3404618130362286e-06,0.0006565602755202596,0.9909837589158466
2,0.01081762784741855,0.0036820997156140362,9.424816675995449e-07,0.0009372556304015936,0.9845620743248982
3,0.04344793053012576,0.0071313284064176774,2.6240106623216694e-06,0.0015483293667002556,0.947869787686094
4,0.11556023537743292,0.008019719450001189,2.8153529182721554e-06,0.007196356992837873,0.8692208728268097
5,0.05212642277751807,0.007773699381910777,3.0073960368470078e-06,0.0026539478430960043,0.9374429226014384
6,0.11438107359832791,0.009395406226034,5.463937254718825e-06,0.005322142787185786,0.8708959134511977
7,0.18564518773895136,0.03885179996932867,5.426110029822557e-06,0.0181107048187908,0.7573868813628994
8,0.03807533286430022,0.004061390790022558,2.9778848902213436e-06,0.003810855491084257,0.9540494429697026
9,0.4614146367810637,0.05784580328901372,3.085659038620102e-05,0.06148501167654077,0.4192236916629956
10,0.28850062687820577,0.08025047375549808,0.00023063370668559885,0.16614362603340438,0.46487463962620623
11,0.0172922825641516,0.002408961608583052,4.2392508110655096e-05,0.003065053412751488,0.9771913099064033
12,0.449799827482736,0.028227446717637404,3.140282480705205e-05,0.07567634490390955,0.4462649780709099
13,0.4781862587200773,0.10964496580662242,7.014658544387749e-05,0.12552698003999407,0.2865716488478623
14,0.2685407334323268,0.3922816886335854,0.00435219346887245,0.050585715715425715,0.2842396687497897
15,0.34185563542227476,0.13310275162580426,5.15744696019449e-05,0.41187319902700936,0.11311683945530969
16,0.11429482784413124,0.6645967806274048,0.0015414956780584862,0.08559459557568458,0.13397230027472087
17,0.25347286580925443,0.24706780746981497,0.00016292788560788338,0.2808768208608942,0.2184195779744286
18,0.34034024340049396,0.4148422358080065,0.00037469579882868845,0.19048935161846903,0.05395347337420169
19,0.19039760469593842,0.6942004897194006,0.0019945931424462794,0.07369473702740059,0.03971257541481415
20,0.09010122531394665,0.8663243033473007,0.012964347690343603,0.009250571082053372,0.021359552566355636
21,0.028358644833460192,0.9539966539724584,0.00332139495754179,0.005552164654671083,0.008771141581868551
22,0.03886519903552338,0.936191784325706,0.005692504064321229,0.006845623600978826,0.012404888973470576
23,0.020032049234520816,0.9111562155743723,0.04898625533323364,0.0056979901451024075,0.014127489712770908
24,0.006444703316716253,0.8674273103763998,0.10681811561132117,0.0008728061989952125,0.01843706449656771
25,0.026598153858203123,0.9285690038482011,0.022529021334875044,0.001495650910359899,0.020808170048360896
26,0.005056995528558058,0.8968491503465771,0.08203092061868396,0.0006511267448874535,0.0154118067612934
27,0.009113914158151272,0.28074754315629186,0.681572027421091,0.00030000944905204144,0.028266505815413713
28,0.014304896998830858,0.6940276403121839,0.27400747948981913,0.0005751729465125548,0.017084810252653664
29,0.010021153605774737,0.7670803115451263,0.20693700728899747,0.00040526440516366245,0.015556263154937699
30,0.010809161959650133,0.4656532728402026,0.5068854060696755,0.0003429610491971681,0.016309198081274533
31,0.0024815712945075543,0.3792200478734357,0.6093895995182618,0.00012819266516237332,0.008780588648632614
32,0.006169794437822136,0.3873451306623006,0.5968000618146238,0.00015299288653444992,0.009532020198719033
33,0.0041820896453677765,0.4935677096482171,0.49306397863592233,0.00011417683113816941,0.009072045239354785
34,0.003167292295769013,0.4271686870974604,0.5622087639080798,8.244774498236529e-05,0.007372808953708487
35,0.0049072756821699455,0.6252507778669435,0.36029204820165056,0.00010498449769642808,0.00944491375153954
36,0.001995121419953795,0.1464794739121873,0.8481066416669905,3.7047339936609575e-05,0.0033817156609317065
37,0.0018826551660335008,0.20690651519894637,0.787189193039929,4.828538374440375e-05,0.003973351211346685
38,0.0018202457509110786,0.22456771442129875,0.7677387809667091,0.00016012274791825693,0.0057131361131627905
39,0.0021410204671657965,0.0630277284056044,0.9321474364957477,6.152982498178101e-05,0.002622284806500209
40,0.001884049738411907,0.15403081574984367,0.8387624070924475,0.00012004272701316469,0.005202684692283734
41,0.05859251753309747,0.45551128799125545,0.4501464305549905,0.0007567921473763097,0.03499297177328025
42,0.017668953707597704,0.6826989052183922,0.2876972671114602,0.001146439139425517,0.01078843482312439
43,0.028837143335677034,0.507077565413837,0.42795805543141824,0.00048623327000486854,0.03564100254906293
44,0.23751605687299635,0.5967041354959463,0.0025639947181561673,0.0009779561406378374,0.16223785677226335
45,0.03160219464334848,0.8362922885973179,0.11763501572744442,0.0003358760002264171,0.014134625031662849
46,0.02705230781283209,0.6230367509824186,0.3351052113302668,0.0006915978334812012,0.01411413204100132
47,0.06810785228623138,0.818151160872013,0.09661376215854378,0.001045461047269581,0.01608176363594218
48,0.035380007050913535,0.9321705572974734,0.02310531187717521,0.0016027905518595162,0.007741333222578477
49,0.017114722371514533,0.6664200518258528,0.3102648166863814,0.0008835623202017523,0.005316846796049403
50,0.03767841766158834,0.7545696491554591,0.18853054761592308,0.000332997586485234,0.018888387980544194
51,0.29595473432299074,0.671670408720549,0.004437006286974583,0.0012187580107285397,0.026719092658757177
52,0.028107671182383238,0.7464863675815675,0.2170046391541694,0.000183120343308513,0.008218201738571433
53,0.04065991959899525,0.8886377274795665,0.06179459622659298,0.0003367894008984186,0.008570967293946928
54,0.009835866503967113,0.42860734823700314,0.5580646960610177,0.00014555435026015643,0.0033465348477518487
55,0.004193458695400744,0.7296114572554216,0.26185725751315375,0.000212449547494646,0.004125376988529046
56,0.004586403592688064,0.3160078894440962,0.6759212142969676,0.00013722033670029253,0.0033472723295479893
57,0.001855976132962699,0.09589507862697622,0.89977486499833,5.269406612054062e-05,0.0024213861756106486
58,0.0007599617017245875,0.10718512863350436,0.8901157301301037,2.883173484464931e-05,0.0019103477998225372
59,0.0014797601276596742,0.1776465362426037,0.81845080882059,6.359263857389683e-05,0.0023593021705727883
60,0.0003897679316942538,0.07760136452908109,0.9207709046374416,1.8857814887128474e-05,0.0012191050868959144
61,0.0004840376890396301,0.06398135700155524,0.9338466650219894,1.4931236886226954e-05,0.0016730090505295142
62,0.00033318440583258145,0.05076685641753611,0.9477141874111533,1.5084598292181895e-05,0.001170687167185671
63,0.0010388537150411163,0.11351902298108779,0.8833739731793218,2.7577519330662652e-05,0.0020405726052187345
64,0.0002852293746863693,0.0409736303659283,0.9575837147070537,9.15072905963859e-06,0.0011482748232720516
65,0.00026976941689154955,0.04569283323554338,0.9513426688051992,2.2497228200992003e-05,0.0026722313141648627
66,0.0003922046736614382,0.09008029809511327,0.907084862200578,3.44258172544795e-05,0.0024082092133928755
67,0.0006293495663486568,0.04484654174459397,0.9509802213946769,3.700785482326816e-05,0.003506879439557241
68,0.00109097443917437,0.10426759538163201,0.8903293692810142,5.548253258500073e-05,0.004256578365594371
69,0.00010241427316541673,0.021383664307481457,0.9779184289107289,5.669025041681518e-06,0.0005898234835827086
70,0.00023399610281046008,0.05611420254688009,0.9423107101270862,1.3953734175186467e-05,0.0013271374890478842
71,0.0007454898642418416,0.08714508866366168,0.9053177641950888,5.9644412439875425e-05,0.0067320128645676335
72,0.0019187042193483217,0.24398219333408797,0.7497455578159454,9.490413004764495e-05,0.00425864050057063
73,0.0006860908841816438,0.0896732816470232,0.90368766029999,3.438555624055342e-05,0.005918581612564593
74,0.0003968237750377592,0.04309670772030579,0.9548051738427064,1.3282777879842595e-05,0.001688011884070208
75,0.00023959599540765355,0.037657825896367576,0.9605266435819452,2.0850137790443286e-05,0.0015550843884891954
76,0.00013211332206881595,0.027777365421512625,0.9707012429067028,1.3165085281234377e-05,0.0013761132644342993
77,0.0002316809286563588,0.05579730099779555,0.9426935227197787,2.1148674645784114e-05,0.0012563466791235879
78,0.0002074065649179936,0.06522994572024615,0.9336972630081394,1.9690495642050486e-05,0.0008456942110546
79,0.00015361348096205486,0.033399441596935045,0.965274315970202,1.2775390928813278e-05,0.0011598535609722287
80,0.00022156626846700316,0.04161459850461741,0.9572832066714434,1.7738951122834495e-05,0.0008628896043493707
81,0.00010344180746305458,0.03864935677613397,0.9602057928005326,1.4222739576947275e-05,0.0010271858762935457
82,0.0001009307966299646,0.026388658602176877,0.972808559516244,1.0288890131548594e-05,0.0006915621948178327
83,0.00020483221576238873,0.07777471956411366,0.9212115986520439,2.4783860622681796e-05,0.0007840657074573582
84,0.0003316490149012862,0.06867514512709263,0.9293643305549277,1.8925756539207385e-05,0.0016099495465391612
85,0.00014339283105196677,0.05909985587977649,0.9400443160751452,2.2560802255310775e-05,0.0006898744117711361
86,8.686632017434887e-05,0.03746335933093119,0.9618637561858564,8.570598036860179e-06,0.0005774475650014136
87,0.00017342586108318677,0.05391762995137259,0.9447477862257464,1.3848311040417149e-05,0.0011473096507574536
88,0.0001561552122723223,0.026975049581248668,0.972226053438566,1.869484964446375e-05,0.0006240469182685992
89,0.00022988957233193428,0.05128722008553835,0.9472534338004017,2.5170694563804093e-05,0.0012042858471640646
90,0.00017402000490277433,0.03486935559393791,0.9641341708425308,1.618278255007684e-05,0.0008062707760782465
91,0.00022358416617943591,0.04558438517166043,0.9535333471408707,1.8425519009149742e-05,0.0006402580022805084
92,8.752606185120264e-05,0.029138382956065006,0.9703164125179599,8.187702550300709e-06,0.00044949076157369455
93,0.00023083503972532655,0.04486569468344142,0.9542496708609456,9.382269766413846e-06,0.0006444171461211991
94,0.00015614877520348357,0.02613276748751483,0.9728877975683088,1.064723821654011e-05,0.0008126389307563103
95,0.0003828065884538834,0.05014708984045436,0.9481008964356468,3.765101667584646e-05,0.001331556118769064
96,9.816628532939254e-05,0.0363372075295445,0.9623753900871961,1.371331315708741e-05,0.0011755227847731358
97,0.00019750488944839117,0.028190657507217012,0.9704914910448997,2.46250023632548e-05,0.0010957215560715495
98,0.00011176469940351526,0.02023818513151656,0.9786495818810136,1.1377063443329284e-05,0.0009890912246230694
99,0.0002180443526540702,0.038195293536840785,0.9607548786774998,2.079992731946436e-05,0.0008109835056859812
100,0.00030683925447010053,0.024528063893052676,0.9744425990533387,2.041501171559344e-05,0.000702082787422798
101,6.510251644127237e-05,0.017746908207805355,0.9817692263216667,1.537670127099109e-05,0.0004033862528153539
102,0.00043587050934839976,0.04101057362676177,0.9573614562302871,5.986298053841244e-05,0.0011322366530643448
103,0.00041048598612967064,0.04170008817467675,0.956027018405306,0.00011984540575411083,0.0017425620281332646
104,0.0007639174169923917,0.0918981933666262,0.904408620038661,0.0002477894198663644,0.0026814797578543392
105,0.0012728556739774507,0.06267820676016288,0.9313562800961497,0.0002732639209610813,0.00441939354874889
106,0.0016547177746727409,0.08331182705660721,0.9081576614986018,0.0006392127762095723,0.006236580893908636
107,0.019132034837522096,0.028151563181683353,0.0029163971225770707,0.0011535333878971345,0.9486464714703204
108,0.16556267985055678,0.7241070608228567,0.029283660855640384,0.0061427009832182985,0.07490389748772776
109,0.21244518605347837,0.42653227170888586,0.010961543928265732,0.0005217475116815171,0.3495392507976885
110,0.5456853618989788,0.40175333496048,0.0005367240659100312,0.001117499594572224,0.05090707948005892
111,0.11032944223355298,0.853677891381998,0.02350948746061865,0.0009991061277188622,0.011484072796111362
112,0.12060957877653122,0.8323958194738315,0.02836527098534177,0.0022778087936532595,0.016351521970642265
113,0.07883003154210422,0.8084785348661991,0.09354697968069847,0.009852512257480892,0.009291941653517193
114,0.015475937268482726,0.8572900770852596,0.11018500162362287,0.011693631005179304,0.005355353017455438
115,0.006944610024908562,0.7565265272188108,0.22479839627494297,0.007795455639806967,0.003935010841530705
116,0.010293216355892719,0.8896703655318658,0.08387913425622215,0.010732581011491452,0.005424702844527825
117,0.0210470558002569,0.9085072900082829,0.019703231981691147,0.04408588507795036,0.006656537131818548
118,0.058639691235762445,0.6738342271076903,0.01167849089140481,0.2457437144748595,0.010103876290283094
119,0.05516283825254455,0.7131927392966237,0.0047454839972747,0.21768714347198373,0.009211794981573127
120,0.13088634608976046,0.6235158419383844,0.004217565534704083,0.2235852811465287,0.01779496529062237
121,0.06416949440490309,0.7209966362850424,0.003723001074370823,0.19499497761061907,0.01611589062506478
122,0.07424998998453992,0.45810254874163137,0.0019220825068421684,0.4499542028487595,0.015771175918227243
123,0.07082500496920446,0.3201608738901723,0.0006925516052693477,0.5863809921367675,0.021940577398586462
124,0.09896878941403599,0.5938633935820615,0.0017866013099938447,0.15425976488530888,0.15112145080859976
125,0.06568741738297748,0.06650574560126264,0.00023401108057993287,0.013303249760999475,0.8542695761741805
126,0.10729609929848546,0.10100523799312641,0.0042833016051377565,0.00797830096045081,0.7794370601427995
127,0.197192700009736,0.5079429214314884,0.03001123521625424,0.01993189921028053,0.24492124413224076
128,0.10984172754741253,0.24963949356022724,0.007326029036666187,0.008433188061968064,0.6247595617937259
129,0.6738243944169288,0.10035868852402065,0.00020108909340848177,0.07081980573252951,0.15479602223311265
130,0.06283957632448878,0.8965072545078933,0.012542700809982425,0.008444537031238031,0.01966593132639728
131,0.3129384410997624,0.6240659845073823,0.0019290387337238246,0.015997414238537715,0.04506912142059363
132,0.5087170284389695,0.3937947345218564,0.000691911595959568,0.062212901243048506,0.03458342420016581
133,0.10446218187299719,0.8520297333964193,0.009028462916171714,0.012184911322144937,0.02229471049226683
134,0.11963134868062836,0.8441160173769943,0.011871434630678752,0.0113514998787895,0.013029699432909192
135,0.12586918107327294,0.6898018820348407,0.14249279376659418,0.005887329986102265,0.03594881313918991
136,0.028597955035900065,0.46707143268770374,0.47915770923964907,0.001640805720544292,0.023532097316202906
137,0.10312097177766097,0.7867678030813524,0.04146807004699498,0.005175524953986934,0.0634676301400046
138,0.049372155566749454,0.7745947727242992,0.1479687208433945,0.003522316728905616,0.0245420341366512
139,0.05205651308640892,0.7981612001302076,0.12981330027990087,0.004491547161716764,0.015477439341765894
140,0.013537338606734641,0.5345968802539518,0.4453940493306663,0.0018165463923849154,0.004655185416262392
141,0.013612174444335202,0.8467625638126356,0.1338905915561094,0.002189786966088976,0.0035448832208309486
142,0.14050219209512388,0.6804666055479682,0.056442677289903195,0.014599041935589554,0.10798948313141515
143,0.02571383226673131,0.9619003924825915,0.007129198548181142,0.0028775720481018833,0.002379004654394094
144,0.06014421932667766,0.6972197644292603,0.2225961547725044,0.002932408138740432,0.017107453332817078
145,0.020798598215830643,0.9575035962905684,0.01581316404214159,0.0030984270465851563,0.0027862144048742352
146,0.008142884938663759,0.8424600669818977,0.14354282329608137,0.003585753643579959,0.002268471139777271
147,0.03998804221620081,0.1782536453592454,0.08025744302996145,0.006230003891297115,0.6952708655032952
148,0.440373946272546,0.5110727353161761,0.0027347662076375712,0.032132920889890934,0.013685631313749351
149,0.0634660432996736,0.7425669441432763,0.17513810154233114,0.0015981851306066973,0.01723072588411257
150,0.41773202639232027,0.5536318195199089,0.0047724871452049554,0.005713546748916254,0.01815012019364956
151,0.010644587217773026,0.9721891642655612,0.010447682871238003,0.004602585449257399,0.002115980196170276
152,0.016102965982808966,0.7842049762310104,0.18485954512993363,0.005804875332499138,0.009027637323747818
153,0.05584474673848839,0.8604634455068967,0.0027763358338979906,0.07621382312523052,0.004701648795486409
154,0.013298799839855605,0.8577557905611192,0.11370594533266924,0.009550172689125539,0.005689291577230541
155,0.04270939870635078,0.9167205943007608,0.007402737431104325,0.029211551171658044,0.003955718390125903
156,0.019269971148395657,0.9551819166133724,0.01759913003420618,0.00540820492759008,0.0025407772764354736
157,0.2026209883195533,0.5391236524025269,0.01829945218042026,0.029608324926269948,0.21034758217122945
158,0.0882767386895819,0.8995901991557853,0.0028259744317509984,0.004760534271494631,0.0045465534513871725
159,0.06253683868071493,0.8952971107604727,0.03440423307881465,0.003439841016354364,0.0043219764636433814
160,0.07778126741046074,0.8300820336058223,0.08277357971235813,0.004405269244147827,0.0049578500272108
161,0.08493898728344991,0.8563787389303648,0.0004692322060466949,0.053855189072171045,0.004357852507967648
162,0.012370032989969573,0.9639097241902437,0.008679769449000842,0.012876256330500074,0.002164217040285781
163,0.02979051734626688,0.84950668553816,0.10293386960668059,0.012300844986664877,0.005468082522227786
164,0.051593546282689653,0.899466085616092,0.0011554827737675002,0.043337411691011,0.004447473636439901
165,0.008526614035680804,0.9506516577243374,0.018649384435128136,0.019870270978883657,0.0023020728259698893
166,0.006904685598937019,0.9577444544807192,0.009984222505522939,0.02317551728858393,0.0021911201262368074
167,0.09400668381932714,0.8174967775642389,0.01436592865120664,0.05559979078896045,0.0185308191762668
168,0.017846898000527637,0.9512869793600287,0.013970292947355993,0.011911346197673983,0.004984483494413556
169,0.03362679673785639,0.9172432333433378,0.026896560366079493,0.01347572665429025,0.008757682898435875
170,0.1202544272072841,0.7119309047973877,0.03328978462964088,0.008346103717801607,0.12617877964788587
171,0.20522031473128582,0.2832249934348463,0.004432499053889235,0.002490240241629726,0.5046319525383488
172,0.10712787688475102,0.8552464086016212,0.012812577925945846,0.001914196293423105,0.02289894029425871
173,0.08020367115823374,0.7247426463888337,0.15576450681070378,0.001412299834177807,0.03787687580805098
174,0.12167956625864418,0.8545596903291701,0.004719327795857087,0.004001336003386293,0.015040079612942165
175,0.0405257921659936,0.919881880355327,0.024706473631153976,0.004452879638139105,0.010432974209386462
176,0.031878666170766595,0.8453566686003805,0.10834509205561525,0.0037416825997901356,0.010677890573447436
177,0.01886512340921741,0.9168635573602282,0.050600646746972115,0.0036006809605613073,0.010069991523021004
178,0.07972146876477454,0.2675320234827354,0.22630917365079695,0.011834056032702848,0.41460327806899017
179,0.07379480073080993,0.5917319194977868,0.06864050100805708,0.006873342574316451,0.2589594361890299
180,0.03005193936435339,0.34248037555443406,0.5710445792564011,0.0038287544055428894,0.05259435141926859
181,0.044331937352115804,0.5960484810824745,0.30454364222637725,0.0059762666295413765,0.04909967270949105
182,0.00398174120491421,0.11388827357196105,0.8777653658756206,0.000625144092080676,0.003739475255423512
183,0.0046788037165630125,0.47641667759345674,0.5113444861952355,0.00141914448580965,0.006140888008935028
184,0.0009661089362611519,0.07292768920435294,0.9225185335393422,0.000190552005883356,0.00339711631416031
185,0.03460772022529068,0.042006667689033696,0.00953952250806382,0.0010125381110944038,0.9128335514665173
186,0.23266249488347454,0.7145278777625551,0.009383553362434526,0.003808535957386456,0.03961753803414948
187,0.02347617836896658,0.9163422561750689,0.048173741689407,0.0009785744385878872,0.011029249327969587
188,0.15345659036334716,0.677479536396628,0.13408860090733601,0.0018014289897576425,0.03317384334293108
189,0.010035797326406214,0.9505439508502127,0.031841713028820204,0.0028024492394122832,0.004776089555148484
190,0.028486573083763293,0.7886074437517374,0.16882960219186652,0.0028047835320210873,0.011271597440611625
191,0.1742926164297745,0.6432098094835931,0.00652331708001456,0.0038970918239925882,0.17207716518262522
192,0.08520831287510011,0.8955305271867864,0.007959884907436605,0.003915330993839987,0.007385944036837091
193,0.08620947889725684,0.6710209217510457,0.2058459151237958,0.0020759341580313226,0.034847750069870335
194,0.1372664427421734,0.8024340833946719,0.007374028896927299,0.02206569601451761,0.03085974895170994
195,0.011512750166552623,0.7852548557877623,0.1951048401984897,0.0026807078292898695,0.005446846017905456
196,0.05030451016261182,0.7463916771381507,0.07530115625289698,0.010970196953062655,0.1170324594932777
197,0.06322213439896376,0.8833150931866475,0.01376717806372747,0.011779619544413414,0.027915974806248006
198,0.049516054243794044,0.7195801389192169,0.054454774696140774,0.006934174317304447,0.1695148578235438
199,0.04344615853084459,0.05874133920695445,0.008586538467675098,0.007274869032520939,0.881951094762005
200,0.06699716381749166,0.03929894148862979,0.00018645434866637758,0.004722629613918427,0.8887948107312937
201,0.294197581769401,0.10863800638941068,0.00010493170769391264,0.01125980518553184,0.5857996749479626
202,0.47939164510933596,0.4765900109654489,0.00014683516066165252,0.010122306292278647,0.033749202472274815
203,0.14070568412271073,0.8505009150611185,0.0016053250635474014,0.0018875410207629681,0.005300534731860471
204,0.042312837082448235,0.9450712607961068,0.004950017960849158,0.003925874531010135,0.003740009629585622
205,0.005984456180131553,0.9758302415467384,0.01344313416273915,0.003410999535568861,0.0013311685748217785
206,0.007467250015639637,0.9609442821808754,0.023899339684240642,0.004873991671736174,0.0028151364475080152
207,0.011706815298419555,0.8936173034531508,0.08974986791354461,0.003504484842290267,0.0014215284925946144
208,0.003275673799158124,0.8572710755209981,0.13759265422510394,0.0009859096943672693,0.0008746867603725332
209,0.002760426373626404,0.47284420220383205,0.5224421960474688,0.0005684316974584053,0.0013847436776144254
210,0.004357048476868021,0.9778281250504095,0.015911156919516063,0.0009174665833259461,0.0009862029698802885
211,0.0016033190821738627,0.43950071302485566,0.5575609536081673,0.0004967134104401743,0.0008383008743631049
212,0.0047953852207269585,0.731710940646672,0.2603692737793801,0.0006090206929909642,0.0025153796602300302
213,0.002570530706411852,0.4783384136358657,0.5162354227910387,0.00048695000331272,0.002368682863371117
214,0.0008728882332386728,0.17954009045805402,0.8188778703109575,9.298588285583432e-05,0.0006161651148939394
215,0.0017727219008058341,0.2610896658630318,0.7359348524089578,0.0001210355034803268,0.0010817243237241478
216,0.00134721252620516,0.12921282452183294,0.8683019933569606,8.341648237909118e-05,0.0010545531126221904
217,0.0014728589001049065,0.16789683362030533,0.8270168763692197,0.00011952706080047216,0.003493904049569786
218,0.0010402533504892978,0.15319230298348505,0.8440901499190957,6.78059429336164e-05,0.0016094878039964414
219,0.003146682106775124,0.22386113229153531,0.7696105591862964,0.00040538248489352467,0.0029762439304995003
220,0.002568996837790655,0.22861898970425182,0.7644838658157488,0.0004837509854710168,0.003844396656737633
221,0.003830395732890942,0.20148533856636683,0.7888423140099781,0.0006135093547526468,0.005228442336011537
222,0.001607172277434367,0.1549916011512878,0.840362708061835,0.0002791849340394355,0.002759333575403427
223,0.22296045541445822,0.15472261520481437,0.07376639385201018,0.002470326302827675,0.5460802092258895
224,0.06544986689907,0.8133396363373596,0.11092366439164877,0.0009700140108080087,0.009316818361113631
225,0.03914661006004038,0.37361188416611996,0.5820883735559054,0.0003108386126531556,0.0048422936052809834
226,0.05316317275631838,0.4913837369969061,0.4503862428375091,0.00030902676467139663,0.004757820644595042
227,0.0012725479772549893,0.24570481109876685,0.7515747297431594,0.00022746496342895521,0.0012204462173897488
228,0.0012689264131006016,0.2752384955424294,0.7207735684012072,0.0002293048827860058,0.0024897047604766675
229,0.0008249770085122949,0.20726131151690946,0.7901013877440528,0.00014685972797207536,0.0016654640025533947
230,0.0014098206350146238,0.13614474387367895,0.861283069913828,0.00017200856205529236,0.0009903570154232498
231,0.0010860900537005874,0.055769455663907654,0.9420448760383722,7.88091802395979e-05,0.0010207690637801753
232,0.0003980893791361507,0.0817049238434609,0.9171624854968802,5.801684512323647e-05,0.0006764844353996443
233,0.0006002083740631551,0.08003358815904141,0.9187347371621227,8.594272259149594e-05,0.0005455235821810456
234,0.00024694618001688416,0.057168905131276815,0.9419648636557871,3.925371064231516e-05,0.0005800313222768472
235,0.00013922161519395012,0.03868371366470801,0.9606284728750156,3.8399374408437674e-05,0.0005101924706738607
236,0.0001485767453215745,0.03184832406836093,0.9673910629410343,4.5386057389627436e-05,0.0005666501878937032
237,0.0006627610808869745,0.0787978849148427,0.9187301607781406,0.0003311603870966987,0.0014780328390329974
238,0.0004645202474261253,0.07306481938100473,0.9244219384793066,0.0005094270228245534,0.0015392948694379635
239,0.0006410230689965857,0.061492281514816456,0.9358929687851647,0.000841138201215654,0.0011325884298065399
240,0.0005266547942236695,0.04753615876012216,0.94866606594798,0.0009158185961418568,0.002355301901532276
241,0.0018187962000379163,0.10200496762536956,0.8841758557813625,0.004441693553301363,0.00755868683992853
242,0.003936702426585085,0.19346224981496632,0.7805953190631393,0.007902136547678146,0.014103592147631362
243,0.040753276171887426,0.03570835496393369,0.010025117634591667,0.03987902453784354,0.8736342266917437
244,0.057349945864451156,0.05324392879127129,0.008215810960972986,0.0019179389189217665,0.8792723754643827
245,0.31076347277223937,0.5632861671438947,0.006868187193061289,0.006669312608064004,0.11241286028274068
246,0.1050936066293255,0.8260716016466713,0.0457135812199648,0.0009066973144674306,0.022214513189570795
247,0.234164480063102,0.7323984943921151,0.011319515306894472,0.003525831777995804,0.018591678459892586
248,0.021190848987192458,0.9545333223382995,0.01206953629138,0.006698408098275566,0.005507884284852484
249,0.017859076275006453,0.9534136051694211,0.015978184160133094,0.007675184253345441,0.005073950142093769
250,0.0077257890672105456,0.9150332278561334,0.06930544127363972,0.005075216176265318,0.0028603256267509033
251,0.00627131651654494,0.8497331870891145,0.13523646462343722,0.004683583940363951,0.004075447830539538
252,0.009611790013993772,0.8704864293429134,0.11441364597867514,0.0029584736668329574,0.0025296609975845445
253,0.016010033900198176,0.4794228355819328,0.49159550651654266,0.003697836229280356,0.00927378777204595
254,0.31530762688473907,0.39078560853017014,0.022350692628892825,0.00413780850526375,0.2674182634509343
255,0.05648750159963843,0.8896517919260792,0.042879088927738146,0.0005446749073959703,0.010436942639148343
256,0.029750432492609554,0.7597905023459883,0.1982454452599487,0.00032367002396954924,0.011889949877483931
257,0.04127733483418108,0.8617968328847737,0.08670314068382923,0.0004881416265183823,0.009734549970697535
258,0.0030823207456383414,0.49691597288873146,0.4967799688075564,0.00030519270596165857,0.0029165448521122645
259,0.003011822093917977,0.3080586353921368,0.6870554973908928,0.00027473593871799864,0.0015993091843343197
260,0.003234780087039023,0.7635566903822423,0.23026427658371332,0.000426300945524417,0.0025179520014809898
261,0.0025602144933039423,0.4556966675547497,0.5390528964659836,0.00022314142070096338,0.002467080065261802
262,0.0011797051132851582,0.2537192511088506,0.7433329809387647,0.0001534104367312618,0.001614652402368328
263,0.0009232720518267159,0.19649128799540244,0.8012417954099135,0.0001532090897649012,0.0011904354530924586
264,0.0010300483077765093,0.365247381786588,0.6324079681657865,0.00018631229784491163,0.0011282894420040915
265,0.0005671381893920183,0.143306787413032,0.85521444886419,8.734788894846337e-05,0.0008242776444377562
266,0.0003369960681075294,0.08733393072749827,0.9118314539658597,6.83801439774984e-05,0.00042923909455707115
267,0.00034688254143418174,0.12793964894276766,0.8708411569532394,9.77757628983663e-05,0.0007745357996603053
268,0.0004514233779565221,0.07596167685162059,0.92297333734365,7.690089983540101e-05,0.0005366615269375649
269,0.00019513840830564106,0.06293481972650693,0.93638510884027,5.210991549201493e-05,0.0004328231094252532
270,0.0005011031624441374,0.07985244897381599,0.9191339858312216,9.538066762733735e-05,0.00041708136489098654
271,0.0005749379631572921,0.07316906864918668,0.9255403903982033,0.00011087290141850774,0.0006047300880344379
272,0.00036262538528905445,0.12103525473321054,0.877833592073862,0.0001185983532222236,0.0006499294544162957
273,0.0002895622381627158,0.08454744498483836,0.9142941103864818,9.194292475383779e-05,0.0007769394657634546
274,0.00015326220598347207,0.03018776788719981,0.9687570375056231,4.357205520201999e-05,0.0008583603459915565
275,9.110828048736139e-05,0.03968288043702041,0.9592780911181616,3.3637291663839134e-05,0.000914282872666695
276,0.0002663805975822647,0.06833566812897056,0.9305474464717514,0.0001224146067176125,0.0007280901949782698
277,0.0001543572848384662,0.044991146990491115,0.9539324056739801,6.16418430886643e-05,0.0008604482076014101
278,0.0002868734402443865,0.052915626230916585,0.9454130330832811,7.107808875810566e-05,0.001313389156799941
279,0.0015296590775982838,0.16597527146988245,0.8241803330403554,0.00013450574528450562,0.008180230666879361
280,0.0006673571091756547,0.09164779324241791,0.9047276536376316,8.785296090584449e-05,0.0028693430498691135
281,0.0002015657756760984,0.0361108085890452,0.9619389849087417,3.4460817990883814e-05,0.0017141799085461254
282,0.00042914090430504426,0.03951926108431926,0.9578580849304829,5.5379373826651105e-05,0.0021381337070664162
283,0.0002913533753255562,0.054411941894209205,0.9420399544371341,8.876046364992082e-05,0.003167989829681386
284,0.00017636242058192172,0.03926045855157977,0.9574667324677056,3.807509212011037e-05,0.0030583714680126996
285,0.00048081326706560674,0.06482005509422621,0.9319487397432608,7.211411042660024e-05,0.0026782777850208094
286,0.00015778819829428896,0.03468364623602985,0.9629425287687184,4.665258447995556e-05,0.002169384212477377
287,0.00012815338600196796,0.025634687588721432,0.9726134261503937,3.8311647803720435e-05,0.0015854212270791485
288,0.0002301310088015242,0.027593138341621068,0.9705913556277799,6.859679437078216e-05,0.0015167782274270165
289,0.0016902067845374778,0.03679945996061629,0.9538090008634696,0.00028855667759014516,0.007412775713786541
290,0.0006920385683308922,0.050777340989452316,0.9457083332143035,0.0001371532084185642,0.0026851340194946026
291,0.0009001727774625156,0.054508172304580715,0.9406407016215672,0.0001112700865296576,0.0038396832098598235
292,0.0012862840172435117,0.06553580946547365,0.9266302352068655,0.0001900749178278695,0.0063575963925892095
293,0.00016501276281783217,0.035734981257174885,0.9625976393578342,9.741190326015423e-05,0.0014049547189131154
294,0.0012275727558714786,0.09947841941828296,0.8966692260399445,0.0004494205740455575,0.00217536121185537
295,0.0005692876401362268,0.11552571622080812,0.8821024555180602,0.00031221234784532977,0.0014903282731501004
296,0.0004085572555612609,0.07864486475617204,0.918816040311073,0.0006153337107721633,0.001515203966421515
297,0.0005705448176099445,0.05406613027807073,0.9419656286486214,0.0006945684970714911,0.002703127758626455
298,0.0032144458500819274,0.06653995569911562,0.9248632847007484,0.002180247526315154,0.003202066223738957
299,0.05432213696563012,0.5685116282871832,0.2630591492803334,0.06212390229049546,0.051983183176357875
300,0.2005080417149362,0.46206497503871397,0.022634811028691772,0.2803990622041557,0.03439311001350213
301,0.038920916203420676,0.07623442856716571,0.0001389802997772745,0.8723335657994044,0.012372109130231962
302,0.139331059387025,0.1153081734960085,0.0003509333664565668,0.7144264813025231,0.03058335244798679
303,0.1395773202234069,0.09663056950478005,0.0001134164819674583,0.7379668849951249,0.025711808794720736
304,0.017625175494605468,0.009571304969337238,0.00038158039861528934,0.059410876794026096,0.913011062343416
305,0.17663911809271196,0.0332493315358802,0.0001128591346871568,0.2829556238765618,0.5070430673601589
306,0.45366541170924174,0.0667378126796874,0.0001963859038167922,0.21106718569171581,0.2683332040155383
307,0.4413587740387123,0.034828458064317454,6.468156247590404e-05,0.2615974197005362,0.2621506666339582
308,0.2526187237680981,0.04402320105640747,0.00036665191415967223,0.669530874080056,0.03346054918127887
309,0.30251097496046425,0.09483855030967764,0.00012786186159412883,0.5786196857929056,0.02390292707535843
310,0.2028985759930641,0.051218377576305575,0.0004265666508716947,0.7053543792481349,0.04010210053162372
311,0.06393621533060279,0.018647079697232786,0.0001309671012042855,0.8975055738324639,0.019780164038496098
312,0.01588139400930983,0.0072919428803927865,9.645630913938823e-06,0.9738725963311649,0.0029444211482185225
313,0.017394782723628197,0.015119869444753315,4.195543903845344e-06,0.9619931485390368,0.005488003748677662
314,0.02324774052666944,0.013172088051255923,4.589096756756935e-05,0.9588020500114725,0.004732230443034662
315,0.032964003653780605,0.009102020456447436,1.9246475261213984e-05,0.9517415435052232,0.006173185909287513
316,0.07972516678362855,0.014498782641018745,5.5289256618134794e-05,0.8388486537520389,0.06687210756669579
317,0.12192693835439364,0.016717137529509946,0.00019284812771706622,0.8250022714282288,0.03616080456015058
318,0.11697993210147016,0.021502964209692513,0.0003185152949674551,0.8411979700559569,0.020000618337913077
319,0.09495258503554516,0.020370707608182038,7.897020482037623e-05,0.8706185254308297,0.013979211720622638
320,0.032901145400150766,0.008946001368456191,0.002749208512428375,0.8136312362515823,0.14177240846738234
321,0.023880920710727453,0.00365902844274205,0.00551127767573891,0.8661732303765114,0.10077554279428033
322,0.023431998646412173,0.0036687122257552944,0.00025513578881863826,0.9674188656931528,0.0052252876458612225
323,0.027013388705499918,0.0018469542464987828,0.000862639026609916,0.9582524191689676,0.012024598852423832
324,0.013843653627568836,0.0026928015848281185,0.00019915388835479525,0.9791613687990356,0.0041030221002127
325,0.017066267345844773,0.012152776524636442,5.029144489722223e-05,0.9674979202092576,0.003232744475363818
326,0.011851038368764577,0.006632404635306622,1.3033837175246223e-05,0.9782939842626879,0.0032095388960656306
327,0.012409475746191095,0.011954290259454626,1.7256234545591874e-05,0.9731213428781402,0.0024976348816684877
328,0.015028768874034704,0.020761689022777773,1.5757041125504588e-05,0.9621383888661629,0.002055396195899149
329,0.016830295137880646,0.01613839467575721,2.25528714224081e-05,0.964671573233339,0.002337184081600761
330,0.04171068723909001,0.064497436886284,0.0001207768793878076,0.8846758514157597,0.008995247579478559
331,0.03396192754985951,0.11129281672552321,9.578291045952671e-05,0.8472565555296862,0.007392917284471543
332,0.048356665593248555,0.1344929644705724,0.00010374237351645694,0.8064056960343206,0.010640931528341991
333,0.06507414371481629,0.14266325765331425,0.000547264858746772,0.7796037303564737,0.012111603416649066
334,0.0503118391734701,0.1238295643358051,0.00026423163824034135,0.8175707541103685,0.00802361074211588
335,0.12039699756859334,0.12333407517700438,0.00014577354505361506,0.677890720041375,0.0782324336679736
336,0.2793546796224972,0.10392563486682718,0.00015806858199115932,0.26797128289458805,0.34859033403409634
337,0.1364198919039087,0.6845908920259444,0.00639705161264839,0.13662120865458693,0.03597095580291151
338,0.4337848603261665,0.2067772581421086,0.0005574516849010357,0.12682050811055143,0.23205992173627232
339,0.22014984337393556,0.5315688475550524,0.0013625785314482313,0.20836010729312227,0.03855862324644156
340,0.09264355664242531,0.6726586784416413,0.0027584546049029975,0.1172343004916287,0.1147050098194018
341,0.07876705438152726,0.03516922698684695,2.438635257008501e-05,0.02602660196691987,0.8600127303121359
342,0.4495863024459323,0.3765962583422664,0.0007908527614858026,0.12848432439904636,0.04454226205126907
343,0.3055001345664802,0.6105610075797121,0.0024412437407803204,0.05148373170362755,0.030013882409399954
344,0.25225769958213173,0.6815744012455754,0.0011217972481185805,0.03496422077694043,0.030081881147233785
345,0.09494255180987332,0.7776696337478815,0.0006687331745203992,0.12073631266088583,0.00598276860683929
346,0.019718047670079824,0.9408211939164881,0.0017887453504591233,0.03612789676706692,0.0015441162959060808
347,0.04544369568973742,0.8783025612824212,0.005976532744027307,0.06528494114362236,0.004992269140191614
348,0.06018895695572036,0.8960833850177946,0.00909574643126338,0.027975369577292655,0.006656542017929003
349,0.02119456075910845,0.949352880667601,0.005742923073461624,0.020107234469384883,0.0036024010304439975
350,0.02305982643252394,0.9353144084363195,0.0036088479278915736,0.03404805435680248,0.003968862846462452
351,0.01440202603896822,0.9665962009173956,0.004686822215373587,0.01215680837244244,0.0021581424558201837
352,0.020248244539125326,0.9477256183465493,0.011361670053073251,0.01559652592536095,0.005067941135891122
353,0.03430106789637908,0.9242567956851039,0.013199651694009313,0.021709842783959613,0.006532641940547924
354,0.028557853251464902,0.9434245589930023,0.002476746961640301,0.022125650864296093,0.0034151899295964527
355,0.024374672353013754,0.856461377231185,0.09882146035630796,0.013499618433783011,0.006842871625710298
356,0.013902885177655127,0.9382544359490274,0.02438057922939911,0.020811812351429367,0.0026502872924892857
357,0.009047575429476198,0.9612103443018444,0.01836604003560097,0.009746340851011474,0.0016296993820670833
358,0.011071080592744264,0.9674246036064104,0.014758716695711143,0.004314426109336655,0.002431172995797657
359,0.010041099681979079,0.9556893079137588,0.02632500698796978,0.004204546099368521,0.0037400393169238827
360,0.005065508151105785,0.9553668066810989,0.03615201974094959,0.0014962356039000726,0.001919429822945729
361,0.0055558818579771645,0.8475710567127168,0.14352360349449494,0.001622114346500807,0.001727343588310261
362,0.012182028746174228,0.9421645873862061,0.041142935012644224,0.0024100704903035684,0.002100378364671941
363,0.009201537168126325,0.9773954016932415,0.010429179045980405,0.0014088337484602983,0.0015650483441913144
364,0.004084300789530641,0.7426905426790558,0.2511362688295656,0.0005196514570612439,0.0015692362447868257
365,0.0030391184755415397,0.7759337410726124,0.21852901190864152,0.0008877524584748587,0.0016103760847296737
366,0.0047369105560760945,0.9573505655114848,0.03420116281838193,0.0010933589359714872,0.002618002178085867
367,0.008576708529029784,0.8167744719719161,0.17006452876581066,0.0020809487959106256,0.0025033419373326573
368,0.0034477773162491735,0.7464000701606959,0.2469361719943348,0.0012437506157130264,0.0019722299130071385
369,0.004269586902446584,0.8668259891340134,0.12483831000215893,0.0015566297741083004,0.0025094841872726867
370,0.005742841452630984,0.9258593184701952,0.06421451410556572,0.0012600886181631068,0.0029232373534449764
371,0.0067340328542185805,0.7668526979223849,0.2206823532737264,0.0022929361231104842,0.003437979826559671
372,0.0061597060339104856,0.9865358051421927,0.002989329623764475,0.0011534045561334676,0.003161754643998749
373,0.003986676249249732,0.8782607818922972,0.11468545057755461,0.001011951725021647,0.0020551395558768707
374,0.005476542997408886,0.9721909933125378,0.018914794389721417,0.0009838952691421535,0.0024337740311898594
