epoch,N1,N2,N3,R,W
0,0.01043885564048224,0.008075414013642195,0.00017173304965031959,0.00010674147902140457,0.9812072558172039
1,0.04516045852352078,0.04081501351013562,0.0006620273736205573,0.0018752374498423703,0.9114872631428806
2,0.03400151024963637,0.020389516342559966,0.0002058015056901035,0.0009345684627990929,0.9444686034393145
3,0.009241122044158476,0.002676363536817578,0.00037508292412789075,0.0004546926688490579,0.9872527388260469
4,0.00585365298151721,0.002742736008954761,0.00013596050358157576,0.0002693920485886901,0.9909982584573578
5,0.012290489422836278,0.0013288044484692895,8.97943944081125e-06,0.0010987689069753865,0.9852729577822782
6,0.17732657799803558,0.016112833281849818,0.0002632187522359639,0.0004925620908116128,0.805804807877067
7,0.045346327544767404,0.004169765121944194,2.1045404677038518e-05,0.0007308630867292293,0.9497319988418821
8,0.3880110252970704,0.015806218055519523,0.001414105062703525,0.0032812612321890203,0.5914873903525175
9,0.8187827045065047,0.015694775288037317,5.249335169884044e-05,0.004531283542902721,0.16093874331085667
10,0.19375166726663787,0.015245406672331194,0.0013928999337795781,0.012457251533025649,0.7771527745942258
11,0.31751184440196484,0.09288230075318772,0.006618028955666704,0.0029768495967386396,0.580010976292442
12,0.1851443241706361,0.13821871702048935,0.001281603574861288,0.016856619465621874,0.6584987357683915
13,0.37514585697743086,0.3095426511536478,0.003448870017512118,0.05222726093992931,0.25963536091147993
14,0.0578879137427552,0.8859697868366541,0.007671663516952204,0.011194876666221258,0.03727575923741744
15,0.14792891334608865,0.7458997650318789,0.0007121468577783913,0.026815912270789537,0.07864326249346439
16,0.15500566168660365,0.7852297950033562,0.0016165032829372123,0.03020971452163143,0.02793832550547171
17,0.05313623515380445,0.8986012973671554,0.00584243851087896,0.00678755581989945,0.03563247314826172
18,0.05251886255425075,0.9081399283447842,0.00975701025884209,0.017188282303179852,0.01239591653894324
19,0.027693597134409963,0.9426693534830067,0.0018347647914907332,0.017916701607057304,0.009885582984035352
20,0.03183338443645659,0.9444305177783959,0.0045821854198305435,0.010965037628293487,0.008188874737023216
21,0.07989515246751375,0.8967490506734339,0.009160069330762678,0.010341019295557174,0.0038547082327323396
22,0.02724095113916899,0.9496413629526689,0.009605222823907925,0.007414174538557801,0.006098288545696405
23,0.020645346360659726,0.9137778980752721,0.04514613148581555,0.015678879117769516,0.004751744960483014
24,0.01836094080693844,0.917229726097332,0.023707298852220667,0.034448787686751324,0.006253246556757638
25,0.11362731012456295,0.7381375680819592,0.07761582913542482,0.043132577112716355,0.027486715545336753
26,0.0514268849973789,0.8692671408268466,0.026131120306305437,0.025581429120531983,0.02759342474893692
27,0.11771777367875358,0.805911041912873,0.012980041031295374,0.042006292389759975,0.02138485098731829
28,0.06179205067054905,0.8567159796058601,0.03972461843028009,0.02312078745599192,0.018646563837318768
29,0.09570517034215267,0.8036554306966764,0.03416612900165497,0.0451500767217687,0.021323193237747378
30,0.04508583102674788,0.903341747766612,0.01868901130236131,0.017031254894866538,0.015852155009412307
31,0.06952885443075267,0.8935043284963303,0.015130997398669044,0.00360998121726327,0.018225838456984497
32,0.04282459890047952,0.9039329517189713,0.03397101901290289,0.0010779549191093254,0.018193475448537052
33,0.0774702724343815,0.5414510351390585,0.02630359797100263,0.001095336816827329,0.35367975763873005
34,0.532080481438357,0.3345518534255971,0.06541950163703174,0.007469939866606432,0.06047822363240779
35,0.35466625070469093,0.2987571193518576,0.01893256767444015,0.002695786775417455,0.32494827549359395
36,0.12653140932984597,0.6869635526646288,0.04594063261072271,0.006162600876258128,0.13440180451854453
37,0.1515927909380681,0.5411912591947828,0.08921589656159788,0.004303826982589017,0.21369622632296217
38,0.46918161100960853,0.4119910654926022,0.06047728262464288,0.0030682006721964414,0.05528184020094993
39,0.05556878842812408,0.7666766090277543,0.16267170092732278,0.0006839172446291998,0.01439898437216949
40,0.0984581588167087,0.5463197019071238,0.14693928214963256,0.002111329368557034,0.2061715277579781
41,0.06590800591115653,0.4754772441100958,0.4136816821072161,0.0017892402261293486,0.04314382764540215
42,0.09286340186326893,0.41410067221436003,0.383682151682929,0.002670066282908599,0.10668370795653334
43,0.03784634650048201,0.3046720409566398,0.5544112115672146,0.001402619908587413,0.10166778106707622
44,0.02798896419315768,0.2978825359885479,0.6586961739091232,0.0012845949770587167,0.014147730932112565
45,0.030118187717028688,0.5662017997763631,0.36509758860793634,0.0010422668978952085,0.03754015700077678
46,0.0309452231557677,0.31768396836233087,0.32346306839295147,0.0035047555673627857,0.3244029845215871
47,0.043085274237959145,0.6641894797846251,0.20918854668568415,0.005626486724989875,0.07791021256674185
48,0.02674157133972699,0.3773745123768004,0.3469524795879738,0.003183823365785646,0.24574761332971323
49,0.0619960296209652,0.26147790055068304,0.28178156246660396,0.004781564358284958,0.38996294300346296
50,0.07615888939661558,0.4867207951846222,0.40238865336090357,0.002079381405287794,0.03265228065257082
51,0.028717302079244316,0.39370250829112563,0.5667414077398969,0.001020588804788712,0.009818193084944336
52,0.06502343222842515,0.3254571322826489,0.5775111711149145,0.0010087781618967108,0.030999486212114815
53,0.03284481063678077,0.5586919269402297,0.39710810575924743,0.0011444679432374863,0.010210688720504528
54,0.011878208458830383,0.452768389977433,0.5246498517469714,0.0011578498085646068,0.009545700008200533
55,0.016099909173293566,0.39849078543561073,0.5695264028319601,0.0016469678427116561,0.014235934716423903
56,0.012626465854724125,0.5193191983641444,0.45525702142014834,0.0013037010233526065,0.011493613337630514
57,0.01762978638235384,0.41889845485572746,0.533700703947145,0.003998184117939474,0.025772870696834305
58,0.07187902545439435,0.45413641954012,0.4447386986638556,0.0019375876981756934,0.027308268643454182
59,0.0620146257309629,0.43971306653920167,0.4444011740870976,0.0017917189891370235,0.05207941465360082
60,0.030558428826526058,0.3104232733702655,0.6001208801437125,0.001143545943356237,0.05775387171613967
61,0.06136788801120026,0.48959560638696165,0.4215075041892353,0.0015060813224142074,0.02602292009018867
62,0.055553184145993924,0.4621202284090662,0.4653495689179334,0.0016839564349206476,0.015293062092085604
63,0.033329655989444554,0.3893351066499374,0.5512470461696553,0.0032128111834031875,0.02287538000755959
64,0.04397769371295511,0.4714177773202447,0.4412021823643869,0.003971348152583778,0.039430998449829495
65,0.01446456272672259,0.3940486310189306,0.5567978851489923,0.002483089809625967,0.0322058312957286
66,0.02191775791297254,0.29130130481939304,0.6650126656780757,0.002033860553769714,0.019734411035788973
67,0.04841299131534318,0.4826258455472808,0.4351361160506955,0.008528207321336459,0.025296839765344005
68,0.019614620731860908,0.3524933763802377,0.5952726287633797,0.0013963602050749001,0.03122301391944678
69,0.08407976842504185,0.5978854569296805,0.267232386798897,0.0037950977422582955,0.04700729010412226
70,0.01050059313527538,0.3039112356257209,0.6531221601898772,0.0011657932715242031,0.03130021777760239
71,0.04507542965536342,0.3874663502058878,0.5383440808445534,0.0017593231080172043,0.027354816186178233
72,0.02513196277797396,0.3655507194950464,0.5684087758248885,0.0020773919883234912,0.0388311499137676
73,0.046678069811169245,0.5895582870352472,0.30647053083131925,0.005489142160768534,0.05180397016149582
74,0.03861439651474954,0.37849436212006327,0.5461435467016007,0.003401151123654943,0.0333465435399316
75,0.032133479073666836,0.48787459733047595,0.4284094895036407,0.004097818617791455,0.04748461547442493
76,0.023368756900347027,0.34058466063625725,0.5978124910146725,0.004182317809376948,0.03405177363934626
77,0.03767645528149932,0.4130508132163904,0.5089670326228297,0.004834882900567582,0.03547081597871292
78,0.036792070423207486,0.37795417143273063,0.5242616798459286,0.0031304466138773503,0.05786163168425585
79,0.0066111224160661855,0.3496576989471225,0.5998386651633604,0.0016763952232150077,0.04221611825023579
80,0.010469455163655262,0.3061409487711153,0.640088278677661,0.0021572083161732047,0.0411441090713952
81,0.03357156994722465,0.3941541955097566,0.5335314919728803,0.0034101684489042743,0.035332574121234236
82,0.024345667417339397,0.46247514031743686,0.4899373774347095,0.002041368604474393,0.02120044622603978
83,0.01902481356430782,0.3899424013403845,0.5726496889952473,0.002568355238245141,0.0158147408618153
84,0.01880059710898946,0.3872940199390281,0.5563410836213016,0.003838927843035695,0.033725371487645095
85,0.029945001370350652,0.42399719639053113,0.48948423766549654,0.006799280516173034,0.04977428405744873
86,0.016948558405085554,0.43211108479938526,0.5083198103043809,0.004651864323681072,0.0379686821674672
87,0.05832508020846629,0.638012300414859,0.24307610134333585,0.007863601523223508,0.05272291651011545
88,0.027655297046175944,0.26630624254818,0.6215089336940308,0.0053265713846118515,0.07920295532700133
89,0.015952712358380732,0.22948474273266675,0.6871974813324463,0.0045371014059911495,0.0628279621705152
90,0.031234422808377134,0.3779863116476396,0.48033851381930515,0.005991736987628341,0.10444901473704964
91,0.11050969988225635,0.40539640311139946,0.3841745274205034,0.011907964227991865,0.08801140535784897
92,0.13233754580384807,0.38707902510580144,0.3947943069109836,0.011916335808215286,0.07387278637115155
93,0.04594950508298323,0.24224898336757722,0.42334830044384064,0.011419856325071273,0.2770333547805276
94,0.03912276776720983,0.2636916926705202,0.47364713300771427,0.013505568736389605,0.21003283781816615
95,0.15349580652399797,0.41932571386751094,0.3128901894873387,0.018951628189481755,0.0953366619316706
96,0.1338349656521698,0.30606136257090627,0.35398122543641153,0.01349801238812464,0.19262443395238793
97,0.11617997818784556,0.26595507593351825,0.3710768594553822,0.010272532611414736,0.2365155538118392
98,0.055748224600816056,0.19635798906518492,0.3745754600455366,0.00204406619285383,0.3712742600956085
99,0.18907787558496036,0.3752881808299338,0.2914736892990699,0.004853751202146426,0.13930650308388962
100,0.13629191495346277,0.32681506395680393,0.45264173196716223,0.007818760870837152,0.07643252825173383
101,0.051431516265311436,0.27233586955298156,0.6418606541099114,0.005667959571707223,0.02870400050008841
102,0.06114318010357693,0.7174842049671496,0.1462988758361128,0.015998152542719295,0.059075586550441456
103,0.019958649378413754,0.42407728173496195,0.510708854487781,0.008239406394196134,0.037015808004647134
104,0.027390427252704352,0.5634543266832099,0.35542206174418484,0.006976059573267987,0.046757124746632746
105,0.03339832451525599,0.44556958087385706,0.4766480847212177,0.005399388732162046,0.03898462115750726
106,0.021017587240201974,0.40802382909186197,0.5325797080430181,0.0032975400639007665,0.03508133556101706
107,0.032514993624203944,0.4053579617262173,0.5309437668541651,0.0035311895531781805,0.02765208824223542
108,0.04984140512887748,0.367797292109923,0.4826411515967637,0.006181004110729741,0.09353914705370615
109,0.020193583868017003,0.371875074184458,0.5704876739395148,0.003391082627613151,0.034052585380397085
110,0.12869853581459795,0.6170491779394146,0.17997863183727902,0.0033509902562062653,0.07092266415250224
111,0.04536592187230878,0.17114818365473078,0.6468035459273713,0.003396417525680509,0.13328593101990857
112,0.07123509057624516,0.32654549133845856,0.41969556196867075,0.0038301789918588898,0.17869367712476653
113,0.10816377982257074,0.5385999539427797,0.2783652824045712,0.007017907024587874,0.06785307680549042
114,0.20401318133042987,0.4803641924895073,0.21636135283291522,0.004815641573010975,0.09444563177413665
115,0.0530158896804867,0.231054959422648,0.5508415548117045,0.007857840288075157,0.1572297557970858
116,0.022490233284116843,0.21989201373147116,0.7026984910141537,0.0030548462955134817,0.051864415674744806
117,0.03911675772556307,0.1327027341910716,0.03359552399398591,0.005534092842491112,0.7890508912468883
118,0.11226956207303246,0.5132338645994531,0.08193447351639963,0.0056886174160459485,0.28687348239506877
119,0.14626796031899847,0.5623377571119331,0.24942553114583266,0.0038356804694331874,0.03813307095380267
120,0.255473211325491,0.6581858439201822,0.03735935333482433,0.005013480179497883,0.04396811124000455
121,0.2303377857763509,0.646773041909155,0.032677045488543555,0.020221808466709214,0.06999031835924148
122,0.13257054111080213,0.7511516692779514,0.02162988010992776,0.048612448629014114,0.04603546087230464
123,0.202414250379077,0.49078269679236874,0.031539832459900934,0.017429107977384405,0.25783411239126897
124,0.2234053441712251,0.5952718592419796,0.022057721858234597,0.04106587372811905,0.1181992010004417
125,0.309069788064415,0.4307748568134457,0.0061615654103355875,0.08907858533268245,0.16491520437912127
126,0.2735863754948141,0.23385110600896525,0.007305131950092609,0.13058467840803567,0.3546727081380924
127,0.23481977184331726,0.11639000024567717,0.0014637072814059082,0.21038256940122588,0.4369439512283737
128,0.2825175906126354,0.2831382133749687,0.005462118449344012,0.051531572482753134,0.3773505050802988
129,0.3717760153589402,0.16495826014836196,0.0017393573074524105,0.17082875002326967,0.2906976171619758
130,0.3553206468909192,0.14117002981370913,0.001175593082498691,0.05031590195498056,0.45201782825789255
131,0.14311241375849026,0.12448086437413966,0.0010261989587747157,0.4011605925829023,0.3302199303256931
132,0.19125258444752663,0.042619429340624605,0.00022180182508373578,0.0288567405558235,0.7370494438309415
133,0.338213324625465,0.09747810615982358,0.001333993130964527,0.10024784059853131,0.4627267354852157
134,0.25365739302179263,0.05256768911513806,0.0023767690042180347,0.17433544565099282,0.5170627032078584
135,0.3487808743198404,0.08607221570504352,0.0026331774033570687,0.04823219588038809,0.5142815366913709
136,0.2249696673189059,0.18813959024078394,0.010369108530256209,0.09181821191922324,0.48470342199083066
137,0.2706670970018797,0.30904497304727785,0.023432585078381626,0.10157017910886358,0.2952851657635973
138,0.09521061241577497,0.29818094862088446,0.0617309807347261,0.04256913826372762,0.5023083199648869
139,0.1443760110916132,0.30820317750907633,0.029184785123871113,0.04896081507255356,0.4692752112028856
140,0.21348444159231109,0.20756296939122398,0.02000359227550978,0.05180834621077178,0.5071406505301833
141,0.16292794253304888,0.17107857406442137,0.014628324648529487,0.038728797943050584,0.6126363608109497
142,0.1331060822163802,0.2514029278572582,0.039804684694538316,0.04432922999173333,0.5313570752400899
143,0.13875385484604327,0.10090147447927036,0.01895748682025329,0.12189723155234689,0.6194899523020863
144,0.07787723979498656,0.05661006411083197,0.0024075146554490955,0.03664871549824203,0.8264564659404903
145,0.03172900154859301,0.010800865954533504,0.003273584577683521,0.010345987496636014,0.9438505604225539
146,0.05991048921668322,0.018528198109251045,0.0006408636550643761,0.019727390147323984,0.9011930588716774
147,0.05743911295261178,0.02511448834509877,0.0007224378899001906,0.02220055915461257,0.8945234016577768
148,0.029377577970174373,0.011820570889540681,0.0010553771212500895,0.017011292211528962,0.9407351818075059
149,0.07659523185607268,0.004860200649338897,4.504676421444431e-05,0.018006574726990607,0.9004929460033834
150,0.4544234265526803,0.018434275925080058,0.00016172999751123715,0.03043393540866952,0.496546632116059
151,0.6278341511801323,0.04097737919548485,0.0005080398367486589,0.022772665693969272,0.3079077640936648
152,0.5425299953473085,0.1270380677912877,0.001184216549241934,0.01539500630817563,0.3138527140039863
153,0.24687100172707993,0.31820774980136834,0.0035503037638506567,0.09563560520876234,0.33573533949893863
154,0.12517247979585486,0.23200446924122678,0.0009167996462730656,0.16548445465647524,0.4764217966601699
155,0.29629316736425476,0.09424484298920559,0.00038381558694906885,0.1392170746622267,0.4698610993973639
156,0.5610515959485212,0.10351636729020175,0.00023972294178884582,0.08793810563628861,0.24725420818319968
157,0.2618022793749969,0.2046254729127689,0.0006623951796403757,0.014766614993488249,0.5181432375391056
158,0.2669820071097747,0.02927200069097241,0.004501337896817144,0.0031664688360888843,0.6960781854663467
159,0.19891851258581433,0.20419331857632803,0.004312211359543976,0.012024406554516169,0.5805515509237975
160,0.02497130850821207,0.01994520399460493,0.0010003325536355274,0.001877160056057419,0.95220599488749
161,0.47741238132995456,0.09300759461608908,0.006043798105213613,0.0061649756765901256,0.4173712502721525
162,0.2437578734105122,0.054721467404599634,0.0009743936198467831,0.0061789763617490084,0.6943672892032923
163,0.21632028375645013,0.1370471877191813,0.027613803050108573,0.03646519644269317,0.5825535290315668
164,0.09741044306301715,0.39648516819066204,0.06157943637504487,0.13057524655664526,0.31394970581463066
165,0.06767708633876632,0.62752579113647,0.04889547934376304,0.06463772908791461,0.19126391409308613
166,0.1209477330257466,0.45588999096985916,0.09367503029973785,0.10603324438647374,0.22345400131818266
167,0.06332594068684887,0.7008284639081125,0.044488603965693846,0.04268576817174286,0.1486712232676018
168,0.15398189017713498,0.5080848766411222,0.01478843559055868,0.02948477896334241,0.2936600186278418
169,0.19358460139116296,0.04671255402972312,0.0004636167967074765,0.008140784599527265,0.7510984431828792
170,0.24450799288350353,0.5305342014118946,0.023595668715094886,0.017616474097217106,0.18374566289228986
171,0.21778663467107187,0.4338147214798906,0.019540125203825226,0.026252021821506988,0.30260649682370544
172,0.24471668554701867,0.3217309741823958,0.04259122183813836,0.033212589445654445,0.3577485289867926
173,0.13033766617796375,0.5369905847239538,0.02292277205189756,0.03193610067513089,0.277812876371054
174,0.08980771074668688,0.4082184095147905,0.03965816511940555,0.028468390260553977,0.433847324358563
175,0.018873938502539392,0.04684461192892368,0.008724756798665663,0.0013696309260571604,0.9241870618438142
176,0.4535492841795608,0.2275325667979361,0.0006902512484204861,0.12683272705939247,0.19139517071469028
177,0.13807064990449436,0.24176461482672487,0.0017282285599265225,0.01180229687244836,0.6066342098364059
178,0.3494386568381665,0.22736643366729278,0.0037676128977402216,0.014077835899338026,0.4053494606974624
179,0.24741058349216333,0.1989943295836756,0.008882773271508642,0.13915066796516765,0.4055616456874849
180,0.23747652010193787,0.48906509046235636,0.0015880263498548545,0.043994745865531294,0.22787561722031957
181,0.0851106953289771,0.3985961819734096,0.004561783156105104,0.03017771704269147,0.4815536224988166
182,0.0554965193871163,0.06507641251736397,0.0008292712131007037,0.023330557433849305,0.8552672394485697
183,0.2665637950043078,0.2347843207035201,0.005895127859076583,0.011745913822607668,0.48101084261048777
184,0.22363365591069295,0.5661702641061993,0.008670216763420086,0.0086367245521188,0.19288913866756888
185,0.23043194237829445,0.2001861662765183,0.0019171529204610712,0.003047237486281461,0.5644175009384448
186,0.13580654077695506,0.5871325926793767,0.05477009415448155,0.0281486691172409,0.19414210327194578
187,0.12016978131938678,0.5309265635510592,0.04293369615973723,0.0314392371158876,0.27453072185392907
188,0.12873541220332158,0.5172325260956461,0.0322895363692615,0.0182200359185214,0.30352248941324944
189,0.1485371493582482,0.5704366597692896,0.03711149922661341,0.01251667612669234,0.23139801551915654
190,0.1558092151906014,0.38737565574215066,0.03542359789769936,0.05422645783668002,0.3671650733328685
191,0.1095562862879513,0.5454515879222319,0.10690316136164203,0.04433635880629322,0.1937526056218816
192,0.10145567028237588,0.36273915827663555,0.06829568699399827,0.02433624071948255,0.4431732437275076
193,0.010518073252381348,0.005252260484048365,0.002123531046834124,0.0015316644607622266,0.9805744707559739
194,0.7685090196785012,0.0963653406075638,0.0020269281508524624,0.003094944718636819,0.13000376684444573
195,0.47970328124996864,0.40970181408248524,0.007690344401656844,0.006910270031455092,0.09599429023443398
196,0.6136477632745015,0.2827436203302982,0.014090549529787517,0.01542117718649531,0.07409688967891731
197,0.19487390683635233,0.25894139412592965,0.13623049601409395,0.047634952604656174,0.36231925041896795
198,0.11540577924519761,0.5509923393297174,0.1209930054752864,0.04536871809550544,0.1672401578542932
199,0.09993002458833632,0.6392069520186313,0.09614577324433449,0.03656477112878053,0.12815247901991728
200,0.09381208612119742,0.5957583170479248,0.054996016124540505,0.0700882646953913,0.18534531601094595
201,0.0882942293500125,0.4937946851577097,0.02136487895662578,0.008473049425606505,0.3880731571100456
202,0.5645503170351919,0.37472951284628,0.013374524321994727,0.008748142071661334,0.03859750372487209
203,0.11078773087338037,0.6699035933533758,0.1863688212943823,0.0021455897843441177,0.030794264694517147
204,0.13260634784869063,0.755972175179971,0.08155407057296263,0.0028198774473048587,0.02704752895107094
205,0.2030693946766735,0.6862491140090667,0.025854073248356934,0.020987853933494234,0.06383956413240856
206,0.09313612627157349,0.7880273448346026,0.046435976858221074,0.02154683588779167,0.05085371614781135
207,0.08560311453244619,0.8122331887046146,0.08147812782970637,0.006327279683432363,0.014358289249800356
208,0.04697358210193236,0.7098718491794197,0.2291476944749866,0.0021354925131032974,0.01187138173055804
209,0.07596371841313292,0.7506562914905317,0.099048604553254,0.014371376286121522,0.05996000925695977
210,0.11492161396159212,0.7366142208080271,0.0866215373835581,0.013740792242777515,0.0481018356040453
211,0.09450672916521365,0.714533726534298,0.07578642434045665,0.02518145830123145,0.08999166165879996
212,0.17950966865002896,0.29927026812709107,0.17665752144978317,0.0022668399406786453,0.34229570183241814
213,0.1304041094912138,0.6962381644220141,0.08448180444208928,0.0035452166262494597,0.08533070501843325
214,0.25139459010517834,0.45406738934776075,0.030954832573841035,0.0022918373209395698,0.2612913506522804
215,0.1375327776574455,0.6771223962832437,0.07473798896096331,0.044819881756170576,0.06578695534217682
216,0.20003406949479086,0.6616260347548827,0.03308339809455793,0.009325228123031267,0.09593126953273727
217,0.1412479875536031,0.6446819668153256,0.05898908921845342,0.0037417393822032677,0.1513392170304146
218,0.12196097776830497,0.43806261820932374,0.015590533687815867,0.011341737772299852,0.41304413256225553
219,0.15056735881270197,0.2917800949862398,0.024998958245843927,0.014146510634603544,0.5185070773206106
220,0.12419020732819103,0.3620363741361882,0.011921061316190473,0.014344389566805562,0.48750796765262466
221,0.21859579914557153,0.3867325604662203,0.017124121779410764,0.0032691488754922047,0.3742783697333053
222,0.1155905140155502,0.12116972566409759,0.011079722242584421,0.002533520480688215,0.7496265175970795
223,0.2053096863878187,0.3371524597639801,0.015086306233979701,0.002527835723625564,0.43992371189059604
224,0.410774132978804,0.4625719065067346,0.015881841482064396,0.003610134084104802,0.10716198494829225
225,0.2584342393841137,0.3121885247036955,0.014391278922754781,0.0071944594712992985,0.4077914975181365
226,0.5202462738045979,0.23852607147686233,0.016903910163276494,0.015317834572952603,0.2090059099823108
227,0.05708134623913622,0.09655652484565591,0.004551987165968397,0.01479228516697529,0.8270178565822642
228,0.5951078452122239,0.1993101667350426,0.00035900812697808307,0.005424650907036686,0.19979832901871886
229,0.13267139521460442,0.19320330153230164,0.04150096395731452,0.02172937594459502,0.6108949633511844
230,0.2261457424082269,0.5104621126817238,0.09029777445904995,0.018003712619929713,0.1550906578310696
231,0.2922003673168561,0.47531670247125973,0.0580191846769539,0.0187934022470839,0.15567034328784632
232,0.3122761714204469,0.47470828409385113,0.13676678141554216,0.006847951879168967,0.06940081119099092
233,0.08767101817475328,0.4923888223520168,0.10767064332125435,0.00415695930518274,0.3081125568467927
234,0.11118108992387091,0.6510559344243644,0.07700104999851057,0.00439747329209453,0.15636445236115962
235,0.1465410527927028,0.7647897452369912,0.06910289751004607,0.0024094825300823943,0.01715682193017751
236,0.0980299194859056,0.8258697676533312,0.047629710791488845,0.002220906386275163,0.026249695682999043
237,0.08140800145408415,0.8345000048831818,0.07466815277965905,0.0012975211759103068,0.008126319707164605
238,0.1237635601172525,0.7978513538443975,0.02853116718689251,0.013343080594818032,0.036510838256639394
239,0.06121282660965007,0.6749790432285403,0.2502044758386743,0.0031480627934571295,0.010455591529678114
240,0.034396623154651834,0.8640778223047216,0.06467941870502632,0.006127794873753352,0.030718340961846734
241,0.04410310159544071,0.7924523111238637,0.15378165977532837,0.004517323885002045,0.0051456036203652265
242,0.042120975688603145,0.8246427054737928,0.12274298434054845,0.004330056639650034,0.006163277857405417
243,0.06882849595249393,0.811737853302257,0.08632257149117656,0.004148994193013832,0.028962085061058664
244,0.026414686944653286,0.8361172328182944,0.12371473879704932,0.0037910268515827933,0.009962314588420318
245,0.13324228926245563,0.769052632554009,0.037907615609010056,0.019094077619359096,0.04070338495516611
246,0.014735168774738924,0.9156540016995939,0.06324676182248892,0.0027925531952777043,0.003571514507900672
247,0.025063034617609142,0.8714914265929565,0.09008485557280359,0.006236346704250805,0.00712433651237996
248,0.11965427575807501,0.7918155126601845,0.06891278968619359,0.004415627111713984,0.015201794783833048
249,0.062167486098905426,0.8669712622644259,0.04768072083794811,0.001900417480121333,0.02128011331859939
250,0.1570905077747386,0.7476015556765675,0.05861043022507032,0.00968411433474668,0.027013391988876912
251,0.17405731658477336,0.7448025157690794,0.01438650208841819,0.006508261100107998,0.06024540445762111
252,0.17269605932774346,0.6556801325346034,0.11866082525902778,0.006102760482163604,0.04686022239646188
253,0.07780352555160444,0.7694056092654791,0.07043844114917376,0.016951153436946878,0.065401270596796
254,0.11214025184693042,0.6813567237427507,0.18952418572505939,0.0044280504400033525,0.012550788245256048
255,0.025545831699930552,0.8377364337254775,0.11288815799409563,0.008824764406371989,0.015004812174124265
256,0.021203360149073702,0.5514466940928453,0.3954948768190962,0.01095703109349368,0.020898037845491005
257,0.008960499625640652,0.20447041869071061,0.7746499995500616,0.002404135219287591,0.009514946914299315
258,0.008001888006080742,0.2714223649998511,0.7067699128190844,0.003499251670856139,0.0103065825041276
259,0.019469702013532843,0.44762131860162624,0.4986754707495516,0.017507124853425746,0.016726383781863387
260,0.022638434209690115,0.5602714558119037,0.3986922037899219,0.00851959836926213,0.00987830781922208
261,0.022455612428167362,0.4295801288921301,0.5396800624010776,0.003927073482977854,0.004357122795647161
262,0.08018653510720024,0.7230877504962664,0.16578988942919246,0.0031143064972414545,0.027821518470099584
263,0.012942468990451024,0.5482696987028797,0.4256589090612634,0.003083444729177315,0.010045478516228477
264,0.014314531716404955,0.6260040001724092,0.35268121198089963,0.0021590818680455267,0.004841174262240653
265,0.0386103348012671,0.6815073911162693,0.27125849559069853,0.0020308013086111692,0.006592977183153634
266,0.011297878664364713,0.5134124422809611,0.46259398835333243,0.0031433487001654684,0.009552342001176288
267,0.008249889060760275,0.2318265948529796,0.7507437289625142,0.0033468528673636245,0.005832934256382238
268,0.010377977802414208,0.41979901464897856,0.5632532221560114,0.0024811096550100232,0.004088675737585724
269,0.022759926158683053,0.6733090896437504,0.27373882046265596,0.016087099929496473,0.01410506380541415
270,0.014805575820800032,0.4928123224313181,0.4768948206830668,0.006453073576361429,0.009034207488453698
271,0.006171395447521721,0.33595767673176624,0.6507454717945111,0.0020657432283992696,0.005059712797801646
272,0.0009382546281717812,0.14405535876533823,0.8540887197268334,6.657355068080704e-05,0.0008510933289757867
273,0.008522655524858104,0.3343392359817863,0.6506519019958306,0.0015829251854068934,0.004903281312118269
274,0.006414873642137868,0.1637369378819872,0.8225903414344048,0.0010576102561875046,0.006200236785282547
275,0.011001518803824887,0.3077291564208661,0.6714933688746783,0.001970020785117235,0.007805935115513604
276,0.006298168962221788,0.17585807272227097,0.8108615563844938,0.0013012845044316078,0.005680917426581822
277,0.009477280450227964,0.3013267889793368,0.6828509082855817,0.002215138824583646,0.004129883460269995
278,0.0019092390742942822,0.1254111092300354,0.8704360991735255,0.0006721178624487975,0.0015714346596960448
279,0.0076684237218055985,0.2525169498622523,0.7351416488733088,0.002027431356555524,0.0026455461860779347
280,0.00797053379412003,0.36208638051598474,0.6240291403616411,0.0012545758280216514,0.004659369500232486
281,0.003787311316601367,0.20005151861804107,0.791244205247676,0.00124702611684458,0.003669938700836879
282,0.008195937994215245,0.3192215107572463,0.6622918229846128,0.005813533192475495,0.004477195071450138
283,0.004011409207415858,0.20347076637852868,0.7901287082523848,0.0006042201135385683,0.0017848960481320069
284,0.0017148787338309218,0.1111786915071599,0.8846181669762206,0.0012963862883619156,0.0011918764944265324
285,0.0017799068404456525,0.10752504610335287,0.8884970568672337,0.0008097462700466534,0.0013882439189210698
286,0.003459436887307515,0.1454836686300252,0.8469398772290285,0.00099558939737866,0.0031214278562599947
287,0.0009449416348191024,0.10071078680042662,0.8967731736427014,0.0003368646431317664,0.001234233278920979
288,0.005070991992626731,0.22207885996190782,0.7693354107822796,0.0010231622224325357,0.0024915750407533
289,0.002563565768161301,0.06862863518180813,0.9269938061055706,0.0004126579664421103,0.001401334978017817
290,0.005698672634651523,0.10459998648516251,0.8866943210599234,0.0008737845265796015,0.0021332352936830404
291,0.0023677640185526525,0.0707585117279524,0.9249669383030076,0.000393579833425668,0.0015132061170616206
292,0.0009195455977229762,0.05061377860247752,0.9466869652219754,0.0002980159268774826,0.0014816946509465887
293,0.0010279081646567215,0.06601022485694148,0.9319659750573244,0.000154378138567446,0.0008415137825098147
294,0.0007064344868784653,0.0518682946715082,0.9466380652702117,0.00015147988329172523,0.0006357256881099401
295,0.0015663716470399785,0.07484155536972405,0.9220156987955338,0.00019479530972011148,0.0013815788779819264
296,0.0007388247722304054,0.038404334662386394,0.9602027796611935,0.00015643708867286315,0.0004976238155168549
297,0.0006134165328720044,0.06877022862783795,0.9294215725113846,0.00016196873607527074,0.0010328135918301576
298,0.0028378749730355725,0.05791302604077113,0.9373450086002597,0.00028609851940415064,0.0016179918665293286
299,0.0030760862046067847,0.12619766671316365,0.8683541797833606,0.00044520867397528655,0.0019268586248936252
300,0.00030313980232091154,0.028301527401934458,0.9708532978113051,9.14562787821653e-05,0.0004505787056572039
301,0.007256295767346171,0.23664524641675566,0.7511645307347612,0.0008193364631602283,0.004114590617976755
302,0.0005678325233362044,0.040507679658667764,0.9583488736359678,0.00011949522399049189,0.0004561189580378428
303,0.001992795140089956,0.0939886958245288,0.9015383634483349,0.00046321076169809347,0.0020169348253481108
304,0.0016894028963899803,0.04851883947997054,0.9483919511157306,0.00024982477377767713,0.0011499817341310804
305,0.0015041513081368494,0.08536232194151845,0.9114421030067476,0.00034643127615265436,0.0013449924674444438
306,0.001963348632548159,0.04305677714472969,0.953565860363033,0.0002950409393499998,0.0011189729203389476
307,0.00229683695886519,0.08678481074870555,0.9096884034539738,0.0002914471464107852,0.0009385016920445846
308,0.004604564631989403,0.11451726790492775,0.8778085869803607,0.0004930266471370474,0.002576553835585014
309,0.0018527059927917386,0.055998865002416444,0.9409491127688289,0.0002587439459145772,0.0009405722900484958
310,0.000941044599920202,0.04536847631420618,0.9522867663278586,0.00024818544096852856,0.0011555273170466916
311,0.00045908510678465347,0.02871420313415677,0.9701037786312559,0.00011146759954101839,0.0006114655282616852
312,0.0019078826640801384,0.08715580264782975,0.9098144430697118,0.0001488241128728976,0.000973047505505368
313,0.0021921177715155714,0.07037471707072868,0.9260913743569441,0.0001340478642349505,0.0012077429365764784
314,0.0016631013121620644,0.10233789931020612,0.8940989654294403,0.00011557273525195915,0.0017844612129394278
315,0.002103278732267331,0.08243357516342127,0.9143245297359078,0.00015502304198300088,0.0009835933264205478
316,0.0025750265073367726,0.04818372505995378,0.9438679559732984,0.0004284467599388742,0.004944845699471972
317,0.003622237622144622,0.03817569790505864,0.9522334691629174,0.0003684600369816644,0.005600135272897651
318,0.003552422087986893,0.10304269058667592,0.8890639623002887,0.00043778655224630187,0.0039031384728023207
319,0.0036366819952934463,0.07233959479130568,0.9176934159798844,0.00048031854671313964,0.005849988686803417
320,0.002744838619287286,0.04432146903299856,0.9500475623218981,0.000278801159416443,0.0026073288663994235
321,0.0008748222112601253,0.029702725079358314,0.9679339579446665,9.953812615562864e-05,0.0013889566385591747
322,0.001136909982019878,0.029966430210886325,0.9673447889921912,0.00012165478866432727,0.0014302160262382338
323,0.0004971673052793717,0.027339752894464615,0.9713673955157032,8.802510766341029e-05,0.0007076591768891743
324,0.0006803351498351609,0.03546677187426285,0.9627543215589225,0.00014104618098988292,0.0009575252359895975
325,0.001816817418227033,0.05439621723461815,0.9425592482255484,0.000181409899584912,0.0010463072220216136
326,0.005685317391482523,0.15971460171789076,0.8300618456388286,0.0005950915216046469,0.003943143730193425
327,0.0012017456010210907,0.045722749220052726,0.9516851535511501,0.00022340900869774266,0.0011669426190784912
328,0.0007080652872781467,0.03307527536739593,0.9651732710475407,0.00014128065931704383,0.0009021076384681102
329,0.0008499107379748241,0.02613576695078829,0.9717232370130563,0.00012826525470527333,0.0011628200434755105
330,0.0008835873569296656,0.02534610829355925,0.9727053615098884,9.201054601140275e-05,0.0009729322936112572
331,0.0013547362399516747,0.025472115125533594,0.972003292905796,9.180422688062455e-05,0.0010780515018379401
332,0.002102042458259916,0.04362058706450632,0.9529092971369044,0.00014089916375785197,0.0012271741765714278
333,0.001422753183793573,0.024960359070227617,0.9726462421288031,0.0001272758119576855,0.000843369805218101
334,0.0003679340511448451,0.01629858847395247,0.9825245506858622,7.503658517138551e-05,0.0007338902038693858
335,0.0014742435419319718,0.03678788937703834,0.9602832927917025,0.0001402877252541156,0.0013142865640731285
336,0.0007052029293509633,0.03322911108384824,0.9649104086213729,0.0001425241348571943,0.0010127532305706601
337,0.0007167810016835824,0.019150843768564907,0.9787021179005152,0.00020182434216163393,0.001228432987074583
338,0.0015255670586150306,0.04205550623958912,0.9545963567901038,0.0005400785105854983,0.0012824914011066498
339,0.002412538692221851,0.043973078106594475,0.951341784513713,0.000442381690261973,0.0018302169972086197
340,0.0010864271121326873,0.04838547816264692,0.9461393115408692,0.003063477102811895,0.0013253060815392396
341,0.006521409324261727,0.1179584395491591,0.8603131227392522,0.012565757640210699,0.0026412707471163777
342,0.00456535597312305,0.0860562811425127,0.8771873687886659,0.02883680600766548,0.003354188088032765
343,0.014367823969940286,0.1276670142446112,0.7264082900310357,0.12627348075456657,0.00528339099984635
344,0.01897646060437765,0.08608532936209971,0.10643872351053675,0.016999342570089435,0.7715001439528965
345,0.2744093439272461,0.40834410462687454,0.21670386580783924,0.02057718381310103,0.07996550182493922
346,0.2540002674378946,0.6045642774320755,0.09153150947554407,0.012718907393025548,0.037185038261460204
347,0.47914092684108656,0.4833829127234849,0.01309765354257748,0.00937844227109659,0.015000064621754367
348,0.15721503414939472,0.7453088002933586,0.014775461186407796,0.054734489018300504,0.027966215352538397
349,0.12279706720349233,0.7767999920351155,0.016952952737468562,0.06920197908741911,0.01424800893650456
350,0.06803062378016798,0.5787309659986998,0.019584473953407747,0.31359855365228106,0.02005538261544362
351,0.11889599184751888,0.6299826807064959,0.09033473169004927,0.14035300124887018,0.02043359450706574
352,0.11140851715046043,0.5049477968051043,0.14484818110065736,0.034520241144598104,0.20427526379917985
353,0.1371056447241399,0.4347949978604649,0.2714013319787905,0.052530893238170284,0.10416713219843428
354,0.2074209704328061,0.5874460515059011,0.0666999986924282,0.047377007805895224,0.09105597156296939
355,0.21087937332158965,0.2830525789160694,0.05518473225925974,0.09398904547924182,0.35689427002383944
356,0.15340475370494305,0.27381149242039227,0.23771645578519648,0.006486839867229632,0.32858045822223847
357,0.3343944088202603,0.2627632507546149,0.039885166624541064,0.05000973254740157,0.31294744125318213
358,0.21590807534626588,0.3233373789172716,0.018431778690043827,0.07323400840260624,0.36908875864381235
359,0.21140589853999303,0.3310160614392447,0.026337349653827342,0.07732214190486253,0.3539185484620724
360,0.2554858541977806,0.5010742592013232,0.07633109815365617,0.04116306832724664,0.12594572011999344
361,0.08926841305412002,0.5779686117367533,0.1335476881285718,0.14342478657038446,0.05579050051017058
362,0.1512436412398095,0.5114944625108008,0.0519693072304863,0.22225902552971943,0.06303356348918401
363,0.05957021575903718,0.7493359406935407,0.10062160606697035,0.08128039313506107,0.009191844345390818
364,0.033722337095464884,0.6507649932993264,0.26248649059202617,0.04553845363991991,0.007487725373262594
365,0.13129776992140021,0.6817353134438453,0.03789116206396423,0.10364082365043614,0.04543493092035426
366,0.07661348814808637,0.6753002168603129,0.03027865422661448,0.18712930016613952,0.030678340598846564
367,0.17150747509251849,0.43354769621519795,0.030696970900695612,0.31675099549271507,0.047496862298872976
368,0.23094345800145633,0.28988534815696937,0.015830937834636204,0.35433388671767485,0.10900636928926329
369,0.12293110890244693,0.19811461239734518,0.009060799929970194,0.45989114519615193,0.2100023335740857
370,0.17333622544278343,0.22037092100770214,0.007641450053025283,0.37839026501216566,0.2202611384843235
371,0.15058294663330882,0.18764541465560228,0.005017259799817246,0.08936335374044505,0.5673910251708266
372,0.5193289159408119,0.21106543375414746,0.000413921116943444,0.12273090320339931,0.1464608259846979
373,0.4080584376331652,0.2220319749086519,0.0014604854199058229,0.12574415652502086,0.24270494551325644
374,0.1882180560816964,0.05431785456834013,0.0007220403903256753,0.028631596399060218,0.7281104525605776
375,0.15626654880914748,0.02315268958447033,6.663433942621484e-05,0.03224672935150355,0.7882673979154524
376,0.5381419082091163,0.04696964116393097,0.00018130788538318847,0.06418281784816164,0.3505243248934078
377,0.1370912270274105,0.21348211892334662,0.0014192821064926181,0.056801719178625656,0.5912056527641245
378,0.5369005516635037,0.06942880638876357,0.0005163510730683662,0.08435623394588102,0.3087980569287833
379,0.13777017252891824,0.24469836138867315,0.0070964530864927695,0.2598389485374666,0.35059606445844926
380,0.1632097502407941,0.24458844014978956,0.00682325531431381,0.49929631309228634,0.08608224120281631
