epoch,N1,N2,N3,R,W
0,0.00228231791106588,5.670321425834898e-05,4.968010468165658e-07,0.00011387431292476638,0.9975466077607041
1,0.0027450399721610772,5.068921517403068e-05,3.855348086873018e-07,0.00013003514120672058,0.9970738501366495
2,0.0026192827185229513,8.928331816733848e-05,8.528335999055495e-06,0.00010881934469314233,0.9971740862826175
3,0.002672125506909499,1.2875845549665901e-05,5.853172479507063e-07,6.764365602343218e-05,0.9972467696742695
4,0.036467728337917435,5.941666114536261e-05,3.758250429537021e-06,0.00011352099988100399,0.9633555757506266
5,0.09227384488528834,0.006222727107876039,3.122127822869046e-05,0.0006226998482610626,0.9008495068803459
6,0.08622267905600453,0.06802847470474546,0.0018768233658469013,0.0023945782581116654,0.8414774446152915
7,0.038159940657364305,0.13550491658363514,0.003503590782640838,0.008235866573233507,0.8145956854031261
8,0.05580230612752593,0.280681584172456,0.00011737244492470483,0.04010698961547357,0.6232917476396198
9,0.02298332417764447,0.18303361291437797,0.0008089769978258198,0.013545932235511923,0.7796281536746398
10,0.06375086519112007,0.029268111987534335,5.1794564578573764e-05,0.028879340985456792,0.8780498872713102
11,0.057728457932317206,0.07743459508872548,7.750510023122124e-05,0.01156183646666744,0.8531976054120587
12,0.26752593786331497,0.06647643406759694,2.101413539615956e-05,0.01686052971380897,0.649116084219883
13,0.11652676520942631,0.17758238673507562,0.00019458991657391426,0.007984448971656944,0.6977118091672673
14,0.25435952347003576,0.07505260279595086,1.2703113920127343e-05,0.014538960752191268,0.656036209867902
15,0.08469968613932669,0.20786529219288388,0.0017816389630578124,0.0010557297004467813,0.7045976530042848
16,0.03123939720180832,0.6104148374278348,0.020076609867527354,0.0010075508361523182,0.33726160466667726
17,0.019457157636759065,0.060183137490349176,0.0025213032308413694,0.0009719635476842034,0.9168664380943663
18,0.013656699051702357,0.0013976197835828658,1.773574366855384e-05,0.0006765073365643001,0.9842514380844818
19,0.0668644242200069,0.3574662728510615,0.013639710583008556,0.0024091966050437635,0.5596203957408793
20,0.019490863167040292,0.3205874526723576,0.031030614755851376,0.0004046541926633992,0.6284864152120873
21,0.009624797151661396,0.002119536295760083,2.606149266183838e-05,0.00019172788902575093,0.9880378771708909
22,0.10867151780021471,0.4961441537441906,0.01674949675693731,0.00284215029609181,0.3755926814025654
23,0.004232044882859156,0.0032146917645759746,0.0006297403222200672,7.576591938340264e-05,0.9918477571109614
24,0.027381918015448873,0.008265927790437302,3.916117536970056e-05,7.363610846411251e-05,0.96423935691028
25,0.33119903771766956,0.1491227513360541,0.00011611951816032287,0.001579707459424193,0.5179823839686918
26,0.2215097010262629,0.45297800164553087,0.027088004096478338,0.0003455657259414903,0.2980787275057863
27,0.14515066767356663,0.669568172997668,0.00981846358270915,0.0009153252483141909,0.17454737049774208
28,0.01320386974330393,0.7743353248338617,0.092205304874743,0.00023510082339411718,0.12002039972469739
29,0.0792894307964018,0.22190591255606848,0.0007148055185572162,0.003920695511179154,0.6941691556177934
30,0.07378461388660791,0.8608155619565866,0.016377619091022675,0.0013504249990162246,0.04767178006676663
31,0.04074681577144466,0.8825850780471621,0.04254046904188963,0.0003028669222894528,0.03382477021721402
32,0.1378154211405366,0.7800478650356238,0.04830027669512283,0.002136864950239432,0.03169957217847721
33,0.009880595489652654,0.7337599950625028,0.24104560168407918,0.00029233198696762753,0.015021475776797702
34,0.04313470338817482,0.7963384582962234,0.13515919282013397,0.00037227776750696826,0.024995367727960835
35,0.01565391280907905,0.800333460738121,0.17104055807693483,0.00023341778900576933,0.012738650586859671
36,0.011358716692429938,0.5550901356057587,0.42419843475255525,0.0002797941743298539,0.009072918774926308
37,0.022975089520078564,0.6953111264028032,0.2738003638166722,0.0002076357767312529,0.007705784483714553
38,0.017248146958961166,0.5873772313431762,0.3834106334083337,0.00021231210524150942,0.011751676184287282
39,0.01034831720239519,0.8115237573838237,0.17169883416979814,0.00012693118228190056,0.0063021600617009675
40,0.011728537256597057,0.5680713757523924,0.4138362624667546,0.0001347137294221758,0.0062291107948337174
41,0.013182500860306137,0.7058419072111524,0.27514507056390014,9.556307922917226e-05,0.005734958285412075
42,0.01336686289583746,0.3843949793582405,0.5945696308509365,0.00011393036099708249,0.0075545965339884604
43,0.005876243951934291,0.3516151568839308,0.6348210149176077,9.047810709674334e-05,0.007597106139430339
44,0.007053798654690135,0.3778215956226546,0.6046978013556734,7.921105357068161e-05,0.010347593313411263
45,0.003375986794560383,0.17464510538978198,0.8159834870560849,6.612814722894415e-05,0.005929292612343804
46,0.009046075880939227,0.5434071283739075,0.4398421592405997,0.00018558256766255474,0.007519053936890903
47,0.0036360440916452107,0.23945582872425622,0.7507251663644643,8.704790138944759e-05,0.006095912918244714
48,0.0015690599894405339,0.09882825839145941,0.8952754258799441,4.893780255526274e-05,0.0042783179366005725
49,0.004288278853406968,0.3142844025472849,0.6731103928450202,9.850699818754062e-05,0.008218418756100371
50,0.001141663911511256,0.0734753435192052,0.9221146352147037,5.250839575913595e-05,0.0032158489588207974
51,0.0016897896533669024,0.06881503043375128,0.9258460618725467,5.672704052352041e-05,0.0035923909998116115
52,0.0006859990333398154,0.05376951659556344,0.9435810167222728,3.7027089342561726e-05,0.00192644055948149
53,0.000662402381069521,0.07256922091944999,0.9227586362144693,5.2975566716888736e-05,0.003956764918294457
54,0.0012861879142496693,0.12227297049736559,0.8721921313011387,8.94663679622419e-05,0.004159243919283756
55,0.0007365488142657638,0.06559351694839419,0.9312176588324942,4.106554249785576e-05,0.0024112098623478876
56,0.0009089830484334436,0.11733961311151983,0.8775505375565206,4.829082119151126e-05,0.0041525754623347715
57,0.0005121088204885991,0.03826888031752443,0.9587159444118635,2.6505908719739296e-05,0.002476560541403878
58,0.00017478158960516826,0.03917531565612107,0.9583587624985612,2.6752823832147162e-05,0.002264387431880346
59,0.0007838456733154615,0.06842123883749086,0.9263399706851951,2.921185767106893e-05,0.00442573294632743
60,0.0005139277060639681,0.058997575620788244,0.9357140807401694,2.59817492103037e-05,0.004748434183767935
61,0.0006017784222043699,0.1112532892440828,0.883262046835398,2.9620674145361653e-05,0.004853264824169483
62,0.0009404737294230106,0.09034688360368862,0.9025955787661281,3.229416024136656e-05,0.006084769740518859
63,0.0010753651354069506,0.04681211090221689,0.9488380984830087,1.834371770276545e-05,0.0032560817616646264
64,0.001328744351797296,0.0493853206721759,0.9432586387595676,3.327777182567933e-05,0.005994018444633704
65,0.0008373062228812672,0.04759353524325067,0.946557654593779,3.260910153372299e-05,0.004978894838555268
66,0.0006156361566712677,0.0300895989918401,0.963964744913262,2.5922097321434728e-05,0.005304097840904972
67,0.0020260923808634312,0.12023202960859714,0.8658646970238555,0.00010616042588261444,0.011771020560801248
68,0.0008477906823417535,0.06529651896949061,0.9299854376775034,2.7410100620157233e-05,0.0038428425700440215
69,0.0033375141443093906,0.1899857663342993,0.7911129845067602,7.617103571144027e-05,0.015487563978919617
70,0.0016695512585233256,0.13931101364883855,0.8540847126621142,4.563750928846651e-05,0.004889084921235632
71,0.001670559433397686,0.08340800617058568,0.9094350486782536,3.948501440949699e-05,0.005446900703353544
72,0.001833004657589216,0.11846358406566619,0.8752495360334063,4.2653841779563134e-05,0.004411221401558704
73,0.002948626464013705,0.15881900173620525,0.8323013340245917,5.23833328124272e-05,0.005878654442377014
74,0.0013706076638480447,0.10537854697731384,0.8883718433841189,4.2089142989746166e-05,0.0048369128317293595
75,0.001634989939199659,0.07402220858105991,0.9208671057025455,3.910747461630421e-05,0.003436588302578552
76,0.0007825205201948413,0.04225437006950651,0.9552116136519142,2.4669448503619477e-05,0.0017268263098806132
77,0.0006122252348181834,0.04947413283856542,0.9471002325202295,4.437648803729337e-05,0.002769032918349691
78,0.0006161494674025633,0.11368196028521041,0.8822624258375434,0.00011956815608131627,0.003319896253762407
79,0.0007526894374002318,0.109954177438568,0.8847648194435328,0.00019286287712136054,0.004335450803377536
80,0.0008899160220792783,0.14251938064030148,0.8515638551136127,0.00013279707875921783,0.004894051145247417
81,0.0007585892141699357,0.09019070869823327,0.9069076250337493,6.585840750742768e-05,0.0020772186463400527
82,0.001957760565782189,0.12190636602170735,0.8718685884471035,0.00019889562381118493,0.004068389341595791
83,0.0006554841943542793,0.04854474816517332,0.9490195300557562,5.486593935553994e-05,0.0017253716453605793
84,0.000539743735900924,0.11069681396913691,0.8860718508316294,0.00010989673960212596,0.0025816947237307063
85,0.0002319754620180413,0.03516797776193132,0.9639501676381672,4.0190102456561626e-05,0.0006096890354268445
86,0.00035649396949610307,0.05999151664936336,0.938329755638002,9.87713955279252e-05,0.0012234623476105664
87,0.0006946346644503268,0.06973915615553607,0.9278877153302987,9.735024167267126e-05,0.0015811436080421725
88,0.0006980302108607801,0.03194517542441365,0.9655401054015327,7.183717896461718e-05,0.001744851784228108
89,0.0005519861379045347,0.04212602287882488,0.9552172930226401,7.573988764190039e-05,0.002028958072988535
90,0.00026235667366743054,0.018375109361183237,0.9805977840563758,2.1688231975739392e-05,0.0007430616767977349
91,0.0008593548392213367,0.09833043666948924,0.8988424786971855,6.652059259465609e-05,0.0019012092015093555
92,0.00029638142337732524,0.03196335612542633,0.9665074599347517,3.1489825139128766e-05,0.0012013126913054588
93,0.00047394717193609005,0.036421902851118265,0.9601331775012638,3.841703925539616e-05,0.0029325554364264413
94,0.0004024879060878489,0.05008041571360918,0.9466851706858626,4.05714309567758e-05,0.002791354263483627
95,0.0002566215436317091,0.050737676071782645,0.9469919212047134,3.524694662258877e-05,0.0019785342332497274
96,0.00038325895219648207,0.051866819433413834,0.9460016620045055,2.358986994716211e-05,0.0017246697399369904
97,0.0005759099544683339,0.06199541823313507,0.9345247692744056,7.9878069698961e-05,0.0028240244682922397
98,0.0003314866834786519,0.040278684321112104,0.9574281250484724,2.665901257037269e-05,0.0019350449343662343
99,0.0008697403003518229,0.1646907622270816,0.8315696156070226,9.882752492972632e-05,0.0027710543406142445
100,0.00034131763938702607,0.04334896801146783,0.9552737775596883,1.986241315373614e-05,0.0010160743763032566
101,0.0005097801468478779,0.07270687486901076,0.9249081750862633,0.00011178780091300441,0.0017633820969650124
102,0.001086992890622804,0.1844356285434941,0.8122283494038278,0.0001597540677942451,0.0020892750942611785
103,0.0007535054019888277,0.06144372227170712,0.9352971996633334,8.206984958144829e-05,0.0024235028133892957
104,0.0009603016688724468,0.18944681527605806,0.8055803545782967,0.00019005398570827336,0.003822474491064599
105,0.0005250856573640676,0.08421945170491624,0.91333976523686,0.00012330177929535687,0.0017923956215643783
106,0.0017681657429446127,0.29053983920815135,0.7044930292347781,0.0001912860062461218,0.003007679807879831
107,0.0003998462536875183,0.06044736600044618,0.9378104194376841,4.088786919234154e-05,0.0013014804389899534
108,0.0007126684901557383,0.06866477388468153,0.9286483356124432,8.861883000501597e-05,0.001885603182714572
109,0.0011675704254086939,0.13178102081392534,0.8603563227575493,0.00016046629124695272,0.006534619711869885
110,0.0026910336867288598,0.18292433417754078,0.8032515969889932,0.0005579029771247685,0.010575132169612339
111,0.0024409308489318836,0.10511923504151985,0.886900998143758,0.0005152257378236485,0.005023610227966739
112,0.005465864992447241,0.13518601540687394,0.8437740857911296,0.0007904026597109339,0.014783631149838201
113,0.0039434935283363835,0.18828523668327538,0.7940103557049171,0.0014066278604954198,0.012354286222975835
114,0.09250157811488648,0.4524941626949971,0.13130007403609467,0.0026694898849068394,0.3210346952691149
115,0.30782075468503495,0.3205534801912938,0.010256583223783833,0.002975502090344643,0.35839367980954273
116,0.08891699294860096,0.5096045744510577,0.02805521567840143,0.002726592177475155,0.37069662474446474
117,0.28196370576400526,0.3477067408231093,0.00442089724040956,0.017828377018477715,0.34808027915399814
118,0.39335703987583226,0.3845481074951392,0.016887165539842333,0.02063808485567764,0.18456960223350835
119,0.10700812497413574,0.6679509362945765,0.018134067571203467,0.051936990654921196,0.15496988050516314
120,0.20760398775795977,0.3821537369068062,0.0005870092780419374,0.34231935470653274,0.0673359113506592
121,0.1286429176036195,0.0783422373082195,0.00016402419206052775,0.7647001533171967,0.028150667578903808
122,0.1371654428174414,0.260354866045755,0.0008463033226398856,0.5329983946708471,0.06863499314331657
123,0.12931290766820824,0.03213037001821526,9.29349471540302e-05,0.7989721731925203,0.03949161417390211
124,0.1088863733345675,0.04397516122096267,0.00016859213405274648,0.7970757228123104,0.04989415049810649
125,0.03309897079117481,0.011214407880108863,2.7400197460730704e-05,0.9425872045675264,0.013072016563729008
126,0.06663739751044205,0.016377935372075148,4.160761688558158e-05,0.892134444561936,0.02480861493866118
127,0.03656521157935331,0.02479173444675044,0.00010458100063789533,0.9070858425760147,0.031452630397243865
128,0.03935355643135194,0.011015128454937587,6.755386724703275e-05,0.9163994150249364,0.0331643462215269
129,0.027499305672683435,0.008073518710574417,3.058882175108254e-05,0.947182554279455,0.017214032515536066
130,0.02358091360019299,0.009880213003257149,3.554193883430561e-05,0.9564339984568606,0.010069333000854885
131,0.04142455792958832,0.006001294247657267,1.0918634703716501e-05,0.9226620201326087,0.02990120905544198
132,0.06400521257086712,0.016890856293981533,3.832811103978165e-05,0.8549513522486765,0.06411425077543503
133,0.03631160897099906,0.0140545985557299,2.1157932295675465e-05,0.8925861398534738,0.05702649468750156
134,0.056163272518688884,0.01545909943644505,1.420925039824074e-05,0.8854703659239627,0.04289305287050515
135,0.10746235282796292,0.033326072655373615,0.00017208949172798483,0.8088616590029792,0.05017782602195617
136,0.24018206210213855,0.049259543330539446,0.00015076134911698908,0.5253351645657843,0.18507246865242064
137,0.1824539670838499,0.05467320921787188,7.396610124774222e-05,0.3198992395053392,0.4428996180916913
138,0.2441472113213993,0.04766812119285911,8.536264971985643e-05,0.3987366676058827,0.30936263723013907
139,0.08055310176493946,0.041461527404914156,0.00013680639510363777,0.13150847064040833,0.7463400937946344
140,0.39301488395003453,0.028780427035568417,7.651366669403847e-05,0.0880547833409053,0.4900733920067977
141,0.05064606466324818,0.030468208916438207,0.0003080009787121855,0.17873779172321744,0.7398399337183841
142,0.20933463045503717,0.016308507914495608,3.225143645136187e-05,0.6900121807334579,0.08431242946055792
143,0.10894771804479672,0.04151352258666085,9.798276156822065e-05,0.5282238952552789,0.32121688135169535
144,0.155730216972682,0.042827352363319,1.834063206886287e-05,0.703988593887675,0.0974354961442553
145,0.14748800533404793,0.03351315133815441,0.0001168105975091579,0.6260473814395696,0.19283465129071878
146,0.13258708452008394,0.05160817410315032,7.87231295130862e-05,0.6935300264892177,0.12219599175803508
147,0.07251310932568689,0.012588536224684388,5.589688956001951e-05,0.811887376261128,0.10295508129894061
148,0.051122002846486304,0.009781254713205734,5.287858951438919e-05,0.8807753081875083,0.05826855566328522
149,0.07362524502364651,0.011131602724200843,5.6154193884268095e-05,0.8455157990611175,0.06967119899715091
150,0.08748911034413977,0.00649292003849173,1.3315329309731147e-05,0.8251223585235563,0.0808822957645026
151,0.05678681742841224,0.021824658044809563,5.4281036816019645e-05,0.8540114932178604,0.06732275027210181
152,0.07163833693586888,0.019647135431674317,0.00017541804840461668,0.7677255741946424,0.14081353538940974
153,0.12448800411592587,0.030519215597578447,0.0009317512777660656,0.4482173046789272,0.39584372432980225
154,0.06195935228560232,0.009556304945694805,0.00013314101314608253,0.7851048623167632,0.14324633943879356
155,0.12179294391442581,0.006091402592912737,2.6002464419039954e-05,0.7994022591432433,0.07268739188499912
156,0.11970227955212355,0.00912110748766509,9.867285254390519e-05,0.5996952020950405,0.271382738012627
157,0.17893055551320722,0.014438954860115809,0.00010504072552272153,0.6467892251503019,0.15973622375085236
158,0.18766748200656222,0.013956606161712274,8.734205431362766e-05,0.61574689917727,0.1825416706001419
159,0.06399382663707692,0.006091200798858187,3.035757911077179e-05,0.859649524725737,0.07023509025921704
160,0.05638910981159163,0.006327461537677931,3.7638977636391324e-05,0.8989882498178086,0.0382575398552855
161,0.061961370539030704,0.01074090641883631,4.4559054443709094e-05,0.8543779704690001,0.07287519351868901
162,0.0802780760223092,0.014641339708995102,1.3588600430502412e-05,0.8084196556131114,0.09664734005515378
163,0.09270580578603677,0.033130229037748565,2.7525467881221168e-05,0.8115445038214005,0.06259193588693288
164,0.11935927557768126,0.03504109352100496,2.0398455298813747e-05,0.693683049990605,0.15189618245540987
165,0.19516551182032651,0.02870061747666529,5.4007444495463365e-05,0.6044261193088614,0.17165374394965138
166,0.20887231156905078,0.04310923210746442,4.1697477782385525e-05,0.4601878181564489,0.2877889406892535
167,0.15634289837418175,0.034920757817894076,2.792919079122135e-05,0.733202505450776,0.07550590916635692
168,0.07523932014952768,0.15782622917740555,0.0001739662143260313,0.42381980893120774,0.342940675527533
169,0.02450801986377694,0.0334512154025778,0.0002176303941379318,0.37299328340286747,0.5688298509366398
170,0.1273069237518365,0.07653542915227848,6.538101538230576e-05,0.49899735254142324,0.2970949135390795
171,0.07027299365624341,0.031597093408479465,4.44526479505905e-05,0.8373571334936097,0.060728326793716654
172,0.11026303773163762,0.07513524424517597,3.851260415370844e-05,0.7151033404160433,0.09945986500298952
173,0.04082713989980587,0.08736509576118791,7.498714565033795e-05,0.7689113759633871,0.10282140122996883
174,0.03273124191662703,0.032708932983112116,4.985261345451007e-05,0.8967917151345621,0.037718257352244336
175,0.034310578129977176,0.04629407720258969,4.7492191059513126e-05,0.870809431998421,0.048538420477952496
176,0.03347188094553652,0.013555342491928425,3.586182455395938e-05,0.9279374589818138,0.02499945575616722
177,0.05212659713207625,0.01874010558536911,2.347828423367844e-05,0.8834056649329428,0.04570415406537821
178,0.09348355685948208,0.026329512942882407,2.494418588871679e-05,0.841472427198161,0.0386895588135859
179,0.09749933924274992,0.033793096082617644,1.3548332978647567e-05,0.8489785790144422,0.01971543732721158
180,0.09900724392263231,0.05166232191412157,6.613920113039703e-05,0.799369789191429,0.04989450577068684
181,0.1620113029606867,0.15246553405616517,0.000851364650424967,0.6147798583916371,0.06989193994108603
182,0.05016601742730192,0.026836116606932296,5.575134348668725e-05,0.8952702553339633,0.027671859288315948
183,0.04067253183076654,0.04355603456938043,5.698290353083564e-05,0.9032021554990254,0.012512295197296741
184,0.09779814478556911,0.04863890758112814,7.922162004626052e-05,0.8242969513994735,0.02918677461378305
185,0.22487353262746515,0.3892382389809508,0.0005882961308785525,0.32747101537158985,0.05782891688911576
186,0.07246243054897941,0.3528074813646125,0.0014510837487824724,0.5424480435009242,0.030830960836701494
187,0.0784841764892376,0.35907654451486304,0.001411861330623352,0.5342192634146594,0.02680815425061646
188,0.05113840046045182,0.45315114372152887,0.007152149079755293,0.4660386358510961,0.022519670887167796
189,0.04998931343883901,0.18919266590586178,0.00021808145770435035,0.7441148865161938,0.016485052681401022
190,0.09839256182348734,0.38065169651354447,0.0002149172533025461,0.5043137203003748,0.016427104109290734
191,0.08314436960722446,0.6060846059183099,0.004123433875359682,0.29947686780807736,0.00717072279102851
192,0.1800267196917225,0.3572756481167186,0.00045730130141355006,0.4517057874301907,0.010534543459954816
193,0.061429890857011074,0.474769090868192,0.002463545837255903,0.4541915990987429,0.00714587333879809
194,0.05323535682229733,0.35564312164354445,0.0009123932852016508,0.5836722537659811,0.006536874482975446
195,0.03229996179171471,0.730684058163392,0.013304583519605454,0.21676682769291158,0.006944568832376296
196,0.05858708354480033,0.17187773821398025,0.00039991297991216686,0.7658937032543858,0.0032415620069214997
197,0.08762865199051248,0.5420276385826879,0.0028217681020629025,0.35683193542462355,0.010690005900113292
198,0.02630936407466657,0.8696948289981905,0.014189941978170978,0.08318193802570034,0.006623926923271518
199,0.08105617811394143,0.7850829518221446,0.005341339288812729,0.11684596066889412,0.011673570106207265
200,0.1141708388156364,0.721582951120495,0.005837233771533665,0.13622191331011854,0.022187062982216326
201,0.04637405963272328,0.9099536497413192,0.004843029503502998,0.03312060341962317,0.0057086577028312435
202,0.0334647502043615,0.7849499394496244,0.14788354531947062,0.019384424923526027,0.014317340103017606
203,0.10403239495666407,0.8238710687880404,0.003734771829522568,0.055311334738101535,0.013050429687671337
204,0.018698507245676746,0.8955239735510392,0.07035311200350321,0.00790161391265624,0.007522793287124928
205,0.05378738513493212,0.9159658735314228,0.005721183887098254,0.01710660539560649,0.007418952050940392
206,0.008607884510938652,0.8950464534417537,0.08983842186785729,0.0023462825412720266,0.004160957638178438
207,0.015912025793408703,0.9409068942940874,0.027186252036815836,0.008955487183511626,0.007039340692176377
208,0.00539210345098961,0.9782382230003149,0.011175340742482675,0.0016411628029537766,0.003553170003258896
209,0.013803476029284964,0.8278740451927447,0.13994669334399082,0.006156701683553279,0.012219083750426385
210,0.009653797350278144,0.9461241189557099,0.0331252135568365,0.0022659089501177146,0.008830961187057628
211,0.018307606834971606,0.9528610970041191,0.017533741698359494,0.003715304530388243,0.007582249932161535
212,0.029857175255167737,0.7770759457157579,0.17066740118908075,0.005287564125356037,0.017111913714637366
213,0.009112933074668374,0.87159002661761,0.10279081289883205,0.005233079891350508,0.011273147517539165
214,0.030712145513570283,0.8269736656869635,0.11415239432762836,0.00601668059274153,0.022145113879096293
215,0.04741244958532847,0.16195341368493754,0.014909421545257682,0.006345142833116953,0.7693795723513593
216,0.1213639939283595,0.2544253508796428,0.004123993910964719,0.00867760609076299,0.61140905519027
217,0.3250921517070169,0.48547876994070926,0.0038064841367091303,0.008677833750564247,0.17694476046500043
218,0.6810392488290371,0.25859029606957495,0.0002817460115338399,0.008958391806421818,0.05113031728343252
219,0.6426147989539877,0.3018609284336499,0.0025420917794396025,0.016861104909865664,0.03612107592305715
220,0.40627461029621453,0.5655885423989719,0.002478043049752958,0.016314978710678118,0.009343825544382513
221,0.09513186860474797,0.8749965571692667,0.0107699338474701,0.014773882636750177,0.004327757741765011
222,0.033816974161012765,0.8325936583044868,0.10907908818879138,0.013760788395167983,0.010749490950540938
223,0.05336286816156077,0.8110140339080985,0.002075713888587648,0.12815260188681812,0.005394782154935134
224,0.02546394773849814,0.9232709084247351,0.01613560967631805,0.030696983941871668,0.004432550218577152
225,0.04999525079089064,0.8773433235029469,0.022271207090016634,0.046604362219683566,0.003785856396462171
226,0.08471634550507966,0.7863330521893517,0.009064869310720878,0.11477919700982343,0.005106535985024381
227,0.03967899111972506,0.8745075216004491,0.044732080463230496,0.035992068557907125,0.005089338258688174
228,0.0445679023175736,0.8894330887976518,0.048670743323501936,0.013107080417250014,0.004221185144022729
229,0.02057577947170802,0.9572331244925276,0.01424369031734078,0.005327735408096449,0.0026196703103269488
230,0.03160159259754559,0.9466860346408611,0.012472454737168738,0.006404555221533969,0.0028353628028908845
231,0.012586405805292303,0.9627007811131991,0.020735944345174145,0.00216151903578367,0.0018153497005510245
232,0.012005569271223157,0.7155084744424712,0.26674964602809637,0.002379328710136295,0.003356981548072898
233,0.01434533358909018,0.9516180734467174,0.028687111642257044,0.0017918954828825423,0.003557585839052633
234,0.008801763093199935,0.8351470558557276,0.15050869912050893,0.002137000894702859,0.003405481035860666
235,0.023111457845702423,0.9333897454360628,0.03746162335693359,0.002361957841083785,0.003675215520217374
236,0.01768126037025722,0.752969758875348,0.2249579894640416,0.0011255364130961971,0.0032654548772570445
237,0.008236359138720367,0.9085033117935309,0.0801709527987643,0.0006162609079589722,0.0024731153610252888
238,0.0114040312847287,0.6673961945351903,0.31553218628798635,0.0011842969706841468,0.004483290921410619
239,0.008316274574016232,0.8042008854332016,0.18356639105657216,0.0008476909293502306,0.003068758006859704
240,0.004197683043170029,0.5113069480312054,0.48094411883721394,0.0007803011414733617,0.002770948946937269
241,0.0036494719577045403,0.30471953036111615,0.6870333032326945,0.0011514287471027838,0.003446265701381951
242,0.0072376848404658535,0.5491364502043473,0.4378532970664137,0.001075406641894867,0.004697161246878269
243,0.010637877322195158,0.7410581036700075,0.24310658433689827,0.0014050043951626707,0.003792430275736571
244,0.005188601698521362,0.6755778790188091,0.3140735127869871,0.0011582740274971026,0.0040017324681853195
245,0.020954525404911602,0.6678298144802921,0.30575234073853635,0.0013921293306981464,0.004071190045561879
246,0.012265974484332606,0.5654712576514116,0.41501142177616585,0.0010454798168170413,0.006205866271272979
247,0.012134231329318417,0.6042252959713819,0.3803442842879181,0.00058297779037044,0.002713210621011037
248,0.005071631614326894,0.1924605853886365,0.7985283093213665,0.0006192357012357883,0.003320237974434291
249,0.007316713393563615,0.3845244189823947,0.60251205821284,0.001303413103388904,0.004343396307812719
250,0.004247489494294078,0.418135463660217,0.5739876385955751,0.0009668556180502747,0.0026625526318634794
251,0.003752038738740463,0.19646986244057704,0.7962008038174901,0.0006652955031738088,0.0029119995000185276
252,0.03391966951841718,0.7381268109902364,0.22116209063311934,0.0015360107407863225,0.005255418117440936
253,0.012585985064876638,0.3129387586448592,0.670381007618041,0.0010462107950806939,0.0030480378771424806
254,0.004760216316539019,0.40806244287797194,0.5831700699451766,0.0010323228881953762,0.002974947972117174
255,0.003491488613914307,0.3296690017460627,0.6633744291624175,0.0007424406640716278,0.0027226398135339084
256,0.0021532252863396247,0.14872421685992104,0.8471529615946286,0.0005671613766994708,0.0014024348824111519
257,0.00804245165074776,0.41048974852921183,0.5753197174839764,0.0008662035347580214,0.005281878801305957
258,0.006744198577905873,0.2338544587936168,0.755343019621206,0.0005815669270439139,0.003476756080227314
259,0.004262709583439526,0.2721039654221538,0.7202511975839633,0.0007682674391304428,0.0026138599713128523
260,0.0037259309938397376,0.40046516907491203,0.5919354937904437,0.0007023700764916182,0.003171036064312709
261,0.0013124292329943935,0.1488800773497428,0.8475814947409682,0.00042706452830005296,0.0017989341479945251
262,0.0022263418177224806,0.24744728237442487,0.7478197402115622,0.0006713225705322526,0.0018353130257581442
263,0.0019802137513221275,0.22003903887634113,0.7745052034743493,0.000511555583357575,0.002963988314629972
264,0.0007827039393111489,0.05791429979896179,0.9397010945488609,0.0001594623674048883,0.0014424393454613748
265,0.0011099113889376606,0.11822791172108607,0.878955153161779,0.000354237255801073,0.001352786472396245
266,0.001430260251408818,0.2699213880826468,0.7260859354237664,0.00042796112210943143,0.0021344551200684894
267,0.0010813501610584988,0.12873523040447452,0.8685552774157538,0.00029795595289824347,0.0013301860658148177
268,0.0008434246534131457,0.08487082805610124,0.9131464995400955,0.00018850109647935764,0.0009507466539106776
269,0.00026092450743558015,0.04552205457352413,0.9536403951043503,8.495061608491874e-05,0.0004916751986051134
270,0.0020409047594991438,0.19572008959493792,0.7993413985343919,0.0007480196502122257,0.00214958746095886
271,0.0012112281743143383,0.09661840680428442,0.8984495470785282,0.0005923194529165753,0.0031284984899565215
272,0.0018721445301942332,0.2669618122329315,0.7268702787587524,0.001222533851737247,0.003073230626384583
273,0.0013352217002993313,0.1339461232811318,0.8625510106974565,0.0007886277212362818,0.001379016599876104
274,0.0008790717602491595,0.1073058362116831,0.8902477739477822,0.0005339885411913965,0.0010333295390941369
275,0.0008134983035857587,0.11397280849891439,0.8828121685528969,0.0011359151646778481,0.0012656094799250088
276,0.0013939837349099158,0.1886261288400469,0.8050311732146791,0.0020595777142215534,0.002889136496142823
277,0.0008481150016522209,0.0921623373443898,0.9048236486130322,0.0007367970238285116,0.001429102017097091
278,0.0023131071901049214,0.13217929008190918,0.8616397467294046,0.0017850955207026084,0.0020827604778787395
279,0.0007967116628669848,0.09442437723505295,0.9022604570200768,0.0010899348900170404,0.0014285191919861516
280,0.0008866452897159757,0.11871685131251275,0.87768546974506,0.0012223499578894175,0.0014886836948217958
281,0.000880343844716766,0.09609535226754225,0.8988120057630083,0.0020398019451340513,0.0021724961795986744
282,0.005189073699745831,0.09710646574790066,0.890285401253257,0.0041491522079183975,0.003269907091178362
283,0.010740577635531373,0.14120333441483912,0.8373957387462562,0.005293028140101525,0.005367321063271913
284,0.006769976409425742,0.14013517668480102,0.8454074432307213,0.002982155431721031,0.004705248243331079
285,0.003543733178190678,0.059783375663543255,0.930958353069808,0.0009938027099701517,0.004720735378487836
286,0.0018272315433274708,0.0671266054627555,0.9256457245126023,0.0010516491586517226,0.0043487893226629385
287,0.006605595476728922,0.10526972960489629,0.8739954317126002,0.00365464449078735,0.010474598714987264
288,0.015040826193473716,0.004775744604678995,0.004231903949351631,0.0014986272408334105,0.9744528980116623
289,0.279382469950973,0.3156540199167751,0.022814363501714126,0.008171695043548364,0.37397745158698953
290,0.40203614582104646,0.3407142259968082,0.008193188278650378,0.008721945264366072,0.24033449463912893
291,0.3488077290868841,0.48978742347610776,0.012043907406822613,0.009338130498172918,0.14002280953201257
292,0.044628501208185706,0.11601627781466145,0.08815695860483713,0.0013253498961022664,0.7498729124762135
293,0.2650059697537395,0.5929665310644173,0.012189694332315471,0.028897831966830507,0.1009399728826972
294,0.18731141741042223,0.7509715266629644,0.01040412628054344,0.021822015106219835,0.029490914539849897
295,0.19698418476004317,0.6333036174959947,0.1174909597247305,0.011740071914048003,0.04048116610518359
296,0.14323828397620697,0.7866023159144782,0.03553902372583887,0.0231663454566867,0.011454030926789156
297,0.032732794586476134,0.9136803888445173,0.0394266932421169,0.009554728836933259,0.004605394489956312
298,0.028847249979283857,0.9285600497748322,0.03442746424309732,0.004276052924582519,0.0038891830782040913
299,0.08895553673094146,0.8136487670438506,0.07599483365246454,0.008013195894688234,0.01338766667805506
300,0.025925685472554732,0.9271984568657331,0.03743842026809673,0.005495609948968868,0.003941827444646698
301,0.08327620074860285,0.8583265983423618,0.04030763918561442,0.010905135669369572,0.007184426054051235
302,0.03711475552925508,0.9194064466371339,0.025139144398853078,0.007956032219678498,0.010383621215079613
303,0.03592838096651108,0.8250892156086607,0.12657998685901323,0.00756970420210011,0.004832712363714962
304,0.04353331948662294,0.9111593693656221,0.028082815562973002,0.013989385553749806,0.003235110031031996
305,0.02867697542756944,0.8295258076601011,0.12904675302781607,0.008713158937895874,0.004037304946617684
306,0.02006899659177649,0.8857642794838816,0.0858056183881722,0.004181096668903891,0.004180008867265795
307,0.013981362322530454,0.9596632449440072,0.02114852373789195,0.003184452696650002,0.0020224162989201933
308,0.01945145883912517,0.8523619397943948,0.12054859949310806,0.0037053698141455665,0.003932632059226439
309,0.02976039624740457,0.9179073015893687,0.045403904153055244,0.0028460872577713266,0.004082310752400226
310,0.0083542404353574,0.7812036426223767,0.20502090403395234,0.0025770188940687725,0.0028441940142447174
311,0.021869939946931316,0.852792029446851,0.11706386541081498,0.00453402289049654,0.0037401423049061382
312,0.017108153713624844,0.9434846713942502,0.03471412679732346,0.002185118456521106,0.0025079296382805837
313,0.02117704203234063,0.8710288461471907,0.09913211785910576,0.004286609574321443,0.0043753843870416925
314,0.011183418063561086,0.8192650766846558,0.1618600829046613,0.003049214147230613,0.004642208199891179
315,0.017292467642931568,0.914372905954361,0.06208619074942053,0.002783447039946984,0.003464988613339832
316,0.027245471238926948,0.8420748011065967,0.12295594599917078,0.003569335570916859,0.004154446084388898
317,0.005335116220127208,0.4209088385663294,0.5670836464027846,0.002097743450672313,0.004574655360086477
318,0.012968252333121032,0.6855462009861252,0.29313947827521636,0.0035894026689682903,0.004756665736569103
319,0.017906767036724794,0.5860705846146775,0.38834990249461354,0.0032324464915543007,0.004440299362429929
320,0.00864406264432865,0.4777618746249984,0.5071970479958706,0.002950831605785506,0.0034461831290168183
321,0.015127714884477728,0.6918852383697811,0.28589863003367116,0.0027228718355419156,0.004365544876528277
322,0.013828005747129226,0.5778493410609888,0.4006790986343879,0.0033116815615398414,0.0043318729959542415
323,0.018113350671604526,0.7626011416719451,0.2128548953062139,0.002133779635614707,0.004296832714621554
324,0.01353991688935235,0.6788246068069189,0.2968898275815315,0.0034698571518579865,0.007275791570339247
325,0.02216568357806664,0.5687453328827995,0.3945897270157247,0.007327324369407894,0.007171932154001227
326,0.040340033993395814,0.930428530426213,0.017435648451646205,0.006227626171825062,0.0055681609569198775
327,0.015755322594200014,0.8201974956095421,0.15739520742877072,0.0016995726902921612,0.004952401677194927
328,0.015147023304461712,0.7852490952462947,0.1934039311287035,0.0017274840713379894,0.004472466249202296
329,0.006757818694946449,0.6961651987792755,0.2934014892887628,0.0012067605259928089,0.0024687327110223933
330,0.0035900802367123466,0.23914942998262406,0.7527222313798861,0.0015201781795450215,0.003018080221232344
331,0.010836598467255949,0.7620214375535131,0.21959311139817325,0.0031106568085182123,0.00443819577253948
332,0.013294934789549013,0.5386314950832023,0.4430082358247245,0.001908439928154904,0.003156894374369275
333,0.0027457271228949125,0.48048256512922566,0.5135493083077987,0.000904081263634099,0.0023183181764466682
334,0.011613385358284324,0.48158482034538813,0.502774721628533,0.0013044928472530967,0.0027225798205416036
335,0.0025172695086511025,0.21102931001844205,0.7837204543978623,0.0005950178672350929,0.002137948207809545
336,0.0033965674932118065,0.23095731270347897,0.7628281993270908,0.0007918977519971126,0.0020260227242214187
337,0.004637749073094196,0.28706933788853795,0.7043949726316403,0.0011572983198592,0.002740642086868452
338,0.01793982358847991,0.5591371948760677,0.41285547529741184,0.00287799760928526,0.007189508628755205
339,0.007326936389868331,0.5029459882071359,0.4842111625795852,0.0016001894054847223,0.003915723417925721
340,0.01465100064017996,0.6208484281083415,0.3582726818443888,0.0021245722758119713,0.004103317131277804
341,0.00527130876156475,0.642696057447039,0.3476127561478511,0.001417734254519724,0.003002143389025377
342,0.006395221849953351,0.6275026545851766,0.36186352101218766,0.0011769678283286027,0.0030616347243539173
343,0.007863754794107537,0.5715085709090263,0.41514920599697397,0.0017809745102786046,0.0036974937896136722
344,0.007387588925711187,0.7544561738738607,0.2330716980166328,0.0009675682214317614,0.004116970962363732
345,0.006994300855570426,0.4879345487471145,0.5004981681942898,0.0010809339493999775,0.0034920482536251033
346,0.012558224957220102,0.3618695920955357,0.612999153288428,0.00250942566152528,0.010063603997290761
347,0.029514864033729448,0.9047467571447799,0.056998493893243816,0.0020165067316127434,0.006723378196634055
348,0.011683385206853377,0.6807519893336876,0.3001849430309131,0.002244178625708094,0.0051355038028377395
349,0.009703970576729596,0.7309976907370618,0.25175385039099774,0.0014203809222586474,0.006124107372952392
350,0.003315910298687393,0.43589956213602354,0.5576686931888536,0.0006105203070863572,0.0025053140693490437
351,0.010210996310298402,0.8971707429421809,0.08732656714957514,0.0014450287799187883,0.0038466648180269813
352,0.005315461640793524,0.7480594950867787,0.2434185177773402,0.0006219020802550057,0.002584623414832612
353,0.005972561199189645,0.5173140692113111,0.47258409713171723,0.0007520050387614099,0.003377267419020566
354,0.0045132322658333725,0.340414907543606,0.651866081340676,0.0007541644618143427,0.002451614388070172
355,0.0013251034704018102,0.14747976690466602,0.848797841967471,0.00036204007246764223,0.002035247584993634
356,0.010730609063519879,0.24159493659061934,0.7442000527971054,0.0007790587224345242,0.0026953428263208493
357,0.006387134285177459,0.23917086305626545,0.7509050636638636,0.0007792614948024472,0.00275767749989107
358,0.005528925984626113,0.2822387523063516,0.7089217018265254,0.0005731411278982482,0.0027374787545987574
359,0.004680444408900545,0.20748613942450012,0.7859030578291029,0.0005544475564005357,0.0013759107810959134
360,0.020306266975394904,0.46935394858506857,0.5050600705466397,0.0013048894334909142,0.003974824459405962
361,0.0009070111102991737,0.08472012122417517,0.9135040708152783,0.0002071720655091804,0.000661624784738197
362,0.0011106916100390943,0.12514673778533275,0.8721092411184501,0.00023775046915188865,0.0013955790170262947
363,0.0028337046353260655,0.19105430125656295,0.8027813078290816,0.0006039473733441221,0.0027267389056852645
364,0.0006136397781418201,0.16217743572172502,0.8354115133738279,0.0003610162108689743,0.00143639491543618
365,0.0013498573881813706,0.09593703233759529,0.8996198824023207,0.00042413393410450044,0.002669093937798193
366,0.0038445356494759887,0.25274404533776174,0.7382999553752857,0.0015548309787335995,0.003556632658742925
367,0.0024371168038127516,0.19065707720425182,0.8036157489285143,0.0006808105915174103,0.002609246471903812
368,0.004246572390692873,0.18989758723532993,0.8025063823965288,0.0007792802552625067,0.0025701777221858843
369,0.002010936440246907,0.12614074453605045,0.8695651652186144,0.00042733644832107997,0.0018558173567672026
370,0.004430913372845014,0.43299092568693864,0.5590798097477725,0.0009698954678847018,0.0025284557245591707
371,0.0015860006001997696,0.08777458793120942,0.9082019614858106,0.0005290521534589813,0.0019083978293212693
372,0.0045073196045819705,0.10045317633471851,0.8908891463436773,0.001126066381449586,0.0030242913355724606
373,0.0071164300991990274,0.1543874959463196,0.8308059920847504,0.0020562997069080344,0.005633782162822979
374,0.004958250818763827,0.0949593718441555,0.8886414796118962,0.001650197784765227,0.009790699940419192
375,0.0868261959283021,0.5519039771088717,0.3063554562402279,0.011353963002623882,0.043560407719974416
