epoch,N1,N2,N3,R,W
0,0.24843021617079444,0.014180663935667014,0.00017232074642604497,0.0079813894991627,0.7292354096479499
1,0.13457162082202592,0.017146150717735238,2.9158721726088213e-05,0.004223524365740758,0.844029545372772
2,0.1649361507583346,0.01754507309798822,2.3434045385195303e-05,0.003703234808414001,0.813792107289878
3,0.090456330306829,0.004012522098040784,1.4493529697990172e-05,0.002196459333931834,0.9033201947315004
4,0.02749948996129255,0.0018669974254641247,7.769062269905387e-05,0.003059879286707403,0.9674959427038369
5,0.11427140018433712,0.007185806261850149,6.442075669811033e-06,0.0022767530788545425,0.8762595983992884
6,0.038974100902347916,0.0026348784447447473,0.00018765115608510455,0.001146700120546559,0.9570566693762756
7,0.16025662372483304,0.00925483460444955,0.0005540459802914881,0.0030305966987255635,0.8269038989917004
8,0.1121674349164439,0.014697957845069377,2.2705142984620458e-05,0.002497407305226805,0.8706144947902752
9,0.29611710913668166,0.20345134431737355,0.00015343629940446085,0.015332949384625021,0.48494516086191536
10,0.17738153688048036,0.6019445626129231,0.0005357442933550544,0.0048701756657921254,0.21526798054744933
11,0.04680946841715089,0.859193348045258,0.00023870449210690106,0.010118022534267308,0.08364045651121677
12,0.04547299493931018,0.83923282789271,8.864931364410916e-05,0.05798005289178801,0.05722547496254764
13,0.09762758569852224,0.5800902859929281,0.00026218544110038946,0.07299724202708899,0.2490227008403603
14,0.029240335642483004,0.9155509012215723,0.00012228741944172628,0.024769626241332172,0.03031684947517081
15,0.1603608030349956,0.5854569474875692,4.3266448451179344e-05,0.07077092832454047,0.18336805470444367
16,0.04038455130575499,0.8982173440732593,0.0007471306928930382,0.009288370364456157,0.051362603563636505
17,0.04557815347218726,0.830870555906785,0.00011773374375363296,0.007484257898639024,0.11594929897863505
18,0.01306174933635112,0.9494743852844019,0.0025736926454397835,0.002115268652609232,0.032774904081197966
19,0.013253692285024954,0.9477975154410637,0.0023442883768895442,0.0038096725596140253,0.03279483133740774
20,0.035325215932282654,0.8335304623160839,4.87093905883026e-05,0.009415025288940983,0.12168058707210423
21,0.06666561671809508,0.7885371462568214,0.000829466744310833,0.009289380011843063,0.1346783902689295
22,0.04363743648711596,0.891850611977317,0.00037114759585028144,0.006035779241207746,0.05810502469850892
23,0.03039086096401032,0.9342510660346336,0.0001709083036923466,0.005242882159796843,0.029944282537866792
24,0.030540307848904984,0.9373611988858693,0.0007080993915773125,0.00874065571480795,0.022649738158840412
25,0.011630204362367865,0.9460785653580635,0.011019638867556289,0.0011202208660000058,0.030151370546012326
26,0.023663435007821716,0.9321210307583921,0.002936927499702256,0.005607746316383497,0.0356708604177003
27,0.008763489523244563,0.9697197246174086,0.0016227840429657145,0.002704667716830582,0.017189334099550434
28,0.010686550590887864,0.9476112903871349,0.003755725249114824,0.0020779247593958,0.03586850901346675
29,0.019201987179421162,0.9421893226835154,0.0026295940681139115,0.00203652793012356,0.03394256813882601
30,0.05943274518989779,0.42697033147512753,0.0003703014437011778,0.014057511368178658,0.4991691105230947
31,0.053480687868000816,0.7215119528322378,0.00039368393845237064,0.007228976638745662,0.2173846987225633
32,0.08067144066898548,0.6804863210768386,0.00011171685287726836,0.006411378787619253,0.23231914261367922
33,0.2205187549650222,0.508913316350305,0.0005677231911862612,0.010530559541523913,0.25946964595196265
34,0.07803489626584821,0.7530206235353042,0.0016160224250145936,0.009373879751729005,0.15795457802210403
35,0.08038708851422247,0.1746051973743636,0.0003032423819044268,0.007069754601277886,0.7376347171282316
36,0.09753027708895239,0.5996512901587829,0.005742119478053122,0.004404264530429835,0.2926720487437818
37,0.007644807204909844,0.008134791828797849,9.525175114619739e-05,0.00043816296030842905,0.9836869862548377
38,0.16318039925096553,0.13951032206023675,0.0007641951231173751,0.0016505514653137564,0.6948945321003666
39,0.005171571435879127,0.0016325369851690795,0.0024744770828426057,0.00046291658200777044,0.9902584979141015
40,0.0839266512806582,0.0688744027310328,0.0009881381882302473,0.0039922957287717225,0.842218512071307
41,0.047530451987696724,0.011940041889805731,4.612666008394137e-05,0.004390232522384997,0.9360931469400285
42,0.06389578082921293,0.4503834403142506,0.001267120941044882,0.005157575884824517,0.479296082030667
43,0.17208217378894378,0.5376919523462087,0.0009587430350479726,0.04237789712647634,0.24688923370332327
44,0.059114754494952,0.48347426761986245,0.0008740682929183834,0.022756114224531505,0.4337807953677356
45,0.0803254283395337,0.31302996076238265,0.0013485740534844477,0.010781534239224051,0.5945145026053753
46,0.10865319803861156,0.7263653217647305,0.0002724906002762316,0.014497885435479379,0.15021110416090233
47,0.13510461335049934,0.6548879450299228,0.0019412465182816043,0.013088644255506102,0.19497755084579016
48,0.06974826531300703,0.863929639827552,0.0007994801650205344,0.006360349013862267,0.059162265680558074
49,0.05146806572438441,0.8401774028327043,0.0014954171847238508,0.012045778248204228,0.09481333600998315
50,0.10660614385079854,0.800077422817598,9.215075643162048e-05,0.03176346899381008,0.061460813581361934
51,0.0816306001711955,0.622557946518713,0.0017645836645703058,0.014899534238566695,0.27914733540695463
52,0.19680231213463323,0.6182858135783666,0.00031671484213130247,0.04768468551799417,0.1369104739268746
53,0.05047768576015679,0.8943875199085488,0.006080834862355966,0.0029466951991698387,0.04610726426976871
54,0.11128490488922209,0.80896287038717,0.0041668190244990725,0.004134898783317275,0.07145050691579158
55,0.08960949109215353,0.8771367032776666,0.0021195575018197335,0.004667504074119569,0.026466744054240557
56,0.06660519079119723,0.8649311348936595,0.014093023650838015,0.0011498773364587637,0.053220773327846416
57,0.07144487620906403,0.8491279954419813,0.002482076228491699,0.0025595880763211224,0.07438546404414206
58,0.09284980910321373,0.8722800832212955,0.005579879047306354,0.005541759262773411,0.02374846936541103
59,0.016213988963263683,0.973540848738284,0.002073436976937639,0.0007434461211519103,0.0074282792003628004
60,0.05208100568487359,0.9128719843564245,0.006549350866568178,0.003458510125026441,0.025039148967107322
61,0.017201156666661086,0.9614942570866885,0.002108024458133311,0.0027871190715680646,0.0164094427169492
62,0.024969574392932337,0.9216286211511405,0.005033438133573727,0.0033254707977164607,0.0450428955246367
63,0.03813656609651426,0.878743141169839,0.003207319527968012,0.006194818943231332,0.0737181542624475
64,0.028910750311535467,0.9441362248658858,0.0005938206155416295,0.00642326969619817,0.019935934510838905
65,0.037882000146497063,0.9283437410906592,0.003646630119265405,0.003895570467458022,0.02623205817612034
66,0.037174341879349884,0.8653786699619871,0.009329048938915223,0.0014290594634702232,0.08668887975627754
67,0.14027098841866803,0.8122745942826195,0.0009035851298609962,0.016804797895301527,0.029746034273550038
68,0.07445939442914122,0.876565702383476,0.0031163510630034382,0.002865371692846408,0.04299318043153293
69,0.04075859547464896,0.9353481104521232,0.000981196055404217,0.002684666971642502,0.020227431046181105
70,0.02467409593030039,0.945100780141246,0.005267442192424458,0.0027616115454549175,0.02219607019057421
71,0.01997206720831252,0.9536293131521644,0.009657970560736369,0.0014465863431819483,0.015294062735604656
72,0.02545696358007365,0.9309156693894416,0.006669733194296098,0.0015432375699472598,0.03541439626624141
73,0.09254218995813615,0.42977882950208796,0.0005887192541635582,0.014891611967944095,0.46219864931766824
74,0.26642886372832375,0.3965026031488793,0.000822426981987861,0.02329621869913222,0.31294988744167684
75,0.2046991125799164,0.4289449020987166,0.0006169367500518901,0.031970640279200685,0.33376840829211446
76,0.490492966136672,0.20538634245556645,0.00046141302074471485,0.01773934205081128,0.28591993633620555
77,0.18679725073588513,0.7057093301768559,0.004185012515160118,0.020783689955418936,0.08252471661668004
78,0.21158732018245435,0.29148671503059076,0.0006882896247649246,0.015245004742391896,0.480992670419798
79,0.11752459126035343,0.727250332152375,0.0020998237049619207,0.00839315728167538,0.14473209560063424
80,0.1471489279832743,0.709654121008,0.003646809870070166,0.014690502392339787,0.1248596387463158
81,0.1083347102107916,0.7506702625913653,0.002785883938013038,0.005893991437144377,0.13231515182268577
82,0.147513594196191,0.7193824955191942,0.0035961277078977658,0.00700662412280978,0.12250115845390734
83,0.22202702131351318,0.5725616310598459,0.0009194324054514561,0.02271452799084576,0.1817773872303438
84,0.3443085688674955,0.385524301848743,0.0030731468847392147,0.0107166398939146,0.2563773425051077
85,0.06575405839825839,0.6826107620058697,0.008024663044935985,0.003259756292101114,0.240350760258835
86,0.0588589230227347,0.5329570727218271,0.008909733060323352,0.004991061215623137,0.3942832099794918
87,0.16168885685655107,0.6261448051472175,0.009779814238613144,0.015037362330716382,0.18734916142690192
88,0.22124794891547325,0.6867565502234044,0.005141741986680127,0.013752009022164684,0.07310174985227755
89,0.15909863656149853,0.7709664879461768,0.012674986837881215,0.005678040620252456,0.05158184803419094
90,0.13256784467149557,0.7738757509864341,0.014378274163937478,0.002052561009545015,0.0771255691685878
91,0.07633164792525948,0.78545845782157,0.009842080782619882,0.00114805351609637,0.12721975995445425
92,0.062352135536539115,0.8797314036039797,0.02526748375979914,0.00031766282157837437,0.032331314278103596
93,0.028438076509136413,0.9225129768426843,0.03870088862554332,0.0002423457832893514,0.010105712239346856
94,0.020621338209143168,0.8608412659306622,0.09597065691349058,0.0010362012254270208,0.02153053772127706
95,0.07272699321049235,0.8459353471444273,0.010700357123606357,0.0008856120529083299,0.06975169046856575
96,0.0506066446333013,0.8375448121080245,0.08038792067430378,0.0007601236665265652,0.030700498917843985
97,0.020601418178256014,0.8969504193995104,0.04486668631946362,0.0006069589999221325,0.036974517102847736
98,0.09237344140652295,0.7423405469525768,0.021409456147150337,0.002245043397782534,0.14163151209596728
99,0.08714160494236006,0.778009623478921,0.024108759215421074,0.0034059126818892773,0.10733409968140867
100,0.09061324093784713,0.6132183774504804,0.015078691344720657,0.0034970698227347694,0.2775926204442171
101,0.07851198603055491,0.786617728117486,0.0379027266237653,0.008119652223794344,0.08884790700439928
102,0.05638141010475128,0.8313270906971124,0.02556129125103009,0.007810641144481065,0.07891956680262521
103,0.06515095361971497,0.8860087762041352,0.004210290174965542,0.015570060103836679,0.029059919897347505
104,0.0873942097021565,0.6365693615806518,0.011279417005461749,0.009341069586824628,0.25541594212490526
105,0.0906590759898667,0.8419206910782111,0.0019002595940694855,0.013936706112631616,0.05158326722522108
106,0.11783415113261175,0.7698551535624693,0.0064105195069165824,0.009422689012630533,0.09647748678537184
107,0.07489283293219043,0.8555502922796463,0.006297494060721046,0.005155447448497586,0.05810393327894471
108,0.17721176472531008,0.7141664085521084,0.0030704253822699044,0.009641393654912738,0.09591000768539894
109,0.06484589279912714,0.8452548200885798,0.009021047860520213,0.004443321830605622,0.07643491742116733
110,0.04133141334253854,0.9199615435169878,0.008350052544960008,0.008413025564094075,0.02194396503141939
111,0.135322268009773,0.31034794528837184,0.0070670897264426035,0.019435025539874543,0.527827671435538
112,0.10222704479055833,0.7350397428812163,0.013738845577495525,0.04248627167447456,0.10650809507625532
113,0.08566189066490937,0.7007134478956216,0.020699759697542244,0.017057324342762397,0.17586757739916434
114,0.18038307636801165,0.646038498007934,0.014192703746983972,0.017424709472789564,0.14196101240428063
115,0.11084215690328166,0.20669909521767188,0.016964768977505137,0.06717152754941023,0.5983224513521311
116,0.0473354909309079,0.3453979616754532,0.013304151622087316,0.01293123644276368,0.5810311593287879
117,0.04435202987478131,0.011804590086360513,0.0007131133997554153,0.00574603318594166,0.937384233453161
118,0.516851948903511,0.33326153315552054,0.004448158331322791,0.03245953705300042,0.11297882255664521
119,0.4721444096060465,0.18243816820538344,0.003837255425029176,0.007987093100443156,0.33359307366309776
120,0.3244064056406896,0.6174276320799232,0.0048893882213944286,0.006594367364633428,0.04668220669335937
121,0.10896438126798001,0.7081956494381151,0.0034189141647752368,0.026192839285603373,0.15322821584352617
122,0.08342577825758965,0.8207716550899208,0.003858856269466781,0.03315942981775642,0.058784280565266335
123,0.12799940554699765,0.6998839006206813,0.006965501359420501,0.018929529768605725,0.14622166270429476
124,0.15316435691909,0.7052093696421395,0.004790221472721157,0.06666757229724016,0.07016847966880903
125,0.12789090593482033,0.6740771837852882,0.004400590339057148,0.14741250515267454,0.0462188147881599
126,0.12017346281292865,0.6712963961404055,0.0015435154551361337,0.16702434217740933,0.03996228341412037
127,0.18130805005563863,0.6317169604230138,0.0021559250151404366,0.11080020438177063,0.0740188601244366
128,0.24954198115757958,0.4104521304061882,0.002825498081756393,0.0580775277682236,0.2791028625862521
129,0.23705186001413137,0.5374530903090126,0.006225540187946948,0.05323985184660406,0.16602965764230498
130,0.2518059789981465,0.31547349375456746,0.003182541029867974,0.054304160699978656,0.3752338255174395
131,0.18927156707515122,0.4323174645869896,0.006525384358147152,0.016541674470934173,0.3553439095087779
132,0.07733891699898596,0.8080723832197397,0.005542312851398982,0.026279731622364643,0.08276665530751068
133,0.14177457265273508,0.7477780326642077,0.004856125529415796,0.04105146567956001,0.06453980347408159
134,0.06415514025926623,0.7695399389380368,0.030981341241762186,0.009294180966021085,0.12602939859491377
135,0.04127658300009147,0.8964415501654592,0.007881385559331353,0.01932936382249719,0.035071117452620766
136,0.07463620374602943,0.818668009078843,0.010171636311288252,0.03336341737162055,0.06316073349221861
137,0.10108951033907242,0.6393479199108297,0.015125711754136545,0.03657509638235325,0.2078617616136079
138,0.2540690539703214,0.3415080033806932,0.0014864869447471436,0.14016574339416613,0.26277071231007204
139,0.1076917693578171,0.2798142962315928,0.010405957462572817,0.03983931615138691,0.5622486607966304
140,0.21927591368184698,0.47445340831354416,0.012003906756042326,0.04449231242486326,0.2497744588237033
141,0.2512891778308882,0.223623694282295,0.0019075207801982294,0.112413716409173,0.4107658906974454
142,0.25809986384178973,0.2448780016114161,0.006895496029786971,0.038973895239880936,0.45115274327712623
143,0.08687181142703088,0.41137662072758957,0.0172081980782497,0.005957657600176479,0.4785857121669532
144,0.3130162694037246,0.19052845626368,0.00320391450950191,0.02971685502143671,0.46353450480165675
145,0.14912471293589386,0.22607813369636964,0.014040167679796078,0.03148305715082714,0.5792739285371132
146,0.12515103323504964,0.5521396124876319,0.007168240574371084,0.03441138609879635,0.281129727604151
147,0.060041880952868096,0.1250250751037377,0.008234698592075826,0.02344919934881991,0.7832491460024984
148,0.16678628177241595,0.27520465431023,0.0025406896985816735,0.06948836955797921,0.4859800046607933
149,0.3726469368362693,0.33160570827606106,0.008175688387740727,0.11091016667848218,0.17666149982144672
150,0.21561514071133606,0.40922992055806473,0.007414416264631853,0.02426994089637935,0.343470581569588
151,0.15110740639256293,0.4102252652901225,0.006699755653336148,0.015446690515589025,0.41652088214838945
152,0.12862539192196212,0.6242967967421488,0.016081275378369512,0.011933903705858845,0.21906263225166075
153,0.30740290278617016,0.5322182798330319,0.0071591781404423994,0.038391226291322175,0.1148284129490334
154,0.22430151096411352,0.3586315183601143,0.0038552251555321764,0.03170088781062166,0.3815108577096184
155,0.5106499884935966,0.2614441470723297,0.0041559760785627444,0.023912131607564682,0.19983775674794618
156,0.15864710225229944,0.546907458396317,0.011895642414681093,0.0066498637818204025,0.27589993315488204
157,0.3320209024430593,0.402144095592717,0.01117769818229602,0.015289727707567823,0.23936757607435974
158,0.2066561091120095,0.6761661639265425,0.01833863878523565,0.015456012207003433,0.083383075969209
159,0.15617632045510832,0.7785567859273154,0.013490179816876991,0.014853079919889881,0.03692363388080936
160,0.14949351581860648,0.7924856125932036,0.01152223808505469,0.01689330139353509,0.02960533210960019
161,0.16702966561675597,0.7371585148958747,0.03431161348358985,0.016184469678936313,0.04531573632484321
162,0.03044438674968471,0.8928745116890383,0.03861918633101076,0.006823609117701031,0.031238306112565173
163,0.23426153685475895,0.6469152548387423,0.030602906462093734,0.018319468688640997,0.06990083315576381
164,0.1052685900381835,0.7894188698278879,0.0672339262904835,0.006058511907868728,0.032020101935576466
165,0.05154956257956531,0.8679071743284701,0.03236150511353472,0.005264257481023387,0.0429175004974066
166,0.08723565085537259,0.8469523955538247,0.050397375547265526,0.0030381228441619607,0.012376455199375426
167,0.04940573945552943,0.8658293058146826,0.06028732756473702,0.004712105963766054,0.01976552120128493
168,0.06794973149826986,0.852005120900744,0.05993686093575721,0.0059912777764796095,0.01411700888874925
169,0.03725459166466381,0.8496071728490707,0.08429875586301148,0.0050775304924939825,0.02376194913075994
170,0.03799884369579726,0.852741483228948,0.08490450721246123,0.008726614572959911,0.0156285512898336
171,0.053702365612693106,0.8692254756034125,0.054382294818584975,0.005581253684832014,0.017108610280477405
172,0.04538285264947643,0.8680816339012364,0.06439261220428277,0.005296288372607743,0.01684661287239656
173,0.05088158060538213,0.8923101186210188,0.029144312718313733,0.005372099344695934,0.022291888710589496
174,0.016769629694958765,0.9130710608495347,0.05088722545041963,0.002148048319318202,0.017124035685768625
175,0.04946372090432638,0.8229578543588452,0.09065654405017055,0.0065028401780475985,0.030419040508610135
176,0.044393543763089315,0.8653317682574585,0.04918362570509697,0.008051161586983177,0.033039900687371816
177,0.04132969460983268,0.874761496521566,0.045958325033008514,0.006880580103893766,0.031069903731698927
178,0.0333661582584261,0.920728975967474,0.03481624478354129,0.003313418620415378,0.00777520237014323
179,0.014427356486510168,0.8375211215230227,0.13343993110610697,0.0037991065976925704,0.010812484286667621
180,0.07300676712514133,0.7948302719611211,0.028357468290222454,0.02778540233172001,0.07602009029179525
181,0.03361974329925801,0.8864210980332082,0.02730351984466543,0.02381403878634314,0.028841600036525215
182,0.07315173919214805,0.7903930043950751,0.012748602252719645,0.09796444133400982,0.025742212826047356
183,0.030089185343234646,0.8413619673056216,0.05440967117581529,0.057032641925828895,0.017106534249499487
184,0.05806148986626414,0.8284423058144799,0.006802441150205362,0.08794350122864907,0.018750261940401382
185,0.012069300310884809,0.9298523951627481,0.008326056623921817,0.02827364530419616,0.021478602598248984
186,0.022717147357912096,0.05106514541172583,0.0004928767723549549,0.04329300847454444,0.8824318219834628
187,0.07236468184148376,0.016622507648272226,6.485689308546144e-05,0.04920100445334759,0.861746949163811
188,0.47225689508058943,0.23592423462968753,0.0003305090229155063,0.04506535809281996,0.24642300317398758
189,0.5882687211893608,0.27996695529744536,0.0008717422526081986,0.012319480666191636,0.1185731005943939
190,0.20959296220919177,0.5911896252750222,0.0018989703551864458,0.0735047119961393,0.12381373016446022
191,0.2652137163818481,0.45452649284337354,0.001184954074461777,0.1652245915523756,0.1138502451479411
192,0.12991056356593766,0.31180976598585597,0.00341845932798346,0.08956599452080172,0.4652952165994212
193,0.194959655469569,0.30810937925024057,0.0017406895793788727,0.4284808244039837,0.06670945129682798
194,0.08239545319619039,0.6954866384571566,0.0046223241521883155,0.11942657417321999,0.09806901002124471
195,0.13220666458232508,0.45578776876975124,0.0025581166564403726,0.14829891904491288,0.26114853094657037
196,0.12209691524528954,0.5470406987497063,0.0011173097717419112,0.2672443098250537,0.06250076640820841
197,0.08265776578497494,0.5244794271559324,0.003966930118540507,0.25305899728542786,0.13583687965512425
198,0.23777058086583347,0.17722583783554138,0.0012551134147335643,0.4145453992974917,0.16920306858639983
199,0.0694688553731172,0.30219905508499484,0.003058819599844137,0.3505537261547094,0.2747195437873344
200,0.025334720573793438,0.020459779117533626,0.0005106218525650794,0.026568859404040083,0.9271260190520678
201,0.42820636083934926,0.07407432074974955,0.00017820395452109353,0.09976300681191798,0.3977781076444621
202,0.36839357449537,0.2159506907751529,0.0005485720081345445,0.040622150017234245,0.3744850127041083
203,0.3269552749693348,0.5184296119873534,0.003070590197846389,0.017774525380612975,0.1337699974648525
204,0.10427847029866671,0.4810686699807436,0.006969390602272494,0.05797901705435086,0.3497044520639664
205,0.09995076681582271,0.2394421859848698,0.0032821987341979373,0.1299307045635134,0.5273941439015961
206,0.011720346731253274,0.05770943388748825,0.007493061104457744,0.013305295796006972,0.9097718624807938
207,0.000988507492178494,0.0007201112968936535,7.11493607993541e-05,0.001057931655918683,0.9971623001942097
208,0.011520456430103689,0.0008533780989204707,1.8539916987509156e-05,0.002838310004190183,0.9847693155497981
209,0.018213340273019647,0.0021619125456037087,7.24595699349016e-05,0.005060389758333111,0.9744918978531087
210,0.008341039154288096,0.0009152510405528839,5.685847920958488e-05,0.0022050999046207415,0.9884817514213285
211,0.003030328249607099,0.00017340286516165474,1.0653424306721875e-05,0.0023241804767902097,0.9944614349841344
212,0.02334802461730264,0.0017243689646907266,0.00010651788967624288,0.002410825745624508,0.9724102627827059
213,0.11153953938457441,0.012522672728236275,0.0001584708058760496,0.008596269771399809,0.8671830473099135
214,0.15018994725033483,0.014162166965541814,0.0002293221965540771,0.006469191016687794,0.8289493725708815
215,0.11324173344338449,0.030126129096532783,0.0006477692597285435,0.02714567601826837,0.8288386921820858
216,0.005229099978012695,0.0022478713047829092,2.6368466118752204e-05,0.005671022392489021,0.9868256378585967
217,0.10554876673972884,0.0159531230900378,0.00021521938977190483,0.04048153023986349,0.8378013605405981
218,0.4304802836910079,0.05192687219337384,0.0005846442983767581,0.05908335033863836,0.4579248494786032
219,0.2568796044983885,0.0349297481046125,0.0003185695105234659,0.029244814070002328,0.6786272638164732
220,0.575373059390487,0.18968417658752265,0.0014273684721431694,0.08914144603393374,0.14437394951591348
221,0.23696405174635912,0.39388423350354507,0.0015243376093873472,0.31809628751399005,0.04953108962671836
222,0.33750339867052676,0.1400345478449687,0.0009504208071034224,0.371216035417899,0.15029559725950214
223,0.28388892338578087,0.2903715890813113,0.0012402896263470188,0.3348433718280152,0.08965582607854564
224,0.22114448287492544,0.6172164671151711,0.011173086282304788,0.042763783898370274,0.10770217982922851
225,0.12584763506776847,0.7746297503770623,0.05112788014346741,0.017118413017876866,0.031276321393824975
226,0.19431612395174783,0.6540267359488675,0.05864708899278999,0.04661525117816697,0.04639479992842783
227,0.04882133173192256,0.8452881201339866,0.08464388355181131,0.009597206408419774,0.011649458173859959
228,0.04222614143614031,0.8191910866983974,0.08039154857466015,0.012855694289072277,0.045335529001730004
229,0.053214903329728655,0.7881363696091886,0.10073065129991846,0.00857806547659925,0.04934001028456477
230,0.11017619370372846,0.791141512729797,0.04951952270280208,0.01733021665283685,0.031832554210835626
231,0.08387336982205165,0.7305112183804311,0.1325314720953078,0.010377851109090315,0.04270608859311908
232,0.05723991315263187,0.771211068819382,0.11228501791451724,0.014279432323045663,0.044984567790423355
233,0.06315902649554629,0.7294788607346028,0.1748443924939676,0.007796742699018682,0.024720977576864662
234,0.049802689671452786,0.8879925449250258,0.04362364432213649,0.004614599250377036,0.013966521831007907
235,0.01780227745063089,0.8240388744777775,0.13571414572683546,0.0037302270678127355,0.018714475276943265
236,0.03522369774870859,0.8161631357347963,0.1308971866146374,0.0033542887738161604,0.014361691128041719
237,0.011484951219855467,0.8095130021257996,0.16600213808250505,0.0011025586999984468,0.011897349871841656
238,0.010158256050052017,0.6197249379120008,0.36020116604236385,0.0014485746476395427,0.008467065347943803
239,0.0252752890195923,0.8527271803540751,0.08643945652908018,0.001936453058582036,0.0336216210386702
240,0.02178332165027865,0.7748522718817659,0.16700991664671033,0.0017395379819850354,0.03461495183925997
241,0.014113739338972605,0.8072206954244556,0.1569013219225915,0.0011320892985506338,0.020632154015429453
242,0.0050166726658112375,0.5203653852998761,0.46940426268884805,0.0005205043593211055,0.004693174986143485
243,0.004429354857948473,0.40377672696603184,0.5778422443260979,0.0009971687889065092,0.012954505061015245
244,0.004047091295555691,0.3594612714701818,0.6272240839412281,0.0007044718082554407,0.008563081484778962
245,0.004833151528128237,0.27979328509811446,0.7093893165401179,0.0006773629616789434,0.005306883871960583
246,0.0011521422285055642,0.1750187555085625,0.8220515831445764,0.00033091050618838457,0.0014466086121670307
247,0.003277290175765016,0.23598711600905128,0.7545622192130211,0.0009816928099176708,0.005191681792244787
248,0.009653619217501387,0.5371998530215489,0.4432806298334221,0.0009571381259631088,0.00890875980156445
249,0.01772915733103216,0.6173936597440536,0.35695109684767434,0.0009796223347247185,0.006946463742515112
250,0.004229849030510233,0.5151771180921964,0.4760738443941995,0.0005420062987793046,0.00397718218431463
251,0.0028605409855619454,0.6437805558206767,0.34884804680301257,0.0004518966658478275,0.00405895972490107
252,0.00511312124326351,0.37352731661771055,0.6154660541374656,0.0004102518281015928,0.005483256173458814
253,0.0034476959945334198,0.29083255072954084,0.6972725803761385,0.0007251765009841754,0.007721996398803195
254,0.01787150570664081,0.6387049874522751,0.33197492580015087,0.002330020093322959,0.009118560947610252
255,0.0031385370871656777,0.22930335400291055,0.7633805826640013,0.0007072531455170562,0.003470273100405267
256,0.0018869449064146278,0.3037669375863413,0.6916520065926098,0.0005086907924736969,0.0021854201221606488
257,0.0016516037119568895,0.2400243644680536,0.7569536459511431,0.0002811741139585959,0.0010892117548877151
258,0.003157643563481891,0.21321378635802013,0.7814727972625672,0.0004470970660949627,0.0017086757498358445
259,0.0023808668049704338,0.22173196621400182,0.7727044722804571,0.000377577874942122,0.0028051168256285697
260,0.0013085226761644097,0.19418678870024994,0.8027667053866147,0.00019269986884645727,0.001545283368124446
261,0.0006923154345576804,0.11664701406268653,0.8817708134774869,0.0001255193629054723,0.0007643376623632548
262,0.0015174883920815944,0.20260600747935692,0.7945440902657419,0.00036066781344976095,0.0009717460493698053
263,0.0026924095915453546,0.20979600318781857,0.7844698447647402,0.0007219327777326825,0.0023198096781631332
264,0.003739682098851031,0.23348497209957,0.7586671150296939,0.0006366403181834593,0.003471590453701562
265,0.013223616508004032,0.5047077258366112,0.45963984850946854,0.0026335680500673094,0.01979524109584899
266,0.003880408132556151,0.4137812816348377,0.578593795683245,0.0007308354938680126,0.0030136790554930928
267,0.004645234525743932,0.5348191095686299,0.4551087216268253,0.0010496635945005587,0.00437727068430022
268,0.002560168410282626,0.36743757764164686,0.6257417000589717,0.0007411053688930272,0.0035194485202058286
269,0.001149238267930579,0.20099746112585307,0.7954752971210284,0.00047922767277375704,0.0018987758124142562
270,0.010337641210473826,0.6187590938296805,0.35330401590886296,0.0027193862600816483,0.014879862790901059
271,0.010997717103019122,0.7817938410246797,0.19630218037858413,0.0034610334473304293,0.007445228046386599
272,0.00950077437139773,0.5740255265758262,0.40741632541805195,0.001430294549435688,0.0076270790852885646
273,0.004307247252982488,0.74628419513721,0.2441097064877447,0.0010586108674281182,0.004240240254634694
274,0.0010309119207332655,0.3155216313188388,0.6822628597142649,0.0003123804286681303,0.000872216617494821
275,0.004184671523319076,0.6197854968252698,0.3706099779673799,0.0016171754486102913,0.0038026782354208745
276,0.002053216542024219,0.323996979186595,0.6716764179181518,0.0004385678415193492,0.0018348185117096178
277,0.0020858969770508064,0.38213078365897163,0.6125322807627599,0.0008395461631623897,0.0024114924380552317
278,0.0015916049709974063,0.2931045577076318,0.7015553432527466,0.0006457505183782083,0.0031027435502461002
279,0.002546837830552747,0.33681641035209087,0.6558130023540559,0.0012565922147880217,0.0035671572485125305
280,0.02819378897241884,0.7194210809695708,0.21495629467415467,0.004622448773660377,0.03280638661019528
281,0.04834069813621646,0.8954756990495,0.03199130902157942,0.005722906409166386,0.018469387383537733
282,0.08155804193563945,0.7019479203372283,0.16352404489096703,0.00809173425299906,0.04487825858316617
283,0.06672336042502082,0.8320449977901263,0.030897014537584214,0.006618198455058995,0.06371642879220975
284,0.07877170699463827,0.8750136319512929,0.027483594840141935,0.004436546826737393,0.0142945193871896
285,0.09398155432571755,0.839748053871755,0.023338157923433328,0.012149153873142221,0.030783080005951962
286,0.10780433226279093,0.7539060802977101,0.04533488817083549,0.03295070361039505,0.06000399565826858
287,0.21097046603402717,0.6369547758062327,0.012181172016709416,0.062168743776901125,0.0777248423661297
288,0.19842655557524225,0.5992958719080375,0.011423423268634785,0.1006156146581759,0.0902385345899097
289,0.2185651851458187,0.6238959908196378,0.007885540360152028,0.07895994223210447,0.07069334144228703
290,0.16200938069130383,0.7061583154969584,0.011861674284236354,0.07146817815280031,0.04850245137470107
291,0.21970275064120323,0.5712883572016044,0.005159673224898559,0.10508699402522369,0.09876222490707005
292,0.17756849525871463,0.44767199444395933,0.005361070220712008,0.11164045506419286,0.2577579850124212
293,0.22118095660612624,0.043583793977187334,0.0004947623622995469,0.03473590649531428,0.7000045805590726
294,0.15261285001567237,0.6363813373476993,0.013512740949410322,0.0681137359105965,0.12937933577662145
295,0.4948815464528333,0.3629035769496723,0.008775321378574204,0.054189902984816234,0.07924965223410411
296,0.44453985855011785,0.1757739452268452,0.017636052496232228,0.07109547970054714,0.2909546640262575
297,0.07653153186477452,0.6667139880277255,0.07608263996119402,0.06253185988996145,0.11813998025634441
298,0.1234152634406002,0.391810029045622,0.03839915325700902,0.07693413571383156,0.36944141854293716
299,0.3152649943486626,0.3087874382857453,0.04214694392325642,0.1716898539218519,0.16211076952048367
300,0.09982740839357973,0.32393765472588737,0.040775362877027106,0.12608100726509594,0.40937856673840983
301,0.12430782791228526,0.09979997995519269,0.013794594643679992,0.06828734384072281,0.6938102536481193
302,0.38294093166336995,0.07073233431022866,0.0038152089272576167,0.0640454495572494,0.47846607554189424
303,0.3279220660014683,0.4003958581894289,0.057515190211740584,0.1381512861980185,0.07601559939934381
304,0.3053419787461277,0.2569084236913998,0.00938220608912127,0.17104480743438769,0.2573225840389635
305,0.06623865550193835,0.0539043267018896,0.0006316205561347135,0.1584380003171983,0.720787396922839
306,0.11047655934280408,0.22312663722053197,0.0005014684450595484,0.2562376632834564,0.40965767170814804
307,0.20550577854921998,0.23020424770322992,0.0050956695650493725,0.2212333071214715,0.3379609970610293
308,0.06941089637667311,0.03254503829319671,0.000360057439837555,0.07274347707046971,0.824940530819823
309,0.002559590323386114,0.0013169522141158378,5.707997043177458e-05,0.0037732716523124804,0.9922931058397537
310,0.026668385008068653,0.0018778463955500205,4.934242865294912e-05,0.0052568109264376295,0.9661476152412907
311,0.13913250080499678,0.005697760513399764,0.0015784592792907862,0.006664611186215429,0.8469266682160972
312,0.3459426356027552,0.2593084877224618,0.07374198240063527,0.03386962676552468,0.28713726750862306
313,0.18261627729794586,0.20561336112503165,0.044019162045355685,0.05655550768920112,0.5111956918424656
314,0.09742209040257006,0.10340289507381796,0.018559733808330356,0.15081591521251625,0.6297993655027654
315,0.13011375850886953,0.02126198924964298,0.003967591494831013,0.027255458493017703,0.8174012022536388
316,0.23830543640106677,0.05769118522998532,0.0034255348844553944,0.05808566953371005,0.6424921739507825
317,0.082648323990209,0.06154874048693334,0.0007361643968890189,0.04517583047098529,0.8098909406549833
318,0.09950990199963135,0.15838340203122508,0.003586007222039451,0.03692757464536096,0.7015931141017432
319,0.15318137441023136,0.07609212602341016,0.0009077108933489954,0.03510752013001139,0.7347112685429982
320,0.020657627334935345,0.004224561959734326,0.00010060724592970953,0.007504133627774978,0.9675130698316257
321,0.08300333669945135,0.0126367295040626,0.00033744241782683446,0.011032384411557218,0.892990106967102
322,0.008427459673008881,0.001587551289256332,0.0001671876382963061,0.001363843930377381,0.9884539574690611
323,0.003940306754476132,0.0005928792229797364,0.00016568825998673225,0.005393296150317185,0.9899078296122402
324,0.007455854048364107,0.00039393623472330677,4.051021372881402e-06,0.0005821920237880982,0.9915639666717516
325,0.05183024413332329,0.006463455188165352,4.420990558056696e-05,0.0032043243438935752,0.9384577664290372
326,0.13164536963971235,0.026535621586475433,0.0009605837268961481,0.006633851826231548,0.8342245732206846
327,0.1002382581202104,0.02150743847351679,0.0021278520278493634,0.01643746495833698,0.8596889864200864
328,0.25494673178595634,0.060596186710179224,0.0009153155471726247,0.05783883639801679,0.625702929558675
329,0.0308905394949443,0.02893784677424244,0.0003533121769200409,0.010866262926040149,0.9289520386278531
330,0.18248522095461567,0.16478779063960883,0.00435874616887174,0.053121449652188166,0.5952467925847157
331,0.2292541285334093,0.21903471215169115,0.003385555116955198,0.05402245618597714,0.49430314801196723
332,0.16059480835328485,0.22228964189407652,0.0015953010408816257,0.047403464116165625,0.5681167845955913
333,0.2062717527672998,0.16483511249923355,0.004307129295254853,0.04964464202696197,0.5749413634112498
334,0.24770169943408837,0.16027910515238447,0.0027854519477610497,0.027395596151572672,0.5618381473141935
335,0.21250723311728167,0.2785618825009197,0.012402696284157622,0.018844627381045857,0.4776835607165951
336,0.2788795390589469,0.45098823809642075,0.007580844735432652,0.020064177403702428,0.24248720070549723
337,0.15754350270645964,0.5638862566075012,0.00802134267168652,0.023880068851942944,0.2466688291624096
338,0.20977217206232818,0.5868225234121021,0.009704776179398576,0.01596346521603138,0.1777370631301399
339,0.3130936930063069,0.4561025383049002,0.02127037143377636,0.01292383372648969,0.19660956352852693
340,0.24484987976715428,0.5606596884737102,0.053746774078702195,0.011590851506181459,0.1291528061742518
341,0.11205162179883393,0.7030805161328193,0.017178218334876483,0.014318857467654315,0.15337078626581596
342,0.128937602464415,0.682274634396382,0.050936809797335766,0.022908639060768954,0.1149423142810982
343,0.14943566659898389,0.6505628218392916,0.07134013255172082,0.011263570628399413,0.11739780838160428
344,0.12486615612579119,0.718666996647405,0.04712649002044689,0.01253032473559626,0.09681003247076071
345,0.18163109680167147,0.6185628866098803,0.009170245659564912,0.019782976042784117,0.17085279488609928
346,0.1501061027821738,0.7275371789048813,0.03449048788590839,0.0100714226351748,0.07779480779186161
347,0.24387583752371728,0.5433664109807044,0.04884941875338627,0.015358759832637129,0.14854957290955495
348,0.17178306765315207,0.6706489902582734,0.022174831202036557,0.025249468870238156,0.11014364201629974
349,0.08203327198449895,0.7251369705023009,0.07506463962782337,0.011781465553899076,0.10598365233147777
350,0.192778330446697,0.5895591742799586,0.06436356196335544,0.01778835819368173,0.13551057511630712
351,0.16333453830887332,0.5843159509452637,0.02073985833478776,0.018676501898491557,0.21293315051258366
352,0.09113266015407248,0.75250811759292,0.03753045546668025,0.008823706268634827,0.1100050605176925
353,0.02627419349564568,0.8133394736315999,0.11710956190068945,0.006124383830238893,0.03715238714182608
354,0.04739507212682198,0.7929218740473918,0.06292134820541823,0.01293560365664356,0.0838261019637244
355,0.24490113064604566,0.5044222854455903,0.018057399583665125,0.023644632719810564,0.20897455160488831
356,0.2180175775178918,0.5919744177670058,0.02269301775827623,0.020197716214397254,0.14711727074242895
357,0.16909303100135709,0.6791648026308391,0.01316979769244655,0.007721923738097489,0.13085044493725972
358,0.43964467283473235,0.2916465601646968,0.0098519989305564,0.015212167397179828,0.24364460067283458
359,0.3986085719502193,0.39542200533905264,0.024484201830804762,0.02642899247948913,0.15505622840043412
360,0.21042519896079975,0.6522708010697477,0.02642126116548905,0.0061641727988180585,0.10471856600514542
361,0.16424546200590817,0.6907324595151537,0.05383456888402881,0.00811255901247259,0.08307495058243672
362,0.10160145903896804,0.7546697856502885,0.05628188904203387,0.009109736333937584,0.0783371299347721
363,0.17195841329191933,0.5667420144670382,0.06868258235720666,0.012748400214944765,0.1798685896688909
364,0.2712955844607279,0.5577936983849752,0.030486535014687004,0.007912602106444101,0.13251158003316588
365,0.3031402244254259,0.47047809812504326,0.023941823141426646,0.009191014580177665,0.19324883972792653
366,0.08310374230627673,0.8392001915267414,0.02474475410080472,0.0014244136347894498,0.05152689843138759
367,0.16134308586123447,0.7352063495342948,0.040665459329018105,0.0021360527521530957,0.06064905252329947
368,0.021581380182551384,0.8082280363148286,0.10395098606917531,0.0012207945002204023,0.06501880293322411
369,0.058622411755920145,0.8714721858986783,0.03769272834715793,0.0022298654925896316,0.029982808505653907
370,0.1403053932776238,0.7818135936968387,0.016619404513292312,0.0026567102313075778,0.058604898280937616
371,0.037408711310325374,0.814535163566471,0.07087148905003149,0.00270453497299833,0.07448010110017397
372,0.04141594030439813,0.789703533635184,0.13290672540152218,0.0027108929293416756,0.033262907729553974
373,0.07560881263066914,0.838490605909091,0.05885613571258128,0.0019250723232186783,0.025119373424439803
374,0.024825202147272997,0.822005034865624,0.11276497326627148,0.0023951814737413757,0.03800960824708996
375,0.015512624587235983,0.805339502903075,0.15803366151496337,0.0018010544842101538,0.019313156510515517
376,0.017817205132029286,0.756872357065813,0.18068966252208277,0.0023856195357687404,0.042235155744306495
377,0.060322844704837474,0.8547921565270291,0.05310326561377613,0.001995866721441214,0.029785866432916114
378,0.018407092253969345,0.8594661350673783,0.1071068237944406,0.000932298970376553,0.014087649913835055
379,0.07027935203734409,0.798579837386999,0.08648581151827187,0.002854843889537402,0.0418001551678477
380,0.04682075764467995,0.8084965047791968,0.12021844691670398,0.0012824467783984189,0.023181843881021038
