epoch,N1,N2,N3,R,W
0,0.004009270579868736,0.00014576478754866736,7.660246619935664e-07,0.00017709916473120066,0.9956670994431894
1,0.001623145142647907,3.307887545950792e-05,2.3187309784582163e-06,8.577508978550168e-05,0.9982556821611287
2,0.0014847602371880807,1.6736953889690062e-05,3.571132220365905e-07,0.00014973025748948301,0.9983484154382106
3,0.009180867692848413,7.57659593569231e-05,5.006620346473558e-07,0.00036214715689131775,0.9903807185288687
4,0.0253228141448216,0.0003174661515447895,8.848868433214464e-07,0.0003977810862678876,0.9739610537305223
5,0.013633616413302642,0.0002535181242558209,2.4761368796345136e-06,0.0003236485766485451,0.9857867407489133
6,0.018185002060183225,0.00046023665852332467,1.8641523953952714e-06,0.0004846801228714351,0.9808682170060266
7,0.049862808380616144,0.000552992588064228,2.5156739610651065e-06,0.0012631427722628451,0.9483185405850958
8,0.014900427658634459,0.001043424168148149,1.0017264016994036e-06,0.002773816079880261,0.9812813303669354
9,0.11865414916089582,0.0009803605074915392,2.5965865868825614e-06,0.004837695874755793,0.8755251978702699
10,0.07675753853681902,0.0004679299869116715,4.236013119729195e-06,0.005480147294279475,0.9172901481688701
11,0.07781248547044885,0.0004932391283926627,3.534641996097176e-06,0.002378271024628215,0.9193124697345342
12,0.13666091891580778,0.0014016992025676616,1.0839630894780214e-05,0.00870422155060534,0.8532223207001244
13,0.16424500937340344,0.0015083079027217445,6.5351455085736935e-06,0.00432266802347542,0.8299174795548908
14,0.23126599373470003,0.0051847605555383125,1.92698223182316e-05,0.012469020597993982,0.7510609552894495
15,0.11930580868583154,0.0009730032718090353,5.413451069299813e-06,0.005134956727959889,0.8745808178633303
16,0.2867894404192564,0.0032628058265579975,2.220922717284976e-05,0.023974538891977135,0.6859510056350356
17,0.09924190435279968,0.002421586467341756,9.757742343509197e-06,0.008728478329076987,0.8895982731084381
18,0.010309040795722714,0.001503828542872588,3.175047383062935e-06,0.0034859144438520494,0.9846980411701696
19,0.01189489838162435,0.0012110487857617573,8.367388827300053e-07,0.0017866503985632183,0.985106565695168
20,0.03136441308851058,0.00030632576177816944,2.162050915831584e-06,0.0005988630120760721,0.9677282360867193
21,0.05308000433684281,0.0011056451331534635,2.740607440692123e-06,0.0013240027240184898,0.9444876071985446
22,0.08209837207902648,0.0016161446772188352,2.5269452359761163e-06,0.0031421367782676997,0.9131408195202511
23,0.027735723308525247,0.00031782283289374805,1.1556547861098092e-06,0.0016943692062244746,0.9702509289975704
24,0.050057283610145525,0.0005409656338198108,4.25400507774288e-06,0.0012091201653105068,0.9481883765856465
25,0.0028464861689215678,0.00012064780603587163,1.4245558195864435e-06,0.00027999177871225754,0.9967514496905107
26,0.011247679757337616,0.0001261454769655084,4.465634480074624e-07,0.00031174302537266763,0.9883139851768761
27,0.003906726831485204,4.9777220026711824e-05,1.4368896398975809e-06,6.688104765615588e-05,0.9959751780111921
28,0.01628189072504801,5.66212794080186e-05,1.1515943903172347e-06,0.00013706244935203065,0.9835232739518016
29,0.046521687394984794,0.0001987785220814697,1.3645215731254217e-06,0.00039116610523936223,0.9528870034561213
30,0.12738654164268548,0.0008954153106293695,9.668305037581512e-06,0.0010906856704666237,0.8706176890711809
31,0.20702912508162943,0.0017824710563432305,8.182391544644355e-06,0.0009805982477206787,0.7901996232227619
32,0.21341269670847818,0.0043994198340316,1.1139817772200539e-05,0.004674071179674107,0.7775026724600439
33,0.4798465449343179,0.011241175183737778,6.271829623013191e-05,0.01071740071532885,0.4981321608703853
34,0.725674637757111,0.19061310943106863,0.00023902810976570801,0.023358783457001486,0.06011444124505311
35,0.4629705145851586,0.40696010098228,0.0005063030036479825,0.07013501432962917,0.05942806709928423
36,0.15433732141108583,0.7854015365358112,0.000461276328434823,0.0182323646447366,0.041567501079931506
37,0.2034710654882183,0.7574180145933666,0.0031024928924637636,0.014856552105456569,0.021151874920494917
38,0.015796814292339985,0.9778657466691827,0.0010148108323634756,0.000844988125524262,0.004477640080589662
39,0.09018783068848304,0.878653054456218,0.0014486621942963718,0.0028483697288863015,0.026862082932116362
40,0.03353188777162398,0.9580386948106242,0.00048442398207887275,0.0011501943781127271,0.006794799057560301
41,0.03742160387745205,0.951160672382468,0.0009481420088746934,0.0007179460805245105,0.009751635650680959
42,0.04145521317726115,0.9513993668446438,0.0009552130619460131,0.0008381893457325348,0.005352017570416483
43,0.01566320037642432,0.9730407635229231,0.006022486733304418,0.0003208399191559196,0.0049527094481922876
44,0.06575797529538704,0.8983565858651715,0.004828166066494031,0.0065480960445025325,0.024509176728444767
45,0.06196149270900317,0.8903379348778578,0.0015611677355251592,0.015621641711319457,0.030517762966294347
46,0.054595257370968965,0.8973191099452588,0.004337695307076839,0.0220354028527246,0.021712534523970803
47,0.11251546660079303,0.4748138537953514,0.0027191047000003515,0.3005415830434198,0.10940999186043546
48,0.08820157494868433,0.281030953551485,0.0040109895881061414,0.34978208360386936,0.27697439830785514
49,0.08450073962114142,0.12738423190797657,0.00328295359058654,0.4533164211699586,0.3315156537103367
50,0.07281213117315428,0.057538673440819456,0.0004907751109358961,0.3462620392613561,0.5228963810137343
51,0.018255434352195548,0.03578759932462638,0.0001930199158628603,0.5662399259651868,0.3795240204421284
52,0.029951554478459607,0.00989582532147778,0.00017026268462689732,0.5627682992533873,0.39721405826204836
53,0.0252700815673193,0.007344476370036124,0.0002346492578819359,0.2609624467703338,0.7061883460344289
54,0.025950638948534655,0.0039154923236090254,8.657197974587679e-05,0.7385452957080358,0.23150200104007468
55,0.031698059707752205,0.00451942125555515,6.627894697600391e-05,0.7245011846457001,0.23921505544401653
56,0.03991916623552733,0.004959637479756393,0.00010894538269945644,0.45673091627614,0.49828133462587676
57,0.05413919267814266,0.0057947305681854714,8.286468170071313e-05,0.36723479422629013,0.572748417845681
58,0.02297618356085332,0.004110284731438571,2.1743648686476498e-05,0.04797916773325975,0.9249126203257618
59,0.024633282167496356,0.0006713117838632466,2.9562933909351895e-06,0.008829064330847678,0.9658633854244018
60,0.1278169361898806,0.0013594859597752579,4.9568553367775785e-06,0.0026187847500133235,0.8681998362449941
61,0.03547957979576497,0.0021391922544153337,4.500317651237404e-06,0.0019079977021958811,0.9604687299299725
62,0.01142089110482776,0.00016053567397279086,5.664312631392722e-07,0.0003449044522980361,0.9880731023376383
63,0.014574963630348487,0.00029667737213087605,7.802396587924046e-07,0.0004326899157161025,0.9846948888421458
64,0.017977388681896068,0.00019463403833608665,1.0813925313631504e-06,0.00039088808000328545,0.9814360078072332
65,0.020152573250504853,0.00024287172835336983,1.6687301658282676e-06,0.0005433082922549246,0.9790595779987211
66,0.011694970327330745,0.0001318657060239644,6.560354951380541e-07,0.00026309231731528167,0.9879094156138348
67,0.030808647403391592,0.00035977678397521414,2.0915150686370156e-06,0.0003941385434100509,0.9684353457541546
68,0.010744739755401663,0.0002598520249600619,2.9513170068010273e-06,0.00029901023624468294,0.9886934466663868
69,0.06025398518937816,0.0017176472997648797,1.4857514370266952e-05,0.0010630725312990444,0.9369504374651877
70,0.00564046665626248,0.00011371860948798055,2.531910827866371e-07,0.00012703940321842985,0.9941185221399482
71,0.006413686813896869,0.00015698024315475152,5.47764446622183e-07,0.0002613163443736989,0.9931674688341281
72,0.0035588717091859364,0.00014802391984737977,2.620715936970498e-07,0.00017716325959641092,0.9961156790397765
73,0.012294296627235522,0.0008614906533508642,2.224237536839751e-06,0.00023130966326980908,0.986610678818607
74,0.028668002313098337,0.0003544375999836804,7.376323816971763e-07,0.00048240738384722903,0.9704944150706891
75,0.0031221310585700006,0.0005273074582058089,1.847602621565145e-06,0.00032234367007170954,0.996026370210531
76,0.010873196186518393,0.0002197040634522957,1.116633862495506e-06,0.0008066318497706974,0.988099351266396
77,0.01670544780315928,0.00024920727053934466,1.1789538875327432e-06,0.0004670868385062345,0.9825770791339077
78,0.0028726233223422726,8.835504366881995e-05,1.045473063722453e-06,0.0003267273028808702,0.9967112488580443
79,0.0016262584853426975,6.52140618483261e-05,3.584796200633114e-07,0.00021319489195737614,0.9980949740812316
80,0.019276753779721247,0.00014389098972887842,1.2194186495892073e-06,0.0005227136088293372,0.9800554222030711
81,0.012493482370238097,0.00010079980713256842,5.569324679639573e-07,0.0003938666713692513,0.9870112942187921
82,0.06465463862491062,0.0007292345412161639,7.153936861368264e-06,0.0007255606382063501,0.9338834122588054
83,0.1265084114435155,0.0008615249844323856,1.3749390337577937e-05,0.0015869567184905297,0.8710293574632241
84,0.02513333415697086,0.0003896866938606866,1.0047118500307105e-06,0.0010726387353008876,0.9734033357020176
85,0.17475899960963204,0.0011008416565610806,9.78787161908803e-06,0.00558068560802944,0.8185496852541583
86,0.4460319208905079,0.002255558798938542,2.0125487449535852e-05,0.008551180328821354,0.5431412144942825
87,0.7787202388237184,0.00416436207054948,2.1184254498195642e-05,0.023478268550499937,0.19361594630073387
88,0.7481717161097017,0.008626189841185053,3.3961150638622604e-05,0.056353043215264374,0.1868150896832101
89,0.6708926793753259,0.030212458561282525,5.2105237461352336e-05,0.17827538761576966,0.12056736921016054
90,0.6917207355152789,0.10526172410925022,0.00014086788143011304,0.16494975521281494,0.03792691728122574
91,0.32578702386656944,0.5396649718322697,0.0001648538182157279,0.09456229388028915,0.03982085660265608
92,0.15965655252835445,0.772841649086543,0.00017677185573072027,0.025462214795297446,0.04186281173407435
93,0.08545948886005196,0.9025667233530206,0.0002525762429929763,0.005851341337875745,0.0058698702060589105
94,0.08117459890506674,0.8765133942518915,0.0006466982514179508,0.0011668974672120371,0.040498411124411736
95,0.01104099513332099,0.9564414591873707,0.008068641700581473,0.00016958466630453417,0.024279319312422307
96,0.021617051039266685,0.9724103805100689,0.0003917229798677596,0.0004417070967889657,0.005139138374007692
97,0.025736467636440382,0.9678787194927245,0.0007396318843449689,0.00037492946966629455,0.005270251516823564
98,0.012113327992340423,0.9822422185852813,0.0006229448997203561,0.00028206975877569557,0.0047394387638821575
99,0.0035780564049576677,0.9841323049261439,0.01005344740340935,6.648805409971445e-05,0.0021697032113894583
100,0.006249997338493272,0.9786592711235722,0.013387380190033101,0.00011501953210204696,0.0015883318157993765
101,0.0439697729271585,0.940180100578026,0.008815615438165144,0.0013512103879768107,0.005683300668673492
102,0.004481553837054891,0.983923940461097,0.005987921597702292,0.00046954482279076604,0.005137039281355015
103,0.0041888813788762014,0.9778555284587994,0.013741799385173694,0.0004969572582146682,0.0037168335189360284
104,0.006605145519388775,0.9460882787241384,0.0435201422850926,0.00033181212695608623,0.00345462134442407
105,0.004671247747797744,0.9711187777941105,0.02039407855789942,0.00036061028620622856,0.003455285613986362
106,0.0072416849859826245,0.935442022024853,0.05241417886183724,0.0008133904917995631,0.00408872363552751
107,0.0038188240232341682,0.9052285375680509,0.0860898973057622,0.00026982394297936363,0.0045929171599735355
108,0.0029982075365646635,0.9520247836536747,0.042178050629747395,0.00039691205408797555,0.0024020461259250765
109,0.0016719124136513426,0.742383425991508,0.252836595206333,0.00016249629594156204,0.0029455700925662656
110,0.0054491161620252295,0.9315733182926897,0.05975352767626009,0.0004117652850519549,0.0028122725839729206
111,0.0017492970777158005,0.8985195597409151,0.0966364257127892,0.00026109279342496054,0.0028336246751548932
112,0.001272271936707653,0.7403226955898202,0.25428703818171633,0.00014422153101793707,0.003973772760738028
113,0.0008735444657833185,0.8115272672661815,0.18518099694076387,0.00016447936607491586,0.0022537119611963875
114,0.002109191703166379,0.8261264620578107,0.1683568933587849,0.00024617662315150926,0.003161276257086518
115,0.0007622736502803436,0.6274525142028412,0.36912722029009104,0.0001734721369288235,0.002484519719858726
116,0.00046049153395971666,0.4857212331854079,0.5121889897306928,0.00012323306940849291,0.0015060524805311924
117,0.0002720098933630815,0.419569064253117,0.5786687989973972,6.413353969720686e-05,0.0014259933164253802
118,0.007427842768120287,0.6481752595141711,0.33941337861323223,0.0008134655706952182,0.004170053533781113
119,0.0009756230992583473,0.6417517394651613,0.35449772361707077,0.00040812899079787414,0.0023667848277117496
120,0.0007325163251002672,0.4023980385565013,0.5952199657999746,0.0001900856018306698,0.0014593937165931087
121,0.0009260212913483423,0.4777939691333583,0.519367168548715,0.00030367929255981145,0.0016091617340185421
122,0.0005675882446468139,0.33891802623896666,0.6589005328203325,0.0001600723850514757,0.0014537803110025596
123,0.0008606032771039352,0.47963408440606586,0.5174631699934955,0.00033078982988085355,0.0017113524934538513
124,0.0006233706272242288,0.44513885022968247,0.5526282789439908,0.0001361650862683457,0.001473335112834085
125,0.0004426272879023131,0.4487979669431726,0.5490846371342766,0.00019815246393247913,0.0014766161707160108
126,0.0007050687958542499,0.37230331419702206,0.6252530104980469,0.00020031228124462412,0.0015382942278322383
127,0.0006204155446767603,0.42953365333424376,0.5675112509136188,0.00012758324826168138,0.0022070969591990518
128,0.0014871601887989053,0.4033200639263237,0.5916206656174317,0.0004792840373439466,0.003092826230101892
129,0.0010253444819032236,0.5788182271318986,0.4174283794433151,0.0004269370529229062,0.0023011118899603023
130,0.0007330960630095416,0.6207207570253436,0.3762944892702002,0.0003791511107764448,0.0018725065306702544
131,0.00033621131015841967,0.5018336853689501,0.49653739953247855,0.00012794826263718047,0.0011647555257757293
132,0.001324165440657498,0.4812468980719549,0.5148293817189771,0.0005159950347624479,0.0020835597336480985
133,0.0004634610234420627,0.19316742284568936,0.8051742082042407,0.00012464079889946936,0.0010702671277283387
134,0.0017989600086557676,0.6457384758527029,0.3488696669111802,0.00044505745798440984,0.0031478397694766048
135,0.0006773449753380972,0.41926725714775853,0.5781963737476377,0.0002110413078320278,0.0016479828214337104
136,0.0005441275317077033,0.38710401704574227,0.6106441710809564,0.00027544812507700905,0.0014322362165165776
137,0.0013152738355749558,0.4911800275969124,0.5054155641740109,0.0004960331757115241,0.0015931012177901954
138,0.0005998716132928009,0.28875924695912075,0.7091504676686179,0.00015698218613650504,0.0013334315728318867
139,0.0024282461681033214,0.0507868820806095,0.9449674261141543,0.00013975143309108125,0.0016776942040417147
140,0.0006815839281669465,0.37864575685871066,0.6188553135259118,0.0001424184723697833,0.0016749272148408297
141,0.002436110565025237,0.6263368665873733,0.36778684555920804,0.0006938163881126358,0.0027463609002807733
142,0.000939789606558963,0.3788358253820154,0.6175327678418089,0.00013755295238037784,0.0025540642172365226
143,0.00043762122829450273,0.3526315346400972,0.64573586149474,6.811720872121888e-05,0.0011268654281470461
144,0.0007424570589891694,0.49986365558022416,0.4974761606044922,0.00016006545109164001,0.0017576613052028372
145,0.0006172943955441226,0.40799634257319234,0.589229833128029,0.00025101483388817274,0.0019055150693463847
146,0.000377099355125695,0.35601707329979915,0.6423375099387747,0.00017393841146251142,0.001094378994837877
147,0.000351749323027298,0.3805230644625506,0.6178727322234212,0.00017187907659248057,0.0010805749144084762
148,0.0002921933043524708,0.4669053886280914,0.5315384964345395,0.00017315843012709838,0.00109076320288954
149,0.00041186256602728974,0.3417356895563267,0.656654382667963,0.00018541254041049856,0.0010126526692723107
150,0.00031862023234913406,0.38893696461331895,0.6096353097074119,0.00016268046822909385,0.000946424978690964
151,0.0013709289005753023,0.514185983700747,0.4819481626929936,0.0008084488620763113,0.0016864758436079073
152,0.00027964420351375946,0.3429287917269736,0.6555079886365568,0.0001597047129226516,0.0011238707200332142
153,0.0003205829003795187,0.3671455216397,0.6312420084455282,0.0002985541342189965,0.0009933328801733504
154,0.0027394097057291925,0.529478724779426,0.46385063328841836,0.0006833178066039764,0.00324791441982232
155,0.002435193706200485,0.6088308411266785,0.38337921671387526,0.0010003785887959865,0.004354369864449786
156,0.0014824188244235805,0.8153768586350051,0.17938393070645398,0.0006245784221034999,0.003132213412014089
157,0.0034540577086884243,0.8122430995225316,0.17961834748426142,0.0015005712597801401,0.0031839240247384555
158,0.20565008202805068,0.673926420939123,0.008736062450418006,0.0147203762271125,0.0969670583552959
159,0.2770447056152537,0.6701999180155707,0.01967787730658573,0.01966046988322145,0.013417029179368448
160,0.1905139495672717,0.7794504809933902,0.018924870684518813,0.0030974183002985055,0.008013280454520672
161,0.1336876762268331,0.8470066306494608,0.01554854218821846,0.0009972366905116675,0.002759914244975888
162,0.06429845474064143,0.9192323976183109,0.011784567479837272,0.0012976604713190655,0.0033869196898915943
163,0.02978551253657283,0.9496204553965721,0.01790322264523718,0.0009181859178608933,0.001772623503757
164,0.015725799357786417,0.9605585521642097,0.020644522917399065,0.0006953859766423614,0.0023757395839623316
165,0.0032159928385171593,0.9333477423036532,0.06106335474828025,0.0004796708578086246,0.0018932392517408022
166,0.006115010387276514,0.8939077725506673,0.09687258527182313,0.0011732811653577184,0.0019313506248755175
167,0.0063222937049899055,0.8805958005291293,0.11003124994105809,0.000611138889869795,0.002439516934952949
168,0.0009597697640330981,0.7102295261565043,0.2862926064974085,0.0003153947046187026,0.0022027028774354532
169,0.0036279106123986112,0.7953382251383623,0.19692112975427717,0.0005819006701119661,0.0035308338248498617
170,0.001734675474719039,0.6807685817206074,0.31452896213634535,0.0006576458593621669,0.0023101348089660887
171,0.0038767125488882326,0.8101579649611803,0.182829950685486,0.0011622912728849076,0.001973080531560688
172,0.006245193482687794,0.736032604772742,0.25285063178847167,0.002760414183046794,0.0021111557730515503
173,0.0004634687020135558,0.5801092782840594,0.4179802459801851,0.0003332223801711379,0.0011137846535709645
174,0.008458804360332422,0.2466259137873589,0.7417894136492156,0.0006411805564379082,0.0024846876466552027
175,0.001294645601139114,0.6115906037755491,0.3836808377514923,0.0008385809725660807,0.0025953318992534306
176,0.003708417888057611,0.7128869932653666,0.2756962350596551,0.002165640932828062,0.00554271285409236
177,0.004772243016359179,0.7561767113105907,0.23280726611842725,0.0017280862334487224,0.004515693321174062
178,0.0012322375985036379,0.6759104370107416,0.3203468928317062,0.0009339842606378764,0.0015764482984106112
179,0.0027734436793276284,0.743233575430714,0.2511936427992576,0.0009238267654378416,0.0018755113252628662
180,0.0030413225853906075,0.8028564127355718,0.188366074056406,0.0017713059231825533,0.003964884699449165
181,0.0026321828467879655,0.8613611124153776,0.13141604683931643,0.0015472036000144184,0.0030434542985033875
182,0.0015495501130833556,0.806024209772731,0.18862676547791102,0.000625599354539397,0.0031738752817352714
183,0.0024569241458049567,0.8345650547003612,0.1577884885482316,0.0021474464187760203,0.00304208618682624
184,0.005026690127172148,0.8241715756748708,0.15970145254739707,0.006407448471815962,0.004692833178744013
185,0.16858428781577642,0.7232297758867399,0.04443926585874074,0.04815450616865138,0.01559216427009183
186,0.26190050461032294,0.5138934358757735,0.010771375224669281,0.19909569903405183,0.014338985255182506
187,0.03740518637447639,0.9259103425490834,0.005179417801806329,0.028998827538127537,0.0025062257365062236
188,0.02852413435122557,0.9323533982329962,0.00542333051954307,0.029651185909036006,0.004047950987199229
189,0.07015741957556199,0.40772277372854504,0.002864566142401913,0.509139776532479,0.010115464021012103
190,0.03073079785527639,0.06407364711103716,0.0007512216737284871,0.8985599281939834,0.005884405165974719
191,0.009779598009313089,0.029120838613737897,0.00014046430563200728,0.9591183455422209,0.0018407535290961808
192,0.00793575930800873,0.005467056925897899,4.488172399264493e-05,0.984757798393772,0.001794503648328822
193,0.0057908728762305324,0.00458762520212612,3.704376597817257e-05,0.9878964704911709,0.0016879876644942103
194,0.004273642271918336,0.0048738457153547216,4.260828316879527e-05,0.9894366398687992,0.0013732638607589483
195,0.0029798227937244165,0.0032485382552139798,4.7970834527033615e-05,0.991359286582916,0.0023643815336184
196,0.0028468283700481736,0.0012316769052132068,1.4461363449357908e-05,0.9941651835564531,0.0017418498048362633
197,0.008542214139834853,0.0011186955083527645,9.136437018263442e-06,0.9826862469862411,0.0076437069285529066
198,0.007623715027591909,0.001011969345702094,9.291469334416684e-06,0.9895581329825772,0.001796891174794471
199,0.007176869568712833,0.0017600486095478301,1.7594833859399117e-05,0.9888662850296454,0.0021792019582345177
200,0.008295222414846324,0.0037288847474769506,3.539895460064315e-05,0.9856704595604892,0.0022700343225867826
201,0.0051096817005118955,0.0018283667358376956,1.7740744755393982e-05,0.9916397910885909,0.0014044197303040935
202,0.002952643668087255,0.0016377405374838506,2.372354536230067e-05,0.9923146854240505,0.0030712068250159713
203,0.0038659301469157643,0.0013327922971414232,3.9464715027868864e-05,0.9890068140873661,0.005754998753548789
204,0.003050456333610383,0.0010136720615829954,8.315422655292034e-06,0.9881464620786241,0.007781094103527284
205,0.0023953970121288574,0.0008072960290079489,8.162914587018762e-06,0.9928696783204999,0.003919465723776271
206,0.007130425212009436,0.002352634459449652,1.5267729894852276e-05,0.9521310739816407,0.038370598617005425
207,0.011814077754199459,0.002854551326925619,5.478462390053302e-06,0.9678492749539465,0.01747661750253848
208,0.025885324637180608,0.0010523464161737368,2.512978867245897e-06,0.9468382835216498,0.026221532446128484
209,0.022187803543141763,0.0015557559080452425,4.012575830195523e-06,0.9665852812125517,0.009667146760431133
210,0.007986635494336583,0.0016532635025817996,1.161823147665345e-05,0.9841057367462158,0.006242746025389268
211,0.015551568418528484,0.0014195900028174942,1.2743747028030394e-05,0.9680531003655855,0.014962997466040571
212,0.005880501217104414,0.0014606776390318872,1.3744561022965168e-05,0.9838162034323609,0.008828873150479923
213,0.007573804161169935,0.0010201587713923152,1.0021525108234782e-05,0.9757682126116642,0.015627802930665163
214,0.009984734811993077,0.0016596048812114606,1.8622723456329703e-05,0.9818559419491611,0.0064810956341780955
215,0.02028837547817347,0.0016860308366438335,1.0491528202750556e-05,0.963192340854617,0.01482276130236297
216,0.0255066706158954,0.013026719519024038,7.426965685662288e-05,0.6694563411705539,0.2919359990376701
217,0.09224483827972445,0.008315046244457846,2.2601857223645043e-05,0.8475117920062804,0.05190572161231363
218,0.26840746004463745,0.026691482454589844,3.9616071455484347e-05,0.6612252046817507,0.043636236747566476
219,0.2527705185241755,0.028370856482701615,4.3737426185401624e-05,0.6902898037977713,0.02852508376916628
220,0.11434509822617411,0.02638292393914681,4.195800537855833e-05,0.6819110692367004,0.17731895059260014
221,0.3520078921875079,0.03967496394118997,6.355940221565605e-05,0.5325413028772842,0.07571228159180225
222,0.20894089651903594,0.1760482403539205,6.968285523761905e-05,0.5871627989839728,0.02777838128783307
223,0.29962954913334866,0.11296848924439731,6.675076697041532e-05,0.5150357159713467,0.07229949488393707
224,0.21295284354924354,0.1433388019181717,6.137786918640202e-05,0.5259773283340327,0.11766964832936565
225,0.2154046611240579,0.10591374922926938,0.00012163081002394593,0.6272859342329046,0.051274024603744216
226,0.15289938675672093,0.2815851999729243,0.00010757113362232154,0.531228171858705,0.03417967027802743
227,0.127147429028704,0.3692737698470207,0.00012233257286449763,0.4828979941997605,0.02055847435165054
228,0.07407083898917338,0.6729058485419362,0.0001278879201587963,0.23428284711926248,0.018612577429469014
229,0.052628685460123045,0.5856850120835095,0.001394948368032069,0.30908516189760354,0.05120619219073189
230,0.14782892915610335,0.12377817389480908,0.0001228929682791374,0.6320344270934324,0.09623557688737608
231,0.11751783301666835,0.06151651823510201,0.00012276856850323558,0.7554110137252336,0.06543186645449299
232,0.14281272236016218,0.03165276627231595,8.673985850709199e-05,0.807342709014166,0.01810506249484873
233,0.10321160575301212,0.042058475747096966,7.976816682690776e-05,0.8363251028970512,0.01832504743601281
234,0.1070840301489324,0.01840565147575566,9.406308290478246e-05,0.8514282282743515,0.022988027018055635
235,0.07111322466566788,0.04356920678620139,4.8337553907341125e-05,0.8730753856163506,0.012193845377872641
236,0.17101510324316918,0.021336352469791348,6.12581234897725e-05,0.7712609634908341,0.036326322672715496
237,0.18371325924769,0.3596736690640626,0.00011873486686699915,0.43147120193036803,0.025023134891012575
238,0.448575718997216,0.19445815756407409,0.00019910018246348905,0.2809342809449705,0.07583274231127594
239,0.2191451387298619,0.5293903163913358,0.00030738508625403074,0.23665955127084906,0.014497608521699184
240,0.08773402360164881,0.8483490006504061,0.0007538068332311349,0.04653497225138263,0.016628196663331245
241,0.17721269635226247,0.7109708126360739,0.0007051612249903607,0.10109324200867167,0.010018087778001587
242,0.11564772147793496,0.8336087228326969,0.0008210666339645479,0.035958123836706705,0.013964365218696944
243,0.330442388366205,0.5703672954204765,0.0010577141102011177,0.05815880187410542,0.039973800229011876
244,0.08291517626995742,0.8698319070899526,0.0005869218829235504,0.029980260746594527,0.01668573401057184
245,0.00823808043762851,0.9871948219553807,0.00029672362518948247,0.002822349139663007,0.0014480248421383283
246,0.1469390933548056,0.8159429318201875,0.0012759930608125275,0.01942467360419619,0.016417308159998083
247,0.026864461141829048,0.9564838728770919,0.0002820959393074398,0.01080413530378255,0.005565434737989279
248,0.009564341782773015,0.9820014439987692,0.0013739454541395453,0.001995032066995933,0.0050652366973223594
249,0.055976327772358545,0.9253591288181344,0.002186493634199904,0.009685723153571961,0.006792326621734961
250,0.023838723827285472,0.964327570819438,0.0020139841092979426,0.006917146977413765,0.002902574266565068
251,0.14263462662597823,0.8029359220178456,0.0005198809861002944,0.04417985364543953,0.00972971672463627
252,0.1759670849952666,0.7582382841043307,0.0005075939276793551,0.017011994808096793,0.04827504216462661
253,0.21008203577529425,0.7694618185785754,0.0003041870044654138,0.007558855201782642,0.012593103439882363
254,0.028812781761119066,0.9640144490875902,0.00024278978044965188,0.0011802319011729656,0.005749747469668084
255,0.1366645850159557,0.8483013085908624,0.0005194166273225981,0.004150095109134205,0.010364594656725132
256,0.17550292488504965,0.8027722185830607,0.0006604659139821683,0.009302660011262136,0.011761730606645355
257,0.07252691430413373,0.8933407183640748,0.0009512011169503146,0.007091308147090789,0.026089858067750514
258,0.03892345952425197,0.9369586667679457,0.0003089279865632105,0.010665897300944343,0.013143048420294793
259,0.32406221147035874,0.43073232074854045,0.0011395664660497874,0.03596154932219723,0.20810435199285365
260,0.12073562871326586,0.07123482517524511,0.0008608681511321474,0.0059997520089338134,0.8011689259514231
261,0.7690401335697616,0.14151965064632316,0.00028221784843185686,0.016525797868502733,0.07263220006698053
262,0.8438366567273902,0.06474304857445595,0.00012947981755025235,0.02357678498137183,0.06771402989923174
263,0.5725339111212023,0.38688302077419723,0.00019936710942024618,0.014888802446925652,0.025494898548254565
264,0.3605975163963937,0.46034085452461365,0.00017209747009360084,0.15803200377347745,0.020857527835421635
265,0.5186366110502991,0.1442379631433633,0.00013299691336538728,0.09004009009950592,0.2469523387934663
266,0.12513917996287421,0.7962295727346657,0.00016616231590788148,0.0655840488653258,0.01288103612122661
267,0.24086073172498962,0.6362636611406761,0.00023304345187097586,0.09526852910240757,0.02737403458005578
268,0.22422042178586485,0.7273959900551468,0.0002025671166770744,0.032700247243939065,0.015480773798372347
269,0.14416823076099067,0.7849661587716821,0.00029228256815609627,0.053554874625169446,0.017018453274001852
270,0.024865013551353878,0.9568946883236348,0.00016908480404108286,0.012197682153097007,0.005873531167873275
271,0.044028818489617955,0.93586102346203,0.00017700707776199104,0.015022757430778237,0.004910393539811641
272,0.03398813502451212,0.9323306557421899,0.000298064470383829,0.021569607005617764,0.011813537757296424
273,0.17293106175655054,0.795671606154059,0.0007343549612825011,0.012662969343314921,0.018000007784793142
274,0.04351774046089884,0.9390126550204605,0.0001281360030772369,0.012583638032992886,0.004757830482570669
275,0.05892331640454996,0.9159459647968258,0.0002442264954279541,0.01992833968996459,0.00495815261323173
276,0.029385875230892974,0.9468266703581851,0.00036552997960680205,0.016530740262249204,0.0068911841690657
277,0.14283789663226445,0.7865436074390756,0.0003801111622744068,0.024118520208207032,0.04611986455817842
278,0.11614911588729199,0.12854240456299257,0.0008305580669001613,0.009970106865911703,0.7445078146169035
279,0.19650454780539178,0.06635702034112193,0.0012572007038018252,0.007226094582506969,0.7286551365671775
280,0.47714611859564443,0.02276043900955147,8.069662064858517e-05,0.00788674212736151,0.4921260036467941
281,0.7007876909828967,0.24477007886716984,0.00019468568432936075,0.005494634736039867,0.048752909729564316
282,0.676019209718049,0.2623519253581817,0.0002251947018906978,0.00869299393242597,0.052710676289452564
283,0.57825590448089,0.3490216809657035,0.0002626939014457661,0.041446096508379326,0.03101362414358144
284,0.18466071859593214,0.778889753404588,0.0002645329065757536,0.01893253869714841,0.017252456395755695
285,0.012642498273797709,0.9838283181978879,0.00016813294376838976,0.0018720387776024997,0.0014890118069435315
286,0.009587103503263713,0.9845061572374755,0.0005270201623379864,0.0028135336267183066,0.002566185470204431
287,0.007667118070923446,0.987334246114179,0.0006567388910545413,0.0015552269734718785,0.0027866699503713887
288,0.021328572990123845,0.9686763396076965,0.003911304460262431,0.0025315914756155965,0.00355219146630154
289,0.021297350422489574,0.9705130932458571,0.001457498477074829,0.004265925848797225,0.002466132005781192
290,0.03499009725350947,0.9585343587864391,0.0005222017748039477,0.0021652875901616146,0.0037880545950858104
291,0.01769923930305012,0.9786271755791199,0.0008382565474116401,0.0012069311292253956,0.001628397441192823
292,0.0135881255276736,0.9830791185999578,0.0007740775531381882,0.0008360680786411847,0.0017226102405891815
293,0.00782954669821193,0.9892732201430849,0.0014745545419388969,0.0004622657514839363,0.0009604128652802583
294,0.0047782942446112624,0.9884228190891424,0.005291073791730544,0.00033185001434269426,0.0011759628601729453
295,0.02159831818953973,0.9746681023116011,0.0008981194197589527,0.001087500986954751,0.0017479590921453717
296,0.010463940532160427,0.9796632169359863,0.005658822725129042,0.000776191535692444,0.0034378282710317166
297,0.040066484051006365,0.9518083269013017,0.0004943710101438836,0.0037558956282824187,0.0038749224092655154
298,0.009398809374459938,0.9859273817056271,0.0006298182805593602,0.0013948539540384797,0.002649136685315178
299,0.030752483686525302,0.957518533446819,0.002800809436030911,0.005590390427957748,0.003337783002667038
300,0.004090281387385342,0.9915537734803507,0.0013048103119390534,0.0018186726066015857,0.0012324622137229188
301,0.023316301153535352,0.9662657114118475,0.0033143017172112023,0.003760962948780103,0.0033427227686260675
302,0.15159203106445585,0.666846647326764,0.0013994387743693595,0.04230954615508383,0.13785233667932698
303,0.28465461150253324,0.5362287796213421,0.0006957520094630999,0.11557486917925187,0.06284598768740975
304,0.0497866404802813,0.07999524039044445,0.0004923039600808793,0.012555686252869323,0.857170128916324
305,0.06796631383040677,0.10323243536578314,0.0018014849550718375,0.01885058041148629,0.808149185437252
306,0.123319490406865,0.021243724035223312,0.00016899617325522753,0.005297928511462153,0.8499698608731943
307,0.5503652664855885,0.016829050269373324,9.748797757803603e-05,0.011152477984612054,0.4215557172828481
308,0.7415360329464068,0.11062811092943052,0.00018334669879453315,0.029375808608280433,0.11827670081708767
309,0.6744731438491132,0.04216116735350011,3.6669434237362184e-05,0.03562892266711412,0.2477000966960351
310,0.7591722388752592,0.09183796774225016,7.963418748688159e-05,0.10224595609960782,0.04666420309539579
311,0.5928364639394135,0.21963296480661823,7.284104020322598e-05,0.14637503896573695,0.04108269124802807
312,0.2859798018452978,0.6267034693803071,0.00011158840983372955,0.0797170823999455,0.007488057964615707
313,0.08000401166526809,0.8609973084536675,8.524655841031796e-05,0.05248631019602776,0.00642712312662626
314,0.1627886027723065,0.7246701175464422,0.00021738269805071485,0.09083977418680043,0.02148412279640028
315,0.018991238416234405,0.9701752772387741,0.00034710175040908784,0.004505382422794181,0.0059810001717882835
316,0.017954404141408878,0.9739636760785276,0.00023983131014981618,0.004748219039787512,0.0030938694301260116
317,0.030342923308892586,0.9641578006814115,0.00030266458924040274,0.002827480101685938,0.0023691313187696557
318,0.07047027375374583,0.9166065244036458,0.0005567684468821485,0.0019071272882776541,0.010459306107448597
319,0.009439812603987532,0.9888114300500385,0.00026144089006766675,0.0005335060237291605,0.0009538104321771748
320,0.03117941191666404,0.9634389318220714,0.0002813269869910639,0.001273896872633391,0.0038264324016401546
321,0.0076018778129996935,0.9901173281499409,0.0001454786348108895,0.0005960499749251936,0.0015392654273235315
322,0.003971623765386837,0.9932644581806153,0.001169405435244501,0.0003748323956594702,0.0012196802230938998
323,0.0030711890255994277,0.9948698690574511,0.0002781179829745102,0.0003025388617062987,0.001478285072268706
324,0.020883529584043208,0.9739815881669198,0.001995189837686036,0.0009885619672963953,0.002151130444054497
325,0.017098199524831156,0.975702798101325,0.0037560911791116153,0.0006623046382937691,0.0027806065564384246
326,0.007558225926999517,0.9894440276312461,0.001653075232955653,0.0005303949345619894,0.0008142762742366367
327,0.01247733023495936,0.9816942200452441,0.0011755462285761233,0.0006549457418334432,0.0039979577493871555
328,0.04884180303091657,0.94448197443344,0.001404744381999428,0.0026550826050040395,0.002616395548639837
329,0.017285366893747135,0.9784783554705923,0.0015424413784199326,0.0008461972390854654,0.0018476390181551277
330,0.006286610226751095,0.9846343066711479,0.007496393316698515,0.0001720705909382031,0.0014106191944642924
331,0.06288552519406877,0.9251599241127845,0.001223622756404085,0.001465712162841418,0.009265215773901207
332,0.021756994972115203,0.9654630934173454,0.000907949653582551,0.0007414036106888501,0.01113055834626808
333,0.03462713939773036,0.9249596235726394,0.002267430683147839,0.0012286697715882847,0.036917136574894115
334,0.041528958707623034,0.9218397470858257,0.0009537590574010686,0.0027362916859528658,0.03294124346319755
335,0.011134436599396327,0.9516432339333458,0.0026155181987597476,0.0007143231340371856,0.03389248813446088
336,0.005005762376718041,0.9813935321595358,0.003086412669086077,0.0008199606426676987,0.009694332151992453
337,0.14256858612701256,0.5798709091070096,0.007922675489217157,0.008390241328320303,0.2612475879484405
338,0.040102273482097814,0.11950762934983242,0.008946336232730492,0.03102305604857848,0.8004207048867608
339,0.05593897530196559,0.039549905482336514,0.034326703793117766,0.007606866349149494,0.8625775490734306
340,0.08514626291716948,0.05546708682053922,0.031095211729074902,0.0024948373336131785,0.8257966011996032
341,0.05337863920026026,0.16167149614724288,0.15749668878594208,0.0020080215892579007,0.6254451542772969
342,0.03797862756425969,0.06181700921760239,0.03755541499925685,0.0007170101681577903,0.8619319380507233
343,0.1943352877019473,0.18207435803316568,0.06976833857360486,0.0012594305536278204,0.5525625851376543
344,0.39022240383077,0.24739696386991883,0.023857545052195405,0.003408979460994358,0.3351141077861213
345,0.4474451195618168,0.14310122215084203,0.01347090480010366,0.0019624328751210664,0.3940203206121164
346,0.027202603404135158,0.556336036777968,0.2344620623651775,0.0031850731822722278,0.17881422427044727
347,0.19133260816098566,0.5923164040890315,0.08554587931980917,0.002567697717672376,0.12823741071250128
348,0.19711188474499786,0.2249077362318204,0.44302365142980527,0.0019095239598953748,0.133047203633481
349,0.025308414398518962,0.037308748127902185,0.33275574777829026,0.006089448877463094,0.5985376408178255
350,0.4436828434233474,0.295182774053552,0.07421955473552494,0.004361068115410348,0.1825537596721652
351,0.11027885892555157,0.7620306694447764,0.05302824475922206,0.0034883709551720944,0.07117385591527789
352,0.03989399359602266,0.8666267110605902,0.04295623539518312,0.005031919982802822,0.04549113996540128
353,0.03219942309248324,0.8647194586662678,0.07760695865649969,0.003910659582403043,0.02156350000234635
354,0.013039567076162346,0.914164343854354,0.05928748980272583,0.005597558107980061,0.007911041158777877
355,0.007025574170540417,0.8443747604240799,0.13697483194242993,0.006393537106794605,0.005231296356155123
356,0.0113315737617408,0.5967467077890058,0.37789953326378606,0.006771463780250656,0.007250721405216518
357,0.32269141099474946,0.12338352948388265,0.0014959398731092396,0.02155977496199307,0.5308693446862656
358,0.4805433515654109,0.4634918887775024,0.004199010232093968,0.026282665472235556,0.025483083952757196
359,0.16993458299337297,0.8193192899417487,0.0007346217486564752,0.005233277879373242,0.004778227436848633
360,0.3792320043880806,0.600252883716082,0.0023686168184740924,0.007810017467734142,0.010336477609629142
361,0.06248951240944226,0.9221135723917209,0.0017946281916816173,0.010833566917081688,0.0027687200900734818
362,0.3083633747510142,0.6177467873408317,0.0007777989027130267,0.05596148440419966,0.01715055460124145
363,0.17964180677818928,0.7807841508582278,0.0007143926072454991,0.020293402511100397,0.018566247245237102
364,0.019904875718079522,0.9759000972631153,7.660187384294101e-05,0.0028354776933779456,0.0012829474515842038
365,0.03889101039726175,0.9394373846820249,0.0001376695849580247,0.01757710563197847,0.0039568297037769
366,0.08222981408656582,0.8371526037696458,0.0008175901803709915,0.07202465506498798,0.007775336898429293
367,0.09006396094193041,0.7624255928097043,0.00025017889405818663,0.1300873433296588,0.017172924024648248
368,0.05231266054021604,0.8740882524124585,0.0015677691302080842,0.035212228260693666,0.03681908965642371
369,0.06733938166249055,0.05254461423055045,9.323065050239144e-05,0.09876557432101277,0.7812571991354438
370,0.22995061190311972,0.15087561730029764,8.671583860750517e-05,0.5266258033832307,0.09246125157474429
371,0.03839775646512637,0.010461469051813777,2.7511264375029106e-05,0.09581058761738656,0.8553026756012984
