epoch,N1,N2,N3,R,W
0,0.0009244117778945325,0.00024541475418560574,2.631379332765642e-08,3.046423335554396e-05,0.9987996829207709
1,0.005033961320358561,0.0005387531719133447,7.10948013788993e-05,5.012107196331533e-05,0.994306069634386
2,0.012477361756366925,0.0008446881575042581,1.77365907604913e-05,6.905714068635727e-05,0.986591156354682
3,0.00237981990301638,8.107822221107904e-05,2.220561689906781e-06,2.620672793820385e-05,0.9975106745851443
4,0.12027842346834874,0.0013507975132805337,1.418599768405504e-05,0.00015387391098406003,0.8782027191097025
5,0.2592453774767661,0.0049208297322134885,0.00013534462095253144,0.004587147843090098,0.7311113003269778
6,0.6543872652640987,0.041459736647610795,0.0017578425656000903,0.010034256170495203,0.29236089935219517
7,0.2148454831606681,0.3079842792960893,0.03354529286348826,0.0004805957670878242,0.4431443489126666
8,0.25300335716863154,0.2811143257819507,0.10901622461192317,0.0022458264352911155,0.3546202660022035
9,0.033442416166667585,0.36671285463300357,0.3108776795214731,0.004087743499622987,0.2848793061792328
10,0.03557126908689651,0.6940287064560611,0.1521081474892848,0.004651992311659797,0.1136398846560978
11,0.03707628058732186,0.6996849916378454,0.14593743880047141,0.0012093649398549856,0.11609192403450636
12,0.01925075717232732,0.4787304285932782,0.37086430810656507,0.0005964188484525326,0.13055808727937693
13,0.007373953210988473,0.45276612531655885,0.43902731512499393,0.0010032157281187916,0.0998293906193398
14,0.007683627745622109,0.39739920083633107,0.5032676748859428,0.0014738268977978967,0.09017566963430607
15,0.0027562380310182035,0.15176848286098066,0.8277836851615341,0.0001610230909458268,0.017530570855521115
16,0.004939946115146543,0.24697142829614227,0.7159730971682163,0.00014346666485018082,0.03197206175564481
17,0.008786941363532363,0.5297493153223816,0.41756483130586336,0.00035096618442094556,0.043547945823801816
18,0.008491992615871573,0.5316181529532409,0.31690581820184344,0.0004828963801961119,0.1425011398488479
19,0.010292610882121371,0.48355876773732126,0.4409660499246441,0.00021690815523686015,0.06496566330067635
20,0.011975309512040162,0.32816634136594397,0.5289182980504734,0.00026450896340918326,0.1306755421081333
21,0.024804539903874368,0.25767757134555097,0.35187339185879757,0.00038964091268811434,0.36525485597908897
22,0.015325219578197375,0.16966032837293227,0.4140768682162225,0.0008759005109496481,0.4000616833216983
23,0.024962396824470906,0.27500133335570437,0.44352267800780476,0.001307376405534232,0.25520621540648564
24,0.02720763802000898,0.2565270283738839,0.23641888642050712,0.0007895936846922389,0.4790568535009076
25,0.01968601984729047,0.3101719310406958,0.12774948819667487,0.0021432251520314125,0.5402493357633075
26,0.017191561421558164,0.07184433186227124,0.15639475771944475,0.0006999553289482817,0.7538693936677775
27,0.00468734131626333,0.0061375756020653465,0.001875277597258639,0.0001585436494236882,0.987141261834989
28,0.003704226499277109,0.0009605194563164668,3.4493247925993534e-05,7.453236644172052e-05,0.9952262284300387
29,0.0024710880748349067,0.004295142568781823,0.000275184351868143,7.903998687973085e-05,0.9928795450176354
30,0.011395702722937258,0.0032874581474752343,0.00011959369737002057,7.364926102736739e-05,0.9851235961711902
31,0.004395620047633261,0.001634304606344007,0.0004947407650327793,2.1568482178037316e-05,0.9934537660988119
32,0.0031656353980742177,0.0014341748324981432,0.00037842365522907284,2.5931672920570726e-05,0.9949958344412779
33,0.010871825754638458,0.002357839149888196,0.0002417735754151747,6.473624743420934e-05,0.986463825272624
34,0.03012120781747536,0.0027975318507124356,3.816385832287024e-05,0.0002754307282556011,0.9667676657452338
35,0.10667992593688373,0.007279602328813872,5.772629797028138e-05,0.0006161686894034619,0.8853665767469285
36,0.0396905095825197,0.0037421320427297473,0.0001664350954201915,0.00036822816220228216,0.9560326951171282
37,0.053980614852192736,0.002612619972025118,2.3817241476619238e-05,0.0002350211209171981,0.9431479268133882
38,0.3715937301121894,0.02865452852218843,0.00016156334455703474,0.0008069007313693351,0.5987832772896958
39,0.7347119173169367,0.08534145414299754,0.0006059402609523145,0.0025094096891647272,0.17683127858994854
40,0.4309551316532758,0.4580455713238133,0.0024163761614501545,0.005213520431666314,0.10336940042979441
41,0.4522426047598949,0.4815335140313553,0.0018941610512649499,0.011101364426177608,0.053228355731307235
42,0.20613561137476424,0.6826384196318804,0.011486437245632052,0.0062094471288253175,0.09353008461889807
43,0.06463807055391108,0.8231004248688056,0.05456519543483447,0.002141642752474313,0.05555466638997475
44,0.1447871483232374,0.7184300009874771,0.07084464441459624,0.004215738386306116,0.06172246788838302
45,0.11525254817971678,0.5940852824590068,0.2503652802530824,0.0023172672523224425,0.03797962185587157
46,0.05479545123402865,0.707438232444045,0.2060829609150331,0.0018634233477180543,0.02981993205917527
47,0.01669642017727488,0.5590394690607852,0.4127071994460988,0.0006479127608695659,0.010908998554971589
48,0.01266964730085883,0.46376586466176045,0.4957664817769227,0.0002741410721323899,0.027523865188325638
49,0.004164110060016298,0.44512812565694526,0.5295073406392498,0.00020525429546409076,0.020995169348324485
50,0.007019505498937872,0.5361955191242685,0.4335194107484291,0.00014192550970012636,0.023123639118664396
51,0.006817338408301153,0.43226754224872127,0.532792649134492,0.0001925043908028782,0.02792996581768278
52,0.0032405393216380267,0.20909107565763557,0.7529393326340451,3.8013502235670455e-05,0.034691038884445496
53,0.002073173837277995,0.14737270026098379,0.8221183208480083,5.921851023911049e-05,0.028376586543490855
54,0.0032372287437600817,0.42195311538739944,0.5330603076854853,5.746325002092861e-05,0.04169188493333419
55,0.002767628999856658,0.2830476835996935,0.6614540607281679,0.00013151271272163702,0.052599113959560226
56,0.0013396363122201319,0.10364695268359846,0.8659219762683678,1.4302137932272838e-05,0.02907713259788135
57,0.0010219139913865605,0.0665638248002048,0.9076666332296882,1.798035435628574e-05,0.024729647624364196
58,0.0026679779455277704,0.14094714540804296,0.8084657194226229,4.739655013369253e-05,0.04787176067367269
59,0.00384026544447111,0.14454839777689124,0.8082850293762976,5.734134939661854e-05,0.043268966052943496
60,0.003990654411452453,0.20570813431487459,0.7223023481636477,0.000281877678626696,0.06771698543139876
61,0.005968298287744649,0.20725135749205423,0.7137028197471939,0.00027184787717073625,0.07280567659583656
62,0.004754391061191946,0.15152435018323449,0.7414914124662805,0.0005810919713074129,0.1016487543179857
63,0.0044313321049935595,0.12151477029387098,0.8144004809894093,0.00010536489500052362,0.0595480517167255
64,0.06333099144108154,0.08658547403410816,0.00854441321840659,0.0005429451305271454,0.8409961761758766
65,0.08831609374094512,0.7586809655625263,0.08335714654588815,0.0015619235073744456,0.06808387064326597
66,0.3534217333578761,0.5400928472578157,0.02421890021242796,0.0016266950357654154,0.08063982413611487
67,0.20938141630670584,0.6788904122190571,0.029039577298510238,0.001396661666606434,0.08129193250912052
68,0.04226809689705168,0.6932091309282682,0.21774457008717818,0.000532414178728237,0.046245787908773615
69,0.016883697742126003,0.664281687068129,0.297487654017677,0.00031783990976027335,0.021029121262307892
70,0.009586048847040923,0.5980796445412079,0.3464459947280406,0.0004192135609374157,0.045469098322773176
71,0.003387867962275745,0.43667317395880917,0.5292744027171581,0.00023472223437921393,0.030429833127377615
72,0.0021916595595542197,0.288554689694887,0.6969153765268952,0.00021673080465472425,0.012121543414009096
73,0.0012544999373765313,0.1718079944423792,0.8131514357157842,5.747592191475863e-05,0.01372859398254528
74,0.0033976380428059126,0.35537058713980985,0.6178318549334751,8.291718509272013e-05,0.02331700269881614
75,0.006628945501419249,0.2595598834598689,0.7220444069350004,7.441734499927389e-05,0.011692346758712202
76,0.003119063855199216,0.31260320274363773,0.6659139562051318,8.192945177604384e-05,0.018281847744255075
77,0.0011916158211248485,0.10347005471009425,0.8863204019773946,3.586814953841704e-05,0.008982059341847825
78,0.003342823168887239,0.133829464317467,0.854571883494477,8.34295872557421e-05,0.008172399431912948
79,0.0020395862987394736,0.11910496648823189,0.8741392744479904,5.9780519607319384e-05,0.004656392245430882
80,0.002817771294376234,0.08096629340033105,0.9038819636089895,8.023851835383409e-05,0.012253733177949372
81,0.0013505037410553608,0.05141071439241878,0.9433382062770255,2.8386422929146744e-05,0.003872189166571173
82,0.001656823617431777,0.06597388073280275,0.9266201548240852,7.68734804875496e-05,0.0056722673451928595
83,0.0016780803841986898,0.0711612885887118,0.9201528479266751,6.508617906344885e-05,0.006942696921351064
84,0.0017940333906431947,0.09875933374039945,0.8968796489623824,5.1834739863356004e-05,0.002515149166711736
85,0.005622699495389921,0.23522783279157491,0.7492834688204674,9.238736234047419e-05,0.009773611530227226
86,0.0015532168429729955,0.0626387879838512,0.9297322530797675,4.479058281970031e-05,0.006030951510588568
87,0.0013167692354838425,0.09272151411081363,0.90048045406715,6.731672156613542e-05,0.005413945864986437
88,0.0018417490043312857,0.11792793449468846,0.865509828919557,5.191849846361262e-05,0.014668569082959824
89,0.0012243498271506334,0.12790614111040916,0.8600241450228546,7.990267500945016e-05,0.010765461364576172
90,0.0018373332193371802,0.11654044425486548,0.8725085369682604,6.855350369410822e-05,0.009045132053842973
91,0.0013342279303841407,0.15728462777321753,0.8303494297961451,0.00016507565158517228,0.01086663884866809
92,0.0037251497119116335,0.2299209223083945,0.7483664856709871,0.00031685387284691337,0.017670588435859946
93,0.005246335347036663,0.1801933035688737,0.789998643950121,0.00024082540741919486,0.02432089172654955
94,0.010381566557320431,0.46527221874458563,0.3697236466188236,0.0005666258306270847,0.1540559422486433
95,0.024923236727368514,0.759228805539135,0.20380066359121568,0.0011598186520704143,0.010887475490210635
96,0.025750212588964663,0.6069319450113919,0.329102253959056,0.0017334754886139698,0.03648211295197337
97,0.022523167692217672,0.8812500259850323,0.0870747709457578,0.0023826006933763567,0.0067694346836159516
98,0.015327092598162895,0.9463736937554208,0.031097967467673446,0.0007392064130450867,0.006462039765697761
99,0.0280353865037778,0.9569089215817436,0.006813528185239703,0.005916859400870274,0.002325304328368729
100,0.008149053371466422,0.8989791309146268,0.08706052643383894,0.0014655623098128365,0.0043457269702549895
101,0.020159305317076145,0.9568052348702821,0.01554349665165607,0.0026965723896982302,0.0047953907712873865
102,0.02275703696648843,0.9565172207572813,0.007278722813859948,0.0071606471494056745,0.00628637231296479
103,0.0271046865834388,0.9409302797944574,0.0033684585177041638,0.020867208953833982,0.007729366150565678
104,0.034189622011738634,0.9263532347609308,0.003438356503145188,0.02699099274390014,0.009027793980285434
105,0.0977707134026955,0.7196556121283427,0.0023961685112527187,0.17220873694537497,0.00796876901233412
106,0.10288434540341032,0.7501809845305191,0.0015999659215449305,0.1296396971952235,0.015695006949302284
107,0.15364902288361065,0.47722359347944165,0.0013098316401330213,0.34843090219756745,0.019386649799247185
108,0.08405511927376806,0.388811958114889,0.0012123501615068063,0.512508618095339,0.013411954354497184
109,0.11177778518546808,0.11121115333817509,0.0003213673435823575,0.7491797275984742,0.027509966534300222
110,0.09452974331044466,0.09169421766576084,0.00031095418437824564,0.7920288799028846,0.021436204936531623
111,0.061776892971952435,0.2102426404052552,0.001225677601060866,0.6986217972899946,0.02813299173173685
112,0.0755451713127245,0.08854872633455943,0.0005315419488064003,0.8065445547284533,0.028830005675456412
113,0.03541797108354828,0.029107296033046022,9.854159033497486e-05,0.9243039414977422,0.011072249795328394
114,0.03676985134358978,0.016439282496517667,0.00011103602195591487,0.9347795491638845,0.011900280974051991
115,0.06484483535116634,0.01277842826801003,0.00012633431958529733,0.9121034707945327,0.010146931266705433
116,0.07653510120482677,0.01977581297133622,0.00014050729468894366,0.8867705120924089,0.016778066436739084
117,0.1383689577234907,0.06665756702947406,0.0005079926014307615,0.7720472190329859,0.022418263612618623
118,0.06740542124655678,0.023623720270577735,0.00021245063725216625,0.8964358480260924,0.012322559819520879
119,0.13066052792065314,0.19763419884987976,0.0008732248511681056,0.5830778525848056,0.08775419579349329
120,0.07390477214423186,0.03255902474397555,0.00019503695855583615,0.8731260365168506,0.020215129636386293
121,0.14063247009462898,0.5338583994397986,0.00528379774841457,0.23289544048556027,0.0873298922315975
122,0.10012207906921636,0.15409750019655175,0.0008064380045655936,0.7160724427014844,0.028901540028181905
123,0.07725214532666133,0.12032385419300856,0.0009060611836341838,0.7744483019218596,0.027069637374836256
124,0.044930408800587796,0.018114414730443455,0.0002114063332003684,0.9199142384411071,0.016829531694661136
125,0.04477088386986029,0.01434191779166912,5.5161276333206374e-05,0.9202361885167276,0.020595848545409582
126,0.1000064622815243,0.13069224967355547,0.00038168690438474147,0.7441643348380179,0.024755266302517526
127,0.09156712674236754,0.11423772539727323,0.0013986045269137883,0.7685367259840888,0.02425981734935643
128,0.03830576394858312,0.03298146489355744,0.00013757104499729516,0.9204207801030593,0.008154420009802805
129,0.031743691383164505,0.014720743569676755,0.00012212493941695957,0.9418113409922027,0.011602099115539093
130,0.04479711131486871,0.009013844046476,5.5350160672409734e-05,0.9273753170788401,0.01875837739914265
131,0.1534636527931489,0.024886107222581878,0.00012827412548443705,0.7945959508187015,0.026926015040083365
132,0.34074634689197636,0.19487050248105975,0.00029755746179422585,0.4366273832300803,0.027458209935089364
133,0.26894635543827433,0.09525740714331579,0.00025938460983627076,0.5996393236923567,0.03589752911621684
134,0.14574656493321403,0.4552374559556896,0.0017557043854913225,0.34275530212146316,0.05450497260414193
135,0.1636346376616657,0.33553958378568116,0.000512737403218109,0.47347298112410946,0.02684006002532574
136,0.08075097837442168,0.8064927841338236,0.009731976460331778,0.06006235895452464,0.04296190207689805
137,0.00993273735552445,0.008201941495232866,0.0006081532929931133,0.001902080588703566,0.9793550872675459
138,0.5968830009894933,0.29213661556238024,0.000933899808582222,0.05898922829272454,0.051057255346819805
139,0.28294253179528267,0.581184475771521,0.0029043172856460125,0.009441307235332043,0.12352736791221822
140,0.33835744212096897,0.5697480793381654,0.0030194598405716006,0.005593116794147863,0.08328190190614625
141,0.2416246575081264,0.7073668730620148,0.0031965306103073315,0.013597937654348854,0.03421400116520243
142,0.24514424426711176,0.7085366849550577,0.0005960698606515072,0.030268044480640098,0.015454956436538894
143,0.062353687998381445,0.913383899881672,0.0033475848622876257,0.012156485343566621,0.008758341914092293
144,0.09642693670640938,0.8579069995777495,0.004371156009744249,0.021830285934773493,0.019464621771323246
145,0.08263947367264822,0.8610256729647071,0.0028343506300503862,0.0403511193296326,0.013149383402961633
146,0.1385783220164098,0.7577725228066755,0.0024676858698414114,0.08836478809253108,0.012816681214542143
147,0.07085915320581038,0.8878514017667163,0.006519759936694654,0.025453940599868934,0.009315744490909607
148,0.15760491908019889,0.7556918754903075,0.007863330565474289,0.06825266125300404,0.010587213611015235
149,0.08453624450881728,0.8680406681810033,0.022698539957910636,0.019108364899818587,0.0056161824524501676
150,0.052383804689854534,0.883458047063939,0.040990326422150426,0.01736415190139372,0.005803669922662353
151,0.052600109997479286,0.8781081945062006,0.04609849210490585,0.0132448803298931,0.00994832306152125
152,0.10421966166266079,0.8419036833551611,0.027805779388665172,0.010265327061744258,0.015805548531768715
153,0.06566882331562121,0.8594313663570898,0.062054329073642736,0.0045807370385966845,0.008264744215049486
154,0.06979942413033981,0.7856346020052617,0.13374591476786676,0.002038462137209412,0.008781596959322228
155,0.025665268729430025,0.8093366465758324,0.15365301922290156,0.0016921469789403097,0.00965291849289567
156,0.03185398955617471,0.87162677902163,0.08878956513511434,0.0006256732521125617,0.007103993034968513
157,0.02676084026260626,0.8649752820370872,0.10092469804352425,0.0008066919678726537,0.006532487688909706
158,0.01973827577880242,0.7722122070168571,0.2000933314563285,0.00040991582307356905,0.007546269924938332
159,0.016136858200279356,0.7183241949183313,0.24687522677832002,0.000873588534640625,0.017790131568428853
160,0.032823715225657205,0.7851870438819107,0.15216784008394085,0.002978848249220336,0.026842552559270778
161,0.05691344649039713,0.590199839877974,0.16446443312236247,0.006530931298590959,0.18189134921067557
162,0.1544317902312445,0.6478848488554787,0.06312410031715389,0.0030556295624487332,0.1315036310336743
163,0.14199000370744824,0.7790061624244482,0.03808514607317696,0.003827845537248472,0.03709084225767813
164,0.1389130303004849,0.6664462540740432,0.03641271531605918,0.001975605913430671,0.156252394395982
165,0.08558991186833358,0.8530048133468789,0.03630153216091103,0.002796630663556351,0.0223071119603201
166,0.19481688207509107,0.7451813408833293,0.040029439935652576,0.0021674787643290506,0.017804858341597805
167,0.09610365322508137,0.7875793623670051,0.06640008928850903,0.0025588056831992233,0.047358089436205196
168,0.022238504583972585,0.8489349451195738,0.10658742526969324,0.0018249334795091873,0.020414191547250972
169,0.043069989043079175,0.9182195250218436,0.014253481932162256,0.0020492634231965975,0.02240774057971837
170,0.11870170381595592,0.8252385577455081,0.013048171841516552,0.002864154954070272,0.040147411642949
171,0.11722125672075383,0.8460521384203896,0.020168057154030708,0.0035775317255434145,0.012981015979282293
172,0.033179843777486166,0.9332299952411912,0.01082325544905379,0.001725257870410905,0.02104164766185779
173,0.06826339547370133,0.9088436070704856,0.008914877596120615,0.0036619621179911194,0.010316157741701366
174,0.06341240450974492,0.8569667125959345,0.06626730450835334,0.0015651097596833432,0.011788468626283962
175,0.03640387473173312,0.8621010893708122,0.09064323678055188,0.0012922973204016095,0.00955950179650133
176,0.024490342984094065,0.7419309905096968,0.22430443623843205,0.0009214358671742136,0.008352794400602976
177,0.008689266144582866,0.6774411608224615,0.30827175548179797,0.00023083761306751967,0.005366979938090179
178,0.006464616844700467,0.7015598721157819,0.2870456149906099,0.00018988966474069868,0.004740006384167034
179,0.005787467046100903,0.35645022340368804,0.6302465037400432,0.00012077361852543359,0.007395032191642411
180,0.0038530758264489306,0.36567973080191263,0.6261037209354303,9.367826257334233e-05,0.004269794173634796
181,0.01636423743000862,0.494763012061374,0.45551052264279107,0.0007125383568863208,0.032649689508940004
182,0.003562085432476389,0.18081036225211805,0.8056043081517974,0.00018750646017537485,0.009835737703432556
183,0.005526064644363357,0.4306042315194194,0.5360848494500557,0.0004218333840399419,0.027363021002121592
184,0.00538493707102552,0.2790543576285283,0.6856993655349797,0.0003398185016193008,0.029521521263847283
185,0.0035949338845553467,0.19044043910358377,0.7828031338876574,0.00018896709294466264,0.02297252603125861
186,0.0022351109933808357,0.07592740709319515,0.9066392759331475,0.00013310829180265252,0.015065097688473791
187,0.0048622637752981255,0.3179591338141677,0.6616021482897452,0.00015748566393112515,0.015418968456857942
188,0.0038138668064376397,0.21631826497159798,0.7500695122746461,0.00044305949758237405,0.029355296449735807
189,0.0030746359492994863,0.15500054973262542,0.8241043168657414,0.00033470434358471153,0.017485793108748978
190,0.003789300786606893,0.15701127609817456,0.8046055343080993,0.0004770644448705238,0.034116824362248596
191,0.0018638070754616416,0.10627090680571938,0.878912695815425,0.0001856092395617095,0.012766981063832249
192,0.0035317914197398876,0.14473494406707757,0.8290034072025052,0.0003046774454565674,0.022425179865220895
193,0.003114710730972902,0.1398197410308057,0.8387869686019342,0.0002393153223137872,0.01803926431397336
194,0.0015274393274267203,0.04363084148895261,0.9396889114218797,0.00016631944402648204,0.01498648831771426
195,0.0017197065742318549,0.0653189737131002,0.923045122824803,0.00010654616887826304,0.009809650718986783
196,0.0010085207355156323,0.039713876044675925,0.9498492062404591,9.247654933840769e-05,0.009335920430011106
197,0.0029829429375447846,0.10083883949875899,0.8795836536251029,0.0001952345472224908,0.016399329391370714
198,0.002295031006512576,0.09970707395265811,0.8851893492321646,0.00017515207369781262,0.012633393734966868
199,0.004532919674193601,0.18498399650316807,0.7764680157081588,0.0004423241033449374,0.03357274401113444
200,0.007586755321186729,0.3255653835799576,0.6472367096543574,0.00048713892947435726,0.01912401251502382
201,0.002025325629826619,0.07836337868067972,0.9107382441634548,0.00012565142936880552,0.008747400096670126
202,0.0010851381643864804,0.03913527146496469,0.9538303028684605,6.43093796125336e-05,0.00588497812257603
203,0.0010841903992061808,0.0493627732333645,0.9459897402503448,9.898484926890015e-05,0.003464311267815586
204,0.0024525578061850807,0.0993258817055284,0.8918281917015736,0.000449313471494292,0.005944055315218709
205,0.0008445020095725851,0.04920524568476973,0.9472373422530325,0.0003152667722828349,0.0023976432803422447
206,0.003703791033821544,0.20314149634440606,0.7850245603642686,0.0018685013117509097,0.006261650945752896
207,0.003631810629240023,0.11068411295805221,0.8756846406043715,0.005236591354124006,0.004762844454212224
208,0.002125316240271924,0.10952484522885646,0.8804375629696461,0.003236596405911203,0.004675679155314246
209,0.0029171789541600312,0.2502196210085687,0.7304569831173121,0.0026162767671010635,0.013789940152858074
210,0.006359227747551708,0.070057373992679,0.1799206818142284,0.0012642912277863836,0.7423984252177545
211,0.019894266253501942,0.7727871659135526,0.19772857420810347,0.0012930586240307938,0.008296935000811205
212,0.021708299138002037,0.8919668648411208,0.0813159368632436,0.0013769897761141154,0.003631909381519433
213,0.012892708819128245,0.8136363937197307,0.16863501491472915,0.001220909143568547,0.0036149734028434037
214,0.002796889104534373,0.4859809227420185,0.5089335951751373,0.0011011986538437865,0.0011873943244661224
215,0.0028457662423500207,0.7466340859132247,0.24683756330075673,0.0014111518065516508,0.0022714327371169464
216,0.0022134359125731795,0.3464887110240913,0.6484786667448144,0.0008407006908291785,0.001978485627692065
217,0.0011577895109107163,0.409952938218824,0.5868964888243413,0.0005375335450778647,0.0014552499008461115
218,0.0013274494912665251,0.46603006816464004,0.5304995880445447,0.0003273379607630801,0.0018155563387856934
219,0.0014646828441536488,0.5109184678566383,0.48437984157271435,0.0003233414960312131,0.0029136662304625255
220,0.0006401083711716451,0.24123432326988622,0.7567213725788376,0.00012457881848770868,0.001279616961616814
221,0.001126905465765155,0.17137048266859306,0.8263082074473029,9.168047300420594e-05,0.0011027239453345714
222,0.00042565349953687303,0.23425199759541115,0.7637976560497837,5.42933650391838e-05,0.0014703994902291787
223,0.0011005029279478186,0.17853210484649046,0.8183421228470461,0.00016255570157167897,0.0018627136769437678
224,0.0008441192334395277,0.18789812830390967,0.8102097001964619,0.00013899793312127553,0.0009090543330675419
225,0.0005805184504126913,0.10604030225515977,0.8923289918472064,0.0001510849770898367,0.0008991024701312138
226,0.0021670599041604347,0.451640911352291,0.5428948253114433,0.0007325786085912247,0.002564624823514091
227,0.0015533032023813693,0.8501350232624514,0.1450605416415794,0.0007678046883573161,0.0024833272052304455
228,0.000912367383487247,0.4695994569625902,0.5274337766750798,0.0004666189951057046,0.0015877799837370641
229,0.0016707521499271527,0.5703432046316657,0.425001699234554,0.00150753532252731,0.0014768086613259899
230,0.008647277866341008,0.6222087910255062,0.363325518045551,0.002328060220419571,0.003490352842182292
231,0.048651868414441524,0.9185819588025013,0.02194607575409892,0.0070239632640754605,0.0037961337648827935
232,0.013135950721972673,0.91058656131233,0.06866404749698826,0.0037279681994027243,0.0038854722693063767
233,0.01739901215270105,0.9452774464651202,0.02905400262595442,0.004351505583913116,0.003918033172311063
234,0.03825106704222192,0.9380764009663407,0.009045986897387455,0.011926412031707771,0.002700133062342358
235,0.01589306778524848,0.9667288090633278,0.0071575939669218025,0.007303534557053486,0.0029169946274483485
236,0.023943672187480277,0.9288533636323293,0.00634060082980054,0.037748930485876596,0.0031134328645135195
237,0.04607585315364289,0.7453112284452693,0.003769155155773707,0.20108996004600407,0.0037538031993099227
238,0.08517802398994462,0.5964658854842434,0.0004795467875486769,0.3047763201250359,0.013100223613227194
239,0.05672531471204947,0.7462193334149595,0.002906815469048266,0.17988190511989685,0.014266631284045914
240,0.05985786684081511,0.2198677333002999,0.0003493910145304761,0.7068229582162118,0.013102050628142844
241,0.0752340292556308,0.17988453304421922,0.0007886675231704502,0.7267739568196477,0.017318813357331746
242,0.06136896384186113,0.42415865104007827,0.0015196746095508076,0.4862261122168645,0.02672659829164517
243,0.05121426936804176,0.05229585727850323,0.0002781923167866029,0.8848174393937158,0.0113942416429526
244,0.032489363473088825,0.015378157973376017,6.703204622710514e-05,0.9458694577378438,0.00619598876946408
245,0.03557623429715421,0.009049936502192199,6.20357858245879e-05,0.9506295894257625,0.004682203989066443
246,0.04979037445924655,0.01142881617930271,5.142324445411218e-05,0.9319263279296058,0.006803058187390869
247,0.047623556620346695,0.009855944795864604,7.230733380008387e-05,0.9374783818163915,0.004969809433597089
248,0.034773113381547094,0.010261424288631847,6.31761499358365e-05,0.9517337486872728,0.003168537492612516
249,0.036638700048913106,0.007616174095959069,6.390305452535794e-05,0.9504343278469505,0.005246894953652139
250,0.036676480238593066,0.0077159346795961465,5.631752817300955e-05,0.9506004075626693,0.004950859990968402
251,0.03479920204579147,0.008087611538168123,5.1157899884535295e-05,0.954207392480724,0.002854636035431894
252,0.028081543713394237,0.014983818130745948,6.430500724494198e-05,0.9495249181392174,0.007345415009397586
253,0.01641807570802909,0.004565599339374778,3.935172315041779e-05,0.976530819459657,0.0024461537697886694
254,0.020471712863504077,0.012487227678314089,0.00011454334766813162,0.9644373796652864,0.00248913644522718
255,0.019852158347038424,0.016665540515436252,6.808764778690922e-05,0.9588231807389481,0.00459103275079033
256,0.022353265082469754,0.012797042044596528,6.416578823963825e-05,0.9616222903654132,0.0031632367192808435
257,0.014141309370377244,0.005469539128099938,3.009929027414522e-05,0.9773697508480795,0.002989301363168938
258,0.02036663183803046,0.00662673829489932,2.8803974730345237e-05,0.9687280549745962,0.004249770917743537
259,0.050788017770093355,0.010572285982153292,4.9114069939329364e-05,0.9275203531070769,0.011070229070737212
260,0.08294020615166844,0.01377463590076931,4.871293033254311e-05,0.8819005810693643,0.021335863947865328
261,0.10580360689507608,0.01167089613631985,7.906506198839992e-05,0.8021233243071457,0.0803231075994699
262,0.2448894931522842,0.014153093672824555,0.00013564812600071305,0.7253952630338765,0.015426502015014021
263,0.10078738744733122,0.006277274323995032,4.5225207507546744e-05,0.881444338062603,0.011445774958563259
264,0.06833738683850371,0.007431936679801327,6.550307077496217e-05,0.918048833732878,0.00611633967804206
265,0.03288392616153762,0.00981869941994813,5.461474342597846e-05,0.9509621387834151,0.006280620891673231
266,0.015016517070765747,0.0038162892821345705,3.462293221982144e-05,0.9772190614042605,0.003913509310619264
267,0.016942323716096164,0.0037943090075298735,3.2639596462121526e-05,0.9760496212768176,0.0031811064030942476
268,0.013135331831617003,0.002707793609363122,2.5541305314791507e-05,0.9822181721940747,0.001913161059630372
269,0.010707260919393675,0.0034296240479924868,2.8055200999247975e-05,0.9837042656417816,0.002130794189833101
270,0.020827631760338614,0.00782077637607379,6.526286967272087e-05,0.9385758164506889,0.032710512543225864
271,0.057641484319489844,0.003551612594157485,5.872817522132337e-05,0.9270984241110448,0.011649750800086386
272,0.03470712197371281,0.005739870708138837,8.70800122709487e-05,0.9530699338242352,0.0063959934816423284
273,0.13457609260262213,0.008731871155179543,0.00011120386172136505,0.8431775699820877,0.013403262398389258
274,0.035047223058137594,0.008377413191165152,5.4057269335807645e-05,0.9450768984270137,0.011444408054347587
275,0.03790597056087328,0.006488105128331747,3.3324915255218424e-05,0.9466854268829027,0.008887172512637145
276,0.054772567749222484,0.009034319003432106,5.776352429281159e-05,0.9279013637644111,0.008233985958641575
277,0.035777109161746694,0.005758651672527338,4.051078646738637e-05,0.952110366522298,0.00631336185696052
278,0.036776593864511445,0.005010525660092697,3.6489022010641935e-05,0.9549808492828848,0.0031955421705003478
279,0.03205084875424347,0.006263967128765209,2.5956131697934215e-05,0.9552836678642528,0.006375560121040702
280,0.06923694560579907,0.00940064107896661,3.735421644197851e-05,0.9158152931702499,0.005509765928542379
281,0.08768217146949546,0.012597762628918195,5.804242221946781e-05,0.8926656831477535,0.0069963403316133516
282,0.05461294732731414,0.013583238250123595,6.003780406177553e-05,0.9278849347538395,0.0038588418646609782
283,0.04333679822590767,0.009181909420218834,5.329614537453856e-05,0.9431030672370295,0.0043249289714694435
284,0.04792816630740329,0.012841436449165819,3.2911693208019236e-05,0.9205446632610703,0.018652822289152445
285,0.11322912512297909,0.019468599800822467,0.00027259461973403544,0.2926453303467751,0.5743843501096892
286,0.3756258600655548,0.05312483386422822,5.759560961976793e-05,0.5340274422002439,0.03716426826035334
287,0.5183339199158445,0.13647048403931633,0.00025062835941291916,0.3227727555992565,0.022172212086169714
288,0.22978906071402314,0.3186578761021142,0.0005486928677527599,0.4126084697751779,0.038395900540932
289,0.08388649091710979,0.17866719828931435,0.0004021707067483559,0.7307090316887741,0.006335108398053291
290,0.0718345782740177,0.26532587948188224,0.0010086406983102318,0.6537397729088557,0.008091128636934206
291,0.07268567805521717,0.12723494091207777,0.00018791286117305223,0.7893261821918482,0.010565285979683911
292,0.10621119387958072,0.25650146618644665,0.0005542426002839004,0.6245799432018551,0.012153154131833634
293,0.09530867043415166,0.362290564150669,0.0005539623633182592,0.5341104993928024,0.007736303659058644
294,0.1453943290833679,0.32628479178727327,0.0003822761718609663,0.5239417920027848,0.0039968109547131505
295,0.11848665312988232,0.5466312262421482,0.0005456078945859642,0.32816769133943513,0.006168821393948408
296,0.13788901377968665,0.3000615356709261,0.0003369213419287363,0.5550134227188953,0.006699106488563244
297,0.11349388852527707,0.4854374566357428,0.0009395946852252344,0.3916672594533469,0.008461800700408001
298,0.13390361853661384,0.5746440824279716,0.0009740563059085398,0.28091840421540154,0.009559838514104546
299,0.06808650293450431,0.5239042356685457,0.000751376865436586,0.4051952030149955,0.0020626815165178465
300,0.08179482270152558,0.35800307276733406,0.0004299608502737413,0.5564563585659524,0.0033157851149141254
301,0.08447867306417274,0.5827635172163899,0.00027908203901797873,0.3295047309970481,0.002973996683371357
302,0.05763495836120877,0.6787298104440764,0.0009683363671423717,0.2596714412224457,0.0029954536051267295
303,0.10865500802558894,0.7365953423979394,0.0007174506592679423,0.15006960431365488,0.003962594603548847
304,0.11824559880250096,0.6737516998588954,0.0003618415199996299,0.2036992436283456,0.003941616190258406
305,0.1013410940442669,0.5929950238790654,0.0005876372529434424,0.3021672141264238,0.002909030697300496
306,0.17373061127365585,0.5616526357051458,0.0010524581583946074,0.25791506748877374,0.005649227374030134
307,0.1407328822957172,0.6884284861143948,0.0003499922114529583,0.16736107222868518,0.0031275671497499034
308,0.06066455646164,0.8928588469637411,0.008407914769270592,0.02961829642940642,0.00845038537594166
309,0.12108879435863126,0.8205709964481088,0.004751886301804946,0.02774169749785807,0.025846625393596955
310,0.07606099116381432,0.894148400892347,0.001832201081256426,0.01718523122124989,0.010773175641332415
311,0.1356476539197979,0.817920532278444,0.001882862337467724,0.03992231352458558,0.004626637939704722
312,0.03023016514794726,0.957284987068525,0.0007051683203021182,0.010916051074892947,0.000863628388332518
313,0.037644788117291904,0.8957631654559632,0.0014683749560470936,0.06391992047343834,0.001203750997259555
314,0.05780130499764015,0.8801332037631274,0.0017393966605704029,0.0583248539414591,0.0020012406372028977
315,0.06572480948875203,0.8410916327516734,0.0010736327985955369,0.09042985796863884,0.00168006699234006
316,0.07790226128225629,0.8429464307398307,0.0021572836536969437,0.07432794487831755,0.002666079445898552
317,0.035274370294417094,0.954392397941916,0.0022122316844237926,0.006583812607231679,0.0015371874720113917
318,0.04937217068069689,0.934384052972996,0.0012995290531618725,0.013568102848457749,0.0013761444446875211
319,0.04887962594839235,0.9393989361908034,0.0017799030985592304,0.007098996612182822,0.0028425381500620547
320,0.019693837693329566,0.9626066868969342,0.011246373511090877,0.0033772442101825365,0.003075857688462867
321,0.07626282483372031,0.3458338989412098,0.024537956770122837,0.0027931040912541416,0.5505722153636929
322,0.039789068131670435,0.9474170155201237,0.0026008455913813983,0.0010226181021485315,0.00917045265467607
323,0.038255279542775654,0.9512207465530662,0.0029878451916427926,0.0015020322982323819,0.0060340964142829665
324,0.07105968542864137,0.9207700872482181,0.0023680007850311793,0.002026343861074051,0.0037758826770352525
325,0.08649573589185,0.9005213127856367,0.0013770920659103509,0.010082968601300186,0.0015228906553027017
326,0.03018416189625719,0.9492673515806498,0.011581794190536954,0.004014104218530636,0.004952588114025526
327,0.03335838738656622,0.9576574649108524,0.0018251865110333156,0.005551238275906735,0.0016077229156413514
328,0.026523261352277557,0.9598014728534247,0.00129422934029845,0.01127796959049548,0.0011030668635039103
329,0.059192718488830565,0.9237653677859963,0.00094832724712091,0.014980998382953949,0.0011125880950984383
330,0.04096411300083413,0.9443893862774184,0.0005324716994891417,0.013128279461296133,0.0009857495609621781
331,0.026661500088724567,0.9673258346323045,0.0017897106101313642,0.003398035202285691,0.0008249194665537751
332,0.09369510557514465,0.8936070097937089,0.0027162240842240858,0.006906274528778359,0.0030753860181440677
333,0.05426595046112123,0.9286079944763709,0.0068818290514829645,0.006974462144694739,0.00326976386633008
334,0.03121140152048056,0.9587489131939815,0.005684956784117615,0.0030933880346700445,0.0012613404667505333
335,0.03298700334430834,0.9383111830225895,0.02155071270636904,0.0023638951625217343,0.00478720576421159
336,0.10967898003993289,0.6945991475018493,0.03801184490598323,0.007204542589094534,0.15050548496314028
337,0.055653078407638,0.9162069045214559,0.010247548448130563,0.002928969124102824,0.014963499498672522
338,0.06944103043575985,0.8917014700944985,0.010395150525968545,0.003738365497842142,0.024723983445931037
339,0.0399190806704845,0.9216698108089262,0.02822145995893225,0.0015922809724872905,0.008597367589169734
340,0.019544618648215283,0.9507087029659581,0.025221939300506705,0.0008282082354972217,0.0036965308498228913
341,0.035430348581585516,0.6570984105360737,0.2589170254493316,0.0019249425547879305,0.04662927287822128
342,0.0439111779983546,0.9114433788570873,0.0308571522313702,0.0015266449014954475,0.012261646011692336
343,0.053571327561826386,0.9391514595301289,0.003089360813797814,0.001530224338483423,0.0026576277557635634
344,0.02503755830976603,0.3528783950859353,0.008047770344708246,0.001598515190675708,0.6124377610689148
345,0.3767544990808449,0.5996037129349163,0.0017326175549688665,0.006288805855450765,0.01562036457381923
346,0.042522833114953716,0.9435850664818481,0.007121207212324998,0.0010274952707295313,0.0057433979201433165
347,0.23055090128709624,0.7511021826354561,0.011148790273137053,0.002027270382687171,0.005170855421623423
348,0.01749064326955247,0.9715359358699251,0.008391012934586502,0.0012263013974992566,0.0013561065284366173
349,0.05070338442754138,0.9346920523717944,0.003982730116870743,0.0027266656759565946,0.00789516740783682
350,0.02332008383185594,0.9590624083557548,0.008705943993796194,0.0015445377193974796,0.007367026099195718
351,0.06379337313923307,0.9217240258844681,0.0041328382366791275,0.004366303058917278,0.005983459680702493
352,0.07865500022675105,0.9005051709782388,0.008409114501744022,0.007914734437281603,0.004515979855984782
353,0.019017103276146294,0.9695004263403875,0.004052890258026428,0.003341621245478431,0.004087958879961583
354,0.03617798021750849,0.9503871237214722,0.004075619762866365,0.007688596159199863,0.001670680138953148
355,0.036471154320679405,0.9485237910369831,0.002929634418499223,0.010674718060633812,0.0014007021632044508
356,0.00883187978517426,0.9720004103650153,0.009216985241368525,0.008450327305701064,0.0015003973027407184
357,0.012167550929338257,0.9782936079372527,0.001952393685762276,0.006822172647626533,0.0007642748000201777
358,0.012337017717550434,0.966509154510392,0.012092661539597142,0.007012674874918223,0.002048491357542136
359,0.02540397320928815,0.9670109170679307,0.0030741194121351495,0.003143838217410788,0.0013671520932350988
360,0.022356843845080375,0.9653761647882307,0.006596493778835833,0.004172747911005237,0.001497749676847974
361,0.026757159873070206,0.9559900253595752,0.010843928049157082,0.004185048089161216,0.0022238386290361505
362,0.0061931118620348795,0.9750136738259423,0.015855119927243613,0.001942425461333361,0.0009956689234458067
363,0.011169669063787321,0.9488082366564092,0.03686545719656194,0.001641889865110206,0.0015147472181313872
364,0.003126145640305699,0.9277438322008672,0.0669263984865049,0.0010237688645423567,0.001179854807779864
365,0.004244474437475009,0.8926179899087379,0.09903447495098147,0.002552769032004014,0.0015502916708016736
366,0.004941066948702063,0.9337380348432165,0.056606994341711736,0.0031599347270271066,0.0015539691393424934
367,0.004014355509359901,0.8994920182021735,0.09291232003607876,0.0019114771519648198,0.00166982910042302
368,0.00391532336743741,0.9245624092074995,0.06633895048889371,0.0026385520073812776,0.0025447649287879395
369,0.0087185727168691,0.9717522071852369,0.016327631985844464,0.00211682859334711,0.001084759518702479
370,0.005350949980917007,0.9501141652029454,0.041204467003402155,0.0016114714260629251,0.001718946386672285
371,0.027190374347352903,0.9012269882844801,0.04006120479779391,0.001287756549305641,0.030233676021067225
372,0.014096374624399851,0.9717780885046594,0.009851639828647705,0.0008587355176873887,0.0034151615246058578
373,0.01785464940491223,0.9639509722472132,0.014484309189144702,0.0017806122383089863,0.0019294569204209024
374,0.028610976984914632,0.9644691427518792,0.0046318767843006835,0.0009660044163357353,0.0013219990625696957
375,0.011494014963545005,0.9804779152875556,0.0063038153319824606,0.0009383261214132169,0.0007859282955037171
