epoch,N1,N2,N3,R,W
0,0.0013708083585571487,0.0004473212461133531,2.3019743650196044e-06,3.267834322197302e-05,0.9981468900777425
1,0.0015192149667878152,0.00016796016199183185,2.432076178848032e-06,0.00043619941790631184,0.9978741933771351
2,0.0013698514239448383,0.00015448226509799323,3.1257941466637036e-06,4.353772971846164e-05,0.9984290027870921
3,0.007399100160437848,0.00045273976886149917,1.0074323814465263e-05,0.00010486644683288018,0.9920332193000532
4,0.0011214009519416746,0.00010053785079764635,2.8176224969036548e-06,2.6824442429663238e-05,0.998748419132334
5,0.15243887236959447,0.0036631930921991016,1.5773438196932183e-05,0.000506607238288417,0.8433755538617211
6,0.26363740319950496,0.03195926939046193,4.0206884355318564e-05,0.0013108418381453848,0.7030522786875325
7,0.0978737753162918,0.06184757643363195,6.552094563373795e-05,0.0011235489419873248,0.8390895783624551
8,0.0007551781576740211,0.001040660656607687,8.371999684749865e-06,0.0014132088066462945,0.9967825803793872
9,0.06755523987392034,0.0034139199958216682,1.657708073479307e-05,0.0006635197089858684,0.9283507433405372
10,0.6420734828306086,0.12923323690696967,0.0005633757935621523,0.002952048249858367,0.22517785621900113
11,0.7173993213827489,0.2369239309918364,0.00377621047967081,0.0009076588121154728,0.04099287833362861
12,0.15927902826104381,0.7778313189554997,0.0037541899020114896,0.0007633744514363474,0.05837208843000863
13,0.12160177844298674,0.8411846517755752,0.009084191493251268,0.0005150654393465486,0.027614312848840143
14,0.03658740067578554,0.9052625629762862,0.034780115651367426,0.0004332807842099266,0.022936639912351047
15,0.0666675987251071,0.8793214752063727,0.01240066039392092,0.0013716299088720747,0.04023863576572715
16,0.04377898019817229,0.8438063694544006,0.07083077804545289,0.00047798269723804725,0.04110588960473629
17,0.06258345838311893,0.8960048204307953,0.021179116712265616,0.0007177980408460283,0.019514806432974156
18,0.040616843656289044,0.8864128878845293,0.05202645364611636,0.0005838355851268251,0.020359979227938176
19,0.023880293149656943,0.7788019331665,0.17479472273009639,0.0005079525833838928,0.02201509837036274
20,0.025685257824534295,0.48194956629474106,0.4214616895630778,0.0010044929902225312,0.0698989933274243
21,0.02485795206018211,0.4859813725801073,0.21795945519262092,0.002794147959715959,0.26840707220737375
22,0.01283489137807461,0.32959281821086045,0.3844806966986226,0.001010609662494073,0.27208098404994835
23,0.007608342230621931,0.008794323281839822,9.380460326600251e-05,0.0010710835958164366,0.9824324462884559
24,0.00015020691533949594,0.0002870692036143578,5.624248458581273e-06,0.00013320774450296182,0.9994238918880846
25,0.00024338465602967245,0.0001244483198433572,4.709725826541593e-06,0.00015819199633373003,0.9994692653019667
26,0.0004325786503636446,0.00028655886864286696,1.201368932129023e-05,0.00024842755735223355,0.9990204212343199
27,0.006090441211430591,0.0001345892255357519,5.800822394975311e-06,0.0001407833577846801,0.993628385382854
28,0.009671093547818102,0.0006713997027754317,1.250965966219451e-05,0.00027230112896869675,0.9893726959607756
29,0.0014082975017487914,0.0001930002383881486,2.8002485438514162e-06,8.338494255412854e-05,0.9983125170687651
30,0.0041834875517984815,0.000298473668305593,1.0668123828044813e-05,8.621710450562025e-05,0.9954211535515621
31,0.0033140969885884553,0.0001572261011498033,6.23723766724815e-06,5.669428421063332e-05,0.9964657453883837
32,0.002191011356399824,0.0001062506313732948,7.069041393991105e-06,8.153934626650927e-05,0.9976141296245664
33,0.0011837030271445899,0.0001267157627976603,6.730460022981379e-06,0.00012374690643653287,0.9985591038435981
34,0.0028250163261342646,0.00017749217655974392,1.2669310620007738e-05,0.00024219403256628218,0.9967426281541197
35,0.0014597206411600281,0.0003637195594305151,1.8072959800372486e-05,0.00014563379068646386,0.9980128530489225
36,0.010536533285653885,0.00040435301182546155,1.7026743895211035e-05,0.00030196398436998075,0.9887401229742555
37,0.0019491687398973346,0.0002059251049014086,6.459407747378125e-06,0.00011323338928346213,0.9977252133581705
38,0.004409111185510666,0.0004550609641517005,1.5281276943911033e-05,0.0001969942460483963,0.9949235523273453
39,0.004864725242980975,0.00043273561904414565,7.769362487682797e-06,4.7209069427906e-05,0.9946475607060594
40,0.0037331568805726973,0.0003058754847041428,1.0366971272902015e-05,6.863303495635616e-05,0.9958819676284939
41,0.004054320347868634,0.00032519496153153013,7.118333769708649e-06,6.17132004080024e-05,0.9955516531564221
42,0.0018310919185509501,0.00028549257054135123,7.466225209747376e-06,7.597166799039976e-05,0.9977999776177074
43,0.01861211839994477,0.0004841912528327599,1.772961826323462e-05,0.00012400182031305958,0.9807619589086463
44,0.05163430747200472,0.0013090792367569373,1.3416429335387729e-05,0.0003223616344231278,0.9467208352274797
45,0.001487868408732499,0.0002792466133547595,9.138551322444215e-06,9.604581556317742e-05,0.9981277006110271
46,0.08569705091523616,0.00151049846863312,2.8467336956543373e-05,0.0009042190239709035,0.9118597642552032
47,0.3066417719303103,0.004763272820453245,1.1513905225306629e-05,0.0012704423142863724,0.6873129990297249
48,0.7320481352989598,0.03479757530469707,5.9224986247390465e-05,0.0027773177753548702,0.2303177466347408
49,0.41002051958643637,0.1510021878217257,0.0011690213461292413,0.004790328359549366,0.43301794288615914
50,0.29654319465837153,0.604560844692121,0.001641631632692974,0.026372888301602965,0.07088144071521146
51,0.1493913948107961,0.8043205339462031,0.00488357989333685,0.014198622988887731,0.027205868360776157
52,0.10203460023941946,0.8613133981706351,0.002564759423933066,0.0024249524564583323,0.03166228970955404
53,0.09554480308029406,0.8797157060304595,0.004878409032740493,0.0017878785634951743,0.01807320329301089
54,0.060135964445589024,0.885373494475298,0.02317412775638213,0.0004899480347616931,0.030826465287969094
55,0.05184546598991379,0.891559851379134,0.04712698921871783,0.0004395752127847243,0.009028118199449773
56,0.04847695280335143,0.8260924307249924,0.11369539221501007,0.000413443504993107,0.011321780751652697
57,0.03212622397501208,0.7013423144238864,0.2534494774030833,0.00035125315201191347,0.012730731046006343
58,0.020675891588359648,0.37151176361390437,0.5960439433246677,0.00020241583672077871,0.0115659856363475
59,0.018508513030565273,0.7288441728490757,0.24541674917154474,0.00031056506715782146,0.006919999881656601
60,0.010983434600283296,0.32331286549701654,0.6565246700715814,0.0001517806900574925,0.00902724914106124
61,0.004075281335391305,0.19477640068330163,0.794698007185161,0.00016488443649715574,0.006285426359648737
62,0.0012029824797859102,0.35398436521494553,0.6401768263971306,0.00011903350159012487,0.004516792406547821
63,0.0008686758477054387,0.22993667929370268,0.7632145031914407,9.738489005384893e-05,0.005882756777097288
64,0.002668393798965659,0.1354626179653984,0.8545908833126122,0.00015953036655484546,0.007118574556468836
65,0.001501231225792584,0.1569902184527893,0.8360629572518704,0.00014719183641482008,0.005298401233132793
66,0.0022288261559005327,0.2496055118875953,0.737901033844683,0.0003186156684593519,0.009946012443361909
67,0.0017249050375000039,0.17858554752614827,0.8123359155714378,0.00018691495255558657,0.007166716912358352
68,0.0031876179638895903,0.23577480618996272,0.7506660588095329,0.0003263973920216515,0.010045119644593339
69,0.09294565034327806,0.8558173036418785,0.021631883850303513,0.0007726039214647052,0.028832558243075297
70,0.010004014162218418,0.3137064121783887,0.6625465111859085,0.00020258343937234758,0.013540479034112166
71,0.012752534068117003,0.39524891203323176,0.5793287690741397,0.00018771779134374707,0.01248206703316793
72,0.009614240853374149,0.2297175185619286,0.7517927449908284,0.00010888513499807547,0.008766610458870757
73,0.0014093998856077837,0.08608420171510292,0.9086102401969285,5.297534438535444e-05,0.0038431828579754126
74,0.0013882800963409294,0.23716865365861595,0.753995576831139,9.987287195890239e-05,0.007347616541945193
75,0.0040708481030441,0.2991669780933487,0.6651182671878931,0.0001304090493142489,0.0315134975663998
76,0.0027415411075887336,0.17931052015084786,0.8098962467994518,0.0002149997097004627,0.007836692232410904
77,0.003821999351120401,0.06320792312818885,0.9217110596880989,0.00010556456727154096,0.011153453265320183
78,0.0030825959522810544,0.1012671043407054,0.8916677588512333,7.384896482920256e-05,0.003908691890951041
79,0.002311006526789171,0.0893546865795551,0.9035723036076185,3.317508247461654e-05,0.004728828203562475
80,0.0015670941709575177,0.06740626336612436,0.9278112095156295,3.6231141624266506e-05,0.003179201805664435
81,0.002088315178094972,0.14851508012793543,0.8418000387494574,9.374027032126294e-05,0.007502825674190904
82,0.000845485166664372,0.16880413035739716,0.8268144034363778,5.538909492659094e-05,0.0034805919446340783
83,0.0005397094237956926,0.08413863390021839,0.9124397305255646,4.1336851985566934e-05,0.002840589298435809
84,0.0012083425279622172,0.19477658888971777,0.7995941462874026,8.139249073709348e-05,0.004339529804180377
85,0.005201456841139626,0.15674712036698998,0.8170132142026305,0.00028564338656243704,0.020752565202677476
86,0.014817701834657788,0.6512182576923496,0.3047994968530605,0.0009618891449357088,0.02820265447499617
87,0.024883558703985398,0.6184617590544349,0.3325588558813022,0.0014998960642638563,0.0225959302960136
88,0.009143728595071596,0.43635808636205287,0.5432043423108016,0.0003445896832435047,0.010949253048830295
89,0.006856935174251885,0.2405281778696672,0.7485520936143056,9.488682335991681e-05,0.0039679065184153
90,0.0026792574061716293,0.09788717872796503,0.8941515969095605,0.0001557513835689438,0.005126215572733888
91,0.001322986613665979,0.10867427133847157,0.8859943982087481,0.0001437604987364504,0.0038645833403778244
92,0.0018621288327950322,0.13498460719467018,0.85456184626055,0.00010069087658757614,0.008490726835397163
93,0.0021606662958019215,0.4081942127254139,0.5823390242690649,0.00019411445818065174,0.007111982251538629
94,0.0003056128535494795,0.05894549382207016,0.9394310278265767,1.1866605997835843e-05,0.0013059988918057931
95,0.0011082081237592269,0.10212564289195222,0.8939104904406131,3.374689045400078e-05,0.0028219116532214143
96,0.00046921236390148527,0.14368256476387592,0.8534696697713103,2.6152449991256584e-05,0.0023524006509210178
97,0.0003489725928504537,0.06818842770822149,0.9293644869227841,2.5152551030447988e-05,0.0020729602251136716
98,0.0003837279454290612,0.04211621192306072,0.956069362615829,1.364027596143438e-05,0.0014170572397197965
99,0.00033087417787379684,0.028791961864432142,0.9698409145341284,1.0692370667840805e-05,0.0010255570528978528
100,0.00016997077163312995,0.014072847008591616,0.9841999387440041,8.789951370157513e-06,0.001548453524401007
101,0.00015075121464656365,0.018689558587247246,0.9803381012794746,1.1936903398130473e-05,0.0008096520152333104
102,0.0001510159181943633,0.015397578771210584,0.9834999900847513,3.8801640589521036e-06,0.0009475350617849543
103,0.00016650640971715812,0.023831764058666934,0.9748067043289028,6.637521200508161e-06,0.001188387681512398
104,0.0002216291076254222,0.02690839901847646,0.9711630211729936,1.1283338306167679e-05,0.0016956673625983735
105,0.000390982382248527,0.03071815425919398,0.9673391732938524,8.436551889848554e-06,0.0015432535128153111
106,0.000629561603215686,0.03540968482418797,0.9571576823717176,2.9074109141313327e-05,0.0067739970917373915
107,0.0006504351434451386,0.01974436233461277,0.9778354475010282,1.2349930765688393e-05,0.0017574050901483108
108,0.0006474239924907323,0.0315322656572519,0.9654315332704475,2.0010582883795436e-05,0.002368766496926126
109,0.0008918683722665204,0.051347648238852656,0.9456892960265812,1.2685816375741136e-05,0.0020585015459239227
110,0.00014597705203878454,0.011029231196325257,0.9877677005257313,8.460567439241162e-06,0.0010486306584654799
111,0.001572734442254603,0.04120804499948369,0.9527727149471298,5.223188844671404e-05,0.004394273722685139
112,0.0006549696495821066,0.01669352912153933,0.9806127643803073,2.4458968256943274e-05,0.002014277880314471
113,0.0008545241776618195,0.017587158802758948,0.9781620131120403,5.4481593088102e-05,0.0033418223144507423
114,0.00238331704610635,0.10147092423985046,0.8875568302649424,0.00018590303261801984,0.008403025416482735
115,0.039175425542145655,0.2585579429078302,0.6241839053328304,0.0016042915089173099,0.07647843470827635
116,0.05230141488349756,0.6729693189909682,0.14210793369848385,0.0023433678022167863,0.1302779646248336
117,0.02953989098737304,0.6417835691899826,0.3106797957327584,0.000890025750773567,0.017106718339112332
118,0.02904637058068204,0.5493451397030769,0.40561279253156396,0.0006199111078665418,0.015375786076810572
119,0.09744196011587401,0.8406128442603945,0.04660629744514966,0.0012662845082982946,0.014072613670283465
120,0.019349077805489286,0.8501296162932597,0.12358898029902388,0.0006213541246305874,0.006310971477596766
121,0.012713603397669583,0.507577277167641,0.47465697604889096,0.000595128395299974,0.00445701499049836
122,0.006782257731177063,0.7711922869703253,0.2181030265508061,0.0004522040530417129,0.0034702246946498377
123,0.012663444194389875,0.2369138026972745,0.7437174304089025,0.001127554930039537,0.005577767769393576
124,0.02080126247442956,0.4715059491325352,0.4871601342108869,0.0020567013210904587,0.018475952861057732
125,0.04838918276923738,0.806875766560355,0.04994894694274997,0.0320768487465169,0.0627092549811409
126,0.0692970695242266,0.8461254240583017,0.01799421690027346,0.04326079192354189,0.023322497593656358
127,0.03304852755749535,0.8862152559919544,0.013064062366562637,0.025470178282332542,0.04220197580165482
128,0.06403946389501658,0.7733859347459988,0.007525528526658001,0.13894704206111747,0.016102030771209135
129,0.06628455876804096,0.35149128279453745,0.0025828533569613515,0.5530533750722875,0.02658793000817279
130,0.12253035366137974,0.2090686128597807,0.00042742594643458055,0.6431052551072574,0.024868352425147622
131,0.10637063260928242,0.2932577544754874,0.0006985062692882437,0.561304159267447,0.03836894737849494
132,0.13787354066236404,0.29063708751144735,0.0007244827703967639,0.5491170190839054,0.021647869971886478
133,0.26980151184789514,0.11777323016853067,0.0005155116183872752,0.5370482072016775,0.07486153916350935
134,0.24461512210752084,0.17445263511803244,0.0010353525347464375,0.4995540219906388,0.08034286824906157
135,0.26444708843057085,0.3901335611424917,0.0014549292936850346,0.19430938256003333,0.14965503857321907
136,0.13509985209171727,0.09027355720665509,0.000616580774191893,0.11169713749599557,0.6623128724314401
137,0.0017630492871399226,0.007720798185751026,0.0030878535915637466,0.0006932143343423559,0.9867350846012028
138,0.002789293372496121,0.0005178861531367222,2.0626180496659257e-05,0.0006756333523051881,0.9959965609415653
139,0.004836168859975688,0.000382387281186371,8.488298812864083e-06,0.0004502254303966583,0.9943227301296284
140,0.006239148508734456,0.0004995666704391146,5.548126499286821e-06,0.00021173383411100555,0.9930440028602161
141,0.0012068648642511942,0.0003261750432950307,1.8938562670041938e-05,0.00045383124613963724,0.9979941902836442
142,0.0034690139884925504,0.0006738298967866874,2.6480447300429972e-05,0.0008892975747260626,0.9949413780926943
143,0.0004910224145249909,0.00024718453926205614,4.0580172407171894e-05,0.0002844753569580483,0.9989367375168478
144,0.0012653487007601447,0.0005566107345044405,7.580345705250812e-05,0.0013307501159205695,0.9967714869917624
145,0.0022006225142097912,0.0007125256369522509,0.00013744855415952814,0.0036914463743380043,0.9932579569203404
146,0.007308011709281144,0.0010404238558764669,0.00010597175875840666,0.005914568356708387,0.9856310243193757
147,0.001077875971722308,0.0003611670019795971,2.4833353084197138e-05,0.0010103252482276395,0.9975257984249863
148,0.001566557925357172,0.0004436384946923548,3.1776815293572524e-05,0.0008935084959492928,0.9970645182687077
149,0.0033672146179434662,0.0004390131839021787,2.4379538703618573e-05,0.0010895675713767123,0.995079825088074
150,0.11653311639223371,0.008009186345919309,7.047336194232109e-05,0.011348528600263908,0.8640386952996408
151,0.033377703354062385,0.003164780542983114,2.413135395934719e-05,0.005296759439516864,0.9581366253094784
152,0.09602343937221176,0.008366336438515356,3.738039720801112e-05,0.023156974922309323,0.8724158688697555
153,0.43255706533835175,0.0655766520638692,9.18978128211893e-05,0.06539618326739643,0.43637820151756135
154,0.2872834821098375,0.29838085185859076,0.0005907499155539462,0.17288766603155867,0.2408572500844591
155,0.0045883970125567865,0.0010980138138829232,7.71439127756659e-06,0.0038907129304715077,0.9904151618518112
156,0.4936130713511391,0.07797103303754545,8.979217247901008e-05,0.2740547472833465,0.15427135615549006
157,0.2961741002117511,0.2926058945020599,0.0002379709515569578,0.3199553821671605,0.09102665216747151
158,0.20648403598778292,0.4148979474443393,0.0009825807828822465,0.21594696768806995,0.16168846809692544
159,0.12519649438847585,0.30435211765280334,0.001156000303548124,0.5163530603347577,0.05294232732041486
160,0.15449332021961465,0.0602726549279471,7.630970762608502e-05,0.5721093029989474,0.2130484121458647
161,0.34280041782618226,0.1563103904539673,3.812359483001466e-05,0.44144201794669213,0.05940905017832823
162,0.15570564431016376,0.5173351266052821,0.0006647159581209236,0.2394885913804354,0.08680592174599785
163,0.2934444617051214,0.39028403546151363,0.0006109896374636878,0.29268037260106194,0.02298014059483938
164,0.11740775717655588,0.43432760324858694,0.00037817132828109774,0.42443894229730134,0.023447525949274864
165,0.10962255424619906,0.4857426859042357,0.00024433721668195386,0.3723121756088055,0.03207824702407779
166,0.10766461475509975,0.7181606375357357,0.0018816450513270992,0.13305742048179875,0.03923568217603882
167,0.06095229377930229,0.8267439134909389,0.0007272030584151223,0.09671961373809809,0.01485697593324577
168,0.07668171705436228,0.809308024751857,0.0008922750811527919,0.09478922841408013,0.018328754698547788
169,0.06461213804286034,0.8360553389511581,0.0019035026193438703,0.08720231383079521,0.010226706555842669
170,0.17232839319276044,0.6370594380374812,0.0012928942819411791,0.1765943258543717,0.012724948633445551
171,0.05306461383999502,0.8875258753642006,0.013862486704907025,0.04138047830383012,0.004166545787067205
172,0.15875711277122548,0.7012800281142364,0.0023511205079633866,0.12682398725465427,0.010787751351920533
173,0.09755741974884868,0.8119501437334323,0.009432893804759567,0.07624757259129783,0.004811970121661651
174,0.08411773125847581,0.8398978421531058,0.007418253907103688,0.06369671936708947,0.004869453314225122
175,0.02594920912884508,0.8932043160775406,0.06139049089406663,0.01722693511547199,0.0022290487840758186
176,0.11024786422102512,0.8571020465691154,0.010115357189893244,0.01212006384221885,0.010414668177747114
177,0.03478354817685513,0.8886369549653205,0.06596842732165224,0.004769494273668292,0.005841575262503778
178,0.054661058024531695,0.8962776290121125,0.037794695698954946,0.005851557525210218,0.005415059739190657
179,0.038866005238861114,0.9249578006628454,0.028852990488069184,0.003758473395937302,0.0035647302142869266
180,0.009693605556701455,0.6998724871458695,0.28665016375249175,0.0012149972306191206,0.002568746314318065
181,0.003302130473244613,0.3040498100934734,0.6896871468501136,0.00042802974849951315,0.0025328828346688915
182,0.008306400566746171,0.5145104488116464,0.4695473858551521,0.0031019810489819415,0.00453378371747352
183,0.005076238369000257,0.7972308113985083,0.18918796559770965,0.0018776380397777042,0.006627346595004225
184,0.03163771254395383,0.8800755197756059,0.08066805757106961,0.0033694803445391175,0.004249229764831337
185,0.004549329755547254,0.5231928574354588,0.4676693432922797,0.0009184892657830616,0.0036699802509311524
186,0.009333257969390892,0.778479582236521,0.20350279623928783,0.002600290200399479,0.00608407335440094
187,0.008162592325996724,0.447555175321111,0.5383004049224863,0.0016857477233678127,0.004296079707038114
188,0.01809855853639662,0.6254079574824472,0.3407119554422514,0.007672063224114281,0.008109465314790535
189,0.00711795011886088,0.7603029824029851,0.2224329373605205,0.005123596019556322,0.005022534098077044
190,0.009141329042758209,0.37943052923484566,0.597941381008342,0.006744714304620679,0.006742046409433364
191,0.2275172045905048,0.31690821755989007,0.0020681059371886992,0.035165639039669926,0.4183408328727465
192,0.3134041001788594,0.6056301990640093,0.002925669010218461,0.02694433896807692,0.05109569277883598
193,0.3806377887323054,0.575632623572601,0.0030657563218320764,0.006736418348784311,0.033927413024477125
194,0.1357809641275895,0.8443940193122449,0.010705045724619864,0.0020489469158954765,0.007071023919650025
195,0.10914335345678404,0.8764678621725764,0.0029905049678335773,0.006221146901743678,0.0051771325010621936
196,0.10094875061114127,0.8696097229276878,0.012435962473539843,0.009372901759542543,0.007632662228088574
197,0.07698959387666933,0.8551980153376196,0.05499006915033646,0.004361167688668587,0.008461153946705895
198,0.10831631320094179,0.8424250646430711,0.01093361586460845,0.029152260368874545,0.009172745922504274
199,0.03188069402021885,0.8892047474061432,0.06814794048182159,0.005245872741745981,0.005520745350070301
200,0.019228021568792237,0.8370377720770794,0.13298451672597067,0.004490148711050884,0.006259540917106926
201,0.029275561626191857,0.7851949050543429,0.17686582770597165,0.0031583583213943924,0.005505347292099395
202,0.01744642445684208,0.837291079242766,0.1337241578125014,0.005771129910611125,0.005767208577279392
203,0.014737576264045638,0.787762887652757,0.18245601996369123,0.004875084095808505,0.010168432023697625
204,0.019729650200346175,0.8871899174405604,0.0734984409632398,0.012075469605155206,0.007506521790698572
205,0.06364163960802141,0.8309498084455152,0.017188773707633834,0.07241115431197957,0.01580862392684975
206,0.021539194497996676,0.850147077312398,0.09111552869734661,0.024611699873321794,0.012586499618936922
207,0.11589407969818524,0.7990110796512803,0.014990433384181667,0.055669951486699024,0.014434455779653682
208,0.035954835767459996,0.7114918188787829,0.2092440061027714,0.027782592431700927,0.015526746819284716
209,0.22397147944800672,0.39336662261742095,0.007666533239752918,0.0954104959418969,0.27958486875292254
210,0.03713439262991196,0.011355288571843003,0.00017576970682081446,0.019840474570522782,0.9314940745209015
211,0.34963452855816984,0.07206958411722476,0.00020121257296329,0.03638574291681638,0.5417089318348257
212,0.764843099808495,0.19071116073096783,0.0009603014879179906,0.019398024339324697,0.024087413633294485
213,0.34837224261696,0.5911311428193552,0.0021387601529914194,0.025724084341173882,0.032633770069519535
214,0.2145055465089985,0.6857350607860158,0.006646717287860378,0.06861874894302322,0.024493926474102173
215,0.0657602885188079,0.7264377674250587,0.002168271959241238,0.1856464628335358,0.019987209263356318
216,0.12886446811945837,0.418209679205548,0.0007142678918339799,0.4135740564019146,0.038637528381245054
217,0.038323024189286334,0.8875981802722644,0.028959507863708066,0.037828535745517006,0.007290751929224149
218,0.10133749053267732,0.6540601961922038,0.004917137505896671,0.2079546918921161,0.031730483877106204
219,0.2243044160018615,0.6223440262064457,0.007218459097514153,0.07407964298473745,0.07205345570944116
220,0.35196549856003506,0.46983680519715026,0.0003945208392858098,0.14446956531234162,0.03333361009118716
221,0.10398860457046431,0.8679357062484104,0.0018624181252076073,0.018038237443075197,0.00817503361284254
222,0.11844967152950205,0.8343650862879942,0.0021151581284176674,0.038002344535446,0.007067739518639931
223,0.07963776791468219,0.8717636344930159,0.027532302068138812,0.016308798255993025,0.004757497268170062
224,0.09162906666939868,0.8289086910844726,0.008907329399758543,0.06460620540476975,0.00594870744160042
225,0.061826816382489,0.8859521363802527,0.01585730105539164,0.026741754942944868,0.009621991238921693
226,0.08903376958770098,0.8737163501224089,0.004813578915270517,0.02652603406836199,0.0059102673062575335
227,0.06857338112241065,0.8675099281897318,0.04469891539275445,0.007046676377213358,0.012171098917889553
228,0.01626693982110774,0.8709467428391112,0.10810349311286566,0.0023226256050323173,0.002360198621883008
229,0.05113655207741616,0.8810897949536738,0.05755813045388365,0.004724345958883707,0.005491176556142569
230,0.03512105603715972,0.8262648379963208,0.1237746842109982,0.005163985764028317,0.009675435991493009
231,0.03891915161705752,0.8487589816594614,0.10010418700369245,0.005867258685740489,0.00635042103404823
232,0.07320325472230661,0.8576862085310605,0.06011338667993802,0.0024286292890236035,0.006568520777671299
233,0.01350602528617347,0.8686677490926208,0.1133445811428011,0.0021765017293386138,0.0023051427490658545
234,0.03836467759451086,0.8911200941609779,0.06179498731780498,0.003357073406948806,0.005363167519757497
235,0.009189308310225484,0.8017156201850527,0.18374868603369582,0.0014295287457521688,0.003916856725273885
236,0.01714927463309034,0.8112666217964829,0.1633923763415308,0.0029387206364153515,0.005253006592480613
237,0.04391160123435707,0.7939021855152879,0.13505484473205248,0.004087115329517025,0.02304425318878561
238,0.031066426199634276,0.9156356126667384,0.04511482806401631,0.002497788628016682,0.005685344441594315
239,0.019828409717242583,0.8519430409248301,0.12256816384700778,0.0014942760797073983,0.004166109431212181
240,0.015770272818208243,0.9296580800380196,0.04750867379374275,0.0019546990058709017,0.005108274344158472
241,0.00912116961050016,0.7690157174827763,0.21591736134926093,0.001150127979437634,0.004795623578025171
242,0.01483769112509256,0.4894991089084308,0.4904106728976275,0.0013244729718238817,0.0039280540970251755
243,0.04319506399221024,0.8726864771034125,0.0746967390426498,0.003189818112139041,0.006231901749588584
244,0.0032476159880011407,0.4507147662998874,0.5443865589407643,0.0002499002491070744,0.0014011585222401884
245,0.020372549200195034,0.8455354693268805,0.12710633405019459,0.002061128438135652,0.00492451898459432
246,0.007184810241208279,0.7673785463882768,0.2201872648518611,0.0007814579060490702,0.004467920612604765
247,0.005903690661987099,0.5838699440373143,0.4073960320849704,0.0006421018490005859,0.0021882313667278136
248,0.004118406470142509,0.6686757946414188,0.3242486713531842,0.0006352303470254133,0.0023218971882291812
249,0.02722652319149171,0.5820927763442617,0.38120838609438973,0.002905510330313298,0.006566804039543609
250,0.006003635052257314,0.44386565545437495,0.5442487553993988,0.0010725055511975573,0.004809448542771452
251,0.01996226497850645,0.8904113764266446,0.071711256312582,0.006195505459810653,0.01171959682245649
252,0.01938264744124673,0.7634740200932599,0.188533699430026,0.004620993537955866,0.023988639497511434
253,0.1725231109657251,0.7489114213239817,0.04253439234985814,0.010872785187640437,0.02515829017279467
254,0.474708236914738,0.48453642867173247,0.0020607770483310472,0.016563792835983148,0.022130764529215582
255,0.07945143587568682,0.8887825385738362,0.017962945750477275,0.002399033377178398,0.011404046422821543
256,0.07887296370174926,0.8773896123555114,0.01195060866260163,0.02575473743428164,0.0060320778458561935
257,0.10245990711723064,0.870142766584438,0.004399918187576478,0.0120708744178935,0.010926533692861404
258,0.04310480413553704,0.9153572996834424,0.013402563324221392,0.022406906315364655,0.005728426541434462
259,0.05020766236806189,0.9133963475833331,0.008690548337390705,0.02352278884612761,0.004182652865086603
260,0.015061391019214287,0.9027771169374987,0.06886043549040881,0.008110508669651259,0.005190547883227012
261,0.10296896813882281,0.852060734679066,0.004185850728741801,0.03622387474926076,0.004560571704108858
262,0.027188327046642858,0.9294712387875229,0.026458083154197457,0.013127619784260303,0.003754731227376366
263,0.11234007505749065,0.841211254150181,0.003026752122836454,0.03840172328575657,0.005020195383735345
264,0.0321339650968307,0.8927933705066404,0.061480598035347195,0.00995900738316245,0.0036330589780192014
265,0.04695012289041665,0.9173520248437629,0.01570679332441983,0.015378492517463073,0.004612566423937549
266,0.07957059467481152,0.8894543943797613,0.005338210990269268,0.0218605939659599,0.0037762059891980025
267,0.05244414260773283,0.8611149887266725,0.050420968249002336,0.028775590719814698,0.007244309696777587
268,0.051736801266218706,0.7252738314919321,0.10632180824458973,0.10725919514051925,0.009408363856740156
269,0.038113675172026705,0.4311798661903899,0.37279786922485714,0.14413307835504457,0.01377551105768171
270,0.05681210595988016,0.21430644472584207,0.0030230628097801253,0.6975673045494661,0.0282910819550315
271,0.11620010828120482,0.11481559550476551,0.00022197655010231223,0.6359581472702271,0.13280417239370035
272,0.12137967331389782,0.21484539689033558,0.0004848900566941676,0.6431500112251282,0.020140028513944343
273,0.17295218497408632,0.1408890333076739,0.0006351289404814963,0.5581519392159091,0.1273717135618491
274,0.14404094678489324,0.05571461648848373,0.0001141285618554503,0.7811691716270006,0.01896113653776693
275,0.08396967253514127,0.029162337359286517,8.34727052007263e-05,0.8648441455146575,0.02194037188571388
276,0.10402790489852982,0.01819796048056778,4.720808584057459e-05,0.8267141718835304,0.051012754651531406
277,0.031778937119409906,0.015218010375431216,0.00011895496128014998,0.9477426063348489,0.005141491209029982
278,0.023612006719858386,0.008108912238262427,6.425120818952789e-05,0.9612249799465155,0.006989849887174182
279,0.011357631033101827,0.006030745310114577,5.39473283211916e-05,0.9786233279934733,0.003934348334989028
280,0.014018547256314467,0.004428741778386378,9.53901323084679e-05,0.9665727319174959,0.014884588915494627
281,0.01011751646550959,0.0017235122234405943,3.974146639781404e-05,0.9793112648391259,0.008807965005526101
282,0.010396283918491124,0.0016677625338031325,3.448300525599141e-05,0.9849497542015647,0.002951716340885107
283,0.015484167889794136,0.0021754161954387224,4.7615086610625604e-05,0.9724582402727959,0.009834560555360621
284,0.014960909447130527,0.0029396870794240813,2.6361403472875943e-05,0.975866695160895,0.0062063469090775265
285,0.017705649121854412,0.0043097730944924246,3.29410744985596e-05,0.9673143768065785,0.010637259902576269
286,0.010788287049086697,0.004965328988912656,1.3089368609999176e-05,0.9520043462239528,0.03222894836943779
287,0.008977386516163923,0.002135003327485179,6.433783433489082e-06,0.9854590768629921,0.0034220995099254192
288,0.01594574754042824,0.00856511586936939,2.449295670305071e-05,0.964891578180151,0.010573065453348188
289,0.01966252185847176,0.004246127276841825,1.5509579743142354e-05,0.9674149791955811,0.008660862089362403
290,0.023051715391257156,0.005119564283289733,4.5966752283586275e-05,0.958724279056973,0.013058474516196428
291,0.02385180168671163,0.002373180055443042,4.380326001604389e-05,0.9640324320003594,0.009698782997469948
292,0.009885684670297178,0.004321498704706629,9.844176920361644e-06,0.9741493579569623,0.011633614491113452
293,0.013689359640584334,0.002232119123337938,0.00023383958137402854,0.9187744575944742,0.06507022406022944
294,0.054865111821036885,0.013968201576692606,1.7328068424334165e-05,0.860547608764059,0.07060174976978716
295,0.17600762299247905,0.01959423698222431,3.743748053628046e-05,0.7716732186114789,0.03268748393328135
296,0.27326285741075956,0.1313606147095796,0.0003023517820112518,0.5232575520329329,0.07181662406471674
297,0.21934405031694582,0.05241384626915861,0.00012707328185732107,0.6248689357098575,0.10324609442218077
298,0.2491637444244652,0.15166003021713806,0.00045313169917239116,0.45621327318338184,0.14250982047584249
299,0.15261576817286462,0.09385200394369414,0.0003396304863179087,0.09346000354098084,0.6597325938561425
300,0.007821092932403361,0.013093853640058108,0.000314888563208811,0.008429238510798045,0.9703409263535316
301,0.002511605905753021,0.0039039952728732756,8.197082096481565e-05,0.0031114360402845404,0.9903909919601244
302,0.0023191072604227376,0.0027387642668728527,0.00017154380791401075,0.001083678111072363,0.993686906553718
303,0.0026065589876672723,0.00037485514676810077,5.495800136227529e-06,0.0006971059805810655,0.9963159840848473
304,0.004032119466733817,0.00052090127534021,6.32741193239132e-06,0.0004488569520833416,0.9949917948939102
305,0.005225619553372991,0.0008324505698889351,1.8093272078841747e-05,0.0017394546583878955,0.9921843819462712
306,0.003165639449572424,0.0003056655212041607,1.5156914045793966e-05,0.0009050402421656183,0.995608497873012
307,0.0010721172436226516,0.0003466759854042603,1.4925310723668292e-05,0.0009824010302307957,0.9975838804300187
308,0.01942731709864821,0.0025044692731420086,5.6978823343038335e-05,0.00889066447428671,0.9691205703305801
309,0.024838268993544767,0.004730816616572958,7.36891681092992e-05,0.010203187020695394,0.9601540382010776
310,0.021442122137943543,0.0024337082077122226,2.8399616519695962e-05,0.00855694352330057,0.9675388265145239
311,0.00541312260523842,0.001196210973726593,2.135797713436881e-05,0.0038872755415215736,0.9894820329023791
312,0.04908426243005516,0.007335623463686949,0.00013349242433185386,0.061580525334864265,0.8818660963470618
313,0.0034821352309031845,0.00042650571453015313,1.9388333583640052e-05,0.00663478266188279,0.9894371880591002
314,0.05344934889178031,0.0022715580400331343,2.886234758992261e-05,0.01699238346937847,0.9272578472512182
315,0.28518850602751306,0.09772804527005652,0.0008936402987709194,0.18537513658006072,0.4308146718235988
316,0.3526317560983378,0.09013513268156861,7.103255458353016e-05,0.35386306623813746,0.2032990124273727
317,0.2770089816257296,0.06742788206053935,5.432966864990143e-05,0.612434942204064,0.043073864441017067
318,0.08513875224060928,0.12933910039927685,0.00024056181235945857,0.7766531798050847,0.008628405742669635
319,0.09065228298088272,0.13356843567228072,4.8126712952234e-05,0.6792884341808434,0.09644272045304092
320,0.04087184889188465,0.3116164894303242,0.0003631443598360495,0.6371333265903812,0.01001519072757378
321,0.06278904375896463,0.07121228536846858,5.2508798618114144e-05,0.8583948613418392,0.007551300732109458
322,0.051711750208526086,0.2519388719858154,0.0003158809185424899,0.6849604290053567,0.011073067881759291
323,0.0419355561373044,0.06684910039570675,3.681807503877046e-05,0.8863143498324703,0.004864175559479918
324,0.0495760793603172,0.41790233339567534,0.00038797531362402257,0.5287954123950337,0.0033381995353496973
325,0.09908459681900525,0.09321796021453849,9.535381093687064e-05,0.7709727559374878,0.036629333218031475
326,0.04852809596940208,0.021104760680444815,5.0068698694387864e-05,0.21895864020166533,0.7113584344497933
327,0.41970389447101114,0.27112499403102047,5.251660191074048e-05,0.22523732203786528,0.08388127285819218
328,0.7321572007277448,0.15264544563935303,8.335652673262535e-05,0.07953700548667283,0.0355769916194966
329,0.29348520976786263,0.6211421662068384,0.0005625008579670494,0.0679538127938958,0.01685631037343601
330,0.16695846549141233,0.46953375144257975,0.0009701224816167695,0.3458064583649735,0.01673120221941759
331,0.02582937178926699,0.7944721708194282,0.0010504243713618578,0.17015255862747064,0.008495474392472195
332,0.05700187911937399,0.5766617162453909,0.0006640838064116782,0.33506582834364496,0.030606492485178518
333,0.0561740658538345,0.5284500558228244,0.001922704221067071,0.40321737854487705,0.01023579555739697
334,0.045074064568036275,0.8566792784251969,0.002704129870157996,0.08886076137892328,0.006681765757685766
335,0.05401277921938856,0.8633415273875572,0.0036150285406983894,0.07235253987912534,0.006678124973230423
336,0.0275976342245461,0.9192188801233705,0.004194430137715074,0.04359227344394939,0.005396782070418739
337,0.033725555226898664,0.8896370803240004,0.004384145098889754,0.06914600498708894,0.003107214363122237
338,0.032032866897512086,0.9289836794137976,0.00792459361119874,0.02748696196850807,0.003571898108983611
339,0.016508643177925292,0.9311864966215432,0.03660346957345338,0.013405856165159394,0.0022955344619188184
340,0.026614883048488695,0.9506306788441102,0.011699060773759309,0.007691287390529037,0.003364089943112625
341,0.0375853351144443,0.9333298072850081,0.021826913770971547,0.004591156700227443,0.002666787129348508
342,0.03533243129947271,0.9235522406040193,0.03325558255248292,0.0036184101406455697,0.004241335403379549
343,0.0584325080867465,0.8233639360193555,0.09956639786788207,0.010363443340311236,0.008273714685704741
344,0.015102120908685263,0.7355532883267141,0.2448120698377967,0.00139069399362484,0.003141826933179087
345,0.011171659986624677,0.8497385007291077,0.13345487011707108,0.0010530769847183908,0.004581892182478
346,0.015847571995913447,0.8080190794215263,0.1708596261650875,0.0014587153679294677,0.003815007049543576
347,0.01009961300431786,0.8565496165411886,0.1285509464008467,0.0013774365034714068,0.003422387550175286
348,0.009584508536693084,0.5304007933796353,0.4548960488692685,0.0007921337075271899,0.004326515506875956
349,0.0040574959096125055,0.7084993048988849,0.28336343991781454,0.0005094756426484748,0.00357028363103975
350,0.0019004982152074116,0.4210259548927707,0.575223566687168,0.00017804937327220254,0.0016719308315815582
351,0.0023604112630313903,0.2729445961892784,0.7218516904042971,0.00030214228187241433,0.002541159861520841
352,0.0015216608139766228,0.29655669771289,0.6985942366361956,0.00023446132057846464,0.003092943516359184
353,0.0006248796772283614,0.09859241447041317,0.899565119654435,0.00014922421481553937,0.001068361983107962
354,0.0007853392964160549,0.12458330251448586,0.8732583123336548,9.274107306997266e-05,0.0012803047823733164
355,0.0006415815857313047,0.10175152360114381,0.8965147137412788,4.855300322366285e-05,0.0010436280686226475
356,0.0023380896129758114,0.5780245131173368,0.4148030381702781,0.0003735249151838998,0.00446083418422544
357,0.0003300259095617806,0.0320415284294517,0.9669674829214023,5.630148035627784e-05,0.0006046612592279604
358,0.0007969238248216003,0.10779604250447031,0.8891606719362544,0.00018439166151003,0.002061970072943666
359,0.001202121938847488,0.3551383831669813,0.6410462793730098,0.0002026608695026194,0.002410554651658687
360,0.001302341100221684,0.12692726257937312,0.8700153728218161,0.00011599436818739717,0.0016390291304016556
361,0.000883508055955672,0.26855951312269666,0.7288935349440819,0.00011666282402380685,0.0015467810532419823
362,0.0005533685084285964,0.04744837310058666,0.9510566283304784,6.545896668910535e-05,0.0008761710938174243
363,0.0012698515679864803,0.10680660920716074,0.8894915827700853,0.00011230157372177875,0.0023196548810457017
364,0.0008428310982759828,0.09397834167303623,0.9033496413218237,7.026241888290225e-05,0.0017589234879810455
365,0.00020488557704751567,0.02887570963523746,0.970061393577116,2.2319530839951475e-05,0.0008356916797591098
366,0.001161825306692432,0.13936322912164598,0.8570961558474388,0.0001707799255784954,0.0022080097986444387
367,0.0011882915842071017,0.0680393522144927,0.92947540000907,9.869832671605499e-05,0.001198257865514212
368,0.0003943995875973771,0.01645340865796093,0.9822844384215039,3.8306990758833524e-05,0.0008294463421789403
369,0.0017808203421249905,0.18459362454595918,0.8112014733737263,7.413285503397926e-05,0.0023499488831555124
370,0.0002000038142465788,0.0364363422367086,0.9619248075789688,3.3592513416697855e-05,0.0014052538566593454
371,0.0004484001049816057,0.07484045598980997,0.9225777860125814,4.3008551563373824e-05,0.0020903493410637324
372,0.00015403825304957804,0.025199469546543136,0.9730292496662618,2.5570353735461862e-05,0.0015916721804100644
373,0.0002521373787066051,0.06355617215827625,0.9346280683897243,2.3251798184315217e-05,0.0015403702751084752
374,0.00012189555723483469,0.02385024597087393,0.9751660076302145,2.041771688134714e-05,0.0008414331247952554
