epoch,N1,N2,N3,R,W
0,0.002540516954010374,0.000593434319770657,1.848467095334428e-05,0.00017519489139291683,0.9966723691638727
1,0.002968579614766687,8.63244918621031e-05,1.8816060156979622e-06,0.0001877755321272498,0.9967554387552282
2,0.0003716325819806737,4.31105793538795e-05,9.650068785433393e-06,1.1835061946889124e-05,0.9995637717079332
3,0.002254115180977227,0.0006768516342713244,4.323074012335466e-05,0.00023318461899738156,0.9967926178256308
4,0.0007817281310968444,0.00025512816779220485,6.961509896476849e-06,1.291164351735494e-05,0.9989432705476972
5,0.0007217992899265138,0.0001245957696686346,1.2922663472069816e-05,2.897648939017355e-05,0.9991117057875426
6,0.008222314093935264,0.0010413446943012975,6.685610343206461e-06,0.00019875706935557766,0.9905308985320647
7,0.007941409031667103,0.0003285376421248742,1.4513954120592692e-05,0.00014251735245431009,0.991573022019633
8,0.004558044921035639,0.0008682730241369394,2.04002993672802e-05,0.00033315474998836525,0.9942201270054718
9,0.05789959421342435,0.001227528731554601,1.0848004382888174e-05,0.08181369673036389,0.8590483323202743
10,0.17223386278553526,0.011040955381622851,4.2886837276009845e-05,0.055871312608105,0.7608109823874608
11,0.02995537113506113,0.005295177832496658,5.00427314183026e-05,0.010592937434677381,0.9541064708663465
12,0.07875291643995766,0.012419778406747014,3.3909803038813774e-05,0.05386527678588901,0.8549281185643673
13,0.18050190678357259,0.05786071680004068,0.00017169796289484004,0.2037619637319299,0.557703714721562
14,0.11331374287095815,0.0041876170378574015,2.8998011804131832e-05,0.03509028539910839,0.8473793566802719
15,0.026637072436551265,0.0030136769160053114,4.435684605645594e-05,0.03897987634185336,0.9313250174595337
16,0.09172917279704287,0.010264482197843146,2.6099925535468292e-05,0.09114445479978918,0.8068357902797895
17,0.09276977493521602,0.003887396127607536,1.1942268296784043e-05,0.0812074518064411,0.8221234348624387
18,0.10086240235870708,0.004062284589607192,1.3584326549901546e-05,0.06848402954615314,0.8265776991789827
19,0.028490904490340682,0.002578015743367292,1.882177317607442e-05,0.023777574178278978,0.9451346838148369
20,0.11241308685136603,0.008986387037842155,1.0320316529401684e-05,0.08277770097645319,0.7958125048178092
21,0.045272007414342,0.005261666461955652,3.115258930099268e-05,0.036961837867513024,0.9124733356668884
22,0.05107384536707681,0.004682916583729126,9.849602661822883e-05,0.05278270519287383,0.8913620368297019
23,0.06669433641756195,0.0022099691517973555,1.4851678637697719e-06,0.03156208894454811,0.8995321203182288
24,0.032468164071594835,0.0027241672748949917,0.00046235658462677665,0.014031731809211231,0.9503135802596722
25,0.09891729907112075,0.01440529112963596,0.0002048122738380394,0.01897851540981395,0.8674940821155912
26,0.24493061222128726,0.05740829292231836,0.0003359594202297079,0.05203378366948157,0.6452913517666831
27,0.07699058618530535,0.007881066045511137,7.771186312918114e-06,0.013006407378433036,0.9021141692044374
28,0.3111698393220376,0.03766504455665953,8.382823836468523e-05,0.0454743825961716,0.6056069052867666
29,0.2452296964223888,0.05833526087544246,0.0002097501542850018,0.07132720567601565,0.6248980868718681
30,0.32967457263771976,0.07064782206476512,0.0014494196544995348,0.11172283251716697,0.48650535312584864
31,0.07226857585471277,0.003589835423812143,0.00012852194469583703,0.01146081823043402,0.9125522485463452
32,0.11096246060091189,0.010477196335745594,1.577238194424841e-05,0.026044163359956178,0.852500407321442
33,0.28152584101110784,0.1879799159400388,0.0005517519115264425,0.03664148091771538,0.4933010102196114
34,0.2634807050821856,0.2840515775146627,0.0008798459254096098,0.0510384013747144,0.4005494701030277
35,0.39795017790542825,0.20069492075346287,0.00032796744797768243,0.10235401679442847,0.29867291709870275
36,0.16665310016733076,0.6565442275755882,0.004820453601675353,0.028434081565521574,0.14354813708988412
37,0.15795741222392612,0.1496498956336571,0.00035647375532110205,0.024797045708134038,0.6672391726789616
38,0.1543382671659184,0.09624821884132836,0.0001852525180180117,0.0875702230109159,0.6616580384638193
39,0.4608935661205321,0.3065287712108947,0.0005871161544818385,0.10391941684234134,0.1280711296717501
40,0.46611793713247135,0.16902591074021442,0.0011245311392859413,0.2659410778540505,0.09779054313397771
41,0.2997053470288417,0.16235045107549334,0.00019548499160137317,0.17483110209218203,0.36291761481188145
42,0.2608192763044883,0.42104305323784447,0.00017831442854408496,0.18875775423671345,0.1292016017924097
43,0.21571027399482368,0.11427882403687763,0.000357642002207116,0.07272877970630971,0.5969244802597817
44,0.3557517878179371,0.09988448822761552,0.00020848194818520166,0.0818170057182057,0.4623382362880564
45,0.42053630199757935,0.0881348446384627,0.00012439591049229277,0.10615124715538957,0.3850532102980761
46,0.4572315218901558,0.40822849031992137,0.0002610429049596142,0.08007961833388284,0.05419932655108054
47,0.1355065972851237,0.816918373088587,0.00023284173532250513,0.031133962865735793,0.01620822502523092
48,0.11376038994349397,0.8130680579335492,0.0005307248552906741,0.01981904442655998,0.052821782841106106
49,0.026958684661473446,0.9373497422799506,0.0012934358658332878,0.008908605056556478,0.025489532136185954
50,0.05983945700876879,0.8476696028511589,0.004405590991773485,0.03357047307941615,0.05451487606888269
51,0.03682354396747291,0.808712176944611,0.004861525338533756,0.02592147036855683,0.12368128338082567
52,0.4609745059478605,0.1820168005864164,0.0016886565508008786,0.031128126911378316,0.3241919100035439
53,0.3881828798965266,0.3679711078238494,0.0012832152907848037,0.19689736395746216,0.04566543303137707
54,0.2815010470804552,0.5727772130410915,0.0009132211187777149,0.08433604993539912,0.06047246882427648
55,0.1317455313456478,0.779704126324794,0.003979068671363665,0.01966484703155895,0.06490642662663552
56,0.1828989590710866,0.7383550198412677,0.0014254474464598457,0.04534118763801939,0.031979386003166355
57,0.4328667412332733,0.2673881908809304,0.0005236278302326565,0.06252751415505448,0.23669392590050917
58,0.40669493082207375,0.48247964452901926,0.0004987656107303542,0.06341333358894737,0.046913325449229416
59,0.3023615803397756,0.5759917568105662,0.002133074136829898,0.04695521125437432,0.07255837745845385
60,0.5258677877942531,0.3331221033822073,0.00032295036415976,0.09555056888359012,0.04513658957578971
61,0.27862810253033804,0.627138080595182,0.00055615561442103,0.07873046207707535,0.014947199182983652
62,0.23113368425742187,0.7045804397976905,0.0012668665432277594,0.04259263635676039,0.020426373044899422
63,0.04008483202729275,0.9209928990152424,0.0021344020662999326,0.029092289677354388,0.0076955772138106275
64,0.03953715321217269,0.913763800707461,0.0011259440623155239,0.017284944313328676,0.028288157704722063
65,0.012304750182668365,0.967610287550354,0.010323104410379792,0.001631437347831372,0.008130420508766372
66,0.18057563791648104,0.7532405823971715,0.0027185959575417445,0.0464861363838791,0.016979047344926685
67,0.21676546209698896,0.6505310194880969,0.0017739000288047354,0.013251494472404897,0.11767812391370455
68,0.060667189667135496,0.8266355393942019,0.07270655093012474,0.0034605715618405276,0.036530148446697386
69,0.32170527647282904,0.6180203056180764,0.0015412466845139447,0.03597388741782205,0.02275928380675853
70,0.3000591372066449,0.4829219493269394,0.0010603393025562062,0.013167909941486524,0.20279066422237305
71,0.11029757034684606,0.8340996583522616,0.002213665060934139,0.008774775961475622,0.04461433027848255
72,0.08108843485343706,0.8581610976378706,0.00455666674166511,0.029917354922793977,0.026276445844233158
73,0.22542417758050262,0.5828054730242282,0.0017642309346941366,0.0078924559307589,0.18211366252981614
74,0.3757380004907874,0.4091057014716044,0.00032824932133207956,0.08395330036790652,0.13087474834836962
75,0.19959282805245981,0.7309082978854011,0.002588183013837693,0.00944333063840461,0.057467360409896674
76,0.43367400335338757,0.4672836408640856,0.003018552535968666,0.030700315941331335,0.06532348730522698
77,0.3224154562569651,0.5742412028317004,0.0013872415001448422,0.07003027899399361,0.03192582041719589
78,0.3304963489782963,0.11524873655461473,0.0016303489515602921,0.00545953488319969,0.547165030632329
79,0.7748527265611589,0.13996417887087456,0.000373749966606723,0.03121345696650379,0.053595887634856065
80,0.44555169911394726,0.47143869300120717,0.002175337515859779,0.03307245689733792,0.04776181347164811
81,0.28093096509181825,0.4855303976714248,0.0013242163368557545,0.019985662117417383,0.21222875878248387
82,0.35833770552946476,0.5335373808358721,0.0016521238963539174,0.06675437728039006,0.03971841245791907
83,0.2262229466292017,0.5954298356485995,0.0011118571810466494,0.03004333852149453,0.14719202201965753
84,0.32168120220738455,0.4894771053671579,0.0011769184633363184,0.10020654444307954,0.0874582295190418
85,0.351599017466433,0.25427821534967043,0.0016219534272123649,0.037823767574728766,0.35467704618195534
86,0.44453017588410493,0.19635696088121182,0.0029102680773737304,0.012334367136364884,0.3438682280209447
87,0.43262077802855825,0.39692604941822224,0.0028658391283668027,0.04540565440520426,0.12218167901964849
88,0.6270283776726029,0.12976844294013334,0.0003955878581192876,0.09653734500275474,0.14627024652638979
89,0.22845075839499046,0.5005359884261146,0.0015284248749949567,0.05744085966274148,0.21204396864115838
90,0.30725058695025675,0.2529642319312555,0.0006944852544104957,0.15004080567736797,0.2890498901867093
91,0.37407590153561204,0.20242536029085173,0.00038034558488172994,0.3710040755332848,0.05211431705536956
92,0.14830495087676038,0.7197685847864578,0.0012482559254158815,0.11691469363304541,0.013763514778320569
93,0.2799584899326039,0.24452080087819375,0.0004556158502994943,0.06754664457845799,0.40751844876044485
94,0.28254084628269177,0.190996432650075,0.00034333991253028415,0.40407972018021016,0.12203966097449274
95,0.12503625152322556,0.655601621120494,0.009240106459463986,0.08367324428612785,0.12644877661068865
96,0.09889288941246673,0.018740527069864638,0.0001925536265977047,0.016014005655430222,0.8661600242356406
97,0.5749286470247609,0.10149885475555868,0.0003520539640819225,0.19207989753584576,0.13114054671975284
98,0.5370164238128075,0.03939871622188371,0.00013210772599792455,0.2911599462663484,0.13229280597296264
99,0.10269453613272946,0.2319240325690795,0.002646243071379702,0.007600685495959261,0.6551345027308522
100,0.13601635845835486,0.04718416928658199,0.0012366890897301359,0.5464607746534881,0.26910200851184496
101,0.1650478303431882,0.023736350203277277,0.000158584040453277,0.3494707855068715,0.46158644990620984
102,0.26455319339637656,0.022566850348115425,0.0001733866803362791,0.20440610484069133,0.5083004647344803
103,0.37246213344497536,0.23661605752687515,0.0008603907748977724,0.08267035508827142,0.30739106316498027
104,0.26390369066256747,0.04651882813365233,0.0001097443965867453,0.1726827399857513,0.5167849968214421
105,0.45289667383198035,0.2289402196671168,0.0004969390608361627,0.25392504339017163,0.06374112404989492
106,0.09008760720807084,0.016445588881710084,8.333384106743753e-05,0.01684087167696086,0.8765425983921908
107,0.6077753591565861,0.08099008872879179,0.00022950750253370562,0.17696352850535396,0.1340415161067344
108,0.6448488484369786,0.05176206247032341,0.0005741872630783401,0.05860679983927729,0.2442081019903423
109,0.02285877698467851,0.0197676562313441,0.0203343795827341,0.014031673888509373,0.9230075133127339
110,0.23601344322882692,0.2338338095789935,0.02121943572498212,0.049551680858643546,0.4593816306085539
111,0.2776491026235209,0.23859494389935432,0.027795076249404343,0.04006789333583567,0.4158929838918848
112,0.60542907476172,0.1668227348425618,0.00971827206512112,0.09459880534912311,0.12343111298147386
113,0.28885060146255287,0.14831982553279377,0.0012423717677681125,0.04280135427413357,0.5187858469627515
114,0.2316887503786422,0.6142637759717663,0.0023492610310054387,0.02439279149370599,0.12730542112488
115,0.1354900891807573,0.3163712581004852,0.004331282593077563,0.041060873520067584,0.5027464966056123
116,0.009760861626818088,0.015856927107400363,0.0010028322087984778,0.001967084954685231,0.9714122941022978
117,0.0784645322691783,0.0767979661437895,0.0004741660719831892,0.009109595193354112,0.835153740321695
118,0.0008772093967526214,0.0008737359965111583,0.00011944763403905619,0.00010693974135206714,0.9980226672313453
119,0.024666896266272078,0.003260082643216781,3.312495458212806e-05,0.00046523957229494813,0.971574656563634
120,0.3322546160817947,0.007663310535787581,0.00011030575055931856,0.0027965784302944907,0.657175189201564
121,0.4284487513239016,0.07658387283527938,0.0005019466484294182,0.006361829390841467,0.488103599801548
122,0.5637468328850729,0.21748785723364403,0.000587241122626379,0.046325593277744576,0.17185247548091212
123,0.41991432084343877,0.11167164342765853,0.0006274708909232339,0.17080912421946493,0.2969774406185146
124,0.007212586547998534,0.0020804652773527914,7.559350270095226e-05,0.001365086827595971,0.9892662678443517
125,0.004280643246857768,0.0008568171642628116,0.0008673351491078967,0.000876878241835088,0.9931183261979364
126,0.036618304460576956,0.0008858583481508187,2.5407256055028793e-05,0.0041727828780645845,0.9582976470571526
127,0.07039654661611196,0.002970792563774816,1.1415545529388547e-05,0.007712127578758187,0.9189091176958257
128,0.1373361008733988,0.004808313414378697,2.1224368077416442e-05,0.030480320737329987,0.8273540406068152
129,0.10777221142842082,0.008467250876730954,2.752204937813211e-05,0.0242051987536099,0.8595278168918602
130,0.05181097971388737,0.004983214689960118,1.3605485980242574e-05,0.026897652981541342,0.916294547128631
131,0.050196303399448146,0.002749377539143903,5.7224125475024664e-05,0.03935832511076976,0.9076387698251632
132,0.023997831071584128,0.0033431229239542005,9.854206122633204e-06,0.1220360027344547,0.8506131890638844
133,0.07037535609982208,0.013614261291910333,4.66083144382442e-05,0.3328311304287127,0.5831326438651167
134,0.029270213711149046,0.003019786602392774,2.193455010077572e-05,0.08151446826001152,0.8861735968763458
135,0.14583879571756286,0.02216424979484098,3.1661271470244735e-05,0.6983661958581747,0.13359909735795117
136,0.11747885315375062,0.020599323566605637,5.816814070957924e-05,0.6359597601098037,0.22590389502913033
137,0.10132005075127201,0.022410368944429625,0.0001643096808501238,0.42072074906160756,0.4553845215618408
138,0.1405004892757888,0.054012469881444605,0.00010328803994179278,0.6003425167585416,0.20504123604428323
139,0.14324854536249595,0.03982309480813025,7.074168334932733e-05,0.7869673780357962,0.029890240110228235
140,0.16940683624051225,0.2306838955079247,0.0005236504098578412,0.5558590494849344,0.04352656835677092
141,0.09269888219167946,0.1760654013413721,8.644731721105465e-05,0.6878570163138317,0.04329225283590575
142,0.043635088363110495,0.4121262619701691,0.000210291044309133,0.5342487338234144,0.00977962479899695
143,0.0928435800395681,0.1672237679907348,0.0005882910350099501,0.5850866294094857,0.15425773152520134
144,0.0592196386987189,0.4608552196908734,0.00010436504130230856,0.4528685686468939,0.026952207922211476
145,0.05335962607791394,0.05770256531944941,5.967200247509705e-05,0.7922802940252929,0.09659784257486861
146,0.04518765000148241,0.01618434535655375,3.207233912256669e-05,0.71829408926765,0.22030184303519132
147,0.048630452746945,0.033071224781863334,0.00012598934290380704,0.8043119920476535,0.11386034108063453
148,0.062294176497197935,0.02306415208206383,5.1322890121513e-05,0.721499959420514,0.19309038911010276
149,0.03774874504424593,0.009974596913412941,5.543370638839762e-05,0.09940636659124068,0.8528148577447121
150,0.06391124409158432,0.014550866373136791,0.000317937799658244,0.06015739464864457,0.861062557086976
151,0.2309815544858764,0.03724868327430932,0.00020251398316715793,0.12169058064279781,0.6098766676138493
152,0.05921860416382931,0.008158171119984776,2.4161559549985733e-05,0.041376771595979724,0.8912222915606562
153,0.1930886670227025,0.021230534203397374,2.9396213175190775e-05,0.08540890328002614,0.7002424992806989
154,0.604033703123875,0.052615946576673234,2.8023848477101952e-05,0.19006839049781662,0.15325393595315798
155,0.4481491513399823,0.2791397443128106,0.00014300702557276323,0.2607146832900554,0.011853414031579003
156,0.31736360354014753,0.339233605462106,0.0001643680814878163,0.3232683452094658,0.019970077706792842
157,0.11602126760147277,0.6123086216597501,0.0005021293348208856,0.26024304020232325,0.010924941201632987
158,0.024046826155143374,0.8797166424352292,0.0036507414313652143,0.08870439646851346,0.0038813935097488017
159,0.017711628652962042,0.8525470007169296,0.03349111727636196,0.09077623694238376,0.005474016411362546
160,0.009084719155502869,0.8286034911414184,0.012581426836180706,0.14798491730008742,0.001745445566810691
161,0.015497012782756595,0.6583993419468794,0.01849315030986204,0.30413069738406107,0.003479797576440856
162,0.039936232346047255,0.11746012645056615,0.0006329466792578285,0.8365840969084056,0.005386597615723048
163,0.03907969756522133,0.09284346105469975,0.0004755185287785848,0.8569484577418026,0.010652865109497771
164,0.046105054839238,0.04214923666424907,9.61434322359251e-05,0.7630365074630733,0.1486130576012037
165,0.05182166164887778,0.0878660445208308,6.90405742575786e-05,0.8231375590406306,0.037105694215403405
166,0.09070444070111722,0.10815197883423763,0.00012977721711365155,0.7431035203731281,0.05791028287440339
167,0.14644270543072527,0.08848982516152479,0.0001042092374109195,0.4475218637185255,0.3174413964518137
168,0.061650617605098525,0.03737749732436197,9.835622043579637e-05,0.7316901809782168,0.16918334787188688
169,0.08797515749416635,0.05900047914381568,0.00017453363880775603,0.7884042582199612,0.06444557150324898
170,0.07637706750597942,0.02234526994403916,0.00046227869779608057,0.829951081058472,0.0708643027937134
171,0.059299162081018986,0.05407435650640538,3.922645697964801e-05,0.8113161770019224,0.07527107795367366
172,0.0667147498021368,0.12928128060029784,7.952390017646148e-05,0.7825031816777471,0.021421264019641797
173,0.1173393162005583,0.06256674877519525,5.464673577857122e-05,0.514587009883614,0.3054522784048539
174,0.048768931981866485,0.04151198627130173,5.836152738553879e-05,0.8853289880578987,0.02433173216154745
175,0.13178260190242452,0.16099666756467168,8.809044265219903e-05,0.6373041311605498,0.06982850892970159
176,0.04028558249796486,0.047672642931346966,4.02652386556125e-05,0.8891435583152337,0.022857951016798723
177,0.11664633146144984,0.05574485951753171,0.00011348182593468301,0.785470017120792,0.04202531007429169
178,0.02210234410642333,0.02743017770591509,0.00011524374938807131,0.93351174040077,0.016840494037503474
179,0.034416788129520585,0.013324016102235825,0.0001465395971070228,0.9235893706788073,0.02852328549232903
180,0.014958657607387208,0.008507718346798854,0.00011300621044910378,0.9432298566490032,0.03319076118636159
181,0.012874676520087645,0.018661790711243027,0.00033682821255144303,0.9583277393561983,0.009798965199919516
182,0.0340105382776481,0.028531546404426206,0.00012660094433419479,0.903530587028039,0.0338007273455526
183,0.016030181065654854,0.02636390618237213,8.004174987383305e-05,0.8913306919843067,0.06619517901779245
184,0.04679689092468238,0.015173141149669896,3.9688829800683824e-05,0.9174137417469812,0.020576537348865994
185,0.05700898717095485,0.022156030311208844,6.326165926723637e-05,0.9111480127903414,0.009623708068227666
186,0.0953270572436869,0.11675885836733976,0.00016873847057826202,0.6053340312564612,0.18241131466193378
187,0.05099140634811595,0.07409478885879825,3.8846058486510564e-05,0.5148050614532934,0.3600698972813059
188,0.041567995157614786,0.03289321439929471,5.5629636642655456e-05,0.8898891538622433,0.035594006944204545
189,0.08565920630057054,0.06582173049404356,0.0001982940891328938,0.3296549615258676,0.5186658075903855
190,0.09382860790354108,0.03993132691094181,9.62937801238809e-05,0.7739860243460613,0.09215774705933188
191,0.11032716164216559,0.10525958234081387,0.0001817772394770037,0.17030620377392536,0.6139252750036183
192,0.04739840512929603,0.015708569239762517,8.113342804148508e-05,0.042488620722356193,0.8943232714805437
193,0.13760045435183701,0.022993474118191207,0.00022622417952613226,0.06431304281614729,0.7748668045342983
194,0.06842614603175137,0.03418774795966511,0.00034256815965875395,0.018496479476133948,0.8785470583727908
195,0.19712313692129513,0.040485746244040624,0.00021680969800572632,0.02106729580190199,0.7411070113347564
196,0.007832989365201933,0.008111135574728786,0.0008141796828297402,0.00323761091145154,0.9800040844657879
197,0.012909223913921365,0.027297562622247848,0.0004619774444545255,0.003564694016556019,0.9557665420028203
198,0.015933380319709128,0.02716704962447361,0.00020086795592933696,0.0020670422111431154,0.9546316598887449
199,0.012959633257925724,0.06156137731840532,0.00029049636730055125,0.0019050092726822716,0.9232834837836862
200,0.008403812944856565,0.03501804270238822,0.0007634774773101026,0.0010460536513833888,0.9547686132240618
201,0.0073243582272379615,0.010681749966940378,0.00022555861572336698,0.0013220983825538576,0.9804462348075446
202,0.0067590980655202835,0.010830780993056949,0.00020127952456998034,0.0010594755560584795,0.9811493658607943
203,0.0047559935941043525,0.01224453646936778,0.00021355847150583031,0.0007380971110360908,0.982047814353986
204,0.05099094014009504,0.09088951445577229,0.03415554296010628,0.004324369955794799,0.8196396324882316
205,0.10066142601275237,0.01973580751229895,0.00021731943346215468,0.03338141580203236,0.8460040312394541
206,0.17884012475427183,0.0696742160224489,0.0013426435647241313,0.0326750775857741,0.7174679380727811
207,0.012846407902474072,0.0056355008744196355,1.0410169436308749e-05,0.020333860582005613,0.9611738204716643
208,0.025637040441211418,0.010069752249320192,2.2494916295343676e-05,0.013832352990135462,0.9504383594030376
209,0.02135073703626389,0.009141570105435027,3.3460079471002615e-05,0.014538578794480688,0.9549356539843493
210,0.027040449124061172,0.003893003347430922,1.4630361953105763e-05,0.03032188741559468,0.9387300297509602
211,0.038615985745506023,0.006410113495912561,4.751208158324371e-05,0.028328409652009393,0.9265979790249887
212,0.007345051028915245,0.002465722649473718,3.2714874512129384e-05,0.008170789259736333,0.9819857221873626
213,0.02850932858829203,0.0009437681832948475,4.074615949957783e-06,0.00629622902934403,0.9642465995831192
214,0.12247790898845916,0.025584015859600982,0.00013139474148079913,0.05571512198305923,0.7960915584273998
215,0.006761885441311744,0.00103136855464796,1.2568460553564248e-05,0.009022190126581217,0.9831719874169054
216,0.05282478434873488,0.0031618754982431245,3.226274826438539e-05,0.15963224151351793,0.7843488358912396
217,0.04699802173691712,0.0024687856726857593,9.550620185701391e-05,0.15934378363330753,0.7910939027552326
218,0.06739676395454056,0.001321938730045835,3.0098186942635734e-05,0.5462172381589457,0.3850339609695252
219,0.058265042327865973,0.005401683251903345,4.0299116754787304e-05,0.6563258734044636,0.27996710189901225
220,0.05335167279544671,0.004031427898855331,2.992613620854441e-05,0.860872316482686,0.08171465668680346
221,0.10807073880562965,0.02336486726524241,7.194013257918639e-05,0.602156540243898,0.2663359135526509
222,0.2337506863114709,0.06649143573315794,0.0001916787239311705,0.5979847318977896,0.10158146733365038
223,0.13492212339645374,0.0745271795927573,0.00021485493016857275,0.37691853687020827,0.4134173052104121
224,0.16622769612085228,0.04165672193657968,0.00015718157915573994,0.4558619867274261,0.3360964136359863
225,0.21081487771206106,0.22817322355636147,0.0003257395258103613,0.4998451278626225,0.060841031343144635
226,0.24096741683695283,0.315526505137081,0.0011835623894465418,0.24710253256018577,0.19521998307633384
227,0.175803529895786,0.29980846699540076,0.0006680807429520524,0.44326675203547355,0.08045317033038762
228,0.13577157631032719,0.13413912704549436,0.0007020445762015208,0.2891858330314548,0.4402014190365222
229,0.056780927724914325,0.03450072644822293,0.00021132429261700735,0.02140950713685409,0.8870975143973917
230,0.2832798881181751,0.10824149321405381,0.0004588692339619825,0.10401742173501805,0.504002327698791
231,0.5776398482525648,0.10742177678281967,0.0006843775266022391,0.027615201131827048,0.2866387963061864
232,0.34522632507174184,0.56102876003582,0.0030468101969609524,0.0306980003780264,0.060000104317450814
233,0.2813163257795501,0.30551351718925707,0.0030649354012287013,0.3783047690071874,0.031800452622776774
234,0.35380003112127945,0.3548468197031926,0.0017610548743377727,0.09811127393492666,0.19148082036626352
235,0.3498798668375721,0.22660773888263988,0.001718782540531815,0.26399541982359453,0.15779819191566166
236,0.13626587096620674,0.5631251738629689,0.012854589336069925,0.16221803472733476,0.12553633110741977
237,0.2984857717858185,0.34095595957237923,0.004122517885675546,0.23656899656246275,0.11986675419366398
238,0.15003279691580598,0.2716258724801087,0.002330645758837854,0.4881722800303897,0.08783840481485759
239,0.120712688788183,0.11426637501620544,0.0010907321667651395,0.524309686161091,0.2396205178677555
240,0.03190319981463913,0.03533201570630465,0.000851479257300905,0.01690015289411846,0.9150131523276369
241,0.049184946199232325,0.012808944291475886,7.002506324163346e-05,0.020925466002195962,0.9170106184438542
242,0.06793799893690704,0.023807942502003732,5.474579443441905e-05,0.024568522991354192,0.8836307897753006
243,0.6023805230198617,0.10743148379825052,0.0007956328986393144,0.03749809028415659,0.2518942699990919
244,0.14521738125157288,0.04961321651945389,0.0015694495088473795,0.016348168935513573,0.7872517837846122
245,0.0375171192890474,0.009947103145608092,0.000217190511309181,0.006213482048575487,0.9461051050054599
246,0.21754388733182123,0.03369529204660396,0.000139323316004677,0.02740771795571488,0.7212137793498553
247,0.214490795074896,0.06443015153878505,0.0003161786123988103,0.028246204372668372,0.6925166704012518
248,0.42999545066505945,0.15581763084474368,0.0001800164651051998,0.014783679133076167,0.3992232228920156
249,0.44214742253080475,0.31225996149206214,0.0006140853309719855,0.05157824913407919,0.19340028151208197
250,0.3791831154800923,0.4624309425159964,0.0006498443399730777,0.03363844659056504,0.12409765107337323
251,0.058896600123295485,0.9160120713898452,0.007480090248011409,0.011958181588430776,0.005653056650416939
252,0.12401522367221343,0.8285819032357633,0.0039113854491562685,0.03606598209392462,0.007425505548942375
253,0.028673041177324016,0.9459076136453334,0.014157626004781704,0.0073741434999859586,0.003887575672575074
254,0.0190909293536834,0.942147345859315,0.025685872601864983,0.007799284794497627,0.005276567390638921
255,0.05573209558671664,0.8852690309816367,0.04764271010490643,0.005516653322744994,0.005839510003995252
256,0.005570909306711434,0.9090909781645491,0.07648401690994415,0.004756020007207033,0.004098075611588438
257,0.011472064906034085,0.9205146160488193,0.059844908437184346,0.004683215879984034,0.0034851947279781153
258,0.019249170549778576,0.8905759910553848,0.06370502046958193,0.019501863761090064,0.0069679541641646785
259,0.024896036629443105,0.9146454763330383,0.04001003506637532,0.01801818166246875,0.002430270308674641
260,0.007845526912105667,0.9368775537219659,0.04730508827420267,0.00620106162742555,0.0017707694643004082
261,0.14515566060751858,0.573647676713478,0.01574732500922454,0.0085058565152108,0.2569434811545679
262,0.504841328112045,0.4449256951023274,0.0016908254832485948,0.008303914081210409,0.040238237221168593
263,0.21076748265343315,0.7747416860923756,0.004542954514556129,0.002391646937208779,0.007556229802426377
264,0.19740825620821809,0.7800548328112049,0.011864779630323856,0.002875906597713918,0.007796224752539194
265,0.019861908731812657,0.9517698017965157,0.021708743692507047,0.0037525886975421445,0.00290695708162255
266,0.01067499572345315,0.9509211792899832,0.033234476073922194,0.0029666088499680017,0.0022027400626732476
267,0.01801377408056174,0.9587102417879101,0.015486207335355561,0.004039553006604094,0.0037502237895685147
268,0.010649424827119362,0.9153352066730233,0.06664385951512983,0.003302622726985805,0.004068886257741758
269,0.0040098784144655085,0.7866103946037702,0.20280447533162044,0.0013750389674057045,0.005200212682737963
270,0.010837205001108425,0.8702859075353299,0.10785369069328388,0.0037847716818874243,0.007238425088390506
271,0.005154305695281437,0.863156807270925,0.1259387250515674,0.001042549040715045,0.004707612941511016
272,0.003467996807768573,0.8697981180729911,0.12350359208598,0.0007178657737164348,0.002512427259543861
273,0.009780940178099143,0.9283105508905466,0.05848979450996602,0.000800487672979551,0.0026182267484088605
274,0.0018011347708391657,0.8757107433370982,0.11916468299357136,0.0007162179585904104,0.002607220939900832
275,0.0015799850605630044,0.30510769163990764,0.6856499772996549,0.0004526477135640958,0.007209698286310225
276,0.0038327490012116903,0.5956639377661581,0.39358589095399077,0.0006624662120956567,0.006254956066543827
277,0.011096374915316487,0.8902676814565003,0.09425508868847896,0.001775833462885147,0.0026050214768189948
278,0.007189480591956533,0.8762469637476852,0.11187591540344143,0.001172888099797364,0.0035147521571194393
279,0.004362605391059209,0.8679828697839617,0.12405814507317879,0.0010590161887583317,0.002537363563041831
280,0.0016865157652001545,0.7929595192780647,0.2025228624354365,0.0008508786175212634,0.001980223903777331
281,0.001992548214518288,0.7980937747810858,0.1965533079799588,0.0007590967528876637,0.0026012722715495016
282,0.0006600719429611639,0.5308848694083433,0.46652257406120073,0.0002282996804645981,0.0017041849070302641
283,0.001863918355084404,0.7653880397695784,0.22943956326846657,0.00044125235726571267,0.0028672262496051426
284,0.0013601939166611537,0.6690627893538187,0.3271973519950015,0.0003700427138171078,0.0020096220207013946
285,0.0040029763316446875,0.8776742977398677,0.11444669126234915,0.0005358996534683562,0.0033401350126699425
286,0.0012513949837423446,0.8274114345379217,0.1689363097275898,0.0005393926106085304,0.0018614681401376359
287,0.0017329816839460172,0.7631796483861455,0.23285611412353532,0.0005093044782559134,0.001721951328117113
288,0.002143931047987084,0.8249601302089916,0.1684928659094022,0.0006870653660399675,0.0037160074675789737
289,0.004330059926319688,0.900711387614552,0.09168983206463731,0.0008368836104001718,0.0024318367840906216
290,0.04947740094516935,0.6352223505929143,0.302875200858434,0.00288627476693805,0.009538772836544352
291,0.004786487428892918,0.809682359968009,0.17902368631235324,0.0005921317733710437,0.005915334517373897
292,0.0039945643465556825,0.8133057098227698,0.17906757599146025,0.0008097431156943708,0.0028224067235199392
293,0.005133748599271091,0.7883354546512228,0.19509631803821872,0.0010075797641120527,0.01042689894717529
294,0.0017322281004622465,0.751831895509437,0.23782285853698468,0.0005130477980868187,0.008099970055029332
295,0.001829112773621084,0.8535684147007606,0.14188216270291032,0.0007734764469179074,0.0019468333757899753
296,0.0009760483629812148,0.7480078205075882,0.24925000007530754,0.0006433988853201636,0.001122732168802868
297,0.0015941730726760537,0.7852948171688366,0.2114422791718712,0.0005922306580018021,0.0010764999286144168
298,0.003457199964722832,0.8692801914861722,0.12379488388039814,0.0011253581184692224,0.002342366550237767
299,0.002028314397193108,0.6873114593145666,0.306152182617316,0.0014445655959744327,0.0030634780749497935
300,0.002570351223952511,0.8347310855498655,0.15894661361497797,0.001059195102359546,0.002692754508844605
301,0.0005976173493499837,0.6324551886356956,0.36436040803575426,0.0008279538831036917,0.001758832096096539
302,0.005841503365931563,0.9108984145488545,0.07580646804418294,0.004425298762017877,0.0030283152790132124
303,0.001427148233231413,0.39657156407936406,0.5933647116887264,0.004429707528034185,0.00420686847064407
304,0.016733020441325706,0.6644688183316786,0.28796260052901795,0.018742800755185317,0.012092759942792375
305,0.02172898899411349,0.8072251514864206,0.11049518620213022,0.04756714896336183,0.012983524353973945
306,0.029387630048898987,0.7832061673242177,0.1232208701773598,0.0361266935304786,0.028058638919044764
307,0.028860167074852765,0.05180553901704694,0.0012002573726681751,0.01442699092664964,0.9037070456087826
308,0.008825079966212561,0.12584013715057601,0.001750748696330014,0.0009436705942196754,0.8626403635926617
309,0.46727519124690736,0.11473080088066125,0.0002633480082171583,0.019479241553084014,0.3982514183111302
310,0.5859788740805646,0.28012647201821866,0.0007728850927484357,0.04055325997279323,0.09256850883567522
311,0.3573495056842306,0.08313548537598674,0.00037750066390805555,0.0367482549700022,0.5223892533058725
312,0.20718298797698456,0.0971598984198625,0.00034524969122723073,0.0940045533673995,0.6013073105445261
313,0.15637114571180047,0.029356102630005723,0.0010392151632415071,0.12161630885306882,0.6916172276418835
314,0.462831629183396,0.1486935462920718,0.003211406748767877,0.2419828536728495,0.1432805641029148
315,0.21004713149819176,0.0732686591868326,0.0010538723657086302,0.05941136047628415,0.6562189764729828
316,0.41636824437449177,0.3198781130308348,0.0005360659166780505,0.20083034738785657,0.06238722929013874
317,0.35159832474068253,0.298358712289325,0.0011428405700061478,0.18957385838709467,0.15932626401289163
318,0.020497007427229222,0.04546029134245459,0.01269845542608267,0.0030372828451349842,0.9183069629590985
319,0.4824698149725379,0.21271562197788801,0.0012514116487060307,0.041860975069889554,0.26170217633097853
320,0.5168321776628126,0.3932691668075232,0.0018474248041843405,0.01563529089778379,0.072415939827696
321,0.45729350651819506,0.463089178959602,0.0031195693832079693,0.06133486009111167,0.015162885047883332
322,0.04067367179841889,0.7931384277003506,0.003959948860991283,0.15797816539053383,0.004249786249705517
323,0.008547505864606834,0.8762689026121058,0.002719011938803814,0.11156275041758448,0.0009018291668992439
324,0.01327528876010927,0.8073464594680415,0.0029869053815717106,0.1748081822360774,0.001583164154200145
325,0.03224193595546604,0.2158682063184522,0.0001495287312039962,0.7471972861572813,0.00454304283759649
326,0.0338929169507229,0.18293475577523932,7.656903170800682e-05,0.7787812178488863,0.004314540393443581
327,0.01960232340435804,0.07196899048442744,3.3495412205623086e-05,0.9056691848880997,0.0027260058109093866
328,0.016965064150630427,0.14387050850238722,4.974224256675993e-05,0.8355072631283303,0.003607421976085298
329,0.014663033534394174,0.12529808125756844,6.990542716389608e-05,0.8571667934064807,0.0028021863743928647
330,0.012619234829160936,0.15438368401862929,0.0016288792370693056,0.8271392185725207,0.004228983342619787
331,0.020637442096387234,0.09046845509249829,7.416853638097147e-05,0.8854384511263284,0.0033814831484052644
332,0.013904615729951194,0.038557365035113325,4.2095947367267285e-05,0.9434720362191485,0.004023887068419477
333,0.010990949654370603,0.043338030429057914,3.0171697121321003e-05,0.9344891388122889,0.011151709407161222
334,0.010835222077195351,0.034192798911491885,3.300872287065919e-05,0.9518055667035826,0.003133403584859525
335,0.011316140356781216,0.01988893915684354,1.5974321479585672e-05,0.9649180562402047,0.003860889924691111
336,0.013782475755691756,0.02669103889915316,2.5117631039807817e-05,0.9540386830433338,0.005462684670781578
337,0.014006619895348758,0.018883989741816702,1.9281203350358346e-05,0.9626170086417924,0.004473100517691527
338,0.02640717756762776,0.028672809652188474,3.7857282868763854e-05,0.9388201663617421,0.006061989135572755
339,0.02459872550200576,0.03751961124545756,3.4598158861472035e-05,0.9315711432337808,0.0062759218598945595
340,0.0278438660874918,0.023372999712040085,3.6369572594832324e-05,0.9409153633170135,0.007831401310859833
341,0.06431888626576908,0.026559836080248308,0.00015956407765655987,0.8803822687639378,0.028579444812388305
342,0.07844260362778147,0.023156264986181525,1.4818420080312432e-05,0.8769904874490956,0.02139582551686119
343,0.08699670728376645,0.014750083642188171,1.4373564743649917e-05,0.888851874937804,0.009386960571497736
344,0.1050974435013111,0.01763406676928945,1.8910514739804895e-05,0.8687997545549715,0.008449824659688205
345,0.06843898824701312,0.04692735436098924,5.302690756034391e-05,0.8772239033902711,0.00735672709416612
346,0.042231697162290284,0.054604537925489305,4.1993854664990576e-05,0.8958207684592207,0.007301002598334872
347,0.04298712296496271,0.08401599996100007,4.194625024535131e-05,0.8641520988396624,0.008802831984129527
348,0.06199484141125319,0.11506239135179286,5.5125364668488276e-05,0.8053213214849338,0.017566320387351623
349,0.06815159406618759,0.17570338273407687,6.89291598279919e-05,0.7468984835955454,0.009177610444361974
350,0.03495419048825903,0.12116492647483221,0.0002540367217616276,0.8368229796192637,0.0068038666958834815
351,0.050462392908910615,0.09461070999924884,6.708948165962045e-05,0.8418044054859122,0.013055402124268613
352,0.05150129681979593,0.11691732851044165,5.4152215274759e-05,0.8253675771872727,0.006159645267214888
353,0.042219892329597525,0.10251630867256716,7.296661478727426e-05,0.848321486367323,0.006869346015724973
354,0.04458158220877909,0.12609558012793423,9.884939249589976e-05,0.8216313805386686,0.007592607732122194
355,0.04010290814839258,0.11880782816146067,4.8779780308990086e-05,0.8287737266045843,0.012266757305253463
356,0.06546248137530097,0.08395308487867226,4.842902782080515e-05,0.7203599045035642,0.13017610021464174
357,0.11850494671898555,0.04966014805571884,8.792407916934618e-05,0.7512761475576522,0.08047083358847415
358,0.09661997308376549,0.04299297858253706,4.662770449258277e-05,0.809885223329655,0.05045519729954998
359,0.10420448241481121,0.06340406524952093,2.213950223010548e-05,0.8118141231071839,0.020555189726253913
360,0.06502941873390151,0.13007187599675119,3.644813027457276e-05,0.7746153935457132,0.03024686359335964
361,0.04243824314333366,0.116606057177106,5.774201352619857e-05,0.811626373466256,0.029271584199778256
362,0.0306612529340521,0.08649054754384083,5.937891707397701e-05,0.8683998879976772,0.014388932607355909
363,0.11002250441864647,0.14868465402913264,6.890062248197015e-05,0.4814273229043675,0.2597966180253714
364,0.08068802105242576,0.09920281235389748,6.021127480513393e-05,0.7821429864149482,0.03790596890392341
365,0.0747631675123299,0.058994306308362686,2.9832420967193543e-05,0.8581676154302976,0.008045078328042691
366,0.08656234162940295,0.06431393787159449,2.625723728480113e-05,0.8359330195276167,0.013164443734101045
367,0.04071519531541973,0.05757572730497802,1.607172693222314e-05,0.876304794493799,0.025388211158870914
368,0.16127430187046202,0.015288558852347025,9.51307921626434e-06,0.4225018177171407,0.40092580848083403
369,0.16290825037475037,0.01761690617278999,1.4167005005652814e-05,0.6355129640016745,0.18394771244577948
370,0.2116649243622111,0.18048982117825857,4.692598357086618e-05,0.4650474892611475,0.14275083921481202
371,0.2657970473175332,0.23372613487493965,0.0002280667703777423,0.10336364774703119,0.3968851032901182
372,0.20028620000324973,0.10583742720938744,0.0002155145234650265,0.1527125683051933,0.5409482899587045
373,0.4260254553179588,0.2507473893301271,0.0004966094161227077,0.16400956762439128,0.15872097831140017
374,0.45124313360514373,0.12411860538813106,0.0006617647172856832,0.08795013955371371,0.3360263567357259
375,0.5173416901750085,0.2685286704072255,0.003382543295528795,0.11020660287074574,0.10054049325149145
376,0.3288850934828175,0.0649967035443691,0.0006689611098243175,0.17652323281336088,0.42892600904962813
377,0.26061865240379406,0.07582973908610911,0.0006181086100179654,0.3476081338708756,0.3153253660292033
