epoch,N1,N2,N3,R,W
0,0.004818597758498222,0.0004293084997673682,2.275350270803714e-63,0.0009507619724397011,0.9938013317692947
1,0.004056005914219157,0.00029033044005474817,2.08957667169963e-06,0.00046672118611903226,0.9951848528829355
2,0.012289275055348254,0.00043754150593654516,5.985155018993713e-06,0.0015395659673442398,0.9857276323163519
3,0.015885567826787916,0.0013542447346664638,1.0724089036238107e-05,0.0030874682767677913,0.9796619950727415
4,0.012442093030133522,0.0010001920089774668,3.099903078305198e-05,0.0004280083696448151,0.9860987075604611
5,0.030399936660800618,0.0017767020598660034,4.194190386361002e-05,0.012643963640600305,0.9551374557348695
6,0.04048885382699984,0.0008526369705147884,1.0570853448247122e-05,0.00415218814904173,0.9544957501999954
7,0.150253517494583,0.00330395083751732,3.099131400568939e-05,0.014156332228213228,0.8322552081256808
8,0.3338586900676871,0.0036976072878497765,3.5964126676537874e-05,0.005083506861237898,0.6573242316565486
9,0.5036741672549674,0.005206291047814253,2.656267072287792e-05,0.0025477954927049084,0.48854518353379056
10,0.4124627021615073,0.004503529130000681,1.1442499273734457e-05,0.0020315316591458846,0.5809907945500724
11,0.5576372819169803,0.0893448676714579,3.6487776156547316e-05,0.008925838761184059,0.3440555238742211
12,0.7372577455309552,0.04799932754297725,6.214825134516123e-05,0.010662059504425283,0.20401871917029704
13,0.27883849066164795,0.6944226193765046,0.0011267001736638923,0.008527146283641054,0.017085043504542295
14,0.06875166157872348,0.9150562381712092,0.0008463374507248827,0.0042996792206864394,0.011046083578655884
15,0.2032371228099459,0.7285933629287755,0.0006942062863190769,0.014661047044925555,0.05281426093003409
16,0.018762823009114908,0.9713862736218157,0.00252903202683471,0.0018689652424792441,0.005452906099755445
17,0.015551812711552322,0.9755723039430204,0.004730307022166576,0.0004896421622066778,0.003655934161054008
18,0.01612257238017804,0.9761534933749978,0.003698180653473049,0.0006214771493376967,0.003404276442013345
19,0.016326584349005618,0.9618675573787321,0.017721857859738677,0.00039360759551167884,0.0036903928170119453
20,0.01411717286166559,0.9714925101861245,0.012018006637558705,0.0002969827062566531,0.0020753276083946494
21,0.015023535304568826,0.9686508864583644,0.0129670520635128,0.00034643830037392725,0.003012087873180258
22,0.002937124385884971,0.8437423941929267,0.1489090671249331,0.0002697428469446992,0.0041416714493105215
23,0.008847466299348001,0.9219694627516577,0.06310549028439827,0.0004179011412962153,0.00565967952329981
24,0.035577712510075805,0.9215710449087082,0.03141895649729644,0.0009965164318113003,0.010435769652108186
25,0.024126428201239343,0.9152513349382215,0.0503119431742092,0.0007877143233476252,0.00952257936298224
26,0.002108663549197779,0.8097494393236754,0.178337003494368,0.00023987100712264992,0.009565022625636221
27,0.013304928863173674,0.8360113803648238,0.14078721421763768,0.0007192295193809172,0.009177247034983786
28,0.005044829923350636,0.7666232159317247,0.21718983982271184,0.0005527605370331244,0.010589353785179834
29,0.009903753725161281,0.8212590182725632,0.15952418858883552,0.0007161581645120992,0.008596881248928163
30,0.004888762893763104,0.8660218588955925,0.12150722144982173,0.0004122861345207904,0.007169870626301959
31,0.0029543155908010447,0.6245179728574879,0.35764090291657374,0.00022202688832769098,0.014664781746809482
32,0.0037595729454360065,0.7720012266562187,0.21583432695822857,0.0003676627560406408,0.008037210684075882
33,0.005454014961924545,0.6405261610219332,0.342249077298249,0.0004449592385319413,0.01132578747936147
34,0.011196826991569942,0.6935893316076291,0.28737386104210355,0.0005678304784623589,0.007272149880235087
35,0.006442618742792692,0.6510230330323743,0.3361071184949771,0.00044582927937823996,0.005981400450477714
36,0.00532444381146884,0.6697550201256881,0.3180399162726049,0.00030747031814955586,0.006573149472088681
37,0.003461701852925688,0.7514088181995584,0.24009011646280656,0.00036589270887739573,0.004673470775832075
38,0.003311275688978178,0.532777482972428,0.45826060188841994,0.0003769594636793662,0.005273679986494482
39,0.0022311889571482316,0.6427573848936877,0.34977985863234184,0.0004506374137570775,0.004780930103065071
40,0.0027541158138511663,0.5670919680972643,0.42604642204501736,0.0004997307021630124,0.003607763341704125
41,0.0014104181028912598,0.27742672573123905,0.7162995704264296,7.885994781911264e-05,0.004784425791620982
42,0.0015694709617768581,0.3921252122668567,0.6030014460823147,0.0001423771029668525,0.0031614935860848816
43,0.0014111883676712488,0.38675753748711067,0.6084135641668275,0.00017887855558380275,0.0032388314228068006
44,0.0011761957139339702,0.3484050025958344,0.6470071478215615,9.558648787721827e-05,0.0033160673807929118
45,0.0006474140098267898,0.30899419151177043,0.6866528636216516,6.524251625087753e-05,0.003640288340500273
46,0.00104923756013668,0.4983244302322287,0.4957922492222405,0.00024033900038158192,0.004593743985012463
47,0.0004758147925365123,0.0883151974566758,0.9082950044527243,5.0904959045482385e-05,0.002863078339017923
48,0.0013501484065401679,0.3376441294356373,0.6553021594372491,0.0001112111634610739,0.005592351557112413
49,0.0015547158658973314,0.46098234087386036,0.5329612243588674,0.0001662186565137269,0.0043355002448612415
50,0.0007491210733233212,0.41101601537068955,0.583202809471849,5.684195681543205e-05,0.0049752121273228134
51,0.0018766916750818552,0.4942970362736255,0.49628186397018476,0.00013499477527146008,0.007409413305836494
52,0.0007547430629417408,0.35026363557803786,0.6438186107021098,0.00010192877263892233,0.0050610818842718045
53,0.0015265158966253408,0.36613492963719235,0.6272641803991742,5.5825107554424177e-05,0.0050185489594536895
54,0.000953291145505081,0.32042781976189133,0.673818364059238,3.8384381210088816e-05,0.0047621406521553165
55,0.0026917016522089755,0.37531649549281426,0.6153812548845874,8.243186715950544e-05,0.00652811610322972
56,0.003245438917471241,0.31299921732919156,0.6774391663748847,0.00011968192066871849,0.006196495457783875
57,0.004593232176688961,0.39923416912431187,0.589893989085941,0.00018195248484947265,0.006096657128208614
58,0.0009574492300913571,0.2703293321507423,0.725072366466649,6.36986732727076e-05,0.0035771534792447303
59,0.00240931693916039,0.366734534805282,0.6225762956169165,0.0003273292978492134,0.007952523340792012
60,0.0007680880842647639,0.23843328009685305,0.7577558379529373,7.308511386394836e-05,0.002969708752080967
61,0.0008014784050869175,0.1973666380298628,0.798533279044817,5.3904823804873e-05,0.0032446996964283045
62,0.0004777860071017058,0.20510710836672397,0.7909475548928158,4.983000311845754e-05,0.0034177207302398963
63,0.0013330704445309286,0.24617525914320193,0.7467699509142488,9.180525107548461e-05,0.00562991424694288
64,0.0007664543766973877,0.2140467584562315,0.7778606623803346,5.858009179092373e-05,0.007267544694945789
65,0.0008005109204442369,0.1798862039177852,0.8146501527324056,7.541724247434473e-05,0.004587715186890593
66,0.00043634796450729653,0.060697516088216226,0.9331373127586176,6.837111977911035e-05,0.005660452068879962
67,0.0006635719169636548,0.1825090004790838,0.8107977269612701,0.00010849412882336686,0.005921206513859154
68,0.0010852619059175835,0.2148857316861076,0.7789269781669143,9.668434214204852e-05,0.00500534389891845
69,0.0006879419564460414,0.2074930739755534,0.7852347167012632,0.00012507512111606736,0.006459192245621265
70,0.000819838430439533,0.27217725496280454,0.7222384902644309,0.00017646144321320574,0.0045879548991118275
71,0.001347510603171206,0.2502063282463356,0.7448170885844758,0.00013957791910742216,0.0034894946469099367
72,0.0019341327364757763,0.4169726129364993,0.5709861354250364,0.0005572651992898238,0.009549853702698794
73,0.0028541694610700954,0.38447836905875504,0.5894410377348733,0.0006652947987670884,0.022561128946534607
74,0.005156841990454938,0.2782176819544107,0.6848231940756945,0.001194432709049759,0.030607849270390113
75,0.019364125013373458,0.48533838835929455,0.33895698360656035,0.0019143737225406862,0.15442612929823102
76,0.0047894440778468,0.0013177192130690073,4.5013530958117294e-05,0.00020644157012767467,0.9936413816079984
77,0.00599866154166523,0.0009699119979439084,6.930270316984159e-06,0.00024269706798369417,0.9927817991220903
78,0.040386367746758266,0.002595388742889063,5.061168906269497e-05,0.0005215061816970932,0.9564461256395929
79,0.07767685691013375,0.00265920423231892,1.1404041973854916e-05,0.0010143823714148582,0.9186381524441587
80,0.06496770305257364,0.0011296461953139154,2.798450169552712e-05,0.0014840849987094687,0.9323905812517075
81,0.010837878728221177,0.0008921249299634283,1.4848014592393831e-05,0.0018724480221518627,0.986382700305071
82,0.02126343133043626,0.0019053962097230238,1.1524971054505777e-05,0.0014411883664177533,0.9753784591223684
83,0.015189822723993926,0.002437787005945813,1.1572817851820518e-05,0.005514142914761251,0.9768466745374472
84,0.02537487796587857,0.0027153330902142,1.160566951258518e-05,0.00930204874379284,0.9625961345306018
85,0.009714112767317044,0.00439453449480343,1.9066485574091688e-05,0.004576009944422812,0.9812962763078827
86,0.01304399439578997,0.002055780076122481,2.2776615816886695e-05,0.0016721641403837691,0.9832052847718868
87,0.006785527584139405,0.00329686319074068,1.527505543843608e-05,0.0029008889046992937,0.9870014452649822
88,0.021417919640942796,0.0024504343378510102,6.464921352572651e-06,0.01552395218887945,0.9606012289109742
89,0.006020069630520829,0.0010207653099675328,3.5371808572542637e-06,0.0021908256140227077,0.9907648022646317
90,0.05995500423682255,0.003803897172728133,3.1807700654564704e-05,0.011187430790639682,0.9250218600991551
91,0.04622522354324313,0.004144216079583957,1.7314581173210614e-05,0.014986602695253358,0.9346266431007463
92,0.004805879594533559,0.0014335771961240485,1.1770853083255232e-05,0.0009346057972099689,0.9928141665590492
93,0.06518367514741678,0.004876533900429653,2.2092679046310668e-05,0.01820644474163095,0.9117112535314764
94,0.11501930119703918,0.008783912013989564,3.0874748881632064e-05,0.029454738052239266,0.8467111739878503
95,0.18375309587586322,0.038333553184173495,7.433925341845887e-05,0.05393876945747944,0.7239002422290655
96,0.09051406033538273,0.15548849190645617,0.00019624723487157383,0.10305941883663411,0.6507417816866554
97,0.1349400251766503,0.13033137922101745,0.00029680672773131406,0.451088588308965,0.28334320056563606
98,0.05757314865576697,0.5976145002987586,0.0007563817125594395,0.1805417080122086,0.16351426132070648
99,0.03222605264223769,0.06387371760144656,0.00021501679015527555,0.08978322864520084,0.8139019843209597
100,0.1519524938836563,0.08796792275222998,0.00033787551854333285,0.20231491558238038,0.5574267922631899
101,0.10349284194232779,0.12404698870028463,0.00017711730607135852,0.19916398404825225,0.573119068003064
102,0.02615733069954305,0.02144720247437544,0.00010432389525540233,0.013520711076021735,0.9387704318548045
103,0.0236674132670482,0.014523764016032661,0.00011205199755789968,0.00849048396171373,0.9532062867576476
104,0.011297771234052892,0.006466059086962262,1.662086794681216e-05,0.004236495357386073,0.977983053453652
105,0.025516312453436503,0.006338262805849929,2.534009095320835e-05,0.004914902671121026,0.9632051819786394
106,0.03114981529061869,0.003558585522206484,6.427777466332158e-05,0.001863555438719606,0.9633637659737919
107,0.05285307922189299,0.009081471703316895,0.00012513564900825435,0.004306484940023687,0.9336338284857583
108,0.011816829065383068,0.0032681044501757465,1.1244104544398042e-05,0.003734996450825965,0.9811688259290708
109,0.02208945527396473,0.011292387414529304,2.5385205503393696e-05,0.021156169003751342,0.9454366031022512
110,0.008735872251531553,0.0006460929925494011,4.200025919223824e-06,0.0035030473536200456,0.9871107873763798
111,0.0029915287815250333,0.0003097586060320561,6.844210508852218e-06,0.000671215683420292,0.9960206527185138
112,0.0060725413672066,0.0005325714578401825,7.942462373969103e-06,0.000649276787130398,0.9927376679254488
113,0.007211218993558275,0.0007159116108691716,4.814974136703078e-06,0.0009207201037694766,0.9911473343176663
114,0.0014538916380341814,0.00021982717564998652,3.215852985300631e-06,0.0005165893843305849,0.9978064759489998
115,0.0016013980503381499,9.040714873190818e-05,3.0356958639270766e-06,0.0001074627854403836,0.9981976963196256
116,0.003838276406183211,9.894809674245026e-05,2.8084378920565114e-06,0.00012359620726278515,0.9959363708519194
117,0.011221570046472847,0.00030552924886316854,5.938361906752472e-06,0.00041773095678707866,0.9880492313859702
118,0.010740896554691832,0.000252915487702532,1.2812510651649911e-05,0.00031156711953913955,0.9886818083274148
119,0.011998208856380926,0.0002456166467766589,1.4612970064960578e-05,0.0006376988608588596,0.9871038626659187
120,0.015983848015919365,0.0007586634724780092,1.65481120275181e-05,0.0012746309452833868,0.9819663094542916
121,0.06526615671049388,0.0013051724060289768,3.123815404551607e-05,0.003951357033500106,0.9294460756959315
122,0.14823390811978762,0.002661494755630977,6.646811373850234e-05,0.008512869333622474,0.8405252596772204
123,0.23638619929018978,0.006197856609355034,0.0001293471188292531,0.021134217725110822,0.7361523792565151
124,0.3157240214589059,0.013212487914303565,0.00015585261875088543,0.03685580804767315,0.6340518299603666
125,0.48811394214552073,0.03016840691784365,0.00042293877563065485,0.055287271991565724,0.4260074401694392
126,0.6752703061857158,0.03632682923652966,0.00026682857375938927,0.043773326947889955,0.24436270905610502
127,0.649945349271268,0.12275407760400635,0.0002656140046657715,0.102671760073081,0.12436319904697882
128,0.4011626622831767,0.5182613093612433,0.001559014830583575,0.05494332797192764,0.024073685553068727
129,0.3495320032584579,0.6071139480074341,0.002193593349944305,0.021207390721428788,0.019953064662734825
130,0.05871542636180497,0.9349365855207192,0.002651224538211218,0.0011401985505702867,0.002556565028694131
131,0.018384032527307203,0.9785891717690025,0.0016604060539826754,0.0002874734549777563,0.001078916194729811
132,0.03890160256819304,0.9508252072853147,0.006590800519802641,0.0005664452429089481,0.0031159443837807284
133,0.04331264747509715,0.9500238869429709,0.0029254109053076143,0.0012100684516314732,0.0025279862249929226
134,0.026660278786456142,0.9674613621718897,0.0035518657381046043,0.0005182218877872106,0.0018082714157622137
135,0.061353675897340615,0.9246263072634822,0.007013030286356499,0.00016710844601677333,0.006839878106803886
136,0.017989968617616203,0.9679340526557298,0.011462548107206006,0.0002225817672419778,0.0023908488522062176
137,0.06591917348306293,0.9198278192523458,0.006478609181946476,0.000560004341077127,0.007214393741567698
138,0.17005987639739942,0.8101604450834374,0.0045649884639074635,0.0013668435032262306,0.013847846552029352
139,0.0509564476694819,0.9337711498055853,0.010776488667951934,0.0005870286401831261,0.003908885216797695
140,0.01656270240741773,0.9773365323951267,0.0031512173150070044,0.00014686427549371434,0.002802683606954845
141,0.015612976752506821,0.9741827941902339,0.006224070873573137,0.0002796690500818453,0.0037004891336042058
142,0.01124102385817945,0.9819998407194178,0.005213014539154584,0.00032247100801737096,0.0012236498752309928
143,0.011956070786586986,0.9775071684572305,0.008313816841845208,0.00031209105599436417,0.0019108528583430045
144,0.013488281951450784,0.9649333537516654,0.01766112129162982,0.0003791896073406337,0.0035380533979132256
145,0.032399881773542104,0.9390365941015567,0.020025718911205186,0.0012373299681512227,0.007300475245544895
146,0.03089556509403607,0.9575514482302994,0.008213538175567707,0.000692239496418552,0.0026472090036781344
147,0.031599657678162266,0.9441406019723414,0.020278450362486544,0.0004795683856845411,0.003501721601325195
148,0.019613049619539493,0.9159560474050352,0.05910302690502309,0.0004706501692543433,0.0048572259011480145
149,0.004243136098074056,0.9570921330259948,0.035581559187568425,0.0001943619529887565,0.002888809735374053
150,0.035003226840616776,0.911745387406678,0.04681448936515266,0.0025963321375292543,0.0038405642500233456
151,0.0036687876266496824,0.8153350715130506,0.17762513810503747,0.00047494196434390035,0.0028960607909183445
152,0.007554449669590041,0.8341480883759803,0.15223598372809025,0.0007589846238354882,0.005302493602504021
153,0.010708460644398295,0.925282924072985,0.0571043298883421,0.0013655615289447011,0.005538723865329934
154,0.008947701165360518,0.8962895713171873,0.0897382116788263,0.0011124811709480487,0.003912034667678047
155,0.005947507373344606,0.8940953959387709,0.09451376375382907,0.0008479942721995754,0.004595338661855783
156,0.0081444096829113,0.8499382751327832,0.13853874445071715,0.0007281124328736413,0.0026504583007149027
157,0.006977469765271357,0.8102889637968191,0.17916547867886817,0.0008031040332154634,0.0027649837258257553
158,0.007106198272682602,0.8178968836856619,0.16969059864265906,0.0008096011800758373,0.004496718218920515
159,0.006563051235178852,0.47464322245185164,0.5138091238936774,0.0005088715792429166,0.004475730840049183
160,0.004960880429672216,0.8045284232857052,0.18664960772925848,0.0007322749968528066,0.003128813558511415
161,0.0088604601323413,0.8646535778605431,0.12256773653540774,0.0007051851926329175,0.003213040279074924
162,0.0036494138694608633,0.5996752026224453,0.3935566804313833,0.00033220060656799613,0.002786502470142609
163,0.0024022715075856338,0.5084133894961864,0.48693316927995844,0.0001833366690098689,0.0020678330472596244
164,0.006322208888049181,0.6947685558256802,0.29374767112958966,0.0013758334834701308,0.0037857306732108314
165,0.0019209695981042066,0.3392889473497641,0.6561684123852781,0.0002872011413108138,0.0023344695255425522
166,0.0050314430084262615,0.5568569463870494,0.435503055385999,0.0003286360212568427,0.002279919197268691
167,0.001680006643527124,0.486613430142016,0.5095037462493822,0.0002451446673723501,0.0019576722977021257
168,0.0029232436642442046,0.5336875476096876,0.4597569186059928,0.00045709996150777285,0.003175190158567483
169,0.0017696684793057085,0.30085217579121565,0.6949975023239939,0.00030888938764045323,0.002071764017844265
170,0.0033395918796167183,0.452431965392493,0.540796683571848,0.0004136424862312439,0.0030181166698110473
171,0.004271443996418417,0.23938205215437447,0.7522741804268752,0.0003678017245581455,0.0037045216977736987
172,0.007859354898276308,0.573644534453926,0.41358981430574965,0.0014002890502432194,0.0035060072918045833
173,0.003098787420207708,0.46647103661149525,0.5275714322667894,0.00039702115864867325,0.0024617225428591825
174,0.003640487542073456,0.4950198537577357,0.4973260377901811,0.0006443333440242328,0.003369287565985601
175,0.000761192985650195,0.19926021839776978,0.7986284150603741,0.00014049181668585395,0.0012096817395201658
176,0.0007306739756134988,0.2764907504280922,0.7210296868453578,0.00018716510938343944,0.0015617236415530267
177,0.0030077765065418156,0.4751455783370794,0.5181612725162136,0.0005601549302577803,0.0031252177099073734
178,0.002194529277163994,0.6021234688458149,0.3922037943694894,0.00045842699888701873,0.0030197805086445567
179,0.0031093741539808496,0.398699590116919,0.593807706354791,0.0007810776153111776,0.003602251758997899
180,0.005889785590717076,0.6679541847616135,0.31847814554631465,0.0020219554730330834,0.00565592862832172
181,0.05808531985387365,0.8370131172943271,0.05597510565953905,0.025478556936898985,0.023447900255361368
182,0.16029077331988256,0.6807418441169978,0.04756285254632794,0.0953048056485083,0.016099724368283476
183,0.134505198639729,0.7698520637534588,0.0203117884096119,0.06461587859734504,0.010715070599855445
184,0.173371498909713,0.6308309266809821,0.008687981501887715,0.17330806017855202,0.013801532728865291
185,0.12172417111510968,0.2691584868362653,0.0023345915453975028,0.5926948375039116,0.014087912999315921
186,0.0513927722213225,0.1239658996427086,0.0006248903465756305,0.8179896026111653,0.006026835178228005
187,0.0596289987894053,0.05342531071388759,0.00041312962442977854,0.8774489870737562,0.009083573798521044
188,0.02250530410069706,0.026178617063283696,0.00014188437873354233,0.9471490842608654,0.00402511019642008
189,0.03170393071880473,0.021552702662078756,0.00015703235059846482,0.9408383841188048,0.005747950149713289
190,0.01995525206941454,0.019847599653415295,0.0003053481687849735,0.9553057506846745,0.004586049423710656
191,0.01794274213713154,0.008938487202531358,0.00017186779881208286,0.965359125210595,0.007587777650930056
192,0.022705611406611065,0.010306959122492076,0.00018583614084571277,0.9617167988413401,0.005084794488710844
193,0.01778501232314406,0.01657118617370445,0.00026246345715298647,0.955455758257657,0.009925579788341512
194,0.02943746807319261,0.01739496323776766,0.00034749608002619583,0.9475666701264608,0.005253402482552763
195,0.024012305418679325,0.008627751357401847,0.00010114526473313444,0.9610846025361736,0.0061741954230120554
196,0.03567256967160893,0.013009220992004463,0.0002274823137217998,0.9413634131150758,0.009727313907589017
197,0.018396794381223765,0.014346926207119413,0.00021988945142427366,0.9637227355388752,0.003313654421357263
198,0.02156531584318568,0.011621493614248125,0.00021468298517106392,0.9615652167514092,0.005033290805985783
199,0.02662834877874592,0.01338001230265325,0.00020475463280881237,0.9543741560662515,0.005412728219540316
200,0.02875944439114608,0.014311008473785214,0.0002251616121313527,0.9483767347328435,0.008327650790093953
201,0.023144746050911807,0.011928912462904501,9.950968489528737e-05,0.9612101166067268,0.0036167151945614437
202,0.01774227801974224,0.0247628077346291,0.00015758430350883073,0.951242521442137,0.0060948084999830066
203,0.0063159886893862744,0.015600962989058316,0.00019534928222203596,0.9757197242837435,0.0021679747555897444
204,0.01738439777332639,0.01750752642132321,0.00010709023174211347,0.9608730800309981,0.004127905542610152
205,0.02198002334502414,0.01771305279467051,0.0001993226298820273,0.9564253603746573,0.0036822408557659783
206,0.01824448092473545,0.013883319227687345,0.00017546037447750898,0.964728272073988,0.002968467399111627
207,0.016150093201079525,0.012984831299658422,0.00014309928325731492,0.9681110514676563,0.0026109247483483127
208,0.01941484152520278,0.021479649773469184,0.00040483180152025677,0.9552224527644521,0.003478224135355767
209,0.05233889816377775,0.022881790670052676,0.00039035478884135496,0.9114811600016302,0.012907796375698038
210,0.02109739299630979,0.008968945553577953,0.00015154026463518543,0.9645151551413175,0.005266966044159703
211,0.0171712218767209,0.012451530282454468,0.0001708408230241137,0.9666656904473508,0.003540716570449478
212,0.025383649073495256,0.011726093437922212,0.00019447807464577924,0.9568630130009017,0.0058327664130350875
213,0.01807104521679237,0.01066020459147676,0.0001542653830869771,0.9619473574695732,0.009167127339070836
214,0.03610835432840393,0.013805766475276019,0.00017477532482801337,0.9391382008311394,0.010772903040352437
215,0.03621215559006821,0.009060061674366305,0.00011769463041819126,0.949848695586195,0.004761392518952128
216,0.031971420006597015,0.019574327284745906,0.00015977248424310704,0.9432760820551257,0.005018398169288313
217,0.0478371918738071,0.012949835366745535,0.00020807582652494625,0.9327381379250737,0.006266759007848736
218,0.04188141325766264,0.01942894966969898,0.00035190814474452784,0.9288557773172783,0.009481951610615526
219,0.03433760885756882,0.02462905826676143,0.00039016321497190596,0.9320695168475175,0.008573652813180267
220,0.017909725734272023,0.011888343060176226,0.00028667018603038727,0.9630376312838771,0.006877629735644222
221,0.01565670671794582,0.00805310845196917,0.0006901396878962865,0.9641556191918864,0.011444425950302256
222,0.022074282444098474,0.01285958722148243,0.0007628308308511166,0.9475734236714901,0.016729875832077804
223,0.01436560601201722,0.007129418262475641,0.0002703408721423028,0.970157793910708,0.008076840942656939
224,0.016497364333568,0.009714320093565702,0.0003115106437202526,0.9690015970700899,0.004475207859056016
225,0.010743309837431884,0.008267517843268485,0.00020695275422008558,0.9772907495359486,0.003491470029130889
226,0.01354004622034395,0.004483407916245538,0.00010627644048777926,0.976896903099965,0.004973366322957726
227,0.01754416489624969,0.010018799069197492,0.00034006285999014325,0.9683912947960424,0.0037056783785203167
228,0.016808090720900084,0.007232115896448247,0.00031418366741499686,0.9706407121342709,0.005004897580965573
229,0.009586597241499507,0.009143173870486994,0.0005081326713314234,0.9782909128802667,0.002471183336415378
230,0.021015985392088488,0.017842468719275757,0.00229161866217396,0.9533695574623908,0.005480369764071098
231,0.009397197544534825,0.01042511763255988,0.0006776349371121738,0.9768133623142073,0.0026866875715857086
232,0.01341024244131245,0.009747392153994108,0.0014425020380071708,0.9702497762828091,0.005150087083877213
233,0.011032873236462789,0.006298032284455698,0.0012926622651946004,0.9761494798173137,0.0052269523965733115
234,0.0040063743166746536,0.0051159329794134385,0.00030225279587228965,0.9884325369717587,0.0021429029362809893
235,0.007322092996858062,0.0054745067235585955,0.00033255986349253985,0.9826794544558218,0.004191385960269112
236,0.0063714112908787755,0.004266195682313275,0.00012576302141406026,0.9852255869951548,0.004011043010238973
237,0.021138197945067914,0.008703520843786955,8.044760036464614e-05,0.9596611689239376,0.01041666468684295
238,0.0678001556220161,0.018449505590063423,0.0001531627935042393,0.8979956138461852,0.015601562148230852
239,0.22475178829090664,0.07502722444320245,0.00015564859795484982,0.29574833962351293,0.4043169990444232
240,0.5960777701872937,0.11597322460848146,0.0005540855078283191,0.23787954774155806,0.04951537195483855
241,0.3108979386433148,0.24366667713299145,0.0005536805466365012,0.4167288761312207,0.02815282754583661
242,0.45740349500802274,0.148784246924115,0.00047354119895397565,0.35924477734015103,0.034093939528757375
243,0.11584700579213998,0.5196371535483365,0.0006849539652622846,0.34180725573588344,0.02202363095837762
244,0.09353208500015954,0.3529147368461054,0.0003837198187304556,0.5214741052064034,0.031695353128601174
245,0.13071102259109085,0.203610195370646,0.0005736091176272154,0.5449394071933211,0.12016576572731491
246,0.18805938231017816,0.24416209733965943,0.00041784876185529425,0.4574267614635505,0.10993391012475665
247,0.14335698009593198,0.6237521157156377,0.0006326304302336621,0.17988800054268939,0.05237027321550732
248,0.2844775428559309,0.1505532317701034,0.00018606274946517137,0.4273810052137845,0.137402157410716
249,0.06380769958776467,0.6373668463817517,0.0007306431217983256,0.27265822900580333,0.025436581902882015
250,0.15066106718013864,0.11010543871586867,0.00017439430439543266,0.1810761194466537,0.5579829803529436
251,0.35623268304322936,0.23089632989468853,0.0004055467755780375,0.31049504122941884,0.10197039905708527
252,0.3269884580466935,0.1966778417471319,0.0003061092478201329,0.4252592596666753,0.05076833129167895
253,0.5900499634157294,0.17111898375263626,0.0002442380416250989,0.12611192681245392,0.11247488797755538
254,0.47699254945850766,0.3024942562327349,0.000403074997849382,0.2044313195491363,0.015678799761771684
255,0.018748440801953793,0.9686072848803581,0.0003472809583178305,0.01052946942163756,0.0017675239377327099
256,0.008962875545029225,0.9820051633822017,0.00041875200514219146,0.00734180696759702,0.0012714021000298633
257,0.10621394126515021,0.808335604130017,0.0005362884761300746,0.07467465532126039,0.010239510807442323
258,0.08977909370614601,0.894746367899575,0.0005739645857486408,0.01139697095709325,0.003503602851437076
259,0.028308416672363786,0.9658187192956943,0.0015429843863414153,0.0032371968673444973,0.001092682778256027
260,0.02164310932493441,0.9739770103986588,0.0003418659179615737,0.0016233194882738402,0.0024146948701713957
261,0.01184039896394804,0.9809371409021646,0.005510277117191827,0.0007178800247422701,0.0009943029919536796
262,0.008532808620590228,0.9845449355981012,0.005750064676798711,0.0005497652806764957,0.000622425823833028
263,0.004298959094615622,0.9880868780885432,0.006225558640939448,0.00041260387018570354,0.0009760003057161023
264,0.018622817443781383,0.9697516300759764,0.0075727417832006354,0.002271742438462265,0.0017810682585793153
265,0.006339985052235656,0.9826162754580728,0.009698345731846192,0.000631443396079277,0.0007139503617657654
266,0.00864319509284213,0.9806597077453727,0.00846586539373572,0.0013888745521413953,0.0008423572159082181
267,0.010593442451733954,0.975028652148302,0.012493815826408664,0.0008062271869077722,0.0010778623866478346
268,0.0017049558209978229,0.9754447326455649,0.022188678492727536,0.00022101079399950422,0.0004406222467102722
269,0.004009702424192288,0.8990714713269065,0.09491599055388854,0.0008710080468020545,0.001131827648210752
270,0.016389297216673076,0.9116769570666664,0.06714191817556112,0.0023565704418876776,0.002435257099211777
271,0.011936510004093796,0.9275277373759304,0.05657229004205846,0.0012392538535292625,0.002724208724388039
272,0.010340278074438334,0.8781854036270766,0.10923463158648003,0.0009984984870267505,0.0012411882249780926
273,0.006004246241460969,0.8528444324471951,0.13816548282741128,0.0010039529171593678,0.0019818855667732235
274,0.00862332483523786,0.9080204335713346,0.08082916781391597,0.0010264237112042475,0.001500650068307176
275,0.016817514856644393,0.9473555589243466,0.033149754643271946,0.0007982886335905488,0.001878882942146297
276,0.0033952652570425155,0.7021165118287164,0.29300043756961,0.0004806133551111317,0.001007171989520218
277,0.006584281856248795,0.8935141002751568,0.09571298172159858,0.0010865192405654879,0.0031021169064302094
278,0.008394144023501629,0.8683723015993585,0.12014553708278657,0.001085138526186083,0.00200287876816728
279,0.005234133790022444,0.7808832498507001,0.2112276808167595,0.0010247159199880975,0.001630219622529802
280,0.03709507937312091,0.9248211080452454,0.029494217250168365,0.0021082395490685107,0.006481355782396948
281,0.04752439558682922,0.9122498044185029,0.032908607804085645,0.0031817941148550425,0.004135398075727153
282,0.0062113615848152035,0.9667317392231398,0.024197679095915418,0.0010449571384376869,0.001814262957691878
283,0.09340456921788347,0.8770152372118242,0.015912847737485015,0.0034717774370022865,0.010195568395805106
284,0.014047818144468484,0.9201230333655707,0.06195789624315504,0.0016883404422654855,0.0021829118045406503
285,0.008643271901586315,0.8113789841338317,0.17541900793888954,0.0011580654603061556,0.0034006705653861612
286,0.0049374723710220335,0.7100755273213142,0.28282076337973605,0.000556741491812279,0.001609495436115335
287,0.0026486453383242413,0.6491091008913265,0.3465009305427768,0.00036991210867047785,0.0013714111189019656
288,0.002908734439387549,0.5425037898230749,0.452891120048691,0.00031029236805719647,0.0013860633207892954
289,0.013211969232039903,0.7172446650109435,0.26458607034522,0.001697059762731816,0.003260235649064693
290,0.005588160050722342,0.5835968913974215,0.4087407167375215,0.00044736178492704373,0.001626870029407524
291,0.003359113961692283,0.4005356834864598,0.5931990866420932,0.0005159052241588361,0.002390210685595807
292,0.0015424171878109193,0.46166149284854385,0.5351089612946285,0.00018009283836940406,0.0015070358306473097
293,0.00688594854427197,0.6457920272386048,0.3420759461542568,0.001758443349881286,0.003487634712985132
294,0.0023897237760425057,0.536572321039881,0.45805363079110867,0.0005042883486228014,0.002480036044345136
295,0.0010321307800886014,0.4505094048574603,0.5465183029860016,0.00019782754498887776,0.0017423338314607089
296,0.0008045108863930717,0.40862233075814525,0.5882392762637106,0.00031172484776294994,0.0020221572439881592
297,0.0005298312179855763,0.1958886895676284,0.8023713371682776,0.00013303558669606767,0.001077106459412326
298,0.0014773988310867543,0.25190796826792183,0.7444520653888648,0.00034156720849014125,0.0018210003036365201
299,0.0010536141722675462,0.2989187696143614,0.696833074511576,0.0003922172420695838,0.002802324459725456
300,0.0013733146651181967,0.2957877305027192,0.7006685005872201,0.0002928879367277139,0.0018775663082147842
301,0.0005799109910935132,0.18190755105843934,0.8157195592558143,0.00024501558129124925,0.0015479631133616363
302,0.0006321727284529105,0.14923952977254892,0.8476585532429832,0.0004498805195917005,0.0020198637364231766
303,0.0017484675630336482,0.0937066917403587,0.9026749259189715,0.0003821804574416385,0.0014877343201947348
304,0.07630122297542442,0.6843322816016784,0.13630849637600229,0.008107971094913024,0.09495002795198192
305,0.021096189771023465,0.8930818390930374,0.0707450995964627,0.0071399970523408655,0.007936874487135617
306,0.006713302259826272,0.8281775835145845,0.15944577153079534,0.0018488050327139425,0.003814537662080032
307,0.011848402832485378,0.8451875584564852,0.13815839540308147,0.0012984839710713971,0.0035071593368764314
308,0.002221784384473212,0.6748116187026996,0.32105578772431353,0.00048450641244864864,0.0014263027760651446
309,0.001497727840901797,0.47376875874415697,0.522932194960548,0.00036680158693774834,0.0014345168674553825
310,0.0033976695333250272,0.49708858149041807,0.49473886862214494,0.0009610704945086153,0.003813809859603258
311,0.0006119638868504613,0.26753997721053296,0.7304495358454134,0.00017828889232654157,0.0012202341648767441
312,0.0006941277183834146,0.38737922630472366,0.6104435636423113,0.0002388289179929427,0.0012442534165886807
313,0.0013562964239987908,0.3853131406001472,0.6105845851722912,0.00043742460209629367,0.002308553201466561
314,0.0002921818584296121,0.22998611699076074,0.7683391352783221,0.00014287000718253212,0.0012396958653048383
315,0.0007377425477934665,0.17874246580368122,0.8172035839982746,0.00066237014150585,0.0026538375087450804
316,0.000646951213083518,0.0380489206620074,0.9589982651843902,0.0002830184659152052,0.0020228444746034882
317,0.0006280623382483389,0.2505369464225355,0.7471433398807136,0.0002329547443018989,0.001458696614200635
318,0.0006584063838645295,0.291927916251795,0.7052420119760366,0.0002706765640306253,0.0019009888242732496
319,0.0015662427216744663,0.47631104612806763,0.5190715059354467,0.0005186351946319151,0.002532570020179375
320,0.0009150685655557433,0.08548594771473209,0.9104775079767127,0.00032727342531094135,0.002794202317688541
321,0.0005130195059344309,0.0907543044326109,0.9071279139601809,0.00020137359646734462,0.0014033885048065195
322,0.0012319161819228227,0.26222928764286,0.7332800583167582,0.0007684723272801085,0.0024902655311789773
323,0.0014076121513859033,0.14487632929465943,0.8514931764389434,0.0002838430299811501,0.0019390390850300995
324,0.0005110563907172151,0.19737455256710523,0.8003533201720863,0.00034773535803431433,0.001413335512056959
325,0.0007930321170063735,0.29735188641018245,0.6994456351101367,0.00036271365730914816,0.002046732705365294
326,0.0005730375425166249,0.21779659748346913,0.7801468799157104,0.00023432389449327135,0.0012491611638104857
327,0.00047817669403853636,0.11096771481222342,0.886975442107705,0.0002014176050200075,0.00137724878101315
328,0.0005469141075184914,0.2613508972315691,0.735371769155575,0.00043858288805626256,0.0022918366172810195
329,0.0002990990761395204,0.11147330387828498,0.8869145446944426,0.0002051725368292778,0.00110787981430374
330,0.0017643492310639999,0.15191703233817117,0.8380180064797553,0.00044461445652179814,0.007855997494487703
331,0.0015362603633758878,0.2347278962151801,0.7608638119289861,0.0003408563094244079,0.0025311751830336547
332,0.0004194640947028983,0.19541739665816607,0.799289670781816,0.00034870705021591126,0.0045247614150989955
333,0.0006742117715366804,0.3496757610449691,0.6476795980279861,0.00041603804931309807,0.0015543911061950114
334,0.0015754142229784975,0.27001876284926707,0.7254148490085396,0.0005301156996580579,0.002460858219556827
335,0.00044659222095242763,0.1374882414474621,0.860496139656208,0.00041947657244805365,0.0011495501029292537
336,0.0010996916645975756,0.3784982200677133,0.6168890106396425,0.0012485059746851956,0.002264571653361357
337,0.0007850685135506018,0.21822126369643088,0.7767391433107302,0.0014435171694245068,0.002811007309863917
338,0.0037513597176225114,0.3420733973356592,0.6478503584292682,0.002412847741238153,0.003912036776211856
339,0.09510163141747663,0.6466430695209612,0.044421831623705534,0.03907784252026974,0.17475562491758684
340,0.15775745326920027,0.627800864974873,0.11728438834948271,0.04870562652121089,0.048451666885233106
341,0.06529575137644868,0.09183356082075637,0.0004424506825130787,0.004557707217651043,0.8378705299026308
342,0.5278518114017995,0.12228832433883119,0.0015157690269685302,0.023612667984532563,0.3247314272478682
343,0.608720118025306,0.19369463669838427,0.0007676064304656247,0.012674786008363182,0.18414285283748094
344,0.47633098066915047,0.4745555395505326,0.0018076552906897258,0.003937678678436444,0.04336814581119086
345,0.3882984450142094,0.5112015403688148,0.001043999285710738,0.005384187282697164,0.09407182804856784
346,0.1575950694514533,0.8309132468319493,0.0008556484375686514,0.003126221255841604,0.007509814023187199
347,0.15759307443523474,0.8223400665434489,0.002158156292346039,0.004730991146422436,0.013177711582547871
348,0.07492506046174593,0.9166350350315398,0.0015150104478960816,0.002551130683380053,0.004373763375438171
349,0.04028432093934651,0.9545607737555656,0.0009330213213471345,0.0013674262231927207,0.002854457760547989
350,0.04076221622188809,0.9496085185826908,0.0049658356654038414,0.0024122715260067266,0.002251158004010498
351,0.0840079770256045,0.9086730672417069,0.001102106002337869,0.0020286883819882816,0.004188161348362397
352,0.07852809298527283,0.9151704402596492,0.0012966210375531303,0.002586904532198903,0.00241794118532583
353,0.05203001508120846,0.9397774168563636,0.004990591546666226,0.0010949994268260254,0.0021069770889356127
354,0.021836618953292815,0.9633774451212719,0.011792743168411403,0.0007679271516368612,0.0022252656053870852
355,0.05823971401376327,0.9269672886597845,0.010019815062426258,0.002335074925033696,0.002438107338992241
356,0.07093920478531449,0.9170946686843132,0.007530689509955675,0.0015453394786518714,0.0028900975417646634
357,0.04573323084368266,0.9305302486251796,0.014589167859304142,0.0024103605144432283,0.006736992157390241
358,0.053260680319553624,0.9400683966201548,0.002064400940269945,0.001084019038322237,0.003522503081699274
359,0.07794955008592803,0.9122142476982295,0.006111445623399553,0.001237508996926223,0.0024872475955168435
360,0.01745045464755578,0.9478083730012512,0.03196724590503548,0.0006941476352735934,0.0020797788108839364
361,0.020420692957045482,0.958674550318632,0.018701403654438398,0.0007346658565409575,0.0014686872133430778
362,0.006852442686271135,0.9511862700250494,0.039222482321346126,0.0006789764381613337,0.0020598285291719997
363,0.015708519964896507,0.9425348932031025,0.03772647900253198,0.0010405212450400243,0.002989586584429101
364,0.018973060622104986,0.9241456467681519,0.053588217661799595,0.0010178615930928972,0.0022752133548508066
365,0.009057439060499328,0.9194670573445187,0.06650943935348501,0.001017065205933355,0.0039489990355634315
366,0.0076624333177728,0.8635018062656911,0.12613064378915068,0.000731076536076768,0.0019740400913088397
367,0.05883206262061997,0.8832056063011192,0.03084489462621367,0.018209022871291145,0.00890841358075599
368,0.022966658116955637,0.9180712362908867,0.04141343890981806,0.012488916732489908,0.0050597499498496405
369,0.03900705167279586,0.9045233214558688,0.027521673387044907,0.02415148094692958,0.004796472537360895
370,0.0638218647749017,0.886823246856815,0.007741723744239088,0.035408203054475555,0.006204961569568779
371,0.2068015787018178,0.45980900964972804,0.0029634590332575043,0.31896043245671873,0.011465520158477838
372,0.0460341067337384,0.18278907248043316,0.0006065502483360105,0.7664862639683869,0.0040840065691056795
