epoch,N1,N2,N3,R,W
0,0.0006048101736566755,4.9346245144638474e-05,3.5226190221469684e-06,0.00022080816663439247,0.9991215127955422
1,0.0006662556650263536,1.2361218701341192e-05,1.666801768035573e-07,5.92539754384786e-05,0.999261962460657
2,0.0002651745115012056,1.70850939189766e-05,1.324331637993594e-07,3.607647338366107e-05,0.9996815314880324
3,0.00027899604911569485,3.9340864267052544e-05,6.440940914253076e-07,4.387639142219022e-05,0.9996371426011036
4,0.001541612885331523,0.00024406564576909338,1.0934991379931249e-06,6.295891729067029e-05,0.9981502690524706
5,0.006380460369144413,0.0004410279751387144,4.311221120965172e-06,0.00023220147953216064,0.9929419989550637
6,0.010821651615155616,0.0013176276135014543,7.46120035980488e-06,0.0005816801299912565,0.9872715794409919
7,0.04916853023466359,0.013611341775889277,1.2464960944999091e-05,0.0013251661612042464,0.9358824968672979
8,0.03985573831199593,0.01936610714176236,1.4391278953357905e-05,0.01022222251919689,0.9305415407480914
9,0.036601203666442254,0.010442105998289137,4.794476309278663e-05,0.008742465873183993,0.9441662796989919
10,0.08042306066244725,0.023148166853850762,0.00019150595815552914,0.0009578452410988782,0.8952794212844476
11,0.006040637973950838,0.011669651353087859,0.0008417679775111886,0.0003001194294565858,0.9811478232659936
12,0.00973630200554635,0.019724228831930857,7.3779294654841e-05,0.0011454019760307487,0.9693202878918371
13,0.0034532211904845394,0.007479610216430818,0.0002772593862766856,0.00011384206267211473,0.9886760671441358
14,0.033896510692090924,0.059256662042063805,0.0001573334801397663,0.0005511569820208603,0.9061383368036847
15,0.027589598637959834,0.06908038195998997,0.0006187822870600215,0.0006315733358439129,0.9020796637791462
16,0.029317823438042796,0.027095766101762266,0.0009700282941404207,0.0012732615113147652,0.9413431206547398
17,0.03590600901170538,0.08363999568422895,0.0011641780752234617,0.0014206896065102445,0.8778691276223319
18,0.008922396404851603,0.04013282607872019,0.0005957950364767056,0.0002562616482677656,0.9500927208316837
19,0.0028422312064344197,0.005418138256356988,0.00017013025454334539,3.430893803650332e-05,0.9915351913446286
20,0.006590867693251776,0.014553652810370321,0.0005421691601920844,7.260599863469046e-05,0.9782407043375511
21,0.0023337129809082716,0.006569851556977215,0.0027112282746693923,5.112696941868046e-05,0.9883340802180265
22,0.0005477042183206001,0.00194239288400323,0.0005166184807618513,7.194929262797539e-06,0.9969860894876516
23,0.0007978236210916998,0.004758493962727881,0.0011612528321245604,1.1074408336555488e-05,0.9932713551757193
24,0.0013776195414895345,0.03592687554369393,0.006377830059798784,2.5230041442030255e-05,0.9562924448135758
25,0.0007961460275305386,0.004039192947378533,0.003546378368676122,1.2980915801751512e-05,0.9916053017406131
26,0.0010041378067463234,0.002503803779026422,0.002924326811673691,2.9706087175576013e-05,0.993538025515378
27,0.0004842321838475881,0.0009322601904211842,0.000916109876568312,9.171296851617471e-06,0.9976582264523113
28,0.0005001826137961694,0.002348279119630069,0.005888459044641818,1.4014544210445729e-05,0.9912490646777214
29,0.0007444114323645943,0.0006557691501423959,0.0048910152715360795,1.9559237404152262e-05,0.9936892449085528
30,0.0007493707016710688,0.0009930853690311874,0.0006328210244091335,9.931876390713827e-06,0.9976147910284979
31,0.00018068998763881607,0.00033376406485743747,0.00010176768205016803,2.975828479452199e-06,0.9993808024369741
32,0.0006418130861729683,0.0013456500127146664,0.0020360883232872877,1.4612629628190824e-05,0.9959618359481969
33,0.00023403616502873996,0.0002534028700082528,3.678503653844979e-05,4.149733468112094e-06,0.9994716261949563
34,6.114447936503506e-05,2.1812756550925294e-05,2.032574224206253e-05,7.229403103428593e-07,0.9998959940815315
35,0.0011598253606908263,8.921131250804276e-05,3.447111614272795e-06,5.739165325644932e-05,0.9986901245619304
36,0.0018717769473871448,0.00016792057869197745,1.6656217546672544e-06,0.00020898722882951336,0.9977496496233368
37,0.0021435393296963617,0.0002483474332734936,8.25864045527073e-05,0.00015671117573310488,0.9973688156567443
38,0.00226377013738758,0.00017473819237947508,1.691878104705183e-06,0.00018713032857781256,0.9973726694635504
39,0.012312711942882906,0.00025193350906469234,3.1947091120900126e-06,0.00015350607926906256,0.9872786537596712
40,0.008817065806912333,0.00033716046813621233,3.6813347397326917e-06,0.00019589243329166928,0.9906461999569202
41,0.00033325741013559893,0.0004095562647291683,0.0004028327759424209,1.745118581108584e-05,0.9988369023633817
42,0.001292521184989011,0.000799912492232969,7.902927081578992e-06,9.190124819497527e-05,0.9978077621475016
43,0.00874802337897883,0.0007809191485296567,4.5516332888723146e-06,0.00033841566398728947,0.9901280901752154
44,0.006114320697460328,0.0011866400844668687,5.322258137407662e-06,0.00015676951156472967,0.9925369474483705
45,0.0009252605316937373,0.0001977848586977408,5.469790443387319e-05,0.00024063582605724643,0.9985816208791174
46,0.006394432358944651,0.0002786616959205358,1.4483260513528644e-05,0.0004303582368171087,0.9928820644478041
47,0.004241944941538642,0.0001205818401113208,1.1768779661612784e-05,0.00045524665925234144,0.9951704577794361
48,0.014844991362789457,0.0002341050063459978,2.1392150450750736e-05,0.0003529047914931328,0.9845466066889207
49,0.004583589921643646,0.0007561645332260661,2.8501941684728774e-05,0.00036903710174261825,0.9942627065017029
50,0.002060058284368794,0.00011425447602068098,2.8033435451055826e-05,0.00022550189655595436,0.9975721519076034
51,0.010564191667125402,0.00028831414874852773,1.3459036856294378e-05,0.00034572948472197113,0.9887883056625478
52,0.007641500587483284,0.00023233485779561896,1.1365942146974422e-05,0.0003184291018619839,0.9917963695107122
53,0.0011056987319087476,0.00011577388148520403,6.1135398786217705e-06,0.00010627268466947704,0.998666141162058
54,0.0023638901024957003,0.0005707851256108558,1.9853076250518707e-05,0.0005849249841647568,0.9964605467114782
55,0.01082736168273408,0.0004831584598896772,5.085357265005901e-06,0.0012016412341054534,0.9874827532660059
56,0.010318403010328577,0.0005619037950869801,6.373281599911394e-06,0.0012330231358406898,0.987880296777144
57,0.00018483000839519554,0.00032569853585050516,0.0001391778041633107,7.318948941864553e-06,0.9993429747026492
58,0.0015815578642880016,0.0010433852196364331,7.142153113893202e-05,3.234444479799198e-05,0.9972712909401386
59,0.006481224848952941,0.0010944204992184487,1.6451748209381955e-05,0.00043778230514443425,0.9919701205984747
60,0.007694172369885482,0.001005021151195742,1.4361089155655703e-05,0.00033008764435826657,0.9909563577454049
61,0.022196984407140186,0.0030558446774128323,7.78757417431294e-06,0.0007233194075069702,0.9740160639337656
62,0.006519533384960826,0.002066912754440817,7.2159827837638915e-06,0.0016321381338289607,0.9897741997439855
63,0.0061317133067629835,0.0010606373703123644,2.570273753737821e-06,0.0011630325430935127,0.9916420465060775
64,0.009721777412631775,0.0007876834113932738,5.691888286081164e-06,0.0007011943996039133,0.988783652888085
65,0.02967696015453224,0.0011299083707892665,1.0228705114065371e-05,0.0022058815329213813,0.966977021236643
66,0.026922057718955283,0.0012515301886060733,1.3766179766244745e-05,0.0050835599782998835,0.9667290859343726
67,0.022157870052544004,0.0023173798861123723,1.1877048828111857e-05,0.006451466666201235,0.9690614063463143
68,0.00940887395082073,0.0006282472483688071,1.842839574698482e-06,0.0023094795163135185,0.9876515564449223
69,0.0031729646380894423,0.0006286183848139783,3.610275296344976e-06,0.000686621836052795,0.9955081848657474
70,0.015549979905320376,0.0007060707778108606,6.192354950861551e-06,0.001162954876110281,0.9825748020858076
71,0.04005049213498274,0.0014749283971671099,1.7827689781625543e-05,0.001455284327019481,0.9570014674510491
72,0.018991890622627135,0.0017543935747325549,7.703281119846184e-06,0.003380565764437128,0.9758654467570833
73,0.08617541838265931,0.003159283229636196,2.894850436008573e-05,0.0042049174637288625,0.9064314324196155
74,0.013082095925326375,0.0016460026645201545,6.315904932254435e-06,0.0022291694452687256,0.9830364160599524
75,0.016902264081563596,0.0010333691091675458,4.756964139845251e-06,0.003336820288909495,0.9787227895562195
76,0.004237475553174795,0.000644736971316918,1.960744195876319e-06,0.0026692950602051108,0.9924465316711073
77,0.030070680140970255,0.0014441900666388745,8.051420126518643e-06,0.004064669909629552,0.9644124084626349
78,0.0013269134195960824,0.0004986066324662425,8.011462966667658e-06,0.0006002163260281594,0.9975662521589429
79,0.002682769562101029,0.0007123600460610156,3.2819765983300812e-06,0.0008639297723806665,0.995737658642859
80,0.000657383910818717,0.00024711851383734117,8.330386018715556e-07,0.0011209865566866638,0.9979736779800553
81,0.01691061769649619,0.00044285072010581846,7.789326147265473e-06,0.0013841140755050847,0.9812546281817457
82,0.020213535005733387,0.0005556790045855324,5.386633189845032e-06,0.0012787852035982033,0.977946614152893
83,0.025817172200870524,0.000853184858738939,6.059777245525259e-06,0.0015842726933514289,0.9717393104697937
84,0.034609276126435023,0.0013852387463065988,1.3475920451030144e-05,0.010339912481846255,0.953652096724961
85,0.0031777712413110183,0.0005214060142725674,1.2546033164343565e-05,0.0011559822920960809,0.995132294419156
86,0.01988235693706558,0.007579793572766743,2.358490970474458e-05,0.006065831389397439,0.9664484331910654
87,0.09636894452695956,0.010719130534727816,1.6317671064462896e-05,0.026669767549387897,0.8662258397178602
88,0.0334867152551404,0.005169179034946547,9.143594043725591e-06,0.023123891377431677,0.9382110707384377
89,0.08035046337853385,0.011370442165040281,3.0172929113104834e-05,0.054079969046627256,0.8541689524806855
90,0.2716973087901816,0.020345398308217695,9.09122578139667e-05,0.10620432995307531,0.6016620506907113
91,0.3430068076355329,0.020181914155952725,0.0001136956481319387,0.12496397551849757,0.511733607041885
92,0.2945275616306988,0.04013690204415929,7.17377481705119e-05,0.290482759179736,0.3747810393972354
93,0.3034253940713437,0.07312688180576626,6.687879826716991e-05,0.3601821459729321,0.2631986993516908
94,0.29109148115337913,0.2541570917340907,8.733939160387034e-05,0.27781592614320955,0.17684816157771677
95,0.3138764700346355,0.1369618373864658,0.00010476864117365017,0.3575510261498937,0.19150589778783134
96,0.4810570772505333,0.15214062209630502,5.9730717430988355e-05,0.2720915451018466,0.09465102483388411
97,0.38086257131646506,0.40143458290417866,0.00024240300297494093,0.09124599797600585,0.12621444480037555
98,0.24413018881090406,0.6946603694651848,0.003003266537653196,0.011476029867072777,0.04673014531918518
99,0.3084907512707306,0.5212479125584003,0.0003615679786909391,0.13527930527697854,0.0346204629151996
100,0.14285729062375097,0.8037738603326743,0.0012210306688926421,0.03053424518172528,0.021613573192956915
101,0.14858775287373893,0.7775526658259867,0.006601085086273123,0.053941765808414754,0.013316730405586752
102,0.08212486402424916,0.8929898569136024,0.0018606997359539425,0.015133286414066407,0.007891292912128324
103,0.11233128522066747,0.8314570612912534,0.021046018054471052,0.026700345346846552,0.00846529008676144
104,0.06235550618201644,0.9053786120659,0.006159795018158861,0.019581560960501742,0.00652452577342275
105,0.0859632608188336,0.8588413056875421,0.008845891661043036,0.03791512055217886,0.008434421280402355
106,0.08470869183905393,0.8428921918072212,0.006413251102476719,0.060446616969394316,0.005539248281853728
107,0.08157644577912644,0.6858126331672543,0.21537857712308384,0.014565938064610373,0.0026664058659249864
108,0.018019753061672347,0.8913804407795265,0.08351176459841679,0.005345303655655952,0.0017427379047284211
109,0.03363409115438366,0.8433571555220145,0.1065831404849828,0.013230494690962961,0.003195118147656049
110,0.015581187604159778,0.8366819484084783,0.1401380248800664,0.004412769644509545,0.0031860694627861186
111,0.010956667338006714,0.578604162625678,0.40467563227443437,0.0035497961792367687,0.0022137415826441235
112,0.017425305187409503,0.6127457117098779,0.36100089372289323,0.004241706449398267,0.004586382930421014
113,0.010389191730555091,0.9144232636906344,0.06893399301487955,0.0036963750937525587,0.002557176470178178
114,0.007603300853158508,0.45677288147828954,0.531985784417562,0.0013131062778025178,0.0023249269731874717
115,0.008565595477524024,0.6656626198777664,0.3196773293448948,0.001088553073307431,0.005005902226507371
116,0.014889010752021224,0.7997262786428151,0.1789172414536808,0.002713010078394855,0.0037544590730880394
117,0.007616515121658961,0.4091326353031844,0.5794781632046524,0.0011296088438634475,0.002643077526640918
118,0.007875180572869197,0.3990259092311862,0.5887899386041597,0.0010768423624580817,0.0032321292293268113
119,0.0030607935720405152,0.5308064641961424,0.461150891103775,0.0007105800102670299,0.004271271117775071
120,0.006009423883185761,0.5723382787443371,0.41695118562155364,0.0014757191815149122,0.003225392569408468
121,0.0038049366018942225,0.3277301800596959,0.6653846222889948,0.0011201880138835977,0.001960073035531434
122,0.004230674711531237,0.49051001324487264,0.5017025234088714,0.0005082447757649497,0.0030485438589597552
123,0.007249879865469662,0.36770025916895244,0.6210500635303591,0.0008541075599659204,0.003145689875253045
124,0.006385860813575006,0.2865418437358907,0.702935737476255,0.0007887095199743616,0.0033478484543049457
125,0.0036727677572567243,0.23392170716597394,0.7591286614987716,0.0004089896859761097,0.002867873892021657
126,0.004097387813600636,0.2888695519456873,0.7027068478351435,0.0004040721781237648,0.003922140227444703
127,0.0037161265703973944,0.24654914513521226,0.7470101560296277,0.00029535127264118227,0.0024292209921214503
128,0.0019579567356021723,0.1515478980795299,0.8448690596176306,0.00015687844429601643,0.0014682071229412553
129,0.0048917616171583345,0.30720381367333044,0.68472728624859,0.00043209992536244685,0.002745038535558708
130,0.002050388230485992,0.15719091586746434,0.8400949306657409,0.000131935062301826,0.0005318301740069867
131,0.004157343139046537,0.15490320344610947,0.8386463357393952,0.00037683200660927835,0.0019162856688396783
132,0.0022365069392642845,0.19183518581122871,0.8030649198186024,0.0004857919943949534,0.002377595436509717
133,0.001160944996083548,0.1260165590624422,0.8719513222134785,9.734897066523998e-05,0.0007738247573305904
134,0.002448904027197347,0.07355869703223143,0.9221648738453538,0.00013929356811832018,0.0016882315270990457
135,0.0029902074435962846,0.18682411553978764,0.8071695809028815,0.0008216163011663123,0.002194479812568295
136,0.0032469278349483,0.07497582528779441,0.9201499812730884,0.0003953083998584891,0.0012319572043101871
137,0.0017554008083968133,0.092461591999367,0.904012590178901,0.00030259476813615505,0.0014678222451989407
138,0.004714026801104353,0.1804488199108392,0.8104034485971243,0.0011969579848336942,0.0032367467060983256
139,0.008806843407286404,0.19788139047369335,0.7874398391122908,0.0009122122564457313,0.004959714750283813
140,0.0035784854980293814,0.2074013301642231,0.7860118867037857,0.00035189684703581994,0.002656400786926019
141,0.003931611926447202,0.13246428572661081,0.8614412807942718,0.0002519559739409363,0.0019108655787291708
142,0.007886944985381443,0.3283211633191037,0.658029234662065,0.001179840030274888,0.004582817003175039
143,0.0014414441619417411,0.06534460617708043,0.9317120224372124,0.00015621069178690293,0.0013457165319784572
144,0.004800340634627962,0.16469154942299305,0.8253722925821875,0.000603275094077047,0.004532542266114488
145,0.00592728719576638,0.19767844354030373,0.7908519542326262,0.00031487772538572217,0.005227437305917952
146,0.005158688283779223,0.16300210250685648,0.8254784617330663,0.0007900679023951068,0.00557067957390297
147,0.003220987929495739,0.135062048351981,0.8585578002969081,0.00024936870144403537,0.0029097947201712593
148,0.0013752030661944477,0.10166051369098694,0.8956217460753756,0.00013086122037479425,0.001211675947068185
149,0.002653147185266584,0.1101772014383473,0.8848887186208128,0.00013901890564857404,0.0021419138499248085
150,0.0017940845215410532,0.10151939251516386,0.8941622569738978,0.00018871876001464466,0.00233554722938258
151,0.0014362029210177381,0.06864729129519727,0.9272746792481388,0.00014551361786303705,0.0024963129177832948
152,0.0032727625198088355,0.11177908999074487,0.8818088729353919,0.0003147667969717809,0.002824507757082504
153,0.001784314581882099,0.09194344732530556,0.9045332410396675,0.00010347777511377228,0.001635519278031055
154,0.0011518144450021724,0.07034605105683808,0.9272322454009215,0.0001426465241536499,0.0011272425730846185
155,0.0007550629441101737,0.03513178481021944,0.9633083328312099,9.4612411053771e-05,0.0007102070034066609
156,0.00180902200077576,0.0757733771485381,0.920179328227248,0.00012603812201225574,0.002112234501425783
157,0.0021823013713165897,0.14586553368992597,0.8485196945860787,0.0002822279989305804,0.0031502423537482023
158,0.0010354900681654078,0.051668668838341585,0.946131929617844,0.00010866172081392257,0.001055249754835183
159,0.0005982738154235191,0.0587728664718854,0.9396074315279033,4.7006438502776194e-05,0.0009744217462850652
160,0.0021725897881016863,0.08278757370323969,0.9122527162954311,0.0001887233854257391,0.002598396827801758
161,0.0017153474094845317,0.16381695344964287,0.8320580994915403,0.00015321004631336813,0.0022563896030190003
162,0.002940742916859079,0.10423037011917181,0.8905769664559132,0.00015428125428517314,0.002097639253770663
163,0.0012828195132279707,0.11384556366178673,0.8830284548124563,0.00013072817894903705,0.0017124338335800999
164,0.0007554942673076829,0.07183637726620457,0.9263637998766623,7.431543352677247e-05,0.0009700131562986557
165,0.0015855489626150209,0.12671021414497968,0.8698102045949063,0.00010407052373583325,0.001789961773763092
166,0.0020000368950811925,0.10973459092158178,0.8851901835475867,0.00012009293523183982,0.002955095700518406
167,0.001544971261747414,0.09519132019603542,0.9007783003722927,9.858555836502428e-05,0.0023868226115595467
168,0.0021848926087055702,0.12603210973862397,0.8695399849788428,0.00011315153159136992,0.0021298611422362864
169,0.0005298090083323734,0.04688505418176009,0.9517260847726065,6.58098183300132e-05,0.0007932422189711014
170,0.000683850329243806,0.06643769042179916,0.9315417391106179,6.112913731903237e-05,0.0012755910010200766
171,0.0025556353072113095,0.13510203704015927,0.8558755834169949,0.0001748500425153191,0.006291894193119064
172,0.0022653533230007723,0.0999673964040838,0.8949500881088874,0.00014816427648323726,0.00266899788754474
173,0.0016120699160449643,0.07678520107106283,0.9199741029703576,9.450845692847276e-05,0.001534117585606279
174,0.000915846631973742,0.08012988056856962,0.9161812336619971,0.00011941516783862725,0.0026536239696209308
175,0.001723838549505468,0.04813111396953018,0.948363128876141,0.0001387073254572206,0.0016432112793659133
176,0.0009852409917513528,0.05540241379702848,0.9426529515950622,7.809965798507463e-05,0.0008812939581730266
177,0.00034371724831852,0.029833756269363423,0.9692452508955827,3.9920265972251856e-05,0.0005373553207633311
178,0.001354865936439979,0.08278353326004656,0.9130638305778606,0.00015151452789317844,0.0026462556977597026
179,0.0017163597236867763,0.05750407109481276,0.9393341030969794,0.00011590247183137068,0.0013295636126895622
180,0.00045576023543093266,0.06268735246460734,0.9357068350500798,6.85256368205386e-05,0.0010815266130613458
181,0.0018263360032724461,0.05779007622804143,0.9387278286973201,0.00011092247681235688,0.0015448365945539126
182,0.000794254685717018,0.028335201438611186,0.9700251059082304,7.335004591424287e-05,0.0007720879215271458
183,0.0011700983975978475,0.04349268489286256,0.9538981386047456,9.179239088671214e-05,0.0013472857139074483
184,0.0014081889143303069,0.07303980069198814,0.9237466547867832,0.00011823680002974828,0.0016871188068685826
185,0.001031284507422581,0.024635589591932853,0.9733791655152538,7.713390021876318e-05,0.0008768264851720045
186,0.0007521869139987773,0.03593046374794571,0.9625505004728407,6.233001183697669e-05,0.0007045188533777524
187,0.001462957927839548,0.06474727110274207,0.9323822079258559,0.00011566296119622228,0.0012919000823662149
188,0.0005944424786735428,0.03178090769412284,0.9666976275711474,9.853701933585511e-05,0.0008284852367203717
189,0.0006947803340707167,0.039189423845781585,0.9593631546582405,0.00014418644966039413,0.0006084547122467824
190,0.002102873547855555,0.07180656228070517,0.924133390167848,0.0004707375020541111,0.0014864365015370832
191,0.0035083894180512635,0.13533281348595586,0.8576687184049646,0.0013324303587361117,0.002157648332292197
192,0.0061692569328916785,0.11966718545588435,0.8664937286647407,0.004389766263646229,0.003280062682836857
193,0.02049525341758108,0.28855883284395306,0.6591030423599678,0.015328567706616714,0.01651430367188151
194,0.12400268133592592,0.15041399852186338,0.0008744622285172614,0.07492285346392208,0.6497860044497714
195,0.3639295225274712,0.5175390351203425,0.003373747459507598,0.0857841220797059,0.02937357281297288
196,0.21424792284145566,0.7033441041504191,0.0010876831042687374,0.07077673352472393,0.010543556379132516
197,0.4741804781613895,0.4718318132517953,0.00047528719401896167,0.044536968231987106,0.0089754531608091
198,0.17297838605333427,0.7369299168252355,0.000600711370030211,0.07769571766506243,0.011795268086337594
199,0.09098596278795641,0.8552080643752267,0.0015708283111862504,0.03458555503994099,0.017649589485689555
200,0.07501825064205375,0.861173601415842,0.0016699895565322259,0.05826111445954462,0.003877043926027243
201,0.035252239849639884,0.9282432230284713,0.0048941689041483,0.026276023331583256,0.0053343448861573875
202,0.050875527038864894,0.8819921131507036,0.0031794094385966427,0.05697567912658642,0.006977271245248392
203,0.05796095804386614,0.8456691604571305,0.0015750156281574283,0.08603817312208206,0.008756692748763867
204,0.031036072274266982,0.9524798383453286,0.001465207774439276,0.011219188774346472,0.0037996928316187976
205,0.01584920795673636,0.9498740761470906,0.029081801464334023,0.0040637219790046405,0.001131192452834524
206,0.013005067642065172,0.9712751822784297,0.006763389367147402,0.006560135154073919,0.0023962255582837696
207,0.01829277595395942,0.8738167603799535,0.08718019014937793,0.015295245495145198,0.005415028021563792
208,0.014042778223720865,0.9559598585680262,0.014096808246793656,0.012384421370271232,0.0035161335911881885
209,0.0291190056748967,0.9098090057253274,0.008482629939460041,0.04966877369164058,0.0029205849686752493
210,0.004803275105165294,0.9785863992269196,0.012914530974544647,0.0023714010385773184,0.0013243936547929556
211,0.018976805284377878,0.9648972153852471,0.004538372816703291,0.009187648463541706,0.0023999580501300848
212,0.012949849155996226,0.9435594938671087,0.03050557479730451,0.011252726539111909,0.001732355640478669
213,0.009104203804257893,0.9514319353960771,0.031679684304009643,0.00533388716243521,0.0024502893332200766
214,0.01801296627329522,0.9396147849999618,0.011717616175304679,0.028529387382638008,0.0021252451688002372
215,0.005866588195229307,0.914712637042836,0.06040465591913031,0.0175781729659502,0.001437945876854149
216,0.17455883122354418,0.31937668576525097,0.001942958010858856,0.08164849141502602,0.42247303358531996
217,0.21881444474061948,0.6267148214315873,0.00042936588542574576,0.14897594001884384,0.0050654279235236585
218,0.02955928250838833,0.9525396829488455,0.0028044685671056698,0.012633529894877385,0.0024630360807832217
219,0.11149375897971082,0.8324582688147696,0.0013776471081517307,0.0509268133308198,0.0037435117665479004
220,0.012213931867640788,0.9690188832492594,0.0023711167652607475,0.014169664520414611,0.0022264035974243817
221,0.027205381981972154,0.8478492944538549,0.0006930779459227138,0.12011053944642769,0.004141706171822858
222,0.02854119647303338,0.9231555551123353,0.002624763661075217,0.03968725796617371,0.005991226787382476
223,0.016816375215838984,0.9346292013848787,0.008119072173033077,0.03515192921604768,0.005283422010201585
224,0.041917575956667945,0.7062735536895851,0.001309701034100109,0.2405888547839135,0.009910314535733149
225,0.06025218715691299,0.32443620102863535,0.00037637176371533014,0.6009650304730881,0.013970209577648263
226,0.062053161509255876,0.4233417973144029,0.00036231594988622083,0.4954549085125074,0.018787816713947535
227,0.06651858219051289,0.47263095290495494,0.0002724919707979676,0.4425438766166751,0.018034096317059115
228,0.18457992275504825,0.29741539380905985,0.00017611614042674654,0.503853393894945,0.013975173400520215
229,0.09500512245365775,0.29312377931443717,0.0004398988721237331,0.6038179335955384,0.007613265764243001
230,0.03653935476234106,0.09577792346398097,0.00011689837389176133,0.8643295698640572,0.003236253535729033
231,0.046131424033841316,0.07539961569091375,4.853520404112741e-05,0.8732618840068077,0.005158541064396154
232,0.03515691646354712,0.04548971078523179,2.835041983560115e-05,0.9157966490055743,0.003528373325811059
233,0.046818612758940344,0.19191952826121156,0.00021432284421313313,0.7458575083919536,0.015190027743681328
234,0.05693926453070836,0.06090439091344446,4.3796355644546065e-05,0.864051230267403,0.0180613179327995
235,0.05508596143753705,0.07319362696784039,4.0345701471160706e-05,0.8582639193057132,0.013416146587438183
236,0.040122891492219336,0.09087887926915925,0.00010287126000818859,0.8592907242824992,0.009604633696114013
237,0.03686337636567068,0.0718176190217558,7.641811735277771e-05,0.8825854717212614,0.00865711477395931
238,0.031345498301321044,0.043736022623098024,3.308377098556401e-05,0.9117946185854058,0.013090776719189557
239,0.02937049838477794,0.03644556410670782,2.8668810309660215e-05,0.9179786924803596,0.016176576217844997
240,0.06883968445011708,0.056568634603082306,6.038251358949178e-05,0.844957243586386,0.02957405484682499
241,0.060961048738311624,0.09675817731943939,4.424687935552043e-05,0.8206438919620501,0.021592635100843312
242,0.047792831822916895,0.09456992473999658,9.633076777159181e-05,0.8285046269062785,0.029036285763036476
243,0.036131386916446524,0.03762286668601174,3.394465790987446e-05,0.9113976994036345,0.014814102335997467
244,0.059103146688029254,0.028388586280649206,2.741468001286088e-05,0.8927908721307787,0.01968998022053005
245,0.06928513883038519,0.039431774204445734,1.9328945613382406e-05,0.8668966408487663,0.02436711717078938
246,0.0658236875420877,0.05741213254992137,4.055549547019311e-05,0.8454224491800496,0.031301175232471036
247,0.07782218205010442,0.05177292464365586,0.00011851752360554506,0.6027508252886458,0.26753555049398836
248,0.2439395097906092,0.09693633622468628,0.00011279743737988162,0.6087602897625506,0.050251066784774055
249,0.15643756776963558,0.16087566416990967,0.00010659967582494894,0.6429875269764946,0.039592641408135246
250,0.22865640705043516,0.23975040386536794,0.0002557509453581098,0.5121472577316819,0.01919018040715693
251,0.166034638862308,0.12475586269263735,6.001333939376564e-05,0.687617844286108,0.021531640819552885
252,0.06977687313095907,0.7018283892536856,0.0007006529707940356,0.21451954533088288,0.013174539313678494
253,0.028293491388277366,0.869897684803448,0.001492923316353385,0.09575945378437455,0.004556446707546799
254,0.042518240385252815,0.7332688369192251,0.0007925719589092667,0.21419102618159835,0.009229324555014459
255,0.013963983157853984,0.924108413661466,0.0003305903930168601,0.05907250204548365,0.002524510742179546
256,0.011096517496203672,0.9594106901577477,0.001293632409484887,0.026364693634344665,0.0018344663022192324
257,0.01213048176618433,0.9500842526827316,0.0011147216329618892,0.03457670318389471,0.0020938407342273794
258,0.02671216153966234,0.9207655676286761,0.002277601153316594,0.04176508002997832,0.0084795896483668
259,0.04241423819536561,0.8304291976595178,0.0009101947892663633,0.11869358322426522,0.00755278613158499
260,0.05684702902340206,0.7903696698384315,0.0004523776867840784,0.14454302543234784,0.007787898019034771
261,0.01945706681571768,0.9629641577485637,0.0024626328435040515,0.013161133666742745,0.00195500892547162
262,0.01695585972271924,0.9673841774281368,0.0005352566359423824,0.013184550992373145,0.0019401552208283758
263,0.010776062028031011,0.9692411180493157,0.0021077421038595704,0.0163441740842689,0.0015309037345247597
264,0.010918124324582905,0.9727833389872026,0.003347336362189538,0.011128392771801934,0.0018228075542230985
265,0.03480306409109105,0.9229624842604388,0.005917611425564071,0.03338899715394221,0.0029278430689638805
266,0.0830855737277474,0.5800175885255021,0.0005769104551191498,0.3301802765609513,0.006139650730680055
267,0.03544252893642077,0.8877282131095775,0.0005851852430636551,0.07461207483276817,0.0016319978781698758
268,0.05214426093381925,0.9118345762306997,0.0009938081794576008,0.03128366035770513,0.0037436942983182547
269,0.04022799092883093,0.9282524137694307,0.004967125927798046,0.01768089814743973,0.008871571226500704
270,0.040273453221200156,0.9312628519557069,0.0022831015958416504,0.023645451558755994,0.0025351416684952113
271,0.02723740266426411,0.9433327987859704,0.0029399220698432134,0.024636090164699545,0.001853786315222614
272,0.03154213146912872,0.9414080599143279,0.00323036960001384,0.02190054905024216,0.0019188899662874361
273,0.037550371710381884,0.9324859721659025,0.0013111418377404033,0.026115956714719512,0.002536557571255792
274,0.023806398100175766,0.96158253505318,0.0046377405954348815,0.008311852864208522,0.0016614733870009288
275,0.047086935525319805,0.9242860160023733,0.008721957512354528,0.014495071779504305,0.005410019180448077
276,0.021060625846649864,0.9681717437098377,0.005250441084955114,0.0033303296572001467,0.0021868597013571735
277,0.003474844929706712,0.9698266299545666,0.02527671554701931,0.0006838179646303932,0.0007379916040768944
278,0.024366706841332093,0.9586560053311208,0.009376048291104703,0.002694042029928402,0.0049071975065140975
279,0.005568529189165884,0.9468449542359639,0.04546557810407622,0.0007823465345505252,0.0013385919362435554
280,0.003231205118701282,0.849374118290459,0.1454667204759625,0.00041903409823258996,0.001508922016644594
281,0.007355142243620364,0.9143124962448116,0.07471589072620473,0.0009071545028980742,0.0027093162824651305
282,0.004195788947831197,0.9114671761118041,0.08264365948220914,0.0005470023101849761,0.0011463731479706264
283,0.010503339432892686,0.933484839465728,0.051358198643015426,0.0010867637296177357,0.0035668587287460284
284,0.007863061792590964,0.9577608577813291,0.03167654479511433,0.000941938816082223,0.0017575968148833292
285,0.005541013144804908,0.8474120119605121,0.14342215165548985,0.0007552996931638948,0.0028695235460293317
286,0.007071616204170293,0.6855821117865781,0.30402691342371047,0.0011949300103831853,0.002124428575157915
287,0.006344953121707076,0.682823081810026,0.3069399599199175,0.001336141319058875,0.0025558638292904243
288,0.004090534805175696,0.45253188635332947,0.5395768094741755,0.0013505645933907743,0.0024502047739285073
289,0.0032214926702726263,0.8608057768441093,0.13205210790088096,0.0016664422936227843,0.002254180291114173
290,0.003300038719254072,0.633804590210782,0.35943619040245556,0.0016530499529682139,0.0018061307145401904
291,0.005352188459272788,0.1935564163807981,0.7975053019574181,0.001033984896012786,0.0025521083064981025
292,0.0027970820758113197,0.37671869932983204,0.615698138519984,0.0008444823162743116,0.003941597758098448
293,0.0053958810531665275,0.8808698116528267,0.10695501719909493,0.0021084649635113163,0.004670825131400687
294,0.0027485219011016515,0.5922240222489675,0.4015167711348341,0.0010508282335484553,0.002459856481548342
295,0.0017683930351707333,0.3956225949368093,0.6008730736824196,0.000563808573069419,0.001172129772530997
296,0.00037979948601149255,0.18601901978845065,0.8130869100322351,0.00013521645421753632,0.00037905423908537366
297,0.0019754344568083293,0.2340373985753141,0.7621249112217912,0.00044698252114274187,0.0014152732249436703
298,0.0030764852511013935,0.24065256670997628,0.7538906718298277,0.0008138213319009354,0.0015664548771936887
299,0.0019936216212860843,0.09311896179657361,0.9024232558959384,0.0002588164893362324,0.0022053441968656797
300,0.0019593001519926105,0.17777291956809257,0.8174708087663216,0.00032890120255989636,0.002468070311033098
301,0.0018764405251609883,0.28212393857155177,0.7135089553459099,0.00032444294073768055,0.002166222616639705
302,0.000847214636341378,0.17301763992110755,0.8250803730103712,0.00016421623420910544,0.0008905561979707927
303,0.0015273372180371675,0.1589029763686077,0.838649895792487,0.00016532869530632642,0.0007544619255616587
304,0.0006682292437930036,0.20718819689632664,0.7914818648474523,0.00012184315236877166,0.000539865860059328
305,0.001718025316902069,0.16661703423689797,0.8302619746570403,0.00021166371016001392,0.0011913020789997442
306,0.0012074991820710391,0.13235988847172622,0.8649788227855852,9.863606253636371e-05,0.0013551534980811037
307,0.0014588959547634295,0.23495947247374674,0.7617813110386852,0.00020667588423705114,0.0015936446485674929
308,0.001606794738271262,0.18580642518878537,0.8113934578514482,0.0001047198278207381,0.0010886023936743548
309,0.0014430946591367925,0.16323826712852185,0.8342016541203268,0.0001285497508360975,0.0009884343411782758
310,0.0006224438906755711,0.11055836390113327,0.8877509948491645,9.50844880558673e-05,0.0009731128709707835
311,0.001177023859284221,0.17498244630674561,0.8219271884127278,0.0001744568435094335,0.0017388845777327644
312,0.0013838247785976745,0.1219836233238303,0.8750640225714601,0.0001819441934278906,0.0013865851326839824
313,0.002060548158659011,0.3246761868839242,0.6701132339571262,0.00026870381249112556,0.0028813271877994
314,0.000899141920887247,0.19459712772985124,0.8021063445538158,0.0002064403511660497,0.0021909454442797702
315,0.00040554592882354623,0.10699440627967442,0.891513634898846,0.00013530761743820805,0.00095110527521774
316,0.0021166074457342732,0.2709187953704856,0.7234001336781047,0.00031705421928874053,0.0032474092863866173
317,0.004226443795647586,0.34675296840465714,0.6441778148656768,0.0009077281488590393,0.003935044785159465
318,0.0026254726205287232,0.2973318778287921,0.6967256955766895,0.0003377732006103468,0.002979180773379483
319,0.0017913730098184984,0.18732844021491257,0.8085330646229932,0.0002426766021105455,0.0021044455501651824
320,0.0016586551235362658,0.1809757977365609,0.8157682238059348,0.0002629133611369519,0.0013344099728310656
321,0.0014503041447696218,0.1956104110119874,0.8003689169347104,0.00045848807219706685,0.0021118798363355595
322,0.0005046531069398791,0.12372992351108683,0.8740358228215993,0.00025429049450473843,0.0014753100658694233
323,0.008640864158858565,0.3352157390039508,0.6464343170271141,0.0024317069361838874,0.007277372873892615
324,0.005270918739749956,0.49946991757751125,0.4869902392578716,0.001599029573521455,0.006669894851345599
325,0.004999471060194549,0.4560255882531159,0.5299301463494088,0.0022284628486866805,0.006816331488594087
326,0.01220737873662898,0.5958580355558353,0.38180350729207796,0.00430727934414402,0.005823799071313729
327,0.012756678809027075,0.39791269384626093,0.5732677494278805,0.006072098373746037,0.009990779543085375
328,0.023250488465716916,0.4345471484503652,0.5036563865282411,0.014862868042152358,0.023683108513524585
329,0.010996376317722593,0.3704000248586202,0.5801391207797647,0.009626948580824527,0.028837529463067946
330,0.036098333095364706,0.5871910756412296,0.31393686099222023,0.015493560890494393,0.047280169380691045
331,0.06816103092523805,0.6392529800939362,0.0723300476280604,0.024626767391186393,0.19562917396157883
332,0.014286645443804704,0.020476574633956537,0.0019883718071629767,0.004768690015142982,0.9584797180999329
333,0.6343070695903714,0.1747754057285407,0.001087146232537902,0.028493506367906738,0.16133687208064335
334,0.2460250949183941,0.5881235678880615,0.014968177145694171,0.013999426638848098,0.13688373340900215
335,0.5536216590298559,0.24822938587040383,0.023465978742848042,0.023955325671036816,0.15072765068585528
336,0.14014300130324994,0.7545265594512318,0.015256296868141169,0.05573084326057888,0.03434329911679831
337,0.08721917421518022,0.7331462816681041,0.11836410070843961,0.03763042749066637,0.023640015917609586
338,0.1528656586950461,0.37761498698811263,0.027379417208032244,0.2885605923498652,0.15357934475894394
339,0.14712570052231663,0.2401538788600932,0.01281505720093572,0.14332785980742718,0.4565775036092272
340,0.3206545517805517,0.32203457815410524,0.016537535180428706,0.08285921567550088,0.2579141192094135
341,0.4777328452484559,0.09149483801126254,0.0022749834860043613,0.02530440500808104,0.40319292824619624
342,0.7065701273992544,0.1686241670798286,0.003669009588401337,0.01652181979317155,0.10461487613934405
343,0.6802793209254917,0.25088296484224776,0.010573374829836772,0.015535763421816335,0.042728575980607406
344,0.2556806083835415,0.6828860705549206,0.039010608457669044,0.004765455916533221,0.017657256687335716
345,0.18509925400164973,0.7067702741521843,0.048873145840318925,0.019139217427258565,0.04011810857858848
346,0.14426936016904024,0.7537287434519869,0.045450953564797975,0.02585540623862365,0.030695536575551276
347,0.10095594474866763,0.7366378597543028,0.046278857024542416,0.018906197231977187,0.09722114124050998
348,0.10175490146443625,0.7768982225384807,0.09528104271307038,0.014290016855006511,0.011775816429006056
349,0.01797072703806884,0.7312750940037849,0.2415114333066749,0.0031198786458911274,0.006122867005580251
350,0.13046000810168715,0.8211740761037873,0.02388695400278255,0.017628682156729494,0.006850279635013362
351,0.061197287032872215,0.9089120928065617,0.008655609092057292,0.016242479128542413,0.004992531939966199
352,0.02398921095288071,0.9374409975205302,0.0245284822875408,0.010334132860527952,0.003707176378520285
353,0.02530367114072242,0.8647294242286405,0.08362883395737829,0.02455748851464766,0.0017805821586110763
354,0.03985962540165651,0.9019158566868851,0.011085240628796908,0.044010635824126364,0.003128641458535129
355,0.05105359161118544,0.8771315895584001,0.009477381524526417,0.05821488036862168,0.004122556937266331
356,0.05171445995663381,0.8744329824020588,0.022406418403736715,0.04681202982911266,0.004634109408458016
357,0.025504238755192195,0.8523417098918818,0.09258157287561436,0.025523881320919338,0.004048597156392475
358,0.02746284786386683,0.7554183302917852,0.18183102595505746,0.03004291787410941,0.005244878015181066
359,0.024107813425364596,0.8488578644062461,0.09499965623151488,0.024325870734920825,0.007708795201953488
360,0.03209506222369226,0.9190154969145493,0.01646933801842478,0.02399317017138741,0.008426932671946418
361,0.04264165879046295,0.8772509820963056,0.05578568040263659,0.018448568272376644,0.005873110438218209
362,0.03363000404997088,0.8271955297690528,0.12240462198604801,0.012267706712215486,0.004502137482712782
363,0.023866880676274356,0.7090053697532473,0.24448637744834875,0.012400877646820376,0.010240494475309067
364,0.023747263362515474,0.9477367655310353,0.01740023994308957,0.007265497155898467,0.0038502340074612804
365,0.010430836444302323,0.708140980599975,0.26674645298175176,0.011229695818275617,0.0034520341556954067
366,0.023270902169499612,0.8134801401486011,0.1465351891513075,0.008342038661048998,0.008371729869542701
367,0.018906575182113486,0.9269641677068321,0.04551920325746586,0.005585680870659848,0.0030243729829287766
368,0.012442454610229893,0.6810131245504343,0.28244662620298633,0.011199926878955676,0.012897867757393863
369,0.02243849611673703,0.7391171641816043,0.22540700443070316,0.009235416743339515,0.003801918527615889
370,0.01641290188058403,0.8975239369305995,0.07738993916065184,0.005794150183339576,0.0028790718448250736
371,0.0059276744135255315,0.5574271707645994,0.4316133782443787,0.003039427263718553,0.0019923493137778557
