epoch,N1,N2,N3,R,W
0,0.002824624181331206,0.004038386474478174,0.0010843174719276727,1.8855039886177665e-05,0.9920338168323767
1,0.0043699542633835586,0.0046249470695129006,0.000837429849535283,2.0682588138797693e-05,0.9901469862294294
2,0.0014292118941499653,0.0013254381522335645,0.0007149473683259646,1.306393175096526e-05,0.9965173386535396
3,0.008375808046167213,0.0057736788895923746,0.0010469579962232502,2.9932656962879968e-05,0.9847736224110542
4,0.001240960254029965,0.0005813335379369766,0.0005165904057012055,3.067968757479393e-05,0.9976304361147572
5,0.0034137614117760993,0.0013175847841727095,8.643689827371345e-05,6.432290199286104e-05,0.9951178940037846
6,0.006318702964724278,0.0015429741810489167,0.00010016753590342752,7.715834969723183e-05,0.991960996968626
7,0.002024841880481894,0.001313085536497342,2.6414279996608657e-05,1.8647157226133893e-05,0.996617011145798
8,0.001991667018610119,0.0023641046378379427,0.00039557625756349497,7.884346128999356e-06,0.9952407677398594
9,0.029415428506251833,0.03978786349987,0.0010616446715879704,5.434713123737203e-05,0.9296807161910527
10,0.019278262827979283,0.020753363859496343,0.002471992171973459,2.0143579721068117e-05,0.9574762375608299
11,0.021194776091444063,0.022263340285993416,0.0005827215447373349,4.753530463224702e-05,0.955911626773193
12,0.13558572084266562,0.07989425998467906,0.0015517083049696534,0.00032341734226675394,0.782644893525419
13,0.08564586279262648,0.2711050121654672,0.046471778203413486,0.0006174334429759364,0.5961599133955169
14,0.0883919493039776,0.14567083609379752,0.15455206832155235,0.0009650502616201536,0.6104200960190523
15,0.04965608160705667,0.35464416702707036,0.07786249940724468,0.0017074549791883905,0.51612979697944
16,0.030332530321895205,0.6028807817088817,0.1642585705311331,0.001857546935466259,0.20067057050262377
17,0.009962692967204622,0.041697336920754065,0.007227865904839039,0.00034791029802261466,0.9407641939091798
18,0.011906046343670488,0.0993415521416632,0.004615018886241598,0.0001706064889192714,0.8839667761395055
19,0.002280149900758393,0.007396121799663523,0.004513159809593721,5.728445857755486e-05,0.9857532840314069
20,0.015766112503684114,0.011707223235768975,0.0007571235091267281,2.1868997872731658e-05,0.9717476717535475
21,0.05207562809533567,0.0451868198690724,0.0061593480441857655,7.824526390563608e-05,0.8964999587275004
22,0.09066630780764588,0.1430038154212569,0.006389367989672226,0.0002780705395182461,0.7596624382419067
23,0.11787816792307639,0.08930699078826072,0.03116169826421818,0.0002907275228593737,0.7613624155015853
24,0.06976091825137773,0.09126506808599939,0.021980391609716682,0.0008013673227482858,0.816192254730158
25,0.051786763982686196,0.19025912480580914,0.4454429892681678,0.001243274439887241,0.31126784750344966
26,0.01842976603576433,0.033611976393683574,0.0057340033306215645,0.0006410762044079776,0.9415831780355225
27,0.08715705082584133,0.09095821767077902,0.12749867626092642,0.000719074981287202,0.693666980261166
28,0.02282315687791311,0.021200925919666935,0.010214278630288419,0.0002491778437845859,0.9455124607283469
29,0.007079498293929648,0.008325705133432209,0.0033866834944175895,5.845108067248635e-05,0.981149661997548
30,0.07993310453583403,0.11505492713784587,0.032967491434583183,0.00034731195944880106,0.771697164932288
31,0.017813028783822096,0.014695943891659062,0.0024675880548562625,0.00016531504614665602,0.9648581242235159
32,0.03257897062587673,0.036995058411149084,0.005842718920200763,0.00016753824441631982,0.9244157137983571
33,0.0402982453953443,0.04210789227914939,0.017592433650206067,0.0003216675440995796,0.8996797611312006
34,0.03097503929126075,0.037245476205263535,0.008831694699428193,0.00015773953884628086,0.9227900502652012
35,0.008260739097446514,0.02563809923729547,0.008002709542960444,0.00012106302892851154,0.957977389093369
36,0.03935323505664583,0.12796052754467355,0.04096747676370325,0.0004866959346094305,0.791232064700368
37,0.0034190899636456374,0.03705378994368053,0.09352561348581674,0.0003688130088569415,0.8656326935980001
38,0.021404232908441064,0.20350533319697287,0.0603094311208004,0.00031463457897654265,0.7144663681948092
39,0.0017347521198800623,0.02538336630495397,0.0755946505914501,0.00012586671933706548,0.8971613642643788
40,0.011470729859699418,0.06045700681737207,0.10650314300862504,0.0003979717177206475,0.8211711485965827
41,0.0026567148568465222,0.03663397443543157,0.051137060294635515,0.00010099208326395919,0.9094712583298223
42,0.0011844733445060028,0.012629055791744725,0.010525534257944986,8.056930038353565e-05,0.9755803673054207
43,0.0027468891792933998,0.01635290253859553,0.00768982044993018,5.204909758641592e-05,0.9731583387345946
44,0.005415578174384601,0.029704826108432038,0.00428050944266591,1.2270164480097009e-05,0.9605868161100374
45,0.004357069128216797,0.009895619402483756,0.01757702538938959,1.2327653084336554e-05,0.9681579584268256
46,0.000620924472840175,0.0020907839977915253,0.0032668204745819824,2.8168851753778036e-06,0.994018654169611
47,0.002040275781794688,0.012490648021224295,0.0007849653830514426,1.606237308687984e-05,0.9846680484408427
48,0.00022611998725642892,0.0008059553550875931,0.0005085360733569924,2.9266918222472413e-06,0.9984564618924767
49,0.0006290453233200311,0.005076702221785066,0.0025423907087597365,1.1082201946453166e-05,0.9917407795441888
50,0.0003692010898806468,0.004382458163205862,0.00038346712794880793,4.356848837677274e-06,0.9948605167701271
51,0.0006316725178484779,0.004508194181657582,0.00037998699310390084,6.34376078043363e-06,0.9944738025466096
52,0.00039116814261519136,0.002640942493234729,0.0003579402957595448,1.1248604313958886e-05,0.9965987004640766
53,0.0011870930900243857,0.00771022534012849,0.0006986089441860136,3.7668531438004584e-05,0.9903664040942232
54,0.0017438981331880953,0.01482959196714834,0.000981890807707603,6.062664392641545e-05,0.9823839924480294
55,0.0042800247049932915,0.025292094283029688,0.0028085691326442826,3.8617798183942064e-05,0.9675806940811489
56,0.007729437185216,0.01796599910531164,0.0035866696194867377,6.859899830640259e-05,0.9706492950916792
57,0.08805164037608915,0.17859543038297793,0.002399095125068751,0.00036295078094593624,0.7305908833349183
58,0.005210832003070433,0.02898319809409469,0.0071244549615618715,1.7153573129400892e-05,0.9586643613681436
59,0.07825404137501372,0.2961903093076942,0.011536284390457474,0.00021745907761085747,0.6138019058492238
60,0.08108840424678501,0.6356493005477526,0.14558912612358965,0.0007940923098331669,0.13687907677203956
61,0.03862585519576952,0.3888725064665847,0.019624180080077668,0.0016526826225113638,0.5512247756350567
62,0.008051293825244709,0.012457217134638236,0.0015433012415013718,0.0001009385139784212,0.9778472492846373
63,0.01565883912537485,0.0500678501868946,0.0036453491897193067,0.0005969286072234528,0.9300310328907877
64,0.009083105183020156,0.02011450253350788,0.001934508863580158,4.362027301588213e-05,0.968824263146876
65,0.03776371600354488,0.06688855461911493,0.006981931185352742,0.00010965739746874449,0.8882561407945188
66,0.05881830069485622,0.3115560244080271,0.06047396720951864,0.00033749236861910036,0.5688142153189789
67,0.03702586845520022,0.2692002507761869,0.07609086206128307,0.0006845964601744753,0.6169984222471552
68,0.013275028063354097,0.19246356843862636,0.44487653532998134,0.0015505676742203333,0.3478343004938178
69,0.007410623833230147,0.1681514840425052,0.37666975376513234,0.0013101892567544465,0.44645794910237774
70,0.02844885558279151,0.282512063541352,0.23558767813241005,0.00437663720171849,0.4490747655417279
71,0.018096371016929524,0.17887660986227333,0.044212700334267795,0.0010643668171533755,0.757749951969376
72,0.02374679101236627,0.21663468941680813,0.03370390570996281,0.0008054106726506956,0.725109203188212
73,0.014513903040445265,0.11865221964266864,0.011321275494509517,0.0007554896869011395,0.8547571121354754
74,0.01884155923582723,0.13605980270622836,0.05996112403273981,0.0002930592311732176,0.7848444547940313
75,0.02424697039889589,0.4462349247990915,0.089007034877092,0.002172687984725445,0.43833838194019514
76,0.0391731691019273,0.4806442122122048,0.10986382276725698,0.0040965843756476045,0.36622221154296347
77,0.0034550116663388253,0.03742628067383907,0.011080842590640627,0.00018125836706519105,0.9478566067021162
78,0.009452103256261685,0.09724457565727229,0.03969464563378637,0.0003096930885607116,0.8532989823641189
79,0.019356513506285502,0.07340199415757855,0.010614039986339474,0.0002575732730587158,0.8963698790767378
80,0.03037482181777029,0.08839667042392743,0.04180985598383783,0.0002522046712574288,0.8391664471032071
81,0.016077550467876494,0.12811205478706286,0.06041416945980332,0.0003843009856071319,0.7950119242996503
82,0.004390111284032452,0.026410429079006273,0.03804660203200639,0.00026097060907250675,0.9308918869958823
83,0.003746831440744348,0.034219784074708014,0.03633320040093714,0.00036372462343780887,0.9253364594601727
84,0.009792067875485271,0.034518642037356294,0.02203717007009354,0.00027009734525267683,0.9333820226718123
85,0.017860096863057874,0.040717603632270845,0.024283795877922305,0.0003250895175839943,0.916813414109165
86,0.053494006974265124,0.2610289728026141,0.013228430986735566,0.0005211615463489961,0.6717274276900362
87,0.04185397142406562,0.30322994779417217,0.02987792600859723,0.00016470784171204928,0.624873446931453
88,0.06251466239790274,0.46027382964693175,0.02376541775099874,0.00035436104510875937,0.453091729159058
89,0.18901924797894507,0.34623379636438956,0.00711858508781304,0.001128343798435975,0.4565000267704163
90,0.20791535325825874,0.4168887815204446,0.009418604662738052,0.003955143763013009,0.3618221167955455
91,0.12681545283133272,0.33860394752508527,0.048265203696806536,0.004651314355230313,0.48166408159154506
92,0.11650871316154156,0.46264967253260014,0.07452671887222644,0.009721939238946186,0.3365929561946857
93,0.06276876740316298,0.5225749331183966,0.06020553747794832,0.00883304063040781,0.3456177213700844
94,0.1390609294946924,0.398488672622688,0.005992205112480993,0.003509899347556494,0.45294829342258214
95,0.12221985033811092,0.12205578320775351,0.0019507018609996542,0.0014747816957808243,0.752298882897355
96,0.4209262903736134,0.3288009458332991,0.04838297668787489,0.004851440057330751,0.1970383470478818
97,0.3745727097659447,0.25701297430159115,0.0023395357666300257,0.002771279439029606,0.36330350072680456
98,0.20384340824590103,0.321610956359227,0.015482388991352104,0.004992590123550763,0.454070656279969
99,0.12695388211831632,0.44294175405290553,0.10692917244579968,0.02046494639953731,0.30271024498344123
100,0.05550108295669117,0.704176024166031,0.14824553810158295,0.004086873137845634,0.08799048163784935
101,0.02173867070047005,0.7940670452389945,0.15765224324371596,0.005180317610041052,0.021361723206778545
102,0.03745020459946327,0.33061351085527324,0.043174876171432744,0.0032911498099597297,0.585470258563871
103,0.06323698715431965,0.27450403218141245,0.015463355265159337,0.00284482983280895,0.6439507955662996
104,0.013952217324311688,0.03068495633643587,0.007386780121618856,0.0004970086372713914,0.9474790375803621
105,0.04348394990050542,0.12032849013407172,0.06110327687035502,0.000747679709366374,0.7743366033857014
106,0.04769903500530186,0.06319319930670736,0.06651529515007074,0.0005473777522000742,0.8220450927857199
107,0.05851154717343587,0.059791290308784766,0.040215338024563174,0.0005352656206735042,0.8409465588725428
108,0.03763628074948205,0.0706919193407344,0.09930210145400958,0.0006979086302446608,0.7916717898255293
109,0.10815753034277958,0.11407415177162343,0.06402254149278944,0.0026553796167353605,0.7110903967760722
110,0.06627652834058897,0.3178723920803887,0.2816885412110838,0.0030915872544302054,0.3310709511135083
111,0.04133493796761993,0.07304156207029663,0.08235302279131584,0.0028183935547294843,0.8004520836160381
112,0.10069062455683753,0.6965976219733024,0.09789841715415018,0.00876042274008957,0.09605291357562022
113,0.09432252367484466,0.643616072535589,0.0762293961046033,0.008155551366995742,0.17767645631796747
114,0.08535942458506736,0.3654066341855669,0.08024212825092122,0.006076383202484291,0.46291542977596023
115,0.22721934386999576,0.5756470848707458,0.030574771167856615,0.029723626810224387,0.13683517328117759
116,0.01050990763841555,0.008287524856176847,0.0004296882915537637,0.0007485403140698322,0.980024338899784
117,0.029337129514451332,0.01813040983648017,0.000757798670212775,0.0012888088494069142,0.9504858531294488
118,0.011750329507409065,0.008626794640326212,0.0005872906248819056,0.0001559330698892687,0.9788796521574935
119,0.11282349676277849,0.03321001353876822,0.0010832848323465245,0.0003515984132686889,0.8525316064528382
120,0.4383726894856608,0.0692851621915529,0.00039551315195162636,0.0021774365353938036,0.4897691986354409
121,0.4394781366401823,0.20887082178061459,0.028090600951367454,0.013094709252648109,0.31046573137518757
122,0.2570589273512595,0.331989923706296,0.027376247262296795,0.02261239909596756,0.3609625025841801
123,0.28423931434327787,0.2987820431868836,0.010551272492422733,0.03200539080976827,0.37442197916764736
124,0.2653607372848683,0.46622791779646977,0.0157176479002055,0.023629212045452493,0.22906448497300383
125,0.34865929091146747,0.4684716455725739,0.03510073647180662,0.009070847455822623,0.1386974795883294
126,0.40639977388372234,0.48905870224082176,0.022867488887680976,0.006670498439247183,0.07500353654852757
127,0.20448673499729264,0.663496089970725,0.026704753610721235,0.02359142939195424,0.08172099202930685
128,0.15341696401542607,0.7619731947791142,0.01768841048634137,0.037776526935119605,0.029144903783998716
129,0.08565718268166883,0.7969197927609076,0.022380470409056056,0.027839674058908415,0.06720288008945881
130,0.18128840208305716,0.5948855440115756,0.01528444255896086,0.13139380588862634,0.07714780545778001
131,0.13265665678508312,0.6883653634593316,0.0357437221763365,0.015336039653010818,0.1278982179262379
132,0.10944405174307714,0.5301625183536309,0.020407664889943333,0.006035114370254915,0.3339506506430937
133,0.12352674871070153,0.48608568166124316,0.038962646698951164,0.007649832483901167,0.343775090445203
134,0.2891415436970196,0.44085329299285547,0.01797726616730437,0.01361354876462162,0.23841434837819897
135,0.33603945715041145,0.4069200963785514,0.0180104403756568,0.006789011719599751,0.2322409943757805
136,0.14551587083889464,0.25021509378209406,0.007325282634883293,0.011626772429041362,0.5853169803150865
137,0.32513017864416327,0.11877082544600204,0.000788515083225955,0.03467448356195492,0.5206359972646538
138,0.33056009462329883,0.2456474494137371,0.0045992373725002485,0.02590661924809929,0.39328659934236454
139,0.5308317312320253,0.15005373984022063,0.0009550260896759157,0.02192338168483707,0.2962361211532411
140,0.24279979367540852,0.0662043631824756,0.001435084581967162,0.011961308918828557,0.6775994496413201
141,0.11623128620714945,0.05734175732307567,0.0017456992733605207,0.006709997608829266,0.8179712595875851
142,0.3638041419901794,0.25741255006750724,0.008479089544443097,0.010957234649100516,0.3593469837487699
143,0.16258427620672358,0.1579720515091818,0.006013111704325445,0.03749982550738711,0.6359307350723821
144,0.18642598060364549,0.16515004157792473,0.0013970099164194768,0.11118891492706154,0.5358380529749488
145,0.015325558351301356,0.05153608697614583,0.016032617799040322,0.001272065747516198,0.9158336711259962
146,0.07432284312317476,0.11132582547019523,0.008863068377671854,0.003683533094980791,0.8018047299339773
147,0.023962733967934285,0.062224454244210727,0.0020624032001644436,0.0028722843033743214,0.9088781242843162
148,0.0429792128142546,0.11164574696564335,0.009192740355559658,0.0024513056358652884,0.8337309942286771
149,0.04149309474658197,0.18521253202673668,0.007532410890475354,0.004891326778139263,0.7608706355580668
150,0.0504193800985805,0.1593018771290601,0.010756546008192171,0.0019595958509931507,0.7775626009131741
151,0.08596570256039106,0.13434374951336908,0.005876707068527822,0.0033502381762947732,0.7704636026814173
152,0.01695932016793517,0.05779006858467321,0.004451146838445233,0.0022073701226113978,0.9185920942863349
153,0.02567756371786754,0.062653807600799,0.0030339238393958033,0.002380241790029496,0.9062544630519083
154,0.055035060546270845,0.19931867015592147,0.0093886445010734,0.001920453824578938,0.7343371709721553
155,0.12017997663353285,0.2980312392103433,0.020756238758023182,0.0023419438148489006,0.5586906015832518
156,0.12529609233842076,0.1496202735525753,0.002382921942634999,0.0033404146860075974,0.7193602974803612
157,0.11384807963791554,0.12283513796559851,0.0015560978783841354,0.0023206438190350657,0.7594400406990667
158,0.341468773124423,0.22243346257935248,0.0029808078439560594,0.006917347625423427,0.42619960882684504
159,0.08220130882860813,0.13102798148706923,0.0024060589563107758,0.0036503905658928307,0.7807142601621191
160,0.04757586311521561,0.0786555413993706,0.0007284468435398745,0.0021018501346658754,0.8709382985072082
161,0.23658142262954193,0.26546654999716357,0.005477088234910986,0.00358872403187806,0.48888621510650543
162,0.4985394566689189,0.19313190951673873,0.0023202342639356047,0.004815802978355575,0.30119259657205116
163,0.4794997061410434,0.11443003283734558,0.003098381558649283,0.007664150457872759,0.3953077290050891
164,0.4888038593377712,0.28909643336390745,0.01188858196521671,0.035656515325453164,0.1745546100076514
165,0.26442791882465283,0.39612042723172264,0.006580254542212258,0.041408368664646526,0.29146303073676577
166,0.33770456332815024,0.3871462030238886,0.01863218694097616,0.07277387960197958,0.18374316710500546
167,0.23861455740587834,0.5223295834208428,0.051668735286474886,0.08969539414113817,0.09769172974566578
168,0.14487856741809693,0.36912978459435397,0.014590264093552652,0.28292889591723924,0.18847248797675709
169,0.11331569913424556,0.4782904409511472,0.03774821350694681,0.24454678210285363,0.12609886430480666
170,0.2643768192659317,0.395125416919763,0.003257297520238649,0.13611925355268947,0.20112121274137718
171,0.10199206910241346,0.15727200194394098,0.004210220232575461,0.04043866134101165,0.6960870473800584
172,0.1362427078786851,0.45400628141760846,0.014732016206305869,0.0053966501697356025,0.38962234432766496
173,0.1423302158748174,0.11756910878692284,0.0006632823473288104,0.0079070608945624,0.7315303320963685
174,0.354986317249554,0.14742683861210462,0.001777686425797901,0.004349678002838986,0.49145947970970466
175,0.10046865167323989,0.11282989229196463,0.012580406223624472,0.0031560752524648988,0.7709649745587062
176,0.10544905076203229,0.09987498930528102,0.001889501107480288,0.0011517686456961854,0.7916346901795103
177,0.16256564087670256,0.06915607199334652,0.002949079022132109,0.010165145336314988,0.7551640627715038
178,0.09283832538247032,0.0949936138351207,0.0027681846355990625,0.0019341035400689925,0.8074657726067408
179,0.1521615239516405,0.10535745741395501,0.0013323771011157085,0.010497000228372317,0.7306516413049164
180,0.137066939234729,0.18015383642609223,0.0031147213894510547,0.009541303915329733,0.670123199034398
181,0.44869662351761486,0.2174625382340899,0.005721447922182294,0.014727787847708772,0.31339160247840425
182,0.08165825773429755,0.16080815116617464,0.002440875246444304,0.007993440623320915,0.7470992752297626
183,0.10790315658974507,0.2378033759620644,0.04600573350954684,0.015066751029809608,0.593220982908834
184,0.5793336130857556,0.3149031194492855,0.01595277882061136,0.013876668716449684,0.07593381992789791
185,0.4718556904156626,0.31058786986036796,0.005185400362071754,0.056176003675308575,0.15619503568658918
186,0.13467213883333018,0.4359100615541516,0.01721447170750274,0.22901927360059485,0.18318405430442064
187,0.19066257115145824,0.5022632262317339,0.041822305628773294,0.2207782149079942,0.044473682080040274
188,0.1124478451248555,0.23368066711803825,0.002519177131742011,0.620117238370285,0.03123507225507921
189,0.18676904255406188,0.31958193142181424,0.015732203444820864,0.2871374120849924,0.19077941049431069
190,0.10426677771999301,0.27460931906101826,0.022771249897992837,0.38620770265188104,0.21214495066911493
191,0.12170728761451653,0.2889655259775581,0.02351895488421063,0.43054524091004837,0.1352629906136663
192,0.23047282601002114,0.1305256097226611,0.0037533741609159193,0.322079024430181,0.31316916567622083
193,0.015454510387435153,0.02764445914973677,0.00940973549873231,0.01046441682842561,0.9370268781356701
194,0.044107231382538845,0.06489513548689368,0.004570687163427932,0.030425664977689258,0.8560012809894503
195,0.08340677611875828,0.04539086616494188,0.0011783119753743768,0.01790694972933758,0.8521170960115879
196,0.13755246677256822,0.07314278046696379,0.0013414821990142482,0.02628746086132965,0.7616758097001242
197,0.04627847924772039,0.01882669905103196,0.0002805656536652164,0.015327152424038055,0.9192871036235445
198,0.1061093087216261,0.03982177894029521,0.0022628140643592685,0.026778717567056114,0.8250273807066633
199,0.07318772858380684,0.05388755870253595,0.00028105110760960714,0.011688033129455128,0.8609556284765926
200,0.4738808711671283,0.10553220997849867,0.000505272073405059,0.033702848962065046,0.3863787978189029
201,0.5194192229312241,0.12434528717139151,0.0018109518217649886,0.04920392823564781,0.30522060983997146
202,0.4267380766484456,0.29130605818295446,0.010138086216795088,0.04013259741985293,0.23168518153195192
203,0.1835349698600667,0.619725624539066,0.011708784864943759,0.09137249278223401,0.09365812795368975
204,0.36011817816218855,0.44926641079500024,0.008584902957849989,0.06746830590527106,0.1145622021796902
205,0.14325725152613855,0.5697591341847356,0.006480219868187119,0.20521368050564265,0.0752897139152962
206,0.3150413886502355,0.47934980781844433,0.0026485293748707037,0.16666225829311102,0.036298015863338445
207,0.17714723536107307,0.4976953969642571,0.013192915182000184,0.25345610121278633,0.058508351279883145
208,0.2139387632324762,0.43113242025374077,0.015297232198542987,0.2537862277975571,0.08584535651768303
209,0.08676119550852342,0.4364270697936497,0.005450087948162308,0.36145980323504173,0.1099018435146228
210,0.16308952272608215,0.1554296481851641,0.004025769222632729,0.11365930504572988,0.5637957548203911
211,0.04474419950943093,0.05470214515312642,0.005180348462847547,0.004868059535647538,0.8905052473389475
212,0.28772554813212764,0.21288791238871208,0.007462330420659283,0.0025891721966335188,0.48933503686186747
213,0.48351282861484507,0.1952795112040646,0.0027254522591061165,0.0013549638261920285,0.31712724409579224
214,0.6396514584299301,0.29467147463576887,0.0025220028028813315,0.005066351293332765,0.058088712838086816
215,0.49337323659485127,0.46270695362651415,0.00604404452167184,0.012327590911451703,0.02554817434551112
216,0.1437639700856337,0.7502989980643869,0.012210153439831324,0.03815145280632029,0.055575425603827715
217,0.05560537836131806,0.8568955737933867,0.032586141395871966,0.02572334804402481,0.029189558405398486
218,0.08044384282094764,0.7083924572245739,0.007617284881844911,0.19330171031125368,0.010244704761379989
219,0.18811792271748473,0.5894478215151494,0.012725264680262511,0.10115974215746508,0.1085492489296383
220,0.19389093457272186,0.3424323828030256,0.004192999546225816,0.3098156194039983,0.14966806367402843
221,0.18854474419023423,0.45259484378139264,0.009373612498451731,0.21614692064963986,0.13333987888028148
222,0.12066637527157728,0.11076768024189963,0.0010449649519612466,0.14976340648878303,0.6177575730457788
223,0.2138150563360369,0.276974857067698,0.005658374678842961,0.07454312569564957,0.42900858622177257
224,0.18223514931320528,0.37727713824662007,0.0027200160872945965,0.07324448230701554,0.36452321404586463
225,0.23781232963170423,0.30537792433958966,0.000548493130406471,0.08108059709251485,0.3751806558057847
226,0.1494226152920982,0.3551853263339396,0.003989498652187317,0.036525665342231645,0.45487689437954326
227,0.1419626182205202,0.31895519777591586,0.004198337511710713,0.04935388901548382,0.48552995747636946
228,0.18788720001567447,0.12856490961633527,0.001314627635631541,0.08812957702547103,0.5941036857068878
229,0.23266624560061816,0.3144386780525031,0.0006949284845857724,0.046872567911804754,0.4053275799504883
230,0.26186478785217476,0.29037590024656357,0.0012271929835189137,0.07441355661186043,0.37211856230588225
231,0.18999460811580446,0.15126295161963338,0.0007733341733812202,0.0721168066473554,0.5858522994438256
232,0.340925447821344,0.17486309462246652,0.000373297468702655,0.06743631802198027,0.4164018420655066
233,0.42994832012308365,0.11612044480759691,0.0008442593923127194,0.028262471992476997,0.4248245036845297
234,0.09748562016150354,0.047532242776754025,0.0006805674870710894,0.05027940970637749,0.8040221598682938
235,0.01738730541260915,0.008429996098223836,0.00018645157223245575,0.0038370689331740492,0.9701591779837605
236,0.2564593184993521,0.03491152000868167,0.00029606524179477065,0.038144573035856555,0.6701885232143149
237,0.46373070554422197,0.02128177427721095,0.00028700409715930165,0.028937734683020865,0.4857627813983869
238,0.15491788518667757,0.016178372579286334,9.575868516069829e-05,0.10285556032180987,0.7259524232270655
239,0.1672923800349541,0.05395359491347803,0.00025450687845294346,0.6561473403002125,0.12235217787290235
240,0.11201347145858753,0.19882546743272325,0.005227206550610311,0.3713130001809696,0.31262085437710935
241,0.2149075781815798,0.22481820163857139,0.007174378103962447,0.366852864453599,0.18624697762228754
242,0.2675634559332182,0.0626002939125738,0.0002765602046522594,0.5671709194193569,0.10238877053019883
243,0.2581296385577365,0.05720516278519887,0.0005809814164632117,0.6126477470816465,0.07143647015895477
244,0.16107243958673453,0.4288247827443019,0.005215626547285386,0.3360949900955692,0.06879216102610904
245,0.1371142412545762,0.3783990552312021,0.002405257213961769,0.4388321509788726,0.04324929532138744
246,0.1723403082873149,0.3995696581398113,0.01055993625871223,0.37099433429497736,0.04653576301918421
247,0.05282506428383439,0.5370205696633611,0.007418833298508777,0.35261742688436326,0.050118105869932525
248,0.09181581039387672,0.207387769773357,0.003635412227755389,0.21281287427596687,0.4843481333290441
249,0.05928928111154438,0.13390903958864464,0.0008603695963985102,0.05611343904532604,0.7498278706580864
250,0.21527760207506996,0.21175622639974565,0.0014879557019857013,0.09109719899264837,0.4803810168305504
251,0.49809538160042166,0.19957643856288482,0.002962289593272636,0.1036450619217274,0.1957208283216935
252,0.26095510681063927,0.3848780960056533,0.009320465310396165,0.06422132240128223,0.28062500947202895
253,0.11217961379763208,0.17929787252063675,0.003504305574773565,0.5030588755304788,0.2019593325764788
254,0.07512593248501478,0.16553023284192542,0.0011746004732374282,0.44905970332129114,0.3091095308785312
255,0.09847310409326177,0.31757199082315163,0.001937447179111538,0.2701905005908487,0.3118269573136263
256,0.1840170721476371,0.19948603604795487,0.0018511596090264582,0.10960368414241903,0.5050420480529626
257,0.03699646463525145,0.07658252726107147,0.004922752929062457,0.007896406656814087,0.8736018485178005
258,0.26444682190673946,0.17065967066826607,0.0011554928285613692,0.06449322861622046,0.4992447859802127
259,0.41380367857235634,0.3983811056741101,0.0009178135798999558,0.10698948338247982,0.07990791879115385
260,0.27144256827184565,0.18041302388122313,0.004766381299767588,0.18416300246468498,0.35921502408247863
261,0.08879309438640381,0.07128894087940563,0.0002102019114075477,0.8174317850113565,0.022275977811426383
262,0.07832725878841833,0.06931860824933453,0.0027277669457559674,0.2811311417946098,0.5684952242218815
263,0.06482398852897696,0.07842458133271228,0.0013268081589141384,0.27949760847660304,0.5759270135027936
264,0.07365905159258353,0.07686606585741369,0.000777991231489013,0.4219771127661063,0.42671977855240756
265,0.0626028512959492,0.06875841822328808,0.003559557903639856,0.04871423657198314,0.8163649360051397
266,0.16151090005738325,0.013382801393344307,0.0003374747792967971,0.14760667049336876,0.6771621532766069
267,0.16922623142804366,0.07597054262418028,0.0002600094487897964,0.18388787265553888,0.5706553438434474
268,0.16624962474254706,0.03481003795638646,0.0001165716851908196,0.06083870160508693,0.7379850640107887
269,0.17640245465862492,0.04325500370696631,9.340671021914431e-05,0.6306738845012394,0.14957525042295022
270,0.13341706362105937,0.0447168644997772,0.00015419376227026972,0.7640676736249358,0.05764420449195733
271,0.07359141459787212,0.041113684804622797,0.00011258766904888738,0.852234312153867,0.0329480007745891
272,0.11506738143157388,0.1000080283286217,0.000728773649282431,0.48537282125121933,0.29882299533930273
273,0.14827602394758974,0.08949676657497761,0.0012901469466083846,0.6126881173204212,0.14824894521040302
274,0.05923036454277402,0.12785040906446912,0.00020631340467610666,0.7871821757978424,0.025530737190238253
275,0.01916037421551388,0.05408902545291519,0.0025149470372955703,0.03869858912428064,0.8855370641699948
276,0.08550615395885991,0.06041977985784176,0.00025955050824081374,0.03468608575343142,0.819128429921626
277,0.03893243667999312,0.019987721970096285,0.00035838051005900333,0.01628503036751412,0.9244364304723375
278,0.021704364073964567,0.024948071091930365,0.0008865254774405282,0.003572759161873409,0.9488882801947911
279,0.079236952358386,0.05813576183709864,0.00019287552940360904,0.020542873625015175,0.8418915366500965
280,0.07119894928995547,0.020969104026059365,0.00012415807505282967,0.023943192894746085,0.8837645957141863
281,0.026453218840108098,0.048293901226970234,0.002916589962374739,0.02359975444215687,0.8987365355283902
282,0.02460181723470392,0.014167414800998404,9.438359012913145e-05,0.01255149738261167,0.9485848869915569
283,0.005802788913261554,0.002134735798625577,3.046706288899024e-05,0.007447277427987136,0.9845847307972369
284,0.2161450887828578,0.014661469354868771,9.602443345877411e-05,0.02181425433538355,0.747283163093431
285,0.11494176564273365,0.013854983907534944,4.671164074917599e-05,0.008773018746491725,0.8623835200624905
286,0.07989553182759114,0.02074861848327162,0.00019018535124485563,0.011738974340657501,0.887426689997235
287,0.10006626136173621,0.029492024352403088,0.0007882075778776119,0.08123899338048153,0.7884145133275015
288,0.09777585839666555,0.033070301969256304,0.0016796499626236582,0.06307389293929169,0.8044002967321628
289,0.015130567684901388,0.010473636304474891,0.0005829120159875843,0.007314916501661638,0.9664979674929746
290,0.0295924923374835,0.013629782523007818,0.0008384050544416881,0.006104052154674256,0.9498352679303927
291,0.048068517654831944,0.033584602186557705,0.00045609952028894215,0.011197164546857917,0.9066936160914635
292,0.056046425799516374,0.0070792569472929185,0.00013150563813583296,0.009668793013923748,0.9270740186011311
293,0.024198370848296673,0.001873626139988258,2.0832793224778914e-05,0.005772413016220557,0.9681347572022697
294,0.03333382371217355,0.005670405880388114,1.663307495526503e-05,0.01274224100730788,0.9482368963251752
295,0.04463877538723744,0.013099915051678134,0.00019730567756083063,0.026217235135790797,0.9158467687477327
296,0.15317832274827442,0.013408722909808497,0.000197483603841861,0.07741255195386325,0.755802918784212
297,0.04287129230395712,0.012982553251421306,0.00022440400751576805,0.046529549558402085,0.8973922008787037
298,0.05801487687568317,0.032139440654229426,0.0005962298003533129,0.10608191771266329,0.8031675349570707
299,0.08141867305329979,0.13150578729191598,0.0025718711382247076,0.13672998307144335,0.6477736854451162
300,0.029005239384952974,0.08558078469131992,0.023306890554689385,0.02893866016737245,0.8331684252016653
301,0.009586616627265322,0.022334106573167298,0.0010356296892168443,0.014348409605353999,0.9526952375049966
302,0.0490280088489984,0.04411269489022098,0.0022677711160453843,0.011760041320025524,0.8928314838247097
303,0.01128541496651947,0.03667678157759154,0.001848299218433982,0.008029357339729534,0.9421601468977255
304,0.009769793764607473,0.01742423188319347,0.0012706603873789673,0.0047731676595879485,0.9667621463052322
305,0.014313891517710202,0.017614184110256958,0.002014834697767536,0.008979634343863676,0.9570774553304017
306,0.018476409523907684,0.03406473251292787,0.0007758567332136931,0.0114018955469865,0.9352811056829643
307,0.046895925272599344,0.09095042262795731,0.0021917057342014036,0.021313712450301347,0.8386482339149406
308,0.04505808751829399,0.10633685811370476,0.0032191829061703984,0.013176468589217866,0.8322094028726129
309,0.020246924188757606,0.07007617947766744,0.005988084507579541,0.00823990957692405,0.8954489022490714
310,0.04246072477227139,0.04975927689920119,0.0029581362953554117,0.01538515437976322,0.8894367076534089
311,0.17728347242615364,0.27015183024766126,0.00644803968776205,0.07387054024248207,0.472246117395941
312,0.05606850776069839,0.1899146429870255,0.0041122887128452225,0.025453531851921396,0.7244510286875095
313,0.08491462823304659,0.199768124386138,0.003814240312999581,0.02953979026713618,0.6819632168006797
314,0.1338227307268758,0.34087133250806684,0.009411190973381656,0.0376207603282582,0.4782739854634175
315,0.0940707069137554,0.34761974429972387,0.01602528404534362,0.03232507587432099,0.5099591888668561
316,0.08501253064264819,0.4870327439647846,0.004012019765286056,0.023305461445849794,0.4006372441814313
317,0.3038088939034655,0.500000168039287,0.001090553111718356,0.11808801872524925,0.07701236622027982
318,0.18962747164279234,0.5793147120604519,0.001499813988735692,0.09220723276687072,0.13735076954114925
319,0.05624910586047546,0.7834886569346495,0.019961831682732665,0.04196224230473468,0.09833816321740763
320,0.045027720682304775,0.84334379672108,0.007657587162161045,0.036502087879005884,0.06746880755544832
321,0.05238527019556376,0.7266377122423502,0.024419693214292337,0.0463190640062571,0.15023826034153673
322,0.017543757473096368,0.8717190359162171,0.01516218311688357,0.025936731661616183,0.06963829183218662
323,0.040767609976963645,0.8191014762079215,0.019791844788282907,0.054208729079484534,0.06613033994734757
324,0.01934318155988911,0.8781893920143561,0.017096980495048292,0.018892517226030154,0.06647792870467636
325,0.031004201306413598,0.18004786777313514,0.007872260381152504,0.011400445278214408,0.7696752252610845
326,0.02475796685350348,0.1255628130467728,0.010060651051812159,0.017593087942087023,0.8220254811058245
327,0.07599017582925655,0.2720969831054884,0.009817873510928363,0.0208726715944126,0.621222295959914
328,0.1576734246735338,0.5358687017823905,0.014077129430447513,0.01586388785391345,0.2765168562597146
329,0.07881741508947412,0.18292400687958266,0.009922120137476233,0.020362345862406282,0.7079741120310608
330,0.1293035268818802,0.5288733172145659,0.0285067652838465,0.07039796316327625,0.24291842745643122
331,0.02989920676864671,0.36639680972316857,0.018616899778096167,0.024713645941109964,0.5603734377889786
332,0.06798673105909979,0.6156126488677912,0.02341925759249233,0.04547225866504695,0.24750910381556984
333,0.04842700503546432,0.3925234070568712,0.06561502435927508,0.013142300090376214,0.4802922634580133
334,0.0312775093222838,0.24521792602147613,0.020360741619832038,0.0069173095442382005,0.6962265134921699
335,0.021038785574793918,0.38255882183601997,0.08057860822689432,0.003447054059794689,0.5123767303024971
336,0.023355572613670193,0.15236947647047813,0.10493426230779267,0.0026729180417335336,0.7166677705663255
337,0.018625084369525844,0.17204613293196458,0.10171934819138105,0.0033273098692454895,0.704282124637883
338,0.007061090000556653,0.1091532108962772,0.11135333537169156,0.002191525209263576,0.770240838522211
339,0.0330865640202602,0.09257662560440277,0.02513418420324135,0.002974063713472675,0.846228562458623
340,0.02739169498353149,0.1046140345519992,0.017323508871689108,0.004185636613551614,0.8464851249792286
341,0.017083565191692206,0.08254856369227863,0.010833159120817499,0.0025015697496217136,0.8870331422455898
342,0.04690815359200839,0.12208666736109011,0.012017158220330419,0.004158212841601678,0.8148298079849694
343,0.035590702253334265,0.182948023254515,0.0023321571151158787,0.00559593320088902,0.7735331841761458
344,0.04175417725900706,0.1599626159776135,0.006129568494976252,0.0029806972006480217,0.789172941067755
345,0.05184617538069064,0.10291272828150222,0.002381077576485874,0.005471931676959199,0.8373880870843621
346,0.039354323435242984,0.1542538423004271,0.0025211243857659014,0.003386389189182545,0.8004843206893816
347,0.05501289068062705,0.1238349727086019,0.004476541582085312,0.004583698095908434,0.8120918969327772
348,0.07524478671455713,0.20626017372008104,0.043428773132861906,0.005075590976988164,0.6699906754555118
349,0.02412506483761025,0.16554524603466375,0.03655306594605122,0.0026425509532244673,0.7711340722284504
350,0.028977927831434963,0.21989786652917978,0.015858796311672328,0.0048005487239155195,0.7304648606037973
351,0.025238607691122412,0.15819362471836584,0.01798639240945892,0.0066782622765750674,0.7919031129044777
352,0.02450042268932361,0.3265653353324914,0.07279124175087447,0.017868130965901865,0.5582748692614087
353,0.019722559308390286,0.23223172397941635,0.21375042593654164,0.0088026320991694,0.5254926586764823
354,0.0831303041569732,0.20831711480603954,0.29762872303685045,0.07798841000942945,0.33293544799070734
355,0.029281670936147988,0.21828665951514298,0.23114848731459434,0.011673418388662885,0.5096097638454518
356,0.007554530832428833,0.14670158892856616,0.08421207596168355,0.0029573605314792205,0.7585744437458422
357,0.00933151480789603,0.11295909556065004,0.058820968157948954,0.00315184828731524,0.8157365731861899
358,0.004763687115407895,0.054321489310440646,0.30850007881218766,0.0004253040456862798,0.6319894407162775
359,0.005042638811220029,0.09890443747536799,0.043653560023734585,0.0014445859489172648,0.8509547777407602
360,0.014077029910376711,0.14947761991607486,0.339996099500579,0.002782165292807196,0.49366708538016224
361,0.013678879686199404,0.14630294618902173,0.16286811560395342,0.0019507463940845035,0.675199312126741
362,0.008062817637931662,0.12678644064384248,0.4542700356861815,0.003277557700716376,0.4076031483313279
363,0.009878787446244095,0.13127907030166608,0.33607519278457415,0.002647412191847611,0.5201195372756681
364,0.01996875220465481,0.2287549375980681,0.2322051160401918,0.003785514146364666,0.5152856800107206
365,0.00917388287898764,0.06670475444688262,0.22448171238707992,0.0034081353622173313,0.6962315149248324
366,0.011381207663415433,0.1390584673919836,0.06493962493465825,0.003189072938013514,0.7814316270719293
367,0.014329648645455237,0.11173544507000577,0.4106084440758132,0.0028225558473649708,0.46050390636136085
368,0.01136564233897681,0.08088514277488183,0.21516138237187338,0.0015059521447210074,0.6910818803695469
369,0.013951565606340921,0.10613054337611677,0.5334056525079593,0.001736650892603032,0.3447755876169799
370,0.012407327472326903,0.2165728003309975,0.19871422452291834,0.0028465956956135754,0.5694590519781437
371,0.0043308515321038524,0.13244962040689365,0.35963120756226746,0.0008332939615706805,0.5027550265371643
372,0.005427149633781828,0.3048109464988121,0.17522240985137427,0.0010656140468491685,0.5134738799691827
373,0.0026791300047777906,0.19801005603274419,0.18503724695748536,0.0006192763434333567,0.6136542906615593
374,0.0027568678089575026,0.16066464472802328,0.19929816935246897,0.0007493764165516482,0.6365309416939986
375,0.003929850172350357,0.14494909649285412,0.18929954423908987,0.0020255785101643935,0.6597959305855413
376,0.004167225335867012,0.08533751258126542,0.6448277114222988,0.0026071539406855694,0.26306039671988324
377,0.0033075188451309823,0.052862554202210636,0.6409245335147524,0.0021443771452614325,0.30076101629264457
378,0.004258399061851646,0.06273679286722371,0.307424187082611,0.0023972630106952504,0.6231833579776184
379,0.00264913596782551,0.04610792690013639,0.6249976659172617,0.0018152559584553962,0.324430015256321
