epoch,N1,N2,N3,R,W
0,0.008191616584788031,0.00018050393415728157,0.0,0.00011666183374699989,0.9915112176473077
1,0.007110072820761954,7.013321707945688e-05,6.971150228134917e-07,6.943812847193897e-05,0.9927496587186638
2,0.004238955620455461,0.0023678618007443347,1.4876629755853264e-05,7.741829729797213e-05,0.9933008876517464
3,0.01257556567447923,0.000187997713531108,3.449483719578737e-05,9.58690886102228e-05,0.9871060726861837
4,0.004084881824477926,0.0006250426401071997,5.6906423014389005e-06,0.00011023383635032797,0.9951741510567632
5,0.001615677500201837,0.005090113314824819,4.4060739598201315e-07,5.1849749218044685e-05,0.9932419188283593
6,0.002346819721848982,0.008202645246842864,3.641738272520472e-07,6.907568437948033e-05,0.9893810951731015
7,0.002751118714578047,0.0004505614578292252,4.266044533363266e-06,9.305554915137771e-05,0.996700998233908
8,0.008861211233128679,0.0009579839226007284,3.4380032648415505e-05,0.00016150800067799738,0.9899849168109442
9,0.004502005585960377,0.0009985493548140397,2.6903979894085032e-05,0.00019995595653069743,0.9942725851228007
10,0.03583058786502212,0.0036753828506711356,1.5036124233949233e-06,0.0006122937148563025,0.9598802319570271
11,0.012288217205436505,0.003687603564562081,4.45356363200956e-05,0.0009186601429639106,0.9830609834507175
12,0.010092755084787877,0.0016970790380420235,2.2736634001312085e-06,0.0006045986994434392,0.9876032935143265
13,0.011111604018335516,0.0007991347108057698,1.1841402606557775e-06,0.0003494086458914988,0.9877386684847066
14,0.021776891379577414,0.0004448735844574914,4.1895510725094396e-06,0.0004584871878164849,0.9773155582970761
15,0.00025174809438301143,1.1047079761412875e-05,4.176896401346598e-05,7.809663706774257e-06,0.9996876261981353
16,0.0017647829412942456,6.680356014203686e-05,8.084153677992912e-07,1.57771622983406e-05,0.9981518279208975
17,0.010990543790945459,0.00010756066880215007,1.3240986042561398e-06,8.158468039506949e-06,0.9888924129736087
18,0.2609464338867492,0.0003414678775820265,1.0553507194865705e-05,4.034089577515157e-05,0.7386612038326987
19,0.32895491273275723,0.0017610299488565093,8.754326402892311e-05,0.0006384775621222913,0.6685580364922351
20,0.002474300401517725,0.00048470104354883585,0.00011597009326747858,6.850059968223563e-05,0.9968565278619839
21,0.3179626489213155,0.12595080300317094,0.01196114195434994,0.0043488060757692565,0.5397766000453944
22,0.09088077990184586,0.3145093961991596,0.07075583823999111,0.0025772392614027886,0.5212767463976007
23,0.05156643453037508,0.5721099420482189,0.07136014737889275,0.0061376876263201235,0.2988257884161934
24,0.08488850188881071,0.6218564295471468,0.10334350062860223,0.004509779698847994,0.18540178823659229
25,0.1410097767642087,0.28017771114007123,0.013897098216190762,0.006113899958909241,0.55880151392062
26,0.1897622339143514,0.3900497712721658,0.013287333359971131,0.00916631945740625,0.3977343419961054
27,0.25450355255823404,0.4142085946943325,0.03144014159390398,0.008682236706694607,0.2911654744468347
28,0.21841950520623374,0.46346681273596374,0.020854501947987266,0.007465233930159756,0.2897939461796554
29,0.061012780462404916,0.06468555941785156,0.039222704240308895,0.008528932109690957,0.8265500237697437
30,0.16759520650295096,0.03659629746116169,0.006032807558049089,0.0014710944037340968,0.788304594074104
31,0.27182526708052096,0.27670664367866527,0.01855292996685454,0.002399414276519493,0.4305157449974396
32,0.12975181916782796,0.2543523730779147,0.15003207504489682,0.002521505732399668,0.4633422269769607
33,0.05740263717007659,0.5897960373602394,0.13274246936436762,0.0008160108809946706,0.21924284522432164
34,0.04671487532103193,0.7874789727621601,0.11606785480946519,0.00041042556232830844,0.04932787154501465
35,0.04372321659994828,0.7204333123167919,0.17385749970513056,0.0006131281153792568,0.06137284326274997
36,0.026598198538545254,0.8209661792885696,0.12259246681309673,0.00028344314297166796,0.029559712216816917
37,0.011187480115724749,0.7186700519546333,0.2514997919367773,0.00026508557987533365,0.018377590412989246
38,0.023367547267485023,0.7264746111799191,0.2219104834802212,0.0004885026043553408,0.027758855468019455
39,0.11609419543547649,0.6166439318262943,0.14741376395123715,0.001759756579084267,0.11808835220790784
40,0.14719502715264543,0.7351345931338278,0.03145718716390623,0.0017037269748059875,0.08450946557481456
41,0.04018456574412473,0.7673542606564483,0.1581334365624686,0.0008739438732236488,0.03345379316373488
42,0.04572880234768751,0.6428005038666399,0.2781333381917765,0.0007327436326148095,0.03260461196128106
43,0.015040578963585242,0.6265306903272435,0.2646653780589599,0.00022671599377093555,0.09353663665644048
44,0.018001060205843404,0.7009996974470977,0.26782774345582305,0.00016108299355270143,0.013010415897683264
45,0.011488319018710001,0.6480525937519993,0.32661921689720563,0.00019048635788408559,0.01364938397420103
46,0.017142465064707884,0.7087798384189278,0.2624856079059369,0.0003750436708274027,0.011217044939600166
47,0.008297846105423043,0.8086153436165255,0.17738697363363765,8.781052796069361e-05,0.005612026116452925
48,0.003179131378330856,0.47712860059149625,0.5138109166417674,9.764836399429e-05,0.005783703024411203
49,0.004109222005127746,0.4371901494800411,0.5527590075507837,0.00020564136577013307,0.0057359795982774055
50,0.007499358948928566,0.37173312045293627,0.6131563072395826,0.00026497123843421245,0.007346242120118353
51,0.006391593415716634,0.3737551895375632,0.614539361529188,0.0002072014203692022,0.0051066540971629205
52,0.003248832110426129,0.25622086113551956,0.7364940453126354,0.00021078696381733003,0.003825474477601631
53,0.007189607646500441,0.4368507682679172,0.5491702579801871,0.00023669154715370418,0.006552674558241377
54,0.007352896979402254,0.41100204153616027,0.5729153847874573,0.00024984522401507337,0.008479831472965105
55,0.006577121840653307,0.18463977883526994,0.8010746691109178,9.636426274208152e-05,0.007612065950416821
56,0.012463476875401534,0.34834984972848687,0.632793295200254,0.0001772544752747612,0.006216123720582838
57,0.0021763802958044256,0.09879347346744491,0.8932219857048463,8.096509757098414e-05,0.00572719543433343
58,0.008542705462434328,0.22324927203399872,0.7563689491855763,0.00034268909660177603,0.011496384221389048
59,0.002487805981976202,0.27668352314165007,0.7158958919185785,0.0001349506804419519,0.004797828277353287
60,0.001377657302928726,0.12677508961787382,0.8687196190646096,5.841007834866597e-05,0.003069223936239132
61,0.0013846192538109518,0.10617749525866624,0.8845652296720478,5.5244488738077585e-05,0.007817411326737115
62,0.003122605710191494,0.17858194807302072,0.81275482372811,0.0001749160936226548,0.005365706395055197
63,0.006407617104418897,0.3274305742162188,0.6595851548788136,0.0002915809008819966,0.006285072899666762
64,0.0035332853947452098,0.13248003131542124,0.8607212277705331,0.00013382096166809866,0.0031316345576325464
65,0.010940839512787768,0.4564212824345787,0.5227094956267643,0.00047549254798706257,0.009452889877882183
66,0.004301318171156503,0.19200389101238455,0.8009073079783599,0.00013582925499776535,0.0026516535831013982
67,0.00918532240026321,0.4717805334073971,0.5123760852247325,0.0003847024636659531,0.006273356503941224
68,0.011246647673514633,0.4650290457165306,0.5151765989064737,0.0004952914934314687,0.008052416210049651
69,0.0026279705486262324,0.21065176327828553,0.7836744929770778,0.00015713461848235001,0.002888638577528044
70,0.002580552955780957,0.2308983323637468,0.7635326992449757,0.00018216598828539067,0.002806249447211318
71,0.00279014439495105,0.3092651486708545,0.6847241262100578,0.0002792323457018267,0.002941348378434909
72,0.007754739360069039,0.368284949651661,0.6183104910717535,0.0004106285013082945,0.005239191415208213
73,0.00528090541272998,0.340480499118468,0.6497330689808063,0.0002677132668415207,0.004237813221154393
74,0.005550128780215191,0.3889936120033648,0.5996426436956463,0.0003481984126316724,0.005465417108142134
75,0.006528347640472035,0.25593116992233855,0.7337253650380021,0.00016796637122698334,0.003647151027960202
76,0.00502911323261919,0.2945451678570343,0.6960071511107885,0.0002102665598007918,0.0042083012397571085
77,0.0030796650678432246,0.1945067735684564,0.7994518975109675,0.00020093746785262453,0.0027607263848802256
78,0.0037708817220536003,0.2543889829920054,0.7384333242646762,0.0003326062842830619,0.0030742047369817244
79,0.0034887099558396717,0.2027337216433117,0.7907410263710644,0.00027133491147285897,0.0027652071183114344
80,0.003662682736887458,0.27242986885972403,0.7199509876786006,0.0003591860995403448,0.0035972746252475323
81,0.004898427916023982,0.2959516350471741,0.6951417152033378,0.0002515766325551145,0.0037566452009092258
82,0.0015005983120945465,0.24588052629498472,0.7498891454920277,0.00018816560234937826,0.0025415642985437592
83,0.002311319372260596,0.2106569518348397,0.7824967506655021,0.0001142803985073247,0.0044206977288902905
84,0.0032465540045995772,0.30487593531513985,0.6879951579183743,0.00016635246248295561,0.003716000299403421
85,0.004629240406740247,0.2724399176989711,0.7173612582425856,0.0004357764424486673,0.005133807209254381
86,0.005962378622517106,0.24908909662802717,0.738479220448382,0.00038070513264833227,0.0060885991684252894
87,0.0047390489056415895,0.240188937498028,0.7513034319249049,0.000241070120731991,0.003527511550693542
88,0.005765250072498502,0.3009191272745311,0.6615896198485844,0.00040090846303681115,0.031325094341349204
89,0.13126374225290074,0.3176898828063848,0.2964850516331265,0.0007565007378172679,0.2538048225697707
90,0.020742235242206104,0.4284113706571959,0.4792087184261812,0.0007310678364995428,0.07090660783791736
91,0.05230331567128929,0.4702202482692102,0.23555474930200937,0.00235016563894116,0.23957152111855007
92,0.036386036671663895,0.6078881216666773,0.2547499479066807,0.0025100901734464833,0.09846580358153148
93,0.011149276573160689,0.2754947406498835,0.5979570388198326,0.002211833765542016,0.11318711019158123
94,0.023189921936814087,0.0595478823838908,0.027623807740538985,0.0010156789510978729,0.8886227089876583
95,0.08853709871171908,0.014361083144496469,0.00040118476715583285,0.0014638321749327109,0.8952368012016958
96,0.3282620489937077,0.20403430012886445,0.003797655316723775,0.006574927612084487,0.4573310679486195
97,0.2812799975834527,0.15504044574298007,0.001992509137365763,0.0011964909473855172,0.560490556588816
98,0.1961910117541117,0.2661620285892713,0.0031743337331414786,0.0010736019187887107,0.5333990240046868
99,0.19791042357461305,0.36949858745384956,0.1344696645121943,0.007245195254077861,0.2908761292052652
100,0.09646034522268696,0.7349610132508041,0.030439965100332672,0.005280708361793383,0.13285796806438296
101,0.040640368785261234,0.8050589309408025,0.07575405121846902,0.00280115092562205,0.07574549812984528
102,0.08152971177505723,0.6955552617151312,0.050367361332855305,0.008013024130191351,0.164534641046765
103,0.10763656675804865,0.6186639339165753,0.062230490243418826,0.009822555285424785,0.20164645379653243
104,0.022371257144227812,0.04852665323667706,0.005642071565002279,0.002034769227462875,0.9214252488266301
105,0.22783256232486582,0.2336939344362561,0.009619074751526019,0.002015472802720892,0.5268389556846312
106,0.17549561378439874,0.7379032393681854,0.002899111818077605,0.002926288131188622,0.08077574689814974
107,0.2161668086986927,0.4453547324520144,0.0012820065457036414,0.0025500604950169726,0.3346463918085723
108,0.07340842073699252,0.8735869674263037,0.019834619041380914,0.0006510418287835511,0.032518950966539346
109,0.11442814930743388,0.8413483461549182,0.004520801764825738,0.004730209318388617,0.034972493454433505
110,0.16487113195394726,0.7864742824892502,0.008591643002888139,0.004147170796732072,0.035915771757182156
111,0.03645729319616319,0.8953614696568667,0.036104702638048373,0.0006591330172163439,0.03141740149170532
112,0.1421621829938113,0.7870129338645424,0.021164422856931348,0.0032926758081355577,0.046367784476579445
113,0.03435530747491783,0.8464520303620516,0.04176934601111401,0.001660232629620756,0.0757630835222957
114,0.06375597691776246,0.9105054134945535,0.013959189789461004,0.0020751435150654913,0.009704276283157523
115,0.021200931526681777,0.8072021211389244,0.1583965749432221,0.0011606228232124676,0.012039749567959378
116,0.03617700438139761,0.7632626620192525,0.1077944741975736,0.0021851787398319716,0.09058068066194422
117,0.09568466273856586,0.6012255967331159,0.11048382944743314,0.00946895764827983,0.18313695343260528
118,0.10544511516798971,0.6557226193269555,0.07997402233352775,0.012167446644425716,0.1466907965271013
119,0.08864444830617395,0.709618454187498,0.0546354489857261,0.014751306468952308,0.13235034205164958
120,0.12549788023258895,0.673004915165991,0.05648154891758386,0.029217264569404884,0.11579839111443123
121,0.08115325914810376,0.31077009371591063,0.007784855459278188,0.015462197643277806,0.5848295940334296
122,0.10024132510158204,0.08770114914380046,0.0012723322908199453,0.009300555639559735,0.8014846378242378
123,0.08516444476549959,0.09985230114569744,0.0009351176503804794,0.055750692307015216,0.7582974441314072
124,0.07633223327917345,0.026990027375270287,4.525356077304044e-05,0.05269538434913214,0.843937101435651
125,0.16092261534395252,0.04711387212264674,5.352334894808299e-05,0.12454110345565778,0.6673688857287949
126,0.176516203466999,0.024843490044599424,2.6530772947825535e-05,0.17644018148279964,0.6221735942326541
127,0.12017003155808272,0.03174126364154515,6.87103179721227e-05,0.2342218942599204,0.6137981002224796
128,0.183586273772696,0.03573703343766854,8.375697594864605e-05,0.31104480881162583,0.4695481270020609
129,0.11778975231488915,0.045644512113461426,7.420683840109466e-05,0.3121769172069354,0.524314611526313
130,0.03073647852019451,0.015810291971458043,0.0002062450382088212,0.08400266138252731,0.8692443230876113
131,0.025874742898196856,0.011451003517298145,4.196115179045009e-05,0.058848963557506156,0.9037833288752085
132,0.049693431550023495,0.01870121359811697,1.6160918603501985e-05,0.08683690735457682,0.8447522865786792
133,0.025154965733167375,0.011308775327490278,0.00013523966530040258,0.07958336453803141,0.8838176547360106
134,0.03720398598979539,0.0069288846157066495,6.170130344169547e-06,0.036827928761162844,0.9190330305029909
135,0.11543877580510752,0.0150702165428892,2.19141977646905e-05,0.055210755737694905,0.8142583377165438
136,0.013767868502967776,0.004265350015640532,1.7395867379644396e-05,0.03114346457100391,0.9508059210430082
137,0.005237025441125044,0.0030511747023638704,1.1877106428579193e-05,0.018511041343279938,0.9731888814068026
138,0.138653827773814,0.012250324057440955,5.576651979475588e-05,0.24868266730948055,0.6003574143394698
139,0.0780853761465053,0.02256175016376688,3.4757680480413994e-05,0.11620507624770285,0.7831130397615446
140,0.08334009578010523,0.020497723215173146,2.3705146292273923e-05,0.23733549013051145,0.658802985727918
141,0.007375664491770808,0.01048471755215965,0.0005166846442138216,0.010310285926928805,0.971312647384927
142,0.04585952130414705,0.013528929129009406,0.0005337178152031509,0.02159662925748202,0.9184812024941584
143,0.07449562070364486,0.010685705317931888,0.0011595556365142725,0.014767431746060546,0.8988916865958484
144,0.09172870064573715,0.029958803677301696,0.0008730894911765832,0.03980734826175989,0.8376320579240246
145,0.049924115487204164,0.023138844111667164,0.00031882939849972553,0.0304396751276692,0.8961785358749597
146,0.1747728512668144,0.03096517839803481,0.00036256926838662193,0.06038272825599553,0.7335166728107687
147,0.024417351744428842,0.024333783323556867,0.0009360208268096861,0.062274466318048345,0.8880383777871562
148,0.05629272744660904,0.01025165713383444,5.162445196700364e-05,0.17091182498236107,0.7624921659852285
149,0.13203099130042006,0.028405796436314374,2.3330700675927945e-05,0.4052598186209883,0.43428006294160126
150,0.17011270232065093,0.0067449788810833525,1.7324344575119684e-05,0.3503905305852347,0.4727344638684559
151,0.06782587855397296,0.021863397021851024,4.7703082100768337e-05,0.14510341308221622,0.765159608259859
152,0.09871571788735663,0.031932690504799,0.0002919627673698323,0.1081540213572189,0.7609056074832556
153,0.08879877166406935,0.02216338925775119,2.5621691570606538e-05,0.22803364782703972,0.6609785695595692
154,0.1367091102219124,0.009770509809131462,2.253877378283388e-05,0.41272118162134136,0.44077665957383205
155,0.06007665060132246,0.012808028221194223,3.74815962474865e-05,0.11840834425210046,0.8086694953291353
156,0.08011550101667056,0.01522137922869973,5.412877095295834e-05,0.4541088904398453,0.4505001005438314
157,0.1075438567472487,0.01934229735614617,0.000103614377038783,0.2641138815745049,0.6088963499450614
158,0.08260938826208254,0.017875797027667825,9.41452045431225e-05,0.09126675744199358,0.8081539120637129
159,0.012400395939596296,0.007005079143735629,0.00020358025344671527,0.03075529175379391,0.9496356529094274
160,0.06882551113940327,0.011225075688839596,4.97509644410593e-05,0.09485278908873211,0.8250468731185839
161,0.1165520660977768,0.017460842770513404,6.0854946869087833e-05,0.175067207130137,0.6908590290547036
162,0.005712406033463394,0.0013965836441298945,0.000304045502959998,0.0038816715368121444,0.9887052932826345
163,0.0492956201688961,0.005167299673470683,8.436247474927252e-05,0.05209790734052624,0.8933548103423576
164,0.02616995210379384,0.0024303910083012274,3.379258773256646e-05,0.036292679688162875,0.9350731846120094
165,0.18468264227111728,0.004187195145735899,3.5142801263686e-05,0.12550573417692837,0.6855892856049548
166,0.13261759939040238,0.018946313494018874,7.093766495237993e-05,0.1447147128571068,0.7036504365935196
167,0.19657520551060031,0.06169641211725344,6.0523780242212815e-05,0.32327409044805966,0.41839376814384427
168,0.11149774712453699,0.019277639327926838,2.8071891778452186e-05,0.41914338023446895,0.4500531614212886
169,0.07624641479372625,0.015513867373156028,3.0613618881087016e-05,0.5466584853696876,0.361550618844549
170,0.028857428416894128,0.047330252984669446,0.0002510615236747925,0.062082599381911636,0.8614786576928499
171,0.1540096494550278,0.07022523196093555,0.00014824074719249812,0.3291213678868234,0.44649550995002085
172,0.045146793313225256,0.03528502629761024,0.0011364623319903076,0.061458012723259105,0.856973705333915
173,0.13525715749656428,0.042135947679184306,0.0035038552949517034,0.17200301494065623,0.6471000245886435
174,0.05361454732110972,0.0884544173528021,0.0068932674214942005,0.16893902070068798,0.6820987472039061
175,0.06548203227582576,0.04001921182584529,0.027289376917071038,0.18021765328412273,0.6869917256971352
176,0.022423129801968686,0.028453562497776676,0.004811356098396618,0.09685465684459145,0.8474572947572666
177,0.07219090720693028,0.08957940627144297,0.014322026271076278,0.19261548933436745,0.6312921709161831
178,0.02463018639911608,0.042393081975207234,0.018870807814567715,0.08017477871625515,0.8339311450948538
179,0.1095310089168364,0.05866208268622396,0.027420304375170058,0.18460350021125962,0.61978310381051
180,0.0769619904527807,0.07515070897461212,0.007468538159970004,0.2543279699537636,0.5860907924588736
181,0.14543310072006357,0.16912653327787552,0.013889415733790383,0.29802918188777044,0.37352176838050005
182,0.10940345296013558,0.1174452225679472,0.0048080364153926585,0.5043815758480985,0.26396171220842607
183,0.23517131765913535,0.20515773418281266,0.005774991469655859,0.3028784119721173,0.25101754471627885
184,0.2612703996431717,0.14304251787025202,0.0038570871291090853,0.37082927237995034,0.22100072297751694
185,0.32125885811899396,0.14884887080841103,0.003927140911021201,0.20655473311229347,0.3194103970492804
186,0.21439028113122535,0.21391023612171842,0.007936088730730503,0.3225387589565163,0.24122463505980943
187,0.14679280191360025,0.11747550895202659,0.009215379014231386,0.32596495850407076,0.400551351616071
188,0.16101926963591767,0.12141300118019961,0.003929863876576086,0.4999014047516492,0.2137364605556575
189,0.09741975547809857,0.0719523949032102,0.0017960449965243677,0.33652160952550425,0.4923101950966627
190,0.12776673333357902,0.04218064439832618,0.002050412830002252,0.15214076157175777,0.6758614478663347
191,0.11244790128632236,0.04017670777527947,0.002595789467359034,0.19329521510643208,0.6514843863646071
192,0.07121001946294377,0.02081289662370978,0.00016785742022247302,0.17855441243584072,0.7292548140572832
193,0.4213298217724518,0.02377544933360811,6.681251165476975e-05,0.48767733327705914,0.06715058310522601
194,0.2713575853786945,0.019443983482079243,2.6759054293066275e-05,0.6302809686662628,0.07889070341867031
195,0.3664075614053485,0.05520219655639476,3.251992018234404e-05,0.5089304007951108,0.06942732132296357
196,0.2791413932059352,0.13663338955982768,6.43542585497505e-05,0.28075999480459135,0.3034008681710961
197,0.2653703229006897,0.08573875850925741,4.363367491624409e-05,0.5814861767188574,0.06736110819627929
198,0.2505749992661844,0.29081233615998325,0.0002866390215630621,0.39362132671553524,0.06470469883673412
199,0.21099224020326549,0.4062090023442663,0.00013286159793170284,0.29577376818819895,0.08689212766633754
200,0.25167280169385375,0.29687099015843366,0.0006469392500524931,0.40253175216515075,0.04827751673250943
201,0.09763544281924362,0.5384544961744379,0.0003162528530297173,0.3014562001302205,0.06213760802306834
202,0.17563198805397903,0.5178308214937963,0.0012569357789461685,0.23972658853304843,0.06555366614023009
203,0.3362269357705718,0.25681825639665673,0.0009797181940245207,0.3418710446095397,0.06410404502920719
204,0.2957128757513268,0.28410845075627467,0.0013007273627310253,0.38055955924388896,0.038318386885778453
205,0.09003379420478161,0.8182233025975708,0.0007948645789381576,0.07850062438243813,0.01244741423627125
206,0.18295287202090305,0.5047916101601548,0.004071827370873515,0.27906330247596217,0.029120387972106438
207,0.19072443842754205,0.68439069313875,0.012430775027003188,0.07057776901477018,0.04187632439193463
208,0.11230083320638048,0.8019123207235838,0.004725570723953649,0.06846246308934177,0.01259881225674027
209,0.13437890709066924,0.8149498217337898,0.0040285097168645916,0.02941075813423174,0.017232003324444422
210,0.0478761296139342,0.9255655257673144,0.00867169927523175,0.006141894341342468,0.01174475100217738
211,0.1180336108639788,0.8436999294180146,0.007993821638449803,0.010495025002356748,0.019777613077200013
212,0.010935999256632575,0.8863494300533653,0.08893209967977729,0.0033793330115807173,0.010403137998643976
213,0.06446766038602612,0.8771341003570798,0.01787252137491901,0.014376510211784366,0.026149207670190792
214,0.025189280252198513,0.9136734724319715,0.041223342043260655,0.003515318126643214,0.0163985871459263
215,0.021851015125435438,0.9375937761255835,0.020376980884190786,0.003055800790941255,0.017122427073849044
216,0.08191842249880173,0.8835000173377333,0.007749688526268802,0.006060852969798442,0.02077101866739765
217,0.028862003278831122,0.9302723563299167,0.028402088944834605,0.001990592658860735,0.010472958787556958
218,0.025960436224149046,0.9505351604893091,0.012848095524156932,0.0009445576757175206,0.009711750086667189
219,0.05080927035383519,0.895621757641753,0.02266228140582199,0.0021091987816079668,0.02879749181698197
220,0.029498571244434432,0.9454855451400813,0.011445077264482984,0.0012759918486832382,0.012294814502318282
221,0.012661215069033642,0.90697358732486,0.06875729367636144,0.0009795740247431502,0.010628329905001847
222,0.01094001575936312,0.920291360066103,0.06046789176972728,0.0006080390383109997,0.007692693366495695
223,0.017769948764783133,0.8427791400092198,0.12301628392918303,0.0018928944409472585,0.014541732855866947
224,0.0906135002325014,0.8471437502024486,0.020072788228357463,0.012874401546004294,0.029295559790688232
225,0.049737176902796526,0.8028053964731063,0.1263052302612809,0.007268328503334725,0.013883867859481447
226,0.0227616979983482,0.8579428790280489,0.1076417992580432,0.0032414933739305287,0.008412130341629128
227,0.03408304688796726,0.87690755389766,0.07613149561493716,0.0022975290746176874,0.010580374524817695
228,0.024201549105185627,0.8498676636204907,0.10657021716426017,0.003451865747352914,0.01590870436271067
229,0.02816212418515722,0.7913331526399063,0.16212615411923054,0.004381572317480739,0.013996996738225194
230,0.03855294091372123,0.8602940341968973,0.06784159151790328,0.00934488702461249,0.023966546346865455
231,0.03354047156065643,0.8290321836754325,0.1148112075958449,0.006540329340111184,0.016075807827955042
232,0.037329113203613616,0.7183720778516641,0.20671456535692626,0.006216165029135633,0.031368078558660376
233,0.03834327335275835,0.7387141866561159,0.20187085083150783,0.005991465460898173,0.015080223698719615
234,0.05045885252859543,0.7641256048247359,0.13478881499976142,0.004726184883400861,0.04590054276350642
235,0.08897014351672153,0.8129666104154554,0.015575198317624245,0.005420484825450424,0.07706756292474856
236,0.033812404408495596,0.8994234991513825,0.05083179938819205,0.0027936539797021186,0.013138643072227842
237,0.008225882341999393,0.9842227605366097,0.004304555014386404,0.0007420224222716513,0.0025047796847327245
238,0.01414225629861232,0.8791163383690219,0.09272629561107808,0.001841475622185327,0.012173634099102394
239,0.033966156112535076,0.9369931384108219,0.01614518515516653,0.002612005962223585,0.01028351435925291
240,0.009537510791917964,0.860548127482204,0.12244205921888784,0.002084411124144043,0.0053878913828459985
241,0.011452983346122323,0.857636870717017,0.12113458276977077,0.002173627069100421,0.0076019360979896105
242,0.010349098167599897,0.5883774356536192,0.39034455948837216,0.003140740709447234,0.007788165980961432
243,0.028690951192196685,0.7610706849842264,0.17487893452782968,0.015186244785153466,0.02017318451059375
244,0.024459598002658376,0.8046344094451331,0.15215188415202835,0.007316447616025017,0.011437660784155139
245,0.0799444128045575,0.6839099594410788,0.1561089598326376,0.038772417109652776,0.04126425081207327
246,0.020295213150159776,0.8740534802277966,0.07254248470145741,0.015610378831937917,0.017498443088648313
247,0.16104383020783405,0.5060112355901223,0.05144315002138681,0.021480007340948383,0.26002177683970845
248,0.4152330622704983,0.491808489909736,0.0009136516440105243,0.014346566704820027,0.07769822947093502
249,0.02376756517102704,0.9610987836645484,0.0022832776327124426,0.002112043124804497,0.010738330406907358
250,0.03136386359078229,0.9478360107407787,0.004365930218103142,0.0012068497765156832,0.015227345673820128
251,0.053306873665455085,0.9156055737569285,0.01432859579906662,0.0019719426556562237,0.014787014122893488
252,0.0070496188102553555,0.9720003486946391,0.016347484584529552,0.0010482036070874584,0.0035543443034884922
253,0.028207069870177317,0.9254714331748982,0.009123870568787997,0.0036793392407521368,0.033518287145384414
254,0.026887908574861934,0.9136303694164101,0.03954018437638017,0.002751568700227465,0.01718996893212049
255,0.060191784447226566,0.834838329969605,0.08470785662286605,0.0025888491537690984,0.01767317980653297
256,0.011253123462805409,0.8171703474529481,0.16112870240210955,0.0009275221095285362,0.009520304572608308
257,0.0364120141866274,0.7878106321482683,0.12292321804375902,0.003679952448003132,0.04917418317334217
258,0.021607626326354393,0.6484515871498059,0.3062788158614305,0.004033305112319718,0.019628665550089505
259,0.031310080440937284,0.7408278219194322,0.18914483901230592,0.007192309261285247,0.031524949366039334
260,0.10381015407716859,0.804441362011157,0.05798650368071745,0.007383229356036589,0.02637875087492039
261,0.06180440143556644,0.8532725755945543,0.0738170676989041,0.0035916306112104834,0.007514324659764882
262,0.010153099710446863,0.63532859234973,0.3476142530486815,0.0007442341173858171,0.006159820773755789
263,0.022868261182148193,0.8141575643992202,0.15654548494204942,0.001715775174492121,0.004712914302089963
264,0.009557954107073288,0.780540935803937,0.20232316875119769,0.0022583548785955515,0.005319586459196515
265,0.011670579191242664,0.8028191571943234,0.17408449607681659,0.0032438615115581893,0.008181906026059001
266,0.011342077660216622,0.7693169810085375,0.20220977822673336,0.0020121134330706152,0.015119049671441757
267,0.03410946082107751,0.881218315443944,0.05996715043204131,0.004736791558608878,0.019968281744328447
268,0.03723345462715117,0.8700330966695006,0.04917570655174974,0.005633656190864528,0.03792408596073407
269,0.01962618134924173,0.8083551400179857,0.16283613334606536,0.0014090900581304495,0.007773455228576589
270,0.019960756621953773,0.7717951899155662,0.19625210914563582,0.002182697175316053,0.009809247141528232
271,0.19634899373449025,0.6445174875591834,0.028885895503305357,0.015949098670623295,0.11429852453239776
272,0.034430673121806574,0.8979875733632983,0.04343187171235996,0.003577779105999432,0.020572102696535872
273,0.10735388365909221,0.7766754268661814,0.02370792012020444,0.009567374713095123,0.08269539464142686
274,0.049527014372256296,0.7724654643533456,0.12654210598920324,0.005171708326700459,0.04629370695849455
275,0.07075742558786405,0.7856891241893614,0.017081860015263017,0.008285762007545616,0.11818582819996591
276,0.07454291060368679,0.8533494120557299,0.03893433501699494,0.004934551631825949,0.02823879069176261
277,0.045537751341157263,0.7796998593259513,0.08302220714943441,0.005063485926867454,0.08667669625658936
278,0.03683080686719608,0.9260789802628414,0.02477748661676112,0.002643060133104755,0.009669666120096518
279,0.027317750622892652,0.7490827906974918,0.21041343123279135,0.002471675979921138,0.010714351466902921
280,0.02640691942501401,0.7871638949612212,0.1742093169740194,0.002995085864667822,0.009224782775077597
281,0.012527438974239944,0.8087567135332459,0.1674967738388012,0.001579668200476512,0.009639405453236405
282,0.007736019859320125,0.9150603451195765,0.045353827009387754,0.005163838714373561,0.026685969297342193
283,0.012437333069586482,0.8384362847328828,0.11845406103375905,0.0053574283247128755,0.025314892839058897
284,0.023324585818137386,0.5634618693242084,0.35985875171040477,0.012394729642349082,0.04096006350490023
285,0.024636566328576425,0.7579291328809931,0.19036400461306133,0.00763937882773414,0.019430917349635268
286,0.010086124294102872,0.5915754893087405,0.3843740457939167,0.005680028274431802,0.008284312328808163
287,0.008899890308145416,0.6433992889586276,0.3216675859009481,0.00988717791191173,0.016146056920367174
288,0.01752441244949906,0.7230063069725039,0.21829324346430748,0.02572044818623734,0.015455588927452205
289,0.01217163364424134,0.6985236474558625,0.2721710355469878,0.012271205948389378,0.004862477404518939
290,0.009553600310952738,0.4810204670189999,0.46600121297614117,0.026362703489133443,0.017062016204772806
291,0.03337978194676282,0.6919086335674725,0.24672267765135028,0.020459839158274314,0.00752906767614009
292,0.03380047546201402,0.7370508219561887,0.17634690140355777,0.027478297122693805,0.025323504055545745
293,0.025004641376036658,0.8227789453976991,0.10549858804275485,0.03609055960563304,0.010627265577876011
294,0.023765450475164047,0.670858628567288,0.2808304309150151,0.01734150222253515,0.0072039878199976985
295,0.013596936287445708,0.7158528405862706,0.24996441175054362,0.01494240407831218,0.005643407297427871
296,0.02333283143280933,0.7637490983163694,0.18661487082805533,0.016122658103887143,0.010180541318878846
297,0.02676022626130118,0.8737503615432936,0.08458420345753859,0.010406492316698518,0.004498716421168208
298,0.013855564866016884,0.8287511026001733,0.13830690384307046,0.01156792193651116,0.007518506754228468
299,0.013198106061830143,0.8616908785196404,0.10948781403433633,0.007986570762638874,0.007636630621554123
300,0.03427917687464436,0.780558017579947,0.160580954621115,0.009670765932962082,0.0149110849913315
301,0.04807470756371154,0.8543216166982448,0.07642976987737983,0.008781451127111296,0.012392454733552256
302,0.044725621416488226,0.772151798433299,0.14608704789814875,0.01459969910496763,0.022435833147096306
303,0.058209114002515445,0.8390989287426904,0.07345684725157789,0.0123466798868685,0.0168884301163477
304,0.015645902353320414,0.7732392530120455,0.12839410969625176,0.011571587049732693,0.0711491478886494
305,0.03093339714679365,0.7893429646069173,0.08342696768364954,0.03487760263302465,0.06141906792961485
306,0.04584088851144005,0.7590292369365194,0.1204660834686964,0.025377609809402294,0.04928618127394177
307,0.056753637205569855,0.5944376950917296,0.29016720389328204,0.009523280133084797,0.049118183676333575
308,0.15320873893822434,0.49825640682015376,0.11689620401143218,0.02129314419498603,0.21034550603520363
309,0.07808129627748897,0.03655816410497682,0.0063948442738065644,0.011936922571411122,0.8670287727723165
310,0.47550320489268966,0.34311520546390073,0.00344757190717978,0.037867596194559275,0.14006642154167054
311,0.3720421147911054,0.2874240427254681,0.004309036785755101,0.015917261145457065,0.3203075445522143
312,0.2034031159308455,0.4765441121797531,0.015538039511232083,0.007382693176289488,0.29713203920187986
313,0.19482766456871783,0.7060283748401325,0.020756476893330534,0.023749386587292982,0.05463809711052619
314,0.0321547004056384,0.8589003076508673,0.05371241781710453,0.005551346642944036,0.04968122748344558
315,0.029145120614339052,0.8415267954671561,0.05588136573282337,0.006756950615162169,0.06668976757051925
316,0.08094137964835513,0.8640062957629402,0.030531831402966447,0.0103214041558871,0.014199089029851036
317,0.08393277488384354,0.8631809695624408,0.028748050628638326,0.009115310787786834,0.01502289413729042
318,0.047803007479240545,0.8800055166230825,0.04852929267182937,0.010524783495912349,0.013137399729935202
319,0.046951237389270206,0.8657032624077525,0.05451837983435698,0.01352742525674124,0.019299695111879046
320,0.048733196229309585,0.7552407834037564,0.15412384057058745,0.006275066761889205,0.03562711303445726
321,0.08067968451346094,0.8659973890707553,0.02597370766269849,0.013417313303608333,0.013931905449476879
322,0.10899744089844125,0.7909226962327085,0.05571726614688436,0.015528110857460102,0.028834485864505776
323,0.03865885298065425,0.8653497931446487,0.07775772005400726,0.0025544923638129964,0.015679141456876905
324,0.05095607451723619,0.8863358052352658,0.05374107980599306,0.0016480513869446582,0.0073189890545603915
325,0.04428435901807999,0.8765204871741276,0.056433998139240625,0.002777160977665007,0.019983994690886762
326,0.03520365828956368,0.8556011090481808,0.09302882181265089,0.0028148060619719705,0.013351604787632509
327,0.05674685105093228,0.8319558064652754,0.09442270224326735,0.003667519369904329,0.01320712087062058
328,0.021558184231879336,0.8360298286802239,0.1020933917491385,0.0030973496436199834,0.03722124569513844
329,0.03386927768952753,0.8680059920200915,0.02418420274355912,0.0019940205032496533,0.07194650704357212
330,0.02291425832989517,0.8942522839428652,0.06272642953359432,0.0015582382744714332,0.01854878991917388
331,0.027227396227688473,0.8869506628234524,0.05447529001511162,0.00426645911498503,0.027080191818762332
332,0.07909239771064552,0.6934940838996716,0.15338240512900136,0.004607064485810247,0.06942404877487135
333,0.07300400614921335,0.8119846606731591,0.03998522019092771,0.006894332868240516,0.06813178011845913
334,0.15368544764597913,0.7161392752397302,0.01442616007851302,0.0078110657435064785,0.10793805129227124
335,0.036996822749611594,0.7649506012419099,0.040160698666785385,0.0018137548372305012,0.1560781225044624
336,0.03489520854401963,0.8017933055677549,0.03997526452437539,0.010252183883271893,0.11308403748057823
337,0.0467971713663528,0.5202987665901789,0.0186654626366909,0.012338547795832489,0.4019000516109449
338,0.04024307887059667,0.5527915626899172,0.017759175196605356,0.016346567482441187,0.37285961576043963
339,0.08751305394515974,0.3810848412499271,0.024476792212256748,0.02008758319573579,0.48683772939692055
340,0.16872306155955769,0.24691983937737064,0.0070031288350352276,0.09589817834169723,0.48145579188633925
341,0.01326000998600916,0.0216402668151537,0.0080794113258067,0.007158491415624689,0.9498618204574059
342,0.008734825842984042,0.0194687097845201,0.0023690444476755193,0.002518561423324702,0.9669088585014955
343,0.11041753232713812,0.09727348914660727,0.01282795041571588,0.02649300265204672,0.752988025458492
344,0.18120275922595547,0.1279958477807145,0.0587813122136371,0.013993552791346868,0.618026527988346
345,0.0853473302216984,0.6942506994159615,0.12164080867419728,0.0204166591264411,0.07834450256170178
346,0.15366419598330658,0.6843749777651051,0.0055471157327994635,0.05722475114675877,0.09918895937202998
347,0.16062209262582322,0.4660736210539628,0.011117174189748011,0.21702726323926322,0.14515984889120281
348,0.10793049347159135,0.15694485307534078,0.0007877153802956816,0.6942781685433053,0.04005876952946691
349,0.09940790387641758,0.14886786958281858,0.0008500008846286361,0.7038187573996872,0.04705546825644785
350,0.10785105782409776,0.09963340055086042,0.0008049251633320687,0.7341052268656417,0.05760538959606785
351,0.08706799248973167,0.055349656495334305,0.0004514120054653399,0.7861206992384879,0.07101023977098067
352,0.03702988970684063,0.05479140336823951,0.00015693604349758177,0.8799941803550401,0.028027590526382273
353,0.050084876593224165,0.04092253235265372,0.0002151236705973285,0.8295936511892718,0.07918381619425313
354,0.025705573207306348,0.03489976227767646,0.00022326661189973806,0.8983612239419295,0.040810173961187884
355,0.03803414642293146,0.010507848157921846,0.00023689879469716114,0.9082842804989522,0.04293682612549731
356,0.023375713579778825,0.007864890278357267,0.00011316052533342782,0.9464636593297807,0.022182576286749835
357,0.06766207557848958,0.02045571937051017,0.0004192797679948251,0.8838012968856291,0.02766162839737623
358,0.03997680494010588,0.01340644347462467,9.19040171867334e-05,0.9335436943532219,0.012981153214860718
359,0.05445794429005529,0.020122341630125787,0.00022792046969087766,0.9080441710642149,0.01714762254591316
360,0.04335566913385601,0.046981575400940785,0.0006216890850937064,0.871707708219085,0.03733335816102453
361,0.03069050609971451,0.03969727205067108,0.001696168810035017,0.8063175573607013,0.1215984956788781
362,0.04973030207866929,0.019357992192216334,0.00023220322015013342,0.889931139416067,0.04074836309289722
363,0.03343576983681964,0.02682848689937237,0.001290908862211882,0.07350560982990272,0.8649392245716935
364,0.35303251223763116,0.05372722963890608,0.0003215365171571905,0.4349971986056089,0.15792152300069662
365,0.396154286512631,0.033696738916216676,0.0002278161568832387,0.4860207111611621,0.08390044725310708
366,0.2987389723925797,0.05488647390211206,0.00019232918076318085,0.5437107273201127,0.10247149720443245
367,0.08003988390568126,0.03746245280229803,2.9219628151920188e-05,0.8551412751111207,0.027327168552748
368,0.09171045370996497,0.017578452304932265,2.0669718935919242e-05,0.8605405706967302,0.030149853569436485
369,0.1035053641451026,0.031462904978480824,3.552637550884506e-05,0.78819433987083,0.07680186463007761
370,0.08398354621643714,0.05950455889766008,0.000436619046807888,0.5501258267150416,0.3059494491240533
371,0.036469116229044994,0.021322644747972106,6.560277004021409e-05,0.42544303493102786,0.5166996013219147
372,0.12250782672170422,0.011879485104462321,1.9908380295749532e-05,0.8235094171499753,0.04208336264356227
373,0.05341355004694502,0.013216315024006752,1.4216449571564618e-05,0.9079626556341553,0.025393262845321278
374,0.043455944101677316,0.011003124102433454,1.878391470790965e-05,0.8942273433457508,0.05129480453543039
375,0.07918287563003806,0.025148701585509834,2.7743494653743945e-05,0.7903693284465109,0.10527135084328752
376,0.04217054270188278,0.032453108203511515,4.903650521551865e-05,0.2936371030437662,0.631690209545624
377,0.1802026111059519,0.03434593197703226,4.12038994783384e-05,0.5123473504982194,0.27306290251931803
378,0.3504831015949107,0.04232294164986102,6.008845556938649e-05,0.42588286071910636,0.18125100758055257
