epoch,N1,N2,N3,R,W
0,0.0002946880713141401,0.00022413131183284473,7.954919898669147e-06,5.465855118467654e-05,0.9994185671457697
1,0.0003428026232859339,0.0002871947140058208,6.396651608556391e-06,7.576060509968383e-05,0.9992878454059999
2,0.0013782270324735639,0.00022639462230263584,1.6928511316297623e-05,5.7225374081408585e-05,0.9983212244598262
3,0.0007113552396667978,0.00033127072834268146,9.888058765987859e-06,0.0001814267796323225,0.9987660591935923
4,0.003109809799123367,0.002158797208740352,2.9843469686629923e-05,0.0002886232512253229,0.9944129262712242
5,0.006413615435006281,0.0016284469498920025,3.971802493066888e-05,0.00043159507864642916,0.9914866245115246
6,0.019321526247057144,0.003346372901610432,4.545774616014113e-05,0.0008555317492363214,0.976431111355936
7,0.044364368617436985,0.02331697844471513,0.0009107081545793622,0.000568655598855684,0.9308392891844128
8,0.073305303492944,0.0558835345500582,0.0031787011176706986,0.004076910869234045,0.8635555499700931
9,0.02417602552160027,0.23410851053255138,0.009543224726253852,0.0012458649232959295,0.7309263742962986
10,0.0057205723548962245,0.0036730333847467015,4.6838528918022086e-05,0.0027385313995235225,0.9878210243319157
11,0.0003375901673953494,6.494485381352125e-05,7.736350224459317e-06,3.2717690516953606e-05,0.9995570109380498
12,0.0026399598108007953,0.0003513114883397113,1.3171323094019148e-05,9.116817562318427e-05,0.9969043892021422
13,0.0007059573001937899,7.85952682281649e-05,4.7768938107114445e-05,2.81752175673313e-05,0.9991395032759036
14,0.0010302549898338063,7.757667613907792e-05,5.962818237004739e-05,0.0008336057836330556,0.9979989343680239
15,0.008002789017835863,0.0005084866924200587,1.2430137542628154e-05,0.0009240166852450192,0.9905522774669565
16,0.002464051606751777,0.000669030240154708,0.003211213185808049,2.403970813142331e-05,0.993631665259154
17,0.0008936964125101018,0.00015535666800413586,0.00034186380536636743,2.0774638715197148e-05,0.9985883084754043
18,0.0217967295988858,0.002026449082650636,0.00026725047830699825,0.00019081914641754956,0.9757187516937389
19,0.010181079319677015,0.006672726019007055,0.00028491639380894977,0.00014057989228386075,0.9827206983752232
20,0.004182056628027664,0.004043287787497226,0.0005457981070932254,0.00020371424027708417,0.9910251432371049
21,0.0006140153414299395,0.002340678592728325,0.014011748213217906,0.00016010213794837307,0.9828734557146754
22,0.0012836879516805472,0.0011627681075665225,0.0026587819542558456,5.852733270524204e-05,0.9948362346537918
23,0.0019158325430129364,0.0003569318558314896,2.661998027302198e-05,0.00010782187672543481,0.9975927937441572
24,0.0012560864744930193,0.00033744732706438376,2.9560932631620313e-05,7.829263484897977e-05,0.9982986126309621
25,0.0010762962655850798,0.0004525534776652573,0.00011171055980490473,9.159068877982989e-05,0.9982678490081649
26,0.0033091054370671465,0.0005983951163739277,0.0010144139544623503,0.00018608003253243089,0.9948920054595641
27,0.003999988274854764,0.00041798969968891153,6.610826299983693e-05,7.999529758602747e-05,0.9954359184648706
28,0.002425925918865384,0.00017689181254042512,3.4614461702476826e-05,6.510235196651367e-05,0.9972974654549253
29,0.001855026880726786,0.00031289918311895094,0.0001334571584012796,0.00010208980669587471,0.997596526971057
30,0.007179377257530867,0.0006717304764190037,4.186106193899566e-05,0.000160969470596179,0.991946061733515
31,0.014626976491785392,0.0022200924789755744,0.0002923049615207031,0.0008117246099617464,0.9820489014577567
32,0.005221284854380697,0.0019369804946681292,0.00010791845908999067,0.00017069985266970252,0.9925631163391915
33,0.0036215915174836392,0.0010601921489657147,0.00037634584624160033,0.0004842169320835038,0.9944576535552256
34,0.0021612919676244056,0.0007091883857871366,0.0001441099039270981,0.00012411585307132658,0.9968612938895901
35,0.00022759220700498535,6.663788279079894e-05,6.035863064806932e-05,1.531605108701282e-05,0.9996300952284692
36,0.0009062528539544015,0.000301942588344293,6.04262002911027e-05,8.174142815135374e-05,0.9986496369292588
37,0.0003551401914044683,0.00026599006092178917,4.713864109003672e-05,1.9157119514220826e-05,0.9993125739870696
38,0.0009178718814550213,0.0002847947367217768,2.6959216284550844e-05,2.6165808974177012e-05,0.9987442083565644
39,0.002176118213159411,0.0005290479351724149,3.270954008645844e-05,4.811408635404018e-05,0.9972140102252277
40,0.004154436308447914,0.0011943570215111059,0.0003295947156921236,9.903386951511803e-05,0.9942225780848337
41,0.014204176529862781,0.0020885526378951404,0.0008556281997633273,0.0002796611213541907,0.9825719815111247
42,0.012204941335781986,0.002048804770605892,0.0001804342649215091,0.0004586067091764371,0.9851072129195142
43,0.0041541289775238735,0.0010775487910021286,0.00020676008280368083,0.00032179815287613887,0.9942397639957941
44,0.004390828954355854,0.0015468981070190786,0.0004219222166435863,0.0002609817815394508,0.993379368940442
45,0.0014179155724965563,0.0005524543958423907,0.0001762999617548624,7.700492979895514e-05,0.9977763251401073
46,0.003026825190930115,0.0008857214837432623,0.0004160507875922086,7.342838019149122e-05,0.9955979741575429
47,0.0036099527883166763,0.001257793969594155,0.0021189416889343788,0.00010179822778847221,0.9929115133253662
48,0.0063304038460154245,0.0009083483584938308,0.00041871893107564513,9.978531162357416e-05,0.9922427435527916
49,0.005007971994669101,0.0007819574294092076,0.00032506578406479224,9.955257106661356e-05,0.9937854522207902
50,0.006876404781790423,0.0010846502988813094,0.0003248169805910891,8.903851033356458e-05,0.9916250894284037
51,0.004258694532776359,0.0017220486406769625,0.0010148994173495066,7.13123269204854e-05,0.9929330450822766
52,0.005755481176470036,0.0014663558817529742,0.00033997836038380326,8.043842283203389e-05,0.9923577461585612
53,0.004861732192758897,0.0031098074028828872,0.0005022228848958505,0.00011278138823157065,0.9914134561312308
54,0.012876448452831792,0.007230149391547042,0.0005253265638441788,0.00041217063036074267,0.9789559049614163
55,0.001095715067592696,0.0008025674347525632,0.0002274755527249805,6.04784610248327e-05,0.9978137634839049
56,0.013176760558601926,0.003148220092869856,0.00019586232477625322,0.00026931454851508594,0.9832098424752369
57,0.026912844941315812,0.008423114331586158,0.00016615114946713446,0.0009212855774545939,0.9635766040001764
58,0.00913428582025238,0.002267200843202975,4.45288912741929e-05,0.0005383985813048694,0.9880155858639655
59,0.003720382406350043,0.0017462943172175517,6.19770042295874e-05,0.0004387101787401904,0.9940326360934627
60,0.002810587001691975,0.0006240114555308748,3.584514102289924e-05,0.00021558143427250986,0.9963139749674818
61,0.003744391907382252,0.00041697489457521503,0.00017086697186674356,0.00017426595518434224,0.9954935002709915
62,0.05272158737279489,0.0030454953257435316,0.0004555397866539903,0.0003478045128376868,0.94342957300197
63,0.0419272099183369,0.012074788946695208,0.00027727262616204594,0.0010821993669235153,0.9446385291418823
64,0.040825055677159744,0.006992950413465499,0.001553793778907475,0.0006325247950370687,0.9499956753354302
65,0.13013565029522492,0.08266719750199569,0.003385758629489891,0.004129435863621803,0.7796819577096676
66,0.14169959836416185,0.4060971402562967,0.004779009477818635,0.004255989372149776,0.44316826252957303
67,0.05126066832502067,0.6148883981378496,0.02450210209829518,0.005650713704637823,0.3036981177341968
68,0.024931025153661208,0.05508762729614653,0.0024738138216932127,0.0024756381629474694,0.9150318955655515
69,0.002161524747315251,0.0007608417445351416,0.00013885970291539786,0.0001702371571744179,0.9967685366480596
70,0.04222205640241309,0.04078315010516853,0.0017967783429626732,0.0009056144742490351,0.9142924006752068
71,0.0021110194846752153,0.0014641046662355389,0.00012998664078387495,0.00013584326516851033,0.9961590459431369
72,0.000880317910717968,0.00032605415686885687,7.727475723682653e-05,0.0001035783900776949,0.9986127747850987
73,0.019248656340172594,0.005108412552646664,3.193757627956829e-05,0.001284536641730251,0.974326456889171
74,0.023615016144990644,0.005250568956789738,0.004535374168649255,0.00018409867643229142,0.9664149420531382
75,0.215265957565251,0.04045370067731071,0.0012663156366263528,0.0010143180807326484,0.7419997080400793
76,0.15305763452584226,0.18805656375759783,0.007948198659369451,0.0015727161815491128,0.6493648868756414
77,0.3018407268292979,0.33728933849167436,0.04363808868373173,0.006050819359063581,0.3111810266362323
78,0.05432330641214076,0.791338579807112,0.009697829206412559,0.0055188191640780735,0.13912146541025663
79,0.11913023641961376,0.6844412036705088,0.018446836326016566,0.010895333373829103,0.16708639021003197
80,0.08169547820756062,0.8446725450182712,0.028762082615259334,0.0030702156838397143,0.04179967847506907
81,0.02397985481355537,0.8391797364898826,0.08658534904150758,0.003603643427061431,0.04665141622799299
82,0.06366562130785552,0.8661525330000504,0.010731311199105533,0.0034715399171137253,0.05597899457587484
83,0.04384310306780293,0.9020418880240483,0.039955510977402554,0.002653963600767648,0.011505534329978404
84,0.028347211772865893,0.8625033918388796,0.07020456186066669,0.0011687453395896866,0.03777608918799823
85,0.024757414987618027,0.900305650087302,0.048803715771759196,0.0010566819490439297,0.025076537204276866
86,0.009244479627555294,0.8709456325206131,0.08448999692181505,0.0003985522330991654,0.0349213386969176
87,0.014508022213387916,0.5596489808121587,0.4153168919849646,0.00039650261749633165,0.010129602371992534
88,0.01382723522728482,0.7476633680941017,0.18257775721148795,0.0011953731334301068,0.054736266333695424
89,0.008154235583830872,0.5600235546662167,0.39654287059598403,0.000910167148831586,0.034369172005136756
90,0.024317070516080255,0.7799932922212988,0.03737432714656845,0.001632254301783761,0.15668305581426895
91,0.011843047437229273,0.7477521054536593,0.22529321085441176,0.00044387797345048186,0.014667758281249096
92,0.028774772733737335,0.7857178088539788,0.17446392174257577,0.0002500382353550207,0.010793458434353032
93,0.03967197575429106,0.7152346170514479,0.19653157658085021,0.0004073598118606067,0.04815447080155014
94,0.01695824426297001,0.6409072282381041,0.30599117278195637,0.0003344642737132481,0.035808890443256226
95,0.01076020737642598,0.4244263953461079,0.49626113763769253,0.00047212894935819014,0.0680801306904153
96,0.0148294937531066,0.3602927391186692,0.550758533372517,0.0005846433331966744,0.07353459042251062
97,0.02883341824931019,0.4074760676576814,0.5406209474653281,0.00047185609336937884,0.02259771053431095
98,0.022525593413879406,0.32036340524492957,0.6385788756414454,0.0005180591542066011,0.018014066545538984
99,0.004669036772175261,0.27070914199851215,0.7174420354466016,0.00031923289475066063,0.006860552887960423
100,0.01045030558231006,0.4818582570650776,0.48471484608562226,0.0005182440882379567,0.022458347178752027
101,0.016959607582807262,0.42311742249096673,0.5519554096585302,0.0004546189060649412,0.007512941361630911
102,0.0027456559077867274,0.2968525920324266,0.6904568611667785,0.0003137228066985751,0.009631168086309573
103,0.004234387366989587,0.38762309649276244,0.6014302085437144,0.0003790640398735027,0.006333243556660063
104,0.0038304227542701043,0.2649829624688822,0.7259182618980383,0.00043742247629762593,0.004830930402511621
105,0.04438358444202367,0.6232464684508284,0.3187275336062153,0.0008294836368041928,0.012812929864128412
106,0.0026627183986089164,0.32826019618059077,0.663176391136682,0.000274433098132151,0.005626261185986012
107,0.0028616398275729473,0.33604355763813537,0.6540381250199825,0.000513696322976693,0.0065429811913325555
108,0.030134127224478113,0.5635909150718855,0.3897982086511422,0.0010646629494696597,0.015412086103024442
109,0.003278347589626986,0.2864622970758435,0.6949404243283246,0.0005253921816850248,0.014793538824519928
110,0.002617178618120533,0.15302868123455773,0.8324427488877304,0.00032433520785091777,0.011587056051740631
111,0.002884666156218862,0.2358069436563883,0.7549601762183873,0.0003373949119477619,0.0060108190570578686
112,0.0013280716125750366,0.220451435507941,0.775567340352899,0.00021134090520911613,0.0024418116213760703
113,0.002014899734350558,0.3787002694558011,0.6121851626839646,0.00032930674715695216,0.006770361378726723
114,0.003458224384982601,0.28189612182482304,0.6979909311070058,0.00024121689760918825,0.016413505785579374
115,0.0014162757737524242,0.1519598870599055,0.8449404003447915,0.00014059101325938916,0.0015428458082912366
116,0.013354099943191023,0.4639760943649901,0.5122226101859452,0.00025576248219992076,0.010191433023673811
117,0.02348367124703036,0.60993685349787,0.35216918971120553,0.0003845005827198447,0.014025784961174265
118,0.0030611130064928,0.42030369601366857,0.5599892720617574,0.0003535251505881981,0.016292393767492988
119,0.05663088976638603,0.32597803028068734,0.23536544965451514,0.0025966241034945676,0.37942900619491693
120,0.006952588611372091,0.4502951654427417,0.5172735501641558,0.0005550684780399613,0.02492362730369055
121,0.008428825498682463,0.3178317047032193,0.6449326866165586,0.0004820828147775966,0.028324700366762226
122,0.00797620496894901,0.3996827622836865,0.5616523310295349,0.0006414417878943201,0.030047259929935073
123,0.0034574925956196933,0.1740442428438244,0.8184851683593762,0.0003135374807047433,0.0036995587204749396
124,0.002589317385014955,0.3483111207058328,0.6457093842471742,0.0002108461644307545,0.0031793314975471984
125,0.002519053790385811,0.2222425749690808,0.7717791541008799,0.00022064746335876618,0.003238569676294727
126,0.0007719292937930467,0.20644975883952166,0.7903151250198801,0.00018885532775977105,0.002274331519045513
127,0.0037387148718252376,0.35123670191080447,0.6409291972868139,0.00038428556233112795,0.0037111003682251263
128,0.003665419316329479,0.2368034167203015,0.7533568316869177,0.000624133836090206,0.0055501984403611175
129,0.0032492893696953254,0.24987350809761874,0.7425192262610133,0.0007106963223351613,0.0036472799493374895
130,0.0006183207068863006,0.17172760544624296,0.8256737632633893,0.0002961311157543082,0.0016841794677272292
131,0.0009370307016302122,0.16113852529603048,0.8335389231200836,0.0004423792006463699,0.00394314168160927
132,0.0007111088724453059,0.14251040300747164,0.8550142220539249,0.00038456865189902067,0.0013796974142591082
133,0.0009219820397410176,0.18901373254351156,0.8082172172874337,0.00043636254499575516,0.0014107055843180646
134,0.002356896655282278,0.2157947246865597,0.778586100065321,0.0004800518799373039,0.002782226712899555
135,0.0005390831257582683,0.16747663912695773,0.8298412207901132,0.00024363589869589921,0.0018994210584747924
136,0.0035055702997892095,0.18208318028843312,0.8104422912218752,0.0009167907232106475,0.003052167466691808
137,0.0004712829999202935,0.19730649159951696,0.8003090139236005,0.00038255745391515124,0.0015306540230470176
138,0.0007800263368902106,0.2819676766596868,0.7116122779300303,0.0004266215509085972,0.005213397522484183
139,0.0009967288314031556,0.16303787892389884,0.8340867435207,0.00045402492083390867,0.0014246238031640445
140,0.0032490794796062755,0.476364181355529,0.5141937992534634,0.0007849213172852562,0.005408018594116068
141,0.0021352521339196837,0.3002606824917652,0.693259747992392,0.0005731222547678256,0.003771195127155261
142,0.0011423123644705012,0.22829262911973885,0.7677181428375137,0.0003990397901818013,0.0024478758880949695
143,0.0006888759347494741,0.16473487906464074,0.8295829955602356,0.00023360938158199513,0.004759640058792152
144,0.0007558624305841991,0.2056680153241266,0.7910121591975645,0.0003304843002801986,0.002233478747444633
145,0.000496172769034471,0.14953646875064386,0.8486007302786172,0.0002683882862207555,0.0010982399154836622
146,0.0005644741701164292,0.17420661013567776,0.8230637821854342,0.00032546086153237286,0.001839672647239265
147,0.000581968858304183,0.16808807012414245,0.8288835740997818,0.00027529395756646245,0.0021710929602051458
148,0.0007925610791038725,0.15589145592284692,0.841386763087434,0.00019767755822604563,0.0017315423523893735
149,0.0011261069768790531,0.14054962247365804,0.8549061612962294,0.0002648977224172266,0.0031532115308160694
150,0.0011386120131425487,0.11600684269220427,0.8810109868224395,0.00023615978519133467,0.0016073986870223963
151,0.0016752924868831424,0.1419241846504412,0.8530122857206316,0.00039222210808612253,0.002996015033957833
152,0.0014466382592831345,0.21916992527628312,0.7774993716131176,0.0002360397087723071,0.0016480251425437888
153,0.0038935451095564785,0.26657191476194175,0.7219280775785356,0.00037833129304360894,0.007228131256922588
154,0.0006347372377661328,0.07971997797312706,0.9171704143303783,0.000226637041184013,0.002248233417544449
155,0.0009139040739128424,0.17211621650645434,0.8249220698138693,0.00024326714962331528,0.0018045424561404348
156,0.0006637048500421728,0.09270369132324385,0.9036195873081263,0.00045180259165607055,0.002561213926931452
157,0.0008638974188044776,0.11985160204291163,0.8765088825535524,0.000528897711581513,0.0022467202731498294
158,0.0024755748513664542,0.22195143437016207,0.7643311118744268,0.00215837241551719,0.009083506488527422
159,0.007154545165468866,0.23892723854820747,0.7325331034300723,0.007687598742092814,0.013697514114158567
160,0.07066777046987484,0.1223831535238427,0.03561982094160258,0.009904882586203615,0.7614243724784763
161,0.03477728865980173,0.05160609574300691,0.009820647183944662,0.012964259090640012,0.8908317093226067
162,0.04195111972305415,0.032037180549095406,0.0028979603599322986,0.018422187764395626,0.9046915516035225
163,0.18667610801242154,0.09524134228683007,0.005459302601990374,0.024628745451566427,0.6879945016471917
164,0.09994532300064009,0.29756567316101584,0.03630860031064299,0.013948624425162905,0.5522317791025382
165,0.25196815470156003,0.5595452606853123,0.014549437980442483,0.012013692278589626,0.16192345435409555
166,0.13917157891041312,0.7654591194294872,0.04003056024779804,0.005524581542914919,0.049814159869386775
167,0.16759539600581908,0.7195366294387917,0.02302402496314954,0.015793020911344192,0.07405092868089555
168,0.12088016539659775,0.8058517033112637,0.02608422652494273,0.013686770887122023,0.033497133880074
169,0.07725457928546467,0.7793119016823389,0.01671184101544001,0.06847479193458614,0.058246886082170476
170,0.060620406732317826,0.5420486603874473,0.024001751864544674,0.13243218574544105,0.24089699527024921
171,0.08927872727940622,0.6314637155945254,0.013541516550083102,0.12216050414376589,0.1435555364322192
172,0.058187051619706,0.5112618394271412,0.01221281150976907,0.08234980088623108,0.3359884965571526
173,0.09592279448049784,0.6539613081829544,0.013933656438148008,0.1409916105160837,0.09519063038231612
174,0.07999418842886147,0.20395712090009435,0.002738342094379218,0.22133355593903267,0.4919767926376322
175,0.15088298966650712,0.13153233036593376,0.0020176549773060844,0.5641242020356878,0.15144282295456518
176,0.06986788136865414,0.22817657785278728,0.0015186121068046078,0.17533660100163395,0.5251003276701199
177,0.05597336211560567,0.29268292174296007,0.0034025430364251316,0.11447413999193848,0.5334670331130706
178,0.038272212430505215,0.11816096098994387,0.004315030991454669,0.16438245670628526,0.674869338881811
179,0.0330504736484639,0.015275213120094222,3.349765370736541e-05,0.1499866070173235,0.8016542085604111
180,0.11251875102925436,0.24659870328935535,0.000256842525003875,0.1630807657625117,0.47754493739387466
181,0.28163850448097416,0.0804373207372787,4.2757170317179065e-05,0.24583255272988724,0.3920488648815428
182,0.1918609171205719,0.06753438088372689,3.182421947322649e-05,0.2994608665450348,0.44111201123119326
183,0.202610857020756,0.17886909885757252,4.3005134295834184e-05,0.3395731321036988,0.2789039068836767
184,0.18031235904397952,0.2836195840290835,0.00012255617819442488,0.4358063682411826,0.10013913250755993
185,0.1418065134606361,0.16724219152308228,6.756041410050842e-05,0.5196053354645013,0.1712783991376799
186,0.24389950728555526,0.2895186187012606,0.000310811217025365,0.2985266329892621,0.16774442980689663
187,0.16198941480668644,0.11644672336972585,0.00011008722861219381,0.6694896640654068,0.05196411052956876
188,0.1302626761162498,0.32264693082713913,4.27999141169348e-05,0.44587304977502906,0.10117454336746515
189,0.07472890512003473,0.4124638404050595,5.200779685773792e-05,0.4409861317531624,0.07176911492488547
190,0.09966356972373476,0.13584921580011902,2.4545109955054474e-05,0.5179715425824931,0.246491126783698
191,0.17484858267677744,0.43614824805786345,0.00021207065274765486,0.31955554203626585,0.06923555657634563
192,0.19870723052152803,0.12280500137954502,9.474734748557996e-05,0.6422963048635286,0.03609671588791266
193,0.1303085073802956,0.14712892403324077,3.821932049468848e-05,0.685008701148611,0.037515648117357955
194,0.12506761384704526,0.25157152651654574,5.71156354205835e-05,0.5862969842043279,0.037006759796660564
195,0.13846132559360114,0.1016432119801042,3.186951762193589e-05,0.7178789188996526,0.041984674009020014
196,0.15824058390276952,0.2789262570388962,4.151217017009341e-05,0.47168415031178573,0.09110749657637862
197,0.1566067568781863,0.2916972693138941,4.263343681927431e-05,0.5192571766274469,0.032396163743653526
198,0.1839900855756121,0.3946369653601704,9.378511089731328e-05,0.34481497303812175,0.0764641909151984
199,0.15083311466912014,0.2779642045983826,0.0001256006517097242,0.5267368033502978,0.04434027673048969
200,0.09219979910442641,0.3501360554487256,4.180623228642086e-05,0.48425396139227894,0.07336837782228263
201,0.11800824397511732,0.514429637259399,0.00015115953306766764,0.2677835901706918,0.09962736906172413
202,0.1057236034168254,0.16075957811892014,4.195808527425063e-05,0.5810122603598051,0.15246260001917497
203,0.13810492422321305,0.35706656550150795,5.1246889529913585e-05,0.27646202013347415,0.22831524325227495
204,0.12933856137242297,0.19195619447553017,7.108705335160969e-05,0.35599349296749055,0.3226406641312046
205,0.20809556161421938,0.28826212272644275,9.482598804346436e-05,0.36319220871739866,0.14035528095389566
206,0.2064666920747465,0.19927773949718083,4.6184117196288464e-05,0.4486977224664224,0.14551166184445397
207,0.06848404119688734,0.14296914344139589,0.00022920173952070672,0.17252875372353715,0.615788859898659
208,0.12864244566651223,0.09929547817025618,2.3444600287381656e-05,0.4986753855217795,0.27336324604116485
209,0.13933065215762605,0.15791358996348795,2.756908773154022e-05,0.5151840528977601,0.1875441358933942
210,0.126985137961121,0.1933894609606068,6.819037884279762e-05,0.36496488540290223,0.31459232529652714
211,0.14835786253489933,0.16076964297945048,2.9890123616442085e-05,0.5425836609379614,0.14825894342407225
212,0.2576226355165646,0.2550419950943026,0.0017922908193437946,0.2452734183680104,0.2402696602017786
213,0.10508789360587802,0.360579987172372,0.0013604652378449058,0.34697017284039366,0.1860014811435114
214,0.06126928968658718,0.5439325714707837,0.0019781008312552435,0.35040124172564874,0.042418796285725334
215,0.0937011633897602,0.08733319263366149,0.000682081872513575,0.7827174755100129,0.035566086594051846
216,0.19801163528719742,0.48655801827262873,0.0016472860563102156,0.26350617594516634,0.05027688443869719
217,0.12162307672143834,0.502927377007841,0.002085828552242161,0.267332941240126,0.10603077647835246
218,0.2375248671231849,0.2827416118578417,0.0009073723629122837,0.4449894197470163,0.03383672890904467
219,0.1696882741479372,0.5001914073609108,0.0026100722454293758,0.2954975205061583,0.03201272573956438
220,0.17267542828502966,0.494178383707904,0.002503603031360336,0.15879530520753407,0.17184727976817188
221,0.07761962926287637,0.816075025160967,0.002905532843672094,0.0245811687821349,0.07881864395034963
222,0.034771181154232896,0.7360202399284751,0.014138828036312279,0.02049409367552649,0.1945756572054532
223,0.06619956097938344,0.44663309851464134,0.015266017336782492,0.12294221972955706,0.34895910343963565
224,0.085027874018698,0.7280563557798323,0.03620130179140123,0.04324694849561568,0.10746751991445283
225,0.05667181370661309,0.7869237485880488,0.03202058331772762,0.015278070305854733,0.10910578408175567
226,0.09450064201277623,0.7543247093061869,0.0352943328827426,0.04029558848219426,0.07558472731610016
227,0.06617547335521477,0.7338339065104188,0.03280537631312321,0.05519055029847567,0.1119946935227677
228,0.04901412623837054,0.7598712786734771,0.09607654558779345,0.017704554944361215,0.07733349455599761
229,0.0902205887822559,0.6485009375511142,0.06666763122277342,0.02547264524944636,0.16913819719441
230,0.009871727142155255,0.5596809810865896,0.38865536113428373,0.010635357350451196,0.031156573286520217
231,0.02858566907886916,0.849607305174122,0.09096094671119213,0.013082198993235504,0.017763880042581365
232,0.03878759092556722,0.8077245593160464,0.09725576026065588,0.009660130035173534,0.046571959462556975
233,0.030642696158216274,0.856075586136826,0.0590864364184812,0.013079573877360393,0.04111570740911611
234,0.016185063090566113,0.8981955118399361,0.038488222092270964,0.005364267477422936,0.04176693549980399
235,0.0588679540110941,0.8763952550800308,0.05349659741429926,0.005102335205098944,0.006137858289477007
236,0.03854780804019549,0.9022609481585312,0.024548494207315186,0.007237856407429907,0.02740489318652827
237,0.03274308535049499,0.9223829639901037,0.033544360293374424,0.0019721947663610567,0.009357395599665808
238,0.02538297246487637,0.8559964222765675,0.09412568565679423,0.007118925735994723,0.017375993865767072
239,0.046883728660158386,0.8292202263088875,0.10282927809578221,0.004844380371743957,0.016222386563427796
240,0.021353474065058404,0.7693849008985993,0.1898776431330559,0.004570314632128696,0.014813667271157648
241,0.01393577822381118,0.8492901637754638,0.09874630357403429,0.007988922887644854,0.030038831539045907
242,0.045577318389526035,0.8931444195701241,0.032299716867900584,0.013830293083277618,0.015148252089171477
243,0.06326669679092643,0.8357500154330947,0.055242807821458455,0.030162762873776276,0.015577717080744362
244,0.03614144133675534,0.8807902922115606,0.06018119845854918,0.009267270435217426,0.013619797557917188
245,0.019044171088421852,0.8456209547450662,0.11689259594588734,0.004128664697189655,0.014313613523435114
246,0.019151011664240845,0.9211181993576116,0.047660999179960244,0.0042228648155904274,0.007846924982596875
247,0.030992450637460346,0.8890019986235665,0.05591097211166612,0.005987851536064316,0.018106727091242766
248,0.02142694661333554,0.9216600330024951,0.0427369943210159,0.004214526497137666,0.009961499566015799
249,0.020101620653605243,0.8080673904783904,0.15440031829671755,0.005364883127485553,0.012065787443801285
250,0.011713182706061157,0.7713323873769588,0.20186469387060535,0.00543524205003048,0.009654493996344351
251,0.025237361368665116,0.8143634317528134,0.13538776159755425,0.0061332236465765815,0.01887822163439061
252,0.012717866421649399,0.8325051776552883,0.1456178752056088,0.004329236311763165,0.004829844405690443
253,0.02548202164259877,0.8560429927751447,0.09185602530541045,0.008160284964748849,0.018458675312097196
254,0.06884879028566858,0.2890206818152815,0.018274635659161757,0.017110851492589608,0.6067450407472986
255,0.2796238684896468,0.6167065569037873,0.03208429059435839,0.024909578517945386,0.046675705494262025
256,0.05987839761049654,0.707020831385289,0.013833784609152485,0.01292848371766513,0.2063385026773969
257,0.05243660730242884,0.853218872178248,0.0389638125267462,0.0051472657902946195,0.05023344220228223
258,0.035175509212477966,0.8268506100645348,0.07979891902917051,0.013751171974809644,0.044423789719007276
259,0.013484604450597518,0.9064139285962802,0.046642588710395186,0.004591267487212649,0.028867610755514396
260,0.014790266333180084,0.9128629329275072,0.05234536010875697,0.007711856509802307,0.012289584120753481
261,0.023889859642234394,0.8758523730874648,0.07720091793849988,0.0069619813233630186,0.01609486800843803
262,0.017594220203718272,0.9232926183836926,0.047018684714162685,0.0021575200717237402,0.009936956626702773
263,0.013421558880021486,0.8902821564658907,0.09034206624291193,0.001424661802900793,0.004529556608275032
264,0.018749384182800408,0.8205273528767834,0.15419879966991784,0.0013912620201780462,0.005133201250320257
265,0.02306709542533495,0.9007738472393229,0.0685988058181498,0.0013082010769488652,0.006252050440243606
266,0.04962693761236644,0.8598355706164453,0.07743452588772994,0.00262846679237614,0.010474499091082263
267,0.01352649018976911,0.8383748873819583,0.1379518416101081,0.0023679085854990465,0.007778872232665206
268,0.057138926440485384,0.38029654614937103,0.28308927213860147,0.053918754777502596,0.22555650049403933
269,0.01597492712356048,0.7613287762409603,0.14840850286807716,0.00281240524934068,0.07147538851806134
270,0.006992273409253615,0.5009528802113484,0.4661796625439422,0.002710213589166707,0.023164970246289048
271,0.031848685629588966,0.6288097898640747,0.312494450244743,0.0058421398455281905,0.02100493441606525
272,0.006898500396058417,0.7266736247460663,0.2573134356716754,0.0026552084496128717,0.006459230736586818
273,0.003279699456307755,0.5191455313305138,0.4707294759573006,0.0015651074063394437,0.0052801858495385
274,0.01340848608302912,0.8214185754685746,0.15434060837595487,0.004675545215267877,0.0061567848571734505
275,0.0021924461363914327,0.6003453100272672,0.39346133102698067,0.002129047824185514,0.0018718649851752712
276,0.021010778429136952,0.8224766065909052,0.1409305461867803,0.006140534889226794,0.009441533903950819
277,0.019966542522141945,0.7240204451817288,0.24393619085470258,0.008323363035838402,0.0037534584055882673
278,0.009175050398143477,0.5583289228881357,0.42156263559507967,0.005333696137038691,0.005599694981602461
279,0.05491414300025972,0.8027743834724641,0.113425203406186,0.017022957687734413,0.011863312433355819
280,0.004087468785533935,0.6280666807818311,0.3596323491654356,0.0037281096471812767,0.004485391620018088
281,0.007173331163382068,0.7187896341593562,0.2676745667051136,0.003969078333213584,0.0023933896389344623
282,0.004633634550243205,0.6571595492183182,0.333874706663511,0.0023984538565687713,0.0019336557113586838
283,0.0041022121811331875,0.728027478456674,0.2611012778350231,0.0044526494736350465,0.0023163820535345068
284,0.0036024480380447027,0.7654887037044061,0.2254348207426557,0.002200490129254239,0.0032735373856392336
285,0.0036166542405612957,0.7421742325190809,0.24825654470461025,0.003192138818622588,0.0027604297171250855
286,0.0013975878251858043,0.42076374023985313,0.5744084545568946,0.0015490189356485514,0.0018811984424178057
287,0.004484010337937864,0.7543515559983058,0.23788677697781332,0.001829047488967778,0.0014486091969750372
288,0.0011734660007026083,0.5048964980771967,0.4911460976655831,0.001368566647553889,0.0014153716089636496
289,0.0028972361819488,0.643887459419357,0.3498787279214999,0.0015261591662436265,0.0018104173109506074
290,0.014744692756741697,0.6395816617387021,0.3397991747491062,0.003076154155704025,0.002798316599746002
291,0.0013134135666384571,0.4052752734391226,0.589533923128081,0.0010858748086115812,0.002791515057546471
292,0.0030765586884374074,0.5660799324084905,0.42645477687048955,0.0015435835865186568,0.00284514844606393
293,0.007244474159045535,0.7426643673822193,0.24578272214651584,0.002293763923019905,0.0020146723891995826
294,0.002416310273599967,0.3371778142613663,0.6568307328897616,0.001288628339564434,0.002286514235707691
295,0.002777208090480531,0.5337925649463181,0.45791909823701876,0.0014325733369203821,0.004078555389262149
296,0.06849644220570503,0.6226769448512544,0.24810184728088608,0.016678093675542058,0.04404667198661258
297,0.012772669571346039,0.7703541657854399,0.20103918167531354,0.0023667605370788587,0.013467222430821829
298,0.023618166731175075,0.803609504998351,0.15471899771837486,0.003454869576103969,0.014598460975995207
299,0.007178709977603465,0.7406660098511604,0.23045106560328107,0.0032112544349814287,0.018492960132973493
300,0.006701825321205153,0.6213993947928622,0.35912196765874577,0.0031245236589624082,0.009652288568224419
301,0.016300938495432134,0.6343187760314798,0.3333086628228017,0.005809439362877283,0.010262183287409072
302,0.01282036681981723,0.6172784854501486,0.35948259384318265,0.0038027608854459926,0.006615793001405558
303,0.0031774045927339856,0.42699473750018574,0.5628355456625331,0.0045736396294841,0.002418672615063157
304,0.0013058620280305521,0.23536885858707016,0.7597196935919346,0.0020392721879166657,0.001566313605048062
305,0.018656677382444833,0.769172589192858,0.19004780398512106,0.014096263673286353,0.008026665766289536
306,0.011087419280846212,0.6029929728013765,0.3686037363156234,0.010640452148275104,0.006675419453878596
307,0.008567568638007053,0.599338988674853,0.3734483184708647,0.013818457349164747,0.004826666867110386
308,0.0021537517793598347,0.4522439438738022,0.5360035571515902,0.0064095538220601735,0.00318919337318758
309,0.010083316610070425,0.5667418118795539,0.392200725373541,0.021168296585981853,0.00980584955085283
310,0.038275148183561335,0.08990384606876657,0.02588313512952645,0.10376748634174077,0.7421703842764048
311,0.13813142540230375,0.6295822142001031,0.02168224449770628,0.1458663677768763,0.06473774812301061
312,0.02469049076018881,0.7882691163390338,0.07114125649648607,0.044528659115191147,0.07137047728910016
313,0.15840865355972403,0.6547933691432068,0.025962645422613416,0.056393509481005535,0.10444182239345011
314,0.05900441715125107,0.8590204181189113,0.044611692701263105,0.02032837222523149,0.017035099803343202
315,0.0755195806824528,0.836087675051092,0.023903040865988358,0.022860073314878344,0.04162963008558822
316,0.035192555213532595,0.90013110586014,0.026558416341835794,0.021431395736136165,0.016686526848355712
317,0.024602878855956457,0.8951463391499761,0.014974119929650455,0.05730418198464836,0.007972480079768595
318,0.04293933897177374,0.8870052190568803,0.02546419833529083,0.03635211398309123,0.00823912965296379
319,0.013289263479584914,0.9371459484241164,0.01969798227892116,0.02409295327314911,0.005773852544228374
320,0.05621455223138044,0.8044887928466411,0.01905070262341889,0.08043351984085291,0.03981243245770663
321,0.021433216532999518,0.9288801700257725,0.022466839073142442,0.02152909374567191,0.0056906806224137066
322,0.039270662483821134,0.8671368397667872,0.0057248150191601625,0.06944723193779685,0.018420450792434633
323,0.026787983756743006,0.9187238883938307,0.011519608212520531,0.033011361864450986,0.009957157772454836
324,0.030400675196526894,0.8165046482566249,0.01397248892258684,0.08808867265294533,0.05103351497131589
325,0.021475612452768605,0.8631911011699672,0.04341973874813486,0.060387699665936184,0.011525847963193067
326,0.031954915956126595,0.6663455229760722,0.004281576868837841,0.21184082760101247,0.08557715659795091
327,0.03446217179475346,0.5770168025104798,0.002057448233270371,0.3084967024816704,0.07796687497982611
328,0.09023105761922383,0.37257460385078117,0.0002786886216841907,0.45709321792815016,0.07982243198016055
329,0.12645439909195796,0.32577393885522377,0.00037431898918361615,0.3881576896856764,0.1592396533779583
330,0.08379118963163902,0.39924977318730254,0.00039175205549246976,0.42043847321874367,0.09612881190682236
331,0.12261257927593208,0.4484482238027663,0.0017055023265865707,0.26099361210752037,0.16624008248719463
332,0.10253800062587161,0.0588069446451164,0.0001719343059405259,0.45533243997597705,0.38315068044709444
333,0.10033738371674011,0.16985285066479014,0.002343276765159845,0.5225938703195016,0.20487261853380828
334,0.09712272668106739,0.13841736116447587,0.00013847350451132054,0.5886837911180507,0.17563764753189479
335,0.11421146189897881,0.06950549771218255,3.561326091826652e-05,0.6519717296486917,0.16427569747922866
336,0.07379940545804999,0.08137346209965857,7.379347782202803e-05,0.7596106194694998,0.08514271949496961
337,0.0816218780498192,0.5084463750354087,0.0006466058884186843,0.23992665422661189,0.1693584867997416
338,0.08793331604956907,0.39064130410095166,0.0008640452387953251,0.31547200980258155,0.20508932480810232
339,0.03632956007837918,0.1912161185826067,0.00026831016503829885,0.18835848725434018,0.5838275239196357
340,0.0851048305068463,0.4149044841763423,0.00024198643526299868,0.32018307601787016,0.17956562286367822
341,0.08207414384135926,0.2620499726055115,0.00011925461834695982,0.5762752511858674,0.07948137774891484
342,0.09884532162918834,0.18358036189946464,3.798335575367973e-05,0.5663293265331824,0.15120700658241099
343,0.06244000528484643,0.49921389974979674,8.534464753709258e-05,0.2685828951809664,0.1696778551368534
344,0.10690556037646623,0.34309248169047973,6.740084762293595e-05,0.4228797447604355,0.12705481232499544
345,0.07768331255998213,0.43381421059861586,0.0002216238089599928,0.4364054744492848,0.05187537858315726
346,0.05522782362974051,0.39711399766305405,0.00015286173262836708,0.5035610755147356,0.04394424145984138
347,0.05923339352701765,0.13094535241178304,6.27288614347441e-05,0.7904150666731039,0.019343458526660577
348,0.054283402296833115,0.08786737642296942,9.209281295710777e-05,0.8362575805176553,0.021499547949585026
349,0.0685011812118868,0.13160405970914718,4.070835960791412e-05,0.7785160389895581,0.021338011729800047
350,0.06366013560924602,0.10587938827865304,2.3085775178756857e-05,0.814690812770973,0.015746577565949244
351,0.0743060165643025,0.10564190661979327,3.1950760252175786e-05,0.8004709041617489,0.01954922189390319
352,0.04938357980623612,0.14134518459680548,2.8851030925760076e-05,0.7949062133527172,0.014336171213315577
353,0.11440186773658402,0.26904372196478327,0.00017474124280833156,0.47651509227502614,0.1398645767807982
354,0.06253097853735279,0.1324575949780316,1.9181207833324737e-05,0.7642848643475164,0.040707380929265916
355,0.1148652729125432,0.21570945993106702,6.220522179380299e-05,0.6197105398306624,0.04965252210393357
356,0.09621830266703256,0.5030105472257161,0.00019385164157476511,0.3544130169479518,0.046164281517724746
357,0.11376371439565197,0.5261124012615075,0.00011447982503821097,0.28411788252017006,0.0758915219976321
358,0.19869973304018082,0.3960322195454391,0.0006430344586295452,0.31485152469684163,0.08977348825890888
359,0.10016744469627152,0.5086234607069797,0.0006372705548888255,0.3230557868249555,0.06751603721690447
360,0.1508839442769704,0.5281594402183218,0.0018877110259845507,0.2240807675919652,0.09498813688675811
361,0.07322067724887238,0.7114223199803962,0.0008871491704323999,0.1628759491073189,0.051593904492980194
362,0.1836779159603355,0.6353319615009896,0.003649850842735979,0.1300405246270654,0.0472997470688736
363,0.10424704557378543,0.6326782510904264,0.00443190010572539,0.16575332924019368,0.09288947398986913
364,0.08339780002816749,0.7988711431235408,0.0059076228973720035,0.0647461428365943,0.04707729111432558
365,0.07282310879939176,0.702106235026063,0.08160178460650012,0.03701547145334477,0.10645340011470045
366,0.10322715154659884,0.5984728304670629,0.12097803929400752,0.05793979801476766,0.11938218067756316
367,0.1666499811933851,0.489333465869148,0.014353257241470845,0.10422944401126226,0.22543385168473384
368,0.047434343462712525,0.7798669254158593,0.027551715848812598,0.030528942818010506,0.11461807245460509
369,0.06608397567285286,0.7572932122181273,0.01814865162842384,0.04066590124889439,0.11780825923170155
370,0.13867781839214424,0.6944691143652799,0.029984336203332365,0.03285061347166972,0.10401811756757388
371,0.10305025720583923,0.7155126642249343,0.04502793115862535,0.01890345490926891,0.11750569250133243
372,0.09741845793874253,0.6184559035343814,0.07712305595149117,0.016850208776343023,0.19015237379904185
373,0.04709023261752129,0.8861325887246227,0.02988638688522812,0.0143435819351863,0.022547209837441726
374,0.0371490911332055,0.8557863059452775,0.03152132968340986,0.010950258226196215,0.06459301501191092
375,0.04976959218659741,0.8298074386974267,0.023345231573738745,0.009710454405083235,0.08736728313715382
