epoch,N1,N2,N3,R,W
0,0.05057419240443902,0.0007517739530198445,1.0953928711235295e-40,0.001134344894740727,0.9475396887478005
1,0.09297326695890519,0.0034044006016263504,2.067421023391432e-40,0.003517409701736876,0.9001049227377316
2,0.09283700673065937,0.0031088250039867254,2.9287366344440337e-40,0.0035993535583447186,0.9004548147070092
3,0.07120377980161789,0.0026013939099230254,1.277433279163218e-05,0.003623316478854569,0.9225587354768129
4,0.05073882271167163,0.0023621992048745264,7.94250129305767e-06,0.003098353021199049,0.9437926825609616
5,0.024868578587500148,0.0011639606336976793,1.8330469400902993e-06,0.0015607928807308382,0.9724048348511313
6,0.04849690163874019,0.0020566891319986503,3.59175627628181e-06,0.0030294270884874334,0.9464133903844973
7,0.07210417586873412,0.002016603588811628,2.6059730288463703e-06,0.002425203503404474,0.923451411066021
8,0.021482205529601044,0.0014921868971427218,4.1415535510209285e-06,0.0012330759586508867,0.9757883900610543
9,0.005195445824336888,0.0007013664008266514,2.4565000106355944e-06,0.0002763821237976815,0.9938243491510281
10,0.07070562619653079,0.00116037699077032,4.777785898234027e-06,0.0017171360143148147,0.9264120830124858
11,0.12817032084289728,0.005350011037681661,1.0984139203528147e-05,0.0038125793926374143,0.8626561045875801
12,0.09509940196291512,0.005446835288483988,9.647535309375138e-06,0.006949732803520565,0.8924943824097709
13,0.0006065024853686339,0.000427943738516821,1.301613750699323e-05,6.281162829814496e-05,0.9988897260103093
14,0.01790611747483803,0.00437258850695083,7.908020804560988e-06,0.003453914661261795,0.9742594713361448
15,0.12091318878172622,0.005999498038764206,2.1415857745494807e-05,0.006773980813467499,0.8662919165082965
16,0.40055496684107694,0.011420402087109555,2.8670027083062367e-05,0.009547941128493661,0.5784480199162367
17,0.3963342178206978,0.01656021920109076,3.624087843275626e-05,0.00333413523359037,0.5837351868661884
18,0.4655076873395352,0.10053341520987909,0.00016765387649030747,0.029736015606688267,0.4040552279674071
19,0.19826626234164837,0.28162899903762534,0.0004679377946616575,0.004186126573873622,0.515450674252191
20,0.13818678286936814,0.5054803037941051,0.0002528061836920455,0.009994877213806942,0.34608522993902774
21,0.10069253053189814,0.6445810358415855,0.0006303224040501537,0.005799160956484722,0.24829695026598134
22,0.06494705195976763,0.7562097832729295,0.0008306905908137339,0.003750699890465812,0.17426177428602327
23,0.08188632783016292,0.7439894064032785,0.0006197919797901356,0.0025072439821884596,0.1709972298045801
24,0.06936937265731966,0.4834218630594059,0.00316620857703344,0.0041055866520818335,0.43993696905415924
25,0.026061878234453502,0.8293158981563353,0.000797679583686802,0.0028565936667093394,0.14096795035881518
26,0.022571892088134374,0.7983893988085227,0.0009675836585975197,0.0030213746057981554,0.1750497508389475
27,0.02684536709241543,0.8870725453201246,0.0017750319715541473,0.0014538577255465983,0.08285319789035933
28,0.10733996028361013,0.7658903736878258,0.0031530904457619294,0.0015569743968024672,0.12205960118599977
29,0.1179300628607024,0.6860571373110576,0.002703400538895829,0.002518073048432261,0.1907913262409119
30,0.030294837046843298,0.9367440239446474,0.0045484746498572265,0.00038475245063727465,0.028027911908014635
31,0.05772311086458281,0.8718942378912294,0.04165710006371176,0.0012073580157791538,0.02751819316469682
32,0.05065718908995466,0.8823094131233526,0.013116970988745353,0.0008196204922587827,0.053096806305688776
33,0.0978656296129831,0.8199905671585009,0.027651146042840524,0.0011579778500003268,0.05333467933567507
34,0.06954376514950898,0.8650910588675786,0.030652440632674607,0.001271183570547924,0.03344155177968978
35,0.14448790590549457,0.6586517702878771,0.13384090610056407,0.0005421263147447188,0.06247729139131955
36,0.02887044251624651,0.7275331825745287,0.20857640046378212,0.0003338664202684461,0.03468610802517423
37,0.08034246153394745,0.6785380949885927,0.2147103850183295,0.0007137446840410215,0.025695313775089237
38,0.04783628484305721,0.7298944687461072,0.20129372128918635,0.000395564993617837,0.020579960128031503
39,0.048704149288286175,0.7845199856831705,0.1341969973497305,0.0009950049783810256,0.03158386270043199
40,0.03918233057852254,0.7745020250456632,0.17477017931725458,0.0004467725628503216,0.011098692495709486
41,0.01624294664857774,0.5477088975509804,0.4309157663981931,0.00012382804471988842,0.005008561357528931
42,0.006315364646128,0.24917323521682602,0.741599159886938,0.0001346484779395335,0.0027775917721685425
43,0.04313136013191628,0.46721114823157595,0.4795938917644536,0.0008012867019551392,0.009262313170098882
44,0.022159180208062172,0.745350413353974,0.22411637908347637,0.0006067486762406368,0.007767278678246716
45,0.005395757188242923,0.41380731879564725,0.5768286842956254,0.00012050102413498381,0.0038477386963494536
46,0.02088947306548543,0.5132588859771176,0.4583304286035693,0.0002558183318442598,0.007265394021983514
47,0.0014823913261875338,0.08184365981014279,0.9156881061462582,1.655168050266621e-05,0.0009692910369089627
48,0.0051685929975388714,0.21057501065146636,0.7807301306700588,6.003506898202755e-05,0.003466230611953958
49,0.00021552655172735115,0.046005687782167216,0.953113674017457,9.320610411646758e-06,0.0006557910382368676
50,0.0007760075584386314,0.045535391846770044,0.9524501846025122,2.2614343860434905e-05,0.0012158016484187196
51,0.0003159853073203371,0.02201876389236304,0.9770777974346064,1.6051459430306857e-05,0.0005714019062798541
52,0.0006738379468579065,0.01790519043011719,0.9806411091712085,1.6071330168542794e-05,0.0007637911216479072
53,0.00032648516922113586,0.006973213990115151,0.9917919600261472,1.5484774301148656e-05,0.0008928560402153675
54,0.001404512513834794,0.039050834468820385,0.9560614846862697,6.161046542036346e-05,0.003421557865654641
55,0.0004043181146048466,0.03292907421157337,0.9656168197260551,1.8161047362765485e-05,0.0010316269004040325
56,0.00022119209691103946,0.022907766300918085,0.9761702445841474,6.954123736956833e-06,0.000693842894286681
57,0.0004976946809493157,0.021666834799289138,0.9767499441907352,1.1520066589610335e-05,0.001074006262436752
58,6.875687792682553e-05,0.004021300982278403,0.9954402646787399,3.3629838514595465e-06,0.0004663144772035388
59,0.00012199123976533143,0.006287921349963267,0.993258588717446,4.003896111888592e-06,0.00032749479671357565
60,8.295629574215285e-05,0.005213203841162472,0.9943415613177994,2.705722381930167e-06,0.0003595728229141963
61,5.756137315993713e-05,0.0036588468045777355,0.9957277235157292,3.358326007642369e-06,0.0005525099805254341
62,7.582247116572065e-05,0.004191466856376575,0.9952929191883402,3.7952052703510184e-06,0.0004359962788471053
63,6.833579414296238e-05,0.003977147318813787,0.9953027683087246,5.818995881356118e-06,0.0006459295824372162
64,6.317828815647059e-05,0.002837328602981229,0.9963825201315478,5.7547755977661504e-06,0.0007112182017166513
65,5.573136708412321e-05,0.0017058367428948323,0.9976946496898228,7.110974523531804e-06,0.0005366712256746391
66,0.0004459012396591959,0.011923691739115054,0.9857698705161291,9.167421667199667e-05,0.0017688622884245043
67,0.0027053101602228374,0.09470437985956814,0.8917324974188601,0.0002601502213766927,0.010597662339972115
68,0.008311653164345347,0.44963174404551287,0.5272967989742273,0.0002944744582741744,0.014465329357640262
69,0.00442493971645738,0.11575417243270421,0.877250363670434,7.130515711453098e-05,0.0024992190232899104
70,0.0007841904742748434,0.0649199445871535,0.9329627811639365,2.2494941231667078e-05,0.0013105888334035908
71,0.0012068757677429034,0.09904751779348657,0.8966626959986862,4.083047841167922e-05,0.003042079961672346
72,0.002145548503352051,0.2855553145673218,0.7065222755011553,5.433383278934966e-05,0.005722527595381636
73,0.001355692256166905,0.18880749350319936,0.8082255950597395,2.369746793705428e-05,0.00158752171295702
74,0.0015591729330578083,0.07207335075935183,0.9250768430898283,5.271559382885706e-05,0.0012379176239334412
75,0.0012215720044847504,0.06691918959889905,0.9299267444782879,4.027654310680329e-05,0.0018922173752214538
76,0.0002725434897871449,0.02313424294749675,0.9760501617439306,1.7677315773781428e-05,0.0005253745030118634
77,0.00014330269546181438,0.009194848236935392,0.9896975729883806,1.1325940518432498e-05,0.0009529501387037115
78,0.00017961265116552366,0.016888749219600176,0.9825038282271142,1.6109781724665012e-05,0.0004117001203954015
79,0.00027092233714301277,0.010567976284629303,0.9880472525834393,5.7207697855228495e-05,0.001056641096933262
80,0.0003913219060192921,0.013850447740127558,0.9845673866305971,5.315524339499143e-05,0.0011376884798612263
81,0.0018929646162449852,0.025023915459953496,0.9688145194460557,0.00013711254709494628,0.004131487930650795
82,0.007428681850470867,0.21097082334304026,0.769184202575427,0.0006643004054593466,0.0117519918256025
83,0.006393362490063337,0.16345835612233398,0.8202754636175796,0.0005098229751366116,0.009362994794886467
84,0.13628083516243705,0.70120921059223,0.057755259483793016,0.004474116394460482,0.10028057836707953
85,0.08161689721270769,0.7115276336191709,0.1754043620786105,0.0032087577062740796,0.028242349383236838
86,0.05961347486814785,0.7396002459533729,0.18467771239387795,0.001605348291654139,0.014503218492947254
87,0.2546982237051921,0.601897305712964,0.09834222019209342,0.004038067023682185,0.04102418336606836
88,0.09041532327631331,0.5756617153336443,0.20138128834951913,0.020735101302866446,0.11180657173765698
89,0.11848482996371609,0.7005841153432176,0.13536840224992913,0.011210329029719017,0.034352323413418206
90,0.15621441231386116,0.6735579233233487,0.12469138851537241,0.019313756311501656,0.026222519535916023
91,0.053896797872621485,0.6533666049049291,0.2692818913731386,0.005614104253128867,0.017840601596181924
92,0.016620003180232455,0.5435075142871659,0.42620141448542886,0.0030220272051362162,0.010649040842036477
93,0.05208615166535333,0.7475722446895885,0.1772405603426901,0.006740870048279653,0.01636017325408847
94,0.30762455151151485,0.5872910724404653,0.08548395003509243,0.004819623199331974,0.014780802813595425
95,0.13499209388733355,0.6225376249539352,0.22421932948762666,0.004542502741576774,0.013708448929527972
96,0.013372931242964495,0.2681747037243139,0.710655239618093,0.0009765230305031305,0.006820602384125472
97,0.038044794310642685,0.780122537089262,0.16498795645589628,0.004983020629979781,0.011861691514219199
98,0.010795814196348855,0.45158919028509464,0.5294569818478099,0.0016027559428172112,0.006555257727929372
99,0.009938090103946758,0.46575289150933236,0.519720854382238,0.0006170548027797329,0.003971109201703103
100,0.0193815304875414,0.5664235932791569,0.40493212982036675,0.0011363764719803842,0.00812636994095464
101,0.0053548882441196615,0.33400307671007495,0.6550017751242596,0.000402058291075853,0.005238201630469808
102,0.017819424915823164,0.7482455892768848,0.22523051891437218,0.0010553116237373434,0.007649155269182461
103,0.030902854249709715,0.5710957151290144,0.38962019290891053,0.000630989354347906,0.00775024835801748
104,0.002609449047345683,0.2968048781556695,0.6990146257662387,0.00012349831731079902,0.0014475487134353294
105,0.0042002216247165585,0.14908827886796344,0.8446281942178397,8.521383944163368e-05,0.0019980914500385243
106,0.003503722548326212,0.18039568179302579,0.8129850355792986,0.00017802915279078397,0.0029375309265585784
107,0.01152789397687042,0.5569233110209598,0.42321725955158707,0.0009595536238788733,0.007371981826703729
108,0.011943658470584682,0.6238754763014082,0.35758133248344837,0.0008246900910552571,0.0057748426535035825
109,0.013707001066733941,0.6438263727127579,0.3355347500904365,0.0005695740227411113,0.006362302107330642
110,0.008356806118746521,0.5620057708258881,0.42652755323110925,0.00032988012196115543,0.002779989702294964
111,0.006181565395869913,0.5195648324038328,0.472346673591284,0.0002518987318063224,0.001655029877207094
112,0.003067990680249644,0.2244441444018125,0.771281329473766,0.00014823316774382995,0.0010583022764280004
113,0.003483654329772246,0.2410355831765875,0.753736372800564,0.0002076548613628661,0.0015367348317132676
114,0.006736709841091244,0.287772208644907,0.6965856083005467,0.0006931858616578005,0.00821228735179718
115,0.0019089808033409435,0.1340401057393666,0.8623192904251579,7.381670726254181e-05,0.0016578063248721244
116,0.0035308646080078727,0.2518710850567369,0.7418232667636132,0.00016121681493363107,0.002613566756708543
117,0.0076921112149677335,0.5412829931013281,0.4453486540074957,0.00028081300286301347,0.005395428673345449
118,0.014539727342150458,0.518784328544678,0.4623951302820357,0.00015164809646391484,0.004129165734671963
119,0.006161238983740906,0.23777996861072018,0.7542953474000589,8.686033560101248e-05,0.0016765846698790694
120,0.001339491812279584,0.0770673614106732,0.9204004465955404,7.676431602663319e-05,0.0011159358654802285
121,0.0006723793510726885,0.07802364621795224,0.9199690595004376,5.6526122953143855e-05,0.0012783888075841268
122,0.00034734710775110065,0.041841301823956664,0.9565660101567113,2.7455512203568937e-05,0.0012178853993774148
123,0.0004241906089668546,0.044277727165615684,0.9531131580435891,4.272703734563815e-05,0.002142197144482836
124,0.0007188622778366937,0.08440244826324286,0.9131859351744577,9.443323645374608e-05,0.0015983210480088948
125,0.0004903218299441788,0.04912380083135963,0.9487281777566587,0.00010866730819192647,0.0015490322738453647
126,0.0005080527557581497,0.0352164013303973,0.961558704642188,0.00011282008136380838,0.0026040211902928065
127,0.003283360611860267,0.16073041321991202,0.8314241563367611,0.00022004291795072844,0.00434202691351605
128,0.0014455408127374903,0.08343469695707369,0.9135003660282316,6.590547142481525e-05,0.0015534907305324928
129,0.0028051489856790943,0.11783991104242497,0.8766647836909606,9.763120268164282e-05,0.002592525078253776
130,0.00635559554929126,0.37481438876418843,0.6143387589200291,0.00022486222405663096,0.004266394542434534
131,0.0019745896681872144,0.08831251499186324,0.9080505071453925,6.35648256657875e-05,0.0015988233688911681
132,0.003427506893874482,0.3147782075062873,0.6793154566712155,0.00010317452693635308,0.002375654401686284
133,0.003940982739084295,0.23947664303223687,0.7544606603415922,9.062002583130167e-05,0.0020310938612552666
134,0.0006951125392071252,0.07705585025530126,0.9217546701498934,4.057021197106981e-05,0.0004537968436272622
135,0.00046374585805730484,0.041142752492792964,0.9580258545691342,2.071788619092067e-05,0.0003469291938247065
136,0.0007333130539296267,0.03495448248914083,0.9638173081857324,4.349341545329446e-05,0.0004514028557438781
137,0.0031477724581809707,0.13104629592289968,0.8617964329422538,0.00026685074527965945,0.0037426479313859514
138,0.005272370712679222,0.17818384752690924,0.8107161763571247,0.00022609777463687288,0.005601507628650105
139,0.002412244095036011,0.12363685356899708,0.8718250044614988,8.843607490917907e-05,0.0020374617995588236
140,0.003954475195077818,0.41799415993606825,0.5751554348235376,0.0002470872314684216,0.0026488428138479033
141,0.0014288221844563017,0.22549438374676523,0.7718074377034109,0.00021926238036782905,0.0010500939849998575
142,0.005105640497363562,0.1956015351526322,0.796352428483133,0.0005319300509747358,0.00240846581589641
143,0.001029130922434412,0.08776028837382699,0.9094004474916406,0.00022591413464126376,0.0015842190774565561
144,0.028012724944119657,0.4868235370984732,0.45772045311697535,0.006693458495879721,0.020749826344552195
145,0.055000827879187746,0.7673447547642047,0.08398410670987774,0.06500981670718389,0.028660493939545915
146,0.038974423052990655,0.7084226937169258,0.22918329861950282,0.010394616879123016,0.013024967731457527
147,0.42173168672962585,0.19576448342960734,0.0314856433415497,0.012172105088595819,0.3388460814106212
148,0.640990536174765,0.11723654241249258,0.006663215996308251,0.00595287498344286,0.2291568304329914
149,0.5918294575592903,0.2917147087693244,0.014037505486200471,0.006313424206118601,0.09610490397906618
150,0.5843403959781018,0.23520986030561655,0.019709573822400867,0.015424779143733748,0.14531539075014707
151,0.30838633140623123,0.22695929443767174,0.018452826090249,0.04715399401038768,0.39904755405546044
152,0.35194569352272737,0.10296463018071536,0.0015307195596949267,0.03036323742197635,0.513195719314886
153,0.48795973521395714,0.1864933898648306,0.0019941797929037353,0.07937399668491153,0.2441786984433971
154,0.023239605268950313,0.004437520978593401,0.00010841703381504274,0.002589739628753569,0.9696247170898877
155,0.3853690768694843,0.021546476414677693,0.00024073703735080537,0.016117306306924654,0.5767264033715624
156,0.7533880870528973,0.020529309707612162,0.0003521776900898672,0.007670642295275978,0.21805978325412476
157,0.07104754796477893,0.005451302026132556,8.805386313208091e-05,0.0006108030412191906,0.9228022931047373
158,0.07088481752636631,0.0032470005399972135,0.00011903702034950038,0.000754499985925724,0.9249946449273612
159,0.2010323918027834,0.016876510156694256,0.0004131027061037374,0.0016439666451997519,0.7800340286892188
160,0.18044131369381416,0.010923059700903086,0.000609873409698628,0.0017539402623362467,0.8062718129332479
161,0.13752649557591415,0.01215823828093888,0.0032372646396234806,0.0032514611104222015,0.8438265403931013
162,0.147060806164419,0.009851805089562987,0.005280724160210739,0.00293766874909264,0.8348689958367146
163,0.025930493809399928,0.0034836418788148004,0.0012212824169408596,0.0011256255294835493,0.9682389563653608
164,0.03467501645282595,0.0035892698564458465,0.0008671712585007828,0.001206793433676221,0.9596617489985512
165,0.0270309054822082,0.0029006301501223555,0.000824972660198843,0.0009277286013387696,0.9683157631061318
166,0.03038031295283225,0.0014651579003106664,0.0002630969652320884,0.0007984768370483368,0.9670929553445766
167,0.08475944407402296,0.0021833265162418515,0.00023811892970923107,0.0011781360067421854,0.9116409744732837
168,0.18827787067400895,0.00660778687433637,0.00016386318386349687,0.0059826175488887755,0.7989678617189023
169,0.15621833895603532,0.01700951468321021,0.0005471724597538509,0.0037244557562308525,0.8225005181447698
170,0.12557054817708244,0.011481474819979322,0.0005832442191767289,0.003305604107801335,0.8590591286759601
171,0.20816073349891495,0.04166484815985758,0.0037099035833122918,0.008102295593839948,0.7383622191640752
172,0.10074610378878657,0.033274526980205145,0.003610533905618568,0.004413717905692065,0.8579551174196977
173,0.29279328475435984,0.028773908662547608,0.0014624807006407411,0.015781647843463205,0.6611886780389886
174,0.4983047715628261,0.0453976677180158,0.0007679623365347447,0.02502587775447692,0.4305037206281465
175,0.2937794452023641,0.2919691920056905,0.006483493225204385,0.06504813633636389,0.34271973323037724
176,0.6920902200799415,0.11815657477830409,0.0036682892102665636,0.02380030222798455,0.1622846137035035
177,0.5529527478257549,0.2015484742564289,0.0027274874429783495,0.03340345845013873,0.209367832024699
178,0.45279497073547903,0.3596601353906845,0.011326627102220148,0.06449728056084958,0.11172098621076669
179,0.23419237052867273,0.6952661752100818,0.04543201564036362,0.015329037904908617,0.009780400715973286
180,0.19986099063064688,0.6799546143802759,0.02995225871033374,0.07201170264050777,0.018220433638235608
181,0.07090891355155661,0.741892418715341,0.10094914560422061,0.07458654550224399,0.011662976626637974
182,0.08042823397988247,0.6898157156209633,0.06005934769841615,0.1475283705329606,0.02216833216777726
183,0.21070479347137808,0.6173218807159784,0.02332713968749651,0.12850665547300766,0.020139530652139435
184,0.06490190520274575,0.6960415102993024,0.16687882719150338,0.05895546217990212,0.013222295126546277
185,0.05230382912674752,0.8664000090967809,0.04030953729649406,0.03264828551734258,0.008338338962634705
186,0.1426391222005163,0.8142620618249363,0.01608198261702049,0.01905215692170438,0.007964676435822517
187,0.03408129224874699,0.7868389008771061,0.16758419614660694,0.007144384939080052,0.004351225788460113
188,0.06876842635076877,0.8406123813526927,0.07392529507225076,0.009615779168117025,0.007078118056170821
189,0.023600316599705722,0.7453646419437916,0.22189862543377123,0.003390828328178649,0.005745587694552902
190,0.030867865925541475,0.5545872352069126,0.40866805688513463,0.0016953581467088173,0.004181483835702538
191,0.03107938824869888,0.9182180306157806,0.04261706104763371,0.0032820469191241655,0.004803473168762521
192,0.014515005983466,0.7493252278705069,0.2302630023290402,0.001475571173658039,0.004421192643328868
193,0.007867455950729746,0.45366217667429226,0.5362812294208731,0.0004609785167694979,0.00172815943733535
194,0.00539563519910766,0.44391014278295604,0.5484089217553322,0.00048110988489542627,0.001804190377708614
195,0.01016248069300208,0.4783482186070492,0.5078574597445411,0.0006387746129560529,0.0029930663424515736
196,0.0023221132224632555,0.27779796121631367,0.7187466933705154,0.0002617532704431831,0.00087147892026438
197,0.0032736374187942834,0.41146651873481943,0.5810700824023917,0.00044711030713604047,0.0037426511368585736
198,0.0014192199277932335,0.23004755277967917,0.7670339393019538,0.0001591820088848923,0.0013401059816888262
199,0.0009749475319266654,0.12807982565566609,0.8699811121751226,0.00013670486402005691,0.0008274097732647027
200,0.001055721158648106,0.12267852473910498,0.875046864610684,0.00012529085628486432,0.0010935986352779686
201,0.0006636116479621671,0.05584152348012877,0.9420309551833604,0.00013000611124168386,0.0013339035773068924
202,0.0006616008495525559,0.06623614171074572,0.9316005846020564,0.0001544942632367899,0.001347178574408461
203,0.000732946414892356,0.08925391129779414,0.9087099536543496,0.00012464868709453257,0.0011785399458693385
204,0.00033844704049999606,0.03361903567338386,0.9639410713493924,0.00024934529723910826,0.0018521006394844805
205,0.0020146503548668484,0.1282953892943922,0.8658251170886047,0.00045867093194745887,0.0034061723301889953
206,0.0002631678412858753,0.025518127987767227,0.9736072175824919,4.10109196695511e-05,0.0005704756687854807
207,0.0005791917099995801,0.052948626178728156,0.9453736514433203,0.00013594521319807863,0.0009625854547539492
208,0.00020428678685852425,0.025742298739764996,0.9735580498378188,6.307098772345238e-05,0.0004322936478341061
209,0.0001501589428130785,0.013404857617955002,0.9860414201866196,3.341497469348592e-05,0.0003701482779189351
210,0.0001750610381616796,0.01684045563919343,0.9826319863859613,2.8450037653396897e-05,0.00032404689903040755
211,7.636695737064146e-05,0.006535788042779772,0.9930531181758979,2.6490313991734206e-05,0.0003082365099599338
212,0.00024294204707906773,0.010063479637841233,0.9888437325394905,8.305847564650922e-05,0.000766787299942711
213,0.00020405877163862302,0.013165054770515447,0.9861385683266569,4.398658815254104e-05,0.0004483315430365088
214,0.0002964931969750126,0.012176023815988415,0.9865133444433568,5.737028592739526e-05,0.0009567682577526226
215,9.239832733290214e-05,0.0068335659066405905,0.9923899415731587,3.493665986843305e-05,0.0006491575329993149
216,0.00012120949331823779,0.0069797059062150415,0.9925264456152537,3.157647452770167e-05,0.0003410625106853866
217,0.0003287944263298507,0.012155295257434365,0.9865626373874355,9.118706384567646e-05,0.0008620858649546308
218,5.256742254288978e-05,0.0035980142263981173,0.9958458265271222,4.5251364511650563e-05,0.0004583404594250367
219,0.00026558815080080666,0.009489466259048585,0.9890052613513498,0.00012964537312743643,0.0011100388656733093
220,0.0029159212393114003,0.09950275132270976,0.89170798485262,0.0010519399742761272,0.0048214026110827484
221,0.0011151484674505844,0.08750053682403783,0.9092874745477596,0.00018320428473464373,0.0019136358760173176
222,0.0007051565092299941,0.039638121915102444,0.9589578037871497,9.863762631218626e-05,0.0006002801622058244
223,0.0002056362211042392,0.017251343079836255,0.9821819871487677,5.407734133717764e-05,0.0003069562089549264
224,0.0002966821375290191,0.020666356590795316,0.9780627918715026,0.00018778411558840278,0.0007863852845846846
225,0.0002637460644339011,0.02653846704669899,0.9723893279388425,0.00015534269064972468,0.0006531162593750589
226,8.455511538653901e-05,0.00716806152369644,0.9922783235486968,5.8432083617761124e-05,0.00041062772860241787
227,0.00015428059965230984,0.009094478278234413,0.9902050016117157,7.05741425865853e-05,0.0004756653678112458
228,0.00014129051215165488,0.011345697019588628,0.98807190512791,3.941849119324215e-05,0.0004016888491564916
229,0.00011328318947966497,0.005939366599868915,0.9936607126272912,2.137533583236864e-05,0.0002652622475279039
230,9.347211333652181e-05,0.006091240101600965,0.9931568391145259,2.0379454285552816e-05,0.000638069216250869
231,0.00010002716567241651,0.005603674041279317,0.9939782095324865,1.8813842380343957e-05,0.0002992754181814454
232,0.00026233868907403306,0.018930273266574746,0.9795447273419151,0.0001467878534216348,0.001115872849014443
233,0.00014609345131649245,0.008210717462862064,0.990870593052219,9.845504566914242e-05,0.0006741409879334485
234,0.00033224213116455134,0.020501469159628714,0.9772461770375117,0.0003757857779936477,0.0015443258937014367
235,0.0005508216113915088,0.020227283838056682,0.9726999796615569,0.001522030537505131,0.0049998843514897145
236,0.01705098549600226,0.12965958394221927,0.6135731517974954,0.010382857882043845,0.22933342088223943
237,0.01786347517308198,0.059999172500452363,0.23799545951077056,0.0209583906524416,0.6631835021632536
238,0.16664845052198002,0.1904399500144542,0.16820165432911244,0.045932383833017836,0.4287775613014357
239,0.05418509375272748,0.030594446032956305,0.00394993093369575,0.003263819246371823,0.9080067100342486
240,0.610645714852906,0.20521455096211821,0.031110723628501164,0.005228096884351717,0.14780091367212295
241,0.4226243037352843,0.3310821509944005,0.0682929390270302,0.010512821316936257,0.16748778492634867
242,0.49108558643864375,0.3854234144102568,0.049392408741211466,0.012681281972035371,0.061417308437852515
243,0.05322101134997022,0.5615176571292527,0.36127906017079764,0.012287254707845308,0.011695016642134109
244,0.052142113146652964,0.5404877085994212,0.3872826398144506,0.010480645728940315,0.00960689271053489
245,0.05486400468673337,0.7506446007865868,0.11942709920507273,0.05963500477874203,0.015429290542864989
246,0.05520318911559427,0.7566091510867787,0.1530034275028932,0.02282422756991032,0.012360004724823579
247,0.06203541809021093,0.8403695202312067,0.04263557110044918,0.04701783906292985,0.007941651515203381
248,0.14202129859901513,0.8034099420087008,0.037623660248164166,0.010425217781405371,0.006519881362714535
249,0.06926238735507706,0.7612953126362301,0.1520489239055176,0.010850627062330503,0.006542749040844803
250,0.0779931704182075,0.8105136887111503,0.0825138287775351,0.022320531152594317,0.006658780940512819
251,0.050910150674708846,0.8355580142769443,0.09724282140500153,0.010598944778911344,0.005690068864433888
252,0.036914682567645844,0.8884325981972528,0.06452309091589323,0.006390802241612596,0.0037388260775954255
253,0.026482094828214786,0.7001918185418418,0.2663610890092607,0.0032645905466960534,0.003700407073986887
254,0.03649637876255267,0.47469252936734757,0.4790961630330818,0.002336148508770005,0.007378780328247906
255,0.048359889867073624,0.7174524653696778,0.2066906817294155,0.019346034483908137,0.00815092854992518
256,0.05367260104774968,0.703835644018798,0.223286506129239,0.011706655525783692,0.00749859327842969
257,0.04462210959066208,0.5720178294656587,0.341139606994159,0.027956605098651797,0.014263848850868361
258,0.052340673202929934,0.806108166331873,0.12159695760827428,0.015317091147016066,0.004637111709906818
259,0.02634615000056319,0.5240314470792694,0.44303451387820275,0.0036251224821744667,0.0029627665597900736
260,0.07006971130009723,0.7624415558156354,0.13874602594845545,0.022861424204726612,0.005881282731085166
261,0.0363297183298475,0.8681512390188175,0.080118172296829,0.010042472559427404,0.005358397795078615
262,0.11965948294562077,0.7557976240424606,0.10760403740892442,0.010972790593609718,0.005966065009384278
263,0.06828029304332012,0.8322907260293388,0.07140141104570194,0.022604495098785912,0.005423074782853241
264,0.05794168611800272,0.8983889209443268,0.025424509965024787,0.014768235151946116,0.0034766478206996517
265,0.0447403406073139,0.6544005135046761,0.2720448950680462,0.024977621939944034,0.0038366288800197883
266,0.027572052861751403,0.7131263940430796,0.21653161753348182,0.04036847759801944,0.002401457963667702
267,0.015718138920004066,0.6258381073665122,0.1719647876846789,0.184865681021979,0.0016132850068258072
268,0.043922813034308214,0.43989368620632935,0.0036512977625212835,0.5015194792685073,0.011012723728333932
269,0.03332757779744867,0.15128360629972962,0.0002011283826492042,0.7968584227043849,0.01832926481578757
270,0.038977254437686994,0.07860299462871839,0.0001616957748563059,0.8716184535464501,0.010639601612288174
271,0.11198153738393868,0.20262801054951016,0.0005134435397501847,0.6550285248903015,0.029848483636499546
272,0.03463917297939223,0.04654415223006727,5.9034580933227803e-05,0.9131944211514484,0.005563219058158703
273,0.04708966620579525,0.04479507332213961,7.951093962632006e-05,0.9001415326872932,0.007894216845145748
274,0.036008089898179975,0.03964366944466574,6.928902253407664e-05,0.9156300683904555,0.00864888324416467
275,0.04659271335297461,0.0199042141347261,3.7176088274883976e-05,0.9229427322124626,0.010523164211561832
276,0.05791876966183022,0.020076675304238557,3.430400150289977e-05,0.8971269835639026,0.02484326746852574
277,0.08336668426484395,0.0691658213259221,0.00010337075919531962,0.8284625115466407,0.01890161210339794
278,0.09916468845317973,0.034161566555867946,7.844048906594355e-05,0.8028417662794038,0.06375353822248259
279,0.10793212312589853,0.03512310644849716,5.850557548829237e-05,0.843452833170474,0.013433431679642097
280,0.19339593028185434,0.0518167924720463,6.384260182769105e-05,0.7285057804349894,0.026217654209282217
281,0.05004373775125995,0.028511033919592366,9.073501000146072e-05,0.9112550137434451,0.010099479575701077
282,0.08203173903403174,0.02330331977535975,0.00010449848007020877,0.879880018971525,0.014680423739013317
283,0.060107678504569974,0.02575397024485628,6.68086680714447e-05,0.9055233885599733,0.008548154022528988
284,0.056495754305857286,0.02245998831641632,8.686180863231663e-05,0.906980787319086,0.013976608250007981
285,0.07378471844558376,0.03700245031142874,9.375195019859127e-05,0.8787303890676074,0.010388690225181503
286,0.04458678249037959,0.022987675306309678,0.0001039093989211227,0.924790430489372,0.007531202315017491
287,0.10868311061793098,0.05219133613068983,0.00011557368725762356,0.8175735137234085,0.02143646584071314
288,0.10759336905212252,0.04116964612369312,0.0001507715290241761,0.8398998259709989,0.011186387324161272
289,0.09124511599702488,0.032913026974116244,8.311944076245559e-05,0.8654813504787429,0.010277387109353718
290,0.049524803917316264,0.050624049966400846,0.0001707490065571798,0.891642711176843,0.008037685932882736
291,0.15405837227347707,0.036227198786096274,0.00014608542934062252,0.7777780497929601,0.03179029371812592
292,0.06432594845822097,0.029662045343431725,0.00010246882647574932,0.901258742792541,0.004650794579330545
293,0.0785478043741721,0.026235617089362014,5.5049905887486194e-05,0.8851702630779699,0.009991265552608706
294,0.1371288651275702,0.020457756990849986,3.889793515498475e-05,0.8290110657703366,0.013363414176088257
295,0.09108289928410894,0.030546354804435027,0.0004225349316687252,0.8676656819379056,0.010282529041881575
296,0.12287251781581024,0.027050189875456154,0.0007464253551960146,0.838542789706927,0.010788077246610716
297,0.13790789046686233,0.0208093299385625,0.00036742915057597195,0.828418114679331,0.012497235764668008
298,0.13385641751361663,0.021329564837854614,0.00041726724771093014,0.8082060094731429,0.03619074092767474
299,0.09909657313524049,0.017131571080637672,0.00020702718729662985,0.7206414467695884,0.1629233818272368
300,0.18236753666993732,0.012792168817694719,9.096581561420488e-05,0.7658430487584398,0.03890627993831405
301,0.3926069504199594,0.018241950772456272,0.00018783455515294199,0.46444125139710174,0.12452201285532967
302,0.3367734385482219,0.016661237653606376,1.4688038029476655e-05,0.449178260660528,0.19737237509961417
303,0.11531462376877759,0.026240235436684294,3.3624462257999716e-05,0.8196241685246671,0.0387873478076128
304,0.14765335421188638,0.3590158892068003,0.0001246710976827058,0.3974951956224686,0.095710889861162
305,0.07410619157696029,0.48872895787464055,0.0003645136620433213,0.4029351292371891,0.03386520764916665
306,0.1337864754411909,0.5646382076747775,0.0007686492299139167,0.23928673995986452,0.06151992769425316
307,0.04805235624874887,0.6669581856569656,0.000522577869301573,0.2617015206133069,0.022765359611677083
308,0.04501825686928783,0.7623372412384787,0.0004861685910209134,0.17927584597988622,0.0128824873213264
309,0.07227161168265414,0.8057851229061683,0.0005520199595473239,0.10767954266544265,0.013711702786187267
310,0.03507830495934835,0.914313986179161,0.005055104470432019,0.03860791460680018,0.006944689784258537
311,0.08238122783777624,0.8140549409706999,0.001263522360894578,0.0901108552187652,0.012189453611864081
312,0.050376077779623434,0.90070179910871,0.0018640200838510423,0.04042595269870327,0.006632150329112314
313,0.026709833080836163,0.9116836586104831,0.0012155724581819792,0.05438860942104334,0.006002326429455467
314,0.03294122795060574,0.9105509432902148,0.0038278239150139775,0.04937435363349371,0.003305651210671667
315,0.09528843880409057,0.7954979036854841,0.00046486217678127427,0.09461814631180632,0.014130649021837536
316,0.08244901215050056,0.8122689463445515,0.0010543279495326971,0.09161973094874597,0.012607982606669189
317,0.040876740899896194,0.9350239402881213,0.007825637311980714,0.013401495605778855,0.0028721858942229693
318,0.031237987832381967,0.9532807436799066,0.0013768206245159066,0.01174254902785763,0.0023618988353381032
319,0.06201003274103586,0.8973455492338092,0.0011746473653900524,0.036425691028770274,0.003044079630994697
320,0.06319749877253457,0.8997164387423742,0.004038551224877702,0.027731826377828863,0.005315684882384644
321,0.042391655754371114,0.9208766225182838,0.016374579491695667,0.01598153988134695,0.004375602354302436
322,0.12251415484816543,0.8331464652716307,0.011704051224824442,0.02624590622328539,0.006389422432093914
323,0.06255303952125975,0.8414576599930894,0.044716782272931375,0.04457786424293872,0.006694653969780786
324,0.03951502505841535,0.8584567066307225,0.0909045484635216,0.007723476902051183,0.003400242945289305
325,0.07527173226303416,0.8255571521244516,0.07496474211366676,0.019366578912166012,0.004839794586681623
326,0.04057440744006263,0.9000149049188788,0.024718944077099583,0.03110689842768257,0.003584845136276347
327,0.032688323097161284,0.8793565753439031,0.06668323524910715,0.019229070117561687,0.002042796192266833
328,0.07495406591007485,0.8034791467943417,0.013032065585741806,0.09832151437999231,0.010213207329849473
329,0.05102418228432271,0.8620143367445982,0.06700319884364718,0.012629703499004816,0.007328578628427263
330,0.03726347365746256,0.8566264949174864,0.06789723437213176,0.03070809524320536,0.007504701809713842
331,0.10841936218433906,0.821752709628783,0.025026671324137387,0.023710088298601946,0.021091168564138688
332,0.0755189237539347,0.8691873512966711,0.011668030917626863,0.032669631451982956,0.010956062579784416
333,0.0885324216516184,0.8619930218376658,0.020626963228533513,0.02169838750088478,0.0071492057812974534
334,0.056226412748406805,0.9066067604897594,0.016897326546110248,0.017121235701923664,0.0031482645137998256
335,0.059395270517857854,0.9067787311480685,0.014999193282875247,0.012530513148412043,0.006296291902786245
336,0.019240589782560085,0.8604272641967774,0.11104604586850751,0.0061350731671668225,0.0031510269849881305
337,0.024826590123649968,0.8730843601949817,0.09583476476436222,0.003468054638939945,0.0027862302780663727
338,0.02778023871916734,0.8738420837920485,0.07907086317094542,0.01264538340491785,0.0066614309129209865
339,0.01822045945066266,0.8881121524996706,0.0883389955573739,0.003328087739825401,0.002000304752467423
340,0.021772419290090776,0.8124933237785273,0.1567063960756312,0.005068976419167705,0.003958884436582849
341,0.02656319072247737,0.5362992785395055,0.41356471811961887,0.00739371041492882,0.016179102203469405
342,0.011792249399595445,0.7473233869654334,0.2102006925910459,0.0055935736928578355,0.02509009735106733
343,0.009604678971279392,0.35819838311599955,0.6212735667087376,0.001220421890561244,0.009702949313422103
344,0.005504452608401221,0.007942054736603905,0.003910362812176792,0.0008347988437951018,0.9818083309990231
345,0.053725982437309174,0.007657394004991874,0.00463323451723742,0.003653973612489695,0.9303294154279719
346,0.31073790630695275,0.010375424689392676,0.003205472724741127,0.010191838569515084,0.6654893577093984
347,0.2804139327440049,0.013171439351726738,0.0018295543165283024,0.006810781772383997,0.6977742918153561
348,0.25788587520470874,0.01755505963910421,0.0028531963371691256,0.025963649199351402,0.6957422196196665
349,0.10855751989098904,0.0103844976092526,0.0019209439217682486,0.037492895705898095,0.8416441428720921
350,0.016357968578410768,0.0021597234838677238,0.0003157786728383682,0.0032525534325044472,0.9779139758323786
351,0.032511651520860496,0.00038065142240337516,2.5458953319751274e-05,0.001580315232170303,0.9655019228712461
352,0.012133526201696953,0.00036023780969260264,3.657648058553408e-05,0.0013956579806642783,0.9860740015273607
353,0.21073930673546099,0.0012643806867098776,3.5697516195895104e-05,0.0022247526716617314,0.7857358623899715
354,0.3740013243112571,0.004758448015259806,9.763325868537523e-06,0.005402032542710084,0.6158284318049045
355,0.09399277188902412,0.001877335153771179,2.154876750333478e-05,0.004371893524372929,0.8997364506653285
356,0.3737560878355172,0.010386280152325145,7.681697883800482e-05,0.029869295812271,0.5859115192210486
357,0.5949006201550392,0.07773000862716915,0.00011855342007346314,0.09485245965415044,0.23239835814356777
358,0.24806811160881656,0.5471719310346622,0.00038177185530164634,0.08688451289094637,0.11749367261027319
359,0.1466344204354164,0.5818691719172252,0.0007284775853233136,0.16152543363372054,0.10924249642831442
360,0.06618439067116708,0.8197142705051664,0.0015369506459185227,0.08042753113208329,0.032136857045664456
361,0.07760791842434342,0.6814097672527731,0.005590537694470781,0.20427717766140074,0.031114598967011946
362,0.026883613187444075,0.8865454676114776,0.0007689268161571153,0.05975515711975587,0.026046835265165345
363,0.007521432978462248,0.9512663370285022,0.00248670754126691,0.03440355746478911,0.004321964986979622
364,0.01684297605184098,0.9344979966176944,0.0010583317236096028,0.03919924479503883,0.008401450811816296
365,0.038874342523804374,0.7690745928009904,0.0015582506426844096,0.18080120898537339,0.009691605047147217
366,0.00383857168498593,0.9826257195773497,0.00499667512654199,0.0072271031397865846,0.0013119304713355962
367,0.040432389851268506,0.8461904512719746,0.0006898198907830239,0.10520927366474668,0.0074780653212271455
368,0.032118378900140125,0.9443979289648831,0.006177592053976268,0.01586237838463403,0.0014437216963665365
369,0.027096326037000202,0.941694265309189,0.0072030165034175355,0.0211718978227567,0.002834494327636503
370,0.022585701726623192,0.9674192449320053,0.0014891491409168745,0.006402109243198524,0.0021037949572560227
371,0.010790459731595651,0.9597058005728556,0.01794705349900581,0.009357156792491815,0.002199529404051294
372,0.0365248319964971,0.9369163347392518,0.007169692653882645,0.01455499508274301,0.00483414552762564
373,0.016232605042452372,0.9363529393571474,0.04009020424829764,0.005876510616185758,0.0014477407359170821
374,0.011916576056500596,0.9761338356443033,0.002819975636306382,0.005959819287589545,0.003169793375300221
