epoch,N1,N2,N3,R,W
0,0.16077064801219945,0.008823948639277346,2.9333495859653334e-05,0.027865339183671012,0.8025107306689925
1,0.11408701873165437,0.026896275210648708,4.095947232400489e-05,0.05184687491727132,0.8071288716681015
2,0.12913275726675455,0.016732772355255048,3.338096356400877e-05,0.040658663940118134,0.8134424254743083
3,0.003146387550880643,0.0005903783194864534,2.9596517531332726e-06,0.0008419731494053038,0.9954183013284745
4,0.2833969503548869,0.02274700704224143,4.468772453352138e-05,0.01041687635399475,0.6833944785243433
5,0.009369774628134828,0.0005765620678259394,3.8096814642413364e-06,0.0008834008178552997,0.9891664528047198
6,0.19434179695460208,0.004828814814246725,4.3674141705757726e-05,0.003990411245158449,0.7967953028442869
7,0.3150909268797472,0.135359546097184,0.00023691693522484052,0.03296417112496191,0.5163484389628821
8,0.0038128050795978156,0.0005234932407882308,4.497024931169542e-06,0.0007170291198121765,0.9949421755348705
9,0.3488932315552867,0.017318335590362846,0.00016222783136423844,0.015412781153623134,0.6182134238693631
10,0.24226688319607664,0.05956154042306674,0.0004416854941481561,0.005917270757118923,0.6918126201295896
11,0.0026639719507363033,0.0008915658848619916,2.1403129429223975e-06,0.000143340721648494,0.9962989811298102
12,0.5852392286136007,0.0543812888864061,5.445460077496579e-05,0.017562387577249046,0.3427626403219692
13,0.06848789392491889,0.004767849076501322,7.817902199947e-06,0.0018705057125019422,0.9248659333838779
14,0.13290280638278545,0.46310622690922365,0.0008311611664129676,0.001455536251357946,0.4017042692902198
15,0.2798384175885561,0.03221442710967386,0.00012893720169387127,0.011825309286892504,0.6759929088131836
16,0.579371042152191,0.27873393462290075,0.0008287543110009001,0.04063026268745783,0.10043600622644938
17,0.09640927364512258,0.027041471507241545,0.00013040462261455372,0.009646157878214075,0.8667726923468073
18,0.05984304617387467,0.021173673526189433,0.00010635172445683003,0.0038735047658510617,0.915003423809628
19,0.5550273155661649,0.23206517402718857,0.0007299116923345186,0.08265269073527609,0.12952490797903599
20,0.46095405084289254,0.20903161630164874,0.0003173822672327542,0.05766685860177328,0.27203009198645284
21,0.22657081405618243,0.44810984178156554,0.0003353716038047941,0.042068731238956235,0.282915241319491
22,0.16207108302081732,0.05196419152321077,9.258265236939544e-05,0.2349590776229382,0.5509130651806643
23,0.34305642327525265,0.07121070080915087,0.00016353447380581485,0.37263944123082116,0.21292990021096941
24,0.27656822146667315,0.06469587527837205,0.00017630679905423295,0.009939719691609217,0.6486198767642914
25,0.7546350519711572,0.06701125385951526,6.543780832261456e-05,0.020921231602333553,0.15736702475867154
26,0.6414329969843837,0.2525470392404819,0.00027066141272269207,0.023242565145490418,0.08250673721692153
27,0.21442109582393867,0.7204890519853437,0.0005719223228065632,0.027803233281868935,0.03671469658604212
28,0.3468207598419214,0.5109850685028553,0.001090644125436884,0.08955774930522088,0.051545778224565554
29,0.28950353188265315,0.5641586167335285,0.0009097321156084281,0.039681421013158816,0.10574669825505101
30,0.07367063618648012,0.8765350165909651,0.0004203159338298715,0.010493390388937101,0.0388806408997879
31,0.4011543319249654,0.4506052093824136,0.0006511102854393467,0.08972539751874505,0.05786395088843655
32,0.42509405150267365,0.12281306166443746,0.00024392820480173763,0.01862055333698591,0.4332284052911013
33,0.27200837061494276,0.6854771268782879,0.00039165155759220507,0.012075242738895188,0.030047608210281896
34,0.5176418979265166,0.41716158349297877,0.0006500855530598196,0.018194743632907996,0.046351689394536946
35,0.24413223658505223,0.6882077395148898,0.00038124301629853085,0.01256809452901857,0.05471068635474089
36,0.5761933283640194,0.3152617088061656,0.000835545562048242,0.05219435860186024,0.05551505866590666
37,0.21257616796165812,0.25883555839465267,0.0007109412170037775,0.0042650396093779665,0.5236122928173075
38,0.6314639712040445,0.2751688882637146,0.000795055204437293,0.017055709952368752,0.07551637537543475
39,0.6316051330237902,0.3143842084291798,0.00038160380839693755,0.01587278292740537,0.037756271811227766
40,0.30881414063937984,0.5960972694882117,0.0003406587262081457,0.01876609184369888,0.07598183930250148
41,0.40638129443935744,0.44740883718943575,0.0010616084187001892,0.11494931623258019,0.030198943719926333
42,0.39976664782968324,0.38482065142101174,0.0009120587496173251,0.17999286434091183,0.03450777765877585
43,0.3761316602067143,0.2467211258382361,0.0007691997518346255,0.160882382958187,0.21549563124502802
44,0.45942565257777995,0.2852776275419261,0.0010042096610710176,0.19630423729393415,0.05798827292528876
45,0.4507364117653113,0.2606585482121232,0.0009349181987058486,0.08051822443355283,0.20715189739030687
46,0.3404614539256302,0.46301329157842885,0.0010504081397529367,0.15527796388429058,0.04019688247189755
47,0.15368413881171053,0.7545986847483437,0.0010817717715973132,0.04774865054131577,0.04288675412703258
48,0.306536400877951,0.5901805157306544,0.003714900483899311,0.07209873229668474,0.02746945061081059
49,0.272571710370879,0.36792528747735487,0.0019564946749980297,0.04827903712594293,0.30926747035082525
50,0.4575981939564163,0.2962569024387617,0.0006636533288031088,0.11395132743208937,0.13152992284392948
51,0.2714119264571659,0.6351920928394262,0.0020046625947603147,0.04047909036105468,0.0509122277475928
52,0.42936888311879967,0.12627865737001942,0.0010127174150243049,0.023799967444706163,0.4195397746514504
53,0.5147899284438348,0.33652725278629686,0.0007975777788050148,0.06600074254726622,0.08188449844379714
54,0.2708050323951755,0.6172736797430824,0.002571629588900837,0.07267619810614348,0.03667346016669779
55,0.26587643236195263,0.5111955722057506,0.0009657854813967722,0.03995964971654569,0.1820025602343543
56,0.19026173007847702,0.6913912126974138,0.003277821403898492,0.07000767134387308,0.04506156447633776
57,0.0018040704189169038,0.002516567797511581,2.8435551198229798e-05,0.0003452604972634608,0.9953056657351099
58,0.5420625960729618,0.08905349473806455,0.0003218907993575928,0.02430333041410695,0.3442586879755092
59,0.5189234934828153,0.25722010515194577,0.0002861936116821859,0.02083945043808602,0.2027307573154708
60,0.7381781083401694,0.06628619004300067,0.00015559426002278385,0.007717085284785788,0.1876630220720212
61,0.1489454370679792,0.7793570693891051,0.0011092522943483437,0.025656143050659587,0.04493209819790783
62,0.2070311208993636,0.11151425005151196,0.0003254865123967117,0.08449257596173647,0.5966365665749913
63,0.2791266027938792,0.38967964232080066,0.0007092949106930825,0.13036831066972626,0.2001161493049008
64,0.20797003844715528,0.633552726321467,0.0009060212795902473,0.10345516477179201,0.05411604917999557
65,0.22357174705107333,0.23388068270742438,0.0007552664320706918,0.34447718221036583,0.19731512159906595
66,0.13228040296002935,0.06625126015845284,0.0003334495155831603,0.37338814680084786,0.4277467405650868
67,0.12518680473538477,0.06213805049486867,0.00029230325378955615,0.6795981194659859,0.13278472204997105
68,0.17802230749772802,0.04775560112982292,0.00014557952740182676,0.2799928343079638,0.49408367753708343
69,0.5209465316047178,0.13324850110520717,0.00011745879457874752,0.23471593372428295,0.11097157477121326
70,0.3250122539707585,0.10854043098977158,0.00018549598774767167,0.41147592039083214,0.15478589866089024
71,0.15689814452883785,0.19957522387103205,0.0001963928797907819,0.6100831321187773,0.03324710660156199
72,0.10585074656334165,0.05815361197547769,0.0001240708143381129,0.6931309222170716,0.14274064842977083
73,0.1688682277827162,0.059965062705140994,0.00011919191042219616,0.4667044007030499,0.30434311689867066
74,0.23887359177461498,0.039664422506373816,9.803005255306738e-05,0.393102280987566,0.3282616746788922
75,0.29609622343764036,0.35342537879728797,0.0001835183305901651,0.3004893802421268,0.0498054991923547
76,0.24835398923863067,0.2406808714670437,0.0002636605288867531,0.44338670188667384,0.0673147768787651
77,0.13495488443618947,0.3094313769429442,0.00025650327542706174,0.4648462388205264,0.09051099652491294
78,0.15961728907547112,0.48229942796879977,0.00038783986205632206,0.2783992363940496,0.0792962066996231
79,0.05580041181612107,0.029741374772282923,8.525598302229164e-05,0.11557524329367644,0.7987977141348973
80,0.285273375259862,0.10940994197522075,0.00018490725874773862,0.42432170574753875,0.18081006975863073
81,0.12226026583880277,0.811773699495957,0.0002636836520424519,0.033850820210537876,0.03185153080265978
82,0.4224257567087195,0.11467549255734445,0.00023563295406969873,0.250788157087458,0.2118749606924083
83,0.14910172154270293,0.19574194198079292,0.0002655086552922902,0.35109913641412366,0.30379169140708817
84,0.16619614656068418,0.3425110576419507,0.0005705068945504557,0.41952783991011877,0.0711944489926959
85,0.09771790896122125,0.06260825632953582,0.0001695763237803799,0.054649019878403024,0.7848552385070595
86,0.21483576231933615,0.10288498215819851,9.907127551243864e-05,0.4482189753748513,0.2339612088721015
87,0.234474243169131,0.26444870615621213,0.0001778673782287556,0.4196582098029937,0.08124097349343454
88,0.19985571092126878,0.10010723485807109,7.571746462861663e-05,0.220076107666521,0.4798852290895104
89,0.17588457205866248,0.2613045709019132,0.0003284024980306118,0.4572846399507785,0.10519781459061509
90,0.12487836612046485,0.2629582345916333,0.00027340513523338005,0.5794511839337632,0.03243881021890516
91,0.017045932728678263,0.011870619567232931,2.873926440039305e-05,0.06946965262316679,0.9015850558165216
92,0.13101049268697063,0.17725858551021775,0.0001651637100059313,0.6160932766520782,0.07547248144072752
93,0.2067328486672604,0.11764101845907009,0.00016248768896586364,0.3614038791065378,0.31405976607816577
94,0.21790579883600222,0.14528642563041505,8.559557758494501e-05,0.22924039798717705,0.40748178196882073
95,0.2129433068380699,0.07082066019561205,5.5267022251339644e-05,0.5575466064347236,0.1586341595093431
96,0.20921797970774325,0.0752008137610286,9.161286097584142e-05,0.5375413277692811,0.17794826590097124
97,0.09180275924622056,0.10573246512278318,8.019943626671122e-05,0.36746256907191693,0.43492200712281254
98,0.13895741156293248,0.0952844346212705,8.29966012978052e-05,0.6756024101887571,0.090072747025742
99,0.17039279587946748,0.06355683965970728,9.367660114696522e-05,0.47871590487541826,0.2872407829842599
100,0.17488674036070284,0.18602673251299107,0.00017306111627388322,0.3546868137162622,0.28422665229377
101,0.18184101337443692,0.16653020276397484,0.00021789313279485772,0.5530655685891066,0.0983453221396869
102,0.15275975093506816,0.06363088654955741,0.00020549379900488242,0.4387408697447915,0.344662998971578
103,0.10206013042410614,0.48950895423380697,0.0005284837198218947,0.36232430945745886,0.04557812216480608
104,0.03975090346275816,0.01430355356672212,4.4659498133859425e-05,0.06896076485799706,0.8769401186143887
105,0.2518535933105442,0.33618319128156887,0.0003784439905220829,0.282375622930512,0.1292091484868528
106,0.03645697886126969,0.014469196298679578,5.781712877174199e-05,0.021583204545389402,0.9274328031658896
107,0.647370886116763,0.11433811136834979,0.00017424502768033752,0.011890451887573013,0.22622630559963386
108,0.3303026511873401,0.5520481683773298,0.000341606592667211,0.029542086235792932,0.08776548760686986
109,0.2737926195774986,0.4905301519077289,0.00046999179901838065,0.2031152569035558,0.03209197981219833
110,0.14139061300209135,0.5192987306022151,0.00048209780176925533,0.2733765827724152,0.06545197582150905
111,0.08957800875427481,0.6233389289840539,0.0006091124028101349,0.14521116608351184,0.14126278377534932
112,0.13744230559372245,0.5582686587484562,0.0010549012203111983,0.2657549781628644,0.037479156274645674
113,0.05940313342330538,0.021660781528265532,8.091592574488629e-05,0.08794695171167605,0.8309082174110083
114,0.010526789867267251,0.006592464214047592,4.171709497672455e-05,0.01823631237829686,0.9646027164454115
115,0.2802973850470819,0.02316496280723628,0.0001816556732912946,0.1607348527635607,0.5356211437088297
116,0.6197778167337906,0.031927182292900515,0.00014806881796308757,0.05151848443814134,0.29662844771720426
117,0.5019907534938222,0.05584641860546302,0.00016754442110904346,0.09327203974289372,0.3487232437367121
118,0.21119237830208978,0.13326507396921733,0.0003669367421440974,0.2867224824680737,0.36845312851847506
119,0.06472285115869611,0.013588796785693675,8.786850246024586e-05,0.0694249216532507,0.8521755618998992
120,0.2167275152911514,0.35545748737903343,0.0004694012499456511,0.22040157110510175,0.2069440249747677
121,0.0024985106899345338,0.002185997891575913,7.522508018589162e-06,0.005029758501371798,0.9902782104090992
122,0.008542574066238665,0.0027462604654948835,7.413533178402059e-06,0.00401612109487308,0.9846876308402149
123,0.21239175982440345,0.0172775310573825,3.5787171508412434e-05,0.03871772853242762,0.731577193414278
124,0.002518557007189492,0.001984772464904506,2.933868476021343e-06,0.001998416999938449,0.9934953196594916
125,0.0029826200535754675,0.0014210905587737324,2.842701297508818e-06,0.0014328471057570293,0.9941605995805963
126,0.014707645257819407,0.0017091457928671745,5.8343976370769676e-06,0.0016943878547753081,0.981882986696901
127,0.11078498017200618,0.0033966149631040267,1.64459080435306e-05,0.0029949536997024065,0.8828070052571437
128,0.1504064890471083,0.0059318380800037025,2.145924110158779e-05,0.00876249405580377,0.8348777195759827
129,0.000263567050844083,0.0003177019011449599,1.5363457175892714e-06,0.00017141014890522662,0.9992457845533881
130,0.00030142471031506345,0.0001999240315533617,2.6344610139274493e-06,5.168819387750043e-05,0.9994443286032401
131,0.00040840159437730987,0.00017919892913054406,9.585632777037197e-06,3.597707565665872e-05,0.9993668367680584
132,0.0003346528252668208,6.600522863710254e-05,7.084698127766098e-07,6.598506757027121e-05,0.9995326484087131
133,0.0002714257289453733,5.9374890876442465e-05,1.0309009450849393e-06,2.5870259271898748e-05,0.9996422982199613
134,0.0002112006104391973,4.8589910514210854e-05,6.54174272804916e-07,7.964761428660526e-05,0.9996599076904872
135,0.0003908079415855034,0.00011758782159515161,1.0495133649815315e-06,0.0002258308007896918,0.9992647239226646
136,0.00038890463316624115,0.00011528076535578033,1.3441098333276308e-06,0.000279756359019927,0.9992147141326246
137,0.0003925087465338879,0.0002886514899212322,9.229562471992314e-07,0.00018531943431356968,0.9991325973729841
138,0.0009030408902706473,0.00031238908818059715,1.0380528677819108e-06,7.551767032189805e-05,0.9987080142983592
139,0.0009842803690695953,0.00040201481373925975,1.4964147322192626e-06,0.00019161359577254245,0.9984205948066863
140,0.000932394041248973,0.0003280800444014418,2.495552902625253e-06,0.000220510713365971,0.998516519648081
141,0.0005646859508957165,0.00018247561012447872,2.018387363661518e-06,8.975992422486922e-05,0.9991610601273913
142,0.0009522221028413839,0.0002874054810395526,2.4279279935992134e-06,0.0003918551639748805,0.9983660893241505
143,0.0010430120629902132,0.00025907661613377,2.7668384370868123e-06,0.0004123582654682423,0.9982827862169708
144,0.0016645253312603818,0.00026367207726674845,3.82200271861373e-06,0.0005467336672805521,0.9975212469214736
145,0.003106235340643164,0.000419562018682154,7.690224527050682e-06,0.0003495266808926628,0.996116985735255
146,0.00198474763979677,0.0004432517032060032,3.5838442275919154e-06,0.0005756238772145111,0.9969927929355551
147,0.0011811126885330051,0.0003385469914943009,4.691837770737593e-06,0.0005478689080817325,0.9979277795741202
148,0.0021330360144531393,0.0004331385595642001,4.045849533328169e-06,0.0006766683409011566,0.9967531112355482
149,0.0027019254180045992,0.0002849792692416753,9.089516701955384e-06,0.0009604412898357363,0.9960435645062159
150,0.0015382479563301563,0.0004739554750902756,3.800676853347799e-06,0.00038664404970300013,0.9975973518420234
151,0.0013376037878567696,0.0003931715750212768,2.5024290340993896e-06,0.0006852360844919442,0.9975814861235959
152,0.0017163950825770753,0.00036874332642141707,4.772397041147544e-06,0.001420806068649537,0.9964892831253108
153,0.0021894395966886603,0.0002779278847389423,5.715808573646569e-06,0.0004951901031358088,0.997031726606863
154,0.0014014611060108692,0.00027895337538562284,1.730071822600027e-06,0.0006011269188842897,0.9977167285278965
155,0.0016972169032484466,0.00032476481189099737,1.8821173185601373e-06,0.00037295130317508356,0.9976031848643669
156,0.002930476070328799,0.0003159145672020802,3.4528001604681233e-06,0.0007052036456640314,0.9960449529166445
157,0.0021083728204333613,0.00027079385904429335,2.9508816077182415e-06,0.0004798963605520271,0.9971379860783627
158,0.0019719739282467318,0.00029731695638394946,1.982906819662898e-06,0.00045392874931505275,0.9972747974592346
159,0.004109621973400537,0.0002811955596119641,2.35009421947994e-06,0.0009617139666169876,0.994645118406151
160,0.0017064884027425528,0.00037168411227252255,2.07991014124326e-06,0.0006743821150916061,0.9972453654597521
161,0.007425446777694203,0.000488383854777928,5.16934126279733e-06,0.001146604755104463,0.9909343952711607
162,0.0031604633648181666,0.0004666942196599937,2.1666371764982713e-06,0.0009571013179862329,0.995413574460359
163,0.002268582547319623,0.0003008709926009122,2.229350611719094e-06,0.0011445075754693054,0.9962838095339985
164,0.0030133506787475522,0.0005722880063690306,1.9432437702584734e-06,0.0012564877962897268,0.9951559302748234
165,0.002945253502037167,0.000604252396759325,2.6920283492348e-06,0.001264205844109435,0.9951835962287447
166,0.0029899896917544473,0.0004220946442650239,2.7442412967544825e-06,0.0016376723249342986,0.9949474990977494
167,0.003651702075831142,0.0006103806358879676,4.042638186634477e-06,0.0013567598331869339,0.9943771148169074
168,0.002111293375303944,0.000621344559839977,3.567960431307108e-06,0.00042125206388860523,0.9968425420405362
169,0.0026675010742316786,0.0003237771782608473,2.009023541119004e-06,0.0005321608944033096,0.9964745518295631
170,0.003568904911030518,0.00029429488672692774,1.9121643325747918e-06,0.0007306963274808258,0.9954041917104293
171,0.0025475628779333477,0.0002490376077086457,1.0059110027737302e-06,0.000979488247097194,0.996222905356258
172,0.002842348131125741,0.0002414641587266285,1.1821205828094554e-06,0.0011047595113026424,0.9958102460782622
173,0.009941284401087746,0.0006445411090656477,3.6216721622790775e-06,0.0020290814042586407,0.9873814714134258
174,0.004588955444256119,0.00031653235070111193,2.316923409511485e-06,0.0016751909390871817,0.9934170043425461
175,0.0028778360692337216,0.00025256658202830215,1.4371203915244774e-06,0.0010194548209161525,0.9958487054074302
176,0.004851698280497081,0.0004963747834498887,1.8458147001293364e-06,0.0018249370121510317,0.9928251441092018
177,0.007098673076645643,0.0007132641839768903,1.7666242932748881e-06,0.0014203121579951818,0.9907659839570889
178,0.0019369793119325654,0.0004169366222445323,7.676966662699257e-07,0.00031206713305165863,0.997333249236105
179,0.009800241329393356,0.0007501269275205126,1.7313283591115001e-06,0.0010796305463850154,0.988368269868342
180,0.1285655851634397,0.004156634953903983,8.050478562827605e-06,0.005664258804475154,0.8616054705996183
181,0.004631786070334145,0.0006521671754203973,1.2534358094366475e-06,0.0010726137924092053,0.9936421795260267
182,0.0033196806633152003,0.0011587353556789495,3.918285161996885e-06,0.0006963453845871999,0.9948213203112566
183,0.003638758137877368,0.0008351835262946438,9.508718979019228e-07,0.0010516751281900406,0.99447343233574
184,0.002981671348442965,0.0006753569705724665,1.1561291961056348e-06,0.0004427551262284726,0.9958990604255601
185,0.0027703000328118056,0.0005548477109658134,1.2097244925204909e-06,0.0010976863875857478,0.9955759561441441
186,0.004283369569765784,0.0003141710399320352,1.5817883586005906e-06,0.0008824431391502546,0.9945184344627933
187,0.003098530182097787,0.0002975937938482148,4.375665014055399e-06,0.0014896180025746955,0.9951098823564654
188,0.0038156834692157637,0.00033689012759265916,9.139118076925824e-06,0.0009453957150521228,0.9948928915700627
189,0.0031981424832667775,0.0004559375926727002,1.0783625471514925e-05,0.0009550131921975783,0.9953801231063913
190,0.023110809455421877,0.001081278453809679,1.5691284706083378e-05,0.004728223884905287,0.9710639969211571
191,0.03682024409636618,0.0022778410838118356,2.5716990457703198e-05,0.010446366777687276,0.9504298310516769
192,0.2988466276946763,0.011495730111819648,5.3519464378317606e-05,0.056258251629814605,0.6333458710993112
193,0.004123357034192878,0.0012470680781131878,5.389607566629608e-06,0.0036273400010760786,0.9909968452790512
194,0.008637008516194292,0.001499482190081843,1.1748487520014537e-05,0.0021506007841504927,0.9877011600220533
195,0.3744611566369854,0.01631218408796242,9.728867986569709e-05,0.03976098496806745,0.5693683856271189
196,0.6608328269075454,0.020317820523032482,0.00017779375925133973,0.05222313791295153,0.26644842089721915
197,0.7036631906586278,0.07511722151458668,0.00021066072926179659,0.14724650527347652,0.0737624218240472
198,0.16114684428947604,0.06699130651574918,0.00022226807905301456,0.7298401910428406,0.041799390072881165
199,0.01213715695555015,0.009971764615103717,3.4634090754728955e-05,0.17995643141700077,0.7979000129215906
200,0.05341211152569477,0.00646869562014342,4.1374873548219736e-05,0.28820908997117983,0.6518687280094337
201,0.42468962817978295,0.09410828985781895,0.00026705995457310306,0.4351684192902507,0.04576660271757434
202,0.45328595819580697,0.03112406769624141,0.00023144430729310007,0.24018970726509298,0.27516882253556557
203,0.10920031857514571,0.07249271405890885,0.0004173792539355568,0.7930854858114386,0.024804102300571246
204,0.02759206759103148,0.01890032797152117,5.064874263781514e-05,0.5825560079758907,0.37090094771891874
205,0.044967398581287,0.036252411350928826,0.00014671640404489148,0.9021852445569657,0.016448229106773446
206,0.018964788490605972,0.037244407938852656,0.00018589891353935434,0.9275077578565256,0.01609714680047628
207,0.05338180520602636,0.01257932225247245,0.00010116147935305366,0.8804216956770878,0.05351601538506038
208,0.011827652166563216,0.015873745194745072,0.00014928436854874446,0.9483279792388603,0.02382133903128264
209,0.04163933046980942,0.00797713623573217,8.816280951228259e-05,0.8241878851914819,0.12610748529346424
210,0.053929068067083294,0.01105786385755947,0.00010397042531253555,0.9116872856153365,0.02322181203470819
211,0.08042002685254626,0.010700990244721452,0.00010964227634714756,0.7211445887520638,0.18762475187432154
212,0.13178539385451304,0.03232183976353706,0.00027791482142311533,0.6471006906762123,0.1885141608843145
213,0.0442277715310434,0.05487360398836458,0.001189616379018421,0.7099210097623863,0.18978799833918736
214,0.06053752686617109,0.0317223524671148,0.0002896102617944836,0.8043467059473351,0.10310380445758457
215,0.05524315706675452,0.016775985187051062,0.00017215736427822598,0.6706591503102547,0.25714955007166157
216,0.05638166894033714,0.022550475527701144,0.0003789495071105903,0.66121450377834,0.25947440224651114
217,0.10377897114427209,0.05910196216792778,0.0008204142702818661,0.6625654236193156,0.17373322879820258
218,0.051440536199024424,0.0191260225629396,0.0001749203457186448,0.49373540587640535,0.435523115015912
219,0.06213665318187599,0.03071014091148413,0.0006976679242902246,0.5021126486246352,0.40434288935771445
220,0.06890642382623402,0.042433054114386956,0.0007968664376711179,0.7819678182406068,0.1058958373811013
221,0.06982579946074519,0.04940944085047789,0.0011441576697426561,0.8118636326985432,0.06775696932049124
222,0.023695042728881333,0.009629589761131289,0.00014863517272873847,0.5217154951370943,0.44481123720016436
223,0.0707429788694435,0.01288414527723526,0.0002196364590827793,0.6962099175564892,0.2199433218377492
224,0.09709702418708159,0.021965704152175868,0.00032908513784923123,0.6968553868477991,0.1837527996750941
225,0.032054235009783494,0.006724224879456251,7.870985190045462e-05,0.40973205073079,0.5514107795280698
226,0.10477073898375941,0.01702477889131072,0.00017876102045783987,0.6686160732028249,0.20940964790164718
227,0.032960346186803484,0.005089718614422031,6.763524010217307e-05,0.34800588392552495,0.6138764160331474
228,0.018421004313652893,0.006800225983360803,3.739257420748062e-05,0.1521951321674566,0.8225462449613222
229,0.18066084348565004,0.02744330583308026,0.00021256207257003946,0.4901890719428935,0.30149421666580617
230,0.0012493136641339195,0.0006952356492759406,1.193920425116405e-05,0.0033968831934017025,0.9946466282889372
231,0.01816496603513916,0.0017566386990230123,1.0346673987151783e-05,0.02077242980781326,0.9592956187840374
232,0.04675349186060814,0.0026512033194358324,1.2156561828327702e-05,0.030474374627570015,0.9201087736305577
233,0.010039406862665615,0.0015221372019919698,3.911262999879262e-06,0.002866095880315073,0.9855684487920274
234,0.42521703350653367,0.01948640702292753,3.476000394567734e-05,0.04102147528225352,0.5142403241843396
235,0.043454372528400884,0.006962134431873321,1.2931373667660201e-05,0.011245542008314879,0.9383250196577433
236,0.44711212862614846,0.033945167915794515,6.427333242513768e-05,0.054603197284026274,0.46427523284160566
237,0.11434119317689885,0.012596115806420156,2.1319763862340863e-05,0.03602727836406765,0.837014092888751
238,0.006551347106739934,0.00468750990782909,1.6231041486335178e-05,0.007304391081640737,0.9814405208623038
239,0.30789355350266995,0.06327036818210385,0.00010427158180468365,0.03744829986140923,0.5912835068720124
240,0.03512281719786769,0.0036504501182559636,9.603358875775645e-06,0.010358578510976055,0.9508585508140246
241,0.5387573931220938,0.04802441245914471,8.025993695696096e-05,0.05831350376080926,0.3548244307209953
242,0.10823717213138022,0.007390760129050842,3.022438750258582e-05,0.0384560893649668,0.8458857539870995
243,0.002144645475140941,0.0016314055982798695,4.8882513923083676e-06,0.001191099198596041,0.9950279614765908
244,0.0020111890365755837,0.0008821080762404374,7.419021513432456e-06,0.00028848086925513676,0.9968108029964153
245,0.06860381236817935,0.002743623661628135,1.3763945222237287e-05,0.002294716351953527,0.9263440836730168
246,0.028456054421985413,0.003113941318990954,1.643456454845466e-05,0.0018996368660155764,0.9665139328284595
247,0.7369021292732993,0.03239272391113936,0.0001301223025070988,0.011547143288507707,0.21902788122454636
248,0.6847855671397716,0.08603669085599645,0.000550918495638751,0.026480453375592634,0.20214637013300063
249,0.40378569169210854,0.555740632851331,0.001352974207493609,0.028781214242630554,0.010339487006436278
250,0.17385109277722693,0.7879347318719084,0.0012397399652204046,0.030589537431189227,0.006384897954455085
251,0.08260397806504777,0.8979087254975294,0.0008649874804602958,0.016460163082333976,0.0021621458746284
252,0.11594430263245598,0.8612730307875802,0.004144194397271243,0.009333895448064206,0.009304576734628325
253,0.04479627824972281,0.9454213442827165,0.002458192751293856,0.004245586935615999,0.0030785977806507075
254,0.00713739291979842,0.9857943953661951,0.0050937126344734575,0.0009979347809007041,0.000976564298632204
255,0.04460950895728576,0.9419959379636896,0.006555136099811542,0.0032908792240651007,0.0035485377551480197
256,0.016490973953531968,0.9740953754566557,0.005287685188108623,0.002497408738958568,0.0016285566627449964
257,0.005594697944916166,0.9782781042222926,0.014388473141409891,0.0005782582557996567,0.001160466435581766
258,0.017626919933873574,0.9351089599646745,0.04347723085773924,0.0008954648370599836,0.0028914244066526626
259,0.007135664301867253,0.9381747959573689,0.051366398557643196,0.00048031056896089794,0.0028428306141597528
260,0.013424282506585292,0.9389018893287606,0.0438450928676555,0.0008108499386346367,0.0030178853583637693
261,0.0035264746015278322,0.885524054604369,0.10828398447000344,0.0004357981024269132,0.0022296882216729153
262,0.01781358481175792,0.9416192743965897,0.03496547561841961,0.001774048663748152,0.0038276165094846964
263,0.0034846563339562694,0.8116958865315587,0.18237007960541027,0.0003351262989518962,0.0021142512301229465
264,0.0036356564056780035,0.8469139532257093,0.1461928650087343,0.00021185103604258769,0.003045674323835732
265,0.006747956544167449,0.6804609013709927,0.3094423420005425,0.0002791925087435315,0.0030696075755538305
266,0.004392745517408171,0.9219599692301165,0.07086877721582935,0.00020205972315387184,0.002576448313492109
267,0.003012649296107784,0.9051626091370218,0.08876410354093485,0.00021082430955540632,0.0028498137163800543
268,0.0030518561046819132,0.8969222286706333,0.09754561927193449,0.0001596589622557128,0.002320636990494746
269,0.0009349425685190676,0.5216894883194948,0.47584456566822697,8.065136913444228e-05,0.001450352074624681
270,0.005797048494252785,0.686992067471314,0.30384578836936477,0.00030233082564569923,0.0030627648394227942
271,0.0017911080126786145,0.46988369031350247,0.5263662169360009,0.00013079411160286356,0.001828190626215018
272,0.0020926730798519074,0.3724659417087834,0.6237045786484468,0.0001265898962255149,0.0016102166666925053
273,0.0010361441679857507,0.3595038434349073,0.6378670632062471,8.651195093133121e-05,0.0015064372399285232
274,0.0006772247510406137,0.21087642561065797,0.7875843393328288,5.2561568825176415e-05,0.0008094487366475543
275,0.005401540517486621,0.549592238465583,0.4425189647694874,0.0002258358907940636,0.0022614203566487362
276,0.0004312485257762545,0.062195720046222425,0.9368890702616158,2.6866238064071623e-05,0.0004570949283213547
277,0.0011706169492281615,0.11675660409157498,0.880860068359817,6.876179942975651e-05,0.0011439487999502973
278,0.00042241241571456693,0.0948631741963169,0.9042197351892785,2.4721341316675206e-05,0.0004699568573733988
279,0.0006018534361104027,0.05028774634315272,0.9484544905373039,2.6730501367931116e-05,0.0006291791820649547
280,0.0003279495942087182,0.03208565573961095,0.966907657213057,1.5742373188330965e-05,0.0006629950799351811
281,0.0003540460346081152,0.03141568819497076,0.9673192633190598,1.3047629865966003e-05,0.000897954821495328
282,0.0005693045530854905,0.09569642982944335,0.9024845288051542,3.735065293463176e-05,0.0012123861593823435
283,0.0006631335575252676,0.03298353947132648,0.9654621519713007,1.843920590342866e-05,0.0008727357939441627
284,0.0029382049856943268,0.2355207035469909,0.759622715103325,8.320008025095069e-05,0.0018351762837388803
285,0.0024806852817202277,0.13872588809665795,0.8568386088256282,6.017850156892414e-05,0.0018946392944247015
286,0.0013983547757936122,0.2022401389508636,0.7951069297353297,6.387941263579893e-05,0.0011906971253772742
287,0.000954238627701271,0.08518306560434133,0.9129156263218487,5.038270803172028e-05,0.0008966867380770313
288,0.0007696016182106217,0.13440960060134538,0.863311537814096,5.580766515739389e-05,0.0014534523011906217
289,0.0005981238984489922,0.10765090598072853,0.8904914338818274,4.2333237137974285e-05,0.0012172030018572629
290,0.0005889349501893706,0.13423843434578897,0.8638451352655363,4.9712413984878924e-05,0.0012777830245004932
291,0.0003573490061376792,0.07842901209774471,0.9199887432594922,2.8666157094196663e-05,0.0011962294795312479
292,0.0011008976989943817,0.1802789673418824,0.8158657110503739,0.00011430338918954076,0.0026401205195598003
293,0.00035640908054093777,0.05113300838340906,0.9468450730423431,3.44796722442599e-05,0.0016310298214625343
294,0.0016621737683147272,0.2635936327876124,0.7274753600013957,0.0003385996418664424,0.006930233800810676
295,0.013653195011603352,0.06676892890982189,0.014494775945436892,0.0021608297561143677,0.9029222703770236
296,0.18643376390110247,0.7587210745430183,0.020364203573794062,0.008954641492530755,0.025526316489554373
297,0.34718445988682445,0.6124779303765402,0.01643014658900284,0.007265562262126159,0.016641900885506402
298,0.2250028440561179,0.7427052216118116,0.011992892710644899,0.0006607888493658632,0.01963825277205987
299,0.13104079815712688,0.8363696207872923,0.007758888767799697,0.013856925678394506,0.010973766609386693
300,0.21098283837170143,0.745461928902246,0.0036875984698788835,0.026976288567624244,0.012891345688549365
301,0.1702676578128332,0.7929695818912198,0.0028472295618338097,0.02665714705139068,0.007258383682722743
302,0.0718870980108709,0.8927709982697496,0.003322835925657059,0.02411455240240781,0.007904515391314454
303,0.09239323222402444,0.8270862651830044,0.004752354322632944,0.06769495274366955,0.00807319552666873
304,0.4037800207010389,0.2876017349808512,0.0010559839606128021,0.134880253362198,0.172682006995299
305,0.27690299665862805,0.5870448796087547,0.0011910860843604228,0.025351245595740438,0.10950979205251637
306,0.12464706116414297,0.8139400289261698,0.00035246593478612545,0.041217454455911635,0.019842989518989693
307,0.1626653284964506,0.7819692426294522,0.0007780179514842047,0.03392022640154336,0.02066718452106953
308,0.20013539867330282,0.195060145612379,0.0010296404422624004,0.016648046588390947,0.5871267686836649
309,0.2508502635117735,0.6528972958994009,0.0005902161188970186,0.0552430768325137,0.04041914763741496
310,0.4235352808202499,0.45512935913357805,0.0009118124552113618,0.09238299671370531,0.028040550877255165
311,0.38863643520486474,0.5117520250115574,0.0007213210994173149,0.022961301493213928,0.07592891719094665
312,0.20867007897774867,0.6157091453419309,0.0010741966883789002,0.1596027073701629,0.014943871621778529
313,0.34342578835655346,0.2953250006232584,0.0009484601601003315,0.056459247833395544,0.3038415030266922
314,0.08310039083603944,0.8999413926159204,0.00041867068556888085,0.0068341551883725855,0.00970539067409851
315,0.32322457155427214,0.4953826104320205,0.0010463615106789535,0.0775230684966544,0.10282338800637408
316,0.18242305223771715,0.788120186302965,0.0018246557458824622,0.020709464768237235,0.006922640945198144
317,0.17718055350514947,0.7720803738108691,0.001071148916582543,0.014660215855476229,0.035007707911922606
318,0.5133525472232259,0.40136063207379347,0.0012554117691869317,0.06545101219289277,0.018580396740901024
319,0.27797750967126655,0.5565013156858415,0.00242179631136463,0.03972690484456018,0.12337247348696694
320,0.2005783639554795,0.7534543727582154,0.0008804878339608028,0.019996747891139786,0.025090027561204518
321,0.30782464073704136,0.48473850434193483,0.0006117895701444219,0.1835375896270472,0.023287475723832135
322,0.14177971927190075,0.17721428019867672,0.0007031141206801896,0.009232944562096978,0.6710699418466454
323,0.25616171393615017,0.6983891595309999,0.0005748094052653708,0.038643388695183474,0.006230928432401151
324,0.48422573001929037,0.24455687237660917,0.0005676094217777859,0.028066929551894798,0.2425828586304278
325,0.18154674928729586,0.7927199200785425,0.0004986291306029577,0.018808076115029795,0.006426625388528773
326,0.12256520778053154,0.8462417951609749,0.00030296869103982695,0.02266926208760135,0.008220766279852498
327,0.41265232360762866,0.4442007568718576,0.00031593914663854674,0.10794790579599589,0.03488307457787931
328,0.2302141684014381,0.5331525041166378,0.0006870281061610742,0.022776889496104347,0.2131694098796587
329,0.3102910809481823,0.6501375823974985,0.0006368514582709416,0.027890240784706852,0.011044244411341322
330,0.4484613669428043,0.4617233371005443,0.0004965299453660494,0.0738645147683657,0.01545425124291955
331,0.2695996236492794,0.643975917611054,0.0007428274903637812,0.01961970098059416,0.06606193026870867
332,0.03906866942917582,0.9464856036448793,0.0003381712963028555,0.007510756953056449,0.006596798676585749
333,0.3507871961357145,0.31266854507578684,0.0003545493757790505,0.04732736327281347,0.2888623461399061
334,0.24031199373580125,0.6768531907128048,0.00052660805311982,0.013866565888794676,0.06844164160947946
335,0.09960177298161417,0.8740163530880968,0.0004907507711832683,0.020621963080760156,0.005269160078345773
336,0.1093646151310925,0.12917410632688064,0.000290104643078017,0.016649097510620707,0.7445220763883281
337,0.37757574853245895,0.5429523488778141,0.0012326751199826446,0.05374761995279424,0.02449160751695022
338,0.045621198148294254,0.9433407543447864,0.0003221501415920474,0.007463765610162569,0.0032521317551649203
339,0.017337285552309442,0.0277717346893172,0.0003105173419253747,0.001166560027682985,0.953413902388765
340,0.497418160642876,0.4030742880153853,0.0012408398523787627,0.05963505919138304,0.03863165229797704
341,0.4175592209280562,0.4070818540536956,0.0014629199763328076,0.09762431275139505,0.07627169229052043
342,0.27828719545946895,0.20724368182958589,0.0006725306090235634,0.021166561136315234,0.49263003096560626
343,0.06988489377167563,0.7548384683163106,0.0019267829531242975,0.01968541797101734,0.15366443698787205
344,0.20391890280238378,0.5285064501755564,0.0008881849804378493,0.13210082747238777,0.13458563456923406
345,0.005741934140939544,0.008667442204648578,0.0002924555142335632,0.0012313979897820152,0.9840667701503962
346,0.0045612051271754816,0.0012853693157468106,2.2128712966392778e-05,0.0005703153251862684,0.9935609815189249
347,0.23923969820948385,0.021490382736035873,9.609227281896748e-05,0.006616522051106744,0.7325573047305545
348,0.7272634093521722,0.19748596146107028,0.0002790881000659739,0.006939999816230479,0.06803154127046115
349,0.19479610394644456,0.031343925681180114,9.890331918707622e-05,0.013944922818854346,0.759816144234334
350,0.15032221239056787,0.7387606434905943,0.0004438814804595997,0.09552080687269851,0.014952455765679877
351,0.21673596289611516,0.26436704826091334,0.00039126181685184756,0.4793763504424081,0.039129376583711475
352,0.14957698004630116,0.39467470829639234,0.0007016314801454067,0.1758455262161425,0.27920115396101863
353,0.21294297001623733,0.1402422700753071,0.00038582165316671934,0.30891486435323506,0.33751407390205374
354,0.32517393868615874,0.3583295465445965,0.0006921228541469689,0.11312371639197288,0.20268067552312502
355,0.45750487994012695,0.3146112442186893,0.0006123187832183456,0.19301245840181358,0.03425909865615188
356,0.4570069457961763,0.20917632280760115,0.00037894035102322164,0.269063428274011,0.06437436277118848
357,0.24325741828762734,0.39473948267964104,0.0005599499202445571,0.276397642290629,0.08504550682185791
358,0.05886635939071247,0.7326069023265572,0.0064458217361723176,0.1791986174455586,0.022882299100999412
359,0.2589764181150855,0.38868399768798845,0.004789049290093991,0.30568982691973307,0.041860707987099094
360,0.05519118633340147,0.8436146792746435,0.018981177584493494,0.009494806675165763,0.07271815013229573
361,0.3801382663798636,0.49180100810483196,0.010403730183613742,0.05482434013901929,0.06283265519267134
362,0.2513505024358475,0.6188099966768473,0.0018545279249924107,0.05977212454356765,0.06821284841874516
363,0.3633814321004816,0.3459379491149564,0.01029009829297418,0.0200330465798182,0.2603574739117696
364,0.21067584047783156,0.7336911598259284,0.017093025154412002,0.015955352346308623,0.02258462219551943
365,0.29496297465736065,0.6170224930608141,0.009014731704098014,0.05977979970367701,0.01922000087405015
366,0.11184905734256871,0.10025058686365086,0.001489933717295571,0.009365923772785863,0.777044498303699
367,0.4807491063816537,0.38879715659838604,0.002890033040402586,0.08064847062030694,0.04691523335925071
368,0.043728373067682326,0.9087106432210283,0.00025454970423467325,0.016572651202889355,0.03073378280416541
369,0.3190426624429713,0.12487611940275309,0.0002777253859304091,0.3001772490046978,0.2556262437636474
370,0.20314210056829485,0.09148108550189876,0.00020671055189158658,0.6065848923590681,0.09858521101884664
371,0.130299445781883,0.0642542554252863,0.0001501970758726949,0.7775704912224893,0.027725610494468717
372,0.11849849619553555,0.031553808040779494,0.00017787644109681962,0.7810341121232087,0.06873570719937945
373,0.05986381057396321,0.01796789229121545,0.00012454362029800105,0.9076816914976147,0.014362062016908659
374,0.039791981880359026,0.025051905759819117,0.00018391785531011082,0.9098791525417502,0.025093041962761572
