epoch,N1,N2,N3,R,W
0,0.0008749030170257977,0.0008088804165889556,4.9274145056566445e-05,4.802844444000562e-05,0.9982189139768886
1,0.012165117343314026,0.0037566565317130457,9.739255906286994e-05,0.0005559910012341166,0.9834248425646761
2,0.012922477892608843,0.003371311158468113,3.613378224205726e-05,0.0005567464435693273,0.9831133307231118
3,0.010267693100111852,0.022882286451866574,0.0027738319375840994,0.0008962520271481493,0.9631799364832893
4,0.0031911738212119767,0.001172545011184784,7.4535292858889e-05,0.0001026990220719492,0.9954590468526724
5,0.009967062073869824,0.003211667432615127,9.645685546036353e-05,0.0003572446954183422,0.9863675689426364
6,0.004338727188419093,0.0013186558304374694,3.511648565660995e-05,0.00023258905234212044,0.9940749114431446
7,0.011111922759175347,0.0011691176944267577,1.5042477420377674e-05,0.00045423915776157247,0.987249677911216
8,0.056003674461747276,0.004388605472917161,1.372252795812028e-05,0.0006170037012184402,0.938976993836159
9,0.02073844951712433,0.001381328312808975,9.809702759152135e-06,0.0002675086172816865,0.9776029038500259
10,0.005475435188280336,0.0021203169066175863,0.00018970099052122266,6.463081228398912e-05,0.9921499161022969
11,0.03532661102100154,0.0038804103687949732,1.690857935637902e-05,0.0003644859451787662,0.9604115840856683
12,0.05144002472646617,0.006529403992166388,5.033049699690561e-05,0.0006868685297010094,0.9412933722546695
13,0.03617562233526577,0.0013760173204023065,9.116255337707549e-05,0.00037740703818489856,0.9619797907527701
14,0.3215747473636653,0.005713704952580517,3.6461484618317964e-05,0.0017237695958330162,0.6709513166033028
15,0.0852227159596485,0.02227098320490449,0.00010305146370545137,0.0021468622827945723,0.8902563870889469
16,0.060990441123027164,0.003857172309689406,5.569584796156645e-06,0.0015442780759735873,0.9336025389065137
17,0.12959025437407373,0.01612668410115269,3.0391409092467822e-05,0.002014230177873707,0.8522384399378075
18,0.2606535183184845,0.011208754248731134,2.780720504341008e-05,0.0020889116256683758,0.7260210086020726
19,0.05594081508001467,0.01915899827070361,0.00026664287496718533,0.00055761885766895,0.9240759249166456
20,0.3602850163849317,0.028212437621732374,6.17956459124004e-05,0.007124410213024895,0.6043163401343986
21,0.02245300525945726,0.0022401446802968205,4.13979389367961e-05,0.00027235468222587176,0.9749930974390831
22,0.6618317263853306,0.013878438938168761,1.3768911929993158e-05,0.0010450322144787522,0.32323103355009186
23,0.08251396872095033,0.016699177065342786,0.0005573101672164999,0.00018940634689107322,0.9000401376995992
24,0.09912715820060129,0.09729582691442736,0.0027278467659192754,0.0009759389650082789,0.7998732291540439
25,0.17837839911121325,0.33771036373926255,0.002846889518516847,0.0027211218816260495,0.4783432257493813
26,0.13064920448520986,0.40226498316586734,0.01069419154675498,0.003346845485002848,0.453044775317165
27,0.04078136671656351,0.7332977542376586,0.015530596552635962,0.005382511231322141,0.20500777126181982
28,0.07003670895123155,0.7311480829224654,0.003083921394408885,0.00962405808553723,0.18610722864635695
29,0.0259711161713489,0.8430770818777443,0.018532395111811577,0.002592627872303494,0.10982677896679162
30,0.02766142062323864,0.8671703651794116,0.010863472031731238,0.0038850415884562374,0.09041970057716231
31,0.0654005238146666,0.26879310945887436,0.0033358985853879017,0.008759516960457516,0.6537109511806135
32,0.27631015143703547,0.0955052085093884,0.0001847182189030512,0.15014123514229058,0.47785868669238235
33,0.3282355575647986,0.14526539157603885,0.00039413229199284147,0.10448814880275636,0.42161676976441326
34,0.09985177184357096,0.6517804364496194,0.0027802667174550307,0.01449793267159812,0.2310895923177566
35,0.28021942483082307,0.40988991454471135,0.0013655018963339074,0.04930172688368235,0.2592234318444493
36,0.1606865934434872,0.6332277099284772,0.0031851496072314296,0.03394776739121096,0.16895277962959318
37,0.20810938568135393,0.41560186719516024,0.0018293273932580166,0.03857270596992887,0.3358867137602991
38,0.10376461334051894,0.5400694164040851,0.001572118794987345,0.006301206455540537,0.34829264500486795
39,0.2256366052471386,0.6932333250660249,0.0008028818520588578,0.004023386981715366,0.07630380085306221
40,0.11039431045597094,0.852100802483164,0.0074884917286386285,0.0005045878334388939,0.02951180749878735
41,0.11409356972620327,0.8737466824669208,0.0025024466561774884,0.0002153762624217298,0.009441924888276682
42,0.05156936784222272,0.8910396196561381,0.04908110926356101,0.00012746990496603043,0.008182433333112093
43,0.07986179345694192,0.8102846001716077,0.0828848750087141,0.0004924927176988177,0.026476238645037523
44,0.015493746321800072,0.972269103526771,0.0012663128982575043,0.0010498003697800525,0.009921036883391434
45,0.04416738506920124,0.8422235724642639,0.054461661142693775,0.002749163401091709,0.05639821792274932
46,0.019818999704461226,0.8548872679717902,0.06350479503560584,0.00045146734363454724,0.06133746994450833
47,0.016350580611737327,0.6762511743605465,0.19703199158979912,0.0002162566851591199,0.11014999675275798
48,0.012782826846568169,0.6550857328082251,0.29676722855273946,0.00014965723262387443,0.035214554559843396
49,0.20670371434302004,0.13033193722377226,0.22570637986796055,0.0005269987248773232,0.4367309698403699
50,0.15299472751406765,0.14432219040702834,0.2184318679187688,0.0005268647111299726,0.4837243494490052
51,0.054645515536683585,0.056310309458097896,0.01770703670687478,0.00040929793775310854,0.8709278403605906
52,0.018341153235190692,0.03357898674054379,0.028997553616841493,0.0001546791460396543,0.9189276272613844
53,0.0045095900230103046,0.010840321458867385,0.011790738141462415,0.5375166262846569,0.43534272409200303
54,0.01647407130166898,0.03864576900031069,0.009702339235693186,0.0006842675101838698,0.9344935529521432
55,0.008121631080375611,0.024931148055260668,0.004063113091899695,0.0015880110599690506,0.9612960967124949
56,0.03139010659002354,0.037590517447062516,0.024377379040679725,0.014390769789600482,0.8922512271326338
57,0.014603182335595806,0.0028474990387224453,0.0005491623766584856,0.0002939703725574122,0.9817061858764659
58,0.04942967070982637,0.0034219916945262413,0.00011648558637109654,4.468626294971862e-05,0.9469871657463267
59,0.05448637575622582,0.004971136555103119,0.00015574026859174392,6.053395320914015e-05,0.9403262134668701
60,0.007541715524932498,0.0009072220450044991,0.00021315733278256965,4.8871538181996594e-05,0.9912890335590986
61,0.21359397652496748,0.061033179263438715,0.0070172019060707365,0.0010557002643212191,0.7172999420412018
62,0.08227904973501658,0.019217727220312127,0.0063015825102136986,0.00013068076401700327,0.8920709597704406
63,0.041620162636994404,0.025832854928754,0.0014388330191965105,0.00033410102053106156,0.9307740483945239
64,0.3240072173995635,0.2714621577140832,0.01860023418574693,0.004981119235630894,0.38094927146497537
65,0.32205823084407287,0.45323392008863544,0.10277721442543847,0.005166084121104774,0.1167645505207485
66,0.4015305527196913,0.38657842139159354,0.059071106127121006,0.008493722984892189,0.14432619677670178
67,0.33172435827683466,0.561274575169086,0.021811419974533976,0.016369050128507673,0.06882059645103772
68,0.3032096740942801,0.5318097598968922,0.03736258368909992,0.013842371068350255,0.11377561125137742
69,0.38259508395320246,0.48766303256924687,0.0435313672335987,0.010452906079281166,0.07575761016467089
70,0.1490602261659099,0.7206898754274388,0.10358251218104221,0.005702515616452075,0.02096487060915709
71,0.14697521209347744,0.7125030364879515,0.07444909629366903,0.02446407506237366,0.041608580062528204
72,0.07450479357171162,0.6023963272718723,0.2890165024897551,0.005811620632308965,0.028270756034351998
73,0.1176408605819541,0.5272140460883427,0.2919754523142926,0.00745945606171431,0.0557101849536963
74,0.10632674052238628,0.4231770922750393,0.418810509604278,0.0044992482248106475,0.047186409373485734
75,0.0674109042076717,0.7204302625809504,0.17857219413915915,0.005462836274506397,0.02812380279771232
76,0.033198367274177965,0.6040617060131168,0.34478671855311505,0.002758505879475139,0.015194702280114908
77,0.09341009937818107,0.473055721031359,0.378064335111728,0.0023631065218785237,0.05310673795685341
78,0.08553221947440892,0.6291420903694219,0.21211674393822363,0.001975944181593074,0.07123300203635248
79,0.03124560201971867,0.3420433192093325,0.6123126212614256,0.000911141681549563,0.013487315827973698
80,0.02480763889612951,0.32694158987380356,0.6375904740335001,0.0010124672385218051,0.009647829958045027
81,0.01205307723228496,0.2516505610765236,0.728087013974631,0.0007741137447872435,0.007435233971773098
82,0.0076769472784087665,0.15981705561740353,0.822410426441056,0.0006289130415584354,0.009466657621573216
83,0.007354446726851786,0.22635216968282912,0.7588017699014835,0.0005470514450973469,0.006944562243738307
84,0.016741221451765848,0.19044521763797365,0.771338577022229,0.0011011203782645878,0.02037386350976701
85,0.008176122684945766,0.11570412359711162,0.8652221037669585,0.00024221765082896033,0.010655432300155077
86,0.009448919670300664,0.11830810591642686,0.8628014718567303,0.00024426390696040125,0.009197238649581918
87,0.013722143966526174,0.22835173499074618,0.7283300403141637,0.0007026573409970755,0.02889342338756685
88,0.006517628908302588,0.09178272685924493,0.8724097148406139,0.00033817175928083017,0.028951757632557813
89,0.008830352953562824,0.13151270060270853,0.8170033340287518,0.0006496962902635836,0.04200391612471343
90,0.16612711972431862,0.08938671448711717,0.38324265918658085,0.0004400404034196533,0.3608034661985637
91,0.059311589460852514,0.23519108536348135,0.4981295934228465,0.001125838118481069,0.2062418936343385
92,0.07117961861080811,0.19440213972443227,0.6471115396658945,0.0006838886339253808,0.08662281336493986
93,0.0626662586071016,0.18357035413352496,0.6478604058504938,0.0006775366650617767,0.10522544474381791
94,0.007732295018746754,0.11169710557835641,0.8602296096304721,0.000210740814398268,0.020130248958026457
95,0.0032106912070542794,0.06297630633798758,0.9078652066791161,0.00021892917213210791,0.02572886660370988
96,0.0012801342471956251,0.04148262719162866,0.9453198836957788,0.0001259001590368116,0.011791454706360147
97,0.002089686432481779,0.06920458401443802,0.9214548360771552,0.0003893121113962718,0.0068615813645286385
98,0.0008780948894473808,0.029699078380175964,0.963255364455202,0.00020328121466207984,0.00596418106051246
99,0.0009728122074045117,0.03842567611543507,0.9501092519723721,0.0002859335243872685,0.01020632618040104
100,0.002305134226096548,0.0956795011968522,0.8868611429996652,0.0004887070997930429,0.014665514477593067
101,0.0027321388843267007,0.07641259422700664,0.9054369304932431,0.000486893271972561,0.014931443123450894
102,0.0050611740393545455,0.13818660995949283,0.8347083475778484,0.0015093801578847758,0.020534488265419353
103,0.0037334629033258307,0.08471798230413945,0.8998765621702904,0.0009357747268561056,0.010736217895388115
104,0.00259934665745154,0.056018961721663,0.9282773364711947,0.0002566311193635829,0.012847724030327225
105,0.0016955489757029625,0.056159127705343606,0.9258450260907793,0.00038037304139525976,0.01591992418677896
106,0.0009390889096101358,0.03913188010620837,0.9524166989448244,0.000269617071199836,0.0072427149681571976
107,0.0010266936357377146,0.040770222990239274,0.948928024001731,0.00024784348670083326,0.009027215885591106
108,0.0015318577434639193,0.04070745841500821,0.9376556473315508,0.00046815054017625363,0.019636885969800934
109,0.003735609663734945,0.08645725048136449,0.8914897143416559,0.0006741032616688305,0.017643322251575673
110,0.003496207084999375,0.13641917476774243,0.8345323547697041,0.0020126616698621902,0.02353960170769203
111,0.001279729735921244,0.0323515803497587,0.9595607400109077,0.00026151017850830786,0.006546439724903862
112,0.002554637589618063,0.07762090225026663,0.906342063597599,0.0006462057275663579,0.012836190834950058
113,0.0012108718925209028,0.037870797655379554,0.9560062107904738,0.0002947735115994921,0.004617346150026217
114,0.0017901249721414552,0.06779324999001579,0.9204168060927422,0.000663701906213259,0.009336117038887223
115,0.0016856487177713125,0.04594582861814587,0.9411535349005156,0.00035232089849450155,0.010862666865072779
116,0.0004126545100263776,0.017707180108624224,0.9706005988440147,0.00015442253371817562,0.011125144003616376
117,0.0020054594558960373,0.04936837136034328,0.9332657493968525,0.0007218807444825321,0.014638539042425696
118,0.0028657274038423547,0.041358732820705596,0.9250681774396053,0.00022886532375010488,0.030478497012096508
119,0.0030917786566409477,0.04728698388926713,0.8927408676145416,0.00029738437938877873,0.05658298546016151
120,0.006913477249555813,0.01926429371826214,0.5603836685473842,0.0008099594356584578,0.41262860104913934
121,0.05965620989737275,0.20521505399379483,0.49530350439984033,0.0017527503284824125,0.2380724813805095
122,0.02186189199858264,0.08457443205992847,0.8046300152523717,0.0013657538686004682,0.08756790682051678
123,0.05109787532780201,0.12127211459326671,0.7799557466026751,0.0021165226181312047,0.04555774085812502
124,0.09602552484925278,0.31615420016820883,0.5632470454041422,0.0050786214583924925,0.01949460812000379
125,0.08763033551249817,0.37809238392028804,0.49820304324021164,0.006681558234167404,0.02939267909283458
126,0.06445065930433137,0.3043702712325006,0.6014808796856463,0.006878386188486732,0.02281980358903498
127,0.03395244831080408,0.252030341504772,0.6858346851483506,0.0066955305534545295,0.021486994482618944
128,0.053842401081978936,0.40600204798221035,0.4873434733185661,0.009395719228609621,0.04341635838863513
129,0.018212198361380046,0.2358873747902443,0.7229259143698165,0.0019247165477759536,0.021049795930783245
130,0.011448865960920795,0.13518624524446146,0.8399870741467504,0.0007113722283424266,0.012666442419525031
131,0.006854510880727723,0.10242892311563138,0.8778191107985329,0.0010784073057813221,0.01181904789932672
132,0.01379486990522369,0.22099196647110692,0.7340232680059012,0.0023921426943477046,0.02879775292342047
133,0.023387730268553505,0.23359972009102223,0.6174114450405603,0.004538282048627842,0.1210628225512361
134,0.005814204618733323,0.10662029609909343,0.836598477409808,0.0012710123531408575,0.049696009519224454
135,0.003931961648044643,0.06201739857104494,0.8935091486085495,0.0008455337195755574,0.0396959574527853
136,0.00411064456371999,0.08399349795389272,0.8510804925579949,0.0010673630786916446,0.059748001845700685
137,0.007599142391048553,0.10534210460851463,0.7492111846538098,0.00220417152982122,0.13564339681680584
138,0.10336937954009762,0.10887534780417385,0.3988675811616522,0.002871066012280245,0.38601662548179605
139,0.015053820414078939,0.0561522842031375,0.8179649928607026,0.0006341335066792865,0.11019476901540168
140,0.040051325400983134,0.1139788109149554,0.5827946415592631,0.0019262276410131204,0.2612489944837854
141,0.008956906427107317,0.08835189663541335,0.8075023145771828,0.0008386767322335361,0.09435020562806296
142,0.0274031059972623,0.33669155238187837,0.5889709280928792,0.006029169109505803,0.04090524441847428
143,0.015576224951978437,0.25195794795859056,0.7000212731784287,0.0013373454871955079,0.031107208423806768
144,0.03240874185938476,0.3080301599134844,0.5697753111540217,0.003101317033137689,0.08668447003997144
145,0.022598209003656153,0.22980820320506162,0.7320498714418255,0.002774330996339851,0.012769385353116818
146,0.049779526929640716,0.39946951667629305,0.5135443269132026,0.0059322867975472714,0.031274342683316345
147,0.07448884853909413,0.39315481441422856,0.48194935432045405,0.0048261291087554874,0.045580853617467734
148,0.026043109727362856,0.1339531564778801,0.31187923955817504,0.002307070211295726,0.5258174240252864
149,0.06885790743626403,0.2436104939852548,0.3888621687448444,0.0010316877814957042,0.2976377420521411
150,0.09398419928829482,0.2137977255074684,0.11554045581729708,0.0010496544473900767,0.5756279649395497
151,0.28719408335688584,0.427179193992145,0.20248942751575677,0.000928911689467098,0.0822083834457454
152,0.1384025315233924,0.6431557694034363,0.16008229563316098,0.0028944533822314765,0.05546495005777887
153,0.2639919792789143,0.5422915717639086,0.06343926480346762,0.0621686476430929,0.06810853651061646
154,0.1347278600191883,0.637567643584757,0.15358170652635306,0.04651295455463454,0.02760983531506706
155,0.2604309073305115,0.3411701980568865,0.014042725745881158,0.2757179159250985,0.10863825294162238
156,0.15001227345284257,0.48177863400311477,0.003022060074950446,0.31277332084809306,0.05241371162099922
157,0.1404642647946929,0.33290828429423924,0.0005921421906745403,0.5114419709054295,0.01459333781496382
158,0.461992106081359,0.2393110464994714,0.00012812323272819566,0.2563132612638495,0.04225546292259202
159,0.45361163539954724,0.18361804390821396,0.00021143724338137595,0.18295699839726456,0.1796018850515928
160,0.29568720463010917,0.14801782325059432,0.0010681541198153807,0.09600169830500667,0.4592251196944745
161,0.25263538295826926,0.19625822687993724,0.00240476585367294,0.13120849005153143,0.4174931342565892
162,0.40177788288965705,0.1240306243049438,0.00022629771514662405,0.12806051424065468,0.34590468084959775
163,0.4590681672306113,0.15835249863636416,0.00010673142833026124,0.15777479678493228,0.22469780591976207
164,0.13868609144942276,0.1538963852787673,0.0034275423116501584,0.07404225422953739,0.6299477267306224
165,0.19180220856790436,0.16451251956338156,0.001815826349142241,0.17935189622685555,0.46251754929271616
166,0.5631269888827427,0.06566828361402323,0.00013718149599014444,0.26059732561991944,0.11047022038732454
167,0.2640699854341506,0.06721751217159494,0.0009017930237994287,0.18922928390341778,0.4785814254670373
168,0.22038069102062366,0.018667753200146818,0.00020660704109765366,0.07334403434518909,0.6874009143929428
169,0.5398417886381496,0.06799945813731079,4.326533089282707e-05,0.2521634497256724,0.13995203816797436
170,0.4195783415474566,0.05372253249881122,6.17353275523207e-05,0.42774865420453423,0.09888873642164554
171,0.35150597816500917,0.06069085630827054,9.541389284887009e-05,0.46524220857573584,0.12246554305813555
172,0.13935797067152358,0.032339978228942905,0.00043333169500402174,0.05743711578976695,0.7704316036147626
173,0.26202423429801314,0.09629201645033053,0.0003585171330307628,0.5666264038108985,0.07469882830772714
174,0.1756906007419841,0.11279223189230599,0.00048507753369277134,0.3511459708621071,0.35988611896991013
175,0.37025978804428467,0.13775826814245287,0.0004210988036605343,0.33575100697733185,0.15580983803227016
176,0.4805287886980055,0.07350008981544807,0.0001830958771872284,0.35469903297614813,0.09108899263321096
177,0.5827396163006414,0.09925629211393615,0.0005701081644896587,0.16896873608737092,0.1484652473335617
178,0.6887802000923042,0.16995996614959066,0.00040514051123803114,0.05883910310720693,0.08201559013966027
179,0.7812843716041553,0.07342036589460527,0.0029875048368348273,0.020720538460285303,0.12158721920411932
180,0.2914427146082346,0.5499769450060862,0.026115913883809117,0.09150393643003994,0.040960490071830086
181,0.21369195620934975,0.2966281322230115,0.006418492133526735,0.04348325241569417,0.43977816701841793
182,0.17661668990268417,0.6913362769099642,0.03879768132231115,0.018063416321123175,0.07518593554391739
183,0.2894208300531007,0.6052390648545435,0.005777293116302986,0.03586532557132595,0.0636974864047269
184,0.1279540609767493,0.7506753278461165,0.08499473596835426,0.014169547204991367,0.0222063280037887
185,0.12634263084518318,0.8167675830563982,0.020433454129800514,0.017398757961549043,0.019057574007069207
186,0.08379794922241803,0.8405103376323239,0.03247404532669737,0.015324588031901745,0.027893079786659107
187,0.11039330169674758,0.828146984331,0.009576566196568988,0.017690846119372668,0.03419230165631082
188,0.09107536282579237,0.8482008302485018,0.03225756060006902,0.017732844581145227,0.010733401744491639
189,0.2681852588919872,0.6655091271269338,0.013971315227374052,0.00825483380374355,0.04407946494996133
190,0.16769563708602853,0.7685938408354508,0.029886870892437214,0.008249120549685731,0.025574530636397745
191,0.027618997267422136,0.787703000184574,0.16906494690608165,0.009237400264724319,0.0063756553771980445
192,0.03330594806201027,0.8440451902403868,0.09214246781532988,0.01458089531729151,0.0159254985649817
193,0.04911423011095792,0.5669738387822937,0.35398075889355474,0.01684895009396643,0.013082222119227062
194,0.04353689510003902,0.7448949313514471,0.1706252853763224,0.021699381121241753,0.01924350705094972
195,0.045477190456348314,0.627107470915335,0.28988430471756993,0.025183377053388172,0.012347656857358662
196,0.02214643363140736,0.6082370460592902,0.35759117323137396,0.00588566202439088,0.006139685053537682
197,0.06326222440664712,0.5212807944364095,0.3981953250113104,0.004066778113023125,0.01319487803260983
198,0.033903166215384146,0.4248693480948701,0.5272982517538114,0.0029999314009212705,0.01092930253501296
199,0.0862655469335448,0.6952299611810551,0.17866112371969967,0.013181097617700959,0.02666227054799948
200,0.025789354728758953,0.6242459281212963,0.33479748594507014,0.010128696882106691,0.0050385343227678375
201,0.05350384557325817,0.5821504118607562,0.3218162197821752,0.018158425524804834,0.024371097259005697
202,0.0689350275475836,0.7982843737149621,0.08728864996935372,0.01790794465857448,0.02758400410952616
203,0.043734223575454666,0.768530951363969,0.13440778168408438,0.0161861027588866,0.037140940617605527
204,0.04640561774481616,0.6279661187530151,0.3007254491062546,0.013014055908200196,0.011888758487713851
205,0.06653053576878175,0.5955822345322446,0.30117231825829455,0.01199111975745409,0.02472379168322513
206,0.016054812911580806,0.5297311831832293,0.44326925217833135,0.007167856774924289,0.0037768949519342873
207,0.021104441425528492,0.4002216983653383,0.5651861715816909,0.004719577137294169,0.008768111490148047
208,0.045404801898559825,0.5708563651032634,0.35633458118045,0.011883044527133887,0.015521207290592915
209,0.015087527769698251,0.42627818249120936,0.5462537073557907,0.006797876113923853,0.005582706269377806
210,0.007172644567246478,0.23641298670113273,0.7519676128137485,0.0008932997032412762,0.0035534562146308877
211,0.015264131956280541,0.4681065935066339,0.507887162886348,0.002009789125853448,0.00673232252488415
212,0.012508059746873279,0.3975365831956994,0.5813202021571364,0.0024387599474623703,0.006196394952828627
213,0.004222760670318824,0.2406163582213783,0.7508871147844642,0.001014741057590802,0.0032590252662477734
214,0.004310744506745987,0.3255766496254812,0.6646543344836012,0.0010657382191963773,0.0043925331649752935
215,0.011085303955070219,0.4536172672074857,0.5287917325047267,0.0019370261747377886,0.004568670157979533
216,0.01223265122452872,0.6456784472899798,0.3240939443693677,0.0024807836902230635,0.015514173425900783
217,0.0015971879845197922,0.10929873090542853,0.8864348712953847,0.0005208722734049953,0.002148337541261907
218,0.00300093473878895,0.1845253978178384,0.808188555605522,0.0008687567867897557,0.003416355051060832
219,0.0011732075266101352,0.09410754406584103,0.9030786690480684,0.00026918233570503487,0.0013713970237753139
220,0.0008581946336357566,0.04413807079774852,0.9534817822559266,0.00024305974537829512,0.0012788925673107422
221,0.000558478246601283,0.03647584326017509,0.9618813606115354,0.0001309456623069484,0.0009533722193814722
222,0.00038357568880575753,0.044630345725602476,0.9536013254893376,0.00010967137293254335,0.0012750817233214754
223,0.0029693838036103136,0.20329764242576612,0.7875114152114318,0.000946237878587868,0.005275320680603963
224,0.0004318506273003665,0.02860330930427653,0.9694178027209862,0.0001049301726063832,0.0014421071748305081
225,0.0018021358469413066,0.14451328830951185,0.8454684245926651,0.00047634447261265915,0.007739806778269136
226,0.0006989267933502521,0.05425466335494551,0.9436425611607513,0.00012240954947645953,0.0012814391414762327
227,0.001114081876445007,0.07318623955401113,0.9235838224251424,0.00022089054729244287,0.001894965597109131
228,0.0005175504738319322,0.03846310472051581,0.9598017746476265,8.851752849133679e-05,0.0011290526295344805
229,0.00036285701983884477,0.031911243024803346,0.9664584283195354,6.954733617017221e-05,0.0011979242996521514
230,0.00012968288310227219,0.011417752840630058,0.9878629711873954,3.642856650682341e-05,0.0005531645223654694
231,0.0003809130826439085,0.04065198546229076,0.9574244929349809,8.563212956440338e-05,0.0014569763905203004
232,0.00021948499606056548,0.021636658820308696,0.9772148063703853,4.4171638244192477e-05,0.000884878175001136
233,0.0007294049716588238,0.0689549264425078,0.92774814083835,0.00014155178245696653,0.0024259759650265486
234,0.00029306943963355875,0.025871405042077442,0.9728451592320578,6.115290021200329e-05,0.0009292133860192148
235,0.00018475891683266885,0.021885170912996278,0.9768630999647003,3.569528021300735e-05,0.0010312749252578254
236,0.00043196379107841295,0.03975503475698169,0.9580367274733458,6.112271886953188e-05,0.0017151512597244486
237,0.00022329238891642572,0.023303884727180226,0.9756094085117694,4.4893212150259415e-05,0.0008185211599837762
238,0.0002338581154215459,0.014029187551359342,0.9850911133062531,2.366994551535857e-05,0.0006221710814505275
239,0.00037508771114442473,0.02877390806605316,0.9697197343681606,6.394973568084603e-05,0.0010673201189609907
240,0.0002170610637355176,0.02030848919505701,0.9786818158016125,2.5872321008963164e-05,0.0007667616185860982
241,0.00048313304796448125,0.042637848778515036,0.9554517171068975,0.00015510188389850652,0.001272199182724813
242,0.00033696960316207904,0.02886793012226201,0.9700603550641582,7.988444692955146e-05,0.0006548607634882385
243,0.0002940085474267119,0.02724431827266078,0.9715098191444195,7.797455940106899e-05,0.0008738794760921952
244,0.00011204565418436173,0.01594599943328561,0.9835186137073684,3.536022193241293e-05,0.00038798098322931747
245,0.00030403313154514494,0.024244654329260127,0.9743755593609552,9.687309361507756e-05,0.0009788800846243703
246,0.0001781863835821597,0.016983869904830397,0.9820397970557448,4.43971940086364e-05,0.0007537494618340938
247,0.00018702471518223802,0.017670376596011457,0.9813811627104497,6.634575914294407e-05,0.0006950902192135649
248,0.00024717289043672076,0.02421752374197492,0.9743039747496678,9.162396711762954e-05,0.001139704650803061
249,0.0006143988416095537,0.068335190539348,0.9291714933039658,0.0001776672922142181,0.0017012500228625832
250,0.0005427628176775777,0.046603443102374215,0.9514285719794786,0.00010329295828742175,0.0013219291421820113
251,0.00019223760618295886,0.02829731657308637,0.9707194788677136,4.8307356468738916e-05,0.0007426595965486036
252,0.00015826739918328508,0.017722540754406498,0.9814812979426683,3.249715715581156e-05,0.0006053967465862294
253,0.00015421886502300415,0.013654595378349349,0.98485255716167,4.002669139489153e-05,0.001298601903562727
254,0.0002879218175728782,0.031091646062928198,0.967243486470361,0.00010285379142209272,0.00127409185771592
255,0.00013666721564714758,0.023101597302187447,0.9758420549363909,5.050733397086869e-05,0.000869173211803804
256,9.849183081776782e-05,0.012548082022196169,0.9866917174560224,2.0417482799508154e-05,0.0006412912081640045
257,0.00011519834684278929,0.013361185073719388,0.9857500657175375,3.815625262552974e-05,0.0007353946092749867
258,0.00018955891296980283,0.021414031011432893,0.9774674080461156,3.969752679840694e-05,0.0008893045026832743
259,0.000997676901787414,0.13932808011934442,0.8547471569204159,0.0002831227125152573,0.004643963345936938
260,8.055829563825002e-05,0.011115735910104839,0.9880594898670317,2.3124927431811843e-05,0.0007210909997934874
261,0.00011721081568825081,0.019339934526980525,0.979892353415657,2.2102784275265136e-05,0.0006283984573990457
262,0.00014231579993809223,0.012904852466007673,0.9862420300083431,2.216181074243065e-05,0.0006886399149688101
263,0.00016990393355416524,0.016482004296183673,0.9822154387428819,4.323376551126186e-05,0.001089419261869038
264,0.00018505066316239338,0.015345253100557612,0.9835523241129696,6.363374511606801e-05,0.0008537383781943256
265,0.0009463840551432154,0.033188129099924135,0.9627454625781842,0.00032692630469776773,0.0027930979620509346
266,0.0005682990080254692,0.027367349475782923,0.9696039243901695,0.00029208892538906445,0.0021683382006331907
267,0.0004217824379467702,0.017261913666063805,0.9791426029904813,0.00012030024734256609,0.003053400658165497
268,0.0009566168084687494,0.004862943551720818,0.006722832635155193,0.0002408429172157832,0.9872167640874395
269,0.011313751862323154,0.029227413415667796,0.020527417678128723,0.0004780063414810952,0.9384534107023993
270,0.032277109809595285,0.10937367534629552,0.07607097594902709,0.0008669011100620956,0.78141133778502
271,0.06294042956732632,0.1875804895238561,0.1126680831254303,0.0038296818030537335,0.6329813159803336
272,0.12649661166394233,0.30882857139439335,0.22439404783086103,0.00330277544749588,0.33697799366330744
273,0.06813723473707327,0.26160436885719085,0.2358883298099931,0.0019222500873915104,0.4324478165083512
274,0.0749603959302796,0.48087613593943646,0.14242842015192614,0.005602746035648025,0.2961323019427097
275,0.01731172311617593,0.08708253487862234,0.021632239639437677,0.0036594798070882476,0.8703140225586757
276,0.11507279968297886,0.4282711182277078,0.08440139529354873,0.01099026591471056,0.3612644208810541
277,0.09259757440563897,0.2507213782547545,0.06525732403532541,0.009972952462828354,0.5814507708414528
278,0.1397766548864691,0.5835963431840266,0.03681335850091953,0.042045904604007665,0.1977677388245771
279,0.13593735639870902,0.6535541404155927,0.09506932794234814,0.05340215903732136,0.06203701620602874
280,0.22181170616892973,0.5984798018610439,0.10367119623048324,0.01613296339464127,0.05990433234490201
281,0.23484179829223498,0.6098428811761515,0.06048772275770036,0.06096248926199413,0.03386510851191906
282,0.24727666400250803,0.5583301854661157,0.08126526208483573,0.07202758247322595,0.041100305973314676
283,0.22602353642823922,0.4795633424360676,0.06231631625154086,0.20217202296877,0.029924781915382337
284,0.1770240361638357,0.490578670947297,0.10784311413211173,0.204431685463775,0.02012249329298038
285,0.10657848499169914,0.6196500542346636,0.18619932033295053,0.05933658198053484,0.02823555846015191
286,0.12966233740902933,0.5358753091985448,0.22466807123734595,0.09162847506693585,0.018165807088144133
287,0.10758534681369487,0.670707378193651,0.1537858330103469,0.047474294228940096,0.020447147753366927
288,0.09756490262921737,0.5816000081333236,0.26845712955299317,0.034168548537042286,0.018209411147423478
289,0.16096409918034907,0.11715902085874805,0.016775225037701836,0.02870127050284662,0.6764003844203543
290,0.17719053686528322,0.6359904017678175,0.13498699150553523,0.01303972481794084,0.03879234504342337
291,0.2818164848285695,0.4580274637528538,0.20397743225593917,0.014470521857970667,0.04170809730466684
292,0.23344134843846276,0.48935542603193843,0.21921505674535105,0.009827140536021566,0.04816102824822613
293,0.08150798260580855,0.5515640996485517,0.328832493706527,0.020147854659536786,0.017947569379576114
294,0.03092818792057101,0.3675048270833476,0.5751787659122127,0.007435051036510523,0.018953168047358204
295,0.15034491152918614,0.3396226380964607,0.19531228914067827,0.0051252060960222685,0.30959495513765256
296,0.053594815293376986,0.3641078601907851,0.5514766757962943,0.010566743506994953,0.02025390521254858
297,0.07668419787265837,0.39735580972659656,0.479900228182688,0.006131468048246956,0.03992829616980998
298,0.177585923955397,0.40970068714256874,0.36017126317369963,0.008475904303031797,0.0440662214253027
299,0.13815655706135485,0.3447307622821885,0.4756203117744358,0.013629039730384184,0.02786332915163648
300,0.031594208209521656,0.4093153158050709,0.5399411854146732,0.007031448773577095,0.012117841797157141
301,0.05241792672106483,0.4265073494815293,0.5010776514488695,0.007212771313609914,0.012784301034926417
302,0.03692876547859066,0.403020409409159,0.5388455615989112,0.012833851121551033,0.008371412391788211
303,0.0823798772972157,0.5182363401255594,0.3740457339635613,0.008998111144176348,0.016339937469487323
304,0.03969697718991217,0.47409034181943516,0.46446151882072145,0.009787911868892685,0.01196325030103829
305,0.031904131804412705,0.28406109910184163,0.6625079014942308,0.00586505678946066,0.015661810810054237
306,0.014064272208667497,0.2548635860214462,0.7063847383398271,0.0039368015993143605,0.02075060183074475
307,0.05659848729035869,0.16327106064540933,0.7382809190244668,0.008182093770741824,0.03366743926902333
308,0.2200745493823337,0.29021515660138936,0.3908695679607768,0.02527222528078466,0.07356850077471548
309,0.07450056896112771,0.23969827021186713,0.5539889785809379,0.05493577474936012,0.07687640749670736
310,0.24702769343267372,0.22051218265548167,0.1500675351595741,0.03804079385813956,0.34435179489413087
311,0.25675833605213727,0.371208726047414,0.11761199513088318,0.10808807352040116,0.14633286924916442
312,0.577776088726312,0.12491480466545359,0.0029730245668683976,0.05077314366408772,0.24356293837727827
313,0.604799817395187,0.15913108044409807,0.004798927243894764,0.11429415327794021,0.11697602163888002
314,0.4107910824354048,0.25041585901510516,0.0031962157319249773,0.23202346931375492,0.10357337350381025
315,0.3891468564107488,0.21358069384642916,0.008779400076908035,0.2667675885027379,0.12172546116317604
316,0.3383406050360405,0.2865638411219709,0.03104401816311848,0.2571483162440282,0.08690321943484186
317,0.32256393150151874,0.09913077886631891,0.03663743646181088,0.21973300661622683,0.3219348465541245
318,0.2638736780320124,0.34266855576163646,0.0018347566276096052,0.3319657135846002,0.05965729599414141
319,0.19979834063317545,0.2508204266037341,0.0015483353087378774,0.42140889895771066,0.1264239984966418
320,0.16763865999815908,0.13001449726939793,0.001957863160331266,0.15315720224546817,0.5472317773266436
321,0.22787580404465882,0.17192750845081572,0.0003824156528493459,0.5020333681737059,0.09778090367797014
322,0.30519274045231065,0.18318958523626888,0.00029706069301173456,0.42143756834166185,0.08988304527674702
323,0.3840138353350743,0.19731478281556433,0.0002501511171788859,0.3032372946110665,0.11518393612111587
324,0.19434273271038713,0.15049468337685784,0.00279243240754301,0.15588198965356292,0.4964881618516492
325,0.4335637236852505,0.09118348059449975,0.00010411408980913256,0.38220478050383894,0.0929439011266015
326,0.49097832051716783,0.08238461669412062,0.00036659582226789873,0.37082291505273035,0.05544755191371343
327,0.7109200522749235,0.06990805019644028,0.00045905896307332246,0.1447364549386233,0.07397638362693974
328,0.70328071528315,0.028775615968669947,0.0029984487710367274,0.06382378736190626,0.2011214326152373
329,0.5003741303984268,0.06884422670375642,0.00173268142603431,0.10435249954388626,0.3246964619278962
330,0.5774178237902139,0.06043890717066567,0.0010715883458426124,0.21882015632515225,0.1422515243681255
331,0.39989683239445956,0.37855331027528955,0.022543108188254283,0.12516259446993708,0.07384415467205964
332,0.30033677624384714,0.5217057610484851,0.012770671643506757,0.10080997385017831,0.06437681721398257
333,0.08410221233173838,0.7996914353683358,0.005814832623622957,0.0851131400311431,0.025278379645159787
334,0.10058113995780239,0.11966459458702272,0.0003951578767285839,0.766218555509348,0.01314055206909821
335,0.14020989830874078,0.12916122200237407,0.00048223671197431916,0.7046817506869161,0.02546489228999484
336,0.08927170369495023,0.06453353569933365,0.000533360779785472,0.818424192598296,0.02723720722763461
337,0.2452890184544756,0.05716346721254597,0.00015452487723571691,0.687010436125077,0.01038255333066578
338,0.09587542053228183,0.051026135427208366,0.0001338686638266566,0.842266488384127,0.010698086992556187
339,0.05750260913865625,0.03988495133893744,0.00038528267214950806,0.8834209576117042,0.018806199238552573
340,0.04764137180545624,0.027081537478323616,4.941637533909282e-05,0.9190201561248931,0.006207518215988017
341,0.061714640692886305,0.026613447515963232,9.617811326405375e-05,0.892725512457999,0.018850221219887556
342,0.09609133019315792,0.02076049298355543,6.90126069913878e-05,0.8625232070375987,0.02055595717869646
343,0.10974119623162372,0.031503081397572595,0.00017256491593696055,0.8205632276378715,0.038019929816995396
344,0.036407384323052835,0.02436116266757343,0.00036599441017256005,0.8522451991619848,0.08662025943721627
345,0.07076219380310224,0.017544463587988057,0.0001642751136652649,0.8648558922024807,0.04667317529276383
346,0.0909318672833493,0.03275269635562103,0.00039691556015996655,0.7575652607206015,0.11835326008026825
347,0.05523074492716541,0.020585328629947306,0.003728603635399274,0.7312504476437509,0.1892048751637371
348,0.07400658753315158,0.038111969849466264,0.0016869191256138642,0.763186234518476,0.1230082889732922
349,0.08291035470545643,0.01961233658731869,0.00021208351453921086,0.8202756784238544,0.07698954676883124
350,0.12205569981818659,0.019561025468582106,0.00044706913272154596,0.776103587419961,0.08183261816054871
351,0.12265263704439172,0.02145615615621423,0.00023132774597899153,0.7666706525938067,0.08898922645960824
352,0.06417176161367431,0.02685400043327379,0.000313820890494906,0.8414024047008245,0.06725801236173247
353,0.06378302585284604,0.02793816569153593,0.0003202511009119683,0.8141333107152835,0.09382524663942254
354,0.1505371618891757,0.05853668970939286,0.01231423163299178,0.5565498209926639,0.22206209577577576
355,0.12678367422014672,0.018680478928550612,0.0017347454068322133,0.7895834516842111,0.06321764976025934
356,0.3073583235056432,0.01520924755924294,0.00047268488548124894,0.36767472035522986,0.3092850236944028
357,0.20602616974112317,0.01748993233282145,0.00027684379750186867,0.6988247263259144,0.07738232780263911
358,0.09630947100834832,0.019067733236754984,0.0009951052003455108,0.5832213378098007,0.3004063527447505
359,0.1835825845665774,0.005010318119796333,5.7924643489453376e-05,0.7408239035442497,0.07052526912588719
360,0.10026066104186825,0.014737270195132835,8.405922952637279e-05,0.8600602829290366,0.02485772660443601
361,0.08113560257957785,0.04210926068262232,0.0002058236113831869,0.8519847650555249,0.02456454807089184
362,0.11534203380218803,0.02226492978169447,8.617183596534918e-05,0.8310936145493774,0.031213250030774888
363,0.10275427147759222,0.02772263356451391,0.0001497276281234974,0.8393890682146313,0.029984299115139022
364,0.060130814332206524,0.015767154073433737,5.8010916990125124e-05,0.8953311428241213,0.028712877853248248
365,0.2062479375728424,0.02940170000129501,9.948681852683103e-05,0.6907045608244057,0.07354631478293007
366,0.1422145317716053,0.029501874067751798,0.00013637126982885702,0.7988820234156,0.029265199475214037
367,0.18971919828316863,0.01764641780276337,8.798626209154087e-05,0.7665387381518675,0.026007659500109068
368,0.07088712380955203,0.05682985386464199,0.0002292016676086489,0.6380264069350801,0.23402741372311744
369,0.10761006629906114,0.033339212088562546,0.0001316853536415397,0.732540447184324,0.12637858907441082
370,0.038141420248527,0.10548834474547293,0.0008614407995488698,0.8153309697208259,0.04017782448562527
371,0.09492061417406909,0.021191604302230937,5.541223292810123e-05,0.840860198832502,0.04297217045826996
372,0.10357672137406779,0.011751668012983588,8.307251791112399e-05,0.8654390952025595,0.019149442892477993
373,0.06488773964465125,0.02012522526231755,8.51428703267452e-05,0.8947981195637851,0.02010377265891938
374,0.12526668137443542,0.01485666995705224,0.00011617642733074659,0.8164741743737458,0.043286297867435757
375,0.11421630397040446,0.009534259353864979,8.355398269474416e-05,0.8348348226616051,0.04133106003143065
376,0.04845114673524453,0.007810259155288526,5.419185760916925e-05,0.9238622488216006,0.019822153430257082
377,0.18980135903743636,0.014899352712478262,0.00018207228418801405,0.7666851073156656,0.028432108650231686
