epoch,N1,N2,N3,R,W
0,0.0018623744506754529,0.011285852360059355,1.61804858404403e-08,6.309139418465036e-05,0.9867886656145948
1,0.01297664547408954,0.004694383349412771,0.0014751703327558585,0.00021208605633813221,0.9806417147874037
2,0.016214541527728516,0.014464639065810733,0.0004427024327460329,0.0006149710407395908,0.968263145932975
3,0.01815702537530285,0.010730635322250739,0.003224015329074721,0.00038075534042857713,0.9675075686329431
4,0.010948999585422664,0.006756417798248816,0.001097148152309166,0.0003471109406885303,0.9808503235233309
5,0.022723082969735145,0.044389340120921536,0.0005422875616471022,0.005601052072528397,0.9267442372751679
6,0.0072689806786819305,0.009219028861641432,0.0007379538416832635,0.00018036137312632745,0.9825936752448671
7,0.028612313773232746,0.013727293503499353,0.0009667347687677132,0.0007312972980179275,0.9559623606564823
8,0.039518786974796986,0.024772376023596072,0.00033548093569640933,0.011247270905444532,0.924126085160466
9,0.02914752749632242,0.011486066481753982,0.005411089001403918,0.003759894161447961,0.9501954228590717
10,0.004304645165300815,0.0019540743333506137,0.0008212110127682522,0.0015536520499313297,0.9913664174386491
11,0.007469444938433513,0.005491877080229981,0.0008837365288271801,0.0008831454581129591,0.9852717959943964
12,0.0047117571911221455,0.016258720685850103,0.0032441991594568346,0.001723352550306316,0.9740619704132646
13,0.012032939112378994,0.011858915098439627,0.0047866363014252246,0.002504794896033626,0.9688167145917226
14,0.02500613771211841,0.02595021136622923,0.038245631748890487,0.002519059144545412,0.9082789600282164
15,0.01648920716746865,0.024943422091152086,0.038237513257463905,0.0023214628443035097,0.9180083946396119
16,0.0074099031061135015,0.01335007653213475,0.009150346090821042,0.0008911487118015984,0.969198525559129
17,0.014753611094492148,0.031586721774777164,0.029665803270599353,0.0012414907969739463,0.9227523730631573
18,0.013083407587429017,0.017309288288698613,0.019342229367906152,0.0009503467532398822,0.9493147280027263
19,0.02556512293458137,0.1391209228335194,0.01858252743529068,0.0022158173157328593,0.8145156094808758
20,0.10012498111032353,0.31154373924000983,0.027673389755387922,0.007150031046682201,0.5535078588475965
21,0.03263250852439452,0.5222455262905091,0.05740347178287223,0.005219979145583514,0.3824985142566405
22,0.1815839780595211,0.4376705920011706,0.10148019487936029,0.023795170695620274,0.2554700643643279
23,0.14827716187787393,0.35013942756762034,0.18628349638173763,0.05333322255803992,0.2619666916147281
24,0.0743358325643821,0.7472136054910663,0.04259616308685274,0.005743054083733689,0.13011134477396524
25,0.13079771123651285,0.4244597923244584,0.21630674835219507,0.015397330523428255,0.2130384175634055
26,0.04748038194445298,0.6970842445147407,0.0962161985642893,0.009253857030573017,0.14996531794594398
27,0.04464397336035815,0.5434625780519322,0.07806264919311266,0.044805289240151785,0.2890255101544453
28,0.08139927778555547,0.5351663151169594,0.16809291719075423,0.02910239060846886,0.18623909929826188
29,0.02164463654228662,0.7613116105824866,0.1517843551819395,0.0037055858262693875,0.06155381186701781
30,0.0044672591151999,0.1732832389034805,0.8007357651908724,0.001426935329263852,0.02008680146118338
31,0.008612812589179711,0.17499454006879095,0.797858258201347,0.00025587591421888394,0.01827851322646343
32,0.09797391439022211,0.31363074119940826,0.5566562011369174,0.004430936338116705,0.02730820693533562
33,0.0353162899927551,0.7350043848515708,0.20866653144160202,0.000667450917787632,0.020345342796284645
34,0.2108941382152848,0.6317874792672117,0.1181506870792142,0.004688887172061112,0.034478808266228206
35,0.013040896759576566,0.7095722127470051,0.26426412438971314,0.0003465195322288762,0.012776246571476383
36,0.07338234023455527,0.7668392851128396,0.04890088349509501,0.004893550073266361,0.10598394108424375
37,0.039618835467214515,0.7597897241079102,0.13751586267631685,0.004325239291552403,0.05875033845700582
38,0.04703763050705725,0.7666013042884255,0.12746735355107386,0.005103704985056287,0.05379000666838714
39,0.06889318687281971,0.5396884954648874,0.30531361788084804,0.013570490927515038,0.07253420885392986
40,0.08421279474226119,0.5619122614300528,0.10619619505087542,0.006948268490192335,0.2407304802866183
41,0.14410361386452836,0.2640702868766994,0.014204459220157038,0.001264749182576221,0.576356890856039
42,0.19816112140130726,0.5606543768396305,0.08077273652636816,0.001347776593057417,0.1590639886396366
43,0.21635875770911328,0.49805335477849944,0.01766931502436803,0.01136952832136752,0.2565490441666518
44,0.23206105300517327,0.5181090248654946,0.05924512869485296,0.0010240873761110433,0.1895607060583682
45,0.06696019353314907,0.4984707693113217,0.38849747576661636,0.0009656320461724451,0.04510592934274034
46,0.07394072852032138,0.4941750054566645,0.34460003000463313,0.003609863337058651,0.08367437268132233
47,0.060292213143100515,0.5484867456413584,0.34835407837520743,0.0011207821878544168,0.04174618065247947
48,0.04270257170246243,0.5559764502299999,0.3007257846013787,0.003641046042903548,0.09695414742325546
49,0.030213355997994174,0.5368518818014159,0.39517456330237644,0.0013880239762261513,0.03637217492198741
50,0.03420208667652143,0.5293340132718098,0.30965342671976703,0.002074987456872897,0.12473548587502895
51,0.02593248825835553,0.24279432983692065,0.6187125385762129,0.0011995514321593813,0.11136109189635161
52,0.035392624317285126,0.5429736629128532,0.21290298109749078,0.0006025149411426255,0.2081282167312283
53,0.03912291186624483,0.5134758517627709,0.20903333102418892,0.0026181184670220083,0.23574978687977333
54,0.04287623310348648,0.5202405895167156,0.23569748100902407,0.0033463785839265904,0.19783931778684732
55,0.02622587603295842,0.33648527949133394,0.5880019247329205,0.0023540418881335184,0.04693287785465364
56,0.03655476465512822,0.4973887189403507,0.37920075640876966,0.004716419193578906,0.08213934080217263
57,0.05651933067745873,0.5495043949260857,0.16606189953929035,0.003732704171488497,0.22418167068567682
58,0.03773900250977922,0.7057477926204988,0.16451472617292315,0.005117604209738001,0.08688087448706086
59,0.10200180173616351,0.460185605219779,0.2373992596702641,0.0027881175040343313,0.19762521586975912
60,0.09039009974290474,0.6154437362870722,0.15488448326821008,0.004638847054691179,0.13464283364712193
61,0.04424031076689351,0.6775780123803291,0.2106442341942829,0.004050996946103305,0.0634864457123912
62,0.027921179969070276,0.6354313593840805,0.2746027498440883,0.006408130853993873,0.0556365799487669
63,0.021459855793638835,0.5006485887510262,0.4111746847490199,0.004155017411645426,0.0625618532946695
64,0.042617418582180655,0.6183048677962193,0.2496153206840188,0.004025669918914412,0.08543672301866698
65,0.02062452617756605,0.47501705207212624,0.40189195150386586,0.003097333539237096,0.09936913670720497
66,0.03424693318445387,0.38374617703295977,0.4965925528565462,0.005168973263693711,0.08024536366234648
67,0.06015327539966476,0.4862397678562031,0.2156141156329378,0.0015029404278291574,0.23648990068336523
68,0.1033375401344281,0.5565163898594004,0.06023928355787068,0.006342531800476808,0.2735642546478239
69,0.0401748232856666,0.7293621380671882,0.1443465404399088,0.002921708868289643,0.08319478933894665
70,0.03700268684453195,0.6406944456347501,0.22890065646838212,0.004792056974999545,0.08861015407733636
71,0.042994888489819395,0.6560438134598136,0.25067342084706623,0.0028095927653474613,0.04747828443795348
72,0.033680357902260434,0.49613393199799166,0.38070905469706884,0.003051129314024678,0.08642552608865443
73,0.016479908922564738,0.4448984461165234,0.5111317642747741,0.0013782594810273136,0.026111621205110427
74,0.021942577472590707,0.5107263138752619,0.4415693177112367,0.0012269525436009359,0.024534838397309695
75,0.018669825040457454,0.4878458860711154,0.4711311606316427,0.0012708642421689908,0.021082264014615673
76,0.01570413918540633,0.4531391823187509,0.5103261733767689,0.002090754751518258,0.018739750367555687
77,0.0022063343953588957,0.11640963479725083,0.8787145255962553,0.0002863178169636923,0.0023831873941714556
78,0.009446980616300999,0.37312057402530385,0.6116679446303688,0.0006594621099197014,0.005105038618106686
79,0.023024734245110885,0.8450223565853486,0.11113322059734174,0.004907592071864445,0.01591209650033429
80,0.013286472716052157,0.5698034958884036,0.39673582527632145,0.0077037174028653415,0.012470488716357394
81,0.023626088967038494,0.5380706692481079,0.3549898701522533,0.03194958122398312,0.051363790408617195
82,0.02798018637484563,0.40198606511157337,0.47063593041128604,0.04667941987004738,0.05271839823224773
83,0.03505136500081191,0.4333327796425896,0.48906984259800984,0.021881564955051246,0.02066444780353735
84,0.05253296035405426,0.5618960906949224,0.31275559638682243,0.029331767932538395,0.04348358463166248
85,0.05174683746952255,0.4865263278616489,0.155021798304244,0.009273238447694367,0.29743179791689023
86,0.04224097428963431,0.04101221359799739,0.0008140910013640302,0.003160452797443028,0.9127722683135612
87,0.19354515552231644,0.17512741025286382,0.023322022413978582,0.004548357751710132,0.603457054059131
88,0.06324479854711491,0.07137857259472445,0.001969122215904301,0.00037474246404403964,0.8630327641782123
89,0.05289957001846116,0.03546932543469689,0.0016611001379351843,0.0002157947702471216,0.9097542096386596
90,0.19528006943695633,0.09920523168938683,0.02611246658450994,0.001977400663867788,0.6774248316252791
91,0.2992204656143377,0.11591336921534169,0.02078683211087916,0.0009920221409770028,0.5630873109184645
92,0.2046707641724658,0.20245253511116693,0.0120748140590437,0.0017155100153017728,0.5790863766420219
93,0.17831583475867496,0.38357507026973425,0.018190365861750178,0.007919169823033473,0.41199955928680715
94,0.1312991642409386,0.7065582562693881,0.017834921607989145,0.005692776261738312,0.13861488161994595
95,0.12462044549692256,0.674191565974077,0.04174244080331529,0.010342289743875875,0.1491032579818092
96,0.13321369138602573,0.6938579893424087,0.06493873916395708,0.0026381289032300546,0.10535145120437854
97,0.09626249939262754,0.710692198447562,0.050579704577357706,0.00402355763043905,0.13844203995201362
98,0.08368974757096179,0.8004375011280205,0.016725279813802577,0.010784641777384904,0.08836282970983028
99,0.18760849869469412,0.7124247139842511,0.04023521328328183,0.0013490098687913659,0.05838256416898154
100,0.09911229220802008,0.8001178755886713,0.06037433440885651,0.0010122649944759052,0.03938323279997619
101,0.01983248484196351,0.8643581295171027,0.10522440130494654,0.0011469655418291165,0.00943801879415807
102,0.0607299568650651,0.6275761992414939,0.0735966598274652,0.02389213710705608,0.21420504695891981
103,0.0353632923914899,0.23818077421710507,0.050659554868897866,0.08025085172625537,0.5955455267962517
104,0.1499960663326809,0.09420511070848749,0.003900842346323018,0.00933573421128775,0.7425622464012208
105,0.33081529252781416,0.3801373652667524,0.005690554783825167,0.015600627538361852,0.26775615988324625
106,0.6157571032612801,0.1892953123998469,0.01825152637624938,0.007993125137658659,0.1687029328249649
107,0.4711842785953964,0.2715013968091998,0.023785541799312648,0.08363618507969871,0.14989259771639252
108,0.0787194067771546,0.7738017896240337,0.011727801799564728,0.04815980922201759,0.08759119257722943
109,0.04123067395759816,0.8597354981805718,0.011338130659958609,0.025154053031365725,0.0625416441705057
110,0.2921152535594858,0.34532625501131314,0.016624202675663818,0.11417180812895804,0.23176248062457905
111,0.032487462186151464,0.058256238208031476,0.004631996539223666,0.014406657595462863,0.8902176454711306
112,0.03696261294086777,0.04860854376213196,0.0001880887567258106,0.0051699407490457885,0.9090708137912287
113,0.03735779304194967,0.03836467719909639,0.0002893758929992942,0.001939458542953649,0.9220486953230009
114,0.1158161153442122,0.07088078315343808,0.0007049353124513133,0.001288325670116072,0.8113098405197823
115,0.11703144784722842,0.05056758401862538,0.0012929567726296912,0.002498129551341345,0.8286098818101751
116,0.2010168661849504,0.03943147104791804,0.0017959815451312254,0.0025136396013872887,0.7552420416206129
117,0.01690047881059062,0.0047326613019138776,0.0006852226250498917,0.000853394049506847,0.9768282432129388
118,0.011961208984389586,0.007475723060842668,0.00016714875230758392,0.004258241665243971,0.9761376775372161
119,0.010341195858163251,0.003649301402000619,0.0003110592810863779,0.0006818021178795745,0.9850166413408702
120,0.05081398351208259,0.010454858282100701,0.00010010002771424891,0.0038641207738031344,0.9347669374042993
121,0.014695814969922687,0.003982836611037596,0.0001867744136438047,0.0007326630989142436,0.9804019109064818
122,0.019711826315052854,0.012548794267630094,0.0006355505692743089,0.0034360131543957604,0.9636678156936469
123,0.01474532269538208,0.01364494761892166,9.75014477730157e-05,0.0014713993789211223,0.9700408288590021
124,0.02458963141079767,0.031909588298449705,0.0004205077126810057,0.005050197501528364,0.9380300750765432
125,0.0671218637523867,0.0681555535148425,7.586135277492467e-05,0.011647827352229153,0.8529988940277667
126,0.34389889955395125,0.0715797427410223,0.00412597634781899,0.0663058181124906,0.5140895632447169
127,0.11029353735806764,0.1366256473729825,0.007207062390860653,0.0131857121975547,0.7326880406805346
128,0.05179844118706561,0.08469312636154437,0.0007940893245611822,0.011427462990502077,0.8512868801363267
129,0.036445486825364484,0.052322876662273685,0.00018778538521400692,0.0029436822595556348,0.9081001688675923
130,0.2064790466964972,0.10964095531761141,0.00018281944676269005,0.05895009047478189,0.6247470880643468
131,0.40174889298005273,0.24215408386459733,0.007475736548878614,0.009796946839734118,0.3388243397667372
132,0.2541463579335008,0.24180115993659723,0.014548065310945739,0.02779487670866917,0.4617095401102869
133,0.08277612598440492,0.060069462118418245,0.004650798386874613,0.6490980070190691,0.20340560649123315
134,0.21943851138396397,0.25341000223169025,0.04194240749343155,0.04482996853016817,0.4403791103607461
135,0.06606486920388076,0.4744895830383428,0.004414893314500173,0.1927524806415155,0.26227817380176066
136,0.07489577409579262,0.17808499747635487,0.038819295270512935,0.2247179048761477,0.48348202828119197
137,0.03981866423002335,0.7742320837862027,0.011961901732579867,0.03816761732526638,0.1358197329259276
138,0.10790601597889081,0.39890978428319135,0.004240686702490488,0.1392377270621359,0.34970578597329155
139,0.03964303695489435,0.7749679029396846,0.0014839444771963884,0.03753996820303976,0.14636514742518497
140,0.1693837860036594,0.5698399129413093,0.0025803992442292494,0.0942053272220545,0.1639905745887476
141,0.03169194977598718,0.29734430114566673,0.39600380851463535,0.07298254986582313,0.20197739069788762
142,0.09935194968775689,0.6727576577286926,0.0035530869143809477,0.13575655039855833,0.08858075527061125
143,0.07770979005824287,0.644020942149081,0.00227717756885829,0.0665805174651502,0.20941157275866748
144,0.16039933759046474,0.5975037426685638,0.0021709872292470503,0.09238510246849027,0.14754083004323407
145,0.2796953744379109,0.4495311292605437,0.004840430067885698,0.1326266676154615,0.13330639861819818
146,0.024268852969190756,0.8713483880779717,0.00621644716714172,0.02815837039772957,0.07000794138796641
147,0.09271969028947057,0.29095481603745876,0.0025951832221482282,0.13890316128323274,0.4748271491676898
148,0.028004015936590604,0.7477359034243528,0.0023741416766450366,0.11503110590325152,0.10685483305915981
149,0.16968309218331057,0.13425538420951594,0.013917757482782404,0.45929858127588474,0.22284518484850632
150,0.10994203584803756,0.5618473326698892,0.008105892152732604,0.1486483296661367,0.1714564096632039
151,0.03773636314845027,0.32756908979608873,0.002337527660630195,0.014954875677248364,0.6174021437175825
152,0.05815346436358136,0.1586929524441246,0.000322116261099339,0.06838779154452954,0.7144436753866652
153,0.474307436062403,0.1321463854866014,0.004305713591930756,0.09261648706998109,0.29662397778908367
154,0.12326937472805428,0.07703439945485833,0.0006327019379503829,0.016302840879784043,0.7827606829993529
155,0.04541749636348012,0.03630665703969225,0.006912982195725622,0.012996731288291763,0.8983661331128102
156,0.018177625592114575,0.01751168127252305,0.0005564465151003577,0.0022002617618327018,0.9615539848584295
157,0.020157127166726543,0.008662833797218555,6.76499932789962e-05,0.0011143405298744563,0.9699980485129014
158,0.06467243505880603,0.008537022333326115,0.001760119235524342,0.0015181886112290853,0.9235122347611144
159,0.02199358807356722,0.013425886799864511,0.002636674080815144,0.01056155870381746,0.9513822923419356
160,0.0023828570624684596,0.0016581068709103192,0.00039766921726615024,0.0002537548246680959,0.9953076120246871
161,0.002407005962308076,0.0018105276264180788,0.0012982670059735798,0.00022302753576385715,0.9942611718695363
162,0.0027603865701834175,0.0015765759037062424,0.000705643797047333,0.000314782341883773,0.9946426113871791
163,0.02323467197664875,0.012995260893184812,0.004157942627592413,0.00425509315225072,0.9553570313503232
164,0.011501789344913926,0.00709968913327683,0.0003972306115829943,0.0013687009010172153,0.9796325900092091
165,0.008765728752337939,0.0009070192864885896,0.00027528117834224483,0.002207358840930049,0.9878446119419012
166,0.010334805890203339,0.0019062633871110447,0.0006627019204974208,0.0031168370668560015,0.9839793917353321
167,0.011453227034136456,0.002673215096490879,0.0019955269679916184,0.004670830451683146,0.979207200449698
168,0.04463673454635033,0.005883581277264632,0.01091309559582526,0.0028613395755107147,0.935705249005049
169,0.041164235439802466,0.07612314441294463,0.0010708148370345786,0.01573393346294429,0.865907871847274
170,0.029671626368738716,0.11804863512977652,0.0006927855166219159,0.01870730602288678,0.8328796469619761
171,0.0052690399557808534,0.011149488411761107,0.00039264995666382115,0.0014838536426658596,0.9817049680331282
172,0.02165065153113062,0.02843075176602139,0.00017213961920467888,0.012478595337784287,0.9372678617458591
173,0.037663813143477866,0.0215072434374168,0.00011628450368557898,0.008684892082066025,0.9320277668333538
174,0.46056718051438267,0.10572599366562764,0.004310731676062715,0.02389807843186878,0.40549801571205824
175,0.047793851399981185,0.017302799491716862,0.0003853240654023182,0.00891374469827109,0.9256042803446286
176,0.09824860983012357,0.026519776759463126,0.0036298736427474642,0.025484275210351452,0.8461174645573144
177,0.07738514736420357,0.01380516243801735,0.0051602350120070984,0.008839212386106443,0.8948102427996655
178,0.10538090366913015,0.04168362426579575,0.005843682092185426,0.02528228774134192,0.8218095022315468
179,0.06735263176632979,0.04521993712132875,0.012660248870777666,0.008360430097665184,0.8664067521438986
180,0.0180914629108766,0.009145313315583527,0.001965861799504244,0.003700384387119569,0.967096977586916
181,0.03695743904127235,0.010941320097039044,0.0014483601957271518,0.022831520365786326,0.9278213603001751
182,0.2394005186545517,0.02827376497077858,0.016414183240775405,0.02482403466617312,0.6910874984677212
183,0.03457783824272601,0.04477071167979748,0.001859577189249406,0.0313581085158611,0.8874337643723661
184,0.0447356160360623,0.11312096822061515,0.0005979205764741293,0.022209456403456243,0.8193360387633922
185,0.0912929944234538,0.1653257597456856,0.001237097953665621,0.02228796219969962,0.7198561856774953
186,0.13497978865653018,0.19309192695234692,0.0004354743795204966,0.0531690317167654,0.6183237782948369
187,0.128599782646498,0.12028559489006461,0.00019123968294693403,0.0650782742452046,0.6858451085352859
188,0.17488731204532326,0.21290922627138312,0.005021385947218375,0.13148273129598664,0.4756993444400887
189,0.2808484559744611,0.16448642818185513,0.017996098492597395,0.07164881876943967,0.4650201985816467
190,0.25254065760154115,0.08988681712684059,0.007938138615507118,0.18753664178388924,0.46209774487222194
191,0.1669460571722772,0.08471502860008404,0.012213474975562846,0.05429531516618296,0.6818301240858928
192,0.18602481800106177,0.04415458937480961,0.007132793029900763,0.07054282093389698,0.6921449786603309
193,0.20197572999912602,0.4307765924581813,0.0027831801870781933,0.07480969385974795,0.2896548034958666
194,0.25715981321937725,0.15457231227969123,0.007436647512596953,0.09372231791547585,0.4871089090728588
195,0.18215555796674415,0.36300561711559337,0.0034687545237561453,0.07422934398315813,0.37714072641074814
196,0.12160455982803199,0.48497558246030076,0.1330238475637863,0.11733703770788204,0.14305897243999885
197,0.06129612547578178,0.8785726657620111,0.0025622825018798883,0.031325154675857066,0.02624377158447008
198,0.04074475066762227,0.8376389554113275,0.005973949379431414,0.068366495227172,0.04727584931444691
199,0.486998064721394,0.3528179856544741,0.03611633612935601,0.10050828433054587,0.02355932916423012
200,0.039325959276819186,0.37819916215552346,0.06446609647257362,0.49753236203830586,0.020476420056777994
201,0.18411150701508477,0.6068254148973444,0.04235743818603265,0.10003985927507401,0.06666578062646406
202,0.07793392151316561,0.8104265526544666,0.06517223746767203,0.012400390376655714,0.034066897988040024
203,0.04125888167952986,0.7892889308954809,0.12354847004328903,0.006778582253706809,0.03912513512799352
204,0.05720872531965424,0.8967656746603002,0.009768292600340579,0.003243922959630904,0.03301338446007408
205,0.04579785584465298,0.9267919251466804,0.0025098263039909094,0.0003817365509196325,0.02451865615375595
206,0.14905143328826423,0.6157881180394561,0.07072257482077457,0.05964980716002056,0.10478806669148431
207,0.08966842028373025,0.7764976991548542,0.0306549185824221,0.033148634487491065,0.07003032749150222
208,0.09607122919427047,0.7339325280649253,0.02881812882415395,0.055763623160969146,0.08541449075568115
209,0.052598496544781125,0.6789832964462743,0.19584080630672573,0.04119647159798657,0.03138092910423211
210,0.03459755097543147,0.6936763294482743,0.2135902083706516,0.017836098958158506,0.04029981224748409
211,0.0410722637812467,0.7711875908006821,0.12189708478676932,0.029242037535035018,0.03660102309626691
212,0.024990268015172033,0.6866472922229706,0.23634103839863768,0.02237647167243338,0.029644929690786477
213,0.03536494330490332,0.7117331905289406,0.17930473985600523,0.032636002744805354,0.040961123565345675
214,0.029067852604823842,0.6540277800065236,0.2691246194766336,0.022169643879311442,0.025610104032707467
215,0.03536533663909622,0.6468322786746991,0.2531780362249255,0.024724663245515713,0.03989968521576352
216,0.026668973874044752,0.6529807536320438,0.2737703631714531,0.015664050600388613,0.03091585872206976
217,0.02850852588439802,0.7610118332308754,0.12110852983590348,0.01635071838884409,0.07302039265997905
218,0.02796350994129576,0.7117750912248811,0.17853234884501712,0.01792210793557933,0.06380694205322662
219,0.03201964360023242,0.7067404427780584,0.20012336498834635,0.012324259776486206,0.048792288856876594
220,0.03488297253352477,0.6389505876475245,0.24407901539711951,0.028372777256943617,0.05371464716488751
221,0.20886747412499335,0.5728253400606378,0.09723623589767434,0.01709201356490395,0.10397893635179044
222,0.0908424722206691,0.6595894816558278,0.14330509745550016,0.009690438306296248,0.09657251036170686
223,0.052889901277963836,0.5142658583594514,0.35301082581659254,0.016582246297685965,0.06325116824830637
224,0.05783502180022336,0.7213401301364418,0.1484481089533625,0.03070793536659693,0.04166880374337544
225,0.03749216582111949,0.5392955463460972,0.38647500496941506,0.003260343419623223,0.03347693944374515
226,0.024865327731550892,0.41139815156147297,0.5243561412134962,0.005420843407274196,0.033959536086205944
227,0.036253270549664304,0.4877128727299495,0.4288232668815214,0.007325635543282808,0.0398849542955822
228,0.014509229743493168,0.29328957416848933,0.6786728827363139,0.0020658938210928617,0.011462419530610795
229,0.05000079007441871,0.5393888687834892,0.318786846412444,0.010117025498445892,0.08170646923120194
230,0.04538300684754575,0.5416299277899473,0.2631461780672201,0.015765798590296042,0.13407508870499082
231,0.027383602062673228,0.5709714720176557,0.34762082138118006,0.004858994761117095,0.04916510977737384
232,0.04899441229105826,0.6191540166123137,0.2687080783950409,0.007980357231419247,0.05516313547016779
233,0.03654836019601369,0.661322323137755,0.26784677897435377,0.007231948726885508,0.02705058896499202
234,0.055945231098642086,0.5948080170619511,0.3244417698304661,0.0077230089647223575,0.017081973044218414
235,0.032141681552459424,0.4965788774083557,0.43261580060186067,0.006922656731150875,0.031740983706173294
236,0.01647096750327256,0.2488171280123241,0.7204003003154088,0.002435739120096686,0.011875865048897854
237,0.025963921588632543,0.5677387357909854,0.37902127595854895,0.007731316209500807,0.019544750452332362
238,0.03356248571294417,0.6448413310793941,0.29174856178022573,0.007389777672769812,0.02245784375466621
239,0.02979669020218797,0.6158254058822775,0.31768031762124166,0.007007330737732965,0.029690255556559957
240,0.02773516769884359,0.6741118835095375,0.2643812819900206,0.007338851415054383,0.026432815386544035
241,0.016436057008143108,0.3425035703259079,0.6308150757466149,0.0022301557691132047,0.008015141150220995
242,0.018018530804092266,0.5316019295273503,0.43590249953257504,0.00465504807341474,0.009821992062567765
243,0.02272901314577082,0.738400829821198,0.2162088794136447,0.010284244606786884,0.0123770330125996
244,0.012467047957843024,0.5386660022204355,0.4402913984504641,0.0027440251048475935,0.005831526266409753
245,0.01172679092602079,0.3826766187018803,0.5930500086048625,0.0030358166036978497,0.009510765163538605
246,0.021060472143252126,0.608857322649535,0.3484657469037127,0.005719006450826925,0.015897451852673397
247,0.017788569480294433,0.4395844224161894,0.5289324237956848,0.0034645186024204913,0.010230065705410928
248,0.012582452593637125,0.401965038918478,0.568183295242319,0.0055639861596250085,0.011705227085940744
249,0.016315490355753078,0.4848603246919666,0.4701683721962069,0.009146391602470697,0.019509421153602755
250,0.014994577184639342,0.40791694756237395,0.5525139548549346,0.007443567877296625,0.017130952520755412
251,0.008793160831850404,0.24005314571052883,0.7424876257025269,0.003269648943567583,0.005396418811526262
252,0.017910056060608096,0.5482538898626231,0.4087918843206819,0.0096557373388901,0.01538843241719679
253,0.009374326130253428,0.27222216043211267,0.7060907816524181,0.004259685382510087,0.008053046402705561
254,0.018288990418408882,0.5742554531070022,0.3865344492462928,0.011115450409384124,0.009805656818911986
255,0.01576599446293737,0.4528814784160989,0.4999805022056882,0.01555907985897799,0.015812945056297555
256,0.03996817222454966,0.47275954709169943,0.15258999142386032,0.004435490737345819,0.33024679852254485
257,0.0436176180370113,0.8570682736515636,0.07729408321525726,0.003890219155054836,0.01812980594111307
258,0.07772462632430108,0.8208391740233779,0.06146590840444445,0.015300100419189779,0.024670190828686635
259,0.10031919458706559,0.7886247348024191,0.08883363178318468,0.009641769605638544,0.012580669221692027
260,0.04751484752437245,0.6741264562985426,0.2330576412907745,0.016076710632633023,0.029224344253677297
261,0.03104516764491475,0.8334353990696877,0.08842406894981583,0.01514202342878365,0.03195334090679803
262,0.0456527711749765,0.7910905326168306,0.12136453335466356,0.01338927389245676,0.028502888961072476
263,0.03914305712986532,0.7885004115547966,0.13480695684466218,0.015018962675978584,0.02253061179469747
264,0.08259344731713489,0.7010113082501186,0.14590692838492741,0.011008176372969131,0.05948013967484985
265,0.03577635060571784,0.8287867714792441,0.08710585537157536,0.015873692847047354,0.03245732969641552
266,0.03042274683308107,0.8050769632266408,0.10535558846686906,0.02794884685532687,0.031195854618082334
267,0.050788490198798206,0.780070868862035,0.11361588419333273,0.021990976160433256,0.03353378058540094
268,0.04109013756330303,0.7358297154435307,0.14355674399770982,0.030253773477633035,0.04926962951782319
269,0.04892768366820427,0.7432839538409179,0.14633833184846082,0.016215315314908635,0.04523471532750847
270,0.03011939610332249,0.8054174557196296,0.12666682807793408,0.016534985561622854,0.02126133453749095
271,0.023079672513640605,0.8063845142632677,0.14461708739664952,0.014650859218574112,0.011267866607868052
272,0.025970549679979804,0.7951483252486506,0.10587627150796354,0.019120886433475585,0.05388396712993029
273,0.06495503246269393,0.8316698967346704,0.04572986958075897,0.01966974616568925,0.03797545505618757
274,0.0481938681872519,0.7255351301855053,0.17051015382518217,0.027298246858204152,0.028462600943856584
275,0.056229375972556644,0.7315404286222564,0.12221036980667933,0.00984717523408254,0.08017265036442493
276,0.07894680528159399,0.7910171083606685,0.08098397103817233,0.014502253504585455,0.0345498618149797
277,0.01590196630582728,0.7315326396169044,0.2402096948884197,0.002053128329960421,0.010302570858888194
278,0.049049383822085284,0.8626605828514304,0.043223880963346825,0.017930368244246223,0.027135784118891244
279,0.019622440994125016,0.7379168136693203,0.2042687404411605,0.013281573030952017,0.02491043186444228
280,0.026306272206237095,0.7567525544208606,0.1857633307229318,0.01057018541021866,0.020607657239751775
281,0.02527952373877798,0.7155554257203948,0.23968553446273944,0.009652185329993833,0.009827330748094006
282,0.0393116260154416,0.7950529649100482,0.12091070383484356,0.018202438719437736,0.02652226652022891
283,0.0215525436293707,0.5458271511324669,0.41043376474442667,0.010012882553350979,0.012173657940384722
284,0.03087516684001109,0.49764218124434123,0.4334763068989886,0.016389003297157673,0.02161734171950147
285,0.022242633646952892,0.4858319601222691,0.4624505314413652,0.011532536943069768,0.017942337846343078
286,0.01660428183382455,0.4579855104817509,0.5085033096166585,0.0070163601726830616,0.009890537895083087
287,0.018932114362243225,0.41981985994946086,0.5266370879912562,0.012240009856870807,0.022370927840168944
288,0.021568320484506937,0.6567815902639994,0.29452057196919684,0.00811896083089881,0.019010556451397945
289,0.033623149336893615,0.764564343590183,0.15705514479852356,0.0228357639046906,0.021921598369709274
290,0.03942763717499011,0.4298866917466559,0.4844074166661448,0.027552452060543915,0.018725802351665495
291,0.040863276978189526,0.7778961547338947,0.1364932957419111,0.03104294866723112,0.013704323878773616
292,0.02426342684478157,0.7905666411983598,0.15362236727197662,0.02147304962481336,0.010074515060068609
293,0.0958499995945437,0.6139404548768438,0.10747911244912361,0.1117254099488526,0.07100502313063631
294,0.08090519478549367,0.5835471257165327,0.17172334439473924,0.12139700544203014,0.04242732966120434
295,0.04950934192688142,0.1594341204521615,0.00900429990225772,0.049318964760074635,0.7327332729586248
296,0.003728054448042487,0.013334394246308135,0.000887360994947827,0.0021817668535579894,0.9798684234571436
297,0.06438586357622515,0.03940058291077667,0.009614985170686131,0.0027219369503372294,0.8838766313919748
298,0.2263653613638911,0.1004405913321334,0.011497046556474398,0.03346106844915584,0.6282359322983453
299,0.18186656610657476,0.056086468249253084,0.004121399165194108,0.04535949638173781,0.7125660700972403
300,0.1443735741899543,0.08446817297871073,0.0005022280308951382,0.4630528949114901,0.3076031298889497
301,0.09951409038475297,0.04940519172397464,0.00025088795001200644,0.5536789726885153,0.29715085725274515
302,0.03735146886749647,0.019155066193411244,0.0007208823658631786,0.6107875390780041,0.33198504349522495
303,0.05252602255080776,0.004995133791546914,0.0002281201642426238,0.4067520750230448,0.535498648470358
304,0.07069386712461626,0.0357362176704508,3.348640047918454e-05,0.5469587658417653,0.34657766296268844
305,0.10101736204165765,0.032161075847783153,0.000126622566535693,0.5608786241457125,0.30581631539831095
306,0.08956437862801708,0.05821192959310945,0.00032203734182845146,0.5888412221539467,0.2630604322830983
307,0.12321854669765057,0.03592047455830445,8.027074591710994e-05,0.5765223912539453,0.2642583167441825
308,0.08886204811187107,0.00627886970134263,3.616544249256755e-05,0.7234363485898438,0.18138656815444973
309,0.11487898130020967,0.04691941572478783,2.5756066249083868e-05,0.5997460677105054,0.23842977919824804
310,0.13088845350601142,0.003959349447569127,0.00011446768653466354,0.19673777945485504,0.6682999499050297
311,0.14445985698954628,0.08793186761482234,0.0006287713313869505,0.19381139656038646,0.5731681075038579
312,0.2658066884879492,0.08466438900083689,0.0035623026497899396,0.18133567987495897,0.4646309399864649
313,0.05176985769482743,0.011439334467695805,0.0018515587330978375,0.5635026189859592,0.3714366301184196
314,0.09486385512220127,0.007139327438012503,0.0009440606863118106,0.29366324897707646,0.603389507776398
315,0.14315424941835558,0.030248321315252423,0.0020672224443264793,0.7038268993643472,0.12070330745771837
316,0.04047011442930445,0.008800969399800325,0.0013925359420104179,0.07749292069996591,0.8718434595289188
317,0.05068720876393768,0.00964663416872734,0.0022906455394959844,0.15473164870881995,0.782643862819019
318,0.018464826614849886,0.0076326897749658205,0.0016810423505696005,0.05705569028542705,0.9151657509741877
319,0.19615864990947313,0.06572797608414335,0.003054919224659667,0.573364313622077,0.1616941411596468
320,0.02178511772252196,0.007900512644810507,0.001159524020958796,0.5159354706110686,0.45321937500064025
321,0.2095966145143713,0.10396462090849395,0.0005356679368652505,0.6049330252039312,0.08097007143633816
322,0.053690072412219896,0.019428876603152664,0.001695370590851825,0.680668560166128,0.24451712022764768
323,0.5038847286519469,0.07983305499671249,0.0002426320040643231,0.31822468677287824,0.09781489757439808
324,0.24351324292973048,0.03950549547286958,0.000543708568330561,0.42043389948295484,0.29600365354611446
325,0.025096995136219713,0.015718436906809546,0.0006003411149529709,0.8665354701512297,0.09204875669078799
326,0.03527781467290329,0.02023467877811834,0.0005866297688076374,0.6087394066466109,0.33516147013355985
327,0.19681091288964955,0.016978703459640556,0.0009038645487733168,0.36767027941065883,0.41763623969127767
328,0.05059888383184065,0.0173269627987952,0.0003174402218839663,0.2371208445165367,0.6946358686309435
329,0.15545121748599913,0.026041743980107813,0.0006366855172986325,0.7070753014619667,0.11079505155462778
330,0.039506245268732344,0.018954257661183044,0.0006632606098888435,0.7486403614366731,0.1922358750235226
331,0.19663050750468503,0.04238827969226762,0.00017235361003616872,0.31582085658962655,0.44498800260338467
332,0.11681733657409024,0.013168509797388034,0.0013105594880586985,0.6048249883881467,0.26387860575231625
333,0.10568886436859522,0.0597010409579421,0.004274576297062115,0.5291243433099744,0.30121117506642614
334,0.10049566966751432,0.015466956103645983,0.007806897073042079,0.6691366175656758,0.20709385959012186
335,0.01937518233122874,0.005364381924560855,0.002676428039650252,0.03240371690159149,0.9401802908029686
336,0.02973186930917165,0.008450012686166164,0.0002261639099199309,0.02380875462471757,0.9377831994700246
337,0.06829306034368907,0.004534079901906033,0.0011205324633043812,0.11980308680214079,0.8062492404889596
338,0.05277111038592898,0.014053184456880675,0.0008046665777341964,0.27162506014593074,0.6607459784335254
339,0.6492979012441971,0.03305497614199321,9.364451855524601e-05,0.14039805384173898,0.17715542425351552
340,0.030594245884565774,0.014381903785797897,0.0012200336252892376,0.3637009488565618,0.5901028678477852
341,0.030310970884852444,0.008885752341552252,0.0009133669553108003,0.15978096232376326,0.8001089474945212
342,0.22527078136660264,0.01375020987155344,0.00045473725178813275,0.22088061636503858,0.5396436551450172
343,0.02698929465277555,0.006202100068890036,0.0008338089160379208,0.1160728067065108,0.8499019896557857
344,0.062245136471981766,0.022131113884379605,0.00041548428735366726,0.10308687506978553,0.8121213902864993
345,0.07141062083939965,0.07695287583424613,0.011563137830207851,0.4502105014836175,0.38986286401252873
346,0.10340564914567607,0.01081632216142212,0.0021863672488077815,0.1443096628560775,0.7392819985880165
347,0.0387137631521145,0.0663973614895367,0.0071168440462563735,0.2402166354331123,0.6475553958789801
348,0.21252600209974915,0.05771984009034262,0.0006437299788541827,0.3584666597657558,0.3706437680652983
349,0.04739059960394256,0.03135769134182271,0.0030303971092572493,0.26441676336278486,0.6538045485821926
350,0.016305437961267464,0.06861939667302487,0.005622797734821609,0.09430088375643786,0.8151514838744481
351,0.043172444697341605,0.023520522857115127,0.01570372062321774,0.09533900766060448,0.8222643041617211
352,0.048641744536225315,0.013790788776712392,0.005365320320873761,0.034759711419670165,0.8974424349465183
353,0.04948380198935316,0.015178401895491411,0.002047540618708721,0.030535973653162053,0.9027542818432845
354,0.01106783184132212,0.0024717135450326084,0.011258899815952756,0.003840251152529987,0.9713613036451626
355,0.04694802097760538,0.03678501989540932,0.00563056764461219,0.046796633779582396,0.8638397577027906
356,0.08440869721739301,0.06252037037942611,0.0028938215757400056,0.042230887097596446,0.8079462237298445
357,0.07221615100968146,0.01427467843488859,0.005254498175271132,0.04244977296670776,0.8658048994134512
358,0.06214207310865477,0.05375279919962797,0.016616945856317986,0.09589926292394041,0.7715889189114589
359,0.03829654869716445,0.024056877965122625,0.020128092926553463,0.09958490492959673,0.8179335754815628
360,0.19390924111397026,0.019897397712066167,0.0057599432110418776,0.23610384899303274,0.5443295689698889
361,0.04072819358018894,0.01288429778056125,0.0034167545824938775,0.14837982799352956,0.7945909260632265
362,0.1417193624662905,0.025132560904304463,0.0011296644967339988,0.4897979257428409,0.3422204863898302
363,0.21705774204370443,0.012308778332041838,0.003505524637278834,0.3665650791075974,0.40056287587937744
364,0.050762159513287025,0.034037106650905466,0.0016344405886677136,0.2855996090088022,0.6279666842383376
365,0.10181381185147156,0.03878263729702768,0.0011004707402342514,0.49690239297452515,0.3614006871367414
366,0.10790724663001018,0.02892664555062417,0.00407444323209875,0.2230641358501867,0.6360275287370802
367,0.0304940074253001,0.018839399858936703,0.0030480875536001316,0.10121486471768924,0.8464036404444738
368,0.06012679362292727,0.0208353070082719,0.0002012875666470687,0.6141390152420326,0.3046975965601211
369,0.18554046478251046,0.050491815104966024,0.0014061265533701663,0.14250835180759164,0.6200532417515617
370,0.10803196579769253,0.053171780419929766,0.002108419912500555,0.2910285994442905,0.5456592344255867
371,0.03515850948013108,0.07375743416421207,0.0010945542863207835,0.46510752776998615,0.4248819742993498
372,0.09587258044661312,0.030964335139398107,0.0016833669867129999,0.38896869066966805,0.4825110267576077
373,0.03708413927122831,0.016234871803033252,0.00048724520628031675,0.11023194630569799,0.83596179741376
374,0.14170816330901742,0.03096081357771242,0.001316958296630496,0.4339014831567497,0.39211258165988994
375,0.11260762286347872,0.03419456866687013,0.00025716541618458745,0.7356159120524963,0.11732473100097013
376,0.020499088450090207,0.017900987760770357,0.0001456030101373015,0.20630077955474585,0.7551535412242564
377,0.08446966561199495,0.029038422367334702,0.0027298149530830596,0.2334295249519964,0.6503325721155909
378,0.06229031975689547,0.0802079828056951,0.0010381916849370684,0.2714812268720786,0.5849822788803938
379,0.07769006298312253,0.04394963180031774,0.0002735868181926677,0.2676304278827934,0.6104562905155737
380,0.14103126148688133,0.08962882093450693,0.00011417571899588087,0.4248824038109671,0.34434333804864875
381,0.3181817800474203,0.11682538814510317,0.00010201029901820631,0.30032113581830466,0.26456968569015377
