epoch,N1,N2,N3,R,W
0,0.00020215306599482674,2.3549029443622505e-05,9.962673943232008e-10,4.9241110807660485e-06,0.9997693727972135
1,0.018118499890819435,0.0012922740351941832,5.142122166491164e-05,0.0002878994868964601,0.980249905365425
2,0.009972673991074914,0.0009396621470744413,0.00016399106348689846,0.00015620991491767424,0.9887674628834461
3,0.03408907885194644,0.002061856389368381,3.55346066266962e-05,0.00023029332836166347,0.963583236823697
4,0.010994465935880864,0.0015500311550098738,0.00015342398629542868,0.0002677893756686613,0.9870342895471451
5,0.016465256023341035,0.0014047747993793187,0.00011638471161400484,0.0004047429028326578,0.9816088415628329
6,0.027431584356010383,0.0027797955564345398,3.1976662052733064e-05,0.001134797514968085,0.9686218459105342
7,0.06913647631467097,0.007772649562779162,9.318264964345583e-05,0.002258391043542176,0.9207393004293641
8,0.2186258804722062,0.011165419249383546,0.00017327908448229841,0.001132160790718546,0.7689032604032094
9,0.14882673697313262,0.26540292996515724,0.0040444672443695285,0.032110354882444965,0.5496155109348957
10,0.11891475908747562,0.1732960034317623,0.004636490863865432,0.0072302273267560325,0.6959225192901406
11,0.04799603319224768,0.08442005878212198,0.0011771780393603497,0.0020775957675235944,0.8643291342187465
12,0.02540094902285823,0.17533837218448814,0.0018343523235726663,0.003656184189755983,0.793770142279325
13,0.003935347661129273,0.021303352312749133,0.0014125791109708913,0.00042622796804926087,0.9729224929471015
14,0.0014079881440096286,0.0006977191160296177,0.00013788974830708997,0.00011963938984293152,0.9976367636018107
15,0.04274356336677749,0.003489580273533684,1.4259579983057257e-05,0.0014760056020342947,0.9522765911776714
16,0.19678046977983935,0.11150210300043178,0.0003364348381684874,0.002650145801768719,0.6887308465797917
17,0.18614692991591156,0.017212693387787296,6.872460976102412e-05,0.002875496335707646,0.7936961557508324
18,0.07640759214416408,0.03749247238669295,0.00038324552352591695,0.0013739371657501278,0.884342752779867
19,0.14828170655227188,0.020705988883195175,9.227932933788355e-05,0.008902107622045042,0.8220179176131499
20,0.1398895350909264,0.12585882288735975,0.00022362840462060665,0.0036371784404593053,0.730390835176634
21,0.16254548564550989,0.03825647524136828,5.1515572683912e-05,0.00321261110211931,0.7959339124383186
22,0.06545584701448297,0.22880971172217793,0.0024447267569075275,0.0011547158867023653,0.7021349986197293
23,0.2345156486082257,0.08315027057424815,0.0002116653101497105,0.007888889625540092,0.6742335258818363
24,0.11246188897555792,0.6761303014483949,0.002561426917931827,0.0016545802571355623,0.20719180240097965
25,0.048198805215312626,0.6303386182094706,0.011502470280721606,0.0009985959498709244,0.3089615103446244
26,0.0815123265336674,0.5871916455411438,0.01020590983254257,0.0012237297141872725,0.319866388378459
27,0.1432356556904875,0.5746059579762228,0.010665344718686569,0.0011862230192895434,0.2703068185953137
28,0.052003505092520455,0.6309487027811953,0.05688578317243188,0.0006208570515160347,0.2595411519023363
29,0.17768619690426551,0.19345699888251952,0.0010191812147137718,0.0007847441691581326,0.6270528788293429
30,0.06464437579357975,0.6448950513300213,0.10235193389148085,0.0006872386586239032,0.18742140032629412
31,0.028626451717068107,0.6555053046181376,0.1658073424969047,0.001017399833689725,0.1490435013341999
32,0.020965492599812764,0.5300525652407228,0.12743235702101277,0.0006883186101623983,0.3208612665282892
33,0.00740931733917646,0.47279709866403513,0.4488791862860322,0.000223008329086718,0.07069138938166955
34,0.0295816326881964,0.6361292303872054,0.16992032569627546,0.0007127448796065831,0.16365606634871616
35,0.008292700533704381,0.4834310408098123,0.47419271771911015,0.00016493282872586816,0.03391860810864731
36,0.021941747193519545,0.579471686127097,0.22699121874595,0.00019925447809165708,0.17139609345534187
37,0.0010551921109949265,0.12417698255093734,0.8636340271947878,1.7050013268867868e-05,0.011116748130011001
38,0.002172932643357695,0.35346649420936127,0.626427399498232,2.1545666646545507e-05,0.01791162798240253
39,0.001175818414148363,0.17833629232601925,0.8087578149088546,1.773787450049662e-05,0.01171233647647718
40,0.00024033667002956778,0.04977514909134096,0.9337836394132432,3.824081806430346e-06,0.016197050743579876
41,0.00022721018410358745,0.044918471830053874,0.9480594459302432,4.6662268324673185e-06,0.006790205828766961
42,0.00030231345346286314,0.04072355754400087,0.9457096501925079,7.0270176439523585e-06,0.013257451792384412
43,0.0001629474930087036,0.011304419034696114,0.9839763267693628,3.4486041034287487e-06,0.004552858098828825
44,0.0001154047449905698,0.024595302513621898,0.9649625682663442,5.528129077122654e-06,0.010321196345966248
45,0.00012953286799847037,0.0074536501369305945,0.9902136256485984,2.637331156367779e-06,0.0022005540153162673
46,0.00017682311840857876,0.014442855082672092,0.9831323401429309,3.7980987200494995e-06,0.002244183557268493
47,3.3132774289271995e-05,0.007620261437194399,0.9913689571478962,1.316934062022137e-06,0.0009763317065580762
48,6.0100020959302304e-05,0.012261548983095616,0.986711773204244,1.5839444678930032e-06,0.0009649938472333235
49,5.220146160073276e-05,0.006200676359090449,0.99292267809205,1.0544745234217856e-06,0.0008233896127354979
50,6.708706109360586e-05,0.016580285910151697,0.9822359701785636,2.2750376946100517e-06,0.0011143818124964365
51,3.93423618808771e-05,0.005468887648957047,0.9933430344931894,6.643348181209724e-07,0.0011480711611545963
52,1.7227866410172366e-05,0.003980892259000977,0.9956175421250051,4.040044682528794e-07,0.00038393374511553236
53,2.0773404588348188e-05,0.005146548255157917,0.9945118895820709,4.121692011706065e-07,0.00032037658898149567
54,1.3134531118873333e-05,0.001533097916665919,0.9982960042068442,2.1204811476408278e-07,0.00015755129725616047
55,4.366140462842313e-05,0.008642507456447117,0.9905273072600013,7.732655908843461e-07,0.0007857506133321779
56,1.4902520172773237e-05,0.0035435202126675516,0.9961256431471941,3.316171680821419e-07,0.000315602502797541
57,2.3327730209435455e-05,0.004993449532533144,0.9946905317273854,4.1652376920710754e-07,0.0002922744861026887
58,2.0258325021236448e-05,0.0032541227606945507,0.9963786428603432,3.1046959970731627e-07,0.00034666558434133456
59,1.6555920788266943e-05,0.002143769698715172,0.9975218976761469,2.020127466550741e-07,0.0003175746916030343
60,2.7504778003166746e-05,0.002577855069523489,0.9967783345690095,2.3204681408037369e-07,0.0006160735366496755
61,1.782404681125007e-05,0.0035295354578135734,0.9956091245157365,3.930312380943069e-07,0.0008431229484005208
62,3.174606531355163e-05,0.0031143627613177995,0.9961044991477727,4.6672817829519506e-07,0.0007489252974176048
63,4.51491521622622e-05,0.004841624851710774,0.9943956076350494,6.171004134849556e-07,0.0007170012606642329
64,4.4083626509177726e-05,0.002728958151610076,0.9968489689225664,3.4242404904278945e-07,0.0003776468752652855
65,7.197733463129557e-05,0.010389193299606475,0.9886210982046684,1.6133596007866809e-06,0.0009161178014930865
66,2.001830907848583e-05,0.0022342516741928947,0.9974511467797078,7.087446478351472e-07,0.0002938744923727254
67,2.3867342890536288e-05,0.002273175201923265,0.9974173810091551,2.8859511508417167e-07,0.00028528785091590215
68,2.319432280088855e-05,0.004114722629037301,0.9955827297743078,4.5218132696285984e-07,0.0002789010925271125
69,4.321538955832151e-05,0.003058506128796331,0.9966185193870887,3.734385016232932e-07,0.00027938565605502134
70,0.00011886377219991488,0.014956652380930484,0.9842580693177888,1.6361877390092627e-06,0.0006647783413415321
71,4.5679189188909263e-05,0.007697426685483897,0.9918261276994759,6.610420844829305e-07,0.0004301053837669278
72,6.535496085850794e-05,0.00537275363638062,0.9940114276811941,1.0155086716648439e-06,0.0005494482128951284
73,2.95617719215684e-05,0.009315851726197323,0.9903384510890322,9.640604001590295e-07,0.00031517135244883416
74,2.083843643983653e-05,0.004945101870016131,0.9947685076051079,8.158558797767516e-07,0.0002647362325562853
75,2.7265362246779218e-05,0.004532076024188037,0.9951949559063604,6.133677962238299e-07,0.0002450893394085144
76,4.639594221627624e-05,0.0035064335128814433,0.996122632576014,9.09814461825941e-07,0.0003236281544263898
77,3.8930646856247895e-05,0.00318601066914715,0.9965093700554015,1.013107504608602e-06,0.00026467552109066077
78,2.770916279976787e-05,0.0018599985394189382,0.9978500022576972,4.824975865179041e-07,0.00026180754249771724
79,1.8388839242486884e-05,0.002586730453197539,0.9970718763625,7.09358171467896e-07,0.0003222949868882534
80,2.0189674787658804e-05,0.0030048918872892837,0.9963697292725276,8.788424865163177e-07,0.0006043103229089059
81,8.67482813896926e-06,0.0012049614642974619,0.998488933828896,3.934793951136733e-07,0.0002970363992724352
82,2.7461604785423998e-05,0.0018675430940346958,0.9977149927949195,7.516459868746598e-07,0.00038925086027368785
83,1.1135561710043409e-05,0.0018271715963394416,0.9978625939832976,4.354301025632441e-07,0.00029866342855039
84,1.5423700302787908e-05,0.002239193900737386,0.9972607841407701,5.633689346322944e-07,0.0004840348892549479
85,1.5806230674243467e-05,0.0019910732786876466,0.9976982870870303,5.553584072344845e-07,0.0002942780452004511
86,4.975493284421975e-05,0.003696683949749608,0.995581271318346,1.2715629881442595e-06,0.0006710182360722411
87,1.693379968628058e-05,0.0013638541968999409,0.9983769027414022,4.7422533733293017e-07,0.00024183503667433369
88,2.0419822375134684e-05,0.0022348121172243527,0.9974579665849833,9.145587732250516e-07,0.0002858869166442302
89,3.892280585142994e-05,0.002973260844553875,0.9965994578170772,1.1058984280841941e-06,0.0003872526340896004
90,2.112097611414614e-05,0.003133399869674984,0.9966015998035809,7.538963057395896e-07,0.00024312545432436745
91,2.0703463578868294e-05,0.0020004288320048715,0.9974952879617797,7.568643501938021e-07,0.0004828228782862626
92,3.0487686826899497e-05,0.006129898871269177,0.9932588861393581,8.860336336829529e-07,0.0005798412689122171
93,3.251249301760378e-05,0.0020183256190956286,0.9975263051359229,8.096164360778431e-07,0.0004220471355276113
94,2.8951542001952333e-05,0.002011460362202017,0.997428281161987,9.366099411430122e-07,0.000530370323867911
95,2.164777886302452e-05,0.0017950803884784375,0.9978688302381655,7.040501626780661e-07,0.0003137375443303531
96,0.0001709528987014817,0.011981167602934075,0.985853580916679,3.6888919880478884e-06,0.0019906096896973855
97,3.4058133125861204e-05,0.004641789346525342,0.9949465565240987,1.0862890821207942e-06,0.00037650970716799546
98,2.2311675875987427e-05,0.005548114102711673,0.9940703974404406,1.5046608405206104e-06,0.0003576721201312098
99,1.3333100186041884e-05,0.0034237549875259982,0.9963803779917642,7.091528692006091e-07,0.00018182476765447238
100,1.0874086990326727e-05,0.0015163939950557628,0.9983472815591612,4.245086230055277e-07,0.00012502585016972682
101,2.970892215435207e-05,0.003601835239325409,0.9959792326789982,1.7558211373010625e-06,0.0003874673383844891
102,2.0005252709344626e-05,0.0030162649102139184,0.9967942155579538,1.769633796601045e-06,0.00016774464532620596
103,1.8635860378033247e-05,0.0013598510538300938,0.9984262514723307,8.816242887073823e-07,0.00019437998917242727
104,2.4141492385442065e-05,0.004919181145335436,0.9947645535479199,2.1355563019128166e-06,0.0002899882580573499
105,1.73869273779755e-05,0.002156515900841997,0.9975989536641189,1.0473369498119925e-06,0.00022609617071135189
106,1.029377899725547e-05,0.0014899286234502393,0.9983183869880297,9.231782494708275e-07,0.00018046743127337367
107,1.6064836395265568e-05,0.004134408507709016,0.9956001025342973,1.205430434990609e-06,0.0002482186911633356
108,3.3684265665969636e-05,0.0032220391690038577,0.9961839412162697,1.7825777898634956e-06,0.000558552771270524
109,2.079348223769581e-05,0.0029110450673145495,0.9967654888532911,1.8869924108169623e-06,0.00030078560474593467
110,1.9152312578165566e-05,0.001996247922124267,0.9976272072037875,8.148940288660954e-07,0.00035657766748138154
111,1.782443592635048e-05,0.0028919564974273226,0.9965902745150094,1.018597014236394e-06,0.0004989259546226869
112,1.8250178208839703e-05,0.0024522475977599998,0.9968204260173306,9.308372914741634e-07,0.0007081453694090453
113,0.00010495214075021493,0.00879318797929875,0.9903555313744117,3.2097689583087596e-06,0.0007431187365807905
114,2.2883474681890028e-05,0.0018593485545726292,0.9973340226376003,7.084009334397651e-07,0.0007830369322116996
115,2.3015132723174897e-05,0.002175787772821508,0.9973731250807099,8.112335341735973e-07,0.00042726078021130073
116,4.218422685911496e-05,0.004281526106129998,0.9952983878804609,1.3325174971258954e-06,0.00037656926905292143
117,1.7716531997008283e-05,0.0018428058532235735,0.9978097866344872,7.487197459166566e-07,0.00032894226054635536
118,2.1927290748575452e-05,0.004004562672254577,0.9956342816941662,1.2933536344941621e-06,0.00033793498919613274
119,1.983845946791475e-05,0.0028520050523555287,0.9968559035319509,9.641962078010303e-07,0.0002712887600180092
120,3.09783117336891e-05,0.004969420348405808,0.9944956567498117,9.82970863488937e-07,0.0005029616191855229
121,1.6702084842683528e-05,0.0017798670606913188,0.9979066290489164,5.091966675899296e-07,0.00029629260888190315
122,3.0958793861250246e-05,0.003288378705528514,0.9964204108230347,7.457951582108131e-07,0.0002595058824173058
123,1.0620747232164297e-05,0.001851912370363453,0.9979779005161947,3.590225967066442e-07,0.00015920734361295796
124,3.0536572166169424e-05,0.004112591332100643,0.9954785695318952,1.2503993825755557e-06,0.00037705216445530095
125,2.2896827749632355e-05,0.0014262398252994344,0.9981465902978233,6.470361764678027e-07,0.0004036260129512034
126,2.186324403649952e-05,0.0023178682798385736,0.9969359622397307,6.643772555064456e-07,0.0007236418591386226
127,2.4481169144484963e-05,0.004310051264535513,0.9952547163786741,7.322297679638216e-07,0.0004100189578779059
128,1.050808496247134e-05,0.0019080915100270742,0.9977612110464098,5.920262424665064e-07,0.0003195973323580935
129,3.160108918764989e-05,0.0054779308542619275,0.9940206167836585,1.0878694069915482e-06,0.0004687634034846708
130,2.6951287442303392e-05,0.0028570303009443827,0.9961352543899813,1.2389722958362611e-06,0.0009795250493361291
131,1.4048272875101385e-05,0.004087187799434593,0.9955057707072892,1.4625634048475812e-06,0.00039153065699636195
132,1.0751502285896351e-05,0.003177297714347252,0.9964161912149839,1.0077475650078056e-06,0.00039475182081782185
133,4.1083759141004717e-05,0.00799081969014236,0.9915252435636294,3.092043157402775e-06,0.0004397609439299687
134,2.1060539555841183e-05,0.003617578877186729,0.9960912622888305,1.1966676067963934e-06,0.00026890162682001266
135,2.688670442838353e-05,0.004011276240539056,0.9956185801100755,3.75401838655509e-06,0.00033950292657066643
136,5.492158239945717e-05,0.00671757173226576,0.9927195919646838,7.918813903620657e-06,0.0004999959067473903
137,4.542742387177946e-05,0.013175931905031215,0.9858663707522681,3.757579656477672e-05,0.0008746941222640845
138,9.955405801373221e-05,0.01821287191418601,0.980689309632993,7.947615842236292e-05,0.000918788236384938
139,0.0001024822667829622,0.013036059614957757,0.984872473574142,6.39973831001127e-05,0.001924987161017132
140,0.004126380121317538,0.07232137276566424,0.702645995097532,0.000556512868685228,0.22034973914680103
141,0.013745524223340648,0.2692760969787007,0.5352717286502264,0.0032357337495678676,0.1784709163981643
142,0.09142140507867895,0.3194633824379989,0.24698722207652443,0.0209765428261567,0.321151447580641
143,0.215025178807902,0.4222814718769174,0.07958194741221439,0.01302094575035226,0.2700904561526139
144,0.1898557130232583,0.463093241117417,0.06691730135141034,0.03816541692832951,0.24196832757958486
145,0.1778809872886242,0.4136112137203847,0.01408310294253829,0.10224902806272451,0.2921756679857283
146,0.23534630421706346,0.40567526222880634,0.03421372157800075,0.23496257303312904,0.08980213894300038
147,0.13409061390820043,0.35464534040647366,0.009179144694920673,0.10725360801278497,0.39483129297762043
148,0.17332541775744048,0.29244366500424634,0.0033976746826753384,0.24730316974441877,0.2835300728112191
149,0.16597282176858857,0.327381308813703,0.011239048309978478,0.23484065383581557,0.2605661672719143
150,0.2067922122035367,0.5597898822514914,0.014259949050463433,0.09703837084749332,0.12211958564701535
151,0.26125444158045363,0.40105806178203235,0.012234706761400751,0.20161180296006956,0.1238409869160436
152,0.16507495113092047,0.5263355645007904,0.03483790564766128,0.1171801782495116,0.15657140047111623
153,0.12761078242217666,0.3943998005824564,0.0072051193713468615,0.34895575952087365,0.1218285381031462
154,0.1687019337362023,0.3051363270439111,0.008132954073856695,0.03820870925245928,0.4798200758935707
155,0.007304248824740081,0.010076964538965696,0.0008327806343597073,0.0014935845583112142,0.9802924214436233
156,0.17408835993375466,0.03704092048714272,0.00040194846879479043,0.013397806911738752,0.775070964198569
157,0.8069075308020426,0.09764418368413591,0.0011965785039951267,0.008414014273242048,0.08583769273658433
158,0.44478288219727413,0.2530768396963528,0.005367667434655883,0.039355919623087175,0.25741669104862996
159,0.3682051511035957,0.33872519484285635,0.006632670488926369,0.05977350410782728,0.22666347945679427
160,0.4389928092754771,0.377224199029626,0.0067339549015159065,0.062089705510917755,0.11495933128246315
161,0.05453108268724907,0.7714317604614436,0.007190826383756198,0.13550114641860717,0.03134518404894408
162,0.0847826661178208,0.8244764626172068,0.015100666452939528,0.06047531422505038,0.015164890586982652
163,0.030974175862618605,0.8610322820699242,0.00674036423121067,0.09042782251554674,0.010825355320699661
164,0.029066230855604485,0.7967965603465834,0.06755816028233202,0.08401007921915477,0.02256896929632522
165,0.05385208740994128,0.4327712859668331,0.002062453320010126,0.4519594411027012,0.05935473220051419
166,0.03212853749102004,0.6301798933458044,0.01049464550947713,0.31645511154606176,0.010741812107636693
167,0.057831324266669044,0.3551000715963864,0.004248704193388896,0.5367164441263272,0.04610345581722843
168,0.024604067250757373,0.044121420434774856,0.00017646790306868665,0.9191517855318312,0.011946258879567727
169,0.022981194512350117,0.12946287993401784,0.0005488314177807587,0.8350208289529185,0.0119862651829329
170,0.032467805308442024,0.052751912138322754,0.0004083629936430902,0.8369566553577823,0.07741526420180987
171,0.03135908064958835,0.02173746433833348,0.00015036533317313984,0.9395675840871026,0.007185505591802576
172,0.012990044554246665,0.022295096223107942,0.00016136112101600137,0.9614789537295372,0.003074544372092179
173,0.005196731423529393,0.006965661929962303,0.00010780885838598008,0.9790444012526593,0.008685396535463047
174,0.0037558163559086727,0.003206586795456946,2.3127743416231905e-05,0.9914528795959363,0.001561589509281836
175,0.009311156821415575,0.0076664755800976295,0.00016168276483748158,0.9545996866887148,0.0282609981449346
176,0.007262792107116102,0.005761132309883488,3.202658291765102e-05,0.9821166858631774,0.00482736313690537
177,0.006221978363732936,0.008898051289789724,3.070425929718197e-05,0.9562626491414093,0.02858661694577081
178,0.014288221888144043,0.017860631945657974,0.00010893690397196022,0.8929742924439438,0.07476791681828224
179,0.049724100601134386,0.06068597014142059,0.0004617351141516501,0.7542537615912241,0.13487443255206918
180,0.02869004239113109,0.023379229520982744,6.307652944400378e-05,0.8980659104634969,0.04980174109494523
181,0.02801512840046147,0.011587991020160327,1.777196802327214e-05,0.9478169354758347,0.012562173135520193
182,0.06423228936335376,0.024946427395153743,6.244893057430797e-05,0.8713510127892162,0.03940782152170191
183,0.03060315159751945,0.012867547598172543,2.1112595873283892e-05,0.8542981240866393,0.10221006412179552
184,0.059354892480359994,0.024890164899248286,6.796520225441576e-05,0.902490426012823,0.013196551405314328
185,0.03968157956330162,0.023232238222452933,5.423005123029781e-05,0.9240674587277732,0.012964493435241945
186,0.07625707353930969,0.0575518617856656,0.00015700768449721024,0.7749308107649605,0.09110324622556691
187,0.025770926266247222,0.030387411309060728,0.00013861077637661735,0.9247405660751352,0.018962485573180123
188,0.0219752595412785,0.020174865229903093,3.783727709528286e-05,0.9502866664780676,0.007525371473655449
189,0.0340213494576182,0.013048701240188117,6.125592178526698e-05,0.9319571332969621,0.02091156008344617
190,0.0373170050290002,0.020508907643546292,6.171182223441301e-05,0.910936769114782,0.031175606390437035
191,0.018549606702508277,0.0072213072902649255,2.4582302357897345e-05,0.9704150017169894,0.0037895019878795254
192,0.01898347836195304,0.01465607432630661,1.9364361122055425e-05,0.9635492963581106,0.002791786592507794
193,0.0048872943098332905,0.0032250973431190142,1.1274716300321118e-05,0.9902430618358229,0.0016332717949246408
194,0.008634152939033347,0.018068639415425043,4.5713801732189935e-05,0.9665164106268954,0.006735083216913932
195,0.023034637061247247,0.028641810113790196,0.00013075052523419097,0.9243711178464404,0.023821684453288
196,0.01833939299698205,0.017932631490397387,5.2158634713745786e-05,0.9497028566257458,0.013972960252161062
197,0.055035812159421105,0.02079939934039138,4.66243697253607e-05,0.7807121370547089,0.14340602707575337
198,0.0810239232978053,0.025405544773078867,4.060377994487184e-05,0.8865846932371153,0.006945234912055696
199,0.07255437009154314,0.05870069632015526,0.0002188504551476522,0.8345569921261615,0.03396909100699247
200,0.15637244842244116,0.2704751267780356,0.000508207851099624,0.4514475814806762,0.12119663546774737
201,0.09525211415493176,0.42210909272170033,0.0007735086460269446,0.4177129561985277,0.06415232827881326
202,0.14496414186086595,0.32128982778033927,0.0026897724901843154,0.34414820505458077,0.18690805281402967
203,0.11062912890135232,0.5691553705376392,0.0022381614620305855,0.2245545836138548,0.09342275548512306
204,0.027923786292986932,0.8854852744872943,0.005233396030152303,0.03000855694220861,0.051348986247358064
205,0.0022614429927287146,0.002394060140271881,9.104001935347345e-05,0.0009088694840361501,0.9943445873636099
206,0.09425733778415643,0.015827979399495203,4.476769038291532e-05,0.01561160116306534,0.8742583139629002
207,0.08651435738175442,0.04981555484596678,0.00018532443426836598,0.0064987348776738615,0.8569860284603366
208,0.1495731282078407,0.15163237540270433,0.0013874373384910076,0.01264600742962555,0.6847610516213385
209,0.2840025736575366,0.3770830531158646,0.0002275848492543931,0.16324596107762762,0.17544082729971688
210,0.1767164724139678,0.647548761021156,0.0008174814339534335,0.12638186084857056,0.048535424282352205
211,0.13837601667773608,0.19051098421974108,0.00047181945752167783,0.3289816524383145,0.34165952720668674
212,0.12797207123419058,0.7073785686930595,0.0008141158409027704,0.13201137648678818,0.03182386774505902
213,0.31097484238981443,0.12762869459629597,0.00037482616930441416,0.224119452220942,0.336902184623643
214,0.07631326094355588,0.8985188344092513,0.0012241745392725465,0.014618364146774972,0.009325365961145214
215,0.21888262655930077,0.7380634529987479,0.0008183308317121836,0.03539363546024236,0.006841954149996812
216,0.045888471866849564,0.9402134782239298,0.0029916640120811475,0.006275686568842382,0.004630699328296883
217,0.005976257402746505,0.9742763748589616,0.008423518064061027,0.007728025897860216,0.003595823776370776
218,0.021425121512000933,0.9567748909632402,0.003593804299632982,0.013400126254443449,0.004806056970682637
219,0.009430016310621738,0.9742309131579857,0.005720727439781266,0.0081656545457516,0.0024526885458598193
220,0.008779591208924508,0.9756832454007152,0.009578265290029595,0.004074598270118479,0.0018842998302122842
221,0.010100784835016974,0.9653279250200852,0.019154629276968503,0.0018421630953915863,0.003574497772537447
222,0.008928847635891668,0.98055009280028,0.005088613487651218,0.002319621126206485,0.00311282494997057
223,0.009947536912535436,0.9467165833508608,0.0314149042701225,0.0037322980394864556,0.008188677426994435
224,0.012500409886294705,0.8754686788204294,0.09048077663178444,0.0031823831163396077,0.018367751545151814
225,0.10784696846422347,0.8176754112504513,0.002181865940484683,0.0194486594640359,0.052847094880804656
226,0.02255831358875873,0.9612235874710228,0.004522832454366245,0.004932954915939116,0.0067623115699129
227,0.007677741136861474,0.9861846069352161,0.00043183764784400925,0.001956264667324711,0.0037495496127535497
228,0.010267271667485837,0.9624455596845428,0.0210309055497805,0.0024820946981962324,0.003774168399994749
229,0.04863415207248281,0.7596474209044357,0.007843839654081856,0.020217811219310718,0.16365677614968888
230,0.09925849568436043,0.776350620511624,0.0010610283682243517,0.08758485632619228,0.03574499910959893
231,0.009679075011322794,0.972431347492472,0.005871213487941967,0.004787444530890482,0.007230919477372821
232,0.14254315842323037,0.563684622893898,0.00497561970753306,0.037206857504526854,0.25158974147081176
233,0.03599352807543335,0.03569118083509416,0.0030386761976704288,0.011294339798827302,0.9139822750929747
234,0.6128320731866178,0.3025607668016018,0.0009112515831100656,0.05056377749469181,0.03313213093397852
235,0.17526646587616024,0.7881105786781251,0.0008501164883416744,0.010715792774725737,0.02505704618264722
236,0.2749154179636837,0.666748946046777,0.000839384237773028,0.017070650193509774,0.04042560155825646
237,0.020461397020578788,0.9722427097851941,0.00046063226335108746,0.0037170117896589395,0.0031182491412170017
238,0.021876726761741152,0.9624622591880119,0.001636253310037923,0.005681757491201879,0.008343003249007244
239,0.010820821941659542,0.9798867934273151,0.0004510718428990976,0.003671733469227351,0.005169579318898872
240,0.03188697014517274,0.9348839502426948,0.001204680963909458,0.01326650936743142,0.018757889280791546
241,0.037826709420390854,0.9412236756236232,0.0014632094697502318,0.011062817107919828,0.008423588378316136
242,0.08935079583577003,0.8829482120747049,0.0011263706023772698,0.013765380649095185,0.012809240838052679
243,0.0207388778330162,0.9696196791093588,0.00196705368501263,0.0017931071163275955,0.0058812822562849115
244,0.01934495819031743,0.9688787760716115,0.002622482026792975,0.0024737317980816622,0.00668005191319656
245,0.033631353370137056,0.9440324250351955,0.001871209701688621,0.006179477326943573,0.014285534566035369
246,0.012440970441515117,0.9634739146328021,0.010527710703143286,0.002211901848120932,0.01134550237441871
247,0.022522584655383385,0.9615588563398092,0.004585084638288502,0.005420572502125415,0.005912901864393421
248,0.10824243001623267,0.7065715743945986,0.0027011902224277754,0.03541670947334077,0.14706809589340034
249,0.07712016865938931,0.8893099411875373,0.00236883387948481,0.021005645755810907,0.010195410517777751
250,0.08341287018119704,0.8651400530595146,0.001692450531232749,0.028029636998664256,0.02172498922939142
251,0.43315477789558954,0.40296040226216784,0.00043522042519807504,0.13447254650723878,0.028977052909805928
252,0.03470096827547096,0.9447442722066722,0.0006827628504691248,0.01529024511270296,0.004581751554684815
253,0.010784934415305075,0.9474734880772313,0.03536768962707348,0.0034343417028891206,0.002939546177500989
254,0.11071730171848053,0.8155900944852758,0.000698442705576135,0.04269973358943747,0.030294427501230105
255,0.02246229415465043,0.9326561441407301,0.02726889768475226,0.0034890935984618248,0.014123570421405286
256,0.33941352428591126,0.5398040992034854,0.0008939157135886168,0.06623204917746649,0.053656411619548414
257,0.022851105569565135,0.9730329948025658,0.0010885715515560328,0.0011984087221760117,0.0018289193541370912
258,0.03529301047436007,0.8743034067900922,0.004860944222445038,0.0037569532093441036,0.08178568530375865
259,0.016558860801838805,0.9693396801367916,0.00704612640050997,0.0006225672181833411,0.006432765442676004
260,0.007939072295123271,0.9617730158162346,0.02202389296301089,0.0009543340545533244,0.007309684871077847
261,0.08627783693282717,0.729360945025602,0.0008668517804064893,0.01354068926582366,0.16995367699534064
262,0.00653201994770105,0.9759475485280356,0.013156459428040616,0.0012484360277380544,0.0031155360684848236
263,0.02879400725519589,0.9474165894272616,0.0018198492469218594,0.0036193517826811935,0.018350202287939526
264,0.02736094923292584,0.9648282160176682,0.0004644649219954846,0.0027602398250148995,0.004586130002395523
265,0.011474229071393947,0.9757085390047359,0.0016929240756335146,0.0016506687453440164,0.00947363910289264
266,0.2419672766789034,0.1561749929698978,0.0014369939244381687,0.009321507356324803,0.5910992290704358
267,0.18400238693010817,0.7807095938251297,0.0007975647060021587,0.009086585329983094,0.02540386920877679
268,0.024218074418746238,0.9651511626904797,0.002147676163490345,0.001116838603537516,0.00736624812374621
269,0.09886615770692031,0.6495156882250089,0.001569534599697443,0.004419750438619355,0.24562886902975392
270,0.03945827014215223,0.9273375844340699,0.0019676146737342463,0.008255789616666438,0.022980741133377357
271,0.11176920968148625,0.8078174407344909,0.001136429752522135,0.04970000043644008,0.029576919395060717
272,0.02677526806132329,0.9551787038571832,0.0007182459315363168,0.011366686198470182,0.005961095951486884
273,0.013282340691999057,0.9672014675557383,0.0018405687270931566,0.010135826362626294,0.007539796662543251
274,0.08266254829182919,0.7320479096880783,0.001298097788690493,0.05724684821543769,0.12674459601596444
275,0.033579436868730946,0.8602714481096516,0.008223572164881269,0.01608752227931252,0.08183802057742358
276,0.02270283976892916,0.022899501403765368,0.0008628278250824376,0.008490951940506176,0.9450438790617169
277,0.36551472665218376,0.062403367816056765,0.0001014493887323692,0.020692908339493336,0.5512875478035337
278,0.23292321633685062,0.2518904462148093,0.0005371262585090651,0.022506955497181902,0.492142255692649
279,0.20702405359630732,0.42975595415275586,0.0009632076668340189,0.014142842644044702,0.3481139419400582
280,0.35992514847295215,0.5502405060425065,0.0006596110809062485,0.051558419579242495,0.037616314824392476
281,0.015884748697393907,0.9707542888785529,0.0011070349885201366,0.004089639177218157,0.008164288258315095
282,0.07783548752170716,0.857361757843375,0.0062210857043527015,0.03466527612808637,0.023916392802478863
283,0.03175856386860965,0.8624032106732434,0.00821000189613123,0.02427474843075172,0.0733534751312639
284,0.20649020239530516,0.624201887244168,0.0014336678771446293,0.11834441632606833,0.04952982615731382
285,0.036590447006991114,0.9475431251723524,0.0038454499057145757,0.004092688330531782,0.007928289584410084
286,0.020520492582121044,0.9754003013362347,0.0011525442023620695,0.001380257222167072,0.0015464046571149895
287,0.042408890064607366,0.9474241159432383,0.004932789469665973,0.003223794291849485,0.0020104102306391478
288,0.015878684537785535,0.9661868866142599,0.014835734975331279,0.0011849868682656248,0.0019137070043577216
289,0.015116488656943755,0.9566864335477538,0.020443141435002907,0.002438393037080758,0.005315543323219003
290,0.01782677166943929,0.9341667561641308,0.03918441995652068,0.0035307160010118184,0.005291336208897431
291,0.00977622670136911,0.9149348126923801,0.06260870172616421,0.004956210186455388,0.007724048693631063
292,0.02386032576508024,0.8719729393907173,0.05522545512865651,0.020752755811350287,0.028188523904195625
293,0.02202781671089824,0.876177715427064,0.07789682192433767,0.012521034816653086,0.011376611121046926
294,0.07515631305957234,0.6316438300994672,0.043175660092564384,0.008685887440909524,0.2413383093074866
295,0.03927534327081412,0.01862151719256669,0.0008959992425925928,0.002411490815763549,0.938795649478263
296,0.20321399159946812,0.02573528430089599,9.924587948207895e-05,0.0035339945471933635,0.7674174836729605
297,0.3612034923059321,0.5532780575287424,0.002780915729380765,0.002329082613035453,0.08040845182290927
298,0.16524904519083725,0.7938666287442158,0.004498943212982692,0.0010523317418285362,0.03533305111013571
299,0.021344401143053103,0.9568851728665365,0.011879812921294475,0.003159169081557033,0.006731443987558995
300,0.013945941549596559,0.9569831097723492,0.010788263316376787,0.007308813284219754,0.010973872077457559
301,0.07552212845375662,0.7127671178883178,0.006972110434836185,0.044304573061294525,0.16043407016179478
302,0.04393997733241932,0.8989191150934287,0.0014267479516062575,0.044062350958807665,0.011651808663738243
303,0.09030043184431846,0.3002304678566012,0.0013360950719288713,0.03467480634045097,0.5734581988867007
304,0.0765204561486638,0.8686199695991746,0.008596321831424603,0.011853246005867396,0.03441000641486942
305,0.2194541665195599,0.4720154905146844,0.01700435424884412,0.023861445836336186,0.2676645428805755
306,0.23709090889942547,0.684191256657586,0.004588503343355776,0.019978975466238065,0.05415035563339486
307,0.06793592239300858,0.897488136541107,0.0004138689228380723,0.008301091789861067,0.025860980353185323
308,0.06362535285258278,0.9058498755092099,0.0008192006872386931,0.00736158783104062,0.022343983119928197
309,0.00893990666166731,0.9375500942944607,0.03254125336190609,0.0025070325126859134,0.01846171316928013
310,0.07659559979833581,0.836334381538402,0.0010973710697925621,0.034239166399253,0.05173348119421682
311,0.04759557023548383,0.9116739933660707,0.0008418550850568601,0.014498864664246346,0.0253897166491421
312,0.2915836060124317,0.3712856085814943,0.0030442087036463474,0.029709806543463266,0.3043767701589644
313,0.3366696570985011,0.6383111849903238,0.00046460422393761744,0.016220323869847376,0.008334229817390158
314,0.05882475518243284,0.9339410543379882,0.0005206031482061529,0.0026861143541171317,0.004027472977255793
315,0.03125371130130127,0.9641813855709596,0.0010231527739744816,0.0024408164191831176,0.001100933934581366
316,0.014809172782536753,0.9756805689328478,0.0054880787714434815,0.0017562435937805306,0.0022659359193912833
317,0.010283032968954876,0.9837170710062357,0.001948980300602452,0.0024745870139259774,0.0015763287102808614
318,0.049864838816831306,0.9209333629963701,0.005538666815425829,0.006889581716239818,0.016773549655132995
319,0.005791087758475977,0.9838229361200357,0.006903623803842422,0.0012760993872471765,0.0022062529303986406
320,0.010361220533714105,0.9785688987201413,0.0057415580788819425,0.002603746611161645,0.002724576056100975
321,0.006334483123157089,0.9609291360997811,0.023790018601319105,0.004450260206103218,0.004496101969639344
322,0.0201974705605988,0.9459639245052222,0.00530819882709883,0.01914404923262065,0.009386356874459552
323,0.08172967434773569,0.5587269806779563,0.005889231043204944,0.037963323122131916,0.3156907908089712
324,0.09065268485728152,0.8093002599272953,0.005760519036708818,0.023113544085679835,0.07117299209303474
325,0.28527995902202347,0.5424063146853131,0.0022971924179975563,0.0757434406852471,0.0942730931894188
326,0.16280675793117158,0.6861236159592525,0.0010219474367981407,0.02160620811229416,0.12844147056048366
327,0.4752141831965915,0.20970791340241868,0.0007962457013043358,0.052935956936924565,0.2613457007627609
328,0.052906779621480146,0.9207590352285027,0.004961961736408639,0.010310088907426178,0.011062134506182427
329,0.022604412033309585,0.9616021714975269,0.00184880115993345,0.008679465534106043,0.005265149775123889
330,0.023883896761461246,0.9642063703105511,0.0011273478470619914,0.0070026944209382385,0.0037796906599874623
331,0.005249191017568216,0.9659617759158324,0.022529672361916598,0.0030252382977551,0.003234122406927564
332,0.044965860002143115,0.411980774876517,0.022392807934734835,0.009576599373145419,0.5110839578134596
333,0.020245824841368904,0.01604907515112802,0.0004268790096642948,0.002972774831100763,0.960305446166738
334,0.22742982181417665,0.5207732019924612,0.0008346549003505818,0.0064273329277832695,0.24453498836522833
335,0.497605065820221,0.40234626056624134,0.0007313620594482343,0.005373737982717091,0.09394357357137244
336,0.05896230630209444,0.9157141139027499,0.004539447655699046,0.0020784894572529944,0.0187056426822037
337,0.11558009027221516,0.8009886390323644,0.0006808318015850357,0.07164849958956217,0.011101939304273162
338,0.09513833927305568,0.8421313748253321,0.001113831714044666,0.023466274379419956,0.03815017980814756
339,0.08770991260427746,0.8691157579578183,0.002274267561870352,0.013020053060132208,0.027880008815901657
340,0.05016532512640797,0.9407779417479432,0.0012550108308018104,0.004518792319359483,0.003282929975487553
341,0.009504855407519679,0.9307700285389979,0.05731833660259275,0.0011996221086683046,0.0012071573422212578
342,0.011196992221700139,0.9797300256574659,0.005075834453303133,0.0020234853818671033,0.001973662285663764
343,0.005270272590727316,0.8972697644130473,0.09284285999950936,0.001780573478668345,0.0028365295180475423
344,0.00397275371408981,0.9711709444650375,0.02115333304400947,0.0011193990013180415,0.0025835697755453167
345,0.004267742133509954,0.9479280602272533,0.044727804841234536,0.0016072643661499948,0.0014691284318520857
346,0.008705360202494683,0.9624769843022644,0.019710197004372758,0.0040051705853749,0.005102287905493285
347,0.020109028177533506,0.6964598577267105,0.21859675909197276,0.00615774336156747,0.058676611642215784
348,0.12895972680599266,0.7843002288852949,0.012468437258899593,0.005660584998717301,0.06861102205109541
349,0.09864417742003691,0.16275629672678577,0.00039111772960531796,0.005600779280440449,0.7326076288431316
350,0.15212656707153385,0.8212421019464707,0.0037932646876988204,0.002307782623460187,0.020530283670836414
351,0.42361978746118256,0.5186699130065885,0.0005377666685236382,0.033230298774727864,0.023942234088977443
352,0.014001460704021022,0.9634126132750065,0.018818917155305332,0.00177083489662409,0.00199617396904303
353,0.006776342360805538,0.9469331064733751,0.04014908772987437,0.002490685953591446,0.0036507774823537134
354,0.030053005905179526,0.945296790908748,0.0029468155306324522,0.011744835334645841,0.00995855232079426
355,0.01284374645531187,0.8714223128143257,0.01236307262714243,0.007178682516776084,0.09619218558644406
356,0.17920535014564373,0.7203562295129776,0.0007580607627897364,0.07243550185166597,0.02724485772692291
357,0.3540802768517112,0.5522286474860918,0.0025690196372832787,0.019564076186323477,0.07155797983859022
358,0.08993469216103105,0.9042820056829024,0.0002826243819718809,0.002437521150905166,0.00306315662318963
359,0.00590611824659918,0.9880652048042764,0.0046756290329855255,0.0003923395702174639,0.000960708345921136
360,0.010850213104032794,0.980376606249066,0.00610972523483918,0.0014458762214964072,0.0012175791905656742
361,0.004600077953503778,0.9847059977845999,0.006783705157281035,0.0016458461242139543,0.00226437298040142
362,0.0028075098847575625,0.8338687884576983,0.1583618678256605,0.0032168633066154474,0.0017449705252681738
363,0.017582654374891735,0.9692707432163506,0.002837875798961138,0.0034533719595240733,0.006855354650272398
364,0.003041374531762684,0.9587170556142167,0.03451440156214928,0.0007355643265406542,0.0029916039653305627
365,0.007090890514471488,0.7503722951373188,0.23430836215046974,0.0032591694390782405,0.00496928275866159
366,0.004333300715056397,0.6779349081402571,0.31149511368467125,0.001955847901791521,0.004280829558223736
367,0.01193034252226519,0.9039463326568664,0.07337677474219875,0.0028721331055697424,0.007874416973099858
368,0.0028778693787503374,0.36117546567111564,0.6297267085963334,0.004225622527013518,0.001994333826787034
369,0.007559769142167936,0.899336339737876,0.08264454671134107,0.00329938504019871,0.007159959368416317
370,0.001204771955947706,0.3631305915039942,0.6325685571159935,0.001349795348758755,0.00174628407530588
371,0.002474680371343405,0.42663652265073426,0.5634743420754197,0.00193895511624762,0.005475499786254956
372,0.0012803836839144532,0.34601299176142897,0.6508480146553697,0.0005627768372311009,0.0012958330620557188
