epoch,N1,N2,N3,R,W
0,0.000290211810902105,0.0005920058957532401,2.2560492621419163e-08,3.068192727477841e-05,0.9990870778055774
1,0.014606187627680555,0.02326087171237412,0.0007056320752370011,0.0004829743688730782,0.9609443342158351
2,0.012945345797344581,0.009675149279922456,0.00029462817703916616,0.00028199791611403904,0.9768028788295796
3,0.007837189347607252,0.0029375225401896193,0.0006735706722940337,9.52600840754354e-05,0.9884564573558338
4,0.007150428980887926,0.001156563101180556,0.00026135481110353063,5.962388430858297e-05,0.9913720292225194
5,7.35797734410001e-05,5.879683264920466e-05,8.33768558317736e-05,1.8532949929839153e-06,0.999782393243085
6,0.0019394872334025873,0.0014918754749872042,4.5628066413802996e-05,4.012402564310159e-05,0.9964828851995533
7,0.0029816636970271854,0.002524094907755909,0.0002827387644917431,8.406532244161966e-05,0.9941274373082836
8,0.00926420625890855,0.0029148600362330856,8.684343443834448e-05,0.00027494003948106495,0.987459150230939
9,0.008150637557956582,0.0034677623842248075,0.00012032889157748989,0.00016030349292831813,0.9881009676733128
10,0.00721411780724307,0.008775984084573911,0.0003203968721136405,0.0003104214817371964,0.9833790797543321
11,0.010678161039462562,0.006029389230220348,0.000325475243226069,0.00022865718230567287,0.9827383173047852
12,0.006437914546190579,0.003235931169772914,0.00044969882687243674,8.897576787405103e-05,0.98978747968929
13,0.07365459010708578,0.027136630082606857,0.0010302222588688369,0.0015105806150554429,0.8966679769363831
14,0.1120693071102292,0.014460375434960333,0.0018202014159869576,0.001366594039432606,0.870283521999391
15,0.10999827204975399,0.029135493620229054,0.0038683711348680644,0.002511368217051098,0.8544864949780978
16,0.11410553383901674,0.043892997414751715,0.0009690678702223507,0.016818698530512387,0.8242137023454968
17,0.06016545300909522,0.027178987748467432,0.003041322821400118,0.006532645547662399,0.9030815908733748
18,0.10331655517672596,0.022048419862026995,0.007230432059836982,0.0049725071822331,0.8624320857191771
19,0.05520703974423372,0.0260270194535434,0.003707327119864261,0.005423162184484954,0.9096354514978736
20,0.05104889054377835,0.024925081524508407,0.002264403070570697,0.017891990230239223,0.9038696346309033
21,0.06421699155351011,0.04159858391814686,0.042973586551487045,0.014351553362844527,0.8368592846140114
22,0.18337266756964035,0.12224721604779883,0.005758181863272076,0.016509868818878344,0.6721120657004104
23,0.15268337640475302,0.13970579990029972,0.05269916528923033,0.02107681689394858,0.6338348415117683
24,0.12030148598298138,0.29968818597430197,0.012169536370758622,0.022666974887656323,0.5451738167843017
25,0.14698106465679453,0.40492471690544746,0.007156495913323914,0.006704616453189842,0.43423310607124427
26,0.08647075287523504,0.7976040923139136,0.03293082163102286,0.007398249911909498,0.07559608326791915
27,0.1236426658649436,0.6008922577370152,0.0067458183006885355,0.004357644996525171,0.2643616131008276
28,0.10599139361636732,0.7408566832714475,0.029456192331566218,0.0019722655014865562,0.1217234652791323
29,0.16706179488830195,0.7427795271352567,0.03992771002469387,0.0014982453496007297,0.048732722602146866
30,0.3014481679710171,0.5805471727750741,0.03641299483525283,0.0011465374101516067,0.08044512700850448
31,0.0716040901693596,0.7289002433653847,0.06122305196457413,0.0007448534933124175,0.13752776100736924
32,0.03155535204035851,0.6556381868974027,0.17352487869565147,0.0009501092697432489,0.1383314730968439
33,0.04324933275655253,0.7145162155128679,0.13552763806416412,0.0008340770477590264,0.10587273661865639
34,0.012661911082356347,0.6630382874586549,0.2433022226695959,0.0006491299914732201,0.08034844879791955
35,0.025400366663810466,0.6378980898086928,0.03715307592273561,0.0003787205908464756,0.29916974701391463
36,0.08575570380946286,0.35445489814927833,0.019780702023107527,0.0007683047836736789,0.5392403912344776
37,0.19246582885227867,0.5307528487019957,0.014404738281211058,0.00028645180182654316,0.262090132362688
38,0.051681082586205,0.47868250258118983,0.1324888412250094,0.0005161574094634755,0.3366314161981322
39,0.03240254701084236,0.640765589032703,0.043794681123989466,0.00031132118875352847,0.28272586164371155
40,0.030803949635769077,0.7745060052356816,0.08044438355396248,0.0004450307225048182,0.11380063085208218
41,0.008283452738192294,0.41699062976623513,0.3957830765076282,0.00012657767959860634,0.17881626330834585
42,0.014973202327126964,0.31204116735890497,0.450844956928313,9.272233196344515e-05,0.2220479510536916
43,0.0038781407059470525,0.011950956559366522,0.003348026000524051,6.905285232220597e-05,0.9807538238818402
44,0.016828149922716085,0.02075383583269092,0.003322232257270106,0.00021484567840725002,0.9588809363089157
45,0.034126062928269,0.01620137585081981,0.0013472016619590806,0.00021878361731235277,0.9481065759416397
46,0.015433868402997339,0.00614552121536155,0.0008143071899981705,7.948251859641407e-05,0.9775268206730465
47,0.002301874668905997,0.003113446017645727,0.00020623565767526384,9.470840413231865e-05,0.9942837352516407
48,0.0345067087639846,0.008221172189562004,0.00017121040350612514,0.000373204661327346,0.9567277039816199
49,0.0533783585915584,0.0124191540292264,0.0004305029347104332,0.0002573373114495759,0.9335146471330552
50,0.031802169066604075,0.006484406266661275,0.0004310140222811476,0.00021250382102397822,0.9610699068234295
51,0.13291538409116674,0.03575321476357992,0.0042930434468926,0.0007957759589410112,0.8262425817394198
52,0.04211044010347467,0.02582201494139912,0.002188147776571767,0.0009779639433672215,0.9289014332351874
53,0.03562088287328036,0.024600117023502316,0.004202439115742462,0.0007267990132606558,0.9348497619742142
54,0.03608273532733944,0.015799234574249133,0.005034851012642577,0.0011238120289504775,0.9419593670568183
55,0.023566344774816957,0.020693168631342088,0.0032267776515389115,0.0009690504690998183,0.9515446584732022
56,0.0026611725265617728,0.002450350514858226,0.00018980254513668298,0.00015934945592626287,0.9945393249575172
57,0.0015694617519598118,0.0015977108399463159,0.00047075305885172874,0.00013939058381238047,0.9962226837654297
58,0.04181458986022625,0.033218979282182294,0.003800977458336634,0.0027409362614059336,0.9184245171378489
59,0.02170477995217103,0.014925202785786955,0.010551218294492435,0.0018972571062454975,0.9509215418613041
60,0.0028170395039100347,0.0022482258818244385,0.0021562936639909582,0.00037828404131651753,0.9924001569089581
61,0.008881990073958325,0.00286234430156736,0.001343188533423268,0.0005749293121893063,0.9863375477788618
62,0.036209185933472554,0.013762868632553453,0.002797568815595073,0.0014563450779169365,0.9457740315404619
63,0.18622688832922427,0.03732811503584146,0.007127749070497297,0.004599646944871471,0.7647176006195655
64,0.024171809128922243,0.024985531246563126,0.0008111087424529169,0.0009324154731318562,0.9490991354089299
65,0.23909419950565175,0.0801493658182313,0.0013483074415604076,0.0029598834984546243,0.6764482437361019
66,0.02101229559701795,0.01498956702671913,0.0018505050238736519,0.00046579912507292183,0.9616818332273163
67,0.1969207070957356,0.11780955641157634,0.013555729951840229,0.008016527289639851,0.6636974792512079
68,0.019964668285099327,0.012521294711268867,0.0010714452985190422,0.0005563445063436082,0.9658862471987691
69,0.4199303336015728,0.104902972861542,0.0019197546536094065,0.004147425000386232,0.4690995138828896
70,0.1676107203296582,0.0985146747778504,0.008948735019977077,0.0021334862856924636,0.7227923835868217
71,0.1364052573535453,0.10860178852536163,0.0029098127433341064,0.0029891530181488223,0.7490939883596102
72,0.038470208985352236,0.02488859431890916,0.00858393580271629,0.002107012578272798,0.9259502483147496
73,0.15628153763016894,0.12483627072049701,0.045040753874048996,0.008949682389403461,0.6648917553858815
74,0.15062196375809564,0.12990606541580427,0.04190799258031598,0.012494429204925231,0.6650695490408589
75,0.029285261880154297,0.025258571441707685,0.0029723499979670102,0.0013990525193068326,0.9410847641608642
76,0.06136800818433487,0.06945825803912878,0.0023798816660418913,0.01035854253814852,0.8564353095723459
77,0.10586969134514984,0.06362786680947498,0.003805708474031201,0.00625662539903872,0.8204401079723052
78,0.15850906418651634,0.047395436248814836,0.00760205862925001,0.004955303089117225,0.7815381378463017
79,0.13752914184504975,0.05406096952493815,0.005851261160527692,0.009665440139324863,0.7928931873301596
80,0.11108532199803828,0.09136172877866583,0.008508301883581426,0.005843049845289653,0.7832015974944248
81,0.07605345870373058,0.06953352395711045,0.015226696061015616,0.01804587717325638,0.8211404441048868
82,0.012014698986917908,0.011293173166416575,0.0011279961825980598,0.0032630250649072173,0.9723011065991602
83,0.026820071950862244,0.02392547672024027,0.005068874880814053,0.007552439754974114,0.9366331366931093
84,0.009237333534048868,0.009812596468189798,0.0008223777303911696,0.001244680208083994,0.9788830120592861
85,0.0015946837542185988,0.0013042439390128383,0.0003185604845427843,0.0002615752435594549,0.9965209365786664
86,0.01877697445285242,0.0120530433926389,0.0007800833038850589,0.0019147210550975577,0.9664751777955262
87,0.09583609370522485,0.04136777339370206,0.002278205021277154,0.0065696601209900675,0.853948267758806
88,0.048386101005056234,0.026302532877442303,0.0025899683411523314,0.0032409419167318517,0.9194804558596172
89,0.09743559672227314,0.05499541271844829,0.0031070819082503727,0.0058907709500199525,0.8385711377010082
90,0.031597067645883416,0.019900375236224115,0.0025106046423183986,0.0014816323469628865,0.9445103201286112
91,0.13651588873661402,0.08301646177009979,0.008174285727451982,0.004404565624619177,0.7678887981412151
92,0.1883338703751862,0.06536050589010871,0.012510512192877124,0.002589884770057811,0.73120522677177
93,0.24184149515997766,0.06080146090439329,0.005174082378050753,0.0022075244048887976,0.6899754371526896
94,0.44725540690851084,0.26927873801746427,0.023808440665883703,0.0030263733761836495,0.2566310410319576
95,0.17290184724698557,0.5461574706883421,0.01907951723603439,0.004068305072923729,0.25779285975571425
96,0.2865692802117809,0.5959870158302579,0.019637263591601246,0.003053916550695818,0.09475252381566403
97,0.19946910384145966,0.6155078279227179,0.03162604675796494,0.004039215090317753,0.14935780638753968
98,0.13534968093122035,0.7302692537615455,0.058725965574996014,0.002172774313418119,0.07348232541881984
99,0.11270534420400509,0.756108341197177,0.05845583923570221,0.0018337994781282307,0.07089667588498744
100,0.04693775136519755,0.6683726936711458,0.08639710331823329,0.0035654184664715336,0.19472703317895187
101,0.017697809093582813,0.7755043456296694,0.148791803466198,0.0015288072365223294,0.056477234574027604
102,0.14778728763743704,0.6347402975973853,0.008086498252241607,0.0020514176782361697,0.20733449883469995
103,0.026955477064978046,0.8941591348258635,0.05252167977152581,0.00043811699359335766,0.025925591344039142
104,0.044125332394983584,0.818169083776006,0.045038976457860924,0.0013434485251450309,0.0913231588460045
105,0.02968922028124931,0.8554581162071838,0.05947682803083524,0.0006571408030498754,0.05471869467768179
106,0.007536534571997562,0.5794131643487966,0.3279012536879406,0.0008097534318292825,0.08433929395943598
107,0.006263770926317807,0.4016910360323625,0.5588225111004775,0.00021490823512312576,0.03300777370571916
108,0.0454424194016036,0.7620164212724538,0.07448395365835714,0.0009292182279287075,0.11712798743965663
109,0.021072318980993085,0.47970011062951345,0.46920539314269294,0.00022840187994859805,0.02979377536685209
110,0.003072767240506123,0.14857057562541454,0.8202965196038752,0.00012335884454233562,0.027936778685661728
111,0.012509308615100996,0.26881604409020476,0.6910187356960783,0.00015232802106294045,0.027503583577552948
112,0.002523227729734367,0.1477470972237891,0.8233116778699644,0.0002290064361438922,0.026188990740368165
113,0.02127997797115698,0.35988605822139325,0.555896368829113,0.0002053870420604792,0.06273220793627632
114,0.013336043940402352,0.13029560736087203,0.8360801964991545,7.260493571175957e-05,0.02021554726385929
115,0.0023965955603063886,0.14695632246219054,0.8211934987858345,6.532548254253107e-05,0.029388257709125908
116,0.00408694296303617,0.1626458734702912,0.776070734520555,8.293743438026656e-05,0.05711351161173735
117,0.00387551840316528,0.16149411150234474,0.8079136463003462,8.30842763964201e-05,0.026633639517747505
118,0.0011522110922676902,0.06313866400839582,0.9067987211221372,7.128836341125165e-05,0.028839115413788134
119,0.00374491147363877,0.0823816010926368,0.8932131563250799,0.00011352351715162376,0.020546807591492765
120,0.000682063841976763,0.06080371977591001,0.9323627657992772,4.6902439512711855e-05,0.006104548143323124
121,0.005800646431905189,0.19955892350950363,0.7758619629848703,5.6920016030395995e-05,0.018721547057690562
122,0.0014536383290019226,0.08066260847146312,0.8978322487847403,9.517305893431925e-05,0.01995633135586031
123,0.00557693168669422,0.05926171697135529,0.9223217657800236,6.0217636099262994e-05,0.01277936792582762
124,0.004705765723511383,0.0628868231566026,0.9237375317138984,5.0975843006072655e-05,0.008618903562981681
125,0.0023869764506799463,0.06277629219242084,0.9227904825875085,5.012928844272671e-05,0.011996119480948047
126,0.0009170686944147125,0.07424780353397997,0.916868693960718,2.921865824855532e-05,0.007937215152638835
127,0.0008525048799199506,0.05610195203061612,0.9284279295378094,3.0389493531891776e-05,0.014587224058122546
128,0.0010319027939912058,0.03214030240286937,0.9542985003636562,2.3571910017780595e-05,0.01250572252946545
129,0.0011006724777654646,0.08750112160567751,0.8975870270053257,4.090134702235271e-05,0.01377027756420906
130,0.0003131223241793235,0.01983226826126376,0.9689170636200362,3.166800278663768e-05,0.010905877791734207
131,0.061139286519912094,0.27482610521621864,0.04214164491554453,0.0016055971252957595,0.6202873662230288
132,0.10570498227279089,0.5774927912332003,0.11827560818499912,0.0013068313989025178,0.19721978691010705
133,0.07116442755709748,0.5983375553322896,0.14486774270213693,0.0009433797916336662,0.18468689461684237
134,0.17798301627991084,0.6742589858273842,0.07982342303076902,0.0009171458611031221,0.06701742900083273
135,0.07558175945331522,0.6918869417883668,0.15133492381926622,0.0027910837615785873,0.07840529117747318
136,0.11711657869994534,0.6765844497590934,0.14083728469704668,0.00464593421915657,0.060815752624758135
137,0.09130632058379781,0.7504463688686408,0.08858364736794762,0.0065121833041103215,0.06315147987550342
138,0.07459515820352484,0.655908903748282,0.1784394969787671,0.0083499439076232,0.08270649716180277
139,0.060615151810295705,0.6935106797197624,0.20684635356705727,0.004031248282603036,0.03499656662028164
140,0.10271537515961988,0.7401169974822691,0.09252297416995497,0.007669291992560165,0.05697536119559588
141,0.05221671316309572,0.7860963753389855,0.13332512887929676,0.005334134560633343,0.02302764805798867
142,0.11852802320023362,0.7803655493916417,0.06080591824120497,0.005551392499180673,0.03474911666773922
143,0.24068822174227786,0.6638390842666235,0.03405656882778514,0.006661859277914064,0.05475426588539952
144,0.05652737895253159,0.719029962117811,0.17124007832820956,0.0018473566826692788,0.05135522391877854
145,0.11672737892816579,0.7478987032098957,0.06449027811769416,0.00484486337670443,0.06603877636753995
146,0.01861947675559481,0.6556193385084074,0.3088475107859991,0.0012924214025362472,0.01562125254746236
147,0.05236093341898284,0.6305417095051683,0.29563074805504247,0.0012837554929347227,0.020182853527871778
148,0.12987902963543993,0.7824191302961109,0.056825254987865816,0.002768544061950612,0.02810804101863266
149,0.0419344225784015,0.82756664134785,0.11240772808747183,0.0014119389800064123,0.016679269006270148
150,0.04675395766007264,0.7491532534421527,0.16655562149265185,0.0015833070903804641,0.03595386031474226
151,0.03237990063808259,0.8562655014605651,0.047730041634439856,0.001953409936366179,0.06167114633054642
152,0.07992330188515132,0.7275512233933397,0.16317375978235132,0.0017437988835602332,0.027607916055597544
153,0.05636976416367192,0.7018847116314391,0.23297103457551138,0.0006435327588465864,0.008130956870531005
154,0.03405853923689617,0.8153534056651058,0.11765613351259079,0.0016014209503965313,0.03133050063501065
155,0.01590585871194435,0.41227974476013485,0.5446582067609227,0.0009283215182348804,0.02622786824876322
156,0.06229361209577228,0.5501935264834892,0.3708862546846743,0.0005595697370413199,0.016067036999023163
157,0.02493048983806772,0.35641560226132185,0.5856523171679311,0.0009430713314012942,0.032058519401278095
158,0.02695825191747804,0.3987070371377762,0.5612283444889984,0.000520364357884579,0.012586002097862738
159,0.010403645829179596,0.5777745080096452,0.3886516478733788,0.000602928179019422,0.022567270108776866
160,0.1212993900141552,0.5810237032711169,0.2193252042027218,0.0015632729508960384,0.0767884295611102
161,0.07034720960456044,0.4830568078646204,0.28531743030759005,0.005720664256670758,0.1555578879665583
162,0.24708048515965478,0.6209900498160549,0.029400627113608666,0.00716901256694294,0.09535982534373878
163,0.22293362381783086,0.43353797429660645,0.049334083011538486,0.005765825011356609,0.2884284938626675
164,0.37942254947479026,0.4500719228864243,0.05615120552582906,0.009563868112044927,0.1047904540009113
165,0.18571202203068962,0.525405589238022,0.09239821363255599,0.02059257922912933,0.17589159586960293
166,0.03406043441213637,0.5631936241251435,0.21428623851682568,0.015242595210540777,0.17321710773535368
167,0.05162946916970982,0.05604200426928881,0.0061352256494955695,0.003883186271632056,0.8823101146398736
168,0.008142538532596593,0.009745524055569482,0.008956930641940506,0.0020335842361257155,0.9711214225337677
169,0.276934143714666,0.17782136214253608,0.009614817372363393,0.019417346376568702,0.5162123303938658
170,0.3189378400275637,0.12799665104651434,0.011300145833385069,0.013462384775382297,0.5283029783171547
171,0.09313244389546195,0.038762362861270355,0.003667416209476959,0.003969770081979686,0.860468006951811
172,0.19943619588008762,0.2670745960286813,0.02497505525752943,0.01932233674376948,0.4891918160899322
173,0.25844419680297265,0.27980062426643776,0.052094841056047794,0.03263138420098182,0.37702895367356
174,0.3177012530916537,0.5285645055865534,0.04287206259699162,0.026063642372024017,0.08479853635277722
175,0.2984686065613215,0.3679499980722438,0.03526984730663251,0.07353062768343253,0.2247809203763696
176,0.18702824500661158,0.6151382901127306,0.08023386049264417,0.05696560986642732,0.06063399452158635
177,0.3080444727917908,0.5595819488254121,0.012110893979617711,0.0325954677642821,0.08766721663889727
178,0.18929275577258273,0.7004782818017865,0.016728940689016987,0.022475551748637284,0.07102446998797642
179,0.11464651070581933,0.7251864514058094,0.04736047498821555,0.036757801989917925,0.07604876091023793
180,0.0468915442298899,0.7933442522705666,0.05210957306234694,0.0306711572489763,0.07698347318822017
181,0.11630071680472713,0.7619024802641979,0.026967504729783345,0.049252887882162866,0.045576410319128687
182,0.10198930324100954,0.8277151553026899,0.019402436965714476,0.023109123893680562,0.027783980596905417
183,0.05790682990338997,0.842047973700171,0.06055230242291837,0.009924261916733415,0.02956863205678709
184,0.07324339974713093,0.8232763241107109,0.0469775592580858,0.011583594226156067,0.044919122657916144
185,0.1559863893980749,0.7049683631332468,0.025601190848147846,0.027518185794024458,0.08592587082650603
186,0.08958401956329497,0.7820641684290901,0.010885781481155042,0.012942312392489937,0.10452371813397002
187,0.03178892735430957,0.7325097876212809,0.20883588060744138,0.006811763890100747,0.020053640526867374
188,0.1778722023410594,0.6912331464867898,0.02123791829963574,0.015678635127475735,0.09397809774503929
189,0.017702158021703416,0.8427012665644916,0.11435989890006071,0.003474336623817194,0.021762339889927002
190,0.029664914290777965,0.8390484586606503,0.05410178682171844,0.00842360759265736,0.0687612326341959
191,0.0697690932614573,0.5100809852617767,0.14035912410091334,0.004558140832547351,0.27523265654330525
192,0.048575089125999824,0.7645908651129802,0.12447800057133568,0.018440291900626325,0.04391575328905807
193,0.15928179364369652,0.7011483261317893,0.1015110491657293,0.00405195905964455,0.034006871999140244
194,0.22370753187708234,0.7163601389911047,0.03223378172439755,0.005930927765235225,0.021767619642180023
195,0.04864881314826159,0.8078123641356125,0.10663251219657342,0.005917008255508325,0.03098930226404415
196,0.05013713009136686,0.7406190947942388,0.16550349146322121,0.00377423077956421,0.039966052871608974
197,0.011946280957260165,0.5277723018199432,0.44882524948748276,0.001416467057085946,0.01003970067822791
198,0.03462532976498803,0.6703358847318579,0.27949001931388234,0.002797790280462275,0.01275097590880943
199,0.019817093158940723,0.5093225562916492,0.42098352135444406,0.004492766095143869,0.04538406309982218
200,0.01846590822765536,0.5069866543753853,0.4625492780028262,0.0015775662992108318,0.010420593094922409
201,0.025236819898416526,0.5488864480598299,0.4087060066695263,0.0023590274674887626,0.014811697904738564
202,0.0237978850366353,0.6592016043601002,0.26454791509505027,0.007590367783679374,0.04486222772453501
203,0.03497762070216101,0.30328435704336193,0.07968664002884594,0.014694438253836878,0.5673569439717941
204,0.130204827976108,0.7233073671670103,0.04755430093767286,0.026675231365774533,0.0722582725534344
205,0.19258892377386336,0.584658493341002,0.049756844500298006,0.01158210208723114,0.1614136362976055
206,0.26235523930554994,0.47657863458362787,0.024861036209419277,0.010356704793181348,0.22584838510822158
207,0.1926586154801238,0.21414635872840973,0.005627871427399915,0.01800379068802193,0.5695633636760445
208,0.20667051909792802,0.6456493952972913,0.050438850770691226,0.011952333369660503,0.08528890146442908
209,0.2765849667757923,0.5394983241596081,0.02928301651685388,0.03296273961509951,0.12167095293264629
210,0.06868782358533532,0.07511606172676662,0.003714048222514677,0.00987443013218164,0.8426076363332018
211,0.13863467849965336,0.5298325501038335,0.1024727484595639,0.05741391270211684,0.1716461102348326
212,0.18145360188709045,0.21760303997819377,0.017864101160333646,0.019575721788569908,0.5635035351858122
213,0.4220565672295037,0.27519023531951714,0.02187606428561907,0.02226568483668604,0.25861144832867405
214,0.12851442115310993,0.6309078766828212,0.07609893424362095,0.0641888729660133,0.1002898949544346
215,0.338669715922275,0.5262722056131182,0.03569890077606254,0.03927485061388786,0.060084327074656434
216,0.26847452127765414,0.39830141898014115,0.056327750684027976,0.11799221137452796,0.15890409768364888
217,0.15739591679033324,0.1848973294367428,0.029281404847348817,0.14394469349270625,0.4844806554328689
218,0.18502751404695708,0.7276928542536434,0.035750312476451725,0.02234450911702522,0.0291848101059227
219,0.08699946051771762,0.8198743871964689,0.038079853546846544,0.03314595838358716,0.021900340355379848
220,0.023754406520911767,0.7916328567008472,0.15404742141510452,0.018214694049056828,0.012350621314079744
221,0.06049636849343675,0.6972406047693072,0.010827986315050409,0.20479973129382278,0.026635309128382977
222,0.07662702767663623,0.7494847442589181,0.05959965967545864,0.0821712170419901,0.032117351346996996
223,0.07663026432284939,0.6650075762984698,0.0685799431902018,0.13171258441751796,0.05806963177096094
224,0.09286175040932569,0.6004572204342118,0.03551433954950104,0.18763349442045862,0.08353319518650301
225,0.06646616461960057,0.5908977473508846,0.026891096513207115,0.24564355181790273,0.070101439698405
226,0.07092290261353121,0.2633739860536738,0.001998898573797896,0.5950573703268062,0.06864684243219102
227,0.1123366705237438,0.585911510843581,0.007206132287956993,0.23383767200692257,0.06070801433779583
228,0.055779887795499895,0.44221001442117036,0.006329642253533231,0.47705934979614933,0.01862110573364708
229,0.047692021480283155,0.21389237971489994,0.0017928994954867035,0.6760842263830665,0.06053847292626371
230,0.13116892738741642,0.10820598599920947,0.0008870514451488137,0.7068739597041452,0.05286407546407993
231,0.05099065529173073,0.11866940681284968,0.0012261267029436377,0.81117171582418,0.017942095368295975
232,0.07771012193941125,0.11022227692254494,0.0008295459273499243,0.62128830669103,0.18994974851966387
233,0.07946277018402115,0.02808829503999117,0.00015290859050538463,0.8508731152911542,0.04142291089432822
234,0.18528703329119167,0.0927627226743202,0.00034993846824819705,0.5853124703051008,0.13628783526113902
235,0.1502494794229534,0.07739713189360947,0.0004288672973697814,0.5213046873313505,0.2506198340547168
236,0.0656746315634418,0.028132939131275823,6.929214175200526e-05,0.8797408897427949,0.026382247420735635
237,0.09248773018336963,0.049128529722490946,0.00037600286937353075,0.7302014983986836,0.12780623882608222
238,0.05369174379103493,0.03854252018772096,0.00019261895687810443,0.8682239334510702,0.03934918361329606
239,0.2165265770181605,0.0444030467753238,0.001256468621446225,0.41798554307922653,0.31982836450584295
240,0.10648914598182224,0.05407991928687556,0.00036865317447687585,0.6972066443720634,0.141855637184762
241,0.11755033256281577,0.03716225461728881,0.0005340802298349625,0.7257650336537987,0.11898829893626174
242,0.13763220858240707,0.04705347949147935,0.001327970004234651,0.2757240269260103,0.5382623149958686
243,0.11054054011132812,0.04094052626024423,0.0009238612164811038,0.3297178147944081,0.5178772576175384
244,0.11394134194722225,0.040332427947079745,0.00023540048497054994,0.7963186793416336,0.04917215027909392
245,0.06131034091552172,0.027416741922908258,0.00018264596073537713,0.8840118356644574,0.027078435536377284
246,0.22000111920951754,0.027210517096342896,0.0006720593347751075,0.3006233022602576,0.4514930020991068
247,0.07484683621796938,0.05319774649599762,0.0002478098779609842,0.8179026749450409,0.05380493246303121
248,0.07827193480982785,0.0356520831273537,0.00020761362167592655,0.8495328301955333,0.03633553824560928
249,0.06686875789883391,0.08274171287846435,0.0028101205001457037,0.40369771790663755,0.4438816908159185
250,0.06030121931644387,0.035377202156249496,0.00013617677865925934,0.6293401048575609,0.2748452968910865
251,0.09733106376107782,0.0340831925707225,0.00013248346072250368,0.36557015376235574,0.5028831064451215
252,0.06695862680524772,0.016710204186627022,5.5499182465482677e-05,0.7520993344006662,0.16417633542499363
253,0.06726288784199133,0.04366769391222108,0.00013070990286549017,0.6717575786381201,0.21718112970480208
254,0.19565042990629564,0.02202319221501283,0.0003240469623955696,0.5979541722489224,0.1840481586673736
255,0.11798141028570491,0.06356888223028588,0.0002080847172098708,0.7401091602137212,0.07813246255307817
256,0.16768570362403595,0.058180995502253606,0.0005859638210939139,0.37856423256284094,0.39498310448977547
257,0.05622932729299715,0.06479882232806479,9.666407666849777e-05,0.8581041446341933,0.020771041668076213
258,0.058213402443366605,0.10359229891219808,0.0003120582016006694,0.8242771283232336,0.013605112119600983
259,0.04454251394453386,0.1958079740327222,0.00010951442043024685,0.737852750720437,0.021687246881876676
260,0.05106757485439926,0.2855182962676812,0.00014913074810223506,0.6122258605301025,0.05103913759971495
261,0.03345419252459778,0.03885487459450253,1.577792344127227e-05,0.9077954221194424,0.01987973283801618
262,0.056512884619516,0.10148325580130826,4.287106433011631e-05,0.8233119779709074,0.01864901054393807
263,0.09020871796014118,0.062824884695461,0.00012106987344551241,0.8259345818977462,0.02091074557320614
264,0.03169512721701121,0.018209375029330475,0.0005422497275660602,0.09109408892494661,0.8584591591011456
265,0.1153923703745973,0.01642573019301419,0.0001314723392756316,0.822648250950654,0.045402176142458874
266,0.34173516905116386,0.07747328100126595,0.0006599830360872484,0.44932274629349894,0.13080882061798393
267,0.2166135176620878,0.12748023377995452,0.0010990860074103603,0.4898912571180475,0.16491590543249987
268,0.24249427856820432,0.23591177989279052,0.0010133704059498783,0.4187624506134324,0.10181812051962297
269,0.1757903884144877,0.17350424718101287,0.002231627480626376,0.6310342379578586,0.017439498966014336
270,0.25834674160037874,0.39374948705873053,0.007173696754073411,0.30371309964209825,0.03701697494471903
271,0.08199648865157341,0.609007377867463,0.0023580337271578455,0.26187520922524105,0.04476289052856475
272,0.09856540485722748,0.6547147442885785,0.010966399095998268,0.17936539779311386,0.0563880539650819
273,0.19295433214914162,0.4739221746478625,0.006527288695939935,0.26074249854203724,0.06585370596501863
274,0.19295206055951702,0.7401955249666337,0.00504045495872984,0.045625052367213204,0.016186907147906347
275,0.08546836931592046,0.8128616218337816,0.042384915115871426,0.017530003611722147,0.041755090122704445
276,0.23993865213405854,0.6485043821947841,0.03298680353506099,0.00435222728196388,0.07421793485413254
277,0.18929819674246942,0.7796385893325423,0.015292623931308676,0.005491524744871716,0.010279065248807773
278,0.19702491001348454,0.7476148882569695,0.014479901942916087,0.008759582695163663,0.0321207170914661
279,0.12524884567591088,0.8111526847773307,0.036183073147248807,0.004078406887659257,0.02333698951185028
280,0.05196967692396483,0.8668867578582166,0.06761959595161363,0.002982794222640513,0.010541175043564431
281,0.04629555597844205,0.8916829593496982,0.03165240991561381,0.00540525928390325,0.02496381547234269
282,0.0082764363645567,0.741236811229655,0.23233998576997666,0.0016751440024576289,0.016471622633353913
283,0.0342877267697274,0.8681638508837627,0.03429798751952191,0.0034122848549404837,0.05983814997204724
284,0.03408697012715223,0.8288705140599056,0.0738668374534001,0.0028722030069988995,0.060303475352543115
285,0.034034197574293656,0.8580081511356414,0.04784303201129791,0.0013844528193338438,0.05873016645943314
286,0.011539499030683159,0.8783739693234456,0.09615648700234389,0.0020168604860645043,0.01191318415746289
287,0.012200158504606333,0.8517634947434287,0.08961656041457518,0.0012572438295332985,0.045162542507856514
288,0.007763529150412988,0.7136550919563847,0.25945874829616533,0.001133040108327756,0.017989590488709097
289,0.005205790136526075,0.7238448326390635,0.26013345958754946,0.0005184592970723873,0.010297458339788434
290,0.005322461045753243,0.592207650281569,0.3882298420699549,0.00045292842641147054,0.013787118176311449
291,0.004222279340992374,0.33910417112161256,0.6505773321583851,0.0003916105346172672,0.005704606844392651
292,0.029309141934710254,0.7104114013510815,0.16211223032511454,0.00466003987457397,0.09350718651451968
293,0.019782914024176926,0.8929415063041344,0.04992360390103155,0.0033236167930439085,0.034028358977613034
294,0.018335252273889754,0.8019818181417554,0.14090872276662925,0.0017011907087895075,0.03707301610893624
295,0.0651316442967563,0.858496232834443,0.029567606395900576,0.004140206914283969,0.0426643095586162
296,0.043989893498541606,0.8633009203134931,0.06400219069494156,0.0020143915074031563,0.026692603985620622
297,0.0246715984916739,0.8906859831632917,0.06048973936769309,0.0028309645200880616,0.021321714457253206
298,0.09369867891107261,0.8469204934656074,0.021227382023666856,0.0037503971170235596,0.034403048482629456
299,0.03400994883383409,0.8556051861913267,0.07947834428482956,0.0020225795547756994,0.028883941135233848
300,0.011463358238377812,0.8370910942970307,0.14379474329067166,0.0012383321017055977,0.006412472072214545
301,0.017285072873079912,0.7016973105995626,0.2547726781327343,0.0006907438840575508,0.025554194510565606
302,0.003002565414185767,0.27930877217386907,0.7136957924543321,0.00023381219214480784,0.0037590577654683078
303,0.005617517919890026,0.4252968405613594,0.5519115605116078,0.00046556801746522417,0.016708512989677477
304,0.0031013004118663015,0.3134801330741197,0.674800285648689,0.00033424614291367076,0.008284034722411336
305,0.0008389313258125058,0.14851673082050898,0.8471759033886092,7.810657347397447e-05,0.0033903278915953347
306,0.0016766276463098505,0.16121684428191813,0.834223280129187,8.82795515401619e-05,0.0027949683910448867
307,0.0014536756475718082,0.14140136990495225,0.8522230219732086,0.00018298114589430846,0.004738951328372969
308,0.0013579564131943444,0.09201736481883596,0.9024849809478106,0.00016445457219851187,0.003975243247960469
309,0.0023486950135558566,0.20739119538058998,0.7790191662181886,0.0007598044828604113,0.010481138904805168
310,0.0033713310541026104,0.32969820836735336,0.658514924081965,0.0007986998850281301,0.007616836611550827
311,0.004934730116170431,0.2962776941891404,0.6905864919746206,0.0003865050196550206,0.007814578700413589
312,0.00789434606507279,0.6711707143008319,0.30739867093625184,0.00449030368051108,0.009045965017332444
313,0.002840019474576877,0.45894144299197903,0.5254758418211237,0.0011681736860127668,0.011574522026307668
314,0.019008927556176673,0.6920566650396727,0.21995496589173924,0.011709826353278571,0.057269615159132835
315,0.06273346525200584,0.3075459140657652,0.10522325210714452,0.0064627369215381515,0.5180346316535462
316,0.14483590168976598,0.6560563712946609,0.02584975371097866,0.004986326928655485,0.16827164637593892
317,0.20258959063638024,0.6823463573786255,0.02131547165232711,0.0033641696919676166,0.09038441064069959
318,0.32926336317548227,0.5785361470089652,0.02207453948633682,0.006641443838962003,0.0634845064902537
319,0.2575930912501326,0.6065132691407703,0.020888564730040145,0.02000399353616048,0.09500108134289639
320,0.08967433754839313,0.8486316407047299,0.023828222668711006,0.01772523330770068,0.020140565770465208
321,0.05661070242298931,0.8375706796382378,0.041496019321036366,0.030271434136812374,0.0340511644809243
322,0.05701249040285496,0.859093989286086,0.03771757371071689,0.019621707229156776,0.02655423937118529
323,0.010535809805209519,0.8522238029140348,0.13087005314674946,0.0027106316104213045,0.003659702523585185
324,0.024765217572560002,0.9035801373037831,0.049554650877028435,0.004787574830500797,0.017312419416127687
325,0.013973615368713653,0.690775827627869,0.26962938803272224,0.002996062737421662,0.02262510623327332
326,0.022667586010471363,0.8457967034700983,0.10392989868912618,0.006325646190226329,0.02128016564007789
327,0.016467135885838757,0.6576832231765405,0.31263311224819146,0.008779178365045798,0.004437350324383554
328,0.007192577668197947,0.5414761527360359,0.43621538226910556,0.009815325403978548,0.005300561922682028
329,0.014790801060581883,0.7462345129043171,0.20871159791649502,0.016317673357529747,0.013945414761076436
330,0.022649221604945008,0.7106039869810739,0.17153755023282,0.026363413077214227,0.06884582810394704
331,0.19514766107472922,0.39181590386332915,0.24820186685487716,0.018171754511191553,0.14666281369587295
332,0.2798476461206147,0.5211969605780894,0.030430411232004274,0.016192491264199787,0.15233249080509173
333,0.27253730692217476,0.5560640958847489,0.012304570673596181,0.056364314493282046,0.10272971202619806
334,0.16297283480178715,0.7173723947746147,0.018226948878352134,0.044576770478066456,0.05685105106717952
335,0.16185842041297926,0.483149081467865,0.00593123157910447,0.30098742119322464,0.04807384534682651
336,0.06659776624569722,0.6708019629745648,0.01396240759627087,0.22496515129179276,0.023672711891674355
337,0.07271056211044251,0.20201015878793652,0.005421574929139523,0.7022265582228059,0.01763114594967564
338,0.14876108750147707,0.36005455255295093,0.0018588947087867498,0.4660126387029686,0.023312826533816576
339,0.10712620038146804,0.6198466719163673,0.006061730686125906,0.2354464050051107,0.031518992010928074
340,0.14306214211479779,0.6285086143289461,0.010048548127208472,0.1587355437010506,0.059645151727996906
341,0.10384944390986993,0.6426664685611513,0.008471705772817332,0.21325142306537076,0.031760958690790764
342,0.031037045855429428,0.7636411031599426,0.048732738631678076,0.13663609377810015,0.0199530185748498
343,0.09570582504759659,0.6512533395884988,0.012615157956619725,0.20481460276994268,0.03561107463734234
344,0.07039705467000351,0.7840142221483223,0.021120580874598206,0.09710177814257386,0.02736636416450218
345,0.059426531617856854,0.850733673757973,0.03321649587581099,0.03612086978252092,0.020502428965838197
346,0.03908704897627534,0.8943321310809622,0.044977564707685457,0.015279245463566387,0.006324009771510794
347,0.052564942170350105,0.846810794532436,0.037819032039689726,0.047158346933151615,0.01564688432437272
348,0.16360030538634027,0.6130318951307353,0.038084392819981196,0.10203648612327716,0.08324692053966601
349,0.05394115320805168,0.8505421127461124,0.04683866725799575,0.029436294678402135,0.019241772109438015
350,0.10891457593942676,0.7685731969151712,0.07507349086053029,0.025750442697333224,0.021688293587538498
351,0.07399161208603224,0.89127700704147,0.01818399152338154,0.01089593036516332,0.005651458983952746
352,0.034787213735500755,0.8903035963522791,0.0478842148758309,0.013217689983711227,0.013807285052678
353,0.08768837634956379,0.7504760001945676,0.11789986313740279,0.01701721754348985,0.02691854277497593
354,0.04708908150338642,0.8566319480188573,0.06921025952794475,0.018706483254575634,0.008362227695235843
355,0.014886862596897626,0.883970085358152,0.0842872279802648,0.00825015993874105,0.008605664125944374
356,0.035823530901967944,0.7799752665126927,0.14683937521984738,0.020189198985958414,0.0171726283795337
357,0.028098482115559955,0.7494788385382772,0.1582862206273778,0.05321904234344851,0.010917416375336487
358,0.019725064993781512,0.8727206684877034,0.08881190112499524,0.00971542495009977,0.009026940443420154
359,0.04007864453257862,0.8795998361155623,0.05709894576449877,0.008178515832132147,0.01504405775522825
360,0.018875776061743343,0.7889906203230996,0.18038331324319049,0.006184441579549728,0.005565848792416769
361,0.02410475465910038,0.7299474220505384,0.23110286133726082,0.005268195574584579,0.009576766378515999
362,0.017610206975361066,0.7610867238243071,0.2079964255749357,0.0044285463388784195,0.008878097286517882
363,0.005129195821986794,0.3984264858982066,0.5930828300672676,0.001874931216582434,0.001486556995956672
364,0.005543898071333091,0.5086706466119949,0.48080238940535613,0.0014375503022019986,0.003545515609113825
365,0.0025859831589294603,0.34413559332128757,0.6504302629506203,0.0007291159041317458,0.0021190446650308213
366,0.0014554001520215576,0.3009281846085204,0.6956125627218687,0.0006354033509043041,0.0013684491666849652
367,0.0026044080329979823,0.3286917588423646,0.6625341623715327,0.0018472967676838093,0.004322373985420803
368,0.0012918201069067338,0.25439637410751714,0.7389693467199313,0.0017454656685996599,0.0035969933970452866
369,0.002719833942637988,0.3662202962181701,0.6228452770321302,0.003235051568890189,0.004979541238171529
370,0.002085954809230937,0.25950958841895083,0.7313040726465011,0.0047164479978908476,0.002383936127426167
371,0.005842046303848704,0.354233837823038,0.6102919704591773,0.01719378967492728,0.012438355739008772
372,0.05037479564552715,0.6490787277414425,0.18030460145019822,0.08235925479147826,0.037882620371353815
373,0.07932081381938849,0.5613376645535997,0.016911249115649226,0.32660077406058313,0.015829498450779453
374,0.14414037371803148,0.6205788781873179,0.022082341775975983,0.1891143834860556,0.024084022832618873
375,0.09741637677517921,0.7799606351328864,0.005945439907074975,0.10511109820089609,0.011566449983963278
376,0.07187089549127136,0.757508474728861,0.009702490277143382,0.15496572069180076,0.005952418810923436
377,0.03474542310433899,0.8764726483239281,0.014654320717623346,0.06853755585600185,0.00559005199810795
378,0.05735148600584316,0.81097819772163,0.0068102111990945915,0.11077815113999437,0.014081953933437844
379,0.03662262753124412,0.8688726388319323,0.01649227487799402,0.06824498430004948,0.009767474458780082
