epoch,N1,N2,N3,R,W
0,0.0008034467529842061,0.0019422814885632612,0.0,0.00022876611115392294,0.9970255056472985
1,0.002094791744079786,0.007228114338616771,6.673480061444433e-07,0.0006653601640988627,0.9900110664051984
2,0.000345459248021056,2.0243194089111545e-05,9.017417713901726e-08,0.00012808082783338356,0.9995061265558793
3,0.0006573693755694529,6.460915325359616e-05,9.1031151183309e-07,5.661695347263458e-05,0.9992204942061924
4,0.0029851101083986867,3.6403572941154064e-05,2.9003960553236854e-07,0.00011756059515830264,0.9968606356838963
5,0.007906474018913172,0.00010895303091015172,1.6492648174625654e-07,0.00022842857776975844,0.9917559794459252
6,0.03568188856688421,0.0005388799977910281,1.8119657347125235e-06,0.00030066688964376333,0.9634767525799462
7,0.08772278101389638,0.002050304453912701,4.181808128726426e-06,0.0011849195148401664,0.9090378132092221
8,0.26272091034799117,0.003925786467707658,1.1393268820214423e-05,0.0014267245825901902,0.7319151853328907
9,0.24452736002125702,0.05206544448063433,4.480957617822971e-05,0.005103857338422193,0.6982585285835081
10,0.263662488223824,0.20865103046504288,0.0010067957345684015,0.0011538895510628097,0.525525796025502
11,0.32383967521225265,0.36646838130066733,0.0012878187539715714,0.006186715689126301,0.3022174090439821
12,0.24113025308898353,0.6696608299448085,0.009365094139443473,0.0011354854459268804,0.07870833738083773
13,0.11730817385591615,0.7293290164374021,0.066252635946035,0.0008051449603862737,0.08630502880026054
14,0.06087991169757061,0.6759137308174996,0.2288775108827755,0.0017719168592589955,0.03255692974289527
15,0.020029911831608117,0.5206425210525533,0.4117209293827328,0.0020667093035014344,0.04553992842960448
16,0.045015156061007554,0.7052343647743988,0.22520056207913275,0.0016526136134524477,0.022897303472008416
17,0.03007144289660647,0.7469377659922288,0.20718622961707708,0.0004058010835448581,0.015398760410542693
18,0.021341681253102304,0.4852473887217523,0.4739746762865731,0.0004553402940086876,0.018980913444563614
19,0.021003957547066805,0.5775965786575707,0.3880973228726022,0.00022054522066152515,0.01308159570209868
20,0.006559286065359303,0.29877795416880476,0.6834616705668259,0.0002315605879765133,0.010969528611033407
21,0.004407135702298499,0.215899038751141,0.7611559882858931,0.00014026835617182953,0.01839756890449548
22,0.01341387864823841,0.4015904408335293,0.5645997383123538,0.00018960220416512025,0.02020634000171337
23,0.007075639403706214,0.3787447253829424,0.5917836447005631,9.784729903080419e-05,0.022298143213757553
24,0.008827973896080277,0.3016019777795465,0.6727300342688436,0.00017350117432191403,0.016666512881207657
25,0.011114541438245635,0.27260488420735624,0.6800236699382632,9.293598695521037e-05,0.036163968429179766
26,0.010388050208674135,0.3441601028635668,0.631766855449602,0.00011620269049250487,0.013568788787664727
27,0.002944783709538531,0.19909721261059932,0.7896054862913578,4.54641979689176e-05,0.008307053190535391
28,0.008036168579175067,0.34754189138232205,0.6285930413215245,9.952787434666229e-05,0.015729370842631686
29,0.00550825571625517,0.17702269504819088,0.8098219695299577,7.298987146716892e-05,0.007574089834129053
30,0.004590746392178279,0.3544678746239938,0.6314727420232868,9.883079879668834e-05,0.009369806161744324
31,0.0051200142040363,0.390515910956491,0.591834322731702,9.043381512007095e-05,0.012439318292650482
32,0.0020315187798826133,0.1091005691366383,0.8848007449112256,3.165677817689578e-05,0.004035510394076538
33,0.002217101028466455,0.08121133577091337,0.9134681927055397,3.8192188215607226e-05,0.003065178306864955
34,0.0042236373836575325,0.08362592678504464,0.9075558144396659,3.850081430331321e-05,0.004556120577328628
35,0.007781544685968297,0.10268317549858007,0.8819956998525894,6.785785452841883e-05,0.007471722108333866
36,0.012070100951112703,0.14316628032247686,0.8389406530231256,5.5236109175025544e-05,0.00576772959410972
37,0.008937879459449596,0.07885045848172866,0.9084230398311738,3.686498327131827e-05,0.003751757244376456
38,0.0022151843753705903,0.08684599804646667,0.9083119000779724,2.927804756685525e-05,0.002597639452623533
39,0.0008976593512762753,0.043822914395545504,0.953774906625821,1.80100256471963e-05,0.001486509601710126
40,0.0032462677279673125,0.05198503966274039,0.9423925174529929,2.7268239925373338e-05,0.002348906916374125
41,0.0033484974688103137,0.055952728516799305,0.9373807447829428,2.914827408650755e-05,0.003288880957360951
42,0.002074700630445045,0.03922452067868449,0.955546759464209,2.1723431469722806e-05,0.0031322957951919164
43,0.00405605098280962,0.08889348808549785,0.9041923177573326,4.003520746967422e-05,0.002818107966890216
44,0.003485277554354849,0.06935517634328019,0.9242401784753984,2.9425958082338766e-05,0.0028899416688840805
45,0.021733741472101428,0.1009167997583444,0.872717412550582,7.783952548172298e-05,0.004554206693490378
46,0.002693531297392485,0.05017666719292157,0.9450755382004086,3.185454190212842e-05,0.002022408767375233
47,0.0045798064789475375,0.10202381639947732,0.888895995809235,6.0161487263354145e-05,0.0044402198250767565
48,0.012884863723161367,0.13318664184512347,0.8489595180716122,9.281299779177803e-05,0.004876163362311125
49,0.006024798174288604,0.10731520467142393,0.8832184201692601,5.170839850613425e-05,0.0033898685865211852
50,0.01828466282848784,0.2838100973737087,0.6916876778442191,8.777317048186119e-05,0.006129788783102556
51,0.006310819960873669,0.08611205011152384,0.9035062920327359,4.5587537054051454e-05,0.004025250357812617
52,0.011307329589938018,0.11979858034754945,0.864206097169692,6.520091247531689e-05,0.004622791980345178
53,0.0042791841308629725,0.07667198046130558,0.9165499377884576,4.1879617791404293e-05,0.0024570180015824764
54,0.011017249750636173,0.15682281058411335,0.8254678135353618,8.547966289880804e-05,0.006606646466989829
55,0.0035617146062423624,0.19692143374266666,0.7947822329953179,4.03776374343078e-05,0.004694241018338676
56,0.0028193645865564327,0.16546114069576398,0.8288089582568796,2.5114605512137613e-05,0.0028854218552877915
57,0.00217129853191296,0.11507008140953967,0.880355870434718,2.2536557434086933e-05,0.0023802130663953965
58,0.0016575345564790755,0.06921144636337988,0.9274868306772964,1.8634962555528273e-05,0.0016255534402891466
59,0.001296288757342389,0.051553391342929515,0.9454180350257175,2.2341745818242717e-05,0.0017099431281923268
60,0.0012620383142565013,0.020313449308017893,0.9773184016127087,1.5937731486178737e-05,0.0010901730335306137
61,0.003516006014668038,0.06814472529074853,0.920034635011265,3.6448021057985624e-05,0.008268185662260293
62,0.0013606160160806644,0.026299724547690043,0.9703658340846268,1.1732565404351944e-05,0.001962092786197933
63,0.0015421358459986555,0.02599084315932071,0.9695469001121223,1.081538382076422e-05,0.0029093054987375257
64,0.0009106873487621824,0.045851608110459574,0.9513334875838765,8.66319537427418e-06,0.0018955537615276913
65,0.0008467603263695105,0.025798532607041583,0.9718705967864755,6.612032276562635e-06,0.001477498247836797
66,0.001377553362265202,0.03479310080181321,0.9615724663257158,1.4266672567953804e-05,0.0022426128376380064
67,0.00044806239388429995,0.012939567205864134,0.9856056314424424,4.711601413341643e-06,0.0010020273563957742
68,0.0017456354461054867,0.031248004788631926,0.9654211496218262,1.3632625984259836e-05,0.0015715775174519853
69,0.0009937737899381846,0.02190497909794539,0.9757972813049645,6.4161592573215206e-06,0.0012975496478946436
70,0.0031835939881734144,0.019433084579809388,0.9750271370826459,1.5734754147927224e-05,0.002340449595223482
71,0.0018152581935390309,0.06012192315573162,0.9341340669782469,2.857361183333531e-05,0.003900178060649029
72,0.0014202039861227625,0.02122744751500331,0.9756460848382739,8.913209553678105e-06,0.0016973504510463782
73,0.0007660713705033516,0.02362358350311165,0.9739138615948932,1.0453437546653495e-05,0.0016860300939449935
74,0.014244710963784763,0.03385754749242674,0.9484565252410693,2.351475939539587e-05,0.0034177015433239943
75,0.0009982723031969026,0.026876978802846254,0.9704351538241551,1.8885575427147212e-05,0.0016707094943747064
76,0.000553325299567831,0.049371509883149464,0.9486217212447823,2.0423358472550628e-05,0.0014330202140279533
77,0.0015561722887841567,0.021414005723046105,0.9743942397712808,1.8908363613254346e-05,0.002616673853275655
78,0.0015121214415692915,0.021253767136135453,0.9751109452153405,1.6777604732027165e-05,0.0021063886022228123
79,0.002376429888371271,0.03257594246695027,0.962514164665078,1.7243194350545142e-05,0.0025162197852500404
80,0.001941518042360487,0.05436479888835488,0.9415637861838538,2.455840353273169e-05,0.002105338481897989
81,0.0010488810218166765,0.01941841028268333,0.9784953100830699,9.103339974016442e-06,0.001028295272456038
82,0.0009775643867386934,0.025044167090053145,0.9731081569886293,1.332548454458324e-05,0.0008567860500342766
83,0.0022098132407765932,0.04312732052177522,0.9534542682792344,1.901279784967691e-05,0.0011895851603643617
84,0.0037840240272418568,0.033153013262235805,0.9594062615015115,2.718051930614288e-05,0.0036295206897048182
85,0.004693105071631344,0.05051879252374129,0.9428049530935796,4.181854032003451e-05,0.0019413307707277754
86,0.004145479311497783,0.05093495558490018,0.9430688247717983,3.797646863868444e-05,0.0018127638631651576
87,0.00476441792946441,0.058759850328284055,0.9341607041747342,3.195603108662927e-05,0.00228307153643048
88,0.0020011899737072533,0.039728792445834674,0.9559475553279592,1.8134688521878244e-05,0.0023043275639769434
89,0.0018404308316063752,0.023986602904363226,0.9726529356148069,2.048216203709902e-05,0.0014995484871863
90,0.0022602191470077458,0.030834571408809266,0.9652323317371759,1.7008348626358417e-05,0.0016558693583808043
91,0.0034538302776256366,0.04772385733744939,0.9460298465140121,4.236792674655649e-05,0.002750097944166367
92,0.005034784970633024,0.0485550039396261,0.941728621162184,0.0001033585361725286,0.004578231391384123
93,0.0013364748600942907,0.023530083617065947,0.9727470028125241,4.381247109757513e-05,0.002342626239218055
94,0.002929574442712418,0.027632618365349422,0.9662280518880524,0.00014255256963147036,0.0030672027342543446
95,0.024459931887080517,0.11454098175903794,0.8259212584506912,0.001115581479712847,0.03396224642347758
96,0.026554445944983292,0.19916288444289684,0.7491689253655395,0.0013168613410074832,0.023796882905573004
97,0.015732583523750423,0.009758674555293976,0.001176458051184999,0.0006717119189031048,0.9726605719508675
98,0.39351424914053346,0.41317932773720933,0.004722633057627523,0.008703318425197662,0.17988047163943202
99,0.22473984586067866,0.728772323147278,0.014687259703894692,0.002986185105213195,0.028814386182935605
100,0.3261108379405221,0.6292062958845179,0.022413462897126524,0.0010458895751199158,0.021223513702713536
101,0.048038185113056,0.8131168864779791,0.1243633820863225,0.001365863820839668,0.01311568250180274
102,0.02519375684013253,0.8037230453081566,0.15453110489611396,0.007489062145492067,0.009063030810104712
103,0.013134980405433072,0.6578154843833488,0.3182391415206483,0.0041263344325955615,0.0066840592579740276
104,0.01050156264677958,0.8178165304758644,0.15406570157930838,0.011712787201947858,0.005903418096099945
105,0.01909187043024949,0.6099713708811981,0.3160673175218838,0.048678506811912825,0.006190934354755823
106,0.01975650121883617,0.8004436959241135,0.14071852485675132,0.020938303116940015,0.01814297488335899
107,0.03129171699393339,0.8067410022054855,0.1134302013845625,0.03068007712672076,0.01785700228929759
108,0.025274644547805054,0.8054358827623075,0.11809830930646877,0.03033739798685984,0.02085376539655906
109,0.14776029913016797,0.2400592055705519,0.0006528968321007192,0.07185735567139369,0.5396702427957857
110,0.23786188401498684,0.14509428110432762,0.0001601960462352362,0.1046743885452562,0.5122092502891941
111,0.3308048708245429,0.33939100144361795,0.00041239510963855173,0.2620032881573346,0.06738844446486604
112,0.29293140208347385,0.2654621655326524,0.00026495613780763087,0.11343251440367529,0.3279089618423909
113,0.22124703573218626,0.03533122994810028,3.8664054207497284e-05,0.2627282632250027,0.48065480704050323
114,0.06947866231214933,0.10383397062750357,0.0006376276320005313,0.5035875188628013,0.3224622205655452
115,0.05057776570753459,0.013257438275514156,4.519421733558284e-05,0.05767737334436593,0.8784422284552498
116,0.14224428463512528,0.03853231918514013,7.803807604323677e-05,0.619407418528341,0.19973793957535022
117,0.23170246040803116,0.05986329304101474,0.0002984042717002735,0.31110008899889774,0.3970357532803561
118,0.18088404615790224,0.18099129355062737,5.8476802022220996e-05,0.3124711947751711,0.3255949887142771
119,0.07146396508749324,0.04734853829094348,4.9538284365941594e-05,0.13577867528363816,0.745359283053559
120,0.1618676107728154,0.11328772807132736,6.464881475438212e-05,0.5780864518487049,0.14669356049239804
121,0.12367376735293246,0.1374403835951798,0.000119542742609489,0.4273300987162241,0.31143620759305424
122,0.06526305988211535,0.08203590514963131,5.129016492047866e-05,0.7826178732720346,0.07003187153129822
123,0.05653344572939649,0.09062550126287547,2.6657357027231824e-05,0.2199571073977089,0.6328572882529918
124,0.11707954587417553,0.05368634466851572,5.672547701366419e-05,0.6559616685026153,0.17321571547767978
125,0.07725374227763655,0.06728983179652129,9.287412723656847e-05,0.671303633075929,0.18405991872267669
126,0.08259231739589304,0.02158444705058051,2.6246319725784675e-05,0.858854278604201,0.036942710629599584
127,0.05253667603999407,0.03128569132096406,3.643800927458947e-05,0.8099066935485008,0.10623450108126645
128,0.039643366975712725,0.0684508567209968,0.0002099383534578658,0.8583973087671088,0.03329852918272371
129,0.10669226144211957,0.036484029532846254,9.167852064715042e-05,0.6425662538741618,0.2141657766302253
130,0.18260619630181124,0.10537390625802837,0.00023402412859406941,0.6027407129131114,0.10904516039845497
131,0.10530727937273598,0.08292404940987701,0.00022531936199336297,0.7764988066057418,0.03504454524965184
132,0.26811288170475034,0.14190720825503866,0.0005437244117383471,0.44818163185219695,0.1412545537762757
133,0.2465897708958533,0.07661863848220546,0.00010238475071611045,0.46656180496915894,0.21012740090206605
134,0.09366424535765179,0.055064913661113976,0.00023728871527335874,0.7606057642428068,0.09042778802315424
135,0.10869366516212878,0.02682745046289285,0.00012557181616760284,0.255630108470945,0.6087232040878657
136,0.1670686029630725,0.12806366083228518,0.00016933264654258917,0.4754186704647392,0.2292797330933605
137,0.1537148919321202,0.07055226856630478,5.457260346373754e-05,0.626967812694269,0.14871045420384227
138,0.2500186466581539,0.07960952536502547,4.733792235370231e-05,0.4662361375302262,0.2040883525242408
139,0.09349620950374632,0.0874796657709631,2.0997399809811837e-05,0.7293402579923973,0.08966286933308337
140,0.2533875617182697,0.08925703658185272,6.106865164084657e-05,0.2528638562400712,0.4044304768081656
141,0.11984133295569617,0.06243947712015183,0.00012563043592878258,0.758817298341133,0.05877626114709013
142,0.1335007443761109,0.027636519691663846,6.870551622702421e-05,0.15448427726628183,0.6843097531497163
143,0.477972390572899,0.03373944901252145,4.798982271532331e-05,0.31067916821751734,0.17756100237434702
144,0.4345666063044964,0.07428331188673136,0.00014077612264048672,0.36590566024656784,0.12510364543956395
145,0.39228624072367385,0.034816854563589,8.4729104301037e-05,0.48485714128557,0.08795503432286611
146,0.14863059779587293,0.013288526039789741,0.00016778934783406163,0.3320157297109037,0.5058973571055996
147,0.29909194055302335,0.05498179803471044,6.419181476419746e-05,0.5644248495888322,0.08143722000866982
148,0.20130642680433394,0.03571018137319359,0.00017357006802262037,0.630816582042457,0.1319932397119928
149,0.5452026556805888,0.052853946129821375,7.0013562677128e-05,0.2361357954997268,0.16573758912718586
150,0.12147957396420053,0.06268774904980245,7.687189338625391e-05,0.7795041724415054,0.03625163265110548
151,0.05803239822395795,0.022348076975044383,2.5541242109109672e-05,0.8812811249794171,0.038312858579471476
152,0.18817372436183877,0.017972920686011893,2.0835372701449224e-05,0.4272466475742792,0.3665858720051686
153,0.32392322419626246,0.05788573615222643,8.02266395842005e-05,0.5009996731403932,0.11711113987153371
154,0.37763266334327494,0.09341668191119218,0.00039205686794281815,0.4247854543036347,0.1037731435739554
155,0.3533063778587648,0.08422848483956988,0.0004925003040330774,0.47721706595450125,0.08475557104313085
156,0.05220578712361561,0.11896287275210136,0.0005133106170608831,0.8042703398753669,0.024047689631855242
157,0.026444140035167756,0.08839610748616519,8.789713263970585e-05,0.8702579895842806,0.014813865761746623
158,0.05790854621496478,0.01952326070813956,5.9965805309782e-05,0.7307693314938287,0.1917388957777571
159,0.1708978992569303,0.051768213756412745,0.000153621279393354,0.6643977268240483,0.11278253888321527
160,0.12395078798484974,0.06382306011431574,0.00018353519936487823,0.709996748466504,0.10204586823496564
161,0.08777010514032628,0.008961138614700858,1.0568675308120733e-05,0.5946310926955488,0.308627094874116
162,0.1709827755315066,0.023458554852740173,4.1044991184406275e-05,0.4307483470002283,0.3747692776243404
163,0.2852696916891971,0.06217113246457222,0.0007812453278532614,0.27530690866136814,0.3764710218570094
164,0.09007007910400991,0.04473572406141627,0.0003910153972341714,0.3669808545904025,0.4978223268469372
165,0.10779793435832725,0.1872723383405086,0.0008380203321062732,0.2462443783816189,0.4578473285874389
166,0.01747174901697768,0.009968968339076463,0.00017254680139951656,0.04436986495369,0.9280168708888563
167,0.002510242563354691,0.000609354181358258,1.6205868363514457e-06,0.010680641672731965,0.9861981409957188
168,0.08146871458260524,0.001913482119978857,2.1459428704948588e-05,0.019508754526936088,0.8970875893417749
169,0.7050758953870738,0.005411155781862856,1.5500418082895432e-05,0.048201848586538275,0.24129559982644208
170,0.34891527982415294,0.010186290493156353,1.1025829345279242e-05,0.04153526152502174,0.5993521423283236
171,0.47850899042859374,0.28556167356362755,0.00012576203433088402,0.11316739721718055,0.12263617675626722
172,0.3214314453244387,0.4625230889956799,0.00034099773896358195,0.14413846097460103,0.07156600696631671
173,0.20314048493129475,0.6747151625836256,0.0017796145183662717,0.0779948582158163,0.042369879750896955
174,0.21567335110618527,0.5774626125663962,0.001043028481539578,0.19022438996428354,0.0155966178815955
175,0.07556415899206481,0.8505517816112004,0.010892139787064154,0.05549320669994987,0.007498712909720845
176,0.03255635931432886,0.9254073983319273,0.024357132630188575,0.01162933963842559,0.006049770085129533
177,0.017184775622227588,0.9640324077565019,0.010416649070011226,0.005422268115236043,0.0029438994360232906
178,0.010947590532703628,0.9184216976588306,0.0618254232598358,0.004763868713147068,0.004041419835483061
179,0.013536274775654809,0.9159999511693449,0.05840933376766447,0.005298418190635275,0.0067560220967006895
180,0.03078121415707502,0.9453949381555617,0.00994495048274825,0.0033758710227394643,0.010503026181875416
181,0.016057734608574514,0.9517953592570545,0.021998337387000022,0.00288652442798048,0.007262044319390689
182,0.02275146630555701,0.9465007067370191,0.02140223456858207,0.002782009410051451,0.006563582978790382
183,0.017207267526926858,0.8623960400823387,0.11260993312639442,0.0012237858391832056,0.006562973425156931
184,0.016706231987239112,0.8548759147944145,0.11896413586104095,0.0036040667600408553,0.005849650597264503
185,0.00968012821542256,0.5661930148855259,0.41683880092930287,0.0038538460190165502,0.0034342099507320392
186,0.009249953732425636,0.9008174027821865,0.08397283867534464,0.0027747438647282986,0.0031850609453147566
187,0.011604958600259485,0.8520101210654126,0.1291936748405491,0.002474794173827873,0.004716451319951059
188,0.006080489451147658,0.8881946950652906,0.10142873133847045,0.002111180562177854,0.002184903582913489
189,0.00530897527398509,0.681132379232469,0.3105939921224948,0.0012506252055588649,0.0017140281654921552
190,0.005044626343385174,0.7539643275714931,0.23825691732068116,0.0008267337641562936,0.0019073950002841994
191,0.002158007181703955,0.37743610258279925,0.6190312745021692,0.0005662065780656572,0.0008084091552619288
192,0.005608303321785569,0.5781618227413022,0.4136197504489364,0.0013231454897163744,0.0012869779982593078
193,0.005340184028517356,0.7977535985848127,0.1945243959394177,0.0009359414806488491,0.0014458799666033815
194,0.002156751901571666,0.4120892531125475,0.5848281251018624,0.00033347602949479124,0.0005923938545236265
195,0.002060108460744365,0.4044898167238963,0.5922348794462872,0.0003582562406035873,0.0008569391284688034
196,0.0018707438851401181,0.530760723523055,0.4662756742871007,0.0004490105647162128,0.0006438477399879252
197,0.0007178679163906784,0.5786505363843706,0.4196698119449824,0.00021222040614819808,0.0007495633481081276
198,0.0026954474592701585,0.35010399520960284,0.6459799685571709,0.0003530956785017523,0.0008674930954543052
199,0.0011108308143118841,0.12516570220963325,0.8730592912982953,0.0002648934281961257,0.00039928224956332117
200,0.0017752886101241126,0.1304297817166089,0.8658868063506167,0.00031703342180499754,0.0015910899008454357
201,0.003036516597964741,0.19345959192103934,0.801824722955276,0.0007491780257015135,0.0009299905000184228
202,0.006143718598225907,0.16535156627108646,0.8255093471116955,0.0018178452659498709,0.001177522753042105
203,0.003976259745501453,0.16132111424585832,0.8288387035764089,0.0029581932684450314,0.002905729163786273
204,0.3419861041508686,0.04835544057405577,0.00037367023434945395,0.0382510502083882,0.5710337348323379
205,0.48723994706814994,0.3296887830611378,0.0003296332175667427,0.03227994128437331,0.15046169536877219
206,0.7319271764903456,0.20889250987836688,0.00026592037492439286,0.024385912438723553,0.03452848081763941
207,0.7339807892881355,0.2232523397427906,0.00023966687985471164,0.012839282344174302,0.029687921745044855
208,0.09020862869141906,0.8858265586275376,0.0015420743037787028,0.014442055525047863,0.007980682852217022
209,0.07559490375813324,0.8890764990950124,0.005175654720130686,0.02399010858335104,0.006162833843372561
210,0.09380350124908461,0.8137065293596627,0.0014389462724838397,0.05481806497766402,0.036232958141104846
211,0.14273995560111286,0.7930616002330939,0.0006273697528131019,0.04547869037052141,0.018092384042458744
212,0.09373054585991412,0.8722750373169867,0.004387920627778228,0.021218486604843198,0.008388009590477762
213,0.08835293115318661,0.855566353177519,0.01792239442712134,0.02987141431761811,0.008286906924555146
214,0.0171484462843138,0.934965934287071,0.039198291173989354,0.005966083749203342,0.002721244505422351
215,0.04451227201763711,0.9113776805222742,0.005532910612992444,0.03468707655485518,0.003890060292241139
216,0.03568136173292362,0.9096470947298951,0.018642306064723124,0.02653293508893459,0.009496302383523532
217,0.028480164810960277,0.9328510505726644,0.006735450806944908,0.02655100666758143,0.0053823271418490075
218,0.026886054345478333,0.9175982915857571,0.02376895153961519,0.019208682027556365,0.012538020501592912
219,0.030410387488048043,0.9301841556587701,0.014210951554476877,0.016401931431896128,0.008792573866809
220,0.13351389596354576,0.7049682871810564,0.0014199051738097192,0.14997103695677086,0.010126874724817216
221,0.17712806641002848,0.6792723369684025,0.001286769171664605,0.11562060999754627,0.026692217452358214
222,0.13032134097507966,0.766806711553127,0.003874522588820019,0.08455085105318953,0.014446573829783772
223,0.08439717399703754,0.7950746732500161,0.0028753939808827487,0.10458990704049893,0.013062851731564766
224,0.08967349208014397,0.6369879884120453,0.001250028531769752,0.2627780868870067,0.009310404089034241
225,0.1249865439831942,0.560187378819764,0.004673147028238512,0.28350529048684653,0.026647639681956638
226,0.038374589519265985,0.8156177857677634,0.013963919653932403,0.12239139450336048,0.009652310555677586
227,0.1384345523665291,0.07769593713104547,0.00020762683595870082,0.5099626476234413,0.2736992360430253
228,0.1954850412816444,0.27028176877862004,0.0006496631440227356,0.4893751130324092,0.04420841376330371
229,0.29264890064887256,0.36735532234703167,0.002146893571192158,0.27387491716207096,0.06397396627083259
230,0.6158512793848488,0.14462184082223584,0.0004559429076669114,0.07343436721292633,0.165636569672322
231,0.24171469343718588,0.6334106300289545,0.0038349589313175533,0.06602208991711814,0.05501762768542392
232,0.15226269502011505,0.7143167664850806,0.011743253576157058,0.07531781753636642,0.046359467382280944
233,0.26943097958545603,0.5397070208432148,0.006168086555486405,0.09134583597481259,0.0933480770410303
234,0.133864163497397,0.7793801785813659,0.019948645244307704,0.036353393381147715,0.030453619295781786
235,0.26573106670443813,0.5180399071368467,0.004309555944549294,0.08488131320379347,0.12703815701037238
236,0.29300573214482767,0.5124280670088703,0.008057829303941987,0.05024323259059526,0.1362651389517649
237,0.08578560797269799,0.7849128767247301,0.006297951133294657,0.04782681848124092,0.07517674568803642
238,0.00354084261091798,0.0025918241123453305,0.00026467449181678473,0.0008581795158922274,0.9927444792690276
239,0.0015217751151415499,0.0008762430278929199,5.382322616691723e-05,0.0008882697577534828,0.9966598888730452
240,0.004245282137814515,0.0005035455035717775,2.63267092330679e-06,0.0026862782830472105,0.9925622614046433
241,0.1224866800672726,0.0036856805358101387,1.477634319126886e-05,0.0026919390443872105,0.8711209240093387
242,0.5510373668820884,0.006202400707659116,3.2180492786173656e-05,0.025666787624352025,0.4170612642931143
243,0.4806911138280198,0.05456418999982684,0.00040486124025532666,0.0358518078681154,0.42848802706378253
244,0.2334851390065484,0.0906097004231572,0.00019518395958718597,0.3871755492821078,0.2885344273285994
245,0.1679611493475023,0.07300131140242576,0.00011108104057080286,0.6083075538869628,0.1506189043225383
246,0.13377494430062234,0.03804813794293705,0.00011201483249302428,0.5679938118812008,0.2600710910427467
247,0.015657978904485958,0.00940750420525766,9.859704962928642e-05,0.07928994840629774,0.8955459714343295
248,0.010336690619387722,0.0019079120871036154,1.4291292743342243e-05,0.01759536682929217,0.9701457391714732
249,0.0019807194509317894,0.0003326248458692462,3.215478654613784e-06,0.002246076082237048,0.9954373641423073
250,0.004467417496767532,0.0006578123419279607,3.821276452199551e-06,0.003874492715154293,0.990996456169698
251,0.17292913081783676,0.011779518729633795,2.026427841446452e-05,0.03578086367736754,0.7794902224967474
252,0.5514853350676919,0.03822819110169084,0.0001750793383028213,0.08698715241353538,0.32312424207877904
253,0.25336393338380087,0.01216246616092385,0.00015856784140572615,0.035057195928223296,0.6992578366856462
254,0.6233798701705447,0.04137233857314416,8.34139563691324e-05,0.13574556118161432,0.1994188161183277
255,0.23796634845424408,0.43829097686702684,0.0033421573691009075,0.2742956465502444,0.0461048707593838
256,0.12753488710633776,0.6121621789354015,0.003480439323092268,0.22673543422207565,0.030087060413092885
257,0.05273011566589551,0.5818829060126851,0.0011276963431042439,0.3540366216540626,0.010222660324252534
258,0.07267953725058186,0.48067597782261,0.0005022342186671331,0.4298156098843014,0.016326640823839497
259,0.08255477576292931,0.5584848151725346,0.000591944552002919,0.3455276824422073,0.012840782070325865
260,0.09990754242489433,0.5844024611256544,0.0016135507088724627,0.3055763676073827,0.008500078133195959
261,0.05208386988073562,0.8321098880814026,0.009442362049996529,0.1003599611858443,0.006003918802020887
262,0.1798829068059561,0.20149158584282775,0.00031857852442520506,0.5525869982037102,0.06571993062308087
263,0.30037985476639795,0.14266073548512723,0.00017141196183809677,0.47847270325718316,0.07831529452945349
264,0.07479423375270149,0.8346745329598786,0.01580793683117689,0.06591617710412091,0.008807119352122174
265,0.21130042491622975,0.7051741632943457,0.002172923223713033,0.0678827439811011,0.01346974458461036
266,0.30817209534916956,0.333406679019989,0.0006286337559625047,0.291967394232529,0.06582519764235001
267,0.07885724305059016,0.7940541005818137,0.001770297107229093,0.10942710136844655,0.01589125789192057
268,0.09299024401685496,0.8375944842796016,0.004450008043416572,0.05830447391980457,0.0066607897403222135
269,0.1184714929704055,0.8244586049648741,0.015134813445436017,0.035303428675373644,0.006631659943910578
270,0.1711573201955219,0.6914631936432832,0.00028168162698233664,0.11747656590377159,0.019621238630440973
271,0.21369427558559873,0.648304746713195,0.001520646152036686,0.10026642327175428,0.03621390827741524
272,0.09126372630605785,0.8660063020960982,0.014966053052085601,0.01641163533861579,0.01135228320714256
273,0.12340021340697388,0.8281509114598108,0.005531237725107008,0.03683295966087136,0.006084677747236953
274,0.06270733242048772,0.8712661959133835,0.006286640371450016,0.0516497169953954,0.008090114299283234
275,0.05314450562507208,0.882312010774108,0.012561213981242695,0.03988642279937667,0.012095846820200536
276,0.06059859596863118,0.8979411407794894,0.0031207028206381012,0.03234835975853684,0.005991200672704608
277,0.09029838054200919,0.8792954253325804,0.003302118931064421,0.019358599707933303,0.007745475486412401
278,0.08484888511048791,0.8897932186950901,0.007858344677797365,0.009502941922551337,0.007996609594073278
279,0.14803869063839642,0.801193995381309,0.011428061861855644,0.01774402279892741,0.02159522931951134
280,0.016841561538183652,0.8927696759389042,0.08279601565565171,0.0036163076520627623,0.003976439215197708
281,0.0905077503069477,0.7629932272886264,0.08947112071855978,0.01962717519870871,0.03740072648715739
282,0.18219072632157501,0.781115529520747,0.0006918469484732663,0.022864353736144927,0.013137543473059654
283,0.050680828451268714,0.9073864786840758,0.025628236163727808,0.0070759267013155245,0.009228529999612087
284,0.06759480674242167,0.887907596237063,0.022179572733903193,0.004709287620357321,0.017608736666254985
285,0.07456715623790187,0.8875551637307991,0.013104746879412935,0.009496219238081997,0.015276713913804073
286,0.036957821226404466,0.9124849381579022,0.03344481767028233,0.007597669522074017,0.009514753423337059
287,0.040696868500146206,0.7511893250334576,0.19177632057855168,0.008868888279996035,0.007468597607848435
288,0.07200251389794436,0.8778181509821382,0.015352980125173553,0.01804084797351375,0.016785507021230026
289,0.033337620196917904,0.7805995226206407,0.17353552721506377,0.0077029203683668,0.0048244095990107256
290,0.030639752679831836,0.7128537512432518,0.2257410217031328,0.022304079921617325,0.008461394452166395
291,0.07083683163154514,0.8806555004516344,0.011708007852266888,0.026820888842917827,0.009978771221635784
292,0.05013675280659542,0.9143241928513006,0.01837045487114081,0.011430864010982741,0.005737735459980251
293,0.0390784959084876,0.9138208498360121,0.034307886118734914,0.008271477869469131,0.0045212902672963195
294,0.03295833694309656,0.8918780024259902,0.062072882724811464,0.0075072489074609955,0.005583528998640674
295,0.025594919017403822,0.8499655778171714,0.1105642096776425,0.006305937459623789,0.007569356028158526
296,0.3401456036007736,0.4251721724264296,0.006356345642167294,0.019408022619971294,0.2089178557106582
297,0.07432487821978236,0.9077951907603344,0.009161145505806219,0.002548589468142903,0.006170196045934055
298,0.02233991755867336,0.817716584053466,0.1543154070435706,0.001845091251452288,0.003783000092837716
299,0.08545837680194547,0.8709118937080823,0.017496244032718843,0.0030971792441341337,0.023036306213119286
300,0.049208291716137186,0.9177674721002341,0.012895909519454133,0.008250139097984933,0.011878187566189484
301,0.10846607846153941,0.732380987562484,0.10780962707125677,0.014865312109609794,0.03647799479510988
302,0.03156993447833092,0.7856146830559555,0.16195133450058993,0.006805774900658584,0.014058273064465042
303,0.013092540228188591,0.8492233944065861,0.11913949576011643,0.006647222546109926,0.011897347058998992
304,0.04469747996762056,0.3054179649323643,0.04223939073860206,0.027283773050565122,0.580361391310848
305,0.003479326128126421,0.0031663988044936414,0.00011031287020426581,0.003934182101601603,0.989309780095574
306,0.008268838213152802,0.001915795730334731,9.711980342249569e-05,0.004999550691460602,0.9847186955616293
307,0.005861137404309572,0.0003879726000268619,1.6014623325001186e-05,0.0014816813870078803,0.9922531939853307
308,0.004269675579352428,0.00032316611657667914,1.5440665888655742e-06,0.0016257531981325889,0.9937798610393495
309,0.007962089645008044,0.0005346756638325357,9.626914292725617e-06,0.0015410757103606772,0.989952532066506
310,0.529306749903493,0.02207521602788269,0.00012018376311612728,0.10756875052116657,0.34092909978434166
311,0.5040483449824262,0.019643365932985556,9.432292874502134e-05,0.1964410839695086,0.2797728821863346
312,0.525052751418911,0.05939539143881353,0.00032726845231159006,0.22883072678909763,0.18639386190086626
313,0.29495580649668746,0.34032870975159696,0.0005979267933675788,0.3128511365588187,0.05126642039952932
314,0.21703762110805772,0.33818304789998943,0.0007714560061536134,0.3643261841040061,0.07968169088179322
315,0.13885642765473494,0.6635000876801724,0.0008370004418304214,0.18415803484086882,0.012648449382393338
316,0.07720724434795657,0.7405328590266018,0.0013199861719978127,0.16903042499539786,0.011909485458046048
317,0.10591188976492066,0.8117495908395723,0.0017117646628905798,0.06899716510352394,0.0116295896290925
318,0.09911117214393955,0.8206930412425923,0.007867331070589172,0.03961419437557915,0.032714261167299835
319,0.09433544122707042,0.8568410462638331,0.0031822932145945037,0.025923619040387764,0.019717600254114256
320,0.019957781474890485,0.9279730029909437,0.03444539625121745,0.010778495588263305,0.006845323694685128
321,0.053616775142608326,0.8689692077432498,0.00809499737734016,0.05827639463922807,0.011042625097573523
322,0.022846007171262717,0.9399433322624614,0.021474566292256976,0.009469282343759577,0.006266811930259329
323,0.03816685383039186,0.9295527129907595,0.012133105568037688,0.011596018205915496,0.008551309404895523
324,0.03333686437167703,0.9313262883272643,0.025163820632897328,0.00514984355375194,0.005023183114409638
325,0.012791978630308648,0.696957138395024,0.2818024945654347,0.0032980130977826633,0.005150375311449748
326,0.031944696639012886,0.932419343734101,0.028125539381821243,0.002367593217743404,0.005142827027321601
327,0.016512539867166543,0.8793679253612021,0.09892294217797803,0.0016506769543915727,0.003545915639261682
328,0.012182263086508398,0.7270924969352471,0.25529452674382125,0.0018974898204163222,0.0035332234140069414
329,0.021064549303879913,0.9173825525914479,0.05524470351259581,0.001957744727036544,0.004350449865039995
330,0.009596074213856672,0.6621658065396465,0.3201074538520408,0.0036801467757672946,0.004450518618688701
331,0.007668932404908628,0.7641257987124351,0.2191370162357342,0.004503232558875985,0.004565020088046222
332,0.011151994911205037,0.5382791098573606,0.38839361837447534,0.05947609076044368,0.0026991860965153024
333,0.012038599845933707,0.8547976456773725,0.06681092357332236,0.06190242590365382,0.004450404999717739
334,0.014382223563060972,0.5693769019515543,0.19972717545102608,0.2104803562878586,0.006033342746500022
335,0.012948880746589151,0.756627072227874,0.05924750947113574,0.16656789525740281,0.004608642296998294
336,0.046293486194414035,0.6990697665036175,0.005444093631364248,0.24149842881964653,0.007694224850957718
337,0.08038527718699368,0.200009277516221,0.00020514555033318262,0.7062212909641594,0.013179008782292823
338,0.06084766219719566,0.08168264385501789,0.00023144147543445822,0.8319257012430352,0.02531255122931681
339,0.11426590646770984,0.12224472316769172,3.486317713808499e-05,0.74745900405604,0.015995503131420338
340,0.2221951449466758,0.09069142795836345,5.007872287728534e-05,0.659986789453871,0.02707655891821261
341,0.13171155210673355,0.10794547684139535,4.6877567303021866e-05,0.7492219385128441,0.01107415497172382
342,0.061720042759916965,0.035548240475571036,1.9127082651329213e-05,0.890851056294366,0.011861533387494596
343,0.040336129868593466,0.027938663820918804,3.034555928469629e-05,0.9237422129310024,0.007952647820200583
344,0.08002107661971833,0.0924999643885203,0.00017036330687715263,0.7789863614757606,0.04832223420912356
345,0.03175188628275672,0.04481728437017236,3.0721773207375174e-05,0.9036922430374593,0.01970786453640427
346,0.032082423688513606,0.061710095474046864,1.7068212327620035e-05,0.8732006980051414,0.03298971461997047
347,0.015622041711382201,0.015515103769877664,0.00023717398437216332,0.06796112393109303,0.900664556603275
348,0.00635506610191793,0.0005269584965554073,1.3284917921384824e-06,0.039412718309827656,0.9537039285999068
349,0.0072899209150261955,0.0005951199749094289,2.3026374377071e-06,0.023977004304054476,0.9681356521685722
350,0.1317792298179853,0.0017009721899334074,1.0848048665068865e-05,0.037959526762851116,0.8285494231805651
351,0.5215239374136207,0.007078883286910005,1.2715802292806018e-05,0.19870970696031626,0.27267475653686024
352,0.6409804802600864,0.008409133508148455,9.061892522595815e-06,0.22152252151728788,0.1290788028219547
353,0.3187447393270033,0.03890181839307677,1.175415036679068e-05,0.527548048750275,0.11479363937927815
354,0.1760812829207422,0.0916614337190629,0.00014198329101254684,0.6595404768198154,0.0725748232493668
355,0.1035016128628722,0.457693226439976,0.0001486021258991828,0.4031209117834563,0.0355356467877964
356,0.05742988512419712,0.32303656340777087,0.00018203725464846314,0.6083852127741902,0.010966301439193353
357,0.04623357072581524,0.3486237545484866,0.0007550993727596864,0.5960302832686182,0.008357292084320386
358,0.042827414107160754,0.5866225473022487,0.010437271110102286,0.3540805113486563,0.006032256131831971
359,0.024576613215207908,0.12185642163159914,0.00023257281864717033,0.8492853474710901,0.004049044863455679
360,0.033532023886611625,0.1389308226511282,0.0004453309978031806,0.8192104054390724,0.00788141702538457
361,0.03089205076499035,0.03298240717274341,4.985985283787957e-05,0.9292414828782686,0.006834199331159724
362,0.05676450085779023,0.08174611870841447,5.790381575279015e-05,0.8559405669511855,0.005490909666856916
363,0.05243999724359738,0.0560323687681258,8.904550356809134e-05,0.8874324360154201,0.004006152469288643
364,0.07145355753976501,0.06685825641664545,0.0002442614529401152,0.8544708579438292,0.006973066646820263
365,0.012934932718304343,0.0463279045485059,0.00022041645802252943,0.9375763016948129,0.002940444580354327
366,0.016571358278685323,0.023068699944505125,0.00020811545410163583,0.9567962831013118,0.003355543221396208
367,0.029293176836936295,0.02140732184646901,0.0004449801245556182,0.9408634034038231,0.007991117788216057
368,0.016168269443400874,0.015441928712074221,0.0001245916733637402,0.9643508808151731,0.003914329355988152
369,0.01599146768052005,0.025736172361831577,0.0008385859507788321,0.9495652403234706,0.007868533683398866
370,0.01333645874488555,0.021459807632251058,0.0003341400423559917,0.957996857581919,0.006872735998588543
371,0.03154677694470545,0.04643764285463718,0.0012477454262408711,0.8976030324411676,0.023164802333249072
372,0.01193259872728828,0.02070333977819293,0.000517289085742119,0.9396570941540642,0.027189678254712375
373,0.018524012928075824,0.02778800910774184,0.000287483811917187,0.9409921786774684,0.012408315474796795
374,0.01856167399092197,0.03922937932256663,0.0007520078802878876,0.8993573212675319,0.04209961753869166
375,0.01989394423622384,0.021805068321935205,1.3977220488652608e-05,0.9382103926791437,0.020076617542208543
376,0.0949272822352147,0.043124259540717504,5.657369013974346e-05,0.5832365884322067,0.27865529610172135
