epoch,N1,N2,N3,R,W
0,0.04418045494498307,0.0020377149139541757,2.4416791078357275e-05,0.000535179921652267,0.953222233428332
1,0.059221240495168186,0.001737537089510654,0.0006443393683799288,0.000705663766863223,0.9376912192800779
2,0.03918345620959097,0.004495252222712119,1.7473372575952505e-05,0.0006201716684702639,0.9556836465266507
3,0.13038481148879577,0.0041318836180865015,0.0004691535750903867,0.001154959309659294,0.8638591920083681
4,0.01768710397993029,0.0006013353779964723,8.130778135348273e-05,0.0009190187049352023,0.9807112341557845
5,0.3734453019491822,0.011896879607043795,7.93312783248187e-05,0.00893383886016732,0.6056446483052819
6,0.14547780230359236,0.0016739359674321907,0.0004218971347379674,0.002256432432899485,0.8501699321613381
7,0.36860010088769185,0.0026934635738604705,0.0008123507713720112,0.004946701815816605,0.6229473829512591
8,0.3508921451384244,0.012184293908920108,2.7206205464253196e-05,0.01306160052534851,0.6238347542218426
9,0.09059719288055015,0.037734875227157114,0.0005951670489166505,0.012045164162488515,0.8590276006808876
10,0.05856751148780049,0.29304935857104186,0.0005098693345660409,0.03871345842108121,0.6091598021855105
11,0.09428610546520183,0.02322328975742248,3.0145572665358463e-05,0.048898174176849524,0.8335622850278608
12,0.1349995709520555,0.4669928570820549,0.004262514247020984,0.0430207878326678,0.3507242698862007
13,0.38214313736162037,0.2642913733743295,0.00039114650504923826,0.05079659277192931,0.3023777499870716
14,0.27799570145056585,0.3772296529102961,0.020128099997767105,0.0041535913764194875,0.3204929542649514
15,0.10178369563838567,0.7150705569130101,0.1032606879684852,0.005432503734254553,0.07445255574586455
16,0.017233487703590476,0.5785997612978189,0.3181544239762669,0.0020448248853859297,0.08396750213693792
17,0.016511598292661328,0.5395022033111601,0.30931810652477787,0.0020507275993354814,0.13261736427206525
18,0.03522059793852223,0.7122716805706679,0.1371770659933686,0.00270053758205907,0.11263011791538226
19,0.0196884601339702,0.7664566163792421,0.11730962669297758,0.0011271062282189833,0.09541819056559113
20,0.21961268238896633,0.22605766479742723,0.0037329015545504414,0.00414849857111117,0.5464482526879448
21,0.04437994741691579,0.7959747420107094,0.01584020285823892,0.0014872385572690173,0.14231786915686698
22,0.1482255332223593,0.6192024610038545,0.01064226577495937,0.0028664675903333453,0.21906327240849346
23,0.04622293670471056,0.6685487517045198,0.08244575730687191,0.0013146971571797927,0.20146785712671786
24,0.05318731935959454,0.5005066865124636,0.2775974011249067,0.0006227289867563291,0.16808586401627904
25,0.026573232365485505,0.5742290462805631,0.2828196383899759,0.0002098167071703516,0.11616826625680497
26,0.025829624043749926,0.5488528492837197,0.23729071183780232,0.00021895369795542954,0.18780786113677256
27,0.012567389209331785,0.5751287793666772,0.36351115642823245,0.0001270034667542266,0.048665671529004396
28,0.02256957553206433,0.6091309686035852,0.2438989234617476,0.00016443422472348077,0.12423609817787937
29,0.026094328617351118,0.585334608606609,0.24493561064998773,0.0001825448994725707,0.14345290722657947
30,0.13329772821843794,0.620256576884294,0.06694809738513487,0.0007626715115836703,0.17873492600054938
31,0.03460513875622741,0.6406447931380044,0.237336248749874,0.00019720935555086965,0.08721661000034328
32,0.034296373114018286,0.5121513844426198,0.4107374307711547,0.00017506879377698865,0.042639742878430226
33,0.03195185371168985,0.6363663603538768,0.29822264513100816,0.00019966091969198427,0.03325947988373302
34,0.1297289519485256,0.5245084660214888,0.08778583221499671,0.0005740390465250661,0.2574027107684637
35,0.03731918157775662,0.7109795184779557,0.20128976538943552,0.00011248290217014062,0.050299051652682045
36,0.017137066942231605,0.4344659342680929,0.5345091101672373,2.9825893503633132e-05,0.0138580627289345
37,0.01463140146856242,0.2041728004684541,0.7729007203845413,1.6402060131650554e-05,0.008278675618310624
38,0.02561577412673708,0.5994016670200891,0.31220175061450023,7.781838425867788e-05,0.0627029898544148
39,0.010999279388736558,0.378506735170247,0.5838048619070714,0.00014571945789808118,0.026543404076047
40,0.0077438008298131075,0.5062383970498512,0.4687287345300795,0.00011461174351986463,0.017174455846736315
41,0.008292969197533289,0.5677737206442193,0.4171787403929483,8.89995256959943e-05,0.006665570239602998
42,0.0015310154944536871,0.126806450435702,0.8673761330477983,3.404393674301065e-05,0.0042523570853031595
43,0.0025515601834793784,0.14775503067101997,0.8329274252060038,8.581817537580292e-05,0.01668016576412104
44,0.0011434689525147543,0.054485228932013775,0.937140371848963,5.756816211996193e-05,0.007173362104388625
45,0.002025367285188748,0.10359127514809935,0.8718351148718042,0.0001237716909123022,0.022424471003995507
46,0.0008011907380258015,0.07003086759745605,0.919849849205595,6.012491494284759e-05,0.009257967543980283
47,0.00029356707211878447,0.03225418919932815,0.9636707066323257,2.7586711459626984e-05,0.0037539503847677158
48,0.0008240421521055162,0.0925041520422812,0.8874677919174864,6.134469600732944e-05,0.019142669192119564
49,0.0004508262483454858,0.0526198816110809,0.9435828711192792,4.734987455816495e-05,0.0032990711467361855
50,0.0007099025221683378,0.08266355458783756,0.9089343397232805,8.128366145885785e-05,0.007610919505254696
51,0.0006913589215979889,0.09235267618446681,0.8965919227201374,3.4730892054704675e-05,0.010329311281743
52,0.0005680833339941464,0.09328889977981406,0.9031532066871107,2.2979058510222954e-05,0.00296683114057059
53,0.0003177387797164416,0.03126029489083509,0.965576371830177,8.31805126635947e-06,0.0028372764480052983
54,0.00057274370686829,0.07814692785963372,0.9089104393685797,2.9938415716123357e-05,0.012339950649202253
55,0.0009257968155023886,0.06243039284231232,0.9278143769360178,2.6489222201554716e-05,0.00880294418396598
56,0.0007074438029666534,0.03519839290152306,0.9586756968032277,1.2670092938084929e-05,0.005405796399344372
57,0.0006305445668546128,0.03800976695731476,0.9507938483957566,1.3978031307021278e-05,0.010551862048766885
58,0.0003136626385768241,0.03043023046601329,0.9608214108975328,1.0978492716902474e-05,0.008423717505160189
59,0.0028738163430291857,0.036238446776650717,0.9314175369922801,7.214344279447889e-05,0.029398056445245336
60,0.0016405477526071743,0.025485819454535794,0.962528026065737,3.303547882835903e-05,0.010312571248291857
61,0.0006894101855451416,0.05138373984738338,0.9344758650704341,2.3351703958098493e-05,0.01342763319267908
62,0.0002281794665139143,0.025988166458279508,0.9699264697174429,1.020521840403755e-05,0.0038469791393595477
63,0.0003117739384748842,0.025423012235298876,0.9696845049691685,7.566957244212361e-06,0.00457314189981339
64,0.00013984811748296515,0.014289368662185019,0.9844143477382515,5.8381418822503424e-06,0.0011505973401983096
65,0.00027999114683389226,0.014815262865215489,0.9832311610417838,1.376810461782686e-05,0.0016598168415491931
66,0.00028260575457188697,0.0375671248886583,0.9579305078673985,2.9299459408647766e-05,0.004190462029962668
67,0.00021369316840384273,0.027780891200273848,0.9691922554410055,2.3443970974532262e-05,0.0027897162193421983
68,0.00017057808368556497,0.013215356797163848,0.9851137820363745,1.2928645278613507e-05,0.0014873544374975091
69,0.00015082838437209032,0.028235539666740632,0.9703854841145678,1.5199373747037384e-05,0.0012129484605725089
70,0.0003087969637515819,0.03256409513539463,0.9611466515822132,5.1573560975632695e-05,0.005928882757664924
71,0.0005610746290841577,0.047015292441660514,0.9466540042656107,6.969070574305997e-05,0.0056999379579016005
72,0.0003336439410987803,0.022821213179467306,0.9736711986566565,2.9673962190548217e-05,0.003144270260587077
73,0.0009129829064854116,0.047074689494603826,0.9488545059644237,4.7501296237348465e-05,0.0031103203382497674
74,0.0009873011873958732,0.03559146229923969,0.9532570588203299,8.826706142664732e-05,0.010075910631608002
75,0.0011306345357743493,0.054576498951559825,0.9378797784624539,6.772957744649389e-05,0.0063453584727654715
76,0.0004826232075503977,0.0516144946891137,0.9429072063835676,5.731233892821063e-05,0.004938363380840283
77,0.0009292563389815576,0.06310359475475504,0.9303101906479025,7.965351919029479e-05,0.005577304739170434
78,0.0003925783339217656,0.049416660997297926,0.9472959190546931,3.508425142161567e-05,0.0028597573626655665
79,0.00030376535120230227,0.019453497400825383,0.9769146808012241,2.7044528003259642e-05,0.0033010119187447716
80,0.00022840948289806415,0.02633223338984511,0.9706427549915924,3.836927336477653e-05,0.0027582328622998203
81,0.0003080559134271901,0.0205327274456604,0.9743682584628485,2.8194073206079655e-05,0.004762764104857954
82,0.0001609865805847876,0.02203034807149003,0.974531292763242,2.6430231244322376e-05,0.00325094235343889
83,0.0005196727133762768,0.017398502767679822,0.9768163532017864,1.6516232254455105e-05,0.005248955084902993
84,0.000195587065014153,0.009729102244544896,0.9879865541787629,1.7700809883603056e-05,0.0020710557017943384
85,0.00035027516814669003,0.04503769317660874,0.9517685506462945,5.6916646739075666e-05,0.0027865643622109826
86,0.00038785887250524247,0.043863365322138075,0.952618201259456,4.860392949673519e-05,0.0030819706164039408
87,0.00032637403947098636,0.028240960358607594,0.9677616284594532,4.511043800257562e-05,0.0036259267044656744
88,0.0003446131918058653,0.037320425043981476,0.9581972152198637,6.079972392254395e-05,0.004076946820426458
89,0.0005943714213666555,0.048555185884566525,0.9461314128682126,5.881545323068344e-05,0.0046602143726235485
90,0.0004377210121481616,0.04041996473442467,0.9533050227542292,4.2064725225756736e-05,0.005795226773972176
91,0.00027318297572975325,0.04523976610703043,0.9506801373647357,6.658406791806765e-05,0.0037403294845861318
92,0.00021843985125292737,0.033716144363051224,0.9645368531474375,4.2051548366452006e-05,0.0014865110898918607
93,0.000496072891824937,0.05132648175269083,0.9424701622880922,6.24712801150802e-05,0.005644811787276993
94,4.055829252333776e-05,0.01043621573104655,0.9883391346078987,1.2845381827983167e-05,0.0011712459867035
95,0.00015585367517691778,0.02579570449254681,0.9709834968893296,3.487566612355512e-05,0.00303006927682296
96,0.0002644265663754082,0.027977365492110585,0.9671286067002248,4.067116410332343e-05,0.004588930077185947
97,0.00022781440233782713,0.03188725303740662,0.9661133313754371,3.618699249973638e-05,0.0017354141923186651
98,0.000761942902964991,0.07075122375563825,0.9258538093383413,0.00013855915580352905,0.0024944648472520962
99,0.00047337304953366745,0.04971267212421529,0.9469942583167582,5.306282743068969e-05,0.002766633682061985
100,0.0008246750000899516,0.05875827614022642,0.9376678372210312,0.00011675669710901693,0.002632454941543481
101,0.0007608842101824426,0.05933278865299903,0.9379023432541503,8.076217978760132e-05,0.001923221702880489
102,0.000684236795630642,0.04483774115682653,0.9527946717929383,5.762243348103278e-05,0.0016257278211236521
103,0.000632835311312127,0.037985075345078646,0.9600456738202565,5.66529799193003e-05,0.00127976254343348
104,0.001472620607270328,0.1877633038341019,0.803805119334306,0.00025053356828172473,0.006708422656040067
105,0.000768403095254209,0.06351977052307736,0.9331651685887016,6.994091292299622e-05,0.0024767168800438003
106,0.0007901773486330429,0.058320115969919505,0.9373485160661644,4.6981614505218e-05,0.0034942090007777688
107,0.00022352014649510717,0.04024922525579081,0.9584231714940199,1.8501670302321133e-05,0.0010855814333916274
108,0.00020244767673720736,0.02967435525255528,0.9689642657466835,2.4966192518810346e-05,0.0011339651315050324
109,0.0003975434421471241,0.05041715376700696,0.9477511701990715,2.8193121463000325e-05,0.001405939470311338
110,9.503913280131454e-05,0.02179716795171686,0.9770262226577697,8.889004339565361e-06,0.0010726812533728553
111,0.0001012952515542428,0.01743407428495671,0.981877784114957,1.103741902628327e-05,0.0005758089295057098
112,0.0003447400199072793,0.04604815946273658,0.9520895788587015,3.314274372743661e-05,0.0014843789149272528
113,9.916144309175417e-05,0.01717145262268211,0.9817418393749204,1.0871419859473872e-05,0.000976675139446256
114,0.0005552066934994646,0.05217465855994163,0.945795027126262,3.513990941754608e-05,0.0014399677108793958
115,0.00022923278894603085,0.03496386577630557,0.9637285038998761,1.797964092190173e-05,0.0010604178939505248
116,0.00032546356284622304,0.05369938233983205,0.9438727481795669,3.2699309781170544e-05,0.002069706607973607
117,0.0002163980426153345,0.020853938805457495,0.9774311304069034,1.5666145894015072e-05,0.0014828665991295671
118,0.00041330321888086705,0.07339736271464861,0.9227745484553685,6.403220643177287e-05,0.003350753404670007
119,0.00014388538145173696,0.024557943205952063,0.9741505244966567,3.908934242955399e-05,0.001108557573509881
120,0.0004787462721408308,0.05388114297183336,0.9407712918565154,5.928793985182494e-05,0.004809530959658598
121,0.00023489040570174273,0.04292787274372686,0.9551878141651611,5.233671175673089e-05,0.00159708597365329
122,7.371267867639486e-05,0.01663237404385625,0.9822757512899859,1.378274499728515e-05,0.0010043792424842069
123,0.0001456282948441118,0.031368631462523514,0.9671816597619772,2.3631457573584628e-05,0.0012804490230814412
124,0.0001318829782883144,0.019335726654316657,0.9795971056502275,1.2403555945617919e-05,0.0009228811612221479
125,0.00024126588881222678,0.024906937218183576,0.9715019018007923,2.5512792234341076e-05,0.0033243822999776966
126,0.00013182714737299206,0.021128139065943734,0.9769931856679586,1.8032397804666587e-05,0.0017288157209201505
127,0.00022468523532561907,0.01936475969453626,0.977118420395409,2.0796731487942337e-05,0.0032713379432413817
128,0.000393192788182145,0.03537948443764721,0.9606869936210858,6.153155034014241e-05,0.003478797602744523
129,0.00012385709508955554,0.025826211702420145,0.9721477514314963,2.604309025598192e-05,0.001876136680738085
130,0.0002810050077806538,0.0284293533258346,0.9701895591992395,3.972993967918791e-05,0.0010603525274659991
131,0.00026616553340108704,0.035896883686425,0.9616939296066096,3.3136704789039944e-05,0.0021098844687753135
132,0.0012467765781315342,0.09823686630542561,0.8967655232852355,0.00017417093031048435,0.0035766629008968276
133,0.001720754008012547,0.20037451164905998,0.7918146785790624,0.00032712346441392763,0.0057629322994511055
134,0.0012772486152755984,0.09710505009729414,0.8990577879115843,0.00020860608496199197,0.0023513072908838916
135,0.0014650421616403111,0.14824646689628906,0.8425413655575358,0.0005613220324768438,0.007185803352058046
136,0.0010115864510554747,0.07553464648368038,0.9196422374539595,0.0002760391000832334,0.003535490511221366
137,0.04058103479558641,0.5193282436336566,0.34913994393017217,0.005195144213465657,0.08575563342711913
138,0.011713643631641905,0.27985961527464653,0.6729839409869751,0.003841754001945246,0.031601046104791274
139,0.010563292582613118,0.11107397859823903,0.8450765113234362,0.00398765206536243,0.029298565430349227
140,0.1281836539848206,0.46198226047102114,0.22571257786062623,0.08200364717093027,0.10211786051260183
141,0.049529670223125065,0.629195110456643,0.22671579028626623,0.05657451806212131,0.037984910971844366
142,0.09912385404813408,0.5430477873696201,0.020551911774251443,0.1001745070654279,0.23710193974256638
143,0.14241511895522996,0.06382025534855819,0.00041184597938500646,0.5543629810598235,0.23898979865700323
144,0.15572874866777572,0.03481970436859327,0.00012251543446116937,0.747549792426565,0.06177923910260477
145,0.17593453487502547,0.060144414314101426,0.00030957616873677417,0.7094953070085807,0.054116167633555624
146,0.4556209069912508,0.11792324904135187,0.001222229125079588,0.310466639135694,0.11476697570662368
147,0.19389942961633347,0.07376692012162205,0.0007355506267092938,0.6102920587872414,0.12130604084809389
148,0.024365939699554758,0.02699350899537459,0.0003605907083188798,0.9018159823334639,0.046463978263287686
149,0.012886685873233503,0.013544814951607476,0.00011985141218711201,0.9645082389070049,0.008940408855966933
150,0.007924103449366771,0.008240597359106965,5.567892731978811e-05,0.9779852515454813,0.005794368718725144
151,0.026078241980772045,0.07125301890097961,0.0008762325909234033,0.8544779128062508,0.04731459372107425
152,0.010532879413526337,0.015011540648049599,0.00011917120970785057,0.9527786756471004,0.02155773308161582
153,0.023160667262626472,0.05865364915730075,0.0007546709198825509,0.8775698643298788,0.03986114833031144
154,0.00622671517591035,0.009854414275058164,7.597184570642601e-05,0.9746537311954265,0.009189167507898437
155,0.010522224665480034,0.014817710535489245,0.00010403615909850698,0.9461185190945354,0.028437509545396707
156,0.0061223246791890645,0.019855314814662763,0.00011777303990571808,0.9601170709164413,0.013787516549801036
157,0.00654219615442615,0.013500388273544368,0.0001088479453791037,0.9667113225053076,0.013137245121342657
158,0.01315090237262465,0.017642544305683943,0.00010244876143648719,0.9480642720194382,0.02103983254081679
159,0.060709703431863035,0.020690094953686507,0.00011948813011856153,0.8748231722405857,0.04365754124374614
160,0.033915439668272,0.02847603923747644,0.00018547830240424885,0.9176597258122059,0.019763316979641538
161,0.053523808375668426,0.04464339821739129,0.00030790976630019516,0.8861748570147214,0.015350026625918611
162,0.11278667190495036,0.03534014344013143,0.0017371781642225006,0.7977723676665364,0.05236363882415938
163,0.0189324516218781,0.037579262353780174,0.0003202100285088164,0.8990167753117576,0.04415130068407534
164,0.024059224621582585,0.01956900146536132,0.0003036685096380641,0.9396313795963898,0.01643672580702843
165,0.01307628598422576,0.005805887642939577,3.747362191168063e-05,0.9732511841486579,0.007829168602265046
166,0.051767037662658104,0.012701292742709128,5.052109288287769e-05,0.7560973515679897,0.17938379693376008
167,0.029484346435345355,0.006642698848346015,1.6217973100823117e-05,0.9511338337195299,0.012722903023677967
168,0.06398878796186482,0.010925867989738911,1.426740620176067e-05,0.9063740441125371,0.01869703252965732
169,0.05023672349004537,0.007204209242805035,1.1614697860546061e-05,0.92599863415813,0.016548818411159162
170,0.026343600368585445,0.023991032081787492,4.1340487175336965e-05,0.9401254912214961,0.009498535840955637
171,0.024166729083468192,0.030693836874083374,6.676297439338089e-05,0.9224931718991383,0.022579499168916772
172,0.007049809345304581,0.010724693270224328,3.734742374208175e-05,0.9714513234525478,0.010736826508181224
173,0.006569415495061413,0.010437611262939355,2.3430270555733603e-05,0.9757895803481728,0.007179962623270844
174,0.010501341380806613,0.0160044688378942,4.254952274591132e-05,0.961612707021017,0.011838933237536332
175,0.020240322300326002,0.03138867613131447,2.1457715484298075e-05,0.9357184654185751,0.012631078434300178
176,0.022047944548367684,0.05886824171006027,3.8536955806427025e-05,0.9065076925188075,0.012537584266958184
177,0.034734727101297685,0.07531722745459174,0.00018477164153392827,0.8359712012363637,0.05379207256621297
178,0.05793919296511249,0.08456613789502022,0.000245397643753956,0.8138957843937566,0.04335348710235666
179,0.06474278746562341,0.0366206991162453,0.00010175538157675015,0.7862286010079452,0.11230615702860924
180,0.0694442761048726,0.04505404194917403,9.747978275365896e-05,0.8647181764196508,0.020686025743548903
181,0.07700786150192551,0.2163806231245891,0.0015186944343748075,0.6623082421092135,0.042784578829897134
182,0.1270696110291097,0.12230877637874175,0.0002913983684355658,0.7072149792846967,0.04311523493901619
183,0.03741010361932375,0.3963688517812447,0.0008907187750807381,0.5311898666944075,0.03414045912994328
184,0.026339388368080422,0.5364710496648166,0.0024197183079541166,0.41080519941684973,0.023964644242299025
185,0.06279149701304564,0.5078513760986881,0.004075259659479025,0.4089065114604468,0.01637535576834035
186,0.07425475735394312,0.6237962356365303,0.003465102226357077,0.21512380593531552,0.08336009884785399
187,0.1529633299444374,0.45572986749322847,0.0008312950347297393,0.29971765351889285,0.09075785400871163
188,0.025331275335657936,0.8919480520132042,0.026168873712872496,0.03544843721482168,0.021103361723443893
189,0.056252740427378954,0.8517678878749652,0.0054323469819466804,0.07241693425455047,0.014130090461158646
190,0.045893163865803624,0.9005384209450877,0.008804965620314827,0.02845503189637966,0.016308417672414355
191,0.021978163822898987,0.9318163162360082,0.004883794254742297,0.03030016422129162,0.011021561465058805
192,0.0379044373907857,0.9218335014049212,0.0024976919387655707,0.030238190591020047,0.0075261786745075485
193,0.08485341510000298,0.8693058149728186,0.004983308300511718,0.023876833313878767,0.016980628312788053
194,0.038640656301048064,0.9418488756829894,0.0033000601395327886,0.00731119310408938,0.00889921477234034
195,0.05348030694363256,0.90941129602979,0.01908732740702434,0.004218701144765131,0.013802368474788272
196,0.03180666155547188,0.8553187920481491,0.07379662595104289,0.0031980221179011325,0.035879898327434975
197,0.06256824852822264,0.8747609917134431,0.023088115421100466,0.0069943855064090125,0.03258825883082482
198,0.08091599089392738,0.8429100382155645,0.010843251319126487,0.008689141105312694,0.05664157846606885
199,0.039910671039160336,0.8675665504188779,0.05298664896924889,0.002130076755886024,0.037406052816826754
200,0.04178107837455168,0.9171277575534889,0.00964507455082184,0.004638318975258114,0.026807770545879465
201,0.046407151213580855,0.9085971026067372,0.011340888088814923,0.005081131564148818,0.02857372652671828
202,0.05211927539163252,0.8630702410336417,0.008233191089648439,0.007940828259817961,0.0686364642252593
203,0.08202642012990644,0.8205093025683546,0.014034045858047036,0.014117305853982312,0.06931292558970978
204,0.10120472463332235,0.8420825246076103,0.0033304937162597628,0.005782513079888153,0.04759974396291944
205,0.1528022834313387,0.7915508195780447,0.0022734713276163295,0.015145781634670057,0.038227644028329975
206,0.21820297171270198,0.5210070480067565,0.004562563241941931,0.02327112971276084,0.23295628732583876
207,0.5628626843034343,0.31648171666454805,0.0008505983461931133,0.05677213656090354,0.06303286412492094
208,0.1770779606800844,0.6947768435888632,0.010297603192926958,0.007513215875163748,0.11033437666296173
209,0.06069824905178696,0.8865620122894502,0.006726709575298082,0.002764638837354548,0.04324839024611017
210,0.12211957057937414,0.8433743395094494,0.00238021643028245,0.011417992018507092,0.020707881462387036
211,0.014687796359755895,0.9477821483395833,0.0312591327444044,0.0008448906540961745,0.005426031902160249
212,0.048212121005564594,0.9395991676067824,0.003100013560327432,0.002305503931793949,0.0067831938955316765
213,0.015704176331993832,0.9628137910767253,0.015444589542012872,0.0005333861426208768,0.005504056906647125
214,0.01881080807806,0.9390660678970264,0.0351811981718197,0.000726574167665445,0.006215351685428415
215,0.007436408946970221,0.9754072405601883,0.01523844987622423,0.000339920775741438,0.0015779798408758166
216,0.013110196219558227,0.828127086486465,0.14767579137576553,0.0005052727603859295,0.010581653157825353
217,0.013779538708590583,0.9642645048537153,0.018566829072666928,0.000856791164294003,0.0025323362007331064
218,0.02197005965676869,0.7208090777239565,0.2497374223029485,0.0014858726722524604,0.005997567644073944
219,0.011769555980118224,0.7946508273416086,0.18828828413887652,0.0019193438714087802,0.0033719886679878285
220,0.03120589111920408,0.7711324309066091,0.17528182477252932,0.004957241976673279,0.017422611224984282
221,0.007247495243547977,0.6002532950620604,0.385481896954518,0.0027094417867812907,0.004307870953092266
222,0.011393795223966193,0.6113064051256446,0.36587719752360465,0.0027975342109086364,0.008625067915875938
223,0.017712445795653283,0.95137709577838,0.024365776918514655,0.0023587592766389884,0.00418592223081296
224,0.008093856612175654,0.5005129002484102,0.4822610135563268,0.0012468604967034486,0.007885369086383773
225,0.014682919973334067,0.5695859874724735,0.4017849356504879,0.002638724637594814,0.011307432266109745
226,0.011641998457764717,0.6373723454438495,0.343386285512093,0.0017079515443685414,0.005891419041924231
227,0.003255462422478862,0.3428383541552992,0.6475765900999594,0.0005120569854684684,0.005817536336794021
228,0.003656756719011812,0.4444010783473928,0.5472736144285278,0.0005436345856093206,0.004124915919458144
229,0.0041815783463147295,0.20774266709836745,0.7777730498138473,0.0003521655896663275,0.009950539151804282
230,0.0025403577668411943,0.12190182114587296,0.8680400010972441,0.00046224308265377937,0.007055576907387832
231,0.003193188864633521,0.12323281155439585,0.8656377321065831,0.001126343977245571,0.006809923497141819
232,0.0031862564165164578,0.11680569023132907,0.8631597430348559,0.0025968212319392387,0.014251489085359212
233,0.007085934429840208,0.5421345251511869,0.4010586376303012,0.024672178693182063,0.025048724095489708
234,0.002918861177539629,0.12593978032223474,0.8392059384835461,0.0030846987321530538,0.02885072128452657
235,0.005665781959205396,0.13433224370227997,0.7187161685449445,0.0025267963989007683,0.1387590093946693
236,0.07313019541261087,0.12656747813240524,0.004827491952270561,0.007000519474169732,0.7884743150285436
237,0.005896687329515215,0.0011203886846553588,7.2349751091710985e-06,0.0005176893408766354,0.9924579996698435
238,0.019168935413585827,0.006470150772587367,0.00026965090172260085,0.0003849146686427589,0.9737063482434615
239,0.051722801833718954,0.0012628265349486157,7.770255652758473e-06,0.00013079134292990529,0.9468758100327499
240,0.005942487981256189,0.0033468089946494355,0.00021633243065086579,0.0002476825126634031,0.99024668808078
241,0.003971367208250296,0.0025988627960320514,2.925241158916433e-05,0.00010879657323233078,0.9932917210108962
242,0.01544598944252937,0.004228602496639588,1.7936504760932452e-05,0.0007417614495405089,0.9795657101065296
243,0.01457727852914788,0.003895661497318538,5.386368276452054e-05,0.0010193488913318076,0.9804538473994372
244,0.006786784037389991,0.004109812236722755,0.0003423625193993395,0.0008074874228458298,0.9879535537836421
245,0.036902319099714774,0.005805009350813063,0.00041123725011688316,0.0016426665790522286,0.9552387677203029
246,0.03329146881885139,0.0029977300283095263,5.0331535699058724e-05,0.0020228397008672373,0.9616376299162729
247,0.03766570684461063,0.0027154823694331364,1.3054928051091409e-05,0.0027048706337451673,0.95690088522416
248,0.17742692676537947,0.0031729010047322915,1.6925091678519294e-05,0.02576154576352891,0.7936217013746808
249,0.28185130413536996,0.041622746508891216,0.00024396173281194554,0.050933009468382424,0.6253489781545444
250,0.4342674374274677,0.04665158015905071,0.00017280305087011464,0.10975670438791024,0.40915147497470117
251,0.516968829576036,0.10373346560493248,0.00020455991426303354,0.18870046135263435,0.19039268355213426
252,0.3280168144884063,0.1330764355737204,0.0006055831746631802,0.35813447227656203,0.180166694486648
253,0.10266374929917933,0.21445322306190612,0.0007149817193045045,0.3558924078742035,0.3262756380454066
254,0.22146150732800984,0.3616703227384123,0.0031555698681699465,0.24925158758463356,0.1644610124807743
255,0.11105879246029207,0.21371824933314854,0.0014271979476309774,0.6481044898728131,0.02569127038611526
256,0.1031596598037035,0.6198373851689682,0.01803694249186224,0.23915016188113955,0.01981585065432648
257,0.039765941399524385,0.8226596144321889,0.006121194028615535,0.12439992996728592,0.007053320172385158
258,0.05637399569016415,0.8486737051988392,0.01837659133325302,0.06119264451894803,0.01538306325879575
259,0.06405151349055772,0.7880658612467062,0.08026161295049697,0.024201862099596117,0.04341915021264297
260,0.20742775013702103,0.6362536572946694,0.024347259530116346,0.046962535850176304,0.08500879718801685
261,0.059219472269113504,0.683204402716913,0.19519002862371357,0.00898755839933028,0.05339853799092978
262,0.08843244575796542,0.7468944237285615,0.1040247546533452,0.00847917051083682,0.05216920534929097
263,0.028817568175787043,0.77116459372887,0.15667170845616185,0.0011416295179857811,0.04220450012119536
264,0.12978770511699111,0.7295031758062778,0.044049253280074634,0.005803202789440362,0.09085666300721602
265,0.059306946306696716,0.7402890647409031,0.16545947566282904,0.0023307950817611518,0.03261371820781
266,0.015672722950834175,0.6615380486361679,0.3161366613680539,0.0009683122393937801,0.005684254805550082
267,0.05601221140016003,0.7808007276347093,0.13452034489715559,0.002388305114213735,0.02627841095376128
268,0.022720520878295597,0.6955257814210369,0.26433213464083566,0.0018907058538562558,0.015530857205975426
269,0.004042189392446231,0.24039013827443606,0.7516835348552737,0.0008897086794106166,0.00299442879843339
270,0.007254258909199721,0.6323051166511422,0.35534000962855317,0.0009549967244401127,0.004145618086664684
271,0.02194408151170914,0.846906190587044,0.12011901253124724,0.004581221056265827,0.006449494313733763
272,0.0079034583966682,0.38925883217054824,0.5960206046676234,0.0019528488530059004,0.004864255912154278
273,0.016341462444848884,0.7035028791612022,0.2591694553777571,0.0016157758021130301,0.019370427214078806
274,0.005870639982672903,0.3746856881776432,0.6166661315602987,0.0006182266180034295,0.0021593136613819413
275,0.009396860254504405,0.783860206612992,0.19857040549255586,0.001546526811370369,0.006626000828577418
276,0.004757085230048647,0.26634635149855646,0.7261938150162591,0.000591834301626201,0.002110913953509598
277,0.004796115794751937,0.23406750119036868,0.7530605213782489,0.0009677809915647821,0.0071080806450656685
278,0.0052324768409908965,0.23014699244302686,0.7589131863638782,0.001156023388157985,0.004551320963946108
279,0.0024578192863930434,0.20845893783283426,0.7854484575097559,0.0010266060527504017,0.002608179318266488
280,0.0024145307459654724,0.3728355922437423,0.61696491578996,0.0013884639146717374,0.006396497305660448
281,0.009869076476463283,0.35494591606656817,0.620978182235638,0.0020147745686101867,0.01219205065272036
282,0.0018497447821540394,0.23301338971078278,0.7551121381572038,0.00046116153372233095,0.009563565816137019
283,0.001422572445057787,0.12230041084324451,0.8711330255995123,0.0001995604891270858,0.004944430623058416
284,0.000763270047471792,0.09432709563617464,0.9023995854125887,0.0002884941108685462,0.002221554792896317
285,0.0012165541508722837,0.10872263008401216,0.8854414829669577,0.0005425551058522805,0.004076777692305541
286,0.0018228695478706845,0.15753885278020494,0.834384617739124,0.0006641182615048824,0.005589541671295436
287,0.0017267315531585476,0.06528906941944172,0.9224229900189356,0.0005130429992635873,0.010048166009200403
288,0.0018849680301211607,0.1532471440074099,0.8330663254931153,0.0007467640315295608,0.011054798437824143
289,0.0003571314152882933,0.05304313703718857,0.9448270913973018,0.0001702537982835897,0.00160238635193764
290,0.0013314242643140811,0.2184490056545717,0.7702792668924007,0.001283645436862511,0.008656657751851059
291,0.0008476901044626135,0.10009063393478121,0.8963645682282108,0.00019193072223231688,0.002505177010313264
292,0.0018046684793990245,0.1919325909161936,0.798668387832362,0.000593486197408651,0.007000866574636642
293,0.002271139403359498,0.2070254315843144,0.7875390471102977,0.0005003251470285578,0.0026640567549997686
294,0.0006809411620375295,0.07892877434854667,0.9189862128397764,0.00015773308181193403,0.0012463385678273332
295,0.0009821626046251333,0.11964993052198214,0.8767376096439776,0.0002753211098023878,0.0023549761196124735
296,0.00037078279161657985,0.04376145416075104,0.9540997268611517,0.0001241697813282124,0.0016438664051523716
297,0.00045044301669126596,0.09839373046624986,0.8989401076916053,0.00017456967076443888,0.0020411491546894105
298,0.000343119457911135,0.04641691103934387,0.9525587487290309,8.757118842080758e-05,0.0005936495852935483
299,0.0023810686597774263,0.16858650784028026,0.822808348877378,0.0005995514270392481,0.005624523195525081
300,0.00037824181448267025,0.058956005108143326,0.9393534201142313,8.693248117480454e-05,0.0012254004819678918
301,0.000372288612841447,0.08138387419426561,0.9161580108153942,8.850102225756622e-05,0.0019973253552411792
302,0.000759910192220352,0.10012183337402947,0.8949662331142411,0.00020740476237963396,0.003944618557129429
303,0.0002480188185322484,0.03690940035273216,0.9617005804458528,7.694377565908263e-05,0.0010650566072238083
304,0.00037762879932635367,0.042637795135532786,0.9552609886301153,0.00013812268102937142,0.0015854647539962877
305,0.00039376803148133004,0.051989170778529534,0.945770983149059,9.384511060734497e-05,0.0017522329303227403
306,0.00031141038450466425,0.03424584830832501,0.9645226905448131,6.212228685039578e-05,0.0008579284755066849
307,0.0002008256955613725,0.025176905057735687,0.9733792613344051,9.596456807676167e-05,0.001147043344221151
308,0.0003806755286826263,0.06030681941097322,0.9370303362489707,7.083749922581815e-05,0.0022113313121475504
309,0.0007725051594779928,0.10615429714048168,0.891080655375306,0.00012905695697212598,0.001863485367762177
310,0.00027218919077965216,0.0616775496516213,0.9366170121802808,6.027538771533533e-05,0.0013729735896029058
311,0.00020002155561051939,0.04569674073631585,0.9529862179462217,4.698079181502351e-05,0.001070038970036832
312,8.092916225345142e-05,0.03479248336733574,0.9642528203222437,2.8559176167267662e-05,0.0008452079719998739
313,0.00020100092200682658,0.025394326499194115,0.9737879874718589,5.8459413441619926e-05,0.0005582256934984499
314,0.0002874164901150741,0.03030798454076383,0.9683460403945217,6.855665517875142e-05,0.000990001919420754
315,9.821574178416718e-05,0.01878634010090394,0.9806024812483481,3.8927415288126236e-05,0.00047403549367547673
316,0.00024580878801042213,0.018641497247576744,0.9802709731532893,6.253638985455063e-05,0.0007791844212691801
317,0.0004902983345239475,0.09089646056935298,0.9052761756956138,0.00010442883780441085,0.003232636562704923
318,0.00027617103800216437,0.029851536670520158,0.968085341209323,4.8565608708433796e-05,0.0017383854734461664
319,0.00018877818403305576,0.031610393063667135,0.967426099326081,3.8063042288782466e-05,0.0007366663839301006
320,0.0003359454132503316,0.04813779785457136,0.9500921206618033,0.0001277543412503279,0.0013063817291246863
321,0.00021774875948874935,0.032783672302176256,0.9655944197526689,9.743964317610473e-05,0.0013067195424901622
322,0.0003189223170415195,0.0346294330769419,0.96400331727973,8.71394529058973e-05,0.0009611878733806938
323,0.000650768483792371,0.07190973442048243,0.9249650888743859,0.00011650632317886502,0.002357901898160457
324,0.00011634231720159818,0.032470964101071344,0.9670817339827432,3.443826036024886e-05,0.00029652133862368373
325,0.00014769436037821772,0.04779821234809569,0.9515735058352963,6.204027705582915e-05,0.00041854717917385725
326,0.0004131358756542511,0.04755157397081629,0.9509476847506176,0.00011895715573162838,0.0009686482471804459
327,0.00038708185507016734,0.09118350637776189,0.9067703457752078,0.0001775799002707162,0.001481486091689605
328,9.47348888834932e-05,0.019748726702245464,0.9798035873354441,3.1249266924419286e-05,0.0003217018065025781
329,6.364699268070533e-05,0.02434782899852269,0.9751461450349531,1.95845910077264e-05,0.0004227943828357063
330,0.00012455079418127184,0.03132158992580637,0.9680486453231192,4.022260154205806e-05,0.00046499135535114076
331,7.641237829646429e-05,0.02619763548334334,0.9732490098041894,3.9386590892567005e-05,0.0004375557432781643
332,8.018814597616945e-05,0.02386619317323681,0.9752880804523317,3.0126420028322273e-05,0.000735411808426944
333,0.00018179515896611556,0.04858378739669329,0.9491555444985141,6.863873498920583e-05,0.002010234210837189
334,0.0001434612128120625,0.04786619641130106,0.9506301719384905,7.636557797814954e-05,0.0012838048594183162
335,9.972641064908222e-05,0.03825761021248736,0.9612061690163606,4.6722655765227904e-05,0.00038977170473791003
336,0.000417013724055703,0.035721735346611674,0.9620864710656709,9.648233024669941e-05,0.001678297533415133
337,0.0002882105698319423,0.04832507646880988,0.9501146130851026,0.00010697681537130459,0.0011651230608843983
338,0.00016535101077921622,0.03862993417617977,0.960673521736523,6.35372522214252e-05,0.00046765582429651427
339,0.00031109156424173834,0.03590485831388178,0.9629038385647606,9.753865137125283e-05,0.0007826729057448213
340,0.00010516158717133124,0.034319818414471834,0.9645716941543487,3.583394656086267e-05,0.0009674918974471496
341,0.0003662040247709939,0.04072042330617399,0.956803519271457,0.0001008469896393503,0.0020090064079586424
342,0.0005480231340765708,0.06518808950703314,0.9300904911503294,0.0001467813861337021,0.0040266148224271225
343,0.00016185136493567664,0.03237324592876529,0.9658346198114398,4.770356475817504e-05,0.00158257933010114
344,0.00044225156538281284,0.047443112010892,0.9476027564704743,0.00011475771367447967,0.0043971222395762745
345,0.0012014033847331232,0.08621167115729432,0.9047250214937306,0.0006288257494343893,0.007233078214807429
346,0.0008881263976863735,0.06823655174101995,0.9233080888334578,0.0007044095196961378,0.006862823508139573
347,0.0007183589220923406,0.023052189642363042,0.9711493040247586,0.0007127258709583824,0.004367421539827656
348,0.0012600685063396983,0.0641158339701589,0.9245402534445081,0.0014759844483417707,0.008607859630651646
349,0.06301952815738214,0.020184584808251665,0.012540016416495712,0.010887954592274467,0.8933679160255961
350,0.24953692793550047,0.04982349566707205,8.63725583081319e-05,0.06364573786514961,0.6369074659739697
351,0.08684893687287434,0.01540160594718682,0.00022571855906104672,0.011690722226263462,0.8858330163946142
352,0.5635316209306718,0.04113928843738248,0.001398343311644353,0.025560174027542914,0.36837057329275846
353,0.5389106936878676,0.08536418006985871,0.002148073390186428,0.09156160643599405,0.2820154464160932
354,0.2660517646751387,0.13997529380779553,0.0028386065883860365,0.12172737264965137,0.46940696227902845
355,0.29084548431581897,0.14950265601611373,0.0358965573884181,0.17255264020290872,0.3512026620767405
356,0.18423856408645053,0.34702083644539,0.11455473542237089,0.23974606770833992,0.11443979633744865
357,0.05286919266566293,0.3463827427719732,0.03234417188993254,0.5060120445697827,0.06239184810264865
358,0.25476208052289906,0.04314527962218072,0.00480244426609554,0.4724475630594772,0.22484263252934755
359,0.18337726216935685,0.23882261468152013,0.005493795404982686,0.5076542266743161,0.06465210106982408
360,0.2252070079233281,0.5037781804812744,0.009293109241061104,0.22013410135961456,0.041587600994721974
361,0.13820317973104876,0.5484059343842382,0.02123853351791387,0.26161750518696075,0.03053484717983844
362,0.02082386800035135,0.5415570289630038,0.176683110845919,0.2508461130927695,0.010089879097956366
363,0.027279002480497097,0.35935759114072907,0.006481239296915798,0.5908847004986542,0.015997466583203897
364,0.043050545585892046,0.3071855294344682,0.004853537900345419,0.633576956637786,0.011333430441508347
365,0.00987334017377804,0.5003307577525716,0.0023591358307396317,0.4783682940940858,0.009068472148824901
366,0.010768398248727351,0.022066639642947,0.00010749405196041462,0.9636196779831451,0.003437790073220222
367,0.00864362067443007,0.010205714501532008,4.803675998271663e-05,0.9764316055955036,0.0046710224685515955
368,0.006132370183388695,0.009327634754706857,4.46178218805266e-05,0.9797895367190517,0.004705840520972319
369,0.005348184334999882,0.004084845957735803,1.7327130313374788e-05,0.9885979922968646,0.0019516502800862685
370,0.00574197060870257,0.007100023641573662,2.385273033453408e-05,0.9851368853059733,0.001997267713415822
371,0.012326598517365048,0.012784513897165561,8.082794071503993e-05,0.9623004653908852,0.012507594253869218
372,0.00431678383076088,0.011252086850418003,1.5487697497081735e-05,0.9828782930758765,0.0015373485454477696
