epoch,N1,N2,N3,R,W
0,0.004158540096348349,0.0060141528654483545,2.098146735688689e-05,0.0002780196891690142,0.9895283058816774
1,0.021352069968210194,0.009241894398921435,6.720929689655598e-06,0.0019422071765988565,0.9674571075265799
2,0.04146497791633264,0.01067403145990131,9.385939046093086e-06,0.0015302889277258147,0.9463213157569942
3,0.009340466712058073,0.0025507433700374745,2.4452266306701425e-06,0.0005695114213817813,0.987536833269892
4,0.08037642126083167,0.08042552418318193,2.6441804341297285e-05,0.003107957634616,0.8360636551170291
5,0.14663863204379307,0.04767908075722136,2.1508898837638943e-05,0.005322243571700136,0.8003385347284478
6,0.03363260954453284,0.008024360960184662,3.610581258286369e-06,0.0038334342566034114,0.9545059846574209
7,0.34756563584540257,0.2678764601546138,0.0008348481795080534,0.03584845814243212,0.3478745976780436
8,0.20072948737855306,0.0765021081978409,0.0003293001081228981,0.0031390453055628077,0.7193000590099203
9,0.3154986611663838,0.4114527410325834,0.00013729779146260786,0.03338800353448879,0.23952329647508136
10,0.14512354111860412,0.472232032597781,0.0002241458395541289,0.051901007814262864,0.33051927262979786
11,0.04654700844031876,0.7995249783198674,0.0007794545319175371,0.009245042015945441,0.14390351669195084
12,0.04145278470066685,0.6705746845243798,0.007863221503758858,0.003298464752896335,0.27681084451829807
13,0.024317381211205573,0.41471960575166306,0.009368621678484176,0.0020106244356707307,0.5495837669229765
14,0.03708193790391893,0.8318002351815993,0.0010803237159365143,0.013639532277096696,0.1163979709214487
15,0.047088081886782464,0.8262839015707502,0.0008655109884442801,0.007920392858532957,0.11784211269549023
16,0.021106416508945555,0.6437727178810855,0.010644703444236311,0.004459873580290528,0.3200162885854421
17,0.001307198992049364,0.004098889988864906,1.9334175728276384e-05,0.0004304972183560604,0.9941440796250014
18,0.04323092896526319,0.002957966100926893,2.1393172595627504e-05,0.0004370106667030006,0.9533527010945113
19,0.02629446702213249,0.004571050461850717,1.7872271166419818e-05,0.0012048319200227118,0.9679117783248277
20,0.0879133698062274,0.006042274310398778,1.6708676331149553e-05,0.001542983168919707,0.9044846640381229
21,0.598161272657753,0.06009146994366934,0.0017171816474958633,0.003935180403804785,0.33609489534727693
22,0.2941279236444792,0.04124302442742944,4.1250465585145944e-05,0.005835737245762964,0.6587520642167433
23,0.1567681253967343,0.056674379603112,0.00024471623664767164,0.004808605886857048,0.781504172876649
24,0.130857474547227,0.594220994856507,0.000491326582672246,0.020249833071062737,0.254180370942531
25,0.10582021177429778,0.39980551260689745,0.000673787507277841,0.018764900918276428,0.4749355871932505
26,0.05510370456149072,0.6526832791735071,0.00019795721513042494,0.02996742556527149,0.2620476334846002
27,0.027477845132238533,0.2845238336272615,0.0001505480497963009,0.01068240085489204,0.6771653723358116
28,0.0038151696880550767,0.004799522609195597,0.0007786529921330845,0.0005544876414650084,0.9900521670691513
29,0.0016461574242069453,0.0031367513683399906,0.00017917308149340762,7.972702693805701e-05,0.9949581910990215
30,0.0009173875345916579,0.0009058529116923361,8.350412828384425e-05,5.5956720414302e-05,0.9980372987050179
31,0.0020301280102552523,0.0005822965972757945,2.2597726821328574e-05,8.166401531964405e-05,0.9972833136503281
32,0.005188392655215704,0.0008177970503860841,1.3651201597678482e-05,0.00012268822387799714,0.9938574708689225
33,0.0009937545796255152,0.00014705216771699744,4.148961342407357e-05,2.4115672365520013e-05,0.9987935879668679
34,0.0021096782909364375,4.109736054950118e-05,2.1121819448737247e-06,2.5854174836669695e-05,0.9978212579917325
35,0.01869051318681039,0.00022495412930490362,6.3881744118926056e-06,0.00011562294551504991,0.9809625215639578
36,0.030659533529843706,0.0013491368023510592,1.1059274849866321e-05,0.0004576254091009353,0.9675226449838545
37,0.09909449774455471,0.007211619257998358,0.0007525302337482107,0.010611708178642865,0.8823296445850558
38,0.4246975053508201,0.04620172832521052,2.9862167989431966e-05,0.17957799506774433,0.3494929090882356
39,0.08247111165710379,0.015527417538147589,0.001008314391554608,0.002322359337040811,0.8986707970761533
40,0.0870555178485589,0.10328232425555418,0.0012373463005627137,0.004411943187355524,0.8040128684079687
41,0.11459564929830579,0.2011580472875471,0.00591528432298082,0.006386611054180638,0.6719444080369856
42,0.1639963136350622,0.571456951215953,0.012418666960606057,0.003978852362216045,0.24814921582616276
43,0.07164153146263176,0.824498570804218,0.008774834311421724,0.0046457796315879435,0.09043928379014081
44,0.050800381505730005,0.09313747293960206,4.118311126554285e-05,0.009110921065971878,0.8469100413774306
45,0.10117228551517538,0.6277654661261423,0.002272379940769264,0.006732724183503831,0.26205714423440934
46,0.17460689520352365,0.6570822132039252,0.004847266719406156,0.012625511683524576,0.15083811318962048
47,0.23523113298899093,0.14131351759152969,0.0004538944505223052,0.003663757984501611,0.6193376969844555
48,0.08963869603640845,0.8541068412697266,0.004530366056831617,0.003847993000180622,0.04787610363685291
49,0.16448787723167152,0.7621381424905739,0.016115446406190233,0.004150390383094444,0.05310814348846998
50,0.026195154358731806,0.9501665266119885,0.010637985830278874,0.001855585141403236,0.011144748057597362
51,0.045622757813407404,0.8617931748645599,0.04514896926549645,0.0031445327036242546,0.04429056535291216
52,0.00574779917051834,0.9829859422525588,0.004941443721610462,0.0006197129463330191,0.005705101908979385
53,0.023734058680832285,0.9127426870090318,0.03923061625992357,0.001113355957206946,0.023179282093005387
54,0.010537423013429508,0.8729894766006836,0.08382398846526358,0.000623436424006694,0.03202567549661648
55,0.02164008735397398,0.6819843465137466,0.2021450071649092,0.00038456710658728326,0.09384599186078292
56,0.06647739617882954,0.542445092735077,0.03438918752323757,0.0005628716588839248,0.3561254519039718
57,0.10295397662619683,0.4143687627001212,0.07948604369165033,0.0005389029075407196,0.4026523140744908
58,0.039008970541876686,0.5870920370730527,0.32612989381381774,0.0002150326941608595,0.04755406587709222
59,0.03847247886537615,0.4922699466670986,0.4056106737103892,0.00020342473820600252,0.0634434760189301
60,0.030867966731979727,0.47535460361481613,0.45544114196774804,0.00018414551803543636,0.038152142167420494
61,0.013300042129917072,0.5147341217762006,0.41460484839275746,0.000126271066658546,0.057234716634466325
62,0.0032382791677838386,0.16647805796525722,0.817689454881519,5.571797558473228e-05,0.012538490009855359
63,0.007284667448966971,0.17430172072438477,0.8062894009293453,7.261525296997753e-05,0.012051595644332783
64,0.008570429121960337,0.2805371358433752,0.6757379762224807,0.00010312393809890191,0.035051334874084863
65,0.004828641881765214,0.20905264277160068,0.7751612215118759,8.412321635655335e-05,0.010873370618401552
66,0.0019707556151158227,0.1470760317865704,0.8276907039567669,6.171680123071473e-05,0.02320079184031636
67,0.013103094263231594,0.4861496855016554,0.43943529381018176,0.00015082379843533853,0.06116110262649586
68,0.002652617707258997,0.19446408518961264,0.7982700158769543,5.147039700486621e-05,0.004561810829169219
69,0.0017625630367530789,0.18926493229937894,0.8032562375639309,5.54880827316596e-05,0.005660779017205426
70,0.0014537159559516097,0.19666029339983948,0.7885761048619732,8.675075417082289e-05,0.01322313502806506
71,0.0004271012183287229,0.0520664261386903,0.9427272337753938,2.6444225326979358e-05,0.004752794642260051
72,0.0010724522401836462,0.05247136629556105,0.9420417421350213,3.9368707302482046e-05,0.004375070621931635
73,0.00040043680997430323,0.028292794401726173,0.9684800955865045,1.8775653625790423e-05,0.002807897548169305
74,0.000577014762213361,0.04807232746299546,0.946254524113403,4.9388529899055294e-05,0.005046745131489107
75,0.0006012395557618333,0.03099251874539206,0.9646081507799792,2.7608255782140345e-05,0.003770482663084894
76,0.0003176784889193145,0.03459278181999308,0.9621651419927025,2.879733087506686e-05,0.0028956003675101455
77,0.0003305586390873216,0.01741814307184511,0.9770371140353779,2.3777395838461855e-05,0.005190406857851099
78,0.0017398133451003355,0.06205138334129257,0.9278687113937663,8.219927853654149e-05,0.008257892641304205
79,0.0005643727854419033,0.029032560389220915,0.9672168472082899,3.53070112873373e-05,0.003150912605760077
80,0.00087887270880067,0.03257545450048263,0.9599396356577357,6.392497317723822e-05,0.0065421121598038205
81,0.0016259545433024542,0.09073140530204353,0.8993299464254703,0.0001058416342777433,0.00820685209490601
82,0.0008794415451844507,0.04184521240588539,0.9533367788767554,0.0001450075064117743,0.0037935596657630117
83,0.007678927149732906,0.360152447047101,0.5875213860637852,0.0006456161164232675,0.04400162362295749
84,0.06352723541074694,0.4555162518867235,0.27181496653541426,0.00508604360815046,0.2040555025589649
85,0.04464414100945513,0.6152725163648963,0.2383213214445756,0.0035872857503784074,0.09817473543069455
86,0.12328700061926134,0.590607257589727,0.04542551648074047,0.004979262915625756,0.2357009623946456
87,0.06238833632209587,0.524883856961973,0.33799804321767085,0.0034801536521246257,0.07124960984613561
88,0.11589609074841582,0.49105118520165797,0.06350589182002925,0.00648244248530065,0.3230643897445962
89,0.22695017340251758,0.20524827529272383,0.009248297745855472,0.00629585508661701,0.552257398472286
90,0.18875779460427045,0.6057412355210111,0.03885905395266319,0.011532006482043637,0.1551099094400116
91,0.36877348164415685,0.5525173995747151,0.012333393775061246,0.008840753280216385,0.05753497172585033
92,0.12133399158862554,0.8415373920989762,0.009761935315699827,0.0029058246333323275,0.024460856363366035
93,0.028357938780799983,0.930776614536236,0.02424976511879644,0.0013479617367272284,0.015267719827440249
94,0.06502976804774482,0.8928961408650465,0.008241593598619557,0.004456138361626043,0.0293763591269629
95,0.05151044563217354,0.9028988389210811,0.017188306837385516,0.0024715405997849742,0.025930868009574844
96,0.026685473739814457,0.9067502954531972,0.01949411033028572,0.0012482676020718257,0.045821852874630746
97,0.022626610153413086,0.8992835317264686,0.055370232052536085,0.0017660247133687629,0.020953601354213636
98,0.015559536801077462,0.8744110220464941,0.07784463970663667,0.0006742649421282879,0.03151053650366364
99,0.017159937945309296,0.7522704150950815,0.15876554144832952,0.0005741165826676187,0.07122998892861215
100,0.01431598934628424,0.13284722262013926,0.012727376155492113,0.0007298074425665416,0.8393796044355178
101,0.18376666819618792,0.32445093710291684,0.0066684320165924325,0.014239118153074952,0.4708748445312278
102,0.22971097149446437,0.5962450996261475,0.009530358884159169,0.003166088257240798,0.1613474817379882
103,0.15330627627437857,0.5653681242226943,0.03438672069982005,0.0012578774708375195,0.2456810013322696
104,0.18723384415056557,0.6964507591184272,0.0058904373242702575,0.008591440407773326,0.10183351899896351
105,0.2545135359304234,0.6014480766033432,0.035378978218557504,0.006120497433351926,0.1025389118143239
106,0.060924701798054016,0.8280263028746918,0.03908635151996185,0.0027698429966295677,0.0691928008106627
107,0.26583477441693776,0.6134309792817134,0.036063885569473604,0.028931775043452287,0.05573858568842293
108,0.08528223817965529,0.7933116295805376,0.025601976063708332,0.04495588793682868,0.0508482682392702
109,0.05257540422991565,0.7740505294222001,0.025167172865420844,0.013102545340961917,0.1351043481415015
110,0.09679754715365824,0.7944335022384319,0.005264288672593832,0.01784951064171187,0.08565515129360411
111,0.05058755125488553,0.8993136520474617,0.005573228082080094,0.00866556841346777,0.03586000020210497
112,0.030388471392487373,0.8538218469173774,0.0987083668407221,0.009950788515811701,0.007130526333601336
113,0.037893243916412515,0.8741864604075912,0.007568988891620691,0.011550682071212227,0.06880062471316337
114,0.047637940830906854,0.8501694438317403,0.012471621018419733,0.0070731273867652295,0.08264786693216808
115,0.051678970363645715,0.9192008448321433,0.00724117421154783,0.005374210186326699,0.01650480040633665
116,0.06558444246033839,0.8623890306784573,0.02068244020089964,0.004139196740507284,0.0472048899197974
117,0.026652336932090244,0.9223011374484413,0.03807984023455213,0.0015142080060368168,0.011452477378879465
118,0.021185391982992855,0.9525576188401332,0.01430014995374747,0.0010582955162149823,0.010898543706911495
119,0.009872892852905485,0.8035321544936131,0.1769551083130316,0.0015259421433799685,0.008113902197069804
120,0.014967940625311846,0.9005937375176695,0.07719615231713127,0.0022976328068410098,0.00494453673304639
121,0.018151144807360773,0.7072809758885513,0.2565092751856281,0.002162131924974886,0.015896472193484862
122,0.02994233445203862,0.8798160681505126,0.05842356143095691,0.00530077225469681,0.026517263711795
123,0.01794237033782306,0.898199674651443,0.07028963388740257,0.0022194670735720566,0.011348854049759466
124,0.023505245697940054,0.850589240309797,0.11645215160831511,0.0032622724337439033,0.006191089950203935
125,0.05235588300902552,0.891645548462554,0.037388402375504,0.0015671079870690186,0.0170430581658475
126,0.02689846015760686,0.8314124855356047,0.12528845783940284,0.0014489395041803069,0.014951656963205363
127,0.030177997570372986,0.6578523239621911,0.3067260701399883,0.001664365973469552,0.0035792423539780134
128,0.019062334207305805,0.7228982580692991,0.25111545021953696,0.0005498251223777203,0.006374132381480471
129,0.003440604597165752,0.40152924854099786,0.5931508444276536,0.00040662858810438016,0.0014726738460783464
130,0.006467738936763523,0.40510023678517515,0.577723008530071,0.0019901370159017134,0.00871887873208866
131,0.011771107021680107,0.6355017536065805,0.3387574163872595,0.0010064141376340528,0.01296330884684586
132,0.010215146157539878,0.369959052444012,0.6025205457302114,0.0006042835418510592,0.0167009721263857
133,0.007618258187070349,0.3745427083815326,0.6115760001825071,0.0004148116753130453,0.005848221573576888
134,0.046973257174277444,0.4099904902935108,0.4514817737961196,0.004503497151975599,0.08705098158411645
135,0.07142248792315874,0.5671836361119784,0.19400923115292054,0.0015385794037108271,0.16584606540823155
136,0.06170735965690472,0.60692302251915,0.16379707778951308,0.00291931805625172,0.16465322197818044
137,0.05890274520240968,0.5204330213327834,0.2930104235085716,0.0023501328865991474,0.12530367706963613
138,0.025351409814095734,0.7380235681028314,0.20093828540262493,0.0007033869309649292,0.03498334974948304
139,0.013136586010707432,0.6574767552126146,0.31511877808842587,0.001150351320140638,0.013117529368111483
140,0.012092354599184767,0.6062180280978918,0.36785280306230106,0.0011328759566883056,0.012703938283934018
141,0.012356385642960212,0.496442831636187,0.44215060068046164,0.0006523438385026921,0.0483978382018884
142,0.021493321497310446,0.5287097810147712,0.39188720767438445,0.004350363832808126,0.053559325980725735
143,0.02373525916006325,0.5028983530749817,0.4388914179128551,0.003800620962508921,0.030674348889591006
144,0.03237977153434411,0.5796230911027895,0.3381034769504124,0.005128414474327443,0.044765245938126606
145,0.054964471200013666,0.8713305302627316,0.05426257918594191,0.0035518567951239215,0.01589056255618909
146,0.014101881437095592,0.80659095158265,0.16697837587049874,0.0016627518191277074,0.010666039290628045
147,0.009474536333951834,0.6488485524934887,0.3324265951891994,0.0008480574095963738,0.008402258573763534
148,0.014182808615226836,0.4630307831011759,0.5143799710399213,0.001065056613844203,0.007341380629831745
149,0.022553964312670094,0.7144276612232273,0.22931225260197205,0.0028034769513615486,0.030902644910769023
150,0.0195384136506626,0.3391462868500161,0.6326848988489129,0.0024411339726296472,0.006189266677778744
151,0.00855654610463119,0.3258992839451511,0.6590509414178649,0.0011853195231207835,0.005307909009231947
152,0.0033141296443454367,0.1489745138055254,0.8457229373579384,0.0007834430212883711,0.0012049761709024467
153,0.01613426098753997,0.521041620492934,0.4456657856940046,0.004357588832854154,0.01280074399266733
154,0.006924439350621176,0.32272056678116307,0.6666740377584806,0.001421936103005287,0.0022590200067298376
155,0.01526457325063948,0.45690420212843164,0.5164259508676771,0.0026177900915875674,0.008787483661664187
156,0.009505087888880052,0.24537749722537042,0.7410381214006038,0.000991060450426447,0.0030882330347192445
157,0.03856468506599765,0.6660499413718751,0.26843042545223966,0.00988099136424727,0.017073956745640148
158,0.05234574073029541,0.8615491810104252,0.059822377412300946,0.0045049722882909505,0.02177772855868743
159,0.011870898332331684,0.4000748245814672,0.5792412024900515,0.001539030029159372,0.007274044566990098
160,0.010026423814790473,0.25641437889390395,0.7262549369915675,0.00191767139386642,0.005386588905871581
161,0.027829080171303013,0.41258066288880846,0.5298117464367611,0.001772392946213236,0.02800611755691411
162,0.0570985265440725,0.5338921150591075,0.2710267294137031,0.004143268313713337,0.13383936066940372
163,0.05265164527373863,0.8050879185653642,0.12052917319175571,0.004234527968526999,0.01749673500061448
164,0.020675683363208193,0.6885800970590625,0.2845807291923333,0.0009477235258467699,0.005215766859549198
165,0.029879311669879515,0.8907962671470576,0.06093286607081464,0.0020759890348117467,0.016315566077436484
166,0.05165491043993335,0.765743134440124,0.1338104590016136,0.006587303696841651,0.04220419242148733
167,0.016835304614777197,0.7046586995964442,0.2639982448961923,0.0024207264912816614,0.01208702440130473
168,0.010032093419670773,0.6552120046682833,0.32469716472913573,0.001139789745058703,0.008918947437851633
169,0.08330822923793155,0.7025171682800616,0.20433775436373663,0.00334456061253366,0.006492287505736381
170,0.006378755900086989,0.17963564164743528,0.8077709552945588,0.0007615153402083484,0.005453131817710559
171,0.037871293258629125,0.8456115122595877,0.10676752045675086,0.0033664291282624647,0.006383244896769837
172,0.0021648930749137768,0.15922407144751766,0.8366418354382598,0.00032388744753211464,0.0016453125917766129
173,0.011705581225069348,0.4896014450841648,0.486108020605616,0.002903806513530933,0.00968114657161907
174,0.009587618231601931,0.3522886860235538,0.6230665770114787,0.003948509582027021,0.011108609151338593
175,0.009749735467536347,0.3654276622381733,0.6028283032459697,0.008852482873628036,0.01314181617469263
176,0.04017715728151383,0.6814576608607623,0.1900940652281039,0.02467901980951102,0.0635920968201089
177,0.0194283432001781,0.9040939847187709,0.02179580675153152,0.023230604186698516,0.031451261142821096
178,0.06749440832778558,0.7430929647175233,0.044504051172091566,0.10040530254578353,0.04450327323681603
179,0.030417969645750626,0.7891789731916492,0.04491453327261912,0.0973450180408126,0.038143505849168355
180,0.016862491831152297,0.1430141681690784,0.0005716226731014752,0.8339848045574917,0.005566912769176185
181,0.04998212148923394,0.11827712757650374,0.0011513231877797964,0.678725365008172,0.1518640627383105
182,0.03811351045586535,0.06676081211904558,5.7136480336843715e-05,0.8807713759756325,0.01429716496911963
183,0.1624610477452636,0.05144287487121548,0.00012647507488023962,0.711895209849564,0.07407439245907663
184,0.35457778507117654,0.07211017777846603,0.0010068996183937723,0.34614200117426375,0.22616313635770002
185,0.06843934366407253,0.01847152968031576,0.00031446443202860747,0.19858258845027296,0.7141920737733102
186,0.13904966407236743,0.05646446305291872,0.00033878780822880133,0.6457017815320399,0.1584453035344451
187,0.10587638005987451,0.06354890791171883,0.00029802954858950277,0.7502811270861311,0.07999555539368618
188,0.09375433326133874,0.052303907962424595,0.00010585404842897033,0.7533950698008219,0.10044083492698586
189,0.04043849619097286,0.030098495361404406,1.2543272218544356e-05,0.9178442542969207,0.011606210878483236
190,0.19750963439467023,0.043488981266534776,6.886636023483285e-05,0.38548602404207777,0.3734464939364825
191,0.30895199258085415,0.02119673253379082,0.00017832591964227006,0.1324549456268041,0.5372180033389087
192,0.21638926317451435,0.0369539368629845,0.00012378755280060112,0.6192698041328137,0.12726320827688664
193,0.3210387723930121,0.03140255129100641,0.00016198001292591022,0.26077654400194744,0.3866201523011081
194,0.2547291713266487,0.08614597626425492,0.0004428390200746211,0.5326452844615169,0.1260367289275047
195,0.2857620464231073,0.06407917049864753,0.00010497038733782625,0.5087804741670374,0.14127333852386995
196,0.16620644591189535,0.03964264300773166,3.866789373908971e-05,0.7231569541721341,0.07095528901449975
197,0.24837107200350939,0.04666563351565263,9.79665516188493e-05,0.6776116932763789,0.027253634652840236
198,0.2462411430399435,0.057194909284231925,7.334664562007625e-05,0.6135989148309823,0.08289168619922214
199,0.1298939591965387,0.11072651996913906,7.701090783468915e-05,0.7368084345928794,0.022494075333608282
200,0.1961332513563781,0.06629509101245432,8.591508778952175e-05,0.6207122664574667,0.11677347608591128
201,0.261869587736211,0.06295993492643764,0.00010180559131601324,0.3776715049101097,0.29739716683592565
202,0.06886212299105236,0.10303008669655182,0.00011922651937058148,0.8017489503911569,0.026239613401868356
203,0.07238066748833845,0.021457280899629384,0.0004897094799599656,0.1050516865966809,0.8006206555353913
204,0.10952554531517829,0.5010184834298675,0.0006495725187608821,0.245561101464754,0.14324529727143934
205,0.06553284284969349,0.40621237364048546,0.0001718109727356577,0.5019113242805617,0.026171648256523742
206,0.10872158850215723,0.12323742139385482,7.984695036201755e-05,0.7117254378420964,0.05623570531152954
207,0.1526450015564817,0.07045588219674531,0.00011506638983849677,0.5447938393563975,0.23199021050053703
208,0.08293172779267265,0.03853233585955929,4.7907583932015006e-05,0.8455019514735046,0.03298607729033148
209,0.09842925318851316,0.03406615620797186,3.0295958594282803e-05,0.8134452811842067,0.05402901346071402
210,0.31319059389103904,0.009145453588503449,0.00013380002360765899,0.19731390029804832,0.48021625219880154
211,0.13107412734432458,0.019409130682557084,6.054455229327399e-05,0.7931805570186999,0.05627564040212511
212,0.10684729070229432,0.017683076004087857,0.00011465267303741646,0.6673996189648151,0.20795536165576528
213,0.30840424330039384,0.05078150926866863,0.00019843655790125514,0.4027913574999674,0.23782445337306887
214,0.04537418641426952,0.017908968803296368,3.103577200521828e-05,0.9251902340940685,0.01149557491636031
215,0.03568374049363899,0.021927534771780176,3.490264489899754e-05,0.9196675853708562,0.022686236718825508
216,0.10938716485161867,0.04623149736041321,0.00018667911614008947,0.6633066086281201,0.18088805004370784
217,0.028334866999920365,0.11522951657547169,3.9213350980064035e-05,0.8477144033094416,0.008681999764186207
218,0.0963378753302262,0.07228528436785814,5.1477390147263036e-05,0.7981460590478369,0.0331793038639316
219,0.040657715847843535,0.11429238149927638,0.00013360817796827327,0.8014655976407773,0.0434506968341346
220,0.06540468799252747,0.09625414985773563,2.8611590446772036e-05,0.717041290136057,0.12127126042323313
221,0.05962416320256384,0.11585537224020213,3.3801101808886046e-05,0.7502080143613326,0.07427864909409258
222,0.17041430480284941,0.08656594945385172,0.00010222082048453221,0.6499410450652533,0.09297647985756109
223,0.10497607433659353,0.16361924843303227,5.1526479615897745e-05,0.7205472730409168,0.010805877709841562
224,0.1328584674000532,0.10729744861197577,7.614037000572037e-05,0.6890767061115735,0.070691237506392
225,0.05786440493296559,0.1006077306464147,8.663901237143231e-05,0.8023101630067835,0.03913106240146487
226,0.06689848169563016,0.04707548939768672,1.5675837658790626e-05,0.8590841952722718,0.0269261577967525
227,0.05403027431319272,0.09146025520260645,4.626063431453195e-05,0.8349974672889088,0.019465742560977446
228,0.042589606954695144,0.05982367175893866,3.1570262579110416e-05,0.8185996731868248,0.07895547783696237
229,0.07135678365697161,0.0771308718826573,4.82601152901399e-05,0.7717599113626853,0.07970417298239567
230,0.08061837574661526,0.08512666670357905,0.00011909495893223536,0.6659031987399036,0.16823266385096985
231,0.07531715181296678,0.022215108279259745,2.0836145210615185e-05,0.8173064391191703,0.08514046464339252
232,0.05340214968173437,0.050152477551865304,3.5494694031839936e-05,0.8240606495129588,0.07234922855940965
233,0.049764917278678454,0.07769768873129947,4.759820278349341e-05,0.8478844958882292,0.024605299899009392
234,0.12080120821050848,0.06974715712409531,7.080872460537699e-05,0.7097299808280648,0.09965084511272605
235,0.021900013434512044,0.04773056934759589,1.3865048693545292e-05,0.9256219537893664,0.004733598379831956
236,0.1622611778556396,0.050537350091053375,0.0003907343773298124,0.6385053675514604,0.14830537012451678
237,0.07239983096160417,0.03406320562096032,7.118283557997257e-05,0.8790590799037206,0.014406700678135013
238,0.02069005371070284,0.026085323882699085,1.4069349483486032e-05,0.9436408570703416,0.009569695986772984
239,0.0523146860126962,0.02747048511261468,2.0692353792773172e-05,0.9056514544616646,0.01454268205923167
240,0.021758580316928375,0.019764390462651812,8.961244449111943e-06,0.9526833616672122,0.0057847063087585185
241,0.10759206983871536,0.03337336355871292,4.894918781691068e-05,0.6645122785879937,0.19447333882676118
242,0.042240516714083465,0.00703894522306954,1.1007969621181662e-05,0.9410282818891108,0.009681248204114923
243,0.02710649251014131,0.011377050861035222,3.258254972647348e-05,0.9528733446296596,0.008610529449437195
244,0.11818294604014797,0.012128787057574822,5.9148471276431085e-05,0.6564504443285302,0.21317867410247063
245,0.012416969391262597,0.0038247507784856614,0.00013143812837413145,0.4476314152202843,0.5359954264815934
246,0.05562460785594028,0.013828630422444206,0.00018562136798018207,0.11740802193473701,0.8129531184188984
247,0.07390279971408824,0.004772098249775185,0.00011943538174239266,0.0639192905695796,0.8572863760848145
248,0.005680310107817483,0.0015183612775564164,5.0440192275843506e-05,0.013881337640128664,0.9788695507822217
249,0.008561474506961876,0.0018079459299400235,3.6314119563000876e-05,0.017438409731870528,0.9721558557116646
250,0.20094557605809954,0.009945826251529602,0.00013171008028714116,0.055941352171288566,0.7330355354387952
251,0.33954667520053317,0.019241742621876324,0.0003796856647027313,0.18841786473897026,0.45241403177391754
252,0.2696046456447105,0.14383200765347265,0.0008857082426340031,0.46729291925684546,0.11838471920233738
253,0.22936223121971633,0.11228114337033902,0.00046940324070658175,0.603076948773378,0.05481027339586008
254,0.04825550849424578,0.11047147288137384,0.0005783486813972648,0.8067896146584397,0.03390505528454342
255,0.08063851667595344,0.3045323727786776,0.0007851653181723669,0.58274534486705,0.031298600360146506
256,0.07623403761309622,0.13473470099780488,0.0004523760058181907,0.7551202144178674,0.03345867096541328
257,0.10974276657665147,0.22847473873133603,0.0014155192820672201,0.5986392008190761,0.06172777459086923
258,0.059895252461040625,0.7773827440344366,0.013954241567386772,0.13663692889231066,0.012130833044825182
259,0.05165049487958394,0.7797035309600173,0.006954255799513155,0.12618291020636135,0.03550880815452433
260,0.07828608952769182,0.6943537753543645,0.0035249682592751602,0.09700309156656792,0.12683207529210055
261,0.030743201295667336,0.8953001760088272,0.005630002803924229,0.03631097612814039,0.0320156437634407
262,0.22938688205873373,0.7109837897336684,0.021708809666665472,0.009340262945082124,0.028580255595850295
263,0.08441453240143515,0.7762833912669814,0.01617611793809678,0.0067063036180255034,0.1164196547754613
264,0.03200073439423282,0.7786446594951939,0.062312286623027326,0.0032496801444552685,0.12379263934309065
265,0.2692261605611712,0.5333631330771306,0.01262832462500302,0.00678095558234761,0.17800142615434772
266,0.0323050169086718,0.942805876085952,0.007760031484716768,0.003360182086386519,0.013768893434273129
267,0.06545793721946351,0.9003963709992687,0.013573833136666229,0.0018280388511097612,0.01874381979349142
268,0.042623452439295065,0.9077450774918809,0.013341730148784346,0.0020202804219207346,0.03426945949811886
269,0.03868755978494538,0.9415668688958418,0.006731142940956064,0.0022500300871628725,0.010764398291093893
270,0.0850694280431406,0.8236365087193119,0.02062084373265944,0.0036872232050249366,0.06698599629986315
271,0.12969923484087859,0.8084837476995114,0.035005341085127095,0.0031315326555977296,0.02368014371888514
272,0.04349621047992187,0.8935397836122859,0.03648930208956216,0.0024354338675107966,0.02403926995071951
273,0.05309367738130124,0.8283926323629961,0.10830561438024378,0.003052292538203094,0.007155783337255897
274,0.017670960019495658,0.925142798990875,0.044583662431318304,0.004158991318672903,0.008443587239638123
275,0.007460442195704013,0.793797249789836,0.19058131855703472,0.002748323991973907,0.005412665465451445
276,0.023893435970984086,0.8283031708454888,0.11443102779257909,0.010249076996645694,0.02312328839430232
277,0.024366749386717578,0.7904285021779354,0.10900157950219988,0.009958892100294412,0.06624427683285296
278,0.015380439087326517,0.7379324865654607,0.21115835221514168,0.002381517667077624,0.03314720446499354
279,0.03641174917064422,0.7828262111411037,0.15143408699006045,0.011448754273580483,0.01787919842461099
280,0.09536640293283356,0.8579872658567851,0.011862137893407936,0.02023070296526128,0.01455349035171212
281,0.029863177788531984,0.8906112853126472,0.061118820389343465,0.009807568844396122,0.008599147665081233
282,0.07974205712997226,0.8700425810516778,0.01476713023538409,0.014906442910061492,0.020541788672904248
283,0.036698334068340076,0.9186554295802201,0.018921450753638415,0.011190345210155234,0.014534440387646052
284,0.023925576856999527,0.9095748427212632,0.041218557862767895,0.008397897985041954,0.016883124573927297
285,0.021926765524462866,0.9132534841350839,0.04924567169699631,0.0020937038579142268,0.013480374785542799
286,0.024090325178764468,0.8159979469244382,0.13234508984250506,0.0011177633364422427,0.026448874717850047
287,0.012270961924202803,0.6835052594493616,0.28077062760732097,0.001295099212375857,0.02215805180673869
288,0.01729664316598969,0.6998916999011395,0.27402733028514104,0.0029099265931772085,0.005874400054552597
289,0.011499084110189035,0.40687664602936213,0.5679065513324093,0.0033990491335760546,0.010318669394463388
290,0.013179426755000105,0.33614783422090194,0.6374087553517237,0.007415349483522375,0.0058486341888518934
291,0.04967617073678185,0.6061758485313425,0.2116850240968757,0.005840139409026186,0.1266228172259738
292,0.08070319334740447,0.7515807161733363,0.04930894830265781,0.008031735126405292,0.11037540705019602
293,0.038482018843225343,0.8498583294116718,0.09469964105344732,0.0032132164333612922,0.013746794258294164
294,0.02030082058530002,0.691905089773742,0.282474587307815,0.002246570345084835,0.003072931988058328
295,0.022638497182111996,0.911654347672694,0.04647551095150569,0.0065230077889675735,0.01270863640472081
296,0.013645573792384687,0.6712758273813175,0.30825475555934573,0.004054538577243857,0.0027693046897082356
297,0.007889914483479319,0.6780838627453093,0.3037116555227724,0.002765258174713801,0.00754930907372529
298,0.0036960183074553287,0.5621097711760716,0.42609938071174974,0.0012770730970464068,0.0068177567076768775
299,0.008693912412342415,0.5655500626626075,0.3874389775555826,0.0022364140320756446,0.036080633337391706
300,0.009984506859056622,0.3096536270338138,0.6124034888720561,0.006688880747570114,0.06126949648750345
301,0.017689205626023524,0.23449353997550634,0.7306642721191979,0.005704826038418179,0.011448156240854044
302,0.023188604603750388,0.8438958123967384,0.10573570740414176,0.010719650345058503,0.016460225250311013
303,0.03506022136245082,0.543861927609147,0.39482321406535953,0.007505630360723663,0.018749006602318985
304,0.030330450222719952,0.8104639380331715,0.14300931310774512,0.0036750155693065518,0.012521283067056835
305,0.007551127729834191,0.7113762632986195,0.26996460726441834,0.0023704290830244344,0.008737572624103442
306,0.06012509870481978,0.88396241158139,0.03140081372712025,0.009523479989540737,0.014988195997129156
307,0.07290896447403991,0.7944051874846604,0.11218731490288186,0.0071274930218388575,0.013371040116578966
308,0.035380403187199115,0.8164517174522609,0.12058670998954286,0.004201245163831749,0.023379924207165496
309,0.03206375734267733,0.5605206035379142,0.38262792351817543,0.004084391816796511,0.020703323784436484
310,0.040881818562758146,0.7550160667134689,0.1697823824848819,0.008854787780755928,0.025464944458135207
311,0.02683741691213462,0.3609252564023405,0.603582706749326,0.0028309211267497007,0.005823698809449161
312,0.01822285640527384,0.4874577830993755,0.48286021700739745,0.002905580558356753,0.00855356292959645
313,0.015833603092580195,0.7554463756379893,0.21844413050421743,0.002900104851839051,0.0073757859133739756
314,0.004124697327368842,0.6155200911712158,0.3738744525081795,0.0019286991000336288,0.004552059893202402
315,0.030714834945971187,0.6009025794500027,0.34944046615123847,0.005330374545785304,0.013611744907002414
316,0.003254015767570759,0.5031280052922874,0.49106904652094957,0.0007277825999061966,0.0018211498192861428
317,0.004569853164579258,0.5035614322455673,0.48509705155906885,0.001451883008199835,0.005319780022584867
318,0.007452301439979304,0.3513316757114441,0.6330192515795918,0.002947512433734449,0.005249258835250221
319,0.00691523696929105,0.27423960471021547,0.7073570448094142,0.0032306294984347553,0.008257484012644603
320,0.008240360402965333,0.5386218014483966,0.44276196196784273,0.00515772195312289,0.0052181542276725276
321,0.006497377122783414,0.4114560297035277,0.572242001480146,0.0032282949283926696,0.006576296765150137
322,0.008231028945453864,0.4010625847070732,0.5837198954091438,0.0019081791838975117,0.005078311754431611
323,0.007307954562929431,0.5611145533667841,0.4224519313755796,0.002333303276622543,0.006792257418084392
324,0.006754810602681236,0.2311606737470682,0.7564062246173264,0.003273781246252515,0.002404509786671625
325,0.012430578038486092,0.8543557824608556,0.1196037406337326,0.008023978934543001,0.005585919932382701
326,0.006377837610766926,0.6185306927202073,0.3676283943828405,0.0035714329207887424,0.0038916423653964976
327,0.015918372291826386,0.6617297325967257,0.284734916385348,0.008887013088191753,0.028729965637908174
328,0.005670001875883863,0.1988333824997912,0.7834777427026687,0.009339398307314915,0.0026794746143413897
329,0.012191585633470298,0.8706325453664768,0.10357658910753993,0.007154831909518942,0.0064444479829939925
330,0.004714687352106773,0.238177246405273,0.7507169421534409,0.00423101624314795,0.0021601078460313857
331,0.014153682606112196,0.860900102977994,0.10808235844673049,0.010170812666768336,0.0066930433023950076
332,0.008344172173698712,0.5939786478220398,0.38860530241405256,0.003860655677193897,0.005211221913015116
333,0.01637466641098545,0.9250608193627732,0.041689611933222695,0.01075430616079408,0.006120596132224674
334,0.012248256354614045,0.7434269167520198,0.23078793974834336,0.005784130158420797,0.007752756986602127
335,0.008475469544371218,0.741607576769672,0.2365060858901167,0.009353352315978645,0.00405751547986151
336,0.012153626525214997,0.7914421955580656,0.1816875861863201,0.009471367207218856,0.0052452245231803885
337,0.019748989724789005,0.5663777222130517,0.3760754258411139,0.016254465729912564,0.021543396491132787
338,0.034182623752135786,0.8331969938262345,0.11227016694791739,0.012554239242387417,0.0077959762313248755
339,0.01782810667253576,0.7469430449704516,0.22549453029416752,0.00595642792627339,0.003777890136571693
340,0.03473925887054314,0.8199920826520346,0.11861969666190157,0.01234923118015159,0.014299730635368992
341,0.02682735747964326,0.8379916889802335,0.10821985374937909,0.014017032557935263,0.012944067232809076
342,0.004120221898065452,0.44433826443447216,0.5469761587456778,0.001859300209717548,0.0027060547120669183
343,0.004735824826303896,0.6080408529503947,0.3773574503173756,0.0019469650394562158,0.00791890686646946
344,0.000804903231808547,0.17758748740791405,0.8204813219675925,0.00037322245617536266,0.0007530649365097447
345,0.0005546281952794052,0.12062714819596436,0.8777055564228537,0.0003294027364486,0.0007832644494539865
346,0.0026948099756556516,0.15285945123515657,0.8371184986345092,0.0017590812560117496,0.005568158898666714
347,0.009891761586775481,0.320308666789353,0.658769316009906,0.005093478023443179,0.005936777590522279
348,0.00350698411917431,0.35104225485518564,0.6363859710285316,0.001280427124134469,0.0077843628729740615
349,0.0036810027416362937,0.18984568781114103,0.7986986799881673,0.0033254797518756526,0.004449149707179634
350,0.015122618354569113,0.6132057099454145,0.35686351293603175,0.005529508047782202,0.009278650716202508
351,0.00535875791681914,0.266578578465843,0.7203844667067524,0.0032078881274953705,0.004470308783089927
352,0.010031472632028355,0.6505674660408052,0.3066869720886739,0.011921441303249661,0.020792647935243033
353,0.027047485496393874,0.76949677519951,0.178495856035885,0.011349978254495527,0.013609905013715765
354,0.047525205428601856,0.8994553536501647,0.024616502372495644,0.010475620373570771,0.017927318175166927
355,0.02076887563867962,0.9110600721928355,0.05643645971011849,0.006148543760092499,0.005586048698273613
356,0.025961915570340915,0.8695097993894387,0.09253244910369023,0.006441205269580511,0.0055546306669496
357,0.01899579204093141,0.7840627875994836,0.188793561919181,0.003131164875200857,0.005016693565203079
358,0.0064524427436814845,0.7081540568084668,0.27478767307966717,0.003847293357792786,0.006758534010391777
359,0.05827668867643404,0.4744795507735686,0.12338148127805657,0.012547054395313572,0.3313152248766272
360,0.03206342347539204,0.4487104420097198,0.5019213330523156,0.002922230031882559,0.014382571430690107
361,0.10154339762059818,0.733840427100581,0.13048421611376007,0.005659304866841135,0.028472654298219695
362,0.03572250718635482,0.7227832078912749,0.23030588270454802,0.002607987041759945,0.008580415176062194
363,0.006100518967856709,0.595541996673579,0.391607868435175,0.0016383366982886173,0.0051112792251008276
364,0.0015260971567822217,0.36690856440687897,0.6299766453975302,0.0004264465316761619,0.001162246507132389
365,0.0008292571472787738,0.31503030896983103,0.6819664441862302,0.00038063446231690267,0.001793355234343083
366,0.004067822997241265,0.48874273897637494,0.5041650230428139,0.0004195789392986892,0.0026048360442711468
367,0.0008199176715135265,0.17608058155230233,0.8201259204391704,0.00014844985627068217,0.002825130480743027
368,0.0007261144872161794,0.17417771984250538,0.8214630207149651,0.00020213042514927152,0.0034310145301639995
369,0.001541910252558301,0.35430344193240004,0.6394394178209728,0.00032205709683382963,0.004393172897234869
370,0.000968562963693011,0.14476264996496072,0.8503178021556302,0.0003175991149337696,0.0036333858007821193
371,0.0014673039561578962,0.19347962318162443,0.7996899919923637,0.00032762868520320727,0.005035452184650679
372,0.006504235374938621,0.21335748419497336,0.7644121510904328,0.0016761325358425304,0.014049996803812774
373,0.0020228809893549395,0.15080928634871923,0.8430337626946036,0.0006965500780445102,0.0034375198892778822
374,0.0017699223506026543,0.10702144197878877,0.8815939817260131,0.0010153192141267799,0.008599334730468618
375,0.008951103244753792,0.2685418385655633,0.7094509251678767,0.0012174327503308143,0.011838700271475322
376,0.006146092182602403,0.2819979448672771,0.6974979140756501,0.0016245366130499908,0.012733512261420462
377,0.01212347475796768,0.5858480493954207,0.38523421137143166,0.0027005419338630397,0.014093722541316748
