epoch,N1,N2,N3,R,W
0,0.03491481299678343,0.0012693559207912566,0.00018979442821682316,0.00021934061503140002,0.9634066960391772
1,0.2373188979668665,0.01276729215291984,5.460630269429518e-05,0.0013379552979282904,0.7485212482795911
2,0.002305740387224286,0.0007367894711003476,4.550641866173919e-06,0.00022941319195270358,0.9967235063078564
3,0.003577899161158309,0.0005478977104345459,2.4582949631721362e-05,0.00024300208697515953,0.9956066180918003
4,0.009129027684923057,0.0011080453061874539,2.2880679907787184e-05,0.00014270683638520248,0.9895973394925965
5,0.008239721509394372,0.0009170976196859922,3.5894259342163764e-05,0.00014916175687564154,0.9906581248547018
6,0.004755489210534097,0.0005785222441486365,8.459364981287096e-05,0.00014658965961457217,0.9944348052358899
7,0.00937584872904155,0.00044696149859801564,3.110416353618528e-06,0.0001424243235876286,0.9900316550324192
8,0.13656445108178553,0.002868524818592495,5.569979417201062e-05,0.0008529409197118033,0.8596583833857383
9,0.4865731654565416,0.006135339332052963,2.297484170325118e-05,0.0008294289600746775,0.5064390914096276
10,0.08492971332065265,0.0009760834272516471,7.775988446230311e-06,0.00014941927317727182,0.9139370079904722
11,0.23007338457222112,0.0040507740381083,2.0112207052337362e-05,0.00057302635011033,0.765282702832508
12,0.20020224689285931,0.006562879806408778,4.0823773454651934e-05,0.0011663209054341421,0.7920277286218431
13,0.24325205459069169,0.007050773452302146,6.402397273758873e-05,0.0013430971233054608,0.7482900508609631
14,0.26427501800537895,0.008848972202126845,4.416269847142485e-05,0.0016356896286223862,0.7251961574654004
15,0.03330801896037079,0.02250145768508754,0.0004934741669908131,0.000986939370401601,0.9427101098171492
16,0.009612389754780475,0.0007288927762786869,1.3251659350477471e-05,0.0001719787910093284,0.9894734870185811
17,0.07920955576541862,0.0219473634966687,0.0009495901223218965,0.0004868961149965396,0.8974065945005942
18,0.2506388662113995,0.05353627470670381,0.002250975200181334,0.001003129167878241,0.6925707547138371
19,0.6155152847596159,0.16974247814799429,0.0016837197488529998,0.00616959178115266,0.20688892556238425
20,0.2854603836392551,0.3929413702306917,0.0030616863751618166,0.014885189695369828,0.3036513700595216
21,0.3491323659519167,0.5400966179090295,0.0010239280292435732,0.040213421057692385,0.06953366705211782
22,0.08278139027866036,0.8662919710462675,0.006965869879014819,0.0014649007556118319,0.04249586804044557
23,0.14068748974813233,0.8297231060946234,0.006544330686685163,0.004454098528404091,0.018590974942154948
24,0.03868253322570633,0.919973024220579,0.025522773170025055,0.0015718959596783444,0.014249773424011026
25,0.04796230036992126,0.929020038749657,0.004982247182732593,0.006317081966320519,0.011718331731368398
26,0.04703869621600002,0.922489945184866,0.00535152786187209,0.009910213419451194,0.015209617317810883
27,0.005730413813570502,0.8365113395656143,0.15105827056660306,0.00032634187452798655,0.006373634179684268
28,0.014499334934634756,0.9608396486273777,0.014517726898801986,0.0006327873962285641,0.009510502142956938
29,0.007731492229310456,0.7873413919408561,0.1928954577759125,0.0003888285470974778,0.011642829506823632
30,0.008323954024957015,0.8506290992435981,0.1305462494369592,0.0008651855277295661,0.009635511766756063
31,0.19159181538341924,0.5158973934133702,0.00478201341749773,0.0010929035186280234,0.28663587426708476
32,0.6077629467778072,0.30932847821589315,0.00025605138365089543,0.0013929347349270738,0.08125958888772172
33,0.11323181301309944,0.7943606722841753,0.07609518342675667,8.15258470674793e-05,0.01623080542890126
34,0.10567050931752588,0.8651881510697782,0.01673453683151867,6.995292892057723e-05,0.01233684985225663
35,0.033407506498589756,0.8481293733694424,0.11097851774635686,9.363320751850587e-05,0.0073909691780925145
36,0.01627493038083136,0.6411616478414054,0.30715710659609563,0.00038503848011976603,0.03502127670154786
37,0.00375844565348346,0.4416784125709731,0.5458807678809712,0.00016140899155766146,0.008520964903014443
38,0.0019496131673327666,0.3647849190319179,0.6267401514326338,0.00011326878482439033,0.006412047583290925
39,0.001236508532861007,0.23419254892807745,0.7602176182961261,5.5360863074519397e-05,0.004297963379861051
40,0.003050819377506845,0.38057458389311893,0.6092108252405066,6.30085754958897e-05,0.007100762913371712
41,0.0007966162289431405,0.1492998284333028,0.8454681737697383,2.8414395131198166e-05,0.00440696717288457
42,0.0005953232624422392,0.0628095093478071,0.9336944208815445,2.02578034864289e-05,0.0028804887047195332
43,0.005418847789635173,0.36189408068447554,0.62006848238044,5.650157229354957e-05,0.012562087573155762
44,0.0011177241939934607,0.13196438655981535,0.8603728543514119,1.9339698057266273e-05,0.0065256951967220525
45,0.0011952648862762739,0.10355482656854585,0.8867568557190005,3.280753395485198e-05,0.008460245292222618
46,0.0009829251580203708,0.0691978383702426,0.9153200180844285,2.5957118114197302e-05,0.014473261269194192
47,0.42124451691471,0.35714439299461287,0.017557761582023806,0.00048472822007226794,0.20356860028858112
48,0.019580627457843967,0.8738197402808681,0.06074194914486416,7.038733464309294e-05,0.04578729578178045
49,0.016291148917010456,0.6255835741945451,0.33364841731676875,7.578273090620073e-05,0.024401076840769444
50,0.00642954392186012,0.17881054921644254,0.807193117430105,2.8771746510913845e-05,0.007538017685081573
51,0.002871326782817962,0.2704160095169485,0.7065732190400295,5.268951356794496e-05,0.020086755146636093
52,0.003308449840438441,0.2648037449697513,0.7071186422792579,8.783443121168612e-05,0.024681328479340646
53,0.0021882182514284315,0.1253242700756199,0.8545382231117196,6.034743513764462e-05,0.017888941126094265
54,0.005812360203929738,0.8333721156355798,0.12576335353374812,0.00021961078840939256,0.03483255983833309
55,0.002802491381929805,0.22961408559806035,0.7576628825873727,6.057864553217955e-05,0.00985996178710498
56,0.0022951196884084465,0.19926138246238295,0.7854663146152214,7.780530201379813e-05,0.012899377931973417
57,0.0007436648743326615,0.056271349860826325,0.9393111313564061,3.2502004604506915e-05,0.0036413519038304937
58,0.00033201203670221485,0.05915707588400374,0.9377825153565659,2.4445958678947144e-05,0.0027039507640493343
59,0.0004592904224982277,0.06451838571543243,0.9302668945410252,4.817093021777004e-05,0.004707258390826457
60,7.791033507611851e-05,0.016592700299163942,0.9819697100237957,7.191619891760527e-06,0.0013524877220724653
61,0.00019293058242205645,0.03824348549808789,0.9579938478329312,2.486964474510378e-05,0.0035448664418138882
62,0.00010602768928363781,0.024617670871141816,0.9726486568598051,1.2377028090561587e-05,0.0026152675516788564
63,0.00015669197361039547,0.03635247777232913,0.9576608264248593,2.5810175390631904e-05,0.0058041936538107556
64,5.027211928420375e-05,0.020171948152684624,0.9764023945131275,1.2192543695244704e-05,0.003363192671208455
65,0.0001242231963026861,0.023768437434628486,0.9725541825881231,1.572950703295658e-05,0.0035374272739128196
66,8.63469339145781e-05,0.012747911723141351,0.985631718918801,1.30593852239239e-05,0.0015209630389191344
67,0.0008377460797699583,0.05203944661971317,0.9333032901396738,5.3138339458953174e-05,0.01376637882138416
68,0.00011451564840169266,0.018313762562631637,0.98045588909282,1.0982728751247076e-05,0.0011048499673954814
69,3.0037847111731524e-05,0.009802216728261474,0.9896483296914619,3.940236502404835e-06,0.0005154754966625136
70,6.234258905176424e-05,0.021700644933590515,0.9775895106760375,6.2785666771767525e-06,0.0006412232346431345
71,1.7782347874692482e-05,0.008810694844024532,0.9909276296894994,3.1703852288637127e-06,0.0002407227333725008
72,3.2485018009822717e-05,0.010846139090032044,0.9886618435059938,6.0117293649447015e-06,0.00045352065659927935
73,2.6596551870668793e-05,0.010110006072082492,0.9895841274340489,4.87171424883917e-06,0.00027439822774904946
74,2.9789406560863858e-05,0.007928652173450462,0.9916115176445465,5.979340443869521e-06,0.00042406143499852455
75,9.966136874331826e-05,0.018644786321145898,0.9806070021069563,1.3809159916609924e-05,0.000634741043237899
76,0.00010835850439486013,0.015048852819263454,0.9842898753243359,1.5541821469140343e-05,0.0005373715305365637
77,0.0002211820623529837,0.03680027698158584,0.9618394262512633,1.8126499781198803e-05,0.0011209882050166391
78,6.932650618635442e-05,0.018033470456486355,0.9811976748143716,8.970259737317397e-06,0.0006905579632182665
79,1.4705709223948642e-05,0.007902167284378642,0.9915615075609505,3.982829232818334e-06,0.0005176366162139882
80,8.389852877317587e-05,0.014822268554681849,0.9838822748541428,1.0785603832962946e-05,0.0012007724585692964
81,4.813851702176493e-05,0.010571275079116944,0.9883190707981134,6.022320544092486e-06,0.001055493285203758
82,0.00028408497687224226,0.02819861668805245,0.9697752920703556,2.981535112818799e-05,0.0017121909135917714
83,7.645046003696742e-05,0.017416370080233567,0.9817885782587141,1.5416817636355485e-05,0.0007031843833789279
84,2.4698636803149003e-05,0.01343521819076271,0.9858217548754635,5.892430732179158e-06,0.0007124358662383063
85,6.014981019622339e-05,0.020485828889664392,0.978587423774131,6.020368093496903e-06,0.0008605771579150041
86,6.605591956694167e-05,0.018767435634305017,0.9803706780363466,9.726106331998904e-06,0.0007861043034496414
87,7.425487758161949e-05,0.022157880560802624,0.9769839423783268,1.484857071047582e-05,0.000769073612578379
88,2.8291391127224918e-05,0.012526252649114175,0.9855096282435957,7.146220141432535e-06,0.001928681496021561
89,9.411864251149358e-05,0.03200349301251477,0.9658452443530048,1.3605748126872788e-05,0.0020435382438419468
90,8.75639131132951e-05,0.01674749842227361,0.9824336782938771,8.515739617737585e-06,0.000722743631118474
91,0.0001191378996276994,0.028518497102971118,0.970455738047686,2.0315632719329303e-05,0.000886311316995836
92,8.390456376238247e-05,0.024112657286039375,0.9751949397660254,1.1480630075007061e-05,0.0005970177540977252
93,9.509085908857092e-05,0.031914705710188805,0.9666252531209453,9.60521531082784e-06,0.0013553450944665054
94,3.2515063242622364e-05,0.018381840017909594,0.9808267323073053,8.240899638306932e-06,0.0007506717119040685
95,4.596319639253861e-05,0.013180645050622025,0.9857848151827968,9.64784425026313e-06,0.00097892872593852
96,6.656236631507203e-05,0.008165982946546108,0.9905699615966397,2.0691189504107755e-05,0.0011768019009950263
97,0.00029891747157478004,0.02218599869174417,0.9720733056171753,5.597426626711799e-05,0.005385803953238573
98,0.004165116066388135,0.12741241913109183,0.752910432628764,0.0005623372645641794,0.11494969490919192
99,0.0719391096755647,0.1688477879495618,0.062128093870295206,0.001979278133971298,0.6951057303706071
100,0.19020225019953382,0.4993770153248214,0.08720409794123914,0.0016557015828746564,0.2215609349515311
101,0.2055547169117828,0.34535536260532795,0.12307937827141312,0.0007984563692665739,0.3252120858422097
102,0.058229803805881455,0.7263151605521446,0.09167321498965922,0.0007513674866488763,0.12303045316566599
103,0.033173131757149726,0.3241790920602076,0.28159346359985066,0.0020213781637043247,0.35903293441908773
104,0.05492174473120288,0.7781835777447303,0.11869792216632323,0.00351700422209992,0.044679751135643604
105,0.01795857259912421,0.557951012167431,0.36182891793229693,0.0016763609513958584,0.06058513634975201
106,0.1643103865466367,0.2971491251500811,0.03817208663519053,0.0033690154499135382,0.49699938621817813
107,0.06343120305614451,0.8987914887289874,0.02337242101223011,0.0021090329409410528,0.012295854261697247
108,0.028139507378916226,0.6590023253093591,0.3053480591549473,0.0012453792521490937,0.006264728904628209
109,0.14940700461748338,0.713484442125478,0.11742074322069229,0.001021528081023921,0.01866628195532229
110,0.14081340428325587,0.8196045127116645,0.008648499513974067,0.010368558277010968,0.020565025214094833
111,0.05605719825572861,0.8869821265365958,0.05125134738274619,0.0015680786868967243,0.004141249138032719
112,0.012148143534253517,0.8547801002492488,0.1292500493192563,0.0003741562232221305,0.003447550674019183
113,0.006715686639401006,0.7521851858214835,0.2362316617158583,0.0011081358991497895,0.0037593299241074976
114,0.00693125719970864,0.8882645849788909,0.0954876279438781,0.0040794528700308546,0.00523707700749144
115,0.051040243784779935,0.7774842771852533,0.14674731788526038,0.00356724010110741,0.021160921043598974
116,0.06921397442881445,0.9092111336341907,0.007771337777089091,0.007330418549810021,0.006473135610095843
117,0.02271811404969975,0.7009137436416294,0.25482916642780834,0.002301825189270525,0.019237150691592056
118,0.018546083096733557,0.8178263116333127,0.1517732165848093,0.0011233443554765883,0.010731044329667757
119,0.028379885740982772,0.4252631725199286,0.515032322628171,0.0017664936097021911,0.029558125501215612
120,0.10799089985966057,0.8098023070353837,0.03657526639031377,0.010310657648736772,0.035320869065905404
121,0.05477902472296299,0.7360323299356697,0.19424129353553898,0.0011302168401732431,0.013817134965655063
122,0.07625686936254794,0.8693958325003726,0.03560986264322275,0.002321744975929996,0.016415690517926823
123,0.057203565933699484,0.7450006231550538,0.18800972372155558,0.0013211336394123448,0.008464953550278851
124,0.07279830250608192,0.9078945523823518,0.0057496187245117845,0.005498626877946665,0.008058899509107778
125,0.008158555238617329,0.569506388342663,0.4135263773874411,0.0011366546286125066,0.007672024402666193
126,0.034523921824691294,0.7917428720360142,0.15775090786066556,0.0029582732605474647,0.013024025018081451
127,0.018120456865697243,0.7869204863559464,0.18677041260844413,0.0007363851575262624,0.007452259012386087
128,0.015067974521142743,0.5470052078098602,0.42586852573898837,0.0016881275319089815,0.010370164398099688
129,0.027771253960921904,0.7935247476789293,0.1645585370919146,0.0023256662344406163,0.011819795033793523
130,0.024715677191275622,0.7954891659523711,0.1670671240653214,0.0018178766071157335,0.010910156183916131
131,0.0077187811697951745,0.6004312272991131,0.38434189371646127,0.0018886322915412886,0.00561946552308919
132,0.04548271825671117,0.658291208913921,0.27853713280472997,0.004634706191077812,0.013054233833560112
133,0.018112289702549605,0.780209338038575,0.18645623579558526,0.0027265995553627537,0.012495536907927476
134,0.04257551883211473,0.7199320861221103,0.18494967197256698,0.004467818885112614,0.048074904188095395
135,0.010558268218886236,0.6186491832938328,0.34762545185672244,0.0026194649802189734,0.020547631650339588
136,0.026117590583551713,0.5460580053386639,0.29823536093079817,0.006531690701136804,0.1230573524458495
137,0.07952340979477414,0.29636659644466296,0.10161124923749507,0.003509649197862609,0.5189890953252052
138,0.4037214696249131,0.08541203189511846,0.0005860875392161984,0.0037677737670631624,0.5065126371736891
139,0.36690557880061037,0.5094955313990591,0.018897335594552287,0.0038878374572238286,0.10081371674855438
140,0.2782010826019956,0.5347495140941926,0.10751570766647564,0.0021303357049982617,0.07740335993233807
141,0.4270353337804245,0.435905246178448,0.0014155878796384283,0.05168185828053862,0.0839619738809505
142,0.043521643620575194,0.8368094543256414,0.08876813513498029,0.005944197521496783,0.024956569397306307
143,0.04775239180562151,0.8739826401773642,0.0536430052566106,0.00453421206449072,0.02008775069591305
144,0.03402397116758685,0.9085205130693766,0.0478295482306716,0.0017149226297416109,0.007911044902623197
145,0.0317612337483334,0.6829137139473663,0.26664933079360104,0.002555605987993337,0.01612011552270588
146,0.27067460358169565,0.6801993078550773,0.005907739852568885,0.0066847805265859,0.0365335681840723
147,0.05270930332114693,0.8915335374688322,0.04676228549319608,0.0002888446755600992,0.008706029041264484
148,0.03153120790620567,0.9375745737057625,0.02596029029190431,0.0009920833647571198,0.003941844731370471
149,0.044652346417770376,0.8582620292105477,0.08837028057154189,0.0007495575297314073,0.007965786270408714
150,0.021124543395909103,0.6544521108627388,0.3141594818762992,0.0029018317631842763,0.007362032101868621
151,0.018729105811190094,0.9435632928194415,0.025205435774369827,0.006704315327201956,0.0057978502677964415
152,0.02945342205459691,0.8190026837460023,0.1261162308484473,0.014270650255450693,0.011157013095503043
153,0.024810548268199478,0.9302167686503954,0.015759747816590345,0.018638245020897618,0.010574690243917393
154,0.03909584509716585,0.8162037650896928,0.11389368369466246,0.01180466057960904,0.019002045538869992
155,0.039912221313945104,0.8912665803645187,0.03322580733295747,0.02033455245458189,0.01526083853399682
156,0.1041071517161732,0.7340532186481925,0.008287790310355335,0.06649840739491013,0.08705343193036878
157,0.11277191300796144,0.5855046679292318,0.0022417596215999285,0.23891877620571156,0.06056288323549538
158,0.09766834012335057,0.603314102928021,0.0017387322520098746,0.24412056459837295,0.0531582600982456
159,0.10554871680960852,0.5541124882385389,0.0028157315298974308,0.20234252875814418,0.13518053466381097
160,0.18086205498441865,0.229545802599499,0.0010277060432268158,0.4863060518459492,0.10225838452690646
161,0.1574240184703784,0.2982269359977734,0.00043261922925727974,0.4680695654078359,0.07584686089475513
162,0.06310955039875481,0.4988328069189618,0.004595642664207224,0.33194900010260153,0.10151299991547467
163,0.21245389537691406,0.1041706202427229,0.00012125839152439386,0.5270267226658085,0.15622750332303015
164,0.2146479653257118,0.1629854340087881,0.00036785354354702235,0.3388610033677995,0.2831377437541536
165,0.12869138040079112,0.2236654010303734,0.0005178350730820339,0.4563709431823968,0.19075444031335653
166,0.17338907507475912,0.06108285406946277,0.00040869311402410327,0.21580394041756243,0.5493154373241915
167,0.2920640836286029,0.06407872746773154,0.00010078173424700645,0.5361413961718133,0.10761501099760522
168,0.23835919864785304,0.07273012246677364,0.00010858142267394009,0.6483783377890189,0.040423759673680545
169,0.4809265597238155,0.07637264817674701,7.54007106513623e-05,0.40412154251682886,0.0385038488719574
170,0.2290562963592703,0.035409999069366656,4.497436778940829e-05,0.7098541496389555,0.02563458056461807
171,0.13751582431298778,0.031776713978996826,5.350398541233723e-05,0.8215207483681549,0.009133209354448004
172,0.1428258189823654,0.047367002779706374,5.7892267487105356e-05,0.7779439056733083,0.03180538029713272
173,0.10159457134987736,0.07356977386464937,3.618393156447074e-05,0.7806351098189362,0.04416436103497257
174,0.14784734110458303,0.07903593693771242,6.702939609220908e-05,0.7355797960937506,0.03746989646786175
175,0.1313274369446165,0.04413644503428381,0.00030705517202394704,0.26079717353470905,0.5634318893143666
176,0.3282514114944756,0.05853517031843363,6.93669312226194e-05,0.30536377082814165,0.3077802804277265
177,0.2361359591337845,0.19647056830964973,0.00015502557413806325,0.3866428388528143,0.1805956081296134
178,0.44559805571596794,0.05206748980704727,6.767798545851195e-05,0.4001864672571611,0.10208030923436533
179,0.3302113477907285,0.1215311291461943,4.845605134530457e-05,0.348539502421308,0.19966956459042387
180,0.27910477377849313,0.11658380692948273,0.00010605595218121205,0.5355722123215905,0.06863315101825247
181,0.11775845707949438,0.203404330038527,0.0011988259839266551,0.09539499186796079,0.5822433950300911
182,0.4255467560996202,0.06082636935322646,1.9473946756754562e-05,0.1119739644934484,0.4016334361069482
183,0.17246067111897037,0.4226602307178325,0.0010392445653921688,0.23209556240141774,0.17174429119638718
184,0.4611559994282811,0.17306895522280352,0.00014168382744433392,0.20673348428185653,0.15889987723961455
185,0.13914524891519447,0.5511815809291064,0.003091024762162589,0.11669413962109704,0.18988800577243944
186,0.12836186124223015,0.30278195815616016,0.0013455672558791247,0.13491733096977937,0.43259328237595135
187,0.36897828599806615,0.0768319624129078,0.0001311907373235759,0.07889623460337321,0.47516232624832927
188,0.14154411741556316,0.3863163026462027,0.004784388359758337,0.05760999364164178,0.40974519793683406
189,0.2689854094473417,0.44478844789344035,0.0028960814328749143,0.13855143063362743,0.1447786305927155
190,0.43643049706371145,0.27717083975602813,0.0009497758028744878,0.22033556205095975,0.06511332532642612
191,0.04506886014865968,0.8869579777290736,0.007258936468379666,0.0351313985777684,0.025582827076118832
192,0.12186817934011511,0.6070342396218474,0.0015290666204706457,0.24306385192045576,0.026504662497110896
193,0.08641108373754203,0.7511719012121514,0.02048387226467078,0.03569461600304652,0.10623852678258934
194,0.13066055934027143,0.8105583357470184,0.0035135003933811234,0.0330473028123569,0.02222030170697206
195,0.058702817035925,0.8960277008045863,0.02274271676790002,0.011897604055501308,0.010629161336087288
196,0.18776972680467233,0.6458068017890075,0.005510635292517829,0.0398423920115599,0.12107044410224253
197,0.028215237267574855,0.9552405690198932,0.004052091266240495,0.006138309793102348,0.0063537926531891924
198,0.05068472231031258,0.8892359473495881,0.01709312732686346,0.02551338199423931,0.017472821018996484
199,0.05932600305208093,0.901818105530083,0.0025411983120431267,0.026486696261010682,0.009827996844782253
200,0.023285198779659108,0.9465491478876014,0.009178870759740682,0.015497941886145656,0.0054888406868529435
201,0.12513816647254644,0.7937429330579634,0.006287700863225122,0.04857598595201006,0.026255213654254997
202,0.08535094158697457,0.814631550651377,0.00843277196478339,0.07179460937509129,0.019790126421773697
203,0.023593016535846348,0.8726846428803936,0.05953150503060163,0.030630662857400116,0.013560172695758373
204,0.1029519063159045,0.793585545112372,0.01103150072991763,0.06563726387952946,0.02679378396227653
205,0.1518244247588555,0.378416090435231,0.002807741066080735,0.023007940292963987,0.4439438034468689
206,0.09457526321270018,0.7622877706758006,0.006205646915999179,0.018853403341519255,0.11807791585398093
207,0.09988225051992068,0.2565288900199955,0.008224647109145123,0.017012560992477766,0.6183516513584609
208,0.0661060906553782,0.17245485080405917,0.0004954472622728926,0.01216491986074002,0.7487786914175496
209,0.222766806190157,0.46177572271251105,0.0005446485391741422,0.06853628209016122,0.2463765404679966
210,0.08305298276134027,0.2387479776428484,0.001692815069738235,0.021581338736367184,0.654924885789706
211,0.005718909483529358,0.008782027026010037,0.0003378975757978149,0.0019810687061976116,0.9831800972084652
212,0.0057618436029815215,0.0016065803774891012,6.300495193121889e-05,0.0006809435675079861,0.9918876275000902
213,0.029148058783926116,0.002025158632044719,3.0147877058985918e-05,0.0032150661375927848,0.9655815685693773
214,0.16801219845325127,0.02931442778633221,0.0002837286040006584,0.00465110903283444,0.7977385361235814
215,0.06500211530951717,0.002045733368322295,3.929430546976257e-06,0.0013093124026791903,0.9316389094889344
216,0.6840724406789307,0.0710116600758514,0.0002981648563905564,0.023709081888945008,0.22090865249988223
217,0.21589810362241468,0.31446522307155383,0.0016413631737257634,0.035647861055692405,0.43234744907661327
218,0.5868669818037513,0.19992739982048877,0.0003589269935556604,0.13714506345558553,0.0757016279266187
219,0.02627315409977214,0.9238401803373879,0.014949967150992149,0.0245491597657872,0.01038753864606054
220,0.011792200818316907,0.9399835209085772,0.019724978318754593,0.02445559292087254,0.004043707033478751
221,0.0477436871059101,0.9001653825178936,0.0013231287886358218,0.04390343188625642,0.006864369701304019
222,0.018367791420050725,0.9548936354224873,0.006563261066578295,0.017505554417674256,0.002669757673209333
223,0.12496687699794846,0.841006298504571,0.0019643836329636334,0.019231591247711705,0.01283084961680521
224,0.04274310756927366,0.9337333763956417,0.014725757953357172,0.004635270453934485,0.004162487627793027
225,0.037657409681410445,0.9227047510251266,0.030866006091159543,0.0018152094243726168,0.006956623777930846
226,0.08875113129523944,0.850975711842318,0.05324802017332608,0.0007735139816489692,0.006251622707467453
227,0.03000146930197957,0.9318815478554757,0.03425920551418066,0.0010593654088667443,0.002798411919497355
228,0.009083672200293711,0.6420821642691332,0.3443447347773879,0.0007449319295221545,0.003744496823662888
229,0.010350694377150384,0.6996244879431414,0.28631100234001877,0.0007532635083363726,0.002960551831353054
230,0.006548868544924642,0.7600437173642435,0.2280730123722712,0.0022480064056654503,0.0030863953128953455
231,0.006694179942086138,0.3032728520167159,0.6854099763980425,0.0014421169637723868,0.003180874679383188
232,0.0020546071807916134,0.22780383216628003,0.7676321962938262,0.0006535106111173804,0.0018558537479848882
233,0.001318494349340636,0.28635999678058766,0.7101783149789613,0.0006512926871954343,0.0014919012039148825
234,0.013826181678395815,0.6300243630133965,0.34690758314633774,0.0014938248165191161,0.0077480473453506145
235,0.003170219511775318,0.27316328128480843,0.7206375806853401,0.0005854538163474334,0.0024434647017288623
236,0.026375052937100678,0.5530639490256163,0.4137084932919939,0.0007141238744975035,0.006138380870791711
237,0.00682344755150101,0.21958250986733654,0.7688214811985216,0.000323230813770626,0.004449330568870279
238,0.00045826551748268557,0.08082500541876479,0.9173967571945355,0.00010140806924198566,0.0012185637999749667
239,0.0011975400035521189,0.06954378659321636,0.9272923139255141,0.00014627649777803234,0.0018200829799392235
240,0.0019063590551603403,0.12316630340516888,0.87037834749512,0.000568888553943472,0.003980101490607328
241,0.0009293556191676859,0.0671955569779624,0.9243626096063317,0.00031102330264630315,0.007201454493891979
242,0.26527224726931825,0.21523252671608148,0.45021585963342353,0.0012569241343245447,0.06802244224685229
243,0.006866780660232746,0.17989597633969037,0.7968554347903866,0.0007589675633550455,0.015622840646335292
244,0.004120047551813535,0.14967257152782482,0.8391095857648604,0.0008203082624316559,0.006277486893069597
245,0.02728291566474543,0.24553299119108823,0.6967432404323629,0.003006194636169404,0.027434658075634027
246,0.0036000193341969465,0.22853359533551543,0.7620154393279486,0.0015765070507398312,0.004274438951599192
247,0.00021895620116691594,0.03247779901324728,0.9660524476519724,0.00012307749482992365,0.0011277196387834395
248,0.001548917707981844,0.09174207700259113,0.9030903169381646,0.0003622018104165394,0.003256486540846159
249,0.002422400510761943,0.45275276415437404,0.5406412616356874,0.0008935043672833661,0.0032900693318932066
250,0.000425479172644039,0.11555596607679962,0.8822523260445377,0.0003903879056884526,0.0013758408003301467
251,0.0006208492258907692,0.1805135116731607,0.8173725172955283,0.0003034173338557659,0.001189704471564295
252,0.0009622169066644322,0.11780693645210596,0.8793134558170502,0.00030724715624794565,0.0016101436679314448
253,0.00024973303769111285,0.08190536418528117,0.9170307403229874,0.00022041549845336776,0.0005937469555870379
254,0.0003576028845772632,0.05077084512700234,0.9475885643243255,0.00024757758316479723,0.0010354100809301752
255,0.0003422291484871597,0.038869836444659474,0.9594838131635998,0.0002534451852349634,0.0010506760580186083
256,0.00030998412871570776,0.04545752934998579,0.9523121634966245,0.0004930635672769197,0.001427259457397149
257,0.06908829917511371,0.1532462050543465,0.1811115442731349,0.023910706955270918,0.5726432445421339
258,0.08782435269801246,0.4774877444706389,0.35969884381829376,0.009661510218852067,0.06532754879420281
259,0.1256267206706218,0.6030575614622906,0.22452311459867344,0.0039891152341571855,0.042803488034257015
260,0.4317391078738327,0.5191653633355194,0.013328434128042094,0.002386144005920418,0.03338095065668543
261,0.044781373729373304,0.7931706289632393,0.14944002440704393,0.004237690270247755,0.008370282630095675
262,0.03416441290691865,0.9254145886389425,0.028989302992691333,0.004704771597833185,0.006726923863614143
263,0.04248998513829483,0.8336416245791828,0.1047417188510636,0.007658779871701954,0.011467891559757044
264,0.027421206132739333,0.885968560142074,0.06682939344924224,0.00988834312855987,0.00989249714738435
265,0.02296119793990675,0.8023002665500053,0.14735710206400018,0.016051674902124956,0.011329758543962972
266,0.020854248124998264,0.7572865778931915,0.16000981636233289,0.02016127525988728,0.04168808235959013
267,0.03219141158416599,0.9197780808176096,0.01562853810005382,0.02546135155905859,0.006940617939111952
268,0.035387131018408124,0.9067858642506091,0.03017269819321049,0.018119329317921578,0.009534977219850525
269,0.1049040690416856,0.7264268630994019,0.09756773620419269,0.038919191350451486,0.0321821403042683
270,0.098445383920689,0.8222349465993214,0.005264252333704736,0.050377649379996975,0.023677767766287862
271,0.050308498040883096,0.906414698639477,0.019784441264796504,0.016328586714600996,0.007163775340242381
272,0.03445455257359652,0.9245002457948233,0.015676670591338877,0.01942009634958977,0.005948434690651364
273,0.11200473309584191,0.8087359427698547,0.03264022449858597,0.017671205749464708,0.02894789388625272
274,0.042565738427839506,0.8574780286392953,0.08917875488615967,0.0034573935120317577,0.007320084534673814
275,0.07214070912834823,0.9024063523004956,0.01753156853190235,0.002519913279162856,0.00540145676009089
276,0.06680065286859546,0.7741145626843965,0.14806838189799382,0.0030979969583848138,0.007918405590629387
277,0.01105497018594704,0.6665141985092329,0.31281533972228076,0.004351222946693544,0.005264268635845783
278,0.035077311327710685,0.8768032344577292,0.07563346230318607,0.006270945891598889,0.006215046019775152
279,0.018638140236147124,0.9544065628677418,0.0093425471090715,0.007463172377933364,0.010149577409106304
280,0.013740063073278729,0.5962415087740697,0.3778056347483283,0.006032491412197359,0.006180301992126065
281,0.04696012658536013,0.8952463442723592,0.027146005560184282,0.011370821411067687,0.019276702171028857
282,0.007959889428600209,0.9036715639990653,0.06935082984570329,0.003667257004225883,0.015350459722405178
283,0.053891523190079574,0.7443039523695703,0.049470298487128035,0.011151559159177541,0.14118266679404468
284,0.026254035634054335,0.7834205203778954,0.10813030738714742,0.0047557355402588816,0.07743940106064397
285,0.039277863726224445,0.6254042159470021,0.04730945367178199,0.02054587897833095,0.2674625876766605
286,0.003184644492824287,0.0038027186373650367,0.0023658829896175907,0.005214126080879804,0.9854326277993133
287,0.01115178841715609,0.006661592785130468,0.00040018522673981784,0.0013231502222470872,0.9804632833487266
288,0.07712354511674427,0.005820850974045728,5.1335760458598614e-05,0.0036941410451163527,0.913310127103635
289,0.34488463114754553,0.030485591617028848,0.00041263111944846214,0.004456476825291377,0.6197606692906859
290,0.16690541515932078,0.0768236644074935,0.0005026473213525422,0.005303618300183316,0.7504646548116499
291,0.2244624273786184,0.6514684786663305,0.008165478020804487,0.006685474873780179,0.10921814106046639
292,0.10403789373470257,0.7158024153428065,0.023111216233546256,0.02767710387615041,0.12937137081279426
293,0.03385628544476682,0.9238689579036818,0.020023412514340738,0.012159717318048319,0.010091626819162317
294,0.013371103058191156,0.8286069384234374,0.13896356103776067,0.006192454741926122,0.012865942738684685
295,0.05772155386314399,0.7967001668283911,0.0024141264070642716,0.1361058937019003,0.007058259199500254
296,0.030878339269093634,0.9327196927184562,0.013167822253480265,0.01270632828221548,0.010527817476754511
297,0.04429455293072866,0.8754425613738553,0.05395974357452218,0.011226123895231614,0.015077018225662408
298,0.05481843778469563,0.9049120961133765,0.024122538074792664,0.0072994769581975595,0.008847451068937659
299,0.04365085258502144,0.9137114744783764,0.032932583272350366,0.0029592184550922902,0.006745871209159391
300,0.014000456750769469,0.9653821932907679,0.01688677549164636,0.0010673305689036937,0.0026632438979126267
301,0.007271793903115036,0.9505651351262503,0.03969305448190271,0.0008346013792099732,0.001635415109521832
302,0.009331693564415058,0.8107989797314272,0.17448284854447982,0.0009450737839745136,0.004441404375703294
303,0.04552513348313642,0.92841233895532,0.01615991693170462,0.001773166552307245,0.008129444077531599
304,0.00827911167444808,0.7154343652994662,0.27075880368954575,0.0012916572614821461,0.004236062075057828
305,0.025175756302362965,0.9295482487822461,0.039974897193796044,0.0008845763568829847,0.004416521364711789
306,0.024069293843179372,0.8994059071640116,0.07112110806263285,0.0012050026739463067,0.004198688256229808
307,0.008387975795563463,0.9340981015275487,0.05371368708737727,0.0014081695165078414,0.002392066073002787
308,0.008196398954623482,0.9597330099942805,0.028694502708544768,0.0009934103488204332,0.00238267799373078
309,0.005313774977258787,0.718374563894949,0.27235067841756183,0.0011836280111446609,0.002777354699085806
310,0.003482897188870176,0.6233522030886458,0.36942618575886177,0.001220358517681407,0.0025183554459408176
311,0.0028971713714023746,0.5982756841176516,0.39625424401298665,0.0004265201167921442,0.0021463803811672824
312,0.006607877040030146,0.6876330616639408,0.30159137822004317,0.000569714892461116,0.0035979681835249158
313,0.005411309781555834,0.5806680255066026,0.40990945051985017,0.00045630669715904546,0.003554907494832464
314,0.002167047888560433,0.3035288813909557,0.6917143223210858,0.00020233450457786577,0.00238741389482021
315,0.001955146968215777,0.22979244363476342,0.7658086241163351,0.00036504002850998665,0.002078745252175757
316,0.006751604579579231,0.58566783179462,0.4014721277009315,0.0012204885908221428,0.004887947334047156
317,0.004923763961204844,0.45255786559360583,0.5296045265652848,0.0006574548433192558,0.012256389036585224
318,0.010436458240223443,0.605364991928221,0.37741628376499814,0.0015096744433286875,0.005272591623228639
319,0.00458751108073212,0.27482298355536344,0.7179256243598174,0.0006232431105341047,0.0020406378935529084
320,0.019348769155301197,0.8692065941275526,0.10483003935072752,0.0016707937562038735,0.004943803610214744
321,0.0018257986942050634,0.20456074128530208,0.7922834436119225,0.00028503944543197197,0.0010449769631384778
322,0.00406214623079824,0.1962015723301091,0.7976937415080196,0.0004207440617459088,0.0016217958693271006
323,0.0009175482990116384,0.1891264961869042,0.8079533862293968,0.00026258074023039943,0.0017399885444569635
324,0.0019502804600853639,0.30768951875016476,0.6879374807062185,0.0004970599093759108,0.0019256601741554653
325,0.0010251445597962078,0.11790278751420806,0.8796516407281786,0.00022570209921362396,0.0011947250986035181
326,0.0010925310749081982,0.1366676615760858,0.8605766934183202,0.00020632595260671198,0.0014567879780792677
327,0.001893847325807381,0.17163909269973834,0.8229292507008046,0.00031248626275698593,0.0032253230108925833
328,0.0021606197800942283,0.2973754374820322,0.6983115572297707,0.00041958660339315576,0.001732798904709695
329,0.0014688991259726174,0.2050818313922555,0.7912335805360526,0.00022974928318374036,0.001985939662535455
330,0.00036864557081160454,0.07654382603330857,0.9225071709041028,6.759453323462409e-05,0.0005127629585421546
331,0.0007225124637933137,0.09667795234277922,0.9014451534978981,0.0001127522249418686,0.0010416294705873305
332,0.00012923432687336287,0.039522804173108404,0.959913592950272,2.6227358961975895e-05,0.000408141190784214
333,0.0002947181159462326,0.06458438151432849,0.9339744555109811,6.848541115278443e-05,0.0010779594475914523
334,0.0003883426440766069,0.07185944014073767,0.9269637579733486,0.00012599564581950692,0.0006624635960175762
335,0.0001755872296239345,0.09070885923316672,0.9082423231437404,9.076800290340711e-05,0.0007824623905652323
336,0.00022480328856102727,0.042689553501519824,0.9561054093775587,9.610721633690475e-05,0.0008841266160236059
337,0.00019017842286493355,0.05593544008581116,0.9428381088426915,9.133564476542334e-05,0.0009449370038670196
338,0.0017022707623526943,0.24217910616404373,0.7538229485773772,0.0004207194557317386,0.001874955040494611
339,0.0010626600448940915,0.14997725973586984,0.846724569305221,0.0005938068545194661,0.0016417040594956184
340,0.0002470828921223297,0.07169007888908399,0.9274753226618687,0.0001219346446537047,0.00046558091227106067
341,0.0002494381195690331,0.05062282542435166,0.9483942539711133,0.0001158079169248126,0.0006176745680412248
342,0.00039816890344878764,0.1138427533984089,0.8846889175495963,0.00028854317853157276,0.0007816169700142772
343,0.00044367461726377863,0.0726593823283356,0.9258526728280209,0.00018897661213544337,0.0008552936142441915
344,0.00014138265520035508,0.0522764681650927,0.9470546294825517,7.636858687837923e-05,0.00045115111027684213
345,0.00033746341504494213,0.06886168263115507,0.9301882307515067,0.00010621843895865525,0.0005064047633346121
346,0.00030607776811362027,0.05891042486711547,0.9400885560933707,0.00013300347173565686,0.0005619377996644794
347,0.00029581897635146863,0.045963434740263355,0.9530765777425987,0.000199792621616264,0.0004643759191701464
348,0.00013649946444502977,0.040198293014329464,0.9589582698763955,0.00011569223827804514,0.0005912454065519117
349,0.00034680576788179965,0.08078720384719182,0.9176535962843076,0.0003022181589014941,0.0009101759417172519
350,0.0005537811174828539,0.12756977957344495,0.8704790340499869,0.0003272144806724256,0.0010701907784129653
351,0.0005261198820632971,0.07112616588568076,0.9263347846488487,0.00043859122038611615,0.001574338363021246
352,0.0008286495631121459,0.15755006237128827,0.8381670170861703,0.0013475263227956387,0.002106744656633727
353,0.004703932474009221,0.2375242175074232,0.748807251738258,0.00405340077008782,0.0049111975102217025
354,0.18362005431035777,0.4357649250751663,0.09569342105967793,0.08755547083670333,0.1973661287180947
355,0.32395284294343984,0.5874373742156042,0.0029670893642026897,0.05808006189037878,0.027562631586374644
356,0.08515899220435985,0.8462823908444224,0.022176355474195962,0.025673337736493888,0.020708923740527806
357,0.1891651141966947,0.6922462293538274,0.07716097798748153,0.016497067726709842,0.024930610735286712
358,0.07174321621288386,0.8052733363282114,0.06423657783174148,0.042478086172038555,0.016268783455124836
359,0.17176082102991697,0.6596466042053477,0.0017014369626113155,0.14385081661737797,0.023040321184745846
360,0.018217687213103736,0.8333677837858687,0.07283156975561399,0.06621486373214369,0.009368095513270013
361,0.04273060472404853,0.769198916343183,0.0059407664447746495,0.14648153655718849,0.03564817593080533
362,0.04721910047680019,0.5752513542546015,0.0010022184393062522,0.3593142648818237,0.017213061947468248
363,0.03190593183774149,0.3951984735479352,0.002961342403903648,0.5495130748365539,0.02042117737386584
364,0.0378694743004253,0.1425799191072813,0.0011015719697770885,0.8100429076274261,0.008406126995090125
365,0.054758119710288676,0.22565588087029867,0.000341449634434712,0.7054436603883563,0.013800889396621597
366,0.022600408223522127,0.0902690328283555,0.0019223935190482476,0.86077049879358,0.024437666635493988
367,0.04213373344456381,0.10559776519394751,0.0003660481756709846,0.8252170914960136,0.026685361689803972
368,0.02556857014785002,0.03815984710785292,0.00022118558888160515,0.9194972612361442,0.016553135919271322
369,0.025723369570715485,0.08630978610746598,0.0008959596712920376,0.8648972406674689,0.02217364398305756
370,0.06409528908195083,0.0551110716686685,0.00035702744192265965,0.8370572845432335,0.04337932726422458
371,0.021490764077857032,0.027441800479910527,0.00013795241721000263,0.9454216030007156,0.005507880024306859
372,0.022378848520302433,0.0368391369912335,0.0001766645238197175,0.9305613651734428,0.010043984791201577
373,0.006741599953709864,0.05339681548066045,0.00036819527018678043,0.9349074543653574,0.004585934930085505
374,0.008852095096233416,0.0109914195561154,5.0872868482016206e-05,0.9785990444923861,0.0015065679867830415
