epoch,N1,N2,N3,R,W
0,0.08895296551585487,0.01713411343853459,2.4149005306089395e-05,0.04619739975836576,0.8476913722819386
1,0.1678888639577074,0.009045887380370819,2.3616692973085675e-05,0.07076603258643513,0.7522755993825136
2,0.062811020012687,0.0035962508766447187,8.655030015700247e-06,0.014411100426955903,0.9191729736536967
3,0.007577243914949476,0.0017719528924746391,1.5813138743640528e-05,0.0018820220468122976,0.9887529680070201
4,0.05547547464221498,0.0008696692398754033,5.116580457613378e-06,0.0016526624584753042,0.9419970770789768
5,0.11784428543624076,0.0010997664298747717,8.322424025231386e-06,0.0011382745808909312,0.8799093511289683
6,0.2680107260636555,0.007441400532234899,1.3646677641313726e-05,0.004887338362830999,0.7196468883636373
7,0.3806727285814777,0.04267853873322515,3.6963786641217414e-05,0.008368516113758771,0.5682432527848971
8,0.24300828998642726,0.17738494324558754,0.00030563023394442637,0.024606260362790282,0.5546948761712504
9,0.013886882619188612,0.006499644608462266,5.798199683430386e-06,0.003078205598849321,0.9765294689738164
10,0.09469502753128221,0.009450608337762494,1.6620706727850734e-05,0.004320302854472164,0.8915174405697552
11,0.2303146486069796,0.0056806229450477785,2.2179757853847222e-05,0.0027487963019354016,0.7612337523881834
12,0.6143878625290168,0.007486334983914888,1.013764389703208e-05,0.002226794495285109,0.37588887034788615
13,0.4549960186597955,0.04554981337685052,3.228461981446848e-05,0.0051113470158640865,0.4943105363276754
14,0.7252199132552145,0.015152835832427202,1.1660510737787066e-05,0.00362072485236131,0.25599486554925893
15,0.24328281859978246,0.6100978099969223,0.0026042507211713837,0.0032263470600258463,0.14078877362209796
16,0.07467157562200227,0.852000900895381,0.003154124671399941,0.0027479966451949287,0.06742540216602176
17,0.21655355054970635,0.4838106167413754,0.003809017357144991,0.0204423061203673,0.275384509231406
18,0.0447721261915653,0.9027222686556045,0.004473615207420506,0.001779036305284996,0.04625295364012477
19,0.08753724667196348,0.026478058927437206,1.7927210755504092e-05,0.011973305194943206,0.8739934619949006
20,0.17703271071781082,0.7214198327933017,0.000271949173209174,0.013082370235015489,0.08819313708066302
21,0.0633594698821394,0.7815326915486126,0.002364837610685515,0.001679882013601665,0.15106311894496083
22,0.0028695323629846243,0.006643527771589363,0.0005509065586727384,0.00022827187028570166,0.9897077614364677
23,0.0014840158626389065,0.0004513579783413975,3.7537540993987873e-06,0.0001847161336257124,0.9978761562712946
24,2.4650771538139878e-05,5.360505657389776e-06,1.1869261514816497e-06,3.0133454207372562e-06,0.9999657884512323
25,0.0009211268458920185,0.0001988748640543001,6.1879170130646424e-06,0.0001795835134931735,0.9986942268595476
26,0.0009998078646024984,6.973651720329595e-05,2.2208653808884067e-06,0.00021276882656571107,0.9987154659262476
27,0.0005416919061121786,2.9950467278744025e-05,1.5648288367954216e-06,0.0002198411385435315,0.9992069516592288
28,0.0017763654716019912,2.4785975240764427e-05,7.086046865579782e-07,9.750649749638335e-05,0.9981006334509742
29,0.0013459657924368023,1.740810051940181e-05,8.346828921296993e-07,3.5357646493353955e-05,0.9986004337776583
30,0.06398780074766099,0.0005350548326636912,3.094274024229671e-06,0.00018841091420926913,0.9352856392314419
31,0.025926648564629534,0.00018358534643113066,1.1101515961969169e-06,0.0001081803317079728,0.9737804756056351
32,0.015979250786237055,8.824628152768049e-05,1.815511199228046e-06,0.000296965980888071,0.9836337214401479
33,0.008311715290227714,0.00019352318428637812,3.1563614627510202e-06,0.0006519573473367794,0.9908396478166864
34,0.07297886719044284,0.00040360967499220815,3.9184929440830224e-06,0.0007569327371230791,0.9258566719044977
35,0.17644728786969796,0.0020645552451386416,1.4809855661499205e-05,0.0025460858560132867,0.8189272611734887
36,0.13412084402154426,0.0025643048308594783,1.2071435407554722e-05,0.0015299067357730561,0.8617728729764156
37,0.4487537327525226,0.017843930902954653,5.518596168323377e-05,0.0053526384449211995,0.5279945119379184
38,0.36978307806048616,0.01623504676423748,3.6687959374391205e-05,0.01137966379511869,0.6025655234207833
39,0.41215356083325466,0.03380295551260413,4.9632619530773215e-05,0.017730857883370504,0.5362629931512399
40,0.5943582361787143,0.04843142856974949,4.5014420752919044e-05,0.029448744598187897,0.32771657623259554
41,0.6131885031570905,0.06530685593334949,3.7172327529836195e-05,0.010116695121912763,0.3113507734601175
42,0.4713712999333544,0.12227921846700118,0.0004571298365396783,0.017199215402020285,0.3886931363610843
43,0.48368301948720455,0.3214494001419562,0.0004059471942502685,0.05214266796710495,0.14231896520948403
44,0.37517964445242824,0.3939942299436276,0.00156603982002626,0.08678060873233664,0.1424794770515812
45,0.08195251262756335,0.7721694797446648,0.013762019402858105,0.01274162488819961,0.11937436333671422
46,0.12472144065877633,0.6622578186876711,0.0026934084946974414,0.023763429075039835,0.18656390308381526
47,0.18326510489889403,0.5609036497080896,0.00030294258463515116,0.03012545365774868,0.22540284915063258
48,0.12156030640780144,0.7848686404589855,0.0024662281528385617,0.005511183472374271,0.08559364150800032
49,0.5434962996593081,0.3548838991559879,0.00042014800798200125,0.015402446944815497,0.08579720623190654
50,0.25492220909126956,0.7071501750418636,0.0017610764787614592,0.0030603393201357517,0.03310620006796965
51,0.08270411665555989,0.8979510755817093,0.004004943682941235,0.002036316967633081,0.013303547112156562
52,0.04634428412914127,0.8654783007292984,0.018732371756502643,0.0029330866305676776,0.06651195675448995
53,0.21152035785280665,0.6682021667319163,0.001172609442465872,0.019595440854474497,0.09950942511833658
54,0.05460338990956827,0.9312726455430622,0.0031513209754323273,0.001781210600865351,0.00919143297107193
55,0.2573172700280347,0.6552514309261386,0.0010634760576528795,0.00826766874131008,0.07810015424686383
56,0.25290913078987914,0.6685681264287755,0.0003039574307587526,0.0038815606878065717,0.07433722466278005
57,0.057375259306782465,0.9249796661084085,0.009116635405845147,0.0005925249941638782,0.007935914184799966
58,0.3028075150897918,0.6048055967200047,0.0014335102925419885,0.00540060137079178,0.08555277652686966
59,0.0772454361810832,0.8950774840119129,0.015026614035290473,0.0006941249694082335,0.011956340802305078
60,0.020227267165454418,0.9587837556718444,0.009933998953346691,0.0006886209658269445,0.010366357243527607
61,0.01755462986925012,0.8960684809838854,0.029692325429214877,0.0010578940939727848,0.05562666962367703
62,0.010755186496694812,0.8375722896168567,0.11480940557958455,0.0022989358674424176,0.03456418243942147
63,0.07022929665814491,0.03807940082698634,9.300908824145686e-05,0.01521150837228261,0.8763867850543448
64,0.0036145532341497867,0.00297904765364298,4.328010000269926e-05,0.000536410696031731,0.9928267083161728
65,0.007848918249464818,0.0002514081599675882,2.3020145774569603e-06,0.00023657273804295333,0.9916607988379471
66,0.20454642306735785,0.0005052978197518974,2.483844466063784e-06,0.00016128708413708375,0.794784508184287
67,0.14950963927891098,0.0006264111363444709,1.0929400600176399e-06,0.00021752699221682346,0.8496453296524678
68,0.00976982577286526,0.0002985575727945363,4.393514771598423e-06,0.00020181532599098742,0.9897254078135777
69,0.0057487517928857595,0.00044721966322884066,5.780145783181992e-07,0.002034469818879274,0.9917689807104277
70,0.0069065814835019045,0.0004619105650565878,7.105913776371068e-07,0.0011947874121782194,0.9914360099478856
71,0.11581620086819377,0.0007265832196297265,1.8042156060148022e-06,0.0023521959168200032,0.8811032157797505
72,0.01027794797285941,0.0004689993384358763,1.813925517345136e-06,0.0003054632637832965,0.9889457754994042
73,0.009040044057388766,0.00017846226684422708,1.9346359037766877e-06,0.00018893685085136228,0.9905906221890118
74,0.010129234171468559,4.663327040271167e-05,1.8008999618007265e-06,0.00019259484201774685,0.9896297368161491
75,0.008272619245254636,0.00010821768341725372,1.3973196163149418e-06,0.00025709353311419343,0.9913606722185977
76,0.0606827161392897,8.168803113790093e-05,2.064875496928204e-06,0.0003151063974791389,0.9389184245565964
77,0.1941781922762245,0.00042702697880693194,8.80283462178254e-06,0.0008101479937374438,0.8045758299166094
78,0.525604885605651,0.0010262362705495147,9.470886755857078e-06,0.00321181130075803,0.4701475959362855
79,0.3991676066959017,0.0015406147173722894,2.0678659247161704e-05,0.0049609595316769005,0.5943101403958019
80,0.1634881059534988,0.0028787773244641364,9.383960693525738e-06,0.0037255558297640077,0.8298981769315796
81,0.4305438332786995,0.0023680596157844057,2.818435000547714e-05,0.0070603965151417565,0.5599995262403689
82,0.6338679872422985,0.0164328461101696,3.184651686678547e-05,0.024880847118630738,0.3247864730120342
83,0.5491599183169864,0.012792175839735643,3.4019431341589136e-05,0.022867296225739776,0.4151465901861965
84,0.4389913772559054,0.04272459374335453,5.661975493875912e-05,0.0937932414752508,0.42443416777055043
85,0.501650674602629,0.034630576002404524,8.055804134842835e-05,0.19567240035245237,0.2679657910011655
86,0.1904688001846342,0.2523408778044594,0.00018029225864995318,0.1501728575280798,0.4068371722241766
87,0.16652665133667124,0.08775571247846962,7.650404287957073e-05,0.08919633185659362,0.6564448002853859
88,0.008901373496547103,0.0028779078723618436,1.5574043907161696e-05,0.004735211601099073,0.9834699329860848
89,0.3021262219873924,0.0033905028307210216,1.8250760147609317e-05,0.00830873824474129,0.6861562861769976
90,0.67327571336356,0.006250895504118392,1.2144213761531096e-05,0.0058930193521611884,0.3145682275663989
91,0.6944470220532367,0.026809071032135534,1.6284572427783907e-05,0.006038447128717459,0.2726891752134825
92,0.3183595700968619,0.4921448789936074,0.0010758609141489116,0.022224017449915822,0.1661956725454661
93,0.17644611759183212,0.5013419368577295,0.003443504367216122,0.04856799356753161,0.2702004476156906
94,0.334785675125505,0.3637858686447356,0.0001967557170744763,0.12243969156567146,0.17879200894701347
95,0.19817950162432807,0.4620425798448622,0.00022535508426409963,0.03900563061214259,0.30054693283440304
96,0.3714175223436567,0.44647085383660773,0.0002406803736285259,0.017607706451405972,0.16426323699470088
97,0.19360223541725982,0.750879577945886,0.0003562480480306438,0.0042207791811407,0.05094115940768282
98,0.1681692683451278,0.7615908372769802,0.007426555138349994,0.0005449693313708595,0.06226836990817125
99,0.055524930795451795,0.9384754468880956,0.0017457684959561078,0.00026306836370734103,0.003990785456789188
100,0.08865203049067968,0.8969773171750282,0.004897680229095616,0.0012877104529991482,0.008185261652197516
101,0.01912964294674653,0.9393930725218111,0.03808604085792276,0.0003270144963697893,0.003064229177149717
102,0.16735425747462238,0.8136883408653047,0.0023556235419749565,0.0017358960180014862,0.014865882100096579
103,0.006814509763084518,0.9822357517683399,0.00958591223273146,0.00013310114939785858,0.0012307250864463945
104,0.037791810040704796,0.8230435498743818,0.12135845349614957,0.0006461518486654464,0.01716003474009827
105,0.014071536948701911,0.9306060589721311,0.05206138867654215,0.00038386814999662535,0.0028771472526282964
106,0.10141346767464048,0.879886110538024,0.005060943423059056,0.0018421980779950212,0.011797280286281402
107,0.030493614853101494,0.8388612773914267,0.11964849868712851,0.00047948521093967147,0.010517123857403637
108,0.011984872691092871,0.9618226637063826,0.02300324929588681,0.00012386143796014955,0.0030653528686774285
109,0.011947707237229975,0.978319233353296,0.007932573680148648,0.00011682974634567052,0.001683655982979878
110,0.018397791900798235,0.8617943460342637,0.1069155607169834,0.0002672143314932158,0.01262508701646142
111,0.0064275495979694945,0.7345873129291067,0.2573958262196407,0.0001475200855693738,0.0014417911677135273
112,0.007293693518694685,0.9010962699621746,0.08912939864810329,0.00015539109521484025,0.002325246775812881
113,0.003773696662040034,0.397658061856868,0.5962959767118989,0.0001599198167142905,0.002112344952478778
114,0.0029341850498029896,0.7379119643247825,0.2572045416489052,0.00025450363222395954,0.0016948053442853946
115,0.008884120940153357,0.6565264598377244,0.3303275898918857,0.00022013714987660998,0.004041692180360093
116,0.0012870824876980126,0.2182330134339826,0.7789643412337796,0.00010132762872540582,0.0014142352158144703
117,0.019727922971380273,0.8902933711222981,0.052598025901186535,0.0005090408164079048,0.03687163918872731
118,0.002325431986795443,0.17790794837144586,0.8176513941136324,0.00011057119853282823,0.002004654329593516
119,0.07651857921906431,0.5737300387661843,0.3273617862231261,0.00044871724293074204,0.02194087854869475
120,0.06042588008935584,0.8958837436663387,0.0356588721263159,0.0011882169027396141,0.006843287215249902
121,0.022121830313637476,0.5779252843796288,0.39601377740774196,0.00019144828338900097,0.003747659615602907
122,0.00422908181562349,0.8554872003784488,0.1363150542006005,0.00016952191882268336,0.0037991416865046615
123,0.031078120486403432,0.8997859592351525,0.057476182647021694,0.0003251674655232881,0.01133457016589906
124,0.007961377975848328,0.8566133546867769,0.13260524494970266,0.00012655074297970636,0.002693471644692466
125,0.017017898363789145,0.8553376244440364,0.12298139550603626,0.00044387525206474363,0.00421920643407346
126,0.0006262996523119874,0.14452655747413318,0.8538800248876424,0.00010124002756340825,0.000865877958349078
127,0.014978896255564929,0.7561164452845828,0.20446668719401895,0.0008822207608054434,0.02355575050502797
128,0.22914173896842305,0.7208323645310586,0.005240496166617724,0.014473445502489538,0.030311954831411195
129,0.0022159914959162742,0.7106770475315451,0.282985731133625,0.0015152848500695005,0.0026059449888440607
130,0.09916898755817331,0.872759834205606,0.005535642512078568,0.006042315801035024,0.01649321992310709
131,0.008197499564119307,0.9640647376354119,0.02341557961425741,0.001677988154501088,0.0026441950317102714
132,0.07540494969312347,0.7882270025843371,0.004537314223741533,0.11250749412932383,0.019323239369473943
133,0.12380643179126279,0.5242868536527031,0.0004043831684577859,0.3221991551200621,0.029303176267514296
134,0.06128602017658945,0.04853770219156055,0.0001577299325510343,0.842956372686958,0.047062175012341015
135,0.05503558295936418,0.12912808760460237,0.00031864670030607665,0.8002871654340283,0.015230517301699165
136,0.046916389024584795,0.035564424197546934,9.680621989296219e-05,0.888048508147847,0.029373872410128354
137,0.019503508456741366,0.004949213812973066,7.54791416029397e-05,0.9509740543783496,0.024497744210333
138,0.07841836615836022,0.015934191363164898,6.872158744212955e-05,0.7330962411712995,0.17248247971973327
139,0.12528063021557248,0.0067228740931834854,7.336215831561492e-05,0.6576390712519461,0.21028406228098231
140,0.1218952862669954,0.0025129451938358397,3.302907701904384e-05,0.8383034118672468,0.0372553275949029
141,0.14301889271268162,0.004657015697887525,7.745453815313996e-05,0.5654190242296047,0.2868276128216731
142,0.011492374269789935,0.004285084255967069,0.0001488154610268885,0.36800800792324956,0.6160657180899666
143,0.02805333832775068,0.004306975406671243,0.00013875780077616203,0.813599321485705,0.15390160697909697
144,0.03881971125892316,0.0023065104139471907,3.1862470872955543e-05,0.8911841021248547,0.06765781373140198
145,0.06814453649411341,0.005395121530686787,8.513183548500374e-05,0.6194854572298222,0.3068897529098925
146,0.0052736601319774085,0.0018208161761361162,1.2637984251557292e-05,0.25916160584022163,0.7337312798674133
147,0.1253217528998774,0.008064328817513202,3.2590551163474525e-05,0.272995177124685,0.5935861506067609
148,0.00040905115558260107,0.00027061223346629777,0.00023615285662057032,0.00023304861458429483,0.9988511351397462
149,0.04975008361857756,0.0008875633114256145,7.057846454978636e-06,0.002002195293890478,0.9473530999296514
150,0.6380809999091941,0.004413409664410345,9.271308255171765e-05,0.012877888204389424,0.34453498913945435
151,0.1987167279534446,0.029096292100204875,0.0006292700328280112,0.016761998449685386,0.7547957114638372
152,0.6473982804906229,0.07658564384716049,7.79777726673046e-05,0.14482019220417863,0.1311179056853707
153,0.07552203085932221,0.039731369531552756,0.00033446324399183104,0.07160409917189384,0.8128080371932395
154,0.4099302590998336,0.1473593529372111,0.00011743967824895319,0.371253193402197,0.07133975488250935
155,0.28125221839621894,0.33607415202828844,0.0006552384435344073,0.3178581119752106,0.06416027915674763
156,0.2766859718818119,0.2995112441389238,0.00016958000334754594,0.24756594255528322,0.17606726142063348
157,0.09605038329030816,0.7211623107196352,0.0005485303049520051,0.16321773365382777,0.019021042031276917
158,0.18230098013852272,0.12187381200888846,0.0006258070390115934,0.06012047564133037,0.635078925172247
159,0.7013166965417927,0.04828963005484548,6.394661624237863e-05,0.0718545387797588,0.1784751880073606
160,0.5443755109512602,0.3705637871887223,0.00014686533486577875,0.02837709257962128,0.056536743945530425
161,0.5059887114006808,0.44571494969152003,0.0003364387279492997,0.015445643077378713,0.032514257102471085
162,0.10611696106723398,0.8260730866096457,0.0003330606104852117,0.04782145761873206,0.01965543409390335
163,0.09074560722932878,0.8724494935635725,0.0018170727305051254,0.011392680240485568,0.023595146236108006
164,0.02143726599073078,0.836676212150299,0.01003026318470914,0.005745639468294844,0.12611061920596645
165,0.007523348254065141,0.013866513161319769,0.001278528414482189,0.0004701801933419579,0.9768614299767908
166,0.4420160327468035,0.023076190201927586,6.637454021970366e-05,0.011518643305066769,0.5233227592059825
167,0.8696646083211625,0.031737637102442165,5.057718171997836e-05,0.007185255058551761,0.09136192233612361
168,0.811765226178975,0.1192377091853046,6.0008895278631265e-05,0.005892260659997736,0.0630447950804441
169,0.32156057106263697,0.6550356250011803,0.000796916494343772,0.005841927220009762,0.016764960221829314
170,0.107472033853128,0.8774341423015276,0.0030476818872655505,0.004259301020978568,0.007786840937100378
171,0.119419118368939,0.8160875760854828,0.007652527778355703,0.028921328273299483,0.027919449493923224
172,0.03980528194992374,0.8843068429686495,0.007863229004844926,0.05840745089532595,0.009617195181255858
173,0.24490044751033022,0.08140135422948183,0.0003256281695574407,0.21876810355444878,0.4546044665361817
174,0.37536720055394074,0.2833161981314529,0.0016774055581326003,0.14177630305988842,0.19786289269658536
175,0.35823452927813826,0.0990988875896581,0.0002949984410272981,0.03455809503088655,0.5078134896602897
176,0.43801738802151313,0.27879809816619955,0.0007902597037799215,0.008290306713382429,0.27410394739512506
177,0.6071324320417549,0.26170670657970074,0.0012371154500939018,0.04799339422027541,0.08193035170817502
178,0.4104654716162399,0.13007853320138346,0.0006121102293537386,0.05749371600750831,0.40135016894551456
179,0.08338150413702035,0.7031908563705453,0.011692961375583295,0.014313907728654315,0.1874207703881966
180,0.008516428260334292,0.008964505559611214,0.0023463863960068083,0.003303228428103648,0.9768694513559439
181,0.002332755954403288,0.0009027266644055335,0.0008285437951144403,0.0003676177762125815,0.9955683558098641
182,0.00038659775982506563,0.00033384394154456476,0.0006341410550676503,0.00014075048963038372,0.9985046667539323
183,0.001182916917714298,7.537766566176922e-05,4.538118780863914e-07,0.00043598491110458337,0.9983052666936413
184,0.0034715376539812227,0.0002963138223363036,8.081268998383819e-06,0.0008066737442281624,0.9954173935104559
185,0.005747871639103208,0.00020987093833066178,5.5732432205688385e-06,0.0005617493912503416,0.9934749347880952
186,0.022085956088118495,0.0001750401184550838,4.521199564434773e-06,0.0006472424506391114,0.9770872401432229
187,0.06122165556754254,0.0006904596327843216,1.2729850624729723e-05,0.0029915742592637193,0.9350835806897846
188,0.08353656061079649,0.001099886173172593,1.0584247678652707e-05,0.0034428966642302784,0.9119100723041219
189,0.00664934972415353,0.002308692079893202,0.002535992853560447,0.0007879221699696804,0.9877180431724232
190,0.024878364707086337,0.0007873784934696457,1.2691448034785061e-05,0.0011844974955672095,0.973137067855842
191,0.05663689972238951,0.0012344249234298933,2.6527647661862277e-05,0.0016829295991572003,0.9404192181073616
192,0.17346722307492543,0.0023356313527755686,4.707041425747262e-05,0.0023606933668388385,0.8217893817912028
193,0.2054823196919963,0.0028290711490410103,1.5732079226566708e-05,0.005224019352970873,0.7864488577267653
194,0.3839745362625117,0.008379787508375553,5.515840117455578e-05,0.033719520030567655,0.5738709977973706
195,0.4881552121865394,0.03100993576999978,0.00012799688346360204,0.08201116044284447,0.3986956947171528
196,0.4236769953934499,0.01895470048041361,7.670833542011615e-05,0.13830399887933065,0.41898759691138576
197,0.5701659653591435,0.023495373854665276,7.322055579793851e-05,0.20627858742901262,0.19998685280138062
198,0.3218328703229386,0.020421905588718946,5.8185290425430496e-05,0.08434830805208839,0.5733387307458286
199,0.7609961041764438,0.01756252114346545,5.667173716038398e-05,0.13667931294005317,0.08470539000287709
200,0.6358814504811179,0.057745261597700534,0.00010501955930295488,0.2515464175872071,0.05472185077467161
201,0.3572826802283838,0.12566727396285512,0.0008241565438523099,0.34700781715580115,0.1692180721091077
202,0.1778625533595686,0.3440892377981045,0.0006362440269691877,0.46092705859018623,0.016484906225171618
203,0.1031406319207395,0.7644685844176913,0.0030216376486791943,0.11548594144935723,0.013883204563532746
204,0.29400717014767686,0.5120496220996007,0.000975146552051887,0.14337519585113942,0.04959286534953105
205,0.18652967981094928,0.7328900473670646,0.004315845861128579,0.058746537899432696,0.017517889061424777
206,0.5190254934988652,0.32555215567291457,0.0017443463448015804,0.060212723922908815,0.09346528056050983
207,0.26568087552629766,0.6748144941303396,0.0024207358969598673,0.043668132193700616,0.013415762252702282
208,0.09501436909478977,0.7994146195367728,0.023416518583259677,0.05394748088549221,0.028207011899685427
209,0.03266974744022233,0.9422716857325646,0.0072296941831033615,0.013996582443547262,0.0038322902005624173
210,0.017852337321724285,0.9404439454847573,0.0027798240147376336,0.03436300690685196,0.004560886271928948
211,0.04917087144904226,0.3651870402072034,0.00787324159931016,0.0508308552359218,0.5269379915085224
212,0.13006092551574627,0.05897660358591651,0.00014755829598571112,0.17131313495197098,0.6395017776503806
213,0.1883686078830632,0.009980456619401562,5.443071184084466e-05,0.0648586851668584,0.736737819618836
214,0.00938848623620799,0.000717644185622731,1.2731682389881367e-05,0.0029761627774757223,0.9869049751183038
215,0.3713423802456518,0.003668848692715868,1.2511212382815505e-05,0.009094263474702593,0.615881996374547
216,0.5579196102629622,0.007187170107906181,2.7302595175130846e-05,0.028477756826525046,0.4063881602074315
217,0.26753572915394064,0.024718767008285073,4.256425520764838e-05,0.08645138822139575,0.6212515513611708
218,0.09263620772036509,0.0032164025725642527,1.6138189551940286e-05,0.029100677814003675,0.875030573703515
219,0.7444463973642835,0.05103246572693873,6.362737224370177e-05,0.09054113479788269,0.11391637473865127
220,0.4366503808923451,0.23536320234964658,0.00041850436161350855,0.19912486605947927,0.12844304633691564
221,0.49257800340503366,0.15368136727006335,0.0001514217111485911,0.2538232451539525,0.09976596245980181
222,0.02873338324714114,0.016301362957918272,0.00019045625030929546,0.020768857497770934,0.9340059400468603
223,0.4754418497932445,0.05470632540768299,8.422254196931393e-05,0.09938464595225764,0.37038295630484563
224,0.32125729100029027,0.04776960544340407,0.00017968660088311963,0.06753378284559584,0.5632596341098267
225,0.710779495408169,0.09549194766288269,7.391739583872903e-05,0.06493191841195002,0.1287227211211596
226,0.7034569218167257,0.08181728591269126,8.402000474974611e-05,0.1526969005560158,0.06194487170981729
227,0.42255188439038605,0.21800844287496776,0.00020709928805674312,0.17125963430513907,0.18797293914145027
228,0.3129039010597606,0.240733107984117,0.0003864493121740268,0.3384645328785117,0.1075120087654365
229,0.14920882789857043,0.5675016460713933,0.0017992083428639797,0.1714411151794915,0.11004920250768072
230,0.12384461787332295,0.7232510448639236,0.0005505656706584902,0.10531962842520938,0.047034143166885777
231,0.037864174667556545,0.07193896570163669,0.0008426497254241766,0.10124778819566534,0.7881064217097173
232,0.008854163327702943,0.00229336605422018,1.9092826602957102e-05,0.006184539025736245,0.9826488387657376
233,0.0179021222896192,0.0017128122796518585,1.995723652293414e-05,0.02429063183943158,0.9560744763547745
234,0.1800353308033175,0.0015080847813703738,6.402436008418345e-06,0.019597610497383726,0.7988525714819201
235,0.3659623277180123,0.0012903266027144344,5.495236681869584e-06,0.008299717815260283,0.6244421326273312
236,0.06369625298138801,0.0006133627936825247,8.988514529581377e-06,0.002131386968790461,0.9335500087416095
237,0.725205004143726,0.010602477606912094,4.2692079594904226e-05,0.017051366592639092,0.2470984595771281
238,0.48873114204125806,0.15600610878299256,0.0025108761005890406,0.09424507184262189,0.2585068012325385
239,0.46085220675678545,0.20312740374303556,0.0013052961767567037,0.17202193237695323,0.16269316094646885
240,0.004958284154426644,0.0025930324132833727,0.0006773280838088735,0.0037129086599624913,0.9880584466885186
241,0.5240251455470416,0.011807261281520797,5.9635842287857605e-05,0.02623032327548169,0.43787763405366803
242,0.7284883742529105,0.07410627578523782,0.0006426288533675523,0.059798029787615954,0.13696469132086828
243,0.30281078160626657,0.075514912994201,0.0007055095042977856,0.026943808535174012,0.5940249873600605
244,0.2744137101772827,0.12483082172066869,0.0008627007085779529,0.09686413879664857,0.503028628596822
245,0.4463108941431373,0.28171687724427874,0.0014986004451804414,0.20728189074774248,0.06319173741966108
246,0.5422543677994754,0.3329899679979097,0.0003782692642750284,0.015201100741860537,0.10917629419647928
247,0.8523224368255576,0.06312428313976001,9.952719146883895e-05,0.00900211887019388,0.07545163397301968
248,0.753195880963894,0.22346358711403655,0.0006553757959719504,0.005882760286155977,0.01680239583994129
249,0.04195810664861506,0.9539115975590698,0.002270704496478872,0.0004842576524092956,0.0013753336434270784
250,0.03190950542860702,0.9225648268994294,0.04254815896795055,0.0007723452120652313,0.002205163491947692
251,0.029123494884852753,0.9611380969977587,0.004616803459499476,0.0020749400176667673,0.0030466646402223588
252,0.002136396289800362,0.917602786501892,0.07761768194127233,0.00102303780328939,0.0016200974637458718
253,0.050813468414528315,0.9207484181536507,0.012957143194701506,0.008667689556601002,0.006813280680518505
254,0.007367105079068646,0.9291220564434657,0.060176954455556354,0.000715984397183694,0.00261789962472543
255,0.013309029947094549,0.958357356592655,0.02533306367661136,0.0013873597300275236,0.001613190053611383
256,0.015422526401022232,0.9168431652640527,0.06398359188813324,0.0019485716333319052,0.0018021448134597068
257,0.0018904959270480432,0.9604325450664217,0.036399567312128414,0.00026822272479775223,0.0010091689696041387
258,0.00623272167641692,0.8805104024448152,0.11065249560855063,0.0008952005497434545,0.0017091797204738014
259,0.003926630407856892,0.8591704545551384,0.13469597580794224,0.0005819977528943349,0.0016249414761681502
260,0.02248539457092601,0.9439754636145776,0.029657085981452384,0.0008526793581603597,0.003029376474883785
261,0.0003810718490513677,0.564514134827381,0.43422875674737266,0.00011417495288459693,0.0007618616233104672
262,0.0014161519278871294,0.7088677094948113,0.288346786134415,0.00021717016295612915,0.001152182279930653
263,0.0015073085556599338,0.3440687115076782,0.651994248703271,0.0002767594579395472,0.0021529717754512497
264,0.0013849164409626977,0.39434008884112204,0.6019273320215647,0.0003027060487817734,0.002044956647568781
265,0.001558725534650706,0.23897930661622235,0.7580180780573658,0.00026425077023133303,0.0011796390215299665
266,0.002007557219006417,0.46123988552036516,0.533967094940776,0.00037089153356661817,0.002414570786285842
267,0.0010523172601135092,0.33254657409184457,0.6647349034943302,0.000282690514556099,0.0013835146391555462
268,0.0010403472370448935,0.23098767048593227,0.7662005631049388,0.0002585532153141943,0.0015128659567698512
269,0.0004117811090387723,0.19564716366599588,0.8029317519199204,0.0001621308655039066,0.0008471724395408784
270,0.0008679574450182969,0.09804412289026603,0.9002643652967517,9.012293344624826e-05,0.0007334314345179945
271,0.0008200932122188195,0.15808523913969066,0.8402404990728933,0.00010839548039988908,0.0007457730947973012
272,0.00045934001024332586,0.056583661566686,0.9426374783045663,3.4465321772574503e-05,0.0002850547967317346
273,0.001218544069532682,0.13916841683954706,0.8589807300843734,7.761556823928964e-05,0.0005546934383075196
274,0.0006446680595327306,0.06679895227199614,0.93218367239342,3.5950363907240774e-05,0.00033675691114384024
275,0.00033701367131457326,0.09664904659650982,0.9026320566880858,3.6594375059963144e-05,0.0003452886690298135
276,0.00019408095106917978,0.03231923574194303,0.9673379911774169,1.1513211522381214e-05,0.00013717891804845245
277,0.0006079277447094009,0.05326231439747118,0.9457238664455989,4.941161551878345e-05,0.0003564797967017816
278,0.003429602001439872,0.1488045922447217,0.8464623832282709,0.00018445168551425398,0.0011189708400532953
279,0.0007082251987556588,0.0433325631679946,0.9556130830203902,3.63911370283701e-05,0.0003097374758311556
280,0.000615831799532706,0.05905422018293895,0.9399649210655495,4.44236827024223e-05,0.0003206032692765009
281,0.0009335864974758215,0.10292999571299105,0.8956725055695813,6.17246554726549e-05,0.0004021875644792504
282,0.0003561853878020842,0.059084356789025,0.9402372027683974,6.149971579974354e-05,0.0002607553389755738
283,0.0005812807187283111,0.06334932216175898,0.9357703858941305,4.0050291489792255e-05,0.00025896093389224503
284,8.373367853518295e-05,0.019092949973801888,0.9806927465939328,9.553665462657279e-06,0.00012101608826765442
285,0.0005072926575642087,0.03252461517216077,0.966707590277675,2.5123410894745586e-05,0.00023537848170509195
286,0.0004837269478460916,0.02983972593406026,0.9687525119429989,7.947553448418982e-05,0.0008445596406105188
287,0.0005467528868680936,0.06020189459585222,0.9387802928427472,8.785304057327948e-05,0.00038320663395923117
288,0.0032546440581512483,0.08741424433968338,0.9052882356894482,0.00028540183711480885,0.0037574740756023423
289,0.0037902669623614996,0.15316145200359466,0.8345750422823948,0.0016746123929259106,0.006798626358723236
290,0.00039680466186901994,0.019919995520894324,0.978545916475777,7.276137329710589e-05,0.0010645219681624405
291,0.002605897950370083,0.09496098643610616,0.8989695023462411,0.0003485700873896813,0.0031150431798929
292,0.11098451375501776,0.04529810484309655,0.007298623386613555,0.003405420309073778,0.8330133377061985
293,0.411925268568006,0.05565135304499367,0.0008964459627434006,0.005730589107577416,0.5257963433166796
294,0.7217860733260882,0.17781446486849542,0.00030812656795529167,0.0041501737753624895,0.09594116146209869
295,0.5499269053967933,0.4218548357285386,0.00045911947884288843,0.0012189150455563266,0.026540224350268933
296,0.14386583609601208,0.8380005439510309,0.004196815771679479,0.0026954596037343007,0.011241344577543513
297,0.07493267782933583,0.9144254897975845,0.003893575701284598,0.0018952773969781727,0.004852979274817044
298,0.00857806004652253,0.9828222673391139,0.006652516020398862,0.0004980337827716039,0.0014491228111931723
299,0.006091790742508696,0.9840416651402771,0.008360068207047894,0.0005655961620610663,0.0009408797481053341
300,0.16653307564084877,0.786974193211301,0.004270028461069724,0.002031962774032721,0.04019073991274782
301,0.0674160234104517,0.9263267103705856,0.0025308731382777303,0.0007985150170794492,0.0029278780636055463
302,0.007497618129385177,0.985713986984937,0.005355760162940729,0.00016813031508137536,0.0012645044076556975
303,0.006176263483054501,0.9854729169491664,0.007268939935897066,0.00012857616077613024,0.0009533034711059544
304,0.04402573387561984,0.9472039871172381,0.004275827172768747,0.0011410261753347856,0.003353425659038702
305,0.006112503477423861,0.9790043514054853,0.013103041426612188,0.00018774184646129846,0.001592361844017563
306,0.01464856890504154,0.9735467787861125,0.009885373497265556,0.00046628596932604417,0.001452992842254271
307,0.002444664641899118,0.9946337575223629,0.002292280336548933,0.0001970350502909731,0.00043226244889788207
308,0.0027582706828028895,0.8017794939953516,0.19379830350933921,0.00034417409427454,0.0013197577182317228
309,0.003888346217843017,0.6878947197600276,0.304815212074879,0.0013378933744777831,0.0020638285727724954
310,0.004407799502311717,0.9396042413643281,0.05318971378633574,0.0009921867051392234,0.0018060586418852558
311,0.005102373596204925,0.8435366976902412,0.14902275587181868,0.0007623406118907527,0.0015758322298445263
312,0.001208666268887147,0.7933292492253851,0.20392225329998773,0.00028349494190034013,0.0012563362638395408
313,0.0008637169888325824,0.4548291486948233,0.5430839746350801,0.00023618403981309226,0.0009869756414509377
314,0.001992679554844374,0.31685743889224977,0.6771518589670728,0.0012000335967154812,0.0027979889891175964
315,0.023952013830762363,0.586013873064819,0.3715486631033494,0.0025163537216405392,0.01596909627942871
316,0.021476680007488837,0.9150617507163026,0.05721384893294316,0.002144948269807252,0.004102772073458071
317,0.015009863708279607,0.8557059424021036,0.12376175851269768,0.0012374946606303404,0.004284940716288764
318,0.0026827598637586855,0.9902098228830356,0.005769111476719099,0.0003304597674356412,0.001007846009051039
319,0.02718190373405186,0.853387400966861,0.04265567729386963,0.0018785147699766432,0.07489650323524076
320,0.1355341245998179,0.8405832446628567,0.009151523687154573,0.004913900062807099,0.009817206987363577
321,0.00472210975141236,0.9886105414305869,0.00447702781287672,0.0003650289228535383,0.001825292082270466
322,0.015357053527960216,0.9056182954804333,0.06457049699937219,0.001248386793366179,0.013205767198868174
323,0.009749318313491524,0.9852191888823892,0.0021918728389996762,0.0012310633509589259,0.001608556614160404
324,0.1253854750607972,0.1801406946355321,0.001520558507326508,0.0038134079145922327,0.689139863881752
325,0.7157189725948276,0.17824668200740337,0.0002960160103543174,0.015122793500956279,0.09061553588645839
326,0.14552609088577295,0.8371980022070488,0.00034409479165805647,0.0033904015818035146,0.01354141053371676
327,0.19724637215485027,0.7925049756775958,0.001010519463769352,0.004520350362922557,0.004717782340861999
328,0.05944313644063486,0.9156394186977383,0.00022861170808355916,0.017716267525415483,0.006972565628127575
329,0.25832009072692746,0.5468667213285037,0.0019440855003829485,0.03813413121908998,0.15473497122509605
330,0.11691489057801915,0.8542802982938025,0.0008632950772774168,0.024088166788812763,0.0038533492620883426
331,0.14593141725224631,0.8094179914063966,0.0010184975456040569,0.034571801828347674,0.009060291967405282
332,0.37700003497905427,0.5495416038780133,0.0004880383824050587,0.03563558909128868,0.03733473366923871
333,0.1568006317429895,0.7898724061146682,0.0002205607461642253,0.04844454655277491,0.004661854843403031
334,0.29137887079234426,0.6706244995872392,0.00014934947930478709,0.020700603297919232,0.01714667684319252
335,0.040073469120438396,0.9471019503253071,0.004837696939860046,0.0043706502644001435,0.003616233349994247
336,0.15955654710643175,0.7771373971655979,0.0007346450494510003,0.05655242409054395,0.006018986587975409
337,0.1080952331243529,0.8470547169824323,0.0016869257089894723,0.036110937281785646,0.0070521869024396675
338,0.14949947982403317,0.7572156763101288,0.0003344138912590425,0.08537521497039621,0.007575215004182833
339,0.04781223137213355,0.9302704611759608,0.00034740358563361293,0.018905940034963542,0.002663963831308281
340,0.07507532810152333,0.8626615075498381,0.0006757781760714978,0.05785863134075714,0.003728754831809939
341,0.20771656815676287,0.7439459013927145,0.0006020118495882311,0.03222619548638956,0.015509323114544827
342,0.09063754972621008,0.8822958774537034,0.0004297101020016025,0.02100518098659255,0.005631681731492296
343,0.008195143047704821,0.982941526209042,0.0003425539185609817,0.007375920366541696,0.001144856458150623
344,0.4923720811674744,0.24821236526593618,0.00027747504366295884,0.07562674374230294,0.1835113347806235
345,0.5712277598292635,0.35873000780826336,0.0003670237485012377,0.044654415385547826,0.025020793228423942
346,0.10966415287820871,0.8815725212381482,0.00022092885990154999,0.0057622945295494835,0.002780102494191904
347,0.07653546930777108,0.9142264345620055,0.00032499386274085785,0.003437844441353642,0.0054752578261290236
348,0.01394847120451078,0.9795187199098583,0.0036372873073658024,0.0014350070159723151,0.0014605145622927035
349,0.09947129542793041,0.882270620333041,0.00021829649592116786,0.013632181608469227,0.004407606134638222
350,0.0034652705768935866,0.9925092266722275,0.0024134335240651823,0.0006646203997744756,0.0009474488270390527
351,0.11515379246104017,0.8693747045344945,0.0008133667741226545,0.011084355911982166,0.0035737803183604594
352,0.01573563077666277,0.9764670621983198,0.004408622492596743,0.0014472537381373125,0.0019414307942832736
353,0.002412902254244304,0.9947476758466569,0.00017828058608256394,0.0017420805215961877,0.0009190607914201334
354,0.01405300503974694,0.9789001824526049,0.001722672332754778,0.002721345917339093,0.0026027942575543666
355,0.007278247809698476,0.9767341069223378,0.003932133336890997,0.0008800113554153114,0.011175500575657306
356,0.18984238005453782,0.7803651791173394,0.0006883315575373973,0.014165959599005368,0.014938149671579989
357,0.0028749512792636445,0.9919726441305701,0.0008569401981301296,0.0028053168150756636,0.0014901475769602845
358,0.06532724033579233,0.9016817146437991,0.0008330065535084676,0.01930418380337615,0.01285385466352389
359,0.03878691487287211,0.9241191472254532,0.002261086592933941,0.011443491904566158,0.023389359404174522
360,0.6334719188915209,0.1682148140710494,0.00010865723012256627,0.09801238831800728,0.10019222148930003
361,0.610828425416892,0.32874638360281117,0.00011884271525088284,0.01580016264982427,0.04450618561522171
362,0.1340378506749617,0.8554941361187871,0.0007972321513719554,0.0032528621876179655,0.006417918867261031
363,0.04936041247252627,0.9442045452895571,0.00248525302437834,0.0015266680501317082,0.0024231211634065607
364,0.0499927917649238,0.9442053059216233,8.94468811940661e-05,0.0017585529658847097,0.003953902466373977
365,0.03677978097183286,0.9572715272070886,0.0003832009868056942,0.004166536281710532,0.0013989545525621436
366,0.005069222182562265,0.9928148478157813,0.0010078807194002593,0.0003164017030551947,0.000791647579201074
367,0.028108355538093776,0.9689216705542246,0.00036265180205091605,0.0006178436190084522,0.001989478486622212
368,0.003984640480080997,0.9756054110253733,0.01926575540801611,0.00022299880283756183,0.0009211942836920698
369,0.13272066546125535,0.8556178525038122,0.0001682180807203968,0.002043105736197597,0.009450158218014516
370,0.00247656769575047,0.9900238471001128,0.006735412043879842,0.00013255244372954383,0.0006316207165271383
371,0.0010684022754137185,0.9813976084076058,0.016332293311212644,0.00029839200667076846,0.0009033039990971276
372,0.01659833383142635,0.9758812922019103,0.000412394028131886,0.0020731139074558276,0.005034866031075496
373,0.11366752830301476,0.8393167471734838,0.002224518832726753,0.01728722382908115,0.0275039818616935
