epoch,N1,N2,N3,R,W
0,0.0023045898650608447,0.00015594030482570548,1.164761527020383e-06,4.3536379236689325e-05,0.9974947686893497
1,0.0013271589805519267,8.58523906248248e-05,2.7697056667432317e-10,3.498872969702517e-05,0.9985519996221557
2,0.0074990336844984375,0.00017448818429298245,1.5169981040706167e-06,9.146697290872987e-05,0.9922334941601959
3,0.01435497685030794,0.00013590212626401435,4.212304795781796e-06,0.00014860473597249287,0.9853563039826597
4,0.014814541748256225,0.00020428770969856886,7.739938624553734e-06,0.0002788422896293427,0.9846945883137913
5,0.009129456449395515,0.0004046488073421516,1.065759710849618e-05,0.0011356876627899514,0.9893195494833639
6,0.1371223033056237,0.0014922977574565405,1.5850545771619236e-05,0.00718511450563643,0.8541844338855118
7,0.10340780888408649,0.0015355046757213235,6.530896604270287e-06,0.0049316928115531,0.8901184627320348
8,0.2673584259781611,0.006347681868409681,1.3727433156473984e-05,0.01889568712062648,0.7073844775996462
9,0.17141087842679897,0.010276933146483052,3.713253768249123e-05,0.02210237766134241,0.7961726782276932
10,0.06940972973817865,0.020953086804668276,3.6367453037516856e-05,0.017342107906076418,0.8922587080980391
11,0.02585379946350169,0.052669319122324115,0.00018610360244425804,0.007705361088325836,0.913585416723404
12,0.01766611700237874,0.09852870607164856,0.0015587468621021676,0.0025810117936898103,0.8796654182701806
13,0.00952351315592014,0.00823667487434686,6.911355724097472e-05,0.005088781415774703,0.9770819169967173
14,0.02727669872707137,0.024382548636844827,0.0001261072011072441,0.002753314219132397,0.9454613312158442
15,0.02418563049048468,0.1486990522814413,0.0014183871993029141,0.001744274840365423,0.8239526551884057
16,0.06362654088074861,0.436314834026789,0.0025501504907029697,0.0029157421638796558,0.4945927324378797
17,0.09366368716809523,0.16180270133811694,0.00019216206202014004,0.015358895148132212,0.7289825542836355
18,0.07644304841784902,0.5207487152685065,0.0035714853512812273,0.006659149213511965,0.39257760174885126
19,0.04339035546554206,0.6871357083966322,0.0009149928798750899,0.005784005506260844,0.2627749377516899
20,0.08174114128942168,0.5265455255114538,0.00013745218971243233,0.010845816584563735,0.3807300644248482
21,0.05441165396069265,0.773143025260486,0.006676274505738058,0.009155593224523648,0.1566134530485597
22,0.08919682875292649,0.6294591126382045,0.00686356371943211,0.04190272745370158,0.23257776743573522
23,0.17053092074248236,0.600716146007577,0.0021050674366163923,0.05380277818642698,0.17284508762689738
24,0.025176397081736687,0.8936290841797775,0.0165320669719618,0.020910051529538187,0.043752400236985824
25,0.06447465736365557,0.319042121789045,0.00047091144297506843,0.12648793099809078,0.4895243784062336
26,0.02747268116587072,0.03369096043051338,0.00014214414947286982,0.030033957442247218,0.9086602568118958
27,0.11201649098193853,0.13192037666664774,0.0001587183688216659,0.01079832759557928,0.7451060863870128
28,0.23089917703617727,0.4998216596492247,0.00015968604858319365,0.005172096452011447,0.26394738081400326
29,0.35810981591298413,0.43663282365119455,0.0001385619632149891,0.013247597046060147,0.19187120142654626
30,0.08561715656117705,0.7687188601290439,0.0011594822569159784,0.008394249645779069,0.1361102514070839
31,0.057228190811862166,0.5414728526475618,0.0002964682958648977,0.019193543168275245,0.3818089450764359
32,0.10478004634822309,0.7421972529299662,0.00024171467288568684,0.018255336328504283,0.13452564972042083
33,0.17022585473569612,0.4266780312414469,0.00043545958966590754,0.05824554423378151,0.34441511019940974
34,0.09775732570791415,0.6670374910808957,0.00023912952883015735,0.05710713218902915,0.1778589214933308
35,0.017044977498410514,0.957186160812235,0.0018592009917526762,0.004401592041112956,0.019508068656488978
36,0.033737236854147354,0.8981176499486463,0.0005599731654835769,0.02841377704208153,0.03917136298964143
37,0.006930275193987789,0.008927434480782493,8.273786593993954e-05,0.0012387133087547015,0.9828208391505352
38,0.11466247681848482,0.04023317241854211,0.00015885306411861518,0.031311582442385515,0.8136339152564689
39,0.05494548099406487,0.0303072394486441,0.00010555261338208134,0.010341613984083075,0.9043001129598258
40,0.24312892272780248,0.021230651916819554,5.3742796430001045e-05,0.00199555360954819,0.7335911289493997
41,0.034712044184318266,0.007652102422779448,2.0708500744205953e-05,0.0028390766161299984,0.9547760682760281
42,0.0788121919611362,0.008571924873957235,2.0339853928938485e-05,0.0014739164468939594,0.9111216268640837
43,0.1517063444014703,0.008887043949463937,3.644220837505134e-05,0.002643814898755811,0.836726354541935
44,0.283424658514077,0.04289432748268935,8.180277876110905e-05,0.01517294785632093,0.6584262633681516
45,0.018714878706736122,0.016738315455994347,3.9564269632600924e-05,0.0054349290196265875,0.9590723125480104
46,0.014597864088529604,0.020489127400931263,8.04682203645351e-05,0.003919351603224517,0.9609131886869501
47,0.03358674085141879,0.015090049708376213,5.727882656641472e-05,0.004844911707734373,0.9464210189059042
48,0.06740310553310193,0.05267754540333886,4.7417999919783275e-05,0.0009926475387548824,0.8788792835248845
49,0.038099094659639975,0.8636034125232094,0.002058593513951839,0.0003647960400438697,0.0958741032631549
50,0.15924077499064973,0.4762414076243593,0.00043976144698086356,0.002137969047642939,0.361940086890367
51,0.15415217570752804,0.5718478358465559,0.0004827675959599456,0.002153859991414847,0.27136336085854135
52,0.015514973360500875,0.9530638005189718,0.005044992857080238,0.0016635867617588063,0.024712646501688224
53,0.04289992303962497,0.9365259536911744,0.0006186247573591223,0.0022074444586646703,0.017748054053177045
54,0.025698757866110217,0.9511069973129926,0.002642632544099992,0.00077667311544117,0.01977493916135578
55,0.033143148830082604,0.9336015415217459,0.01010150820236896,0.0018251151798976718,0.02132868626590463
56,0.03266264796882105,0.9306293205915525,0.01148779300966175,0.0010504192190485548,0.024169819210916127
57,0.005741570028923317,0.9209951174956407,0.06530646473322843,0.00025482377020128594,0.007702023972006273
58,0.004198548324112972,0.8721450543095147,0.11322590752992763,0.0002455537460928122,0.010184936090352049
59,0.007156449552096177,0.9566892563552082,0.023496781538771314,0.0006053480466282616,0.012052164507296004
60,0.007953304417359485,0.8961648929236192,0.08236677373307294,0.00041214406424216625,0.013102884861706165
61,0.01089327676849949,0.7241902065907361,0.24927326167887867,0.00038786639000777857,0.015255388571878005
62,0.013054596667965823,0.75282638646359,0.21735243945993768,0.00043868376658311165,0.016327893641923566
63,0.011417130769785004,0.4672709672718053,0.4981115342485267,0.0005042048448879917,0.022696162864995022
64,0.017154616940168916,0.4370455537247674,0.5184358200555531,0.000558809780499906,0.026805199499010682
65,0.012196803124456947,0.6688364005258318,0.3042528631518655,0.0003987311601422434,0.014315202037703452
66,0.014219261482882538,0.5285800831149137,0.44265113954067753,0.0006593360349545894,0.013890179826571548
67,0.008338810130120262,0.5148751812376021,0.4673289282483066,0.0006397976973169862,0.008817282686654026
68,0.007320076228181814,0.4593675928069735,0.5222441048720238,0.00038944075164575536,0.010678785341175093
69,0.01025662084963918,0.5264865283026777,0.4519890266367903,0.0005953510531422164,0.010672473157750516
70,0.0020065915237246993,0.2529406338402142,0.7396689333856783,0.00019231224843591755,0.005191529001946762
71,0.006180973245875573,0.3483484951639822,0.6361008144266647,0.0004749486871157374,0.00889476847636194
72,0.023117818404234783,0.4836777030178626,0.4462460079393185,0.0009875252870658185,0.04597094535151837
73,0.016363922051955047,0.48829289364321554,0.47563273644063414,0.0005412190340858808,0.019169228830109332
74,0.004624013702075789,0.4331923983418889,0.5558707174351236,0.0002711413315272756,0.006041729189384411
75,0.009779557465280976,0.722302446577712,0.25790181066998114,0.0004954708104874125,0.009520714476538412
76,0.010434740596939752,0.4280120497628141,0.5528351643156308,0.0008542567590348422,0.0078637885655804
77,0.007550971633647843,0.5749647815607741,0.4100341081947273,0.000438798333267282,0.00701134027758334
78,0.00997875604313442,0.39005813405353396,0.59315209828881,0.0006646228783813492,0.00614638873614033
79,0.0030501643398534225,0.262882633654247,0.7301211519345685,0.0002360391982024267,0.003710010873128562
80,0.004150134525164228,0.14370575487275922,0.8422360102904577,0.00022158466172750394,0.009686515649891286
81,0.010793833738480868,0.4308300901827086,0.5465394618601038,0.0005203630672674541,0.011316251151439334
82,0.01299757859600957,0.5349825866058772,0.4414677819848506,0.00036805949643404075,0.010183993316828649
83,0.002376239605109909,0.22390388792923333,0.7700669065826262,0.00011048711330063876,0.0035424787697299993
84,0.015081574482159674,0.44202711747035467,0.5361213027306291,0.0004919206307983816,0.006278084686058078
85,0.0023059408168081864,0.18630672945372656,0.8042798644889194,0.0002426708079360633,0.006864794432609835
86,0.0040909716704071696,0.3550768161301457,0.6325092737287005,0.00025877779565433286,0.008064160675092365
87,0.003067301585010882,0.42437966574639063,0.565893187987604,0.0003433494457579999,0.006316495235236444
88,0.005422914913047845,0.47453451206788594,0.5096089319421522,0.000313528959332558,0.010120112117581534
89,0.002176685463157806,0.28956622833828705,0.7028728223794046,0.00020626603588479078,0.005177997783265769
90,0.004168955955601687,0.5289297985206669,0.4599604389201003,0.00023590561201988094,0.0067049009916113214
91,0.0009287311355743365,0.16053451431033988,0.8314377847445178,0.00012141540474997834,0.0069775544048181395
92,0.0022514617605744356,0.13471662387451286,0.857915339852514,0.00013810319491666879,0.00497847131748212
93,0.005265311539444812,0.22685600631549424,0.7584165920826621,0.00017157823842575682,0.009290511823973007
94,0.007016583505242175,0.30097469879895095,0.6872118111994548,0.0001896763741753975,0.004607230122176703
95,0.0007602760593704974,0.09966512585886197,0.8969471367565026,9.85890595971595e-05,0.0025288722656677054
96,0.002347684589951754,0.16995152697870874,0.8228837724771643,0.00010784150030420491,0.004709174453871158
97,0.0021028965814851378,0.5327327852975187,0.4609425460431608,0.00024771466816509254,0.003974057409670338
98,0.0034490289527144887,0.4175228649383042,0.5722493479803061,0.00035785509894023954,0.006420903029734821
99,0.002121250856039129,0.2939273740895329,0.7010634534976239,0.00026421733145992203,0.002623704225344147
100,0.004112268981618738,0.4080979901442532,0.5829410556437011,0.00038980123470384274,0.004458883995723267
101,0.003430702149585352,0.30874604837760267,0.6821189135268735,0.0004533898386725629,0.005250946107265977
102,0.00355585715937762,0.43750641142593,0.555580558195448,0.000347386818730184,0.0030097864005141856
103,0.00727359679579919,0.6349952700833992,0.3513937994181638,0.0006333204808456252,0.005704013221792181
104,0.011787708258845267,0.4134673640299488,0.5611255138838143,0.0007491402849977635,0.012870273542393796
105,0.00654509778856726,0.4158865234226331,0.5723393684050059,0.0003845826913098031,0.004844427692484157
106,0.054963056786118465,0.4686780112790581,0.4359317420814775,0.0014080983965585555,0.03901909145678728
107,0.0036103753153371564,0.46706342361633485,0.5257794770175791,0.00028788936477827155,0.0032588346859706956
108,0.0047767702568493825,0.3617386978462239,0.6265241227876691,0.0007509473209445313,0.006209461788313105
109,0.0018325491606296187,0.27673083146134014,0.7171568316310726,0.0002836035808486507,0.003996184166109005
110,0.0020381381967643905,0.27283242867482027,0.7217435028000637,0.0002570762628048967,0.0031288540655465967
111,0.009129475152540131,0.5088953611437372,0.47637523193072645,0.0007535546356936092,0.004846377137302704
112,0.003282316665024206,0.13629679905644962,0.8547426953825104,0.00031991209199796344,0.005358276804017923
113,0.004230597052977038,0.3817288356437433,0.6054109107593877,0.0006900591730485262,0.007939597370843392
114,0.005541906486074794,0.5326003353976165,0.4508927487406971,0.0010452780248691631,0.009919731350742384
115,0.03514075564122219,0.6161742886201672,0.2881347444459146,0.003896102673807834,0.05665410861888814
116,0.07149340947104367,0.6055688523037213,0.09048389809143746,0.003583418423525178,0.22887042171027253
117,0.14039518850641336,0.05730474200235817,0.0007100680276000002,0.0036318135293799195,0.7979581879342484
118,0.2620686135476164,0.37571438224553333,0.0047425142385402455,0.006371140416464417,0.3511033495518457
119,0.25876392174358465,0.4521686886039894,0.007558504919858362,0.0028939964724938533,0.27861488826007375
120,0.22330050003826732,0.7049553763730728,0.013218984600055366,0.0018537114670981003,0.05667142752150642
121,0.0644442507086366,0.8509232888857606,0.05288623365688348,0.0023272916892664716,0.029418935059452648
122,0.12455109338339757,0.7990777369682953,0.007913585164609868,0.020033241454656785,0.04842434302904045
123,0.03178432134553088,0.946266889061462,0.009348729198742934,0.0031848192888843546,0.00941524110537995
124,0.08593187214477696,0.8426177507752808,0.03401577902922073,0.018979624728309955,0.01845497332241151
125,0.005788628262579642,0.9809055547206149,0.007771675872559401,0.0007197576618422127,0.004814383482403986
126,0.008197288906770057,0.9758740151433886,0.010097371417515552,0.0010716123308100465,0.004759712201515663
127,0.0385159653486993,0.9147939815555047,0.029698692312932047,0.0052461806443352245,0.011745180138528693
128,0.010578257514289587,0.9760059070393332,0.007425604263909459,0.0010399505867674454,0.004950280595700368
129,0.007495334138997963,0.900704310017388,0.08504329017501155,0.0004939382992822053,0.006263127369320325
130,0.011953545933657996,0.7857850547335243,0.1894505528225962,0.00044607998832898473,0.012364766521892584
131,0.009059246028972236,0.8078341316573955,0.17389896351472928,0.00048388227791113306,0.008723776520992139
132,0.018042235815898807,0.7431191081019092,0.22717708593082078,0.0007873560893831687,0.010874214061988042
133,0.009645836216755925,0.9405954709919762,0.042918341776804536,0.0003796682282227691,0.00646068278624081
134,0.0136313892837207,0.9242337591370409,0.05330331847866592,0.0005231519701405556,0.008308381130432002
135,0.007013864129566761,0.8078738303611168,0.177293532869657,0.0005290503205762442,0.007289722319083271
136,0.004335920659045566,0.6338196261305616,0.3561850185562047,0.00043063599386917035,0.005228798660318938
137,0.0049164306992323355,0.8597123609717903,0.13016433567427593,0.0005101650667407083,0.004696707587960951
138,0.01089178382561808,0.7139979432709976,0.2639477202210897,0.0014657819904738386,0.009696770691820749
139,0.008310196605564297,0.7472032369458993,0.236966530319486,0.0007087095569435388,0.006811326572106772
140,0.003948944705581684,0.641446394514965,0.3482476038001479,0.0004640470059120204,0.005893009973393369
141,0.007797212224307543,0.6368379729094632,0.34958980601632056,0.000699954489560381,0.005075054360348321
142,0.004610537374843145,0.5073280937507586,0.48049409831921264,0.0007741790529976568,0.006793091502188033
143,0.002112106874821121,0.4993448471452358,0.49366451688404756,0.0005076398436500312,0.004370889252245452
144,0.0037158707374404707,0.2324045512662315,0.757748268813344,0.000781537872802337,0.005349771310181819
145,0.002159424872570885,0.3349847832543716,0.659766962347304,0.0004164250920650059,0.002672404433688451
146,0.0036551375439663027,0.3360701707296222,0.6574658574801874,0.0004420870061016556,0.00236674724012258
147,0.005523327894201541,0.3002401173599432,0.6864664341439344,0.0005605844206555963,0.007209536181265182
148,0.043119092236738786,0.42489610048850446,0.3917426795647401,0.003910643614672773,0.1363314840953439
149,0.0036099439440528407,0.4482825735913374,0.5429215421947592,0.0004916093639165966,0.004694330905933936
150,0.009849786213281387,0.6289000187033084,0.35377323243121456,0.0010677269724562995,0.0064092356797395035
151,0.013848986276856205,0.39283238849867136,0.5689756140727877,0.0009579697372549874,0.023385041414429812
152,0.012365540415909064,0.952112139401733,0.024316960318800405,0.002057851308820403,0.009147508554737145
153,0.006408223117450736,0.9358627309351305,0.0426930311729241,0.0011264082813836303,0.013909606493111152
154,0.016045854704329027,0.11232154590858906,0.017534901899500507,0.000766227197434889,0.8533314702901467
155,0.05050369938472172,0.9121441167676883,0.005618515710103667,0.001438982272510883,0.03029468586497532
156,0.01918368939805463,0.9655518188480339,0.0063686156704818924,0.0004852152681904017,0.008410660815239366
157,0.05012959848530528,0.9122310128371678,0.022361811364008756,0.0011058230901626492,0.014171754223355303
158,0.006276669379078519,0.9710995554482172,0.01805005309468987,0.0005849208615664865,0.003988801216447906
159,0.009136871340576952,0.9373611423665046,0.04043488895808368,0.0011546725255416645,0.011912424809293469
160,0.012053191980151208,0.9292861261431774,0.054621039295663164,0.0007199261635655837,0.0033197164174426346
161,0.005462090182283459,0.5468206062284747,0.4354903475382249,0.0006622548534227396,0.011564701197594033
162,0.004792943764651879,0.7691707090002923,0.21935845303811508,0.00047857815361295966,0.006199316043327856
163,0.006275426621487296,0.5143982993199754,0.4736173307125978,0.0007934312418201715,0.004915512104119294
164,0.007932045034989444,0.7042754309322633,0.2815811881560361,0.0008036741058778007,0.005407661770833394
165,0.0011904255579278605,0.37518708426803116,0.6211559676256814,0.00031240764356136593,0.0021541149047983096
166,0.0030189092888012236,0.4557724923453206,0.5355294385028494,0.0007544341305213343,0.004924725732507336
167,0.0071236086818016655,0.6664278875232943,0.3160818164821769,0.0008735028864648324,0.009493184426262437
168,0.008227310235545949,0.6548125812277946,0.3297521721807245,0.0007597578284416674,0.006448178527493065
169,0.0023479970135073694,0.45946248972788495,0.5349924153043898,0.00035910621554390216,0.0028379917386738836
170,0.011581383846499017,0.5445597609991051,0.4327100263568764,0.001196089331517014,0.00995273946600261
171,0.008053123263335486,0.5316726847963781,0.4534354616865201,0.0006277209823330453,0.006211009271433222
172,0.007839786792832953,0.4719406045131844,0.5139592899861682,0.0012418043815918174,0.005018514326222472
173,0.0016790308609873213,0.1258574467348343,0.8691076945604684,0.00046875153650966346,0.0028870763072004527
174,0.009457163639011267,0.5871774596924575,0.3859918982922213,0.002231283862890969,0.015142194513419025
175,0.002244141090996055,0.19765784088851623,0.793812564346618,0.0008398857571717303,0.005445567916697903
176,0.004755389864283912,0.5368329190498619,0.44994690843923985,0.0020234778908247556,0.006441304755789598
177,0.010307404387532094,0.450358568517462,0.5273414137932458,0.00267057721876844,0.00932203608299161
178,0.00343714730696871,0.47213011988127623,0.5185598646450149,0.001381407210831657,0.004491460955908584
179,0.01286982268195347,0.06142206696925175,0.030667571801421878,0.0012128951198450784,0.8938276434275279
180,0.0738756990128876,0.8027129678059948,0.04676499066639732,0.0051337743383224246,0.07151256817639783
181,0.026411614854073846,0.9284969036817973,0.02851164171867264,0.0012754125086521036,0.0153044272368041
182,0.013456278207942124,0.7633725145973976,0.20919860550637798,0.0008124111741488543,0.013160190514133373
183,0.018817851609868704,0.8820055456248793,0.07130651938405677,0.003673288231993775,0.024196795149201467
184,0.017280724442654806,0.889536938355694,0.07400053192682708,0.004459616953107712,0.014722188321716134
185,0.04687567998606071,0.8566909594799965,0.056537300269062514,0.009519427400522706,0.03037663286435763
186,0.015997191107299916,0.6942607536895689,0.27581022109416564,0.0015097906350336223,0.012422043473931983
187,0.017290991948387367,0.9139375267245113,0.0568415614023246,0.0017833727476518988,0.010146547177124866
188,0.018061905942191522,0.684223176413066,0.28271451669095,0.0023844137188627724,0.012615987234929665
189,0.015826487810103235,0.5649216572215052,0.40601865741842796,0.0027462773881744653,0.010486920161789174
190,0.05252211232769898,0.5055078022860765,0.4171129987637563,0.008890559188870748,0.015966527433597482
191,0.017344925339570952,0.42113657764145424,0.5474933380336949,0.0034872411423319933,0.010537917842947758
192,0.00614469125928448,0.5024788629987522,0.48154849038099,0.0010945551378061496,0.00873340022316711
193,0.007231527645597241,0.3839502426977311,0.5980423164249918,0.001957880753639092,0.008818032478040822
194,0.009853373745814962,0.7285426526137376,0.25312061121890506,0.0033918284701013636,0.005091533951441136
195,0.004419257307951038,0.5336085941425894,0.4504435711096809,0.0038816334651223445,0.007646943974656283
196,0.018561449153539807,0.6130958347277975,0.33939586579772957,0.006811244807180353,0.02213560551375272
197,0.006637079422434962,0.6013519219923048,0.38528937762374194,0.0012258685133938773,0.005495752448124439
198,0.004462284437538571,0.5229135490444097,0.46622524624254297,0.0015773995086291789,0.004821520766879523
199,0.011568980217502875,0.45180868845391575,0.5247675509605201,0.003122282009696976,0.008732498358364371
200,0.05422712531528579,0.5286120383534607,0.10456670721385124,0.0038340341646315975,0.3087600949527706
201,0.2548729272220251,0.33955178654912227,0.01245019058617453,0.00930011867523288,0.3838249769674453
202,0.16805475462624606,0.6485724226586487,0.03968482167399944,0.002815321882832278,0.14087267915827342
203,0.1808943968675607,0.7526074107940592,0.024463233799970605,0.007805106863560476,0.03422985167484887
204,0.053159061586705164,0.7746188050660764,0.12188641638644876,0.00241034232885239,0.04792537463191714
205,0.03843891350227712,0.9037153206803573,0.031212580747198446,0.006252646437917536,0.020380538632249326
206,0.029581252707612894,0.9170122882453243,0.03063826446759,0.0038843306516484965,0.01888386392782427
207,0.01412162216124301,0.9532866083440655,0.020953017158521815,0.0012125558057876355,0.01042619653038199
208,0.01498320943689774,0.9028511040577927,0.06778319609245846,0.0024150327496681137,0.011967457663183183
209,0.0213167234079051,0.8880615197341241,0.0743132426813818,0.0033516819661933784,0.012956832210395572
210,0.011924488939463618,0.8092208378629645,0.16249096481618022,0.002316865290096441,0.014046843091295325
211,0.01280589832986516,0.8266731234641379,0.14107795196488931,0.0024328721463192523,0.017010154094788486
212,0.025195430041960426,0.8889022856552187,0.07015217404430546,0.003994781808486063,0.011755328450029507
213,0.02252462793018503,0.8324120767062246,0.1294755227400516,0.0018636686877332943,0.013724103935805313
214,0.0207924718880983,0.7337801147448855,0.21320319145515268,0.002970807052866364,0.02925341485899719
215,0.023104139111714005,0.6668028688774411,0.3007591200854882,0.0016646721092500032,0.007669199816106949
216,0.008647367320649338,0.4924208961797356,0.49222534479216,0.0011407062975248333,0.0055656854099302286
217,0.04928023227365109,0.7159958372440698,0.18655644131751248,0.004857603107793476,0.04330988605697316
218,0.012519001310870465,0.5587228984937929,0.4184138116723345,0.0015615636675048348,0.008782724855497328
219,0.016137300302649083,0.6803110623093015,0.28521348915726336,0.0032339277540770844,0.015104220476709064
220,0.006592875089644079,0.6475945716933675,0.3373150793360408,0.0012540853612493536,0.007243388519698291
221,0.010446635318522265,0.6233231605363875,0.35778150272579334,0.002158586253769826,0.006290115165527024
222,0.017846431145791843,0.7042676298699837,0.2544532398519567,0.003407055058822756,0.02002564407344485
223,0.020301782612785983,0.1600504797399688,0.09365847065770017,0.0038941911485866716,0.7220950758409583
224,0.12217782735938268,0.812914721611974,0.030190408254729913,0.00635570983847824,0.028361332935435267
225,0.035115958480352295,0.908602558365184,0.04339072748549289,0.0012734285678810667,0.011617327101090013
226,0.031245468782266587,0.9174176984515447,0.039840509394798475,0.0015600475386748675,0.009936275832715407
227,0.03145171630273734,0.8076329250642565,0.10482485899701975,0.004927139394116042,0.05116336024187042
228,0.023909454991621497,0.9236787119415882,0.03666522373599034,0.004335663294180273,0.011410946036619605
229,0.027335466116507855,0.9109249405136285,0.034902197105510804,0.004147516471586115,0.022689879792766623
230,0.05182720750060576,0.875830116606671,0.041746448104482727,0.0022415811849722253,0.02835464660326836
231,0.013574546654410744,0.8793537906025702,0.09523120093296526,0.0021465615785956262,0.009693900231458273
232,0.02261927648291903,0.8800525762598953,0.08066606844789617,0.0027204723056322294,0.013941606503657321
233,0.04507404572028551,0.8617359037246674,0.04450607611087766,0.020575428695720297,0.028108545748449267
234,0.042737554680127667,0.7957220721359803,0.014568761104240414,0.12704597271284096,0.019925639366810775
235,0.020948072553037888,0.8493345830952311,0.008435958588687143,0.11158895473453635,0.009692431028507439
236,0.03346465662212201,0.8150592161901915,0.00908036341507621,0.08231547509930563,0.060080288673304484
237,0.12114648802867675,0.27828612182234497,0.0021309060914418065,0.47385898990118014,0.12457749415635627
238,0.14832082057919396,0.2550486191080444,0.0009853686131680501,0.5406725400538067,0.054972651645786866
239,0.070877375728619,0.21854590503683866,0.00045571073293645785,0.6712298558198008,0.03889115268180508
240,0.050750849413718095,0.044838732485103915,0.00016255217142476707,0.8517871701027634,0.05246069582698966
241,0.07954739300016397,0.07234502013146711,0.00011477336623067555,0.7990008745306925,0.04899193897144592
242,0.0663843399509521,0.07813684278621379,0.00012157393676997393,0.8337345936998639,0.021622649626200002
243,0.05591280174584266,0.05845967178461256,0.00013684234373521968,0.8363755850999174,0.04911509902589214
244,0.06327841941573724,0.22565947633770603,0.00029309319378874283,0.5986477176793966,0.11212129337337139
245,0.05717583149289793,0.12773791003897264,0.0004405437161717436,0.754843850940275,0.05980186381168273
246,0.04852620361742835,0.06476022581368332,0.00015337935807384386,0.8487529124099922,0.03780727880082241
247,0.04899752272103905,0.046937686318537584,0.00013355257253683033,0.8799241533255842,0.024007085062302393
248,0.05527259200429992,0.3160209304627892,0.0009249772550156366,0.42916664553820677,0.1986148547396885
249,0.06216460931797898,0.22147933043537857,0.0006264413470411546,0.5729958664419202,0.14273375245768113
250,0.059796745118920025,0.28698232120831596,0.000676991911564827,0.45157346263601333,0.20097047912518573
251,0.043955388932871306,0.23736437483262246,0.0004317023066189079,0.6170945792122738,0.10115395471561342
252,0.022996054798766707,0.05014792762202715,0.00019241866883185562,0.8769798093511125,0.04968378955926176
253,0.018299235178782926,0.018983839021633565,7.04853248567375e-05,0.9446635928841115,0.017982847590615192
254,0.020379336192646154,0.09255547351499711,7.387209661672661e-05,0.8671626157674722,0.019828702428267918
255,0.03511805544662788,0.023684654186944223,5.169000825646622e-05,0.9197508747259284,0.02139472563224311
256,0.027026335037273606,0.09449887027366617,0.0001062116775730032,0.8571940814464523,0.021174501565035017
257,0.01321163890643724,0.02470893221943108,5.348505211386506e-05,0.9538963113171888,0.008129632504829109
258,0.010491585557311589,0.009858545844951378,3.68512791798649e-05,0.9672378672819353,0.012375150036621856
259,0.016433973619375226,0.06228379213057239,6.728037466835405e-05,0.8868421058045788,0.03437284807080541
260,0.022771244467672497,0.07433465503132641,8.289267751302652e-05,0.8038037645422027,0.09900744328128537
261,0.08055571072246984,0.04925502166606138,0.000150676838139001,0.8399500986454729,0.030088492127856845
262,0.07891563416962634,0.06759757726455483,0.00012802567998853348,0.78867244607067,0.0646863168151603
263,0.08536882556506697,0.15791186606053204,0.00012523500364098643,0.7352179031770804,0.02137617019367968
264,0.0495498584759121,0.2351694051692739,0.0032650367521257213,0.03521643986850823,0.6767992597341801
265,0.2586616519812987,0.4368731041059718,0.0006467365072740047,0.042135495348409685,0.26168301205704564
266,0.4081812827024503,0.24943675544220065,0.0007237925668462825,0.04066372810429063,0.3009944411842121
267,0.5346006972892919,0.23597382356504115,0.000849892138862492,0.02441902805373085,0.2041565589530735
268,0.12423555162746526,0.7557282789631812,0.00016330031924377252,0.044630375447510945,0.07524249364259879
269,0.13528442817221958,0.6600609986564637,0.00030227612071124957,0.07921432746868569,0.12513796958191994
270,0.04145662273815644,0.8986554992998325,0.00031559913932785233,0.03120670076154013,0.02836557806114293
271,0.034920103961857865,0.8603586623691807,0.0008279520228644435,0.03933480860225488,0.0645584730438421
272,0.07542298706424028,0.7880478499035781,0.0007095136715756288,0.09458430275230091,0.041235346608305
273,0.06254548793061132,0.8168402332760377,0.0006907116428125401,0.07215208319011687,0.04777148396042159
274,0.13751811837192304,0.7042496862736627,0.0012133788206873807,0.07804613025909532,0.07897268627463136
275,0.04633649625354178,0.8901733944206667,0.0005672455297966591,0.03512798892156919,0.02779487487442559
276,0.08968302015010898,0.31692556939320315,0.001594840554166713,0.021922911809094593,0.5698736580934266
277,0.04672849989164645,0.13061368776147717,0.001293426212146158,0.0019767322834541258,0.8193876538512762
278,0.31958893657511306,0.4967385535819695,0.0006742747535483869,0.008814754775581581,0.17418348031378758
279,0.405738991449206,0.45120092414367746,0.0004913554575782769,0.006715603390412276,0.13585312555912596
280,0.040041777340542976,0.9286589616513927,0.00023671843216342388,0.0028876122430994407,0.028174930332801454
281,0.01127553487876638,0.9650707836805325,0.000687537486361555,0.007368900276378833,0.015597243677960592
282,0.025700615449142553,0.9163148811722089,0.0006822524933300048,0.015530807665604511,0.04177144321971386
283,0.015868969978729195,0.9073434574402666,0.0012830030909055396,0.002355505976875318,0.07314906351322348
284,0.015136708593382427,0.09225289935128121,0.001453379769688529,0.0009833662022123621,0.8901736460834354
285,0.22495216746683053,0.37416447898093413,0.0007046544644214742,0.0029515501993057727,0.397227148888508
286,0.13210168945540873,0.8327153110721759,0.00029532645902530187,0.0016669183859581843,0.03322075462743186
287,0.0683934783472555,0.27904476837351566,0.001396191263552234,0.001755632346646282,0.6494099296690303
288,0.11479196661204148,0.7359585514637538,0.00048473192062952505,0.016458230054503392,0.13230651994907175
289,0.10518597502266737,0.7704924859711432,0.00044995576570507686,0.0194979257344456,0.10437365750603897
290,0.08687992237642876,0.8860519233598283,0.0005089581090544717,0.007165378538248688,0.019393817616439647
291,0.02824903550753483,0.9255760667402668,0.00047929425282919135,0.020014854553458947,0.025680748945910374
292,0.012573921358576526,0.969695211859698,0.0006569306669466988,0.008417054166497453,0.008656881948281249
293,0.00785571964162565,0.9735683476572449,0.0005698108679568187,0.00702609370147464,0.010980028131698027
294,0.03598849935322688,0.9295398489217115,0.0009014603453551298,0.011620681275787817,0.021949510103918553
295,0.009769470647271817,0.9783709943029848,0.0003292251565153571,0.00419762866482982,0.007332681228398158
296,0.0443310964823434,0.823143722762998,0.0011680323492224017,0.001994311933719541,0.12936283647171656
297,0.059993867631459856,0.9182140559160572,0.0004697730189467434,0.003857297689433727,0.017465005744102632
298,0.040774148178955104,0.9302124662732124,0.000726799508859839,0.005024488262124603,0.023262097776847828
299,0.04438459936168934,0.9437642651222546,0.0017011797223721156,0.0013561874905832043,0.008793768303100701
300,0.007864322243737497,0.9811881725719407,0.0020433505030217065,0.0007781360444518737,0.008126018636848217
301,0.04974398656106478,0.9138627449228011,0.004147277140580501,0.0074606494267727315,0.024785341948780914
302,0.025754178496852218,0.940374708519381,0.002193816145394674,0.006540983104078621,0.025136313734293248
303,0.06586248310557177,0.1685577192877991,0.0022279386828432373,0.004309042641512133,0.7590428162822737
304,0.052474285621381664,0.8624732377508358,0.001210925127157887,0.003913378521707578,0.07992817297891697
305,0.05415399923265953,0.8807323132638093,0.0012138399325859037,0.006053182988012809,0.057846664582932375
306,0.02825681182697809,0.10440061122494702,0.005621286054388911,0.002012757662731696,0.8597085332309542
307,0.017226888124891353,0.03854049633523145,0.00020602849732010534,0.0016756198910093082,0.9423509671515476
308,0.2013001160542392,0.3144605496232168,0.0008778932971346709,0.01523602515173119,0.4681254158736782
309,0.21069566637457293,0.5157433000576547,0.0010575526332606648,0.02728103221183968,0.24522244872267215
310,0.04257895462217511,0.1070404322328145,0.0006972753289742311,0.022516988404702846,0.8271663494113332
311,0.06786318668446001,0.049543321433050146,0.00034502415004353205,0.04306899370573269,0.8391794740267136
312,0.15192880413709764,0.09498506669395076,0.00030280227906627884,0.04081258450283287,0.7119707423870525
313,0.4875498786441524,0.07372519591218286,0.00023574022604513982,0.02405110938242889,0.41443807583519054
314,0.5430825223480102,0.1327679122774281,0.0001802879020785939,0.04989508101873194,0.2740741964537511
315,0.2684993269347384,0.20186250319379312,0.00043437281779836124,0.05339142476655933,0.4758123722871109
316,0.138665216993071,0.7866554490720744,0.00011793520208345425,0.03470049981876685,0.03986089891400418
317,0.04322059830380219,0.9116348793340008,0.0003195634735440622,0.017759106872629583,0.02706585201602327
318,0.04128035358100941,0.915976844921514,0.0003881082090040754,0.012483730443885361,0.029870962844587318
319,0.003819764833523855,0.9895824160286558,0.0002874878268186814,0.002689063272330508,0.003621268038671428
320,0.0062492678738484825,0.9833371557084183,0.0002551293122066029,0.003605335851879905,0.006553111253646919
321,0.005160311156064502,0.9843813923423873,0.00038400847512219986,0.0030862709463197716,0.006988017080106119
322,0.02088926494372857,0.9207116630053391,0.0009457548835945368,0.009628805930322388,0.0478245112370154
323,0.043605961778491215,0.9118957363533815,0.0009551692036919826,0.014252236856877971,0.02929089580755728
324,0.00725990817123007,0.9836380906428146,0.00031490088817497775,0.002467638808746399,0.006319461489034095
325,0.018863046717760557,0.9696530317864842,0.0006777683124274553,0.001340073963324662,0.009466079220003025
326,0.034735051583550745,0.9394663394123838,0.0003651655308670467,0.002219871820868164,0.023213571652330213
327,0.004547319259152133,0.9919669405487482,0.00014955152336747348,0.0006899643862167723,0.00264622428251533
328,0.013456806549150054,0.9781229722281106,0.00019872686455910343,0.0031580108158567152,0.005063483542323532
329,0.005774331084892152,0.9879131584237375,0.0002883853904791037,0.0026389756594149077,0.003385149441476567
330,0.0036432830304728536,0.9897134645073962,0.0005273524644487495,0.0026843172868096085,0.0034315827108727017
331,0.006807136186980713,0.9594023116360815,0.0034497145689274373,0.007800378481337661,0.02254045912667292
332,0.00819242934130988,0.01935591674508295,0.0006688931330727288,0.0004347362013531413,0.9713480245791813
333,0.1417283020845908,0.08972660186647438,0.0007379673729212301,0.004605611521702023,0.7632015171543115
334,0.23836662886642082,0.1099577827099298,0.00047915699443147315,0.0020623168790339695,0.649134114550184
335,0.11095834686063208,0.18899008772901488,0.0001998267013163027,0.00086353149437166,0.6989882072146651
336,0.2259064707863522,0.3831649580368291,0.0006762660937028928,0.011454189597766309,0.3787981154853495
337,0.08126433736987614,0.8054777784183202,0.0004337777873383689,0.005909265001809173,0.10691484142265616
338,0.028599103922487063,0.8175066914149511,0.0007256964645326824,0.013418610493438315,0.13974989770459087
339,0.14577455116497387,0.48834005579215395,0.0007208574472850467,0.03265172611446277,0.33251280948112455
340,0.14163511372615092,0.6246451927615075,0.0008281607955278212,0.047719839786147286,0.18517169293066638
341,0.07738696915972196,0.5729715308507485,0.0005089608719291456,0.04185501886622965,0.30727752025137084
342,0.2002278270958921,0.660075750227544,0.00043639705108961164,0.014323771295536098,0.12493625432993817
343,0.1440199910045186,0.5681416656268337,0.00039096600461170915,0.024566455771916944,0.26288092159211907
344,0.07203025875541282,0.8059976908792941,0.000618789800010381,0.026771404242663742,0.09458185632261898
345,0.039237912916738435,0.9286420709967862,0.0003273341772656588,0.010742761260691748,0.021049920648518048
346,0.032822467972945885,0.8531573898231917,0.0016632803748532494,0.03644253197425184,0.07591432985475728
347,0.08583991635935229,0.7882735399357724,0.0021723472694609165,0.013218244953848664,0.11049595148156555
348,0.00724478234324549,0.9832703238851283,0.0007750106112997522,0.0015840956959035767,0.007125787464423155
349,0.07908103621064454,0.7589358207648119,0.0020651090711297547,0.01242733408373493,0.14749069986967883
350,0.006915017588957121,0.9881193719939158,0.00043326786127731773,0.0013573627524158807,0.0031749798034338976
351,0.0064632684353817475,0.9750425358837904,0.0009652686875690585,0.005607641288321623,0.011921285704937277
352,0.0030627366426294544,0.9892935199552524,0.0007944583129157574,0.002160886607217586,0.004688398481984881
353,0.0045625489819595836,0.9880597941705141,0.0013983160613521572,0.001110161354477442,0.004869179431696325
354,0.011848519645850757,0.8619365103073005,0.007664474279825029,0.0035285944834043893,0.1150219012836193
355,0.007470351314029875,0.029932239583716935,0.0004043714868403503,0.0011997776859966336,0.9609932599294162
356,0.07315418866335602,0.26101458252278525,0.00042593339776489435,0.005706095050079902,0.659699200366014
357,0.22901361335809783,0.17759530838389076,0.0005231013142302164,0.012932204778544659,0.5799357721652364
358,0.07124297060406647,0.1475064063729655,0.00023851647176613048,0.05227401809288912,0.7287380884583127
359,0.2318465681609729,0.28759451686064263,0.00020469042761365387,0.07028020544305558,0.41007401910771535
360,0.01864897042371938,0.014699093100569235,0.00014437649048636766,0.006966834416519126,0.9595407255687058
361,0.0559072889738212,0.009303949781409604,7.149144311677886e-05,0.011510659617358273,0.9232066101842943
362,0.11467587720149383,0.008069159275331271,5.340868912774936e-05,0.0126439909680534,0.8645575638659938
363,0.21472565627308973,0.019463360586696673,0.00012947193323579277,0.037768270639013585,0.7279132405679641
364,0.170560283792883,0.24214988175169483,0.00014084058154205986,0.18059415206463827,0.4065548418092419
365,0.018675594198653354,0.0410143325515947,6.708750179691244e-05,0.08677087806769508,0.85347210768026
366,0.03399896071322108,0.01086552824482636,0.00011000406417700281,0.05719081616351818,0.8978346908142574
367,0.13826421608892694,0.023737496729142635,0.00018178504717119773,0.06224598308758252,0.7755705190471768
368,0.4632194168410827,0.04021353539013846,0.0001876920066356058,0.0428130870868379,0.4535662686753053
369,0.29538176189107335,0.04403012202719731,0.0001115453739457041,0.03155069881067911,0.6289258718971044
370,0.2659571864868323,0.08861431838351094,0.00018493667087159162,0.1302927066778318,0.5149508517809533
371,0.2379391163745978,0.09467921891804637,0.00020978881307183835,0.16002643693285667,0.5071454389614273
372,0.28577184602873473,0.08494584278788207,0.00019427598843202066,0.2416196712915256,0.38746836390342565
373,0.15003224741578508,0.44773390755224146,9.517936304624864e-05,0.3337871139581767,0.06835155171075057
374,0.0342895752450865,0.04631111953749305,8.058319619699548e-05,0.11799530005551549,0.8013234219657079
375,0.03317383636134553,0.018275741945953855,7.42350618326423e-05,0.1266189203037283,0.8218572663271397
376,0.04183070326585531,0.005736960184864013,3.0265298848378287e-05,0.059413751746989804,0.8929883195034426
