epoch,N1,N2,N3,R,W
0,0.001548088402023849,0.0017157920816085982,0.00017054558932962766,3.5367185776477456e-05,0.9965302067412614
1,7.285058488469617e-05,2.2047481487678088e-05,1.2975222249156536e-05,3.618840829747765e-06,0.9998885078705487
2,0.0005123980878562766,0.00010243345879730825,1.9299346898326943e-06,2.862466239308872e-05,0.9993546138562635
3,0.002525312712239751,0.00012127300924053161,1.3325598162736534e-06,0.0005971471412111715,0.9967549345774924
4,3.5839589979660165e-05,2.0857074968077892e-05,1.6996222010780993e-05,1.8338986454076403e-05,0.9999079681265874
5,0.00020434407718369378,4.918827106113985e-05,4.855370356180988e-05,2.08886976116742e-05,0.9996770252505816
6,0.000718018913812885,0.00041212307237543775,3.334291974089678e-05,4.87224806121418e-05,0.9987877926134587
7,0.004213986153130547,0.000491768029522977,9.773118275910133e-06,0.0008412878804631926,0.9944431848186074
8,0.003573520788179398,0.0011437591669119348,4.6971351405843404e-05,0.00015382275597808787,0.9950819259375248
9,0.023128803027827903,0.010144057344011156,2.651293377001131e-05,0.0016187745685494624,0.9650818521258414
10,0.03598152259017483,0.0239263614745597,4.674552711437987e-05,0.0021735131849961553,0.9378718572231548
11,0.21472188671884207,0.054072595130896996,2.8565798959770052e-05,0.0026478208174968163,0.7285291315338043
12,0.18151881077573714,0.041080008206230485,2.3094171345952207e-05,0.010113075507802455,0.7672650113388839
13,0.21317069940189243,0.043184009563564024,2.4036777836220697e-05,0.02435974288300123,0.7192615113737062
14,0.435893546855245,0.06603515952620159,0.0007177196139617457,0.026504992049532595,0.470848581955059
15,0.2658785823962451,0.08485272561730861,0.00023508532150187515,0.007446378337729623,0.6415872283272148
16,0.21251815636548893,0.04606316512562364,0.00024349505920989085,0.001479471886943035,0.7396957115627346
17,0.2558525176865418,0.3686091459008887,0.00019379463184860326,0.04544273721108657,0.32990180456963425
18,0.077353532353696,0.08896721117761165,0.00019131446696316415,0.005369009550216858,0.8281189324515124
19,0.18928176522659176,0.11812704946664403,0.0005723082014673468,0.0038090873431882617,0.6882097897621087
20,0.38908859953932445,0.14959762347289954,0.00011920734544492204,0.036474500495077056,0.4247200691472541
21,0.051691719796435,0.22498178355532777,0.00020312408627567001,0.001180354732605316,0.7219430178293562
22,0.004276640046800341,0.0006877015818828775,0.0008753587326870971,0.0003236427170090518,0.9938366569216207
23,0.00179559319384927,0.00047495911816471375,0.0002253595746756766,0.00010958274202493414,0.9973945053712854
24,0.005436892471110951,0.0006172348459466284,1.712411491679865e-05,0.00013774354219275693,0.993791005025833
25,0.010441234063544826,0.007024491829205252,5.6035339519752605e-05,8.820800696071322e-05,0.9823900307607695
26,0.21752836104897724,0.10761775548940307,0.0001362270659224428,0.001828055190980646,0.6728896012047165
27,0.18969491658362786,0.42322784335646757,0.0005440201421948515,0.0018609302011603072,0.38467228971654943
28,0.2649750620430493,0.37868734062161546,0.002150625339474966,0.0046574177198485615,0.34952955427601157
29,0.0923780408471067,0.5737692660800205,0.0006904950658249091,0.0011349227513809978,0.33202727525566667
30,0.3263355665302847,0.2658659663100832,0.00034100604008035617,0.008631981896186242,0.3988254792233653
31,0.01994634845728752,0.007518028090630111,0.013705731249574504,0.003673741847408059,0.9551561503550998
32,0.0024645598562271806,0.0010819295446575137,0.0007681269035136299,0.0003569353640538274,0.9953284483315479
33,0.037377942797474646,0.01203066291609637,8.708181977559158e-05,0.0004668145384774141,0.9500374979281758
34,0.08000768026563648,0.019811943175037112,0.0006954558074792967,0.0015880918791103434,0.8978968288727367
35,0.17218199023056135,0.27852754374738375,0.0005873406757426132,0.0022408961973034553,0.5464622291490088
36,0.11463136833755343,0.6457383648421484,0.00021081724935858976,0.0038196434765074873,0.235599806094432
37,0.21846871048950736,0.6057825443892039,0.00026960443413199983,0.03851370565560211,0.13696543503155476
38,0.014246515999035153,0.9422608022860992,0.00124216854141143,0.0008498110220706258,0.04140070215138379
39,0.03347183859988748,0.9519638803656818,0.00023836905619667605,0.0016212693619842601,0.012704642616249779
40,0.02725742383991218,0.9447600939236407,0.00045523260962917176,0.0013068833957005784,0.026220366231117426
41,0.08668996837296998,0.8360914076610999,0.0002965131983175021,0.010972322541345732,0.0659497882262668
42,0.02530955402436804,0.908000780863039,0.0012372590429465735,0.003684576823828913,0.061767829245817515
43,0.018033749508218025,0.9640062626377028,0.00086346486780497,0.003408437573078219,0.0136880854131962
44,0.018157298396128698,0.9581038585454117,0.001141092175926227,0.0100053774188111,0.012592373463722063
45,0.008379572780118161,0.9531988375373078,0.006455239812652774,0.0017395586405002216,0.03022679122942102
46,0.06105710117252679,0.7837168167844969,0.0006661825816117589,0.008149688461434514,0.1464102109999299
47,0.05366436956180721,0.9016149496614577,0.0008393936497047565,0.002279883740739283,0.04160140338629112
48,0.014407308776682714,0.9479401148859765,0.001567163503458973,0.0028171308194809754,0.033268282014400845
49,0.023291225587131103,0.9621036615040449,0.0038955317477363358,0.0013678687014377394,0.009341712459649749
50,0.014454527388088919,0.9315075116849695,0.014058351992459153,0.015213404926868552,0.02476620400761401
51,0.017286603395780826,0.9529849226106503,0.01860842100918503,0.0027135937644542293,0.008406459219929533
52,0.023532028657039367,0.9079397599657141,0.035731379789995375,0.004233328237018715,0.028563503350232288
53,0.03811645128846791,0.9060636953671491,0.03262600901138028,0.008768270432209286,0.014425573900793269
54,0.05108904173693125,0.9129382262925771,0.02010512419117832,0.00514041253457631,0.010727195244737111
55,0.026143002682790673,0.9005004054569772,0.05203068322776011,0.006859049437415133,0.014466859195056865
56,0.04227658008337506,0.8896503244298248,0.012265712555581416,0.00317471328606218,0.05263266964515679
57,0.055318046823491306,0.902255703732123,0.023430993087312772,0.0017367729387710007,0.017258483418301662
58,0.03548194049417539,0.9067187301659113,0.04132696783466731,0.0015940718605382573,0.014878289644707643
59,0.028959380150715978,0.7531522690790106,0.19952398637089178,0.0001713596312710364,0.01819300476811048
60,0.02067100493179324,0.6588789382904694,0.30542708415093495,0.00020802598846669896,0.01481494663833562
61,0.025558267786313607,0.6531253315887664,0.3154542136092268,0.00019400852978660355,0.0056681784859065705
62,0.009549200173746174,0.7376582398217986,0.23733051198132124,0.00012537249948810984,0.015336675523645833
63,0.002857088605677414,0.7770921204460701,0.2181611323484885,7.3151013195436e-05,0.0018165075865687794
64,0.01065446106718461,0.7759392511998432,0.1983018398640189,0.0001464751779179116,0.014957972691035507
65,0.01206031101920882,0.6571949003254819,0.311695637120834,0.00029210005433252123,0.018757051480142846
66,0.021526345678163913,0.6341184369762464,0.3153628781031844,0.00048026129099210785,0.0285120779514132
67,0.020383562809797223,0.7265492356990274,0.21567693755670875,0.00039240118221332024,0.03699786275225321
68,0.01712774944754762,0.6237920343706733,0.3216369346826947,0.0002321658063059791,0.037211115692778275
69,0.018405691664942762,0.7829700069358152,0.13445749554780764,0.0003656961971666848,0.06380110965426773
70,0.024067815609813276,0.6472079336824041,0.2561991988684357,0.0008296286647953114,0.07169542317455141
71,0.05975307746864767,0.5864755633929813,0.2271923971931464,0.0035581916007609666,0.12302077034446351
72,0.3493780201459012,0.3217392645879178,0.10849892213929872,0.009128651970699833,0.21125514115618244
73,0.27652245234330153,0.331201662369413,0.045176968968988665,0.004659006515376774,0.3424399098029201
74,0.17860064681802273,0.6841313794941002,0.006675462816608612,0.008306205096633667,0.1222863057746348
75,0.1348933991094405,0.6390363553305787,0.13704553376734263,0.0019972559037482957,0.08702745588888981
76,0.07331128070800516,0.7369418019962467,0.141493877370966,0.0004552902951079049,0.04779774962967417
77,0.023711869312972714,0.7593798651662568,0.18968651127420427,0.000568291998978191,0.02665346224758818
78,0.040630366934897515,0.7554447581585302,0.1735464585602442,0.0005520584433592932,0.029826357902968875
79,0.04608373793631696,0.7911481286916423,0.12471418637398757,0.000531311706169824,0.037522635291883065
80,0.04862660498059639,0.7828869379548022,0.15288630782262327,0.000637444249535361,0.014962704992442847
81,0.09182689849845888,0.7173291636694488,0.174830557975677,0.00034026975938922325,0.01567311009702623
82,0.06945632859858901,0.6871081956710275,0.21516638925428364,0.0018165575895795704,0.026452528886520412
83,0.02667733861518855,0.7618855765774681,0.18607287381874166,0.0006935612806139416,0.024670649707987782
84,0.04799646603203095,0.6630053280794316,0.24205807842138996,0.0019377050926939318,0.04500242237445342
85,0.023880125581865263,0.5679919417250785,0.39965432816216206,0.0007765297529202812,0.007697074777973881
86,0.06350115958130907,0.5638880542375624,0.34862291984981214,0.0023383529846622213,0.02164951334665434
87,0.02326487965451169,0.5007522552014767,0.46936325726745115,0.0003520439063722061,0.006267563970188264
88,0.018564155959579377,0.4813743771090377,0.4829855556166267,0.0004644310590137291,0.016611480255742394
89,0.021082080543075494,0.3082456677680216,0.6610215383032991,0.00035779202670868323,0.009292921358895166
90,0.030069813329953496,0.6465514246737558,0.3043190121655367,0.00014090140481849524,0.018918848425935556
91,0.04342768669320767,0.6082534061837812,0.3254980215222359,0.0008184192299526737,0.02200246637082261
92,0.12275719163729122,0.6326646485692626,0.20951717262070205,0.0012052306133123719,0.03385575655943169
93,0.05015692231788583,0.6594075390785098,0.2555943532074481,0.0021047692864097577,0.03273641610974662
94,0.0446416415502195,0.3503426515447369,0.5186773987422127,0.0023661789524059315,0.08397212921042496
95,0.10823458854794078,0.5028189741618861,0.277837092169325,0.010614865647023092,0.10049447947382502
96,0.031132621750895734,0.6720153645499778,0.2484831219269084,0.002548228687037413,0.04582066308518056
97,0.1233873024742913,0.7584220548563717,0.04088518450954527,0.002380909532328641,0.07492454862746309
98,0.10925517627714168,0.6341623832638837,0.1863172975762985,0.0019544915591229286,0.06831065132355325
99,0.08716124231595729,0.526798232042246,0.35456312935638823,0.00365402032462242,0.027823375960786073
100,0.12368347548309908,0.41235918987452375,0.37707557762823246,0.007261514718628241,0.07962024229551627
101,0.04955564556582078,0.3079377165639343,0.5750274768529965,0.004164661137123448,0.06331449988012496
102,0.10118991924530638,0.3935800368531539,0.45273422336486535,0.009123711720716075,0.04337210881595835
103,0.016760359802366575,0.5954833570365864,0.35093380117205225,0.0016172867978496645,0.03520519519114502
104,0.031772126520328896,0.3355646813456802,0.6214180455213522,0.0012431924968920505,0.010001954115746593
105,0.1125380645457923,0.4693658745376424,0.3819574598921841,0.005401096202996484,0.030737504821384633
106,0.08767372355908373,0.5631325341229962,0.17785018600677052,0.00648083609120222,0.16486272021994727
107,0.17379116727879237,0.6827109729648181,0.035108056067014275,0.007308220516068805,0.10108158317330637
108,0.1323691669133805,0.4491221504964653,0.19829563181477808,0.008220908661565907,0.21199214211381032
109,0.15412563583383967,0.4705962508083509,0.08596952797514273,0.0071932980584042345,0.28211528732426244
110,0.20557797711890716,0.6529687864644578,0.057220074636285416,0.01154390635556997,0.07268925542477968
111,0.14419187708363662,0.5783138482716915,0.1137672358100037,0.010567722838095074,0.15315931599657326
112,0.03909938229449097,0.08352277203589659,0.00803565104021308,0.005089458056227403,0.8642527365731719
113,0.22930154284009685,0.13077974313756735,0.018232868863461173,0.008618778242629646,0.6130670669162449
114,0.23039761794905741,0.38201128391890105,0.03990520833939957,0.023881312615542934,0.32380457717709893
115,0.20455220585430953,0.12683927012755586,0.0058489624762469855,0.01990754994108997,0.6428520116007977
116,0.11552370155140204,0.14496126432113093,0.017998174697054666,0.03032110339563582,0.6911957560347766
117,0.4750864626036856,0.15383116834395424,0.0008899416360766378,0.04596170436032345,0.3242307230559601
118,0.3659920520138394,0.29751347804638506,0.008195265229505862,0.011821470846584189,0.31647773386368555
119,0.18732189018423182,0.11306059033093618,0.009265299653645932,0.022522463291084427,0.6678297565401017
120,0.23863133432971154,0.6640521670710892,0.004023464188143018,0.007660636085741254,0.08563239832531507
121,0.2084813131224435,0.7092835478546935,0.030630285356377886,0.022018152392687725,0.029586701273797252
122,0.1653080308992431,0.5949257711141613,0.07782426127541683,0.04192165517219126,0.12002028153898753
123,0.11917175737700479,0.7313082438730034,0.0031268926530599733,0.06650131735256799,0.07989178874436384
124,0.28057407566243386,0.30483441600263944,0.006948206035237919,0.1991062518138115,0.20853705048587728
125,0.22471038702830146,0.4332258842985832,0.0020588266127396127,0.10976786181990679,0.23023704024046887
126,0.13030696854658347,0.15822473902636677,1.226996354351141e-05,0.6975285670356296,0.013927455427876635
127,0.11024875304373889,0.20131721739282193,4.667523552053348e-05,0.6593695655724351,0.029017788755483546
128,0.3665026740555943,0.27667475482417664,0.00029449387097643735,0.08017270099987411,0.2763553762493786
129,0.25055668189070857,0.3179192529134393,0.0005556115001622346,0.37333506914863707,0.057633384547052885
130,0.2397606172354107,0.12323270589817996,0.0002453266142772901,0.5749993970110128,0.06176195324111949
131,0.13724367376079977,0.2641603591142628,0.0010249947509450147,0.09597934011258685,0.5015916322614056
132,0.03894317841905813,0.05693533798427156,0.00012312125997261596,0.09914196103048982,0.804856401306208
133,0.021800163275612783,0.034072310830262596,0.00017923290224681945,0.038739477658059955,0.9052088153338179
134,0.1460676239808721,0.038558159574414275,8.365362569082602e-05,0.13986400542351898,0.6754265573955038
135,0.1435457737680801,0.025059700551546514,0.00010186199519219123,0.018479647352516452,0.8128130163326647
136,0.19195692338131728,0.11082894345848734,0.0007364512067607198,0.043917729128686876,0.6525599528247478
137,0.22196983175457,0.11259645818347844,0.0033572475431769186,0.05098097316919241,0.6110954893495824
138,0.09616901188440356,0.10861422926474101,0.0006728198015484352,0.1314843664728958,0.6630595725764112
139,0.20008308227984423,0.1942741798254211,0.015888166392312143,0.07796557353222738,0.5117889979701951
140,0.12668117270736284,0.2048458508243815,0.000603141411523271,0.5306964762369013,0.1371733588198311
141,0.1976124352791725,0.2160123596754108,0.0013825322106651437,0.11545559762020373,0.4695370752145479
142,0.18477078969317431,0.24854563090581797,0.0006335089660298377,0.146706895091976,0.419343175343002
143,0.26112439720302816,0.1685751274461119,0.00028204077725570083,0.036968754733093766,0.5330496798405105
144,0.27956742581808697,0.2095912416586081,0.010167054732510086,0.37920555837256575,0.12146871941822912
145,0.20561770643202995,0.5642443755052167,0.02156453765184623,0.0989580567684483,0.1096153236424588
146,0.15137691918877472,0.38818684699144784,0.021132184058365033,0.10086891450435438,0.338435135257058
147,0.06677070871381334,0.5683479083719832,0.012813080945008883,0.15307044256326205,0.19899785940593262
148,0.5735669116122819,0.1441968244446182,0.005586157547430604,0.15890356295870114,0.11774654343696811
149,0.5231906006096383,0.27449730293945473,0.0012544417382066235,0.18195553387889485,0.01910212083380547
150,0.48485206166724154,0.38789726320898776,0.008645833168417778,0.10098944420394386,0.017615397751409016
151,0.32527678440935925,0.371642942176948,0.0036961139387241444,0.24328034700337695,0.05610381247159163
152,0.4024877461584027,0.3302442863421634,0.00787894445290167,0.1084544784610185,0.1509345445855137
153,0.1937240783362483,0.6110044691494059,0.0141033038467168,0.06260165954573027,0.11856648912189859
154,0.21951504383214346,0.6653998009287125,0.004776304359816194,0.04179325256113866,0.068515598318189
155,0.08319621035961419,0.7888975793813984,0.027444255194272883,0.013016138941233275,0.08744581612348132
156,0.19936744777092216,0.20671470908721915,0.001176629849926144,0.0594050397610017,0.5333361735309309
157,0.17843643563034248,0.21939631701127127,0.006137055892971043,0.05200263506485596,0.5440275564005593
158,0.23393630703828536,0.45117710073986694,0.007092671544558699,0.0833457740721363,0.2244481466051527
159,0.25998108516848145,0.23457391668208577,0.0067309267336945824,0.09080506195666678,0.4079090094590714
160,0.21041170059227168,0.3568444621921878,0.010053241245431025,0.05375155212937625,0.36893904384073317
161,0.15380127284894168,0.13948314712909363,0.004806265303404437,0.026695292090822532,0.6752140226277377
162,0.1636604561630641,0.08972760406157375,0.0013929615452118458,0.020788257348653544,0.7244307208814967
163,0.14178291331529838,0.2794356827879938,0.006277065703380222,0.04313971898661513,0.5293646192067124
164,0.009582298058703234,0.011446936050899801,0.005683928175422873,0.0005255286562972263,0.9727613090586769
165,0.01588721464306487,0.0062203075338021765,0.00011344792184901094,0.0015971333281430368,0.9761818965731408
166,0.11212250751149695,0.01472417801108578,0.0002752745212790909,0.004955363542977844,0.8679226764131603
167,0.03141417632619799,0.009808884605071996,0.000472170956560167,0.0024671549658929685,0.9558376131462769
168,0.054767773249654476,0.015691000316421212,4.206951505139085e-05,0.015217709127515149,0.9142814477913577
169,0.0067346491622840956,0.007685315151531819,0.001580703400956727,0.002500299072647199,0.9814990332125801
170,0.008101840842222608,0.0028724769984416424,0.0004003343896801421,0.0064900314001641105,0.9821353163694916
171,0.04089022624596751,0.00920143347194922,0.00012903008346778656,0.006895212616569,0.9428840975820465
172,0.14904064029026862,0.08943277617882354,0.0006402863647302923,0.0652043342206296,0.695681962945548
173,0.1053789715219573,0.054974706742565854,0.000513911167889306,0.03884116278383468,0.8002912477837528
174,0.5105339735867984,0.15075547851656174,0.0008611298462518976,0.025520301340815368,0.3123291167095725
175,0.6439689633663226,0.23114489353731874,0.012026453293629457,0.01573483939113572,0.09712485041159337
176,0.23780656996511967,0.6519053279551172,0.004542631477120134,0.013187209979149106,0.09255826062349391
177,0.40314804974178337,0.38699263882546103,0.007037572355134059,0.015570424522956011,0.1872513145546655
178,0.3519130501143366,0.40818804561370997,0.008870620279195237,0.14476260386531767,0.08626568012744046
179,0.11383001138164456,0.8155037509680422,0.01793125118741622,0.01599629325756966,0.03673869320532725
180,0.22365631207881323,0.460787722421746,0.018196150465742474,0.09729574509444602,0.20006406993925233
181,0.09972796212204195,0.6766610597960401,0.002749733989966341,0.08429473182617511,0.13656651226577665
182,0.0618569433380231,0.6856701466261833,0.007792883891747219,0.039342644703859175,0.20533738144018712
183,0.2609738223534156,0.3150158433097989,0.0058709864893122,0.03599340511754587,0.38214594272992747
184,0.17193455879392644,0.7418201841847134,0.004579680963081734,0.01116847500949712,0.07049710104878136
185,0.07404307220493235,0.865397021541289,0.00116414880513873,0.00782292159939709,0.0515728358492428
186,0.06271614041738902,0.9102305668360294,0.01394920812367734,0.0017569555064275097,0.011347129116476487
187,0.08950015949146689,0.8692721859178827,0.019914473222748863,0.0026771227627930597,0.01863605860510823
188,0.04700272816868821,0.924247604480658,0.009182389403924098,0.005372088106518641,0.014195189840210757
189,0.035910372450732135,0.8897886410940069,0.05735001026799699,0.0019612857719490447,0.014989690415314916
190,0.03026566688212023,0.9181011598585874,0.0188129132686567,0.0016441980687854094,0.0311760619218503
191,0.02999394425390918,0.8868439344809982,0.07441463947460576,0.00044916926167872477,0.008298312528808116
192,0.03840908467525013,0.8710616675220926,0.07646394517738668,0.0011562880636171806,0.012909014561653519
193,0.02270863928346274,0.8756410681302002,0.09265268013370856,0.00096494495900519,0.008032667493623481
194,0.03526920950500458,0.8848815025254411,0.06758691799189548,0.0011357418920391344,0.011126628085619896
195,0.013514216136907045,0.8009415692414635,0.17035846731341836,0.001856081366724579,0.01332966594148628
196,0.016464322332708347,0.8743321966540925,0.09679285756602644,0.002870933062397271,0.009539690384775564
197,0.020832903770096067,0.867280789296103,0.10206099896822128,0.004372695244489281,0.005452612721090508
198,0.028142452280061788,0.8549855016132104,0.095748175597835,0.006870734852155662,0.014253135656737047
199,0.21266462296094818,0.3592893952814489,0.0014133366261890555,0.014121466119916881,0.412511179011497
200,0.25670913510441185,0.5605778386667002,0.007346024449702209,0.011557397156402457,0.1638096046227833
201,0.1831488280437553,0.7348129595428348,0.014720581764736833,0.002870978676405323,0.06444665197226772
202,0.20587472752276711,0.705923641743482,0.05818973476099712,0.011291756632642765,0.018720139340111023
203,0.3491763097841609,0.5942898704601871,0.015304093019340726,0.012062960643279256,0.029166766093032082
204,0.07531450730606429,0.8763749112570766,0.04106581959961579,0.002981563448861315,0.004263198388382343
205,0.037501094225954545,0.8036136403261879,0.14652256564959204,0.0027235017044335464,0.00963919809383211
206,0.04801985564396959,0.7228463510308689,0.20099215310106736,0.0032228630631913613,0.024918777160902728
207,0.03702445393794719,0.7687606502920495,0.1882732540715097,0.0007092870879246032,0.00523235461056902
208,0.024328659488209704,0.42749461322227783,0.5333803235706366,0.005144399304928642,0.009652004413947304
209,0.02813672132086704,0.6467929976457362,0.30397385631891216,0.0009490032320031707,0.02014742148248161
210,0.008546688800443243,0.36204764226452485,0.6251807881912105,0.0004593089095216199,0.003765571834299777
211,0.06546766741001529,0.09621681717435752,0.7189181723311194,0.004769842037680203,0.11462750104682763
212,0.0719576612637839,0.38232092561701253,0.5102231160859881,0.001792710312207104,0.03370558672100825
213,0.06608246557421105,0.5110991716405091,0.34683545870129956,0.006469105601662208,0.06951379848231802
214,0.03807526309312471,0.3582994795158623,0.5766655656310243,0.005778737516980866,0.021180954243007873
215,0.0497201053796093,0.82111734037724,0.08810549905613636,0.0038784390749839917,0.0371786161120302
216,0.1958857275185667,0.606968583479897,0.1006210160905923,0.01164107236928209,0.08488360054166205
217,0.12733238468728136,0.7689053010551214,0.08202044808715564,0.0057723479177878186,0.015969518252653785
218,0.15817470588304886,0.7095853869756923,0.08995123944633762,0.008283615128949696,0.034005052565971486
219,0.13855072482879127,0.7328320521146254,0.10800300714728928,0.007608651759955664,0.013005564149338286
220,0.1878409700558348,0.6911197313204871,0.04159398582313394,0.02205533717637946,0.05738997562416479
221,0.1706580915611206,0.6684720292438543,0.12004741028204494,0.01700697391514056,0.023815494997839637
222,0.09756766696509606,0.7211655443765398,0.16526919372271578,0.006266435480664001,0.009731159454984333
223,0.0495770123100612,0.7608810821630551,0.1800494160196344,0.004119678665068392,0.0053728108421808194
224,0.02664358399542611,0.7141725991728045,0.23923121216812251,0.00665803841329758,0.013294566250349214
225,0.11076685839547615,0.7618685704595282,0.06393633573304834,0.009929076436446985,0.053499158975500324
226,0.06183637031858703,0.810480550217964,0.08720917526635075,0.003694528482187855,0.03677937571491053
227,0.055836422177641856,0.8521885279416321,0.08664623133900058,0.0005969677041060341,0.004731850837619431
228,0.019232701657841102,0.8441549803170116,0.13439281897003688,0.00026593710571277355,0.0019535619493977604
229,0.05277227289909887,0.8476548232583128,0.08516691075545471,0.0015146169206717139,0.012891376166461879
230,0.017802342798449847,0.80124044458335,0.17514419294725972,0.0005757455923087789,0.005237274078631737
231,0.02275463501376638,0.873915913650623,0.09796540061774438,0.0009862641220108885,0.004377786595855332
232,0.03716264886796657,0.7942664562056411,0.1630310429291842,0.0005119501504390612,0.005027901846769073
233,0.02831075763189757,0.35033955188837257,0.6064785242436934,0.004617580742219351,0.010253585493817182
234,0.03334569529236964,0.4594403143280907,0.4792694091766098,0.009169230518662044,0.018775350684267687
235,0.0571109880876333,0.6339794154519226,0.2898393771405504,0.003244275897613297,0.015825943422280418
236,0.013882576752172133,0.5561975198920616,0.4244162500382355,0.0005816239253993231,0.004922029392131604
237,0.02396684152159131,0.6299886134834031,0.3307186334708143,0.003600440667413929,0.011725470856777385
238,0.012143248762933975,0.6640015315286166,0.31637720420492316,0.0006748512714011507,0.0068031642321251294
239,0.00728102485286808,0.4348231741193039,0.5529551760265912,0.000983449528993292,0.003957175472243463
240,0.011716490260733783,0.37861168395412054,0.603564315582218,0.0005009509895935401,0.0056065592133339925
241,0.016841826042893207,0.6298243677674903,0.3401653667369639,0.005306521830645064,0.007861917622007537
242,0.013833343092869724,0.2884216874543208,0.6898561675691555,0.0036394935092998047,0.004249308374354188
243,0.015463177906407378,0.47553071317968115,0.49538640932968037,0.0030189496707666835,0.01060074991346432
244,0.006794721451931114,0.43732729438854484,0.5406577590226442,0.0029143093217367947,0.012305915815142926
245,0.03923954978167107,0.6799441940713995,0.20710831585539208,0.005475293437421931,0.06823264685411559
246,0.09524733700339957,0.7665000919507273,0.08465875943949018,0.012703664952230695,0.04089014665415226
247,0.1886256209251201,0.6805408775963888,0.07790430339733427,0.0146815401156526,0.03824765796550433
248,0.1153246508353384,0.8214423403652716,0.04860937018865296,0.0045689126086177,0.010054726002119213
249,0.05363124305644962,0.8810424325207388,0.05158715135335146,0.0041502072153979785,0.009588965854062284
250,0.019474703868206444,0.7907306616164255,0.17573928625013793,0.0038780528238001634,0.010177295441429878
251,0.08364565291202529,0.7926275635086976,0.08798839017413632,0.026770314106015953,0.008968079299124894
252,0.063075093745937,0.8509953739991201,0.05042373831741545,0.020997114796304693,0.014508679141222754
253,0.024552975889125028,0.7952797921951024,0.10878479296108166,0.05301773116755999,0.018364707787130688
254,0.1722629603327769,0.5040040890796619,0.02609218734876535,0.1674434746683708,0.1301972885704249
255,0.09086180237103446,0.6610529033862911,0.11492766689580834,0.10174641028301046,0.03141121706385573
256,0.024472278806243954,0.6990803575444706,0.0420570824863509,0.19460471360569068,0.03978556755724398
257,0.03149903360957474,0.5850643395245787,0.09705211879842986,0.2663762491562623,0.020008258911154347
258,0.072131878303387,0.31970029192690164,0.0011038080708470266,0.5345838567909866,0.0724801649078778
259,0.1339285877896882,0.30415902773194425,0.00035671993636473436,0.3965241928941974,0.16503147164780535
260,0.09637249863261566,0.15211241518920224,0.00017787870985730216,0.7255523469937887,0.025784860474536164
261,0.2019275131152266,0.13865190639327007,8.576353387844903e-05,0.6085246923658043,0.05081012459182051
262,0.19430069721026821,0.2982632653696444,0.00041081016525755396,0.40146608225452857,0.10555914500030122
263,0.20009382796346561,0.26962068908173903,0.00044665442087353844,0.44121247738784125,0.08862635114608042
264,0.12682304165464536,0.36220614493525294,0.000376508211400791,0.3353556962779291,0.17523860892077178
265,0.18891085764980828,0.1724917954716273,0.00043816195234338455,0.2648050503387085,0.3733541345875125
266,0.11180352998217047,0.1364651075504261,0.00035264180792551544,0.08360436512430193,0.6677743555351761
267,0.4799732880296938,0.2055936870053998,0.0005524870901849902,0.08413579401754549,0.22974474385717597
268,0.15325229928827874,0.043150721957748446,0.0022035922172367354,0.019326530515986623,0.7820668560207494
269,0.5741167030107165,0.1570183608222077,0.0005675753983205784,0.11130988778891529,0.15698747297984
270,0.414019563880724,0.09459866383881434,0.0012173056190297189,0.026679023084122514,0.4634854435773094
271,0.01949318572734802,0.018419826460574426,0.01736657037214982,0.009777678561789327,0.9349427388781384
272,0.007592896504023145,0.00959857594342434,0.0010837375324995386,0.008873910602438325,0.9728508794176146
273,0.13217845252751195,0.023589195074812556,0.00014714437444384655,0.018682407526642367,0.8254028004965892
274,0.18035196390488936,0.025759691898704553,0.0003393954542427177,0.015208089229001855,0.7783408595131615
275,0.03902883261349816,0.002653407669811193,3.0023914100625482e-05,0.001582891070590882,0.956704844731999
276,0.037346964022257075,0.005238065514667229,0.0013791368697832953,0.0042173862222616414,0.9518184473710307
277,0.03120067390977838,0.008835087732349672,0.0005431331899361551,0.002073644669652526,0.9573474604982833
278,0.004052878215140216,0.018361240797393468,0.0006778657699632704,0.004162388486139989,0.972745626731363
279,0.003107652366195196,0.05541757581341148,0.0004479958886307345,0.007175844995694977,0.9338509309360676
280,0.017007352434252648,0.02345533650778865,0.0017453314423928412,0.0014569732560432446,0.9563350063595226
281,0.009177948365290131,0.022157470463529942,0.0002642997317682962,0.0009903622991365578,0.9674099191402751
282,0.013392012366310085,0.011421328901518878,0.00036395005244636847,0.0017112692838607666,0.9731114393958639
283,0.1042691084114807,0.024440433477423588,1.6917135668813732e-07,0.009122601347570768,0.8621676875921683
284,0.15931141255188205,0.02702778609532309,7.751643337787077e-08,0.011603944025864149,0.8020567798104973
285,0.033371084546380984,0.009065044639738234,0.0021330869767251285,0.003441379572714401,0.9519894042644412
286,0.021745557466314562,0.016390937249197112,0.0011634778002693178,0.006263643601071111,0.954436383883148
287,0.023992202652431936,0.015626300152937454,0.00010907821570236687,0.013757998201899657,0.9465144207770285
288,0.08176690576948428,0.0370994226243467,2.552073518396499e-05,0.034899987690028555,0.8462081631809565
289,0.011784916688752037,0.003483670796001045,3.4613862967126004e-05,0.006503703908380608,0.9781930947438991
290,0.02839143095503947,0.05585358157944755,0.014782819829187025,0.013816603430017442,0.8871555642063085
291,0.018521190126686484,0.004367093128963624,3.67654126659206e-05,0.022198904541820663,0.9548760467898632
292,0.008551234511465606,0.004309444539000618,0.0004237071289867575,0.0033253771734488478,0.9833902366470981
293,0.0157831090785747,0.010372930605853183,0.00038853302455915353,0.0028334720548456975,0.9706219552361673
294,0.006948020250024879,0.0036159166597643263,0.000555770534269807,0.00237742258638414,0.9865028699695569
295,0.010910386493554492,0.0013571522056208681,0.001432586430237601,0.002130898888678335,0.9841689759819087
296,0.0029203894680757698,0.00044166517834981007,0.0005509108510906281,0.0014079579901046474,0.9946790765123791
297,0.0011111537657126807,0.0001303352574642266,0.0006659253257585908,0.0008527840839917831,0.9972398015670727
298,0.0070048278567810965,0.001877784365580663,0.0030586242574861403,0.0029129060229036224,0.9851458574972485
299,0.0025307216060454925,0.0003671198235686693,0.000532190636348862,0.0004904059221188954,0.996079562011918
300,0.0024574283291358633,0.0007487533937548549,0.00265300959486056,0.00044833596044086346,0.9936924727218078
301,0.002618685310082296,0.0007000799700402725,0.0009944522472131111,0.0007690221679618392,0.9949177603047024
302,0.017709211323274656,0.006434389282474875,0.003512608077813612,0.0015651901995737572,0.970778601116863
303,0.0019019343368828676,0.0015279371977244248,0.0020509007426177924,0.0010132034217714327,0.9935060243010035
304,0.006049129674739892,0.004648812811049256,0.014437054242413079,0.0027422053055605835,0.9721227979662372
305,0.0037920523492984883,0.0011402745523524495,0.0002753931435431119,0.0025590793878462704,0.9922332005669596
306,0.0021283935190251004,0.00043162993920731776,0.0007852218824720111,0.0005440422755659378,0.9961107123837297
307,0.0009528977485555592,0.00138676915997641,0.0007077619176300869,0.0015271256854073123,0.9954254454884306
308,0.014868992947251624,0.004667154815500271,0.002180456503173336,0.010415539415314479,0.9678678563187603
309,0.013295027446670781,0.0022540505468705593,0.001128692521176022,0.0036124284667109438,0.9797098010185717
310,0.119758206770003,0.010894388742464622,0.00041434454747242815,0.052518390212507815,0.8164146697275521
311,0.012483085443844393,0.0034010543485053753,0.00039820666182196563,0.009488411651227878,0.9742292418946004
312,0.06001122657489768,0.010916239779987014,0.00039395612743770275,0.02228068153854108,0.9063978959791364
313,0.23257291895675494,0.07912256023135539,0.0014908817355687358,0.18772651042454436,0.4990871286517765
314,0.06124546685556899,0.03827782157756557,0.0007641434460212028,0.172941363537432,0.7267712045834123
315,0.18177580096258816,0.08291214565304132,0.00219520079660948,0.3303821235688632,0.40273472901889784
316,0.14699950054621705,0.23007186429533474,0.021824459447128183,0.34013279359832066,0.2609713821129994
317,0.22350180949942838,0.11976204701225245,0.02741620729766011,0.34151188736061266,0.28780804883004635
318,0.18511940187118597,0.23260940626465518,0.04128372955975181,0.2227756206537457,0.31821184165066135
319,0.18551498145665554,0.3861433720706187,0.04295777574855317,0.2458893233639879,0.13949454736018477
320,0.17506027962709267,0.6202284400158827,0.06046503314738716,0.05527485964409665,0.08897138756554096
321,0.18187512074536977,0.4249398316752521,0.03954396138325905,0.16343177411797408,0.19020931207814504
322,0.16298020399722354,0.6048210214674152,0.056413487964138996,0.10729709985013124,0.0684881867210911
323,0.13017165519392535,0.7776662920017182,0.02718983851609265,0.034326544761727515,0.030645669526536256
324,0.21662733830464645,0.6185249894043537,0.0336252319611963,0.06202148652913261,0.06920095380067082
325,0.08278453509867806,0.8588507076612476,0.01953430228110491,0.017106045862990218,0.021724409095979145
326,0.10394292391855774,0.7827938678208427,0.09728036897301556,0.0058739541275322675,0.010108885160051819
327,0.15248669050996153,0.7643217705867912,0.040462371460077654,0.02038970365355703,0.02233946378961257
328,0.10212649813170534,0.6740346789222079,0.08959453944997578,0.07815135754400286,0.05609292595210817
329,0.09455723044102114,0.7725284266551443,0.08133006620205067,0.020421668165602817,0.031162608536181233
330,0.19007167452299323,0.621236208488243,0.04274871750737785,0.08858754331608795,0.0573558561652979
331,0.3958774052474922,0.4556861834509478,0.00722531069677725,0.03560891802895169,0.10560218257583112
332,0.23069922330276915,0.6362259897184374,0.046600038097215475,0.03958326315792035,0.04689148572365752
333,0.18393386216443147,0.7114953340081791,0.06542627261286905,0.012410471589506353,0.026734059625014118
334,0.04996343974477078,0.8499631812341492,0.08677983007396438,0.0024103625033391777,0.010883186443776376
335,0.032289156546360345,0.7245229097012811,0.22213739926758272,0.005301541109624966,0.01574899337515084
336,0.06014549646044961,0.8719438846297504,0.034444181170803924,0.007896531197374764,0.025569906541621508
337,0.10352862899769714,0.825936145089323,0.03046372975917606,0.01233615613020073,0.02773534002360304
338,0.05845335623304967,0.8988966836485803,0.03299594379618907,0.0022290377306270785,0.007424978591553905
339,0.02831132647116587,0.8935599331555955,0.07205049416794965,0.0012938352189092001,0.004784410986379932
340,0.07513642365256762,0.8767355636113747,0.04004681484181406,0.002650128329066131,0.005431069565177495
341,0.08277098036391678,0.8684019973148428,0.03690010368737238,0.002793235800666257,0.009133682833201888
342,0.05703763893759734,0.8922296341103545,0.042794231015712274,0.0039506875615306514,0.003987808374805178
343,0.09373696798235694,0.8601482200575759,0.033938578296101765,0.004229824449585481,0.007946409214379916
344,0.05971370561255167,0.8983414266403019,0.026503956681319704,0.003835126934436777,0.011605784131389884
345,0.07235749235528512,0.8693683050205437,0.0438871393918155,0.005594674193273546,0.008792389039082313
346,0.0492766884315423,0.8925729112081542,0.03504123397303802,0.009231577782267108,0.013877588604998553
347,0.11890779231072852,0.8130339004055642,0.018830824164066964,0.007345420367657062,0.04188206275198317
348,0.01978072074236395,0.940031906233933,0.03593550388490151,0.0013226793101441126,0.002929189828657397
349,0.10843988690211363,0.8535385083648258,0.02335677408542695,0.005388919090434454,0.009275911557199179
350,0.07565417135541708,0.8831392860897508,0.03410623707725513,0.0011526434415811198,0.005947662035995906
351,0.0060324512724742865,0.8979692123811029,0.08999027638933992,0.0011448383986833583,0.0048632215583993615
352,0.0072767795887191625,0.9118113660230548,0.0779017182836332,0.0006998744850983534,0.0023102616194944263
353,0.003786436384674043,0.9150604851554721,0.07748461282459865,0.0005711268292072505,0.0030973388060478602
354,0.01428235875735687,0.8847733163860865,0.08370207453656703,0.009233720671855794,0.00800852964813379
355,0.01650312543371561,0.8368859554458226,0.14148098376685814,0.0018176109773990479,0.003312324376204861
356,0.05608540220222264,0.909037462779972,0.02320660693240748,0.004263724770514073,0.0074068033148839115
357,0.03173064470815485,0.8994617043569805,0.059128746939430765,0.002375553326243958,0.007303350669189937
358,0.017544307932883314,0.854276362652308,0.12445230525718148,0.0016566690293989778,0.002070355128228219
359,0.045000819878518845,0.8902573959112905,0.055654831630763756,0.003573709200332798,0.005513243379094289
360,0.012886887865181936,0.787126680144884,0.19378873684604325,0.0014013304332725642,0.004796364710618335
361,0.00868382480937795,0.6418629306863213,0.34342428057029495,0.0018424168052809597,0.004186547128724925
362,0.018708160933959567,0.8979366689001109,0.07646356675217676,0.001001156809132085,0.005890446604620452
363,0.013638827249511605,0.8679843470162663,0.11450390882153656,0.0007447579328457299,0.0031281589798398883
364,0.013075903696968448,0.5164425767622479,0.46521132146626126,0.0014513386669110816,0.0038188594076112854
365,0.008679752773403134,0.5741125541573451,0.4133800681914912,0.0009990308378546393,0.0028285940399057578
366,0.003919300799796563,0.6226721187221709,0.3679893381437662,0.002070128916913831,0.003349113417352536
367,0.004796531993058408,0.4314906758681438,0.5545809708287501,0.004874947704219344,0.004256873605828386
368,0.032298309743406584,0.8088396627916549,0.1087426301793829,0.032848815062048925,0.01727058222350688
369,0.01076056177546274,0.5395335064963785,0.43044771203406795,0.01455073445137222,0.004707485242718665
370,0.04194066037264777,0.8458096883303716,0.03226932677639365,0.06783816049797325,0.012142164022613701
371,0.03739011452362803,0.7675396879060117,0.11335284347954543,0.05488203073730884,0.026835323353505938
372,0.10707099186506608,0.7749699542219903,0.03946537269565223,0.06245592749569779,0.016037753721593738
373,0.09433711309336407,0.7751590640394226,0.021443776856071184,0.0567083548607471,0.052351691150394876
374,0.04803725282022193,0.8729577601801152,0.0413430245614611,0.029103767694086857,0.00855819474411499
375,0.32622018150944143,0.49269867736615003,0.01796373259457484,0.04265888802786493,0.12045852050196884
376,0.16793938723717033,0.7908541441870991,0.010398015080860587,0.012513133521126037,0.018295319973743982
377,0.258516775725109,0.6631217751638363,0.01714524783834208,0.03805102191102183,0.023165179361690713
378,0.16229294752842693,0.7727560269021966,0.03517417937942296,0.020346982781530396,0.00942986340842294
