epoch,N1,N2,N3,R,W
0,0.001726498847104548,0.0002183643736826417,2.5127852363228855e-09,4.119206774478184e-05,0.9980139421986827
1,0.00023762620410180501,7.386931508982127e-05,2.1806030447595666e-06,1.110323050668293e-05,0.999675220647257
2,6.757267293300624e-05,2.8904643219432086e-05,2.9913493798416866e-06,4.9309949413253115e-06,0.9998956003395264
3,0.0003278484741079209,7.001512057465445e-05,1.1938014288280128e-05,8.683231395177362e-06,0.9995815151596339
4,0.0002335243067820858,0.003110658204570276,6.485695586563033e-05,1.635434186063932e-05,0.9965746061909214
5,0.0010820106082852108,0.0005393491321545716,3.2184900138323554e-05,8.100473734752707e-05,0.9982654506220744
6,0.027848321754179582,0.005144471405153498,1.1524998187185291e-05,0.0007777285830611043,0.9662179532594187
7,0.029588536571050473,0.00868016239574508,2.11274842692869e-05,0.0006382329866278793,0.9610719405623074
8,0.046544828346668225,0.0061048408328912025,2.0826303515145065e-05,0.0021451224824645667,0.9451843820344608
9,0.07166634353961092,0.0386583661644214,2.3707142626515147e-05,0.0158665791684243,0.8737850039849168
10,0.05327374494387278,0.053283714939054774,5.762714969382508e-05,0.007740129748657553,0.8856447832187211
11,0.1223533419030736,0.09968635977236665,0.00010096931405996005,0.0056577612211856755,0.7722015677893141
12,0.027087884500533278,0.22740568159474797,0.00020131011936080085,0.005990484364450627,0.7393146394209074
13,0.0402350443286758,0.13373663151218745,4.5292305706856354e-05,0.014397203452481381,0.8115858284009486
14,0.052534446955439636,0.3244161664708932,0.0006412939286352212,0.003215822245162003,0.6191922703998698
15,0.010207775924244484,0.2561219023013944,0.00013119518830030918,0.0014749319692828385,0.732064194616778
16,0.026187901358938954,0.8435111180357036,0.0001830320532854316,0.0015737483919096304,0.12854420016016246
17,0.011536846156231765,0.7323780507661659,0.001378651756090421,0.0010963165442385084,0.2536101347772734
18,0.013756658371321789,0.917508284428634,0.004771364302359536,0.0009495555423400369,0.06301413735534454
19,0.00798656079466408,0.8899481875637449,0.0021051130261813757,0.0005716307574023014,0.09938850785800728
20,0.01897835401482922,0.6635367455313909,0.0037151830276794993,0.0008712158606146978,0.3128985015654857
21,0.014735535265209068,0.860221882522914,0.046093229767070844,0.0006113210706839694,0.07833803137412224
22,0.013075552846338469,0.9355753997347112,0.0015625472322361768,0.00038107856608518657,0.04940542162062899
23,0.012467569458013592,0.8890245392028201,0.03205542182830958,0.0003537043818091962,0.06609876512904751
24,0.0051325411928426655,0.8140661365245725,0.14596862225864343,0.00028259619407166166,0.03455010382986997
25,0.007156398229808217,0.6516179182729998,0.2758900167592737,0.0002622500314643238,0.06507341670645415
26,0.014391561139000936,0.9104892990880815,0.0232733955119948,0.00046040579592811367,0.05138533846499462
27,0.00900812571868526,0.8722094312830383,0.09390175488043691,0.0001263232757936405,0.024754364842045816
28,0.0017133523839969749,0.6763758113421041,0.3060351135334126,5.1244238481380666e-05,0.01582447850200497
29,0.0033213835172050286,0.6625733504269302,0.32118529515959426,0.000178035184518349,0.012741935711752238
30,0.0013954646643877212,0.49861236778184376,0.49208925661620306,0.0001273045976260155,0.007775606339939316
31,0.0014992213661364454,0.3928841592156002,0.5996734475605077,0.00010999603261094863,0.005833175825144751
32,0.0009283822970430951,0.2733000662474625,0.721544718382695,7.412251231009155e-05,0.004152710560489188
33,0.002781624923782248,0.3848298917331204,0.6048233066194849,0.00011027693846517655,0.007454899785147121
34,0.0024219878576864917,0.3020702344036426,0.6853046937516174,6.349243479656031e-05,0.010139591552256912
35,0.001505415356522946,0.20250915902571814,0.788857096740831,6.239476156525885e-05,0.007065934115362516
36,0.002906158867356833,0.32677062560504555,0.6601440579080562,4.84290269448332e-05,0.010130728592596675
37,0.0006557256813994756,0.16061653141057633,0.8360601928324422,1.956239196892239e-05,0.0026479876836130525
38,0.0010708362897449558,0.17956923190384508,0.8126407283360417,2.873396482963297e-05,0.006690469505538651
39,0.0010610312057868108,0.16346568820723184,0.8282529401164652,3.504188914157403e-05,0.007185298581374615
40,0.00030816800433817163,0.08207948749264561,0.9161611271282105,2.552434989710043e-05,0.0014256930249084972
41,0.0003108311797706489,0.05135898362033439,0.9470070885148087,2.482761843799089e-05,0.0012982690666484284
42,0.001804429740177028,0.135830559903121,0.8489502553218733,0.00011963206944525884,0.01329512296538365
43,0.0006306430923761033,0.0742822813006129,0.9195742448720582,3.304258036390118e-05,0.005479788154588982
44,0.00035001917171543785,0.054143129814325425,0.9410159948571569,2.2458573032605264e-05,0.0044683975837696245
45,0.0002565153750222638,0.0741941067407045,0.9203454818079472,1.6851031513678137e-05,0.005187045044812284
46,0.00023823856036237937,0.024308877439684518,0.972046834298061,9.726757214122684e-06,0.003396322944677976
47,0.0003190971808480221,0.032038163189754894,0.9634125914357328,1.1497007821875382e-05,0.004218651185842364
48,0.0004104711970020203,0.03967297509358598,0.9554777565335881,1.720985938176587e-05,0.004421587316442142
49,0.00024037128168859353,0.03931544575988548,0.9570400100473456,9.972063398327312e-06,0.003394200847681964
50,0.00010184907038823401,0.01903876813237041,0.9798743778980836,5.720928277573244e-06,0.000979283970880013
51,9.974319091973577e-05,0.018537298428200143,0.9802650612665762,5.7886876195241984e-06,0.0010921084266843572
52,0.00028372212142868913,0.023679412097007354,0.9747107939961048,7.588979627681272e-06,0.0013184828058314553
53,7.022659214706013e-05,0.007478883702322431,0.9918113074490321,5.547149259627315e-06,0.0006340351072389274
54,0.00031022075407094777,0.021030653578722622,0.9778036439660316,1.5569555519209754e-05,0.0008399121456556638
55,0.00030110353547282184,0.01851402088639314,0.9798788052078408,1.24207436293725e-05,0.0012936496266640226
56,8.929042750861983e-05,0.0028462671065362494,0.9965005516361974,3.816063344127019e-06,0.0005600747664133766
57,0.00019314256227713464,0.01720468610285237,0.9809851105865115,6.440246900421748e-06,0.0016106205014585146
58,0.00028568234684759816,0.017364022556980604,0.9738276040381395,1.0929295168798445e-05,0.008511761762863534
59,0.00012079874638750632,0.012037503105163702,0.9860572838102317,5.596445710349127e-06,0.0017788178925067404
60,0.00031007771097737774,0.018038870128473414,0.9784341467822572,5.279863539154066e-06,0.003211625514752839
61,8.317513850791518e-05,0.014160694117795436,0.9845043436696972,4.243296820885082e-06,0.001247543777178698
62,4.743251510363792e-05,0.005816230125001583,0.9921488732212105,2.529417882012818e-06,0.0019849347208023556
63,7.229000633036183e-05,0.010166971646948188,0.9889495236804107,4.982928614578785e-06,0.0008062317376963573
64,0.00011979476903074407,0.013271871451766936,0.9851587469320308,3.8069977177942944e-06,0.0014457798494536965
65,6.79794813173751e-05,0.007590155442762446,0.9913174776109873,3.6754955359230705e-06,0.0010207119693968177
66,0.00014441017600832077,0.0127025858380294,0.984708814152418,5.43599637072502e-06,0.0024387538371734466
67,9.727331313304235e-05,0.007234964016313911,0.9916718770377644,4.4470229939016156e-06,0.0009914386097948083
68,0.00010474957348220543,0.011554135047380391,0.9857262668204522,4.6636850156448134e-06,0.0026101848736697734
69,0.00011445186061400327,0.012952025370864005,0.9855585192806567,5.5888836279060855e-06,0.0013694146042373075
70,0.00014176039203420626,0.00906978584198333,0.987199550806261,4.4351557734749296e-06,0.0035844678039480614
71,0.0001141695414316107,0.010065118750954711,0.9875733209268452,4.947130687178552e-06,0.0022424436500812924
72,5.7876478823993956e-05,0.004470544068089186,0.9946659018558089,2.365285299257329e-06,0.0008033123119786752
73,8.154381684110345e-05,0.0028147850145000377,0.9958026341667893,4.0365831119937575e-06,0.0012970004187574703
74,0.00017045218887916556,0.018037186871240406,0.9796795551872998,5.572285127998971e-06,0.0021072334674526404
75,0.0001441461702234525,0.016804298833346522,0.9803426263231529,1.1050099864850235e-05,0.002697878573412265
76,0.00014344547957058704,0.015362429715137738,0.9826849426001638,9.721272250317251e-06,0.0017994609328775887
77,0.00010591685753798944,0.01746090249440978,0.9804538141984278,9.412193694885557e-06,0.0019699542559296172
78,0.00016545058863009612,0.010588058114278242,0.9849838356104026,2.2590802467290617e-05,0.004240064884221902
79,0.00014518772270453038,0.023487849745325296,0.9733374708662154,1.3368854875899645e-05,0.0030161228108788684
80,0.00017429422962996456,0.019964057431481688,0.9765945413277459,1.4127039902963851e-05,0.003252979971239641
81,0.0001697725402237643,0.018903191972522798,0.9782232583491043,1.3322229289411661e-05,0.002690454908859765
82,4.696132005535802e-05,0.01049370742910393,0.9883003223726317,9.51221727503701e-06,0.0011494966609339097
83,6.446663735209936e-05,0.01118484378461409,0.9873203147096703,6.56012210044923e-06,0.0014238147462630527
84,5.9918511728874916e-05,0.009292155266866898,0.9891188352346099,8.152073924905762e-06,0.0015209389128693154
85,3.9289649590483254e-05,0.008353433278416722,0.9904873870302493,1.1327714219531331e-05,0.0011085623275239283
86,4.833761980943411e-05,0.007983222721459375,0.9912251831080316,1.2170887635515486e-05,0.0007310856630639269
87,5.184933897800395e-05,0.010377376063137052,0.9887400290006562,1.2260266948858014e-05,0.0008184853302798546
88,9.846228773785403e-05,0.010525479682219339,0.9885325417433896,1.8122877862912307e-05,0.0008253934087903734
89,0.0013966449057661642,0.044802972139118706,0.9227010403521814,0.00011425212116788182,0.030985090481765842
90,0.0005005796623533981,0.041998728957503735,0.9559244471138065,4.3251047280990764e-05,0.0015329932190552118
91,0.0002061043245776901,0.034820240510750264,0.9638665871054085,2.0616077714585574e-05,0.0010864519815491072
92,0.00024187117321362986,0.03976818664916309,0.9589290363649687,2.4498377201724064e-05,0.0010364074354529062
93,0.0003545332118825551,0.040266476034382104,0.9583974377997498,2.8362713628026627e-05,0.0009531902403574542
94,0.00010523122663059441,0.019078994880220662,0.980083413782803,1.5167225704088901e-05,0.0007171928846418997
95,0.00013692865035493728,0.02267412243733063,0.9761758829252537,1.474257971031671e-05,0.0009983234073505627
96,8.14862746084219e-05,0.017503732807255798,0.9820959184865121,1.1618116659265225e-05,0.0003072443149642825
97,0.00012007838883566158,0.01472111252232274,0.9837647425516336,1.4676276747406519e-05,0.0013793902604606206
98,6.787000915575183e-05,0.01425175808395101,0.9847156583175484,9.486578379950811e-06,0.0009552270109649546
99,3.6836763028236174e-05,0.008388616699313636,0.9907383999269938,6.887060370389946e-06,0.0008292595502939989
100,6.496387534820375e-05,0.0073940740701849885,0.9889571323294551,7.172814691040709e-06,0.00357665691032044
101,9.012103471002455e-05,0.010361869922457792,0.9859891567946314,1.3527087088761507e-05,0.003545325161111755
102,7.691059217788439e-05,0.010208961387883969,0.9873341172190719,1.2803094156610108e-05,0.002367207706709747
103,5.532003466631776e-05,0.02132528051624513,0.9766693160184273,1.555319022791646e-05,0.0019345302404332463
104,2.8064536007274547e-05,0.007374051139938137,0.9913454911256554,8.316186187314376e-06,0.0012440770122116392
105,5.1252115078271494e-05,0.013768271997503814,0.982545414935003,1.6881114150661464e-05,0.003618179838264135
106,3.058626622422773e-05,0.011067660067381028,0.9868602155278392,1.4494781195092435e-05,0.002027043357360562
107,4.6392026125758606e-05,0.006895411181434259,0.9919690616965041,1.1640929114956696e-05,0.0010774941668210557
108,2.9593562538437537e-05,0.007500166839515878,0.9916845910012558,7.81160044964464e-06,0.0007778369962403517
109,3.7924240154007674e-05,0.0106625400147007,0.9873778855772113,8.642950166835805e-06,0.0019130072177671227
110,3.757762829730622e-05,0.009483565989001293,0.989453551920999,5.578526484043392e-06,0.0010197259352183968
111,5.294937798031563e-05,0.007870817383805974,0.9910298699132069,7.403938694209799e-06,0.0010389593863126517
112,4.465090129497221e-05,0.006317608273766158,0.9926821227974313,7.768923957457384e-06,0.0009478491035501321
113,4.974449362013216e-05,0.010988906964479466,0.9880193419259604,1.3774482854983264e-05,0.0009282321330848527
114,7.676871971484087e-05,0.012959644929632192,0.9859329979370418,1.251308367074801e-05,0.0010180753299404868
115,0.00011926029371904546,0.009205811007568834,0.986966629292906,3.1821979015477424e-05,0.0036764774267907655
116,5.8932081285178916e-05,0.014008678460380486,0.9845432874807515,1.3725169072606357e-05,0.0013753768085101121
117,7.54775496484507e-05,0.019138034143379043,0.9772365881080946,1.516965247018207e-05,0.003534730546407704
118,5.807905200269412e-05,0.009187264739553494,0.9896379407162179,9.738226913614989e-06,0.0011069772653122482
119,0.00014801317103495723,0.019862784551534264,0.9771916317138521,3.260066090876559e-05,0.0027649699026697106
120,0.00015446850602595996,0.024797767970719534,0.9723046191380623,2.8904138612684793e-05,0.002714240246579421
121,0.0001073222782186347,0.01084886975154097,0.9877976305570103,2.033601814008404e-05,0.001225841395089952
122,0.0001132125592951192,0.03278293582321415,0.9655407302786579,2.8184517069364417e-05,0.001534936821763437
123,6.901193210412638e-05,0.0178410672608586,0.9811576204377754,2.2676268016666238e-05,0.0009096241012452467
124,9.514466655544976e-05,0.015919644816640675,0.9834272934621305,2.8658313047715303e-05,0.0005292587416254127
125,0.00044307684278336066,0.031222883697725978,0.967018172739177,3.527962790725702e-05,0.0012805870924064195
126,0.00033587026245040954,0.038379698382484985,0.9601569234782202,3.255256637235309e-05,0.0010949553104721834
127,0.0001633131399599402,0.022137047066196118,0.9769013390331701,2.5607767983234946e-05,0.0007726929926905094
128,7.142725636518759e-05,0.009418976956425967,0.9901596681831161,1.348435052190703e-05,0.0003364432535708133
129,0.00011224616021981625,0.017106987216105297,0.981376733198511,2.9791114034358277e-05,0.0013742423111293691
130,0.00020108662787449025,0.021304245180663085,0.9775388315858276,5.04764738368369e-05,0.0009053601317981859
131,0.0004394598723539116,0.05274101196362149,0.9457307698945855,0.00016125055852257003,0.0009275077109164873
132,0.0003572213590538727,0.02072958170452543,0.9774689814395501,0.0001442284298515088,0.0012999870670191156
133,0.0020340567698232084,0.12150725469807365,0.8611765458701465,0.0008147528572442776,0.01446738980471238
134,0.0017855708808506483,0.07707639486906219,0.8954403118695591,0.0005602180345348011,0.025137504345993253
135,0.010341643859875958,0.029514590141445095,0.00968646251639113,0.0012355608228501785,0.9492217426594377
136,0.04530200244984204,0.32930430004275213,0.0537854931958861,0.004220688484097247,0.5673875158274224
137,0.012480590551822093,0.04856219037799211,0.008379585968865956,0.000582950225663599,0.9299946828756561
138,0.046424154580561844,0.6465229618849218,0.1671587338770259,0.0010973818521819105,0.13879676780530864
139,0.025378659851850685,0.5689359227081087,0.19272237401350747,0.0014746179962077878,0.21148842543032537
140,0.017911558874968366,0.23484752557498006,0.026978120905546292,0.0036269807187241177,0.7166358139257811
141,0.02485636471490427,0.23552730967504465,0.12921290981452344,0.0042273719731076445,0.6061760438224201
142,0.021992101719745395,0.20158480432042625,0.08672582366526388,0.0036595094488819126,0.6860377608456826
143,0.011174111479968918,0.035637540509328956,0.0027461249142692193,0.009614981987356955,0.940827241109076
144,0.023443817458268974,0.18659424145838982,0.02370964748745592,0.026864673482068734,0.7393876201138165
145,0.09823324224758628,0.22319330093528467,0.0019465600369728041,0.1129355604670205,0.5636913363131357
146,0.049618919849951086,0.08913974720285739,0.00881037925216448,0.024602419071688374,0.8278285346233386
147,0.14285433228104413,0.24539169438117944,0.0004007923729754325,0.5257324426005369,0.08562073836426402
148,0.0822626279293534,0.4642818653657242,0.000905428397414604,0.11561552879258524,0.33693454951492263
149,0.049960004584006575,0.6118910631237096,0.0026906378003348835,0.207308459187734,0.12814983530421478
150,0.048887444436082644,0.3917103130078721,0.00025269196975207653,0.24590373506035015,0.31324581552594294
151,0.04071684435686518,0.35719566081930787,0.0003743933603801804,0.15726054750285626,0.4444525539605905
152,0.11043069953452193,0.2518565818904389,0.00015482297846175773,0.4004493179036721,0.2371085776929053
153,0.0996549298642625,0.1112983019087904,8.544282728821292e-05,0.33790236931656564,0.4510589560830932
154,0.056101014027627405,0.12705119292378572,0.0001150314903561894,0.37215742506521365,0.44457533649301706
155,0.13767669660115783,0.09506800583331645,0.00010310737349941655,0.6417598636068597,0.12539232658516675
156,0.12589472235426782,0.07481638395084893,4.975124443446317e-05,0.5834564512284697,0.21578269122197916
157,0.04919534591109817,0.1513204380894689,0.0001537416880477869,0.18089078347576334,0.6184396908356218
158,0.028939915148754665,0.0886278506061921,0.00012723052709465106,0.15945234185196713,0.7228526618659914
159,0.054203245425039015,0.09554271408129934,0.00010807158337855785,0.24950245288868556,0.6006435160215975
160,0.12661341536865894,0.03912908269443894,5.837904229357859e-05,0.35624234476594985,0.4779567781286586
161,0.0981488107611893,0.06036233988173095,4.246791428607485e-05,0.5120198530268588,0.32942652841593484
162,0.09794846269827719,0.03721213478305191,5.341513220955959e-05,0.38666079747863075,0.4781251899078305
163,0.12174073147763055,0.03763816246484346,3.428925653679118e-05,0.5022448259655743,0.3383419908354149
164,0.11795879284744996,0.03484594523751019,3.482362505345579e-05,0.5598943307558426,0.2872661075341437
165,0.1797923420962716,0.05578242705283584,2.9478369752554917e-05,0.4191086348975465,0.3452871175835933
166,0.11022754976746817,0.058025093929906714,7.772963000202437e-05,0.2091453962889464,0.6225242303836767
167,0.1618354533066029,0.2394445905434809,0.00010736620672902878,0.261014714540686,0.33759787540250114
168,0.07165020048592542,0.2201466603782318,0.00020816134151750498,0.24454514608571967,0.4634498317086056
169,0.09539851650929398,0.2843968945112416,9.540098209245413e-05,0.3177545754086125,0.3023546125887594
170,0.05677736644934372,0.19415406664975646,0.00020088275518444397,0.34296263902955076,0.4059050451161647
171,0.030657211460469166,0.3195599548900849,0.0004836066181668206,0.09496509649406612,0.5543341305372129
172,0.043748426645374185,0.4744455613542555,0.0003821483265613506,0.14970136994800548,0.3317224937258034
173,0.03785031644703794,0.4878683655159527,0.0026062018796351558,0.07339924886888942,0.39827586728848485
174,0.05941204197168419,0.5124111421903329,0.0018198949912636726,0.15733799532172424,0.269018925524995
175,0.07493175646110578,0.40651832496836465,0.0007256750036317423,0.1484058211989921,0.3694184223679056
176,0.06874938279634467,0.2658509635952324,0.0002026661576454662,0.15580360413701044,0.509393383313767
177,0.06681375557226969,0.5371617626420042,0.00015535122515369188,0.2333848525551418,0.16248427800543055
178,0.02059051604444695,0.8505018431587923,0.0028609194441149796,0.03241577055037119,0.0936309508022745
179,0.018320273280609426,0.5148438157707185,0.00033410600057614035,0.015624299449168131,0.45087750549892774
180,0.01191453721749561,0.04376817925105338,0.002316637226605019,0.004956592126898203,0.9370440541779478
181,0.062125886598881803,0.6652072666240899,0.00030056513145934767,0.04036289545328681,0.2320033861922822
182,0.03811956923948965,0.8490069035182743,0.0005602586496968054,0.020447859929187302,0.0918654086633519
183,0.10069566880885573,0.6153740149753367,0.0013266464349451872,0.048424437528589846,0.23417923225227236
184,0.10755835658568332,0.41537598624187194,0.0002040341402920817,0.05375381032870597,0.4231078127034467
185,0.042759416613056406,0.7005422308729915,0.006385027518607096,0.02236036153974683,0.22795296345559815
186,0.045375443947177074,0.40402392251924374,0.00098181081850436,0.012812580701541107,0.5368062420135337
187,0.048057951500896444,0.8332901521350686,0.0012325160608876035,0.02068176998829489,0.09673761031485227
188,0.02236049709016791,0.9003818390103586,0.0003242650581582113,0.009558908266439396,0.06737449057487578
189,0.005962947808959699,0.968417093005901,0.0034629112681697377,0.001521051443054314,0.020635996473915334
190,0.024852114749013814,0.8470546629238944,0.00029739497681680147,0.0028002455685832905,0.1249955817816917
191,0.004890805739868681,0.9703305797875975,0.010635725766759762,0.0004820084763900556,0.013660880229384014
192,0.0044466327950303435,0.971693277885092,0.002885082973089071,0.0011437918312326575,0.019831214515555876
193,0.004006865022480037,0.9796700688794824,0.0006730475750453616,0.0010984269311974948,0.014551591591794437
194,0.0008043908287080037,0.9870602099110246,0.008409007282200414,0.0002581695721762868,0.003468222405890544
195,0.001574983409235917,0.983920832732925,0.0047190777258265355,0.00039041205382081193,0.009394694078191622
196,0.005809108426732555,0.9850487393925191,0.0023329031228111682,0.000708099440607616,0.0061011496173295895
197,0.002803430968076932,0.9468415652711857,0.041627887763230224,0.0004962839927245804,0.008230832004782711
198,0.0024197364403511375,0.9843299029753251,0.007328659726936748,0.00024235452277362877,0.005679346334613469
199,0.004333912874460979,0.9613670310929343,0.024596952891186994,0.0010642445086919586,0.008637858632725771
200,0.004331288696992248,0.6718028411824629,0.317201448742504,0.00132891741042356,0.005335503967617187
201,0.007563135115884102,0.9213948910885987,0.06114001771965819,0.0007216194953028764,0.009180336580555924
202,0.0031345386211321905,0.5209876742873696,0.4691693446014012,0.0010754679363778775,0.005632974553719273
203,0.007747673810166084,0.6014846101988772,0.38035589687585,0.0016529255428024258,0.008758893572304187
204,0.004112045479604529,0.4719590892436002,0.5193380809720688,0.0008376887785828241,0.0037530955261436227
205,0.0028208569000604815,0.5732528096513915,0.4193171421999128,0.0007420933129946521,0.0038670979356405137
206,0.0017747677317189342,0.38116880099329686,0.614602878750554,0.00045463435779835083,0.001998918166631846
207,0.003474916193572975,0.49479409304955646,0.4961037247673929,0.0006919514910309286,0.0049353144984467965
208,0.004423529101961621,0.39360112057589863,0.5963408019762745,0.0007137907020028587,0.004920757643862582
209,0.012173839368459581,0.7626903978351599,0.21199817805936905,0.0008281419599725673,0.012309442777039034
210,0.001519370718312666,0.2529254020174919,0.7440335340056003,0.00013217719590395322,0.0013895160626911764
211,0.0014206960041110884,0.32621181942883837,0.6689080307634777,0.00019382439568306373,0.003265629407889771
212,0.001313903134081926,0.22791719594936596,0.7683187054609798,0.00019669092174724257,0.002253504533824992
213,0.0009495821320338788,0.15804458649285863,0.8390436763282717,0.00012429077823039933,0.001837864268605316
214,0.0009072220491226925,0.1600697363731507,0.8374987287872727,0.00012159166524031216,0.001402721125213739
215,0.0011256157232741738,0.12621190432314278,0.8703505038950514,0.00010326826573361704,0.0022087077927981794
216,0.0005623680647413417,0.11684355445815062,0.881471394407132,6.864696638291218e-05,0.001054036103593294
217,0.0002763932372811765,0.11181870043001031,0.8873131490545005,4.370952770875349e-05,0.000548047750499108
218,0.0007224307216427504,0.19135260060513423,0.8048498680158678,0.000132309716574405,0.002942790940780566
219,0.0002578928448188656,0.061904618983240706,0.9372636414435278,5.081086828272829e-05,0.0005230358601299029
220,0.00030171555225484394,0.06583463535870265,0.9328633975271223,4.8194564026414684e-05,0.0009520569978936801
221,0.0002932126516385666,0.07438316559268061,0.9244097092726932,4.9551858990266355e-05,0.0008643606239975066
222,0.00010351490879493938,0.028667824429218836,0.970638368534184,3.741397070061576e-05,0.0005528781571016656
223,0.0003504085474625745,0.09332969845361593,0.9056161209090408,5.5124899824723795e-05,0.0006486471900557667
224,0.00011022324311821881,0.024445502989815928,0.9748966055141663,3.254168740466369e-05,0.0005151265654949167
225,0.00021851995031386194,0.047166700298359364,0.9514725335163653,5.9933870103918695e-05,0.00108231236485742
226,0.0002446628359713839,0.056578055684523315,0.9425951916441889,4.041995970162532e-05,0.000541669875614555
227,0.0003322372879109409,0.048055562980448156,0.9494729239054134,7.425243703681029e-05,0.0020650233891906945
228,0.00024594558599344893,0.06461652723106232,0.9315295727806716,7.541230743707684e-05,0.0035325420948356823
229,0.0007708818942881279,0.07048307626309476,0.9246809819127094,6.26388119205963e-05,0.004002421117987013
230,0.0005224546136754089,0.044262415385997095,0.9536683422110508,5.3043978945652724e-05,0.0014937438103309918
231,0.00015844854876453514,0.026388121502815776,0.972506846446214,3.2760879725799645e-05,0.0009138226224799562
232,0.0002039859646758934,0.03513199501055624,0.9635470851787765,4.2423195427557766e-05,0.0010745106505636083
233,0.00016713319294197162,0.012094677897711716,0.9868917343971895,2.519962104703589e-05,0.0008212548911097238
234,0.000133958470591598,0.028306735864657193,0.9709112508152864,4.22014493685245e-05,0.0006058534000963986
235,7.541851335540596e-05,0.010883020503717072,0.9874288820636069,1.4755370337445797e-05,0.0015979235489829065
236,3.771156807092356e-05,0.011604141461819453,0.9878774761861986,1.4412734883969702e-05,0.0004662580490271916
237,2.884524802526804e-05,0.00920578330840644,0.990407136616268,1.2226455986234361e-05,0.0003460083713142261
238,4.154730263168647e-05,0.012734403171665905,0.986815486316116,1.7727691716863718e-05,0.0003908355178695145
239,4.5391126729142804e-05,0.021805739259152565,0.97714682849854,2.9021254112025156e-05,0.0009730198614663438
240,4.6096153876835834e-05,0.01111495411092751,0.9883586686586562,1.6784966488916087e-05,0.000463496110050396
241,3.5021331967537304e-05,0.014085420316506284,0.9855169179139688,1.7963913852135824e-05,0.00034467652370520895
242,7.365889888588797e-05,0.02280166089534169,0.9764917755881442,3.286014486935981e-05,0.0006000444727590514
243,9.193422368910629e-05,0.0210216386987765,0.9776998589961058,2.939456659274037e-05,0.0011571735148358834
244,0.00012989448061279004,0.018335879793736718,0.9802091056254486,5.616926560884105e-05,0.001268950834592906
245,6.634657418742979e-05,0.02610795919393986,0.9729329040173372,3.558034593298511e-05,0.000857209868602225
246,4.902963357668076e-05,0.018999134004139384,0.9796385859922916,1.9607579115620686e-05,0.0012936427908767395
247,0.00011012196517197218,0.02334729311216764,0.9740194406169717,2.6829326633762037e-05,0.002496314979055069
248,5.095025522636072e-05,0.016276858660774534,0.9829309009822096,1.976679941420613e-05,0.0007215233023752365
249,0.000129843410606558,0.021284101109992938,0.9763940120639062,3.220537186796098e-05,0.0021598380436262587
250,7.222376690764611e-05,0.029192919594560402,0.9694399695574796,3.1621074026413235e-05,0.0012632660070258995
251,4.811383070838285e-05,0.006044014522489039,0.9933967048462345,1.4716163479225782e-05,0.000496450637088821
252,8.672902308638659e-05,0.009221492159513813,0.9898306550184978,4.623260086128251e-05,0.0008148911980406592
253,7.483835208586717e-05,0.02590237992823522,0.9728988410873926,2.1805465157684918e-05,0.0011021351671288051
254,7.301642054942892e-05,0.018772348404465657,0.9802542338571404,2.8011065450565157e-05,0.0008723902523939486
255,0.00014242267765621276,0.02584785698916472,0.9728912227167404,3.750902448489067e-05,0.0010809885919537956
256,6.606577442162512e-05,0.01605429273510323,0.9827001480682983,2.0463073083388442e-05,0.0011590303490934689
257,0.00011511221891592793,0.02479470589807237,0.9739318550137446,1.7980177150712506e-05,0.0011403466921165195
258,0.00024629267622647185,0.021112149633409204,0.9765886961130721,5.719923126561885e-05,0.001995662346026515
259,0.00010696139006828717,0.0332010613666801,0.9647017524573333,3.914527956251961e-05,0.0019510795063556814
260,0.0002224548726091376,0.023278962901818294,0.9753596475247001,8.3999535436208e-05,0.001054935165436408
261,0.00025814240180267956,0.02070725960904973,0.9776743076062255,0.00010832379485957954,0.0012519665880625671
262,0.00017201418414059295,0.021130387997483964,0.975797539837268,0.00012335924327201126,0.0027766987378354934
263,0.00026275903239238196,0.02636688100903357,0.9693984755549718,0.00017178048533487785,0.00380010391826739
264,0.0007731439234379056,0.04455018940867578,0.9492234121549358,0.0005099342341599977,0.0049433202787904995
265,0.001384635927484969,0.12817679289293926,0.8542758788307835,0.0006135702227845869,0.015549122126007668
266,0.006203762271845415,0.015927043095465318,0.020311365235373142,0.002089217692516683,0.9554686117047994
267,0.03337206504481719,0.0784782379006368,0.012554317589841194,0.0029234046013439517,0.8726719748633608
268,0.02879238004717869,0.11150855046358066,0.01210919790009911,0.006199308924400058,0.8413905626647415
269,0.02974706579228962,0.6233587857544947,0.12440721410269108,0.00424276823952824,0.21824416611099637
270,0.016086444797006064,0.03011275096654658,0.0072163707621400895,0.0016891793873435896,0.9448952540869637
271,0.13408123589341275,0.5184398311963313,0.012930219319373049,0.01907860945898313,0.31547010413189985
272,0.16180057184680088,0.530784843211604,0.023181811283028857,0.024953247994964324,0.259279525663602
273,0.056297961923657894,0.6722813492379174,0.043819031824344754,0.019738465505072193,0.2078631915090079
274,0.03851557651738922,0.6873688935996016,0.009421415542979114,0.06836243134695796,0.19633168299307205
275,0.025406488362899035,0.8706316234587129,0.02384874465416318,0.021289966957831495,0.05882317656639337
276,0.07114486120706018,0.34698384016662503,0.0007528943001389843,0.17173739417392644,0.4093810101522495
277,0.050269173909013094,0.6313737991257137,0.002482313254587416,0.15939600467814102,0.15647870903254466
278,0.05690329125818446,0.7413722531859558,0.003816169228265427,0.11016249484429536,0.08774579148329897
279,0.08896901334405055,0.5130069764509807,0.013508281104579481,0.10262485776666255,0.28189087133372687
280,0.03340982320075328,0.2399275873950857,0.023511900571720062,0.029260803844178097,0.6738898849882627
281,0.09918864128565531,0.22324090004807476,0.0008304674375914594,0.19376101148652072,0.48297897974215775
282,0.05021138874465507,0.4178968313810635,0.013729059461862847,0.03636837609189948,0.481794344320519
283,0.07015385314924216,0.5369415836031733,0.003579032478818349,0.13897507355542021,0.25035045721334603
284,0.08256545146363287,0.38663075768736876,0.002072291883895024,0.4533243563072002,0.07540714265790333
285,0.0373334418734704,0.08604247584433657,0.0002479930764294936,0.7934127228836555,0.08296336632210813
286,0.05924275147946206,0.06373157344263229,0.0001063680504377681,0.44613724157056694,0.4307820654569009
287,0.05768324303647989,0.08358910634436299,7.919060095229359e-05,0.7397529931792279,0.11889546683897699
288,0.07336071665176865,0.0920779926931751,6.013188211588948e-05,0.6331128991638222,0.2013882596091181
289,0.11683110326368774,0.07815629047802816,0.00014209206893500912,0.48920689149171726,0.31566362269763176
290,0.13499731288370567,0.06353697768220469,6.857994974359893e-05,0.722196668381543,0.07920046110280309
291,0.1306555978573092,0.037451824976186265,7.193324338564861e-05,0.7460205611810026,0.08580008274211634
292,0.08355077108725395,0.03188583945960199,2.0407279257867982e-05,0.6268368735524389,0.2577061086214473
293,0.06612120259280037,0.028056805772719993,2.578734927733369e-05,0.6720398302463076,0.23375637403889477
294,0.14323488159666214,0.03478139792042862,2.2105323993353758e-05,0.6658048575478686,0.1561567576110474
295,0.10851561090828603,0.03468243110251043,2.0834074661898704e-05,0.6018973962681995,0.2548837276463421
296,0.1319474590642069,0.03646054931052317,7.020751801490099e-06,0.5702531848264581,0.2613317860470103
297,0.13676786858294798,0.017351751925962812,1.156007172242415e-05,0.7679500868118723,0.07791873260749449
298,0.1137429397418444,0.020561802040997987,1.5802073746228605e-05,0.7810350803873172,0.08464437575609433
299,0.06895012869443924,0.026613100853126313,3.0330651364494462e-05,0.6348148293932658,0.2695916104078041
300,0.08366334961919346,0.01912039430140511,1.4976387120069108e-05,0.8023825437881911,0.09481873590409033
301,0.07758586050056662,0.02723619477485309,2.1605858789643366e-05,0.7564266712478503,0.1387296676179403
302,0.05399125851043687,0.04877855484386167,3.014975427097742e-05,0.7213469694503882,0.1758530674410423
303,0.03855096181959971,0.02280176036516002,5.513404537709271e-06,0.8668690949273393,0.07177266948336317
304,0.05169436630041312,0.03789737194102441,9.260828292506455e-06,0.8332232877586943,0.0771757131715758
305,0.03947101834635706,0.04878634995568387,1.4105457112738064e-05,0.7613860104436669,0.15034251579717944
306,0.07381699293145766,0.04230357157402698,5.6368115184472786e-05,0.5620418061150776,0.32178126126425316
307,0.0988325960777453,0.05753211285934529,4.1179763310957064e-05,0.7501003233360668,0.09349378796353172
308,0.014703091504434315,0.07195260998835046,0.00014616964593037725,0.43459666371377775,0.47860146514750695
309,0.06132650987148823,0.03959580210992281,1.7139280707571397e-05,0.703976865166224,0.19508368357165723
310,0.03153454419202767,0.04068187704875288,7.218917949995503e-05,0.4299308997837311,0.4977804897959883
311,0.09208359146136716,0.04719158862695695,5.8331168653205884e-05,0.6788571315766377,0.1818093571663849
312,0.0924179684920661,0.024861241090052427,1.2455747910428264e-05,0.7908321626944251,0.09187617197554611
313,0.06747442332090835,0.026832495959404123,1.3901072742498737e-05,0.7285073252188492,0.17717185442809585
314,0.05018514563370909,0.03469375896364194,4.6536117496721746e-05,0.7326483956903205,0.18242616359483177
315,0.05803196542517298,0.021892475242054094,7.067616848928623e-05,0.6612838156224436,0.25872106754184004
316,0.13200407855024676,0.01627438317963526,2.423102091760841e-05,0.801814946172556,0.04988236107664441
317,0.1355623944145261,0.012737400796832526,2.2045828032419717e-05,0.8235342415499272,0.028143917410681823
318,0.0945857604770086,0.021850586841110922,3.699703499776177e-05,0.8430678169645918,0.04045883868229097
319,0.013028935072261879,0.014146812415058701,6.128637731306943e-05,0.9035961377431764,0.06916682839218992
320,0.01887755189903563,0.023243895188147897,0.00011480522362881894,0.8938061934483662,0.06395755424082168
321,0.04664799078784408,0.017053658220467997,0.0001340195102427461,0.7102138268665674,0.2259505046148778
322,0.07287913999048029,0.023314771972840515,9.199675263563122e-05,0.7987391217025076,0.10497496958153597
323,0.1103989448297707,0.03799882398805405,0.0001227549333243379,0.7165766969904144,0.13490277925843655
324,0.0960888440390538,0.041298008154615484,0.0005760978279082453,0.40626676563415703,0.4557702843442654
325,0.21246437864442658,0.036377928075017656,6.983315126306973e-05,0.6103534643576402,0.1407343957716525
326,0.08139191317329425,0.0217538616527457,9.303543527227102e-05,0.7317382845427828,0.16502290519590487
327,0.13864063699688675,0.023621917643144384,7.111701317500722e-05,0.7762246882416829,0.06144164010511093
328,0.14211113555140323,0.027099212277443458,2.7583367541159217e-05,0.7575346767842474,0.07322739201936475
329,0.1029790829962675,0.05358820459603979,0.00018377742340792175,0.6257216532948565,0.21752728168942823
330,0.1217633051389071,0.05924766085834702,5.716996701209123e-05,0.5631851845799907,0.2557466794557432
331,0.19213188816927404,0.055882778009556155,1.9430461099710912e-05,0.5480145606909714,0.20395134266909865
332,0.25726617379468947,0.06628590273954434,6.624902809271958e-05,0.44422011913661796,0.23216155530105542
333,0.2299174555963937,0.05399296634896437,6.565905758392018e-05,0.4728437982310261,0.243180120766032
334,0.1271243733733035,0.06269817130854374,8.631121617019399e-05,0.5095590804166288,0.3005320636853537
335,0.0348734234066747,0.04874212881263311,0.0002783809053451394,0.3353692710655044,0.5807367958098426
336,0.14598102010279065,0.0846285745742885,5.236519088086718e-05,0.674156596783392,0.09518144334864798
337,0.07738776133490233,0.10644574959770323,5.470741104898707e-05,0.6709522670308015,0.14515951462554408
338,0.07878357325543227,0.07570692094799848,4.009783866488434e-05,0.6705003596389764,0.17496904831892796
339,0.05343919006648244,0.1444207305214653,6.270990197403666e-05,0.5883890643823216,0.21368830512775666
340,0.08554158900053316,0.07505672880482307,4.712626802001451e-05,0.7648932720397476,0.07446128388687634
341,0.09737758959036888,0.07892053701002748,3.952015373386145e-05,0.5760417356137976,0.24762061763207216
342,0.10937613703138772,0.054106249553931535,0.00010390640562580023,0.30642106277794934,0.5299926442311057
343,0.22390296582118818,0.0873824724985035,8.310324858033288e-05,0.34448868437597424,0.3441427740557537
344,0.23341638148562324,0.07091250954887582,8.203883690904902e-05,0.2130201297276254,0.4825689404009664
345,0.37303056085557335,0.10867308745380076,0.00010509402238254706,0.14135583072829502,0.3768354269399483
346,0.31613555204895993,0.1140303334875203,5.993211241995644e-05,0.17220617506030106,0.39756800729079883
347,0.2902546145102422,0.12378041457754639,4.936917326334134e-05,0.21311577200218443,0.37279982973676357
348,0.14801949180646573,0.3696008059711316,0.00015862750939111552,0.18409385871415568,0.29812721599885594
349,0.056271727065054726,0.24548082579345315,0.0002978786422729649,0.11208546865494405,0.5858640998442751
350,0.11371491391612754,0.1827125196389653,0.00013449798787285323,0.18209306044558332,0.521345008011451
351,0.0950216096435508,0.4021492762280096,0.0008440463098228394,0.21017139152679595,0.2918136762918208
352,0.07752057220206557,0.37706022885502366,0.00023492425676098358,0.18679236289450823,0.35839191179164154
353,0.17887339178596745,0.2725278281706581,0.00021956879234377407,0.2677884113752906,0.28059079987574015
354,0.21605620966954284,0.20606097698330383,0.0001380679187434006,0.31438473521146465,0.26336001021694516
355,0.0696387379067836,0.2101819109432325,0.0014571949449622824,0.059183200694574736,0.659538955510447
356,0.27564220223898533,0.38854696900397884,0.00025838374774023664,0.12718624620487182,0.2083661988044237
357,0.045939960538228124,0.87411029153819,0.00029120734630718213,0.06339972048149864,0.016258820095776286
358,0.03689370910122355,0.8317202530170111,0.0010007513656111835,0.05656473990698978,0.07382054660916433
359,0.024454928146471003,0.8619359464671721,0.0010656519526445012,0.03698312388641865,0.07556034954729371
360,0.025524073477695666,0.8992384534424009,0.0005323762670105254,0.037603161067559975,0.037101935745333055
361,0.04721950356926382,0.7450117551366227,0.004662545466298084,0.029328005605125905,0.17377819022268945
362,0.017910572461043172,0.941364481965502,0.000379449423095177,0.02698347386324334,0.013362022287116278
363,0.008108178744120918,0.9763839078025466,0.0018995248530368557,0.002403774782415202,0.011204613817880456
364,0.00888999916190153,0.9720676565804331,0.0002005285982222718,0.006722297311768166,0.012119518347674664
365,0.013286054434815002,0.9579675630978379,0.0004989138436482781,0.007946404846469203,0.020301063777229757
366,0.005058727554498529,0.9769203871385147,0.00045204485209844754,0.0025454425953607912,0.01502339785952761
367,0.003125414723622654,0.9854051707818701,0.00033705788698591775,0.001343828242587455,0.009788528364933864
368,0.0024359017665108148,0.9910821110299018,0.00026489718189520516,0.0012651329489548455,0.004951957072737383
369,0.0016649847816410227,0.9670635301232223,0.025751455103368067,0.0007004121961672278,0.0048196177956012776
370,0.011298533009256465,0.9396139856478153,0.0038686913777577097,0.0025336673934429907,0.04268512257172751
371,0.002070891336020509,0.9469057618858936,0.04350383322506995,0.0009384275067449809,0.006581086046270961
