epoch,N1,N2,N3,R,W
0,0.1387335562219721,0.4447309324422518,0.008400781512810556,0.010866602688659705,0.3972681271343058
1,0.17239406559389187,0.5111877465891305,0.009715317787369726,0.029406937138843063,0.2772959328907649
2,0.2163531516405178,0.26202768709752994,0.0042374351351779525,0.03628889327902776,0.4810928328477466
3,0.07487555179142326,0.5462657958145409,0.007405012112053252,0.004750264778882623,0.36670337550309995
4,0.1400383915259835,0.49285996554820516,0.00794933830022455,0.047983503036891945,0.3111688015886949
5,0.14394070745619916,0.3876372921292916,0.0025240347626467566,0.028049833694521877,0.4378481319573407
6,0.2220843508534078,0.44677115687862246,0.003080418916277452,0.01640053467433314,0.31166353867735913
7,0.2664949401107237,0.1924365048928149,0.004085877500277244,0.037933914508968894,0.49904876298721523
8,0.25266212053422854,0.2023331117545352,0.0025960293815003857,0.020886299594611392,0.5215224387351244
9,0.2769324538055703,0.1461825782777496,0.00407619019819538,0.015658837138128875,0.5571499405803558
10,0.17837444684547338,0.04262192163678877,0.0008869663470900716,0.010198516910012539,0.7679181482606353
11,0.14797364853721834,0.051122439987591556,0.0004216969344746281,0.03975161102268152,0.7607306035180339
12,0.08015396930851319,0.027161969964430297,9.968322216360057e-05,0.039937772224304315,0.8526466052805887
13,0.32150110525139053,0.0387528033726683,0.002602352005164597,0.013691842001718623,0.6234518973690579
14,0.27766142754449946,0.03696328864852818,5.807749879284326e-05,0.011115550587265969,0.6742016557209136
15,0.16796582454278375,0.019428447955049676,4.343525501148605e-05,0.003119940009032663,0.8094423522381226
16,0.25876267949528187,0.031179486276207913,7.681436636242218e-05,0.009237496953445605,0.7007435229087022
17,0.23577796456530764,0.027676236861548426,5.9669024612720784e-05,0.01210032159260273,0.7243858079559283
18,0.1361494816334212,0.01810197318062259,7.727019792806703e-05,0.0040074577421298045,0.8416638172458984
19,0.31848584816453746,0.06061314746542164,0.00015567492892531608,0.005357129443805663,0.61538819999731
20,0.4279833482310769,0.042496131116851084,0.00012397198256806452,0.00638159389902576,0.5230149547704781
21,0.4422905855752013,0.04382375434064837,0.0001230669632882698,0.006128305243287946,0.5076342878775741
22,0.2720542709877517,0.0698105423041835,0.00020137195405081827,0.005235282249276287,0.6526985325047376
23,0.2686582791899293,0.04278883807034386,0.00013055686116059657,0.0023969200533976204,0.6860254058251686
24,0.5880781133733781,0.10532858575724466,0.00043282124438760207,0.008588086347578832,0.29757239327741086
25,0.5057521534165935,0.11555664616357175,0.000792380398133457,0.02231459052671987,0.3555842294949814
26,0.40396221731603354,0.1282892880160222,0.0002014483033848416,0.03330839312937333,0.43423865323518607
27,0.4648200807344475,0.13105693219469072,0.00013781577908856507,0.042961986280210945,0.3610231850115622
28,0.4144822236385932,0.07217470605729152,1.7113737191285223e-05,0.020609696788655343,0.4927162597782685
29,0.6108727450031125,0.09190197335850984,5.736784635393793e-05,0.04606418623449521,0.2511037275575284
30,0.6033064870905575,0.04309346020822807,5.879846548968842e-05,0.010537042229932278,0.3430042120057925
31,0.5234684462315067,0.058346856790262296,0.0001499260863638031,0.028642276262331387,0.3893924946295358
32,0.4118081996101515,0.027398835802943843,0.00010905766565222825,0.012222713851251808,0.5484611930700006
33,0.4189561705195306,0.04291291562532531,0.00022945637125571463,0.008093835539082857,0.5298076219448055
34,0.37598791061863096,0.04637976168115928,0.0001972712309810283,0.028464997608507528,0.5489700588607211
35,0.4480683158604867,0.058713786330390295,0.00030738585417795073,0.0417648670768145,0.45114564487813047
36,0.4069023642709912,0.08632485440224993,0.0009270393257725438,0.00900067897169539,0.49684506302929105
37,0.5157131573601577,0.0984690429314707,0.0003344577083325499,0.02362609901900489,0.3618572429810342
38,0.44416482609382646,0.10273149732982105,0.0006186388188822935,0.00906043334953871,0.44342460440793147
39,0.5914746594049921,0.09067622108060841,0.0005580599083279182,0.01484150797467692,0.3024495516313947
40,0.746800524530554,0.07272510613046188,0.0007355222826654999,0.003971725404383953,0.17576712165193464
41,0.6364393327509477,0.17573267460041525,0.0006072486136501849,0.02596520648738717,0.16125553754759966
42,0.4407283067020507,0.37360076923195484,0.001052209392842499,0.08457570431450473,0.1000430103586472
43,0.23975004844058218,0.6326434421440221,0.0013097905791683774,0.04021235919865056,0.08608435963757669
44,0.359960412187271,0.47710368882294496,0.0011553333019910796,0.06175017639556376,0.10003038929222925
45,0.3445681659575059,0.44414995988425404,0.003386713115471825,0.03708879434339689,0.17080636669937138
46,0.3642930584279104,0.5400574782793923,0.004568387009326888,0.016249808416862393,0.07483126786650816
47,0.2925216100545473,0.4559710455739019,0.004822734672958122,0.012492292988358241,0.23419231671023455
48,0.3687967954271077,0.47296932102794315,0.003712083832881332,0.007003476702750579,0.1475183230093171
49,0.36672184878194164,0.26406828847827757,0.004798733344124288,0.0017013607777420716,0.36270976861791443
50,0.3299798734445294,0.3382587840890885,0.0067383374570197194,0.0026928867233833053,0.3223301182859789
51,0.27566765912805674,0.4604402061337597,0.013874354410958856,0.0012566072619687478,0.24876117306525594
52,0.3269660853745726,0.4627722194803517,0.011853770296568802,0.003048086978981272,0.19535983786952563
53,0.21964086001382868,0.5639680138358952,0.029839065462067278,0.003063719730979276,0.18348834095722946
54,0.17489337130079588,0.6894462954139904,0.014400185543593161,0.004829566356250576,0.11643058138537
55,0.3207551178192036,0.4525136192969642,0.014458258178573005,0.006656739010420768,0.20561626569483837
56,0.1698662734078336,0.6323600149714607,0.032058805236728716,0.003151044877744253,0.16256386150623262
57,0.09080515907021643,0.7261308509943358,0.10126974140754097,0.0016859310508832693,0.08010831747702336
58,0.11795684521775636,0.746911110988929,0.08225792324972381,0.003662843193808333,0.049211277349782555
59,0.17091847263028084,0.69616993507663,0.032236162284692636,0.0055652066933088344,0.09511022331508774
60,0.11860000220522297,0.7563118015077143,0.056111996229700964,0.0026636751096996113,0.06631252494766207
61,0.1846016479304326,0.5287725028455869,0.04554520566854625,0.004795190913246617,0.23628545264218767
62,0.26806538400117635,0.6318398113233278,0.029570695086965654,0.0035170321313535173,0.06700707745717678
63,0.22748502006245735,0.6342736878430064,0.05413326995598806,0.001246386905987924,0.08286163523256015
64,0.3489470877289478,0.5354881869508759,0.04280613721038416,0.0026502218068704874,0.07010836630292179
65,0.0892001901776238,0.6465104278538222,0.1302049991530086,0.002516630195551155,0.13156775261999426
66,0.20108813457480204,0.6035634534910931,0.11015170979152955,0.0030430896541597803,0.08215361248841552
67,0.055032502955218,0.7163264652991213,0.12451864140874663,0.0012719860817048724,0.1028504042552093
68,0.06413464540715587,0.7432768377960707,0.12550643204144896,0.0012134250983830413,0.06586865965694126
69,0.10532539953217905,0.7103685882605575,0.13329277775415846,0.0009096339604018409,0.050103600492703244
70,0.20921830408685504,0.6422485380555705,0.04020996629583038,0.0026839620681141244,0.10563922949363014
71,0.06262261785243241,0.7400702923579107,0.09835490536266636,0.0006338501657620622,0.09831833426122845
72,0.1631301098539101,0.6937489028949615,0.05648172172495374,0.0019629369473007936,0.08467632857887404
73,0.07151567479515086,0.7033558154038521,0.10580592526762203,0.0031961406258926065,0.11612644390748263
74,0.11699138525550618,0.41985226896899613,0.07039828880733633,0.0029832855139250167,0.3897747714542363
75,0.29267450546936075,0.35007455329010234,0.048752887545751154,0.003614759249727721,0.30488329444505813
76,0.17819818978417942,0.3477314611054109,0.07100860621201523,0.001862207672256072,0.4011995352261383
77,0.21519000538176955,0.44263782040951016,0.05084037935573862,0.002770908310035047,0.2885608865429468
78,0.18237991181351268,0.40246199165018415,0.048525091904847946,0.004065318523986264,0.3625676861074691
79,0.059313019082758336,0.5739192080573063,0.1231059046099242,0.00285883048996719,0.24080303776004394
80,0.12597894978557456,0.5481697873496556,0.15304034107155295,0.0034492310661559285,0.16936169072706087
81,0.045016052104041464,0.40013898071497744,0.393226719156928,0.0023704708553966922,0.15924777716865654
82,0.08065964666254348,0.4885328799586741,0.2661069407265911,0.002411508474589076,0.16228902417760224
83,0.09553520373931687,0.5608841545712752,0.17763935827406774,0.0036676444518090523,0.16227363896353109
84,0.03859864647036944,0.6215112487317895,0.2405062694053705,0.004945532590809496,0.0944383028016611
85,0.02239714361211559,0.48926253967528804,0.3302539406814182,0.0026374654408047615,0.15544891059037325
86,0.11337506557789148,0.5129829241665729,0.17706845826589318,0.0024901088004400857,0.19408344318920243
87,0.016248728528098583,0.3381719556886973,0.44793104327068384,0.001521504751039993,0.19612676776148022
88,0.06339772285968336,0.3683943486482279,0.28900857007969355,0.0016666963002610067,0.2775326621121342
89,0.08296748663359432,0.4626998976989749,0.2942411772871143,0.0032494118077785903,0.15684202657253785
90,0.07358898936357813,0.36070385268921723,0.314228289713038,0.004186208975972129,0.2472926592581945
91,0.08247703936869669,0.44783912396239633,0.31876478735513775,0.0031978160466462425,0.14772123326712303
92,0.08402882458468014,0.5378652232659321,0.22226917194214374,0.003225040842177518,0.15261173936506628
93,0.10829804594254783,0.599009647669272,0.10844033286997401,0.005732805124763412,0.1785191683934427
94,0.09326935357679152,0.3492795987802812,0.058905716758486514,0.003960550269425145,0.49458478061501565
95,0.08194686751974632,0.27703344722081313,0.02197171731940875,0.0027656347298729844,0.6162823332101589
96,0.1821348126820236,0.4202604746464892,0.09135448915797777,0.004148206529989801,0.30210201698351963
97,0.1501484549678669,0.44832981755321044,0.08128623855240108,0.0027696930855622788,0.31746579584095924
98,0.13350745055569677,0.25092325114947234,0.030561784660552857,0.002751539701745538,0.5822559739325326
99,0.0824811573968523,0.34578190876017556,0.0714184522993802,0.0051732055965841755,0.4951452759470079
100,0.10318539027862562,0.13865049196289525,0.014946852798950555,0.002431370497925388,0.7407858944616033
101,0.1571275795227462,0.36148424701724313,0.05538347002934254,0.0022595033841505533,0.4237452000465175
102,0.20247416860787276,0.28021529554078906,0.0410038373227971,0.004282885020567605,0.47202381350797334
103,0.14724145067335717,0.4100469567569815,0.039320117333818835,0.0025193536116244475,0.400872121624218
104,0.04923964368325251,0.5544536865266366,0.2271184988571621,0.003967535368335324,0.16522063556461355
105,0.05067415981074833,0.593325641933102,0.23467458739959465,0.00257215492755268,0.11875345592900247
106,0.0851428344751562,0.4517275968703428,0.26060998151905124,0.006058157474667128,0.1964614296607827
107,0.03695189594068475,0.4252840997736111,0.3284082219076012,0.0046858888552945045,0.20466989352280845
108,0.061700262825803556,0.35889833397658133,0.24951572652678025,0.0038894955154279583,0.32599618115540674
109,0.08599909690376008,0.17010477555412498,0.17536040367504005,0.006436539419354953,0.5620991844477199
110,0.08586204852987263,0.1155075279273448,0.07070173168197996,0.003905589238767575,0.7240231026220351
111,0.07437101390344673,0.02203982332502877,0.012457807753274715,0.0017515815000131735,0.8893797735182365
112,0.11102020682402695,0.023061064430165007,0.010236348268461056,0.001078510580960115,0.8546038698963868
113,0.2065738007031387,0.017203576951344272,0.0049073286181240405,0.0030866507101294125,0.7682286430172636
114,0.06885369833060598,0.02763056581046665,0.0018449865456371137,0.0013717057118613834,0.9002990436014289
115,0.22088027299005641,0.047408682882892614,0.014514924799438514,0.003588867361737516,0.7136072519658749
116,0.15054520814585953,0.08990872895157105,0.03342229048774165,0.013293979232930178,0.7128297931818977
117,0.12963184011046186,0.28069826480839205,0.10283559085590646,0.04061654503523624,0.4462177591900034
118,0.1636529690832129,0.3430515032483165,0.04603478362848658,0.03567221196771094,0.411588532072273
119,0.2742766012519439,0.4794901768326039,0.039392488457252614,0.05455739327312607,0.15228334018507367
120,0.3292860133739651,0.23199104087070874,0.03807276334099361,0.06075105110120605,0.33989913131312655
121,0.49528270425258714,0.16502167778390273,0.01068701884911963,0.05435275796544979,0.2746558411489407
122,0.37970832809604044,0.41585177367337745,0.005264928068769257,0.007398230138902283,0.19177674002291065
123,0.49253476099151217,0.4276448645622486,0.005900920440657655,0.004938133358690902,0.06898132064689076
124,0.5314700857949736,0.2879357738901199,0.002562415763532611,0.02635822457641896,0.1516734999749549
125,0.31379364462492815,0.40565532956053285,0.00509502722397703,0.09086741831401376,0.18458858027654806
126,0.3597176418028064,0.3465777196299516,0.0034836930251612506,0.1684861536866898,0.12173479185539099
127,0.4572654146761365,0.22912147655118076,0.0004233890949497477,0.25234696345161606,0.06084275622611685
128,0.4205000603423463,0.3275209983509295,0.0012592535447744932,0.19733455879248474,0.05338512896946486
129,0.3304129354357776,0.2922663490113148,0.004273246324395998,0.2758948831957675,0.0971525860327441
130,0.45828147334257785,0.23651058049183782,0.0013104453443422745,0.26309700699001665,0.0408004938312256
131,0.4474806145158878,0.2572550262237953,0.005253104631081354,0.2293415521008876,0.06066970252834801
132,0.2590479405001011,0.32052275797368707,0.0018777460305539088,0.39512903069997607,0.023422524795681986
133,0.3079229350940556,0.33191763563077964,0.0011760658659379208,0.33591424000484427,0.02306912340438264
134,0.17689975301766514,0.28834474401998134,0.0011181083224914442,0.5059745267614503,0.02766286787841183
135,0.15255807556797604,0.3239659528090194,0.003981746491289789,0.27653493544291613,0.24295928968879868
136,0.2010390380716736,0.5453511508475367,0.01146780257184547,0.12694901501221328,0.115192993496731
137,0.3037142457789118,0.3827910747569172,0.0022556959277643647,0.26413759500350215,0.047101388532904444
138,0.17196204859633615,0.5223251794217928,0.015158031383313815,0.1896588329060555,0.10089590769250172
139,0.28343749307052535,0.47003630044880956,0.022558335155211127,0.10192462211572753,0.1220432492097264
140,0.2487321679867225,0.539440673292337,0.02971510730886168,0.0755668448818046,0.10654520653027416
141,0.20676235573007518,0.49416880651164125,0.024018402018265755,0.09607448079236282,0.17897595494765484
142,0.49893138955257677,0.23006786434504445,0.015187837591411358,0.026905863407075112,0.22890704510389234
143,0.38407546330789233,0.4327307347858467,0.03583330064785936,0.036651202548526454,0.11070929870987505
144,0.2265259991474006,0.6557797492640999,0.03516627640968394,0.03634208188468033,0.04618589329413546
145,0.27015885710981963,0.5189921712079346,0.038648740524942625,0.06073885809118087,0.11146137306612229
146,0.19028672045403341,0.6995009382687475,0.02656105566535731,0.04648312678218368,0.037168158829678236
147,0.09826294294072731,0.6812164458581538,0.05721623204055508,0.11877778657021046,0.044526592590353437
148,0.3372990932373669,0.5420507119881182,0.019923975726214283,0.05948041117269722,0.04124580787560344
149,0.2978978150161522,0.5759712355947453,0.030406333660330805,0.05088068690622138,0.0448439288225504
150,0.24252065398308728,0.5507977279633451,0.0297080953501113,0.08438132497193035,0.09259219773152595
151,0.453760397974507,0.4440872162484228,0.024526031525891757,0.029462801213557856,0.048163553037620634
152,0.30783350840828655,0.5703421010750218,0.012157284336415223,0.08048887426163985,0.029178231918636423
153,0.3242119915492184,0.5814563519504736,0.016313213869401662,0.040433072124138554,0.03758537050676769
154,0.29487841085232713,0.5746180526414193,0.02518241833963805,0.04373196693115358,0.06158915123546192
155,0.16365248170286706,0.7027093963372909,0.07532536925342154,0.02533033416518921,0.032982418541231316
156,0.29245267060736546,0.5492648019594235,0.08234553711363592,0.029340814595290688,0.04659617572428426
157,0.5110307026564707,0.3349680081525877,0.05036300364120383,0.06086832260422387,0.04276996294551395
158,0.17600152150386705,0.6054615903922798,0.0643036242478314,0.11497320499891989,0.039260058857101876
159,0.299532580429958,0.3337018234699858,0.039199570993646723,0.20522833305077323,0.12233769205563624
160,0.22206022749340967,0.44295355230415334,0.024372745941180753,0.17344318455962232,0.13717028970163403
161,0.24782674958242365,0.19903742858763537,0.025368822143705616,0.163816209210159,0.3639507904760764
162,0.1681983565866499,0.03209489552542251,0.001250117519778659,0.013715538248685512,0.7847410921194634
163,0.2101774706458531,0.10802552475934113,0.003386776826790366,0.026165076530511453,0.652245151237504
164,0.05254065233441637,0.04321532336575871,0.002165400581552771,0.0033800753814942127,0.898698548336778
165,0.22465477363117806,0.060182747166929736,0.002048910025650263,0.008802951431555123,0.7043106177446868
166,0.09887493378504822,0.014850001884072681,0.0008276311375374219,0.007470463491893984,0.8779769697014477
167,0.27816658431375857,0.036196981637265244,0.0016469999268732577,0.014668924184812554,0.6693205099372903
168,0.19604004042149548,0.10949848006880177,0.0032517947559587844,0.03410375716042955,0.6571059275933143
169,0.4598324082453169,0.17940661936059946,0.004939522775728309,0.1052409369705783,0.2505805126477771
170,0.5878340816374863,0.15988208555254071,0.002740603762352791,0.07560968074263694,0.17393354830498328
171,0.27605402106623184,0.3411055842625428,0.00236635286200428,0.23257879932514308,0.147895242484078
172,0.36298230192409436,0.3667547103199101,0.0031753423684937583,0.17773613610002384,0.08935150928747806
173,0.22829475940024524,0.4847427594355697,0.0075883643531349495,0.2078211082283439,0.07155300858270622
174,0.24415889988347925,0.31438941973676177,0.010132417929206031,0.3560664002185545,0.0752528622319984
175,0.18099968669280633,0.24523491961788718,0.008227383568873356,0.3909934186859137,0.17454459143451945
176,0.33187083034168996,0.24097385950686068,0.004428444937819164,0.14881119453187164,0.27391567068175865
177,0.3643679097064509,0.17905711698596216,0.001858733360599275,0.31951431439675476,0.1352019255502329
178,0.45417001076847846,0.17814044127023113,0.001525461075161689,0.15758832108598614,0.2085757658001427
179,0.24394673907996497,0.229672235183016,0.0021394172024792853,0.3891077748935544,0.13513383364098527
180,0.14110513642444383,0.17571190546886797,0.00034850792420169284,0.6322151555286977,0.05061929465378891
181,0.21227153893450798,0.2550768935426469,0.008078695719642402,0.2603340439185963,0.26423882788460645
182,0.33382083141987146,0.3255116261758045,0.002550304658123892,0.14976309106901267,0.18835414667718756
183,0.4429221677063494,0.31641836930768086,0.0017192741195544846,0.12782137198378524,0.11111881688263002
184,0.36376486780514433,0.336290558039213,0.0014747031473792479,0.2206833043754971,0.07778656663276638
185,0.4620696025803946,0.389937785337515,0.0027552610493228823,0.08593906607225112,0.059298284960516374
186,0.22988318406062336,0.39973250882507233,0.004700164798383094,0.2521326806675517,0.11355146164836973
187,0.39382305776152776,0.3722468258910062,0.007926094099744891,0.049994939401099725,0.1760090828466215
188,0.17238943033585719,0.5837868720304303,0.004131326857961073,0.10346742902696981,0.13622494174878147
189,0.18712864105965554,0.6448156156906353,0.021605508291895423,0.033088015664278415,0.11336221929353543
190,0.17331258666418342,0.4802057089126036,0.0232357324734751,0.07845056133807558,0.24479541061166224
191,0.20774487796150504,0.5186724024310256,0.04634876483199542,0.04670420461859929,0.18052975015687456
192,0.32385237566948666,0.520179273606435,0.0294963193558334,0.03501111202071457,0.09146091934753033
193,0.2264013361058608,0.5353858993370098,0.10960267282618212,0.023073315681546188,0.10553677604940119
194,0.21455577426994865,0.60119332849482,0.11956747811832884,0.01817829269638796,0.04650512642051456
195,0.29115587218252637,0.4297415636805693,0.15455593895109096,0.016327023909412004,0.10821960127640108
196,0.13897021040293392,0.3690819323267241,0.29347721998869164,0.01944734364305541,0.17902329363859498
197,0.28591481429415366,0.5165703972980072,0.047699766078527044,0.011764004027327682,0.1380510183019844
198,0.212976294420193,0.4104521784401351,0.23194076278743275,0.00967918511945114,0.13495157923278805
199,0.5649399839373106,0.3117918770092245,0.042778016676360525,0.006499293163752142,0.07399082921335222
200,0.36312403379945973,0.41833490705877163,0.08061066005606567,0.008187667502191331,0.12974273158351143
201,0.33196156687818273,0.36136312611749866,0.060829947834763046,0.012102323134474716,0.23374303603508081
202,0.28516542222112157,0.30554907046027346,0.005912511628827013,0.007943540711956572,0.3954294549778215
203,0.2204327061592947,0.4490442187182073,0.0160852272126365,0.007917406137821844,0.3065204417720397
204,0.328583370559169,0.3835406724621883,0.012556958656596198,0.0066447253719686735,0.2686742729500778
205,0.14943385917613164,0.26056701925593284,0.012424263545278173,0.0037917249219223946,0.5737831331007349
206,0.22977106857268695,0.554980680453066,0.024429934660497428,0.010401133435737765,0.18041718287801167
207,0.23260407040320913,0.5958650368816567,0.030077679949486704,0.013363086034449922,0.12809012673119763
208,0.1525820916383028,0.5966112947426433,0.032245747075109715,0.01654004511788468,0.20202082142605973
209,0.24938262302272865,0.5267738725027059,0.020668916218793177,0.05385657895372761,0.14931800930204464
210,0.20754969020773303,0.5804495171990518,0.011700866150365889,0.036822216657040864,0.16347770978580844
211,0.313129516585176,0.43729068363293555,0.012486171839178939,0.03224923219627816,0.20484439574643118
212,0.4250254232163156,0.4108362839007777,0.00848311587395834,0.06625047891052831,0.08940469809842025
213,0.5062341991710938,0.329013888572751,0.005190999454205005,0.07201915301204818,0.0875417597899019
214,0.41107526419296586,0.3950730848234355,0.0074496819638870965,0.10392555308458591,0.0824764159351254
215,0.2694410664063827,0.5014824714879172,0.006718561241388693,0.19083381528076285,0.03152408558354844
216,0.1385615755380849,0.589584785964143,0.01847836849212012,0.217196630442253,0.036178639563399
217,0.19194753076955964,0.5175937018061478,0.01571513044745316,0.21979825541337836,0.05494538156346095
218,0.12021561572202416,0.6444965511917425,0.016894518273068107,0.15140508100414266,0.06698823380902252
219,0.14493096558824603,0.1486244025974918,0.007342896403213113,0.0740158595587333,0.6250858758523158
220,0.17250249401549303,0.15898563087198794,0.0009175540869101552,0.009206801516067026,0.6583875195095418
221,0.628104149714763,0.10109945000417804,0.0016103606966798606,0.024226691834494225,0.24495934774988473
222,0.7648261630582721,0.11343090691416388,0.0030273281592862705,0.04161777709694947,0.07709782477132819
223,0.4903063180914176,0.2393430826792531,0.0017516323520638682,0.16494797897944577,0.10365098789781972
224,0.1882074309795478,0.31074665824160613,0.0018632371798640646,0.41746019538763385,0.08172247821134798
225,0.11541854364911233,0.3880178439889137,0.0041323662189287,0.3974857041779981,0.09494554196504722
226,0.19464829098994266,0.44534847013603196,0.0014134580684678061,0.3224388035611028,0.036150977244454714
227,0.14050162495573626,0.2002793962701526,0.0003271599543637012,0.6276053268326717,0.031286491987075865
228,0.2288280741144692,0.28680152209574017,0.0003389748203698218,0.44476326296436,0.03926816600506087
229,0.4682195331724931,0.18480290175336592,0.000718885009939787,0.29750113462293615,0.04875754544126507
230,0.30014190189959017,0.324439226207644,0.0005741163993136128,0.3382336959858805,0.03661105950757182
231,0.18595116785306784,0.4022756377057641,0.00048319366041221415,0.3916654340704907,0.019624566710265162
232,0.14094113117219634,0.17159725088644334,0.0002560811451648365,0.6680682156343724,0.019137321161823154
233,0.20204073525301175,0.3514800362760572,0.0008177072681791245,0.372917814856879,0.07274370634587311
234,0.24900471695991744,0.28741136858755156,0.0005504736431670703,0.41520488675356476,0.04782855405579932
235,0.09322448409636017,0.4973260134404266,0.0007045692174968131,0.3953234771110346,0.013421456134681865
236,0.19883757089685877,0.2644212256091332,0.000714491229647646,0.5080414466871349,0.027985265577225558
237,0.10811503182660089,0.3824826031498603,0.0006756232183316853,0.48346483244307653,0.025261909362130467
238,0.10967234935198071,0.3231558545181648,0.0006203755624812887,0.5298140221027446,0.036737398464628555
239,0.16604241606430886,0.5204024880052317,0.001398732721675972,0.24677026611109787,0.0653860970976855
240,0.1209011072668665,0.5073855680922369,0.002169557544855732,0.3499799249971567,0.019563842098884246
241,0.17393333404049474,0.45244820128004987,0.0006139114925136752,0.36265225329335177,0.01035229989358989
242,0.25990955068773125,0.2894813750172473,0.0005471231216927734,0.4294357557470004,0.02062619542632817
243,0.22637542134101094,0.2343549436831303,0.00043026291625909404,0.499638843556106,0.03920052850349351
244,0.26520284660607857,0.2867669372406294,0.0008455412829912529,0.41997649463365394,0.027208180236647055
245,0.3162324246844628,0.23752614291333105,0.0010386835261384834,0.42326734945875705,0.021935399417310604
246,0.21860035356763813,0.2914590986795856,0.002107117891104054,0.43429896948890323,0.05353446037276914
247,0.33169493926910465,0.22639820787589499,0.000797690064694628,0.4246972991727624,0.016411863617543383
248,0.19430301442820805,0.43794133523549317,0.0024991154383803425,0.3297798030962905,0.03547673180162798
249,0.19141339536081586,0.38689480545100685,0.0015563273473506599,0.39983866002965773,0.020296811811168956
250,0.16778517568949905,0.4331567309327267,0.000497710864530086,0.3839034368584542,0.014656945654790152
251,0.17191337932439688,0.47690537697175583,0.0015865340327251504,0.3335224308897503,0.016072278781371855
252,0.3234870104406589,0.1808586554700219,0.000593878325735812,0.46308353440627115,0.031976921357312414
253,0.49972545624228265,0.10939068169322819,0.0036745516904496127,0.34291324472707624,0.04429606564696351
254,0.15772161224178807,0.253878976356016,0.00121693560776002,0.5600345939250895,0.027147881869346517
255,0.31382571373161755,0.2711530005194936,0.002676192033640258,0.3607866098232128,0.05155848389203574
256,0.10062112879691545,0.15209907852374302,0.006165781309706094,0.5315636683766667,0.20955034299296885
257,0.17892383418375732,0.34793106450140326,0.004551499200396412,0.3590354509790303,0.10955815113541278
258,0.0910270121031014,0.3620993545992323,0.0014627656176366447,0.03913530512039608,0.5062755625596336
259,0.1720443725381546,0.037525091014656335,0.00024638929924079356,0.009742073962039192,0.7804420731859091
260,0.3945144613040894,0.0375737329555894,0.00019020938989883855,0.011927116328462878,0.5557944800219594
261,0.4682092487556708,0.07849381296612809,0.0006150752417945311,0.025317897086596316,0.42736396594981013
262,0.4613382770199522,0.11807440234105852,0.00279039757367118,0.008997783881466135,0.4087991391838519
263,0.5962982654582692,0.134817840541243,0.0005051381315891922,0.03575088014419767,0.2326278757247009
264,0.2689702758596306,0.19976077900272612,0.0012258046643396747,0.039592647079137365,0.4904504933941661
265,0.43995027231249145,0.11803192701985402,0.003477853189481628,0.012634676132626215,0.4259052713455467
266,0.4383993798393764,0.30786313241408375,0.0014406501293196914,0.024965365274329326,0.22733147234289083
267,0.4153054619464175,0.23312214274054124,0.0019567710078446316,0.044697326993907015,0.3049182973112896
268,0.2158272974583074,0.4590079218940625,0.008797381875251767,0.02629424534110598,0.2900731534312725
269,0.36586103579328627,0.29339349682421423,0.013969087027769517,0.04140225485219238,0.2853741255025376
270,0.2648840453711353,0.5570101813842773,0.013053020271781648,0.027303634209062677,0.13774911876374318
271,0.3462712652327256,0.4754383356954015,0.019641371638707675,0.026477575584003973,0.1321714518491612
272,0.27108798898154396,0.6227730478186396,0.01774525010808821,0.03486734462619874,0.053526368465529536
273,0.2198928587002184,0.6004744825349249,0.021793540854612534,0.03337542689222809,0.12446369101801608
274,0.12847161081251754,0.5957550360589782,0.013605728517365719,0.14824171930245153,0.11392590530868713
275,0.26490112631692525,0.6311923952280037,0.010098009010079605,0.045499229156861415,0.04830924028812997
276,0.23143478962365976,0.5404558827431626,0.005770144923881473,0.18409005372177026,0.03824912898752597
277,0.46982586417557876,0.3766340264878542,0.0019181367558198218,0.13357302759617415,0.018048944984572938
278,0.48964263680686015,0.339326698677157,0.002691527543065393,0.06322820196742107,0.10511093500549626
279,0.4114014729301686,0.4805404631276874,0.00465154270929566,0.04031423130904056,0.06309228992380773
280,0.4054500889504091,0.49429437663903714,0.008915982485169399,0.007381613225715411,0.08395793869966887
281,0.624693277179064,0.32596962814749597,0.002442537402779121,0.0035851619859884926,0.04330939528467243
282,0.5919212880649726,0.37407567010631443,0.002967090385289525,0.0038719776632957044,0.027163973780127762
283,0.5803860009063833,0.3702117731963515,0.004014270719257972,0.011124442917190305,0.0342635122608171
284,0.3169901004270074,0.3803542620748185,0.003812115835098538,0.2790119943535474,0.019831527309528106
285,0.158085767251299,0.5041491677209661,0.016461797697613773,0.2860879263733304,0.03521534095679086
286,0.22874670354635807,0.5251502362247097,0.005825347128708826,0.22393333344778113,0.016344379652442446
287,0.15655541628593245,0.33781928188195354,0.00481077548756287,0.4909690935275464,0.00984543281700459
288,0.13151559657301962,0.3870081160888356,0.007995791970059287,0.4629739921980425,0.010506503170042996
289,0.14046918714528656,0.3647609805615957,0.0091528311665859,0.45915551830423434,0.026461482822297346
290,0.17009964503140945,0.5171009280041654,0.011248329515913211,0.2483014155420726,0.05324968190643922
291,0.10161695975993475,0.6011754792860754,0.016786050267346055,0.18638863444300519,0.09403287624363857
292,0.2482452657836988,0.38217148938971635,0.02798669483052207,0.22802275371125413,0.11357379628480865
293,0.15878084936474132,0.17648313729866852,0.004315494338592144,0.050451460971689656,0.6099690580263085
294,0.2653803066509233,0.17084171438479592,0.0060962443627109375,0.024897269320685863,0.532784465280884
295,0.2888740548039196,0.28908800842327437,0.007733119884572386,0.021821554942124285,0.39248326194610944
296,0.33920743755857724,0.20755082636810898,0.004703179797691716,0.04185455812995842,0.40668399814566375
297,0.1900546781994272,0.29260188719377145,0.013714285513399711,0.01965702776478581,0.48397212132861567
298,0.23491859980984944,0.2764948654515558,0.01809595510282518,0.027333762071717546,0.44315681756405195
299,0.2863874234201026,0.17805473923243612,0.004662095820232004,0.016230366506523913,0.5146653750207053
300,0.16650818720336513,0.20088449034793782,0.022459851044287497,0.014176214926495786,0.5959712564779137
301,0.28639198790136855,0.16899840741111846,0.006342264014932314,0.01164561027094634,0.5266217304016344
302,0.16363565730613575,0.1771929007097456,0.02324131375784936,0.0186582208775945,0.6172719073486747
303,0.28044435066781287,0.14776852979820138,0.021535452540287266,0.02990438293292943,0.520347284060769
304,0.4147479271375126,0.1119599322416472,0.02508941622375836,0.0270374682441811,0.42116525615290074
305,0.3733327635486971,0.0425576607718117,0.00704262578614719,0.009402255226659818,0.5676646946666841
306,0.5756439651658923,0.10829837528507151,0.0018083815626337785,0.014743969677533586,0.2995053083088689
307,0.7133118911182827,0.10088671897308903,0.002859105682085681,0.02543870648009033,0.15750357774645216
308,0.5965224462423531,0.2837384196358085,0.006800065848718471,0.044985233827096384,0.06795383444602374
309,0.21745225688170905,0.5320149201132499,0.0018092619849245696,0.1862593406876577,0.06246422033245889
310,0.4383188216980745,0.22538787013028883,0.0009674524437585486,0.08939720462738934,0.24592865110048875
311,0.4190502637703279,0.40067299701684345,0.0009951016506723229,0.15766520238289938,0.021616435179256998
312,0.35100224721668755,0.5503995204787606,0.009040431244442357,0.04649507267688402,0.043062728383225224
313,0.3506377944791243,0.5939669206921578,0.007034743404779313,0.023382571962489874,0.02497796946144864
314,0.06382625447178801,0.8292132903495828,0.04202604599765325,0.042072885872885796,0.022861523308090197
315,0.18173319974330251,0.7477747200944889,0.010433806394858454,0.051609786249244144,0.00844848751810598
316,0.08632049420110281,0.8152303099197074,0.05409940581838637,0.026225969166744346,0.018123820894059294
317,0.06379511089862083,0.8453026916307209,0.04293138029672931,0.027643978870501556,0.020326838303427346
318,0.09648516047838841,0.8325384538737983,0.03556423149832073,0.021424256293434737,0.01398789785605777
319,0.08231059405734577,0.8322112367079241,0.05375708414119664,0.015357161823348632,0.016363923270184978
320,0.06371526468047972,0.8612642841247562,0.056101798964375255,0.006595725406502238,0.012322926823886592
321,0.03019071415338251,0.8758021466249456,0.07575309180804478,0.005926034970245756,0.012328012443381466
322,0.1731142686319617,0.6765972766959121,0.07208895422540056,0.024463727465116547,0.053735772981609274
323,0.10709438916442415,0.855124292519226,0.01408985234849509,0.014673566413282586,0.009017899554572092
324,0.20855987787372057,0.689770460470817,0.013646689933753304,0.013652212289712418,0.07437075943199678
325,0.07785160654613109,0.8234497856720757,0.060152855226904986,0.015588739211399482,0.022957013343488826
326,0.08677926923571506,0.749956619708879,0.11450623162347301,0.017455427332248866,0.031302452099683895
327,0.10515798032012519,0.8307534938141038,0.029489872730714593,0.026134557546255377,0.008464095588801176
328,0.07303862331029251,0.8440923040155975,0.036035619224889875,0.02986364715562462,0.016969806293595485
329,0.10482843017303521,0.7207220084785485,0.0840790398936281,0.03730800209105297,0.053062519363735336
330,0.08022991730338776,0.8806699222062911,0.006330101488511006,0.02135116480063229,0.011418894201177624
331,0.10894163326617559,0.786788514337126,0.02377833312822429,0.053309547385333354,0.027181971883140588
332,0.08568934496566558,0.7723122426393958,0.027751126566885928,0.0758208423958918,0.03842644343216078
333,0.14388842896003226,0.6149501710959407,0.013980733011659089,0.17112708337691443,0.0560535835554537
334,0.15575930083702874,0.5294831233985525,0.013691088277388568,0.23970400573209763,0.06136248175493252
335,0.15389242685562002,0.4137326698053243,0.0024702277565096607,0.3883188477849811,0.04158582779756475
336,0.1254033853016925,0.42305510683304115,0.003951546625040146,0.4063289134584713,0.04126104778175495
337,0.07596403910090468,0.41572502750010965,0.0032389844271333945,0.4799533572424435,0.025118591729408772
338,0.08614144687128289,0.41030591904688124,0.0013951102170175955,0.4837866901997575,0.018370833665060676
339,0.11063118008972049,0.4063563481397165,0.0029414396149011813,0.444592439957768,0.035478592197893934
340,0.13103291976514236,0.3640696363093675,0.003969164258922919,0.448265256485236,0.052663023181331106
341,0.11986966278358613,0.23780177045255474,0.0011863540590653166,0.5967360721987108,0.04440614050608303
342,0.16191481637258673,0.17886909179143096,0.0003467603892633656,0.6129623822247503,0.045906949221968654
343,0.23142461078404114,0.258602602444353,0.0014168445360955339,0.4479498174599837,0.06060612477552667
344,0.17214230885102286,0.26049510170425844,0.0010216469806664853,0.5270838282090528,0.03925711425499953
345,0.21118557302713944,0.22958543966799314,0.004574861272551183,0.5044372406975239,0.05021688533479233
346,0.15367560113316708,0.21621421773816552,0.0034095423698096527,0.5914307219470377,0.03526991681182004
347,0.10585280328029077,0.2070002924729535,0.001980184892605079,0.6639976628076129,0.021169056546537862
348,0.0821983069443258,0.256037737522238,0.0013980992525674553,0.6459819290659087,0.014383927214959936
349,0.05849597649906399,0.28800813703154116,0.002178792147823986,0.6260138533052003,0.025303241016370496
350,0.10487643802300979,0.40430171721748165,0.002625807380220123,0.4527810891625631,0.03541494821672528
351,0.13109718033734208,0.24876231488763756,0.0015654685380045038,0.5723557221309594,0.04621931410605635
352,0.1563603353063709,0.27645937391330305,0.0021890868593987967,0.5262275678522702,0.03876363606865703
353,0.1689397373412424,0.14726242369704448,0.002409941861861553,0.5796825498621789,0.10170534723767265
354,0.2859803359993109,0.18063909489764893,0.0007550582372270236,0.45889843961063875,0.07372707125517418
355,0.2305195052417341,0.24125173700408453,0.0010180319545653963,0.491092371427162,0.03611835437245398
356,0.1810469642112426,0.27214832239589887,0.0019105031285894412,0.4911999011361849,0.05369430912808417
357,0.36755838452014306,0.24116553192592757,0.0017181914558388812,0.29131707074940405,0.09824082134868639
358,0.22782520753198812,0.40195871891253565,0.0017422042416896783,0.3437165507778548,0.024757318535931654
359,0.10418006480312701,0.5090468040352603,0.0024291301548792256,0.3677405841310014,0.01660341687573206
360,0.11225797566730669,0.5190079878980787,0.0021118979554321745,0.349056868244243,0.017565270234939513
361,0.1726000141938009,0.5038605635964004,0.000817941296751381,0.2676906678484909,0.05503081306455647
362,0.11316800307139412,0.4576434369365015,0.0018892156643838375,0.3958793734706816,0.031419970857039056
363,0.148604016387268,0.5166446049186214,0.003072199602939317,0.2911289934227523,0.04055018566841898
364,0.19955298623749243,0.39610669735730486,0.0020754754909497043,0.3605082183845791,0.041756622529674006
365,0.21345881845548625,0.27129700070695845,0.0012114064396566023,0.4581608382064174,0.05587193619148125
366,0.09114356250477855,0.3874321310329029,0.0012459383186698542,0.4865635551965893,0.03361481294705923
367,0.07796497829768097,0.3515743607038027,0.0015024849216435387,0.5479036466229864,0.02105452945388639
368,0.10237358694073279,0.372510153059469,0.004030614372000621,0.44435523279415057,0.07673041283364711
369,0.10684470468248927,0.5576080356704811,0.0009937614668552005,0.29907075195989075,0.035482746220283676
370,0.07954107284321249,0.28487849332127074,0.0004922963292809714,0.6098014848487129,0.025286652657522925
371,0.08054845985295869,0.2847523918877062,0.0005682643571802919,0.5947819665466907,0.0393489173554641
372,0.1811961936932875,0.2760800847448521,0.00017020176772438112,0.48030874741186563,0.06224477238227061
373,0.16200449515694074,0.43530112476166033,0.0003496389893833511,0.35501946631812936,0.047325274773886296
374,0.16075598321587578,0.3806481461372943,0.00015625996213933154,0.430588579844271,0.027851030840419507
375,0.13799133988842777,0.294068312205321,0.0002087100588509518,0.5231894319986697,0.04454220584873066
376,0.1477934778958836,0.4586351018983926,0.00021057802513408622,0.3530398007617874,0.040321041418802286
377,0.07171274501241738,0.4568430596885564,0.0008210766789501111,0.440513399884286,0.03010971873579018
378,0.09187707893075604,0.4321887318753481,0.0004820955764931349,0.4536226155511656,0.021829478066237012
379,0.10645370917273382,0.39443924583974516,0.00027236274718528267,0.4677598582815579,0.03107482395877784
380,0.08559890436293967,0.2994191186859337,0.00012019430186941486,0.5659596341560235,0.048902148493233835
381,0.08239053784657947,0.28449089753488616,0.0001629939366928702,0.57937576262538,0.05357980805646155
382,0.11081093739389834,0.463718879165147,0.00046355671533006694,0.3948350231943475,0.030171603531277107
383,0.20565087201639165,0.2606174787402653,0.00028560464871860565,0.46006078394121086,0.07338526065341358
