epoch,N1,N2,N3,R,W
0,0.053156999231665406,0.002164795958704226,2.2382085500227893e-05,0.002262152138429543,0.9423936705857006
1,0.03609376388999548,0.0017427163183901745,6.822586717314765e-06,0.003098391289124121,0.959058305915773
2,0.11400016693571255,0.01695879165154864,4.3278731823387685e-05,0.027014385001608042,0.8419833776793073
3,0.1903430561285193,0.020588423688347523,4.144829488341822e-05,0.02748993759646852,0.7615371342917812
4,0.02316830127235647,0.009909368943534823,1.5023004353381875e-05,0.005412279983721335,0.961495026796034
5,0.2064454439910243,0.04654500910671031,2.915673284548919e-05,0.0687165572077959,0.678263832961624
6,0.18593373077244946,0.016365484190753583,2.6937084323927286e-05,0.04453461651685408,0.7531392314356191
7,0.4303615749489511,0.023555327939438934,4.176816906437263e-05,0.06616290895590067,0.4798784199866449
8,0.4467331270563828,0.04075385646375687,5.131209240490632e-05,0.11865649731413892,0.3938052070733165
9,0.4659771919671763,0.0846154975085673,5.597506669576061e-05,0.151719100891866,0.2976322345656946
10,0.4373232216373009,0.14297586076823385,5.065486676851485e-05,0.15671383230962074,0.26293643041807596
11,0.4929114201838833,0.09067460666695355,5.0134533039134484e-05,0.20300661533871436,0.21335722327740952
12,0.34777834472560387,0.06438142205497516,0.0001344970941901672,0.16283592141370098,0.4248698147115298
13,0.14194668689615977,0.02350004442910569,2.1451101255138648e-05,0.2012147726305468,0.6333170449429326
14,0.2551056510000801,0.07390344619318108,0.00012584211764394228,0.3813738259231087,0.2894912347659862
15,0.07263418855727022,0.007265718205825151,3.656899111004398e-05,0.013627851446314487,0.9064356727994801
16,0.11611674807951984,0.009997703149984067,3.751604660951684e-05,0.06210466094149899,0.8117433717823876
17,0.22547721403721566,0.018325224344402855,2.2000743089832837e-05,0.18932130770704989,0.5668542531682418
18,0.4503697838178056,0.03810600294748162,7.344060237208716e-05,0.0795624408576015,0.431888331774739
19,0.3306816357462012,0.06269451349920645,0.00019910148608849094,0.12265548152796603,0.4837692677405378
20,0.33525167924794824,0.1482132270750957,0.00021964457197741122,0.04648308147753253,0.46983236762744607
21,0.09825907041966131,0.40333679429360775,0.0008460577794652215,0.11219792232648063,0.385360155180785
22,0.17469292932225353,0.15559658086109515,7.12154586600663e-05,0.3652341816396144,0.3044050927183768
23,0.09294385229598177,0.0988532195342805,0.0003334888558757879,0.05415354011284789,0.753715899201014
24,0.27284895843850343,0.44102509380704497,0.0004354254081490146,0.04693739939914278,0.23875312294715967
25,0.12718429277239218,0.5620522036336979,0.008648834004260387,0.01205811088556155,0.29005655870408803
26,0.06625215747147717,0.24298184693567368,0.001524808122109614,0.03461879461007829,0.6546223928606614
27,0.12597271026494858,0.5179453461008292,0.0004250657262829913,0.12329339238646263,0.2323634855214766
28,0.07687799672409225,0.5990319200115546,0.00653711015101663,0.008808973513787356,0.3087439995995492
29,0.07282268455949546,0.6906903303828056,0.0027715918363847313,0.01337760013334961,0.22033779308796458
30,0.12528710439805807,0.6191005495382708,0.0006799927235040322,0.02398566147773966,0.23094669186242764
31,0.08857198393777875,0.810433280896583,0.0009545743976001088,0.023303659618251076,0.07673650114978704
32,0.370032366154449,0.502265889680167,0.008221529252213575,0.011183228564688038,0.10829698634848223
33,0.17514023762009368,0.6537725519779983,0.009083261402131374,0.044085098133869606,0.11791885086590699
34,0.07242893618031035,0.8464095379636286,0.021344696982928867,0.009369197023516353,0.05044763184961566
35,0.10652598470653525,0.5958078477129242,0.002192714775241602,0.007745728592486198,0.28772772421281273
36,0.06781474598202326,0.9009184312002666,0.005578619449423391,0.002218860721482047,0.023469342646804777
37,0.12223974776995251,0.8514769760224428,0.00906134761536065,0.002105281837448454,0.01511664675479568
38,0.039343249736771765,0.8860502797905436,0.06381809443158362,0.001624496967492975,0.009163879073608019
39,0.037653362139054784,0.8803645212731158,0.015322078606233889,0.0007484506423692975,0.06591158733922622
40,0.04588145508553825,0.8936593193090122,0.04268113217015905,0.0009746456437749094,0.016803447791515616
41,0.04933767460781724,0.8163659399437041,0.08646099944571509,0.0017481159779232896,0.04608727002484034
42,0.039255872047687365,0.8023087482571022,0.07688547481700973,0.0015291090076876427,0.08002079587051272
43,0.10283948250457783,0.7879468435292072,0.03660486512739829,0.00381831855242746,0.0687904902863894
44,0.0403943014060284,0.7344561588991612,0.16740156834735814,0.006821322448553721,0.05092664889889857
45,0.05627399883623213,0.6817595643295161,0.04662268009821278,0.00997926497063786,0.2053644917654011
46,0.013858962467037085,0.06353770143115925,0.0010686552519125544,0.000532198771125816,0.9210024820787652
47,0.1218720088259166,0.06715061281846761,0.00017199242582222236,0.005034505457312598,0.805770880472481
48,0.5794360995416833,0.1545387753034026,0.0001933344721890444,0.014699478912153162,0.251132311770572
49,0.5036084752688966,0.1425501091127093,0.0007959102392025817,0.003990108569361895,0.34905539680982967
50,0.17568696487307203,0.6997336926087844,0.0021960833796717243,0.003803792133947742,0.11857946700452399
51,0.28464353165001594,0.5290122212620175,0.0011354669740643844,0.0180395922563251,0.16716918785757706
52,0.03463909208125376,0.8436078650732686,0.02025395726195677,0.006733068568215568,0.09476601701530535
53,0.10603071633311287,0.492092626358621,0.002782392840462145,0.02638613457197846,0.3727081298958255
54,0.10709630620153196,0.5609565077263171,0.0010906247806175497,0.027234739905911378,0.30362182138562205
55,0.2210184750963503,0.46982084531312085,0.0004482715904473579,0.09658057755102474,0.2121318304490568
56,0.061426197453961745,0.7526500753014632,0.008819970333937756,0.01329405795674808,0.16380969895388897
57,0.12023015141159336,0.662236816218106,0.0035934187924551693,0.026113857649213576,0.18782575592863185
58,0.040118161448991496,0.8271220067934216,0.004030400588771675,0.006511113166207908,0.12221831800260723
59,0.10626728472019926,0.733177269769138,0.0006527988539633196,0.013012020955168636,0.14689062570153077
60,0.11234676549699324,0.73673578332463,0.002157062273208884,0.010336608886468288,0.13842378001869976
61,0.0783885591417069,0.8868646915578142,0.0012810873562319274,0.003883685236125964,0.02958197670812097
62,0.25471473696320235,0.6342113466055935,0.004711174585352507,0.004486935601920151,0.10187580624393142
63,0.08952760777888558,0.8862429594251493,0.007614542092725273,0.0032313138681982875,0.01338357683504138
64,0.12168510686563523,0.8234990458700916,0.004323478536829731,0.003100857750922758,0.047391510976520765
65,0.16351962203873796,0.8056905123571738,0.01192726478523156,0.001496510304655819,0.01736609051420062
66,0.040847027127415676,0.8699180729502847,0.07542773563590771,0.0008116859283060713,0.012995478358085672
67,0.0709430551805583,0.8109939446862634,0.09310406593250821,0.0025091383987847038,0.02244979580188538
68,0.00951398579008562,0.683039627631481,0.29973306055627635,0.001778344573042845,0.005934981449114133
69,0.011161423736672265,0.6056327688632269,0.3693946116199064,0.002490452399338337,0.0113207433808561
70,0.05947447147356784,0.8333136716360038,0.08291735546960348,0.0023217709414088375,0.02197273047941606
71,0.05369774330423354,0.8007946642824871,0.12998654740504284,0.001043463751358374,0.01447758125687808
72,0.011261361317546133,0.6746927251067555,0.31035076920619187,0.00031379604435561887,0.003381348325150792
73,0.009250139847286587,0.4026092879508841,0.5865074342720378,0.00021738231751348354,0.0014157556122780662
74,0.008634397560071977,0.40472822499196376,0.5833727268501232,0.0008063880473190054,0.0024582625505219914
75,0.004135253538508678,0.4396120725709462,0.5535069843911067,0.0005137881645687244,0.002231901334869753
76,0.008739008828105233,0.5048465415842872,0.47843594984008114,0.0016613324591801405,0.006317167288346294
77,0.03296991850944548,0.6905542942919829,0.18242208316964922,0.0025633755812138107,0.09149032844770873
78,0.16916870281620708,0.4908380821384468,0.01212914807602024,0.008977612195652927,0.31888645477367294
79,0.029037712359320792,0.7785990964045606,0.16891157586148028,0.001912780857984512,0.021538834516653758
80,0.19114252861809483,0.569743275210838,0.017104901889352098,0.00706321423755244,0.2149460800441626
81,0.12478250412216635,0.7172506861879402,0.029061901741074304,0.010062984381899079,0.11884192356692003
82,0.05153908695277159,0.8559896223799391,0.030950587538545016,0.007520141330625833,0.0540005617981184
83,0.017855511569420612,0.03676868049406685,0.003221137314710161,0.0013325272973904155,0.9408221433244119
84,0.6627730927747503,0.16982245833374796,0.0010134890515372686,0.028182231304394532,0.13820872853557004
85,0.3579135236397595,0.3426469170228465,0.005435033151543468,0.001619959388649816,0.2923845667972008
86,0.4583389851637032,0.45901141400441786,0.0012496169241564988,0.0009057903082788788,0.0804941935994436
87,0.19941809705567246,0.6452061634685998,0.009079262847501662,0.004826023622880352,0.14147045300534575
88,0.23367474227000642,0.6661537286753723,0.005703469544381259,0.005172070129644972,0.08929598938059496
89,0.019315826287067853,0.5281739313741057,0.44088993103721114,0.003326766631697775,0.008293544669917495
90,0.035118298743030754,0.7716070003823398,0.18078818102794975,0.003792606940059503,0.008693912906620208
91,0.03679415050936072,0.7197166732056973,0.22525142754805058,0.005366597851780481,0.01287115088511116
92,0.03181399353939717,0.9310284189626027,0.027493780044451466,0.002947974735947793,0.006715832717600843
93,0.04010569734118606,0.9301029209055952,0.021842652626105828,0.002560445983956236,0.0053882831431565255
94,0.06602712215464855,0.8609144603491153,0.0448109714284015,0.003426494132528852,0.024820951935305893
95,0.08526911363308538,0.8694405105644992,0.02551060638587439,0.0023439642964641723,0.017435805120076912
96,0.08411248154909715,0.8664040542218313,0.015081605611252791,0.001901053620836216,0.03250080499698257
97,0.0796145113144695,0.8448090127052602,0.021461645853407672,0.00684918825938374,0.04726564186747905
98,0.030450760946955587,0.6392281840401544,0.314907521949881,0.004434177783664178,0.010979355279344832
99,0.09858970285439152,0.8409306576393217,0.034968130624121276,0.004729089433355574,0.02078241944880978
100,0.03231166968975728,0.11531910619591489,0.009309001940662013,0.0005135160061446319,0.8425467061675211
101,0.28184598085722856,0.6167327031018601,0.01058881953527754,0.0012829355332515174,0.08954956097238218
102,0.47925673104155214,0.44142819985232573,0.0080637347045355,0.0002929816731586735,0.07095835272842792
103,0.2069581538513742,0.5708060778027653,0.20393422476947934,0.0005985764792091597,0.01770296709717186
104,0.21125148594565507,0.6969272350669093,0.02757651426125654,0.003464332061191902,0.060780432664987095
105,0.27211110066439564,0.5089188875510156,0.005087110933172271,0.005255692481966774,0.20862720836944987
106,0.02310314981095988,0.8364680259126934,0.12640798054085756,0.001602372209023351,0.012418471526465543
107,0.08312722974249541,0.818254458285287,0.07099194525370374,0.0013224560358873717,0.02630391068262652
108,0.08952669108161061,0.6258581029163277,0.11955843196533768,0.006694474999202391,0.1583622990375217
109,0.04568010968670816,0.5449551137782325,0.1180113042024663,0.0032970548902426463,0.28805641744235033
110,0.0520501695430928,0.5830599825075437,0.04495626863343812,0.0022491699177324786,0.3176844093981929
111,0.012259388048306296,0.7938871838916874,0.13843650392799656,0.0012639970663431773,0.05415292706566654
112,0.015647460013525114,0.5398955250234312,0.02912848904991029,0.001275851130238216,0.4140526747828952
113,0.005254853550220581,0.018976833403050408,0.0006014811613652485,0.0004246011769224442,0.9747422307084413
114,0.00023332944887298484,0.00018389264674293246,3.1112457740936493e-05,9.21800677820499e-06,0.999542447439865
115,0.00011151646845313052,8.693101456696267e-05,1.5162368939538832e-05,1.2411793778739757e-05,0.9997739783542616
116,0.00032410500982766677,7.41657592064418e-05,1.4952678286694244e-05,1.3527221032855258e-05,0.9995732493316464
117,0.044072168977610786,0.0016755979528810686,0.001954689264237879,0.0004409438964545649,0.9518565999088158
118,0.0066177614479308745,0.0005308623910937536,2.760248871226775e-05,3.9821123123435164e-05,0.9927839525491398
119,0.0003711405259795022,0.0002016620099954522,2.076083644167009e-05,1.3519409375842411e-05,0.9993929172182076
120,0.00763221592584624,0.0009887418066488213,0.00014361850801655334,4.533010062520301e-05,0.9911900936588631
121,0.32155033899441676,0.04083043365234512,0.03008069100243969,0.0027846074482281396,0.6047539289025702
122,0.28081042749870083,0.24800296269937788,0.022538733038741644,0.003362148765773566,0.4452857279974061
123,0.19793473987906507,0.4549451913886209,0.0316495949577239,0.005660872047679179,0.30980960172691085
124,0.0010497083232141231,0.005711782858055461,0.0009146692691497019,0.0002765889752811518,0.9920472505742997
125,0.40791737733619565,0.044075420386845525,0.00048305723005114757,0.003636851787353909,0.5438872932595538
126,0.5479382300125375,0.13712845154581543,0.002144415669575574,0.005008893918318453,0.307780008853753
127,0.37906320694949575,0.40648777096842986,0.012353066001920406,0.007113512206058854,0.19498244387409522
128,0.19439099085590444,0.41528901601616985,0.0007863658661696564,0.2800069708173199,0.1095266564444363
129,0.1519132184436187,0.38745739379327865,0.0007006006880330552,0.3978890495482333,0.06203973752683613
130,0.08905659040731434,0.24277134340725665,0.00020012987131281704,0.634590951105036,0.03338098520908009
131,0.13954738694173502,0.7051142567403784,0.007907622446378366,0.1015145110167484,0.04591622285475973
132,0.09574503110005371,0.7480038131456815,0.01634620312855687,0.1252851602039103,0.014619792421797657
133,0.3034996366445172,0.5310376971779642,0.0014034308648196072,0.07549367530563066,0.08856556000706833
134,0.08764333624768834,0.8373357777294009,0.019803214518542327,0.0463359272537464,0.008881744250622074
135,0.07441131816344913,0.8626352717704543,0.007525356897311844,0.0483555670494207,0.0070724861193640475
136,0.1319126276982302,0.8256506536016135,0.02230611542792938,0.014035524728598552,0.00609507854362837
137,0.10880339430809748,0.8073736703404184,0.028725444269209352,0.032896060714778325,0.02220143036749644
138,0.012964160095044886,0.875663851802155,0.10396530611526643,0.004355308984628125,0.00305137300290537
139,0.04691736206065604,0.861439858868515,0.05669505778439509,0.010662483782707758,0.024285237503725826
140,0.01922207038727992,0.8994677238461642,0.0700531336958381,0.005872203439617538,0.005384868631100208
141,0.03549535285599432,0.7401159203911817,0.19902697385597562,0.016243778079884866,0.009117974816963576
142,0.04904195959922262,0.8214436875452017,0.07952242956650496,0.008565444830884617,0.0414264784581862
143,0.25300592241435127,0.6650579328500174,0.011619214924071098,0.011723015458598532,0.05859391435296173
144,0.14914541612185178,0.7847254102390582,0.050299561453574115,0.005178364521095093,0.010651247664420724
145,0.03948770483280558,0.6288725162999317,0.3187591587794285,0.0038130390710255633,0.009067581016808563
146,0.027739998026436903,0.4860606902253565,0.46560227454878456,0.006692428367494871,0.013904608831927213
147,0.05351091381617733,0.9002499578452029,0.020353668026715954,0.009232783253963739,0.016652677057939973
148,0.025518789530342666,0.8223897854261798,0.13282015152767834,0.006398641596328793,0.012872631919470436
149,0.023674589038915443,0.7251110460913034,0.23035823264440372,0.002271568886440497,0.018584563338936863
150,0.007263344840898924,0.3021195697314158,0.6841181190510034,0.0006263530616807605,0.005872613315001307
151,0.04016952244942611,0.7436329990883339,0.17054837251659088,0.003430208208858141,0.042218897736790884
152,0.02522300828401631,0.6320633880292097,0.3274678490403799,0.0015626308136905903,0.013683123832703443
153,0.03076128162553985,0.8066598831896181,0.15218970540308802,0.001192105224857142,0.009197024556896796
154,0.01585590042086415,0.4942371214244681,0.483284077876227,0.0006687079753831288,0.005954192303057526
155,0.026354035876919816,0.5326988689346039,0.4361941933293627,0.0007617754751351627,0.003991126383978292
156,0.009382612466136307,0.36112252359250585,0.6214164111980741,0.0007572549187050681,0.00732119782457853
157,0.006231507044131473,0.287013981174142,0.6995895386629156,0.0011762283518465628,0.005988744766964239
158,0.00368161615985972,0.14023665647001546,0.8532308049952435,0.0005796534424631686,0.0022712689324182636
159,0.006875030850756153,0.16417616926010595,0.8244731424722473,0.0008949404438550194,0.003580716973035469
160,0.0009859972823058197,0.10779327382824,0.889506758909339,0.00034653602420324454,0.0013674339559119814
161,0.011063818691321274,0.17679921477633945,0.8050091265616738,0.0015528271089291824,0.005575012861736316
162,0.018556601739231866,0.6897374476207603,0.27737359896597075,0.0073578796954510885,0.006974471978586028
163,0.09743970160005923,0.44696765506097685,0.3400328153080175,0.009226740102650762,0.10633308792829568
164,0.03757583968134929,0.7443950798314461,0.17233609504801067,0.0061909403866271286,0.03950204505256678
165,0.019077635173505938,0.7321983346437503,0.235448959204009,0.005626969223010666,0.007648101755723935
166,0.02113753053618335,0.4819673400646451,0.485258365737933,0.004528519113762165,0.007108244547476312
167,0.018520118208177883,0.5972125703572317,0.34641362154041566,0.004496858000274244,0.033356831893900346
168,0.010232199399942283,0.44767654486682523,0.5252193818114821,0.002247412104666772,0.014624461817083533
169,0.0035476992735001666,0.013095417156695715,0.006916394888499275,0.0009235897801713064,0.9755168989011336
170,0.5265083034451745,0.3541793148650141,0.011453743050830826,0.0006806451113586863,0.10717799352762199
171,0.6627287439281807,0.2740068141035172,0.026943191931327076,0.001457205203222378,0.034864044833752834
172,0.44396416012899154,0.4962415063290029,0.014847298837814915,0.0017030532872515894,0.04324398141693897
173,0.051147339673131634,0.8168062766599528,0.09857631983860843,0.022764101066416357,0.010705962761890862
174,0.006162922216263549,0.8165452054881792,0.169089521535041,0.004388654299671355,0.0038136964608449903
175,0.009643492982307359,0.7802670843923597,0.18711695868862552,0.017752974958346466,0.005219488978360984
176,0.020309081247075166,0.910326685701327,0.03961532010405354,0.01343515613089553,0.016313756816648765
177,0.03573846257912142,0.8038409081237489,0.12985532438511335,0.02451835870385672,0.006046946208159527
178,0.10128169439051148,0.8077478251064497,0.008163808607142907,0.037923281164305496,0.04488339073159036
179,0.030298985806758976,0.8874577445977216,0.050050465149544796,0.026205832192457573,0.005986972253517034
180,0.019498552548267187,0.9339522165755899,0.017333970002830223,0.01843775560221137,0.010777505271101166
181,0.021207661006591685,0.9337156853413049,0.02018029375871137,0.018628051313290674,0.00626830858010113
182,0.06573407439273944,0.766092724100071,0.005863000225767729,0.0819787936246614,0.08033140765676054
183,0.08171539222237352,0.7896446482883537,0.011484279752635624,0.09663224072580073,0.020523439010836444
184,0.10767654520838507,0.4903949349211986,0.004357096162520963,0.2568894164299217,0.14068200727797348
185,0.06992406838495704,0.3806535928854317,0.0015320872691900553,0.39158718379050017,0.1563030676699211
186,0.05225999913270052,0.02903667074592856,0.0001633604684497731,0.8965109552270998,0.022029014425821412
187,0.03728009509894974,0.027508887817946824,9.476389731155817e-05,0.8689369216538607,0.06617933153193127
188,0.09698837996222452,0.025142252307693378,8.113837712851533e-05,0.6680277806938596,0.2097604486590939
189,0.12774533922234002,0.013326626560923593,1.1476943247243987e-05,0.7978715257444683,0.06104503152902081
190,0.3857133170674781,0.0867560221985775,0.0005024001039549794,0.23597588269608125,0.2910523779339082
191,0.1742697801108359,0.17612960538051167,0.001308210224821595,0.40095296069380254,0.24733944359002824
192,0.13208462760940134,0.05255664695036323,0.0001873834126923341,0.5111058854656015,0.3040654565619414
193,0.24436548680269402,0.014776975238290538,6.128257075734907e-05,0.647747854446143,0.09304840094211514
194,0.16422087598600996,0.04557906460062594,0.0003549399727060019,0.6170928693087433,0.17275225013191478
195,0.08588059337393382,0.0418891839056282,0.00010665490783173734,0.8424614669729735,0.029662100839632582
196,0.1271981692427369,0.10132622440314264,0.0003136171889469424,0.6626301259875024,0.10853186317767112
197,0.09946543076606137,0.05524950763348957,0.00016361163660703106,0.7675335208281953,0.07758792913564673
198,0.018361628635115076,0.005434495574291545,2.108158611035018e-05,0.968047404729724,0.008135389474758989
199,0.06016387098755292,0.01975020051638669,0.0005068844642069609,0.7937835805108294,0.125795463521024
200,0.024073457367159726,0.007801165575963408,9.153960360760107e-05,0.9376527597353915,0.030381077717877798
201,0.08656323862726764,0.021616649878955018,0.000491289368172092,0.6989325014663351,0.19239632065927018
202,0.03536602157805665,0.003943049913360587,1.2532939860471384e-05,0.9266569308371123,0.03402146473160997
203,0.07067371163313359,0.06547147580076719,0.0004186393464576357,0.35350979158958723,0.5099263816300543
204,0.02918355659289019,0.006492134805647129,5.5292332755187505e-05,0.7593318127287115,0.20493720353999595
205,0.06413051594662567,0.03709775160378741,0.0005722822445329006,0.6676271773652022,0.23057227283985174
206,0.02532179919573074,0.01423473995158283,0.0002060177330287166,0.8106630264055226,0.149574416714135
207,0.03797717201695936,0.033502183281951335,0.00027386848219219126,0.6024859122445594,0.32576086397433773
208,0.030074834876425097,0.008102634973152277,7.832412856160349e-05,0.8357731712265913,0.12597103479526975
209,0.03313859672844486,0.006994831838743246,8.7550241321313e-05,0.7862919443832066,0.17348707680828399
210,0.019906749867052664,0.0027465265042937695,1.6377890951943016e-05,0.9566527743661317,0.02067757137157012
211,0.011908699666880684,0.009709734585634268,1.7890635429789756e-05,0.9537954795009386,0.02456819561111657
212,0.014153478473251532,0.01404632827474234,4.03764839186169e-05,0.9036421013677358,0.06811771540035164
213,0.025807422473764073,0.04838153450654232,0.0004484505661296414,0.8338057562052894,0.09155683624827464
214,0.0067840768777884895,0.019295076447945897,0.0004973922058461802,0.9470277139505233,0.02639574051789603
215,0.0038132839084845625,0.005200370476016531,0.00015738991392591422,0.9863828268599393,0.004446128841633657
216,0.007580587556172916,0.014611057869734415,0.0009312419346543557,0.966555878592658,0.010321234046780274
217,0.004325888939503958,0.0006297785840756877,5.378813625318736e-06,0.9857305465045009,0.009308407158294039
218,0.031381385436542154,0.003635605483704262,1.70859622417802e-05,0.9472897642295883,0.017676158887923333
219,0.09333104416157514,0.01536297472567187,0.00012408425247957254,0.8537912550531123,0.037390641807161035
220,0.02700865489467594,0.004510990033637705,2.0260247334544016e-05,0.9198104536851068,0.04864964113924488
221,0.028566623271208583,0.005200859299397682,9.49454107342696e-06,0.9427028665685337,0.023520156319786552
222,0.033336116362148,0.020023134759630412,3.234691107973448e-05,0.9166953115802638,0.029913090386878165
223,0.07798859399592918,0.09009781561767459,0.0003639537857480983,0.593708517941527,0.2378411186591211
224,0.059482105410714574,0.02880769063771594,0.0005729424567117988,0.4960630133118971,0.4150742481829606
225,0.018047577989869747,0.004658005490401481,3.898820880113151e-05,0.9648903758978687,0.012365052413059078
226,0.1001875055602903,0.013907093373284963,0.0002652459126384962,0.8207495166378078,0.0648906385159785
227,0.03569694337438326,0.012783605746647823,8.38668905151601e-05,0.8787077180240942,0.07272786596435975
228,0.1844958882233616,0.08398553007013902,0.0005054749334430284,0.5656606991940883,0.165352407578968
229,0.2098074927574222,0.05512969424614176,0.00034606411491833563,0.48990541565034496,0.24481133323117277
230,0.11816358355619248,0.037456559846675105,0.000207522069824164,0.7866050351086887,0.05756729941861948
231,0.13388816360643616,0.12470288303083593,0.0018580919110443668,0.07825341705719488,0.6612974443944886
232,0.36814061026808176,0.13090014373325323,0.00026121669573720454,0.15778434154278256,0.34291368776014514
233,0.3657052324018957,0.09595770332926386,0.0001969599989768328,0.20083250353075302,0.33730760073911065
234,0.2608010994213467,0.1395401078126973,0.0010327275484298174,0.307101646652754,0.2915244185647722
235,0.2033306375167041,0.11207685214766114,0.0008830430683344729,0.2805720891672489,0.40313737810005146
236,0.1770844408019934,0.01917673225239545,5.9103881184856284e-05,0.14940328721156504,0.6542764358528612
237,0.14209037685414147,0.5301279141010753,0.0005443732059769892,0.28484563072347713,0.042391705115329234
238,0.18842307724759663,0.08727050702976863,0.0004994526398697701,0.3632755327263621,0.3605314303564029
239,0.22527140640595594,0.2964072245696456,0.008540081392202395,0.2914228189866808,0.17835846864551522
240,0.31409748328600645,0.2449882857298996,0.0017519400926362882,0.24468687904165548,0.19447541184980216
241,0.23602108024800633,0.2650815819805773,0.0011083136494394676,0.2659716916552135,0.23181733246676337
242,0.21540775322276354,0.15594635077925192,0.0011532977753946024,0.28339986394211397,0.34409273428047604
243,0.2846919433732566,0.2977626427777784,0.0027709558713074904,0.25103971134779635,0.16373474662986112
244,0.21708188273649331,0.2864579400759484,0.0035722290554731006,0.4446031834222437,0.04828476470984142
245,0.20995928322155286,0.22216770486409437,0.0027707612945451748,0.4333737871651631,0.13172846345464445
246,0.12683622881777562,0.19907800747521404,0.0002541663744718421,0.648806570392819,0.025025026939719485
247,0.09734901049360402,0.027412045161046235,0.0005209829451420432,0.7803754150905375,0.09434254630967026
248,0.12378669175627717,0.21821372638325945,0.005779415995702861,0.44695136321991424,0.20526880264484637
249,0.20194812210845425,0.11174028074465348,0.0011611984792161542,0.2784273425061255,0.4067230561615506
250,0.10549497426267346,0.3709513263967685,0.0016752042775266967,0.18461007864229786,0.33726841642073346
251,0.09243748795568232,0.24716885182247847,0.003669649686395783,0.07958056809620985,0.5771434424392335
252,0.21570431829215783,0.45275224468516473,0.011991516877913926,0.11422394538050064,0.20532797476426287
253,0.012082377597217857,0.009800658776810313,0.00050966274479049,0.010104976881898832,0.9675023239992825
254,0.016439188867207907,0.007235973245361315,0.0002874076251093819,0.0024143386382564163,0.9736230916240649
255,0.1817192396780578,0.07524563723859973,0.0013376161630065803,0.002902122624752485,0.7387953842955834
256,0.35134426608764596,0.07131862691122444,0.0005417072029569477,0.0020319087109421058,0.5747634910872305
257,0.22996053599263985,0.05974994450690307,0.002544165901424336,0.002109250745935051,0.7056361028530976
258,0.1076564449433635,0.680167632594296,0.09351858944179589,0.000886055738830568,0.11777127728171392
259,0.14601182339329882,0.7850039226133653,0.026037001842008925,0.00045369500731056334,0.04249355714401642
260,0.15230890243694697,0.6067035643654574,0.1927613170182904,0.0003283469921014175,0.04789786918720383
261,0.012777648613233775,0.27703510547781685,0.7023173587253578,0.0002672815403502912,0.007602605643241171
262,0.06799352359122628,0.5466883527904713,0.36363381026882424,0.0005915404685685754,0.02109277288090948
263,0.004912995224438965,0.42904240457617165,0.5627389068905791,0.00010006165264651362,0.003205631656163813
264,0.005367188567797089,0.6113348193019246,0.38042461448733333,0.0001612209749473628,0.0027121566679977065
265,0.0016136414611389338,0.34144910150056373,0.6559997139520571,0.00014190586477226235,0.0007956372214679005
266,0.0036786698064049522,0.444517141162424,0.5473691005849604,0.0003929389233070993,0.004042149522903563
267,0.007355795107829295,0.5628924771968813,0.4245666553284419,0.00021880546868376818,0.0049662668981639135
268,0.012932355881167625,0.7061034931980511,0.27066995500773194,0.00036043624236102887,0.009933759670688375
269,0.007526590892830313,0.6459811215095987,0.3428176414759149,0.00012645146712364467,0.0035481946545323595
270,0.006716677293155839,0.4203455509998877,0.5700969645782545,0.0001438673444750193,0.002696939784226911
271,0.0012871613743331669,0.37123213985011255,0.6266455631855491,0.00014519959136045156,0.0006899359986447852
272,0.0014262321396064444,0.2086714397949383,0.7885935728353867,0.00012277045705951428,0.001185984773008999
273,0.01190519384072025,0.40160371458929117,0.5812007221043287,0.0005842985318757381,0.004706070933784166
274,0.0009449217835283183,0.15711747968939777,0.8411862907297328,0.0001532651121205024,0.0005980426852205871
275,0.0010693128283594101,0.16216212429167226,0.8358885925518225,0.00012873970188971568,0.0007512306262560608
276,0.0013486676395858925,0.16581755352391822,0.8315358202768377,0.0004142928312178938,0.0008836657284401972
277,0.0018826447207485806,0.15000507955549777,0.8457079820685947,0.0008153825052971445,0.0015889111498617956
278,0.0010410415399503235,0.10154251798601226,0.8948337360276473,0.0008312585109580962,0.0017514459354320848
279,0.003367179577701554,0.170077006598669,0.8199181273399736,0.0016407782294564437,0.004996908254199488
280,0.0020773549480240724,0.12018380486280901,0.8727443324475377,0.0010587304740305567,0.003935777267598624
281,0.0012543862877875817,0.11734832722216888,0.875089610801744,0.0008980047427969523,0.005409670945502538
282,0.0035028123545613526,0.01957229702628336,0.008705549622480544,0.0024122319851409644,0.9658071090115338
283,0.009192491244780962,0.04027628679479975,0.002766202328475241,0.00590908971695535,0.9418559299149888
284,0.0027128223722416994,0.0031090814499384763,0.0013078301677487314,0.0020582297895543594,0.9908120362205167
285,0.021127253055299798,0.0027251898484582206,0.0012706149855852109,0.0009984236213011802,0.9738785184893555
286,0.3670898536426693,0.0629507901389796,0.008673010283034119,0.0057750555693993465,0.5555112903659177
287,0.4219576294814958,0.23457123628412466,0.013902760427179367,0.0024347487962038785,0.32713362501099624
288,0.1844204295456815,0.35607169216042206,0.021483887004027386,0.009077728385391965,0.42894626290447724
289,0.11593481928387721,0.11134879894960265,0.021112264530150245,0.014910337231823627,0.7366937800045463
290,0.09889240752082674,0.7820084302041859,0.07091391453801607,0.01630567389887291,0.031879573838098536
291,0.10756914503418513,0.8594928727834912,0.004902958027752295,0.01896534557300308,0.00906967858156834
292,0.03899150109886509,0.8513527481270383,0.08852098672525778,0.012506459519273368,0.0086283045295657
293,0.015555532024084327,0.9263108846312598,0.0209436540150551,0.030936541644234622,0.00625338768536622
294,0.016200845210548893,0.8648690843153032,0.07811375749462657,0.027654059738298514,0.013162253241222843
295,0.018730827969574593,0.9365664775070611,0.02348348167111412,0.012940072118681352,0.008279140733568812
296,0.01931035109319472,0.8768344095728277,0.07708111488324851,0.019706446133658267,0.007067678317070873
297,0.050228537811538715,0.8725326461402161,0.04613807144143254,0.012429389309224383,0.018671355297588572
298,0.027586076655175467,0.7918168353490735,0.15589578184706926,0.0020141652176536994,0.022687140931028034
299,0.06456594042356048,0.8684511572467309,0.04459526258159827,0.007718139287572757,0.014669500460537563
300,0.11116539784343744,0.3317180646556413,0.031466944939361634,0.0016992022389918072,0.5239503903225677
301,0.22118592913574364,0.7095162838999933,0.031069930968030193,0.0021923502036709994,0.03603550579256171
302,0.1482390227524349,0.7397714741904782,0.08963205421221447,0.002433241124066682,0.019924207720805616
303,0.11048713394964901,0.788522352278171,0.0828392822854954,0.0014009915205449115,0.01675023996613975
304,0.011523180008802869,0.9507544483436657,0.025479203543524852,0.0022744586764175704,0.009968709427589113
305,0.017471050778560964,0.7372972852521895,0.2409078998115816,0.0013705176190582898,0.0029532465386096036
306,0.09203207752446578,0.5620099612116083,0.2030120442057896,0.0012343497578154363,0.14171156730032092
307,0.16488103355790923,0.7547217150610407,0.05683687100532869,0.0011893977348593498,0.022370982640862094
308,0.020479326363435406,0.5308329486071429,0.4420020789012916,0.0003632850983803387,0.006322361029749825
309,0.00684722449842957,0.39085901740451673,0.6001239506736527,0.00014707261171443016,0.0020227348116866844
310,0.005820899765812129,0.31681520179500483,0.6750476149203166,0.0004702937235303387,0.0018459897953360194
311,0.0023944009938194556,0.10004298286138086,0.8961304336112896,8.622914663143494e-05,0.0013459533868786537
312,0.0009639005812333426,0.10090649060415789,0.8971851118498501,0.0001243644233395383,0.0008201325414189755
313,0.0006391061544005268,0.12216626172227286,0.8766626285218396,7.649991561073412e-05,0.00045550368587614235
314,0.000799273710524743,0.16067785177396926,0.8378806420467643,0.00017190714796913193,0.0004703253207727936
315,0.0002989123232193154,0.10524594542321933,0.894126430151033,8.565647735534779e-05,0.00024305562517297092
316,0.0011995324983469374,0.2614059354927188,0.7364711262560891,0.00018214996628905186,0.0007412557865561532
317,0.0006494607501480877,0.08190156328077357,0.9171049356372016,9.429203052070688e-05,0.0002497483013561613
318,0.002071736648700075,0.29244718292494243,0.7038464195283992,0.0003939535977215808,0.0012407073002366794
319,0.0009552197817841403,0.22656189922721512,0.7720115682576429,0.00016678679165294853,0.0003045259417047732
320,0.00018680885807926455,0.09253473729147157,0.9069995286734068,0.00010701125691868211,0.00017191392012366947
321,0.00039781813037532786,0.07780944892522627,0.9215539830767279,8.228231875813472e-05,0.00015646754891252755
322,0.00021187133151227432,0.08538503901367513,0.9141796866202622,6.77125035601244e-05,0.0001556905309903645
323,0.0003265011622498025,0.07498228881710749,0.9244036533971607,0.00010183952535399942,0.00018571709812791485
324,0.0001226019901128632,0.052819648714735094,0.9468520052454991,3.003447896081865e-05,0.00017570957069215976
325,0.0005073743441912852,0.0852042198760192,0.9138194198926174,6.249469684450971e-05,0.0004064911903275665
326,0.00034568819968666074,0.07216254580425871,0.9268754132600514,7.135603142936544e-05,0.0005449967045739134
327,0.00020188119785526337,0.06327718548091005,0.9360450920138378,4.966798824603055e-05,0.0004261733191507883
328,0.0002856161615215821,0.10103185882101026,0.8981398338871199,5.643499211125773e-05,0.0004862561382369549
329,0.00016633834250529835,0.05304829523615541,0.9464781806709115,4.4075819873759494e-05,0.0002631099305540894
330,0.0002611300370711578,0.11792799296541286,0.8812420743218353,5.078430055302055e-05,0.0005180183751276933
331,4.4558359723647966e-05,0.019899949493860467,0.979893764101778,1.3653727356916594e-05,0.0001480743172808899
332,0.0001434751815772675,0.03317791362604603,0.966348777875269,2.572588846386622e-05,0.00030410742864401803
333,0.00031498251331197073,0.07001548460657628,0.9289642486487211,3.868948805942097e-05,0.0006665947433312991
334,9.122393807038393e-05,0.02582625445754634,0.973785879263963,8.39801894518528e-06,0.0002882443214750813
335,0.00013538960708877308,0.06961317924543539,0.9299475309507421,1.5569357675542436e-05,0.00028833083905815195
336,0.0001109182849368513,0.06249447803469689,0.937016673480782,2.7800377508053126e-05,0.0003501298220762174
337,6.241652251319182e-05,0.04114768101564064,0.9584890683586551,1.9810921684043057e-05,0.0002810231815072112
338,0.00012414919155211246,0.01940629755669545,0.9796518151853243,4.014222160621322e-05,0.0007775958448219154
339,5.5624910427261576e-05,0.021016214977149086,0.9784218982972204,1.462543569766529e-05,0.0004916363795056453
340,0.00016154504178936434,0.024605869823447833,0.9746744095263005,2.3203807777455142e-05,0.000534971800684888
341,6.278686179138919e-05,0.029040573492268327,0.9701404944763098,1.317932127925278e-05,0.0007429658483511808
342,3.926078501915934e-05,0.020125600759272493,0.9795891738373225,1.0242269582799636e-05,0.00023572234880315515
343,7.206247644474401e-05,0.015124024531757128,0.9844737439403236,1.6451227623801852e-05,0.0003137178238509049
344,0.00011553160938872518,0.025132693943298777,0.9740796390455114,1.35900354361883e-05,0.000658545366364903
345,6.029550528375255e-05,0.026273260915416163,0.9731835834684569,1.2640310868424338e-05,0.0004702197999748083
346,0.00012675427062006068,0.03489743893786331,0.9646404209472602,2.2618891159831915e-05,0.00031276695309659527
347,9.841351553056303e-05,0.036983295792436366,0.9624645302254365,2.8317295074934827e-05,0.00042544317152174224
348,9.928057758804321e-05,0.016098443480639907,0.98326527156796,2.3980300358183082e-05,0.000513024073453906
349,0.0004070028537433039,0.03475883642887583,0.9635399519946953,0.0002318161119705602,0.001062392610714877
350,0.000262934554843557,0.046245410446006975,0.9522625409474431,9.416582031224107e-05,0.0011349482313941944
351,0.0004968202687789881,0.030264981210287662,0.9678287810681246,0.0001343151906419466,0.0012751022621669582
352,0.006620239733118477,0.29116266835524685,0.6449971201323143,0.00025371507992369733,0.05696625669939687
353,0.1522282766026611,0.6232932927404631,0.17685584560879294,0.0012865999845342085,0.0463359850635487
354,0.07329027735984099,0.8369874719090593,0.08244701218268939,0.0011237296596274874,0.006151508888782909
355,0.02241920579581427,0.8165930096875325,0.15722234066335114,0.0005247365861071895,0.0032407072671950705
356,0.009412387113781463,0.35577581393452096,0.6324065140561302,0.0006158188997497073,0.0017894659958177267
357,0.0009738247834835327,0.2706537744263319,0.7273280064767154,0.0002229702151905987,0.0008214240982785424
358,0.00021360717298629653,0.10134579744229842,0.897939169055687,8.373111206452254e-05,0.00041769521696389503
359,8.90360676621331e-05,0.04502934595087414,0.954606431832364,3.3799142111504875e-05,0.00024138700698808584
360,7.8307409336798e-05,0.02276314973453973,0.9768731545072039,1.977329900514748e-05,0.00026561504991452154
361,0.00011175627575078837,0.029876270200060236,0.9694178919258639,2.7422115950258705e-05,0.0005666594823746664
362,0.00010860812461654054,0.026042068202829897,0.9732616893320956,2.6524740672968886e-05,0.0005611095997851525
363,8.230081864307563e-05,0.03432685464483674,0.9651890630655848,2.1016343965201313e-05,0.00038076512697029195
364,0.0004412979639319069,0.05978839210611538,0.9384810587702849,5.995059322321998e-05,0.0012293005664447895
365,9.430076984859782e-05,0.02921444506533918,0.970194914161959,3.337894347779579e-05,0.0004629610593755095
366,9.319520473703258e-05,0.02563165729168154,0.9730179528317682,0.0002692699624884921,0.0009879247093247765
367,0.0005166179680683889,0.04141724911756817,0.9488841747077529,0.0028730087639415726,0.006308949442668883
368,0.0014183699570750176,0.059088931697702386,0.9193034122588166,0.003928220968814073,0.01626106511759198
369,0.0028067452401273974,0.10386089853758151,0.865876231664259,0.0029504669576215017,0.024505657600410718
370,0.004286218675875277,0.07188590593436993,0.7960470575833406,0.00784343377124458,0.11993738403516968
371,0.0019014684235357118,0.004426418369438253,0.0018102578115264747,0.0023152074018938755,0.9895466479936056
372,0.00382446306152992,0.002448250267384503,0.0015057385099910032,0.0008324682118521886,0.9913890799492424
373,0.009447821222020038,0.004244024889185721,0.001821530674245874,0.00016382246849336258,0.984322800746055
374,0.42718513301488426,0.18599810441046347,0.022825513944893072,0.006905716954290702,0.3570855316754684
375,0.3839372265939188,0.28554090350356437,0.053467772353102426,0.0038949979867287992,0.2731590995626854
376,0.03609759639236376,0.08439473506873317,0.019406820285719165,0.0020005040395789206,0.858100344213605
