epoch,N1,N2,N3,R,W
0,0.06552180673410435,0.00464357158213783,1.1019773062694228e-05,0.016178293559860352,0.9136453083508348
1,0.01175042531861636,0.004992782025123373,8.310996081808578e-06,0.006898524359743514,0.976349957300435
2,0.028382359243781505,0.02706012613232761,9.323533084886596e-06,0.0030242379393282215,0.9415239531514779
3,0.021488483186966247,0.00858630960129149,6.788475756062337e-06,0.009088382987603115,0.9608300357483831
4,0.0017530367114304795,0.0012285861444541355,2.699768970800914e-06,0.0008517571600503599,0.9961639202150943
5,0.0008876994731589818,0.00030932101921941104,6.691919989170727e-05,0.0009223916507074999,0.9978136686570224
6,0.0955890893099594,0.005524411751502139,1.936211362053347e-05,0.0030737329729452804,0.8957934038519726
7,0.17552265233865472,0.009257811534750705,1.615683033708933e-05,0.006536073373917819,0.8086673059223397
8,0.40713425609013926,0.05661311797507816,1.3671261887437844e-05,0.03319503651221856,0.5030439181606765
9,0.332586964500735,0.40539846002915464,0.0011616776722778457,0.012374066840593037,0.24847883095723955
10,0.18473631987678396,0.25564868766901516,1.682992099283701e-05,0.22207043899472767,0.3375277235384803
11,0.13843345858671566,0.49378415462067926,9.60499437267477e-05,0.045546182206046254,0.32214015464283213
12,0.06122475327968245,0.6964670471353035,0.00012320630256571264,0.12152075292420281,0.1206642403582455
13,0.06601542806309697,0.7883745008494893,0.0005875963070031618,0.07153650515160322,0.07348596962880721
14,0.04977955359561184,0.7406050564884885,0.00019321731318169618,0.10530571180385305,0.10411646079886476
15,0.04401850756286073,0.7008780045665249,2.9304226091737206e-05,0.10906947241039652,0.14600471123412612
16,0.05617483685128066,0.8235504747307593,0.0001258383878846728,0.050798447414659366,0.06935040261541596
17,0.024517403195910423,0.947669206028401,0.0007330272520974306,0.010284133620852561,0.016796229902738467
18,0.07905031976935341,0.6805158349542364,0.001426304141646553,0.19903527710637559,0.03997226402838808
19,0.020876616089608325,0.9448130254102827,0.00233375279400718,0.01959341148367591,0.012383194222425845
20,0.05521208514257484,0.8099331866111887,0.0008361748811620392,0.10204483518095571,0.031973718184118566
21,0.00452536136607132,0.9850268353638723,0.0031504973804707776,0.0016009691373409128,0.005696336752244561
22,0.007126111412030898,0.9810691236426723,0.003741982144344238,0.0011887320940336956,0.006874050706918882
23,0.034496446397797705,0.9100319098158004,0.0004805501278705147,0.03256542676831745,0.02242566689021409
24,0.003486469691213643,0.9844055098043897,0.001531381696102805,0.002458151221674422,0.008118487586619249
25,0.012654193393106722,0.9727981273452786,0.0015912220456891775,0.0027787457518431108,0.010177711464082287
26,0.006219810218006933,0.9805818863576731,0.0027382221568853626,0.001328132121412568,0.009131949146022124
27,0.003133538922178721,0.9435545031062853,0.04717097326505631,0.0008236983681194231,0.005317286338360112
28,0.003879072398508782,0.9814787806118666,0.007044740179909665,0.0004919050449256907,0.0071055017647893735
29,0.00300058049142512,0.9659275983810114,0.02666508186605874,0.0004684228645356228,0.003938316396969028
30,0.05191749640478323,0.891201885887181,0.00015949898694170102,0.0047915034369357505,0.05192961528415815
31,0.00306177330819275,0.9818589103189918,0.013005569502823977,7.919561947268837e-05,0.001994551250518741
32,0.005385199581627093,0.9888799556121606,0.0033152689358367567,0.00018113226921629024,0.002238443601159154
33,0.002854062465463075,0.9884561307002317,0.006185265249435265,0.00012583664271004054,0.002378704942160001
34,0.0016138057123642024,0.9837621445230224,0.01161882149405443,0.0001635434210314937,0.0028416848495275773
35,0.001066423877423929,0.7776390952363841,0.21872554090545437,0.00013577340052238075,0.0024331665802151095
36,0.001215580514370939,0.8646736622752247,0.13205934088940519,0.00014146937967776486,0.001909946941321424
37,0.0019451283157772032,0.9541520409466299,0.04174734493570665,0.00026621385485243776,0.001889271947033818
38,0.020917104514646272,0.9255578891135696,0.0051492594554869405,0.0003847393910318423,0.04799100752526522
39,0.01877005862614724,0.9693414710767015,0.0006694237515985906,0.0005838879874907681,0.010635158558061743
40,0.006305823708894607,0.9898701832233272,0.0022198728899360805,6.1147248738636e-05,0.0015429729291035102
41,0.005251123050504888,0.9926111469219927,0.0008622288931268447,0.00013397595003792102,0.001141525184337783
42,0.004758676508592482,0.8941210041491018,0.10002605417236991,6.262965771101067e-05,0.0010316355122247994
43,0.003002800440740911,0.956698833380834,0.03918208684721632,0.0001032351040711488,0.0010130442271377702
44,0.0008375778907496208,0.7165987841540092,0.2813541411191788,2.2837873408098156e-05,0.0011866589626542638
45,0.00046083516733485375,0.40613503468468565,0.5929613815454751,1.0013942826399529e-05,0.00043273465967803094
46,0.0011584101052897337,0.7120606668386223,0.28556237261791384,2.3492891608080157e-05,0.001195057546565987
47,0.00041208399415597146,0.3862547083411401,0.6127481367804934,1.1832443457080549e-05,0.0005732384407533897
48,0.0009432324562310334,0.691433319896237,0.30616727304851643,4.8299478459853246e-05,0.0014078751205556738
49,0.000505477011279876,0.3289127534050181,0.6695912405570474,1.798235930466529e-05,0.000972546667350037
50,0.00029552233518967766,0.34679941433633327,0.6522456851681292,1.1500321120301777e-05,0.000647877839227509
51,0.0004876071541868519,0.3878415526111307,0.610519802283885,1.4856020318248397e-05,0.001136181930479115
52,0.00015850146255265752,0.1622461028726027,0.837256145558745,5.9452024144734075e-06,0.0003333049036853028
53,0.0004153274634855928,0.38198461674446277,0.6161097900337146,2.1110762372712224e-05,0.0014691549959642862
54,0.00041998899328565966,0.31670802553891536,0.6820845218462158,1.8159354577008796e-05,0.0007693042670061644
55,0.00031798324607653543,0.2056910267417385,0.793345920977623,1.5228621598447343e-05,0.0006298404129635134
56,0.0004293997392141741,0.16794869909945725,0.8310197633117382,2.904996362762516e-05,0.0005730878859627241
57,0.00029958080931847197,0.24691234335145026,0.7522074919541749,1.718219320210696e-05,0.0005634016918542415
58,0.0005083053019099315,0.2568790854456654,0.7419070500161679,1.3669870310695721e-05,0.0006918893659461433
59,0.0002657983983268253,0.22406451687638992,0.7752316420270834,2.0286900369533662e-05,0.00041775579783037546
60,0.0007595795646810113,0.27725678134191106,0.7209691210330024,2.8938273863120186e-05,0.0009855797865422743
61,0.00039707229813151887,0.19909623267240367,0.7999547322767402,1.1408551911248831e-05,0.0005405542008132891
62,0.0005500639847593753,0.26720711790751306,0.7310466805180428,1.9949473941647373e-05,0.00117618811574325
63,0.0003550600483490647,0.2499509778528205,0.7488634726472166,1.7212725751108818e-05,0.0008132767258626354
64,0.0002615868985116464,0.1923082284144239,0.8069236177059717,1.7783266060894896e-05,0.0004887837150319972
65,0.0001482059432748974,0.166656591163203,0.8327736163678129,1.725047068893699e-05,0.0004043360550205821
66,0.00036557010519038685,0.24177668213402786,0.7565061203374093,3.8991082752470756e-05,0.0013126363406200233
67,0.00043765035847668035,0.20619557039340156,0.792838147382941,3.372972567130615e-05,0.0004949021395094946
68,0.00022024677633570485,0.16819875023306236,0.8309635156565663,3.410242085386202e-05,0.0005833849131818722
69,0.0004271482896091929,0.24861951537329005,0.7503836265076829,6.10599729547697e-05,0.0005086498564631849
70,0.0003223938571654378,0.2937189209736112,0.7054986287061569,3.621542502578719e-05,0.0004238410380409198
71,0.00043991264006491875,0.24117382502099646,0.7574416873283516,4.680997079914312e-05,0.0008977650397878021
72,0.0002712323026991749,0.16498338793585177,0.8342965705625441,2.1355337717920274e-05,0.00042745386118695796
73,0.0007704414219597192,0.34240813860156444,0.65537592210624,7.205336025394385e-05,0.0013734445099819637
74,0.0005146521082803297,0.29905650414631507,0.6986564635634945,6.421104463542571e-05,0.0017081691372746023
75,0.000783969897091953,0.6340775908436982,0.3627334706729497,0.00018560843498983826,0.002219360151270312
76,0.0015514184291702026,0.5850279100351673,0.40577178275935794,0.00027882145476021815,0.007370067321544422
77,0.0012377087383245247,0.36327214852839634,0.6292078495261344,0.00018163273018157762,0.006100660476963093
78,0.08446915561775047,0.3939395763114932,0.05688677774834916,0.0016788648354899938,0.46302562548691717
79,0.1655476219607952,0.23411717356912054,0.006452403837616461,0.0011307308088533857,0.5927520698236144
80,0.1589285443300901,0.6811930959472815,0.02001220171817403,0.0014955404683313141,0.13837061753612287
81,0.09439455740100496,0.8421015167189327,0.012427372403013953,0.0007951857918904119,0.05028136768515802
82,0.01739694757423916,0.8891888098530274,0.08682778987506311,0.0002481815724653925,0.006338271125205123
83,0.012806532875908246,0.8164903500180738,0.165113887293285,0.00034681099608831743,0.005242418816644632
84,0.006265888861346101,0.8392342619016886,0.14858492601253281,0.0005852198829923719,0.005329703341440002
85,0.005951339302528958,0.8095413014988844,0.17585258714214413,0.0007209710981290686,0.007933800958313402
86,0.01313204077492543,0.7271368603045715,0.24218086039557402,0.002655673967280042,0.01489456455764903
87,0.010515539308787706,0.7159949234570646,0.2526873458081421,0.0022499088230598908,0.018552282602945565
88,0.2621328324511808,0.4644164776728644,0.00229370535691887,0.005170922805336946,0.2659860617136991
89,0.0944458692502966,0.8657336026118654,0.019278125428741036,0.0017201464237132163,0.018822256285383497
90,0.04273100272386717,0.9491984547940036,0.0033554677867560128,0.0009433140113686381,0.0037717606840047173
91,0.03109103257103899,0.9584976813429067,0.004130448745269689,0.0010984665286999631,0.0051823708120846785
92,0.005586709312053001,0.9700088019389039,0.022614288151889508,0.00028816919274475956,0.0015020314044087658
93,0.004927787128435114,0.7977101568717015,0.19490088218260324,0.0003437992388107423,0.0021173745784492143
94,0.010585465316241367,0.8892895794271927,0.0873707200259122,0.0003096559384109567,0.012444579292242717
95,0.007645420494748377,0.9564244415153121,0.03319508071242814,0.000512158425059242,0.0022228988524521753
96,0.0021958620140255665,0.6964838114150451,0.2990781640919637,0.00020260613325948356,0.002039556345706166
97,0.0014162475822773826,0.7121069640005719,0.2839980948543796,0.00016260576258864413,0.002316087800182453
98,0.0009548755391698789,0.6043876216187128,0.3927778613893389,0.0001130683467213056,0.0017665731060571798
99,0.0006367594213356839,0.5370623129932193,0.46003651188316963,9.688737437753059e-05,0.0021675283278979303
100,0.0034325427504656426,0.44067499991178916,0.5534856102080357,6.47449136157127e-05,0.0023421022160939058
101,0.002381223612994435,0.2544108465267441,0.7412583655193318,5.021726189183437e-05,0.0018993470790378436
102,0.0006855960505745159,0.1319817808182808,0.8649990935195874,7.74909084974992e-05,0.0022560387030599095
103,0.0010502442247104396,0.18356218773624058,0.8124060617048701,0.0001681583425290768,0.0028133479916497544
104,0.00035535492215139984,0.08702471906404331,0.9115293024633011,4.063160136721303e-05,0.0010499919491370451
105,0.0019422899952055463,0.2435856551943714,0.7510459760843422,9.525483788091768e-05,0.003330823888200014
106,0.0062994450471116755,0.3032134276851695,0.6868707730768998,0.00013503251010365337,0.003481321680715352
107,0.004932829374198071,0.2295416101653569,0.7605539359560655,0.00011750696847720658,0.004854117535902242
108,0.001248292731374742,0.16318999240078147,0.8318554759030555,7.898092275377437e-05,0.0036272580420346353
109,0.0008298808664047506,0.16148804662192356,0.8341509746001641,8.998925599399664e-05,0.0034411086555136586
110,0.004787216441242166,0.28508392177974934,0.7020348806272725,0.00022336817042719739,0.007870612981308844
111,0.0007859740833049243,0.21099189341640118,0.7869784052587935,4.5135597533811894e-05,0.0011985916439666581
112,0.0015094748419759304,0.17891670132914608,0.8178688632712338,6.0584859993462776e-05,0.001644375697650766
113,0.0013070297039054638,0.19708743134547452,0.7994570815043167,5.965838686557899e-05,0.0020887990594378415
114,0.0010347137445672928,0.33424342545936125,0.6623065446749586,8.003291939234872e-05,0.0023352832017203787
115,0.0014190841992371256,0.2571676829994074,0.7374071201221285,0.00015087638477687698,0.003855236294450155
116,0.0015008073624608593,0.13282406408930622,0.8637422115984534,0.00012952691938656116,0.0018033900303928505
117,0.0015379297816327968,0.5568621302607171,0.4387119810484055,0.00022033130494690135,0.002667627604297646
118,0.0007971552366945014,0.3754002651039723,0.6222186570181697,0.00016867522118269544,0.0014152474199808378
119,0.00039179705573818223,0.1461477384167829,0.8516846995995004,0.00012314994277304377,0.0016526149852054272
120,0.001024567161355661,0.29023262455277554,0.706611281705732,0.0002790928279478924,0.0018524337521888855
121,0.0013181108554969315,0.09826155828954254,0.897469113404337,0.00031621862853526697,0.0026349988220883583
122,0.05008592268128921,0.563855632967443,0.09562624865733924,0.0030102473132546876,0.28742194838067386
123,0.18242569251023086,0.24730800879169135,0.0030981686355183538,0.0027639493074047426,0.5644041807551546
124,0.09021838585009036,0.8350585249000666,0.02993424864933912,0.013963999506806041,0.03082484109369795
125,0.14493152567634918,0.6135906824274571,0.04142799839402023,0.010849293220827045,0.18920050028134638
126,0.09019268655215573,0.521417484133595,0.17464328904372103,0.027092236933304925,0.18665430333722344
127,0.15894631570613466,0.4782437133687158,0.01837733545530056,0.1592295995443604,0.18520303592548865
128,0.18954563584506126,0.49003986783184056,0.006082368991677751,0.18814566213968623,0.1261864651917343
129,0.1899237056554971,0.4001830508717034,0.0005476107262483585,0.26477959614139585,0.1445660366051552
130,0.11475658235236355,0.15810840925974504,0.00015896949506511763,0.6038175602232845,0.12315847866954191
131,0.0971585306618754,0.09448024875340048,7.142214881670087e-05,0.7579504067152019,0.050339391720705506
132,0.10912205546281796,0.06992653025452815,1.8336314762735216e-05,0.7884344757549572,0.03249860221293402
133,0.11210011673450217,0.1336024078936291,1.868065124672827e-05,0.7198017453482696,0.03447704937235238
134,0.20367111896429668,0.21032933842475207,0.00010056811487653206,0.08553688638718716,0.5003620881088876
135,0.16643863233560388,0.05370372086381935,0.00040194507292826327,0.08059140645641015,0.6988642952712384
136,0.06341217707200726,0.03140573927099639,4.300859343275347e-05,0.8298534491957757,0.07528562586778788
137,0.05156764860512624,0.03270997869439366,5.0397479533560706e-05,0.8628493692625243,0.05282260595842225
138,0.13908732508082836,0.0385849260668711,7.810262853608439e-05,0.7024240060719468,0.11982564015181776
139,0.12029644576404988,0.06557647453713536,2.7855703937259673e-05,0.7664778930295623,0.04762133096531528
140,0.12538635777434834,0.03773799381120169,1.2375706432014137e-05,0.6951507902015189,0.14171248250649907
141,0.1211830180105402,0.08273108515878436,2.3306675788075283e-05,0.6151495024371706,0.18091308771771678
142,0.11539377169224056,0.03772898111271257,1.7120320811965008e-05,0.7937133556996357,0.053146771174599136
143,0.10624538520222312,0.06111694628368685,1.7848898907124584e-05,0.7053418965148243,0.12727792310035863
144,0.06533473947449583,0.03145359284362537,8.646316364856185e-06,0.8526666343314429,0.05053638703407112
145,0.11059811632893478,0.08921173682276738,1.557773160315643e-05,0.7578876853287477,0.04228688378794712
146,0.07715002557089297,0.039330700547118895,9.517451278608407e-06,0.7674796904296508,0.11603006600105871
147,0.07529282201209549,0.026221134315981925,1.572750467830092e-05,0.8501048816672865,0.04836543449995765
148,0.09785115499749862,0.03760797063703804,1.432317394888863e-05,0.7905619710811557,0.07396458011035872
149,0.06104041405078991,0.03766060839079144,8.147667003452088e-06,0.7453547779256748,0.1559360519657404
150,0.0891088892921899,0.04649291947830035,1.607817465733054e-05,0.7901598938422983,0.07422221921255388
151,0.08258657435702377,0.02662424756670286,1.5547786828018327e-05,0.7018760554374128,0.1888975748520324
152,0.09664403908485573,0.019235409949443328,9.864663616873354e-06,0.6685814235100295,0.21552926279205448
153,0.16223363366484617,0.03718155379124607,1.3662730559132924e-05,0.5691120232162876,0.23145912659706105
154,0.17060840437775243,0.02676831092106585,1.4545105876245909e-05,0.456118931904069,0.34648980769123655
155,0.22141622374344846,0.022475838141074025,1.5564003396869576e-05,0.5963402216660758,0.15975215244600485
156,0.03647969264944187,0.02665468715464671,1.5894433652851483e-05,0.2610205408293998,0.6758291849328588
157,0.014866727283764609,0.0035471038356684626,4.037553427794293e-06,0.1372622822744908,0.8443198490526483
158,0.17563258842971066,0.01590577111338743,2.9475629025437486e-05,0.42978217679602465,0.37864998803185174
159,0.1019541113932182,0.009489319214331833,2.5057825786037784e-05,0.03585241272999711,0.8526790988366667
160,0.002507210982202946,0.0009838184975525185,0.000343572494156838,0.0021190596562220155,0.9940463383698656
161,0.0020912795870060685,0.0007606433658244395,6.921723618548287e-05,0.0007062773324166154,0.9963725824785673
162,0.004345057206109088,0.0009702190217782976,0.00037566715147926115,0.0006737868688889353,0.9936352697517443
163,0.038837387651014806,0.0030294953052379275,0.00010834565949530862,0.003921780872064493,0.9541029905121874
164,0.0023941776069931076,0.0010570736989642792,0.0002478722481260645,0.0003046174139573741,0.9959962590319591
165,0.004338859820513909,0.0012340979499453097,0.0004981967166516662,0.0003561290312294426,0.9935727164816597
166,0.003077749391068475,0.0005459280242767863,0.0001439529784096605,0.0002455162574457876,0.9959868533487992
167,0.006506764500597862,0.0007585628054561843,9.039073641680347e-05,0.0002480456652979059,0.9923962362922313
168,0.05081408555708378,0.007786775275124429,0.00021324782267782936,0.0016279695654138186,0.9395579217797002
169,0.13539404576456326,0.04843217524514453,0.0026397477815096964,0.003915229663302537,0.80961880154548
170,0.6745544523842809,0.0670684273260692,0.0012679061720164567,0.037634706052158934,0.21947450806547453
171,0.3301869426060917,0.33430291599064643,0.0020065023279884396,0.12744776932836965,0.20605586974690382
172,0.33864344393214674,0.47138701360099894,0.0019648149931360426,0.10268654962397829,0.0853181778497402
173,0.3739153298434583,0.384766974879388,0.001016562171058273,0.15232775647135288,0.08797337663474261
174,0.1486047632144041,0.7116473289573779,0.005199026347438477,0.03826926691935338,0.09627961456142614
175,0.11361279539756466,0.759535561399392,0.005740722834222549,0.05753235011181531,0.06357857025700542
176,0.08054432440157965,0.8235247849863724,0.011922396644519592,0.02918693319493401,0.05482156077259443
177,0.06317844263274616,0.850121382163185,0.011974989936230607,0.019413730821686282,0.055311454446151855
178,0.11784695396723628,0.7300279657288478,0.060017696847565256,0.007347855360976383,0.08475952809537447
179,0.07509886120379039,0.820115793575645,0.00939096296851547,0.010097672971910084,0.08529670928013887
180,0.12852373304954665,0.8039654657380344,0.011644139465698752,0.013453497458148712,0.04241316428857143
181,0.18724836568716427,0.6655571094130003,0.03574565067584547,0.024496960773279734,0.08695191345071027
182,0.07027468397772245,0.7713354529110615,0.04232756815301192,0.008609271861711724,0.10745302309649259
183,0.34048484056145656,0.2967666129362133,0.0019360732124212667,0.0189051006552244,0.34190737263468457
184,0.25575605904361814,0.4451558556252767,0.0033347967854156584,0.030384870335254593,0.265368418210435
185,0.11991369491861145,0.6837921935071817,0.0063747018629701675,0.014224221339336564,0.17569518837190023
186,0.34592595497893647,0.5382615793167858,0.003679838313844116,0.01630142717881686,0.09583120021161673
187,0.2892829879413492,0.6194868710890398,0.004274849231265556,0.031883441423465254,0.05507185031488022
188,0.11785858504635699,0.8482075912543807,0.005499744157695688,0.014972502962119426,0.01346157657944702
189,0.13316875963317215,0.7950975033061138,0.006451160453162032,0.018603162435477365,0.04667941417207479
190,0.08715249559113553,0.8436130528526621,0.020350762897024723,0.00855258135349735,0.040331107305680305
191,0.04700262739173131,0.9154716941298583,0.006795025458786347,0.01091386547148325,0.01981678754814091
192,0.09573903752575041,0.8211078086913309,0.04123783230459214,0.004405834048065884,0.03750948743026063
193,0.07298280798238911,0.8462113429970507,0.04111137126456396,0.004248746568015256,0.03544573118798088
194,0.10673026151220344,0.7008294075160888,0.11160974341503341,0.014491165278761566,0.06633942227791283
195,0.17611219733656505,0.5437778382300702,0.030932227346114373,0.0040278500180641035,0.2451498870691863
196,0.388966085157817,0.38860882581349326,0.00571576148933131,0.02008948516770213,0.19661984237165636
197,0.38104618528849066,0.4433918013432642,0.009404441669296024,0.010204646651306295,0.15595292504764285
198,0.1964358752919713,0.623596181176629,0.004866513318122377,0.006077027212806984,0.1690244030004702
199,0.2152847099209851,0.6696961052132964,0.028657576576774216,0.0045845581102761475,0.08177705017866806
200,0.031508486604704414,0.8839067267948258,0.03463259732619084,0.003960856495958714,0.045991332778320425
201,0.08177240110718743,0.8378979750304667,0.04646037736049622,0.0026664061139807993,0.03120284038786875
202,0.04686346163483907,0.8537790733389224,0.08409419069277461,0.0020522515615383334,0.01321102277192565
203,0.020192094583335183,0.8531879072115435,0.11595115366765173,0.0012059158013975608,0.00946292873607224
204,0.01569519917949288,0.8163710374935503,0.15063758532028854,0.001195194245949625,0.016100983760718543
205,0.013568053824538368,0.8296385271068905,0.13713708265242378,0.0011795767375198682,0.018476759678627486
206,0.03171519455895115,0.8546316668173867,0.098525537477225,0.0007875392613360258,0.014340061885101316
207,0.016879505288800164,0.8677328007998968,0.0892224553170504,0.0009752090521883562,0.02519002954206442
208,0.008925399053355449,0.7050032944700022,0.2771679673302819,0.0006163368019819962,0.008287002344378519
209,0.018184321207944457,0.6839243217295488,0.28944228372975395,0.0009136840833851382,0.007535389249367737
210,0.017881793011166706,0.5888836385478146,0.36423333044431194,0.0011062479415015816,0.027894990055205186
211,0.012287961704455785,0.512848205768567,0.46134678514307736,0.0007408077276450283,0.012776239656254794
212,0.02878010332959755,0.7288889501679054,0.22990675237529276,0.001687857913392686,0.010736336213811537
213,0.015157363230188852,0.7253322270141649,0.23052470425952018,0.003534130455322723,0.025451575040803344
214,0.030410561384040188,0.8342544275846919,0.09755075008509072,0.0034361664983060505,0.03434809444787128
215,0.0549039144424919,0.43705587076557156,0.046352034068264616,0.010666407576809048,0.45102177314686287
216,0.29182232378093576,0.6116408026247978,0.016842843416869518,0.011300236840959208,0.06839379333643782
217,0.20087277496278882,0.6394734737898617,0.08179747746624742,0.009476185488092606,0.06838008829300943
218,0.06320249149563258,0.7463772719181937,0.09689820109204723,0.009382503464066279,0.0841395320300603
219,0.029893117554385815,0.7026589938309264,0.1849960324885779,0.008519618494944323,0.0739322376311655
220,0.026000191170540858,0.5390129424253282,0.4209657374232867,0.0015992876133319835,0.012421841367512261
221,0.004523535520189672,0.40967509991883805,0.5749490465438083,0.0008102494381871282,0.010042068578976925
222,0.00252642609276878,0.329213033197238,0.6621968264058729,0.0007190888432669941,0.005344625460853375
223,0.007641151482149197,0.7319019146516237,0.24474989438841346,0.002230539227605625,0.013476500250208112
224,0.006864031948943538,0.6578140742580503,0.32503291912720467,0.0011682856652720072,0.00912068900052952
225,0.002216125385670438,0.47983007640993774,0.5138874473561909,0.0004776600524523942,0.0035886907957485077
226,0.012695754517960766,0.4914523171368286,0.49105191101521456,0.0006503458514194724,0.0041496714785766884
227,0.009527637162818407,0.4815278093578505,0.4959895830339312,0.0014487253325854734,0.011506245112814395
228,0.08395438569518485,0.4138883923890206,0.3129740034149863,0.0037919617288684868,0.18539125677193974
229,0.08416194564314308,0.6796718368657809,0.08354121514234546,0.005034678770929434,0.1475903235778011
230,0.10696093639637827,0.15907035987926685,0.0073144892221470945,0.004409606631434376,0.7222446078707734
231,0.38390497745332985,0.5496867019749501,0.009010353771903545,0.005175075319795244,0.05222289148002129
232,0.17042755921441086,0.7936048760968459,0.014876462594571727,0.0017788284647367737,0.019312273629434672
233,0.04554530887920793,0.830374816717906,0.11014849509637456,0.0013333958598898482,0.012597983446621677
234,0.07042440598136174,0.8677009325915959,0.04213033761122049,0.0019658711176752243,0.0177784526981464
235,0.01646502874284842,0.8475929054718453,0.1274844614180439,0.0009687231747371008,0.007488881192525175
236,0.03331681235356105,0.8941857485201294,0.0678132749540949,0.0005165014885725504,0.004167662683642127
237,0.0032157024091314388,0.568558572538106,0.42201412108034686,0.0004656889317077968,0.005745915040707934
238,0.006505011224106701,0.789222202877176,0.19962504927203875,0.0004777133892994388,0.004170023237378959
239,0.004657286425567907,0.7661184898503762,0.2150895806188337,0.0005734807759483855,0.013561162329273825
240,0.013381374389260767,0.7248833760753747,0.25591280253081794,0.0005158481351547089,0.005306598869391867
241,0.009490745612334536,0.7536745338879316,0.22561915606797872,0.0004541774665236869,0.010761386965231667
242,0.004800582683901638,0.6012812446301664,0.3841226008810388,0.0004424206055098674,0.009353151199383191
243,0.01318541036730708,0.6328405438819594,0.34513549123132437,0.0006263167577853256,0.00821223776162373
244,0.012345527115536275,0.417314292142618,0.5628761956564046,0.0007103565107202988,0.00675362857472095
245,0.0023933945247144174,0.2720622603665514,0.7215542202600852,0.0002519315297254573,0.003738193318923474
246,0.007769272306644337,0.3317438537750776,0.6557757742993908,0.000357798415423551,0.004353301203463679
247,0.0007745355770561454,0.14635679502802734,0.8500873707733185,0.00014885455947761492,0.0026324440621203465
248,0.0034132332278209647,0.21110229697290686,0.7828906570378338,0.00017833539877797964,0.002415477362660407
249,0.0011741681249700328,0.19143426443106776,0.8035053800224382,0.00019553714168924215,0.0036906502798347137
250,0.0007317233183043761,0.08045671189275497,0.91679531853803,0.00010398576409392912,0.0019122604868166426
251,0.004949961588080126,0.21428475105369255,0.7729019518218091,0.00026759412599504053,0.007595741410423227
252,0.0037859718917612247,0.4151356212967839,0.5775523384880651,0.00042257473567493985,0.00310349358771492
253,0.000863034905723925,0.1552073724681153,0.8410437874406967,0.00017927421203114738,0.0027065309734328564
254,0.0024922483801009905,0.17968966688413252,0.8137649784606124,0.0002821687574106102,0.0037709375177433888
255,0.0001775812792516253,0.06936622482406164,0.9294308615352278,9.155341497260364e-05,0.0009337789464863738
256,0.0019688284388289902,0.18640385681691587,0.8084415333292674,0.0002353800587434679,0.002950401356244286
257,0.002007038453992977,0.21943431844784772,0.7763082091427654,0.0003181192464736734,0.001932314708920329
258,0.0018935655728449941,0.18484257070169707,0.8117911508559472,0.00021740233096304156,0.0012553105385476383
259,0.0006785853731066881,0.12907191708548713,0.8690841130827831,0.00019009755118100933,0.0009752869074422447
260,0.00028841181246033065,0.08930492773795592,0.909621672956893,9.696218983819028e-05,0.0006880253028526469
261,0.0008547146975053465,0.2053120656622219,0.791602328118426,0.0002128697771394412,0.0020180217447072894
262,0.00020191381295217632,0.08156211427870036,0.917445340765331,9.773359164495444e-05,0.0006928975513715161
263,0.0007609846214090965,0.21539727988792698,0.7827271033453299,0.00020194982022671146,0.000912682325107379
264,0.00028940977869505,0.1151665973380981,0.8839335377017217,9.019367645609289e-05,0.0005202615050290222
265,0.0003267910638984036,0.08472224776661985,0.9138832424510479,0.0001289722729213529,0.0009387464455126274
266,0.0009162000332145575,0.15100807033189093,0.8463281384520461,0.00020987288829652892,0.0015377182945518248
267,0.0012124599766111888,0.24972743980694995,0.7469119266289687,0.00022456215373311398,0.0019236114337369355
268,0.0003485076223926182,0.09930744921551428,0.8994761700768369,9.6407340322101e-05,0.000771465744934149
269,0.00025812190003950597,0.0699388727896877,0.9288247259620103,0.00010846650354282963,0.0008698128447196852
270,0.00015910778876066653,0.07869644067357748,0.920542495080079,7.367304770058115e-05,0.0005282834098823271
271,0.00011235988503058968,0.04922431243457738,0.9500664677950559,7.751337213630302e-05,0.0005193465131999285
272,9.126186471043347e-05,0.07956626959659122,0.9200115446867947,5.761144438270365e-05,0.00027331240752100425
273,0.00038338100775711984,0.16585266858016004,0.8333188040417545,9.315297083168047e-05,0.0003519933994966829
274,0.0002554753432361945,0.13011434800439306,0.8691762878252972,5.888757064495047e-05,0.00039500125642875043
275,0.0006848532893798955,0.1377568052214525,0.8603086074117927,9.980929931323328e-05,0.001149924778061472
276,0.0020540959827338432,0.20046859376212856,0.796154449985216,0.00015553828310913966,0.0011673219868122233
277,0.0006675576538661005,0.18394882925234204,0.8145133132058229,9.182671206474236e-05,0.0007784731759044797
278,0.0002670013050030423,0.12108001984120532,0.877165535741253,8.48391472700684e-05,0.0014026039652684581
279,0.001247684079931741,0.16654439455423023,0.8306081441807818,0.0001265707311692715,0.0014732064538871394
280,0.000357250034439584,0.08851917130073951,0.9103261066745217,6.70204346637253e-05,0.000730451555635451
281,0.00022185518099806782,0.02680706769562144,0.9720581880212402,6.00588899812499e-05,0.0008528302121591025
282,0.00014865359729968058,0.05604207172494624,0.9429141972725888,6.437951750845631e-05,0.0008306978876567162
283,8.192960353306008e-05,0.045687181876762496,0.9534776808731386,5.917288557035944e-05,0.0006940347609954681
284,0.001954170054353063,0.15847649307368517,0.8359133525632088,0.0005868146742773327,0.003069169634475748
285,0.00021836648402582984,0.07784181958907922,0.9211303722200046,0.00012419537172590457,0.0006852463351645618
286,0.0003286131982129479,0.12272664303200166,0.8749288406330885,0.0001171288467332989,0.0018987742899635317
287,0.00043964149689160604,0.10913335931302648,0.8881827639636745,0.0001414532530228142,0.00210278197338472
288,0.0004481198417031022,0.13551579418867282,0.861956507129061,0.0001223821613595417,0.0019571966792036083
289,0.0003832408258109878,0.15885935281988248,0.8397612601090102,0.00010921822010200946,0.0008869280251942608
290,0.0007087472451412105,0.27817038784806153,0.7190768026426644,0.00012591273016008376,0.0019181495339726056
291,0.002358487157563703,0.38595933424543966,0.604763432594916,0.0004437580956414605,0.006474987906439132
292,0.00041275053669053276,0.15253121591395075,0.8461643574951265,7.138644021187104e-05,0.0008202896140203215
293,0.0011045451893409504,0.2800185116867549,0.7136512999020305,0.00024272997685390496,0.004982913245019715
294,0.0026706515780080585,0.4297136137973673,0.564312190943797,0.0002571490256110212,0.0030463946552166344
295,0.0014562747474442133,0.20605144127074107,0.7905685577939202,0.00015498272632917385,0.0017687434615654754
296,0.00025514740505484367,0.19560427908742098,0.8012458747983914,0.00012579699010351758,0.002768901719029378
297,0.0009645110155044139,0.13150137291320588,0.8656783376494558,0.00020255697617331075,0.001653221445660795
298,0.002025586286282733,0.34452344757134484,0.6503862934438486,0.0002543522256402491,0.002810320472883677
299,0.0006812870834095952,0.20702246365511476,0.7908514746203696,0.00012542902067512183,0.0013193456204308445
300,0.00037709738887590106,0.16044690853039367,0.8384373913993952,7.633563271171576e-05,0.0006622670486233766
301,0.00024860569214770167,0.14029972053493858,0.8587769184594749,4.892505317077135e-05,0.0006258302602681349
302,0.001204897360982668,0.2540194147098696,0.7431323821500944,0.00024622222200403873,0.001397083557049502
303,0.0006007560662332506,0.11218163532033233,0.8858570625221246,0.00012663422713226984,0.0012339118641775686
304,0.002365290556130219,0.19342351426067042,0.8029780260596708,0.00014671256135625105,0.0010864565621721866
305,0.0006443201938625642,0.10651545409289805,0.8917162500068292,8.454874283984782e-05,0.00103942696357012
306,0.0007635660564252111,0.15946542549643503,0.838672691463197,0.00014333466401628684,0.0009549823199265254
307,0.0004988484688119617,0.17242323901949377,0.8251994149047887,0.00012708490288829385,0.001751412704017362
308,0.0005234452209048698,0.11802381129763806,0.8799406821995718,8.712210576810033e-05,0.0014249391761171298
309,0.0009095425327195347,0.2181835102721297,0.7798913419884673,0.00014327111085383237,0.0008723340958294537
310,0.0006400235403267474,0.12937295107901556,0.8672178375271148,0.00024865879819424585,0.0025205290553488024
311,0.0002441992940571129,0.10988801617317155,0.8891900429568909,7.496279606937889e-05,0.000602778779811195
312,0.0005841737516017425,0.16834455368354165,0.829486344346147,0.00015077015450081313,0.001434158064208923
313,0.0009241694000961016,0.13182962792478986,0.8658966870092208,0.00025263340623250986,0.0010968822596606085
314,0.0007968907446264684,0.17653691819607678,0.8195982990008849,0.00038211987381988764,0.002685772184591967
315,0.0008146397255075532,0.16699116448404802,0.8297343114134335,0.00027916638119174583,0.0021807179958192985
316,0.005346161782657399,0.4458754744273651,0.5404201973532994,0.0018778574470525071,0.006480308989625668
317,0.003828349033334944,0.36782108695632465,0.6204646580197068,0.0012161549332984762,0.006669751057335316
318,0.024341899535880087,0.0400521234800381,0.004767476928424196,0.0027164276354640364,0.9281220724201936
319,0.1647191581478877,0.5166637208081961,0.03532244024726232,0.005273454571587418,0.2780212262250664
320,0.10229664675521861,0.1694783435351076,0.007717960519680472,0.0036853137587559612,0.7168217354312373
321,0.321937208460588,0.4735273668711928,0.001460158804505806,0.007013388993941765,0.19606187686977172
322,0.11120275217454745,0.5000367678445146,0.0029613198778458225,0.010816863171581398,0.3749822969315108
323,0.05617043710009908,0.09828682509141327,0.002977458039132263,0.00610702926584901,0.8364582505035064
324,0.6088271840072937,0.16576115330980887,0.007267136228634503,0.030883956126383068,0.1872605703278799
325,0.500687362037348,0.3699676797874586,0.005660903185766548,0.0248955841925621,0.09878847079686481
326,0.051360873628394255,0.13211206987363638,0.01733254248703921,0.0029127309911711,0.7962817830197589
327,0.05870718165561618,0.055093220277435025,0.025338312239342763,0.009429957787406476,0.8514313280401996
328,0.5217900384980682,0.24926122883261848,0.008397010182162606,0.07533053461819514,0.1452211878689557
329,0.14638980896335183,0.20234492717303534,0.00987494919661543,0.023302967265755703,0.6180873474012418
330,0.1311147020711234,0.08826404247996686,0.0016536542771652392,0.027141562950741306,0.7518260382210031
331,0.18581520147780584,0.05273285721753573,0.0008219453440287805,0.05132856870032881,0.709301427260301
332,0.4200086597945008,0.1600792041502649,9.299447645192075e-05,0.10416615036352833,0.31565299121525403
333,0.3650381832276376,0.30389637062252856,0.00035511649811817176,0.1313471669664865,0.19936316268522908
334,0.09914901322683349,0.7103139760738464,0.00038587973295852547,0.09942541762912925,0.09072571333723224
335,0.1778165826456447,0.39106748946296144,0.00011846069131137692,0.38053555313555343,0.050461914064529004
336,0.03669326481464631,0.890348789359015,0.0005749373628443218,0.05322099945931049,0.019162009004183987
337,0.016640813607839606,0.940588937404911,0.00032738631562702906,0.0350118551332539,0.007431007538368378
338,0.039282473404883625,0.7904296689584894,0.0018372502859901531,0.09127484641904057,0.07717576093159614
339,0.15832165454195646,0.27926464621628344,0.0004271026017573403,0.07525294063132809,0.48673365600867463
340,0.0467109307802356,0.8818253230069899,0.0014114361019862802,0.0493755035151554,0.02067680659563288
341,0.15634720185877307,0.5640435391257036,0.0016770995527533661,0.14441715463218993,0.13351500483058015
342,0.047544929376537766,0.7937666841822942,0.000607035767242748,0.04680250877026459,0.11127884190366073
343,0.015295033483483872,0.9508430934806105,0.00036195809955691507,0.021859069110936588,0.01164084582541214
344,0.018918077133198766,0.863240115826399,0.002800264288370637,0.1027981280639332,0.012243414688098413
345,0.06046541354703975,0.5089046749055662,8.627540194602415e-05,0.41085458373840744,0.019689052407040587
346,0.07574378911927165,0.16200959884604563,5.149901748336124e-05,0.44644929294574426,0.31574582007145513
347,0.1039932208956734,0.16305905422268627,0.00012303668947711923,0.681984681262854,0.050840006929309185
348,0.11212314073213056,0.05776344654917386,1.4386565410317239e-05,0.7877191201422473,0.04237990601103782
349,0.14553191250647152,0.037637357307552154,1.4690567895339581e-05,0.5641753538352288,0.25264068578285226
350,0.11645356603440646,0.021972012949292706,7.669843406561701e-06,0.7849621963237333,0.0766045548491609
351,0.1433020953032447,0.026868827953557866,1.087481098563359e-05,0.780190696140643,0.049627505791568854
352,0.10609692941693707,0.023951006045744253,1.0439328397982549e-05,0.6179985757278839,0.2519430494810368
353,0.046848399675130395,0.02522406910360088,0.00011649671451559696,0.2623242050698471,0.6654868294369061
354,0.068209088300039,0.015180938385296718,1.796106867384966e-05,0.5472071753504396,0.36938483689555074
355,0.10705049728778715,0.03598887931525438,6.97398596729891e-05,0.30590060108046224,0.5509902824568232
356,0.13448152573615513,0.045331732959692644,2.9081130254546157e-05,0.6269612736630099,0.19319638651088766
357,0.14470086987690384,0.032286135371713855,1.2274690558205782e-05,0.46874512752538944,0.35425559253543465
358,0.0020584208364597236,0.005082071910281547,0.00042910845455685834,0.014985455419353247,0.9774449433793486
359,0.03480353574752597,0.005328071050225212,0.00011410193856973244,0.14427764206498636,0.8154766491986928
360,0.1790853233778132,0.022636788524894765,8.987866208128297e-05,0.37934027578904306,0.4188477336461677
361,0.09312036215129155,0.021868511250806306,0.0002947978348781285,0.2416982159673308,0.6430181127956933
362,0.07209546541383435,0.010646954753985267,4.018287526978771e-06,0.38189805816406625,0.5353555033805871
363,0.0625762441458189,0.006766566588607763,6.429293461714139e-06,0.5191445845140248,0.4115061754580868
364,0.07958371853808723,0.011770521886030817,6.422186253045338e-06,0.6929854639034145,0.21565387348621437
365,0.06968238824598041,0.00976271965365143,5.109110510026083e-06,0.8259335635701422,0.094616219419716
366,0.09388016228964984,0.010962897502043973,6.275711350455867e-06,0.8485356229043273,0.04661504159262843
367,0.04362141682878152,0.008116916783631262,5.040162860449293e-06,0.9134326522229403,0.03482397400178637
368,0.09367684821145279,0.01568765092150564,2.8595252212832934e-05,0.8322904201457024,0.05831648546912646
369,0.060648885431198556,0.02428051904323689,2.0931727910964503e-05,0.8695729141879038,0.04547674960974971
370,0.04939970313096266,0.015976566657137817,5.5609163575076534e-06,0.9161888853555458,0.018429283939996124
371,0.05026830671204283,0.05151451216110798,7.281747822170448e-06,0.8827802120647775,0.015429687314249518
372,0.03786385830506743,0.022043405531900078,5.227074289773332e-06,0.7704757551612508,0.16961175392749195
373,0.05826087761413635,0.016164211787809128,7.81043400541377e-06,0.8174682188438916,0.10809888132015757
374,0.05427272049784724,0.03709496642941229,2.226487797862003e-05,0.3754181601763975,0.5331918880183644
