epoch,N1,N2,N3,R,W
0,0.0006326046706817143,6.878504595540472e-05,2.185781246976993e-05,1.3403623084531013e-05,0.9992633488478087
1,0.00312143451541153,0.00031760164988383954,3.0467313222820658e-05,3.0818308251861904e-05,0.99649967821323
2,0.001690807770269796,0.0008403905050906853,0.00011463864739277121,2.90125416664789e-05,0.9973251505355804
3,0.0023677985891720627,0.0005688488220876913,0.00015222960013673052,4.1367715105754294e-05,0.9968697552734979
4,0.03924251559891626,0.004719795831498073,0.00023563421140295572,0.0004974899476849561,0.9553045644104978
5,0.25572769088974323,0.34774212718409564,0.013428938232341982,0.005566586136428222,0.3775346575573908
6,0.00034730112637991034,0.0004584588434511459,0.0001701070300805664,7.56370035961163e-05,0.9989484959964923
7,0.0049162361661003575,0.0012861443256892994,6.714117458655885e-05,0.0002359409262012486,0.9934945374074226
8,0.0005293241405370434,0.0002766779833797058,6.173854761889302e-05,4.796064187292037e-05,0.9990842986865914
9,0.0009401142887076387,0.00024878651023537687,5.448859825723546e-05,3.580568101763408e-05,0.9987208049217821
10,0.0005344497025520179,0.00045398092136577365,0.00015411037219685979,2.8006653590895516e-05,0.9988294523502945
11,0.008537296326670335,0.0014817927340126792,0.00017061053512582798,7.748582724378696e-05,0.9897328145769474
12,0.011314992881389936,0.0022999379579984798,0.00046320378512434973,0.00010306897073008934,0.9858187964047571
13,0.10320135692689708,0.030309195269813453,0.004278758233042855,0.0005906326665083581,0.8616200569037382
14,0.0028553681945744556,0.0015370390913054905,0.0007747282826692882,5.6756598444074105e-05,0.9947761078330066
15,0.00350837183536785,0.0017130948206480834,0.00021177864916524516,3.796110171241094e-05,0.9945287935931063
16,0.02340359957903335,0.005720871826652824,0.0007945771019814055,5.654581227454616e-05,0.9700244056800578
17,0.0018017383477688198,0.0007650811939967894,0.00019827166803368775,2.1308198030982614e-05,0.9972136005921698
18,0.0040164419012074515,0.001705006663628667,0.0011770749726234947,2.5710190131019635e-05,0.9930757662724095
19,0.1283572304454183,0.432814551664444,0.16766102036701255,0.0006397410181478663,0.2705274565049772
20,0.0011319443233178642,0.0011019840245880086,0.0010144699180844585,3.305002705776187e-05,0.9967185517069519
21,0.014518528436649287,0.005584936827899791,0.0005431537537789256,8.289599197764591e-05,0.9792704849896945
22,0.06317397654070342,0.5244279829392045,0.15223917285498084,0.0010409218940161525,0.25911794577109504
23,0.0011078407455722755,0.0027658262733134464,0.0006304397250392912,7.26784230751388e-05,0.9954232148329999
24,0.01312752326579742,0.008233975491096245,0.0005647654347458405,0.00015524782334071997,0.9779184879850198
25,0.003232385570236748,0.0017720986970157801,0.0002634831702980128,0.00013876270267691536,0.9945932698597725
26,0.19621198162343928,0.018502975635265553,0.0006421048612641772,0.00025009682413961663,0.7843928410558915
27,0.0036525635904428367,0.0013033855629464197,0.00017849735392653395,8.800588928973126e-05,0.9947775476033945
28,0.1153836303867414,0.012788469442496399,0.0005840758866142206,0.0004019970666666873,0.8708418272174813
29,0.06179852856157218,0.02078324784280648,0.0021667906812385656,0.0002126485340920208,0.9150387843802907
30,0.21030156461344934,0.5322841585669424,0.09113099314063491,0.0029306666344146655,0.1633526170445585
31,0.00401643898676179,0.0015125281929336096,0.0003225233866914622,0.0002042574322716543,0.9939442520013415
32,0.032902341219426874,0.006095199053253569,0.001082744700660304,0.0004541664709698059,0.9594655485556893
33,0.06379544657850561,0.009348022748291093,0.000788087291590411,0.0007729050514344128,0.9252955383301784
34,0.36643535629750734,0.15563099168650296,0.008426025935796916,0.005018228442726847,0.464489397637466
35,0.44281773530252694,0.3681015845177953,0.01305137959947458,0.011977221316455776,0.16405207926374749
36,0.02998585258783238,0.011251894289298006,0.00045658008563785043,0.0030025225989535843,0.9553031504382783
37,0.2423118331129728,0.6068053108537218,0.016515454770222524,0.014835237873764428,0.11953216338931831
38,0.007191782107877024,0.005861839964072191,0.0008631619631452094,0.0007950976644044385,0.9852881183005012
39,0.2600191986382154,0.11400249864405214,0.002817028358983271,0.0027842406047118456,0.6203770337540374
40,0.3535966429079556,0.45072698855088966,0.02112252909186928,0.007580211641162318,0.16697362780812297
41,0.0492816305474925,0.017189978788370187,0.0011847316294500143,0.0008052346119644595,0.9315384244227227
42,0.0013090205894107263,0.001543596688905263,0.00023687792710539644,9.508583973343707e-05,0.996815418954845
43,0.1292554181786386,0.023875431530425116,0.0005474915766703292,0.0014784039561276312,0.8448432547581383
44,0.3383226752051153,0.382422393960313,0.07204359075134803,0.002271920375875382,0.20493941970734852
45,0.0014806059536015455,0.0022597624944306074,0.0005687284127363709,8.5190979778368e-05,0.9956057121594533
46,0.00131514878224707,0.002394114660277705,0.0002850299904770714,7.677598963849521e-05,0.9959289305773597
47,0.0011790804583156904,0.0012609634607640178,3.741551055013586e-05,0.00011167756695036039,0.9974108630034197
48,0.024858724717379734,0.004402723665403882,0.00042991498224817434,0.00024724657147630195,0.9700613900634919
49,0.010366387634291763,0.003827597533805684,0.00030169217226106885,0.0005255730302371607,0.9849787496294045
50,0.07233891305521199,0.02678567787842423,0.00041651735556274974,0.0005680290424623578,0.8998908626683387
51,0.001800508195162823,0.0009800564213560288,0.00015392081459398598,0.00012062601802546569,0.9969448885508617
52,0.006456902566093277,0.001786928852069821,6.300130856041061e-05,0.00022512483868038734,0.9914680424345962
53,0.003243346137586107,0.0023821441597195406,0.00032878275055014613,0.0001604356897161791,0.9938852912624281
54,0.4415714614294088,0.07391276505376702,0.0009004722133445075,0.003757246304845585,0.47985805499863415
55,0.25762958966253663,0.5440887442058073,0.02857029145890891,0.004285529972218903,0.16542584470052815
56,0.0024233380515046245,0.0070871131223232625,0.0007055250762432691,0.00016433964722338112,0.9896196841027055
57,0.15045942944777374,0.17997736646126497,0.0023097914482101732,0.00202899658705303,0.6652244160556982
58,0.0005950490109450428,0.0019600039668326,0.00016188029041008483,5.581446160295829e-05,0.9972272522702093
59,0.00043136160109143244,0.0007889332569420583,0.0001798947539471956,2.6390007908565902e-05,0.9985734203801109
60,0.0023229313242685776,0.0005687587884065453,1.3555649359185545e-05,4.851093661159886e-05,0.9970462433013542
61,0.00046379249637347074,0.00020124119012571103,5.288388998389491e-05,1.0058053245821793e-05,0.9992720243702712
62,0.001191310117881047,0.00047527422637863673,8.789062463563246e-05,2.4947391213778193e-05,0.9982205776398909
63,0.0006389285217357823,0.00022212917300527468,4.0862903355746173e-05,2.5918491610305658e-05,0.9990721609102929
64,0.0016435097343216482,0.0006054015143991114,4.2387384219053186e-05,0.00011547667339510396,0.9975932246936651
65,0.19737200852187187,0.014907384051859537,0.0003916738668359732,0.0024204629492907736,0.7849084706101418
66,0.10396651980764017,0.015207147282473004,0.0007651773453193515,0.003490753742498561,0.8765704018220689
67,0.0641209307335726,0.01262507995465913,0.0005400445184417063,0.0016426018168308023,0.9210713429764957
68,0.16616639598066632,0.06790356866524044,0.0005017449084265764,0.00453611560629057,0.7608921748393761
69,0.3485492935310893,0.041653441703991656,9.130467409545802e-05,0.006644211961902361,0.6030617481289212
70,0.18775241651712404,0.6950795382788596,0.02966656358866464,0.004198804418275916,0.08330267719707572
71,0.0020560835141927108,0.00294843682716992,4.3976274972544395e-05,0.0006042786297809489,0.9943472247538839
72,0.003083078072811618,0.002006852124130913,1.971587240291667e-05,0.0006660727410817305,0.9942242811895728
73,0.05343113818443896,0.01560203697166745,0.00017379918162351138,0.004589872608960719,0.9262031530533094
74,0.28000848707546955,0.05902595584087314,0.0005703890934406908,0.006011378550068031,0.6543837894401485
75,0.32977358471612517,0.11747243059031692,0.0005561652034019176,0.008224955375556087,0.5439728641146
76,0.06737437053691081,0.03985993712048686,0.0013856007867499415,0.007114341620945835,0.8842657499349066
77,0.01567941949517157,0.007983996090948952,9.799358569912076e-05,0.0021492618271976576,0.9740893290009828
78,0.004962483481761152,0.0027143018707351096,0.00021278496946621208,0.0013784150146247556,0.9907320146634129
79,0.14584226213490062,0.028141519129426473,0.002442132207355891,0.0029079851920474384,0.8206661013362696
80,0.3396361357924295,0.11778894463858945,0.0019357121895704228,0.008078023162142388,0.5325611842172683
81,0.060201043029769884,0.021738016100144718,0.0008595823124890414,0.004782342297246272,0.91241901626035
82,0.13157356172302892,0.07727275921324873,0.0010949140370178471,0.004719074770311203,0.7853396902563933
83,0.049675618677604,0.04741824472873732,0.0011451813872698717,0.0017125222225961327,0.9000484329837927
84,0.09119854243558843,0.08952869501174264,0.0028592424411233676,0.0025830493278309443,0.8138304707837145
85,0.0005298719456008679,0.0015789002466487922,0.00025803195266995105,0.0001030895979935279,0.9975301062570868
86,0.0007544082271636308,0.0007960693201395478,0.00010989304670449646,9.99182816013238e-05,0.998239711124391
87,0.0019801208352116994,0.0007462266619501485,3.647212303937952e-05,0.0001307284173235984,0.997106451962475
88,0.0032957399135474324,0.00044683621027064507,0.00010610121009594461,8.108833683605272e-05,0.99607023432925
89,0.006147988613493731,0.0017683422645677145,0.0003638412005218632,0.00013410715222244722,0.9915857207691944
90,0.054408397227645386,0.015710323554152257,0.001337734312843233,0.0007054349941981225,0.927838109911161
91,0.04438717570773802,0.014042173075948077,0.0004488547347975454,0.0013950537404310223,0.9397267427410854
92,0.23972119655241866,0.28349990443450224,0.006389117411555935,0.007932231787751662,0.4624575498137716
93,0.0637357943608821,0.08378931903310358,0.0033503700097812237,0.002117055183545028,0.847007461412688
94,0.11488452651852282,0.6275130047445154,0.12688885359267119,0.004005210622129728,0.1267084045221607
95,0.014303414543542456,0.01568014667706474,0.0011055320711186064,0.0009235843944998132,0.9679873223137743
96,0.44147891690515617,0.1712020569117467,0.002619172689845345,0.003877285529411841,0.38082256796384
97,0.400103586433843,0.4180872037676789,0.016637025720523446,0.010809864937955885,0.15436231913999884
98,0.024733607649552354,0.02620254811650917,0.005878871785680733,0.0009450856515476452,0.9422398867967102
99,0.01744167141673486,0.03852842747227316,0.0038105158114411404,0.000660276608693201,0.9395591086908576
100,0.29762032541799804,0.5241824404300459,0.0390426740501361,0.017016615488132887,0.12213794461368706
101,0.009734729774643654,0.015822534119660513,0.002188018017856289,0.0008678643958820578,0.9713868536919575
102,0.23525383224434498,0.038210861705594214,0.00024606218596435054,0.005545299188145134,0.7207439446759514
103,0.21149158607346352,0.12822573737760537,0.0037200348551628504,0.0022710352276604615,0.6542916064661078
104,0.3814246784262181,0.1292875799531858,0.005039512217898272,0.0030257523533812345,0.48122247704931653
105,0.24186104228745622,0.11892803318160405,0.003012803020436313,0.002534909982300921,0.6336632115282026
106,0.2510118102099786,0.16041861911047733,0.003358141325061475,0.0037277498517049503,0.5814836795027776
107,0.2573260692870827,0.08306473570100689,0.00299072271122055,0.0049869892920257,0.6516314830086642
108,0.11741962168324681,0.6624439057994794,0.0897111308700311,0.0049859114114592954,0.1254394302357833
109,0.2565772140225437,0.5943154849765239,0.02592873998274531,0.013969629046598594,0.10920893197158862
110,0.01546524319581247,0.027884301254936707,0.002507777886610264,0.003756258217217805,0.9503864194454228
111,0.1011944663295121,0.0809516579102053,0.0004788300234374451,0.01132106228739454,0.8060539834494507
112,0.3390911598778854,0.34378583338586854,0.011744300221258656,0.02844718392630994,0.2769315225886773
113,0.01425830157733547,0.011592201738361342,0.0010449775738987496,0.0011519857170171717,0.9719525333933874
114,0.42017435669969677,0.4470902565016148,0.0016019643963147503,0.043827047211428626,0.08730637519094502
115,0.0084048991477512,0.014310935141637662,0.0012385919948449814,0.001253019335802123,0.974792554379964
116,0.28558503131884844,0.09387398737909028,0.0021451503758953315,0.004808398592701054,0.6135874323334649
117,0.1074723415185185,0.05476466625973167,0.0006854431078666789,0.008283969760979063,0.828793579352904
118,0.4585354187270287,0.1237642991999019,0.00329219776294511,0.008111927356774939,0.40629615695334936
119,0.18859322703271347,0.613634948804383,0.07946909203545796,0.01832448730626549,0.09997824482118016
120,0.35058143101256056,0.22571082487814711,0.0036986519104009468,0.04649430706393255,0.37351478513495884
121,0.20154648587227664,0.13948105708410735,0.009008833521281024,0.0424300023402947,0.6075336211820404
122,0.27904638182512603,0.38182977839571874,0.011607258486701,0.07215376964204528,0.2553628116504089
123,0.4305510629648548,0.35944073297790474,0.003004451495143577,0.07989044605645766,0.12711330650563935
124,0.2570444989425729,0.29386146898237653,0.002214997037847524,0.08180523719180813,0.365073797845395
125,0.17678755958536768,0.6433918151360348,0.03527070057799528,0.12166145900589442,0.022888465694707785
126,0.39647895283961093,0.33503605060013697,0.00306437876810141,0.07979561359286695,0.18562500419928368
127,0.3951162772819639,0.4047016683434035,0.01693438196199961,0.11689396456035357,0.06635370785227943
128,0.2103362377567473,0.5080639666521186,0.060767792561652406,0.14949464873171478,0.07133735429776679
129,0.18739324619601622,0.6170392752460778,0.0574775241559035,0.09361620017672168,0.044473754225280736
130,0.18910663273353487,0.4695047771921945,0.03920946670922853,0.09395867508596471,0.20822044827907735
131,0.23235820361911688,0.3029123893680842,0.012758436755935488,0.09057074881424196,0.36140022144262135
132,0.06424755545114165,0.7706496260104038,0.025960719403041156,0.10537326953901312,0.03376882959640042
133,0.24654628643406623,0.25136760513446726,0.012041862949929105,0.07295813781388939,0.41708610766764803
134,0.2996232912016811,0.2581106949006669,0.0009131867740214291,0.19354248961755602,0.24781033750607462
135,0.26525218784774074,0.3728490659650076,0.005906686481332641,0.05858658155355714,0.29740547815236185
136,0.21451107810879239,0.5670709145583824,0.0054838072328828565,0.08166545130892296,0.1312687487910193
137,0.01123381203685263,0.009950767315531564,7.778765673289138e-05,0.008646343456476517,0.9700912895344065
138,0.20103840401000705,0.23819287302762487,0.0009360812808083174,0.06390755366239659,0.49592508801916313
139,0.0014901284130249253,0.0015152596300233901,5.739062443519774e-05,0.0014816804820802373,0.9954555408504362
140,0.001070760137878197,0.00042221519292344895,1.2981328087522533e-05,0.0005475756899634644,0.9979464676511474
141,0.000541963485641541,0.00010723126784533275,1.1493006619340846e-05,0.00021667579347369522,0.9991226364464201
142,0.001358736693404847,0.00016111046448648433,3.2692129013423975e-06,0.00019666961807262562,0.9982802140111348
143,0.0013241510584443296,0.00012236367149948376,7.742729821888717e-06,0.00019189019611581004,0.9983538523441186
144,0.0006351447789943337,0.0001898883273410786,2.2684964644619556e-05,0.00025500859519485633,0.9988972733338252
145,0.0017137695267609662,0.0004169310522563927,2.662446819901442e-05,0.00039532346690744727,0.9974473514858763
146,0.0016302938804982803,0.00039036976272875803,2.4061852485498912e-05,0.0009951649471652531,0.9969601095571222
147,0.016525329123519335,0.004465086827305058,0.00010762982269619366,0.0009860628006638271,0.9779158914258155
148,0.0018084248031047672,0.0015321495654992195,0.00017803962128893163,0.0016457276417054813,0.9948356583684016
149,0.039800898045687094,0.009642024142946523,0.00021390758515603414,0.003645218982200901,0.9466979512440095
150,0.09413210074584782,0.02075748966657927,0.0003511506620009641,0.010518475710593913,0.874240783214978
151,0.0665469501550115,0.010719484363944947,0.00027012423889410605,0.019484338424755165,0.9029791028173944
152,0.10026113513558789,0.03338663951221538,0.0006780669739547522,0.011798471907739971,0.853875686470502
153,0.48417732957753057,0.2375187939202338,0.001796043358739765,0.09110429744792063,0.1854035356955752
154,0.17956319915462052,0.6405983253293607,0.013409040700800453,0.050137232870608166,0.11629220194461011
155,0.01735964383334198,0.020879918024565337,0.0002694561665531459,0.005388111694805142,0.9561028702807344
156,0.01913622437551105,0.015600016952359576,0.0005389882662114914,0.010528413123317213,0.9541963572826008
157,0.0006350127851204898,0.0010617379574192416,2.1011034843154664e-05,0.0005366406709373171,0.9977455975516798
158,0.00046936129324628485,0.00030830692072326786,3.0694540706993944e-05,0.00024595180558064213,0.9989456854397428
159,0.0008814977848561125,0.0006216498797759517,2.8986323551047394e-05,0.0002759930753000822,0.9981918729365168
160,0.0012358100439339931,0.0004751023190296577,3.773370708739325e-05,0.0007508830811989712,0.99750047084875
161,0.0003499310031844073,0.00013321486558829192,9.749177341595174e-06,0.0005380569100634295,0.9989690480438222
162,0.000610067324645485,0.0002315543494177179,6.102262253168294e-06,0.00042680228225333285,0.9987254737814303
163,0.00023007882662738087,6.178355277813033e-05,2.9278338911031737e-06,0.00017552441127819987,0.9995296853754253
164,0.0003612105528389816,0.00016971720616671266,1.579172189534747e-06,0.0003223513709547814,0.99914514169785
165,0.0004774569363461931,0.00010782896961886577,1.6408420867633258e-06,0.00017931051608397413,0.9992337627358643
166,0.0005604767795885853,0.0001138375749569084,1.5007367828491782e-06,0.00019841269691862236,0.999125772211753
167,0.0006910967263629723,0.00010402085604217565,2.403500215678315e-06,0.0001149004613758328,0.9990875784560034
168,0.0003737937107168436,5.4122258152487344e-05,5.0633642173801e-06,0.00012736977647105998,0.9994396508904422
169,0.0006028783453845092,0.00021117082329917794,1.8972845540296424e-05,0.00045954744650586324,0.9987074305392701
170,0.0007555344410417667,0.0005321923926892027,3.238325319948826e-05,0.0003619176972132543,0.9983179722158564
171,0.017327939797009556,0.0016072934412731412,9.66018268890736e-05,0.0021041412766184355,0.9788640236582099
172,0.0012749029691791858,0.00045986945269201274,6.64684522664277e-06,0.00061882393458751,0.9976397567983146
173,0.0013168727960620869,0.000248746896953473,1.0716304771184117e-05,0.0002945365079430242,0.9981291274942702
174,0.001111711829154099,0.0004042961898231741,7.13232585590889e-06,0.0004144628238436985,0.9980623968313231
175,0.0019711993233910837,0.0005199404883346235,1.774937545051855e-05,0.0009707953859781047,0.9965203154268457
176,0.00626092822009277,0.0007400418839993012,2.948744056240378e-05,0.0019169041659478172,0.9910526382893977
177,0.015251839309770735,0.0027461643066333517,2.8165476503031198e-05,0.005642163049876077,0.9763316678572168
178,0.00039377340868347377,0.00018425242327201437,1.2564281015025808e-05,0.0005598584933097937,0.9988495513937196
179,0.0006939406633456465,0.00025688470404842316,2.012582068895896e-05,0.0007068863033562883,0.9983221625085607
180,0.0007136303147820733,0.0002215510507917427,4.641751561760457e-06,0.0006556480595994948,0.9984045288232649
181,0.0013942224351622672,0.00024441349250349157,2.9416426027872664e-06,0.00046096484774011423,0.9978974575819913
182,0.0018808152192834682,0.0005760090375320824,2.609796585552527e-05,0.00122661260035855,0.9962904651769704
183,0.00645160826742802,0.0009446119547379486,3.848657576229691e-05,0.0013278285034365163,0.9912374646986353
184,0.02108688273764506,0.002470879546007823,7.396450670493509e-05,0.0027440901583057208,0.9736241830513365
185,0.0008333654184316159,0.000828424104913131,4.9162263268555225e-05,0.0007449089005230774,0.9975441393128637
186,0.04776810802971851,0.008814017200402187,8.737128235819325e-05,0.006112027108510887,0.9372184763790102
187,0.0014658818448820493,0.0011756000320291434,7.407180912583724e-05,0.001471407917302792,0.9958130383966601
188,0.09129033109984841,0.02198713860760573,0.0019540824235948213,0.0037370107532848757,0.8810314371156662
189,0.0019002546893198801,0.0013993125848394028,0.00016601073403078493,0.0007743573576177637,0.9957600646341923
190,0.002223849132889807,0.0013629385266012693,0.0003400375219463413,0.00032390354442154057,0.995749271274141
191,0.0030861014614249793,0.0018267146294492645,0.00022601995632310604,0.0009579989633945652,0.993903164989408
192,0.0007678077404500862,0.0019161288317956346,0.0003357688885474275,0.00029765236721594437,0.9966826421719909
193,0.04526732919492278,0.017484414607177996,0.005196284474841865,0.0011613832482346917,0.9308905884748226
194,0.0045196905389834835,0.003755049021489386,0.0012240155606179392,0.0019079487721873816,0.9885932961067219
195,0.08858819380489708,0.03851614244860377,0.0047599905398761095,0.006207275137202473,0.8619283980694205
196,0.015739773242321363,0.013221016068309544,0.011819147984888425,0.0030416843904345027,0.9561783783140462
197,0.03514725824006797,0.02353692818630892,0.005954097943933009,0.0015804623290267292,0.9337812533006633
198,0.36172478713796913,0.15455989688033547,0.008817249064729232,0.007151354581585596,0.46774671233538073
199,0.0512000343527481,0.09818229186342224,0.011998674127793773,0.0029378949975276416,0.8356811046585083
200,0.12483271932936629,0.6419678913819709,0.19174482762069148,0.009284149068539811,0.0321704125994314
201,0.22985110737332826,0.2504503520267815,0.0211108789206424,0.03691531898581089,0.4616723426934369
202,0.12013947254309994,0.14353367898860922,0.02303444495905241,0.017473414970390427,0.695818988538848
203,0.11895383633136639,0.39843048117158103,0.11317693048979736,0.01977776113135302,0.3496609908759022
204,0.1383776079634595,0.6466594417728012,0.10950472193297954,0.015179569436067061,0.0902786588946926
205,0.10209550226608193,0.10361287341014931,0.006140233298083189,0.010464248254273873,0.7776871427714117
206,0.13551534153049966,0.7113418925662908,0.07359287168635228,0.017222687036910357,0.062327207179947046
207,0.10890639497800188,0.1207911660392259,0.009514347797383024,0.006900779058166208,0.7538873121272229
208,0.2925346639415485,0.5860168148597009,0.03042871534851619,0.0102073715694195,0.08081243428081496
209,0.3824927949016533,0.46067030064136494,0.004453649198243375,0.07675325447264078,0.0756300007860977
210,0.31780645966588017,0.44729915730309255,0.015221692566930678,0.034881125191176976,0.18479156527291962
211,0.07494014948117156,0.2218585811293389,0.03651939098914066,0.0036069675827017996,0.6630749108176472
212,0.11096621356065596,0.7302948232834064,0.057252181748399605,0.013967929156311312,0.08751885225122653
213,0.24496993845920526,0.5393867001519055,0.09466198993094382,0.020561281675509375,0.10042008978243593
214,0.11410147492285039,0.11917620571034505,0.005490009480106707,0.005198815679466844,0.756033494207231
215,0.347681450716952,0.518921528991129,0.025694256227174105,0.013541054407088747,0.09416170965765598
216,0.24259203773685398,0.33394520120643967,0.04563401936980834,0.008898221933898276,0.36893051975299973
217,0.30771519012434995,0.43588106398106913,0.030079586723852064,0.011989337675822349,0.2143348214949064
218,0.23507648435901696,0.5257960396011638,0.05801164930047196,0.007721290250912365,0.1733945364884348
219,0.06670182399717828,0.8011665511572647,0.09597099984325201,0.0043653950038546625,0.03179522999845049
220,0.03551460860146576,0.5440325168868362,0.3756022932779835,0.002665491199365388,0.042185090034349185
221,0.02647431234215803,0.12648735332851294,0.05813469387750627,0.0020251324992691506,0.7868785079525537
222,0.12743279041487787,0.6749684763199086,0.061078444952093885,0.017338771033220613,0.11918151727989904
223,0.13478735199745703,0.564990340555676,0.05819048879352713,0.0056429905766167635,0.23638882807672296
224,0.08023975530530884,0.23432114569622378,0.057184648396239844,0.010995834566163674,0.6172586160360638
225,0.013324268505757415,0.038287171151998235,0.003112334395572011,0.0008780789953757807,0.9443981469512965
226,0.0036248754215687925,0.011980442159827014,0.0027231772010455246,0.0007754521365248737,0.9808960530810338
227,0.010357512349025499,0.020021300924684265,0.010777140137188316,0.0005445152661340402,0.9582995313229679
228,0.10488951034453024,0.11385461602821428,0.003401058672318464,0.0013627950773985,0.7764920198775385
229,0.13007292582273008,0.4788033674854123,0.08767801728025507,0.0017166928679531188,0.3017289965436494
230,0.1418850649191747,0.09919258747567,0.006434804777425942,0.0010186414260535189,0.7514689014016758
231,0.017399958947506226,0.03908813419691814,0.00936053246930748,0.0004079877600889103,0.9337433866261792
232,0.061752863828181355,0.1437425231865037,0.13603457392169394,0.001270452903192301,0.6571995861604288
233,0.25309277133233754,0.4638753702399636,0.08764411884672299,0.006021917394001968,0.1893658221869738
234,0.04212358117768316,0.24786604466243609,0.45906501151745893,0.0010392800958338429,0.24990608254658783
235,0.03647037259678203,0.16111589641153193,0.43190144514988177,0.002420042807941557,0.36809224303386257
236,0.03184256712607739,0.1069811956662483,0.64017718099146,0.000960893392764619,0.2200381628234498
237,0.025360012512925,0.15676137656006378,0.5075154221277044,0.0007484849101435459,0.30961470388916323
238,0.021085339663796922,0.21362010188642447,0.4220947444531316,0.0015793789302891487,0.3416204350663578
239,0.018824659472987934,0.14222891297835966,0.28749977092923945,0.0015830469927652108,0.5498636096266478
240,0.015086008098484083,0.1436800245836743,0.3894977731968491,0.0006186223582523025,0.4511175717627403
241,0.02693757946637928,0.18173135578112545,0.3997186596981006,0.0010646691205246832,0.3905477359338699
242,0.021632219521893706,0.13787355365520812,0.27541682036041715,0.001233552488728904,0.563843853973752
243,0.03241652126474512,0.10997679050527677,0.08494754270918681,0.0029072923427657556,0.7697518531780254
244,0.03332377193435254,0.03732320156160492,0.006451553930880503,0.0008189696426807979,0.9220825029304812
245,0.038536716375544657,0.040673771968161625,0.016505812672967655,0.0006498090496125346,0.9036338899337136
246,0.13418363107955392,0.1622429603940232,0.11899893322502687,0.0012316359582214315,0.5833428393431745
247,0.0865693704779366,0.18112858459209163,0.09778786220285611,0.001193625471420189,0.6333205572556955
248,0.08969643550093563,0.26100577025428123,0.29111560917270946,0.005628512152416884,0.3525536729196568
249,0.05853727529612683,0.157136104186985,0.1202555054740048,0.003335389088838532,0.6607357259540447
250,0.06852538942720394,0.17264834277197805,0.29809532556242324,0.004518587768228091,0.4562123544701666
251,0.09899821531917609,0.559804332259312,0.19804192749764146,0.011086352218217672,0.1320691727056528
252,0.045257586009022605,0.48274528749551504,0.42618289321641084,0.004635628162900595,0.04117860511615089
253,0.04653098571306364,0.7709563779282371,0.14659180099168057,0.003327364386263115,0.032593470980755566
254,0.04361356398648059,0.6356504879545877,0.28304960631829373,0.004680427130626407,0.03300591461001165
255,0.042947825901727764,0.49187500651188204,0.43775158172051176,0.004011379823220488,0.023414206042657933
256,0.18425748394373984,0.2707228232654883,0.36056540325392494,0.014876307535173845,0.16957798200167315
257,0.10014016531707158,0.4439704006163236,0.3768448609014057,0.007226277690346295,0.07181829547485266
258,0.13438107927739174,0.46195495108969614,0.34634497557538513,0.010495481409345761,0.04682351264818134
259,0.1505205161312051,0.429024425953435,0.3556223010587919,0.007661917890945652,0.05717083896562245
260,0.1220043448095373,0.5199613399727968,0.2729150125785039,0.021309411257513844,0.06380989138164812
261,0.07376134313315824,0.4759360437939442,0.368129738485357,0.016372241401286937,0.0658006331862536
262,0.11011799278872356,0.46655030438457346,0.36086899217626445,0.01985479179148134,0.042607918858957164
263,0.06965464031142633,0.5365470748433502,0.3040460996486636,0.052628208397564824,0.037123976798995144
264,0.09536261382007698,0.5665370854408261,0.24336072561061434,0.05667933103909281,0.0380602440893896
265,0.08343901477883267,0.45571073800844697,0.39148424349026,0.023546941802357557,0.04581906192010275
266,0.08486834185762074,0.5643799526285292,0.2948834179174829,0.013266658888259774,0.042601628708107256
267,0.048989887043956695,0.6687569178654124,0.24344019499298822,0.010998421284752367,0.027814578812890386
268,0.05616617267328159,0.48449953793659983,0.4325814062880511,0.014298361685487239,0.012454521416580242
269,0.17454322640392556,0.7392110265239754,0.03765147607494483,0.018002386312833747,0.030591884684320555
270,0.07370616225493125,0.8255887435192617,0.06381033662185179,0.011079466499961384,0.025815291103993877
271,0.028756761751886614,0.7134637143727328,0.24476872179980486,0.006405092257889689,0.006605709817686055
272,0.03680731744222961,0.7946297325899321,0.151246990029041,0.0069381218902850785,0.010377838048512155
273,0.0474600914618283,0.6970753333945525,0.17116717226925202,0.04510086787635272,0.039196534998014475
274,0.06350412417216426,0.6403328420975518,0.16337450858690145,0.06338805755575684,0.06940046758762548
275,0.23212193263928163,0.5660197168034198,0.003052669786683953,0.044492804842944975,0.15431287592766973
276,0.17828476477221455,0.12139384404772909,0.0004907997532015456,0.05821928577391886,0.641611305652936
277,0.2223647572206062,0.1565772623678807,0.003224892325624855,0.06072145528446721,0.5571116328014211
278,0.01897342541035036,0.022564898969696455,0.0001240156799901958,0.01464816433936755,0.9436894956005955
279,0.4700095220004882,0.16417043946422752,0.00034038328659797754,0.03613071064671063,0.3293489446019758
280,0.13196262960466665,0.1330629755602907,0.000371496716154667,0.05204227422944029,0.6825606238894477
281,0.1487415841300833,0.13756142174786484,0.002533274174194963,0.06919337294122631,0.6419703470066306
282,0.027506756288122564,0.024887754734289884,0.00020667980458035785,0.08530617356700367,0.8620926356060036
283,0.2837236087646064,0.1576054161520705,0.000563906575069926,0.17877109997270058,0.3793359685355526
284,0.2590196205859771,0.2680930807254571,0.0012062177953132062,0.16833631401441368,0.3033447668788389
285,0.29355578980949787,0.13391079006954515,0.0008974292854064178,0.1599985229737438,0.4116374678618066
286,0.03569194016785386,0.03477029609653902,0.00015716677447569097,0.08068034713442078,0.8487002498267107
287,0.018127691896113685,0.01047101769698416,0.0001198372143221642,0.04203279200131554,0.9292486611912645
288,0.16561011620580252,0.021445105387177872,0.00037512238685596244,0.03676612094234277,0.7758035350778208
289,0.2956228411171881,0.10538548681350204,0.003385979588726559,0.10259857490922077,0.4930071175713625
290,0.08737479011727625,0.06989127299400756,0.0009172088312801834,0.06002612103433791,0.7817906070230981
291,0.32576869018565774,0.24543111004647072,0.008093589121360793,0.08705248161573928,0.33365412903077146
292,0.24335815591125376,0.4139419829164409,0.0027826513755452344,0.1761173839868528,0.16379982580990732
293,0.050358460087894,0.06161253720469071,0.0005309944681484374,0.13801511544282666,0.7494828927964402
294,0.024829575103580564,0.022805267339643196,9.670117562413994e-05,0.06912716221132019,0.883141294169832
295,0.3614414917000396,0.26786194950526027,0.005109250769557248,0.14759064240128159,0.21799666562386125
296,0.03297036389374156,0.021289495831238646,0.0014825635016222484,0.025445886242826093,0.9188116905305714
297,0.021635624317849236,0.014782054305747633,0.0006391540624957599,0.03538019393116829,0.9275629733827391
298,0.019561088590344177,0.015875035842174364,0.00030303253818721605,0.030802559541824568,0.9334582834874696
299,0.38945095770624916,0.07910088826486227,0.0037851188472393903,0.04754880125224787,0.48011423392940134
300,0.4113050005358851,0.2980091060846228,0.005966978966154019,0.13781377578543713,0.14690513862790097
301,0.2580419373571853,0.21636898775763053,0.0008656675699237312,0.0859245511141057,0.4387988562011547
302,0.18187890315596286,0.467869694101058,0.0010557462122220444,0.2655334932983854,0.0836621632323717
303,0.1980535747816479,0.13853767710948675,0.0022777595162844512,0.11534401224559698,0.5457869763469839
304,0.3677331591687131,0.3108189301427477,0.004631004041278025,0.2317617304614369,0.08505517618582428
305,0.11969343880420569,0.430150716751298,0.0052674863152164944,0.28328414131887947,0.1616042168104003
306,0.1745440141844923,0.4192269103200867,0.00821599569527869,0.32914854131309373,0.06886453848704846
307,0.07758080920471061,0.42095141204973563,0.030552567212553547,0.44909258659818585,0.02182262493481423
308,0.03845492198739647,0.5521718514349474,0.01904410247668405,0.36271099619788083,0.02761812790309123
309,0.09446062662026415,0.44321814136149346,0.003298935289932759,0.4152197982827328,0.0438024984455769
310,0.09348575814035509,0.5371217014324426,0.002166526895662538,0.20776165208380112,0.15946436144773865
311,0.11767183878321374,0.7102351237195536,0.004118366891447761,0.10356995762232662,0.06440471298345823
312,0.13195920083665677,0.6621494254487633,0.0015011699364992363,0.09230315219778425,0.11208705158029642
313,0.2709165883791386,0.3016781989331468,0.0004689515116726974,0.28987849926443476,0.13705776191160718
314,0.25057886239617155,0.4848258107383764,0.00254107763138933,0.21063558640655755,0.05141866282750522
315,0.31483693327424506,0.3953504171874907,0.0030016939099309636,0.2264277230060812,0.06038323262225189
316,0.20749451970271127,0.5868167786347729,0.004296447240753246,0.17516134250926957,0.026230911912493007
317,0.08312797005817237,0.7098445777616752,0.009055255937026293,0.13884166832122316,0.059130527921902945
318,0.10921366970490275,0.1872859132756286,0.0007696227022443839,0.19614346940755042,0.5065873249096738
319,0.23205917487293423,0.34750774147366836,0.0024607297942872827,0.25502194290960617,0.16295041094950402
320,0.10566313547240226,0.12682082386959748,0.0004154463516874011,0.15524093201088196,0.6118596622954308
321,0.313456514093576,0.12583571815163141,0.0011676357243637406,0.13061563435594298,0.42892449767448587
322,0.3197312217608066,0.20263331121171274,0.0007882993833117055,0.34220263050600397,0.134644537138165
323,0.3500718479406834,0.17882988166262362,0.001848635714862795,0.27081386132633967,0.19843577335549056
324,0.22146763472557238,0.31285385530172743,0.0013389634303563062,0.4177850782429042,0.046554468299439676
325,0.36320661501329604,0.34753579167645293,0.0034384488422412114,0.24540971334077283,0.04040943112723694
326,0.09578717139922492,0.5607891400033898,0.005617539561796989,0.18569297881227897,0.15211317022330936
327,0.01705956777326329,0.0678278953281889,0.011239060978495963,0.05628805652638398,0.8475854193936678
328,0.21908981334552283,0.09714084568159594,0.0007217663702373309,0.16851758925591714,0.5145299853467267
329,0.36529037530448416,0.33869760867706594,0.01506783969793185,0.10834523225286725,0.1725989440676507
330,0.37705704989312877,0.3756057877611959,0.007081402231332409,0.06656667898091324,0.17368908113342973
331,0.11506965792363658,0.792991957030939,0.045098456245905486,0.03253163751615209,0.01430829128336675
332,0.0451920483573652,0.10449583518621913,0.002394634905052143,0.07380976582286215,0.7741077157285013
333,0.27496752419870146,0.4487711846876519,0.017890186291522416,0.1557707963989121,0.10260030842321222
334,0.026511853409378353,0.050126507743496584,0.009975525653473118,0.027413961233440406,0.8859721519602115
335,0.3430391114127111,0.16483905426101933,0.010030538424787773,0.09027020239515307,0.39182109350632877
336,0.03031699534716748,0.03412100386837902,0.004781318979878575,0.018674267978963557,0.9121064138256114
337,0.33999968099225236,0.1559684634616405,0.0014759163933443658,0.15570195021098465,0.3468539889417781
338,0.2805253123289612,0.18680261038390022,0.02979465253010162,0.08532657083872347,0.41755085391831354
339,0.17429491975042863,0.42063659823654237,0.12262272962079285,0.10806887103309953,0.17437688135913662
340,0.05781234128756098,0.07660128522601337,0.001854354457777174,0.044741387115063216,0.8189906319135853
341,0.024008882563943536,0.029018978878791957,0.002622477789914236,0.017833367958292747,0.9265162928090575
342,0.007453233949824494,0.0028597258983983297,0.00010262985617458817,0.005775479233896342,0.9838089310617062
343,0.19950331781845204,0.043903299109867684,0.0014130967566051646,0.018096579814741776,0.7370837065003334
344,0.5502728061638338,0.20263299792466752,0.012472994833019014,0.043428940645492374,0.1911922604329874
345,0.01283540495024364,0.006076606240705822,0.0005819314766016024,0.007410530814553394,0.9730955265178955
346,0.1813807794593623,0.20959175516615366,0.026983653122026514,0.043944110771918975,0.5380997014805385
347,0.31553369313132396,0.39578383774950515,0.03439824697050889,0.09107645740428412,0.16320776474437784
348,0.38166171680619154,0.3354000978497966,0.029628769275963973,0.13486190937324377,0.11844750669480406
349,0.20280026500661372,0.2499622461501302,0.015881034395567595,0.10175444439907766,0.4296020100486108
350,0.19830193841061086,0.28579501955497033,0.006611029676583717,0.13076003386381335,0.37853197849402176
351,0.23759843070039238,0.5242958632759498,0.01017609757630802,0.17327773476418395,0.05465187368316583
352,0.013615075445207233,0.01950753661524931,0.0011206129697281268,0.03164102427324286,0.9341157506965725
353,0.4588991994182235,0.19525184593079387,0.0006474422219394121,0.20102280663627423,0.14417870579276898
354,0.09725536540997202,0.07663314784632512,0.0017910749695492407,0.14419040883073228,0.6801300029434213
355,0.33249639483655846,0.14074783467536373,0.0019401548371395562,0.19280329760615086,0.3320123180447875
356,0.2401049946402213,0.2472706613701732,0.004403728500402801,0.3193019101179978,0.18891870537120475
357,0.3190168122076745,0.28357739247177766,0.015414924853533539,0.2543190428712529,0.1276718275957614
358,0.1068544608683749,0.10894047462688773,0.0009880497922977328,0.32416382016319595,0.45905319454924376
359,0.2024745671173183,0.26257640350037553,0.01752856783993151,0.29434684289255547,0.22307361864981912
360,0.24368146578703895,0.20683925643881856,0.005091143442211485,0.40660612053380457,0.13778201379812638
361,0.3165067883958278,0.4285889740863785,0.025298691954384795,0.10146999592053205,0.12813554964287693
362,0.07641213122072162,0.7776136582728947,0.0919813968019158,0.030373373442624318,0.023619440261843573
363,0.20861012422576983,0.5353222446877169,0.06892206436809631,0.09071691536292832,0.09642865135548867
364,0.15257618913464605,0.47144310261731187,0.19864114888644088,0.017952789185447862,0.1593867701761534
365,0.04014299541502464,0.25171777645166604,0.6383510418319809,0.014680449317267572,0.055107736984060865
366,0.05833251729411668,0.4958882399491245,0.3695646888337966,0.02894732467642886,0.04726722924653339
367,0.060837653314584204,0.35690938836390157,0.1304547537815154,0.052068999473146145,0.39972920506685267
368,0.046792854598082044,0.5596050524804791,0.2930006793157996,0.03877000429649623,0.061831409309142986
369,0.07792378392264006,0.41673377904711667,0.3386075695468377,0.0407221537593098,0.12601271372409595
370,0.1361585501852162,0.5777496809176055,0.0759509258094106,0.02039535583913557,0.18974548724863216
371,0.05898279064384646,0.2909966334197583,0.07963384364863847,0.013395117657084694,0.556991614630672
372,0.0978387670186954,0.3407366470100805,0.10420996919104426,0.007551591783450037,0.4496630249967297
373,0.16029072478494888,0.4920793009795236,0.18321709090211719,0.012776913019990541,0.15163597031341966
374,0.01613731065039181,0.03720476017780357,0.014220533400895055,0.0030577838508020626,0.9293796119201074
375,0.017594694106645457,0.02465560619199611,0.007280915350850875,0.004734170536567839,0.9457346138139398
376,0.027654026320158554,0.02555908822073651,0.0022612669738484364,0.003077483051883028,0.9414481354333735
