epoch,N1,N2,N3,R,W
0,0.00016947380629912142,0.00014127767644219196,3.247345280676637e-05,0.0003952169612699947,0.9992615581031821
1,0.0002814874764803828,0.00010542432850166642,2.2703837627973655e-05,0.00017846439643554374,0.9994119199609544
2,0.0007370910318962883,0.0001376214277269087,1.5591216738580913e-05,0.000409900742637691,0.9986997955810004
3,0.00011206817027677568,0.00014170468321244984,2.111185993711468e-05,0.00023318645231213572,0.9994919288342615
4,0.00015185108298532515,9.619266177228518e-05,1.4953611286690556e-05,0.00017124614284112901,0.9995657565011146
5,9.700809501404563e-05,8.734402070823235e-05,1.8213026499660766e-05,0.000195152895151773,0.9996022819626263
6,0.001579293706390073,0.00043770127768500404,5.4157845323866844e-05,0.0005024712087077299,0.9974263759618932
7,0.0017545328979492712,0.0005857087043971156,2.5084365649730043e-05,0.0004955782725737984,0.9971390957594299
8,0.002807984146694365,0.0005699367337657472,1.2161857142248072e-05,0.0007274481228916567,0.995882469139506
9,0.06058920799772887,0.0034550497195024537,2.9026747306960484e-05,0.0005610770263919696,0.9353656385090697
10,0.138361389461984,0.002195221075079467,1.3530633666110827e-05,0.0003806472827091077,0.8590492115465612
11,0.4242326729745685,0.0022205263078958217,1.682108893861514e-05,0.00029725336941155845,0.5732327262591854
12,0.5258547570637457,0.0035467027627520934,1.2764236920991094e-05,0.00020890899387558228,0.47037686694270553
13,0.5568948659784579,0.00907150800615893,3.814711941013655e-05,0.0009498568410220749,0.43304562205495095
14,0.6835996527200566,0.02215889436178097,0.0001796943736697612,0.007075013936144608,0.286986744608348
15,0.6340142898083477,0.10111543258351798,0.00029036113896626747,0.024387766932959742,0.24019214953620835
16,0.6735985078777114,0.18470741823591952,0.0003169053662776963,0.04241435127102213,0.0989628172490693
17,0.35737540469016565,0.3340017319047298,0.0009656935182506117,0.041252713068196806,0.26640445681865726
18,0.45351201120176654,0.21232934807027298,0.0005599189581569398,0.2028416339015725,0.13075708786823106
19,0.21795129480046616,0.6105364959269635,0.0013843380880130928,0.11991851344035888,0.05020935774419848
20,0.1594865018232377,0.727237926580243,0.002346328029868047,0.06979715937982758,0.04113208418682374
21,0.10167489389133297,0.7563761083092417,0.002616016186704641,0.12395834693331656,0.015374634679404102
22,0.11678600826255711,0.8033652624710708,0.002561897802046303,0.0667751024847584,0.010511728979567378
23,0.11370249057168783,0.8258091802369482,0.004718687549466083,0.03742243365758497,0.018347207984312778
24,0.09560225972194424,0.8721603812735895,0.0045979973726798665,0.008228451053050721,0.01941091057873563
25,0.056131039147572004,0.9169138207740711,0.0091375706916114,0.0060719498002913125,0.011745619586454236
26,0.028064285909492632,0.9373317494877308,0.022947721601896908,0.002662962207757917,0.00899328079312183
27,0.03716789530511032,0.9232252953778863,0.027554379027713346,0.004488390645213735,0.007564039644076196
28,0.016879761886864398,0.9446787288820991,0.02877124521301372,0.0029958413458549276,0.006674422672167779
29,0.007756662352400851,0.9088960573229463,0.07742840965549154,0.0006662882963296272,0.005252582372831861
30,0.008364339288269549,0.8817260962902578,0.10361613636879714,0.0009592499801283393,0.005334178072547123
31,0.00650721659789389,0.8669428934451863,0.11890924084627923,0.0005064896841839407,0.007134159426456938
32,0.0024753970535449183,0.7575497671223325,0.23678778073190296,0.00023747388692385023,0.0029495812052956617
33,0.0026738776219574867,0.5874250399625758,0.4059995722784097,0.00018258542343849266,0.0037189247136183655
34,0.014543691814504144,0.8963709551553145,0.08034665838128312,0.0010384745538177841,0.007700220095080499
35,0.007361977006503628,0.694896732083218,0.2904726153756977,0.00023781229162286502,0.00703086324295784
36,0.0025295131161501092,0.5857253631413227,0.40619277142378846,0.00015017304286149726,0.005402179275877067
37,0.0010706283296430732,0.35793558706435824,0.6372735020303033,3.2363917767106095e-05,0.0036879186579282176
38,0.009376147141609819,0.7987522480432531,0.18358519136930787,0.0003957274473160324,0.007890685998513204
39,0.0018593112749946278,0.6173213628140395,0.37808655999645946,5.724497323511772e-05,0.0026755209412713107
40,0.0010472183112736834,0.30309074108606254,0.6924812084594042,2.512949166871046e-05,0.003355702651590866
41,0.0015731327836173592,0.4658038337395272,0.5282873837113452,4.3651675242552315e-05,0.004291998090267554
42,0.0018351871548856844,0.7012419356888852,0.2926053691426824,8.505048243349609e-05,0.004232457531113166
43,0.0009367333445824555,0.4602554892115375,0.5358559527242993,4.686084437512671e-05,0.0029049638752054567
44,0.0012686056389075214,0.3556900534248362,0.6395792027284481,4.783275202747242e-05,0.0034143054557805594
45,0.0007366635348097133,0.47991060851894496,0.517049016053882,3.846073038819505e-05,0.0022652511619751067
46,0.0011666515731483082,0.534668614321763,0.4610111196502163,5.6367571148958367e-05,0.003097246883723436
47,0.0012838881170195346,0.5675940486024303,0.426626500318004,6.083621995199492e-05,0.004434726742594125
48,0.0006759580562240961,0.41260329615895786,0.5832071785621245,4.0487381758758246e-05,0.0034730798409348526
49,0.0004884481277897528,0.4560752512495273,0.5409819183759158,1.8117120800490985e-05,0.0024362651259666394
50,0.00020604754642680764,0.12076821390348022,0.8775703586875544,7.289250987998856e-06,0.0014480906115504999
51,0.000880504036408798,0.5167082987290981,0.47782783575344995,5.9515426727110125e-05,0.004523846054316167
52,0.0004320933510548585,0.3870107787863518,0.6099454538112558,1.8186122628450897e-05,0.0025934879287090296
53,0.0004255771290584221,0.3476095142792087,0.6484983235543968,3.1183950126047516e-05,0.0034354010872098646
54,0.0006090809108957004,0.44910968675916907,0.5468341051226009,4.451029123233104e-05,0.0034026169161019567
55,0.00024489649450164464,0.09407361006696774,0.9043664764380869,9.185210796106267e-06,0.00130583178964754
56,0.0007319485581894338,0.18363694294424493,0.8124316224126789,3.4356790684529855e-05,0.003165129294202128
57,0.001387571485414002,0.5037269905042457,0.49100678875005965,5.756402300341066e-05,0.0038210852372772344
58,0.00107827395517015,0.603636499522049,0.3916537579844805,6.52291637724092e-05,0.003566239374527865
59,0.00046442494433202573,0.14840271660196055,0.8494610258660544,1.1054958446419267e-05,0.0016607776292065905
60,0.00018396249770852863,0.0361025385960017,0.9628376056103564,4.890446424128638e-06,0.0008710028495094097
61,0.00038247213329493284,0.1664893209419598,0.8312056911928888,1.1340597476041345e-05,0.0019111751343804573
62,0.00040755651371608773,0.21028460097453544,0.7856728819326231,1.7893973352391396e-05,0.0036170666057730575
63,0.000314559241405622,0.1429633844401217,0.8541795274183681,1.323641211478006e-05,0.00252929248799
64,0.0009255682896477566,0.3794907052449192,0.6161442290280618,4.119543099880429e-05,0.0033983020063725906
65,0.0009109319693468845,0.26685593607550484,0.7295868823471777,3.923986285740386e-05,0.0026070097451130494
66,0.0007124903090015772,0.43758022080683534,0.5587391587463844,2.342368073677582e-05,0.0029447064570418727
67,0.0003108891937496549,0.08683738799834322,0.910919043685684,4.852982289260316e-06,0.0019278261399340861
68,0.00046026055279156864,0.2006114440886885,0.7966332331133312,7.29171901635533e-06,0.0022877705261723958
69,0.0007981417976865458,0.2848762699484948,0.7111237266122086,1.4916339243959487e-05,0.003186945302365936
70,0.00043618299932885975,0.20144445849069964,0.7952707081977951,8.652286694664676e-06,0.0028399980254819493
71,0.0002056157540564423,0.04448400422981559,0.9541133892466187,3.8182852024145284e-06,0.0011931724843068296
72,0.00014059308303534835,0.05357303227135075,0.9453257661880846,3.4922630108094563e-06,0.0009571161945183392
73,0.0004188297356101838,0.3221845024473216,0.6750925254417119,1.5177989317320027e-05,0.002288964386038858
74,0.0001752294015075271,0.08200424706455033,0.9169443345639933,5.870312413514866e-06,0.0008703186575354776
75,0.0001447409564036415,0.0760615151806883,0.922999755860786,6.599694476847749e-06,0.0007873883076451281
76,0.0007389286470417706,0.2687463806115176,0.7280413593630649,5.067223896466139e-05,0.0024226591394112132
77,0.00024146846587084402,0.04495545267637098,0.9539764178307586,1.4354489393638709e-05,0.0008123065376059819
78,0.00021716016694681156,0.05454054369419927,0.9442777239767581,9.490008089111789e-06,0.0009550821540069475
79,0.0017064429714457891,0.24905627856605056,0.7461922518397246,5.462378537919249e-05,0.002990402837399912
80,0.00025535183482706963,0.1452553614214591,0.8524937905133005,1.8170021706970362e-05,0.001977326208706306
81,0.00017292356786003483,0.0698868545074467,0.9288103357622736,9.574905405105753e-06,0.0011203112570146595
82,7.469436857692304e-05,0.057532436095257065,0.9413808479703624,8.051274569745849e-06,0.001003970291234029
83,0.0002797691409433898,0.10849249197692513,0.8896974385706469,1.7353178188088455e-05,0.0015129471332966252
84,0.0004853940936475132,0.11566324497989712,0.8821957111590862,4.220058241667736e-05,0.0016134491849524053
85,0.0018927549503416755,0.1938433788297068,0.7785475424777755,0.0004494431633157436,0.025266880578860205
86,0.0011315228736998486,0.16072485531259045,0.8348447068981942,0.00012652567526151443,0.0031723892402538744
87,0.003875737484079724,0.07043903872496719,0.7957115571451561,0.0005367531718912282,0.12943691347390585
88,0.30884287873512484,0.09754617862698343,0.004742091554187978,0.01171804481619598,0.5771508062675077
89,0.38725065074015563,0.3501773489443951,0.019532849950978436,0.09007188466270215,0.1529672657017686
90,0.5790561681497538,0.24472593625856745,0.014187263392850598,0.05084436161975507,0.11118627057907322
91,0.42314180956107617,0.27657989541742933,0.006423000794226572,0.014410391876028699,0.2794449023512392
92,0.17252445615999434,0.05095893636504407,0.0002228697254485797,0.02288038856412701,0.7534133491853859
93,0.23625874731529803,0.03377650280459141,7.285717991257432e-05,0.006011607286425414,0.7238802854137726
94,0.9057990521989021,0.01260837443583076,7.023742165209094e-05,0.003598655161989604,0.07792368078162547
95,0.9033794204679757,0.07513282269905805,0.00017277363798690892,0.00665026198289948,0.01466472121207984
96,0.46635176956062796,0.42940369450938687,0.0012738570877004218,0.06039576965672176,0.042574909185562955
97,0.18851886985297422,0.5787955627771275,0.0016126266744249929,0.20052946958594625,0.030543471109527074
98,0.20671891186659802,0.5756916619492976,0.0010641907682173496,0.17685655516033996,0.03966868025554701
99,0.10338251150278308,0.7172223693703639,0.003119163576908658,0.1634870280919938,0.012788927457950478
100,0.09046482736441105,0.7226897209036195,0.0017780137046045405,0.17519051308779549,0.00987692493956924
101,0.24659915044816624,0.515211336972538,0.0042840767301259445,0.15804416618256276,0.07586126966660696
102,0.36142070860961373,0.4232048079843683,0.0008563908062206197,0.1991020825862934,0.015416010013504055
103,0.2923365816364574,0.5504659434198614,0.0027526154293901345,0.08529842608796878,0.06914643342632215
104,0.23005124900331866,0.6954968803264622,0.0010062470477804853,0.04813966442970526,0.025305959192733506
105,0.23088235372767307,0.7113387813433769,0.0013343177771881938,0.03701777914316055,0.019426768008601377
106,0.10635200371306829,0.8616003350640205,0.002066916040329288,0.021529488318699226,0.008451256863882773
107,0.22608751831528226,0.7272023429054641,0.0010463280032456958,0.03335636924904388,0.012307441526963945
108,0.05693064240193273,0.9169225247374663,0.006831656798831938,0.013992498475491154,0.005322677586277849
109,0.05598145848489675,0.815042794509774,0.08524284283241727,0.010677782227617186,0.03305512194529473
110,0.18449681477723306,0.7593234924760582,0.009782794171298598,0.02909018711699298,0.017306711458417307
111,0.08659882046620428,0.869496205479202,0.011386324964885671,0.02362359631018622,0.008895052779521921
112,0.030298946056103764,0.9176676678425506,0.020290913182151905,0.020836502575855745,0.01090597034333818
113,0.02481300271702311,0.9368683164707559,0.010882953774438167,0.023617606436133542,0.00381812060164927
114,0.029813287596851385,0.9489568181061919,0.007192325991445842,0.007832466663403101,0.006205101642107739
115,0.14067546864506517,0.7376845987978926,0.0076279526868698365,0.09680973026941546,0.017202249600756954
116,0.1655155544020849,0.7543420795544674,0.008446512060860955,0.06225466028443152,0.009441193698155293
117,0.05913375850642885,0.9133475394935933,0.008565374161923775,0.014342470413612923,0.004610857424441177
118,0.06512227187941454,0.8800689084656341,0.009641247521723932,0.04115103032960469,0.004016541803622808
119,0.05139880546398943,0.9210011836496893,0.008803785390443549,0.014965902855493683,0.003830322640384144
120,0.24677866588770764,0.6921113484715734,0.002165222230298271,0.02630353921976022,0.03264122419066038
121,0.04926167292698933,0.9231063447521648,0.011416805797409208,0.010390948134650597,0.0058242283887861785
122,0.058302207660577754,0.9216065029240788,0.0034732931568307998,0.013852248282810224,0.0027657479757024262
123,0.03097990221158275,0.9543034809913261,0.0027797817948152477,0.009056109378037499,0.0028807256242385495
124,0.1329924807044878,0.6242098774028628,0.018390446941377887,0.03145338354775342,0.19295381140351808
125,0.2103771655845713,0.6480525662536676,0.006619127397334,0.0438091191063685,0.09114202165805851
126,0.19986794961033302,0.7161787366665826,0.004980520934450643,0.05991573208775667,0.01905706070087704
127,0.11133467053375949,0.8315995842410019,0.010214798500767605,0.03333745666584945,0.013513490058621706
128,0.0495384239208076,0.8913716021916132,0.028268311595604067,0.015417645383721168,0.015404016908253907
129,0.10005843430971997,0.7922037399991828,0.009563690148095744,0.06352836368449094,0.0346457718585105
130,0.03087686481116103,0.9322621194253141,0.009988051873572752,0.011732619749124278,0.015140344140827735
131,0.05226278539050086,0.4734162232597584,0.07049272639582929,0.013039633171545157,0.3907886317823662
132,0.06054374180099592,0.5078010177069866,0.014081443839949059,0.024416735012230337,0.3931570616398382
133,0.0196858547212902,0.285446711791139,0.05068450600717254,0.003178968301639288,0.6410039591787591
134,0.0986711432314245,0.40631628882196,0.015225360014298256,0.011991127170172792,0.4677960807621444
135,0.15999618367103025,0.4311930118484044,0.01057049583635008,0.011318549497506974,0.38692175914670823
136,0.12345935122187802,0.25760465528026355,0.004880305673992581,0.01075802213876317,0.6032976656851026
137,0.05703926535116343,0.23334890191906058,0.030618527988172415,0.004605512422639324,0.6743877923189643
138,0.09128629461305507,0.044660173247844784,0.0029742002031200483,0.003320312621758583,0.8577590193142216
139,0.2198133310563897,0.415084132707098,0.021131676471560695,0.0074466520862679145,0.33652420767868374
140,0.18072758565707892,0.7707313157253344,0.010330623813029441,0.009736488196315065,0.028473986608242217
141,0.1650975020302,0.8009287357650408,0.00750076024323115,0.018305768161502114,0.00816723380002605
142,0.03656694639382576,0.9276021268627969,0.011749467421356899,0.01945968557040811,0.004621773751612298
143,0.10453492193898815,0.7516988877744064,0.025031260783840586,0.012305589608634959,0.10642933989412993
144,0.31720224023011945,0.6198188128351759,0.002790422960497028,0.025275398546157762,0.03491312542804973
145,0.3023314954965895,0.6638114092579577,0.005001325656299562,0.014918623335230042,0.0139371462539233
146,0.13467051461238858,0.8456500267767999,0.008094198150742507,0.0031007400733558625,0.008484520386713112
147,0.07883943222050165,0.9082620479856927,0.004889850502826151,0.004558026418730175,0.0034506428722496187
148,0.013021690733854284,0.9470499037768145,0.03565147600437971,0.0021331666323039775,0.0021437628526474665
149,0.06927261361951328,0.9081645540510047,0.007153308160436537,0.011131711727603362,0.004277812441442272
150,0.058358061936399606,0.9204285491606392,0.009810178832882124,0.00554919888795309,0.00585401118212583
151,0.032899680912732605,0.9461180750994996,0.014171239563792739,0.0041349466770596475,0.0026760577469154448
152,0.10344178052391147,0.8788275435761532,0.004478509439122517,0.0064206668415347804,0.006831499619277972
153,0.03321070479217966,0.9141738778276279,0.04523822920253381,0.0028765993095385307,0.004500588868119759
154,0.20390252417393412,0.669945359591086,0.025753530329485748,0.016377521114855322,0.0840210647906386
155,0.08082195031768374,0.8952765277889012,0.009133850959330902,0.006569634611666013,0.008198036322418107
156,0.15115199926817366,0.6535863657544939,0.06547774613174061,0.0278245432966177,0.10195934554897396
157,0.09689203694592238,0.8147215715178469,0.01893011081219776,0.043136798692104045,0.026319482031928913
158,0.1431772901863243,0.7568601336221178,0.0076159237778994,0.07628147025111377,0.016065182162544957
159,0.04227224627376403,0.8585886039734176,0.04021690115930157,0.024160384248894422,0.03476186434462231
160,0.1344737493356685,0.537576805323243,0.005897917243207901,0.30435134592394697,0.01770018217393363
161,0.039557037169034893,0.8858072262199137,0.00800505347125585,0.055824624568454086,0.010806058571341549
162,0.04229079941914044,0.5758299146327731,0.0038527897507988247,0.36989357647699245,0.008132919720295196
163,0.14091437971132076,0.11072482678851434,0.00020186666496785035,0.6426685821075945,0.10549034472760267
164,0.11198433118677925,0.06567549558072615,0.00015117439834561898,0.7389383254520768,0.08325067338207215
165,0.3044630883988405,0.018549887038524445,5.421717524692545e-05,0.4299789087732579,0.2469538986141301
166,0.2865762229826851,0.019496314468568962,4.00265026147865e-05,0.1816902505731071,0.5121971854730242
167,0.014926889470372759,0.007333819744302254,0.00011955172463361016,0.024622189283775194,0.9529975497769163
168,0.3410816734444254,0.007274137701655661,2.9033236962903e-05,0.17511680057528145,0.47649835504167465
169,0.23051133753010175,0.006810675217768865,2.3435016914651115e-05,0.3973840631110737,0.365270489124141
170,0.14215313617990452,0.003621709369354122,1.3538089813433646e-05,0.11779654693219838,0.7364150694287295
171,0.26672688091799257,0.006797336568661443,3.0480068369506982e-05,0.14440525337537247,0.5820400490696039
172,0.3264920865615852,0.009317196179301726,2.5304009836541697e-05,0.23620263374295616,0.4279627795063204
173,0.32317461610953335,0.005457695562951627,3.1446741622144064e-05,0.2699790098006842,0.40135723178520866
174,0.26326071635131687,0.00886788628546695,2.3241226880924404e-05,0.4555944524390222,0.27225370369731305
175,0.11405936036370615,0.0070872565425618385,1.1894267190265852e-05,0.08129679161446421,0.7975446972120775
176,0.20118896225859123,0.010637205421327664,1.0290212949948826e-05,0.10252195237038589,0.6856415897367454
177,0.012606678584994417,0.001585846969068239,7.908850659713904e-06,0.006532117736675994,0.9792674478586016
178,0.017209620559960927,0.0030571660781908,7.302728136735769e-06,0.0072161360026654535,0.9725097746310462
179,0.055830122447885815,0.0018495287859633435,1.7525283329169591e-06,0.006324701735163244,0.9359938945026546
180,0.4472670438503264,0.0035158686075716173,8.727921806411276e-06,0.011618183643286657,0.537590175977009
181,0.343505957747436,0.0021670897707757415,7.5049638278893536e-06,0.016710631648994223,0.6376088158689661
182,0.3920448575607612,0.006254893749484052,1.6055483929423777e-05,0.05015612772897664,0.5515280654768486
183,0.3662672083674637,0.007482274012353608,1.6181186666435367e-05,0.05024074910358977,0.5759935873299264
184,0.4341194685653625,0.00739722096932716,2.0878297739159224e-05,0.06222690545337397,0.49623552671419713
185,0.43602870865777094,0.023047498923701094,2.379045439505433e-05,0.04367323863131249,0.4972267633328206
186,0.0699764496062381,0.011636428136805469,3.6910034724455276e-05,0.026190757899155967,0.892159454323076
187,0.012169866935080115,0.009475924560295829,0.0010439316482692047,0.0033403522697169285,0.973969924586638
188,0.5731957063880407,0.01433373658277421,3.926769883032462e-05,0.03631281216157448,0.3761184771687802
189,0.5818880243437459,0.008075279878638184,3.379602274669969e-05,0.038872831574653,0.3711300681802163
190,0.6309378590787865,0.024985425621098387,0.00011479799322993193,0.027057505707320476,0.3169044115995645
191,0.468758486356367,0.03857445515350362,7.200741460270434e-05,0.1589532697249076,0.33364178135061917
192,0.4057922767491549,0.012306095000377503,2.6555891583568343e-05,0.22500153621436705,0.3568735361445169
193,0.41846657755620575,0.04568255196004279,6.300146733327356e-05,0.3420115573576599,0.19377631165875836
194,0.2695067142368598,0.028191266461590102,7.833649200221659e-05,0.38907969077199406,0.31314399203755383
195,0.21267987303310396,0.04531190537039447,9.307436731547929e-05,0.5984433496552815,0.1434717975739046
196,0.16727008615758338,0.01357953352167152,3.5396284367800315e-05,0.42217625503820805,0.3969387289981692
197,0.397927706250465,0.018885622690011088,3.295577374163426e-05,0.3435400319477621,0.2396136833380203
198,0.1650308228369426,0.06911261905642527,5.000727423789887e-05,0.6329185840556066,0.13288796677678746
199,0.26846037287982405,0.020771679474761832,4.4796474308285386e-05,0.6034572700660576,0.10726588110504823
200,0.16590430345723522,0.019604591161813734,2.557423782406303e-05,0.6543874439470606,0.16007808719606637
201,0.1821529960579189,0.0479104894584932,4.0490121861442514e-05,0.5696691443776468,0.20022687998407973
202,0.3053283898884574,0.03187321177911128,3.909509383020375e-05,0.29070274841651383,0.37205655482208727
203,0.4356503200744658,0.013617047474139908,2.9050712284915228e-05,0.2576010541032047,0.2931025276359047
204,0.31595757162562116,0.006856511804490342,2.5010359223828465e-05,0.17315530354492392,0.5040056026657407
205,0.14995322939390504,0.022016113009876135,6.926941414862256e-05,0.1390899094471766,0.6888714787348936
206,0.5440831676489399,0.011376320313706157,4.1122561717938545e-05,0.09370074585933294,0.350798643616303
207,0.03330428347485633,0.002992511259986498,3.6937058538074184e-05,0.052300328107216236,0.9113659400994029
208,0.7074581258886364,0.010504722898837205,2.8018749614611708e-05,0.11091925222782174,0.1710898802350901
209,0.6445130842868695,0.048012660984998186,2.4195822818425493e-05,0.17440211961298932,0.1330479392923246
210,0.564605342042659,0.11257759640814653,6.50214463338498e-05,0.21670089222412248,0.10605114787873818
211,0.1967876401711056,0.15640792485338725,7.855625436551281e-05,0.6270200633289345,0.019705815392207258
212,0.21353170447267836,0.11359832453151565,0.00026431396040913077,0.649623608514109,0.02298204852128786
213,0.07368413840634118,0.040661917808230884,8.455108695404144e-05,0.8731299041602016,0.012439488538272247
214,0.06853820261008366,0.008540289679990884,7.806125657047999e-05,0.3436659471787529,0.5791774992746022
215,0.340481448305258,0.06268556953341299,0.00020418990762316263,0.40110262813780917,0.19552616411589657
216,0.5835482002496475,0.0374187913402014,9.49869339425605e-05,0.35092996219953937,0.0280080592766692
217,0.47773748205889605,0.23989920485409214,0.00034629808869796866,0.25438512910117667,0.027631885897137186
218,0.14229500852344223,0.6073824754144731,0.0005991097639403719,0.23547461108558485,0.014248795212559357
219,0.2276665307785339,0.20237947535060455,0.00026612227149958517,0.5354280342871021,0.034259837312259865
220,0.2584619143313142,0.3794733974138145,0.001786545838205211,0.2764779663643497,0.08380017605231635
221,0.5317788854660236,0.11288335705163524,0.00040951243640490267,0.33302021829902256,0.021908026746913663
222,0.21911940255868861,0.721814367202754,0.0006520007240084757,0.05436292484833783,0.004051304666211042
223,0.23538038069973255,0.7115371065378104,0.0008865805922577058,0.0461244926569052,0.006071439513294162
224,0.12298277385643588,0.8233941664241116,0.0009660035601880586,0.049873641945746346,0.0027834142135182267
225,0.015423180331500844,0.9644067041663045,0.002519774914953327,0.015851862618995627,0.001798477968245689
226,0.12420688951380067,0.8243532324039408,0.001502605021035545,0.043837864965246186,0.006099408095976921
227,0.019180155513476866,0.9667278187221378,0.0016181014003145034,0.01050370153917198,0.0019702228248990273
228,0.010883882029581958,0.9733277281757767,0.005413675460900191,0.008778894302818837,0.0015958200309222467
229,0.09315060689006749,0.8561554549530583,0.0038581739470377016,0.042505754221959194,0.004330009987877256
230,0.014779334389885629,0.9740143610366415,0.006365927960916164,0.003461407610941513,0.0013789690016151321
231,0.01221664904219305,0.9677182432881051,0.012759216023066846,0.004872077544907897,0.0024338141017271244
232,0.03402811964893919,0.93731762654776,0.019415326020155724,0.006086505790933027,0.003152421992211998
233,0.026341384002752634,0.9558840977232848,0.010700123482667702,0.0053091112246456025,0.0017652835666493898
234,0.007598311407169929,0.9087162500428017,0.07933088431810688,0.0024380189333143313,0.0019165352986072809
235,0.012277947713998814,0.8340456920485607,0.14501037049762694,0.003326294227524448,0.005339695512289217
236,0.012294732122841674,0.8936660776509154,0.08186871901252825,0.005538029918979075,0.006632441294735443
237,0.04468248676589464,0.8827123560561224,0.0529232137271614,0.009058958494318106,0.01062298495650339
238,0.046539630653055324,0.9223434169740167,0.017291022367108274,0.004768679282487546,0.009057250723332253
239,0.06497043155079418,0.692237293402737,0.03036083856187109,0.0051882975166923475,0.20724313896790533
240,0.15201171648521586,0.5964259571463988,0.003401343021492377,0.006189738507852018,0.24197124483904112
241,0.25850835051297383,0.681158427877085,0.002318893611587521,0.006514578954419989,0.051499749043933604
242,0.05972536124970557,0.9119946282891297,0.0024427694920647986,0.002009899775882265,0.023827341193217718
243,0.10270176142833821,0.8888168665916647,0.0021767035699517562,0.001589952081415576,0.004714716328629712
244,0.007853816688606867,0.9814974653584772,0.007904184658820888,0.0009181505615235123,0.0018263827325715493
245,0.07635609709148378,0.8932455743513459,0.01217843344761572,0.004217159345760827,0.014002735763793876
246,0.11148943530552145,0.870753636580307,0.007505735728895169,0.005139389954696368,0.005111802430579873
247,0.061098168047159715,0.9202411522600328,0.010176214120787199,0.005649158719274003,0.0028353068527461234
248,0.15712810163387997,0.8233571090777864,0.006894306328055203,0.006281559556131361,0.006338923404147084
249,0.021509383603039608,0.9567792790508208,0.017278826202403265,0.0022249045291371796,0.00220760661459907
250,0.021573137492812332,0.9334785386948695,0.038045495533797595,0.00466334872482356,0.002239479553696983
251,0.03241514041093328,0.9448491099666287,0.018696104280473753,0.0019507463852944946,0.002088898956669622
252,0.02545884160493365,0.9247678106969566,0.04513089532362508,0.0024824029121030323,0.002160049462381741
253,0.00395401438749865,0.8444514316937691,0.14936604008574775,0.0005919281058615248,0.0016365857271227991
254,0.0013683059673861339,0.6201385803646183,0.3774073164330859,0.00028300860963718076,0.0008027886252724299
255,0.003215880852233007,0.8387393885870414,0.1548613968028665,0.0013764694762521618,0.001806864281606794
256,0.004130610790780561,0.6964655182879314,0.2948509961524221,0.00204318640735911,0.0025096883615068643
257,0.0018038838419692207,0.7351576279486618,0.2601088891608218,0.001098031601966098,0.0018315674465808308
258,0.0011206857314849498,0.7084243161190701,0.2887287966016596,0.000720651883831686,0.00100554966395358
259,0.0011935119343207598,0.6097366133657626,0.38713419508024904,0.0005900643015609668,0.001345615318106653
260,0.004501621365973874,0.6816535092867353,0.30895275548092305,0.002413535359743511,0.002478578506624278
261,0.0013038425435487873,0.738506162577213,0.25774556926380043,0.0008846832451989095,0.0015597423702389595
262,0.00047806295044975055,0.5606896131234407,0.4373753949303505,0.0003557817692343062,0.001101147226524803
263,0.0009276672968033526,0.6921930414943607,0.3048619196427492,0.0008635035427533128,0.001153868023333356
264,0.0003896434152618592,0.4101403121906574,0.5882228835994022,0.0003608293758550388,0.0008863314188234729
265,0.0010063801733415081,0.6237182673279573,0.3735493616428296,0.0004729202680807815,0.0012530705877909524
266,0.0004646079750225282,0.2006146075575562,0.7978894371575719,0.00019899568341815203,0.0008323516264311799
267,0.004228877530507501,0.6991279712090834,0.29151461823245156,0.001354393973994401,0.003774139053963138
268,0.004397837030397718,0.1402176733544815,0.8434390031971555,0.0006879417239666391,0.011257544693998823
269,0.006633265289829225,0.5633831249701061,0.4237063699871373,0.0020686262019673626,0.004208613550960083
270,0.0033396405218243065,0.6647663078409924,0.3290989350490015,0.001266915776877212,0.0015282008113044767
271,0.004029879932873232,0.6876389870533043,0.30567841634464354,0.0009795806076082617,0.001673136061570529
272,0.0017062485176535403,0.4419051904145143,0.5537568038767606,0.0010834767988694837,0.0015482803922018682
273,0.0013776624632693192,0.4774551114508666,0.5192810158151434,0.000672955222143376,0.001213255048577234
274,0.001357742099797427,0.5992523803071903,0.39614777884689323,0.0015496719572604975,0.0016924267888584028
275,0.00045204796655313773,0.2750510536667607,0.7230925804915092,0.000345815556320748,0.0010585023188561691
276,0.0007103849241013846,0.43914817898810665,0.5586605202563925,0.00040923933461494414,0.0010716764967845832
277,0.0007370619517605035,0.14893181894949456,0.8490565799129113,0.00044072307972273017,0.0008338161061109461
278,0.0009196045019565288,0.4312536050153318,0.5656173448981077,0.0005541019343892687,0.0016553436502147521
279,0.005542498530097527,0.6578693842475152,0.32924890648972666,0.003538317951192628,0.0038008927814680636
280,0.0006610658345328897,0.3749133464648504,0.6223870673877884,0.0006919564949276366,0.0013465638179005807
281,0.0010954054971393378,0.23204533140053682,0.7655530430172452,0.0002897529199955714,0.0010164671650830766
282,0.0006964494590804053,0.17174164538857048,0.826133376267147,0.0005946025417671334,0.000833926343434798
283,0.0003236811884382111,0.3198114766963802,0.678856486423029,0.00018882897590878755,0.0008195267162437377
284,0.000626227810732075,0.19761120258199455,0.7998807112974308,0.00048177280324402055,0.001400085506598532
285,0.00017092155551214213,0.1774548663088198,0.8214595686962037,0.00013570227288826485,0.0007789411665759493
286,0.0002718163482246665,0.043488523845514854,0.95544104105757,0.00011458757030119813,0.000684031178389479
287,0.0005457741701631847,0.3281963975417867,0.6696571467985896,0.0003083768297376596,0.0012923046597229564
288,0.0003853195241147737,0.2749688279085015,0.7232986659323261,0.00016537449617096665,0.001181812138886621
289,0.0007664501385873099,0.2684212821029317,0.7288580552346973,0.00043951547415052307,0.0015146970496330264
290,0.00023377681362554624,0.18351498617984482,0.8152463013520558,0.00015908978055960627,0.0008458458739142014
291,0.0006587177838749465,0.24049337356138595,0.7571355285784676,0.0003945992516506863,0.001317780824620913
292,0.00015543811160117997,0.04911712746945616,0.949588923619204,0.0001447359722716413,0.000993774827467051
293,0.000923472575838146,0.13911546808592268,0.8583401643805457,0.0005673239576910573,0.001053571000002418
294,0.0007873731448405281,0.3275238736690802,0.6690708748859395,0.0007760357518465354,0.0018418425482932235
295,0.0009228747332622549,0.3219882253913157,0.6746695320287023,0.0006976876329949352,0.001721680213724822
296,0.00017212203741395627,0.04250248320268418,0.9566683893879808,0.00023002062717344975,0.0004269847447475847
297,0.00047806925805568426,0.2773137269869092,0.7209566415292284,0.0003105287640165463,0.0009410334617900564
298,0.0007941975833562427,0.21049279255258652,0.7861091984826873,0.000515222216625373,0.002088589164744564
299,0.0014033483161806865,0.3250236290325084,0.6710884441879922,0.0008659806389682521,0.0016185978243505085
300,0.002017650390692947,0.518304870559398,0.4730369984838258,0.0023489978933501784,0.004291482672733008
301,0.0007580282622339982,0.32203420140332234,0.674207528412914,0.0006509396071167028,0.0023493023144130227
302,0.00105393433487242,0.25234092200473307,0.7408881208474578,0.002293568518435078,0.003423454294501563
303,0.002331878196741383,0.248142308765245,0.7421712381908562,0.0026950434521647126,0.004659531394992757
304,0.006149151724160553,0.32053059395256867,0.655509357967046,0.006588790559026665,0.011222105797198137
305,0.008664850999043421,0.0055979996106994235,0.04600727135486172,0.008451541389033661,0.9312783366463617
306,0.2458852747737557,0.07682250582280757,0.00022666823188949366,0.07656529611849855,0.6005002550530488
307,0.1783421589307315,0.1440751089330085,0.0020153106944457385,0.1023200310812277,0.5732473903605866
308,0.048357371487264815,0.008956085166206268,0.00020691830195070375,0.004767869247540331,0.9377117557970379
309,0.3292032855129154,0.07124052956981333,0.00025841701989130886,0.014491148763492473,0.5848066191338874
310,0.2882358691394191,0.19326519274927526,0.0002514954863288053,0.026678019280596633,0.49156942334438025
311,0.6303375103898068,0.17059746107398194,0.00012172432039095266,0.029204352539770256,0.16973895167604997
312,0.5266428515273404,0.1776554982077905,0.00012850680814367735,0.08461530497264289,0.21095783848408256
313,0.23999089519352582,0.2640434410056027,0.0029091441087823198,0.05385222248848347,0.43920429720360565
314,0.5246618903561235,0.30536426186249743,0.0005078814649788666,0.07225124495839946,0.09721472135800084
315,0.1451577144493958,0.8005485132378787,0.0022232975861953387,0.03491008659921169,0.017160388127318474
316,0.2032274017205634,0.6808678800166154,0.00208114537571731,0.09746064089440715,0.01636293199269694
317,0.07939484952702039,0.6905946782739235,0.002668538151145746,0.2216949331476985,0.005647000900211762
318,0.05176432790177598,0.7533778483784008,0.0015771605732878054,0.18862382890815826,0.0046568342383769366
319,0.030200308641771045,0.7690091404616621,0.003029531266572818,0.19277242656762736,0.00498859306236675
320,0.053788006250479144,0.6568382290411795,0.0016930624946770098,0.2831701588617767,0.004510543351887691
321,0.0903519753231852,0.5777299841403567,0.0017553787253897716,0.3226971700234619,0.007465491787606382
322,0.1458742303051481,0.20413525411554445,0.004419510864045312,0.09605463062806588,0.5495163740871962
323,0.27177180028509434,0.4767547206694488,0.0005873391631083615,0.12749569152722234,0.12339044835512598
324,0.5481359934463496,0.17283232633900486,0.0006322788341647829,0.17047202949419005,0.1079273718862907
325,0.3086995241246409,0.45346669077808266,0.0007059510176835058,0.1000896132234041,0.13703822085618866
326,0.15015362428681717,0.6404834874702099,0.0005120602248625206,0.0747849658895677,0.1340658621285428
327,0.3521703208836186,0.2988816338635718,0.00023074192146690996,0.12218319482578936,0.22653410850555333
328,0.36436491931430376,0.45965863802185347,0.0003316116565821034,0.07414326544334979,0.10150156556391073
329,0.13374856538400812,0.6745451965675934,0.00844777057064997,0.010865284912246633,0.1723931825655019
330,0.5070388988614968,0.3645366762940344,0.0010092194716890654,0.06577944082042135,0.06163576455235829
331,0.24965184070346227,0.5851111639592054,0.005700674045722598,0.07794952961668565,0.0815867916749241
332,0.4305221550750396,0.1805430153168155,0.0018273873733934392,0.10291919423312924,0.2841882480016224
333,0.10203906963294676,0.4473473540857098,0.004703486273310268,0.01674989485944856,0.42916019514858467
334,0.09207320443728344,0.8427471057851438,0.002032861978956854,0.01583541353743668,0.04731141426117913
335,0.24832069800204226,0.12086433177763509,0.0007306360352875629,0.029758817795914425,0.6003255163891207
336,0.27359728896363905,0.5385907646934368,0.0008312323713268352,0.05930889803342648,0.1276718159381708
337,0.32958152501997673,0.4622296261750059,0.0007452634560224079,0.06259728227583794,0.14484630307315705
338,0.2457089334427884,0.034564058035509264,0.00014995087938144325,0.012599486395181688,0.7069775712471392
339,0.6157135650448806,0.24659881085259097,0.00021671469049769807,0.024847833911054145,0.11262307550097664
340,0.41586915822697745,0.47632046353519875,0.0024549549490267193,0.01939803482327871,0.08595738846551826
341,0.8563538704547534,0.08272574875022794,0.00021537809151806882,0.011455026596393922,0.049249976107106706
342,0.15861923343615908,0.8110260912682791,0.0005855901919003127,0.01927467213662455,0.010494412967036982
343,0.20813653094353063,0.7309347779645168,0.0015252148138944492,0.04860513391839036,0.010798342359667729
344,0.0811227359013357,0.8933587792318753,0.007166735352772193,0.012135527102369844,0.006216222411646827
345,0.08430208580405399,0.853717534416761,0.007181082861908902,0.04889491609265008,0.005904380824625869
346,0.07248517900994222,0.90431036020674,0.006569665769766779,0.01260624364360724,0.004028551369943521
347,0.01861446073211792,0.9507128347868107,0.02159379724657996,0.004175221080348317,0.004903686154143429
348,0.023648124350502692,0.941750620889773,0.024410320319383866,0.005904676755817335,0.0042862576845233
349,0.06383641496754396,0.8942299905978186,0.02002390944777123,0.016225410920411854,0.0056842740664542445
350,0.059725897094425676,0.6484911365152775,0.18506383075852903,0.013208707509824238,0.09351042812194371
351,0.2680721291082162,0.43097467314168525,0.0015855647928534732,0.02941528365761829,0.26995234929962675
352,0.1835742670494606,0.775225759379635,0.0018651682655652622,0.012335849460318137,0.02699895584502107
353,0.0617291088015607,0.8996115276040075,0.0075165384371657425,0.007149942428058441,0.023992882729207514
354,0.10136293006804448,0.34211788738886084,0.007107004645526687,0.007841185508804133,0.5415709923887638
355,0.7076750642314094,0.1140309058872537,0.000436961506008942,0.016112686286898298,0.1617443820884297
356,0.3685837405536574,0.5865882670045779,0.001206379304817409,0.0038830565247427646,0.03973855661220454
357,0.31985702219302636,0.6563495581811183,0.0013533495878535352,0.0027801285011091674,0.019659941536892725
358,0.04946554573272751,0.9391583863705338,0.0018127365967971693,0.006462111015968675,0.003101220283972702
359,0.2987980884921061,0.6216459134374179,0.0016282797102712806,0.06785444449206936,0.010073273868135411
360,0.04860614996267332,0.8780554801242942,0.027670344863556684,0.014010289812139927,0.03165773523733614
361,0.19912132175348196,0.5712877393446987,0.003885907322234122,0.21079991399946202,0.014905117580123315
362,0.019577795855369628,0.8974874912461819,0.047687904724698055,0.024513188485380696,0.010733619688369559
363,0.02464583707250062,0.8454407144696966,0.016815541616146637,0.10556469159226109,0.007533215249395049
364,0.15950712544055626,0.2336884747213857,0.0006445239890553373,0.31229410636101884,0.2938657694879839
365,0.2573247450311036,0.15776133711029625,0.0011563311277418243,0.5146562745446508,0.06910131218620764
366,0.39311835951794316,0.10295821141324692,0.00043914932382751245,0.35975339388135885,0.1437308858636235
367,0.3660221227941922,0.15270219208185787,0.0004287888416500157,0.31335778260587066,0.16748911367642927
368,0.42490574820374016,0.14181978103305054,0.00047284422958156154,0.3632380137422978,0.06956361279132971
369,0.3188172944676631,0.06560237290132549,0.00019888002123651105,0.5785594913913964,0.03682196121837845
370,0.31569349914669553,0.04345005741573807,4.297881429178296e-05,0.5125330643190231,0.1282804003042516
371,0.4583372674311416,0.047057029269026975,3.683812701749012e-05,0.34577693906994866,0.14879192610286524
372,0.6809924661038416,0.04406679718442635,4.4700392041709564e-05,0.19353966133789952,0.08135637498179092
373,0.6205448252038849,0.01603986157414076,2.824592746678114e-05,0.2728497260794805,0.0905373412150271
374,0.19431164815498786,0.025487984095439894,3.949011933915154e-05,0.3665326089731627,0.41362826865707036
375,0.20490879525600852,0.012773698640351364,1.2776354601407966e-05,0.27945649162728986,0.5028482381217488
376,0.5464376307296867,0.011726473180884935,8.223499204803965e-06,0.23089850959060362,0.21092916299962
