epoch,N1,N2,N3,R,W
0,0.017604593703436637,0.00685215895247441,1.1411485814458696e-05,0.0005038690621726258,0.9750279667961019
1,0.028065814525142598,0.008989686697055747,2.1360820104270676e-05,0.0007107897552514245,0.962212348202446
2,0.006576404167462308,0.002108703820837231,2.100949829518654e-05,0.0003964184587423309,0.9908974640546631
3,0.005206736182740989,0.0017874610488039988,1.5575482091040525e-05,0.0003444601377657461,0.9926457671485982
4,0.010906699317634846,0.0046119886709141845,1.547108420175092e-05,0.0014829392239738657,0.9829829017032754
5,0.004594310022122865,0.0031566758105894726,1.6315182281118868e-05,0.0007172508697531496,0.9915154481152535
6,0.022052688210941643,0.007013447360411262,3.7777404099919536e-05,0.0020876512077623527,0.9688084358167849
7,0.02387191662573235,0.013656123671443216,4.041720816544639e-05,0.0014338145302132538,0.9609977279644457
8,0.034116966536163966,0.005497520343297785,5.179005321284557e-05,0.0019186738536218345,0.9584150492137037
9,0.0595128508827945,0.015009976932790737,9.115458105725288e-05,0.002432175165758211,0.9229538424375994
10,0.023017290430235007,0.011244471044502451,6.824649700985291e-05,0.0012808031059837219,0.964389188922269
11,0.0668739477682727,0.012399543823440712,7.625806317337562e-05,0.00526388222689878,0.9153863681182145
12,0.039525465908098516,0.008587430283466688,4.406675756499659e-05,0.004197557356795125,0.9476454796940746
13,0.04178990101408991,0.00949159381896422,4.946347638385407e-05,0.005864818067640885,0.9428042236229212
14,0.029547358255048038,0.009040460033330443,4.322220144558015e-05,0.013738017804235366,0.9476309417059405
15,0.042389296136809904,0.014453148424976973,9.21111126670197e-05,0.018536183979858605,0.9245292603456876
16,0.010782432514430505,0.006607139561194449,4.409808469439683e-05,0.0018250245557928056,0.9807413052838879
17,0.032649930697192464,0.007682047313676207,7.627113779310546e-05,0.009016362435287306,0.9505753884160509
18,0.07216766941184517,0.027076598999981005,7.923591629127296e-05,0.020453813793326003,0.8802226818785566
19,0.0390218365598294,0.0145062381966188,4.71623008786146e-05,0.010042190859087984,0.9363825720835852
20,0.08838608522275028,0.03692564782833961,6.96267278442619e-05,0.020667227774266005,0.8539514124467998
21,0.09348905770427238,0.04153960942747297,9.678078187218525e-05,0.022864166386165514,0.842010385700217
22,0.07405123718445639,0.02475264408544419,9.702094333684442e-05,0.025259435161145805,0.8758396626256167
23,0.07717317115685138,0.030670499650826338,8.329015410210435e-05,0.021227871140691624,0.8708451678975286
24,0.08264160905837091,0.04000868314610856,7.664952024878819e-05,0.014382166740364207,0.8628908915349075
25,0.019589201829924196,0.008882997009153345,7.528324940023678e-05,0.0057990957891559175,0.9656534221223664
26,0.08143497463693222,0.03331256319700849,5.8684305944135026e-05,0.021100524842694448,0.8640932530174208
27,0.04181246124079243,0.01964400954197786,2.7354786251571953e-05,0.011731846072796303,0.9267843283581818
28,0.08028590415977763,0.029642011915142975,3.6625341637778196e-05,0.01719988776275644,0.8728355708206852
29,0.018844894719036807,0.019378653139551796,6.835447255100148e-05,0.003773862950363301,0.957934234718497
30,0.004442846023626992,0.003722797797979801,5.9726411894833356e-05,0.0006992857300089479,0.9910753440364893
31,0.04352013662024864,0.036760481099553446,7.64165388577441e-05,0.003531977366226489,0.9161109883751136
32,0.007159200200285812,0.006409265771721947,7.041195747757994e-05,0.0007877318527325109,0.9855733902177822
33,0.0239376095805036,0.012750812085006983,0.00018104414702857676,0.0020427447998105884,0.9610877893876503
34,0.003723292068794719,0.0023726087395035183,0.00023125262359573255,0.00041425787162251696,0.9932585886964834
35,0.055311467009724904,0.01694241705144032,0.00011272345091634639,0.006619406245364042,0.9210139862425543
36,0.006697195423094109,0.008134581666947948,0.00013279270850699725,0.0008636676425868969,0.9841717625588641
37,0.042260580860972334,0.029251097120339038,0.0017355560632449085,0.003680860867859678,0.923071905087584
38,0.010691855954126906,0.00958305233687759,8.804908285835612e-05,0.009684014008498488,0.9699530286176385
39,0.009618440765132474,0.007398374724720139,7.681121809851952e-05,0.005026429034424344,0.9778799442576246
40,0.00578824850638468,0.015192287397403956,0.00034116043323186213,0.0010999224080520198,0.9775783812549276
41,0.004048399302185083,0.005990156269633669,9.449733721362219e-05,0.0007715488490617199,0.989095398241906
42,0.004412570581688805,0.009010524905276285,0.0005535547568646279,0.0011616326981497744,0.9848617170580205
43,0.003105784763160061,0.00473592673643252,2.6442872246380214e-05,0.0002880090820893022,0.9918438365460717
44,0.00180113385774362,0.0031378785922101513,9.829592827487272e-06,5.197156849304551e-05,0.9949991863887256
45,0.0012978519739497275,0.0017541830625795146,3.605509991006655e-05,1.3947747161836973e-05,0.9968979621163988
46,0.0004921199062849445,0.0004458935133853346,1.4649112005058418e-05,5.056177966217284e-06,0.9990422812903584
47,0.000365831009763502,0.00032403316382807745,2.4308733430315045e-05,2.040268903344418e-06,0.9992837868240748
48,0.00037223734654812964,0.0003135951353622207,1.0786792634438522e-05,3.1202278263525132e-06,0.999300260497629
49,0.0004244056782644928,0.0002581546811232094,2.98165782943231e-05,2.826373760091684e-06,0.999284796688558
50,0.0003177678985101676,0.0005886289816605335,4.90751456788742e-05,4.4230176140847986e-06,0.9990401049565364
51,0.0008796950420171954,0.0014732896400794786,8.409381457584369e-05,6.6448648592134915e-06,0.9975562766384681
52,0.0005211269572861796,0.0011871321994845743,0.00025683679819645303,8.207147940708859e-06,0.998026696897092
53,0.0006225351341290728,0.0017717626142056487,0.0002790546243693218,1.3430386773295701e-05,0.9973132172405226
54,0.0008034760773877358,0.0008861088494072813,0.0003068178297181902,2.2380821132325562e-05,0.9979812164223544
55,0.0027765189015929188,0.0012489521740230213,0.0001032351885817306,3.681934892398446e-05,0.9958344743868782
56,0.00943660246350225,0.0030383964244192823,4.9716921948510675e-05,0.00016293473296345615,0.9873123494571664
57,0.004585504704233031,0.0026223957237366336,2.776649989470242e-05,0.00019686018442875892,0.992567472887707
58,0.020004060238318955,0.006384659703491573,3.240611982713222e-05,0.0011504741635094298,0.9724283997748528
59,0.018330117436474225,0.0033227246690667603,1.7583378908663862e-05,0.0007400976809755931,0.9775894768345746
60,0.04468342526151025,0.014033585475558717,5.0583921482040446e-05,0.002473959768419659,0.9387584455730293
61,0.04185797752339413,0.019978885697551636,8.698392454470225e-05,0.0050360300672503255,0.9330401227872591
62,0.0902927398075812,0.02447141778482699,0.00010266729909169915,0.006402308068782363,0.8787308670397177
63,0.1328031162342921,0.03410534398408773,0.000165503562017391,0.009288473505470114,0.8236375627141327
64,0.17492677658756173,0.05079917231635821,0.00019477789923908723,0.010683335991218653,0.7633959372056223
65,0.1923124990541584,0.037609465376604034,0.00013390657911128756,0.024159294812481556,0.7457848341776446
66,0.10677368278421265,0.02925317184728085,0.00011344988286940819,0.02030860951972137,0.8435510859659157
67,0.1741550253800651,0.05362938535706549,0.0001054485964629316,0.05482539111712379,0.7172847495492826
68,0.13239074680744745,0.05989336751688507,9.419831736978362e-05,0.06607409797515323,0.7415475893831444
69,0.2110000643694066,0.07432701070022862,0.0002336927478197315,0.05993736958244414,0.6545018626001009
70,0.1719693994214349,0.09351669713307723,0.00019180563541648473,0.045461785238292446,0.6888603125717789
71,0.19894606204519333,0.11733921639449396,0.0001925942816396914,0.0976779517787018,0.5858441754999713
72,0.3066791971007739,0.11457553543281535,0.00014059324481683683,0.12203808421974471,0.45656659000184924
73,0.20538947960959825,0.16705160269808308,0.00015546856100921816,0.1057027977426261,0.5217006513886834
74,0.18413977041688717,0.15485583490312627,0.00030487710736900995,0.18757541905217917,0.4731240985204383
75,0.23187926537897952,0.20861817532497415,0.0002730633990374931,0.3153500266972819,0.2438794691997269
76,0.17508790929578907,0.2814995929695937,0.00036983411994660564,0.2886991436313348,0.2543435199833359
77,0.18671938634097288,0.21015685369245665,0.00026526130683943427,0.24428694774186327,0.3585715509178677
78,0.12060396854761002,0.09517849209424023,0.00020198071017066518,0.03840746385248786,0.7456080947954913
79,0.08162089831792887,0.11312904893674218,0.00017633341499195945,0.015360880451117885,0.7897128388792192
80,0.015902857679468595,0.049075242100834096,0.00028726843423038903,0.002936767216852341,0.9317978645686147
81,0.02161628820063219,0.0039627697800875055,9.01281495741027e-05,0.002570155827979651,0.9717606580417266
82,0.04098623221141793,0.005804122787197882,4.631236568284799e-05,0.004222767163033266,0.9489405654726681
83,0.005322121436493715,0.0024291619515064517,0.00011986208072579543,0.0003855777125013404,0.9917432768187727
84,0.008727298650274521,0.0017138822059295596,8.654529220146298e-05,0.00020324729631617409,0.9892690265552783
85,0.0016443754023826363,0.0007640286500734237,2.3213111539950463e-05,3.632129738722064e-05,0.9975320615386166
86,0.013884975195513526,0.002414549377640643,1.5162353596150144e-05,0.0002197182439069631,0.9834655948293428
87,0.0014612925828320045,0.00081630966317113,1.6420230298722243e-05,3.923885917418963e-05,0.9976667386645239
88,0.005432530264998159,0.0013470325169780157,1.0951564144936983e-05,0.00038537583197058403,0.9928241098219082
89,0.0004929429268425736,0.0005326138708517165,2.105593121921715e-05,3.6352515974293504e-05,0.9989170347551123
90,0.00045228116483441415,0.0006232165180766995,2.7808626001667087e-05,1.4582237804765673e-05,0.9988821114532825
91,0.0006231585272595606,0.0008049448187103237,1.8559316836359147e-05,3.992691646414185e-05,0.9985134104207295
92,0.0008689914936396826,0.0003132624358623144,7.458530787222733e-06,2.5414199551448165e-05,0.9987848733401594
93,0.0007183979330902384,0.000601381624268961,2.9384006950368366e-05,1.6806849574933497e-05,0.9986340295861156
94,0.00555947282112016,0.0005081329291193657,8.744094519872941e-06,3.469126614398693e-05,0.9938889588890967
95,0.001398752790276674,0.00017085507210023163,1.84357282260649e-06,6.667506869078584e-05,0.9983618734961098
96,0.00013083506223948607,4.331086425006817e-05,7.105367492665561e-06,1.0736279778619889e-05,0.9998080124262391
97,0.00015441965381317302,0.00014498780166984898,1.3208874001488308e-06,1.6643967619342842e-05,0.9996826276894974
98,0.0004655798000860309,0.0006713408190028682,6.082041162240561e-06,2.2391353160177612e-05,0.9988346059865886
99,0.0007245347472745848,0.012007999089142768,2.9125426673766756e-05,6.936190289628754e-05,0.9871689788340126
100,0.0007961305876635327,0.012904405970033585,4.2852255231312765e-05,5.7427932333295254e-05,0.9861991832547383
101,0.0012211665617681475,0.020944974129453217,0.00010386123259366179,0.00016028103422473556,0.9775697170419603
102,0.0018243506092293779,0.0287447108021034,8.735981762959218e-05,0.00010917500615054462,0.969234403764887
103,0.04271322494355676,0.14149590699184955,0.0048923593261318895,0.00040254330610345183,0.8104959654323584
104,0.002033772379693276,0.0012594581443652138,0.0004929481044752857,2.06682080375824e-05,0.9961931531634286
105,0.002358516531389948,0.0010273998864583132,1.998873436664244e-05,3.0205461322179997e-05,0.996563889386463
106,0.002545958427989002,0.0007441685187461411,7.959198336617056e-06,0.00013378942846387927,0.9965681244264644
107,0.0038966800790068592,0.00238068419229671,2.9234588064528244e-05,0.00015260250259393343,0.993540798638038
108,0.007567003231972102,0.0046929249573587776,2.1039974567933918e-05,0.00023636741519719663,0.9874826644209039
109,0.018060095212377055,0.005625356802595613,4.622185689583073e-05,0.0007603774061542871,0.9755079487219773
110,0.02601778066215994,0.01044078277939099,6.587575399474408e-05,0.0005889444777408467,0.9628866163267136
111,0.029606918092773535,0.00854844629998007,0.0001398013225562296,0.0019280373395626868,0.9597767969451274
112,0.04671524111930192,0.013932637287806412,0.000453435374568323,0.0055243931730912165,0.9333742930452321
113,0.017980837807423277,0.0035722819547862384,6.291241183095945e-05,0.002007206055618888,0.9763767617703407
114,0.05896305242612834,0.012475531393779545,0.00028481740843566954,0.0038632798469383483,0.9244133189247181
115,0.05468760955866829,0.009602741626745863,0.0002629088826763337,0.00630067611284488,0.9291460638190647
116,0.060682609626202366,0.007988869525338838,0.00026150030232903633,0.0067534459307504475,0.9243135746153793
117,0.039975625092108766,0.008838158298659967,0.0002156041548493305,0.006445328808074252,0.9445252836463077
118,0.061017968354482005,0.01075100418142286,0.00022661699871744703,0.0068355090320454046,0.9211689014333323
119,0.04306277098261471,0.007538208122354078,0.00020729643377285077,0.00471827362012623,0.9444734508411322
120,0.04702583818338336,0.010973665708827117,5.572973842519349e-05,0.004676388299032387,0.9372683780703319
121,0.028628241407316967,0.00687372545166223,6.531423666005947e-05,0.005424442317817339,0.9590082765865435
122,0.07399249546164623,0.009372678852531763,0.00011058201772955794,0.013774579404767433,0.902749664263325
123,0.038111458773480246,0.004119326984514375,5.747971390888602e-05,0.007218258303683201,0.9504934762244133
124,0.0870624283861374,0.008740510711539345,0.00012756628903875025,0.015093446983226634,0.8889760476300579
125,0.09116010482659108,0.00670421396011626,0.000134234428560844,0.021160192084128965,0.8808412547006027
126,0.18070314239055918,0.012370375711418248,0.00024223895327400108,0.08219594874452438,0.7244882942002242
127,0.13159571910540233,0.019924070999046445,0.0001654539398712293,0.07537143854189535,0.7729433174137845
128,0.1285570975787381,0.02454866903386033,0.00021242168490231706,0.10213109665895635,0.744550715043543
129,0.21541749520344025,0.04879852247165313,0.0003188491706819962,0.23279302052871703,0.5026721126255076
130,0.22817662910042624,0.09955055232658873,0.0004976931287534364,0.32722209481643294,0.3445530306277986
131,0.2058836085255449,0.08305696811858235,0.000570234452299663,0.22078222628295466,0.48970696262061847
132,0.14135208702679047,0.09765668997230452,0.0005294314600626956,0.5614213651701703,0.1990404263706721
133,0.08875368756975595,0.04141021775366323,0.00040749892093681,0.587067486407197,0.28236110934844705
134,0.10300594747552266,0.041217849493663576,0.00041557086321487657,0.7055333614568269,0.14982727071077204
135,0.10689073115985631,0.05874589077057691,0.0003666684369453876,0.7315858978287243,0.10241081180389704
136,0.20545909195710943,0.14021554653700022,0.0004613913441917638,0.5718868156068379,0.08197715455486076
137,0.22527844062248273,0.16910689014879915,0.00038416694120320166,0.49456684961385006,0.110663652673665
138,0.250727749503576,0.20273992225330856,0.00034850069757365174,0.4063440712491749,0.13983975629636683
139,0.3417419878553878,0.19201773968012745,0.0004377646574945092,0.2706201810851234,0.19518232672186686
140,0.27397679283697834,0.5124969849788883,0.0016149755817522846,0.013009361102557791,0.19890188549982324
141,0.10533738746150462,0.8429236212950016,0.006597765520980645,0.025474170235842714,0.019667055486670255
142,0.2774652555890816,0.5097035950309781,0.0014436388472374721,0.012049475500248869,0.19933803503245393
143,0.05759236683086455,0.9208522490852689,0.0028564126609542384,0.010443446049249731,0.008255525373662732
144,0.34603013227645896,0.5241689821220078,0.0021154910291525373,0.04170530493272217,0.08598008963965856
145,0.06609392746242702,0.8913475297691548,0.0065024001286702205,0.024014403163530172,0.01204173947621794
146,0.07018955152843977,0.8673514170771081,0.006436760895990913,0.03517475250004678,0.020847517998414476
147,0.12370391158138633,0.5165446503639355,0.0017238363752937608,0.03665306237346362,0.32137453930592075
148,0.015160832186656934,0.9752951120364695,0.002675448251696882,0.00374573357083103,0.0031228739543454754
149,0.016886598868362003,0.9692519706785488,0.0016625348445371403,0.0068947170477628335,0.00530417856078904
150,0.006228042364280082,0.956462825265567,0.027909828413477982,0.0019756324825032302,0.007423671474171703
151,0.11217997807756756,0.8196677532626305,0.010735494786900385,0.017995071711510786,0.03942170216139063
152,0.02477325170187467,0.9545054133689903,0.01189723505128242,0.004357523881588191,0.004466575996264332
153,0.04455045020840929,0.9263415751806862,0.014671036204709605,0.007690560073334682,0.006746378332860174
154,0.005122270171601847,0.9675057638908496,0.023846388945276208,0.001421767364841997,0.0021038096274303133
155,0.045806195175890414,0.9104973007790128,0.02568851284617008,0.013650138515099212,0.004357852683827762
156,0.005565325427365611,0.8825754645152787,0.10777488639201824,0.0023542031320374023,0.001730120533299985
157,0.0030575672678168644,0.7894220228045717,0.20535271281055556,0.0005271901765691836,0.0016405069404866006
158,0.004803278964341803,0.8885217675881283,0.10399731907934115,0.0005299450722808999,0.002147689295907964
159,0.004552123302970983,0.7357892224753553,0.2563749857986062,0.0004505373643623268,0.002833131058705242
160,0.004176854759216833,0.8286028397350924,0.16437090123365744,0.0007553150297308409,0.0020940892423025868
161,0.010349435940760062,0.7636486036387501,0.22073981844002652,0.0013647545271972237,0.0038973874532661833
162,0.005177803055750932,0.7143551756436747,0.27683557536636666,0.0006284992981097242,0.0030029466360978517
163,0.005933221149032106,0.451564152135254,0.5385048609811334,0.0006172050150104987,0.003380560719570069
164,0.009554752995272486,0.5498085801658307,0.4353170086403204,0.0011570362344624477,0.00416262196411385
165,0.013881384364361345,0.7567442863134352,0.22555170543547015,0.0009820105741735964,0.0028406133125598826
166,0.013208201701180065,0.7075400290936807,0.27425199493977465,0.0010629800742885454,0.00393679419107606
167,0.012289197946054316,0.6444332830600447,0.3370183854006984,0.0004917829999222338,0.00576735059328052
168,0.0204455863716071,0.7325821313032119,0.24300080646085992,0.0006195109836065667,0.0033519648807143485
169,0.005648300345235852,0.6408605731220038,0.3505790063844142,0.0003064748577442317,0.0026056452906020313
170,0.0017587804472451948,0.4170937174354623,0.5781624061292043,0.0002203652384746636,0.0027647307496134485
171,0.0033792818454422557,0.27622662848547697,0.7166391030616893,0.00022404614940297842,0.0035309404579884824
172,0.005335022330869468,0.2328940427352772,0.7585778021492181,0.00028071832168781593,0.0029124144629473028
173,0.007964605023805218,0.6111628273573205,0.37540136487362513,0.0005076316446894701,0.004963571100559752
174,0.0031896735136181078,0.229185419725946,0.7645684399267463,0.00021352411005558914,0.002842942723634118
175,0.0027820447724042113,0.1543574739193795,0.8389769411501223,0.00020372145217631622,0.003679818705917657
176,0.0025410029453422816,0.23675107694260256,0.7573267647978345,0.0002712183746832124,0.0031099369395376
177,0.0025109972915115376,0.24078225234861128,0.7534447836023694,0.00025282954592854173,0.003009137211579127
178,0.0016797890238217548,0.10391078232090974,0.8921196099290449,0.00017645200428738797,0.0021133667219363234
179,0.0035634377469061776,0.13794102564538993,0.8543365624287315,0.0005011863243316605,0.003657787854640823
180,0.032023469269073124,0.7690488610971918,0.18601034115661477,0.0018765458904677383,0.011040782586652705
181,0.004749972717597488,0.3065740716830775,0.6854490104451995,0.0003124587595794851,0.0029144863945462277
182,0.01606917899406214,0.5275787925213699,0.4450144880596033,0.003829074182118177,0.007508466242846491
183,0.012030243854802761,0.46314901161985317,0.5183227810240891,0.0014097848588838955,0.0050881786423711065
184,0.021320827367354904,0.827998617631913,0.1376296687714242,0.0020346030623358503,0.011016283166971922
185,0.07961561384611157,0.862507103197195,0.027171216553053983,0.009781289692603798,0.020924776711035563
186,0.09081795452801586,0.13691140109920674,0.03424359191900951,0.005193714073742984,0.7328333383800248
187,0.2412858633264367,0.10421966601318587,0.002915354015816327,0.010386536837000915,0.6411925798075602
188,0.04780798834049202,0.021780825037640856,0.000431462197962211,0.001494101322674401,0.9284856231012304
189,0.12301341910216916,0.02636061601560764,0.0022497129615371278,0.001660602166938978,0.846715649753747
190,0.49006826569433853,0.19934407498745596,0.013094536356094939,0.009368240580534325,0.28812488238157646
191,0.11644931109656716,0.06986637250697852,0.0032466798501318583,0.007315743255554846,0.8031218932907676
192,0.42982435922561113,0.3422025580152149,0.03293997369125384,0.029296100197130134,0.16573700887079004
193,0.2653359564588741,0.13804570219820728,0.0029993954759188254,0.03699369863215871,0.5566252472348412
194,0.2625517980989324,0.47307048280985126,0.003916315277056499,0.08093267553188495,0.17952872828227487
195,0.1188522224817832,0.6354506912987895,0.031179415651800903,0.02325893980626194,0.19125873076136435
196,0.17444520560743315,0.6196163483249526,0.0090884981307449,0.030327439337342485,0.16652250859952683
197,0.1982376167980975,0.5787728884190496,0.013884568599140966,0.097435564501255,0.11166936168245697
198,0.043668238943589045,0.9180648470844457,0.004960141917280168,0.020570068420377775,0.012736703634307213
199,0.33773162750443925,0.362933567478915,0.0030656840012781186,0.1365033994972996,0.1597657215180682
200,0.20034915194615543,0.5357169150931111,0.014953884141263947,0.08082698550604406,0.1681530633134254
201,0.22689318749265178,0.5636334352581387,0.02490226224750516,0.04589852730128511,0.13867258770041932
202,0.1009726874648826,0.8161821818508543,0.017356712947612953,0.030859207149977416,0.03462921058667256
203,0.1925522485737707,0.3928726115571346,0.01878948665366852,0.02313484677022009,0.37265080644520615
204,0.3121562171425886,0.3171991712758968,0.005720248678836669,0.06488854419443281,0.3000358187082452
205,0.1715950443097157,0.6295398561788551,0.012881445028307974,0.01734269340478487,0.1686409610783364
206,0.46481492105110345,0.2741652150732173,0.0036063304364948433,0.03514616739030204,0.22226736604888225
207,0.19192493024200097,0.710958573895959,0.0059284256903441215,0.021938309336768182,0.06924976083492786
208,0.16798468488515683,0.4732268111799783,0.01735766947150256,0.020675078453767332,0.3207557560095951
209,0.11678368347016999,0.4622164466714064,0.021432526617259938,0.02530624531495477,0.374261097926209
210,0.25169461852522257,0.5643895189253152,0.017854378479520733,0.04037853932888773,0.12568294474105382
211,0.18060339641630668,0.3647829019686852,0.018389167166265125,0.03285528368336586,0.40336925076537705
212,0.09158143471574119,0.17967314585015462,0.004988692175506798,0.0161964836007374,0.70756024365786
213,0.2331635524668584,0.37732217980205496,0.008544473059777968,0.06421354101698097,0.31675625365432764
214,0.13439641834135582,0.31080258826208734,0.05925138488915446,0.019819765865313935,0.4757298426420884
215,0.1703211092262852,0.14597824593038478,0.0009479874647200064,0.02123885848415952,0.6615137988944505
216,0.028852989440863817,0.0785585392860235,0.0009204669827288471,0.009492060110718724,0.882175944179665
217,0.04215559122119089,0.04658976339617318,0.0003728552525047115,0.011376773177209289,0.899505016952922
218,0.07469429176793352,0.04329214321558665,0.0015520302445230045,0.023899078838064133,0.8565624559338928
219,0.004809638592666124,0.006643501546550819,0.00010270189861772216,0.002185974580246063,0.9862581833819194
220,0.018957473203867693,0.015483228052825584,0.00015324176678086767,0.005531726190267935,0.959874330786258
221,0.006960061931666906,0.011717182839066833,0.002420964816181059,0.0031300294388165945,0.9757717609742687
222,0.010817773484948372,0.007118182800608641,0.00023930205651497938,0.0016453538033650112,0.9801793878545629
223,0.049893033052632485,0.009124070532302271,0.0007567875684646084,0.006281481961006483,0.9339446268855941
224,0.012428182292137496,0.0057387176015472295,0.0001650661544600358,0.0016016817239735775,0.9800663522278816
225,0.04565736189993187,0.0241725461034266,0.00013798495062992348,0.005294530048721786,0.9247375769972898
226,0.17714926019628294,0.0944513763316598,0.0006141387845835035,0.036277515737403655,0.6915077089500702
227,0.20628118543470983,0.09237202983904629,0.0007479583552511693,0.04042658186055534,0.6601722445104373
228,0.13983296324648842,0.1861414558507168,0.00029483669101429915,0.04657546536254197,0.6271552788492386
229,0.07436497264423284,0.09163592140037935,0.00022782433545333553,0.06359905920148928,0.7701722224184452
230,0.02635464026270658,0.051333097262229135,0.00011668986402014882,0.02446846511908581,0.8977271074919583
231,0.07179345253365954,0.1296703195282117,0.0006017615489753903,0.08468345544720365,0.7132510109419496
232,0.05757226531217266,0.0827346002715218,0.0010613931273321696,0.10881546594610447,0.749816275342869
233,0.05921993451005776,0.09012726161184274,0.0015648605380964994,0.13440428966090778,0.7146836536790954
234,0.01911664704414105,0.01036869108671625,0.0018612313627768605,0.0036659745514105863,0.9649874559549553
235,0.06852061737349195,0.028927078593863044,0.0036246853963425437,0.005172814778188464,0.893754803858114
236,0.0455599176477544,0.007032728957759368,0.003550724874446693,0.0016393570701069011,0.9422172714499326
237,0.01000826989209668,0.0057417934338179375,0.001995096864002755,0.0015848593564929355,0.9806699804535898
238,0.01348429650856576,0.010345715464901028,0.005765987693834312,0.0033495974027348183,0.967054402929964
239,0.03474230674473385,0.012757970377482579,0.004699626238432307,0.0027610276696467444,0.9450390689697045
240,0.016285788448418485,0.007272575729858567,0.0031674161090200167,0.0015184886760030217,0.9717557310366999
241,0.007028885830469433,0.00444551663526098,0.004054879113346843,0.0011071064449591766,0.9833636119759634
242,0.03204453190734317,0.01096466324402423,0.001307791349580557,0.002533576748773579,0.9531494367502784
243,0.0036584484497413734,0.0010995032961230733,9.295430378975861e-05,0.0002668932229367575,0.9948822007274091
244,0.002343950094767928,0.0011646190825978567,0.00017143370950133013,0.000314867363384853,0.996005129749748
245,0.01222816540743055,0.0038405099610370162,0.00022489291883720977,0.002248410836098537,0.9814580208765967
246,0.009904675553135647,0.0034730292785337146,9.804248059808094e-05,0.002539550371812233,0.9839847023159203
247,0.0049794139639530235,0.00391904960163711,0.00013195265668204561,0.0027996916572069785,0.9881698921205208
248,0.001025788480745436,0.00042595274813706397,0.00048585969565899845,0.00018966184404405536,0.9978727372314145
249,0.0015649692010597188,0.00037193274831154327,0.00025586417985713826,0.00020408216603971175,0.9976031517047319
250,0.0027450005790747496,0.0006172905152824909,7.355909310010169e-05,8.87940435975511e-05,0.9964753557689452
251,0.010197309019136352,0.0014986809142833837,3.6310159079802014e-05,0.00011995529374713237,0.9881477446137533
252,0.001467784603484456,0.0004620879940022071,5.243297906589243e-05,8.005645195241448e-05,0.997937637971495
253,0.0036780191385230284,0.0035882971003048316,0.00017579953550287433,0.0002190436668378234,0.9923388405588315
254,0.0014274427118159327,0.0011810154210436762,0.00016249930179883373,6.702006652529002e-05,0.9971620224988164
255,0.0033590035344595757,0.005152102870960783,0.0006003617348902406,0.00010216797004318547,0.9907863638896461
256,0.015212831992889166,0.022948342631883084,0.0014951744567649249,0.00048707681330168026,0.9598565741051611
257,0.0030435552152871834,0.008282033246679303,0.00019476436439067903,0.0003549741533792179,0.9881246730202635
258,0.002089886892111411,0.001313676920804216,0.000306539917286508,0.0002344343149144171,0.9960554619548835
259,0.0033864882651119302,0.0026608549292762083,8.083260297654389e-05,0.00040928660760668293,0.9934625375950287
260,0.034436872704642754,0.014243477564851677,9.490886441590601e-05,0.001883192751843193,0.9493415481142464
261,0.09706483817605605,0.05148315149725552,0.0002264673724839809,0.014447375660445011,0.8367781672937594
262,0.052295660889345216,0.06644334639125012,0.0003622994098675436,0.07335374273896358,0.8075449505705735
263,0.02415907936556744,0.013907009741252302,0.00011950940494502854,0.01218033006912893,0.9496340714191064
264,0.07348233123278032,0.05324910279190811,0.0001397816103454151,0.04439877044686252,0.8287300139181036
265,0.09289740761129843,0.032699801913450816,0.00013551016027191242,0.048150326877957846,0.8261169534370211
266,0.09794399643849992,0.03756929522514623,0.000256153668205792,0.08441530709877705,0.7798152475693709
267,0.12204799484840022,0.049991602420970394,0.0012944435390550555,0.042981027692554845,0.7836849314990194
268,0.13011725141100414,0.035505196586304084,0.006358092641741591,0.03487330862365376,0.7931461507372964
269,0.14725208984558943,0.058955358909474995,0.003127106790935218,0.015983580424732455,0.7746818640292679
270,0.16505661877958727,0.04267501289909455,0.005906022359844379,0.014701755375964133,0.7716605905855097
271,0.17094625654292897,0.04124218978046427,0.005471901892079776,0.014662380141745845,0.7676772716427811
272,0.11619417132311492,0.025209868617776684,0.010251678591840794,0.014077486185867518,0.8342667952814001
273,0.2239126332461945,0.038527782651227846,0.006601561474746301,0.018064783244226192,0.7128932393836053
274,0.24536650564936055,0.060730890991294965,0.0075403211302889255,0.02065339653692704,0.6657088856921285
275,0.22542089522873757,0.059329982386054754,0.006860680834139462,0.02384172107651067,0.6845467204745576
276,0.2718426262043587,0.04165563986480022,0.004713422898357809,0.034256967765788335,0.647531343266695
277,0.26666409174083405,0.0917346517921552,0.004328601310379717,0.04035596829087096,0.5969166868657599
278,0.29458824211748136,0.10995885024975086,0.004021329346676377,0.12157410955577061,0.46985746873032086
279,0.3054728404631228,0.12619253834175626,0.0010075461960473184,0.11151805094729449,0.45580902405177914
280,0.25831998467769074,0.18102519653528232,0.000910717089959569,0.2906599157963853,0.26908418590068206
281,0.20749458567007192,0.17460005208415053,0.0005265738679138161,0.38748878979020057,0.2298899985876631
282,0.13834326932049304,0.3367095069697718,0.0005126499659909998,0.3712354040250559,0.15319916971868813
283,0.12522466066651594,0.3198714452763141,0.00034242422081886143,0.4566078434144493,0.09795362642190154
284,0.0716906572110383,0.4568957584981306,0.00019573915538072397,0.40015551789459597,0.07106232724085451
285,0.12167563747506707,0.3322503966847966,0.0002697403588595983,0.5199659464813263,0.0258382789999503
286,0.08718824901901256,0.20850543347473188,0.00038775590931035503,0.6661938035359002,0.037724758061045145
287,0.10139844122770843,0.12344972305854256,0.00026600696728934335,0.7195585057359679,0.055327323010491855
288,0.08950028967757663,0.3539253466112137,0.0001413540965617622,0.5410087377387496,0.015424271875898269
289,0.10414501331841065,0.700860566401067,0.0007460853514988039,0.1801356173022967,0.014112717626726792
290,0.08622387722311661,0.4139672030932394,0.0005193164006630293,0.49063622799404827,0.00865337528893262
291,0.16211197281894582,0.30437516725229397,0.0005805493089649624,0.39319618371062254,0.13973612690917275
292,0.08647452635506146,0.7108593330388587,0.0006562099184273041,0.19005121604134817,0.011958714646304417
293,0.15579041388384926,0.43330171973932474,0.0006154114508311861,0.36188727993310943,0.04840517499288528
294,0.06634251375674984,0.7929446116532803,0.00037958048143546714,0.13087191575247725,0.009461378356057119
295,0.06294782637730947,0.6136223338814636,0.0019549611786303747,0.31066895118364457,0.010805927378951967
296,0.0875708649944577,0.08974100508631244,0.00015516981146547856,0.7669867377995975,0.05554622230816685
297,0.0514364007071348,0.06578802091806278,0.00023342899246340997,0.8536681051057617,0.028874044276577332
298,0.029589299803404728,0.06273928787188596,0.00020742637271559708,0.8984302792723521,0.009033706679641774
299,0.018511629164743453,0.07620204676013075,0.0006303684498083549,0.8814306093316657,0.02322534629365168
300,0.009248657088839667,0.032257399718757414,0.0008671602166165503,0.950583858486732,0.007042924489054346
301,0.006776260261368673,0.008777004694389991,0.00015479386951497694,0.9766681487614779,0.007623792413248621
302,0.009438059772395625,0.018827349647944466,0.0006160168979549598,0.9575301133215873,0.013588460360117693
303,0.014031469079493928,0.008549210946204745,0.00011248872229463044,0.9356630884379921,0.04164374281401472
304,0.01299346357480441,0.01628978237584561,0.00013887427644733414,0.9614838477028748,0.009094032070027699
305,0.01121160946233881,0.020846019875807587,0.00016417960067776217,0.9566349430823481,0.011143247978827785
306,0.00641129855746441,0.016954783755055127,0.00014933110026811198,0.972628202547005,0.0038563840402073553
307,0.008813858986734745,0.03493504109820219,0.00027852263912772905,0.951221423890234,0.004751153385701289
308,0.01285284048791133,0.014840248377478911,8.072295923031847e-05,0.9650316768265869,0.007194511348792638
309,0.016209393928730744,0.01766371246049878,0.00010551832056026608,0.953083095292898,0.012938279997312358
310,0.026856052462861487,0.04019542731604201,5.674557799053955e-05,0.9079205183181022,0.024971256325003834
311,0.05391821459179955,0.05712538014296879,3.9110106918327155e-05,0.8673833100323172,0.02153398512599622
312,0.09781068229039566,0.1745080376299425,0.00012351058934544795,0.6510031125483361,0.07655465694198024
313,0.04737068953895513,0.08901860301649211,0.0007424758231701042,0.0901085301513081,0.7727597014700744
314,0.40534937418243494,0.1418687008367627,0.00010945764542266378,0.26957323196452165,0.1830992353708581
315,0.2862081130053613,0.1772071548973128,0.00013699285163568245,0.10955984057412467,0.4268878986715654
316,0.42115454576809036,0.13355850843250305,0.00012711614803238464,0.14864012601334628,0.29651970363802804
317,0.28127589191032093,0.2864826133673832,0.00013711897715643225,0.32558535723064463,0.10651901851449483
318,0.27676828452029467,0.22872101702829561,0.000263918506457275,0.2715637920655413,0.22268298787941107
319,0.19218622559438603,0.19836877731214572,0.00024118247960525657,0.19158326404593629,0.41762055056792674
320,0.21716470154281153,0.352298104058837,0.00027120975216727764,0.29419550587796206,0.13607047876822195
321,0.13690704139323237,0.2029356177829383,0.00014056324632464787,0.14027747451568384,0.5197393030618209
322,0.2066591980107783,0.3283223199615212,0.00015627375524091154,0.43742481421568047,0.027437394056778988
323,0.18790347151235703,0.3748096093643717,0.00016007467461388606,0.29961151375362444,0.13751533069503286
324,0.15895319139617478,0.5092341405323083,0.00045327116379040153,0.2824469764756932,0.048912420432033255
325,0.11644795511824811,0.39991270405043783,0.00017040948176644323,0.44113628641954405,0.04233264493000347
326,0.13534601331890508,0.3030914821967841,0.00022515718657044805,0.48015154028814055,0.08118580700959967
327,0.14779630533909,0.2766695603636066,0.00019199931463364608,0.46886049776859523,0.10648163721407458
328,0.16992877622331745,0.22401034306440062,0.00020516403043850233,0.5786336092086594,0.027222107473184026
329,0.15408322292486248,0.5007669151243416,0.0003509327855397571,0.2947262708877952,0.05007265827746085
330,0.1547590277489736,0.3806401210028004,0.00047597072974677477,0.36653828170422526,0.09758659881425388
331,0.07766690122498424,0.44981051191253985,0.00027007873252395554,0.43668326989436357,0.03556923823558844
332,0.054189440242257136,0.16944862343815634,0.0002511303102677377,0.5548810566263628,0.22122974938295603
333,0.16799473952086127,0.14559504308920476,0.00020141397017631134,0.5656844859220502,0.12052431749770742
334,0.14543011011948878,0.14799026010085492,0.00023415209859109645,0.6078466782713642,0.09849879940970109
335,0.0933032088869055,0.08932789614645302,0.0001364876165081221,0.21427437635036156,0.6029580309997719
336,0.11043477668515633,0.09140467396190471,0.00018868686936495234,0.37395362774616553,0.4240182347374086
337,0.12022888183599523,0.03313328820894477,0.00010947711466631611,0.19933598143071582,0.6471923714096779
338,0.2936069346769965,0.06236106597846808,0.00017061077836242198,0.17180548597920173,0.4720559025869714
339,0.15042055173973778,0.058223177403430956,0.0002568075231200782,0.17492408134407328,0.616175381989638
340,0.13321288311380636,0.03607358808032538,9.82873978938237e-05,0.1730640336173808,0.6575512077905935
341,0.2079675133283154,0.0823989643640204,0.00023225369595430927,0.20874482067952602,0.5006564479321839
342,0.10556413477611892,0.04332922994258002,0.00010366590159448027,0.21755521279156662,0.6334477565881399
343,0.2751649891663268,0.0640809254838337,0.0001418974874771235,0.3343493741741611,0.3262628136882014
344,0.29111142992687483,0.04110653115647915,0.00019617664601327746,0.45856058489610463,0.20902527737452806
345,0.23937935062913474,0.0790639644557514,0.00017175382113998703,0.5141947837854101,0.16719014730856374
346,0.15507250270397194,0.10510470275553983,0.00014084008026382473,0.49789462030884674,0.24178733415137768
347,0.13324085105096337,0.06653273093070437,8.298612907144384e-05,0.3661102832578599,0.4340331486314008
348,0.18956253772823,0.06503608531984262,0.000141742450482614,0.18090248691465022,0.5643571475867946
349,0.2055753509366812,0.2652048265434516,0.00024282238621917777,0.27911758205365017,0.24985941807999784
350,0.26281667166609934,0.10344878488164051,0.00016522217721220834,0.1849352548914389,0.44863406638360903
351,0.25104781200339543,0.1387828653848291,0.00015385739369282633,0.18785385738693602,0.42216160783114665
352,0.30979380375647775,0.08869812242250565,0.0004293261576864597,0.15911878531816076,0.44195996234516954
353,0.27384895434145484,0.06670852231439575,0.00040947735923123574,0.16148634651787208,0.49754669946704605
354,0.17415317699941713,0.11302778172720385,0.0011987704531655936,0.14118853716027627,0.570431733659937
355,0.38828663886081116,0.13721632046692234,0.0008762714566655799,0.2748557148775188,0.19876505433808206
356,0.27090012869786056,0.40674211481543066,0.0015792612567912395,0.18595811159433137,0.1348203836355862
357,0.3836357418802106,0.20031146597712013,0.0006445294150285404,0.16223772682946316,0.25317053589817745
358,0.4579313188176108,0.16466646601503668,0.0004272388947952424,0.24498183136491808,0.13199314490763933
359,0.35647957742022224,0.44421791900445307,0.000635564717193504,0.059564084483492985,0.13910285437463812
360,0.18747169691849686,0.7419129359925399,0.0015569743169537103,0.050530348834104025,0.018528043937905376
361,0.21172078505544317,0.555190695496711,0.0012086530347992185,0.0738200260611585,0.15805984035188808
362,0.2963885872760203,0.43366888338005133,0.001594881548309574,0.09579253588317638,0.17255511191244258
363,0.11876956387796264,0.7479960691692603,0.0014654877667606787,0.09880491761244692,0.032963961573569636
364,0.2727421358604333,0.5442822347623071,0.001383904462878783,0.06930343821580912,0.11228828669857178
365,0.13516176767606408,0.8080486836084401,0.0006846198016894711,0.030944394037869565,0.025160534875936707
366,0.19360252151492124,0.534456764056306,0.0012115005937568615,0.032834007552950316,0.23789520628206556
367,0.3499003313227181,0.5057632491204829,0.0020902605302879763,0.032788747175538036,0.10945741185097291
368,0.14985991792194897,0.793848268082883,0.003046487839594951,0.01839406810762093,0.03485125804795208
369,0.0801052534689228,0.8733186286442293,0.008625983378167435,0.009013683895497207,0.028936450613183378
370,0.048241638733216075,0.9205384244467063,0.001993989306127397,0.012533099607509856,0.016692847906440253
371,0.042048070102619774,0.8950436288451448,0.009027691052688774,0.03895022602839249,0.014930383971154027
372,0.22279267464270422,0.6165697798175268,0.0038791595104152414,0.06699380622449917,0.08976457980485449
373,0.18820491458348101,0.5174444062312122,0.0026494686911716064,0.05141776572079832,0.2402834447733368
374,0.08389475284615121,0.8389263392946923,0.004158368254369173,0.0135627541765732,0.05945778542821423
