epoch,N1,N2,N3,R,W
0,0.008147364750365739,0.00014972524498016492,7.474456824523261e-10,0.002074029877366153,0.9896288793798423
1,0.00046859456349767405,2.3946779081929114e-05,7.422251884655418e-06,3.325688551513767e-05,0.9994667795200206
2,0.000836117956091507,3.6109094827895966e-05,2.6335413448374605e-06,2.4955323415883187e-05,0.9991001840843199
3,1.290107177841943e-05,2.8389206086949836e-06,2.2698963467751505e-06,3.5771585728281453e-06,0.9999784129526933
4,0.00019673218763245571,1.5912691631918193e-05,1.2187631985971243e-06,2.6188560930415215e-05,0.9997599477966065
5,0.00548190202648458,7.218316945454195e-05,9.072952518799376e-06,0.00014128700700543966,0.9942955548445366
6,0.0003119880347077544,1.4479007406386995e-05,1.1730113419507642e-06,2.115494605343553e-05,0.9996512050004904
7,0.004342475945301658,5.638490321065315e-05,6.011712906102696e-06,5.745683984172573e-05,0.9955376705987399
8,0.024985050725543426,0.00027509103107681504,5.269145058940304e-06,5.842973432148888e-05,0.9746761593639993
9,0.013165576117792442,0.0005678659650413901,6.196057375205496e-06,0.00010815949656580637,0.9861522023632251
10,0.14113906852385041,0.0035777217649753863,1.6952494145359874e-05,0.0025007067465405357,0.8527655504704884
11,0.10840279415894093,0.002428546410282872,2.939581101815232e-05,0.009438871572824461,0.8797003920469336
12,0.19018250292529648,0.012412944034355892,2.6267573120665585e-05,0.02304871155509439,0.7743295739121325
13,0.0024788259737632407,0.0008765382703401889,5.603902936599136e-05,0.000334963266468289,0.9962536334600622
14,0.005608565217506302,0.0010789447087380252,5.2677667353804526e-05,0.001197642420978312,0.9920621699854235
15,0.046763278829146486,0.00780670334352439,0.00013140802717706693,0.003500559140558087,0.941798050659594
16,0.049834910713088466,0.011311519123151238,0.0004891872636576448,0.010104238117495206,0.9282601447826075
17,0.017711146610784143,0.009508114030198914,6.209504481998708e-05,0.008853382925139132,0.9638652613890578
18,0.017722033872090006,0.004700145250321,0.0001116165043909124,0.0011104248706782865,0.9763557795025197
19,0.08969473468965364,0.02590357033191885,5.684212933357014e-05,0.017112828400862035,0.8672320244482319
20,0.20173986150211934,0.019704522605721024,0.00013734036777707063,0.01115521195490205,0.7672630635694805
21,0.15725649676052733,0.08612687138691151,0.0002890983999466009,0.016233631984230286,0.7400939014683843
22,0.12778510101749452,0.11999535434704509,0.0003742414787552297,0.04881500701741184,0.7030302961392932
23,0.052692229992576126,0.029018173214575796,0.00047068775672995167,0.0045565623988255395,0.9132623466372926
24,0.17749264855851596,0.10038561654203855,0.0003024489993309993,0.03712817694956318,0.6846911089505513
25,0.1545315273867957,0.19665442980068587,0.0008261447394412246,0.01885209528824528,0.6291358027848319
26,0.21730231934191932,0.3183275121005101,0.0012826238590690861,0.02722425558905429,0.4358632891094472
27,0.2422115454172555,0.22720487906668405,0.0007758536032203513,0.017134307449745707,0.5126734144630944
28,0.060685463067323406,0.04071466932688251,0.0007023944924931379,0.0010105115037043835,0.8968869616095966
29,0.048503247989047475,0.060599164198972884,0.0012168656006483554,0.0016250564725932895,0.888055665738738
30,0.034035901250061916,0.011843580215534093,0.0010863544355595117,0.00022296711383827905,0.9528111969850063
31,0.012468519291487935,0.0021900093841574104,0.00024401412805149074,7.91812877954657e-05,0.9850182759085077
32,0.47383966390830623,0.10560448399885115,0.0002652105816764534,0.007011054582567059,0.41327958692859923
33,0.07214218726954484,0.06332388816989008,0.0007417052281508305,0.0018972873289030208,0.8618949320035112
34,0.056344440321013656,0.664412450109653,0.0031669377463011367,0.0020558845372842948,0.2740202872857478
35,0.1557393980560872,0.0850888423338166,0.0008376835439862666,0.00591063645337981,0.7524234396127302
36,0.0439100355094295,0.497688512176427,0.005022740877504334,0.002717709260564068,0.4506610021760751
37,0.37655861704342286,0.15172430717534757,0.0032755275190110215,0.007772844244725432,0.46066870401749305
38,0.08975405594351826,0.08085589806313564,0.0037265171991240423,0.0006199174062893721,0.8250436113879327
39,0.10737021278400254,0.43980395232772956,0.021097435580666818,0.0035123785679238182,0.42821602073967735
40,0.04180431810383264,0.035000358480767046,0.0015509228508105565,0.0008928448552392163,0.9207515557093504
41,0.07210962079776712,0.5061609322844555,0.008136551592507544,0.002973037127097709,0.4106198581981722
42,0.00888604924919381,0.011699667123530278,0.0002445077275290919,0.0005863681174724195,0.9785834077822744
43,0.020124775728670198,0.032512537667966884,0.001054049950680211,0.0013933609536445153,0.9449152756990381
44,0.015437205249505804,0.015096146292007735,0.0004731317590687132,0.00030853642539444205,0.9686849802740233
45,0.00047306626122502497,0.000264421619008602,6.34213807543469e-05,1.146319600915882e-05,0.9991876275430027
46,0.026374750141805955,0.0013838719579753584,2.3891588458056733e-05,8.301063974990676e-05,0.9721344756720107
47,0.04843406730580201,0.003513332553993593,8.068969984348718e-05,7.311721272497992e-05,0.9478987932276359
48,0.1853654202402198,0.026684055946166938,7.822513206597443e-05,0.0002944329921718442,0.7875778656893755
49,0.28040111261412703,0.13552295130922004,0.00015927725124319252,0.002189777297473434,0.5817268815279363
50,0.13721591918977544,0.3633014096324869,0.00363734448443111,0.0004033015744099194,0.4954420251188968
51,0.26427747614861774,0.25819264997367974,0.004139383259420179,0.0006312077746965887,0.4727592828435857
52,0.09538074268423574,0.838680436214448,0.006632074934553812,0.00018654331279858774,0.059120202853963834
53,0.026884376477452506,0.941311385856779,0.013774566399364432,9.905941234967388e-05,0.01793061185405416
54,0.011119697054455254,0.9568707381991364,0.025665435095978052,0.00012220198375753754,0.006221927666672651
55,0.0115774725464706,0.9695222988344657,0.013389070346858356,0.00011299891808426022,0.005398159354120934
56,0.00640131739495801,0.8298425561326367,0.14291008585778864,0.00012391258820819935,0.020722128026408333
57,0.015282568756446567,0.883145761268378,0.0935629596533445,0.00020572505554641152,0.0078029852662842986
58,0.012300400981107094,0.940893373674074,0.035217646009092454,0.00022259803495074934,0.011365981300775648
59,0.008229882277440778,0.5788725402041757,0.3954169913666561,0.000131782643622233,0.017348803508105342
60,0.007205734041768591,0.7308785934479656,0.23067533602985377,0.00018698449718661386,0.031053351983225282
61,0.020164435441672894,0.8105617553321742,0.14343588259862336,0.0002658735750532986,0.025572053052476392
62,0.007000237321213526,0.6750552374721078,0.3084380787114274,0.00017155607819558904,0.009334890417055609
63,0.004845818377310928,0.8155886710593665,0.17546325674273025,7.334427178544102e-05,0.004028909548806893
64,0.007904426757368566,0.5113178433593146,0.4657365615463681,8.704474151370531e-05,0.014954123595435007
65,0.005896386962015974,0.524587837108926,0.45784230026771566,0.00014864621055503258,0.011524829450787291
66,0.048452741104864507,0.7506718643609521,0.1268505777590601,0.0005459077815353106,0.07347890899358792
67,0.0026821444709599646,0.3178356833510882,0.6754755733861455,0.0003013313590494869,0.0037052674327568117
68,0.004577043309871575,0.19057000167366447,0.8011936823528765,0.0006341355122427359,0.00302513715134472
69,0.005075239749797685,0.3489414019149374,0.6394952083745205,0.00103473050909953,0.005453419451644915
70,0.020406968699935087,0.550841661951103,0.40315135510122896,0.0012167292121897182,0.02438328503554312
71,0.137446135822778,0.561609443470904,0.02204952499895931,0.004096649249959437,0.27479824645739925
72,0.1427517048333384,0.4460343615235802,0.04442762146039315,0.012551912942135207,0.354234399240553
73,0.1713576900675323,0.20187875275943754,0.010605424229827985,0.005035066082276913,0.6111230668609253
74,0.43603796310915277,0.204752792962652,0.0008292473163970696,0.05944628234989906,0.298933714261899
75,0.3576720962502558,0.15630951843105328,0.00040686883282255604,0.07680948376292486,0.4088020327229433
76,0.4566146389475713,0.16816837163009316,0.0003113203814971687,0.06723499320593257,0.30767067583490576
77,0.5743946892295169,0.04701442649709481,6.195602840035855e-05,0.04119181456333015,0.33733711368165775
78,0.2069195055910504,0.03210770704289087,0.0002995437060444178,0.005576957221265161,0.7550962864387492
79,0.07707144159507909,0.012638166466006372,6.721569864185982e-05,0.008398843597764733,0.9018243326425078
80,0.0012478668961796032,0.00021102016066730265,1.3545187754223488e-05,0.0001764947074489601,0.9983510730479498
81,0.031720512505327814,0.01239713578078077,8.535385520010657e-05,0.02584117497246047,0.9299558228862309
82,0.020436553985247838,0.0035801457644553674,3.965453717207909e-05,0.01282036951065407,0.9631232762024705
83,0.0012066809302711502,0.0001849526993421612,2.4808706257663165e-05,0.00011793419447414038,0.998465623469655
84,0.07884332335207205,0.002170914178457047,5.3671268031751035e-06,0.008925611259071925,0.9100547840835959
85,0.13615421830322402,0.0018532005678788177,4.076136976641701e-06,0.0032705086561585607,0.858717996335762
86,0.108338868952327,0.0016115273531985778,1.025584790978566e-05,0.0006571123771573457,0.8893822354694072
87,0.6685523698817164,0.017313631649247867,2.3586846223407625e-05,0.010291285132257586,0.30381912649055476
88,0.8385275559828852,0.024511954142599327,2.7766312480696434e-05,0.009732091957258542,0.12720063160477607
89,0.4234179684022222,0.27943041289350284,0.0008484555833062743,0.018693140019632768,0.27761002310133587
90,0.6821097920723876,0.2313914194553234,0.0008495718677060135,0.031777305815507306,0.05387191078907566
91,0.31226871653788596,0.39306438513532205,0.006172697047044807,0.005911464654467576,0.2825827366252796
92,0.12110079731943599,0.8284847931905642,0.009314585160833474,0.007866183486007953,0.03323364084315858
93,0.08355361076837696,0.8488237353557532,0.04518241454314577,0.0020292698164062224,0.020410969516317913
94,0.04892374095829624,0.9008488245206177,0.011909541027991254,0.0008603750603356124,0.03745751843275913
95,0.14345970116091683,0.839015864043907,0.006720058689493504,0.0018032434390538234,0.00900113266662887
96,0.022995687237239534,0.9509238409039003,0.019988154146499924,0.0004822404456263211,0.00561007726673389
97,0.04593813062263802,0.839393196044295,0.10112306804780596,0.0012961120843058356,0.012249493200955338
98,0.10789612290266522,0.6290960429411385,0.14013895457651274,0.0013421964843286528,0.12152668309535483
99,0.028786498174492813,0.41953555378149515,0.5286294686375785,0.0007893789148443262,0.022259100491589037
100,0.06362780546878882,0.4492950178825909,0.4482870703352611,0.0013575440833585356,0.03743256223000049
101,0.12741407884229494,0.6583710002095968,0.18609834298254607,0.001343971254681679,0.026772606710880463
102,0.3205515954807364,0.2748445082350457,0.3819169333688943,0.0008966047290174694,0.021790358186306164
103,0.07509400325726676,0.09769050885843064,0.7732369933659607,0.001530009662416412,0.05244848485592538
104,0.038357598519989974,0.707163610276164,0.24394076911362533,0.001153083055823886,0.009384939034396808
105,0.011520010868971692,0.3159626596431523,0.6593556572601621,0.0002862440855995309,0.012875428142114393
106,0.0016150474685866765,0.1445151000982418,0.8516061936010106,8.59424959941573e-05,0.002177716336166699
107,0.0019391786076835517,0.20657111504097866,0.7894894270221305,5.871348528061457e-05,0.00194156584392676
108,0.003679356203255616,0.36439594340927184,0.6297646921223689,0.000190197010944218,0.001969811254159387
109,0.004144838179417826,0.28353543555154814,0.7087255062094655,0.0003568128497859288,0.003237407209782449
110,0.002190957647159616,0.42096132247598517,0.575294049948596,0.0004104226384761334,0.0011432472897831441
111,0.0013602152675087247,0.3153763829010352,0.6819197889587838,0.00021919764425432217,0.0011244152284180303
112,0.011123506423807506,0.38899864518804833,0.591815830613376,0.00040797972375378877,0.007654038051014374
113,0.003536539550744838,0.5044022105597695,0.49064460932983456,0.00016025017210931141,0.0012563903875417763
114,0.001517798747641686,0.23731737256989552,0.7601263070123481,0.00010603755962829062,0.0009324841104865451
115,0.004151293305679904,0.31091016564303886,0.6828683066637664,0.00015867633809443893,0.0019115580494204084
116,0.001773224872396919,0.2768969172326991,0.7192285452816485,0.0001297118713536328,0.0019716007419018065
117,0.0008205903994693007,0.16826961275746105,0.8300482759814104,6.784109806093493e-05,0.00079367976359844
118,0.0013391385266553596,0.20820256351501618,0.7892838251968177,0.00010490896438459519,0.001069563797126201
119,0.0006126395601570696,0.13419426969152234,0.8646553106088903,4.061673310706737e-05,0.0004971634063231864
120,0.0012198444255178814,0.18574692800506923,0.8118230173894274,0.00015412962049387763,0.001056080559491659
121,0.0007483186333625375,0.12465880608205798,0.8735278236550627,7.216575662739622e-05,0.0009928858728894627
122,0.0008547174291675967,0.10709389432844774,0.8913088709233397,5.343340684527467e-05,0.0006890839121999782
123,0.00041911105652683996,0.07287401972517733,0.9260238886870519,3.356598530959934e-05,0.0006494145459343394
124,0.0013212157322047926,0.056766888357102196,0.9396183037511587,6.513209249088745e-05,0.0022284600670435407
125,0.0002298275688005917,0.031453248706584086,0.9675510414057241,2.3721999880233015e-05,0.0007421603190109928
126,0.00035811577864354455,0.01624596854485158,0.9825041801975697,3.9311235482001916e-05,0.0008524242434533789
127,0.02528556849881843,0.1595316968133365,0.8038546942551779,0.0003302287943598628,0.010997811638307214
128,0.0011587813449820577,0.044888448902297116,0.9520429667225002,7.28586911740961e-05,0.0018369443390465565
129,0.001020861364442986,0.04383221432053768,0.9534487393653246,9.376511368991114e-05,0.0016044198360050093
130,0.000657585346433745,0.057816805303261644,0.9404823760043864,3.129493228392611e-05,0.0010119384136340309
131,0.0005147732986302012,0.08033537084684127,0.9181256322322338,6.0837654699422544e-05,0.000963385967595471
132,0.00023652038546366507,0.039512454839338636,0.9597439765589991,1.4538894525931447e-05,0.000492509321672546
133,0.00019753277965204867,0.04694075228475727,0.9521627693741966,1.794709950002825e-05,0.00068099846189421
134,0.000159173555119451,0.02498518600524801,0.9736158021653697,1.5961606181406437e-05,0.0012238766680815558
135,0.0002129067645730671,0.017261982782786102,0.9803698593893498,5.3275940549549195e-05,0.0021019751227414857
136,0.00013847952279385454,0.022576775630502404,0.9767140261197914,1.84765330233558e-05,0.0005522421938890156
137,0.00043813295635150275,0.030272680240006955,0.9680995402290379,3.1264997443791364e-05,0.0011583815771596692
138,0.0005637649597267242,0.046062855408665275,0.951759144316765,3.099881699274502e-05,0.001583236497850206
139,0.0013244715843416068,0.2022314352204756,0.793743411840778,9.277136346491581e-05,0.002607909990939872
140,0.002613884757474912,0.07202277565104545,0.9220400463546261,8.01948610723019e-05,0.003243098375781377
141,0.0015208671284681395,0.07385481953522118,0.9224085189924417,9.733793559307149e-05,0.002118456408276014
142,0.0013763029195029827,0.07208089913355831,0.9245644838998669,3.131649668075095e-05,0.0019469975503909874
143,0.0007943941175518762,0.04270858980716321,0.9554271391149559,3.350810298158482e-05,0.0010363688573472444
144,0.001224466918899454,0.10000925054987558,0.8957233320216934,6.05872146916471e-05,0.0029823632948399333
145,0.0005574832667002135,0.042204685670835386,0.9551053456726346,3.8470942555247545e-05,0.002094014447274724
146,0.0006725789621993857,0.04518611696443842,0.9521946179125711,7.461006298517254e-05,0.0018720760978059479
147,0.10491938261803102,0.1102154069815939,0.7642165270678136,0.0002425150046083944,0.020406168327953098
148,0.002372789198153482,0.05311181894456842,0.9389188399456866,0.00013500160397772243,0.00546155030761377
149,0.0012380580830487784,0.017397466368126002,0.9778981266376302,9.22361723569053e-05,0.0033741127388382136
150,0.002173574053100288,0.06987137081933435,0.9263254005717396,4.909624044246049e-05,0.001580558315383438
151,0.0004811045365109271,0.03223675013816838,0.9661081020516353,4.3009683648474136e-05,0.0011310335900368872
152,0.0004159173198504349,0.026158437875392782,0.972418351933195,3.0249152869176662e-05,0.000977043718692587
153,0.000401837604167868,0.03651776402920215,0.9624777819914713,1.435337617695753e-05,0.0005882629989817123
154,0.00021521375216113225,0.019258817551757536,0.9799526610330571,1.991537659823835e-05,0.0005533922864259764
155,0.0005498331292841235,0.06203073622669982,0.9367540938456974,4.0132292940690654e-05,0.0006252045053778415
156,0.00027400510157503047,0.05330956953454718,0.9459154872046803,2.5387924875270634e-05,0.0004755502343221455
157,0.00023893772977476264,0.034156291832463916,0.9652287220359297,2.2643179908077114e-05,0.0003534052219237424
158,0.0031748184917702853,0.148636720772615,0.8433124589664939,0.00023777607703739866,0.004638225692083459
159,0.001797325144970353,0.02560961163436569,0.9702874791032968,0.00013822062431027566,0.002167363493056867
160,0.002102197033149262,0.026140427688482088,0.969245559065582,0.00011043535682466295,0.0024013808559621677
161,0.0009429319501117684,0.039505556149435996,0.9584641563887161,5.984844813443589e-05,0.0010275070636016782
162,0.00088998687107582,0.04337938830802527,0.9529402086122671,0.00010666411188848695,0.0026837520967432056
163,0.0006966324337416745,0.05747268494915011,0.9407976600844316,7.65750569082671e-05,0.0009564474757682869
164,0.00041717560255546764,0.07234501817414289,0.9262730346752461,6.428901538505031e-05,0.0009004825326705336
165,0.0009817028564357926,0.05297630241875478,0.9432588852083066,0.0001348403366001041,0.002648269179902729
166,0.0005904748852866077,0.030590274445538822,0.9682386099849077,6.56082103700453e-05,0.0005150324738967549
167,0.0002851344404396356,0.027046155769895334,0.9721443415772465,3.985779748740735e-05,0.000484510414931075
168,0.0011822559898781566,0.06776347057745763,0.9297074538123448,0.00010435303868592498,0.0012424665816334966
169,0.020619994251773986,0.06096931233664974,0.9120319878795271,0.0004958657295562459,0.005882839802492977
170,0.06807474206022907,0.10749179688826233,0.816302317834042,0.0003909242755297966,0.007740218941936948
171,0.004718610078397695,0.10181717995028322,0.8898843218835669,0.0003722302908004806,0.0032076577969517898
172,0.0014259569984358396,0.03178930428045056,0.9657928195988975,0.0001332899956963271,0.0008586291265197065
173,0.0014487835871025386,0.05602453585700789,0.9406144238735816,0.000159644616860176,0.0017526120654477568
174,0.0013655939136488226,0.022528615319236424,0.9719812699806857,0.00021977139086391297,0.003904749395565217
175,0.0014045959183381829,0.029016078460865867,0.967897186113954,0.00015202575157279098,0.0015301137552689412
176,0.005666849850148331,0.12957390668841895,0.8601163310366043,0.0004089100520734968,0.004234002372754814
177,0.0070587500892274595,0.1098420029274781,0.8771828594145519,0.0004010256102698171,0.00551536195847276
178,0.0021375671480924683,0.1106080663346704,0.8845943017280792,0.0004407741386830956,0.0022192906504748225
179,0.006746471935611633,0.1945559894512759,0.7930314312197209,0.0011968656408696493,0.004469241752522053
180,0.005638562274912626,0.16982148761361548,0.8141137694957666,0.005898602527643917,0.004527578088061338
181,0.054741484569361704,0.6872805317985784,0.19475592600695876,0.051642791688550474,0.011579265936550629
182,0.12369130433380919,0.7347338828356244,0.009590935083003502,0.09908127566056135,0.032902602087001596
183,0.0686332827657749,0.8061669496283973,0.07220796001861353,0.02012438573251979,0.03286742185469443
184,0.19821756999835194,0.24748048989390717,0.0012074196089227954,0.5026352930039798,0.05045922749483823
185,0.10718948230736149,0.1920730711179019,0.0001723652929692381,0.6885982342427291,0.011966847039038305
186,0.1419586329595439,0.07279033388517246,0.00011279632682882835,0.771311246826649,0.013826990001805813
187,0.36109851659318476,0.19315466567496423,0.0003885476349922592,0.411453824738866,0.03390444535799277
188,0.2546567654998611,0.1669213188327865,0.002372999541194935,0.3866416648102635,0.1894072513158939
189,0.12844584619838098,0.13597693866110067,0.00011953187614994923,0.7104652012757444,0.024992481988623937
190,0.08962674080345058,0.06711318037362721,6.764859103271607e-05,0.82834821351134,0.0148442167205494
191,0.12816558161265357,0.129548825116032,0.00027783847392137223,0.7130980436619166,0.028909711135476444
192,0.17375434816183777,0.10344634569668529,0.00020488325647982994,0.7032655631157594,0.01932885976923766
193,0.20054976401694716,0.08141929639985641,0.0011623284075875737,0.22994172973960364,0.48692688143600515
194,0.13893904924644915,0.1174781440105916,0.0005871425548883144,0.35091464826298224,0.3920810159250887
195,0.3258035623879818,0.2076744193977129,0.0001467582967719757,0.41109535523231905,0.055279904685214216
196,0.3711518437138248,0.19586648499582948,0.0001950176624721949,0.38948807050577233,0.043298583122101136
197,0.42741052733120016,0.3608156278374473,0.00037263316022464267,0.09379762263633644,0.1176035890347914
198,0.4216356946976365,0.19488917314389026,0.0006017818962710034,0.05542075021050816,0.3274526000516942
199,0.32301779298537703,0.1292023973652887,0.0027375287804079942,0.09828226618054521,0.4467600146883811
200,0.16448004701533525,0.2099226134101781,0.0028974876486818576,0.04430300181043501,0.5783968501153699
201,0.2613942885985903,0.3894449703390475,0.0051886457517196435,0.10330760920288881,0.24066448610775362
202,0.07424685439147193,0.19831614524340752,0.0010976942202535556,0.06310903267736685,0.6632302734675001
203,0.1743471399020059,0.5502247675624508,0.0038302075192774587,0.12560264947058083,0.14599523554568497
204,0.05087280122222638,0.13057254750140204,0.0005277828724903281,0.16414349763041197,0.6538833707734693
205,0.3870430732857821,0.15936655612769102,0.0005454031804476218,0.2449105045626361,0.20813446284344314
206,0.12238685434491879,0.43212853531974704,0.0031256348783028744,0.09116427439242204,0.35119470106460915
207,0.3038301415587792,0.2585646094802016,0.0005353903414395965,0.34205876683888525,0.0950110917806942
208,0.3880384260420766,0.2878277772248345,0.0034760296097606355,0.26259109602518027,0.058066671098148094
209,0.18444531505752737,0.5279004709693959,0.002946145365720904,0.24021530250695577,0.04449276610040009
210,0.15510089690674775,0.34267096555765897,0.0010133124760315282,0.4872287824134024,0.013986042646159508
211,0.2701356007312914,0.3805212140662277,0.01143648126775997,0.291849484901961,0.046057219032759916
212,0.1446670198633889,0.6496259909567048,0.01374352595331167,0.16246838206946232,0.02949508115713229
213,0.16829473217757696,0.6301866386919533,0.03654121647277781,0.15195082060144124,0.013026592056250645
214,0.16856338826339093,0.6237768011433136,0.0056080720063566535,0.1908626999703073,0.01118903861663156
215,0.18159686978774295,0.7049219472052931,0.0015086376453069237,0.09727382692828068,0.014698718433376336
216,0.06990035283877023,0.8344177542883165,0.08017532896818778,0.003083442067438024,0.012423121837287303
217,0.12394953065381635,0.8412598977729835,0.02298869119177965,0.00567199393214746,0.006129886449272902
218,0.07831689263882242,0.8573410791874075,0.052484978368978606,0.003429774005264985,0.008427275799526164
219,0.21473362941196253,0.7512087897239936,0.0027782845430165486,0.022085710804912798,0.009193585516114369
220,0.061461701689306106,0.9072314423672149,0.01670934096257132,0.011776432357775356,0.00282108262313217
221,0.19317216071714724,0.6703527321114847,0.007509057826135485,0.011492353907446875,0.11747369543778581
222,0.3075525958451177,0.44795467986242254,0.037259755318381556,0.020965674586958853,0.18626729438711934
223,0.2282305172974576,0.7061550447238173,0.006385845832845931,0.03257365070884701,0.02665494143703221
224,0.10315422507424431,0.8548007871643941,0.012578113351106975,0.012294594240963021,0.01717228016929171
225,0.11220009798035067,0.7225153681632207,0.02305143100074761,0.016024574897046003,0.12620852795863502
226,0.28884875740322147,0.6443150437751394,0.008738522487372351,0.021098378164165797,0.036999298170100975
227,0.06418151616722248,0.8762267593966387,0.039818817949192245,0.007329756836072396,0.012443149650873956
228,0.1638858765086688,0.7831947149308018,0.008556193219001341,0.007743377135796399,0.0366198382057315
229,0.04795873734156551,0.852238018064497,0.08618699503232985,0.007405121258983085,0.0062111283026245545
230,0.04951187558785229,0.9018233597716364,0.035973112050469505,0.004099341313671764,0.008592311276370179
231,0.013157165386351314,0.8758319990592223,0.10580653364824413,0.0025282243003592266,0.0026760776058230226
232,0.01375734120719602,0.9542386583204875,0.02531295452176383,0.0032972330821830985,0.0033938128683694765
233,0.01971848227033428,0.8396786016920268,0.12760468736985656,0.005203639048342646,0.007794589619439711
234,0.07325323422596774,0.8894640610385841,0.013644308436768162,0.014153371017796606,0.009485025280883266
235,0.10550513765453076,0.8595232635238389,0.013406014371696183,0.008233704317739964,0.013331880132194104
236,0.05606306229164323,0.8482630843604261,0.07831923446364229,0.0033719445727251685,0.013982674311563215
237,0.034720839773834035,0.8978264046169014,0.057972886472454285,0.003298377685430445,0.0061814914513798735
238,0.059566308388723475,0.8869873420739847,0.0437283942674116,0.00326629027260964,0.00645166499727067
239,0.14940159916677956,0.8222377392453754,0.0027577728517503026,0.016578417068155472,0.009024471667939392
240,0.1085056803829956,0.7899236054239045,0.03125261063491414,0.006018519881666552,0.06429958367651921
241,0.02316979733777493,0.9248862610363308,0.04397809062455274,0.0017457644966301761,0.006220086504711575
242,0.04653383015971409,0.8605778198307584,0.07151073560526372,0.0030181573004495104,0.01835945710381422
243,0.06403569047965484,0.9029389756797719,0.01806788533813181,0.006809741381199705,0.008147707121241894
244,0.013610430213126872,0.8057124084746956,0.1765368134865052,0.0016010415327467227,0.002539306292925639
245,0.02281527485995548,0.9368848950584655,0.03088620406300599,0.00579919809721172,0.0036144279213612455
246,0.016811150125127933,0.9415848004131208,0.0317772099751308,0.006130957998214141,0.0036958814884064098
247,0.03916527574450085,0.9224630930402998,0.02329211951385691,0.009821756319881686,0.0052577553814605014
248,0.03728137394487138,0.9077313489841791,0.044570636730286134,0.005396377942417751,0.005020262398245478
249,0.021901840801131434,0.9443427729332277,0.02684428152735747,0.0031563813766252676,0.003754723361658387
250,0.1424494772104815,0.7614146107719851,0.012744738526204275,0.024403904018352733,0.05898726947297651
251,0.07453172110284255,0.7927805902205198,0.11011845482263494,0.014749342202566754,0.007819891651436085
252,0.09020128205689742,0.8288654673842616,0.04537141775199455,0.027135609496342205,0.008426223310504273
253,0.030870082912844533,0.7510806772750637,0.1985417106522398,0.015401372214941093,0.00410615694491094
254,0.010219038381993171,0.9047029896517136,0.07572033212631232,0.006912780341831429,0.002444859498149332
255,0.012755332117448802,0.8919690701992664,0.08210242412177898,0.011018946305389243,0.0021542272561165684
256,0.19707430380327176,0.11823119706625414,0.0038412820024004935,0.022532426989893224,0.6583207901381803
257,0.5182373864957099,0.34545253300001144,0.007979407516099908,0.028672616582625703,0.09965805640555302
258,0.47564620138440616,0.4743878830997007,0.010703207470462942,0.022041105083073446,0.017221602962356555
259,0.43775529176058636,0.523124627371387,0.00942664427084923,0.008729809265091181,0.02096362733208611
260,0.2848381231861572,0.5325926943281132,0.023252600279155274,0.014359903879021425,0.14495667832755285
261,0.4071565076565855,0.4700395022623193,0.013552977967622868,0.01614179595507663,0.09310921615839571
262,0.26733558755221026,0.6551003831653323,0.015487323700317343,0.029603006319858214,0.03247369926228201
263,0.2853530832965501,0.6675264223720204,0.00808185118772124,0.02208362596929535,0.016955017174412796
264,0.2594588461595347,0.634462705917925,0.08177316925651834,0.008314271490395897,0.015991007175626213
265,0.0950205685424411,0.8292435241642845,0.06490613477240273,0.005915734437867325,0.004914038083004309
266,0.01969260582902906,0.8860779010411801,0.08687585246853102,0.0029561417803564654,0.004397498880903251
267,0.05067887990087052,0.9287061712747898,0.008421528851047397,0.008214130446631848,0.003979289526660319
268,0.0327754443950405,0.7291601871047683,0.2203289064885998,0.011938813860152614,0.005796648151438794
269,0.022182125471374995,0.9183880111010218,0.04750289026510595,0.008059086072958698,0.003867887089538706
270,0.04633373808774017,0.900758092773571,0.03547907947143428,0.014034367692576391,0.00339472197467809
271,0.019983416525314913,0.9237917587545317,0.04008606350005233,0.013677324644731094,0.0024614365753698833
272,0.017739596044868983,0.7680009902499102,0.20596286918516518,0.006182085814401166,0.0021144587056546936
273,0.010847691236583488,0.95460193159199,0.027538032742201395,0.005002150293856927,0.00201019413536817
274,0.019393268989025072,0.9271465044201971,0.04484595246486563,0.0049623130559239646,0.0036519610699881112
275,0.03246103515389501,0.6325764186648797,0.320324755857644,0.007529652130971052,0.007108138192610198
276,0.01046470977456176,0.8431154258378836,0.1422604904382466,0.0012144309471362911,0.002944943002171764
277,0.008661759450212051,0.9578533320743973,0.02975178106762329,0.0013730495841682733,0.002360077823599066
278,0.008772104710734346,0.8600569014098252,0.1270672801684763,0.0011270367878008412,0.0029766769231633935
279,0.006113557189568648,0.9334571531036461,0.05763422004641389,0.0007216377925953121,0.0020734318677759806
280,0.017841609913117576,0.7533188196123695,0.21878624564155638,0.0014875539889380712,0.008565770844018404
281,0.027901487136689627,0.900468322475675,0.06387551543202487,0.002037912123968313,0.005716762831642388
282,0.04580370177540549,0.7672963612329395,0.15840822874931523,0.0028611834029284742,0.025630524839411417
283,0.031814836598202195,0.9206296977440287,0.031924297139939155,0.0016938713786091694,0.013937297139220671
284,0.012428353966051457,0.6067884152509702,0.37462861412123544,0.001101974515504903,0.0050526421462381
285,0.04272898131506088,0.8601789322187924,0.08532281926295346,0.0032289860550784874,0.008540281148114802
286,0.0069340828697469,0.7485764813802649,0.24142600359905547,0.0010496141383631815,0.0020138180125694144
287,0.00942621988029261,0.5981966440355638,0.3823909263738433,0.0022556886272818875,0.007730521083018298
288,0.016368808298782487,0.8575278643437682,0.11958162013803825,0.002658552740931766,0.0038631544784792546
289,0.008591793839910572,0.9063138431098902,0.08123762206301229,0.00170318617917929,0.0021535548080076523
290,0.014694413361459496,0.8358883666953555,0.14362698807576224,0.0022181913539091732,0.0035720405135134833
291,0.019788192383025375,0.8391392471363602,0.13479046091332358,0.0028586307599614003,0.003423468807329295
292,0.010692788999900078,0.9281505537377033,0.05624946608756219,0.0024070100730120836,0.002500181101822446
293,0.010041049263121375,0.5898698115029338,0.3924404386461206,0.00474804134903709,0.0029006592387870976
294,0.027769361522686036,0.9297683865431011,0.03365786742182833,0.0049285901420222785,0.0038757943703621924
295,0.016122233363449097,0.7745369169871557,0.19988791754678,0.004569050639867354,0.004883881462747841
296,0.07357369964776118,0.7358594595790828,0.15135834887756877,0.013842204668821953,0.025366287226765132
297,0.011232973956403724,0.619913042195836,0.3607905897899141,0.00296177894735917,0.005101615110487217
298,0.015724259470133208,0.882673369893152,0.09724442552062774,0.0019986631105460653,0.002359282005540999
299,0.021549801874239705,0.8118026664072793,0.16137768581923864,0.002582548970870339,0.0026872969283717497
300,0.004210174816228064,0.9127266147291173,0.08076829846321382,0.0008441120049382891,0.0014507999865024722
301,0.01884033542445344,0.7907717360432741,0.1831191806829217,0.0018850647784750944,0.005383683070875839
302,0.0063402729744546065,0.7592029131382984,0.23064387644061557,0.0011712989801247772,0.0026416384665066154
303,0.008875470832698455,0.5738628382926709,0.4133856000530159,0.001169023862708889,0.0027070669589057037
304,0.00407247190293103,0.796469719406071,0.19713913797816995,0.0009753415349404928,0.0013433291778875336
305,0.010993557135268946,0.5106188381129414,0.4737267112305953,0.0014953247755075218,0.0031655687456868488
306,0.006255517405033018,0.8927002429167382,0.09846465605656159,0.0005754707781199355,0.00200411284354729
307,0.0033062958999698004,0.7700744004483407,0.22379023697317535,0.0005860554983121959,0.0022430111802019532
308,0.01121494241079533,0.7888652679177843,0.19594546984575467,0.0011889072020569483,0.0027854126236086353
309,0.008720755446414683,0.7227898582006719,0.26389492325347574,0.0016327623739407866,0.002961700725496888
310,0.04392831063714728,0.60655956165567,0.34158563659778457,0.0016716566153310612,0.006254834494067047
311,0.025841373984217014,0.7152620385890169,0.24209736124660314,0.005475876140030695,0.011323350040132244
312,0.02916031095252101,0.6421689305865038,0.30009243015883486,0.0046063039684175735,0.02397202433372274
313,0.12142440284670908,0.08670757628191321,0.009044343334961336,0.012063091179365205,0.7707605863570511
314,0.10149351189856079,0.03810314366831468,0.002997991216912887,0.005618240550846212,0.8517871126653654
315,0.8049272960298985,0.045294641308801724,0.0016948354492018196,0.007837414101649927,0.14024581311044776
316,0.4297199058900548,0.23541559732484513,0.025405195115608032,0.002900483254498263,0.3065588184149937
317,0.5965139128345285,0.3294274239489014,0.006826928354206016,0.005569740808397047,0.06166199405396705
318,0.40533001325271323,0.518574671750918,0.003957670212823276,0.01214079531497443,0.0599968494685711
319,0.24729730414210058,0.716350067675484,0.009604392603411617,0.00957884196942373,0.017169393609579867
320,0.04167479035904757,0.862470044048851,0.08036705702207735,0.009946996849801683,0.005541111720222587
321,0.05129997007571446,0.8139296639988214,0.10609870646483889,0.020781876680909573,0.007889782779715736
322,0.01662785563311044,0.9216997020888105,0.03590262429028261,0.02146310575638386,0.004306712231412773
323,0.01811815459668584,0.9311413332712359,0.026865402627543066,0.015841070716206034,0.008034038788329145
324,0.06791003897489237,0.8736512823011666,0.03393289351337963,0.016312481399511674,0.008193303811049766
325,0.05205136599834359,0.9268363022232199,0.010968460723850153,0.005797107507818111,0.004346763546768297
326,0.018294109016500925,0.8523543064513068,0.12399937092961509,0.0029097004060867535,0.0024425131964903846
327,0.02417276121809713,0.8768638829472492,0.0894722676750777,0.005739546642813096,0.003751541516762845
328,0.03312241806126541,0.9444856669887682,0.01317755451752926,0.0057872608827122885,0.003427099549724697
329,0.007930149097313197,0.7158306491295648,0.2697986217568161,0.0035680833709211854,0.002872496645384646
330,0.016232834492526233,0.9325028627304475,0.04408660098494769,0.0038323457476919184,0.0033453560443864514
331,0.015997186061254765,0.913100332101325,0.06132939848937988,0.0066541271486328605,0.0029189561994074375
332,0.007909653143778485,0.7717616897362937,0.20821643235397747,0.007085263373072499,0.005026961392877802
333,0.06071703927322389,0.875131082095815,0.034201798054984196,0.017631140668416374,0.01231893990756067
334,0.023926061648966074,0.9155376765516674,0.04307159582779575,0.003319637125697982,0.014145028845872652
335,0.2707803463725538,0.372495332122125,0.0058345958123149815,0.005132593985408771,0.3457571317075974
336,0.13499673217987196,0.8289604832375498,0.017984269773077367,0.0020987640573469227,0.015959750752153945
337,0.3229381199586568,0.6576907820649238,0.006852756282422595,0.003610354684813554,0.008907987009183204
338,0.10988133112613235,0.8505291008562536,0.034340115192587374,0.0013275164994550539,0.00392193632557174
339,0.006564927320517264,0.6409541480665344,0.34711619190013276,0.003961478593624718,0.0014032541191908116
340,0.022548194990735623,0.9060959031220781,0.037931520026871494,0.029636046108035177,0.003788335752279603
341,0.036630415639136854,0.900261214957634,0.036240747113878535,0.020842987079664692,0.006024635209685742
342,0.09820238095230921,0.8577489708155019,0.002028198884291764,0.03280137607199565,0.009219073275901293
343,0.03409931423360116,0.9338707692296474,0.022996479136265208,0.007174978834228241,0.001858458566258026
344,0.09514499165479716,0.8546543408913575,0.00876066395809493,0.03628306085326877,0.00515694264248164
345,0.026768464728294156,0.9659032288227911,0.0015379332537222346,0.004359956341871905,0.0014304168533206898
346,0.01681812150973031,0.9232876064574246,0.03405349362220876,0.023814025068487624,0.002026753342148656
347,0.04406581877492447,0.9044161482926023,0.0028928232347171577,0.04442499733545377,0.00420021236230228
348,0.023076431207406538,0.7589546768004455,0.16922944644393093,0.04180637284993228,0.006933072698284879
349,0.08089654468706779,0.65268835204661,0.003884816829455449,0.2548717735639879,0.0076585128728789255
350,0.09963864419966434,0.6113965374507039,0.030347696627888613,0.20322381860450234,0.05539330311724088
351,0.263970613337327,0.09553374618018648,0.0002064121194207112,0.5423655275987873,0.09792370076427849
352,0.13562303797918449,0.06788183751497548,0.0014587471815828415,0.2757693659625964,0.5192670113616609
353,0.5076096076446726,0.07225280626951906,9.583387601451607e-05,0.29648739667342544,0.12355435553636837
354,0.3769855952582147,0.07252589773718746,0.00011013508536736415,0.487173749093126,0.06320462282610458
355,0.2162945481417113,0.05157621814744474,0.00011950922634021434,0.6759486071397535,0.056061117344750104
356,0.3927033517968399,0.11305838549229898,0.0003827104536781337,0.400112137515852,0.09374341474133088
357,0.2733768849521851,0.07073156150934913,0.00012260668833136813,0.47843251463651326,0.17733643221362116
358,0.3898437402270072,0.06529586398724552,0.00021934597329920734,0.4595805154468521,0.08506053436559599
359,0.448589216267976,0.03436636332751861,0.0003188720130675871,0.40779906975172625,0.10892647863971154
360,0.010868999638676114,0.001796254345402273,0.00014534258409117562,0.016921110564977204,0.9702682928668532
361,0.16524806450703608,0.0049544426354802594,3.11910199767093e-05,0.08057091571237666,0.7491953861251303
362,0.3794555061787346,0.006156417275282708,3.605464821601764e-05,0.09116590815423437,0.5231861137435323
363,0.1808467092861355,0.03491101024070265,0.0005917630250422049,0.06824618624202722,0.7154043312060924
364,0.5963315245780276,0.015941694847223697,4.5905938444487255e-05,0.18753261308838398,0.20014826154792023
365,0.49141089583946235,0.01862072245379904,4.655256650058374e-05,0.37500058568978717,0.11492124345045084
366,0.2554547874185195,0.04112105129293713,8.130696649714474e-05,0.6100962789826058,0.09324657533944049
367,0.1433843776763057,0.05483357983981727,0.0002928969731710677,0.7262151455387128,0.07527399997199308
368,0.04122245507424404,0.020054847071705562,5.74680631231543e-05,0.7627563260472016,0.17590890374372564
369,0.03984986544186735,0.004596147869935259,5.308665382054967e-05,0.19633208672487215,0.7591688133095047
370,0.21191562141395845,0.02417722232924334,7.850518808322427e-05,0.6477352686841042,0.11609338238461062
371,0.3103049018740747,0.025882123267250035,0.00013471497255301279,0.5405592143590893,0.12311904552703304
372,0.2463925247437905,0.03854310105578746,0.00019538801499044937,0.5221559189907421,0.19271306719468947
373,0.14740092410002062,0.07903661716301912,0.00017793451162475247,0.7025529321942083,0.07083159203112703
374,0.1728767510365417,0.16075711850289084,0.00019560099977166792,0.5818749268505378,0.08429560261025806
375,0.29441832222868847,0.04282957603884335,0.0001641979301673472,0.5951694683277615,0.06741843547453924
