epoch,N1,N2,N3,R,W
0,0.00016672559532596154,8.598566644770189e-05,2.0097041200787788e-05,9.093386789544739e-15,0.9997271916970165
1,0.0018937905510332093,0.0002576652435538212,3.7606216790327247e-06,3.837237263125113e-05,0.9978064112111027
2,0.003525395340817713,0.0005431733005568018,7.810751890951032e-05,6.455806102709686e-05,0.9957887657786889
3,0.0006214648712667051,0.00012719038591696408,2.8423246117404287e-05,0.0001996034769841824,0.9990233180197147
4,0.00396060086744234,0.0004699951031936292,9.702955269854483e-05,0.0014994857608382002,0.9939728887158272
5,0.007525509295735875,0.00014864175314698407,2.159532989289713e-05,4.4823720710449613e-05,0.9922594299005139
6,0.007499707120324139,0.0006610668055636354,2.439197824503899e-05,0.0006116308827023851,0.9912032032131649
7,0.010284990938022077,0.0012040141630488986,3.606334083991709e-05,0.0002773525459383548,0.9881975790121508
8,0.11952169106315634,0.0023411228144621823,2.9149631703109697e-05,0.001527851133734206,0.8765801853569442
9,0.06426589475726804,0.0031432745615486805,1.5002965034276297e-05,0.00048398454343053264,0.9320918431727184
10,0.009138932844694992,0.002228232531359463,0.00040638208194035955,0.000601922393643088,0.987624530148362
11,0.1263885856684276,0.0027579040549623314,0.00013812415402796426,0.0006092338831441096,0.8701061522394379
12,0.02177540140826703,0.00179460398699786,3.717512870545703e-05,0.0005825607466741598,0.9758102587293555
13,0.003879789626909047,0.00020456827524954963,8.371919747492566e-05,0.00010868334895259974,0.9957232395514138
14,0.7251769610521354,0.0004544465519247099,1.0119210288218893e-05,0.0006109366902926188,0.273747536495359
15,0.04837724013299997,0.0014383309790735057,0.00019638605171988938,0.0003213164295393288,0.9496667264066674
16,0.00915587810460989,0.0005553743260765038,0.0001166758882575347,9.565036147886566e-05,0.9900764213195772
17,0.009298484368979017,0.0010122718014703095,1.0103030424624098e-05,0.00011193308101961605,0.9895672077181066
18,0.055153788954277576,0.0014917084596584615,5.7987894683054725e-05,0.0010042923284171133,0.9422922223629638
19,0.2744560279398951,0.010098228818708655,0.00024865385691308703,0.001341103347047489,0.7138559860374356
20,0.3471399952866721,0.01876063449140834,0.0005335547903621865,0.0021375140776848794,0.6314283013538725
21,0.2220136508432898,0.16367660693496372,0.003185218783243784,0.011620831967302927,0.5995036914711996
22,0.2474802302267181,0.08936413305204323,0.007757547256374465,0.030845033748152114,0.624553055716712
23,0.12189011542351232,0.051059190188416016,0.009954627894941328,0.02034300193520524,0.7967530645579252
24,0.10883738187979239,0.20699784435142246,0.005494653200869793,0.03757842794438571,0.6410916926235296
25,0.0450430093289519,0.08648346976571153,0.0054309857587467895,0.011032689637727333,0.8520098455088624
26,0.02099569224410031,0.01318265464965135,0.00020344190613365566,0.005630185879075654,0.9599880253210391
27,0.16730802469047168,0.05991677019863501,0.0009415736927356498,0.005582276222061419,0.7662513551960962
28,0.34514029466079577,0.32550561674996115,0.006383397281095444,0.003229560173667536,0.3197411311344801
29,0.13473863236906963,0.10056710579287172,0.0016874140601732576,0.002466296077538441,0.760540551700347
30,0.3183102590083257,0.2586591745962068,0.003780464311158796,0.011525081783543303,0.4077250203007654
31,0.08761158187228708,0.0782199892580954,0.008366774032506614,0.00207449961468611,0.8237271552224248
32,0.1275818928936297,0.36698606523657534,0.03965616549758574,0.008444617550130644,0.45733125882207865
33,0.18673765452155516,0.2668323595689911,0.025107629866186646,0.008471099135278692,0.5128512569079883
34,0.07751089390579176,0.12523323535743644,0.053369403314890713,0.005424632068727038,0.738461835353154
35,0.15832520844054124,0.5012684268312932,0.08096838765765052,0.0042793085102938964,0.25515866856022096
36,0.08913024406345768,0.47859101328329506,0.16783395788802205,0.00198988162103117,0.262454903144194
37,0.0037232571299704305,0.001891234365629168,0.0001332986875731778,3.7189416111452104e-05,0.9942150204007159
38,0.09347845049735475,0.009647573822017723,0.002467222471503618,0.000580235661191841,0.8938265175479321
39,0.24328410171281234,0.06326903511840101,0.0004617665694478927,0.0015398464129473815,0.6914452501863912
40,0.21063128963264668,0.02809899896679325,0.0008756016297109518,0.0006235390538219124,0.7597705707170272
41,0.31626830715952053,0.15185353181627065,0.017330745142522343,0.0014121711253226848,0.5131352447563639
42,0.1487579867887976,0.09671348228666861,0.007284747959954347,0.002285701385142106,0.7449580815794373
43,0.20991305644345326,0.558803902125427,0.0487525732409885,0.002750912145409506,0.17977955604472176
44,0.04610389296298589,0.8267643459074105,0.022231506891459623,0.0037743661513638276,0.10112588808678025
45,0.04310254099734507,0.7884569149340906,0.07273908502772852,0.0020621644118392303,0.09363929462899655
46,0.060860277132356845,0.3069192607512776,0.09870442762266048,0.0027697676065498444,0.5307462668871551
47,0.024505279584845933,0.5887638324815045,0.31256688000662314,0.0007749783078237051,0.07338902961920273
48,0.0259781973789571,0.6930082566512098,0.22948387241582807,0.0006141762381472576,0.050915497315857774
49,0.05225450460461956,0.6193118207366217,0.29798199604575876,0.000585353676351183,0.029866324936648637
50,0.0029697355338531447,0.40106752373381666,0.593173743326393,7.357149494632575e-05,0.0027154259109907933
51,0.002584032834665422,0.3374782160840035,0.6556200747373708,0.00013011639045180836,0.004187559953508603
52,0.0015920342241322006,0.23241590879118262,0.7635730626857302,6.137413048733003e-05,0.0023576201684674327
53,0.024170011021453455,0.2006999081577842,0.7695940000459424,0.0002483211968685188,0.005287759577951588
54,0.005032898824967475,0.2937696944400609,0.6962581408203219,0.00017670836898767264,0.004762557545662189
55,0.003266460849947623,0.13446200838168873,0.8594726472660703,0.00013097428033925564,0.0026679092219541716
56,0.001350059026857582,0.12888708660968146,0.8679704518105826,3.902639281981741e-05,0.0017533761600586545
57,0.0014994107858532578,0.06423915383871065,0.9318587083569861,6.488319444065984e-05,0.002337843824009271
58,0.0032663175262101626,0.136924587036862,0.8566216002713575,8.072727090247812e-05,0.003106767894667981
59,0.0030159917979649545,0.11625476692747187,0.8781550315963852,7.35539633537767e-05,0.0025006557148243413
60,0.003174726817652844,0.07107506862956517,0.9216825421485135,7.986698116297027e-05,0.003987795423105455
61,0.0007786413566372967,0.06085075752624524,0.9351892748016377,4.592577573775651e-05,0.0031354005397421503
62,0.007709615908625364,0.10782978763276291,0.8801967143585546,7.335333040500837e-05,0.004190528769651974
63,0.0017428407030087073,0.04664726745856389,0.9491370506913247,4.5940815394834556e-05,0.0024269003317079346
64,0.003856006715422693,0.06881518135089619,0.9251289828451211,6.470257523058352e-05,0.0021351265133293077
65,0.0030374082578241614,0.11351994894343072,0.8805922665569896,8.03664200834086e-05,0.002770009821671981
66,0.005302871450389348,0.07472287000091943,0.9177730614368708,9.440960112005111e-05,0.0021067875107003667
67,0.0005012853888342031,0.04524179802951279,0.9533318899474401,3.985476634695841e-05,0.0008851718678657355
68,0.002259821523906143,0.07349362793713866,0.9225270309079788,5.7205523654538235e-05,0.0016623141073217726
69,0.0005128219496029,0.027754956932535754,0.9708330834154449,2.399560700013224e-05,0.0008751420954164042
70,0.0044306019775950875,0.07264540125441175,0.920660056538886,7.07340590977678e-05,0.0021932061700094285
71,0.0003360013835161821,0.022371599812400028,0.9765428466492725,1.8773274298932802e-05,0.0007307788805123018
72,0.0009741049401187404,0.02375085932039006,0.9740247016404179,2.862245934218314e-05,0.0012217116397311538
73,0.0014341219541253762,0.03364260781265332,0.9629053808385235,5.415916813839843e-05,0.0019637302265593107
74,0.0005108295671306005,0.019726596754902997,0.9790108339638186,1.9327892143245204e-05,0.0007324118220045529
75,0.00025963604852728906,0.015014672322807196,0.9833396680635554,3.328088147088803e-05,0.00135274268363922
76,0.0005088203305961025,0.04265487240077397,0.9553949753252103,4.916675956174801e-05,0.001392165183857804
77,0.001737764532462875,0.03793785039698385,0.957984552750881,0.0001677952644635978,0.0021720370552086444
78,0.010447600155314688,0.20231436787754303,0.7774682411768294,0.0006507959951332997,0.009118994795179568
79,0.0022435269729981656,0.06546522692107014,0.9296732281571696,0.0003002289497852659,0.002317788998976862
80,0.017994917229929387,0.1341561874730406,0.17857872539945527,0.0004700211395094399,0.6688001487580654
81,0.01339733765718405,0.012436385229981622,0.0030623755611960376,0.00011057659110318398,0.9709933249605351
82,0.21807561223387953,0.3149349634610755,0.02951926074028367,0.0018232836298481196,0.43564687993491313
83,0.325011219399252,0.3699873732000786,0.012025668971408245,0.000413042461903882,0.29256269596735734
84,0.10370900941433056,0.6873780199892368,0.16551741870921188,0.0005708125861920315,0.04282473930102876
85,0.04223554683143774,0.8240233774198265,0.1134159694581569,0.0020156655276488407,0.018309440762930305
86,0.01936573522748053,0.6918474503136983,0.280058988558622,0.002503633223983871,0.006224192676215339
87,0.011621387048914467,0.41529853427138547,0.5673235485070187,0.0010124355629412634,0.004744094609739925
88,0.010839178325062763,0.35624973016635353,0.6263157327465128,0.0011014553084648946,0.005493903453606107
89,0.004272231883057291,0.446617028177696,0.5470044952476549,0.0005183883344429069,0.00158785635714883
90,0.004017276479520596,0.3094951166303617,0.6850398864902396,0.0001915153708353075,0.0012562050290427092
91,0.0027041083969395656,0.20983920103171771,0.7861202707442329,0.00024180160299993382,0.0010946182241100206
92,0.0014062686412118011,0.17870381054323164,0.8184489375144236,0.00012723222083155223,0.001313751080301368
93,0.0019433000299153556,0.19445712517307714,0.8023468759766936,0.00022951252853789836,0.0010231862917758185
94,0.0011781967603866936,0.13538280358310004,0.8617122337564355,0.0003013720532384423,0.001425393846839255
95,0.0011971741392836548,0.11619199554601595,0.8807858382231454,0.0002623693521696239,0.0015626227393854269
96,0.0009947120528126005,0.10361125528092582,0.8932288195085747,0.00021513355567627827,0.0019500796020105813
97,0.001000455849262669,0.1247040420835349,0.8732845290284098,0.00023520400389009065,0.0007757690349026351
98,0.0011026061899296275,0.1271056866228272,0.8707815194627829,0.00021487713046084382,0.0007953105939992771
99,0.0010144832781218919,0.12296991273083935,0.8749945189091187,0.00019711304838576665,0.0008239720335343161
100,0.0015886561741561115,0.06843140729672674,0.929023028728491,0.00015061963939315344,0.0008062881612330575
101,0.0022737074298826744,0.10362677517481508,0.8933340561465307,0.00017702326040422187,0.0005884379883672005
102,0.001222349338892844,0.05079756398809992,0.9467233842540037,0.00041542729636157233,0.0008412751226419822
103,0.0009361358851061058,0.06344827097422173,0.9350086274165759,0.00016090087494531678,0.00044606484915095753
104,0.0014641644505367902,0.06619527109304242,0.931786976222185,0.00018737237899483532,0.00036621585524098565
105,0.0007937361716294104,0.056641188651219726,0.9420678945662806,0.00015029100390305525,0.0003468896069673651
106,0.0005277010462401875,0.05656601003712884,0.9418903373638593,0.00023448215549081315,0.0007814693972807043
107,0.00041463287871149247,0.0631982727630726,0.9360114163723685,8.71677434284961e-05,0.0002885102424187347
108,0.0005336399042684869,0.06799657598249312,0.9311546935551851,8.284501693687876e-05,0.00023224554111635036
109,0.0004153929774523649,0.10045833787334586,0.898226475325038,0.0001862724152182335,0.0007135214089455639
110,0.00033018704228316565,0.04338284322642132,0.9559159526209327,8.525555785207693e-05,0.000285761552510699
111,0.0007535803140257251,0.07520172090865775,0.923362163321908,0.00014352435074737585,0.0005390111046611124
112,0.000281164253501943,0.03584427111239372,0.9633411072473789,0.00010005741142248355,0.00043339997530299516
113,0.0008784362972298348,0.04620614310904163,0.9504119104924691,0.0002683638833976119,0.0022351462178617884
114,0.0009418897839989822,0.04868791337241932,0.9494157738743305,0.00017319497238883942,0.0007812279968622005
115,0.0003657013217819807,0.06920050750481174,0.9292968639722206,0.00027808117729031287,0.000858846023895384
116,0.0003486977095193666,0.03493517489596351,0.9641980838608745,0.00012293347818364387,0.0003951100554588955
117,0.00036920364771135143,0.03773323940498415,0.9614381107046985,7.64280549524596e-05,0.0003830181876536028
118,0.0003878774002917518,0.04003573298951504,0.9592527770354806,6.05614167919236e-05,0.00026305115792060496
119,0.0005930186586979423,0.046064699842681016,0.9526225906676932,0.0001584695742017515,0.0005612212567260469
120,0.00033463728341402325,0.05953958088957508,0.9396799257192965,7.841908390415555e-05,0.0003674370238104036
121,0.0003089244306545058,0.05260104217503248,0.9467076977129643,6.0677344791699696e-05,0.00032165833655705886
122,0.0008447922557983474,0.0701253275719328,0.9283122968308524,0.00013454500565403718,0.000583038335762342
123,0.0008168908905577347,0.08548027105971732,0.9129384377255049,0.0002787352306023438,0.0004856650936178065
124,0.0018706859061270065,0.08049882205995101,0.915846388425749,0.00047225088601221695,0.0013118527221608267
125,0.007835205405035465,0.18777560308880487,0.7908245765972858,0.00156011613631748,0.012004498772556304
126,0.003914502412906227,0.008792374968036528,0.009202997897720245,0.0005927954808857065,0.9774973292404512
127,0.2678009892048651,0.44088527156074453,0.06962877915290674,0.025066330013436253,0.19661863006804745
128,0.26018350593123224,0.45694904040653955,0.11957903737527245,0.010572889752763957,0.15271552653419188
129,0.47328718926921887,0.41856129254292185,0.041617070895467546,0.007824561462555574,0.05870988582983618
130,0.10699271004531323,0.5712751537789249,0.03700239936793939,0.037923302180148444,0.2468064346276741
131,0.22306573142009317,0.4526958901810084,0.10699561952255479,0.07152919311152425,0.14571356576481936
132,0.23288024593479326,0.4442494784335187,0.018903197944031072,0.06274512160229902,0.24122195608535787
133,0.04902074813685124,0.012042842262476088,0.0008072415668747755,0.0030916556535777293,0.9350375123802201
134,0.3248216817993577,0.5482480421032735,0.026868498869138197,0.03514059937291769,0.06492117785531286
135,0.5648664287110993,0.25854225722415297,0.003743843328421046,0.03209959436583236,0.14074787637049443
136,0.37615980096712315,0.20324677209948483,0.005778010991119617,0.021207902509706944,0.3936075134325653
137,0.45939997584898296,0.14189455951815913,0.0035562334060298007,0.037639694676099934,0.3575095365507282
138,0.487982229704127,0.3174345669481175,0.011676543304552232,0.03231453200592555,0.15059212803727778
139,0.34307742927793256,0.301669841291143,0.015289743481490934,0.04091688617483048,0.299046099774603
140,0.361536131739078,0.4996705927802786,0.019242951835195497,0.036591870277115655,0.0829584533683323
141,0.2987196510111629,0.5550382528050201,0.019859367996324075,0.06163631298782925,0.06474641519966354
142,0.38368447404863476,0.3592373222706476,0.02157829498920578,0.055597030225714786,0.17990287846579708
143,0.3485313175556182,0.549183746833463,0.010071618577280433,0.020251301976703308,0.07196201505693513
144,0.03540001062843408,0.019615602124418242,0.00015308491088930674,0.010070557090391896,0.9347607452458664
145,0.1770908774257551,0.15123642092500958,0.0011952174475577356,0.020143998335797327,0.6503334858658804
146,0.5358792138823475,0.0662365525258289,0.0013909203510466732,0.011278874589336439,0.38521443865144045
147,0.44372635692323453,0.4264175936244187,0.00545822263335519,0.017625395929231187,0.10677243088976025
148,0.28104890707595415,0.16902269801095196,0.0027353248236900237,0.032865037465884574,0.5143280326235192
149,0.08180219759947951,0.5190190969806552,0.02150256815202104,0.05871357906961662,0.31896255819822755
150,0.46977495026939103,0.27834606292237773,0.00396219763499137,0.04646163541386832,0.20145515375937162
151,0.16785141574129772,0.7148234951597566,0.006697183688296857,0.05585671899583723,0.05477118641481157
152,0.17002607905611802,0.5817579329083895,0.010533215566647144,0.0736001682496589,0.16408260421918633
153,0.024367459169707242,0.0749418938661122,0.007165013190897159,0.00767831779313921,0.8858473159801441
154,0.04858537643588069,0.015517376695010405,0.0002801555149848665,0.0038221862850618955,0.931794905069062
155,0.3558939810328038,0.07954763740860728,0.000617184759331977,0.01725282839979875,0.5466883683994582
156,0.39293559886469365,0.1380723172206603,0.0035784845066702464,0.008439494007261123,0.45697410540071487
157,0.4316001249556048,0.1457744618730411,0.0007925132102591712,0.01552983221527676,0.40630306774581815
158,0.12119459383931776,0.7963987618306753,0.019504835349964337,0.010677077355014747,0.05222473162502784
159,0.24072867924762287,0.30815125129364734,0.005740035988395077,0.010726141257233137,0.4346538922131015
160,0.09075470418375112,0.7780912184066345,0.031599484205534475,0.008848372779839579,0.0907062204242403
161,0.07394135528195965,0.8488365633425929,0.04507360942181273,0.0018674925981423856,0.030280979355492253
162,0.23376451187202266,0.4823384660642358,0.012461833425910505,0.0076251014474789745,0.26381008719035215
163,0.06491030215039645,0.8078238874978197,0.09812371072565976,0.002791264586280983,0.026350835039843312
164,0.010301829761635323,0.02482552304441719,0.0019791714459517504,0.0005038092708773997,0.9623896664771184
165,0.06703200749167984,0.05452948879558935,0.0010199187102469924,0.004343832149025508,0.8730747528534583
166,0.07852767428943892,0.11783197750318898,0.0089648898384363,0.0051990609415708145,0.789476397427365
167,0.05436161861076228,0.20538436619393516,0.013754273318244288,0.0029137960482274283,0.7235859458288307
168,0.014518957380203862,0.004597145862762449,0.0005090515162069096,0.0022431721184173843,0.9781316731224095
169,0.01584258300853942,0.006101461469160523,0.00024379765949113667,0.0035597578430019315,0.9742524000198071
170,0.27931788192676127,0.02593245828206403,0.0006249641358466757,0.21306794490298991,0.48105675075233817
171,0.015008594414240167,0.0057407001386884805,0.0015601966601354533,0.0054811862472429135,0.972209322539693
172,0.008866227642381336,0.000963311550174463,0.0002045499421916644,0.003793767713699141,0.9861721431515534
173,0.08328630831562904,0.004621615828750368,7.783011871248889e-05,0.1363270028454438,0.7756872428914644
174,0.05917728260100133,0.007710965184289107,0.0003814079663448135,0.019782480472400207,0.9129478637759646
175,0.0343500382010414,0.005933302377123143,0.001001867778644545,0.00600461943267821,0.9527101722105128
176,0.1402734936792949,0.02079925022897296,0.00017771161276930862,0.06708749311158999,0.7716620513673729
177,0.1861451183114008,0.04451151345058505,0.0003443304057187437,0.04507921942791159,0.7239198184043839
178,0.34557550049867114,0.07459397896977836,0.0002569868343664545,0.11969211174897489,0.45988142194820925
179,0.07639532671029949,0.043192398319480026,0.001485583787573384,0.005359217287377357,0.8735674738952699
180,0.3294061716604287,0.045350902257612055,0.0005491613349636103,0.027998551224689732,0.5966952135223059
181,0.13318854083121157,0.6139073970058647,0.012257201599257951,0.013455774148855688,0.2271910864148102
182,0.00978213740255909,0.0041441771703538965,3.245068994629158e-05,0.0009752373467107601,0.9850659973904299
183,0.2582250645616901,0.1729649557958511,0.0019363053636107343,0.11209296430641592,0.4547807099724321
184,0.06843858372916903,0.25920833116672354,0.0019101465355187647,0.021207710664638613,0.64923522790395
185,0.2892394857003173,0.15052956003086507,0.001376109242770702,0.03954528075812388,0.5193095642679231
186,0.15882819760027525,0.07415904479034519,0.0003653039653122593,0.014341922405298515,0.7523055312387689
187,0.4026799338127692,0.0832307434044852,0.0032493038162023052,0.013616840576978989,0.49722317838956437
188,0.1987120551872573,0.1787429509143116,0.016022964173015984,0.06392351068559746,0.5425985190398177
189,0.2468770418642495,0.19324342591052648,0.008762271233388604,0.06734672197383078,0.4837705390180045
190,0.05121241670759445,0.03619013747216359,0.001455445996884621,0.014850718551554709,0.8962912812718026
191,0.015837262795775277,0.00982997709112258,0.00021942481528491723,0.0013651133500770989,0.9727482219477401
192,0.03986516084815602,0.014969483048880818,0.0006644743392017704,0.0033573920378740857,0.9411434897258873
193,0.11550475980914596,0.020754580553345732,0.0007713455316947886,0.0033444349087016975,0.8596248791971117
194,0.10358798002367392,0.03914565122200292,0.004519035213066708,0.011523049560509398,0.8412242839807471
195,0.1719720760435753,0.053842059965312404,0.00135518710259048,0.01749992048405771,0.755330756404464
196,0.10369890448135245,0.07977760267436897,0.0010962849484630391,0.015824200447854243,0.7996030074479613
197,0.22931705509193462,0.14723685278257942,0.002045645873200628,0.036845385540520144,0.5845550607117651
198,0.01668419306234683,0.013814232995011702,0.0005632886775160241,0.0019519279807029182,0.9669863572844226
199,0.10501104553036564,0.024066341092742943,0.00020934195828180925,0.011577230829273045,0.8591360405893366
200,0.32931001983766106,0.052397571601833594,0.004876259588188287,0.045571171074448344,0.5678449778978687
201,0.10025781419994599,0.0340667633553658,9.167346234897126e-05,0.034465610689781184,0.8311181382925581
202,0.20397070640390305,0.04182386243127469,0.00046482364842963204,0.09680099993948255,0.6569396075769101
203,0.17221603626349388,0.12412726259644337,0.002937473759012828,0.07464842193123544,0.6260708054498145
204,0.1019221680423738,0.02928668287725949,0.0005167947240696428,0.08076268054446063,0.7875116738118364
205,0.05159678893204072,0.014608542362890133,3.0999047395136785e-05,0.18111865935247723,0.7526450103051968
206,0.06968208856313983,0.008908139434349018,3.248621337391291e-05,0.08618704295342196,0.8351902428357152
207,0.11762307779162799,0.00841965233890991,5.437304197404438e-05,0.08698505438871139,0.7869178424387767
208,0.13092191487125587,0.007723306513440017,2.9158537567831406e-05,0.04237836024475228,0.8189472598329841
209,0.4524004158425376,0.012638861277000093,6.682012116955788e-05,0.3423435827230871,0.19255032003620579
210,0.1379555206249642,0.025687467984229065,8.460925497810334e-05,0.5505216746887447,0.28575072744708396
211,0.1527267760615541,0.05031804940405301,0.0001800160635621373,0.4857889824712193,0.3109861759996113
212,0.27184616182553406,0.054947209331726976,8.428492299552625e-05,0.38784959011045034,0.28527275380929307
213,0.2538252620583621,0.01003137981040779,0.00022029908453987347,0.11154302628664475,0.6243800327600455
214,0.23813141167349391,0.0059305175035339,0.00031606531261662874,0.3945102718785311,0.3611117336318244
215,0.3017607815643758,0.008606070334555738,8.56785567453639e-05,0.5805962283484157,0.1089512411959074
216,0.43847795222261093,0.013652901965522268,0.00010391498091459122,0.360877886409973,0.1868873444209793
217,0.08217293175795147,0.013627110460453628,5.7964343877880546e-05,0.7843256972941921,0.11981629614352483
218,0.1538456920300923,0.02934098704498279,0.00010996809289633784,0.2967795960784031,0.5199237567536255
219,0.15856428680333856,0.0586288701770692,2.47841090136907e-05,0.6888353606257336,0.09394669828484487
220,0.3581405013119816,0.11789026114316185,0.00010039318604907805,0.3725416837038825,0.15132716065492505
221,0.19132498292692762,0.18493966370552556,6.947329428797741e-05,0.4644676823006383,0.15919819777262065
222,0.2665189706229286,0.07803680352553209,3.729145935724611e-05,0.5477681109290352,0.10763882346314683
223,0.3310588037580097,0.09115951787374954,0.0007813626726097231,0.4840137391155454,0.09298657658008565
224,0.28697595355910105,0.08673235614141672,0.0010124567121201583,0.49964242721494273,0.12563680637241936
225,0.09508701147930906,0.07402271432972235,0.0011078171289927812,0.6946030351359295,0.13517942192604632
226,0.12440656158079647,0.05127037544736077,0.0010276687020656637,0.6656902932373607,0.1576051010324163
227,0.07754186873321756,0.06906366971105013,0.00028640092069660394,0.7446075630399592,0.10850049759507653
228,0.08876683571918167,0.04125757798264199,6.280422669601117e-05,0.4813863462689179,0.38852643580256235
229,0.1271313944366232,0.03291108423006679,6.114529990520711e-05,0.48253898797003314,0.3573573880633716
230,0.1686725838154716,0.015570689741803326,3.513885671179332e-05,0.3459555370567771,0.4697660505292361
231,0.14389487996974099,0.018438875409242755,2.1417706267875497e-05,0.11950989019285423,0.7181349367218941
232,0.05006481150921979,0.007368070153204988,4.214809890983414e-05,0.021624416721951853,0.9209005535167136
233,0.021638735640279756,0.002664748384876644,3.532704811191833e-05,0.03827494694466732,0.9373862419820643
234,0.21734805170993982,0.011148126914721092,9.036985624569413e-05,0.06621306227832034,0.7052003892407731
235,0.09574433770725783,0.008851835766262632,7.508329057883881e-05,0.4093647302907226,0.48596401294517805
236,0.028593060170651198,0.005615452025690736,0.00016753109234363603,0.03300241601448947,0.9326215406968249
237,0.013232461701540046,0.003929313922108876,0.0001183282278124016,0.006980135500815394,0.9757397606477233
238,0.014222937431059719,0.00667820809417157,0.00018716454803018577,0.006465565549549726,0.9724461243771887
239,0.00938087339486573,0.005925886691897934,7.950653689627257e-05,0.002622722103771224,0.9819910112725687
240,0.030979379615879078,0.003853199279288488,0.000268787075388448,0.007482862550726635,0.9574157714787174
241,0.01591921688605573,0.005634126605750041,0.0009717153595237606,0.005692015531627974,0.9717829256170425
242,0.008184588254959841,0.002727499881502381,0.0026813162068687908,0.003179867455880105,0.9832267282007888
243,0.0880397922152689,0.0038229333543900756,2.7861709473808725e-05,0.023155041009799874,0.8849543717110674
244,0.015968199937992457,0.00311038677305656,8.952417607235494e-05,0.005293893291936277,0.9755379958209422
245,0.011595405241244987,0.002680375998166211,0.00020026411357006857,0.00484157004666851,0.9806823846003502
246,0.028818037651813656,0.006936117084536724,5.197257431719456e-05,0.02302690101768089,0.9411669716716516
247,0.3543649174835747,0.018967330156634182,8.505323496399676e-05,0.06856670804492192,0.5580159910799052
248,0.08647936031091064,0.014670941411432275,4.242990051607704e-05,0.02559073890559323,0.8732165294715477
249,0.11591309683958947,0.01920937696174556,3.6498920336442285e-05,0.04776378882634511,0.8170772384519833
250,0.1248565862083547,0.033972740701087245,9.781821534683462e-05,0.1522691199512941,0.688803734923917
251,0.3028482592579866,0.022294288740788936,9.939138848383089e-05,0.13640590378735684,0.5383521568253837
252,0.3508319164752502,0.028418295602814267,0.00023195226618457406,0.3763192245319876,0.2441986111237634
253,0.4566411211939154,0.017745042614877655,0.00021103269398421257,0.13944583123859908,0.38595697225862363
254,0.34296188589899435,0.03874407582951671,0.0004932880740206898,0.27760246039700465,0.3401982898004636
255,0.38331697408469306,0.09835840118095042,0.001155464531165957,0.28557140862924957,0.23159775157394097
256,0.2709752565332462,0.33777555979984397,0.0010375916030182948,0.23943784642472676,0.15077374563916474
257,0.27639699480064606,0.06067562047441066,0.0008838601308350274,0.3951880438335262,0.2668554807605822
258,0.3119689691197955,0.36253614006697404,0.0018206227937180544,0.25276207170853376,0.07091219631097871
259,0.200713141832617,0.6178668729509698,0.001526239856771495,0.13648511167177846,0.04340863368786345
260,0.10350638790198972,0.75144493720194,0.006539273001281725,0.09745795364438099,0.041051448250407595
261,0.1661257111263017,0.6496665647830343,0.008852751764124181,0.09852957192807353,0.0768254003984664
262,0.22319308815197964,0.09132471824673073,0.0009003295982114881,0.1557569590721103,0.5288249049309678
263,0.1592991060916305,0.02272880912561247,0.00017216755469634125,0.04468086217471656,0.773119055053344
264,0.5349332636723552,0.31841667193691925,0.0033906349436551623,0.028200281712811713,0.11505914773425867
265,0.3235810590256607,0.5644180720561525,0.006016072474169969,0.008941522721260087,0.09704327372275681
266,0.3807274506229231,0.20638318115016632,0.0018105663542291616,0.029768086718214345,0.38131071515446713
267,0.21106375103071742,0.2108927643414296,0.008688776000689407,0.037426084407291796,0.5319286242198717
268,0.3242294285142417,0.6002862978597574,0.04534331605367811,0.009633599762092066,0.02050735781023083
269,0.25015559915657354,0.6737675125417635,0.026557587399568042,0.009066108353061412,0.04045319254903358
270,0.3315316474348215,0.480175364156647,0.00693750290957369,0.01879608727754248,0.16255939822141544
271,0.08270335454916194,0.8688314408416503,0.030358290257035736,0.005763598655643446,0.012343315696508565
272,0.11130826692813575,0.8427882396175594,0.03637090929432948,0.004017625011305128,0.00551495914867011
273,0.04271968864796145,0.8337430375151841,0.11569848505480601,0.0030044303693295585,0.004834358412718669
274,0.056326744953285955,0.7526391339773181,0.17632645794808022,0.009445773085935387,0.0052618900353802334
275,0.009106049538420424,0.7824176844526989,0.1960764740431754,0.005891420286648618,0.006508371679056705
276,0.01881432113736232,0.8233865666336618,0.1372446314313628,0.006771419167281373,0.013783061630331713
277,0.039927362468591715,0.030535882188721598,0.0010051184367353228,0.006013270249577486,0.9225183666563739
278,0.3237017150886944,0.6277784439490794,0.01878497484286052,0.004558009931156704,0.02517685618820896
279,0.11375794012274272,0.8113434903787614,0.0526583966750879,0.00426317652505138,0.01797699629835655
280,0.13167979487948434,0.8345621949092433,0.016760069385729628,0.004295067367568364,0.012702873457974473
281,0.03090855305770767,0.8497478352231206,0.10700636230954792,0.007663353299035825,0.004673896110587914
282,0.024650971835644075,0.8261794005018613,0.13681783652903962,0.004969429625870545,0.007382361507584355
283,0.05824252095386734,0.7401691313971499,0.1848793941782567,0.00838002316562572,0.008328930305100445
284,0.057137005521314864,0.8640321522127564,0.05430688576204345,0.007531312415742739,0.01699264408814252
285,0.024127803305420237,0.5103896524619466,0.4521262928547516,0.005661983906309842,0.007694267471571711
286,0.04466548990046792,0.8165308010764822,0.1321950545647825,0.0036155663333264985,0.002993088124940941
287,0.037958079680675466,0.7920263386329671,0.15991783976902377,0.005414154608846807,0.0046835873084868545
288,0.013998123380212729,0.8154121432327622,0.16195816143987996,0.00433497863241355,0.004296593314731416
289,0.008100102230874233,0.7630536425602095,0.21858449579655637,0.006576852100723781,0.003684907311635959
290,0.02444202835720627,0.8196672769261684,0.1360241764045434,0.012477498717755378,0.007389019594326601
291,0.014234631640817263,0.6885556560769878,0.2824416165496922,0.013670275708304674,0.0010978200241980433
292,0.01647062777769062,0.8252927117594462,0.14429005789256794,0.012150951962200007,0.0017956506080951513
293,0.03993863015903889,0.8400754007692663,0.09062345866661736,0.026572399003420663,0.002790111401656477
294,0.00563645537454964,0.8384609511768455,0.14381398924003808,0.01098393390681362,0.001104670301753051
295,0.007203070279204404,0.5984261720266719,0.38332300710068884,0.010365041500828913,0.0006827090926058149
296,0.004810083018734464,0.7197195383484256,0.26776826043015217,0.006511566883393076,0.001190551319294711
297,0.005722896700791066,0.5932919731568433,0.3967322196952069,0.0035782446589488095,0.0006746657882098782
298,0.019139314474099778,0.7562845331433544,0.21551767807252356,0.008501809348770643,0.0005566649612517889
299,0.007355924829781771,0.5825424984231352,0.405818393111567,0.003912924770882598,0.00037025886463338875
300,0.0054674780727486565,0.4768900238363166,0.5093859374642176,0.007784871320346192,0.00047168930637095006
301,0.006598798549970838,0.6111398401297607,0.3463867797252206,0.03421174261240963,0.001662838982638111
302,0.05556962974113362,0.5716768024314459,0.2767004946839767,0.09274831438856873,0.003304758754874946
303,0.004115238995393424,0.9353262750957357,0.01927295280200042,0.040214632066950015,0.0010709010399204155
304,0.003016894054194805,0.8588389816556031,0.1271728464706771,0.010344386868430915,0.0006268909510940289
305,0.019409840679104094,0.8507865866445044,0.058464557954398845,0.0701304232175061,0.0012085915044865545
306,0.00501360900685516,0.9800196133215474,0.0033581654587927848,0.010909253904540612,0.0006993583082641931
307,0.011285954200993063,0.9661988387506041,0.0021812245922514547,0.018895799525493123,0.001438182930658312
308,0.004659153601192134,0.9555851140127241,0.019779529527265954,0.019295678229549768,0.0006805246292679851
309,0.012254334106989472,0.938036289530116,0.017251799154384583,0.031396385062172044,0.0010611921463379197
310,0.0014122098466177854,0.9813100462323736,0.008447302698269748,0.008465142297880975,0.0003652989248579756
311,0.01130018941367669,0.9108662329680555,0.05453318143769936,0.022337846317605273,0.000962549862963367
312,0.00715537061584593,0.9029175890632386,0.06406163914244176,0.024793861016365996,0.0010715401621075454
313,0.015102285890776893,0.8193382686493053,0.1330639541051808,0.02884983486956634,0.0036456564851706733
314,0.013973016684781387,0.9257450981080915,0.020470180118942735,0.03821171760533488,0.0015999874828496314
315,0.006263542864642029,0.8747700736568417,0.10948484864845806,0.009060193920770974,0.00042134090928724405
316,0.006317358341758944,0.7513163262402202,0.2377069480253306,0.004267911292177003,0.0003914561005134556
317,0.017679351173727865,0.7202550972880795,0.2522740651140145,0.008571364488550141,0.001220121935627881
318,0.004713731122072404,0.585553353335458,0.40528782998894697,0.003790669402103807,0.0006544161514189389
319,0.0078867890177685,0.8179244237257701,0.16801162929219957,0.005034080672921674,0.0011430772913401898
320,0.004845265602690484,0.6097269078077283,0.3794124069464414,0.005350869020729004,0.0006645506224108425
321,0.006552349379073455,0.5533783239087252,0.429049000626742,0.009240944627597994,0.0017793814578613873
322,0.007702502967887676,0.6513379465826691,0.33671073451468747,0.0033984891838078177,0.0008503267509479887
323,0.008940861678300995,0.3323595718498688,0.6556764294555202,0.0023780825574292504,0.0006450544588807134
324,0.0050183408658525525,0.29446466882470657,0.6963744754261479,0.003010775389995597,0.0011317394932971276
325,0.0033420902143186256,0.3118383860588571,0.6819541983999254,0.0021148705909137277,0.0007504547359851327
326,0.0029103759280462212,0.4339233294748743,0.5602060708541962,0.001970202565238213,0.0009900211776450686
327,0.002276496644356047,0.3088856675359974,0.6871577070142436,0.0010394346905358708,0.000640694114867175
328,0.0008172640217250451,0.2396356997915611,0.7585099823997443,0.0006695105056455966,0.00036754328132373884
329,0.0017317575621911708,0.22863424139129881,0.7675806988173312,0.0016000430173674903,0.00045325921181139803
330,0.003347035506672071,0.45595529760844267,0.5363382869153274,0.0029017432938307475,0.00145763667572726
331,0.0009502540025864208,0.1760713736964708,0.821079544819886,0.0014059700052843414,0.0004928574757724076
332,0.002235847139801514,0.2092342334559651,0.7865178593118971,0.0012518218823143368,0.00076023821002192
333,0.0022714743501292007,0.22354733416416148,0.7721381140338685,0.0013836408155458418,0.0006594366362950273
334,0.0037436225494877438,0.27743152139260463,0.7070138548054786,0.009839590059375665,0.0019714111930533938
335,0.017361949994952653,0.30014856119649813,0.6666620947799019,0.012988302061315883,0.0028390919673314968
336,0.01132998898812929,0.29888397141894363,0.6797910986215514,0.008169293870979248,0.0018256471003963196
337,0.015597941241953133,0.023634413121815048,0.0022634309466027856,0.0038980609885547178,0.9546061537010743
338,0.30836673874872517,0.6033744771611351,0.030616620152456427,0.014895698961582294,0.04274646497610085
339,0.2612604620291849,0.7202180525033219,0.004180710120338603,0.008786183327189757,0.005554592019964684
340,0.08401898281694128,0.8859808175243901,0.02612294082074977,0.0020645247594499147,0.0018127340784689168
341,0.03244563271407898,0.905624779636326,0.051673244016855614,0.009162444072359638,0.0010938995603799577
342,0.013651704523129499,0.9172996331369301,0.06457093417909772,0.0032009735822498874,0.0012767545785927336
343,0.005867836310956328,0.8529600005327561,0.132411170305523,0.00546033470484827,0.003300658145916362
344,0.0043998078957788065,0.6457056709329781,0.3444313174378101,0.004117864658812002,0.0013453390746208677
345,0.010989280213636439,0.612143628799224,0.3691281955360702,0.005971878013010137,0.0017670174380591485
346,0.005928802747105418,0.723379296597936,0.26230309627693194,0.005784586631442621,0.002604217746584199
347,0.0805176017785403,0.8131877275067052,0.07421821034641879,0.02152734135881639,0.010549119009519273
348,0.014470666804349263,0.7796769985808003,0.20199059825757332,0.0026483902777663946,0.001213346079510735
349,0.017299766258156362,0.6439093805851784,0.3331573939251594,0.0030907513829406875,0.0025427078485651044
350,0.025955462090285993,0.558950411848804,0.40785535453691046,0.005466221124887992,0.0017725503991115768
351,0.008465576908473677,0.47032295420722137,0.5173867332704323,0.0030185571490320235,0.0008061784648406421
352,0.0014891816662912093,0.33716289668263444,0.6599374612240256,0.0009428553076024134,0.0004676051194463328
353,0.0027584597356892027,0.421448051432419,0.57427557774702,0.0010524597665065142,0.0004654513183654263
354,0.006769794647485082,0.4370427182332722,0.5535261289032027,0.001748753472307381,0.0009126047437327485
355,0.009206391293301135,0.38119726482006505,0.6067802964011646,0.001837779144808794,0.000978268340660508
356,0.0021498636352055194,0.3113111610069778,0.6847742518867131,0.0012521362724897316,0.0005125871986138175
357,0.0031457633260722245,0.2836631316349175,0.7111652706499675,0.0013758608183521072,0.0006499735706905052
358,0.0016773561259319399,0.22429944680287214,0.7721388144805263,0.001386531159971678,0.0004978514306979749
359,0.0013650367313828506,0.16748727181565892,0.8292755225524189,0.0015192103758266669,0.00035295852471258426
360,0.0013575253239114864,0.17498165006179187,0.8218095485914363,0.0014352857786515093,0.00041599024420890926
361,0.0004635423334417316,0.12781734166458134,0.8701392562111997,0.001335703086236871,0.0002441567045404453
362,0.0006835337965210415,0.12006671517786938,0.8778090999938385,0.0011188157707450704,0.0003218352610258959
363,0.000283004667370343,0.11922359526489415,0.8793014509721416,0.0009038682431916485,0.0002880808524021265
364,0.0005023687173516932,0.12928767176929185,0.8688183910329523,0.0010573571445426473,0.00033421133586153834
365,0.001809297492038461,0.24479917528132875,0.7503355624102238,0.002562276807830951,0.0004936880085781111
366,0.0016860777961137708,0.10954511429607346,0.8863238323284114,0.001992597466777953,0.0004523781126233707
367,0.00283673022183425,0.2701978850118984,0.72364342330622,0.002629835402215272,0.0006921260578318729
368,0.004932118538485914,0.3017569794875731,0.6872410966830781,0.0049582600990145465,0.0011115451918484493
369,0.006135763385931685,0.2820623378744551,0.7066090647353127,0.004518326937331113,0.000674507066969244
370,0.03529742040760289,0.615504216020776,0.12124051845860002,0.0432020982953249,0.18475574681769608
371,0.04776139543828991,0.59290754505468,0.2887841922519478,0.057534004214020454,0.01301286304106174
372,0.17530955799009687,0.4373667158746564,0.04790974696721382,0.035235394371640125,0.3041785847963928
373,0.38937584263310454,0.5594343139768887,0.005912783310308169,0.02615208928169132,0.0191249707980072
374,0.11167550590159797,0.7895593495958412,0.02505363525161362,0.05490862760189482,0.018802881649052482
375,0.11599689456868306,0.8217930107720988,0.01105554694328729,0.04372833884209267,0.0074262088738381365
376,0.09674808268496755,0.81879403240435,0.00841518352647026,0.054983769973978525,0.021058931410233808
