epoch,N1,N2,N3,R,W
0,0.005581121014665266,0.0021938366238219327,5.272748620151394e-06,0.0008714013218633006,0.9913483682910292
1,0.011762266020033376,0.004217031367828516,0.00012615252810246622,0.002697860601034747,0.981196689483001
2,0.02955908607552973,0.011545760064216022,7.489763025565542e-06,0.0028548962804510773,0.9560327678167776
3,0.059210461516699064,0.054530051781977944,2.2403518915711594e-05,0.00836707532283044,0.8778700078595768
4,0.0491924611662345,0.01940843158530916,2.051304401624178e-05,0.010898199670540615,0.9204803945338994
5,0.089425095029888,0.045009931156199716,3.145567329110807e-05,0.008106734970628679,0.8574267831699925
6,0.14507383332363197,0.052575772084509406,3.34249575493729e-05,0.014268594452018871,0.7880483751822903
7,0.19215089652284423,0.05950424379596353,9.701567323682201e-05,0.021188154240986287,0.7270596897669691
8,0.2551849709923798,0.11923743415592752,0.00023327272324049885,0.028802374185971095,0.596541947942481
9,0.2587679326112065,0.0766247670324886,0.00019485133709721585,0.015502558081313171,0.6489098909378944
10,0.3284188298110311,0.1893578773795597,0.00013991977176010814,0.06649603258919051,0.41558734044845863
11,0.31880919378963707,0.18700447304031062,0.0007431111128479302,0.060688460890441505,0.43275476116676287
12,0.07546415003759084,0.051257127285248436,5.4892130397419095e-05,0.06817417607032528,0.8050496544764381
13,0.09649007336032556,0.042073386927397226,5.389762578799969e-05,0.04091599090973448,0.8204666511767547
14,0.0635600139353457,0.015676350238771394,3.2470341977524294e-05,0.012968788274811627,0.9077623772090937
15,0.0970277709954947,0.007757010440812392,1.3214261924848504e-05,0.01793167389709933,0.8772703304046687
16,0.033222852891522846,0.007253592111204273,9.226103008819639e-06,0.003563361064404511,0.9559509678298596
17,0.02172018843275068,0.006116047881453715,1.238187200236376e-05,0.0022131534225453445,0.9699382283912479
18,0.01273081610818722,0.03379165377095278,5.552797676760278e-06,0.0017539264728409628,0.9517180508503422
19,0.05976972988726505,0.0036746202541953835,1.590598969611198e-05,0.006299691653033735,0.9302400522158097
20,0.13658187589480153,0.01500484795006799,2.5922935746437608e-05,0.020275927731591682,0.8281114254877923
21,0.20431610526714256,0.0251015021762924,7.855395516212614e-05,0.024032676619020955,0.7464711619823821
22,0.40908177269355733,0.024989006430701483,4.3562340473864516e-05,0.020908530086807625,0.5449771284484597
23,0.38679845094133464,0.23696189433309772,0.0008872984436989368,0.10282969368101864,0.27252266260085
24,0.24489535033911589,0.1154279743970425,0.00011990588651012563,0.12947760067211936,0.5100791687052121
25,0.08095639156419034,0.07424504021184629,1.554233493277534e-05,0.02194148445956406,0.8228415414294665
26,0.16937999625540892,0.033638007359693314,0.00010689469143795156,0.03890195705821187,0.757973144635248
27,0.5919717118591373,0.044877728853935185,3.4625634431206105e-05,0.016450655293492877,0.34666527835900346
28,0.3775130282396351,0.21758792919339284,6.637695654980717e-05,0.0515786338204658,0.35325403178995657
29,0.6670687614911016,0.05677728091114277,5.189133426002549e-05,0.053535843551351374,0.22256622271214402
30,0.215026821139425,0.36282539456394713,0.0002959021491421011,0.11969515539353914,0.30215672675394667
31,0.09398196485216039,0.48671994838983623,0.001279997191877713,0.15770300581044025,0.2603150837556855
32,0.2100624581865577,0.3997997488407335,0.004007988847398593,0.08974235727625245,0.2963874468490578
33,0.0824318633494386,0.4636774203003357,0.005609223525777738,0.022421525644026635,0.4258599671804215
34,0.13394946306413408,0.6143937194607277,0.008016070616554717,0.02557216791473925,0.21806857894384432
35,0.05316086907882447,0.16344431332580145,0.012487793500065713,0.0019837872587725,0.768923236836536
36,0.25618604225716224,0.1551224126692177,0.0010763706752380444,0.016504193118738058,0.571110981279644
37,0.13178192750832698,0.2708648461404429,0.02665638419804482,0.004421965958210707,0.5662748761949746
38,0.07168907497254436,0.15339885636357048,0.016363020196079228,0.001660198972487295,0.7568888494953186
39,0.11344888923473875,0.23698192863799208,0.03323280926577899,0.0012937667645596474,0.6150426060969305
40,0.17277634395259392,0.28618363616073567,0.011597304623967011,0.005318989207128265,0.5241237260555752
41,0.06606637095656952,0.07052063004407826,0.006494666205693338,0.0013654670482971957,0.8555528657453618
42,0.031023812311399647,0.08761265423333865,0.014369429912852559,0.002540384166888013,0.8644537193755211
43,0.026303046863129554,0.09396515111458374,0.012291677846964234,0.0013880424131162774,0.866052081762206
44,0.034834782710999046,0.08296534661244488,0.010130922239093836,0.004253765125709388,0.8678151833117528
45,0.02607582333009782,0.025154711002150405,0.002231573446382009,0.002600199426987111,0.9439376927943826
46,0.06369517837777543,0.049429387988813474,0.00029443265965327457,0.006239521137186095,0.8803414798365717
47,0.05864021307252255,0.021743955784559944,5.4022853846272094e-05,0.007306056407991202,0.91225575188108
48,0.10114236745397796,0.009148022171389353,5.94446465717766e-05,0.003943427723149127,0.8857067380049117
49,0.023018083688359624,0.003178040687075477,5.012020137473086e-05,0.0010479526792802189,0.9727058027439098
50,0.05833436054307414,0.007881377075728972,7.302083528179829e-05,0.002422092908490261,0.9312891486374248
51,0.029059643844414555,0.007157923890351622,0.0013997485365547975,0.0015133533333717346,0.9608693303953073
52,0.02448049063963291,0.004610168438675797,8.07841952601611e-05,0.004527061402697455,0.9663014953237337
53,0.029709267012428178,0.004573289096699556,0.00031777673921149884,0.003536064286030972,0.9618636028656298
54,0.07995756116875088,0.01621830741021091,0.00019749628320296373,0.0531872457957633,0.8504393893420719
55,0.057294357611064696,0.041882336008268344,9.172028322265358e-05,0.03073159889986574,0.8699999871975785
56,0.0619081691784293,0.04209471088218832,0.00037399349966821266,0.019350644053126934,0.8762724823865874
57,0.45725828534965524,0.16705041146044514,0.0023409705806974987,0.007636991190607072,0.36571334141859513
58,0.21092293300954135,0.46777926388540686,0.00619236732391681,0.047839577735652956,0.26726585804548186
59,0.2371140781265725,0.6456281249408137,0.011129783042422826,0.007743056271956803,0.09838495761823435
60,0.20332204986538469,0.448708063347133,0.00702759345127024,0.0397786377184733,0.3011636556177387
61,0.34955388307435203,0.43211474017794765,0.004623718503347078,0.041732490904345054,0.17197516734000817
62,0.10798439953883888,0.7598743081593894,0.004055646133954531,0.02209475869629086,0.10599088747152649
63,0.3603414657781786,0.45285214646859284,0.006787611360180605,0.01228519026635359,0.1677335861266944
64,0.11144627500797655,0.6588607414291386,0.03435260770971951,0.006596049416823474,0.1887443264363418
65,0.20450825801850236,0.4216285876738476,0.002759014633920303,0.035881939739356224,0.3352221999343736
66,0.20949379891254638,0.647984618525908,0.016606805217242664,0.015411042663652058,0.11050373468065096
67,0.3927549190930002,0.5056391848018589,0.005410897827486801,0.016371035544991534,0.0798239627326625
68,0.05226108325136304,0.9279954018445903,0.007107986703940671,0.002296599926725357,0.010338928273380548
69,0.11608196199266896,0.8411988888155657,0.007034064879223549,0.008847647315228392,0.02683743699731321
70,0.06428999892259646,0.887156924549113,0.007855551947580676,0.013211723367273493,0.027485801213436346
71,0.10819647544224509,0.7861116696490812,0.010789691335457133,0.024263691318874226,0.07063847225434242
72,0.11719790786607823,0.8018861322064075,0.00582246917021946,0.021265606237421818,0.053827884519872984
73,0.18344506317753417,0.6757441324302835,0.012460256040505128,0.031184979176076995,0.09716556917560011
74,0.28596288351434024,0.5198396182383221,0.0067473021773991,0.032450253724510894,0.15499994234542758
75,0.06934259433933411,0.8801064084883032,0.008787615177285319,0.015519261629946445,0.026244120365130935
76,0.13587608989657962,0.34189171356786685,0.002603006520956946,0.007134968846289086,0.5124942211683075
77,0.25154555794249495,0.12014998455248954,0.001583111938337936,0.022991403593186948,0.6037299419734907
78,0.19860240694506678,0.05688450231977197,0.0005128112659296641,0.024948422314140673,0.7190518571550908
79,0.5480787926201957,0.19243119641657533,0.0015069973979254018,0.039246853930726154,0.21873615963457743
80,0.43338925215832014,0.1876772596168819,0.00043531925490116103,0.08241217911016605,0.2960859898597307
81,0.523611033191437,0.1171260890181865,0.0005373423723132254,0.12817627653650077,0.23054925888156264
82,0.4457069017709784,0.23658588010855933,0.0019474217932482281,0.04669392759316828,0.26906586873404564
83,0.47184262184572556,0.27045452585780766,0.002528824427879592,0.058712212470542244,0.1964618153980449
84,0.16804227292767818,0.511734523101143,0.006671007008040357,0.04159277993383012,0.27195941702930837
85,0.13554650713387004,0.5078818259995989,0.0017043094916762863,0.1661206327251769,0.18874672464967793
86,0.24393707085093233,0.2307083400121111,0.001820175698703033,0.02347074642240132,0.5000636670158521
87,0.17499604738422367,0.5026314294725129,0.011447853337599172,0.0757825615598652,0.23514210824579904
88,0.22607425317327007,0.1344906892574832,0.0009249260824717018,0.020463595900909716,0.6180465355858653
89,0.17129364345507625,0.6022719325210244,0.012985933952401418,0.03218119410520639,0.18126729596629151
90,0.07576528873089952,0.050377441905097395,0.0003287864621818055,0.07950716852045357,0.7940213143813676
91,0.032595293308084666,0.019740726674932676,0.0002811055624094754,0.008259186575120694,0.9391236878794526
92,0.04855970587897502,0.016812318239183784,0.00030034802832017333,0.007244034422269719,0.9270835934312514
93,0.11426558805003677,0.00913061041861572,4.435050432348074e-05,0.033648822848311284,0.8429106281787128
94,0.3568560594688088,0.06147495210794446,0.0004919347997860865,0.051435986627216525,0.5297410669962441
95,0.2892744043343844,0.06444213551007111,0.0008510186968647887,0.04219409238440808,0.6032383490742718
96,0.2592640358095362,0.11546877046958981,0.002026523820829903,0.044866712644481714,0.5783739572555623
97,0.3816022250899083,0.11559655748362284,0.0005103093540270753,0.07806652826065263,0.42422437981178895
98,0.2688398499889608,0.21215008014892084,0.0037172987180519477,0.10147480545853409,0.41381796568553236
99,0.30104371258998736,0.08056157622732964,0.0007124915272978335,0.10565491214908347,0.5120273075063017
100,0.3804405974083444,0.30258666621936736,0.014314149171051003,0.04495098729830828,0.257707599902929
101,0.1722403806896197,0.11402812150668065,0.0028569360445651238,0.0218342214131265,0.6890403403460081
102,0.4274559050962874,0.3120430873839972,0.01513819975651664,0.016706767651388114,0.2286560401118108
103,0.4236151758840999,0.3227433111136974,0.05460330322283052,0.015482470015574384,0.1835557397637978
104,0.4097230058020101,0.370636058473329,0.027500600315935195,0.011449035910183172,0.18069129949854265
105,0.14213736057724463,0.615755815996318,0.08838866183567055,0.026301573912005567,0.12741658767876132
106,0.24359763757937214,0.3631749156798175,0.013201921297052508,0.013348655445733952,0.3666768699980238
107,0.3680159895292909,0.4914605198446839,0.01626128687412367,0.019275159529172206,0.10498704422272943
108,0.2568899902056723,0.4297232199400012,0.024504158823542163,0.02947553489639195,0.25940709613439233
109,0.20063784191101589,0.677903830148516,0.07205414461076366,0.012580263585970884,0.03682391974373354
110,0.46140581122002805,0.3301646016776114,0.00699533401114361,0.02699753068793409,0.17443672240328292
111,0.15512000537187806,0.7325854533151016,0.07033575953723006,0.011678705607291251,0.0302800761684991
112,0.326477048462313,0.24006365829962492,0.005331199624518901,0.02598589712174628,0.402142196491797
113,0.18959707997732528,0.34862983630164196,0.008243218061328826,0.03677427822807026,0.4167555874316337
114,0.18274398962039173,0.3484699296069981,0.00564082496824927,0.05477746900961585,0.4083677867947451
115,0.17428392271957205,0.7388353748095234,0.03144351408465026,0.006700439657176013,0.048736748729078155
116,0.1166839808763687,0.15419423419779024,0.0011809346556460076,0.02969866220254881,0.6982421880676462
117,0.15075229149021183,0.6753974102719138,0.02361420991019577,0.04526009652113345,0.10497599180654528
118,0.4301248763918661,0.1133711493607908,0.0009624251918053775,0.08948064677139021,0.3660609022841475
119,0.48751532279357274,0.16981063848135566,0.005471272756130789,0.025953068100924702,0.31124969786801604
120,0.48803815919611837,0.40559061122410905,0.0060386712372438875,0.01596964023703801,0.08436291810549071
121,0.3869156156487589,0.5194453552435891,0.035823242027378445,0.009976933840948683,0.04783885323932496
122,0.08074514271407751,0.7728972743068472,0.05460401239630819,0.06101264903680859,0.030740921545958394
123,0.15211410930354896,0.6287852869124294,0.0480509329245534,0.028837971141180366,0.14221169971828787
124,0.1725356119421145,0.6983693560244365,0.06961315284012849,0.02792700225133301,0.031554876941987546
125,0.19982700287747543,0.6005336942612155,0.09193108555301611,0.03641551627585062,0.07129270103244231
126,0.15301919047494897,0.7105213099997573,0.0769526601573736,0.013788112746285138,0.0457187266216352
127,0.1622580510692126,0.6747210226622977,0.09879778338582401,0.03313591207918835,0.031087230803477268
128,0.21133470741880114,0.692532157270716,0.026986428333468364,0.028128657532807074,0.04101804944420742
129,0.09929104574336069,0.7433142518192004,0.13071515299315906,0.015264439837929291,0.01141510960635055
130,0.2680375279232646,0.6397474863292362,0.019527559066623817,0.0337539523353157,0.03893347434555965
131,0.04238749190675044,0.8530680384199917,0.06730530598528355,0.027206854005143912,0.010032309682830627
132,0.3658741257450049,0.2658723315005499,0.0018694504021302535,0.06466408400010246,0.3017200083522126
133,0.19463134119673423,0.6911054473183698,0.017917867878205734,0.04815853715678184,0.04818680644990845
134,0.3343160711958849,0.3129337345416578,0.006560272395942256,0.0251619771036753,0.3210279447628398
135,0.6147274845118604,0.21719825825696312,0.0019759618868134513,0.015928321241234385,0.15016997410312863
136,0.5540542435432807,0.34623339422007415,0.006467344011781608,0.015245251290196457,0.07799976693466715
137,0.301185390379007,0.5745165832563793,0.03194978807997229,0.00656267649321929,0.08578556179142216
138,0.32911731075881273,0.5290357283922852,0.012659717481610775,0.04570706540689975,0.0834801779603915
139,0.12202421197931955,0.7381280893786275,0.04846163296030917,0.03935559639548486,0.052030469286259005
140,0.2393941340568733,0.6744153890118932,0.022397689733830477,0.025714388866710576,0.03807839833069254
141,0.07516508902174437,0.8772814391961108,0.029132798170933037,0.007611525969642594,0.010809147641569063
142,0.10394711749124456,0.11979243228502462,0.0020116522848254745,0.00672710320836016,0.7675216947305452
143,0.3736198169768452,0.4518434123424091,0.006662021023443456,0.01990846442912247,0.14796628522817967
144,0.18578280870346084,0.7470670364373881,0.012927958130982143,0.007077480854792494,0.04714471587337618
145,0.44215426457463197,0.28760432115514173,0.00380446480279813,0.006960650699708539,0.2594762987677197
146,0.29043118364591236,0.58520255056186,0.01939458437136473,0.027604920648563753,0.07736676077229919
147,0.2770190592803672,0.5851191825941615,0.07404240581615892,0.038371913855653646,0.025447438453658742
148,0.2792417114548756,0.6171469441502796,0.02683626183298431,0.039582241976135496,0.037192840585724946
149,0.04059851689344088,0.8201345112466507,0.09895586806181766,0.026493579012789495,0.013817524785301285
150,0.17346061939005014,0.5688157231628379,0.011628547221195929,0.06008676971188946,0.18600834051402657
151,0.20693347287206404,0.6175804770295212,0.028931471841273364,0.08861117779945844,0.057943400457682995
152,0.14521588194012497,0.7652857843482893,0.03151044051393353,0.022184458765907942,0.03580343443174442
153,0.2186362530935323,0.7109275607183767,0.016274989040659542,0.020004117911808304,0.03415707923562318
154,0.055969132526164,0.8653521787078504,0.06617001849218705,0.006607178356669342,0.005901491917129058
155,0.09164354240143571,0.1466725603319947,0.0015404881246825924,0.008903473356450857,0.7512399357854362
156,0.2823256506306589,0.6511687315357372,0.006488405766201841,0.02070124540798812,0.03931596665941408
157,0.33801875634080264,0.5757741591519526,0.006379650836745884,0.008375998941507737,0.0714514347289912
158,0.06381643298980719,0.8964293238739767,0.0229408912421916,0.007127264936824879,0.009686086957199594
159,0.26258579219488354,0.38972194717259645,0.003814886867813781,0.020415819701697067,0.3234615540630091
160,0.13729290127543273,0.7838424294538511,0.027813432487241413,0.031855609391360326,0.019195627392114483
161,0.19068261957282326,0.5826658482200746,0.013237109142053548,0.0430972509225191,0.17031717214252953
162,0.23932005306496112,0.499457682602662,0.035582526062299516,0.1453676924372692,0.08027204583280813
163,0.1965760598715771,0.6167344938387811,0.014194550907845487,0.13210383976257983,0.040391055619216555
164,0.4598364338997815,0.10168197565347953,0.0014599358968642455,0.22883917266837078,0.2081824818815039
165,0.23200371635216202,0.6474606900632189,0.040106758243214025,0.04454019672355141,0.03588863861785365
166,0.3407545413848949,0.49775016403004196,0.00871017867386661,0.08044882884088628,0.07233628707031024
167,0.2426889816861604,0.6597574047685741,0.01482159981866963,0.05249272531658433,0.030239288410011337
168,0.31084337854023364,0.3002086758841114,0.003959957741506593,0.061798623266184474,0.32318936456796393
169,0.1417292927487488,0.7707486312886118,0.032299684755753934,0.043693737743852504,0.0115286534630331
170,0.30349921648424866,0.6107748347764836,0.011447947800676584,0.03509104653962099,0.03918695439896997
171,0.04960703052440286,0.8759644120424919,0.0636253960335426,0.006662512309349265,0.004140649090213371
172,0.15640934281516686,0.7148267766617347,0.007856415559641715,0.06163635457624498,0.05927111038721168
173,0.047582030499277575,0.8716136559993088,0.06019739245591812,0.015120129904536442,0.005486791140958974
174,0.09302842546607114,0.7169509798246017,0.016158685770690982,0.06937794577720474,0.10448396316143146
175,0.35262924776138926,0.5292503375503887,0.01084304276408096,0.05431213783572255,0.05296523408841837
176,0.21727908099124896,0.7209432332229031,0.023471486710582343,0.019292486143449663,0.019013712931815967
177,0.03786162212056075,0.9245157876578157,0.019962149432756537,0.01429489326373767,0.003365547525129194
178,0.1264932018941537,0.8284934300406174,0.013789003392949556,0.018345895479745487,0.012878469192533833
179,0.17424764863723796,0.6706170312479222,0.031232777728958893,0.06953895000535729,0.054363592380523684
180,0.01542030183442342,0.8176199966119583,0.1543860899811883,0.007557766078752537,0.005015845493677303
181,0.094875730433714,0.807947842467,0.05375248386329576,0.02844432887847376,0.014979614357516626
182,0.10966944029964237,0.7345073203494806,0.11937191546027726,0.023447767024153267,0.01300355686644646
183,0.06230676017347429,0.8381322614192854,0.07513427157779368,0.01777949254687114,0.006647214282575491
184,0.06903758348914747,0.8038189723868157,0.07521169829119223,0.03239735185812917,0.0195343939747153
185,0.21725604762349784,0.34850820144314903,0.0014748195031738234,0.07287550087877935,0.35988543055139993
186,0.24913460807217522,0.6444761706531867,0.00565950343118412,0.020094213877108993,0.0806355039663448
187,0.11551743765087641,0.8119315616875816,0.024086194718776415,0.016699051777851907,0.03176575416491358
188,0.3992060517869276,0.5359146504248493,0.005096919492129173,0.013591666218574654,0.04619071207751928
189,0.056949464537518174,0.8951441822182761,0.02487922518179565,0.016239907869197434,0.0067872201932126655
190,0.09650346198016872,0.8662833921449087,0.017556520772216238,0.009676559227580327,0.00998006587512583
191,0.19196190856358983,0.6792175642497563,0.005602868186079762,0.019646532553966263,0.10357112644660796
192,0.05420723558809912,0.9121721690024653,0.026199295777393397,0.003723822636922749,0.0036974769951193492
193,0.19282923546685943,0.7714973488829696,0.009619084101023436,0.011264927742540008,0.014789403806607614
194,0.040038781439059576,0.8803702662232061,0.07013944855815415,0.005432919193276765,0.004018584586303386
195,0.1496425390172415,0.6830605684973563,0.013937914177530009,0.1350256048112652,0.01833337349660711
196,0.010411813678416803,0.8711644336131111,0.0991665268166527,0.015334393526152701,0.003922832365666679
197,0.14387010691686516,0.6183063210967394,0.01172986058527851,0.2051127006877089,0.020981010713408046
198,0.07226890131147928,0.7202154500388667,0.037078342315709056,0.16231226147594696,0.008125044857998065
199,0.06666675848445101,0.08416427399053761,0.0003610690667337754,0.12400332771047504,0.7248045707478026
200,0.2123246406463064,0.5443788331320867,0.012941688112305805,0.18528653553968857,0.04506830256961241
201,0.31883266885848216,0.1740433607242761,0.0009661589163148728,0.017475545868242296,0.4886822656326846
202,0.5496380249652201,0.3398516118997191,0.006332386242885644,0.06757664715697367,0.036601329735201575
203,0.2931340835091244,0.11375613124417411,0.0021346140182380902,0.28029597318095656,0.3106791980475069
204,0.1541833330003363,0.362327537192348,0.006771558294065936,0.44425602654072455,0.032461544972525236
205,0.26525673397418587,0.18608664154633972,0.007429886344084286,0.3448569583210582,0.19636977981433176
206,0.1882834818321322,0.5362764310712685,0.0340074405133659,0.17149432598394673,0.06993832059928673
207,0.024881750642083825,0.03473122359481518,0.0008715342036626412,0.01446773944166692,0.9250477521177715
208,0.033605149720246946,0.0189630799417705,0.00026248276626913763,0.017462113876092117,0.9297071736956213
209,0.03199971177487654,0.0023707291224475424,6.5230806458475745e-06,0.10208518879384737,0.8635378472281827
210,0.03478234348520105,0.0005739331227659757,5.257248973618905e-06,0.01990928184210874,0.9447291843009505
211,0.13863716093225503,0.005680782045820053,5.163767725168692e-05,0.06621743627620733,0.7894129830684659
212,0.2973352171566815,0.02601690066106281,0.00011945837384725728,0.09234648866376802,0.5841819351446405
213,0.08067235023153621,0.027385234864361868,4.926358576542437e-05,0.16355770518651327,0.7283354461318231
214,0.060144566125145675,0.018733578930170608,3.1661050601010985e-05,0.15704545510190138,0.7640447387921814
215,0.178178926530152,0.01046563211879622,1.3245555480800061e-05,0.16334915426222335,0.6479930415333476
216,0.3426301588311899,0.008344427279399113,2.067347909980864e-05,0.060062979052436495,0.5889417613578747
217,0.34812430685220075,0.06220816583113492,9.244856992630086e-05,0.3125647639198403,0.27701031482689786
218,0.6862003003317914,0.031535983771879224,7.121377213285263e-05,0.18053950568699195,0.1016529964372046
219,0.20674319462304105,0.06262497265709671,0.00027860615244730845,0.7027583596711144,0.027594866896300432
220,0.036268102020878656,0.35674104456469313,0.0006375687443748905,0.6013589969137318,0.0049942877563213745
221,0.041004251760799144,0.2705871956914838,0.0011295740502500148,0.682853470128374,0.004425508369092944
222,0.04334176426799557,0.3270742689504543,0.001133732184096376,0.6240114034232562,0.004438831174197582
223,0.008448700750950054,0.6300464824519508,0.0030481483759662834,0.35753147143971076,0.0009251969814220698
224,0.012803304254758304,0.6314513716175578,0.0020708810894769516,0.3521496190743138,0.001524823963893325
225,0.015365154531527305,0.6731002373606867,0.009445105717606239,0.3000459896013808,0.0020435127887990156
226,0.013058678009575416,0.4659959333693495,0.052413720234326375,0.4658726444911885,0.002659023895560177
227,0.0022306534110223754,0.854367648533131,0.046881600212671994,0.09446049137588441,0.0020596064672903417
228,0.005708167134707851,0.8034643091728719,0.08912073671381658,0.09923582899406531,0.0024709579845381743
229,0.026481284168900162,0.8288088413817724,0.0010845351638675632,0.1124448215078957,0.031180517777564306
230,0.033344622231480735,0.9305530952124317,0.0074064936012336715,0.02694443909171069,0.0017513498631432287
231,0.048052974862385536,0.9133832951720504,0.011625413291304086,0.024271638459969377,0.002666678214290728
232,0.024339183211583817,0.9495390943382872,0.009578246209463173,0.013062762510691385,0.00348071372997433
233,0.014170194679103078,0.9266490769688678,0.05248200472909088,0.005378095015236036,0.0013206286077022014
234,0.027470059450496864,0.7673784834173311,0.19270495474907767,0.010092165033320721,0.0023543373497737726
235,0.0059869380002932765,0.4652925044105938,0.5256013242351347,0.002321096445812445,0.0007981369081658524
236,0.002258242023770759,0.5644097524117044,0.43130582129446715,0.0006568578330558364,0.0013693264370018418
237,0.004870544127841673,0.25704356000361606,0.73553853913518,0.0012780018275225084,0.0012693549058398624
238,0.008021056944647838,0.3078898274776848,0.6815669154339911,0.0007712911743966318,0.0017509089692797407
239,0.0012536760340250011,0.16860551659498932,0.8290414209637161,0.0002604275784605613,0.0008389588288088086
240,0.0030215910873563974,0.18824637122921506,0.8062998614344401,0.0008598859559338098,0.0015722902930547112
241,0.00030772973159765856,0.06524877035539711,0.9340541578432643,0.00010041632372533381,0.0002889257460156748
242,0.003510742215867864,0.30474538040350563,0.6904457608867837,0.0003331252907851007,0.0009649912030578166
243,0.0008260392493254418,0.06776219500585838,0.930876310405366,8.872462681307218e-05,0.00044673071263708904
244,0.003447361765730932,0.1327126033164586,0.8621732882753516,0.00041522195782541166,0.001251524684633517
245,0.0011264609245670275,0.07019178107030054,0.9280189132914692,0.00017245995823875616,0.0004903847554243424
246,0.0038035958342290885,0.11442177131879788,0.8789921717694965,0.0003884871674477386,0.002393973910028945
247,0.00173834308727936,0.06403563564142149,0.9329508514904408,0.00025327903935644445,0.0010218907415017867
248,0.01138823261460735,0.24668293037531594,0.7379807106183774,0.0011887310866243459,0.002759395305074984
249,0.0033984647828070366,0.08953766607198589,0.9040192768177581,0.0004758234603310323,0.002568768867117934
250,0.0018238329330301124,0.07146652326160192,0.9250035351028154,0.0002582310208533183,0.0014478776816990696
251,0.0025337853443877616,0.07265851384003409,0.9232173395196571,0.00042397014046930505,0.0011663911554517692
252,0.0004431697521788212,0.0400650845360827,0.9584473421066889,0.00018504893106811396,0.0008593546739813967
253,0.00020961147400155517,0.0290525058427786,0.9704925593330692,4.107963584523892e-05,0.0002042437143052296
254,0.00047256189372766206,0.037982066533459535,0.9609999334007763,0.0001080086426967177,0.00043742952933985914
255,0.0008268622640529612,0.03484560468868605,0.9635358950467011,0.00015020069163051563,0.0006414373089294817
256,0.0005595584144447681,0.018013178294671205,0.980710768432714,0.00017400477664422176,0.0005424900815257442
257,0.0006746432297888717,0.018580623803783284,0.9799165360395664,0.0001944559344713742,0.0006337409923898553
258,0.00040625125369750213,0.0321414375083798,0.9666543357206309,0.00019637660164102683,0.0006015989156507955
259,0.0007004037347041599,0.05564607983118098,0.9428825001145815,0.0001309977015461056,0.0006400186179872208
260,0.00048183358940152274,0.07162610718273918,0.9272661426879263,0.00013073594338466004,0.0004951805965483545
261,0.0005062268634108734,0.062346293531121984,0.9364201680375808,0.00023803000205902523,0.0004892815658273607
262,0.00031929479962304234,0.04886890494551865,0.9504334768463893,9.623690740494253e-05,0.0002820865010639373
263,0.0009590175825165377,0.037882609380649274,0.9601306495668924,0.00028569168382315183,0.0007420317861186332
264,0.0009313892909245094,0.05896242595160408,0.9393370119140975,0.00026299158910789573,0.0005061812542658857
265,0.00027616745403332256,0.034083861285938745,0.9651475270158056,0.00013019455634523343,0.0003622496878769795
266,0.0003819932780533172,0.027669120725033716,0.9716892272294325,6.914679852821124e-05,0.0001905119689523643
267,0.0010854524395510264,0.027046228169138195,0.9708592030537578,0.00020404798336545057,0.0008050683541873365
268,0.0004336229274415436,0.020174991058370603,0.9786287451050131,0.0001717330087621565,0.0005909079004126187
269,0.0003068098306947083,0.03161141309453846,0.9676220431990654,9.830993801452461e-05,0.0003614239376871478
270,0.0004075275762525337,0.028367402897860508,0.9708351004342425,0.00010422093753916527,0.00028574815410538254
271,0.0006648668713760207,0.03190616694210974,0.9669467490471614,0.00012556137380544566,0.0003566557655474654
272,0.0011631847341723057,0.050391341488878943,0.9472887400265596,0.00033685684717846926,0.0008198769032107689
273,0.0008790880949613772,0.06781189986086479,0.9302665543955859,0.00037574415482984796,0.0006667134937582603
274,0.001200390332594759,0.07034784108058308,0.9270304260695661,0.0004902280139141769,0.0009311145033420337
275,0.0008164769993309119,0.05291936306837905,0.9442876204981453,0.0007566200106504442,0.0012199194234942955
276,0.004340476408518278,0.056239329909564865,0.9139278037080971,0.018619423578622906,0.0068729663951967905
277,0.011775038586906612,0.13992029873352693,0.7702760849116443,0.07238140128260778,0.005647176485314191
278,0.03052579870364116,0.5446201790428418,0.22391772905525498,0.1815941336125921,0.01934215958567002
279,0.059673731892101366,0.6395279596762713,0.015262501782776107,0.27231058488939186,0.013225221759459367
280,0.1250309450381978,0.5014188328727629,0.016483742628735636,0.3332953990359635,0.023771080424340126
281,0.08419540668708823,0.28158570862560856,0.0006390192958536464,0.6200709566527984,0.013508908738651149
282,0.09393254221041798,0.08946353552838433,0.00024559354715284945,0.8059829644342669,0.010375364279777876
283,0.13617704818391388,0.07055455555332789,0.0008979868836163917,0.7547761380790836,0.03759427130005828
284,0.1815249136478906,0.11248508540061165,0.0003570508863424701,0.6518076058716664,0.05382534419348887
285,0.13224509439887627,0.031283618974677,0.0009360623814352105,0.8028847672771827,0.03265045696782873
286,0.18017976730286075,0.10216449133899633,0.004103686473396256,0.6862038135895041,0.02734824129524248
287,0.3336270339583789,0.14493308545872374,0.0011638465517256013,0.48823276107241204,0.032043272958759805
288,0.17650349627524406,0.12077685502094633,0.020265712573452995,0.34530084678248074,0.3371530893478758
289,0.30569368160588967,0.08488272810006903,0.00432790188711437,0.37189141182026175,0.23320427658666526
290,0.48797565915735536,0.21691365647705144,0.0038956801548707424,0.2311669756933768,0.06004802851734571
291,0.18580705567610178,0.07277989142530529,0.042051833323101806,0.38930926603436494,0.3100519535411262
292,0.513521599537687,0.18658581053721493,0.0046798861054780745,0.17614481644879657,0.11906788737082344
293,0.38188087937753323,0.09337988184546481,0.0039237987158714325,0.11795129053065972,0.4028641495304709
294,0.2896057342610285,0.059034027159497515,0.05263141378233824,0.2803091491416247,0.31841967565551116
295,0.49224516833217297,0.2545285860988751,0.0010548653886116761,0.11361596307968018,0.13855541710066013
296,0.5468090244478,0.10023757277079014,0.0054415756526369026,0.16283683349784897,0.18467499363092393
297,0.16680076114593173,0.07984391866707534,0.009288351002198356,0.1800498498938675,0.564017119290927
298,0.3020868039870517,0.04029135845661047,0.0018152314394666062,0.44933491644635276,0.2064716896705185
299,0.454121447031429,0.06016439442939443,0.002111985047051985,0.3611976539866677,0.12240451950545686
300,0.1928427148889265,0.060912425488626847,0.004171632350361541,0.36747875631678667,0.3745944709552984
301,0.33149451428587123,0.1097654344367345,0.002508948223794809,0.250205355951119,0.3060257471024803
302,0.5564670508125559,0.08408552161361833,0.0012014870770244404,0.27746386388791233,0.08078207660888904
303,0.41514488730036864,0.12471207232337303,0.003493257581053149,0.25642663827757417,0.200223144517631
304,0.2959921135914141,0.15116135756033536,0.00922392341042917,0.22475196737787165,0.3188706380599498
305,0.14630703045904955,0.11863431990344574,0.011314238827028021,0.09015579738359493,0.6335886134268817
306,0.1351869992839845,0.14911243141456862,0.007330011419953941,0.07157625583675059,0.6367943020447424
307,0.240311494915761,0.2698749721070776,0.013342581007912907,0.10278595372830952,0.3736849982409389
308,0.3366731906009047,0.18208700160719032,0.030507883946585553,0.09661878321666786,0.3541131406286515
309,0.32071015872840886,0.13202109276941654,0.011722922245352903,0.12203981509298997,0.41350601116383173
310,0.6054696277550417,0.15150226020328092,0.003343171591139318,0.16736112085657337,0.07232381959396476
311,0.1605408179427336,0.13133355927014714,0.01986310890849777,0.2302311591279369,0.45803135475068457
312,0.16584544523477887,0.1134611520076099,0.021933333536305367,0.19163538541007047,0.5071246838112353
313,0.009684805460392465,0.0028973087224857677,0.00010680667356988327,0.001551935721072245,0.9857591434224795
314,0.04926534551185069,0.004385663147875396,2.7276047950667303e-05,0.0037871255508829796,0.9425345897414402
315,0.1263451157516812,0.01040439671774566,0.0001341751238825022,0.0019729647269235598,0.861143347679767
316,0.018393725051454774,0.006425765514515648,7.501001607045198e-05,0.0005031056443207142,0.9746023937736384
317,0.13688667719699577,0.05980632479265713,0.000996029782804845,0.0026358390763389535,0.7996751291512033
318,0.08914386340817457,0.14409154715582545,0.0026276604593230865,0.007327709348094722,0.7568092196285822
319,0.3070816095387572,0.13001814212796237,0.0018431371004765953,0.009750069379906672,0.5513070418528971
320,0.20963074474125093,0.08524242803031229,0.0011697010096557885,0.023406363049752892,0.6805507631690281
321,0.25043340729674374,0.5244790494009864,0.01400929468417435,0.028241171777676197,0.18283707684041933
322,0.34224287098371653,0.44677912507519874,0.011818186093559866,0.03826834933475976,0.1608914685127651
323,0.2368330817805032,0.6390863825486175,0.013056911200044622,0.030686175728707216,0.08033744874212742
324,0.12406733170173878,0.8002157114557805,0.025387217301938415,0.022319696526558425,0.028010043013983875
325,0.1255233550978744,0.8047575912203891,0.04205391779334939,0.01077877597628341,0.01688635991210372
326,0.30950713671099406,0.2602570458505169,0.002239556001341087,0.18515880255078365,0.24283745888636418
327,0.08973489790761448,0.8532941882385564,0.021834480899657616,0.02054787167961671,0.01458856127455497
328,0.3781115747356213,0.19035791267734592,0.0010624626653288132,0.04834123317820216,0.38212681674350174
329,0.29293543301682684,0.6224209012304202,0.008907751417252434,0.03386571752524626,0.04187019681025421
330,0.20941026234252683,0.7280832820114697,0.011752184975168008,0.031566123571993704,0.019188147098841715
331,0.09790218149128209,0.8553555542339925,0.029355201813413244,0.0068779086318091955,0.010509153829503144
332,0.24624984210392148,0.6122770598994336,0.01101158912563724,0.05481790078684072,0.07564360808416701
333,0.09143495425291913,0.8010163907615391,0.06461951698495315,0.03207965731127219,0.010849480689316253
334,0.09471669488111263,0.8427241740714618,0.016406005380382397,0.033384101865312474,0.012769023801730655
335,0.03089205987693412,0.8798332237646679,0.07941530307504308,0.006140252867399431,0.003719160415955566
336,0.129582708862945,0.6345979829355897,0.009918119784397198,0.19233252856161734,0.033568659855450836
337,0.009162121970288565,0.8727643278964209,0.0984177466992557,0.017476460466530903,0.002179342967503881
338,0.04891757748602183,0.8574675223156122,0.016888765128916943,0.06873063128929091,0.007995503780158035
339,0.023940969342078032,0.8711093029647778,0.016572314937086975,0.0822961007155742,0.0060813120404828724
340,0.0815775998097235,0.44756245141198386,0.0023489389166227977,0.36253779794137797,0.10597321192029184
341,0.019843512235706483,0.8405205300430246,0.003379895310234715,0.12464445036489573,0.01161161204613854
342,0.19762051959106283,0.25577745421726356,0.0004199456654382912,0.26748196031996985,0.27870012020626556
343,0.08475128004100002,0.6953746477881498,0.0008007301894999498,0.2084251400398162,0.01064820194153404
344,0.07739872663906025,0.6797279570921351,0.004469676450401923,0.1771069645814373,0.06129667523696525
345,0.04638906904305375,0.7717673836885697,0.001662684247305995,0.1711781562963378,0.009002706724732653
346,0.015409182783271769,0.9011022534736572,0.026849150057911268,0.05151774469179013,0.005121668993369378
347,0.06676911879787452,0.7404957988539701,0.004655779619254515,0.174661806455609,0.013417496273291994
348,0.02076983394099536,0.8789756668216009,0.033415146728182375,0.06386409753690517,0.002975254972316231
349,0.14257144824683482,0.3059788653379809,0.00074946948356802,0.3204285353018815,0.23027168162973488
350,0.07608179299304886,0.8679307513471289,0.010385979311951378,0.04093395772979632,0.004667518618074419
351,0.1766007916457356,0.63579083267709,0.004317575259904585,0.14575608050555916,0.037534719911710535
352,0.12287324634471809,0.8299632087254449,0.006344176763700137,0.03482345122304486,0.005995916943092047
353,0.17891858999653906,0.6727722179427846,0.014784911680233168,0.07683399928417697,0.05669028109626623
354,0.029213115728480298,0.9070034279701152,0.007325313942297072,0.051451369094655364,0.005006773264451947
355,0.08511084307955193,0.8515595748775774,0.02204645740211824,0.03033531775918733,0.010947806881565141
356,0.18505183026035307,0.6038680054518296,0.0027449109982864645,0.11591931556941579,0.092415937720115
357,0.006261436225359435,0.9709315467017663,0.0053596778243395204,0.01626760470903022,0.0011797345395045456
358,0.10147289438061372,0.6312032039155228,0.0009685219042794949,0.227160145188967,0.03919523461061706
359,0.04667564384436607,0.7889768947870995,0.011843169319682436,0.14678150220282357,0.005722789846028338
360,0.07838877353896578,0.6872302054146013,0.003771235942755776,0.1916281798340582,0.03898160526961906
361,0.026021205076724046,0.9025584365738334,0.01591892890881462,0.050256871414963405,0.0052445580256647965
362,0.10074468553253879,0.5225885930011805,0.000927620013367899,0.1393538501039087,0.23638525134900396
363,0.03547107437331246,0.8544416283735027,0.003049693964328131,0.09819839000946648,0.008839213279390253
364,0.09700180621795375,0.609951441462131,0.0033927971024373077,0.206815887950481,0.08283806726699693
365,0.0973828971788108,0.6298645606946912,0.000595103275294647,0.24151570922181284,0.03064172962939047
366,0.11492703068434808,0.678785813622507,0.0010971683730330941,0.0718360620859363,0.13335392523417564
367,0.19386986373741932,0.7444949965673257,0.007395271634985983,0.04028839135257223,0.013951476707696822
368,0.029608509808367434,0.9249108652235015,0.023418848427263068,0.013570591777716808,0.008491184763151138
369,0.24022107576174626,0.6280637145740208,0.006002308564550476,0.06081343133500157,0.0648994697646809
370,0.16279723980044794,0.7579980038552645,0.019557231817235336,0.04491049722471911,0.014737027302333304
371,0.07073919103755474,0.8717857449160991,0.00854378466092692,0.04044738774781686,0.008483891637602319
372,0.018268608193203764,0.8858750347093547,0.03488736976319061,0.05769097459652345,0.0032780127377275963
373,0.12805112391186002,0.6816866523865939,0.003455136099969554,0.11759369450863917,0.06921339309293718
374,0.01827899218556234,0.9262727233093553,0.011629116276347183,0.04065503658697093,0.003164131641764365
375,0.10836992180614631,0.5730721029449299,0.009648789416441678,0.27813909744906706,0.03077008838341509
376,0.07764283714110555,0.7079520584555141,0.010535318767003601,0.18639236348921498,0.017477422147161723
377,0.015267228727754585,0.8004998844918141,0.0442004685494704,0.13905633746173374,0.0009760807692273871
378,0.041913499076686185,0.601929054961274,0.008992021334180127,0.3368811042603389,0.010284320367520784
379,0.008519390713478868,0.8345246515537381,0.016361642418847393,0.1388564506839367,0.0017378646299987836
380,0.026915603806589965,0.38481359946991694,0.00034032381362139743,0.575675236046365,0.012255236863506736
