epoch,N1,N2,N3,R,W
0,0.0003329871062569469,0.0003765882643672389,3.374403754727017e-06,0.00017401687234391044,0.9991130333532772
1,0.0010321860943416712,0.0002758797629908777,2.7115453894113366e-06,4.918435104008708e-05,0.9986400382462379
2,0.0005333471033444296,5.9604296593823185e-05,4.7175262496116515e-07,0.00010438564065763279,0.9993021912067792
3,0.008158942758444804,0.00029686978627389496,3.6094110921646883e-06,0.00030277647451775077,0.9912378015696715
4,0.06124343946835086,0.0009843064748137331,5.601023306345314e-06,0.0012456223899317436,0.9365210306435974
5,0.11710444886856464,0.0011582796849061467,1.4382591247129705e-05,0.0023102433031910743,0.8794126455520911
6,0.5964184810251166,0.03743768383242829,9.119224438789839e-05,0.036876520377394126,0.32917612252067296
7,0.5966088050698499,0.04405249676476966,0.00010973952421142751,0.025359601843452758,0.3338693567977162
8,0.5373367099704619,0.2411779661661348,0.0001843676893510232,0.0648250301183327,0.15647592605571947
9,0.1743495474692203,0.024010377829192065,2.2027068927497364e-05,0.0026763907550502613,0.7989416568776099
10,0.14013819980779854,0.8341128944967483,0.00031135272666694703,0.0015692777759676129,0.023868275192818686
11,0.1282451370008801,0.8488650158034847,0.001798543457448034,0.0038035704552180187,0.017287733282969175
12,0.03909795019842101,0.9465512271707686,0.0006014762960291314,0.00571087114833921,0.008038475186442167
13,0.011257815712357651,0.9690719334295786,0.002083242252635052,0.010120986281949955,0.007466022323478818
14,0.005293319204615059,0.9802352102752815,0.0028777030165456404,0.008197520136862856,0.0033962473666950084
15,0.0073166430139110245,0.9669303292097648,0.020979770534886297,0.001601510911724754,0.003171746329713267
16,0.04450354799360894,0.9362608660011001,0.007736538922449223,0.0036689406482552844,0.007830106434586183
17,0.014742820593225039,0.9669433533223087,0.008406738984141647,0.0031149771665938074,0.006792109933730774
18,0.04044148072920326,0.9180872494365168,0.005341390592957401,0.0014819522380297688,0.034647927003292646
19,0.13008352818033875,0.17398381339791594,0.012974336621724395,0.001159669984301373,0.6817986518157196
20,0.021124339941310886,0.7415819771647805,0.21996746811244133,0.0004373472311259569,0.016888867550341465
21,0.006868069665414059,0.39008324905819114,0.5921348777800447,7.962531431049961e-05,0.010834178182039758
22,0.006007615821246227,0.3043605359634339,0.6808808263291697,4.594955271301182e-05,0.008705072333437112
23,0.004276957440736903,0.21994758569042092,0.7535594626762292,4.840119570377682e-05,0.02216759299690909
24,0.0070168431430033765,0.15226668849100275,0.8239666196906852,4.942488329391081e-05,0.016700423792014772
25,0.02078440881691778,0.3176615884929496,0.5989342207712802,0.00022770867643908286,0.06239207324241316
26,0.0035161206342094625,0.23278412665483791,0.7485275523026834,4.869987535417016e-05,0.015123500532915009
27,0.012268540277802198,0.5231585798499039,0.43125853203179154,0.00022027046677297076,0.033094077373729235
28,0.011515866085223994,0.29919946485992366,0.6487407815254547,0.00027069483867072773,0.04027319269072699
29,0.005429073689025514,0.3452463999943628,0.6223607921080594,0.00024125523132584913,0.026722478977226467
30,0.007009587656429722,0.3448358853227444,0.5858655552871923,0.0003011579081377169,0.061987813825496035
31,0.009317149076835682,0.4608087689992347,0.48965810044594127,0.00037769139621147914,0.0398382900817768
32,0.008062150801493596,0.43432341448727474,0.5337749613383199,0.0002178527337872155,0.023621620639124576
33,0.01185560359028257,0.6369795358571114,0.298679204119121,0.00036055727963717383,0.052125099153847956
34,0.013032679094285132,0.6810481324897978,0.21755726205490178,0.0003036326722219427,0.08805829368879332
35,0.01082540703084539,0.4287669690924608,0.49800792643089387,0.00032952761697118815,0.06207016982882868
36,0.010870856946993824,0.2731200273359,0.6552003066569958,0.00032966767487972807,0.06047914138523064
37,0.023557346766089417,0.6208361904359483,0.21716411706052105,0.000863171837972677,0.13757917389946858
38,0.02999444620933701,0.4146670564027147,0.11493388324351468,0.006882641411376016,0.43352197273305765
39,0.020350236828777363,0.3172871639639412,0.11019855623485446,0.006615510385416721,0.5455485325870102
40,0.004317407846905166,0.006259637517109912,0.00312822120244569,0.0013159252773029262,0.9849788081562364
41,0.0005547988967355878,0.0002096862315750683,0.0004144709366844311,5.8194270374866205e-05,0.9987628496646301
42,0.0017925099943449886,0.000195598930366485,9.693927745013326e-07,0.0003274141067187439,0.9976835075757954
43,0.27925159513439934,0.002473178545005225,8.639275432570099e-05,0.0010476770250966152,0.717141156541173
44,0.039753695758726774,0.003171394241101599,2.7633629436338362e-05,0.0007038077678996252,0.9563434686028356
45,0.07571122140035219,0.010510567653118353,5.655980978591195e-05,0.0010031689900429181,0.9127184821467007
46,0.055981357099088414,0.01815274236683181,9.227110347081731e-05,0.0028582281777998187,0.9229154012528091
47,0.30059411519493656,0.017535046222762973,7.319677844068689e-05,0.005251435432908582,0.6765462063709511
48,0.23373085689519602,0.03173800499258412,4.3167806854111093e-05,0.01579654273583002,0.7186914275695356
49,0.496519970378607,0.09757914759296732,8.262462655287324e-05,0.057534030314856884,0.34828422708701595
50,0.001029780579567836,0.001947423685358967,0.0006008817540921133,7.885818448170007e-05,0.9963430557964993
51,0.010763661546809664,0.0027957382848978704,6.855889212543526e-05,0.0012722680466774586,0.9850997732294896
52,0.2716672174521934,0.06222129090035575,0.0006944646556707411,0.10763120828424949,0.5577858187075306
53,0.2857611778018862,0.047653496879063444,0.00015859005964691722,0.06341006162227612,0.6030166736371274
54,0.42507916456250033,0.03228986938297217,5.21812469282218e-05,0.0699133319982508,0.4726654528093485
55,0.46204223105891584,0.34401085990947056,0.0004978258704962309,0.12915733469655805,0.06429174846455925
56,0.35454582400119045,0.5569383588746915,0.0005943282362177422,0.024625238001238822,0.06329625088666152
57,0.5225994387651798,0.29753947476274406,0.00014408745173534219,0.042750211187583584,0.13696678783275734
58,0.18763693157989317,0.7874599589966501,0.0005214446928804487,0.01574554555678745,0.008636119173788814
59,0.03323957255032261,0.9391595636834982,0.018716128660201812,0.0055531302950833795,0.0033316048108941914
60,0.13478737458322645,0.8426070532896942,0.0013440863006683988,0.010161520506594175,0.011099965319816813
61,0.020684101528262465,0.9495774688347095,0.024837631929340062,0.0014647681845935067,0.003436029523094575
62,0.010382515241205866,0.9566335286800702,0.024406103279649,0.000552475510505842,0.008025377288569014
63,0.003863332225246005,0.9116673332881421,0.08017755792371843,0.0004915956160540718,0.0038001809468394226
64,0.0044523437824814955,0.9363599892085211,0.05544343093213653,0.0004607343940107269,0.003283501682849909
65,0.016775163224199766,0.7587188647811989,0.21597592996460452,0.0006658589406747216,0.007864183089321982
66,0.006698276571234847,0.8831768343486572,0.10530299162325805,0.0008837068336567523,0.003938190623192929
67,0.0028783862425409913,0.8181861318462572,0.1756845260847649,0.0003273686092097257,0.0029235872172271005
68,0.0034883845056567016,0.7864751994045686,0.2053479097019402,0.00032144987643481553,0.0043670565113996035
69,0.003920739075056526,0.8904025551592408,0.10127655985299236,0.0007668096373223649,0.0036333362753880718
70,0.002040134283533184,0.8387783283918439,0.15343847690226192,0.0003373388501459652,0.00540572157221495
71,0.009979912662303242,0.9252591325588124,0.05990809021262774,0.0016269876021879873,0.0032258769640685276
72,0.0019467035005069416,0.7468027378433874,0.24912427813304946,0.0006094426850766298,0.0015168378379795166
73,0.005781007825730036,0.8391089242452955,0.14476137430995903,0.0019852180298693877,0.008363475589145944
74,0.002117782962679237,0.8153062317834407,0.17779613647394518,0.0007371110919086991,0.004042737688026037
75,0.005514316245005761,0.013426703448678159,0.00790433028243917,0.001456946452254568,0.9716977035716223
76,0.01509595648980023,0.003659891621632018,9.012555501781135e-05,0.0007126602440832431,0.9804413660894667
77,0.7467227709445085,0.12053599106229647,0.0012332513181326254,0.005554176982764799,0.1259538096922976
78,0.759871547702472,0.054077660129919956,0.00019652784188358514,0.0012297565101321594,0.18462450781559234
79,0.2869365915236175,0.6291457779279813,0.0024908252132260678,0.0165334089059695,0.06489339642920564
80,0.14971620054693066,0.4883705568577003,0.0028134299026885863,0.05034548787160614,0.30875432482107434
81,0.102142435310942,0.5374595964421783,0.002344764503396151,0.02357071983956183,0.3344824839039216
82,0.00031637242972983406,0.0005505809356317208,0.00023712841035624074,6.941439153816748e-05,0.998826503832744
83,0.055077175763098465,0.015188644590967271,0.0002997553766663845,0.00035515806037246056,0.9290792662088954
84,0.2083075664436645,0.6904325592376047,0.004406869820510186,0.0006901024712872283,0.09616290202693324
85,0.441314545767604,0.4265266613843675,0.003411372525423135,0.0007110572843751095,0.12803636303823032
86,0.15294856907267107,0.820656950567645,0.013263915871336917,0.0007886972009609622,0.012341867287385849
87,0.03992312314575474,0.9057061635579626,0.03541215491059679,0.0032058247791894308,0.01575273360649631
88,0.011208551613646815,0.8925813575724941,0.09084104420566035,0.0013705635799131958,0.0039984830282856435
89,0.0116088623307736,0.9250981352784093,0.051752917816040495,0.0019863645854262153,0.009553719989350593
90,0.005057552165195208,0.8334927291353397,0.15715646997598903,0.0004476420268765085,0.003845606696599669
91,0.007416316807779557,0.860600404738937,0.12845817358692596,0.0007631745484304629,0.002761930317927161
92,0.047150285433592655,0.9003207016349961,0.04243692285971827,0.0035122095187596174,0.006579880552933505
93,0.0020564828810944293,0.8021547334113549,0.19350694545075997,0.00045034734823423873,0.0018314909085565463
94,0.009590376247940612,0.8462743017722598,0.1366921421999901,0.0011123096698336542,0.00633087010997568
95,0.005680960842763739,0.8256493348175747,0.16462612163191587,0.00020202100098644986,0.0038415617067593015
96,0.0025273732108465822,0.5281273407043732,0.4680618724716989,6.100106043030887e-05,0.0012224125526510772
97,0.0038341498260255503,0.5294470877078074,0.4624971797926549,0.0005592386983719004,0.0036623439751402947
98,0.00035779012696266307,0.4051612340761797,0.5930908419656205,5.183787329632629e-05,0.0013382959579408067
99,0.00038407645427181966,0.29746038869820884,0.7012032404052573,3.8561557720200445e-05,0.000913732884541881
100,0.0027692974186386515,0.2180803298620503,0.7763261710052993,0.00011056890530499505,0.0027136328087068646
101,0.002028238161144264,0.4457899116406246,0.547733755118776,0.00013867874662291764,0.00430941633283209
102,0.012639498108943591,0.24603402831112842,0.7359877145647371,0.0003976422869273395,0.00494111672826365
103,0.00389832123358788,0.620664596443227,0.3665461152332168,0.0013764084979304126,0.007514558592037887
104,0.002225137198673764,0.5659069609005033,0.4202620452940434,0.0011781703545988174,0.01042768625218076
105,0.05719465613979599,0.03534177043264081,0.002567012036657164,0.002454772713434122,0.902441788677472
106,0.01479084195903812,0.003996380524233201,6.460982017220643e-05,0.0004691192486550303,0.9806790484479014
107,0.7747150638727934,0.03642023083479382,0.0002945318523709217,0.013499156442629064,0.17507101699741276
108,0.6843153231969974,0.18204245819948034,0.0007471479038383363,0.0027479712970855477,0.13014709940259825
109,0.3083686966930408,0.6048260617943502,0.001181886897736296,0.007540676065813995,0.07808267854905877
110,0.10075280873474447,0.16402883483580694,0.0008737110363480231,0.009741507237052353,0.7246031381560482
111,0.2555191209957976,0.505032967925143,0.0010559623499033625,0.06612428575493845,0.17226766297421753
112,0.19363080665599555,0.6828634807207474,0.0013207608007850433,0.057410725272316505,0.0647742265501554
113,0.23310845567997066,0.6089201617190164,0.002322383825159787,0.03613709461246486,0.1195119041633883
114,0.10364973418138927,0.8655707141653288,0.00145958282763964,0.011560668785690424,0.01775930003995174
115,0.06964538968001442,0.898963779434049,0.0030437007535693158,0.02138011282115496,0.006967017311212009
116,0.14215458472764805,0.8077821520617876,0.006624010692558985,0.016044743872540596,0.0273945086454648
117,0.10999854592468847,0.8554957531180165,0.004695914676951238,0.01202368885703777,0.01778609742330592
118,0.03186712797836001,0.9514638411916512,0.0055070419774883965,0.007163464596363439,0.003998524256137004
119,0.017800648545977474,0.9730602568278465,0.0041614852697039436,0.00381705061845831,0.0011605587380138396
120,0.008100985067614065,0.9799570780871164,0.00912310429025354,0.0014986150138355677,0.001320217541180303
121,0.009932675805378498,0.9633685528383624,0.02278357581675767,0.0008935555113197846,0.0030216400281818543
122,0.03570811809811973,0.9549822716759419,0.0025703298654765282,0.0024368326934459004,0.004302447667015882
123,0.0038165852778497614,0.9605313120222325,0.033274589301218335,0.0008431795673501603,0.001534333831349317
124,0.006314554172901179,0.9723354466776853,0.018726550141212064,0.0007379426510538017,0.0018855063571475168
125,0.005335838946027531,0.8441127577121756,0.14817442119780722,0.0005409898830873275,0.0018359922609022165
126,0.0029087981600475904,0.6895578364405779,0.30505304869911387,0.00045846188920286944,0.002021854811057862
127,0.00394194216102849,0.9012669136000254,0.09212942547989683,0.0013740144075181282,0.0012877043515312585
128,0.004444621358922728,0.8213479964541537,0.17197363999993315,0.0008877929978969208,0.0013459491890933635
129,0.016518556470907927,0.7478707939527808,0.23101145169089507,0.0007443977282787803,0.003854800157137444
130,0.004599301793249317,0.7449127539092479,0.24574046343926817,0.0012025173034496536,0.0035449635547849176
131,0.004167024152046357,0.7931136212427955,0.19991365691718174,0.0008179907828382343,0.0019877069051381486
132,0.002310407489067855,0.7856479270790963,0.2106380051167826,0.00041891075729399643,0.0009847495577594235
133,0.00153524976099663,0.4457125124183813,0.5512819168677804,0.00022370197831011928,0.0012466189745316165
134,0.0011319831060557731,0.7048126340973421,0.2926016363462034,0.0004994209290819357,0.0009543255213167604
135,0.0005566065828044226,0.41462420431750496,0.5835757714685684,0.0003442934494325302,0.0008991241816896805
136,0.0010550222598136542,0.33202637886706193,0.6650353487124026,0.0006557356103780858,0.0012275145503436976
137,0.0014391393204993838,0.5360832511164918,0.4590713284657464,0.0012630710482893998,0.002143210048973023
138,0.0042274334785790575,0.6102761046754094,0.37912324881996434,0.00140469003340351,0.004968522992643862
139,0.002233594930863938,0.5096931052562279,0.48519089541386673,0.0009443648016592564,0.0019380395973822076
140,0.0026253924722509136,0.627048156324346,0.3633703848956581,0.0024210159349424085,0.004535050372802549
141,0.012152361421759945,0.08904503691808531,0.05241841941491576,0.004401389678090124,0.8419827925671489
142,0.34780645986280107,0.13098704319091478,0.00835367482211724,0.03627188428562293,0.47658093783854377
143,0.06311670281796664,0.010590260721267964,0.0005127021645264715,0.004445947163312262,0.9213343871329267
144,0.05568926137351035,0.0348365169513726,0.001087199520584309,0.0013261674951581892,0.9070608546593746
145,0.5240667371513913,0.32075730001259123,0.002684249612973322,0.01794366357068915,0.13454804965235495
146,0.19049038032914667,0.7331426481498868,0.010275988798638135,0.007395722767978551,0.058695259954349814
147,0.3528956128528017,0.5438517242012764,0.0037431134202973292,0.04257516800034142,0.05693438152528322
148,0.15517489156860345,0.730541153619705,0.023799222405410398,0.02088501354474771,0.06959971886153338
149,0.350863260627411,0.474167789336425,0.004289419125099492,0.0884866623245151,0.08219286858654948
150,0.14397044623511676,0.7919282919040603,0.003045256560902009,0.053224506940890974,0.007831498359029883
151,0.1437293725511939,0.5056761137319714,0.007175254139818431,0.030392313616833644,0.3130269459601825
152,0.1942650379790349,0.7005375573566897,0.005805432191536944,0.0892821723636569,0.010109800109081689
153,0.008152470071980231,0.7953010403126421,0.14571367344050612,0.04481369578564903,0.006019120389222472
154,0.2811933537369054,0.3966289740855061,0.0016245990573555303,0.28830505281832775,0.03224802030190518
155,0.06691915543705423,0.6979729002766154,0.0015317778545686435,0.22950528394199612,0.004070882489765626
156,0.11861838669006103,0.4082371048670177,0.0021541235871202435,0.45143882452076095,0.01955156033504008
157,0.1069213915997986,0.10478044392885327,0.00014176884258519724,0.7808211584558241,0.007335237172938782
158,0.18748775204103993,0.15444482375611027,0.0006288746540398549,0.6093368540080776,0.04810169554073247
159,0.14189099997823643,0.08343054246714539,0.0043989171945914875,0.5551523938011106,0.21512714655891607
160,0.0648006276152182,0.0346788818050593,0.0005469686045867188,0.8328202813994238,0.06715324057571204
161,0.12063215454910858,0.02458641784432956,0.00022488666322215394,0.8395716767881194,0.014984864155220134
162,0.05472529354118829,0.05734345439378417,0.0008705519310222279,0.8577670317931662,0.029293668340839272
163,0.0977744725206036,0.06367562009688939,0.00012923971594141036,0.7753433832239387,0.06307728444262702
164,0.09297617653958044,0.08794852240252891,0.00017202410637062678,0.7623874851423704,0.05651579180914955
165,0.07522818088798959,0.04358430090390877,0.00011293646507850523,0.8710549119174035,0.010019669825619594
166,0.06963299658396581,0.031320491380243155,0.00010017965777463705,0.8864295581929859,0.012516774185030463
167,0.06312667945197571,0.0563375053088425,0.00018173416450510547,0.8691784278297012,0.011175653244975315
168,0.0747622580152215,0.13384516522896092,0.0003352437891729875,0.7430134859138746,0.04804384705276993
169,0.14491045557176696,0.1145256116933253,0.0004733232488754655,0.5504306961864739,0.18965991329955836
170,0.07601097164442568,0.16267068308328303,0.0006674793916368043,0.6323741103931642,0.12827675548749035
171,0.1774889988098432,0.15279393333082464,0.0006118331020728061,0.5187033780902178,0.15040185666704156
172,0.10729138798629034,0.12018533024927372,0.00033252500619946126,0.7388964600902198,0.03329429666801668
173,0.05353524872243201,0.1157850995915268,0.00034520157981930883,0.8013439957995105,0.028990454306711436
174,0.04609675357323587,0.048300959167849246,0.0001477299778519667,0.7251933730945276,0.1802611841865353
175,0.01899488360855695,0.014558519243420588,2.9611784441999084e-05,0.9604121310279781,0.006004854335602581
176,0.03710670114375209,0.01610844965784726,8.540840127516233e-05,0.9348929936266578,0.011806447170467839
177,0.03727085914747287,0.012145847734581593,4.085173817187001e-05,0.933477997446899,0.017064443932874686
178,0.03213195422866015,0.009909704619764965,6.315880894234621e-05,0.9449932518422666,0.012901930500366116
179,0.03604146623128282,0.02226237157236418,8.249042688981482e-05,0.9220954354538735,0.019518236315589684
180,0.0313622820200533,0.008462846697641947,5.5341185818430146e-05,0.9050729594903303,0.0550465706061559
181,0.03307786360509249,0.004757992288552001,2.5966170769034637e-05,0.9545259767075251,0.007612201228061306
182,0.05287991428761238,0.008458243540489224,3.39228525204525e-05,0.9239058018008178,0.014722117518560144
183,0.07991513997019661,0.02514040942213607,8.675203778484734e-05,0.8724605587606076,0.02239713980927501
184,0.038411961319728356,0.03608779121876072,7.668896183921596e-05,0.8965490058457194,0.028874552653952296
185,0.0320435672387386,0.01398956496762923,4.9654978453518257e-05,0.9463190423195872,0.007598170495591312
186,0.04950670798820625,0.03758117851026232,0.00010070157912487417,0.8898423721800832,0.022969039742323446
187,0.05336604001636032,0.018757203846493813,0.00012543994775381247,0.6028269544159117,0.3249243617734802
188,0.04566301453348364,0.01723891143041249,0.00012803460159450461,0.04837213640401165,0.8885979030304976
189,0.45291549616987387,0.08246848542036012,0.00045600512593514024,0.372724189958698,0.09143582332513298
190,0.42559762186770705,0.43725003385022876,0.0007076223057247062,0.060617643452571264,0.07582707852376813
191,0.29876207496486207,0.48194986022401853,0.0226657991272857,0.053593804988765474,0.14302846069506822
192,0.42445034853732044,0.451115449781701,0.007691569586458878,0.07592538340973218,0.040817248684787484
193,0.0188075537821344,0.8985091651493626,0.07422181845362544,0.005021182360065861,0.0034402802548119003
194,0.030862015552459876,0.7811441724307077,0.17325515837026484,0.007260030979002301,0.00747862266756539
195,0.0035973248147528635,0.8416476622702774,0.14849053209810018,0.00111858922368815,0.0051458915931813665
196,0.010344453631636757,0.4459646357021928,0.5184872791195356,0.012324004192067356,0.012879627354567352
197,0.02092321527567251,0.5555596211746001,0.40158391895113893,0.008505356304425138,0.01342788829416339
198,0.0009402623617189357,0.48463502204597286,0.5071186103274453,0.0026006469736157673,0.004705458291247135
199,0.004558947190906262,0.5469784397035158,0.4253658380253172,0.012794328939965538,0.010302446140295065
200,0.006332513403480147,0.9306335958300196,0.044625081559330954,0.012667275595959034,0.005741533611210324
201,0.013854974048561277,0.7178813569024769,0.23381898471628756,0.02120745628067021,0.01323722805200424
202,0.007996879576721232,0.39067480673579674,0.5873274366047776,0.008047583350109001,0.005953293732595404
203,0.009585588760103084,0.3343356454033212,0.5849440210852644,0.032005743299697506,0.03912900145161372
204,0.011293844236388005,0.5832172032495956,0.37111353045242435,0.015525917620218902,0.018849504441373205
205,0.0015239176217836123,0.3999575710350873,0.5957595634184548,0.0014186422896512352,0.0013403056350229912
206,0.012584495417521093,0.8396369423968822,0.12986202882416964,0.010113227205656926,0.0078033061557699545
207,0.03584355463769407,0.8467282364849108,0.09866942598114016,0.010950602021560979,0.007808180874694159
208,0.007407130284187655,0.8529184137071517,0.12974132907419048,0.004852279801666213,0.005080847132803975
209,0.004668549716549132,0.9387252186750651,0.0497699753000923,0.002667779866893745,0.004168476441399847
210,0.0034254469147165095,0.8903633510021367,0.10126610248259989,0.0016268648985549685,0.003318234701991989
211,0.0008301679710180695,0.7494773083503787,0.24749628382548608,0.0008258192561368587,0.001370420596980227
212,0.0023034298444364956,0.5716517884020653,0.4232160141106152,0.0009412946404199998,0.0018874730024630076
213,0.006339058705489144,0.688644490375226,0.3028307191492174,0.0010134183334755353,0.0011723134365920283
214,0.005995405412419623,0.7252394713805556,0.26557519074781,0.0006031380064709195,0.002586794452743933
215,0.0013298976211045036,0.4343153588587113,0.5627370690625491,0.0002833386557922761,0.0013343358018428084
216,0.0004119900113823297,0.26925750461724784,0.7294716444576024,0.00010424083230554876,0.0007546200814619879
217,0.000703688660333557,0.3363870916540742,0.6618540017255026,0.00019116228526506435,0.0008640556748245921
218,0.0008643218793445126,0.3836817670929782,0.6141144087853577,0.00021959976862640147,0.0011199024736933056
219,0.0005501188049574943,0.7341464455151899,0.26378806201652155,0.00036341943346800495,0.0011519542298629429
220,0.0018841747983056568,0.8665921038273572,0.12870726717779823,0.0011445264316995829,0.0016719277648394387
221,0.0025255600653426606,0.7533638304995444,0.2412951937574565,0.0003756246367541657,0.00243979104090235
222,0.000866602293753865,0.5732357423018825,0.4241283322500569,0.0002694724901898622,0.0014998506641167707
223,0.0034335575175942885,0.8712095054301704,0.12038222246976986,0.0011510460902186819,0.0038236684922467678
224,0.0028641128231817283,0.7882591002149985,0.20556427683459788,0.0009979085095862881,0.002314601617635726
225,0.001641443006698137,0.7826830143084594,0.21128007595504078,0.0014697488010776913,0.002925717928723966
226,0.002244940481682571,0.9213060850291317,0.06875828590917725,0.001988845974984561,0.00570184260502401
227,0.004461206443234078,0.691000976963261,0.29359851923918306,0.0038482847964266312,0.007091012557895208
228,0.07697379042749623,0.6201662712512971,0.19953841628125457,0.007079511916270282,0.09624201012368182
229,0.29136073722407574,0.06253945403231256,0.0011102146415628783,0.046723351637226955,0.5982662424648219
230,0.5987375077067469,0.0865657489205185,0.000326915585237518,0.06251950116038717,0.2518503266271099
231,0.015918987587816257,0.0023762864692042176,0.00031259390389785187,0.0021218892564040213,0.9792702427826776
232,0.11155006506331039,0.01369355490279805,1.9402395952705615e-05,0.0012965837529647483,0.8734403938849741
233,0.35738843728170966,0.11738014073732679,0.0005406751613061575,0.0024631190497544694,0.5222276277699031
234,0.5836489092417109,0.20896862030455163,0.0006568760788238743,0.008318576963994732,0.1984070174109189
235,0.21706322401317116,0.43436546611919363,0.025007216053279074,0.010008066229453102,0.31355602758490286
236,0.21268913301551065,0.7160737229124234,0.003389028097446247,0.014670896109334492,0.05317721986528503
237,0.0567504853541647,0.8835095356000693,0.03962564685952876,0.01249711346178515,0.007617218724451965
238,0.03042048219957317,0.9239811170506763,0.021762734710524995,0.006780282843187993,0.01705538319603737
239,0.0110134969170131,0.9503252944786427,0.03331836124863932,0.0034111470136559442,0.0019317003420491164
240,0.006122311565590015,0.9642299011222196,0.022826222754406558,0.002963600592324227,0.0038579639654594696
241,0.01935538224389543,0.9158572290503004,0.053391263722868676,0.005513027554364652,0.0058830974285709135
242,0.007228552462544782,0.9376501651231287,0.04870144901161318,0.0033304240976354373,0.0030894093050777773
243,0.020280148671378756,0.9027283217841395,0.058488053615758075,0.0027617443031086523,0.015741731625614753
244,0.00974855624934831,0.9366486718398596,0.04769135904545721,0.0017669372893426266,0.00414447557599236
245,0.00550722729716697,0.9324922510058721,0.05340996393970795,0.0015540859673444304,0.007036471789908605
246,0.01389804186475802,0.8940241470182334,0.07206577049550726,0.00432813234591546,0.015683908275585957
247,0.007325053151421983,0.7944416264427614,0.19341108444903302,0.0015393049033064032,0.0032829310534773703
248,0.07603854071445013,0.8353857435595469,0.059955983795943836,0.00773879585136995,0.020880936078689356
249,0.010106526644481414,0.8586206277770139,0.12148402458805965,0.0029897919334000806,0.006799029057044932
250,0.015575970522252831,0.8341147181405764,0.1453467584380267,0.002941419547918875,0.002021133351225224
251,0.004234652121828148,0.8355864489343412,0.15585339482702268,0.0018849842391763787,0.002440519877631723
252,0.018692197604549765,0.6071836834593731,0.33641502780628174,0.003834256983042274,0.033874834146753095
253,0.02437749679970198,0.7812278651274494,0.14499288320014642,0.00835018477759496,0.04105157009510739
254,0.019047166478096667,0.9306739890675155,0.04010653134468715,0.0031338938713810216,0.007038419238319602
255,0.0176352962132065,0.9337847792686614,0.04121309810839776,0.003627102796080866,0.003739723613653553
256,0.041004923280394213,0.9030623511877403,0.04392524980454063,0.004318260580814836,0.007689215146510101
257,0.008504795585351702,0.8253249164808837,0.162067763713924,0.0018490951299194888,0.0022534290899211672
258,0.008688331519333712,0.9118648231358099,0.07434866727244982,0.002016361839563898,0.003081816232842495
259,0.006820437297918529,0.9039660896205215,0.08303604761806622,0.0010027816282054149,0.005174643835288296
260,0.005350017431199674,0.8631826316413415,0.1286672657015307,0.0008783252972129395,0.0019217599287152224
261,0.004635395099504284,0.564541925464468,0.42884296831908664,0.0007083136336373033,0.0012713974833037777
262,0.020042700638259345,0.8172356838844842,0.15249844838665638,0.001415588110920685,0.008807578979679419
263,0.005860302050400767,0.6199960727432919,0.37177308567671347,0.0006011285889656643,0.0017694109406282375
264,0.0015479893842454738,0.6506064114984609,0.3461857226400798,0.0005669526336802923,0.0010929238435336555
265,0.0009410888078294644,0.8062780508177068,0.19172961922400564,0.00036212745792994983,0.0006891136925278877
266,0.0022012194283372527,0.8394812249621929,0.1561643731592997,0.0009460174053330407,0.0012071650448371924
267,0.0006453910887229855,0.8218132582920062,0.17636851029272457,0.000599928890713838,0.0005729114358324966
268,0.000799072837465051,0.6590764886263567,0.3384635884341421,0.000559885943006902,0.0011009641590291716
269,0.0015744020781394016,0.7453347041104624,0.25088002695851375,0.0008581706341357091,0.0013526962187486646
270,0.001599150403554357,0.9073029977450745,0.0884360426399773,0.0014025364882603905,0.0012592727231334386
271,0.0029704799259190023,0.7971151401775531,0.1962018570304275,0.0019798873868835474,0.001732635479216758
272,0.040059953642616025,0.43897991163888284,0.07215448890879785,0.007860573697056044,0.4409450721126473
273,0.22682543848991388,0.658932192488065,0.004262146381619957,0.021230231143677003,0.08874999149672429
274,0.10082728206090469,0.6175515554547242,0.06157679593443864,0.013215378976545395,0.20682898757338714
275,0.28216166985866065,0.6728589009396697,0.007093731392863519,0.02166535572688858,0.01622034208191758
276,0.2270131952570908,0.6666062098933787,0.012914814514845089,0.008705080324473837,0.08476070001021163
277,0.24358846123084132,0.6654378755667248,0.018024370673632065,0.011568483042091932,0.061380809486709834
278,0.23386537765022053,0.7019229342054697,0.005502178043865719,0.04585814960933801,0.012851360491106035
279,0.08867302005142158,0.8831169335908345,0.007292763641087786,0.010330306497143251,0.010586976219512996
280,0.10558572194450641,0.8487675109820678,0.0076186893448440185,0.010543125987553243,0.02748495174102836
281,0.08508284842255251,0.8635777253955136,0.01546375962183927,0.026089597874342774,0.009786068685751848
282,0.018299109783113342,0.9523675949261057,0.005760544432082347,0.0060617011063506445,0.017511049752347935
283,0.036797768956062946,0.9125107322789935,0.02729714612388703,0.008936134282654652,0.01445821835840201
284,0.03587668890428154,0.9246959832524612,0.014480712696934255,0.013865985875725234,0.011080629270597773
285,0.009782022304068905,0.9535107974449705,0.024255974884206485,0.0047321233609465526,0.007719082005807787
286,0.01141167203918105,0.9229595612850487,0.056658531641146787,0.0028289590016091527,0.006141276033014334
287,0.03877529693907437,0.9187054527184824,0.030280818132638963,0.0018152330760652193,0.010423199133739208
288,0.01748517180528568,0.8706141295965881,0.10270555681934485,0.00474199131703438,0.0044531504617468555
289,0.04165384903072211,0.9216257527082357,0.0158294026460447,0.003023728573475919,0.017867267041521542
290,0.014807127680266423,0.9323605887106251,0.04292729542344592,0.003974409996576787,0.0059305781890857225
291,0.05723638607815586,0.9161892367268213,0.008216083152430323,0.0039749965602551,0.014383297482337696
292,0.04378073515430307,0.897485021468556,0.04795897022930693,0.0021124270906196815,0.00866284605721426
293,0.003892843264404733,0.9390476846377357,0.051810108690844583,0.0023563353459481466,0.0028930280610668783
294,0.03867305874635583,0.9078019963712148,0.038662359283494784,0.008640257431444897,0.006222328167490025
295,0.01514473635794699,0.8727702349794577,0.10092225468928465,0.004182078843729924,0.006980695129580911
296,0.005239358359348336,0.6998522582737686,0.2831934304040245,0.006627629942984966,0.005087323019873464
297,0.014025886084189101,0.8828232117538811,0.061653386005336736,0.029547464825107235,0.011950051331485825
298,0.06678212342420783,0.6601557027496334,0.16667001120361052,0.06235560579500308,0.044036556827545106
299,0.18214137342192568,0.4899315224540627,0.06613815235553815,0.05837327752036314,0.2034156742481103
300,0.03758729574305103,0.7659034543167261,0.026806962561454623,0.06872763473345814,0.10097465264530997
301,0.1198174749653873,0.5584427387730584,0.06746589093096628,0.11617038822095103,0.138103507109637
302,0.05955879518781308,0.7889206498620035,0.042929248712455785,0.06375429025165134,0.04483701598607621
303,0.1268170025924594,0.7684496449655044,0.008441303630546232,0.03682990512133734,0.05946214369015268
304,0.026319128546869835,0.9009243282940177,0.010561551882724549,0.011327039801989092,0.05086795147439878
305,0.025030947387817856,0.5659594532775714,0.3114939764277031,0.014117068984114101,0.08339855392279352
306,0.09130215053104469,0.7199666008922821,0.10452233592439608,0.01637056657300128,0.06783834607927583
307,0.02104728826579743,0.8312402555867554,0.07148860368376796,0.008251650161026991,0.06797220230265233
308,0.06714829658279135,0.7665110286021755,0.09985510125280438,0.0078329625057428,0.058652611056486094
309,0.054823978312729595,0.7638407994565213,0.11945663465140083,0.012354274444770656,0.049524313134577475
310,0.05296417040686672,0.7261373444228717,0.05236701328695352,0.01815116784453311,0.1503803040387749
311,0.028746394516631406,0.8848529074805683,0.052067589797953104,0.007998908892003413,0.026334199312843566
312,0.043621819173935546,0.8442733443906707,0.017499870425143584,0.007726436919007658,0.08687852909124236
313,0.05661722442414031,0.7763676708884883,0.04988485491125293,0.01081535309000981,0.10631489668610863
314,0.043878270631455704,0.8319909019741997,0.03645525694243247,0.01117411225436948,0.07650145819754259
315,0.022688500003271786,0.8897659954839282,0.023665078690316893,0.0056980213914554845,0.0581824044310276
316,0.09580806094604083,0.7439422709093485,0.03887725360700432,0.021320168077701578,0.10005224645990458
317,0.05489652167735427,0.7449586015790313,0.027566017659300925,0.02025134282791122,0.15232751625640256
318,0.0610499224069924,0.7897870665233251,0.01892268130099965,0.02062002171992672,0.10962030804875625
319,0.022816508787759628,0.06678589750188145,0.029534909495363748,0.01708905208746859,0.8637736321275267
320,0.15923072718454157,0.09267315093260359,0.010825714131724147,0.020461281902567,0.7168091258485638
321,0.39756530236398474,0.24335746441119913,0.008459005519565825,0.051617997407436035,0.2990002302978143
322,0.37789761577369935,0.35092349658567085,0.01882210068777619,0.10312583688108413,0.14923095007176945
323,0.2044378503704454,0.6930659353371695,0.051658061517548724,0.010601043844749802,0.040237108930086606
324,0.23076502331484,0.6814021984013806,0.0158496109661448,0.039931145811000844,0.03205202150663375
325,0.01669724068900056,0.9304677852166954,0.04485743369090551,0.001710114728024263,0.006267425675374254
326,0.021010997407173677,0.9280664966832333,0.0451530906695316,0.0017812198888731514,0.003988195351188274
327,0.038551404561578045,0.9528812396401041,0.004985722941932842,0.001479225811137047,0.0021024070452480815
328,0.0027972818617025934,0.945980162260813,0.05024502061457594,0.0005635547776231526,0.0004139804852851726
329,0.11328473625461748,0.5759948074164447,0.1990693101409376,0.004340517457958694,0.10731062873004148
330,0.13625337020656736,0.6523992529180721,0.08805232361006538,0.0060648544485398465,0.11723019881675524
331,0.08242829539657691,0.8572382584135806,0.006551161757746991,0.004394403528092471,0.049387880904003055
332,0.1618222588238068,0.7666760327854174,0.012559378184631452,0.018144935907851427,0.040797394298292974
333,0.03468447580662773,0.861640485828726,0.07791152140725402,0.018006260482543873,0.007757256474848391
334,0.06243595456955335,0.6642736422220726,0.02038264655962154,0.2487782610152289,0.004129495633523535
335,0.16918909340014104,0.2775636214118379,0.003088580786558503,0.479634794485944,0.0705239099155186
336,0.08986012051465736,0.2403428818758065,0.0035914193730708327,0.6542986121045122,0.011906966131953156
337,0.1100059465753775,0.06409449928045705,0.0016923033545704926,0.5633877525272498,0.26081949826234513
338,0.3363848389432746,0.04531433778541862,2.926694591056461e-05,0.556954160593268,0.06131739573212846
339,0.14006768937118982,0.03323005750449769,3.717171005359857e-05,0.8081900963414914,0.018474985072767437
340,0.19136345621091527,0.12034163315200717,5.7962678991867836e-05,0.56723429643866,0.12100265151942578
341,0.07658682215264355,0.03965655872323548,8.614814253819715e-05,0.8737716272241607,0.0098988437574221
342,0.02828443504696567,0.05890630802289984,0.0001077247299456179,0.9061687854259995,0.006532746774189444
343,0.028821363870949447,0.03860538351299398,8.9696189346859e-05,0.9269979453481799,0.005485611078529837
344,0.013948562927486897,0.021832781505279564,4.503006353524329e-05,0.9602534591421981,0.0039201663615002
345,0.012030932322012822,0.020530572026229054,7.527883653719584e-05,0.9629047153861012,0.004458501429119596
346,0.033176081638861286,0.1279747347732162,0.00019704133526450755,0.8312573958619802,0.0073947463906777824
347,0.022046197685327517,0.018035918473951123,4.850903832073208e-05,0.9523949720117153,0.007474402790685529
348,0.014168613636490938,0.016211434791642016,4.2557787729555975e-05,0.964482703288971,0.005094690495166483
349,0.0175958746663528,0.017880926598036903,7.54892380600809e-05,0.9597385257971968,0.004709183700353336
350,0.076913876755235,0.117255337976909,0.00018769122931801784,0.7876337905120967,0.018009303526441266
351,0.022451968111811608,0.02518348244622729,8.342390450515871e-05,0.9480892789227785,0.004191846614677236
352,0.013603382556040683,0.01569711650620794,0.00010803634569868496,0.9672309881669191,0.0033604764251337206
353,0.01616269794379802,0.01785682592213011,0.00012057490225675026,0.9626520378655083,0.0032078633663067155
354,0.022415775789637726,0.026161704174277326,0.00014980480773720906,0.9469188958452136,0.004353819383134311
355,0.029128259243427254,0.11037566230909833,0.0004828807901508558,0.839608031926085,0.02040516573123854
356,0.03900354840138114,0.05000136350045032,0.00011351613954044929,0.8538803044071865,0.057001267551441484
357,0.033550681358971816,0.022782744349185625,8.643309173196914e-05,0.9336007099577113,0.009979431242399205
358,0.05716703808536103,0.02687302396942879,0.00021618475238955234,0.9050345509260526,0.010709202266768147
359,0.0642055608278529,0.02936262417547017,0.0002901945756069186,0.8950707752514844,0.011070845169585742
360,0.030801319932962715,0.02110883355575873,0.00018079116740117725,0.9379607646484814,0.009948290695395845
361,0.0319462405875361,0.01889138770608721,0.0001261791489758947,0.9421241627529658,0.006912029804435059
362,0.021876131198756726,0.012797108134531325,0.0001343452775430683,0.9602533432893235,0.004939072099845397
363,0.08811066337192387,0.0639260152466508,0.0002449176093093122,0.7854655631665761,0.06225284060553985
364,0.021094165115464584,0.014656315341207562,9.689668308408112e-05,0.9588253321287885,0.00532729073145529
365,0.031115380217358,0.02145659145100324,0.0001205241593146652,0.9333475685444615,0.013959935627862448
366,0.06191936187809735,0.03628536900548712,6.98961736612232e-05,0.8750132471985496,0.026712125744204618
367,0.11078903304641202,0.061514347004680996,0.00022632876121165394,0.8029234540998903,0.024546837087805036
368,0.15585616382122755,0.08686275193251647,0.0005205844832712938,0.7076285441947427,0.04913195556824188
369,0.1806512461275143,0.057873979838536566,0.00041720912553529693,0.6827372977131032,0.07832026719531077
370,0.0017683407853832708,0.000692902037248404,0.0003676904729430124,0.0021087722905326124,0.9950622944138927
371,0.15226805297382176,0.00526025735081094,7.891845421243868e-05,0.07966363026491875,0.7627291409562362
372,0.7553387312029539,0.017486670650574056,0.0002158531538395902,0.09344391681497381,0.13351482817765867
373,0.47041321382491624,0.34165407578679674,0.0008419872565376673,0.1501555851398895,0.03693513799185982
374,0.11022402084026192,0.05106358358594432,8.72070903740361e-05,0.6697244782839232,0.16890071019949643
375,0.0793042855968494,0.025128273556244033,9.800861886324017e-05,0.7791422473323077,0.1163271848957356
376,0.07597464743855305,0.06792244326527407,0.00012475173054620324,0.8443444322252318,0.011633725340394908
