epoch,N1,N2,N3,R,W
0,4.189071082688809e-06,9.423286187009998e-07,4.589408065413033e-40,5.053905213082376e-07,0.9999943632097773
1,2.6120558212459807e-05,1.4398523375363248e-05,1.2627849740970504e-07,5.253771994189727e-06,0.9999541008679206
2,0.0004703126453711049,2.404943741668489e-05,1.5929052970431995e-05,2.7209623810394436e-05,0.9994624992404313
3,0.00044004172400948356,3.1912654142602246e-06,1.8223625820615758e-06,1.977588597916009e-05,0.9995351687620151
4,4.948540931762935e-05,3.878992729976925e-06,3.7958440237301255e-07,6.700074438276218e-06,0.9999395559391118
5,9.257991142866986e-05,1.0892848805918263e-05,7.746692282572617e-08,8.211874195912037e-06,0.9998882378986466
6,0.0015148379038844816,0.0004214903704599535,5.448442450763528e-06,1.2123886825281813e-05,0.9980460993963796
7,0.020807630854780157,0.00040140652773090974,6.48992711693164e-06,0.00017856333459380656,0.9786059093557782
8,0.41489069473630175,0.07686050049857228,0.0002663844816470557,0.001111987321083489,0.5068704329623955
9,0.27732509684547463,0.2970485885977672,0.0004674212504149429,0.0032026811630498754,0.4219562121432934
10,0.060106449014136955,0.3585440130956677,0.01137255764219868,0.0011507300345850566,0.5688262502134115
11,0.07854731727521977,0.7180107681674964,0.0432382342145194,0.0033458809772940407,0.15685779936547026
12,0.02234345144277686,0.8708776563730211,0.010871375396406927,0.009248045886447455,0.08665947090134758
13,0.012232597193546503,0.7604428674602363,0.14098171539843943,0.0064390216909472175,0.07990379825683072
14,0.011018174640527834,0.8612676498255848,0.04926661794285929,0.009671228318483995,0.068776329272544
15,0.016238218353979268,0.8278453958540284,0.08759638190079876,0.0052219979137355975,0.06309800597745797
16,0.015053539586167012,0.766620288149559,0.11375170127822361,0.007830415318330345,0.09674405566771997
17,0.011450086349845666,0.7818829538867478,0.12764815194287749,0.004417413682985215,0.07460139413754377
18,0.008641555498225295,0.694529368201503,0.21229493043795933,0.0029127614231258406,0.08162138443918641
19,0.015141276330127669,0.6865309497989729,0.09807277507476611,0.0043538470186473424,0.19590115177748582
20,0.034683616934797275,0.6664595633824776,0.057453936277715396,0.009200249062929305,0.23220263434208047
21,0.03007656549987341,0.5871540714380216,0.14358989306329137,0.0038184121400137673,0.23536105785879974
22,0.023079518796131532,0.5271177880939801,0.31489126230148545,0.0026950378680221368,0.13221639294038082
23,0.17441261331655863,0.401997372406878,0.06774975072579219,0.00114433166155989,0.3546959318892114
24,0.08565987777386046,0.546333549609981,0.12253422132615639,0.001421937467445214,0.24405041382255693
25,0.05066725982577307,0.5170060315635998,0.2900653394643467,0.0028492643024189118,0.13941210484386155
26,0.023688497511513557,0.5064515530735832,0.3528781779028303,0.0010790551176273612,0.11590271639444548
27,0.06386859384083939,0.49954616978747113,0.25822186700500044,0.001280414874876991,0.1770829544918119
28,0.022849546592834762,0.5946111214017581,0.32250740120149224,0.0008028887223064711,0.05922904208160854
29,0.02624526307783559,0.027055225920905656,0.022280384726334146,0.0007330233980809019,0.9236861028768436
30,0.07352869866467301,0.3756229643817624,0.13449908690174947,0.0016105139752636886,0.4147387360765514
31,0.028036786182810608,0.2303726632199939,0.3775762601075458,0.0018598209479414067,0.3621544695417083
32,0.03261724587557908,0.24161895449364015,0.5838485130628304,0.0019050029553412421,0.14001028361260923
33,0.005163244908440655,0.3476747602504033,0.6347285549794284,0.00027470576507631955,0.012158734096651552
34,0.01050999042102293,0.5203747272413939,0.4552559730082191,0.00041552495948477436,0.013443784369879214
35,0.008099320421111583,0.4983434232810218,0.4837589175432919,0.0002909565374307011,0.009507382217143989
36,0.007267421305687881,0.456394441259523,0.5259030861267135,0.0004008121819139372,0.01003423912616166
37,0.00841534855528823,0.34270560738255484,0.6454277967982952,0.00042745932294281934,0.0030237879409189612
38,0.003764460924263703,0.19439499961094087,0.7995994599653795,0.00019261630187609546,0.002048463197539767
39,0.0046884473109519926,0.2850200562086396,0.7051855948794807,0.0001838480893531443,0.004922053511574524
40,0.001457606642758413,0.2032998446821035,0.7931735806044146,0.00015972653311278,0.0019092415376108039
41,0.0020445253444166577,0.24845250253608,0.7472245276866584,6.826485460116587e-05,0.0022101795782438036
42,0.00045037092480869985,0.09123861674636988,0.9068130639179798,2.8201970668223143e-05,0.0014697464401733627
43,0.0020236133582476677,0.14375224062222167,0.8505589971712442,7.619694812852422e-05,0.0035889519001579715
44,0.0010824267070802512,0.13170700193656387,0.8649376244924937,8.709185049775962e-05,0.002185855013364411
45,0.0029608249384706345,0.16978952779215867,0.8194941400823511,0.00020504251009723036,0.007550464676922451
46,0.004100608254991461,0.1489179420864904,0.8245565479561618,0.0006278485948135328,0.02179705310754284
47,0.0024269847713686435,0.09834688469876338,0.8657753261380572,0.00038248409020776963,0.033068320301603164
48,0.004505440812326356,0.15061892493377574,0.44459017550113655,0.0007389831095588764,0.3995464756432026
49,0.001822374670318693,0.0037594360147953816,0.0007805184985874666,0.00012349217160176088,0.9935141786446967
50,0.003072290378068686,0.008868373135480341,0.001438626631969451,8.370865270257041e-05,0.986537001201779
51,0.0007489821058430433,0.00020742373923187703,5.58281976553575e-06,2.4286694162581448e-05,0.9990137246409969
52,0.0016880598284532056,0.0006776375245886993,0.00010249485981509712,0.00011420941513129227,0.9974175983720116
53,0.0022069258444687764,0.0006082800311477234,0.00035676596865356116,0.00015054339343980233,0.99667748476229
54,0.00560839974091676,0.0008134850663900282,2.964389976107726e-05,0.00010383238893422496,0.9934446389039979
55,0.005467888286437231,0.001821886751077395,7.388763447189269e-05,0.00018344220761316345,0.9924528951204002
56,0.08793586048457831,0.01852405201164743,0.0003415964270666977,0.0015660400200004521,0.8916324510567071
57,0.10234905366179409,0.03845610403611908,0.0007667424555474796,0.0011270751362234515,0.857301024710316
58,0.17352238750045718,0.5503966381777871,0.003839771814032848,0.002321949014612643,0.2699192534931103
59,0.08074302097558823,0.7610709819944199,0.03654209708943246,0.0017860939461439944,0.11985780599441527
60,0.06863008061373309,0.6847628905505612,0.019522846021408566,0.005155118346391367,0.2219290644679058
61,0.15258481258846096,0.5216515362231616,0.04700782143575373,0.004655557134440253,0.2741002726181835
62,0.04803897327804767,0.737139661575965,0.13979378761136058,0.0010657992418560537,0.07396177829277084
63,0.040338358137000686,0.5566121590588524,0.0602383217235864,0.0007987096764656866,0.3420124514040948
64,0.03295245355729443,0.3751216966230332,0.27638083269927394,0.0004105541365197793,0.3151344629838787
65,0.03289280856209382,0.3973941372168865,0.4364007265757779,0.0004024730429957526,0.132909854602246
66,0.04162270143484412,0.21789443867942884,0.6450106928321304,0.000827160137628865,0.0946450069159678
67,0.031069533462217244,0.25466996266442055,0.6273400424641006,0.0009003456111159453,0.08602011579814568
68,0.018795314976598185,0.027549264594800487,0.0667759664653525,0.002551616530368708,0.8843278374328801
69,0.12482554669436145,0.14721063076080196,0.05848094146393754,0.0018547553090938291,0.6676281257718052
70,0.028082186551882524,0.15354987700069675,0.2036125448351276,0.001406674366180384,0.6133487172461128
71,0.04834614500498431,0.09186769323672704,0.06723519685363993,0.0018435068159159912,0.7907074580887328
72,0.3422750322231928,0.4143019757847721,0.050930075976221505,0.002245781187886834,0.19024713482792685
73,0.035128962635030056,0.4710651536469707,0.4440100750025077,0.0008802793541339304,0.0489155293613576
74,0.16011659092901992,0.5226344789492705,0.07338576721081633,0.0010923132743792814,0.2427708496365139
75,0.11012318298550955,0.48103472584155216,0.11378784796674035,0.0017545511809904212,0.2932996920252075
76,0.06101907687412708,0.6499673473886508,0.18480496485458994,0.0018167734783543288,0.10239183740427783
77,0.04236740140565941,0.6328948828454133,0.2936943445556667,0.001103157789462783,0.029940213403797915
78,0.16081142464971757,0.6779076168517697,0.09983629366229231,0.003237653898160886,0.05820701093805959
79,0.04412888752101948,0.8020826971463301,0.11218054113030869,0.0014810869783634401,0.04012678722397817
80,0.005326037719097343,0.5358430879986841,0.45502025680015784,0.00020070493465165797,0.0036099125474090437
81,0.0026095165380778866,0.5920050028707885,0.40271916560589727,0.00013183461032560768,0.002534480374910832
82,0.009027614578903928,0.5494782576862313,0.42046310767205286,0.00038029073525191304,0.020650729327560104
83,0.03516217179760912,0.7615561358809146,0.18736355873692484,0.0005985711028064737,0.015319562481744984
84,0.00433794545952807,0.4225772578976464,0.5677004392290725,0.00044796015331295534,0.004936397260439987
85,0.0005175447758079089,0.11239064550715684,0.88536851210161,8.235775143151991e-05,0.0016409398639934774
86,0.0017594865271071446,0.2091986961005534,0.7805253337114761,0.00031576484527058324,0.008200718815592827
87,0.01530635483441959,0.4496306924025935,0.47793185398596366,0.0025595463356770077,0.054571552441346254
88,0.09698776095771554,0.6637929384259337,0.15779020263059965,0.004881350690715682,0.07654774729503559
89,0.09859341453330327,0.7556304919882332,0.08986092533086527,0.0034118906864945464,0.05250327746110373
90,0.010786398271855607,0.49599526031151564,0.45584447605856143,0.0017868343905090493,0.035587030967558164
91,0.12347059820684625,0.7455799874352138,0.08826492820284236,0.005563847199824881,0.03712063895527275
92,0.3078689605979492,0.60169217001334,0.015143023071872078,0.0038048330398376454,0.071491013277001
93,0.012647710487743139,0.6027962505764635,0.3801258326540308,0.0004315769111331158,0.003998629370629557
94,0.010310539707491202,0.49087082627538703,0.4885813479949992,0.0007126096371775268,0.009524676384945049
95,0.01716903199588777,0.5190797532060238,0.4564335826176104,0.0008321297395979298,0.00648550244087996
96,0.0028501791470994975,0.21072660138372967,0.7841599586391615,0.00017548466745659976,0.00208777616255282
97,0.0014661012130184916,0.25321019213913876,0.7424792224938483,0.00024389051498009283,0.0026005936390142924
98,0.0003550529035129548,0.07979054561166952,0.91897569116538,3.9906661933684955e-05,0.0008388036575038861
99,0.00028587152041669665,0.06736883914530274,0.9316824449061758,4.7927542111754444e-05,0.0006149168859929995
100,0.0003347673499899266,0.08580040849972369,0.9129114295823397,5.580270844633355e-05,0.0008975918595004264
101,0.0002997308280159247,0.05040328596971012,0.9484857100419057,4.038188447986292e-05,0.0007708912758883299
102,0.0003111603355058689,0.047205989685826275,0.9515204995178994,5.827771116203069e-05,0.0009040727496065032
103,0.004549330967533554,0.24237501553188023,0.7494313282380253,0.0002390724296313995,0.003405252832929601
104,0.0004972517338478126,0.03991122087078337,0.9585352714960846,6.325889203336984e-05,0.0009929970072506016
105,0.0005548610856160048,0.06601596352925616,0.9319147955694992,0.00010687655349756572,0.0014075032621311654
106,0.0015777272159626192,0.09117231990784873,0.9037820346494764,0.00026894201086609393,0.003198976215846006
107,0.0012324455978886312,0.1141468281609395,0.8813318377792261,0.0002840096527253647,0.003004878809220444
108,0.0005440351766014162,0.05035674343482695,0.9477207271651269,0.00010314602121053064,0.0012753482022343006
109,0.007090876715253011,0.32252249137827854,0.6625183279966185,0.0008087515811515331,0.007059552328698584
110,0.004688968230758397,0.16620499665365218,0.8256340051220896,0.0004717173057665486,0.003000312687733041
111,0.0010410752468342202,0.052867719862715525,0.9426837597548771,0.0004408851815625087,0.002966559954010529
112,0.006235042083934537,0.24198919706537042,0.7397621218499592,0.0016520763123312222,0.010361562688404793
113,0.0011739292456870976,0.050024630675678056,0.9457375748870265,0.00022063984070156236,0.002843225350906879
114,0.0007083263949453384,0.040036000496507664,0.9581056018795806,7.475509496067811e-05,0.001075316134005812
115,0.0007245625364797347,0.038766662380765975,0.9579457474432586,0.00022140338916711505,0.002341624250328576
116,0.0006445540486256815,0.03806670805669833,0.9594671391905958,0.00011243854066504287,0.0017091601634149538
117,0.006558512087738142,0.2558845033475342,0.7336802046495932,0.00047714982709582814,0.0033996300880385845
118,0.0018636320619333042,0.09019171027230978,0.905879581934491,0.00015127659198547363,0.0019137991392805319
119,0.0009059938122165484,0.0781627944057496,0.9188004794640998,0.000256179262839338,0.0018745530550948845
120,0.0037356108779627102,0.07909047575789173,0.9151228057646691,0.00021229411520502304,0.0018388134842713933
121,0.004331030614530879,0.12546575188390865,0.8674237191965654,0.00032433940578340193,0.002455158899211704
122,0.00213442483325136,0.09730216448759924,0.8972346441291407,0.00030148304444485493,0.0030272835055639093
123,0.0012820750786769607,0.0389267788384836,0.9580998918870307,0.00013063748161221226,0.0015606167141964666
124,0.0006594377810339059,0.033620840306550874,0.9639174331446103,0.00011083051929843818,0.0016914582485064759
125,0.0005590457648789645,0.03202916076791389,0.9660354194169742,0.00015786015915941734,0.001218513891073717
126,0.0008246514604425038,0.03561555027160754,0.9617166398609512,0.00046433180043483404,0.0013788266065638836
127,0.0027429691316884406,0.11037573532673399,0.878185664098903,0.0017145575651121609,0.006981073877562646
128,0.0017836113449616828,0.045236828443380186,0.9465826573869256,0.0022609774326243686,0.004135925392108271
129,0.000905733688020028,0.09799069216040224,0.8934676890940082,0.0017167548209798646,0.0059191302365896635
130,0.03397654510569734,0.35918340149559286,0.545523497529698,0.020803095833977676,0.040513460035034025
131,0.29281041036484573,0.2667714950524465,0.05934026687196941,0.05556425452311538,0.32551357318762286
132,0.04696035204105809,0.028956963070826795,0.03346383099138965,0.019134968155967137,0.8714838857407583
133,0.4674440769326722,0.12155386049039765,0.005297896509744965,0.011324637338449276,0.39437952872873605
134,0.7274189000239302,0.12910205688944348,0.006654342257882945,0.008094175244091048,0.1287305255846524
135,0.33161214960403107,0.5033495884600458,0.06803868249695241,0.010316369803027681,0.0866832096359429
136,0.26513863901796253,0.5364436388908788,0.046764725363906634,0.021393898249386405,0.1302590984778656
137,0.19623923718696354,0.612326631338358,0.08929551242798553,0.024399319465978883,0.077739299580714
138,0.06541433712050368,0.7610528176494599,0.0830950740427908,0.030906416154014477,0.05953135503323122
139,0.1061639539838353,0.7657722777482228,0.06603730802415655,0.028558823841902514,0.03346763640188279
140,0.08464875129535832,0.7254030418181329,0.12696916635104752,0.023851976927273363,0.039127063608187934
141,0.036961410361334074,0.6617878681004707,0.2552626787844029,0.011078696277151445,0.034909346476640915
142,0.030105525485728462,0.6589919578225337,0.2739923449004376,0.009394107837092798,0.02751606395420742
143,0.089599037064028,0.8265948968187634,0.04155178598971261,0.01728190886840684,0.024972371259089063
144,0.05072233085403715,0.7804512493286413,0.11594793558493746,0.016567578033549545,0.03631090619883476
145,0.036631770799577724,0.8705108129144191,0.05987983851167921,0.012781555850193239,0.020196021924130725
146,0.0757390851075875,0.672545334571111,0.17894453695959547,0.011376167561380943,0.061394875800325106
147,0.12479486430578342,0.659550832177705,0.1647599755455009,0.014229864713768562,0.036664463257242
148,0.13485146435193893,0.6083471074605382,0.028480508396638668,0.01539635211182878,0.2129245676790555
149,0.15142378669693993,0.568410426570804,0.0813266029104874,0.01318051620031275,0.18565866762145597
150,0.03644768172992359,0.7568151620941466,0.17630121754129763,0.006014853689351198,0.024421084945281044
151,0.08575131046686651,0.7228978931508478,0.16755233146364978,0.008215843088313923,0.015582621830322007
152,0.0873067656073941,0.7854474402115353,0.0713157426068625,0.024738378843954217,0.03119167273025387
153,0.027937998215287172,0.7899781093142388,0.10381944108238186,0.0665069215485382,0.011757529839553992
154,0.04413766033554524,0.7859197042665951,0.06861625049384,0.05802817697036959,0.04329820793365015
155,0.05175531517138987,0.5635578453997636,0.02542678955597689,0.32678858561019253,0.0324714642626771
156,0.05482467106864169,0.269379811003279,0.006498590711071793,0.6347270035507012,0.03456992366630619
157,0.07813201040873864,0.3730107129560486,0.015938672172607967,0.49507151418080303,0.03784709028180179
158,0.06427369058994585,0.1638047618302965,0.0003012544696870012,0.7431274566943777,0.028492836415693053
159,0.11725963529602679,0.16378774054462758,0.0014195203470604102,0.6182063868320575,0.0993267169802278
160,0.09146626877628894,0.15034046949235802,0.0005056226381899123,0.7072237451372448,0.05046389395591824
161,0.13211053334990364,0.1404245881565189,0.001404745705903225,0.6320868966586782,0.09397323612899595
162,0.09667943747711254,0.38898318075140864,0.005231272514801765,0.423868845902367,0.08523726335430992
163,0.1866155748850476,0.29729966927631946,0.0041374857535946795,0.3101304309770585,0.20181683910797973
164,0.10528220648888614,0.1350733671727978,0.0022273384014281114,0.5269683038152582,0.23044878412162986
165,0.08784709345746242,0.09383330813693547,0.0008425373298275107,0.6309114277149477,0.1865656333608269
166,0.11185767934360703,0.28787945111862917,0.0038694333859079603,0.45836932021092375,0.13802411594093206
167,0.09383386219964836,0.24035726202700697,0.005028653426104115,0.41742161744894035,0.24335860489830016
168,0.06931358893327434,0.11326891277887309,0.0008095531050070937,0.4749652780413691,0.3416426671414763
169,0.09278661147696361,0.19365550193781594,0.0012769312676626202,0.4586860653039303,0.25359489001362734
170,0.11428055303697679,0.19449793044768812,0.0044229211148071376,0.39373412604595104,0.2930644693545769
171,0.18350416879404408,0.17613397061917824,0.0034327412517694087,0.5475445134880025,0.08938460584700568
172,0.07975644190804086,0.12140040247969613,0.0018564053900511008,0.570853944360416,0.22613280586179585
173,0.19794455163114627,0.1878830072186304,0.004551885907425032,0.3165302288204895,0.2930903264223089
174,0.08205171569818465,0.22236151165624218,0.006011784478862971,0.16702064148347798,0.5225543466832323
175,0.09785078614512205,0.2823333625828328,0.007734937583368456,0.228796135975926,0.3832847777127507
176,0.12520872795646185,0.24539042916087353,0.002476212558938442,0.3213147304537938,0.3056098998699324
177,0.09147784721260889,0.15878285656636246,0.0019563473086940284,0.3045903527996634,0.4431925961126712
178,0.05208210169126865,0.07850670395126852,0.00034135083031007355,0.10681336413120938,0.7622564793959434
179,0.1922731222751632,0.09394509598289726,0.0026329294353555454,0.09484051025219699,0.616308342054387
180,0.1546977182133965,0.034647826302032954,0.00048262007433434934,0.040060424903913316,0.7701114105063229
181,0.028262695332282057,0.005374527034399757,0.00011283940208922339,0.004762815169046815,0.9614871230621822
182,0.014368217954321956,0.0037267763879868967,0.0008035226207154628,0.0012212501446370336,0.9798802328923386
183,0.20878930702224557,0.024673804459814198,0.0003092695077847982,0.013356502772482223,0.7528711162376732
184,0.13188439452970274,0.1234132458707868,0.002160050930845099,0.025902583306207812,0.7166397253624577
185,0.24155244952812785,0.43673428721346325,0.05005555655062647,0.04333402856079488,0.2283236781469876
186,0.053671950351097834,0.8081241983205809,0.0329013762236545,0.03695805288516709,0.06834442221949966
187,0.0414536703356849,0.594242728225629,0.003811577289773221,0.04716936298169831,0.31332266116721463
188,0.08336544814888547,0.3020062719043175,0.02534472959051046,0.13935410171281312,0.4499294486434734
189,0.181033113924307,0.4899597278676825,0.0027892791157186855,0.030140077131310963,0.2960778019609809
190,0.07765753218952487,0.7785197977667421,0.11589778199789759,0.0037319511902433405,0.024192936855591998
191,0.1091759783766517,0.7368009817913903,0.03335589311784006,0.009146758163854053,0.11152038855026399
192,0.05264998859271632,0.8609086230900512,0.0420870897476341,0.002852618804087023,0.04150167976551128
193,0.07619701633533744,0.8662759001675601,0.03164776926106759,0.0037548127561069173,0.022124501479927748
194,0.02625275866047932,0.8436710615984333,0.10039309347751925,0.00250084442490424,0.027182241838663926
195,0.025769786513440376,0.905748366175036,0.045163698240484815,0.002242477092501135,0.021075671978537738
196,0.016607737197334695,0.8261849784067058,0.13293237980559167,0.0031142015233270367,0.0211607030670409
197,0.05082316918327385,0.6602808215227168,0.17468223462594115,0.011144457884926452,0.10306931678314184
198,0.2533175664163729,0.5789195374472512,0.02242012837958186,0.008357276787018886,0.13698549096977514
199,0.19238107627042958,0.7040221057928949,0.00955665618450578,0.008349759617197965,0.08569040213497173
200,0.17654445774559585,0.7246524381634629,0.011026918936629682,0.006287903561485732,0.08148828159282578
201,0.07236760419878077,0.611082273660359,0.05836393244351021,0.006019425049973076,0.2521667646473768
202,0.14854806063256704,0.770678464314158,0.0032120127353394614,0.004459726306726782,0.07310173601120891
203,0.2142079362367816,0.692297669123617,0.017386458248208017,0.0068981751617126705,0.0692097612296809
204,0.11013134699027319,0.7361489718303976,0.07679555917896692,0.007706001720323447,0.06921812028003876
205,0.05922476974210859,0.8427095098282658,0.014384870221109448,0.0122032683527119,0.07147758185580415
206,0.02267295315913411,0.8034330744582764,0.13802486016777196,0.0037614467598889646,0.03210766545492861
207,0.026167563979514894,0.544579047194727,0.23950336021213206,0.007222060423881914,0.18252796818974412
208,0.010281791187412846,0.1410373462917587,0.7852451342508269,0.008169090505567234,0.05526663776443422
209,0.13396205306171435,0.06603703378626827,0.023309965748310693,0.0073376046160095265,0.7693533427876972
210,0.04291043921342869,0.0987566999462094,0.010014603996250615,0.06666567565657373,0.7816525811875374
211,0.18447923614387957,0.46602685408289707,0.017742401541503628,0.01688953225884315,0.31486197597287663
212,0.03400124462691814,0.01815587484286053,0.001106255237008923,0.004536706186090354,0.942199919107122
213,0.30814504902503376,0.05843191623164249,0.0024014958083545352,0.006503014580015064,0.6245185243549541
214,0.4276654230456442,0.2718699482074132,0.010013281164503634,0.008270884231431061,0.282180463351008
215,0.192283389315941,0.7470854509544678,0.01652865565150133,0.004023493101220166,0.040079010976869674
216,0.10082053211943058,0.7996250319437876,0.05343575868641555,0.008389603174201595,0.037729074076164625
217,0.12928647645267136,0.6739939152464108,0.11297282541173333,0.022257855252292447,0.06148892763689215
218,0.09860403457716038,0.7030237200991539,0.12707721949528653,0.009595387983366703,0.06169963784503257
219,0.21015723896087202,0.6548226093673004,0.03302106294279023,0.015934268777992932,0.08606481995104455
220,0.08230908772379883,0.8605222774867027,0.027574489913046066,0.006424312616574307,0.02316983225987793
221,0.0654326376427719,0.7978583414736754,0.08115538586830565,0.004040672187770086,0.05151296282747701
222,0.02845808694922351,0.7629414969798879,0.0992358500553512,0.002446753343871403,0.10691781267166617
223,0.02756835307873598,0.2597082084751994,0.47324339627232614,0.00820773118968771,0.23127231098405088
224,0.10156113958219416,0.14924775278109073,0.0546716951107967,0.014940332589745189,0.6795790799361732
225,0.12529222083049202,0.17990447314091346,0.05321703413754237,0.016137653319060145,0.6254486185719921
226,0.48522395344283537,0.15164132621953277,0.014684603446210705,0.00419302269914837,0.3442570941922729
227,0.06662531398447973,0.4628201380062732,0.2403709765271694,0.00797703098209749,0.22220654049998026
228,0.04503283803419495,0.4672346309490528,0.18458195927609852,0.006572908060959544,0.2965776636796941
229,0.11401331339892935,0.7323908587031844,0.02035783123044098,0.012925596037865831,0.12031240062957944
230,0.08351283904178054,0.8001275134476707,0.09486170771811273,0.006827595506758457,0.01467034428567757
231,0.031675292279439486,0.46868771435814144,0.47973928238917213,0.00545113608450026,0.014446574888746767
232,0.06708954164792139,0.6813422194213148,0.23145484987526288,0.004142608264809519,0.015970780790691384
233,0.026238524817814877,0.7540097775590332,0.20629060085794135,0.004520154034830623,0.008940942730379934
234,0.04597227942099149,0.7668181119593687,0.1468141984773358,0.018490811592144357,0.021904598550159773
235,0.022646653823403175,0.6585581260842318,0.2965483749456477,0.007122223564169962,0.015124621582547392
236,0.018262428487772635,0.6854101327709688,0.28637358479608016,0.005071796251648374,0.00488205769353006
237,0.0340335556708512,0.8032817016578481,0.1448349901914503,0.008898500519770692,0.008951251960079827
238,0.013565416641938029,0.5307561449877903,0.44507032740047153,0.006699439165272853,0.0039086718045273
239,0.0214433507181861,0.7733798081042278,0.18440997922810004,0.011785726094867334,0.008981135854618806
240,0.011134788687345874,0.5559065003657516,0.422000971454747,0.007682389493527528,0.003275349998627911
241,0.031578357298132145,0.8139802343120361,0.1334417111961109,0.012693607878943055,0.008306089314777757
242,0.005684209058939311,0.4643727803281903,0.5200002677502567,0.005467654570497034,0.004475088292116635
243,0.02864255733922603,0.8229512998829978,0.12709880969057785,0.015390007339221844,0.005917325747976522
244,0.019619953017437918,0.6494086663053958,0.314939696446337,0.00962736904990977,0.006404315180919515
245,0.023071522558434625,0.7978356281447591,0.16010404139174078,0.013297068282319646,0.005691739622745808
246,0.013209089759640066,0.607339211215551,0.36986764209075157,0.005620233500182797,0.003963823433874577
247,0.022199464997050118,0.7731306414007424,0.19125825881553724,0.009066270629480426,0.004345364157189851
248,0.02437542956502387,0.8817772006696939,0.06250891600491469,0.017364370679712134,0.013974083080655715
249,0.036746576409540016,0.8645296974373737,0.08039617990502573,0.012002712142298137,0.006324834105762303
250,0.0186485279639142,0.7312216199066662,0.23933186360524245,0.005025871416707336,0.0057721171074697035
251,0.02394764045844905,0.7749147691688417,0.1824623852568942,0.009580796474394993,0.00909440864142005
252,0.012479200206793009,0.5798616426280403,0.3976649960393654,0.004399670522777146,0.005594490603024213
253,0.020724975485605035,0.859073764660654,0.10111613573585373,0.011969809701232322,0.0071153144166551
254,0.014691012753446196,0.6135275143735633,0.35775046758414336,0.005487942954224659,0.008543062334622556
255,0.019482787862764445,0.8716398331551988,0.09538839201456806,0.00802446617941068,0.005464520788057957
256,0.02625717106503743,0.7448191647857142,0.2165371569966883,0.007303176328231775,0.005083330824328454
257,0.021557647314554406,0.697408801741645,0.2716938770174273,0.0058756482882076164,0.003464025638165577
258,0.019792027672981057,0.6911840041269038,0.27244634900164744,0.003873943082314544,0.01270367611615306
259,0.014876334697150552,0.8298420988280603,0.14520276184595773,0.005702612038117681,0.004376192590713888
260,0.03701974421944474,0.7653912475582075,0.1834970948449317,0.007071605892410539,0.007020307485005744
261,0.007225731564334942,0.5062165305214793,0.4816625192207708,0.0023446906871194694,0.0025505280062955655
262,0.01883531594195142,0.710111541653479,0.2531789345299556,0.011192042484597525,0.006682165390016489
263,0.011153171661835212,0.6623347066698811,0.31112497757959184,0.009696900161685153,0.005690243927006463
264,0.0059133289820998535,0.5495333487716428,0.4361825557682194,0.0050219239862585386,0.003348842491779372
265,0.026619482024690774,0.7987982250264076,0.15242070397500318,0.014413766754668586,0.007747822219229943
266,0.030778908124432715,0.9138209027844525,0.025872476082306972,0.020401927535271366,0.009125785473536398
267,0.012939609647368462,0.7672703934661239,0.21266038961896072,0.003334719818632147,0.0037948874489148183
268,0.011332698917921349,0.6904135780821089,0.29129421513230447,0.0032409578854460147,0.003718549982219155
269,0.01859826185702898,0.7166642827715982,0.2514139413313261,0.007625907632981852,0.005697606407064743
270,0.012011474548391821,0.7059734331456267,0.2697359311689012,0.008440958436936985,0.0038382027001434642
271,0.01165451216789767,0.4628534679224003,0.5180649628325514,0.0047366376351608685,0.002690419441989681
272,0.008332947459959833,0.5800774456098945,0.3991086397466357,0.007200082684078936,0.005280884499431005
273,0.0121068826077231,0.5520403615246082,0.42119160495297514,0.010187116267320665,0.004474034647372811
274,0.013604625101978752,0.4526054987542668,0.5166688931126785,0.011395188684840966,0.005725794346234916
275,0.03860832617092055,0.8476301226656202,0.05961120691948102,0.04494193596665054,0.009208408277327789
276,0.050985476584517186,0.768342278895319,0.13332600052018728,0.03511805468985603,0.012228189310120431
277,0.051514494649826555,0.8118493204610149,0.09202111094722615,0.034566332067053236,0.010048741874879327
278,0.05893976790827671,0.8833356205433445,0.023642595446062384,0.024310510351303962,0.009771505751012146
279,0.023289468021709073,0.8466475281367851,0.10778437681460512,0.013302298628665336,0.008976328398235159
280,0.07828450592299968,0.7649462136442281,0.029311544713034363,0.037198587053263295,0.09025914866647454
281,0.10589131162212943,0.7915367866100277,0.02474451397956577,0.03752258580542962,0.04030480198284773
282,0.0815763466216449,0.8326483464856332,0.006719970620611174,0.038512661754939906,0.04054267451717089
283,0.021045353456766926,0.21549838508607483,0.001125789042748981,0.011360316217304862,0.7509701561971044
284,0.021546637884411225,0.012557881926250987,0.00013102037693257551,0.004197535938557321,0.9615669238738479
285,0.007158635471633896,0.0012066478589733982,6.404008143486119e-06,0.0019296097568249604,0.9896987029044242
286,0.011385663402650539,0.0020769742957024526,0.0003793204975918542,0.0020927474592835633,0.9840652943447716
287,0.029690534929724073,0.002139389764361496,1.0924629042148442e-05,0.003011998244763626,0.9651471524321087
288,0.2416953671816759,0.005860000998039203,0.00016882190013535014,0.010651398772918912,0.7416244111472307
289,0.24848665569804634,0.22719742102139429,0.008754236813150585,0.025502496631831517,0.4900591898355773
290,0.15971031810155173,0.6552989871504916,0.013482290862103159,0.0234559381327085,0.14805246575314512
291,0.10671347112936831,0.7909616309910235,0.018002539695919605,0.04944154620028602,0.03488081198340267
292,0.05312191455776729,0.8505497914274717,0.020215290417904236,0.05923278141678485,0.01688022218007192
293,0.07875300484225854,0.8209370081343375,0.016640513587929867,0.038595461553325154,0.04507401188214899
294,0.08091729375038174,0.820430062587488,0.01600482378559098,0.06113120387185783,0.02151661600468145
295,0.08816516830627637,0.815972932041621,0.041956068863446785,0.047420946934766416,0.006484883853889643
296,0.015354334528282285,0.8066072318505186,0.15838939873067093,0.014217463287741,0.005431571602787402
297,0.01635461344727875,0.8550781560887778,0.0787279967298381,0.04048773960833636,0.00935149412576897
298,0.018513092261877244,0.9265979985420026,0.018833713880980655,0.02472127907641417,0.011333916238725468
299,0.04137264437308341,0.7918823587890979,0.04040530593553208,0.10842849023598079,0.01791120066630588
300,0.024452833596881156,0.8188822192194095,0.07108112760182539,0.0737538406384601,0.011829978943423919
301,0.036574655638003904,0.7704131698713003,0.055894427440540094,0.12845060107988257,0.00866714597027308
302,0.039882759790121805,0.8160221586159275,0.031214390698206296,0.0994017886548666,0.013478902240877725
303,0.04219396949165831,0.5799563508660892,0.02068471511735858,0.3431490965067043,0.01401586801818961
304,0.027305905248341065,0.7173891365078651,0.05421915639417496,0.19245687072642326,0.008628931123195483
305,0.05253743016630067,0.6646051206680973,0.02260530486394283,0.23776260187863002,0.022489542423029005
306,0.05157985842568251,0.6896326424557438,0.023689415332753972,0.2174218430758846,0.01767624070993514
307,0.03501614193131985,0.7472640936193375,0.024147952242207213,0.17623904615495542,0.017332766052179933
308,0.024249242568521984,0.8202840202912259,0.024034794860712187,0.12350184152090715,0.007930100758632732
309,0.041073239841646375,0.5879369727512971,0.01669648375699387,0.29729175021363285,0.05700155343642979
310,0.07658407740672386,0.025846709395936505,0.00033494996199192597,0.16900013329291863,0.7282341299424291
311,0.13834069062675663,0.6985559754074774,0.0032127244089009462,0.11347265335273951,0.04641795620412548
312,0.1572111121204965,0.6976512984788807,0.006431179151745239,0.10019405257173783,0.03851235767713973
313,0.16164076044783063,0.6614296390439562,0.016419453117382857,0.11496552510694183,0.045544622283888496
314,0.028417293024412663,0.8976611516609654,0.01575330867655031,0.04438812661395878,0.01378012002411279
315,0.10652410518877642,0.7040826314553872,0.006693328917760107,0.14591839911797225,0.03678153532010403
316,0.05532698743620476,0.8191698577919302,0.029877030314881838,0.07338142409294789,0.022244700364035412
317,0.06398854735377706,0.8150187440159868,0.031646155658007866,0.07708327946804953,0.012263273504178688
318,0.016743269571791855,0.9066906975797832,0.05796301156530234,0.012272279812765168,0.006330741470357293
319,0.03096876619581716,0.8850325724284479,0.04698539507300442,0.02845655675512913,0.008556709547601144
320,0.031627112296383306,0.8566719143047691,0.06764953021974929,0.030082171567867223,0.013969271611231253
321,0.05555362408687319,0.892752197028011,0.019465758200550166,0.023561168408200706,0.008667252276364936
322,0.11763601084739082,0.7685114188700019,0.037341957915352726,0.0598085592750715,0.016702053092182926
323,0.06576002960824046,0.8402560189354212,0.051929727588034415,0.03368249247024184,0.008371731398061912
324,0.07871938191317923,0.8197347977722256,0.033000307783433776,0.05290121695507043,0.01564429557609101
325,0.03351005991779034,0.7887181175456636,0.06022204632884942,0.11021836321448551,0.007331412993211024
326,0.03928181072366287,0.8206920474820297,0.05476308036025325,0.0751204391403396,0.010142622293714567
327,0.025577082175002753,0.7665328349997702,0.14448779419639174,0.05509855885448356,0.00830372977435183
328,0.022579369102100122,0.7738799891283397,0.16725140886304674,0.030541286013826857,0.005747946892686714
329,0.047439735031896905,0.8258909862819556,0.07282263391915664,0.044573507724901304,0.009273137042089721
330,0.03242828280808766,0.8072192367910035,0.11028840817283862,0.0392904462112071,0.010773626016863012
331,0.030463025814301253,0.8746485546477276,0.08131175266729437,0.005556207924991145,0.008020458945685574
332,0.041359335377237634,0.8275944848504239,0.11033961836956852,0.016199590993221602,0.004506970409548359
333,0.008955811968677103,0.60797198934837,0.3734104879207349,0.00531940231168559,0.004342308450532315
334,0.042166289115466236,0.8503112811720837,0.07467485832758816,0.027251670409003913,0.005595900975858152
335,0.024653713106926718,0.7613151968637424,0.15317379001527318,0.05138295790095175,0.009474342113105905
336,0.007952012339406683,0.5618281947018633,0.40245970763702243,0.02393528911840476,0.003824796203302826
337,0.016237776901587453,0.6996193377946386,0.2580914689559986,0.023333877953272294,0.0027175383945030273
338,0.025622750967576432,0.691834685637241,0.23497760708189583,0.04123046914690688,0.006334487166379964
339,0.021459666040634963,0.7024309296475242,0.2260146130687702,0.04561862628901611,0.004476164954054587
340,0.03142299126338077,0.8352787453471394,0.08187415809632782,0.03806523951081593,0.013358865782336202
341,0.016215101540011496,0.6914476196183759,0.24868229753759177,0.0319496512760097,0.011705330028011184
342,0.03350427105056746,0.8145142307412605,0.10550129636351988,0.033461445075619496,0.013018756769032584
343,0.07178864401091756,0.824267901456944,0.02748718629327569,0.057525187846165275,0.018931080392697572
344,0.025060054490163696,0.6884712268175369,0.23746636173555408,0.03159996152174097,0.01740239543500446
345,0.18101447688163105,0.6887236403169461,0.017539792312571044,0.08490264484226613,0.027819445646585658
346,0.02272335748088201,0.8024269476242448,0.15468814737971578,0.014530705005927418,0.005630842509230007
347,0.05139230515674675,0.8313117872391089,0.0638551235785659,0.042385708723031615,0.011055075302546813
348,0.05060655224159131,0.835349615295792,0.0727633391154099,0.030010323622377433,0.01127016972482938
349,0.03172482352640039,0.8529337377097973,0.05383746000643176,0.055078489099517826,0.006425489657852797
350,0.026855924425130986,0.890956993774204,0.0528246003667309,0.021025279445792876,0.008337201988141247
351,0.11974738237013711,0.63097481103962,0.030175359258463645,0.09104570303879793,0.12805674429298136
352,0.08866560130475325,0.7016030560140005,0.14067952048525867,0.03914494371814802,0.029906878477839658
353,0.3130942348591469,0.5885733675541729,0.01674289847437446,0.04949407771087168,0.032095421401434135
354,0.04337864884445205,0.8437491895988994,0.06981870213875994,0.02767765312803889,0.015375806289849688
355,0.07922992593508922,0.8178035756675134,0.03314376264340307,0.03677063726999947,0.03305209848399483
356,0.049492814248381686,0.8084290217001743,0.08974045006216089,0.03927583378015259,0.0130618802091304
357,0.045528363688467514,0.8744199341160569,0.01660115466315791,0.0401450555284197,0.023305492003898
358,0.08340465185780502,0.8361576987456038,0.031008803333493765,0.04105582800125643,0.008373018061841125
359,0.07179236479202744,0.846505828618145,0.03026223034437621,0.039270091828199086,0.012169484417252113
360,0.03548473832727811,0.8160752817342913,0.10614663523664845,0.03266234919536489,0.00963099550641735
361,0.07057706407460235,0.829667184601406,0.03625054749730354,0.047760492978884427,0.015744710847803725
362,0.03127909876791442,0.7903149683949127,0.12849688223064426,0.027863440262983638,0.022045610343545033
363,0.031105591186725852,0.8087813938831248,0.0977372358724333,0.05132857253930646,0.011047206518409543
364,0.01835426650276659,0.7707153434579838,0.17840798829854948,0.02752814582588588,0.004994255914814409
365,0.05148225948602133,0.8727392900969809,0.049121801246186474,0.014976918745905947,0.011679730424905449
366,0.026399663856979734,0.7848102375913221,0.1621911519283568,0.02301470489230038,0.003584241731041031
367,0.024163016869399916,0.80804271731288,0.13076580724321119,0.030498737512676267,0.0065297210618327035
368,0.010585714629950572,0.727760904031764,0.23967095867302718,0.0185760197223911,0.0034064029428670537
369,0.017458357533677245,0.7627965180495272,0.18775349955872592,0.02683632206474114,0.005155302793328558
370,0.020114478600412166,0.8482887599352881,0.10603803535712085,0.017746715489652898,0.007812010617525728
371,0.025304167385155826,0.8314210452767338,0.1206568814603603,0.01490504070313475,0.0077128651746153805
372,0.008792787456368438,0.7211863162505412,0.26005330402576493,0.004985425213881683,0.004982167053443686
373,0.014642761155245106,0.8161252584487306,0.1467473779402385,0.016934892667322978,0.005549709788462695
374,0.010494869170794993,0.7292110432731318,0.23087851936274673,0.02364905144790751,0.005766516745419205
375,0.01576748667077739,0.7877529034425581,0.1657313173042526,0.02445492755519919,0.006293365027212652
376,0.026477363462057767,0.8096768608985653,0.09241628578078805,0.052514045711508646,0.018915444147080164
377,0.0192294781753432,0.7722329812343199,0.1580036339414901,0.037376035734801784,0.013157870914044942
378,0.03934270111229876,0.18612471065068115,0.012044065427957011,0.04211379523337068,0.7203747275756924
379,0.017270113470147435,0.014819895958907854,0.000547893560841689,0.01448088153210508,0.952881215477998
