epoch,N1,N2,N3,R,W
0,0.3277875641862991,0.17189660111923208,2.9032127589029002e-05,0.00285013956810888,0.4974366629987708
1,0.004436348998581157,0.00879523206733565,0.0019420577332546415,1.436469392612741e-14,0.9848263612008142
2,0.008031677081035605,0.009595127748824973,0.0008185492845150772,3.1249381285688315e-14,0.9815546458855932
3,0.01903196910102415,0.013812008912695763,0.00027283238043948344,0.0004449337514122568,0.9664382558544283
4,0.03505059715928684,0.00714816862453308,0.0020109716521840297,0.0003398753838672666,0.9554503871801288
5,0.11414561484364988,0.006535792874870705,5.036499878854851e-05,0.0011904564575739062,0.878077770825117
6,0.5252598887686931,0.025514325871876773,7.252520464382112e-05,0.0021188654993725777,0.4470343946554137
7,0.23702962945416603,0.02292337628633452,4.975777110700587e-05,0.003427334174327416,0.736569902314065
8,0.37498833210693594,0.048455088356048975,9.97171991108115e-05,0.006052843747721169,0.5704040185901832
9,0.3166244253372206,0.07929210228272719,0.00014005483107914335,0.021139322421130882,0.5828040951278421
10,0.492078342205811,0.18130801620486253,0.0014720754078600422,0.03805062011747749,0.287090946063989
11,0.1956570096317502,0.22888477070362842,0.0036025575497854747,0.01877929573250206,0.5530763663823339
12,0.37242691524744514,0.08359065888800618,0.0008829747603826584,0.13737172792081911,0.4057277231833468
13,0.2797900667730136,0.2755089140512527,0.002030734117310739,0.035339178986420215,0.4073311060720026
14,0.18216846756867489,0.35438701427878655,0.017627170659817455,0.017173352733465156,0.428643994759256
15,0.46756354314059184,0.32492933767541515,0.0073164729153232634,0.061160733206248895,0.1390299130624209
16,0.12093363878540449,0.7239275188738072,0.04032988357857678,0.012258230541484779,0.10255072822072682
17,0.2213151291169145,0.30642733266707184,0.01440182128447048,0.0019003422532068435,0.4559553746783363
18,0.08993975727641496,0.577798326748435,0.035605977531621,0.001047613989117682,0.29560832445441143
19,0.2917284368597938,0.510479807178749,0.025453405751174562,0.0027138414887857214,0.16962450872149692
20,0.026843786161725985,0.6767870856703052,0.23290380098537944,0.00037536453179786003,0.06308996265079161
21,0.016165853177652015,0.5552414281356695,0.38832897483678464,0.00013008763694118106,0.0401336562129527
22,0.003923042696999314,0.15280947251129182,0.8209860804255739,3.368462455657985e-05,0.02224771974157835
23,0.019428212394065985,0.3992729617428124,0.48556815695335376,0.00019677177235457091,0.09553389713741339
24,0.008477861828946737,0.207041741652639,0.7622660143081922,7.006723922171688e-05,0.02214431497100049
25,0.006656970998728398,0.39514100033843164,0.5317306307785599,0.00014036169385087238,0.0663310361904292
26,0.017205475646357514,0.38167701604191356,0.5121015339800081,0.00011659198064221715,0.0888993823510785
27,0.013280134431166896,0.34401188440319624,0.5679701640742149,7.222469992269675e-05,0.07466559239149931
28,0.013360087982711094,0.3655974347351238,0.5418849386406949,9.483466866386886e-05,0.07906270397280632
29,0.04142477664441305,0.3409535638877542,0.241282715625593,0.00014860937040744063,0.37619033447183214
30,0.006364033216999831,0.21542688958535944,0.7232521826106701,6.945718860430552e-05,0.05488743739836636
31,0.0031061041459127386,0.17028436851015172,0.8000459801613802,5.643672561752404e-05,0.026507110456937724
32,0.006677871359211001,0.12870625243047906,0.6361620559121492,0.00015397175109003975,0.22829984854707058
33,0.018919899381787744,0.07982962749227779,0.5917324054794588,8.049543818476478e-05,0.3094375722082909
34,0.004765338024628403,0.1526827250435464,0.7753664986098625,5.7808352108146655e-05,0.06712762996985464
35,0.007137679399795945,0.113018167392129,0.8186023225017526,3.352866465654162e-05,0.06120830204166598
36,0.0036156411488348877,0.11833332055640172,0.8442832456180889,2.0471012007393646e-05,0.03374732166466709
37,0.0005996738848896908,0.10307998943049976,0.8927746135121234,1.1578496971704994e-05,0.003534144675515551
38,0.0007399971376602405,0.061761365263541305,0.9339889398846989,7.50042474250301e-06,0.0035021972893568704
39,0.00015340907058570782,0.03728241302587819,0.9612643029198172,2.1056025759237952e-06,0.0012977693811430675
40,0.00012285110242932944,0.020724196438668928,0.9783059477540469,2.1178414849323635e-06,0.0008448868633698912
41,0.0003634713244715975,0.0337312388469797,0.9639260319593416,5.816352435869262e-06,0.001973441516771207
42,0.00012089048011352381,0.016763509217107987,0.9823828130366324,1.3406260567221913e-06,0.0007314466400895233
43,0.0003475425716050787,0.03584759245825008,0.9616468173630317,4.656423591611518e-06,0.0021533911835215787
44,0.0003225872802760757,0.028296042415855458,0.969860199432406,3.014648358381477e-06,0.001518156223104083
45,0.0003469513724180279,0.052811967395134454,0.9452214082497816,2.592192089418266e-06,0.0016170807905764133
46,0.00026951974440817504,0.027504147241512636,0.9708783252748355,2.4913857360597623e-06,0.0013455163535074075
47,8.451459064296848e-05,0.017332504099368668,0.9819342657714224,7.316650170263704e-07,0.0006479838735488155
48,0.00020968997868596324,0.017797098973728595,0.9810387036874622,1.4922890512944527e-06,0.0009530150710722287
49,0.00023500999688542162,0.033677404417308515,0.9644704464280495,2.208084657959579e-06,0.0016149310730986298
50,0.000580936539362383,0.046607615175943494,0.9510738726613006,2.1702900466515643e-06,0.0017354053333468746
51,0.00019979823382268653,0.017976133890581496,0.9808623028381611,8.240314933544895e-07,0.0009609410059414018
52,0.00015041263178310513,0.023520629649272148,0.9756985868132105,8.859867776131118e-07,0.0006294849189564427
53,0.0001902051062087662,0.024115800900968723,0.9745238784477586,1.6126983515405966e-06,0.0011685028467122945
54,0.00023193877899263364,0.04248545501254692,0.955852993248603,1.9800337580682e-06,0.001427632926099381
55,7.671739592595034e-05,0.011074847292850612,0.9883310719483904,5.245722794191341e-07,0.0005168387905535083
56,5.698613485835807e-05,0.009239871431252765,0.9903483566340237,6.581018052583114e-07,0.00035412769805999585
57,5.9868143926138724e-05,0.008315724466318059,0.9912677603506999,5.732943466537833e-07,0.00035607374470922033
58,8.418728780457573e-05,0.0156208807741589,0.9838145762838997,8.272594689564863e-07,0.00047952839466781216
59,0.00026697582390231196,0.026409401627039555,0.9720176609121296,2.3412829271561365e-06,0.001303620354001287
60,7.760724369865108e-05,0.00987633950559869,0.9847192616089153,0.004880929119469728,0.000445862522317779
61,0.00011177483886392157,0.010993270326029115,0.9828194582513722,0.005557040908590872,0.0005184556751438676
62,0.00014022241698029793,0.00879892457702232,0.9838015275250499,0.006668440638311914,0.0005908848426357043
63,0.0002558514931476293,0.023033452631912324,0.9755915264800386,3.0141315237549873e-06,0.00111615526337769
64,5.84739298090608e-05,0.007633054658299268,0.9918576582816071,1.0767649345126236e-06,0.0004497363653500958
65,0.00024827279472601683,0.01012083380605123,0.9843409058904987,4.048049540120071e-06,0.005285939459183966
66,0.0009548794834720771,0.010841093526225188,0.9744254191625817,4.393527010041176e-06,0.013774214300710888
67,0.0001905773046889134,0.00635541823901013,0.9919764197413872,2.081605794416533e-06,0.0014755031091194003
68,0.0002703344094615978,0.018236269302179933,0.9795675419451304,2.5325135130719437e-06,0.0019233218297150044
69,0.002635512045575867,0.03219495216683903,0.80327813119805,2.7399251022067448e-05,0.1618640053385131
70,8.170897577340717e-05,0.01692750050175215,0.9714358364420024,0.009235808077204503,0.002319146003267524
71,0.0001600372551935441,0.012352289143019364,0.9855272741941453,3.3684586542235724e-06,0.001957030948987545
72,0.0004534097065953048,0.052152313062507435,0.944015060616616,4.570498094076678e-06,0.0033746461161871517
73,0.00019243524653120698,0.021114019421491652,0.9777208743262364,4.790916446406479e-06,0.0009678800892942124
74,0.00024678925745861966,0.03056738275664935,0.9683347880850068,3.7829736162302765e-06,0.0008472569272689964
75,0.00017501707203149673,0.014709829804344349,0.9844585039495221,5.280367958775702e-06,0.0006513688061433431
76,0.0001224572217814367,0.008577597321194536,0.9889102505895023,8.16020539003475e-06,0.002381534662131532
77,0.0010274311563643309,0.02700209814962914,0.9581913838432371,9.457268261028617e-05,0.0136845141681593
78,0.0017522370196647648,0.08878725327166274,0.8950712239293036,0.00022947164385127083,0.014159814135517554
79,0.04120320138146474,0.3459912754426544,0.3125441106516399,0.003637955347623334,0.2966234571766177
80,0.3961753155983926,0.2097261417713639,0.03731756221941668,0.002772220980882638,0.3540087594299442
81,0.41011929708710027,0.41720721297793906,0.028980750609684577,0.010362741746798744,0.13332999757847716
82,0.49801354492853894,0.3997839266965305,0.0096997490896749,0.02881712063765929,0.06368565864759639
83,0.4046912047671063,0.4265705273011054,0.03875758676731716,0.023326668838332277,0.10665401232613886
84,0.2918816262378115,0.43099160688397126,0.05174988519553567,0.06087343903309991,0.16450344264958167
85,0.09115063813196869,0.6182931748565588,0.09350713009716083,0.04788680607056809,0.14916225084374338
86,0.12692903349779422,0.643840637491306,0.07359719903586705,0.06049923193179604,0.09513389804323664
87,0.16465868072722495,0.10322579211146261,0.0172841798032178,0.08072088814069459,0.6341104592174
88,0.08864363486983129,0.12369136764991046,0.007442754198056188,0.476453286861715,0.30376895642048696
89,0.07829114798558029,0.0605849042188482,0.005502744450745134,0.14656272714024485,0.7090584762045814
90,0.14563183799665677,0.48862365642212585,0.04478783248682019,0.12627365500780893,0.19468301808658842
91,0.05850814206768697,0.5922794236029097,0.022647496270939337,0.207089723531358,0.11947521452710588
92,0.0675650221231052,0.4868597596440976,0.04392399176578553,0.12017242630248248,0.28147880016452925
93,0.14121128692658402,0.4916848165972127,0.0030201703252287623,0.2635739120210942,0.10050981412988039
94,0.1501842653810743,0.08511669004093032,0.00046288151267944263,0.06493630007918562,0.6992998629861302
95,0.3172598738565016,0.1409035824905963,0.0019537714434602472,0.15918216660936388,0.38070060560007785
96,0.3101304727468569,0.5422153679777382,0.007761121141926792,0.05290696096987967,0.08698607716359855
97,0.5593685775533425,0.24861342435511988,0.0028536874315767597,0.10313966469741881,0.08602464596254208
98,0.11472647020795282,0.011474336334656547,6.529611817181837e-05,0.009524204550278123,0.8642096927889407
99,0.8041456076099806,0.11793903193542538,0.0007716835644924504,0.04983198996215722,0.027311686927944466
100,0.35574614728558085,0.3894369829922641,0.01085619467088898,0.011794868047461472,0.23216580700380454
101,0.32795401264916063,0.442568631219025,0.00232789852540798,0.06084719036951125,0.16630226723689517
102,0.21014887657817927,0.7059641619786488,0.026903445291252756,0.028392960726633155,0.028590555425286008
103,0.014492346308705387,0.7964659224285096,0.16828225193024504,0.003906688506146876,0.016852790826393006
104,0.2233862960893808,0.1425864294466935,0.0022080757253013232,0.048962539485086234,0.5828566592535381
105,0.015477340448776945,0.015362297226430857,9.001946755991015e-05,0.001174497718106919,0.9678958451391253
106,0.6456850303762041,0.26726615014057775,0.0017048344791121307,0.013750945982377333,0.07159303902172881
107,0.703597432077331,0.05809722573189638,0.0003052854307779806,0.004140740699263163,0.23385931606073143
108,0.28655148029996047,0.2868109667555406,0.0040226231395706314,0.0054625319373292035,0.4171523978675991
109,0.09130025673700769,0.055965077168534515,0.0003598084038200841,0.00753306341932114,0.8448417942713167
110,0.4399466374688501,0.29168893000834956,0.0020002130710716024,0.03557215222866812,0.23079206722306056
111,0.1618519493203478,0.4426231461033298,0.03368299341747065,0.009820735004542686,0.352021176154309
112,0.01931133414496633,0.0030721036063925127,6.299441071777943e-05,0.0003538647963577117,0.9771997030415656
113,0.6577984724275532,0.21389304346097904,0.00028876955293786994,0.0028365048710586433,0.12518320968747118
114,0.35448779959546384,0.14428863928464422,0.006570822085617747,0.00032928213777044866,0.4943234568965039
115,0.8550170750851005,0.10938232658305663,0.0009619990757274564,0.0005138472640511434,0.034124751992064356
116,0.11529853628897616,0.7726009034897231,0.045010124320123995,0.005650799936441316,0.06143963596473562
117,0.06771726566865713,0.7721172091423829,0.08194692883407469,0.0051392590679348125,0.07307933728695051
118,0.02639155711403323,0.8245679069725539,0.10176343762366061,0.012622716382073384,0.03465438190767881
119,0.012177341273207014,0.7621516499198918,0.1693406600709868,0.007207941446018233,0.049122407289896135
120,0.014169224224216952,0.6123046011507418,0.30300485472366145,0.0012410099786404091,0.06928030992273944
121,0.09680633464438271,0.45932208244917094,0.017175296572779296,0.014502674051959414,0.41219361228170776
122,0.024905408023121092,0.017266434782336717,0.0003074174410722448,0.0010071782496881598,0.9565135615037818
123,0.03189726196859462,0.007618846372165096,8.462063234262358e-05,0.0002855403191848403,0.9601137307077129
124,0.7392884701953668,0.0916941812446365,0.0002947746319500194,0.0005382327894671667,0.16818434113857958
125,0.708944656158059,0.2160368335622055,0.0008294793390330181,0.0016640440372287558,0.0725249869034736
126,0.28603016213322874,0.5555244853206673,0.021243591032025996,0.00629891813524217,0.13090284337883576
127,0.12869217770734956,0.7551352942594631,0.005862742402121887,0.06179852252716596,0.04851126310389971
128,0.07893753348303344,0.7359203383621223,0.02105818979682082,0.07205109003609192,0.0920328483219314
129,0.057054208279838,0.7889600139902544,0.005864225037682066,0.12762485470210033,0.02049669799012533
130,0.09953011825013763,0.3529813086173253,0.024607885094829005,0.01638673496742224,0.5064939530702858
131,0.017094274466543914,0.0034034889809146313,4.2777065675690344e-05,0.005068389842333682,0.9743910696445321
132,0.7481733880185336,0.10194578923894604,0.0005357140934785381,0.08262616362722634,0.06671894502181547
133,0.5638120093181609,0.21237280222719093,0.0009287364890587057,0.06895546692702739,0.15393098503856198
134,0.6654511620237115,0.20462704562937678,0.001064527393851644,0.04895348283015479,0.07990378212290528
135,0.14521596810221624,0.025509256361812043,0.0006070106946791821,0.1294586146612367,0.6992091501800558
136,0.45822904511836204,0.10339503586275534,0.000623504267668695,0.29547695354357867,0.14227546120763526
137,0.22688952117401226,0.31684478294369206,0.015339668452983641,0.1830970115343204,0.25782901589499163
138,0.3542110409254429,0.22181075192096222,0.00305186414647269,0.2500168164846838,0.17090952652243827
139,0.1226931848217027,0.22558186722189963,0.0008769956695239206,0.1188224784557589,0.5320254738311149
140,0.06341392025160965,0.07535139762346386,0.0016107563335391669,0.24656675711601928,0.613057168675368
141,0.14684666309036315,0.7499748519986971,0.0038319271806086363,0.04258107111576726,0.056765486614563904
142,0.09823844946255231,0.03960986952413317,0.00014546567792735735,0.018175900504267,0.8438303148311201
143,0.21319717752821574,0.6540276063907204,0.002278215552934225,0.08606807971089607,0.04442892081723348
144,0.11512069414834841,0.7555000140392661,0.0024296143599920558,0.07569925802966945,0.05125041942272393
145,0.009889847064541345,0.003790602940240816,0.00011170474636782373,0.0027091133355529088,0.9834987319132971
146,0.7086371500908888,0.0806555140292172,0.0003365920316294863,0.14460045851410935,0.06577028533415503
147,0.26814120135110375,0.11741282952966117,0.0008909546543221136,0.01402419173146253,0.5995308227334504
148,0.5035393232362416,0.06823308387533651,0.0009790822683809711,0.005734979015871301,0.4215135316041697
149,0.1570867904331107,0.4674009978380664,0.005317634320593853,0.013162820863088908,0.3570317565451402
150,0.30840823823206787,0.0610206066254892,0.0001745255071239897,0.055761893830843595,0.5746347358044753
151,0.17283540945531828,0.0629874546800529,0.0005222326885488226,0.03669464567502047,0.7269602575010595
152,0.18576867733145302,0.6056804924469112,0.002468679718582563,0.09135380265391782,0.11472834784913555
153,0.06015917081976755,0.8311768428168157,0.01536751671459355,0.014739068586194974,0.07855740106262823
154,0.07946603753290077,0.5121549561497954,0.016057842750699974,0.0156387859362312,0.37668237763037266
155,0.007714797254087946,0.012916423301640525,0.00018682534148520096,0.0074132181758968935,0.9717687359268895
156,0.04849617350331638,0.029381313336204865,0.00025667770121440606,0.02594839472978531,0.8959174407294791
157,0.005551619108513704,0.0071434671725737016,0.0006229478953850851,0.002135068287477654,0.9845468975360497
158,0.014636783010756566,0.01103033210470381,0.00017959292669651503,0.002122637360717849,0.9720306545971251
159,0.462067383267922,0.15640674174186817,0.00020099674723937923,0.04606761927834768,0.3352572589646228
160,0.06131590744205508,0.2264229188018936,0.003588272549883681,0.009080351868897383,0.6995925493372702
161,0.002856209698225907,0.0026619435081720135,3.994402290724198e-05,0.0005699181353757935,0.993871984635319
162,0.28219670604122776,0.02293119226881504,4.433198490376197e-05,0.015347815039802681,0.6794799546652507
163,0.09556039769816037,0.047173152404865824,0.00025833396095252374,0.005248217344210467,0.8517598985918108
164,0.0017558163927476693,0.00024166460188599224,1.3119878828621122e-06,0.0001544727069604494,0.9978467343105231
165,0.0007333434304672593,0.000245711340875267,2.3732291953923765e-07,0.0005697911815699536,0.9984509167241681
166,0.005015279159397589,0.0009464392387567718,1.3589304608330353e-05,0.00017399577988887313,0.9938506965173484
167,0.6841648741295017,0.013894140805214802,2.8327406665951603e-05,0.0026803626069014336,0.29923229505171617
168,0.6157486913120246,0.04445721977078128,0.00030531446947392024,0.001350797131527483,0.33813797731619266
169,0.35340342488298443,0.4354628526163298,0.007325697352667517,0.0012372644868681073,0.20257076066115018
170,0.1616509072875818,0.79575183101689,0.020849175091073764,0.0009482447664782436,0.020799841837976254
171,0.10329015821654698,0.864311675275108,0.021907516553017755,0.002219000360517825,0.008271649594809534
172,0.009878773408727731,0.8749524247958607,0.10336639144379939,0.0004857433486305265,0.011316667002981657
173,0.02241639717108104,0.18661270427666668,0.7852798630183169,0.00040644012536271835,0.005284595408572577
174,0.0010971425192112738,0.09692393955645398,0.9004711119794772,0.0001707613726714975,0.0013370445721858247
175,0.20969812625978032,0.5357141916778715,0.2295222880381931,0.0035865648867672117,0.021478829137387807
176,0.6018345036786235,0.20996092272546218,0.14514958645684736,0.004709739312382972,0.03834524782668382
177,0.03375005384699504,0.9255760189313285,0.02475181687531511,0.006489933819906877,0.009432176526454455
178,0.14366214574599862,0.721181224601359,0.0110729213019962,0.10803870445812266,0.01604500389252335
179,0.26982713060545893,0.5794060170957369,0.005661389592791665,0.130549420046441,0.014556042659571415
180,0.08635070224139459,0.8419184652002062,0.008008637731934613,0.05809427614174854,0.0056279186847159645
181,0.05139146134261863,0.6434007527966865,0.0030706136181444794,0.2973397809876148,0.004797391254935633
182,0.11129251679489478,0.36678802649189346,0.0011445422999806685,0.513648182894466,0.007126731518765224
183,0.10602033892197384,0.4013717291871784,0.0012710873663533543,0.4854788085312641,0.005858035993230359
184,0.08888280781708537,0.3101777764999031,0.0014362197393707474,0.5902467168989778,0.009256479044663013
185,0.09414895686199296,0.05038232199082644,0.0002217262474046107,0.8508647205234844,0.004382274376291526
186,0.057045821566007134,0.14586648952609899,0.0010232527064698636,0.7732305929735126,0.02283384322791131
187,0.07387247330985125,0.04956321673404548,0.0002532486409015941,0.8672535290645835,0.009057532250618165
188,0.0331818878856787,0.06017754508024914,0.00032688164959534654,0.902326174782754,0.0039875106017227425
189,0.023035572147989288,0.032824959888142706,0.0001892024594223119,0.9421054564825715,0.0018448090218741958
190,0.043612277997873365,0.04239427920668306,0.00028076987503755944,0.9110537572420725,0.0026589156783335074
191,0.025405938311690086,0.07605416985516443,0.00026374769236710434,0.8952079572443832,0.0030681868963952264
192,0.02155849497371701,0.03667679522571143,0.00018631486067338367,0.9391982568746171,0.00238013806528092
193,0.016689194078975428,0.0298719776102074,0.00015636861612597534,0.9508905882015903,0.0023918714931006725
194,0.024486870359324463,0.016777656493107633,0.00013257637176469737,0.9555258338597862,0.003077062916017148
195,0.037501776973371675,0.014763524506363581,7.033191964415927e-05,0.9424208478059772,0.005243518794643202
196,0.008939572055353213,0.01771883419447647,7.721453053484111e-05,0.9705984297972319,0.0026659494224035526
197,0.009392934454154258,0.029779729376975563,8.07328003132703e-05,0.9574878623098367,0.003258741058720241
198,0.028167670965014754,0.011333988852128232,2.2157022006164792e-05,0.9529456537206986,0.007530529440152349
199,0.04997675233669104,0.030949081964092937,0.00019400931473319505,0.9147864223520319,0.004093734032451002
200,0.03020223609194134,0.06333331405246008,0.0003131672233860681,0.9037975440915011,0.0023537385407114853
201,0.021534946155676585,0.03693172173615805,0.00017502713197862412,0.9392879464514707,0.002070358524716008
202,0.12549838907224878,0.02431689805797996,9.98905237756809e-05,0.6319511451668349,0.21813367717916068
203,0.2873296433678186,0.05413859513252062,0.00011445593734100282,0.6499115398518855,0.008505765710434335
204,0.5528034794357544,0.18850408963653703,0.00043531458999062397,0.25403081386084236,0.00422630247687554
205,0.5393422405870513,0.3493049894075723,0.001210359383885354,0.09945978952847877,0.010682621093012176
206,0.08277722049856312,0.8757426951578088,0.0023618466609529086,0.03576469474617349,0.003353542936501758
207,0.08790447854300136,0.8704446114762313,0.0015898249196723304,0.03618931376042223,0.0038717713006728226
208,0.013070326950643467,0.9712928759095153,0.004081584233545196,0.009919745514424016,0.0016354673918720457
209,0.11595708534829127,0.8234010975248156,0.005636350778843219,0.031024495291343233,0.023980971056706515
210,0.051181099394396475,0.9332545084530497,0.0014084295452723762,0.006555352242070979,0.007600610365210619
211,0.011700912789391612,0.9822444476926746,0.002151284231571368,0.002233593526970782,0.0016697617593915996
212,0.010149148293735121,0.9846230458823301,0.0019467775149761485,0.0010639571999228438,0.002217071109036083
213,0.03975403688864741,0.9540323980333423,0.0006231041745284959,0.0021337599677887856,0.0034567009356930778
214,0.002891239836699343,0.9956450662723166,0.00038010797164915363,0.000361711294510441,0.0007218746248244033
215,0.005041496229000199,0.9821367510340797,0.007977368182655712,0.001975201330152923,0.0028691832241113727
216,0.034598053642716904,0.9246237124640548,0.015680525651018098,0.015310202971215235,0.00978750527099483
217,0.007199752207519482,0.9484059426495592,0.02881046647362456,0.011514223583735553,0.004069615085561158
218,0.034290939304239695,0.8382481255225465,0.061998599769749294,0.05531545770054291,0.010146877702921591
219,0.16814668781532796,0.0814822369884345,0.00041342245901142895,0.21577649891473846,0.5341811538224877
220,0.3382663872665846,0.14626214833637066,0.0015454594860347338,0.06680598230868297,0.44712002260232697
221,0.758875927777543,0.19739619038923478,0.0002767422465775424,0.02760071169484204,0.01585042789180253
222,0.39395117118660883,0.5821768244406635,0.000724036747598105,0.014062635426372467,0.009085332198757094
223,0.07761176749037142,0.7528524777412218,0.004563457589262533,0.15424435567707653,0.010727941502067819
224,0.18888756277033944,0.2951599097028521,0.00028041067847514996,0.4991342687526659,0.01653784809566751
225,0.0661731940151555,0.8529442643276087,0.010992937614159641,0.06198933855775485,0.007900265485321458
226,0.6065388008273098,0.18950322471514683,0.00044707696275698625,0.04490020547613515,0.15861069201865116
227,0.31807282518170826,0.6624299580858328,0.00238620185378872,0.010901394862297563,0.006209620016372695
228,0.06151897662808562,0.9249195456752958,0.008246640946256165,0.0010533627228700693,0.004261474027492238
229,0.09953840389241991,0.8561299199491708,0.03413584057577464,0.0011230972588352488,0.009072738323799286
230,0.0178495287889171,0.9237620163450546,0.051665450461643635,0.0025577987988820365,0.004165205605502723
231,0.039355825465960094,0.7973116677455986,0.14101882351570033,0.006146143831742672,0.016167539440998475
232,0.01048532718609419,0.9343158422779969,0.05068306255915958,0.0016561743122483112,0.0028595936645008785
233,0.010380302902484588,0.3880902447894432,0.5936926191148824,0.0005251067695176277,0.0073117264236722
234,0.024313203997771246,0.9187905249412375,0.05147616426300469,0.0006629917573832218,0.004757115040603349
235,0.0032633395625886225,0.9177980150960722,0.0776782958486178,0.00011976204405778285,0.001140587448663676
236,0.004316753463391168,0.6834457280075443,0.3066631124103508,0.00014775122737085988,0.005426654891342736
237,0.0014907579930960512,0.8388592156954384,0.158610187173351,0.00010125086710122709,0.0009385882710132923
238,0.0027101687053519017,0.9377623202094177,0.05773090433604122,0.00017381555159589758,0.0016227911975933414
239,0.14780982269477938,0.6187761263384306,0.162595988467055,0.0020255394553604328,0.06879252304437442
240,0.0042528970144398714,0.36762639404381114,0.6212514566583477,0.00016963437156995297,0.0066996179118311745
241,0.007592648828470186,0.7938016435254174,0.19257415555348675,0.00034384627361837365,0.005687705819007261
242,0.0032449724597575754,0.6429982329279529,0.3497268612551636,0.00021381252766988738,0.0038161208294559437
243,0.0011566731796169136,0.19156620184354703,0.8042154189450683,0.00010233040645257124,0.002959375625315248
244,0.0030486830235130257,0.5663741131063034,0.4295755275926096,9.787628538424157e-05,0.0009037999921897821
245,0.0005941438529969223,0.10437142126343876,0.8944727307814745,2.2731365289044113e-05,0.0005389727368007215
246,0.003311680481313345,0.8764927264936593,0.11857330001498202,0.00012271346645404142,0.0014995795435913883
247,0.00020745628742294017,0.13910542675666193,0.8603007602115533,1.1933789391375867e-05,0.0003744229549703905
248,0.00043486691822023325,0.21185933905789703,0.7866575579449518,2.3633471847617956e-05,0.001024602607083303
249,0.0006723731633584366,0.19412690589485312,0.8041702793697993,4.1586871487210635e-05,0.00098885470050194
250,0.0022915012058957627,0.14992869267198433,0.8451798344852978,0.00016099604563619288,0.002438975591186025
251,0.009093628652803014,0.34074403655189794,0.6432295309220067,0.0003155390662920462,0.0066172648070003705
252,0.005128583026034748,0.9590502068240575,0.03377346758892327,0.000289118387571741,0.0017586241734128085
253,0.004266244453562611,0.9488691879287933,0.04437822751561051,0.0002616048037932905,0.0022247352982403983
254,0.0019354046195850104,0.5476628433863915,0.4487404559170132,0.00011168868011965198,0.001549607396890568
255,0.0013269781310646155,0.7426776538405563,0.2545612142009124,0.00013460413941877676,0.0012995496880479102
256,0.0009703334362188564,0.6983725092953262,0.2993924482695712,8.81226051306602e-05,0.0011765863937530543
257,0.0007473809690293874,0.3459894778255277,0.6514773190957261,0.0001659623606520626,0.0016198597490646575
258,0.00139587067520946,0.2023409591483105,0.7945237025049241,0.00020019567202499906,0.0015392719995308576
259,0.0006938965216859438,0.1988068476656434,0.7989074866994634,0.0001364683195917404,0.0014553007936153077
260,0.0009119177462817961,0.1807722075874978,0.8157470898159253,0.00041933297017822597,0.0021494518801168845
261,0.001735806323274051,0.25901077583586085,0.7335387715156529,0.0008765998730000166,0.004838046452212085
262,0.020702940999989983,0.20488618482256196,0.49380568969427724,0.005585818683815484,0.2750193657993553
263,0.030305105067898963,0.02059643955887289,0.000504838317052811,0.0018325111873947976,0.9467611058687805
264,0.35434113128186223,0.2839553298717606,0.0011112181583326527,0.005147748615360787,0.35544457207268365
265,0.472317314380874,0.17299731247959796,0.009830596366508154,0.0022865341909426213,0.34256824258207735
266,0.45003368450931713,0.5256024654391045,0.0009930906886905,0.00063513180618961,0.022735627556698276
267,0.07993716850203988,0.8589444906196205,0.04915990576333468,0.0013540787341880071,0.010604356380817007
268,0.07519424281028018,0.9013327880281947,0.01683573181705014,0.003292261517683755,0.0033449758267912765
269,0.006993044696477617,0.9264822360839124,0.06412505975804728,0.000588768250242275,0.001810891211320296
270,0.0045220214945202765,0.6525092652854031,0.3396376205770385,0.001050522733255084,0.002280569909783087
271,0.002696379331621736,0.9088752530889151,0.08645341289506657,0.0004473963333739565,0.001527558351022731
272,0.003049073063673173,0.22464766782725196,0.7681180077094202,0.0008215603880674471,0.003363691011587384
273,0.01579692813955756,0.9062912860742159,0.0651090287850215,0.00914055434016191,0.0036622026610431805
274,0.0043061823639715495,0.8844658491724428,0.10224409045789781,0.003612169098447332,0.0053717089072406075
275,0.03271069146735757,0.5840155695016416,0.25961245025021434,0.007164478827780526,0.11649680995300614
276,0.12251088370540301,0.5417752436843271,0.005705713583989189,0.0028046000170404367,0.3272035590092402
277,0.06235411011067045,0.8435907208832863,0.07328275802432184,0.0029971138477629545,0.017775297133958565
278,0.1567444077337032,0.7186449802538935,0.02878174926754287,0.008990546833031094,0.08683831591182928
279,0.1649818874563638,0.4557501252016627,0.03725744001608424,0.024487882357398294,0.31752266496849096
280,0.05488815167890139,0.10281795227643922,0.0025883547542760042,0.03023504171713763,0.8094704995732457
281,0.3291787872833381,0.5604292585875261,0.0056447473456569175,0.037513467826022245,0.06723373895745659
282,0.2653442905748755,0.5628083903295062,0.0022211250708145526,0.12450392060785181,0.04512227341695198
283,0.16826052729738034,0.6086061192180534,0.008112052130106504,0.15847863250649394,0.05654266884796573
284,0.07860304094086112,0.32542954089984555,0.0010915573358367843,0.5854775074042038,0.009398353419252827
285,0.06780418471577,0.03435158458372841,0.0002891411854856016,0.3230768754108529,0.5744782141041631
286,0.1468380893697926,0.13741281871641423,0.00039857444074995206,0.6867681781377061,0.02858233933533722
287,0.19144256210398963,0.28986135603989915,0.00028566974424453623,0.46875713081377435,0.049653281298092475
288,0.14287167556294045,0.04974138000700301,0.00018711142675144227,0.18766374387343399,0.6195360891298711
289,0.23058152857423939,0.03482345063849048,2.6735816283979142e-05,0.13370825041363776,0.6008600345573484
290,0.571448734649413,0.19891356975299457,0.00014418837111235396,0.1374084086838818,0.09208509854259818
291,0.8229797652024723,0.06341178509353618,0.00015309799333048106,0.09529386865355047,0.018161483057110638
292,0.2604886554582226,0.6249285039747038,0.0009318182810610326,0.10429719260708026,0.009353829678932309
293,0.14603123135351626,0.6517195371665429,0.0027088910429117286,0.18483457748994722,0.014705762947081837
294,0.06742734041216275,0.8894078244790747,0.002231598859996729,0.0362218114346672,0.004711424814098618
295,0.0752556999549784,0.893491367631221,0.006828471579759902,0.006767068358609741,0.01765739247543102
296,0.4890404543265343,0.4743988825278255,0.0005308042718136421,0.004161165679652047,0.03186869319417432
297,0.024892310371210268,0.9554034603328697,0.01638001012739594,0.0007020962765591295,0.0026221228919648875
298,0.020921884827808584,0.9367205503607889,0.038857601659967454,0.0005140250753997162,0.002985938076035404
299,0.011362522866996348,0.9544902579728581,0.031076174094258033,0.0009250554275979476,0.0021459896382893216
300,0.0011486417383654197,0.8395177744358456,0.1578042978930602,0.0006445071326700865,0.0008847788000586913
301,0.0018886893585597898,0.30974814904238845,0.6871788937860501,0.00020713236636708831,0.0009771354466344346
302,0.0028515327578769252,0.286926693061206,0.7063616662268565,0.00024476043004889456,0.00361534752401173
303,0.0031997528516572093,0.8208250080981561,0.17428369404788613,0.0003304410070281103,0.0013611039952724387
304,0.0027260665834897327,0.8973113915107717,0.09833711754396757,0.000307752217648754,0.0013176721441224377
305,0.001609510646427802,0.9391076351103342,0.057928717645245986,0.0002242025934031145,0.0011299340045888074
306,0.0009374129660955967,0.6300511600013489,0.36798594196532003,0.00010744406766642018,0.0009180409995690998
307,0.0006900471467059217,0.5622894571914399,0.435800127109798,0.00012525558047872727,0.001095112971577462
308,0.0017972267120833858,0.6686270187781145,0.3280612270411868,0.00020625496412129282,0.0013082725044940345
309,0.000777829028795969,0.2330191451939192,0.7647216169463891,6.533739472237038e-05,0.0014160714361732838
310,0.002190414050768831,0.6762027314454787,0.32002413216918874,0.00019069529457131813,0.0013920270399922828
311,0.002711715022324587,0.8667154490682684,0.12834237517174782,0.00028388556107340355,0.0019465751765860018
312,0.0010226126703297745,0.5745667199567572,0.42317706087314527,0.00015136676189361672,0.0010822397378741598
313,0.0004984819708179959,0.17478109550244225,0.8238734402234089,0.0001491416283190458,0.0006978406750117579
314,0.0023248334546717058,0.2278798588322974,0.7662210754415419,0.0004493714438369672,0.0031248608276519866
315,0.0030328845356812255,0.7533555434277641,0.23455354492950625,0.004989669425056292,0.004068357681992323
316,0.0012933969243421096,0.21364117408603953,0.7812852777424069,0.0019931164897331525,0.0017870347574783924
317,0.016678749416022882,0.20347119554434506,0.72324083926205,0.012051629068881757,0.04455758670870022
318,0.03512421180680535,0.8668905218008354,0.047140857606362545,0.026197535691413296,0.0246468730945834
319,0.0685282275289942,0.08243481511301051,0.0005300839876488373,0.007774254831261533,0.8407326185390849
320,0.2816965021302428,0.6624457712228453,0.007064673978399179,0.007339106589593588,0.04145394607891918
321,0.03568355807183689,0.7969092759572581,0.11992875940774082,0.005409942236772465,0.04206846432639168
322,0.1633776921976369,0.555957729668189,0.04213790688350335,0.021786516082143843,0.21674015516852688
323,0.07759816891018234,0.127609423963151,0.005691182352786538,0.01656668823322729,0.7725345365406528
324,0.005392927480919461,0.01352169225588802,0.004526589751395254,0.010027948753747155,0.9665308417580502
325,0.0776488528855524,0.008906079886199432,9.735864250330765e-05,0.006884061988248673,0.9064636465974963
326,0.14260587762428822,0.017286854806463827,0.00027596376175289747,0.005247403493482777,0.8345839003140122
327,0.23291173677802673,0.02010295804035091,0.0004490093651662936,0.007479077026626651,0.7390572187898293
328,0.35968514132983176,0.02156838464411666,0.00023735343301773204,0.02249696776752777,0.5960121528255061
329,0.6234371890532199,0.1837056268176175,0.0003636030780074059,0.11656615876430369,0.07592742228685147
330,0.28169125240022796,0.13424490594845415,0.0052165532336051245,0.23887894553889577,0.33996834287881694
331,0.3408713568453658,0.16113580206056555,0.001376738566115055,0.17008295339679563,0.32653314913115783
332,0.23059962347325272,0.3103145986015518,0.0007375463181165931,0.4511080229052915,0.007240208701787501
333,0.1643630519014447,0.7718606910823944,0.003192390995915631,0.051955912478367984,0.008627953541877236
334,0.02186360457323843,0.906252750389724,0.028302328104519416,0.04081356872003213,0.0027677482124861684
335,0.017923301726939813,0.9104570015551435,0.009778916620096986,0.059504563716104304,0.002336216381715323
336,0.01604209355569356,0.9088939204208637,0.05062567191169317,0.020032613299978425,0.004405700811771078
337,0.20760146341995536,0.37992277999149576,0.11060106957809585,0.08234206968702437,0.2195326173234287
338,0.23660339270649444,0.5805074416141606,0.016936310157007233,0.15369605378442433,0.01225680173791336
339,0.30706059815954345,0.6070485460850821,0.02950100243588672,0.03973319435935092,0.016656658960136884
340,0.5648301917720666,0.34491071109272764,0.00845056531030977,0.05801190636212944,0.023796625462766664
341,0.6803604352417929,0.19383703596987553,0.003381896482911519,0.0980215829155794,0.024399049389840714
342,0.781103737743579,0.16779142049966436,0.00046726933943291773,0.04331298642412988,0.0073245859931938525
343,0.05864916923135731,0.9185242617025671,0.012027310899836035,0.00778650307424613,0.0030127550919934677
344,0.06084357357818358,0.8770965021336598,0.055924512056266175,0.00217077441789749,0.003964637813993212
345,0.31415151276651426,0.6522953944687652,0.000723956196392592,0.012722977267733651,0.020106159300594357
346,0.016155100661191198,0.9531740789924245,0.026807739603919634,0.0009825387012030757,0.0028805420412617018
347,0.022335798150671958,0.9261161815852241,0.0490319197870631,0.0006872304286608247,0.001828870048379864
348,0.011507412559942747,0.958572417391687,0.0208443477903676,0.0011384766385685032,0.00793734561943417
349,0.0015186301480355467,0.9777377177394608,0.01268446008103923,0.0003194819204744717,0.007739710110989971
350,0.0037336063555391806,0.8813176441582554,0.0878530699638025,0.000701501411800573,0.026394178110602386
351,0.0018599631688826195,0.9705793591129952,0.01536343379622648,0.0005769080574887614,0.01162033586440691
352,0.002484281539452283,0.9546262775148637,0.024727759170793936,0.0005499205317758015,0.01761176124311419
353,0.039250187821225475,0.07526005450313249,0.006324137373345741,0.01640936074690127,0.862756259555395
354,0.11007205292767487,0.16599411555427887,0.021644984200975943,0.002935289737238526,0.6993535575798319
355,0.07915472396674947,0.13333675108015886,0.003295034305140466,0.004856478478951815,0.7793570121689993
356,0.026953253632307606,0.015061768107654127,0.00026892868935956074,0.0015450148877405024,0.9561710346829382
357,0.4236617083856922,0.10059667660436372,0.00011019645142387913,0.0010824235794741532,0.47454899497904607
358,0.6452810301992611,0.26605174474248844,8.065854188227867e-05,0.006787522431004177,0.08179904408536397
359,0.28390281727849714,0.6468851236966241,0.02308409710472064,0.00373257513937208,0.04239538678078617
360,0.12030153998021806,0.8279080452717394,0.00858924008097636,0.016977688714423754,0.026223485952642407
361,0.03963121370453082,0.6860959109009952,0.1741310817091162,0.006456070270689778,0.09368572341466806
362,0.10591330490153321,0.5345188670552988,0.021926860888461443,0.043403520493777846,0.29423744666092866
363,0.0639629581800117,0.019513407625780646,0.00043933112317558773,0.05193563017656179,0.8641486728944703
364,0.5258237988582594,0.09122166876514978,0.00034411240446674025,0.16801677916845228,0.21459364080367196
365,0.6036264303463422,0.14084983505844156,0.0005334364030060675,0.15280584304503556,0.10218445514717459
366,0.5307477378582003,0.08305641834013074,0.0005115129803257299,0.1654776887343269,0.22020664208701635
367,0.27005205316105224,0.030130510669561884,0.0003583215166937662,0.40816616003583717,0.291292954616855
368,0.5326977500401957,0.08344820252337422,1.8604676650084444e-05,0.27685104597741017,0.10698439678236973
369,0.6274042019872887,0.04743082322614209,1.0229320369522033e-05,0.09558509436741414,0.2295696510987856
370,0.6813871655200349,0.12887546438801054,0.00015633576921301602,0.14455037431181703,0.045030660010924546
371,0.11973016467310375,0.7590548305263193,0.012039475870140006,0.10015993411795854,0.00901559481247844
372,0.01654527518887891,0.6937443103140402,0.25275904524840137,0.032682780752536056,0.004268588496143422
373,0.05489592361080795,0.7524704005344399,0.004706408305766831,0.18271474893175518,0.0052125186172301005
374,0.016481611859296447,0.8981378230277035,0.0521314685578212,0.021010056906731276,0.012239039648447372
375,0.13098205124888943,0.2051863430929893,0.0011889834289079636,0.13261192310581063,0.5300306991234027
376,0.3758527106912698,0.3543390824866155,0.0016759609803479454,0.2447407338387792,0.023391512002987624
