epoch,N1,N2,N3,R,W
0,0.009421439075737661,0.0014409202167828838,0.0,5.358226578369003e-05,0.9890840584416957
1,0.010902999771778997,0.013434618401608853,0.0007063628569631196,0.00010754334965401898,0.9748484756199951
2,0.0008022954499696751,0.0006727511728873466,8.694460141804052e-05,2.286831307297078e-14,0.9984380087757021
3,0.0015294641514286976,0.0006756222777939689,6.109817423732635e-05,1.63370294102313e-05,0.9977174783671297
4,0.006020365117560895,0.002370153575636802,0.00011057137179562481,7.698000761638852e-05,0.9914219299273903
5,0.012250728457954396,0.003176399375019405,0.00026044603420569595,0.00013734621032099662,0.9841750799224995
6,0.01391543334521723,0.005132290283867108,0.0005012701725618016,0.00032244911488181157,0.9801285570834719
7,0.0019361778515046785,0.0011788498339232805,0.0002653047483281061,5.2792124411262046e-05,0.9965668754418328
8,0.00947080772468008,0.003199554904914053,0.001026351644997205,0.00015557259782649112,0.9861477131275822
9,0.009624385757394634,0.0033951969046920154,0.00033716445253173315,0.00014866753255053967,0.9864945853528311
10,0.007843619029185655,0.0027758336077489,0.00018454850308210037,0.0001233204781498046,0.9890726783818335
11,0.00430298517767432,0.002397827690809765,0.0004993822383518726,6.643569314307107e-05,0.992733369200021
12,0.004824423090728759,0.006302211907758421,0.0026358174554043687,0.00010464839889980008,0.9861328991472087
13,0.0020546096530883852,0.0005352776455661339,0.00011544049346778342,1.544643459512971e-05,0.9972792257732827
14,0.0027236861972434706,0.00196174302203129,0.0004192614979083188,1.8716661274015653e-05,0.9948765926215429
15,0.006762867028580904,0.0038322316096210643,0.0010816526567284962,3.4290816883885735e-05,0.9882889578881857
16,0.01008571994646677,0.0032571171674794577,0.0010688002851819945,8.408207197697153e-05,0.9855042805288947
17,0.02076450872029606,0.005251886585216627,0.0007762755316644854,0.00014484528714216858,0.9730624838756807
18,0.00805362605729121,0.003893367723036293,0.0004413022784363712,3.69215267993513e-05,0.9875747824144367
19,0.009413744343195389,0.008961002481543317,0.0011888653760476135,0.00010121337458586742,0.9803351744246278
20,0.028896352170387447,0.022144632185658177,0.006464726024448485,0.0003565539496975954,0.9421377356698083
21,0.09611087576897183,0.248504197546344,0.014354040909996193,0.0006698248053321052,0.6403610609693557
22,0.043616355585915284,0.037139255100761895,0.004728946784204202,0.0005119735285973752,0.9140034690005212
23,0.02369395351571858,0.03230866667274031,0.003149102057351238,0.0001274058677100031,0.9407208718864799
24,0.001820913419340565,0.003523908229881615,0.0006613348836138936,3.0123028525726173e-05,0.9939637204386382
25,0.07374228538773901,0.054520967324093186,0.005710878678378676,0.0003192970969336301,0.8657065715128556
26,0.11660081377880217,0.1403282829210549,0.008788532103345615,0.000382083850128735,0.7339002873466686
27,0.08451638053517406,0.17722897648823766,0.008244994669511676,0.00043283835648935464,0.7295768099505873
28,0.0029052322485396084,0.002206674955095289,0.0009267933736534249,2.7723569940078238e-05,0.9939335758527715
29,0.004014288976299583,0.00027362718105107173,0.0007373649398766032,2.0681621762270153e-05,0.9949540372810105
30,0.001780475441295063,0.0009960426886547,0.0005116371248280257,2.519724677502759e-05,0.9966866474984473
31,0.0027556203750833466,0.003253807538812756,0.0005421538799690015,5.9017411753478055e-05,0.9933894007943814
32,0.0043055354670305575,0.008541136982823114,0.00045927474791735367,6.192431783612873e-05,0.9866321284843929
33,0.0005896017871388096,0.00040532028134076647,0.00033871089934267915,4.0493717639101776e-05,0.9986258733145387
34,0.0031744948344791715,0.002523196710839261,0.0003254524259257955,9.888020078547698e-05,0.9938779758279702
35,0.014065559563516265,0.004979286322714508,0.00024172491550811178,0.0001467678841245932,0.9805666613141365
36,0.011536228145476916,0.010457095943059604,0.0004341069425563949,0.00011043628188678588,0.9774621326870202
37,0.02219991551759265,0.06363399744986634,0.0014638352794512993,0.0001167593546891969,0.9125854923984006
38,0.2597318259540203,0.12064892841230225,0.0011480918450505163,0.0005031110559680364,0.6179680427326589
39,0.15112349482322335,0.14627608965587188,0.001252378506113841,0.0014690706142111054,0.6998789664005799
40,0.1697658053483678,0.2664594466408264,0.006574589072078701,0.0006649334300631457,0.556535225508664
41,0.31526086671633363,0.2551405942100003,0.003894720377661039,0.0009886030736609775,0.424715215622344
42,0.0567571739284531,0.2194578059963288,0.016991427342781622,0.000421751005079686,0.7063718417273569
43,0.24725822480770776,0.45754550994774673,0.0127824079102146,0.0012875144784841757,0.28112634285584653
44,0.15235554384046465,0.6057081388393045,0.0392121654132338,0.0004321410106059571,0.2022920108963911
45,0.25568398271465537,0.44285795256074106,0.023310993718777057,0.0011875687044380003,0.27695950230138866
46,0.1644929923568543,0.49884109986516223,0.031261596936925345,0.0008639097199217451,0.3045404011211365
47,0.12420291718027142,0.6782734045957137,0.03492147115137896,0.001631576111643104,0.16097063096099282
48,0.07611587490526221,0.6874909399115877,0.09376458993812253,0.000716403543780811,0.14191219170124664
49,0.10264996314704768,0.6971541352144401,0.06286347354212178,0.0015776238061625018,0.13575480429022796
50,0.07866698874391821,0.584241320672551,0.08221162132223082,0.0018962821984882308,0.25298378706281177
51,0.2159150426634366,0.41999758222905614,0.1024222320263893,0.0031116372214147134,0.25855350585970316
52,0.09519997038908384,0.5073611199642963,0.11963384524201083,0.0009735192886595855,0.27683154511594926
53,0.12320825220635195,0.6440584471996801,0.14775352426422958,0.0010788115171664907,0.08390096481257191
54,0.23736677301741296,0.6193407935450692,0.021354678869419552,0.0010200582420220828,0.12091769632607621
55,0.021838444594743156,0.5942905170073796,0.3528477737097892,0.00028750805081557935,0.03073575663727259
56,0.13292565300594855,0.4394368656862109,0.03389306641514774,0.0013906824553766239,0.39235373243731614
57,0.17947407638381252,0.07379801542803106,0.008739663483209252,0.0012057589708025383,0.7367824857341445
58,0.36280617845571617,0.368829904401006,0.05530894909034126,0.0019614248717136715,0.2110935431812229
59,0.25451955526553055,0.21225214151090566,0.026535829913569557,0.0012191109047894376,0.5054733624052048
60,0.30673501284603705,0.4191605996221037,0.021368850078888193,0.001206319972649605,0.2515292174803213
61,0.3202560029444878,0.548349297237686,0.03647747184114347,0.0007802258636044937,0.09413700211307799
62,0.1981397454168857,0.49736565023587453,0.20904701818293825,0.0007646005063620721,0.09468298565793941
63,0.27761259533558763,0.3299256636202226,0.07778845232551451,0.0034868612383825086,0.31118642748029274
64,0.08656162968675864,0.5806680143233459,0.1120338060391405,0.00047241194697561267,0.2202641380037793
65,0.16551293640208425,0.675643127352722,0.08936736433643645,0.0010338244971812838,0.06844274741157598
66,0.26916489025125384,0.554964904645043,0.04951570455448491,0.0016972644996405487,0.12465723604957767
67,0.12496938293957273,0.5898594280841326,0.04990162284707823,0.0013893488056409607,0.2338802173235754
68,0.06876695801537304,0.7608641480776804,0.11385750525741063,0.0006199696306300912,0.05589141901890591
69,0.12198095173521535,0.74834119006787,0.07449262063705174,0.0008043477248404236,0.054380889835022275
70,0.19622015083464756,0.415980448543253,0.034904598444631105,0.00270785501659644,0.35018694716087195
71,0.1960854518914361,0.6585875441125488,0.04213904208040908,0.0017491668204055167,0.1014387950952004
72,0.018117892106179853,0.5027073757385876,0.4508937610242755,0.00035104041933612594,0.027929930711620955
73,0.1575948076899705,0.4018932989088615,0.055000127627300166,0.0020297635949389635,0.3834820021789288
74,0.1750915407217157,0.6756894238900064,0.052204622710086246,0.001519387697436835,0.0954950249807548
75,0.21705315064288888,0.6643373494162554,0.07524247437737436,0.0014346828010781954,0.04193234276240311
76,0.19980548209682122,0.6858329325711864,0.05757671667012133,0.001596284034549446,0.0551885846273217
77,0.048010951474315625,0.6742589116667628,0.2671591654549632,0.0006886863068104577,0.009882285097147997
78,0.13608026874884352,0.7517323359784904,0.0819026909457536,0.0011469417093569923,0.029137762617555466
79,0.07237186560512747,0.8686113264986854,0.04303181117852014,0.0016335177838553954,0.014351478933811748
80,0.017018988845834835,0.9108650504287413,0.04970476355241383,0.003609880608050406,0.018801316564959526
81,0.002336970702297895,0.38190810698790467,0.610749741785456,0.00092674965414223,0.004078430870199239
82,0.008567930041769731,0.7598089922602588,0.2045267367061847,0.002986416973341284,0.024109924018445566
83,0.07796858691323066,0.6329788794867871,0.11851289892300369,0.013196847093414182,0.15734278758356438
84,0.05591730891466881,0.4747781462100052,0.32375324907452174,0.009071534569905603,0.13647976123089856
85,0.08833849854111636,0.41631484829863286,0.3823517305945704,0.009015436102544887,0.10397948646313568
86,0.026868167917866247,0.32979994774378146,0.31419001120726525,0.005415593018030952,0.32372628011305615
87,0.01324261617626342,0.015345253782890202,0.0018977401678102021,0.0020841581000549418,0.9674302317729812
88,0.024962596289983003,0.003625984388553126,0.0003684104172613059,0.0007223272604854188,0.9703206816437171
89,0.08060434134836778,0.03218864727048936,0.0012355728941135652,0.0026843202978135217,0.8832871181892158
90,0.07206643529353633,0.027165035671553584,0.0014612620063540222,0.002414556221622624,0.8968927108069334
91,0.14349565790619837,0.1012905628503193,0.007020384491288101,0.011363647864411668,0.7368297468877825
92,0.07133536783254239,0.13204896484709844,0.007886573263097389,0.009134975033014695,0.779594119024247
93,0.018417394220710013,0.030850278789880954,0.0037938068116988863,0.005795929490920689,0.9411425906867894
94,0.0012690799995723338,0.0063915387011331684,0.0008758939683882372,0.0006699863593742795,0.9907935009715321
95,0.03146228267502657,0.009290856818274384,0.0007947552943446054,0.0004987742037526419,0.9579533310086017
96,0.24405724616722196,0.1073021826133665,0.002387403064450805,0.0017807980586207852,0.64447237009634
97,0.3244647230040184,0.11115075739195367,0.0018509149924914702,0.0035976895585837255,0.5589359150529527
98,0.054964573292234926,0.7916589943205788,0.0045547339788594475,0.009978000615100053,0.13884369779322664
99,0.03797589438518897,0.0841309815144676,0.0025411874653207952,0.0148822355523657,0.8604697010826569
100,0.3074484395083349,0.400021116603809,0.0031778037823580983,0.022460701629932404,0.2668919384755655
101,0.2155085903366729,0.4970944294008729,0.006997195948514134,0.02998814647817418,0.25041163783576587
102,0.06671810192602542,0.18054065936885214,0.0056546947718204,0.00905790883788039,0.7380286350954217
103,0.09383058979331935,0.7093951470484172,0.02609868536360763,0.02089146328991461,0.14978411450474136
104,0.19851173354656612,0.39717094579540513,0.01442862779984479,0.016424232728492815,0.3734644601296912
105,0.19405288015971828,0.6310370840596841,0.005838851251080985,0.03646657802332698,0.13260460650618977
106,0.2594805466779855,0.4084599569242481,0.0202317568986837,0.009351731696268767,0.302476007802814
107,0.12744026626522803,0.7994921638607806,0.023750039044055683,0.004553764749257258,0.04476376608067836
108,0.20675591358349066,0.47965181156563286,0.04905852931138863,0.004027760615246798,0.2605059849242411
109,0.4049853333400241,0.4793577158963441,0.017746022265208442,0.00275387364913663,0.09515705484928662
110,0.033367046535364465,0.901615863855532,0.046912382681122224,0.002498423089728248,0.015606283838252822
111,0.10864252880077177,0.805444695310633,0.044466974161544964,0.0027792141422577376,0.038666587584792515
112,0.18765164647290467,0.6359910170936967,0.025373721401458244,0.01205794407949679,0.1389256709524437
113,0.07156812691326149,0.81468604712614,0.08471861471731923,0.004659011067835706,0.024368200175443642
114,0.11219565178273697,0.4171732211680321,0.046195949901268935,0.004745670488797109,0.41968950665916505
115,0.04542690149140467,0.8373995656715856,0.05198855068207535,0.003814722108539531,0.06137026004639478
116,0.18478417625219543,0.5837948236005219,0.020629515521611023,0.006567855052054753,0.20422362957361695
117,0.20409780299754088,0.7000995049362968,0.018743228819866058,0.004430318267103028,0.07262914497919341
118,0.030076069011280356,0.8552029651473692,0.0389457502052964,0.004239550497736909,0.07153566513831701
119,0.08314280629268683,0.8043499829995081,0.01689105367515539,0.008087972915603123,0.08752818411704667
120,0.10419628946305365,0.8133667541252662,0.024471795397596075,0.007154521471057882,0.05081063954302637
121,0.1769046691520952,0.6092245226607125,0.047788305109453894,0.013824388262271413,0.15225811481546705
122,0.10822792020505209,0.7593463580999769,0.053702174134852114,0.013143554731045618,0.06557999282907341
123,0.08519676858426099,0.7313955994106575,0.041278692897259536,0.0064162342024065115,0.13571270490541543
124,0.022783138477917353,0.9172060707951488,0.044373530012324275,0.0026637798537918786,0.012973480860817847
125,0.03923586129450942,0.7914876438903049,0.02149314233647309,0.0072612696893628904,0.14052208278934977
126,0.04465869949704211,0.8022830993162483,0.055774160120433756,0.00421416973065471,0.09306987133562122
127,0.029635315420400214,0.8605262881975138,0.08271392869483075,0.0015335903200448383,0.025590877367210493
128,0.052493279692433094,0.77109615765722,0.019640032023095295,0.001538942784479127,0.15523158784277263
129,0.07573686126962446,0.7372824293523036,0.07267637391011775,0.001997869110770426,0.11230646635718369
130,0.039608070163370555,0.7589467985167319,0.1605287890404619,0.0010717706563922354,0.03984457162304335
131,0.0412271399367672,0.8380899849932608,0.04665046893491284,0.0009190123925441355,0.073113393742515
132,0.1354204524199224,0.7692432215011871,0.051808733731092495,0.0033320726704666476,0.04019551967733141
133,0.043705646310025444,0.8167652587728285,0.12731530549749026,0.0008011327337998256,0.011412656685855819
134,0.04649774249490825,0.8681795623098622,0.05113097285913778,0.002462600182416459,0.031729122153675585
135,0.02904061928460548,0.7943888889591558,0.1651319456158105,0.001683356648431942,0.009755189491996375
136,0.15941784184308241,0.6742824461208069,0.05331620706056126,0.0037702296848167722,0.10921327529073264
137,0.07612517460708051,0.8174690245274332,0.08352738201300179,0.001925618671194637,0.02095280018128985
138,0.026639968276759084,0.8660266379927337,0.0850253871256885,0.001133518968185428,0.021174487636633106
139,0.047572201061446384,0.7958211518084561,0.0968887244730312,0.00033859062496564244,0.05937933203210065
140,0.024928472657778172,0.7442349133572076,0.22202699553545796,0.0009185645643669584,0.007891053885189462
141,0.0789488406673539,0.84947638086097,0.04419289858804267,0.0012891979249479164,0.026092681958685512
142,0.08996729738233394,0.7906961406314157,0.10812621671278119,0.0014067464902003492,0.009803598783268737
143,0.023215820345352235,0.7335689330431568,0.23001590999702098,0.00285548963956483,0.010343846974905145
144,0.03132148028379871,0.8052437210526621,0.13863834160571323,0.003146323175181714,0.021650133882644317
145,0.008531636303378758,0.6217668452078434,0.3654345433705108,0.001153201605335503,0.0031137735129312585
146,0.044160513838431135,0.7112142405760281,0.1970048350479806,0.007328238123842718,0.040292172413717395
147,0.012667760188220144,0.7787355790434374,0.19942024876631584,0.0017408838375477908,0.007435528164478976
148,0.009511356923004569,0.6158695764007486,0.36797625679870666,0.001459366305535564,0.0051834435720046115
149,0.016852532772508835,0.40802052719809656,0.565460193076414,0.002137448213722958,0.007529298739257705
150,0.01860374378422227,0.6183960918847518,0.33205349255266015,0.005228433782783202,0.025718237995582763
151,0.01888670285821711,0.6308948016515008,0.33466360833927433,0.004637586419557346,0.010917300731450487
152,0.05565634856409826,0.80460264225033,0.10905359774325081,0.006665756097992978,0.024021655344327934
153,0.07103873403109234,0.8209966807730147,0.0661780603313203,0.0025015975098469133,0.039284927354725975
154,0.025678763997320067,0.7491938328048534,0.2186894978119966,0.001289114004505508,0.005148791381324558
155,0.12244038672192332,0.7859021975407456,0.066685582280582,0.004305735087953334,0.020666098368795512
156,0.04017054574286733,0.7307639715166968,0.2133371704712588,0.0039787512996335124,0.011749560969543667
157,0.009572658239641164,0.7095573164815401,0.27340492518385145,0.0027790522547047514,0.0046860478402624695
158,0.06086298903536811,0.7361385950234363,0.13359882916233298,0.013200157249562028,0.056199429529300654
159,0.015267921778443081,0.6817661608119165,0.2877793120378161,0.004002697211333568,0.011183908160490858
160,0.01002665759168687,0.7588445591811944,0.20704890853687416,0.002402573933919691,0.021677300756324916
161,0.06381580007851062,0.5561414502534726,0.09113742769497185,0.017648221749434097,0.2712571002236107
162,0.04900361927269268,0.830402117177595,0.04932013021429281,0.016300503669698003,0.05497362966572158
163,0.0032327489259512746,0.03096432620453533,0.029217525369564196,0.0025651225614022,0.9340202769385471
164,0.001850652580388998,0.007479518809676156,0.0010713682205723161,0.001157719983075682,0.9884407404062869
165,0.009081199236514084,0.003557080338755902,0.00025087342807586586,0.0009866492990815573,0.9861241976975725
166,0.09865168561879106,0.008935991293346195,0.0006741522854553352,0.003429218701028305,0.8883089521013792
167,0.13330212334368066,0.01899861615510294,0.0012473693973957963,0.0028378600152055506,0.843614031088615
168,0.13547197189097207,0.018900250829325543,0.0040134421388695685,0.00955282251642741,0.8320615126244054
169,0.0026506555955004363,0.002372021620726515,0.0003821307218566579,0.0018024020663582037,0.9927927899955582
170,0.0026532921451245797,0.0054264320600460785,0.000574641649426431,0.0019902039653551264,0.9893554301800478
171,0.005267494278923538,0.0020638649752875884,0.00014899572517030737,0.0006200650785692568,0.9918995799420492
172,0.35982425259457995,0.04604673733751864,0.0005363146606028171,0.00468485362926602,0.5889078417780325
173,0.23808256721983992,0.10542781953474306,0.012231443208279529,0.007436971578629285,0.6368211984585082
174,0.030680008322367048,0.0488588938353018,0.00506983443279083,0.0027260781926721628,0.9126651852168682
175,0.17055471230493274,0.6445819847880585,0.03964674331303123,0.06964860914861724,0.07556795044536029
176,0.11424005954331433,0.3338770286137635,0.014958566043458391,0.18813170108107097,0.34879264471839283
177,0.14997462272696344,0.4178903996896468,0.0066221352889510015,0.28304819456049796,0.14246464773394082
178,0.14091776584544413,0.3551687797934487,0.009232811778396044,0.3669976996690763,0.1276829429136349
179,0.1376203106611514,0.1588526028946785,0.0005059228365424576,0.559259851653473,0.1437613119541546
180,0.16509228073767737,0.2271654974023743,0.001916458846480752,0.5260053872899695,0.07982037572349818
181,0.44595703656630453,0.2539889294951997,0.003359472559242306,0.12933121940183331,0.16736334197742017
182,0.2608172916855712,0.22657157041213313,0.0005286183389845432,0.41007187103182513,0.10201064853148595
183,0.27699002027158465,0.34536912275446463,0.00595948233708286,0.06349140783282332,0.30818996680404454
184,0.159769436051475,0.2682578217509851,0.006527509268307112,0.09067925127159622,0.47476598165763645
185,0.1459016028862478,0.32667376190632863,0.028412270733249374,0.04407084342140459,0.45494152105276947
186,0.14126562387886868,0.3449177450377066,0.015053212376215647,0.035831346915674744,0.4629320717915345
187,0.2447400635828287,0.32035506563045196,0.015252992154474287,0.0687406006252331,0.35091127800701194
188,0.10506712549685236,0.36642598989480485,0.006896367923603252,0.04198015354454892,0.47963036314019053
189,0.31759662423065305,0.13331432831829498,0.00017981238182129136,0.34345073912238083,0.2054584959468498
190,0.1033024189496194,0.1142401175629304,0.0018712355717725104,0.08906437055452607,0.6915218573611517
191,0.0802086170479006,0.0966761580994721,0.0006643076897529976,0.7986509561344309,0.02379996102844336
192,0.07572188901692224,0.17435134275544878,0.00477634966339718,0.37219872363532214,0.3729516949289098
193,0.07852623759185291,0.0645808841591279,0.0014093924117523447,0.5031209593171264,0.35236252652014044
194,0.04819648549910713,0.11135373643818974,0.0004903405739988467,0.7893275164636664,0.05063192102503794
195,0.21469520406047835,0.06158112396374059,0.001114512104799452,0.30193126953739197,0.42067789033358954
196,0.21334817275325343,0.2501366318625433,0.0009979017568682706,0.49644628209510644,0.03907101153222855
197,0.2219528485663319,0.2948733649781546,0.03368947843270739,0.01968806430272477,0.4297962437200814
198,0.3588736758863973,0.489430115958535,0.018451129114004754,0.022858856025173648,0.11038622301588936
199,0.25765316550564454,0.3072976579444837,0.01268144159433739,0.038420159385749365,0.3839475755697849
200,0.36577263424433665,0.1911639269070766,0.00562672944238994,0.08607256515416428,0.35136414425203255
201,0.047476642772033284,0.052825049600869776,0.0029766229775916504,0.11614952182712493,0.7805721628223803
202,0.16738551089978,0.09885402057865014,0.002663189051112329,0.6239494569307236,0.10714782253973394
203,0.12723444132553352,0.09214970576723197,0.0028718869922046766,0.7309438365983099,0.04680012931672001
204,0.07795911425034688,0.10483939678477795,0.003221530631498147,0.5078578303484302,0.30612212798494676
205,0.1057894272528546,0.08434873388641763,0.0014559091430973892,0.6614664424931145,0.14693948722451577
206,0.04983289216133838,0.03777739164625776,0.0009043803333871797,0.808108190679617,0.10337714517939962
207,0.091707375901617,0.07855542285526508,0.0010581988540544708,0.6975863851265105,0.13109261726255292
208,0.14463613528019872,0.12721716047231543,0.0005457997582064135,0.5032761408325493,0.2243247636567302
209,0.1663679757675176,0.07038743074020576,0.001359158362042585,0.2231116140650029,0.5387738210652311
210,0.2439625515209206,0.2532307994765032,0.005081127290155594,0.21319992333081678,0.2845255983816038
211,0.14274036260884984,0.13046041614951887,0.0012442536275504741,0.6739194636366108,0.05163550397747009
212,0.40254961520749266,0.2735130199663172,0.01632481265224343,0.17170766719012973,0.13590488498381695
213,0.21696172742960146,0.48073338228235934,0.021267858416683178,0.09928111708559509,0.18175591478576086
214,0.1057218057634308,0.3856550934985917,0.020799888998786306,0.04392632221547767,0.4438968895237135
215,0.20523744716718542,0.43379553173080204,0.01485922257551657,0.09154753150366378,0.25456026702283213
216,0.08524043346248995,0.5295013213840216,0.021953088822498256,0.07756267353421768,0.2857424827967725
217,0.30743862391671545,0.33596518034196354,0.0032130030845524075,0.1520797855860273,0.2013034070707412
218,0.20381802150633105,0.31362098107258324,0.020601982078755434,0.12643362693700033,0.3355253884053299
219,0.20097880012365615,0.5025511447287112,0.009175316741428477,0.2262177967783688,0.06107694162783546
220,0.20155890151199937,0.3173017224292276,0.0059325554841221165,0.03342923025715665,0.4417775903174942
221,0.14074636077139135,0.6307623472091956,0.012717719302983075,0.06140278829987628,0.15437078441655355
222,0.013397981621560832,0.9368737089773286,0.026172581575000176,0.020931535365352392,0.0026241924607580047
223,0.04877751048257811,0.884577016871899,0.010259879642478797,0.048287176134222634,0.008098416868821264
224,0.0157732057122842,0.9430415602062371,0.03045181029491166,0.0076102923291903385,0.0031231314573766248
225,0.030339114116533315,0.9284936258619867,0.02743568274309648,0.007117913223928508,0.006613664054454922
226,0.023800526774924658,0.9360900360578516,0.034183514219251636,0.0034856402432873424,0.002440282704684801
227,0.02877701796607158,0.9351409481670897,0.024044708756053836,0.004240069894125963,0.007797255216659036
228,0.0579904617440675,0.9047086383808267,0.030382678190431434,0.0017726709124943382,0.005145550772179852
229,0.006500184813577454,0.8840894416365823,0.1066781305257485,0.0005021460358066145,0.002230096988285223
230,0.0176432865486312,0.862494673310416,0.11414594951213075,0.0007641119160638261,0.00495197871275815
231,0.003515179461470732,0.7393038461644704,0.2557399875272506,0.0003137282947386764,0.0011272585520696473
232,0.00395309327344935,0.8965263534541352,0.09756751353006204,0.000328015449592212,0.0016250242927612095
233,0.008350905194260853,0.8316883256636278,0.15734495540283722,0.0003343283296532163,0.0022814854096208947
234,0.0024524608572513472,0.5168375670542442,0.4788640803228989,0.00026412223894520557,0.0015817695266603729
235,0.002481339743033958,0.6697889675045097,0.32445401607858887,0.00047555199451931364,0.0028001246793483182
236,0.003933064231617476,0.39888631809755243,0.594779005537009,0.00027329305775691305,0.0021283190760641134
237,0.002459250797770194,0.37757401144179764,0.6174877123874585,0.00020378898635435498,0.002275236386619373
238,0.0003699198789117693,0.0662696263773132,0.9328200908105867,6.882956737573319e-05,0.0004715333658126857
239,0.0011151658981465686,0.10342020089909344,0.8939602006614564,0.0003240101749476628,0.0011804223663560173
240,0.0033491817602697522,0.28480361485795114,0.7099524981775985,0.00040852641208610746,0.0014861787920946252
241,0.0024300479994333376,0.11761957688124766,0.8783759847342625,0.0003200056341461209,0.0012543847509104294
242,0.0021208641995791545,0.12412520201995143,0.8723038260921695,0.000206363489932481,0.0012437441983672414
243,0.0005645597490058918,0.08432499087252268,0.9143779063756613,0.00011976018873990297,0.0006127828140704043
244,0.0007351832841151182,0.09946609772988607,0.8989652094441015,0.00017667668167806262,0.0006568328602191763
245,0.003768360455578061,0.1762490023170934,0.8173976124582661,0.0005740483906749421,0.0020109763783873677
246,0.0006749588707772541,0.06679772671835647,0.9315128520182092,0.00012641452084227137,0.0008880478718147872
247,0.00037537568791307476,0.033653184518935446,0.9647153994716011,0.00011885648407103194,0.001137183837479382
248,0.001447776933899994,0.038312450006753915,0.9588632764279896,0.00020458175583579208,0.0011719148755205474
249,0.0012221825920225378,0.061399448261039935,0.936329202757588,0.0001151926032524524,0.0009339737860971499
250,0.0028637612146732877,0.12767445999468474,0.8674132848752274,0.0003711013586205724,0.0016773925567940017
251,0.00037290227795353366,0.026195944134320658,0.972533829023708,0.00013820011202874224,0.0007591244519891101
252,0.00046494135782604594,0.05123599478369728,0.9476382527428532,7.134917897917862e-05,0.0005894619366440638
253,0.00040046097409170145,0.06653953366618341,0.9325159475670072,6.602848744767882e-05,0.0004780293052699557
254,0.0002740635026816818,0.03964071565626135,0.9597329140136134,3.3314440724681434e-05,0.000318992386719058
255,0.0006332733890851631,0.05108723886648833,0.9478274645486824,9.670976795179508e-05,0.0003553134277921365
256,0.00037983765032915706,0.03464787301778092,0.9646662716581683,5.310025139892422e-05,0.0002529174223226728
257,0.0004015805364157128,0.04528562044406312,0.9537292115909544,8.198785173319782e-05,0.00050159957683359
258,0.0001542442379128068,0.024707827940587155,0.9749067836302285,3.555463134013651e-05,0.00019558955993131255
259,0.0001815319397303317,0.019607654549997012,0.9799771229684392,5.0117956888439445e-05,0.00018357258494483864
260,0.000502110033982505,0.04248444064901207,0.9565632147504676,9.19285617283463e-05,0.0003583060048095234
261,0.00042612519824626165,0.05774571806002099,0.9409951377887823,7.348719345462012e-05,0.0007595317594958334
262,0.0005005314883111264,0.03995329573423912,0.9590574523391362,9.02504607592055e-05,0.00039846997755431
263,0.00039316863364787365,0.03685022198990695,0.9621802887489082,9.347853994025526e-05,0.00048284208759681466
264,0.00039412353132021826,0.037108252270390114,0.9619335015559439,7.089913788326729e-05,0.0004932235044625491
265,0.00043104394891080766,0.028713938295066577,0.9698513453114592,0.00013000409878713166,0.0008736683457763971
266,0.001708225720667084,0.11298997136178193,0.8840701220575325,0.0001731542947364282,0.0010585265652820134
267,0.0007295530422827122,0.06401940793156179,0.933546934998806,0.00020401618928124002,0.0015000878380681823
268,0.0007076248922704439,0.058122328712804865,0.9401207397794515,0.00010613273336854626,0.0009431738821048491
269,0.0004514521133337064,0.024251808835827473,0.9748016211831804,4.563664162006317e-05,0.0004494812260381184
270,0.0011984414618167135,0.049285133609046856,0.9474219085587097,0.0003383515508114377,0.0017561648196152161
271,0.001150579246154203,0.046822321642874365,0.9504601623093534,0.00015177703911067127,0.0014151597625072575
272,0.0011386884604987042,0.07443480428472055,0.9229024005718286,0.00033975340961579016,0.0011843532733364502
273,0.0028969536758911758,0.10033289172474957,0.8919025792438572,0.0006933168403801484,0.004174258515121967
274,0.0003036578376206123,0.054000097431317035,0.9446377264529441,0.00016767669121796837,0.0008908415869003049
275,0.0031186469505944865,0.144747751379249,0.8448362151230923,0.001223500180145653,0.006073886366918682
276,0.006689517431048926,0.21553688827365125,0.7641298930960618,0.006535471600269018,0.0071082295989691475
277,0.001358986754888103,0.09364371165552175,0.899303237881608,0.002240974608551851,0.0034530890994303796
278,0.030423237136257875,0.192611914333777,0.45987189351572955,0.009262772999120256,0.30783018201511536
279,0.08263782560541422,0.4185363395125752,0.3716961284360653,0.020933846684555467,0.1061958597613899
280,0.061258591470466035,0.6833756842688363,0.23215820082725913,0.003412237562524154,0.019795285870914503
281,0.08793254008354176,0.8573937458935282,0.029686555794339025,0.004186816837337345,0.020800341391253557
282,0.06436872249541147,0.7906971729906009,0.13645215558366955,0.001661524770308222,0.006820424160009836
283,0.030094490328297255,0.9049259568891872,0.041242947626594834,0.014484767809235306,0.009251837346685245
284,0.07894271300311277,0.8374339515015359,0.06915335308935398,0.0077059781616618615,0.006764004244335385
285,0.08719530260157499,0.8287297856553343,0.07182486290743359,0.006195756920358562,0.006054291915298627
286,0.009734403781392698,0.6994667706555002,0.2831223389224644,0.0035959919400241225,0.004080494700618621
287,0.02641961637243693,0.7718294037853136,0.19644702242690246,0.0019718059505445425,0.0033321514648025023
288,0.016376343104592246,0.8849094024651716,0.09478590287374329,0.0012728859484291489,0.0026554656080636225
289,0.02350004171299847,0.7005239803572942,0.2712793375598371,0.0015219697258622704,0.00317467064400796
290,0.020685773811756163,0.6449144845516309,0.32830206618990315,0.001278195121706156,0.004819480325003747
291,0.02885355036594682,0.6804344317705784,0.2841316159012424,0.0013211770293602273,0.005259224932872098
292,0.0027790965589161837,0.43810531680002135,0.5558297356719168,0.00037611191462197466,0.0029097390545235894
293,0.010823957797796302,0.33782450310826057,0.646951099149459,0.0005978909694211547,0.003802548975063081
294,0.00201752773718128,0.2778004678065623,0.7181660170551749,0.00027744407587469445,0.0017385433252068774
295,0.008391236255865308,0.5818808074875843,0.40683897964276494,0.0006373134356709363,0.002251663178114522
296,0.0037285879720529835,0.5682013474578178,0.4244944298991858,0.0005356046464161252,0.003040030024527489
297,0.0013601325957527063,0.1357429487181312,0.8612014373606482,0.00021399039656328983,0.001481490928904557
298,0.003037267331615117,0.2742645375159384,0.7211921106749224,0.00016824116368709238,0.0013378433138371163
299,0.0009790259318825975,0.17777878464117713,0.820455853260275,0.0001669733745418337,0.000619362792123506
300,0.0047810118251266475,0.3740597991079171,0.6185607399965223,0.0002851976817092072,0.0023132513887247313
301,0.002569767680891807,0.2058697697825156,0.7837056531855889,0.002738085374283446,0.005116723976720266
302,0.007471784956869555,0.22858239063991245,0.7373196066843093,0.011819624632097937,0.014806593086810791
303,0.004366562667435355,0.27223274298514594,0.7093326634939897,0.004643253184979528,0.009424777668449255
304,0.011577515689814973,0.20137309758128116,0.7651972776334108,0.007404342924905639,0.014447766170587208
305,0.046184962467539475,0.4042504276513721,0.48803716181248696,0.03548750571197906,0.026039942356622454
306,0.043673966632267254,0.27666841449861945,0.6029910833721185,0.013917457351588619,0.06274907814540613
307,0.03464428914245155,0.02573872744282098,0.005616333285569007,0.010213968936280184,0.9237866811928782
308,0.610619115056942,0.10628039691684697,0.0009578674296024048,0.015739544016621122,0.2664030765799876
309,0.6104958040090889,0.278650701636807,0.003402526739781197,0.016669873710422632,0.09078109390390034
310,0.24048562699738177,0.6803616311893083,0.04460759846901268,0.005671461304131378,0.028873682040165743
311,0.04433747171694849,0.9259053129377978,0.00788354325499124,0.011631891049805212,0.010241781040457249
312,0.040642007334291984,0.7756259508835059,0.0008276664293775147,0.15473525207371633,0.028169123279108272
313,0.020260899871550803,0.920583782745664,0.006725329861488269,0.047364195165908424,0.005065792355388534
314,0.006122465075311926,0.9771632498780648,0.006897256112756215,0.008608264973020162,0.001208763960846822
315,0.0066445361079935025,0.9771492342323663,0.009377841339460772,0.0059877705131944235,0.0008406178069847829
316,0.003250013417375806,0.9792639882769278,0.014626870397029089,0.0019665724157562196,0.0008925554929110919
317,0.005694732997894917,0.9833423292817806,0.00807909956675864,0.0013048539256338848,0.0015789842279322298
318,0.02371505803181025,0.9528129361351957,0.016063654657903194,0.0038729248276528237,0.0035354263474381537
319,0.01413150602919854,0.7510151491151289,0.230149058558338,0.0031040758342705233,0.001600210463063945
320,0.0113068038991103,0.9517954524928331,0.033258530828866116,0.001595827879444226,0.0020433848997461687
321,0.004968231628965561,0.5785287893335687,0.4134723050265551,0.001242867842992876,0.0017878061679178039
322,0.004282551261586014,0.7143169634155461,0.27824466178014773,0.0007320984570349027,0.0024237250856852764
323,0.0018299515451064674,0.46735369865803106,0.5294566800073005,0.0005108664798166363,0.0008488033097454727
324,0.0013618504580835467,0.3790103848016353,0.6187450226566973,0.000339955842086197,0.000542786241497782
325,0.0022782469741337483,0.5457588092487067,0.4502031305724182,0.0005255742641264691,0.001234238940614883
326,0.0014976689726186956,0.2647711930382457,0.7327505679872515,0.00028694489910256467,0.000693625102781452
327,0.005615711972219316,0.7301728268148308,0.26080166489906403,0.0004951575280543981,0.00291463878583148
328,0.0006673789161078291,0.12043792293071044,0.8780588843918741,0.00016814967517004274,0.0006676640861374449
329,0.006537034206871049,0.33728112061959403,0.6528912824853136,0.0005526682696895096,0.0027378944185319095
330,0.003300404730088807,0.3787858823767374,0.6168465595104651,0.00021073685985291532,0.0008564165228556897
331,0.005746481554417123,0.39195092398874765,0.6004825206849399,0.0003163940118765801,0.001503679760018779
332,0.0009458731506972504,0.18266269689602876,0.815369614590994,0.0001298064807311046,0.0008920088815487488
333,0.002282411608927336,0.37271059946099616,0.6225727988997947,0.00021660669122470808,0.00221758333905716
334,0.0014681785879069578,0.289247612161326,0.7072209798373655,0.0002262482882177218,0.001836981125183737
335,0.0011081755255603568,0.19644882015171927,0.8008105432977829,0.00017512163346804658,0.0014573393914694695
336,0.0005322800630823332,0.15308382486411332,0.8453454871324618,0.00011576377723974158,0.0009226441631028408
337,0.0011177374094256667,0.1793760273981621,0.8179467115425528,0.0001328646183101895,0.0014266590315491663
338,0.004434459310352595,0.26306384868382193,0.7309196653903961,0.00042643884762064664,0.0011555877678087047
339,0.003879824718267592,0.15815922372871688,0.8367487002101671,0.0002748988282320907,0.0009373525146163447
340,0.0018279220810881699,0.07298903998857434,0.9238382605922366,0.0004401500922572949,0.0009046272458436607
341,0.0012903866004461083,0.057570470284629124,0.939938462846907,0.000322998599255581,0.000877681668762349
342,0.0008200208159401636,0.04482145871734829,0.9530510091953267,0.0003109131079162944,0.0009965981634687006
343,0.00537534646428983,0.1298499519192695,0.8612609297810369,0.000774003337984163,0.0027397684974197153
344,0.0015124618251964102,0.06697109418737113,0.9300779960641805,0.0003247479788816415,0.0011136999443703667
345,0.0011472361829125372,0.04923835140482428,0.946870753541763,0.000508219724446775,0.002235439146053415
346,0.001201920433894806,0.04821202971693018,0.94902169755836,0.0003845022678531865,0.0011798500229619245
347,0.00656541753001282,0.2174921566315745,0.7701537745100889,0.0015004545637933118,0.00428819676453054
348,0.0007308621047818673,0.06315920251070282,0.9345924033453389,0.00024323286233782272,0.0012742991768383341
349,0.0012693805235988542,0.07419397694385407,0.9235278632126559,0.00018991560933702116,0.0008188637105542108
350,0.0007917381146454733,0.04156939227145636,0.9567656963406919,0.00018720145212012667,0.0006859718210860584
351,0.0009846478115162589,0.059492018680936704,0.9383695865939736,0.00040167633566636467,0.0007520705779071633
352,0.0010827780812439351,0.13428847992503165,0.8634636310643837,0.00021620871932645594,0.0009489022100142822
353,0.0024299592801353105,0.12061048338302163,0.8756054911715877,0.00033539673541988597,0.0010186694298354522
354,0.0008319252038743378,0.07508067867256418,0.9225779139458912,0.0003553649827692169,0.0011541171949010689
355,0.005792926419396673,0.14271470903610894,0.8493857960038886,0.0006110042748270792,0.0014955642657786068
356,0.0016533950471412833,0.09737254562905755,0.899154496628964,0.00046356070630031664,0.0013560019885368755
357,0.0043061422222016085,0.17145819280366945,0.820213940269715,0.0012905536200872362,0.0027311710843266235
358,0.004024529120968364,0.1297441237466136,0.8639975096095458,0.0005653585767652039,0.001668478946107047
359,0.0015275609675852607,0.047125544776545576,0.9497668541543377,0.00046748418325663507,0.001112555918274874
360,0.00104773726239283,0.08367539865821434,0.9137285833525597,0.00018834485723317123,0.0013599358695998128
361,0.0015818968737801532,0.12040078231810715,0.876822465599481,0.00021335643213488123,0.000981498776496729
362,0.0024049818057205593,0.11624647533453995,0.8797862072916912,0.0004306217125254211,0.0011317138555228768
363,0.0006071730384420531,0.04475610042255903,0.9537681472021153,0.00012945475985886388,0.0007391245770247182
364,0.002219433976373388,0.08493688269880534,0.9119555608501094,0.0002473826394025522,0.0006407398353095094
365,0.0009425974927492272,0.07349492714568909,0.9246548889396066,0.00021081967138053147,0.0006967667505746725
366,0.005621175642486784,0.1985826132253213,0.7936006460174414,0.0006692302671612771,0.0015263348475890723
367,0.0012764248383754814,0.08018941188070612,0.9173566842058568,0.0003732538100341093,0.000804225265027405
368,0.0007799478024735319,0.13836583538810746,0.8589241142647879,0.00046008415831517307,0.0014700183863158294
369,0.0008027371470743984,0.10115040503697807,0.8967733294054131,0.00027934062312325476,0.0009941877874111564
370,0.007967476646160267,0.17657991768455347,0.8081666078663734,0.002921590643584634,0.004364407159328121
371,0.04639714428488711,0.37683644350735945,0.5172908260018185,0.042681363475922024,0.016794222730012926
372,0.044308965484262046,0.3361882883365838,0.5802498108831619,0.026543938470310103,0.012708996825682111
373,0.06718142663358923,0.5047697183225653,0.24723179066437126,0.08336858817869051,0.09744847620078359
374,0.15851938670391877,0.41295160345424264,0.09304567268417199,0.13825427620441316,0.19722906095325335
375,0.20549010591542258,0.3864449962612494,0.05224029066199526,0.04173806716481786,0.31408653999651476
376,0.062128964874082204,0.17358468215246273,0.005042731557000511,0.09889672852738927,0.6603468928890652
