epoch,N1,N2,N3,R,W
0,0.0003589332160615242,0.0002600011866219956,0.00010976168889956743,7.616072126573215e-05,0.9991951431871512
1,0.0002133597665437656,0.00027340844044116737,0.00034410746345258796,0.0001040735689238138,0.9990650507606388
2,0.0015538613507218326,0.0008741098864569202,0.00018520798470708706,0.00021675819954774142,0.9971700625785664
3,0.00151189687735747,0.0010573871065301078,0.0004521727204280369,0.00016855889719686974,0.9968099843984876
4,0.0014247570666634977,0.0015534055416551755,0.0005052782460197785,0.00028180089054726133,0.9962347582551142
5,0.003203785868146228,0.0011912998417516099,0.0011680894976547345,0.00033600316870130035,0.9941008216237461
6,0.002485916278187354,0.0015378085368267377,0.000982566070987883,0.0004488968770851526,0.9945448122369129
7,0.015057287979917951,0.002238683268319176,0.00018555683531533117,0.0015486919003980222,0.9809697800160496
8,0.01361496096873741,0.0020578020646841353,0.00014526901463825153,0.0012747260046807778,0.9829072419472594
9,0.01715319603936175,0.009719852057997991,0.0009330387451946084,0.0030004273983022488,0.9691934857591434
10,0.06743838159661864,0.013130109161660746,0.00028710562358391975,0.012591934379789888,0.9065524692383469
11,0.17258512972930104,0.04191416886564863,0.00038067817989613555,0.01738844829976204,0.7677315749253922
12,0.17637839368201144,0.04736412804791123,0.00036423137497018,0.03857836937560295,0.7373148775195042
13,0.24664733132183378,0.15923036127175133,0.010429148378505221,0.031044595444265324,0.5526485635836443
14,0.10385398511770534,0.6015246424183206,0.02733575569754287,0.08176103236409328,0.18552458440233793
15,0.062033240870500356,0.5990073878204576,0.0773557093843093,0.1202788136885199,0.14132484823621289
16,0.05793122469072173,0.5356097179308204,0.04784000603233998,0.24393803214150858,0.11468101920460934
17,0.04754184125840173,0.6387825031925919,0.07860515237396717,0.08938373289544202,0.14568677027959714
18,0.048829110450503616,0.66032120018089,0.04406105955904379,0.1395965520291469,0.10719207778041559
19,0.0708315278217823,0.7555604980051241,0.06198234590753227,0.060875124710955124,0.05075050355460617
20,0.18019826315899382,0.5063042975594861,0.005312536165959591,0.03738156103845557,0.270803342077105
21,0.08357213333598822,0.7557200668887042,0.06399814338345179,0.013339732862370755,0.08336992352948498
22,0.072083187795243,0.7643624935284684,0.10340411236935212,0.00927801559302537,0.05087219071391117
23,0.10541066688467081,0.6587332669347825,0.07482907645451482,0.009427534497115957,0.15159945522891588
24,0.08091748177921357,0.7613685203683886,0.09783972736011728,0.005195242313715617,0.05467902817856493
25,0.0909845132925152,0.857897511118401,0.022229120626139045,0.007887405004151686,0.021001449958793213
26,0.07985463372832605,0.7696012001326247,0.10411153643775672,0.001236390089971782,0.04519623961132067
27,0.0813980695307199,0.8302535027530937,0.056974080241118344,0.002268967840881706,0.02910537963418626
28,0.0639903753290902,0.8569492553752991,0.044177122095901515,0.002617320524702046,0.03226592667500699
29,0.032787579716293105,0.7812207093166071,0.13880120592303588,0.004342929415770845,0.04284757562829312
30,0.03560812495741115,0.8635373025050165,0.06778377687066747,0.0033456002853483866,0.02972519538155678
31,0.04713907899062998,0.853901378017213,0.06591172504317942,0.00933190986092854,0.023715908088049013
32,0.061101011570143,0.7833793002727141,0.08821995060899356,0.017114574658001522,0.05018516289014793
33,0.024864376785584213,0.7610822666413369,0.16202939250631332,0.008046721561440961,0.0439772425053247
34,0.03308871046250177,0.8406646471533626,0.061904164484065216,0.009339022095649796,0.055003455804420405
35,0.007773911521045044,0.07236026187400117,0.003034465770496203,0.0032386962315124625,0.9135926646029451
36,0.008932800478955621,0.009024503869269281,0.0002974941755318569,0.0019695789098134035,0.9797756225664299
37,0.21172160471847995,0.14485401277283216,0.0024998392565835277,0.005126052415800594,0.6357984908363037
38,0.017690223757387734,0.0135099810983087,0.0008402804075649602,0.0011141480748039169,0.9668453666619348
39,0.030285775383631176,0.007641822928636248,0.00012812445897202992,0.0011966780722590584,0.9607475991565015
40,0.03168135317260232,0.008856048021254845,0.00012451303172130088,0.0013206222356920746,0.9580174635387294
41,0.25213261730192027,0.062489194776273675,0.0003201846439590209,0.009382243043333113,0.6756757602345138
42,0.2627297980564157,0.1138790468649403,0.00043863497057707946,0.0229481467488078,0.600004373359259
43,0.132293148041079,0.15232891120010655,0.0010876849913017688,0.042265622698048004,0.6720246330694647
44,0.02118658571888808,0.020035039749946155,0.00016739510139065407,0.006546347435250359,0.9520646319945246
45,0.16495524047367247,0.1301344339365885,0.0020264805990215717,0.011058820304842646,0.6918250246858749
46,0.009064709859749378,0.02175955518195458,0.0003183562654390321,0.002857546024824632,0.9659998326680324
47,0.008264537634578222,0.005127362517793074,8.465503461030947e-05,0.0008443034515972165,0.9856791413614212
48,0.006775476508797184,0.003858146921221744,0.00020920436285767012,0.0005404584958559174,0.9886167137112675
49,0.008650171212048802,0.0013934070290679793,9.734243160669673e-06,0.000567961631570155,0.9893787258841523
50,0.005613640570277366,0.000956586574484965,2.548088674446532e-05,8.371540340345087e-05,0.9933205765650898
51,0.003631284108933924,0.0006671386214676269,0.00010203541202879357,5.41301677518438e-05,0.9955454116898178
52,0.008036904986356733,0.0007017931590157641,0.0007230020957311598,0.0004490662879936863,0.9900892334709025
53,0.0027668442794012227,0.0008693307606081919,9.126169765585924e-05,7.936221372254261e-05,0.9961932010486121
54,0.00239960170761266,0.0006596641379893132,4.809101883345922e-05,5.9571045379200244e-05,0.9968330720901853
55,0.005363976215773216,0.0009721455105938385,0.00010778304146199763,0.00011368232401530698,0.9934424129081556
56,0.001083220616564869,0.00041192800184569877,8.484590270275615e-05,5.0836342240930575e-05,0.9983691691366459
57,0.0015562146782233822,0.000684683499643298,6.197147889588221e-05,8.681280391182056e-05,0.9976103175393256
58,0.0035723884735404587,0.00034397105169673174,5.0460993259500975e-05,0.00019428719478687683,0.9958388922867164
59,0.0012187167635453963,0.0002534075722013039,4.050024084430107e-06,9.367023455325323e-05,0.9984301554056156
60,0.0012619278870080288,0.0006625570795904429,8.959840423886281e-06,0.0002139693736150294,0.9978525858193626
61,0.0028066859739819543,0.0006399736853541017,3.816218828583259e-06,0.0004931680920179677,0.9960563560298175
62,0.015431752146543593,0.0013863915626812838,1.1319033277257704e-05,0.001173721788918715,0.9819968154685791
63,0.006001640752097574,0.0012249111294758866,3.798609690431071e-05,0.0006981726804441146,0.9920372893410782
64,0.012953528298687088,0.006832362175507744,4.1641571949297436e-05,0.002009734000786573,0.9781627339530693
65,0.020935825738098508,0.010487114237856332,4.888085512917244e-05,0.00718790569623163,0.9613402734726844
66,0.009740548354875804,0.004909414121961258,1.8809604170712177e-05,0.006650949020131854,0.9786802788988603
67,0.01602401148025321,0.011810012021387657,0.00010049323150249036,0.014458051742478838,0.9576074315243778
68,0.011957991423622681,0.006044644093628491,4.928955710411679e-05,0.007067297074493116,0.9748807778511516
69,0.022402234113625036,0.0223544692138822,6.410122564113349e-05,0.0071506545078745265,0.948028540938977
70,0.034926746147390796,0.011305465376429711,4.894225831332574e-05,0.005958294156238797,0.9477605520616275
71,0.06299559373602091,0.017810464474189044,5.6499216822228367e-05,0.013186225014055189,0.9059512175589127
72,0.01457253467752014,0.0041942694488593885,3.450068680156046e-05,0.0038358279836231885,0.9773628672031957
73,0.002852026279669453,0.007263854384274151,0.0010707633973406326,0.00010015191167104292,0.9887132040270448
74,0.00022459887693468197,0.0005397174853914458,0.0001219208965285265,1.0088705843199233e-05,0.9991036740353022
75,0.0005713123104543797,0.0007465755160738056,0.00023954575155248227,4.2643979882749395e-05,0.9983999224420366
76,0.00020853654136111059,0.00035645178987249833,6.182654847629517e-05,1.532518978208747e-05,0.999357859930508
77,0.0005504309319553476,0.0006800705793629847,0.00012897962677148678,4.4480477336985186e-05,0.9985960383845732
78,0.00060416653504504,0.0006162801853949804,3.1425041263501417e-05,1.3151139111507732e-05,0.9987349770991849
79,0.0005842092885754442,0.0004244447568803529,2.4165008904548102e-05,1.0720642689700132e-05,0.9989564603029498
80,0.00033759082771824445,0.0003905423166897923,1.3897636291257255e-05,1.5728884909198502e-05,0.9992422403343915
81,0.0006010574885901451,0.00125464619515929,2.8424741326059503e-05,1.3171447636828375e-05,0.9981027001272877
82,0.0006848294777730951,0.0015191644846919176,1.433733703339802e-05,2.0273913776698836e-05,0.9977613947867249
83,0.003570785746001132,0.002148796331655538,0.0005366969882954997,9.820647868876135e-05,0.993645514455359
84,0.01426835737734734,0.003052634570394676,0.0011402315108916096,0.0002594410519857336,0.9812793354893806
85,0.004083369706607536,0.0006943217141394657,5.506177216159599e-05,6.727944352234586e-05,0.995099967363569
86,0.002261372038993609,0.00035811376974708564,3.938131057474475e-06,6.838994420526329e-05,0.9973081861159966
87,0.002045034772857772,0.0005707090809741967,4.790789072958467e-06,0.00035752348771491544,0.9970219418693802
88,0.0020184330468281456,0.00038356578494114403,8.394686544364902e-06,0.0007316805116595264,0.9968579259700269
89,0.0012486753049424446,0.0004939701619049723,5.48962052518783e-06,0.0008290855241904055,0.997422779388437
90,0.001756153336117319,0.001006290311642083,2.582592548512199e-06,0.0007616227442599551,0.9964733510154322
91,0.01240331017458689,0.0026287558653703322,9.432220580991026e-06,0.002030489567362549,0.9829280121720994
92,0.004182386491161109,0.0013069300152861057,1.4965704766018482e-05,0.0008366349593463172,0.9936590828294404
93,0.00923216420910491,0.0025038065223557874,1.2028159235955626e-05,0.001792929017055363,0.9864590720922479
94,0.007639511293272,0.0028297592343653876,9.909579213498671e-06,0.0031507499285194983,0.9863700699646296
95,0.009881365014071133,0.00556351769895223,1.554226757913795e-05,0.0038054111904299295,0.9807341638289676
96,0.004273790878103776,0.00538396962719645,3.271476130493366e-05,0.002959482982590815,0.987350041750804
97,0.007431874745922484,0.0038956466453915228,2.0843221976288025e-05,0.003934378804031743,0.984717256582678
98,0.00919472616905402,0.004854523829397129,1.7037928589106565e-05,0.004817643662802828,0.9811160684101569
99,0.0060870642738042255,0.00430986678111874,2.7568897127390684e-05,0.009202323039889625,0.98037317700806
100,0.01041949314331301,0.0053546924854542925,2.118128431416597e-05,0.008689948809688208,0.9755146842772303
101,0.0043971880372319595,0.003127050910084666,9.128429173709137e-06,0.005019956164812752,0.9874466764586969
102,0.008295962847717506,0.0017810840834708002,1.1011416651569312e-05,0.00573159232500919,0.9841803493271508
103,0.005041016289980874,0.0019831582617392055,2.417333408269564e-05,0.0029121570092900816,0.9900394951049072
104,0.0023216055156718603,0.0006541933651695395,4.167879635882002e-06,0.0029956376297204774,0.9940243956098022
105,0.0024149161375421687,0.0011328826858310187,8.410278524146284e-06,0.0029676380684192285,0.9934761528296835
106,0.0014367334594494162,0.0003001108355702053,2.481057309936209e-06,0.0021151027801351546,0.9961455718675353
107,0.005243230999501438,0.0005581902497268849,8.261135399686107e-06,0.0028984650918244133,0.9912918525235475
108,0.00776686058282851,0.0011554577077714041,8.621072630010803e-06,0.003934095204530367,0.9871349654322397
109,0.008564820375145459,0.0016943591544063385,9.194089542893869e-06,0.0046123721586344745,0.9851192542222709
110,0.0047549641376085725,0.001270581406105409,6.761833029146819e-06,0.0046319134769562936,0.9893357791463007
111,0.004568384212362109,0.00084715628226676,5.819476842587468e-06,0.004688185894735636,0.9898904541337928
112,0.007938926532974988,0.0009124092318121088,8.172030611040298e-06,0.003580635487752598,0.9875598567168492
113,0.0035521569705675134,0.0009411472570483529,5.142841063078613e-06,0.0036038344101821497,0.991897718521139
114,0.0020754382732041613,0.0012346243500827166,2.9389826509869997e-05,0.0016267242895772875,0.995033823260626
115,0.0025740318953225917,0.001594822520044392,5.909289297744699e-05,0.002748717829203869,0.9930233348624516
116,0.0029568635511986767,0.0008340264231568755,3.6689349764628997e-06,0.002700100687519331,0.9935053404031486
117,0.006173223953137709,0.0015697455827856043,7.757166542791868e-06,0.004100874522461214,0.9881483987750728
118,0.002182692500544241,0.0006274928677140858,8.287158698517801e-06,0.0014768060156096637,0.9957047214574334
119,0.003901880653467617,0.00038289486981675296,4.555364557923355e-06,0.0028411531487683565,0.9928695159633893
120,0.0024395473250029475,0.0012596297712533435,7.053542458999096e-05,0.0037138103587979155,0.9925164771203558
121,0.0026492794170105667,0.0007239080145169551,5.342838563633249e-05,0.00559003057905167,0.9909833536037844
122,0.0015016846802724465,0.0002723917579239676,1.1420599235429537e-05,0.0040218722658058636,0.9941926306967622
123,0.0018876008367102778,0.0002975393083980106,7.9306273122824e-06,0.004155499312809118,0.9936514299147703
124,0.004728670456261779,0.001567983509604153,1.111539641006997e-05,0.005982779995118538,0.9877094506426055
125,0.004999436894865872,0.002169152546216358,9.5387976610521e-06,0.009642596316038445,0.9831792754452183
126,0.014072399150874614,0.004042382713216968,2.000347192630292e-05,0.012674945380792831,0.9691902692831894
127,0.009102996700111167,0.0027356924439475286,1.693422533830535e-05,0.015665546301903296,0.9724788303286996
128,0.0057887001406131625,0.004293336868182297,2.0001319587796592e-05,0.049422564797309367,0.9404753968743073
129,0.012538709869468185,0.0019195353237547782,2.1753878344294673e-05,0.023299240257132033,0.9622207606713007
130,0.009187812194374943,0.0023266591147091537,1.6411314661520726e-05,0.018929015896044725,0.9695401014802096
131,0.011879105429752509,0.0028742534498005443,3.1411695609973554e-05,0.034043546379563146,0.9511716830452738
132,0.02022131540319712,0.006659623067380606,5.8140942514268735e-05,0.061330433581490686,0.9117304870054174
133,0.01612811423689142,0.006228861831527998,4.8741919253707896e-05,0.0456632250634259,0.931931056948901
134,0.011583629924368495,0.0032241447765593407,1.9432421132461812e-05,0.03654019370396239,0.9486325991739772
135,0.0052459433974131695,0.005119077525132094,7.764748382166086e-05,0.018982284655367016,0.9705750469382661
136,0.016147796233315897,0.007435239995816046,3.135722439702525e-05,0.05074804916596872,0.9256375573805024
137,0.009559094066543117,0.0027473532271186317,1.9297178725079704e-05,0.030322771744956477,0.9573514837826568
138,0.011728907689163614,0.0024007829711787487,1.5249603334521895e-05,0.027615219338434225,0.9582398403978888
139,0.004646879630617974,0.002446675086348107,5.4001842937001775e-05,0.013437812695813204,0.9794146307442838
140,0.0031901858294619253,0.0017113380371242823,8.31644315657052e-06,0.01679571376697602,0.9782944459232813
141,0.0228821359200769,0.006686177856846629,1.926807000028428e-05,0.05831946893186307,0.912092949221213
142,0.006308822663072868,0.0027525018156999343,2.4858194762050164e-05,0.02757585606107133,0.9633379612653938
143,0.01075980680243352,0.0022847289305427255,1.311958835928202e-05,0.053281688337304615,0.9336606563413598
144,0.006460252287575181,0.0016557520641699898,8.500266255777849e-06,0.037229299103120055,0.954646196278879
145,0.00284172181804317,0.0012137197632162743,7.444299211597742e-06,0.02058896341539766,0.9753481507041314
146,0.0052954746823310915,0.0009811388506630076,7.5835355972533185e-06,0.018803679591462657,0.9749121233399461
147,0.020543412224804266,0.0024616074508002476,2.1219913890547383e-05,0.03355738654950816,0.9434163738609966
148,0.005537986578415758,0.0016961757826148064,6.5773092527496544e-06,0.016127667971661545,0.9766315923580552
149,0.04716453397194935,0.010557652656516574,2.2288369744479182e-05,0.09022823010337833,0.8520272948984113
150,0.03443269481139457,0.00581703297265886,3.650596955714121e-05,0.04520816986430971,0.9145055963820797
151,0.033306207017882,0.005574379918912484,2.124935286760076e-05,0.04804524078069082,0.9130529229296471
152,0.021003709197853694,0.010891939441977276,3.2563945286039914e-05,0.05507670364727799,0.9129950837676051
153,0.006022793248895779,0.0018096114319275333,1.7525156216720074e-05,0.016594869429531586,0.9755552007334283
154,0.0045807544594049805,0.002552748191600438,2.4244447245663617e-05,0.014495955805346756,0.9783462970964022
155,0.0027489910293152413,0.00046509270786484157,2.9600971477995418e-05,0.008311436483449806,0.9884448788078921
156,0.0017682145836147108,0.0003553146908603052,5.449082880106106e-06,0.00398167418693022,0.9938893474557148
157,0.0018973335819263627,0.0002976881796611332,2.714772190798858e-06,0.004167894038891989,0.9936343694273297
158,0.00281364178772591,0.0007252839118178672,2.750042281028274e-05,0.005991611554397823,0.9904419623232482
159,0.004748583103058825,0.000962660195844555,3.7743253637925673e-06,0.005860621099515311,0.9884243612762175
160,0.002115556495160637,0.0005513230018180566,5.513415906383974e-06,0.0019773145600944573,0.9953502925270205
161,0.002155235021016311,0.000664911221986184,1.020047150950845e-05,0.0034428321295658293,0.9937268211559221
162,0.004631400959079314,0.0011936950541095667,4.292697229847463e-05,0.013452676734246634,0.9806793002802661
163,0.002157141307037076,0.0004289198613842318,6.4064104671252086e-06,0.0048324213764701016,0.9925751110446415
164,0.0010862447505008306,0.00073983214552282,2.2867951438884604e-05,0.0028840520874834513,0.9952670030650541
165,0.0009165551568895527,0.00025207707670288267,2.3948433450427853e-06,0.0033917774960177576,0.9954371954270447
166,0.001352129666670323,0.00042947759315610826,4.073426676135957e-06,0.004779582460193592,0.9934347368533039
167,0.0021426109705146865,0.00046994852453568207,4.2136039099824975e-06,0.0029825773404984113,0.9944006495605412
168,0.003892524456608377,0.0006104564331693706,1.1519818656719171e-05,0.0031182021436864118,0.9923672971478792
169,0.0007856819291782054,0.00039440056940268965,2.5695154317461635e-05,0.002060599097491982,0.9967336232496097
170,0.0007496208446555257,0.0004926514748020756,9.882506696384904e-06,0.0035466099477033646,0.9952012352261427
171,0.002444360001845841,0.004354389731403497,0.0003995582806410799,0.0014699148068112507,0.9913317771792984
172,0.002642595849657285,0.0006496598823994116,4.948799227829608e-06,0.004198824363965767,0.9925039711047497
173,0.00187699125416549,0.0012796659681415111,3.4235425504524776e-05,0.0013311066505345495,0.9954780007016539
174,0.0006614554122402764,0.0006548863023019997,1.7630603993220617e-05,0.0004966022906514098,0.9981694253908131
175,0.0018017708287110352,0.0005510447848946454,5.9752443970454696e-06,0.0017973064235419407,0.9958439027184552
176,0.0010928945314863118,0.0007512358900835573,3.4611831118828454e-05,0.0009297917670364491,0.9971914659802749
177,0.0009707379153021511,0.0006392212078925348,5.029375994622149e-06,0.0010194408713824015,0.9973655706294283
178,0.0006774885799271451,0.0010349232803176438,2.7502479600316843e-05,0.0005785148274087968,0.997681570832746
179,0.0009767227263818166,0.00027546724232268,1.4674318236465834e-05,0.0014251423689167775,0.9973079933441423
180,0.0015579807372789055,0.0005896703342550346,3.617803860414359e-05,0.0011760149157630437,0.9966401559740989
181,0.0014103566519813892,0.0003214108861596692,9.450706941150197e-07,0.001486005889125135,0.9967812815020396
182,0.00179558916710117,0.00030284479043447306,2.7312680661713404e-06,0.0035522069563493513,0.994346627818049
183,0.0011366507071357758,0.00024192351189607382,1.7170657139029378e-06,0.0022417862977229465,0.9963779224175313
184,0.001730597090143474,0.0006040100194650324,2.1211402471093103e-06,0.004780205875154561,0.99288306587499
185,0.009810555740594378,0.0021851927729516444,1.3446015655089554e-05,0.0095154658283108,0.978475339642488
186,0.004951185185968362,0.001474999817403294,9.381559739818659e-06,0.0053660030298073175,0.9881984304070811
187,0.0048668420764556115,0.002262919302954491,2.2679448601875872e-05,0.006534288174575319,0.9863132709974127
188,0.0077239351559893876,0.001611564196416195,1.8586904416214685e-05,0.008027502765652771,0.9826184109775254
189,0.00541105947431853,0.0019443112522967863,2.7362681801347042e-05,0.0028904774127505427,0.9897267891788327
190,0.01376018870398964,0.0015679133805402178,1.1764131289829346e-05,0.011478066787324404,0.9731820669968559
191,0.017105586482258486,0.018714677141940448,0.0002663361502196162,0.04036482603623572,0.9235485741893457
192,0.009869593505374155,0.005584341124238356,0.0006107657101543957,0.007511087799725878,0.9764242118605073
193,0.007565573508298045,0.005267236976548472,0.00033790031085896896,0.014557110052877725,0.9722721791514168
194,0.025663534856478914,0.0071012687480331935,0.0009537862716507107,0.03987919898507713,0.9264022111387601
195,0.002349357867258971,0.001040223638398835,0.0003943066449289506,0.004246092027734198,0.9919700198216791
196,0.005847996394422782,0.0010140938252229201,8.44313775805993e-05,0.006542462030775554,0.9865110163719981
197,0.0030874481895301256,0.0005287144178593813,2.916677293551943e-05,0.0030988987078778736,0.993255771911797
198,0.0009753210349613268,0.00024629007461423734,2.2982704493954538e-06,0.000290397870473924,0.998485692749501
199,0.0014279598622200763,0.00033996945302117675,3.509199812959244e-06,0.0005154579074358553,0.99771310357751
200,0.00047210237635638493,0.00019245215931588803,1.2640276104819426e-06,0.0004522958916271266,0.99888188554509
201,0.0015560739411111357,0.0007716200676937964,1.0490861984590384e-06,0.0014607310920189307,0.9962105258129778
202,0.0024353578829969164,0.0007132617563060266,2.019196631941797e-06,0.002686139118653612,0.9941632220454115
203,0.002687416658558765,0.0009120318434771444,2.5323276481193336e-06,0.0022548644064847067,0.9941431547638313
204,0.005010201561033024,0.0015626607035730473,9.076740520992212e-06,0.00527093278337312,0.9881471282114997
205,0.004337818883427753,0.0016329517515596059,8.024386030186381e-06,0.005643529778412459,0.9883776752005698
206,0.012318792224584185,0.002071057768547836,1.36603871975997e-05,0.006796442536186288,0.9788000470834841
207,0.006125139990767588,0.0014935059677226399,1.4161052364201309e-05,0.007992720616260215,0.9843744723728853
208,0.01575266750614319,0.003053016607902866,2.5456962759373402e-05,0.014386971856949227,0.9667818870662452
209,0.009412601030908586,0.0023629938697905624,1.6649098750658407e-05,0.010195576449057159,0.9780121795514931
210,0.018647916714934213,0.002595440075788422,5.877109964586027e-05,0.0053467662851029996,0.9733511058245286
211,0.029289131505597293,0.008981668478407775,0.00011497273239988427,0.024218850132388014,0.9373953771512071
212,0.004480043749915364,0.004676967555619951,7.869469238494894e-05,0.004924365040770846,0.9858399289613089
213,0.0032863875239000817,0.0034378871254936777,8.989979096310452e-05,0.004177811108548377,0.9890080144510949
214,0.003938128072559116,0.004788059954224466,0.0001090806238928463,0.003794098326823552,0.9873706330224999
215,0.003051860852121635,0.003054547192020671,0.00016404915725288564,0.001730102032524131,0.9919994407660807
216,0.001225082622804719,0.0010753356199353808,1.911091920733671e-05,0.0014197861962499023,0.9962606846418027
217,0.0013390307658463286,0.0008131157979528238,3.347517095763641e-05,0.0026763817785831357,0.9951379964866601
218,0.0016923332491390142,0.0007388435238376218,6.872150620037807e-06,0.0019193775538161328,0.9956425735225871
219,0.0011149348774350434,0.0004976456571000717,1.6088629961636192e-06,0.0011163542348689502,0.9972694563675998
220,0.0015702280059908052,0.0007989621044900763,3.3772051641251967e-06,0.002130424213599897,0.9954970084707552
221,0.002684177330648186,0.00036271889445068034,1.350440276574132e-05,0.003164778600924754,0.9937748207712106
222,0.0023115863930490183,0.0004916207092231398,3.245832953766534e-06,0.002844557326631171,0.9943489897381429
223,0.0017152968021654108,0.0007584775837460148,1.926251900645826e-05,0.002013683257733656,0.9954932798373486
224,0.006524758290283369,0.0027333391933830322,7.848908796188429e-05,0.00457966602885402,0.9860837473995177
225,0.001895828289698229,0.00033322246250250216,3.5954313677049558e-06,0.0026536772444798176,0.9951136765719518
226,0.002800729167437894,0.0014538896989456144,6.886190881258264e-06,0.0053598372474598106,0.9903786576952753
227,0.008607727727286178,0.001952543153474379,2.5235941675278158e-05,0.017854136144693066,0.971560357032871
228,0.008015682690576665,0.004216719298286994,1.7789395100278397e-05,0.01099561878001051,0.9767541898360255
229,0.010484850862599487,0.003360376160124387,1.4257890789569142e-05,0.01631080726184525,0.9698297078246414
230,0.03587994960797844,0.007400308494027763,2.375514428210601e-05,0.04629097948174009,0.9104050072719717
231,0.23029995572364176,0.022554982815059868,7.885697893913481e-05,0.11964428191599434,0.6274219225663649
232,0.02851546184288503,0.007181978469704146,0.00014810095224771224,0.059623767362500905,0.9045306913726623
233,0.2688813907604796,0.06620063468802541,0.00014682754847820644,0.2931363417278696,0.3716348052751472
234,0.10317241089942858,0.026059641975478196,0.00010163052013336796,0.4214367908469153,0.4492295257580445
235,0.21899730908568535,0.044947208821014106,0.0001439700176072908,0.6825355345847041,0.05337597749098914
236,0.1433403683473732,0.15611777081779132,0.00048240330454814084,0.6789574379236597,0.021102019606627675
237,0.08244665264920575,0.14590020214421726,0.00017078617107192526,0.7504848309217268,0.020997528113778214
238,0.06439069649681854,0.06186862393370425,9.378540672619611e-05,0.848010164393307,0.02563672976944399
239,0.050939531459364966,0.27685326158979595,0.0013841769245612483,0.6625086307166808,0.008314399309597157
240,0.03766456736078905,0.6635347607982207,0.03411569064271552,0.24883123988554107,0.015853741312733833
241,0.027381758053460332,0.08244975156815242,0.00035338080453209587,0.26329244322360273,0.6265226663502524
242,0.15431380683517837,0.11843546816411393,0.0004734091281013304,0.5571268307589308,0.16965048511367556
243,0.08657099549805547,0.7445916128269081,0.0049340175178502164,0.13854607499456312,0.025357299162623064
244,0.29912100123852725,0.3512687583298386,0.00048043018388125403,0.33009985874559017,0.019029951502162853
245,0.19784277537613068,0.49796702408687826,0.0046086145757576,0.19358894570124838,0.10599264025998509
246,0.06328286976324525,0.7936754314340188,0.0018928359030122538,0.13373185528670692,0.007417007613016847
247,0.1635996831475823,0.6064514410063769,0.007122590305545412,0.16577846543099117,0.0570478201095042
248,0.222086336445752,0.5141573579304187,0.006919813043462194,0.20684717303971062,0.049989319540656406
249,0.15322505620279414,0.5998515233635467,0.0042163740561139565,0.09271214504612567,0.14999490133141952
250,0.09097939833417738,0.8534309674647622,0.005271503352465529,0.04002527420925046,0.010292856639344582
251,0.11681803052490762,0.7875486777248436,0.0069807905837239986,0.05081983948307107,0.03783266168345374
252,0.041417282885414915,0.8848840180358627,0.03864049900718443,0.0196784761962027,0.015379723875335323
253,0.19450023134448033,0.6036092119909016,0.0023759275484068944,0.04717443142740754,0.15234019768880372
254,0.04854746129587208,0.8651613842790403,0.03410089812490413,0.013811650847657972,0.038378605452525534
255,0.14804262815480404,0.7843171598986816,0.001196683541292991,0.034974392386532084,0.03146913601868924
256,0.09557118137988574,0.32722535784856943,0.005702834644544663,0.008138022954361446,0.5633626031726388
257,0.10884989954474084,0.8261008199522506,0.006707976268938861,0.010882158951446128,0.047459145282623384
258,0.06678717064144607,0.7473959720581503,0.010724570080054669,0.00772699437213524,0.16736529284821364
259,0.0409759751149707,0.8362282531614978,0.05364929947846323,0.008211493938232202,0.06093497830683586
260,0.048220210252549765,0.9032682660554097,0.011113216388743633,0.018791014253724914,0.018607293049571868
261,0.06205613949004057,0.8402452985384917,0.014613981083889326,0.01390257282045695,0.0691820080671215
262,0.14702393549326886,0.7948607681564739,0.011660633497258975,0.015302482344316914,0.031152180508681352
263,0.08189431349552037,0.4742371391698211,0.014428667861019423,0.014402450408773549,0.4150374290648657
264,0.25794291264939356,0.5054402900794466,0.0017446798871351887,0.01971557697704911,0.21515654040697552
265,0.1332429555891458,0.5905024585603077,0.0022351652159273193,0.010258677983287426,0.26376074265133204
266,0.1604238183923017,0.7909390155779341,0.002957292766974213,0.008483883027760495,0.03719599023502941
267,0.028847484348897848,0.8799665233801073,0.06253379656645351,0.005727521279259363,0.02292467442528194
268,0.046997096269984544,0.8988431276410803,0.027410746457884418,0.007210305228075213,0.019538724402975615
269,0.06011693761881121,0.8969332032556482,0.026290743991257182,0.004775619888926984,0.011883495245356621
270,0.050526912059259056,0.8861446030207755,0.023808554023719862,0.015461209029651087,0.024058721866594468
271,0.0316401946933443,0.7244696725025668,0.2137662140243667,0.013773738279475823,0.016350180500246253
272,0.090743477605458,0.8640147590644108,0.004204530306121404,0.02423514662588556,0.016802086398124142
273,0.014823959556815163,0.7885335381587985,0.16956588271041823,0.0051854435447259315,0.021891176029242385
274,0.010825372566992028,0.5301876740201324,0.4333905667828959,0.010680855682861068,0.014915530947118599
275,0.05858937137968621,0.7580290677129289,0.11303188378378239,0.016822126845490913,0.05352755027811168
276,0.0509210275514161,0.20895769181410892,0.012128909561755078,0.008131566890377355,0.7198608041823426
277,0.19107032026402182,0.7690171394732629,0.0032260815926473244,0.016309383661114597,0.020377075008953364
278,0.055550905920367745,0.8894052624735104,0.02035072006180151,0.0028613091983440155,0.0318318023459765
279,0.22118847929389407,0.7380241386401818,0.0015110860264311386,0.007015086614997602,0.032261209424495535
280,0.06122760973828927,0.8656034866209475,0.04025551766873481,0.010042689507921683,0.02287069646410676
281,0.044628287629855073,0.8414628624207121,0.08681830819187372,0.003522004065473633,0.023568537692085452
282,0.05897111192302046,0.8283223539392313,0.09009397071792387,0.0018693080444195738,0.020743255375404758
283,0.008864624438870478,0.5885363355740195,0.3804941950074893,0.001278008234518069,0.020826836745102703
284,0.022885652924614794,0.7311505353952275,0.22453609751162823,0.0013221581149462128,0.02010555605358328
285,0.009075948659767474,0.5774221517878311,0.4018972829921016,0.0005975232110558236,0.011007093349243954
286,0.014666438869897743,0.6326860807854457,0.33427724927921,0.001572348900121917,0.01679788216532461
287,0.008104829672208085,0.657948080124863,0.32366745415336523,0.0005535185071561495,0.009726117542407445
288,0.006969237078154348,0.6201471653693438,0.3545176370184844,0.0006842142750683297,0.01768174625894911
289,0.013240480532974799,0.5202387150001616,0.44011205996467817,0.0011606946389038813,0.025248049863281524
290,0.030258404885223602,0.6291419437081943,0.2877779633013947,0.0014049081052622048,0.05141677999992512
291,0.01695339753182581,0.4647216465761764,0.4541373439446459,0.0009903485544456331,0.06319726339290632
292,0.011171177523909085,0.39410334823846105,0.5772572494875682,0.0011124191233115616,0.016355805626750135
293,0.015679504496184042,0.6345910341536932,0.25545247424386625,0.0012863779605636048,0.09299060914569293
294,0.05299139569682846,0.7557562237372163,0.08597975815198493,0.0019443706778174946,0.10332825173615291
295,0.06757032220643601,0.8085557653645706,0.054762620545896146,0.0018590657420753604,0.06725222614102178
296,0.04778771704073346,0.6736041633057008,0.19002006232373198,0.001903056484888645,0.08668500084494515
297,0.10949767380749274,0.8013529064635441,0.02481772852446121,0.0015660916027215774,0.06276559960178038
298,0.026398254540276583,0.6005342810492746,0.3403262339817728,0.0013121381974316483,0.03142909223124422
299,0.058521358298227084,0.639201912860417,0.24078864053779364,0.00341189044560994,0.05807619785795238
300,0.006711833884492716,0.3042098455382646,0.6778671410171253,0.0006281407615270877,0.010583038798590383
301,0.004961542063195974,0.22888813050250859,0.7526724224413491,0.0003823087026561335,0.013095596290290204
302,0.010552410481793525,0.43975102813295464,0.5370264779075424,0.0008982269977258237,0.011771856479983623
303,0.036994584720382404,0.41181743501957474,0.49945820571561317,0.0015419620083636759,0.050187812536065995
304,0.005591158001506078,0.1985002274797011,0.788333898148276,0.0006775155407800944,0.006897200829736425
305,0.026396693416692124,0.5089183893600299,0.4240692128817562,0.0024145115050783835,0.038201192836443305
306,0.004571129279810388,0.1714836291347292,0.8152637029023415,0.0009620008254717724,0.007719537857646997
307,0.06347674379072342,0.6339419451604995,0.2720184447725274,0.0036125288576341237,0.02695033741861546
308,0.03699095563166584,0.5569405276287215,0.377204973958898,0.0035319105209026683,0.025331632259811946
309,0.23232227127047542,0.5374577325768481,0.12979234291144714,0.00670463277152494,0.09372302046970424
310,0.03673208960904608,0.3546560403609738,0.5810293294259998,0.0014111007434812373,0.02617143986049896
311,0.05235165441073588,0.639771366679403,0.27305330790493754,0.0030340370611469164,0.03178963394377644
312,0.09836602866920571,0.6260894319980924,0.2088956772993201,0.005356960996637298,0.061291901036744506
313,0.018831186782520052,0.45352285057059466,0.4900303429360632,0.002511500420385134,0.035104119290436935
314,0.005482178694733152,0.36097262858069,0.6132916568739242,0.0010920723635726246,0.019161463487080088
315,0.009215158253686878,0.24925645149158412,0.7242212011556641,0.0006373292338598067,0.01666985986520506
316,0.4350353501206146,0.47808364149066446,0.04507560104229647,0.0031588030474132894,0.038646604299011234
317,0.011966870091962206,0.28567732730241946,0.6946014699305897,0.0009381599754209134,0.006816172699607594
318,0.03067682337187089,0.5654221519583184,0.31545447884315203,0.0032680010928660746,0.0851785447337927
319,0.12874582584716313,0.621047973186307,0.12353931289571743,0.0053516196116442,0.12131526845916821
320,0.1273639232831818,0.0909868448544369,0.006481062989899684,0.006991590039202865,0.7681765788332787
321,0.3591637032897991,0.17684518206079108,0.00081516754576016,0.01083358311689097,0.4523423639867587
322,0.19119154486286516,0.6097145184826895,0.05414993492644704,0.009624576394854726,0.13531942533314364
323,0.14776715607440286,0.640555569885935,0.09588282061984217,0.008431831700209962,0.10736262171961018
324,0.15926760963915187,0.6646025204861921,0.005348372868899202,0.011873568615401559,0.1589079283903554
325,0.04183181364570314,0.9119165319814629,0.012233906770609915,0.009310130235479636,0.02470761736674441
326,0.07945280059925337,0.7541053766340357,0.05931248024661355,0.011760548556829035,0.09536879396326836
327,0.10467832485342926,0.7762606359169718,0.007465941119218314,0.009427219756704122,0.10216787835367647
328,0.11328521413113495,0.7727820196079401,0.04137419780417691,0.011824715120914321,0.06073385333583368
329,0.05416595931814735,0.41463049919367395,0.010788222946562936,0.0074870464191954785,0.5129282721224203
330,0.1773892900039615,0.50001785962792,0.019076519167453947,0.007433793037692304,0.2960825381629721
331,0.23374848818949784,0.10642762715377091,0.002442377502232289,0.0089985685058854,0.6483829386486135
332,0.11703006494676003,0.7711466869084169,0.006694102707913345,0.0035552646099214847,0.10157388082698848
333,0.22735227146948278,0.370805190633036,0.0035767605737421176,0.004351856568776639,0.3939139207549624
334,0.08997400672723363,0.7324554939129132,0.021356636279753014,0.0021737526344075405,0.15404011044569252
335,0.09914827473722777,0.5729701327649979,0.011209186226833971,0.0020175862014349894,0.31465482006950546
336,0.08847693658261124,0.700129388758017,0.08931658713627053,0.00426454347521774,0.11781254404788348
337,0.028408072743919287,0.8254021316300909,0.09393247542531677,0.002314428991443525,0.049942891209229436
338,0.016461630423733564,0.5071961027724778,0.45406552402718986,0.0018633982130681793,0.02041334456353048
339,0.028601904478475458,0.6578614632688009,0.2709147835719462,0.00339088097109237,0.039230967709685184
340,0.003754909203660961,0.3744724530756098,0.6129816031786138,0.0004722402271051186,0.008318794315010345
341,0.030277826379044238,0.49898597341157286,0.4558023269511488,0.002271194787165348,0.012662678471068878
342,0.006544104356784863,0.32905629972215233,0.6586291970030475,0.0010316737028844521,0.004738725215130909
343,0.005900761822915004,0.425852876410294,0.5586077596125849,0.0005239496182767667,0.009114652535929215
344,0.0036928978720985697,0.3718132900702851,0.6207870919227494,0.0004181211532872591,0.0032885989815797604
345,0.006918342451069821,0.4486669636273807,0.5349346200639981,0.00047637969939974073,0.009003694158151741
346,0.0029697677394338534,0.2633200253221991,0.7309019857571817,0.00023212444993541778,0.002576096731249831
347,0.0037374968650277047,0.3135692258564137,0.6772929564632267,0.00045811008929259856,0.004942210726039387
348,0.002695461113201804,0.1922930124958284,0.8017221005193838,0.0005207541951634158,0.00276867167642269
349,0.01417525586583735,0.4615193149484489,0.5092703082024826,0.0010309841307376208,0.014004136852493429
350,0.007553740273071473,0.43349338553755923,0.5395039774967807,0.0005933161071699887,0.018855580585418714
351,0.004171812530038465,0.27276675421708224,0.7202221415795849,0.0003203803237829951,0.0025189113495114406
352,0.0020151842748779227,0.2209418724308531,0.7740100557531956,0.0001495905746024843,0.002883296966470877
353,0.001954828794713376,0.13591841675475252,0.859529489201041,0.00016428568551967414,0.0024329795639734053
354,0.002718692966666595,0.22253507876938694,0.7659824496785489,0.00029457528241567585,0.008469203302981823
355,0.009346534628319893,0.33846861224357705,0.6263652288570322,0.0006435497499728207,0.02517607452109805
356,0.01063694931318743,0.21218958305052385,0.7511639344941008,0.0007231071557891014,0.02528642598639901
357,0.11386430804844277,0.336674939294085,0.508394403200858,0.003121227427893818,0.03794512202872026
358,0.0031169280725363182,0.08972804521622117,0.9035170579628161,0.00020167298477444386,0.0034362957636519197
359,0.003479230084988592,0.19040607276976249,0.7921505704237288,0.0002882340933182194,0.013675892628201913
360,0.12107838514556835,0.27308930025743344,0.5030913506847646,0.001076448393595119,0.10166451551863849
361,0.0843339202282878,0.2573329310291791,0.5795943241896518,0.0012151104592545208,0.07752371409362663
362,0.3093746030238424,0.38396424733219225,0.12358580354149898,0.0011381854909584955,0.18193716061150764
363,0.06924587895764049,0.18143077141490546,0.6539961911771067,0.0003992365384099676,0.0949279219119374
364,0.13710789596402817,0.1500892693382227,0.5911385923091643,0.0005659441896709424,0.1210982981989138
365,0.053091317907618917,0.2734850154953734,0.5894355199458886,0.0014470078955759675,0.08254113875554292
366,0.018409322007781784,0.2072862344959801,0.7393716702521129,0.000779570354307172,0.03415320288981788
367,0.015595395207631993,0.3365471157384654,0.627930722279325,0.0006618940910739784,0.019264872683503458
368,0.00495109093505496,0.21887231869654789,0.7641606893789836,0.0004364230167679827,0.011579477972645535
369,0.0026342664917170535,0.16653394738486,0.8275413850708636,0.00028125670363837534,0.0030091443489208766
370,0.0018561389407347943,0.13326122780604896,0.8621624965659194,0.0001446605910201556,0.0025754760962767237
371,0.0010310813028182012,0.10425727849541118,0.891906388933788,6.71895926707269e-05,0.0027380616753118307
372,0.0016892584884325278,0.15241949625334097,0.8438167606987992,0.00013320550224716046,0.0019412790571800504
