epoch,N1,N2,N3,R,W
0,0.011683409423111895,0.00012007642295320877,1.6885902339840673e-06,0.00026768651842184397,0.9879271390452791
1,0.0036064060307391455,8.709774145888596e-05,3.2778692250666776e-06,0.0001952792176727758,0.996107939140904
2,0.0009637653841227397,5.9663028654393204e-05,1.8043609685781732e-06,5.3802237257595756e-05,0.9989209649889967
3,0.001282908984412927,0.00017909589866150122,1.1591060720299246e-05,6.546505276377552e-05,0.9984609390034416
4,0.014498790815236869,0.0008340144505811834,2.1842927422761003e-05,0.00044547428432687884,0.9841998775224324
5,0.002484177954315382,0.00037825134564049455,2.9339709221736367e-05,0.00018079326951364543,0.9969274377213087
6,0.037362592898672976,0.00579043307621422,6.19349843762043e-05,0.0008080191699345974,0.9559770198708019
7,0.015659877995454444,0.0026506422142870655,3.579405490373671e-05,0.000517856598629246,0.9811358291367256
8,0.008452066185594347,0.0012493177695216133,3.4271757539886205e-05,0.000396540875664387,0.9898678034116797
9,0.00026056067995506996,0.00023516939505082544,0.00021525214727480255,4.095359106306326e-05,0.9992480641866561
10,0.0001264448943035473,9.54805921744385e-05,2.4928158077792483e-05,1.2353496034763749e-05,0.9997407928594094
11,0.0001325016951719398,2.1097118796597865e-05,7.79299296516112e-06,5.993711313235489e-06,0.9998326144817532
12,0.002488993984544662,6.676306154633686e-05,3.31010985196745e-05,1.825572715530234e-05,0.9973928861282341
13,0.002774129910230892,8.7352508918071e-05,2.336761461695018e-05,1.0327046663377733e-05,0.9971048229195706
14,0.0040107063628522215,0.00012435675425769092,2.020532620940228e-05,2.3634087171278257e-05,0.9958210974695095
15,0.00477810816212535,0.00031400751554713535,8.053769950925327e-06,2.564245707045321e-05,0.9948741880953063
16,0.0005521691364402324,0.0001255708283121498,2.861355153021295e-05,1.1392250540043852e-05,0.9992822542331774
17,0.0008361412072316489,7.592053008038282e-05,0.00012169775433770132,9.328531438139232e-06,0.9989569119769122
18,0.4955539313874335,0.003980201617063877,0.00015186523273947968,0.000521644848896113,0.49979235691386725
19,0.00590684733672256,0.0002722110671135174,1.2017853739950085e-05,4.436084132326786e-05,0.9937645629011006
20,0.10452358215899128,0.005740432709055422,3.9350360031588114e-05,0.0009270182533319852,0.8887696165185897
21,0.5095235489220452,0.043632569443490074,0.00016438664648662287,0.0270595725593684,0.4196199224286096
22,0.4296283419782824,0.08783404289573961,0.0005073849853897592,0.010311028677471733,0.47171920146311647
23,0.023566748161619848,0.0033494542716447466,5.2193844053397704e-05,0.004859803334591431,0.9681718003880906
24,0.08192893094195428,0.03523930228109264,0.00023447650908077638,0.016051631669840097,0.8665456585980321
25,0.012911299203602554,0.03272051680274496,0.0047581102663609145,0.00033202424847550443,0.949278049478816
26,0.03862671463407329,0.011301197368671528,0.0004679894628322335,0.002032816790756623,0.9475712817436663
27,0.021383650249285062,0.005798936077825242,0.00027475229234496986,0.0015161485773323526,0.9710265128032124
28,0.2669723265710711,0.2299622819813649,0.013756040593250586,0.0030807051330005264,0.48622864572131275
29,0.634418233226378,0.07513073685271246,0.0022101307684274114,0.002850302606103192,0.2853905965463789
30,0.2537831390990531,0.34464494938839796,0.007054093283582286,0.0017688120331005852,0.3927490061958661
31,0.13554010424187998,0.36700189367791863,0.07630864829661917,0.0013076031543429744,0.41984175062923923
32,0.02613736730242368,0.006162092109472798,0.00031620898091028735,0.0005215809153609225,0.9668627506918324
33,0.177152400416709,0.1525352899612662,0.004696529312545694,0.003811488152830491,0.6618042921566486
34,0.16125216850710697,0.2282765634685666,0.0038950333375376827,0.002821086107705186,0.6037551485790836
35,0.0738334543152249,0.03882577662081408,0.0005818242699121558,0.0012605711936031052,0.8854983736004457
36,0.032468933073932865,0.021582092350708564,0.0011536794957571518,0.0007873616266018272,0.9440079334529997
37,0.11268380628558072,0.25274048214683464,0.010602218261155254,0.0010789785563748845,0.6228945147500545
38,0.09566519214303629,0.008043137721372906,0.0003522389102691724,0.0005603772733001541,0.8953790539520216
39,0.026079986695845436,0.11965645839701253,0.007458883243057549,0.0002022289510778928,0.8466024427130067
40,0.0016091300981595704,0.0007584216453133651,0.00011096939142630554,4.145600889232277e-05,0.9974800228562084
41,0.2979939531137819,0.006759128400020146,8.805486748706098e-05,0.0019153783004004549,0.6932434853183104
42,0.6864763135187067,0.07446513796653127,0.0005244907271009299,0.019581947174731447,0.2189521106129296
43,0.2792047721515226,0.09886467253675228,0.0012023211577298011,0.0028116889132189997,0.6179165452407762
44,0.5210655338908168,0.3197816495071056,0.0013009513155973758,0.033693073244722704,0.12415879204175756
45,0.020746023448914897,0.9577338143505753,0.004809140080123246,0.002154309874368026,0.014556712246018504
46,0.09328465424649143,0.5217375766846417,0.0656410237837175,0.0009943704878950471,0.31834237479725425
47,0.3564086856526367,0.5709556822572412,0.0013821934788251662,0.003249564016781773,0.06800387459451519
48,0.01823189854193539,0.9654374562537159,0.013270790323214389,0.0003104116602689698,0.00274944322086538
49,0.0092684188198875,0.9417251264523195,0.04701019080738936,0.00031306343338597894,0.0016832004870177082
50,0.018477901426153243,0.9770469064262969,0.0020273200905910117,0.0006101204729873305,0.0018377515839713382
51,0.00476309256939295,0.9900216425699476,0.0017213444538156093,0.0013995816804872406,0.002094338726356626
52,0.0029805207668007214,0.9861497902751946,0.009431902653741043,0.00030423277992336264,0.001133553524340397
53,0.005035067765074016,0.9840140421119284,0.009144096578813514,0.00035697405737200263,0.0014498194868119425
54,0.0011784577795615255,0.9690574651346213,0.028347926587759146,0.0004358161250472445,0.0009803343730107022
55,0.006492350127501619,0.9747874320062871,0.014598505294555976,0.0016670821022432534,0.0024546304694118303
56,0.002790898278470843,0.9810900611851784,0.011759627073864064,0.0007028238881129985,0.0036565895743734026
57,0.0022951065472000876,0.8437218488135015,0.1523134272474154,0.0002610758148427141,0.0014085415770401174
58,0.0005458116423820728,0.7041852399349614,0.2943051661055714,0.00013314283126541985,0.0008306394858196297
59,0.001753020207353144,0.825804314030159,0.1707242377937864,0.0001281823666135803,0.0015902456020880644
60,0.0006646335929102851,0.5827683775021254,0.4149664150399501,7.710530487460659e-05,0.0015234685601397
61,0.002524031473102211,0.3984878950560753,0.5925913304556253,0.00025024688469170274,0.006146496130505607
62,0.001012225360443015,0.6112084100628631,0.38427231142130075,0.0001528541223753739,0.0033541990330177695
63,0.0009851888093648138,0.40231933765167144,0.5934597483926534,0.00011487766909677998,0.003120847477213503
64,0.0009277108005263695,0.3323840363772283,0.6641973600215505,4.5281103987044245e-05,0.0024456116967077482
65,0.000495588197637868,0.20098351056351257,0.796805225184242,2.6063634664150208e-05,0.0016896124199433271
66,0.00048160616642184265,0.19718435098876086,0.8003003442132579,2.4875091341884934e-05,0.002008823540217422
67,0.0004021707576996719,0.1732409183859142,0.8232109556750384,2.7357337672333748e-05,0.0031185978436752753
68,0.0001697354300147802,0.12486987855876716,0.8723164081506699,2.2081539098692622e-05,0.0026218963214493835
69,0.00011084395061144093,0.05833462249043504,0.940720198811847,1.4167833911016332e-05,0.0008201669131956449
70,0.00011167161765910075,0.058343841522259375,0.9407158851658122,1.2183262501191001e-05,0.0008164184317681199
71,0.00011101453736139866,0.0718022649010104,0.9272329467408764,1.525897541211997e-05,0.0008385148453396547
72,0.00014782138008523587,0.10113949612825143,0.8977301629791037,2.1837973154643824e-05,0.0009606815394051333
73,0.00016523194089039414,0.08295474986494275,0.9154922668551303,2.0430094487044483e-05,0.0013673212445495318
74,0.0012098237777073144,0.23627144661477742,0.7574836462082863,0.0001097367845993406,0.004925346614629507
75,0.0002388313314846002,0.07692414722791782,0.9216767478327968,2.578599005195378e-05,0.0011344876177487096
76,9.370956134984147e-05,0.029133157782921748,0.9702235316168837,1.0958733033207267e-05,0.0005386423058116205
77,0.00016805990769559701,0.09895791071904711,0.9002960381854068,1.745296663844515e-05,0.0005605382212122793
78,0.00011089945101081624,0.044048819237289996,0.9553758532204306,1.440166652417505e-05,0.00045002642474451426
79,6.916874439427938e-05,0.04103449163799897,0.958528755246077,1.0711966444961971e-05,0.00035687240508475057
80,9.175887608016956e-05,0.044311343119066975,0.9552956380836554,1.2951453622955585e-05,0.0002883084675743915
81,4.576500283305451e-05,0.03154340710095444,0.968101153524773,8.943624110728647e-06,0.0003007307473287717
82,4.382833436302056e-05,0.03611480484066124,0.9633399428297714,1.3781866237829067e-05,0.00048764212896643903
83,3.7887580021986785e-05,0.03192078680059959,0.9677455577906678,8.315502976050404e-06,0.00028745232573430417
84,8.668612918519778e-05,0.05798434524123969,0.9414524773080192,1.22202762518563e-05,0.0004642710453042488
85,1.555071110485173e-05,0.015343024493792268,0.9840401524089449,5.130493938908572e-06,0.0005961418922187904
86,4.289632825738118e-05,0.01890556838479996,0.9806907573832532,9.245257681902262e-06,0.00035153264600759946
87,0.0001293797297225931,0.07437181917266014,0.9244069243395664,2.468435744257216e-05,0.0010671924006082527
88,2.49516434880606e-05,0.01381297639166214,0.9858249368925055,5.28885121571186e-06,0.00033184622112855097
89,2.2578603179198334e-05,0.017009844542654112,0.9826935011446509,6.563377930367985e-06,0.0002675123315854571
90,0.00010312565434485307,0.04486470916751549,0.9540627385342386,1.727742896988178e-05,0.000952149214931293
91,5.795808095917939e-05,0.011170749266376805,0.9881608756294193,1.7582632295845082e-05,0.0005928343909488154
92,0.00014190818900682085,0.020353368947942662,0.9787744867741814,1.4936307572159757e-05,0.000715299781296959
93,4.953029429816764e-05,0.012450039362199766,0.986973178784641,2.4319163500562307e-05,0.000502932395360594
94,0.008726059563889037,0.08092985933791372,0.6277606541382972,0.0010432958127345954,0.2815401311471654
95,0.004486384364918461,0.45628545270778864,0.5343271554993998,0.0004945504270428139,0.004406457000850271
96,0.04051154606061902,0.8322474807581502,0.06698894156791682,0.0012308329426021002,0.0590211986707118
97,0.025156674151296736,0.8378467423271262,0.12969186848655126,0.000616521120203434,0.006688193914822368
98,0.006298501877029119,0.7504701156139925,0.23586525052056798,0.0005880916963564973,0.0067780402920538515
99,0.01570902614815477,0.8960504429344409,0.07670576297941821,0.0015817355346358724,0.00995303240335032
100,0.005879433647693497,0.7527377229368373,0.23158681235792128,0.0010997771694436398,0.008696253888104374
101,0.008099151585435513,0.953986405240123,0.032832014771546555,0.0010113716540758272,0.004071056748818932
102,0.0022155273115124574,0.6141731517430709,0.37980753594848743,0.00043938808025812163,0.003364396916671142
103,0.006998027127818923,0.8551260433430297,0.1331486408666888,0.0012634957333650162,0.003463792929097794
104,0.0018854124720503697,0.8247410401727703,0.1700872946036534,0.0006390846635633625,0.002647168087962429
105,0.0319453424831811,0.8479026710584796,0.0925188677909488,0.0011240994007241066,0.026509019266666455
106,0.004211491420558956,0.8463734582425768,0.14539996717639458,0.0008642053378950901,0.0031508778225744333
107,0.13699490434549894,0.7709765688971336,0.028583288001832814,0.002654745590665944,0.06079049316486868
108,0.023227745213802876,0.8952353858986585,0.06415324361829224,0.0021459636398756614,0.015237661629370895
109,0.1471983671729258,0.1615421121634926,0.0030520515512455263,0.005420387615502864,0.6827870814968332
110,0.2316965088949247,0.7317762784881083,0.019631161827542223,0.002480644088021838,0.014415406701402749
111,0.09855849739339757,0.8480264261104756,0.03445405223561877,0.005858364881979134,0.01310265937852895
112,0.016880074951708294,0.8685124694507332,0.03618388710033392,0.00147339671597227,0.07695017178125224
113,0.5003261885925524,0.1699541235042938,0.001604062486800983,0.011947431746347145,0.31616819367000554
114,0.4368490074366653,0.14114059416820265,0.0004184200792729748,0.027927826383128268,0.39366415193273074
115,0.6104739639448205,0.21738148029328408,0.0005275371366749016,0.0363574189126408,0.13525959971257961
116,0.17597258001229904,0.7912369310316271,0.0007968227516532177,0.0063732044869049915,0.0256204617175155
117,0.21953116243709228,0.4651138263688371,0.0053134834243309765,0.019035378844785348,0.2910061489249543
118,0.04931804184696675,0.8905637672557416,0.003898241273431796,0.040986438267719076,0.015233511356140721
119,0.04800100814171962,0.812771696283655,0.0014806964783760745,0.10801128201195717,0.029735317084292057
120,0.12482575038981178,0.12492545345419809,0.00031936806104066487,0.7266500868292044,0.02327934126574507
121,0.019246229350297843,0.013161005877974993,0.000169955510048309,0.004311701050285073,0.9631111082113937
122,0.20574571313397944,0.05900487306259607,9.785607931931807e-05,0.6177708913851292,0.11738066633897594
123,0.04004640959822953,0.005882603127967594,2.830432969468157e-05,0.030566501549160782,0.9234761813949474
124,0.5464051099951188,0.03261678604153608,5.20413162767823e-05,0.37027291649552396,0.050653146151544336
125,0.20948228737488367,0.0752027538891838,0.0001317209340880271,0.5978244851032005,0.11735875269864399
126,0.10417628497748252,0.05474317851647944,4.952125415381687e-05,0.6322312587662317,0.20879975648565272
127,0.07505683817989472,0.0379155710675599,9.738057653966595e-06,0.4888509732841684,0.39816687941072304
128,0.0667013873740385,0.04909756794981762,4.990997778907642e-05,0.6584531140506298,0.22569802064772507
129,0.17102767183351725,0.01042967806608838,1.2290925583697417e-05,0.7399339048378745,0.07859645433693611
130,0.17834950816050552,0.03366405851977273,4.430958803196338e-05,0.562399254497911,0.22554286923377884
131,0.15879873238844208,0.015222842560384779,1.4754614971680507e-05,0.8039667217341778,0.021996948702023594
132,0.11888597815554175,0.014589624192264297,2.0287300234667772e-05,0.6977019954801371,0.16880211487182217
133,0.2646316327178258,0.01728803897195329,3.8518247843989024e-05,0.7025547173750869,0.015487092687290054
134,0.07026145718083027,0.010348745675996935,4.552110713651354e-05,0.4511240259630894,0.46822025007294676
135,0.16139039512052342,0.007067665885281837,1.2753229713437372e-05,0.8054240185777856,0.02610516718669568
136,0.0992249908371352,0.017698757015518183,3.456300338723284e-05,0.7634188360819774,0.11962285306198203
137,0.14314315160711397,0.013817082679657349,8.58377390604263e-05,0.6869720856559518,0.15598184231821638
138,0.08907859622499079,0.00924756829778702,7.342987283570709e-05,0.5776078208172485,0.32399258478713794
139,0.1257562670622381,0.009339494017049404,2.6103046915963445e-05,0.846898772575755,0.01797936329804158
140,0.041971309234759425,0.015381610325510844,5.988637759513566e-05,0.8316861884816151,0.11090100558051942
141,0.1935943560777995,0.018094882432939583,3.277486854747083e-05,0.7694160264178835,0.018861960202830014
142,0.06687624823439473,0.02807088328093648,7.789356691956832e-05,0.8103020152707326,0.09467295964701668
143,0.090535347304031,0.028449935301505653,7.668490019292889e-05,0.8336632726276565,0.04727475986661392
144,0.049907167488173566,0.007091810994816107,4.9422422660146644e-05,0.8965479231800756,0.046403675914274654
145,0.07347653918197748,0.010876228900506536,4.305586040189943e-05,0.5129239178294079,0.4026802582277062
146,0.2083252532614842,0.01291918685130233,4.528247686868216e-05,0.7322417369669902,0.04646854044335459
147,0.14417144232364107,0.03954708485264349,5.549542274921249e-05,0.7919031370831157,0.024322840317850654
148,0.03891617007788088,0.005913026207898165,6.01064532977798e-05,0.7122068721234945,0.2429038251374288
149,0.03287681770393212,0.008592742088593746,1.563090817219755e-05,0.9453783831475795,0.013136426151722405
150,0.05025171794765705,0.007211936048598672,3.9055600226363544e-05,0.7399485940844164,0.20254869631910158
151,0.07523340861295313,0.0021409502057130906,1.7738206325084234e-05,0.4610378949166143,0.4615700080583943
152,0.14004989508346785,0.004354183296795524,1.2243045996820711e-05,0.8029708086156845,0.05261286995805532
153,0.03809269410764734,0.0019556974798528768,4.0680891500100904e-05,0.3407410904048113,0.6191698371161883
154,0.2440771166724427,0.00256590493774006,1.5736846337082735e-05,0.4904943122600489,0.26284692928343123
155,0.048239623983043774,0.0025838352369002508,3.944976005121298e-05,0.6814826164220467,0.2676544745979581
156,0.02461014257724801,0.0015542478168233153,2.044393268767124e-05,0.843591940440465,0.13022322523277594
157,0.03701308099429293,0.000816615692312509,6.574166837300857e-06,0.41035429634784465,0.5518094327987125
158,0.18029622357808786,0.0009643156776986627,7.310862904427591e-06,0.5969698642688421,0.22176228561246686
159,0.1367153883265835,0.004426963445785908,6.553798921588623e-06,0.6028099875305251,0.2560411068981838
160,0.41316114733050774,0.003525892766354653,1.027346599812443e-05,0.3647048699428155,0.21859781649432394
161,0.2440921767032077,0.04709530279478307,8.127866804891334e-05,0.5608946929668657,0.14783654886709455
162,0.1427443353746667,0.01819739976443364,3.982118092548014e-05,0.5840987582343888,0.2549196854455853
163,0.37032083130315735,0.021886780339940303,3.408448983757875e-05,0.54002463419773,0.06773366966933479
164,0.21443538228675224,0.07576988298407136,0.00031799852305755864,0.43669152518495247,0.27278521102116643
165,0.23406194947026784,0.1278858196442426,0.00033040094766366885,0.18221287705233785,0.45550895288548804
166,0.29026229080836596,0.02728201717480656,9.072610898020856e-05,0.6689131644182739,0.013451801489573378
167,0.24159060931700746,0.07136375388570536,0.0004393046692802232,0.3910524892877576,0.29555384284024944
168,0.06790372484586632,0.805633594762085,0.0015293269878727737,0.11486934806971358,0.010064005334462245
169,0.024262945332091678,0.7188404581732748,0.00042181157314773334,0.2515781582755645,0.004896626645921084
170,0.08278974690665296,0.21204996074427826,0.0004889887516241167,0.6862035395751044,0.018467764022340266
171,0.013367027722258642,0.8193950427946973,0.00031380550750442136,0.16242059975438203,0.004503524221157604
172,0.06014575368876165,0.6843036609470584,0.00045569716054445444,0.23777743119925726,0.01731745700437806
173,0.13506488006567677,0.6965791530631144,0.0011910835233648102,0.09541704357292369,0.07174783977492034
174,0.016203516811810273,0.9718022985702982,0.0016451831588428407,0.005788123367869924,0.004560878091178518
175,0.27374483843133957,0.5596507097029952,0.0022969400446555344,0.044167202362998,0.12014030945801164
176,0.07239019857640698,0.9156140209035624,0.0005819296351858221,0.00729669523575693,0.004117155649087889
177,0.004700877340103882,0.9820771369943386,0.0083119587845667,0.0021274430681500808,0.002782583812840586
178,0.47247185625735144,0.3113355331745509,0.0010973606029511388,0.033309351892210334,0.18178589807293605
179,0.032627268205388506,0.9565497524572559,0.001648223971906423,0.004807223092070795,0.004367532273378425
180,0.01115181683326072,0.9646531732441825,0.013085567838019148,0.0009035517273800528,0.010205890357157554
181,0.03175248242641304,0.9638889055895298,0.0007489817704439816,0.001191795286847912,0.0024178349267652724
182,0.06846477526081604,0.9130103842609774,0.0030754443667488766,0.006161135244989893,0.00928826086646779
183,0.05815325702415129,0.9242362526727742,0.0034111944338079602,0.005242093322615944,0.008957202546650568
184,0.002785812655544036,0.9904206203885547,0.005446374784991952,0.0005946961285928109,0.0007524960423164771
185,0.1155969645221716,0.8567182229617347,0.0014144723377119699,0.007249586816333366,0.019020753362048202
186,0.016089920067033595,0.9392458504195881,0.020579771920291243,0.001480864497791915,0.022603593095295308
187,0.09550759678170434,0.8931434960376875,0.0002901014181664352,0.005294622734295152,0.005764183028146433
188,0.017183576692704445,0.9770249736324067,0.002528920740273604,0.0013534249268542795,0.0019091040077611587
189,0.01781470606694714,0.9674625027762119,0.00390602193225929,0.0012809134417437627,0.009535855782837707
190,0.012943286430416966,0.9833974376446912,0.0012208310231096036,0.0014702284379371276,0.0009682164638451113
191,0.0030699467859909343,0.9937698428555103,0.0010547839196152105,0.0007907453590958716,0.0013146810797876746
192,0.003268199796825225,0.9903121213077026,0.004914851044478215,0.0008203000821376087,0.0006845277688560802
193,0.017359833617100293,0.9485036991170446,0.00621794183923089,0.0011913313148522171,0.026727194111772195
194,0.0007664555022630281,0.9921933571412156,0.0064578402808039845,0.00015905674224387569,0.00042329033347357747
195,0.005679160561480334,0.9867320848899362,0.0062512141382977445,0.0004241264614358747,0.0009134139488499539
196,0.010900360530158802,0.9508357627876397,0.028263579430423725,0.00027190875607717863,0.009728388495700471
197,0.0012165876583579687,0.9857115103257212,0.012017775608579537,0.00024470270317586776,0.0008094237041653259
198,0.0016178086813366612,0.82079133623258,0.17568597977468833,0.0002133688958789238,0.0016915064155160267
199,0.030717904440825203,0.9536344099858856,0.01127142001569863,0.0012294949592966716,0.003146770598293977
200,0.0033382390272609394,0.9498263037655695,0.04433973764993865,0.0003050064162967928,0.0021907131409340435
201,0.013381486454034634,0.9557673472031423,0.02630673110655469,0.00019620856213381914,0.0043482266741346086
202,0.0031777956136284703,0.8762350519463553,0.11762973431010944,0.00016775068691623902,0.002789667442990652
203,0.041689862621823885,0.7989404524418803,0.016990758445836935,0.0009757425424531371,0.14140318394800566
204,0.012938900588389876,0.9374376951339685,0.04387112476896726,0.0002498487108824366,0.0055024307977919445
205,0.012926660530987817,0.8434964427213786,0.13751055786380625,0.0007064038720898751,0.005359935011737537
206,0.07443503380882203,0.8842114274019706,0.007580435585477648,0.0007734736942381435,0.03299962950949174
207,0.026880865137815724,0.9305137303129601,0.007387043636344001,0.0004252768251379285,0.034793084087742024
208,0.003021723130015053,0.9442177673182558,0.05090488841765316,0.00016123935548000148,0.001694381778596029
209,0.004011418443680942,0.9480030284288796,0.04505503686969773,0.00022643531994946862,0.002704080937792243
210,0.04097290164290265,0.8745025426492925,0.03718461884715822,0.0008051023460600598,0.04653483451458649
211,0.015576746171759538,0.9742530595868724,0.007080060118537939,0.0005318475868441114,0.0025582865359862093
212,0.0052916281216320495,0.8379190757365288,0.15188947476173242,0.0002043565531951329,0.00469546482691147
213,0.06690428725142426,0.8943713529051452,0.020215767752556794,0.0012060180948158244,0.017302573996057752
214,0.002672122191879688,0.9468764652145336,0.04833167196067265,0.00036507163454742916,0.0017546689983663297
215,0.025578575057334695,0.9555596015503249,0.011958275306788306,0.0010367451948416172,0.005866802890710309
216,0.0024542076809570537,0.9843664519633187,0.012237903591070331,0.00031113112844465967,0.0006303056362092651
217,0.04110438235157248,0.9287849550418042,0.00676978826150107,0.0017487746315073885,0.021592099713614924
218,0.026912013423536742,0.9604358407903548,0.007712093672646611,0.001165135539400911,0.003774916574060885
219,0.00955884914466467,0.9385317553445008,0.045066359945889166,0.0004637109325402043,0.0063793246324051495
220,0.18671794571994957,0.7840347786640568,0.0058727241567392,0.0024742298503592545,0.020900321608895153
221,0.008820486621461643,0.8979793307315772,0.08011201004473498,0.00045808322093906633,0.012630089381287015
222,0.029860267488392347,0.9081823670368263,0.02555144936820554,0.0007833673650440402,0.03562254874153167
223,0.010371035658579652,0.9778651557659012,0.009918930402826494,0.00019747022490956462,0.0016474079477830788
224,0.008923183140815765,0.9115164429504318,0.07342817968540258,0.0006619693882993556,0.005470224835050546
225,0.022164376890828712,0.9201850072961064,0.046986293134798886,0.0009986103631210606,0.00966571231514509
226,0.021881492637015804,0.9549076949891789,0.018646917092233338,0.0005405000789948681,0.0040233952025770185
227,0.00827011836926808,0.9845924149652183,0.004456138825331636,0.00017824966018668972,0.0025030781799954584
228,0.0023958137669874194,0.9724677993766107,0.024456087896459113,0.00010337487744685437,0.0005769240824961778
229,0.007951195534539874,0.8603805427444617,0.1276625219896231,0.00018602951284453698,0.003819710218530646
230,0.002353180468354482,0.9513633685217356,0.04469534087407196,0.00016985873550953118,0.0014182514003281816
231,0.0018907271794648094,0.9679121772360539,0.02884352000116754,0.00018145074753708054,0.0011721248357767927
232,0.004742387259259458,0.8872241638666565,0.09017855120802278,0.0001895691057728842,0.017665328560288407
233,0.0031545378923850376,0.9814716250674672,0.014121828390529615,0.00012243494894243352,0.0011295737006757744
234,0.004397864677697012,0.829990858040041,0.15496658555550746,0.00036589427770607387,0.010278797449048423
235,0.008951053553011637,0.9794111570591091,0.008262627887308523,0.0005895994606099478,0.0027855620399606647
236,0.006578533051874988,0.8353863774246235,0.1478078310406177,0.001021907296562926,0.009205351186320692
237,0.0047888574847693086,0.9574884325568475,0.034413114254739446,0.0009438067052352959,0.002365788998408638
238,0.0018507690377251548,0.9336446407379669,0.06318170728698976,0.0002328041943881837,0.0010900787429300462
239,0.01148029620522437,0.9806660610263086,0.002371339324685888,0.0009599855211251304,0.004522317922656015
240,0.002190011157780891,0.666035611940455,0.329443609472139,0.0005813662778592254,0.0017494011517657302
241,0.0013734042549803174,0.9331917791909828,0.06302329722558489,0.000534242411956421,0.0018772769164954088
242,0.0077774112978975405,0.6553994686445509,0.2912264003907703,0.002400422157734872,0.04319629750904636
243,0.009403574820192757,0.7732261229048183,0.20505027983988194,0.0029316635289261574,0.009388358906180706
244,0.0019036480172214068,0.6373909264241332,0.3556464575585787,0.0006631505793416487,0.004395817420724992
245,0.03841817965989132,0.06156775539447692,0.008525700964130632,0.005662592640029184,0.885825771341472
246,0.22554407670514912,0.6048279785641058,0.011948621154668614,0.014384310638270632,0.1432950129378058
247,0.08844089067752887,0.7371391861755415,0.062036726672394744,0.0033854630201285165,0.1089977334544064
248,0.19701308093728695,0.7375778550557152,0.013385788570809251,0.005102876587664547,0.04692039884852396
249,0.022779243707293943,0.9436019669229792,0.027408748467377023,0.0015537712496043645,0.004656269652745368
250,0.0025648738667650244,0.9015116984908395,0.09367085404850077,0.0004984533924043682,0.0017541202014904468
251,0.0043501636329154846,0.830450214492415,0.16039954080637728,0.0010453866027700322,0.0037546944655221823
252,0.035124096585626555,0.9547029260988851,0.004282416284492465,0.0029712541551436007,0.002919306875852519
253,0.0024380808879885057,0.9669011357686441,0.02687484070466818,0.0004148596332960512,0.003371083005403046
254,0.006480986478088885,0.9890079617833948,0.0031738585686424364,0.00024088071512497615,0.0010963124547491937
255,0.0016514801143134527,0.9281706103989935,0.0693582452537949,8.588118321708323e-05,0.000733783049681018
256,0.0008305752521906772,0.9816288217583855,0.0161233078246882,6.289274984793836e-05,0.0013544024148876253
257,0.0005988859385713685,0.9726604126078158,0.02593000326844042,2.7594656920171394e-05,0.0007831035282523061
258,0.00029626090271591863,0.9195127385630617,0.07968248951295848,3.934968106029169e-05,0.0004691613402035317
259,0.0004245103306124682,0.7715459365448316,0.22711355828872182,0.00011837897635401138,0.000797615859480001
260,0.00019990802273730076,0.3312310585776625,0.6679848561039693,0.0002128724803916129,0.00037130481523920127
261,0.0007915345739535678,0.9789232105903685,0.018089330229143677,0.0004115165664680914,0.0017844080400662126
262,0.0004912139532445425,0.7059349192740833,0.2920249767798315,0.00062403968790566,0.000924850304935173
263,0.00017426413191921658,0.5314253134753076,0.46722252604569353,0.0002250139849089435,0.0009528823621706996
264,0.00011823952673865452,0.12169021393377649,0.8777898819756936,7.756831352679341e-05,0.00032409625026431536
265,0.0005193290200764773,0.7582671827502664,0.24026015082353203,0.00029425580303296315,0.0006590816030921646
266,8.400397865516106e-05,0.0461119118865945,0.9534890331348976,7.440487766510888e-05,0.0002406461221876701
267,0.0014859506291216105,0.8013224233317937,0.1942595722070689,0.0010045822958630718,0.0019274715361528956
268,0.00015582604748904205,0.20166944159370714,0.7976321364637405,0.00011323488210981803,0.0004293610129533625
269,0.00011274289065734196,0.11064121815398424,0.8887758715636973,5.775811823791182e-05,0.0004124092734231883
270,0.0002134178019149531,0.09824055322092036,0.9008987471451997,6.955477354722271e-05,0.0005777270584179546
271,0.0001497626629993545,0.4556848111588614,0.5433852422838489,0.00016179950071413445,0.0006183843935761176
272,8.76435481186259e-05,0.09289795796062746,0.9066114771257412,4.7691463121446453e-05,0.00035522990239120943
273,0.0001145726986007028,0.17296551408072136,0.8263458527745479,8.619294150592565e-05,0.00048786750462421276
274,0.00012677773254482407,0.07079514715712307,0.9286334546391458,3.756085265540161e-05,0.00040705961853106315
275,9.671666819757567e-05,0.10679069080560087,0.8927282894054894,3.902753592940019e-05,0.0003452755847827138
276,5.939269721238561e-05,0.046430876095569486,0.9532078266096874,1.9809133022956243e-05,0.0002820954645080344
277,0.00014433825450754808,0.04650324588679061,0.9529071484908188,6.33322859055608e-05,0.0003819350819775277
278,7.332951601094555e-05,0.04355506814149492,0.9560478497775372,3.255571942791091e-05,0.00029119684552903955
279,3.3945994304855696e-05,0.02320269574980754,0.976502330518839,3.5209545474903305e-05,0.0002258181915737147
280,0.0001166051876631614,0.04601043167891345,0.9527120659211062,0.00011553863640019946,0.0010453585759169703
281,0.0018508999705313743,0.1808757485648797,0.8149014147586768,0.0006666990233453753,0.0017052376825667107
282,0.0013265196661345706,0.6083398637065514,0.38762203638779813,0.00106329460247521,0.0016482856370407398
283,0.0028751274714924114,0.2186758877098759,0.7715133322552845,0.0024985564970375638,0.004437096066309673
284,0.005558118654510696,0.5704947398420115,0.410369881357343,0.0031029063580260267,0.01047435378810879
285,0.009724422178870892,0.8115221666732332,0.17216322450768065,0.0017797989178655054,0.004810387722349822
286,0.01718434729471327,0.8437562210590658,0.10910558991926268,0.0017506126621044925,0.02820322906485388
287,0.01992597995847382,0.9537945993443415,0.021862360091345432,0.0020644950033589086,0.002352565602480201
288,0.0010904195254698638,0.41136296263086497,0.584690220760857,0.0005045533245041083,0.0023518437583040803
289,0.006356104123021841,0.9380260063811973,0.05133484348061739,0.0018282844187128427,0.0024547615964506
290,0.00046050160963157606,0.8644956530058623,0.133546843310483,0.0005810257110727601,0.0009159763629503345
291,0.0004770002858406405,0.5051140896932957,0.49310323609801404,0.0005555819786540058,0.0007500919441954849
292,0.003433085387524516,0.8401138189817305,0.1506281498790128,0.002739102788992131,0.0030858429627401668
293,0.0010421432704296324,0.8933835451668759,0.10246778213156703,0.0016759459538874181,0.0014305834772401363
294,0.008172434865378334,0.6737874443065786,0.3018124321882623,0.004614534710941093,0.011613153928839576
295,0.01624206500966183,0.9062389891265876,0.06175758175189719,0.006981867908272271,0.008779496203581044
296,0.0034320816959324983,0.873648574882938,0.11694755974463217,0.002148426815866788,0.003823356860630511
297,0.014573076595404098,0.8389573755757301,0.11496757061333149,0.007301351963664836,0.02420062525186956
298,0.0019527520425403593,0.8489938685346525,0.14498113849304758,0.002392116334892406,0.001680124594867325
299,0.001966580831618698,0.918566369763445,0.06936777324275667,0.0073000793404864196,0.0027991968216931552
300,0.00512222713831792,0.8895821037006101,0.07372743180995116,0.027050527400900564,0.004517709950220223
301,0.12525948442178453,0.6749577080434777,0.009821668056103204,0.12435663712067575,0.06560450235795888
302,0.033073582644096905,0.7165969239277109,0.008419258281678471,0.23697459119395148,0.004935643952562249
303,0.04328420593190918,0.26578155496790257,0.00204942301381895,0.6773972143726739,0.01148760171369536
304,0.024457004291758316,0.14217403830772063,0.0004240427287807396,0.8302686648423232,0.002676249829417127
305,0.008336932308163122,0.015479437253230234,0.00010477744588232335,0.9733362674811953,0.002742585511529103
306,0.006617071242281431,0.010247990711525953,0.00015914052486164725,0.962303066119783,0.020672731401547892
307,0.0025819709129912116,0.005199628988121652,7.676267977024535e-05,0.9839974999386453,0.008144137480471537
308,0.003467992803595767,0.011296054869969718,0.00013053253091924852,0.979912731376809,0.00519268841870604
309,0.007971805419544514,0.0021439794924643387,3.671902958391142e-05,0.9830315881514157,0.006815907906991548
310,0.008203801399445623,0.005695305975002795,0.00016684906437162947,0.9807354793457911,0.005198564215388899
311,0.004510782438350004,0.0020125157174092,3.509324955058381e-05,0.9918154755728392,0.0016261330218509896
312,0.007493377847089105,0.0027427327404762033,5.509256875348205e-05,0.9870344960580807,0.0026743007856005895
313,0.002448269433733819,0.0012584045307456905,3.1546539005951816e-05,0.9951977640699622,0.0010640154265524567
314,0.003084994578986088,0.002510757317122278,4.4097803397796594e-05,0.9927030732120863,0.0016570770884075025
315,0.0031663763060781553,0.0018184437976551623,2.6840245843638226e-05,0.9911319048502101,0.0038564348002131164
316,0.008151929832896738,0.0030543528691560455,1.6184703997571193e-05,0.9560000643063596,0.03277746828759002
317,0.030808950648637222,0.008907066826035983,4.070252367016748e-05,0.9363064076278712,0.02393687237378548
318,0.06868441238243982,0.007169623852949735,4.438642644206772e-05,0.9136245408791491,0.010477036459019155
319,0.05870167684135111,0.004583349671832917,3.8867497634104055e-05,0.9155328585949417,0.02114324739424018
320,0.02577681287696286,0.007169212999647505,9.801132546267003e-05,0.9480236278629545,0.018932334934972497
321,0.022902497779012522,0.009328968718424214,0.0002493985759089464,0.8018673414785024,0.1656517934481519
322,0.031496358468842266,0.005077731655431235,3.7141930116919617e-05,0.9541069988659426,0.009281769079666938
323,0.04613562302573707,0.00846598252441807,6.331287526443929e-05,0.9239474242173848,0.021387657357195593
324,0.060333774319865516,0.021161613281671463,8.929070741438313e-05,0.9094569381935254,0.008958383497523346
325,0.026349300621309812,0.005989243557873719,4.1567552389971055e-05,0.8495466511057511,0.11807323716267547
326,0.03250049560503209,0.00794465584745744,2.6060296297650726e-05,0.9516999934037077,0.00782879484750501
327,0.0441329978176327,0.017885426768068913,5.9187441875116644e-05,0.8515535838249879,0.0863688041474353
328,0.29644731995707063,0.01737133405540066,0.00021003559164827203,0.617000697805901,0.06897061258997941
329,0.1608430285847644,0.03781306889747585,0.00010232806288521375,0.7434783664029692,0.05776320805190543
330,0.21409413735739735,0.03486910748680293,8.488533988504525e-05,0.7123226752326869,0.038629194583227854
331,0.13398948005222425,0.10161120605954888,0.00022431416206481356,0.6790569676232364,0.08511803210292558
332,0.21628256074078187,0.03064612276810149,0.00019495740359554476,0.708753964547694,0.04412239453982714
333,0.38394585651412805,0.11307356399125755,0.00069548323822093,0.36941142565207785,0.13287367060431549
334,0.08150512815022627,0.0443395367056543,0.009312872306146257,0.10596760732126716,0.758874855516706
335,0.002346246047283356,0.0011003386993678407,0.0032733585313040265,0.0012853383937536963,0.991994718328291
336,0.015366492331164149,0.0027369163242817493,2.7508414914516568e-05,0.0004557497916179542,0.9814133331380216
337,0.0007464560001740082,0.00028763336189404373,3.1417526394280028e-06,7.218836451277024e-05,0.9988905805207797
338,0.0009588545910398439,0.0004699059572794646,1.3629660759013843e-06,2.4211113797417608e-05,0.9985456653718073
339,0.0011974021855216067,0.0015847545402288305,1.2358362304891622e-06,0.00011140331046169859,0.9971052041275574
340,0.0008818832418615519,0.0023076214901167056,5.904043460864779e-05,0.00015597034211775393,0.9965954844912954
341,0.022876727158639205,0.019753986762749292,0.0006871446607944152,0.006353460464051002,0.9503286809537661
342,0.02664965251474933,0.01931888027850417,0.0006333147246396001,0.0024286519764993805,0.9509695005056076
343,0.013213798937135727,0.01020321696208285,6.558449932655776e-05,0.00085447097159358,0.9756629286298614
344,0.04075390746021639,0.06755388600933458,0.00022131576839593385,0.0020041530174475606,0.8894667377446056
345,0.005181923092995563,0.004273229027453642,3.215458555949871e-05,0.002756143623076569,0.9877565496709146
346,0.03477240622948623,0.0050558852926829885,0.00011682629385950153,0.0024497524391816753,0.9576051297447896
347,0.01030165777788122,0.004102303657328373,7.0121503191965145e-06,0.0013487458658103834,0.9842402805486609
348,0.04561973109760409,0.01846430806172553,6.638629803126195e-05,0.0052135200989646205,0.9306360544436745
349,0.24310561781162962,0.03353886371366189,5.156653775749854e-05,0.01625570628821742,0.7070482456487336
350,0.004560010600162185,0.0011743994820986297,7.882904370195809e-06,0.0012163401867563573,0.9930413668266126
351,0.015416812223993466,0.002662353346309637,4.1393289606121595e-06,0.003811658329524579,0.9781050367712116
352,0.09405381006488107,0.017714030408323624,0.00350941984270688,0.015610678286058959,0.8691120613980295
353,0.019404379473716878,0.001874091103470727,8.514513632845849e-06,0.002586326502985769,0.9761266884061938
354,0.0260141186391074,0.003671615984402704,8.453254191180413e-06,0.003505044377479106,0.9668007677448196
355,0.012048205882934,0.001402626189801528,4.212758211580972e-06,0.0022066360067021337,0.9843383191623507
356,0.049624632070995565,0.006675772724390349,4.555232940010083e-05,0.003036218886944708,0.9406178239882692
357,0.009723278986310584,0.0033327225868752673,3.82871997722748e-05,0.0024655512178134954,0.9844401600092283
358,0.03706310158621469,0.003407483851833711,3.0418362780278277e-05,0.0030290741286996,0.9564699220704717
359,0.4034637865900637,0.031119869526330435,4.738575246042438e-05,0.012453436688203978,0.5529155214429414
360,0.012784695944636252,0.005592720128466086,2.2450588764342544e-05,0.0021663738493029293,0.9794337594888305
361,0.008515987916587106,0.015076724896079023,0.002687222197595744,0.004301478741662264,0.9694185862480759
362,0.006090029282297324,0.0029630295370412572,3.1440846280646666e-05,0.0011611848737732803,0.9897543154606075
363,0.04709659137225877,0.007351124080179813,5.8449687787241855e-05,0.003285640527842371,0.9422081943319317
364,0.16435616985712523,0.01604523842976377,4.9002440869678325e-05,0.00562364645443653,0.8139259428178048
365,0.017495200262341602,0.010066982248795422,0.0002025036413585664,0.0038184583690364315,0.9684168554784679
366,0.004549275700635702,0.0014738888343218575,2.9943589688617683e-05,0.002261470590666298,0.9916854212846875
367,0.061049282215467564,0.023455057589339023,1.7731238323730227e-05,0.009400002639257067,0.9060779263176125
368,0.11649779479331338,0.006702551289993408,1.3680041300910611e-05,0.012488217719275994,0.8642977561561163
369,0.06481131042368214,0.011807210067371524,2.492910921429841e-05,0.007486501698187782,0.9158700487015443
370,0.08547715574664755,0.021168139423689104,4.661709941136556e-05,0.05851823562902775,0.8347898521012243
371,0.00532165642230933,0.0013920048230922084,6.918845451923842e-06,0.004606479498379622,0.9886729404107669
