epoch,N1,N2,N3,R,W
0,0.0016622875651393458,6.908728742519389e-05,2.2394309586101623e-06,2.4591733000763018e-05,0.998241793983476
1,0.027396947258316498,0.0005399569932282397,7.4128610015164225e-06,0.0008277101890543865,0.9712279726983993
2,0.035060220437451106,0.0005974926248341804,2.950467081998806e-06,0.000980817596400777,0.963358518874232
3,0.04291163072779185,0.0004996935801940399,1.2646472876083158e-06,0.0015575337860078786,0.9550298772587187
4,0.0013318421902802147,0.0001691329149682271,9.791172455221296e-07,0.00011336830307340542,0.9983846774744326
5,0.03096884793884156,0.0007129722105047695,1.0206066126260936e-06,0.006766865073510449,0.9615502941705306
6,0.06112858581660304,0.002404696852749614,4.5469351829642554e-07,0.004252307317899368,0.9322139553192297
7,0.0964784304043164,0.00039853452727383324,6.083781392915238e-07,0.0028793762201374676,0.900243050470133
8,0.1644640398674927,0.000988903150856589,1.3550246313103734e-06,0.004850785214449664,0.8296949167425697
9,0.07387506103155535,0.0026175329280468413,1.8981120960868881e-06,0.007769035993594385,0.9157364719347074
10,0.14819241979396397,0.009678154503161585,1.0580928353188247e-05,0.021838379500010344,0.8202804652745108
11,0.07676435160899062,0.006700381749372907,9.302649298435429e-06,0.01472926483657951,0.9017966991557586
12,0.2647347162397889,0.006301230943085015,1.258094480011844e-05,0.05396849602674294,0.674982975845583
13,0.10295567828087276,0.03539838939641685,4.906896532914761e-05,0.024855455407185086,0.8367414079501962
14,0.0015470913211881098,0.0003223942569575697,2.576971579127298e-06,4.400095643322724e-05,0.998083936493842
15,0.08324446279448537,0.009181696502793713,5.4549002155251396e-05,0.002318316417513995,0.9052009752830518
16,0.19126357620890194,0.05334377035978085,0.0003345168511903146,0.0012446510623093396,0.7538134855178176
17,0.39396612023841693,0.23316621841938412,0.0006512909728693429,0.0026087950824654122,0.3696075752868642
18,0.09181936009422885,0.8472672338781954,0.0025791098628676415,0.003214698507451334,0.05511959765725696
19,0.021466893039911703,0.8572799999648701,0.0676693003044042,0.0020107562919556795,0.05157305039885831
20,0.03848227943414237,0.9179955622229992,0.010187246098101772,0.00192201934476114,0.03141289289999541
21,0.012769785502629485,0.9124575287897425,0.06512648549096176,0.0025198922639432554,0.007126307952723096
22,0.019183010586015018,0.9466636628228431,0.02688018538647598,0.0012648743398490998,0.0060082668648167616
23,0.026914855401164894,0.9547667749672082,0.010009276855146345,0.001189015849188403,0.007120076927292233
24,0.01159757253524365,0.9758015489952093,0.007539770668253069,0.0006645860421055208,0.00439652175918841
25,0.0030814693078347354,0.8893605634662067,0.10266280172903758,0.0003201513525485593,0.0045750141443723445
26,0.0019484254504241812,0.6136275843748271,0.3802661357246884,0.00024546163511488103,0.003912392814945302
27,0.004627472395833857,0.9244727577410219,0.062152377772786344,0.0007226798187430753,0.008024712271614795
28,0.00388455968293114,0.82159987612565,0.15794330385042646,0.001141197677967994,0.015431062663024468
29,0.00200788648083807,0.43870229441402014,0.5547275422815207,0.0002527929194042645,0.004309483904217025
30,0.00696550603451662,0.8578048242588496,0.1201383179541602,0.0016505208254895965,0.013440830926984237
31,0.004463220606281657,0.604748434133432,0.3816703943206871,0.0005938420722732721,0.00852410886732595
32,0.0021052430931901285,0.26403979157080226,0.7267379714873955,0.0002145392461319602,0.006902454602480236
33,0.0020534317062364366,0.514023876783413,0.4775939631359713,0.00023038749031664785,0.006098340884062611
34,0.0033708641750016814,0.38670801952215617,0.6003740697730989,0.0003796605862253068,0.009167385943517875
35,0.0021434785384063714,0.5672606512336041,0.426434980865786,0.00015518268450249735,0.0040057066777008715
36,0.0009567212520253934,0.4212055359757478,0.5746529888836631,8.784383048493898e-05,0.0030969100580789106
37,0.0007712343003072914,0.2358598302121838,0.7613389962122492,5.822510997409798e-05,0.0019717141652856977
38,0.001338997951477218,0.18140833896015665,0.814849646808581,5.941236813939913e-05,0.0023436039116457165
39,0.0009352574771070763,0.11208299134218809,0.8826043871999724,5.219014777096561e-05,0.004325173832961453
40,0.0014804367713336045,0.41643982268385726,0.5783920582473739,5.891754779919093e-05,0.003628764749635958
41,0.0031343599129063436,0.27320936333313406,0.7186950559417116,5.076790533200018e-05,0.004910452906916054
42,0.003389150725169223,0.41677716791764324,0.5736784809377685,8.769053693149808e-05,0.006067509882487556
43,0.004210196151150438,0.259213101410637,0.7293653735714911,7.755895741837381e-05,0.007133769909302983
44,0.004127250988590532,0.33165865479148426,0.6546585566803343,8.483523904108458e-05,0.009470702300549739
45,0.0006227099370543923,0.05549372460228082,0.9414957151759716,1.5243469196384703e-05,0.0023726068154968404
46,0.0018063043517155678,0.15711990619135183,0.835006561627302,4.2725024844148496e-05,0.006024502804786423
47,0.0008252192252641414,0.061387704645772534,0.9344269284294152,2.449799295317284e-05,0.0033356497065948985
48,0.0010448529748532495,0.11290522153558841,0.8817581084720257,3.780576305796939e-05,0.004254011254474696
49,0.0015459009821157752,0.11336248255290161,0.882423889584323,2.5653727898463438e-05,0.0026420731527609935
50,0.00010789411909346033,0.025056286793580393,0.9741771676404578,5.8050195656923444e-06,0.000652846427302555
51,0.0002399045259175386,0.08194210822597253,0.9163120268326742,8.879012372875469e-06,0.0014970814030628359
52,0.00035840896412889857,0.05960203469945405,0.9384309985897811,9.960985036723683e-06,0.0015985967615990487
53,0.00017641576041563817,0.020079790083434235,0.9787760415691188,5.158487741387836e-06,0.0009625940992897959
54,0.00033980528830545166,0.03390893977146675,0.9642231775745381,8.912709506291183e-06,0.0015191646561833123
55,0.000428528162193525,0.03888198695460628,0.9585054459549422,1.3301353220134204e-05,0.0021707375750377386
56,0.0007026599776130837,0.06416883742922855,0.9326872505741639,1.3864417323375787e-05,0.002427387601671074
57,0.00014195329210676619,0.03018487006797859,0.9689015078732574,5.058989413434357e-06,0.0007666097772440399
58,0.0002999787332894451,0.04862510697837868,0.9493256399278568,7.616901685231244e-06,0.0017416574587898375
59,0.00034323109254498133,0.07248173206691406,0.9245857978425099,1.3073224208291686e-05,0.002576165773822667
60,0.00014488572026487653,0.020352354244046827,0.978667655889193,4.433715419755268e-06,0.0008306704310754985
61,0.0007163348012294987,0.06996346494281432,0.927294028185475,1.3301831846978768e-05,0.0020128702386342386
62,0.00010489468013863088,0.019728437538111394,0.9792997704655041,5.9738537158685345e-06,0.0008609234625298482
63,0.0002087125490879526,0.01701933842200749,0.981711126627443,5.81655709663919e-06,0.00105500584436493
64,5.8177351171608464e-05,0.012265978872893416,0.9866669148235717,3.3429870822153793e-06,0.0010055859652810465
65,0.0005683209763208892,0.09412020997082042,0.9016327948964966,3.2984661949065475e-05,0.003645689494412911
66,0.0005858021881748908,0.06638566554208232,0.9292126159788784,2.6421936721218377e-05,0.003789494354143171
67,0.00043466914832789553,0.06092607267314782,0.9354596300454718,3.3538913932905365e-05,0.003146089219119756
68,0.000280568778846286,0.046072815739255216,0.9484322193714352,3.5859649571339104e-05,0.005178536460892009
69,0.0007985049030783411,0.04765282242108099,0.9417704439856965,8.694842800639223e-05,0.009691280262137761
70,0.0025035749658702815,0.08816841717623139,0.884602409006729,0.00017202608887540412,0.024553572762293994
71,0.001019570149969922,0.08376750280624191,0.8855700516704882,0.0001812714455825715,0.02946160392771734
72,0.021720199754974735,0.014054960433799894,0.004025501124577136,0.0006888877480271336,0.9595104509386212
73,0.34911921413549113,0.24863187182378987,0.009005567126835059,0.009355010327039021,0.38388833658684485
74,0.25945089627461243,0.25306110271550136,0.0031757437819135027,0.004580270349336099,0.4797319868786368
75,0.2823701314234214,0.2247715035657744,0.008062774270241279,0.0030952218352508333,0.48170036890531204
76,0.10990206605231193,0.05426817513155638,0.005713335359588915,0.002339024585767661,0.8277773988707752
77,0.2232479831326624,0.5126155705687481,0.027121652127444502,0.018092159443107325,0.21892263472803764
78,0.12001427827444239,0.13618250970906035,0.008532142707884218,0.006545995910309436,0.7287250733983036
79,0.22495939273761392,0.08926417307405725,0.00028614619358539227,0.00504640960503084,0.6804438783897125
80,0.04665279194115595,0.043463292222013,0.0004272094882208797,0.0016331144784591004,0.907823591870151
81,0.21521775068095972,0.28684986621608527,0.0026770738510166234,0.005116784029286,0.4901385252226524
82,0.012534257626431832,0.009863126719508357,0.0003052833648275599,6.949447614257582e-05,0.9772278378130898
83,0.5261700914033037,0.059015914192652244,0.00027984125567932176,0.0031126476034739263,0.41142150554489076
84,0.3843292392290403,0.35293493546852733,0.0015889624148731104,0.006596767411285696,0.25455009547627355
85,0.26426750863959425,0.5149723462357083,0.001272166494342124,0.005516094233965432,0.21397188439638995
86,0.22719519185457837,0.5095882487101734,0.002329584286733044,0.06621281356170242,0.19467416158681278
87,0.12361629128714079,0.3106380765857049,0.0016082699571517024,0.031166381055959532,0.5329709811140431
88,0.052027445369058616,0.86521687631745,0.003629043709500162,0.009172282923412278,0.06995435168057895
89,0.023363965978117473,0.06914134803591152,0.0011038921049428344,0.0012930192224405437,0.9050977746585877
90,0.0007991203270758915,0.002860124505494289,0.00047949224034326155,8.775696906229202e-05,0.9957735059580244
91,0.0033402189613634687,0.0036488012626844264,0.00012539113041630946,0.00022308386284792522,0.9926625047826878
92,0.0021282366557051364,0.0011464731861288541,5.176820676620569e-05,4.8229122733656546e-05,0.9966252928286661
93,0.00281892448645696,0.00043087044097597435,5.0353367125517775e-05,4.287902251751637e-05,0.9966569726829241
94,0.005032719439720103,0.0012270722532662333,2.197064669616646e-05,4.9539088090541854e-05,0.993668698572227
95,0.01212066547827473,0.00174662449470969,2.0837245054780674e-05,4.8033100783419715e-05,0.9860638396811775
96,0.008405201861146473,0.000517243849466145,3.8977341514925575e-05,5.9859923439287416e-05,0.9909787170244331
97,0.009585289420932116,0.0012212020350922828,3.9714059392794197e-05,6.800682855297494e-05,0.9890857876560298
98,0.017107034351474856,0.0025480555324035666,2.8003127347031923e-05,0.0001424384907144947,0.9801744684980601
99,0.10254857144620762,0.05396637904599379,0.00018800466971516638,0.0007537993785863062,0.842543245459497
100,0.0017878774431127952,0.0011986442508966962,0.0001594548400650541,8.28803513149888e-05,0.9967711431146105
101,0.007830130652009822,0.003718017295286016,5.78994930890707e-05,0.0002154830953852315,0.9881784694642298
102,0.005705771863567145,0.0016487117306555027,2.1577291567456312e-05,9.848159750846918e-05,0.9925254575167015
103,0.0028771631937493315,0.004295357302022134,6.405896304433231e-05,6.985540202157085e-05,0.9926935651391626
104,0.005653380647492584,0.002308308078229095,4.073982803413216e-05,0.000219389114651532,0.9917781823315928
105,0.0017771614419692383,0.0016893467174368428,3.9796650624561446e-05,9.116229332090285e-05,0.9964025328966484
106,0.010726331890700876,0.0011450877069450495,2.3730873444397357e-05,8.179674094067223e-05,0.9880230527879691
107,0.013709199064232827,0.003676389499007042,5.2034451722808997e-05,5.632141040399601e-05,0.9825060555746333
108,0.12206912474663512,0.026790929215990883,0.0003134501809324475,0.00045324488366044023,0.850373250972781
109,0.006340588328315034,0.0019786689725426166,4.73667309333867e-05,4.573263691630687e-05,0.9915876433312927
110,0.013566805577016925,0.0024315665147943625,5.456648439497429e-05,9.382334406291875e-05,0.9838532380797309
111,0.0016148011326834355,0.0004929744879244582,4.638111434240593e-05,5.7964456606554876e-05,0.9977878788084431
112,0.0010839264054799608,0.000384362991280535,0.00016777665618651207,7.464770745862126e-05,0.9982892862395945
113,0.0031004817830901877,0.0007237315232265408,0.00021356653260983167,0.00011515712237754096,0.995847063038696
114,0.005924133635222748,0.0011808548439548574,2.915762476061094e-05,0.00024283330168038905,0.9926230205943813
115,0.01680967528228347,0.0017448619100151794,2.2987181940483853e-05,0.00027327006997221893,0.9811492055557887
116,0.08166444878497635,0.004685381324080398,2.964595042116674e-05,0.0014086515025980167,0.912211872437924
117,0.03319561855327644,0.00927001839861329,5.255766900958623e-05,0.0007944514385501402,0.9566873539405506
118,0.006062004514411996,0.002159678355527286,8.453843389708372e-05,0.0006631309907737736,0.9910306477053897
119,0.005097878044183975,0.0012972153793801722,2.421704872937444e-05,0.0002275757669802063,0.9933531137607263
120,0.01155612257779372,0.003144240822977194,6.929116115043876e-05,0.00030961744860781397,0.9849207279894708
121,0.0062749157473545,0.0009614719868881367,0.00027450979044707995,0.00021083187446326387,0.9922782706008471
122,0.0038834322820128367,0.0014929647734474682,0.0009697920077206225,0.00020322962337141436,0.9934505813134477
123,0.0024983560686112076,0.00046994063213622603,7.902925131532172e-05,7.883379553277726e-05,0.9968738402524043
124,0.005150726985708027,0.0002989803004907695,2.0771575220976508e-05,6.273276605444523e-05,0.9944667883725258
125,0.00299122387838961,0.0010077220782012978,0.0001454829945062887,0.00013470466451368174,0.9957208663843892
126,0.08042828297110428,0.01214902003874975,0.00016382262673710375,0.001120189279456473,0.9061386850839523
127,0.031618462191596634,0.003917434746729825,4.034738114316476e-05,0.0006833839832329692,0.9637403716972975
128,0.010805662702083878,0.0011801904828291744,1.7847710429493808e-05,0.00033987992571801805,0.9876564191789394
129,0.020318701563618657,0.0014523586888121826,1.0203181228788995e-05,0.00046961054834717525,0.9777491260179932
130,0.05367234485073841,0.0042514613242991585,1.0676221511130286e-05,0.0010129021983028284,0.9410526154051485
131,0.04816324317000821,0.009331246640565274,1.60824162331044e-05,0.0014361336824355226,0.9410532940907579
132,0.009427680865829116,0.0007911490992290734,5.151282027206669e-06,0.00024828344933184297,0.9895277353035826
133,0.00967712178173186,0.0018975778022780158,1.3065511528690858e-05,0.0003634141786617936,0.9880488207257997
134,0.017389928950825417,0.0038415283464911017,6.799940062870218e-05,0.0005999359816562021,0.9781006073203987
135,0.04253897107985152,0.005664203286863637,4.294479152997509e-05,0.0009290480043002811,0.9508248328374546
136,0.03351885462233534,0.0042427742867222435,3.3836737535344876e-05,0.0010167976454820316,0.9611877367079251
137,0.08704713183722708,0.010598064103443553,6.637742833261656e-05,0.003691661752677275,0.8985967648783194
138,0.009244150244344454,0.0013131989244406141,1.3681922264745337e-05,0.0006136236552892202,0.9888153452536611
139,0.11580025283486806,0.008437157314389737,1.618965987476557e-05,0.0032769292709428142,0.8724694709199246
140,0.19053960821410523,0.0064821357920902545,2.352023589772885e-05,0.003016617861912266,0.7999381178959946
141,0.5741009470198548,0.004414988317315874,1.2544259109238155e-05,0.0024684302743207594,0.4190030901293993
142,0.7548986310732915,0.08356888979346838,0.00035529851988955115,0.04266409765361541,0.11851308295973532
143,0.6743385289830828,0.24025807818174616,0.0007249418484436503,0.035231508585759616,0.049446942400967885
144,0.06576614831236802,0.878749833217643,0.0014573760717246464,0.0479061278997784,0.006120514498485918
145,0.45920806620805354,0.24272508917991842,0.00041030255388995964,0.13456302708441217,0.16309351497372598
146,0.009487186062204857,0.9793245762346585,0.0026379510301070734,0.007719266617535548,0.0008310200554939571
147,0.028359318429734975,0.9308818328546505,0.01364792651222919,0.02442664230591347,0.002684279897471614
148,0.011773330260276764,0.9784280821635464,0.0055637024470252755,0.002457637290383871,0.00177724783876778
149,0.021710500208050546,0.9583127506651193,0.0070958482545663655,0.010472495642035019,0.0024084052302286323
150,0.07321090743672448,0.8918038191838193,0.005023351803756375,0.02196062814624128,0.008001293429458541
151,0.022255085771148847,0.9650317825325494,0.006346880411123462,0.003579041785822719,0.002787209499355576
152,0.00957112049874335,0.9842529778520847,0.004262901387252728,0.001104913370645015,0.0008080868912743429
153,0.02535914618508707,0.9551046961457262,0.015271760086658872,0.002216361913175788,0.002048035669352083
154,0.014715079473968917,0.8728335916533357,0.10649522384242074,0.0033383036672899563,0.002617801362984594
155,0.05993625067640635,0.8948865439325235,0.02526824786982825,0.011662868114989447,0.00824608940625234
156,0.0034740026604249082,0.7399279247905874,0.25399530949174043,0.0010094717307426303,0.0015932913265045766
157,0.015634493281667647,0.9175354130994606,0.060817533556633996,0.0034141622033702556,0.002598397858867657
158,0.004079725664771189,0.8252192783442335,0.1636899600020465,0.002964508117903287,0.004046527871045485
159,0.003650704146182891,0.9338415497708766,0.05603456963143592,0.0036934013604684444,0.00277977509103593
160,0.0037284629131542914,0.6614188205542221,0.32892345320859534,0.0012772133410719935,0.00465204998295637
161,0.01597305785670468,0.9508422031730968,0.0247975799028336,0.0035968523176496685,0.004790306749715045
162,0.009318394281326036,0.8978721887748649,0.08566061308664308,0.002902155853518387,0.0042466480036478
163,0.005016015501327776,0.7157834196358138,0.274775548291054,0.0007197073009904925,0.00370530927081394
164,0.0012885013807409145,0.6380687218015562,0.3578135158782824,0.0008301581105977673,0.001999102828822768
165,0.0072400505114567386,0.8885180597256287,0.08956750305258483,0.006700776189569181,0.007973610520760375
166,0.001386358549215564,0.6045505396921915,0.38964322547054386,0.0015374267633081681,0.0028824495247408146
167,0.00218455079120791,0.5597526983019815,0.4314209787498,0.001567223501716306,0.00507454865529424
168,0.027335867005714633,0.7730963191889776,0.17071445699399015,0.012852381793103081,0.016000975018214653
169,0.015695985047630874,0.03885071795130083,0.007699552500241398,0.0012311561543534486,0.9365225883464734
170,0.025782350183649796,0.008594290437575848,0.0002925611807331369,0.00027643159107157384,0.9650543666069696
171,0.5045487957221391,0.3667152538399449,0.001113843938040013,0.002877578326337167,0.12474452817353897
172,0.4855047637549675,0.4848771999601499,0.0013998708458933344,0.000899281972064181,0.02731888346692503
173,0.4442680057910773,0.5164697244930337,0.0012789779826889545,0.0017689139503832775,0.03621437778281676
174,0.1022014150401818,0.8764390415970205,0.0030380970961403704,0.013716589154801652,0.00460485711185575
175,0.029871653435137147,0.945172300873504,0.017978206303498414,0.004659480632725934,0.002318358755134487
176,0.029281116172743225,0.9393745219625855,0.018318888824367503,0.007048685546706077,0.00597678749359779
177,0.028257145397249935,0.8437873069435523,0.09898623985499967,0.005118890001966942,0.023850417802231138
178,0.029176344145552816,0.9101804097541011,0.05172243355791137,0.003739134979015751,0.005181677563418975
179,0.05886839387172828,0.8775410446669922,0.04724194858259992,0.006396977754048748,0.00995163512463079
180,0.004363155215510203,0.8563907079961721,0.1344306518422458,0.0013222949087072396,0.0034931900373647295
181,0.0043180329037503,0.8528864751619094,0.1393106154881246,0.0009210778264254108,0.0025637986197900938
182,0.0029095131579981648,0.9306952022544516,0.0631046761489766,0.001245996939667107,0.0020446114989066
183,0.0013477714868520277,0.6818858024907982,0.3152648014057537,0.0003149214495942477,0.0011867031670016466
184,0.003271333541924854,0.8955110110896245,0.0967809344062374,0.0014382022582707405,0.0029985187039423744
185,0.004199493521829329,0.7034671752715529,0.28535167684943374,0.0006890739334555209,0.00629258042372857
186,0.002494209171716041,0.3745822501486548,0.6208509962925114,0.00036754114371180633,0.0017050032434061033
187,0.0030272301937653303,0.4182445080213688,0.576120916706747,0.0005453595283540596,0.0020619855497647516
188,0.005828342044140066,0.3547597798047185,0.6346908224054101,0.000665121717475798,0.004055934028255414
189,0.0301496467324453,0.7246517424233692,0.23522516840139815,0.003884043558314754,0.006089398884472673
190,0.008262737017888029,0.787828836071803,0.19704782451270297,0.0009281750982368893,0.005932427299369099
191,0.001728484028555352,0.6022622242565242,0.39322447387349446,0.000229836094703105,0.002554981746722812
192,0.004994877387641972,0.6300340392031831,0.3563354673600614,0.0006340923305131925,0.008001523718600344
193,0.004103821001773843,0.6022884807711647,0.38540322038150376,0.0008640339804102424,0.007340443865147443
194,0.020513577399149625,0.778910488809061,0.1740760118159266,0.0038887729521090973,0.022611149023753677
195,0.44940479115913856,0.36162530286238603,0.12037324298587221,0.006475696047790535,0.06212096694481269
196,0.010191937934286258,0.4470983309034589,0.5333529280504661,0.00033809441824735287,0.009018708693541247
197,0.00422544047488262,0.1154835973354683,0.8721862678810673,0.0003964775770294866,0.007708216731552174
198,0.007327806644196323,0.3119380705614475,0.6640257004863664,0.00036839248016608153,0.016340029827823736
199,0.0006549504234033579,0.10817051481568987,0.8885066819157231,0.00019636281235377502,0.002471490032829888
200,0.0009430209557048067,0.10931091916905013,0.8877661165041778,0.00017577054284602983,0.0018041728282213348
201,0.0009861025603259497,0.3251859987866114,0.672789674454259,0.0001611204092154098,0.000877103789588253
202,0.0026561774324231078,0.28151181144254983,0.7123221497918993,0.0007459256590446514,0.002763935674082912
203,0.0018763425951690317,0.5159653224639764,0.4789724873902001,0.0007005951386435561,0.002485252412010948
204,0.0015410967382792832,0.26193922697042676,0.734499580306693,0.0005328915898720411,0.0014872043947289978
205,0.003158338807788823,0.40736263933942085,0.584516659928224,0.0026487754241546237,0.0023135865004117635
206,0.002322400248646904,0.22274402892399361,0.7692886294325204,0.0038424151568071533,0.0018025262380319074
207,0.02244391386595895,0.711334723151823,0.18261580150284565,0.07616655395822337,0.007439007521148928
208,0.05921558353263313,0.13460926433054982,0.005521756094647027,0.744002366878648,0.05665102916352208
209,0.07103716166907555,0.06968419287334211,0.0009180230841468797,0.8084141298565514,0.049946492516883934
210,0.11160094707008925,0.04456636247829711,0.0002484629472566194,0.8155682818932923,0.02801594561106476
211,0.13766414037235342,0.04505625820890837,8.237798837085615e-05,0.7727674485761631,0.04442977485420424
212,0.10305176466698353,0.026017854547957804,8.927391390699221e-05,0.8609853799464801,0.009855726924671657
213,0.012524651978180385,0.005506949886779398,2.4737871493393158e-05,0.9788191773630961,0.003124482900450598
214,0.03554088612365631,0.00368181066633857,3.674773569863676e-05,0.945703472128354,0.015037083345952414
215,0.024156534802072357,0.006133888548560239,5.475896745866951e-05,0.9668578396842851,0.0027969779976235462
216,0.01941708649132015,0.005861778161428633,2.5498332842522365e-05,0.9727849047565532,0.001910732257855597
217,0.02823142682808413,0.004250283569334233,3.670045342996282e-05,0.9636063842786162,0.0038752048705354963
218,0.014721327164910121,0.005693723386164936,4.7604763905608475e-05,0.9755318736947112,0.004005470990308168
219,0.01476717521898647,0.0028940477947759728,2.713347333375745e-05,0.9800428182482465,0.002268825264657557
220,0.02040409845141818,0.003147761187868502,3.5459517325584044e-05,0.973726559783628,0.0026861210597597107
221,0.019226367365481285,0.003967623147675015,2.4312192956987015e-05,0.974124205584526,0.0026574917093607872
222,0.02066799405175341,0.005060933769738719,4.0409113760516156e-05,0.9722380831099525,0.0019925799547946574
223,0.020866377780109913,0.0028625173076779415,2.0420041881155852e-05,0.9681560470490507,0.008094637821280275
224,0.025843378456095304,0.004491736452082012,3.780822336967022e-05,0.9636347919640514,0.005992284904401536
225,0.03014632776527183,0.005596193250817929,3.648964321525322e-05,0.9606481165325912,0.003572872808103793
226,0.07064210209739909,0.009565279400879806,0.00011367148515635932,0.9066761489962709,0.013002798020293698
227,0.015161303096832673,0.0026715830266218145,2.3586283018177125e-05,0.9805628793540081,0.0015806482395194022
228,0.01390749536088709,0.0034067773150439477,3.708583956757824e-05,0.979751509395869,0.0028971320886322996
229,0.016418725833959865,0.0024583021374551587,2.77513645755063e-05,0.9774655020800408,0.0036297185839687046
230,0.01905271780050978,0.004224701241214658,5.5270425475324146e-05,0.97011907934839,0.006548231184410374
231,0.02534045018292222,0.002958804075773714,2.8077367758535067e-05,0.9654746656087216,0.006198002764823991
232,0.047284763909620615,0.006725560022905177,2.2919716275322737e-05,0.9375261547718206,0.00844060157937829
233,0.0957427673516891,0.007836586623708992,2.4701160641468897e-05,0.8814666490316577,0.014929295832302833
234,0.08618035030691108,0.014712157855745651,6.123715170498468e-05,0.894577978474373,0.004468276211265142
235,0.027522067152138806,0.009327882840680549,3.390170418233045e-05,0.9607393678442893,0.00237678045870895
236,0.024190887673309177,0.0043407205740097045,1.80626311112606e-05,0.9678002661578365,0.003650062963733407
237,0.013033015574396007,0.007045545569942439,4.8105949900130275e-05,0.9783751299270631,0.001498202978698482
238,0.010902453965962887,0.006463735230317034,4.809525559707055e-05,0.9814159179688394,0.001169797579283551
239,0.009514350148003684,0.007172691848975201,4.583774693513064e-05,0.9818091386690914,0.0014579815869946195
240,0.008614591389674723,0.004593856154085475,2.7448978166422022e-05,0.9850336769620248,0.0017304265160487337
241,0.006022717560280777,0.00634755381292928,4.2736031400665975e-05,0.9860718622972734,0.001515130298115886
242,0.005188313839482884,0.007432461919017603,4.6682038973588806e-05,0.984339294802236,0.002993247400290052
243,0.010023109799074231,0.009008337212073876,8.78357140221078e-05,0.9752047386530511,0.005675978621778549
244,0.0069554757477199225,0.002694668764902385,4.719964635686308e-05,0.9857212474417001,0.004581408399320858
245,0.01674312641514554,0.003102098698569181,5.584371248718353e-05,0.9725574994891039,0.007541431684694277
246,0.025312902158997945,0.0074104726122810795,5.158163067962612e-05,0.959099424979822,0.008125618618219345
247,0.02063089765015179,0.005053081802977571,1.8500412782277722e-05,0.9682247136994083,0.006072806434680121
248,0.039321531669777525,0.008535609099910217,3.261866716459133e-05,0.9357045646454988,0.01640567591764881
249,0.021569760133576726,0.009236732258830265,3.955178893392222e-05,0.9590945696515983,0.010059386167060915
250,0.027451582465268503,0.005226582366003508,2.099023219663805e-05,0.9592449207312703,0.00805592420526089
251,0.06213888979993803,0.006526800050717453,1.9897998966017264e-05,0.9121329106860465,0.019181501464331945
252,0.14424083626399928,0.007297635024268515,3.973926856191e-05,0.833409974163747,0.015011815279423323
253,0.2821214528691053,0.03302133193774162,0.00010480724283651786,0.6206230612752756,0.06412934667504094
254,0.3563524246935283,0.06865526515490401,0.00022902049248539757,0.5155237143534313,0.05923957530565102
255,0.21057119106315325,0.09344984615818176,0.0002694631904529267,0.6856387529139074,0.010070746674304814
256,0.0713475170375798,0.6983656583896146,0.0011829532969126688,0.2177620884998685,0.01134178277602448
257,0.1640116527289325,0.06166806188242373,0.00011668302003716967,0.7670228993547462,0.0071807030138603
258,0.04859012651171021,0.3711325447651633,0.0007356961273065125,0.5762848404857107,0.003256792110109221
259,0.06105011312884101,0.12370609104380491,0.0004206840112947356,0.8059133002812031,0.008909811534856241
260,0.02821187832243382,0.016422154604151685,8.291910050593427e-05,0.953134784032957,0.002148263939951701
261,0.030938686410734464,0.09731955848726155,0.0001966660922350214,0.8689279659732355,0.0026171230365334207
262,0.04045262020014191,0.04588356170656311,6.766880007043992e-05,0.9093924502869046,0.004203699006319917
263,0.02058587635520686,0.04850254108534901,0.00011103271863525362,0.9296192349822128,0.0011813148585961592
264,0.027429493320610492,0.0828905725107844,0.00040079337914602977,0.8865784028636173,0.0027007379258417955
265,0.00859636734937224,0.012055572521822603,7.079842827685813e-05,0.9769760738476233,0.002301187852905084
266,0.006506095817535956,0.009513636836929993,6.364974115627919e-05,0.9811601688823577,0.0027564487220201393
267,0.006558597909212018,0.012400880132857027,5.64549811585863e-05,0.9790462368475349,0.0019378301292374799
268,0.012533574640083932,0.0069640310930020165,5.6773628858249586e-05,0.9782188179180037,0.002226802720051981
269,0.01716163157725914,0.006652924839333744,0.00012505943517043022,0.972648581426489,0.0034118027217476614
270,0.009134875487022265,0.0043977747345698166,6.482384995510552e-05,0.984802228230173,0.0016002976982797267
271,0.010532342306323786,0.003636002298622747,3.531299627775798e-05,0.9819123075964249,0.003884034802350726
272,0.0065269077308610386,0.003287731219013134,4.046708113702553e-05,0.9885203850216494,0.0016245089473394191
273,0.018733291460490145,0.005468260682381346,6.748330030912165e-05,0.9720551166112872,0.003675847945532334
274,0.01551809746362187,0.006766706268002147,7.504585995366759e-05,0.9696199421339468,0.00802020827447554
275,0.035170704112836924,0.005935216361203506,0.00010226142431860424,0.9520573155609786,0.0067345025406622796
276,0.048464540270996455,0.002428012408492113,4.5431587335388826e-05,0.9359256263900149,0.013136389343161284
277,0.029146179059302595,0.0036866839760068782,2.522550369270426e-05,0.9599245744864977,0.007217336974500094
278,0.04559201993720959,0.004279076643639043,2.5426483396508403e-05,0.942176818146173,0.007926658789581894
279,0.11221147271210387,0.008209025494660337,7.322422931491622e-05,0.8677209183647479,0.011785359199173041
280,0.059848118761657985,0.020041969811274915,2.8312357366336145e-05,0.9107377076187527,0.009343891450948048
281,0.07426893156317216,0.022317999458214652,6.324284638511973e-05,0.8893463920428055,0.014003434089422595
282,0.0798660700888559,0.01289785480020641,8.270512456307396e-05,0.89542490668456,0.01172846330181468
283,0.1265186521191205,0.03249064201373872,6.659661672990838e-05,0.7477828188490102,0.09314129040140065
284,0.2770597938866665,0.013308126859937043,3.6532980189134233e-05,0.6371478362740095,0.07244770999919786
285,0.3361298800543553,0.032829197629974,5.336611594021012e-05,0.6251349466711812,0.005852609528549467
286,0.2751167390278525,0.07482793924630748,0.000148666724156741,0.6454337015883078,0.0044729534133754745
287,0.19671523609597943,0.09818060282029248,0.0001359463290324522,0.6983030729019476,0.006665141852748006
288,0.050358366215159225,0.4653479826710672,0.0005372871011578877,0.48173701044954625,0.0020193535630693878
289,0.07560510927634961,0.6926601624767647,0.0005241215860140168,0.22750364050398802,0.0037069661568837607
290,0.020393079569813462,0.939074107153537,0.0006488692549501547,0.038364241611322306,0.0015197024103767998
291,0.027228936299675408,0.9104691400915882,0.0008568897438301199,0.05997227006671312,0.0014727637981930474
292,0.016412033236639863,0.8961790745252035,0.0010875111194092982,0.08543690534799374,0.0008844757707536087
293,0.0035933313022047555,0.9891096417489044,0.00041777818314528995,0.006601138807415354,0.00027810995833005406
294,0.036805154544641984,0.8897540429724727,0.0008889816170116037,0.07038669884804015,0.002165122017833785
295,0.04553188705956772,0.8943858645526035,0.0006471585063214848,0.05722372845291336,0.002211361428593999
296,0.0072339570241801805,0.9884249990111662,0.00033610862488669464,0.0031864953824062964,0.0008184399573606502
297,0.006995521914939397,0.9855328178569852,0.0007193266129915388,0.006238193521752766,0.0005141400933308701
298,0.003959407669312707,0.9899249272427978,0.0031382160567387535,0.0018515071731209766,0.001125941858029968
299,0.007239565564400633,0.982611918751515,0.004075141498657112,0.004210682544000192,0.0018626916414270056
300,0.02272401592662809,0.9579803715743187,0.0034478326794522168,0.011664070234320107,0.004183709585280865
301,0.003850501662487455,0.9886595679774275,0.003991006454680265,0.0015700869726245539,0.0019288369327803774
302,0.002824010112248155,0.990116453418447,0.0050269638184990235,0.0012154034761112308,0.0008171691746944089
303,0.015317659351130192,0.9736169050062569,0.0045686460187061104,0.00444298304731304,0.0020538065765937207
304,0.0028573850248387765,0.9893332694790493,0.005661043767935685,0.0007298636839816838,0.0014184380441944304
305,0.0019207906243933755,0.9915120629585809,0.004953318989258636,0.0006229884013515204,0.0009908390264155675
306,0.0065187906316792514,0.9789620824357183,0.010465536077035912,0.0019208107963856354,0.0021327800591808303
307,0.0014287167786958084,0.9551230546601323,0.04205769896105701,0.0005167851641667923,0.0008737444359482108
308,0.0018584125445220794,0.9814428371100292,0.014822938445892957,0.0007281757364362806,0.0011476361631193278
309,0.0035552134739274275,0.9719715116390095,0.02037705019630847,0.00124027523388965,0.0028559494568646533
310,0.0016508138394410552,0.9770581773359052,0.018227965525740623,0.000501023124589541,0.0025620201743234675
311,0.0014429313922169245,0.8904829071158271,0.10512757219554618,0.0015135554510774237,0.0014330338453323731
312,0.0019407111778265676,0.9540923067646556,0.041257333744522895,0.0012566648051391364,0.0014529835078557712
313,0.0007116794193113085,0.9231882682605872,0.07477442963122759,0.0003949745235169497,0.0009306481653570057
314,0.0018409253129448853,0.8169516185147919,0.17767007453053058,0.0015765342895264945,0.0019608473522060247
315,0.00333219859011666,0.8383277262350418,0.1539522027831345,0.0016212195047550693,0.0027666528869519295
316,0.0029293171970707055,0.8923805892192358,0.1008638643194541,0.0018765446716448048,0.001949684592594392
317,0.0017796806456096797,0.5385527796884868,0.45836705784354265,0.000291570633092135,0.0010089111892687124
318,0.002058325083396479,0.7235260748984577,0.27203630498065573,0.0007508853996183814,0.0016284096378715977
319,0.0015646716315866104,0.38482720157685635,0.6121747848144394,0.0002535064063539536,0.00117983557076356
320,0.0019203828411246987,0.5311084541619175,0.46465897376337656,0.0005717704556298694,0.0017404187779515067
321,0.0023553096888387437,0.6704437125285887,0.3247977945578311,0.00037098382847256065,0.0020321993962688976
322,0.0006169253770730902,0.15100222744814493,0.8475088984477828,0.00010840901729149404,0.0007635397097077021
323,0.0011879314824690553,0.40726166074285247,0.5899404115887475,0.0001337335424321125,0.0014762626434988528
324,0.0028632675244324515,0.26386880285654374,0.7305734320199333,0.00024543321224772155,0.002449064386842893
325,0.0014155574612456812,0.34615837410057543,0.6507324868698777,0.00015260274308656017,0.0015409788252147
326,0.0013593459331156324,0.29841960436781106,0.6978993625354964,0.00022989079257825128,0.0020917963709986657
327,0.001378232642216835,0.37902144679225896,0.6177949375059724,0.00022439914278854625,0.001580983916763306
328,0.02077232465222326,0.6111228310387319,0.36293588392734094,0.0009935768550781562,0.004175383526625729
329,0.001530004762785165,0.2236880632134719,0.7731862209564137,0.00022985510167295172,0.0013658559656562902
330,0.0015952102689705098,0.23424868936125848,0.7623384468582077,0.00015892991340874535,0.0016587235981546586
331,0.0008940100869388478,0.171067184304564,0.8267957425856125,0.0001428138984040506,0.0011002491244806345
332,0.0006089908486298798,0.17608049443312565,0.8218757541285244,0.000128912272486078,0.0013058483172339406
333,0.00024075729986693656,0.051036811633108616,0.9479018460965604,7.585427458465305e-05,0.0007447306958795216
334,0.00023359424753529784,0.05908195583643732,0.9398904560668775,6.175387364393092e-05,0.0007322399755060757
335,0.00024625767313959723,0.2384420367906943,0.7603983192355394,6.313342128700503e-05,0.0008502528793396071
336,0.00018400072666209635,0.06912691798924472,0.929940158476582,7.07865444528819e-05,0.0006781362630583497
337,0.00019164779503944417,0.04112582311227784,0.9580646180032742,6.612132173580694e-05,0.0005517897676725512
338,0.0004003039579562157,0.1157920155975163,0.8825541835083477,0.00012635189882093716,0.0011271450373588308
339,0.0004323842594404856,0.12179609256718153,0.8768530436559363,0.00010097539732712013,0.0008175041201146267
340,0.001291526465211109,0.14199176293321647,0.8549009614441345,0.00035619188141577804,0.0014595572760220316
341,0.0005469396579080651,0.07958581418865367,0.9186220054455179,0.00019544535231186716,0.001049795355608598
342,0.0005410985501843288,0.048963456088625665,0.9495487772018307,9.25760573582345e-05,0.0008540921020010431
343,0.0003978623511589856,0.07890122883025799,0.9196692798102958,0.00011213295314150395,0.0009194960551458726
344,0.00026541225808202035,0.05676834777638607,0.9422005923495764,7.610260177308522e-05,0.0006895450141823966
345,0.00033344934160707643,0.14511949132203145,0.8529207429754808,0.0001138761064486722,0.001512440254431938
346,0.0001792585684130685,0.08772661753761861,0.9109243301246693,7.395962412164917e-05,0.0010958341451773805
347,0.00011651301189686315,0.06145315591878921,0.937305748382622,0.00011521521122355614,0.0010093674754682517
348,0.00013968728841466202,0.07462806252977014,0.9239024808198805,9.19963648329673e-05,0.0012377729971019941
349,0.00017560425953581555,0.12227407317555354,0.8760544374152923,0.00016381320562513553,0.0013320719439930218
350,0.00022147497234837913,0.03501792449783578,0.9634971366191504,0.0001835472614926443,0.0010799166491727418
351,6.46593078066978e-05,0.02758123338885323,0.9716612336671592,8.849148562906675e-05,0.0006043821505518915
352,0.00014851150011695687,0.08954670871353203,0.9090185455892332,9.831930733495911e-05,0.0011879148897828388
353,0.00011948090590384773,0.10621856199354134,0.892814879441752,8.778379052187625e-05,0.000759293868280694
354,7.147835188015675e-05,0.036969854954010443,0.9623761318283014,6.63861813475057e-05,0.0005161486844605177
355,7.876768579735772e-05,0.0367204361236441,0.9626421039916923,7.802119267416825e-05,0.0004806710061919151
356,0.0001692804296264496,0.26762588592291664,0.7311701432262943,0.00010642163585616745,0.0009282687853064238
357,0.00012141780154303219,0.14545993533626184,0.8536830740959586,7.461607867069067e-05,0.0006609566875657157
358,0.00010439543189728285,0.09156596048293764,0.9075903005990847,7.925624535223457e-05,0.0006600872407280232
359,0.00015981139424582578,0.10735176014320558,0.8917749582976658,6.669775610755549e-05,0.0006467724087752152
360,0.00024626771358171877,0.07554585251059791,0.9234046432608531,0.0001328867175690524,0.0006703497973981234
361,8.796448826534561e-05,0.04865048333360863,0.9506190677273839,5.071098297336809e-05,0.0005917734677688579
362,5.2328361423030147e-05,0.02559152546708216,0.9740069910728212,4.099445562027151e-05,0.00030816064305316354
363,9.1490741006361e-05,0.0605309433145448,0.9387484724304442,7.732068347523356e-05,0.0005517728305293281
364,0.00011691114198124358,0.028856989010865305,0.9705363321386167,9.729630921313045e-05,0.00039247139932361273
365,0.00012513768796652624,0.08007362707270752,0.9192315141127444,6.023411085586549e-05,0.0005094870157257437
366,0.00011818282569832857,0.10307064971264498,0.8960644364539198,7.901440709778703e-05,0.0006677166006389308
367,0.00011503288042096502,0.03650883652048729,0.9628210225800987,8.507452891950504e-05,0.00047003349007344316
368,4.309793597051202e-05,0.021685387826841523,0.9779900145830591,3.333543837913002e-05,0.00024816421574965706
369,0.00016221796253590066,0.08230050760510906,0.9166417898552847,8.884252874160179e-05,0.000806642048328785
370,0.0004107671597414191,0.07693426742184226,0.9214293562634143,0.00020600231362774449,0.0010196068413744312
