epoch,N1,N2,N3,R,W
0,0.00019078769566368092,0.00016637744204025715,0.0012917563369645312,1.8517390462378436e-05,0.9983325611348691
1,4.324592076001115e-05,7.710929750136343e-05,5.564539995366333e-07,7.626972889538785e-06,0.9998714613548494
2,3.578656968347534e-05,4.736208093338452e-05,3.3717586425327697e-07,2.586823442486271e-05,0.999890645939094
3,9.820589379310126e-05,0.00010177267502286765,8.506988632550455e-07,1.3654891271677694e-05,0.9997855158410491
4,0.00013164548844252555,9.182054104346788e-05,4.542655090264324e-07,1.552969605301165e-05,0.9997605500089519
5,7.601526816433375e-05,0.00013678641734791758,3.0267520128023716e-07,2.0196124984626392e-05,0.9997666995143017
6,0.0006024076209348699,0.000452222120415953,0.0027713998737302894,1.6385845827593383e-05,0.9961575845390912
7,0.045850040595466525,0.0035108896681002306,0.0001516214881928979,0.0028570330919014744,0.9476304151563388
8,0.0006582958899991511,0.00025666051827020347,1.024561916983524e-06,1.4859885910714401e-05,0.9990691591439029
9,0.0004466137611915328,0.0003588425586375944,3.685258474745012e-07,5.754274228182978e-05,0.9991366324120416
10,0.0010486183343553516,0.0003156444808435907,2.1133571287957468e-07,3.985094940136739e-05,0.9985956748996868
11,0.0004758603551084234,0.000511605852663804,2.141730504655547e-05,9.759575478684199e-05,0.9988935207323943
12,0.0007842948260762828,0.0010188653362221305,5.15749431622598e-05,0.00015281206473472878,0.9979924528298045
13,0.000615742759706592,0.0013275396565184665,4.322192984831701e-05,0.00015987676105483993,0.9978536188928718
14,0.0022140697109950297,0.0016526834744244718,4.662220996508957e-05,0.0003022205609483205,0.9957844040436671
15,0.001342839727814329,0.0028146708589678834,3.500018318973439e-05,0.00015233198929726354,0.9956551572407308
16,0.0002670887807902781,0.0018789025032552417,2.496247497165997e-05,0.0003805543386406266,0.9974484919023422
17,0.00033210813556945655,0.0002846141022212017,1.4120178800141583e-05,0.0007549252276669204,0.9986142323557422
18,0.0011498860037197835,0.00041100093000909243,1.0522952113015977e-05,0.0004733676672865177,0.9979552224468716
19,0.01470127960832247,0.0014360268057779086,2.5174271077306327e-05,0.0008976389678555748,0.9829398803469668
20,0.048251673591027854,0.0023435295254416563,6.470489496996437e-06,0.00043031306513681113,0.9489680133288968
21,0.5074597677936724,0.00486621537241535,7.2981437628311026e-06,0.0021405549013400606,0.48552616378880925
22,0.3513872363687909,0.006411382057610585,4.013566275436868e-06,0.002126524649292379,0.6400708433580307
23,0.225634047829538,0.011480849132698638,1.4536671427344881e-05,0.007947322769631058,0.754923243596705
24,0.19809262858057675,0.008882055660293185,1.1037799490821736e-05,0.012666117074153023,0.7803481608854862
25,0.14884243025910673,0.013059911182877299,8.389627331000154e-06,0.01574939689147252,0.8223398720392124
26,0.048997987849447984,0.022937925000075025,1.6035403033981685e-05,0.018405029580401314,0.9096430221670417
27,0.05205379455143426,0.009278107191821398,1.0475508562873472e-05,0.021878840033411055,0.9167787827147703
28,0.04361314927854138,0.011256147180662165,1.2373058549278319e-05,0.010300775786776944,0.9348175546954703
29,0.0539316186031026,0.03100958007534987,6.964552045500292e-05,0.030896871012522475,0.8840922847885699
30,0.05299493363743513,0.04426599083296644,6.092272514513408e-05,0.01187475220512791,0.8908034005993254
31,0.010110377097642068,0.0047085677566389905,1.4179818616373365e-05,0.002054189889101858,0.9831126854380007
32,0.016254158610489414,0.009382261439024354,1.606916668161753e-05,0.0035249717824436012,0.970822539001361
33,0.020169264636543904,0.004703017206318365,6.09277047746272e-05,0.0018299054121003455,0.9732368850402626
34,0.302804757054442,0.02065346344671682,7.128756895581018e-05,0.014413064400675779,0.6620574275292096
35,0.1727660372173116,0.19298626750521497,6.353296579820736e-05,0.01951371171836611,0.6146704505933092
36,0.15039795618608384,0.14301893850379344,0.00039154017737719925,0.027017562634898896,0.6791740024978467
37,0.1645182099749406,0.3545540381750567,0.0004782016798250986,0.03812204634131566,0.4423275038288618
38,0.1926558387595148,0.5955664217766492,0.0008896649269730104,0.03100425466772953,0.17988381986913346
39,0.13431900413006148,0.7234303576365709,0.0017841213186346177,0.014441086691898601,0.12602543022283447
40,0.1053730087664276,0.8105700425983442,0.0009516760437961073,0.03459473772441234,0.04851053486701969
41,0.1732785048959391,0.7190626317240917,0.00042550845670017925,0.06987918499942793,0.03735416992384104
42,0.22735082960596092,0.6508118263808479,0.0009291305204754412,0.044568234473430536,0.07633997901928524
43,0.23006105082916084,0.6673471854559072,0.0012187338505850165,0.03470503197984551,0.06666799788450142
44,0.21197513090850506,0.6669829746968151,0.0012755136930664305,0.041221918861292416,0.07854446184032088
45,0.1844523238434473,0.682207067593558,0.0010290694933263447,0.029575369196582286,0.10273616987308622
46,0.10483524227976321,0.8108422295492234,0.0009307357245661813,0.0249345202257923,0.05845727222065483
47,0.13401884913754428,0.7056547388694029,0.005124331662262825,0.010864741271954486,0.14433733905883533
48,0.2231340296963562,0.6205300889016431,0.0029042159921636255,0.027154539842416687,0.12627712556742038
49,0.16083296395733165,0.7458927538509029,0.0032323326758266825,0.012062736784693764,0.07797921273124492
50,0.039547935342854654,0.9152766813567405,0.008134050277403762,0.0004471341141314527,0.03659419890886977
51,0.11558119393324821,0.8211344267989078,0.008559324089102363,0.0017710320381640484,0.0529540231405776
52,0.20108590879895308,0.746444778538481,0.005631824307572042,0.003775300579504589,0.04306218777548927
53,0.06784947400138303,0.8117120235932784,0.05153156585583709,0.0004932833233426011,0.06841365322615879
54,0.06049708348869383,0.8920645177608407,0.025952093233574988,0.0009549761488994087,0.02053132936799103
55,0.2128800306047583,0.7603809129333555,0.0043389807412917035,0.0035830069591715344,0.01881706876142275
56,0.04979994165475257,0.9047550382248448,0.031820637653679186,0.000745328542773084,0.012879053923950213
57,0.033227614637406824,0.9055710859176729,0.04931361276886598,0.0007481890397347745,0.011139497636319462
58,0.06513428571115731,0.9123216663067373,0.010652595008693571,0.0014117400232156864,0.010479712950196212
59,0.08271242982636524,0.8964033747394655,0.01005549665301471,0.001660926658330148,0.009167772122824427
60,0.08190948017472223,0.8622619690354204,0.030577463051692653,0.0012725706800867287,0.023978517058077964
61,0.06278647066077954,0.8926923714708039,0.02981732676328385,0.0007253528487892397,0.013978478256343409
62,0.07729180811289436,0.8721620599174874,0.04088996405652955,0.0009253984004608048,0.008730769512627861
63,0.14401292751351785,0.8169082237945673,0.02017891832590649,0.0014179484694290783,0.01748198189657918
64,0.07104484616788848,0.883673936545837,0.022273600373309953,0.0011639994641582858,0.021843617448806293
65,0.07181778434388356,0.8045119244610048,0.09796383384301971,0.0018867164087375862,0.023819740943354234
66,0.061694100011244424,0.9001996147499808,0.02772439171680948,0.0016053795809677183,0.008776513940997604
67,0.07138881394751678,0.8689363018067932,0.04351666309138721,0.001684753986724122,0.014473467167578653
68,0.03248686010394439,0.8374598696674118,0.11781876441670303,0.0006797345258177089,0.011554771286123101
69,0.028889633582986518,0.8096041186702501,0.14164598001560796,0.0008983161085026945,0.018961951622652844
70,0.036449583271460216,0.8839498050763485,0.0658237384721388,0.0016471766077320925,0.01212969657232033
71,0.034773806362371894,0.6197041367788906,0.2943919123837126,0.00229303242568438,0.0488371120493405
72,0.03592337765102945,0.7266876712421796,0.20531689215995091,0.0020469785426616726,0.030025080404178464
73,0.03022395497202203,0.8226284375911234,0.12339231442788426,0.0020963998227152025,0.021658893186255083
74,0.04960382699203142,0.6102509479951587,0.2994178389219037,0.002574790465995117,0.03815259562491102
75,0.067490628271864,0.766884938391634,0.13343737120067237,0.0047877982350806435,0.027399263900748812
76,0.040898800488960586,0.7752113427663411,0.17092028268665577,0.0032882469742669053,0.009681327083775846
77,0.07174473067332594,0.7705012005086672,0.12096141717897858,0.0051473879304078434,0.03164526370862037
78,0.04796001932941581,0.7154096954234599,0.22466310527741318,0.002464884293959531,0.009502295675751804
79,0.07616305756206025,0.8440407033390217,0.049015876129458444,0.007555189368645614,0.023225173600813956
80,0.22286653034123083,0.6265503784855256,0.09734917466298182,0.006683425991286945,0.046550490518974696
81,0.08790408551675538,0.8261778538625345,0.07467581825595718,0.003561191415238477,0.007681050949514291
82,0.07149022418363428,0.7739254955635267,0.14146852062488927,0.0035513178800332867,0.009564441747916465
83,0.05837132564049649,0.8506134777220088,0.07330835857088702,0.005564537983153235,0.012142300083454507
84,0.04850493528283122,0.5954783297383343,0.3306653326709675,0.004592861433084012,0.020758540874783012
85,0.05220612088064776,0.7390214280653815,0.1854679821337275,0.005235181933491233,0.01806928698675202
86,0.08137284994432528,0.6950389160562843,0.2042281166826056,0.005302383318135194,0.01405773399864942
87,0.10495071568938451,0.7054424385124715,0.15558820129982562,0.006826462787078696,0.027192181711239695
88,0.15938372171720327,0.7322368938135883,0.07539868540522984,0.00454432304886826,0.02843637601511044
89,0.06487350814301804,0.7380623681004468,0.17573331353740407,0.003706620026204147,0.017624190192927033
90,0.05781357109690254,0.8061835286576876,0.107575429432336,0.003239840778050668,0.025187630035023105
91,0.036447961231114975,0.805287754155076,0.1363590938258695,0.0034293754018478416,0.018475815386091776
92,0.037381957856260015,0.7720417169172137,0.17084787531566198,0.0049134542156620015,0.014814995695202468
93,0.0381837702660016,0.8680684855148557,0.06548312056866011,0.007031226979659019,0.021233396670823673
94,0.02104780664480368,0.7710516628260067,0.1914055927558347,0.003830461318212578,0.012664476455142484
95,0.029696360863006678,0.6880337854760679,0.22833862226304216,0.007072457171394168,0.04685877422648903
96,0.035763383075571045,0.7592290069644045,0.17430628401038864,0.003462490910968098,0.027238835038667572
97,0.03875090944862986,0.6825585390811665,0.24869363991969143,0.006040307019202589,0.023956604531309787
98,0.03988692544079805,0.7839136760057057,0.14714866231411106,0.004545676442133364,0.0245050597972519
99,0.022246364784003717,0.745298615500722,0.21680135330711853,0.0038508766035077065,0.011802789804647917
100,0.018910043762591963,0.4102611965864097,0.5380716170806912,0.005761301278406089,0.026995841291901242
101,0.014727265276415918,0.3718093657062077,0.5997763537931126,0.0018376930570170736,0.01184932216724682
102,0.01671194316702952,0.38189446644473274,0.5868146827164095,0.0013311248067641207,0.013247782865064322
103,0.01760363601689699,0.4419224168326382,0.5187555662129724,0.0027307201832811804,0.018987660754211256
104,0.02211034030039482,0.641596875811088,0.3137019641485228,0.002896737100692804,0.01969408263930158
105,0.0406086554746555,0.47714118882972756,0.3980381695316919,0.011635864157041327,0.07257612200688372
106,0.0910783981916454,0.608848879020271,0.20022968837232377,0.009619795463682048,0.09022323895207786
107,0.05771296290737961,0.7274750518649788,0.1629733114804018,0.004152732921472549,0.04768594082576723
108,0.043972674442938696,0.6233279468708637,0.290676789495668,0.003673529057759895,0.03834906013276965
109,0.07535126353206732,0.6764757969221757,0.1749962534062082,0.008510208073365133,0.06466647806618357
110,0.07047164814306638,0.5969776986526041,0.2227453165451422,0.014323229211295283,0.095482107447892
111,0.06014401138173322,0.784182295199061,0.09918300751824444,0.012770896753201038,0.043719789147760243
112,0.0565590705059023,0.8271026058722089,0.0648972127745128,0.01060288275926853,0.040838228088107574
113,0.07000815663276456,0.8503425158668129,0.04588032879442823,0.00547754912278322,0.028291449583210986
114,0.08069450905167574,0.70507907519016,0.16839334884135618,0.009174416382755006,0.036658650534053136
115,0.07877680894832494,0.7856376008423949,0.08038708274049808,0.008155842032753682,0.047042665436028495
116,0.06551875141752143,0.7437812375958015,0.1425432856494185,0.0074751666278823105,0.040681558709376404
117,0.06321394015940628,0.7335060282898683,0.16154986408891928,0.00893334948927011,0.032796817972535884
118,0.14924644804718243,0.6584230478748253,0.10917994404099382,0.009933529770351635,0.07321703026664686
119,0.055150561612636144,0.7221687273151995,0.1981097351480021,0.005192170314800871,0.019378805609361296
120,0.12255852542228086,0.7562526318304087,0.08361461194395808,0.01688807770323349,0.0206861531001187
121,0.04896034002900519,0.802392232676412,0.11587143745941013,0.006882728079191172,0.02589326175598152
122,0.08956696420867455,0.7853192941414219,0.10376560920084514,0.007976252467804784,0.013371879981253497
123,0.037556546423684264,0.6152949203043446,0.3192111073928179,0.00329759851836091,0.024639827360792444
124,0.11184605681108907,0.8161523231660587,0.04889580946619117,0.007984937869470765,0.015120872687190479
125,0.05505067933693013,0.8500168571996533,0.07043085608357447,0.005917402692219583,0.018584204687622508
126,0.03548988355789489,0.7091039309833101,0.23522983112019735,0.0031440973656382334,0.017032256972959375
127,0.03753352602437485,0.6340754946819407,0.30049279563274445,0.0022271903413820676,0.025670993319557838
128,0.05796041017806892,0.879667660227348,0.052220456600543017,0.004344063883478604,0.005807409110561514
129,0.025889544853690855,0.5677034382024227,0.387170875792216,0.004130539630828117,0.015105601520842291
130,0.019542161987600382,0.6456535417273058,0.32018777000896376,0.003580335395302587,0.011036190880827603
131,0.028324477366697437,0.6444842319027208,0.3007197913549237,0.009249125922394878,0.0172223734532631
132,0.06958787069133732,0.6471739729008064,0.25791080720349385,0.007297023352006638,0.01803032585235578
133,0.05865065443669473,0.7565803505042499,0.14968267374090932,0.01647571930518493,0.01861060201296135
134,0.04947194317228109,0.5732398248627074,0.3586594632873276,0.007543839327408721,0.011084929350275175
135,0.057105993238237,0.5277089485456089,0.3750888462335405,0.01580403943210055,0.0242921725505131
136,0.04368304258244908,0.6599158061097453,0.2748304201726502,0.009141574593447593,0.012429156541707948
137,0.10773925979263829,0.7752255697974614,0.07646846874093711,0.02416341519503854,0.016403286473924642
138,0.059703694801533265,0.8467100078004511,0.07034280767073647,0.011159231471864855,0.012084258255414228
139,0.06762956387732388,0.7779739086769079,0.12121342177778603,0.012462129482458457,0.02072097618552375
140,0.0867252578943423,0.7553433702986863,0.11944263946232964,0.01284211421135899,0.025646618133282766
141,0.04160054001743365,0.6911362371665062,0.24514638203884503,0.007739332878205996,0.014377507899009127
142,0.08109680864002605,0.6106500809353531,0.251133987897072,0.010609569565435708,0.04650955296211304
143,0.03677381435250954,0.44429768282106424,0.4931508233738889,0.006313905864507102,0.01946377358803027
144,0.029745345373497017,0.5132613434085963,0.4301761980102794,0.0035617214131660065,0.023255391794461275
145,0.02693561836903123,0.7226847564475498,0.23394621993131048,0.004148891608065663,0.012284513644042814
146,0.0374059100026428,0.7801540414231714,0.15606739315284796,0.00807492466545794,0.01829773075587985
147,0.05255090010348152,0.6065957547816863,0.3032849853631306,0.008709451700871413,0.028858908050830346
148,0.025606079590322305,0.7026642521321662,0.2592794452925941,0.003796815774084732,0.008653407210832614
149,0.014226984225893767,0.663704828688858,0.3068676596585123,0.004189873256780872,0.011010654169955092
150,0.01996638028914403,0.852906285530838,0.11083701073864005,0.006990466089612098,0.009299857351765684
151,0.01842807900830848,0.7824365548265299,0.18514053894383875,0.003957717318784998,0.010037109902537863
152,0.03177572264549379,0.7861006969715323,0.16437072584325607,0.005193020364842244,0.012559834174875613
153,0.01301749070303513,0.7157807530768353,0.2580276819197839,0.004377780415332476,0.00879629388501306
154,0.03407148363000072,0.7153757248092191,0.17965337256096045,0.018130325609312378,0.05276909339050743
155,0.04374447633025125,0.8291376192398439,0.09826243661241804,0.010862572502119614,0.017992895315367165
156,0.03340828637491481,0.7050181086747432,0.22765203071037354,0.008482780314380076,0.025438793925588236
157,0.04510520802459032,0.7356368668441867,0.1832407076266945,0.005729166688138245,0.030288050816390317
158,0.035917241883237486,0.7982000356946687,0.1181870715108217,0.009963042718366512,0.037732608192905755
159,0.03228083939820658,0.494206451763545,0.4084858189197091,0.004859666300228517,0.0601672236183108
160,0.03341615851847995,0.7908256880641887,0.11581708468670135,0.011156211118210317,0.048784857612419706
161,0.054400073659696284,0.7409752169767935,0.148057126445033,0.00947675327619613,0.04709082964228094
162,0.03873145465591337,0.7349291246768114,0.19009409854479198,0.008856829406760788,0.02738849271572251
163,0.025697049506337298,0.7224735484436181,0.2172522109895786,0.007265060779321094,0.02731213028114492
164,0.052607935160799375,0.7357657878166582,0.18223415570392185,0.01256652171056925,0.016825599608051283
165,0.06340536850897367,0.7352133140354512,0.14716327681676553,0.020176019030355683,0.03404202160845387
166,0.08228795049541653,0.5712639435345905,0.21000815933110206,0.025731888793691496,0.11070805784519927
167,0.09937448752880544,0.2915715275519502,0.10625477108488016,0.05497936657592704,0.4478198472584372
168,0.04989913970626088,0.06635632936361333,0.04336344360689828,0.022116073642382078,0.8182650136808455
169,0.09382990389455091,0.12081929232137226,0.021668126429787365,0.012258415612416787,0.7514242617418726
170,0.0015462749867405832,0.00037412344453882586,2.145453467299121e-06,0.002013862262852918,0.9960635938524004
171,0.002147592369972597,0.0004093210092551132,2.1133806317362157e-06,0.0008721117018911645,0.9965688615382495
172,0.0017562943248336683,0.0003387284192649415,1.0143087640160318e-06,0.00016947291087282575,0.9977344900362645
173,0.0015418749578669949,0.002022903394331763,7.119983339395466e-08,0.00028685742076767543,0.9961482930272002
174,0.005145558506660982,0.0013927773594642355,2.569436063005327e-07,0.00015716710784772703,0.9933042400824207
175,0.001151700933649725,0.0009672830915661415,6.5955668102718905e-06,0.0007366981508145845,0.9971377222571592
176,0.37612802663726075,0.0329572410644825,4.393616762286439e-05,0.006963882970425847,0.5839069131602079
177,0.17531610091724284,0.04019906290970403,2.9489788488841285e-05,0.01260133148829619,0.771854014896268
178,0.21547437536403874,0.045142146369672155,7.047742751054974e-05,0.0567678964387508,0.6825451044000278
179,0.28283216011987494,0.13501253396472596,7.635268637451399e-05,0.5194183246269471,0.06266062860207733
180,0.0940635088714613,0.13890435760467412,5.8200998329504336e-05,0.7500027327474518,0.01697119977808333
181,0.0826235482873355,0.1378457567304091,3.293510807189996e-05,0.7486995806410426,0.030798179233140863
182,0.05513082118736085,0.0924786030223971,5.689190553847037e-05,0.836749455068125,0.015584228816578607
183,0.1574480095320599,0.12528164465248826,6.288575213840045e-05,0.6945579320762325,0.0226495279870809
184,0.1730611489871118,0.22768534116605285,0.00014433510606797268,0.5863317541766734,0.01277742056409398
185,0.19832647491424207,0.3485926348349234,0.0002399942779874297,0.4321178344851498,0.020723061487697206
186,0.10835100346801596,0.16644063136651063,0.0001413160818682092,0.7178543732631744,0.007212675820430815
187,0.08638143059286003,0.23541693523344565,0.0003227381931012605,0.6647972952605564,0.013081600720036626
188,0.07422847080871171,0.3100861549127696,0.0001438873211686526,0.5918507419324888,0.023690745024861196
189,0.08541437199155116,0.3353981210102034,0.0004936889826959254,0.5601335384179008,0.0185602795976487
190,0.04706193960362571,0.4137297092761286,0.0003272503738392436,0.527228093639774,0.011653007106632465
191,0.041896236456031695,0.3730342332944933,0.0002745591358306411,0.5703300623129466,0.014464908800697753
192,0.03615474381967425,0.05711909553155827,7.418591835522076e-05,0.8905129782441138,0.016138996486298438
193,0.04418785124374124,0.05050321597605503,4.625894189986082e-05,0.7802834944088803,0.12497917942942334
194,0.08414467657572693,0.033060766455096514,4.3630451101931085e-05,0.6779200117182737,0.20483091479980084
195,0.07804747583090868,0.02069828120698987,9.327963240991126e-06,0.6875241200063394,0.21372079499252084
196,0.12469904511638794,0.04358333498474532,1.285286107585023e-05,0.7295662436834447,0.10213852335434612
197,0.08456002213848293,0.011402084859700911,7.908408880596894e-06,0.8588448720317319,0.04518511256120364
198,0.11414913200418136,0.0167982966964993,8.692547818339776e-06,0.7986727160445063,0.07037116270699467
199,0.0585679324220976,0.021636700677281327,1.5085751657904302e-05,0.8269414705723386,0.09283881057662455
200,0.05618366831101565,0.03578238929159783,1.4122043976059586e-05,0.8409634937159847,0.06705632663742571
201,0.04518377014708368,0.02229744268973921,1.4229657198273153e-05,0.8923989147562336,0.04010564274974536
202,0.0759090287082109,0.04683080508337513,2.8405035191362248e-05,0.8110635634708236,0.06616819770239882
203,0.09804507018501214,0.03682499362241618,2.4779052726879853e-05,0.7004553020304548,0.16464985510938993
204,0.08571015729808283,0.0489095996190732,4.1970427215453714e-05,0.5921173200730719,0.2732209525825565
205,0.1247537267357634,0.041293676889686555,2.469426736966561e-05,0.44975753871578567,0.3841703633913948
206,0.18611457603278841,0.06308278899564763,3.207695177032381e-05,0.5861546662415703,0.16461589177822325
207,0.20915651016423684,0.053783697573397744,2.188987998470596e-05,0.34330552951742777,0.39373237286495294
208,0.20948662066191204,0.055981389607754665,2.9658571277488195e-05,0.5387102729053254,0.19579205825373042
209,0.158786294601212,0.05225733170143537,4.0855359246532446e-05,0.6845979640329607,0.10431755430514542
210,0.17757062268327853,0.07075703846587506,2.7023454811165558e-05,0.6304400024888325,0.12120531290720278
211,0.11074190249786012,0.0455708528570811,2.3341196755866413e-05,0.39350441911682105,0.450159484331482
212,0.09965930583586195,0.0652690370148228,2.818532304925633e-05,0.7641329953788932,0.07091047644737287
213,0.09388785499032212,0.030536982675999358,2.2207844523701902e-05,0.8186068798844283,0.056946074604726525
214,0.13532834328904722,0.053685178653585006,2.503997027510505e-05,0.6163390429074727,0.19462239517962016
215,0.12272387788454728,0.02227688099606609,1.956935211530493e-05,0.6509595194673055,0.20402015229996592
216,0.0891763329912129,0.012467817312387632,1.2718734290739253e-05,0.8280940769214522,0.07024905404065646
217,0.11195647953171066,0.017268134398058015,2.5899624455574845e-05,0.8013869980265319,0.06936248841924375
218,0.060949029415022976,0.014137271992774115,1.8261668792144854e-05,0.8844468329094741,0.04044860401393671
219,0.035233557353599065,0.01876428211548356,1.9759643243581726e-05,0.9283030812197324,0.017679319667941448
220,0.029130052531102086,0.009487876969457828,1.5528624015535802e-05,0.9350061807737452,0.026360361101679535
221,0.04499465362966074,0.014557791876341911,2.3128518966024983e-05,0.8887451665840886,0.05167925939094278
222,0.0360274157943098,0.016762043329290537,1.472877843605421e-05,0.9140255634379967,0.03317024865996688
223,0.04767748506507718,0.016819945930954067,1.8191193912037956e-05,0.9045083108607008,0.03097606694935587
224,0.04097071545832682,0.013655643124333186,1.715130186613391e-05,0.8979780145967455,0.04737847551872828
225,0.06347628938284475,0.021993294782006595,2.101152927756065e-05,0.5993767487848943,0.31513265552097663
226,0.09695340632752757,0.041423644660382286,1.554215434159291e-05,0.6474346872966615,0.21417271956108705
227,0.11429273163528585,0.031209662422224428,2.920068410678455e-05,0.7982948391404595,0.05617356611792348
228,0.17739868310304865,0.04497674418345125,3.061364230796105e-05,0.7098053540078282,0.06778860506336404
229,0.07213383763076894,0.018398700634648924,2.2229615661154344e-05,0.8389991576595396,0.07044607445938145
230,0.03710472541946167,0.023141516364087754,2.625308112690838e-05,0.8921023920220698,0.04762511311325386
231,0.04805672893732629,0.02930349884821877,4.1307125601356616e-05,0.8877550812671627,0.03484338382169079
232,0.03483896348629412,0.013827995397764194,3.063084840152189e-05,0.9018445698034078,0.04945784046413245
233,0.03558264573751345,0.009243482916614847,3.169048002066428e-05,0.915099210008706,0.04004297085714511
234,0.04407111784874306,0.007900071045363855,2.626917935658716e-05,0.9173774717981465,0.03062507012838985
235,0.02993787678922218,0.004495525182692512,2.2164689572225116e-05,0.9337584077563804,0.031786025582132636
236,0.05708415174231648,0.016125132391053072,3.187126729495407e-05,0.8713386266503707,0.05542021794896492
237,0.06663871809382647,0.016738334406068724,2.9512526444400542e-05,0.8573986479588497,0.059194787014810846
238,0.06400818014222018,0.007727498091235338,2.4018621112879376e-05,0.8792464638295688,0.04899383931586268
239,0.09108424610010873,0.043591263768983604,4.9749557285601124e-05,0.7977444552002406,0.06753028537338161
240,0.09612918981447655,0.03618489901444046,4.8511404266924336e-05,0.7751043442166663,0.0925330555501498
241,0.05175738276567041,0.0756637711218878,0.00014366885359251132,0.5893594817161543,0.28307569554269507
242,0.12911376927335286,0.0735539301620064,5.9467651768665614e-05,0.5665838972820458,0.2306889356308262
243,0.10548930598291399,0.04753667865840625,3.196961804882332e-05,0.6766303544982928,0.17031169124233808
244,0.11740973267783777,0.05097688112646709,5.3689027591147595e-05,0.7650741430925055,0.06648555407559832
245,0.11974297091583279,0.07716682481021146,7.234112637399889e-05,0.6023702603774621,0.20064760277011953
246,0.09748356194276685,0.043474231577465695,4.93802807948206e-05,0.6928424819371607,0.1661503442618119
247,0.060218781655872924,0.05632666100751833,3.1387696224554194e-05,0.7454372957257497,0.13798587391463463
248,0.08139443639885338,0.05879835576423561,3.218792241274036e-05,0.6948608898581242,0.16491413005637406
249,0.04679138332583452,0.1544316459072986,3.553121877841979e-05,0.716269963195161,0.08247147635292743
250,0.019668713150503003,0.02038803098730894,1.2989759146586185e-05,0.32288365134878416,0.6370466147542573
251,0.08586861223372486,0.02379807059705099,2.414533124665489e-05,0.52797647824471,0.3623326935932676
252,0.1070767292538215,0.020952717721211947,1.5368085773545597e-05,0.4865018052847812,0.38545337965441195
253,0.130761415052789,0.021308921034674657,1.0475017419694875e-05,0.46642299182681174,0.381496197068305
254,0.16226865201603408,0.04463745723581627,2.9350114879550238e-05,0.7117626125652438,0.08130192806802629
255,0.18156880078859147,0.03690361586235797,1.603683139499846e-05,0.558031473498067,0.2234800730195885
256,0.1912151351511254,0.04704142771493838,2.702209778021168e-05,0.5805336581939474,0.1811827568422087
257,0.1169625729990677,0.0494637661675641,2.0934935859618255e-05,0.7505420845450638,0.08301064135244475
258,0.1021663633809339,0.03936360706646212,1.7452289765331556e-05,0.8123429050523739,0.04610967221046461
259,0.09208580059252426,0.06587071550833169,1.9003953392413984e-05,0.7809696507328443,0.0610548292129074
260,0.08442681891634567,0.0720505047096874,3.0248354855496915e-05,0.7796299264290161,0.0638625015900954
261,0.10320943632521726,0.08514272872039574,3.156754643288774e-05,0.6489972286180595,0.16261903878989464
262,0.028265807043784355,0.04711438731946032,2.6050906283684397e-05,0.7071716396338531,0.2174221150966186
263,0.06211527663998184,0.017734151090727904,1.3564504542848437e-05,0.6881128969845549,0.2320241107801925
264,0.12065639393412657,0.04359377899957358,3.2044453744473364e-05,0.7563391699306689,0.07937861268188655
265,0.16613075008918568,0.026632789347245858,2.2098845250697174e-05,0.7211058519392356,0.08610850977908216
266,0.06750461966766487,0.034995179796694205,1.45158787765404e-05,0.8276006551182646,0.06988502953859974
267,0.05288338102331988,0.020992842143245725,1.826662798957852e-05,0.8532524161095835,0.07285309409586131
268,0.05010592042480098,0.013342057776853027,1.509985966715202e-05,0.8785535695793713,0.05798335235930747
269,0.04607754421693964,0.017658241050352855,1.3819835937682066e-05,0.9153724978319472,0.02087789706482272
270,0.0623574536467998,0.015482752663800697,1.551011407906308e-05,0.8883090148854386,0.03383526868988199
271,0.057962534675904294,0.007794789146468171,1.1849149835484351e-05,0.8861531903130102,0.048077636714781886
272,0.061240046313356195,0.013235366039887399,7.947223410387409e-06,0.8565561729966913,0.06896046742665472
273,0.06415010232373668,0.021703804095908788,1.6143042969050855e-05,0.8877346079816213,0.026395342555764263
274,0.07574287883664596,0.01824198850957596,1.1886319972658225e-05,0.8718283345966507,0.03417491173715474
275,0.04557358062428972,0.01996914012136858,1.1258518016803656e-05,0.875466377057544,0.058979643678780766
276,0.056279522886285245,0.0359131760382708,1.7719792268448476e-05,0.8307005731548089,0.07708900812836651
277,0.06469630776614815,0.03563029348010815,2.3439209539852883e-05,0.8744945045552299,0.02515545498897388
278,0.06579382600634284,0.03568499737463111,1.898127586131476e-05,0.8713470537490182,0.027155141594146632
279,0.08713367897913973,0.043566870418571595,2.6354663506608734e-05,0.5472971761269371,0.32197591981184503
280,0.09328044829612071,0.03426397912606427,3.347945142587212e-05,0.7327444020331952,0.13967769109319392
281,0.08217629374615112,0.04686104539050783,1.7096175079281378e-05,0.8524831219430999,0.018462442745161855
282,0.06600510316934177,0.08091416390525785,1.1108102021847428e-05,0.833058594872815,0.02001102995056368
283,0.06165644837278467,0.01418239147572363,1.1005109580311754e-05,0.8985682073908787,0.02558194765103273
284,0.07381529493624372,0.04424506467923571,2.1776971136096486e-05,0.6272844041403631,0.2546334592730214
285,0.08326755585578134,0.02247955568361095,2.049014695920711e-05,0.812865637106324,0.08136676120732447
286,0.08986654128653268,0.05177272951150136,3.876336135275499e-05,0.8299145788767607,0.02840738696385246
287,0.08052767846358547,0.07766823688563729,3.2377892604658805e-05,0.8213606072838593,0.02041109947431328
288,0.06716979833021473,0.04002786325368802,1.814263813154067e-05,0.8697454945535075,0.02303870122445829
289,0.09417114896721057,0.10801011628843024,5.295781321151157e-05,0.7601055142896305,0.0376602626415172
290,0.07976727849786841,0.19931199666396354,5.162995282013669e-05,0.681215439384691,0.03965365550065702
291,0.0883108807917355,0.10338737364693225,8.198737364689829e-05,0.7818917731090247,0.02632798507866057
292,0.05353323317216446,0.22091437620180293,0.00019468375765416387,0.7065385093667558,0.018819197501622677
293,0.18672081707564286,0.23788042941716528,0.0003140953719656171,0.5325906925784294,0.042493965556796895
294,0.11619550028157326,0.6103515599045597,0.0010005864752074892,0.25381190795054775,0.018640445388111996
295,0.1601633559248888,0.45614563437462996,0.0004262351361601216,0.3595911655005313,0.023673609063789656
296,0.08448876673942525,0.639311402783045,0.0004943800806592184,0.2697342710667423,0.0059711793301281575
297,0.22050377889143677,0.39828691499542274,0.0005492861889062139,0.3674957849470312,0.01316423497720294
298,0.10208410327477306,0.655246406928547,0.0005554353564777105,0.23726856184744918,0.004845492592752966
299,0.07250540141260971,0.6448256920797432,0.0004260455229234487,0.2782292360565093,0.0040136249282143825
300,0.05181015127515957,0.8671648690549706,0.0007769074115663138,0.07605820896159168,0.004189863296711959
301,0.04143085730529673,0.8415164215782042,0.0007586546079255877,0.11318017703428318,0.003113889474290396
302,0.10178283784400276,0.5972463800316467,0.0004406847077946857,0.29451198111719007,0.006018116299365867
303,0.08343433879699921,0.743944635092679,0.0006791098537906782,0.16769372322737475,0.004248193029156484
304,0.09844119098377163,0.6471898111104135,0.0007416321343700021,0.24543070389394636,0.008196661877498627
305,0.04856516539336525,0.8637753406189638,0.0012012536728586076,0.08337735265770714,0.0030808876571055215
306,0.061169918978937636,0.831745897695288,0.000856025707166269,0.10184393771976973,0.004384219898838442
307,0.025981164260535573,0.943100898574975,0.0024923994902399313,0.023926550542523944,0.004498987131725632
308,0.06664259958283858,0.8612273356076047,0.001572235391498126,0.063383617241657,0.007174212176401671
309,0.02339441529633788,0.9491942609211804,0.005793916739952481,0.017861514124155643,0.0037558929183736183
310,0.14314249334053142,0.7364711913773416,0.002897543223998371,0.10330773278075356,0.014181039277375275
311,0.051440403470910584,0.9273776676360986,0.002365374207772299,0.014224291667204583,0.0045922630180141
312,0.15697982333576674,0.7837891790151997,0.002799824213904217,0.047896900328026966,0.008534273107102502
313,0.12278350604875193,0.8438388090514578,0.0026724942874310066,0.02483264198711407,0.005872548625245056
314,0.039237098556741144,0.9462245105349236,0.003884617437869338,0.008163548008856727,0.0024902254616091645
315,0.026605902431209635,0.9529868800534415,0.0072508802377462215,0.011091802917555727,0.0020645343600470783
316,0.02944508868173685,0.9390042018370693,0.015861382585999426,0.011076986401545018,0.004612340493649296
317,0.04916941391783989,0.9073274336315608,0.019146926907280433,0.01679781557790199,0.007558409965416621
318,0.03674409893719016,0.9358945446775634,0.016258901407220507,0.0049688973588266705,0.006133557619199205
319,0.07220696253518026,0.891048998932881,0.021541842581448516,0.005588545978257415,0.009613649972232824
320,0.05454517320221862,0.9087215094985364,0.027973461313183068,0.005822319465301571,0.002937536520760585
321,0.1396642673961247,0.8070717671927562,0.0215293898120972,0.02136397452284872,0.010370601076173292
322,0.030195537674644706,0.870012304597606,0.0887403314830672,0.006976167474761605,0.004075658769920334
323,0.014422807572318263,0.9387406053302648,0.03842281261704116,0.006456838414792588,0.001956936065583128
324,0.06056783653209907,0.883974117230751,0.019107661667489985,0.030351942700730286,0.005998441868929658
325,0.05091535810194912,0.8471329376988406,0.07003494132723764,0.0190524063716702,0.012864356500302283
326,0.028213833652977027,0.907748920504044,0.04632789631493208,0.013517911475404,0.0041914380526427725
327,0.05745015769750476,0.8590580498761531,0.0619929786342183,0.013357320664772649,0.008141493127351398
328,0.052126074058412804,0.7482994413386982,0.15529923331907763,0.02509088716249384,0.01918436412131767
329,0.062400268984192826,0.8954613997350439,0.01965716459299295,0.016920813842872806,0.0055603528448975965
330,0.03963758701892595,0.8415747349547196,0.09560815638677288,0.010678358029044776,0.012501163610536813
331,0.04394440850643027,0.8167773366628313,0.12140790882445489,0.009420825240411308,0.008449520765872348
332,0.03167585757427393,0.7841428051403805,0.16857131273914858,0.007316325537923143,0.008293699008273705
333,0.1073619648468543,0.8021781345529584,0.043356125716081495,0.03491284956910228,0.012190925315003527
334,0.0425579793301276,0.8453685727727668,0.07927933440178579,0.02615653663279837,0.006637576862521401
335,0.041825313877148856,0.9163876786423397,0.026429278561612674,0.010515947097862107,0.004841781821036514
336,0.039869769646139135,0.8285588806673281,0.11599262541942182,0.00747108624231576,0.008107638024795158
337,0.04040572118909818,0.7617834272814968,0.18004412448837284,0.009730412014639037,0.00803631502639311
338,0.04011653268179737,0.8921526034836488,0.05269261112420679,0.008892470702444732,0.006145782007902408
339,0.06490490855774744,0.7090071857774745,0.18365866305785808,0.020129941046670267,0.022299301560249788
340,0.02918010099718955,0.7540287169855948,0.19731751729227442,0.010779340311490897,0.00869432441345034
341,0.029241520936412486,0.8581544438729243,0.08639044757653067,0.018337647540169463,0.00787594007396311
342,0.02256523003807177,0.6151946066415905,0.34240108658433704,0.011413199857927105,0.008425876878073595
343,0.024996570400168394,0.5726247706784189,0.3708501175503053,0.021294716487340642,0.010233824883766904
344,0.02320553916840742,0.7836086214383216,0.16810154489723322,0.016821368044254603,0.008262926451783103
345,0.01659608928931906,0.5866024672327436,0.371972079227079,0.017141892008191818,0.0076874722426665595
346,0.03481300522036852,0.5420433479333711,0.36692146628134553,0.04328877104998112,0.012933409514933837
347,0.028262400146128484,0.6411543023724331,0.28017064900054817,0.037247217140597505,0.013165431340292817
348,0.02250851756338101,0.8175470395475274,0.1326694408169014,0.0197104416488341,0.007564560423356031
349,0.07113351164716145,0.5702068787418088,0.2745939245361768,0.06546303887358838,0.018602646201264398
350,0.044782187529898126,0.3382200940951584,0.5537936714492575,0.04622155021357606,0.01698249671210984
351,0.05496137239942265,0.44972422801213446,0.3659474722468056,0.10342797845411314,0.025938948887524228
352,0.05985093516248554,0.4818501215425782,0.3060306524451712,0.12492411348239187,0.027344177367373143
353,0.1198668668079744,0.35327725278173366,0.3816562566475263,0.11166741282042938,0.03353221094233636
354,0.03646765031534068,0.4466430404994617,0.46397502798830875,0.03946042773707536,0.013453853459813783
355,0.05924505484816104,0.4417247365505638,0.3974690181648233,0.0820926547085333,0.019468535727918693
356,0.033065226133244925,0.34009778116948014,0.512073249939341,0.09762630666349631,0.0171374360944375
357,0.04123939861549157,0.5439092469556221,0.3499460862306205,0.04990177942240762,0.015003488775858272
358,0.019408239616638314,0.33868913406494244,0.5739785667619793,0.051582696597493295,0.01634136295894663
359,0.03788993784879464,0.3867131685896891,0.4734787989638761,0.07508847996923443,0.026829614628405652
360,0.018374918966788088,0.29589712711691224,0.6344938034405558,0.03450662122272626,0.01672752925301755
361,0.037412436421789944,0.5332486348509162,0.3544706233441759,0.04934857527739928,0.025519730105718536
362,0.021998009372429086,0.732210931516141,0.20925993552305816,0.019605012282554145,0.016926111305817663
363,0.025366264269620444,0.7630524549142712,0.17739975791800652,0.02273958743110473,0.011441935466997203
364,0.05646856180408073,0.5687612095693554,0.33460158427383424,0.016012288431691998,0.024156355921037587
365,0.0806783827683123,0.6934368829587755,0.16649843311315624,0.03627180736415676,0.023114493795599274
366,0.051776933945777336,0.557076990151416,0.32827888733453914,0.030170346796571008,0.03269684177169655
367,0.061516624899551876,0.7607624799996208,0.11706330656415931,0.035888061270222794,0.024769527266445202
368,0.0933682601883418,0.6575580551235182,0.09309279774081315,0.0728480654999305,0.08313282144739634
369,0.49879880657701803,0.3203184274374972,0.0009657777812064083,0.06045155370791059,0.11946543449636776
370,0.6916726251977006,0.21909789810845906,0.0009719527346932932,0.06084725869911586,0.02741026526003102
371,0.31808248167725994,0.6209245926270002,0.003654481791734916,0.03979686040780876,0.017541583496196146
372,0.2584570623242449,0.652252090088376,0.0063119075305918945,0.06451778911308126,0.01846115094370585
373,0.20427809605565314,0.7345924969952377,0.019726012758781355,0.03025246403361845,0.011150930156709472
374,0.16835484543964754,0.7300320848829273,0.02591943979907999,0.05743177418225249,0.018261855696092844
375,0.09567649151822476,0.8503579113567535,0.01260683316208111,0.03225160106978058,0.009107162893160138
376,0.09032281860012782,0.7806767103320998,0.08146949091502803,0.03199206876850961,0.015538911384234638
377,0.0962736644851899,0.8499250268853935,0.02551957180789779,0.014726014571930636,0.013555722249588084
378,0.09064047966326637,0.822796512095462,0.04785258030470845,0.02486166723043903,0.013848760706124345
379,0.056525455067706294,0.8948028945422292,0.029113388630399365,0.012839727581093998,0.00671853417857111
