epoch,N1,N2,N3,R,W
0,0.011449705946977402,0.0036540469795346476,3.889537658624714e-05,0.0013030683007455419,0.9835542833961561
1,0.018529953795545607,0.011911549900524286,0.002311308965894416,0.0010757319105755008,0.9661714554274602
2,0.0016642037101008646,0.0007597950060066474,1.3040151998611433e-05,0.0011570108067458942,0.9964059503251481
3,0.009776197212833545,0.005809989110967419,0.00024015571630923727,0.0007235894321715162,0.9834500685277182
4,0.01127565466701243,0.001350198261243733,1.663136109620872e-05,0.0034566580713235283,0.9839008576393242
5,0.006231639190633644,0.0009365237746682837,1.0133839139369237e-05,0.001959086736526485,0.9908626164590323
6,0.05617721907252071,0.010119996665308176,5.801037043594803e-05,0.007714337577355095,0.9259304363143801
7,0.33879181784918727,0.04209237480557498,0.00011601283016351954,0.03378313614606648,0.5852166583690077
8,0.48737359574197564,0.16403890594670978,0.000829376693781462,0.03675521505396997,0.31100290656356316
9,0.14844677067302403,0.5522895895697767,0.012496586671873689,0.00720850780658324,0.27955854527874235
10,0.05540170702497002,0.7194523241097135,0.12344234911211768,0.0019119674401240562,0.09979165231307477
11,0.1471257534231729,0.758402818895844,0.005703584900179893,0.0076761562219675,0.08109168655883564
12,0.03549321030199202,0.6612946952767554,0.23890240186408293,0.0016666975787798465,0.06264299497838977
13,0.10604703678341534,0.6852796104726481,0.009018544740578536,0.002529750444539818,0.1971250575588183
14,0.029381647960830704,0.8203158239210075,0.1017226661874123,0.0005973136926504442,0.04798254823809907
15,0.12403970516758779,0.7648887544803555,0.02374434667076168,0.0014276576013477283,0.08589953607994714
16,0.04790440702256384,0.8041423835623938,0.09807159751522047,0.0005146498742580133,0.04936696202556385
17,0.07388544279429207,0.8068602161287693,0.03846836230961379,0.000702043399064845,0.08008393536825992
18,0.02261906767839096,0.7756039436830497,0.14395496032098462,0.00032540869011265166,0.05749661962746186
19,0.032640266690427557,0.6804717279023269,0.22150216741653278,0.0004352774595928021,0.06495056053111996
20,0.06687258773244772,0.8264504085931531,0.055719799515076225,0.00055259421512873,0.05040460994419418
21,0.008488344409069136,0.7653728123367811,0.1890622108874922,0.00015594316616802085,0.03692068920048947
22,0.03609223203612479,0.7624992574430176,0.14543149005138803,0.0003487803142430832,0.055628240155226556
23,0.016357623113715837,0.5753588378450061,0.36837042572699946,0.0003248958221116945,0.039588217492167024
24,0.023140405745594304,0.6682933550347947,0.25112325677531006,0.0005268362452026714,0.05691614619909825
25,0.027814650566961568,0.4303594513517063,0.47114951039074005,0.0005855538453647032,0.07009083384522741
26,0.03383755041099435,0.6392199353404506,0.15557165467978037,0.0009175166783730651,0.17045334289040148
27,0.043671110135079204,0.5252873655167372,0.15640033446554452,0.0012451296197182363,0.2733960602629209
28,0.0027881702559573282,0.002395744600486134,1.0482352664022186e-05,0.00013672423827296062,0.9946688785526197
29,0.001940304488303804,0.0025672779009084986,6.53089072170298e-05,5.858478475603773e-05,0.9953685239188146
30,0.001971947934078763,0.0016126247808276877,3.323194771152581e-05,0.00012250704504999498,0.996259688292332
31,0.0010422855153450524,0.00033679109999672826,7.670346972520415e-06,2.9848630493797765e-05,0.998583404407192
32,0.001550705824622593,0.0010620621131884052,0.00042062167237983826,2.8426220029941412e-05,0.9969381841697793
33,0.0015844502371762945,0.000684237970801718,5.232257172252781e-05,8.546760109979525e-05,0.9975935216191997
34,0.0003822242820750831,0.0002360149233178096,0.00013347629071708744,9.787139827900953e-06,0.999238497364062
35,0.0009519598747043675,0.0005293342236266529,1.459592038323301e-05,3.9373034321755836e-05,0.9984647369469639
36,0.00061915697104661,0.0004598902893739852,1.9413574581074626e-05,1.5559748816272388e-05,0.998885979416182
37,0.005738926802349731,0.0038857304297605258,0.0022243630426090092,3.2663897534281206e-05,0.9881183158277463
38,0.00097764385603738,0.000529119657964339,8.421354013903356e-06,4.948149609950954e-05,0.9984353336358849
39,0.0007122802559749942,0.0006465321411808656,9.600538534939812e-06,7.42737578220041e-05,0.9985573133064872
40,0.0006754646666524165,0.00047470167460123816,7.757389194339534e-06,7.571459749128152e-05,0.9987663616720608
41,0.0023974459590838594,0.0009292647929010456,1.9731811594111565e-05,0.0005001302872607267,0.9961534271491602
42,0.0014671995242118076,0.0005728650139113497,1.9694545034334374e-05,0.0002643592481681973,0.9976758816686743
43,0.00039693670003567404,0.0001895981537924804,4.615692395245836e-06,7.319859642270987e-05,0.9993356508573538
44,0.0006032046205443889,0.00037739537957488415,0.00010442779983213432,7.271778756445949e-05,0.9988422544124841
45,0.0213861564509557,0.006649560071969343,0.00012117173139605473,0.0013535590483460358,0.9704895526973328
46,0.00040247337085195335,0.0004119349690348284,8.686207373957415e-06,3.416829332366423e-05,0.9991427371594156
47,0.00021409270452634098,0.00027896828228928623,6.039098555180584e-06,2.4101733661506925e-05,0.9994767981809676
48,0.00010408301259649455,0.00030060970781499126,1.9734995878284077e-06,7.4476278174654735e-06,0.9995858861521834
49,0.00017274392937206945,0.0005977695961434301,0.00015906886424478213,3.0480315865242165e-05,0.9990399372943745
50,0.0001005571669326388,0.0006380782143076775,3.338063495595519e-06,1.7395739968032004e-05,0.9992406308152961
51,0.00012011137172031916,0.0006829671430782972,1.0230600689725834e-05,8.974450883681344e-06,0.9991777164336281
52,9.919844723850846e-05,0.0006463225901924579,1.2460857190621987e-05,8.894653312730923e-06,0.9992331234520657
53,0.00010889248941109389,0.0009022883511184773,1.3028178407753104e-05,9.088368896639196e-06,0.9989667026121659
54,7.26848387559051e-05,0.0010251959348171814,1.920533692096883e-05,7.596155957581173e-06,0.9988753177335484
55,8.146097154298515e-05,0.0015494740233401828,1.5811441515567564e-05,8.552930987252917e-06,0.9983447006326139
56,0.00426911899281492,0.00253561099229436,0.006331637500628382,6.974830435148063e-05,0.9867938842099108
57,0.005968024845737101,0.000837558425536351,1.831617797530453e-05,0.00040954580845338007,0.9927665547422978
58,0.005517929363776851,0.0004490108380401414,1.5182038584576062e-05,0.00027037620169841455,0.9937475015578999
59,0.004020418196536453,0.0007818944770386502,1.010219546739362e-05,8.313366964852433e-05,0.995104451461309
60,0.0019706231581457343,0.0004890509886094544,7.837481338591843e-06,0.00010820381562688517,0.9974242845562793
61,0.001752503393460958,0.0005929382117661346,1.5291017138042148e-05,8.50798330707257e-05,0.997554187544564
62,0.0024066974543138085,0.0005541356295361882,4.6998440561786655e-06,0.0001284140436136227,0.9969060530284803
63,0.0017905183087138098,0.0005973583057102439,1.5648504584251037e-05,7.888802876386935e-05,0.9975175868522278
64,0.0008969093383768097,0.0002024478829972918,5.277735376023281e-05,1.5858166127140096e-05,0.9988320072587384
65,0.0010868629072848294,0.0001355749971082315,1.558691037017647e-05,2.554238096341227e-05,0.9987364328042733
66,0.0012870490787407242,0.00012202802525814692,8.397765145162721e-07,5.0842276087949884e-05,0.9985392408433987
67,0.001437471315361385,0.00012570373748195987,1.2662680436204458e-06,3.888061767482107e-05,0.9983966780614382
68,0.000646697094093814,9.550136730895434e-05,1.7058102532936916e-06,3.0145705543740585e-05,0.9992259500228001
69,0.0009399221344256077,0.00030752361473987416,5.069681666521851e-06,8.043768969494283e-05,0.9986670468794732
70,0.00064952809473113,0.00026899744379755956,1.967973798398503e-05,4.768945492658058e-05,0.9990141052685607
71,0.000620500689179147,0.00033862835097458517,7.1979537058820345e-06,7.857647899662894e-05,0.9989550965271438
72,0.001023088512408123,0.0002916417483184123,1.4937800650117284e-05,6.57846494998557e-05,0.9986045472891234
73,0.0012927080356285277,0.0004242651147122617,9.66272933057968e-06,0.00021750632434104785,0.9980558577959876
74,0.0019774119966156386,0.0006071609966201417,7.704168690859591e-06,0.0003501377099084794,0.9970575851281648
75,0.001267224802723211,0.0004797704868361999,6.3361617139790565e-06,0.0002333487928278471,0.9980133197558987
76,0.0012690360221028465,0.000810192196093985,5.92260383445631e-06,0.0002920894974099038,0.9976227596805588
77,0.002222121150849272,0.00043551963163761373,3.900720172876587e-06,0.00029588660095578105,0.9970425718963846
78,0.0026916735441012384,0.0006987680343734999,7.287037079635678e-06,0.0003783368436744638,0.9962239345407712
79,0.002128516313036991,0.0004936615371409892,4.633254503787252e-06,0.00047740820761878357,0.9968957806876995
80,0.0011992581955354961,0.003313048453044393,7.749447318659432e-06,0.0002655047706522837,0.9952144391334492
81,0.0015680243646647755,0.0006763274660283907,7.188113694174114e-06,0.0005536441050329998,0.9971948159505796
82,0.0017823733550112468,0.0006389877818643312,5.52059245794127e-06,0.0006239807194770864,0.9969491375511893
83,0.0009312237983602759,0.0006924260562445535,1.9658173675604928e-05,0.00013937331018030062,0.9982173186615392
84,0.001448768545459524,0.0009022036990006063,8.571649879122951e-06,0.00019947771010611726,0.9974409783955547
85,0.0012409635514001917,0.0005212121368280551,5.273641425931169e-06,0.00013737130768322564,0.9980951793626627
86,0.0012769722962597443,0.0005296649705892341,4.710290035502321e-06,0.00014167154963680385,0.9980469808934788
87,0.001426218671979201,0.0005139176009235065,3.979164255516506e-06,0.0001915567626010745,0.9978643278002407
88,0.0006885943193987154,0.0007714635666560283,4.947634055668185e-06,6.230449820121504e-05,0.9984726899816884
89,0.0009050240819698101,0.0006787158748203423,1.8326661106946494e-05,8.706866379644222e-05,0.9983108647183064
90,0.002099430195423078,0.0005397268025005448,4.721979298530613e-06,0.00015762895689160324,0.9971984920658862
91,0.07089207526695404,0.004253176936228081,1.864609554054631e-05,0.0008245265023733289,0.9240115751989041
92,0.0008376234394493474,0.00046080552928221257,9.46078486233235e-06,0.00015333421921501786,0.9985387760271911
93,0.0011304583480199841,0.0007032234134550442,7.451472494361531e-06,0.00039433124158041403,0.9977645355244501
94,0.0023748834862949712,0.0026152154067411383,5.414793606356789e-05,0.00015020951303624746,0.9948055436578641
95,0.0007619248421410399,0.0005915189762423971,0.00011830963899197337,1.7566286771962504e-05,0.9985106802558527
96,0.001795340440216432,0.0005597117527994851,2.797562379933855e-05,9.0074146184389e-05,0.9975268980370005
97,0.0014685971642633443,0.0005259414339578492,4.137531691976108e-06,0.00016182207471258266,0.9978395017953743
98,0.0011079922196106833,0.0004174849204108501,3.068286267139625e-06,0.00010528437167936098,0.9983661702020319
99,0.0011294847980514895,0.0005495586704689546,1.1494853272020086e-05,0.00024411542891767128,0.9980653462492899
100,0.001571284638209958,0.0006198314059549597,1.0262709508162452e-05,0.00038591513853481716,0.997412706107792
101,0.0007963666440868583,0.000251106672156118,6.252984046497602e-06,0.00033543725819389867,0.9986108364415166
102,0.0008381257417618667,0.00024347185203988826,5.430830793304731e-06,0.00038902486101124924,0.9985239467143937
103,0.0011771192528931248,0.0004412458619185775,6.356627928972128e-06,0.0004481934889698758,0.9979270847682894
104,0.0007369107863470157,0.0006803272496242389,2.8388758568914934e-05,0.0002967891327959752,0.998257584072664
105,0.0008118700594183173,0.0003370813574278056,3.6954154493167334e-06,0.00041923339183099173,0.9984281197758735
106,0.0012270572304195434,0.0006491541989684936,1.5456607108111175e-05,0.0005973027754370758,0.9975110291880669
107,0.0014954114655334303,0.0009825919084315024,1.666509985901111e-05,0.0007498420887439833,0.9967554894374321
108,0.0009321861266944097,0.0004034544567451445,6.096861877836491e-06,0.0004539394516405976,0.9982043231030421
109,0.0007990247078816814,0.0004226007352152574,5.636259083453819e-06,0.000783568616819695,0.9979891696809999
110,0.0012467748070176137,0.000641613455781221,1.1443055547797944e-05,0.0004933053968249128,0.9976068632848285
111,0.00109681526912152,0.0004722282992143854,7.64814287738711e-06,0.0005289800831367954,0.9978943282056499
112,0.0011126076177895487,0.00036101043164453716,1.4051736172751638e-05,0.0004602662991491687,0.998052063915244
113,0.002338037842956419,0.0003013109318732337,9.556996967467532e-06,0.0003915173833038327,0.996959576844899
114,0.0017415992474584267,0.0005430715602521924,0.0001496001188942588,9.789021253076908e-05,0.9974678388608643
115,0.003512573081752072,0.00036905779965708653,6.285390626954644e-06,0.00035026223369497955,0.9957618214942688
116,0.0011266837776700647,0.0012893893304180082,0.00021848337206928847,7.99277746098267e-05,0.9972855157452328
117,0.0025167213236037813,0.0012357115514880794,8.15318607801227e-05,0.00011345164284628404,0.9960525836212817
118,0.0005405982770797646,0.00021944335737527672,1.0183085485488121e-05,4.1505326982644686e-05,0.9991882699530769
119,0.001367202571988824,0.00020350972854233203,7.560952275388361e-05,5.200036162119554e-05,0.9983016778150937
120,0.005274720188227405,0.0013975799121457282,1.0143124430875521e-05,0.00048655421506216544,0.9928310025601338
121,0.008232603529051575,0.001786919103403343,2.0344524029769678e-05,0.0003433608408670416,0.9896167720026482
122,0.0013839017573773894,0.00041902311792089416,3.5705395588105543e-06,0.00020616020560199628,0.997987344379541
123,0.003299717751689303,0.0031694833820912942,2.2431611966484387e-05,0.0006239185792843435,0.9928844486749685
124,0.0005802923381300347,0.000381401957891575,4.934854147576659e-06,0.00028485479127979973,0.998748516058551
125,0.0007376338363027177,0.00042542521977411443,8.748618378928887e-06,0.00037712531204561235,0.9984510670134986
126,0.0010726311781568709,0.0002912186349226122,3.7146141930751883e-06,0.0004639119803508143,0.9981685235923767
127,0.0016583138460928692,0.0004381190916277305,4.193264386333817e-06,0.0005016209383196656,0.9973977528595734
128,0.002232596563058829,0.0007133644977515793,9.057667581366772e-06,0.0008273974196249016,0.9962175838519834
129,0.00403218994715874,0.0014606774655740939,2.2568887895848714e-05,0.001112908825349944,0.9933716548740215
130,0.000609450880812596,0.0003176692184853141,8.147735117661701e-06,0.0004272697129628262,0.9986374624526215
131,0.000979695698195991,0.00039336092702610723,9.701031168925875e-06,0.0007284147176553091,0.9978888276259537
132,0.0018716421726733,0.00037943838012667065,8.884963291813383e-06,0.0009708407984193321,0.9967691936854889
133,0.0028296932265696618,0.0005396561496410818,7.209348805198783e-06,0.0008050185585109728,0.9958184227164731
134,0.003056534921102931,0.0006072052782565578,5.052388952088537e-06,0.001012892726261123,0.9953183146854272
135,0.0020561420915774773,0.0005644560074274898,5.350535510241497e-06,0.0005731464050405007,0.9968009049604444
136,0.001214667887403447,0.0007186939124472202,3.120433144173685e-05,0.00023287397598130066,0.9978025598927264
137,0.0020323325487695185,0.0013007909463947636,2.65021965767656e-05,0.0004310284798748534,0.996209345828384
138,0.0018171461239111918,0.0005415985855448976,3.8896479317366505e-06,0.0006612122375442,0.996976153405068
139,0.002550385206935146,0.0012106529208910578,5.929206767126713e-06,0.000834637726681338,0.9953983949387253
140,0.0031805399932157865,0.0019166708977156608,1.978326557415388e-05,0.0009318938774185308,0.993951111966076
141,0.0023470408880616805,0.0007811984496100604,7.325240871102246e-06,0.0010651102700570856,0.9957993251514001
142,0.0008630829753397488,0.0003381673398981427,8.559955888292587e-06,0.0007887241715152854,0.9980014655573585
143,0.0011462280959096515,0.000380565459451959,5.7133918342273665e-06,0.0009281958720537064,0.9975392971807505
144,0.0009767941028765018,0.0005452634253163316,9.971898532875686e-06,0.0005613153873714494,0.9979066551859028
145,0.0005944876362565642,0.00048413960881621063,3.0817780806372344e-05,0.00034338823496307257,0.9985471667391579
146,0.0019130747447608717,0.0004397024560326275,6.214796498016297e-06,0.0008373459405338882,0.9968036620621746
147,0.0009150730903263764,0.00026806964098440256,4.18752349138181e-06,0.00040023502570025077,0.9984124347194975
148,0.0015626883980995895,0.0004150240329082382,5.287345744756214e-06,0.0006045495034362761,0.9974124507198112
149,0.0011665717197597357,0.00043439765623895065,6.334231372712254e-06,0.0003929050463445509,0.997999791346284
150,0.0007836134921614673,0.0004594426142824907,3.6031338599216514e-06,0.00035261196098659717,0.9984007287987096
151,0.0014485982589013124,0.00042240435525426885,5.09419953742834e-06,0.0005196622557999703,0.9976042409305069
152,0.0013671220312297793,0.0006168722372335419,5.602843192090032e-06,0.0004461144693818565,0.9975642884189627
153,0.0018429743659604677,0.0005685777977273397,4.615503084700788e-06,0.0005096013751358939,0.9970742309580916
154,0.0010219472138293794,0.00042853330901076314,4.5174624180120365e-06,0.0003342240688402735,0.9982107779459016
155,0.0012083818009906372,0.00038003285828371974,7.945495559657999e-06,0.0005470901588756585,0.9978565496862903
156,0.0014174341819362323,0.0005159165726695867,6.642997039747116e-06,0.0007303604173546973,0.9973296458309997
157,0.001465820364587484,0.0016638010405533369,4.750986551831966e-05,0.0005851805361300999,0.9962376881932108
158,0.003714092273379425,0.003283506664582059,4.081226072019999e-05,0.0018752192303055644,0.9910863695710128
159,0.0018611001517711584,0.0008904251156900024,1.3596657372294213e-05,0.003233919017127955,0.9940009590580385
160,0.0010026467823890097,0.0010566610095233187,2.1201940263125317e-05,0.0019766154641440276,0.9959428748036805
161,0.0023214354054777015,0.0007094423518546811,1.1509091559844002e-05,0.00669026496937293,0.9902673481817349
162,0.00603623475334549,0.0029986815571015316,0.00021744191461026962,0.0056980018756007085,0.9850496398993419
163,0.01272550579263406,0.004332509082375547,0.00018876146816332705,0.012456501338972673,0.9702967223178542
164,0.0010810412801235609,0.0031549355898959916,2.5152382073436975e-05,0.0011441334017025092,0.9945947373462045
165,0.0008609079172956102,0.003512055517769881,8.650417926964927e-05,0.0034202743397835247,0.9921202580458813
166,0.0007539080963196833,0.002866431680084066,3.0274546630483908e-05,0.0005246485526419927,0.9958247371243237
167,0.0006623278935010237,0.004531100437580975,4.161558336699408e-05,0.0015978541973135476,0.9931671018882375
168,0.0007669831773323016,0.007095051487020245,5.123177719314012e-05,0.0005787477876512811,0.991507985770803
169,0.0006123580062652691,0.005159930002588631,4.284574561764724e-05,0.00036527239573797026,0.9938195938497904
170,0.0003267543292919276,0.004959513085477751,3.26623125366649e-05,0.00027040908952634976,0.9944106611831672
171,0.0003022981039179082,0.004313499683708502,1.5843239408194394e-05,0.00017441700790327017,0.9951939419650621
172,0.00038848776687304165,0.002546276571784441,2.7243755455919785e-05,0.00016919535223172157,0.996868796553655
173,0.014726351934448764,0.006164779647296505,0.00031888400688594344,0.00025928946069558656,0.9785306949506732
174,0.0009532060143484157,0.0005900879797086061,9.100465394856836e-05,0.0012585777583624222,0.9971071235936318
175,0.0004024703910172101,0.00023886799703175097,1.111224406400667e-05,0.000296460351507426,0.9990510890163796
176,0.0021349384500452782,0.0006294847670815524,1.2699969667338921e-05,0.0005829706042017554,0.996639906209004
177,0.002984410585839683,0.001379948563706061,7.437256772146023e-06,0.00035373008178120433,0.9952744735119009
178,0.0012441190147049878,0.0011996827176237882,1.2626210506785826e-05,9.77485505987904e-05,0.9974458235065656
179,0.0034429813241428995,0.0011060694995771432,2.0514029243203122e-05,0.0002324422304729252,0.995197992916564
180,0.002813263380787481,0.0006708360732453982,1.0204792407139999e-05,0.0005275799678639172,0.9959781157856961
181,0.0007561196754538027,0.0002998970887321649,5.2460429359136155e-06,0.0002186069817336785,0.9987201302111445
182,0.0015509906183957093,0.00044427520966344654,6.170269011084997e-06,0.0007582133171415376,0.9972403505857883
183,0.0020999896059776925,0.0011095753570620544,2.271833431936937e-05,0.0009647834113373403,0.9958029332913036
184,0.00242492560306704,0.001151578788855816,1.3171562662859425e-05,0.0008719401466849741,0.9955383838987294
185,0.0012277805972472483,0.0005735337965170639,1.1988523280581556e-05,0.0006799070891891601,0.9975067899937659
186,0.002695388877284083,0.0014756430697410632,5.502481231387179e-05,0.0006293507818719129,0.9951445924587892
187,0.0013951112958717588,0.0006265253291684995,1.5506364990481717e-05,0.0006369158794028568,0.9973259411305665
188,0.0008495359031495954,0.00037951350051470016,4.162755756087244e-05,0.0002110902102144232,0.9985182328285603
189,0.001171078870946436,0.00040948263675802816,7.296232382205304e-06,0.000605905005035232,0.997806237254878
190,0.001328835627036207,0.0006783921845802699,0.00014255915616269213,0.000359658768920094,0.9974905542633007
191,0.0016257163664007098,0.0004939790677303687,7.747619555974741e-06,0.0008072025908198102,0.997065354355493
192,0.0032370465373914017,0.0014726437456934023,4.279314460085779e-05,0.0024339013776007354,0.9928136151947136
193,0.0034365860255858196,0.0009095690642194186,1.5655070454289702e-05,0.0021503962387064398,0.993487793601034
194,0.0017209808950659248,0.0008774358243419213,1.8425243117764534e-05,0.0016314223985904937,0.995751735638884
195,0.0019464853298417433,0.0004661741530240517,8.535205050059318e-06,0.0020832605608333975,0.9954955447512508
196,0.0031014132226644202,0.000587990359731022,1.2968285141417344e-05,0.004876630124701908,0.9914209980077613
197,0.0033639281883610646,0.001134240159592453,2.2670526396678662e-05,0.006040269117816113,0.9894388920078336
198,0.0018870440961509555,0.0005960238948065646,1.4508309456899988e-05,0.003048600637488275,0.9944538230620974
199,0.002864599070775217,0.0010764217692726934,2.1129864924997147e-05,0.004245527869999927,0.9917923214250272
200,0.0029582696647324036,0.0010278307712462752,1.7475700425170427e-05,0.005651753634702444,0.9903446702288937
201,0.006348129107440731,0.0035220778734386506,6.325953097488926e-05,0.01213658075074606,0.9779299527373997
202,0.0019187781397575255,0.0013893937898898938,2.7024985245597425e-05,0.002954071982583393,0.9937107311025235
203,0.0009077637633653215,0.0007811096420449753,9.992599989711218e-06,0.0016580513411089271,0.9966430826534911
204,0.0020875661374643406,0.001134530622515043,1.9032639970865117e-05,0.004157619187052418,0.9926012514129973
205,0.0022330287606372977,0.0017297249922451807,3.6490190391228185e-05,0.0032283194096622636,0.9927724366470639
206,0.002823169017698989,0.0010996406137044373,1.5834271753102085e-05,0.005954913632328754,0.9901064424645146
207,0.0028899944225409388,0.0016661382706357581,3.336919266672209e-05,0.007063975799148157,0.9883465223150084
208,0.002310084203661526,0.0011990934014441844,2.0413406235409487e-05,0.003293912842567295,0.9931764961460915
209,0.0012667714308002196,0.0007358612532026763,1.0993871890195587e-05,0.0018928988692873947,0.9960934745748196
210,0.00419008585069798,0.0023233661631414677,5.855214281541132e-05,0.0037763280342471574,0.9896516678090979
211,0.0015361495659135505,0.0004275186020229644,1.5650840935320965e-05,0.0021285142880803423,0.9958921667030478
212,0.00423321437696571,0.003748354161738576,0.00016708985851270243,0.001649126454471861,0.9902022151483112
213,0.007886952326662143,0.0016225406940820221,4.8315623142191236e-05,0.001947013978165947,0.9884951773779478
214,0.0031463236703731206,0.0024062247846543196,0.0001497360775854013,0.0012475630657508546,0.9930501524016363
215,0.002779039967338673,0.0015060503542129058,2.9556664678481826e-05,0.0009574666059455994,0.9947278864078244
216,0.0020345916158074147,0.001262395423754477,4.3870427940592744e-05,0.0008073238810580034,0.9958518186514395
217,0.006523175645284734,0.00345926694146458,0.0002721341104242381,0.002333457370654683,0.9874119659321717
218,0.0024233697025995734,0.0016715646521633315,8.981792434863396e-05,0.0009242739222370691,0.9948909737986514
219,0.003161774971712176,0.0013870448027881092,2.465998948234261e-05,0.0021165377299202,0.993309982506097
220,0.004116184044793604,0.0015872324295720399,2.981605738223515e-05,0.002306858487695521,0.9919599089805565
221,0.0011981863605490316,0.0003875405258552844,8.075456048504844e-06,0.0007550945405110674,0.9976511031170362
222,0.0011579433330191108,0.0004325025333070294,2.703139771347103e-05,0.000859278751508614,0.9975232439844518
223,0.002474207896850086,0.0008147672768830934,1.4245405650283692e-05,0.0006264762268202642,0.9960703031937963
224,0.0014423519307559436,0.000427771960980081,8.693255426900867e-06,0.0005792933431995504,0.9975418895096376
225,0.0036876806647485683,0.0006376839600696318,8.020491667791193e-06,0.0009107054077055697,0.9947559094758084
226,0.016556992765415265,0.001896550313462736,1.9275940982634427e-05,0.005991460138937838,0.9755357208412015
227,0.0007678476957766717,0.0015816180580286265,0.0007437254830846286,0.0009651517087724981,0.9959416570543376
228,0.0014499822707189714,0.0007116053999012136,8.143656675457287e-06,0.0011740420612811361,0.9966562266114233
229,0.0050424499721673085,0.002130516090829967,4.655496621431196e-05,0.0027485027228080503,0.9900319762479803
230,0.001192230904010798,0.0006936676149541768,1.3477989117682963e-05,0.0010449439823906781,0.9970556795095267
231,0.00281179290036653,0.000604115787540509,1.9863291806979448e-05,0.001001687114495388,0.9955625409057905
232,0.0076950655056655295,0.0037632515390277036,0.00039312142031040054,0.001960655336426033,0.9861879061985703
233,0.0022709983789383856,0.0007985555118991931,2.7109169591724335e-05,0.0010537267484559839,0.9958496101911148
234,0.001423879112942192,0.00046405290045188976,1.6800503527214687e-05,0.00026038921833035307,0.9978348782647484
235,0.0027989218517492894,0.0035221372085607054,9.889324821922559e-05,0.0009623192889648304,0.992617728402506
236,0.0018519244757941426,0.002131491857686431,8.734995333781606e-05,0.0007179253550668112,0.9952113083581148
237,0.0017099306939008458,0.002836855451179208,0.0007663949205629552,0.000224985882752221,0.9944618330516047
238,0.0021954798518887186,0.004089306898590556,0.0007310167974152372,0.00039005681909241147,0.9925941396330131
239,0.0016433947873105428,0.0026385564030532343,8.426529757084731e-05,0.0003110447220756487,0.9953227387899898
240,0.0023072234788816814,0.0007920547963591817,1.0351322417239143e-05,0.0004283566058652301,0.9964620137964767
241,0.0014453962478036808,0.001381601647341466,2.362487058209644e-05,0.0006664325587830451,0.9964829446754897
242,0.0027379943559672423,0.0016349912864842668,2.5788949778662593e-05,0.0013124680557586935,0.9942887573520112
243,0.0009118372070834134,0.00045062587450813465,7.0121106346756346e-06,0.0010485755149356262,0.9975819492928382
244,0.0010074505231686668,0.0005730475004411221,7.747401150471416e-06,0.0011118113386354884,0.9972999432366042
245,0.0006601960199737472,0.0003108544546460422,4.378307088527547e-06,0.002303202562018936,0.9967213686562728
246,0.0004954623100688382,0.0009411402105774313,1.2548719291270383e-05,0.001552527679492546,0.99699832108057
247,0.007631274367584334,0.004706859181433634,1.7654998289661728e-05,0.01863166753696516,0.9690125439157272
248,0.019452812974184556,0.03387092785639509,0.0018178576056049858,0.009394758672555193,0.9354636428912603
249,0.0009475255046829654,0.002594652848376865,0.0064247593797461654,0.002084950726709338,0.9879481115404847
250,0.000928124211788928,0.0020980556188362385,0.0050595819834036455,0.0013437900888942293,0.9905704480970768
251,0.0005720975606812231,0.002671294021769644,0.002836208956204893,0.001089290348190233,0.9928311091131539
252,0.0008047450319121218,0.004933316333438093,7.815308639486337e-05,0.0022420306899474333,0.9919417548583076
253,0.001307130797220549,0.009888616958282982,0.014204177916604863,0.0024699235071964603,0.972130150820695
254,0.0010479526623568562,0.01205306276004893,0.0009545733045476609,0.002023451940126442,0.9839209593329201
255,0.0017387998688965672,0.02888405823361155,0.0006210082793336996,0.0017298459903986548,0.9670262876277596
256,0.0012275599999769379,0.016929470107359523,0.00038956921680537263,0.001104227831797791,0.9803491728440603
257,0.0010382374139494977,0.0179050149707325,0.0003358400392053537,0.0008032405989698658,0.9799176669771428
258,0.0007794750069741931,0.01828053621250684,0.0005420839558454736,0.00040894922539123224,0.9799889555992822
259,0.005491850463607904,0.045919875960947217,0.001448376419809491,0.0035234713261519403,0.9436164258294834
260,0.07827698652041358,0.03823271410749457,0.03502801468893763,0.0031361169124184984,0.8453261677707358
261,0.0013388863407845103,0.0006717737404139374,1.4817959346564727e-05,0.004393446760890205,0.9935810751985648
262,0.0007679859038595763,0.00023708479546819526,2.042889707133575e-06,0.001616534430885336,0.9973763519800798
263,0.005117511404684608,0.0004668109873690204,1.5434946802030671e-06,0.000954068012693746,0.9934600661005724
264,0.0023894126572816953,0.0006531058986553159,5.852393052281483e-07,0.0014075840778990775,0.9955493121268588
265,0.0009444473133288947,0.0011306609978685702,4.801777439153585e-06,0.00016624524694272737,0.9977538446644207
266,0.001083723702572568,0.00032881954131590724,4.632268153370836e-06,0.00023044690846064063,0.9983523775794975
267,0.0011422439376672104,0.00025853012651902413,4.399212548565493e-06,0.00024457754814383485,0.9983502491751215
268,0.002341369095094647,0.0014288084585162952,3.318736407949307e-05,0.0005964109050217609,0.9956002241772878
269,0.004529830912487565,0.000540125374197475,6.626758120991364e-06,0.0004748889974831037,0.994448527957711
270,0.0055879729957301885,0.0006521242421624144,1.9269304616782472e-06,0.000508210788745503,0.9932497650429002
271,0.0018391760946254736,0.0003423593838141692,3.6196720302922435e-06,0.0010239166265337033,0.9967909282229963
272,0.002081285390419293,0.0009512330631990235,1.337218159488877e-05,0.003761468235292125,0.9931926411294947
273,0.0011058697359616464,0.0008792816768306735,3.343499780518526e-05,0.0011397176076072023,0.9968416959817953
274,0.002017736679639149,0.0006260639566454263,5.462669508149682e-06,0.0015022708501323547,0.9958484658440748
275,0.001837004372281782,0.0005931768549103146,6.1371743681750195e-06,0.0013204957466719453,0.9962431858517676
276,0.011881329199496195,0.003325279251401506,1.2100570581384122e-05,0.004075177787093847,0.9807061131914271
277,0.002710991083706625,0.0009906857932775659,1.5724895774210034e-05,0.0057042444960509415,0.9905783537311906
278,0.004896015391015465,0.0007432900369670071,5.307938349051771e-06,0.0021206824847939927,0.9922347041488746
279,0.0029716574525115334,0.0008207871895362217,5.9156712286371375e-06,0.003619767698596597,0.9925818719881271
280,0.007489372602580476,0.005512260409909454,0.0001321234214736342,0.006845689691061788,0.9800205538749746
281,0.003939342862559159,0.0011878781683401075,4.8795758154203164e-05,0.00600091709628902,0.9888230661146574
282,0.05052215599876613,0.005073151813167248,2.472110314152681e-05,0.014615889764682357,0.9297640813202428
283,0.45035334823358764,0.08037482208830744,0.00017236360130429707,0.08480579660720206,0.38429366946959864
284,0.27213560292507283,0.23564256988091023,0.000850251165341133,0.16690391172807809,0.3244676643005978
285,0.2413694143357279,0.34606766407601736,0.0013935706957668807,0.2998540825959004,0.11131526829658753
286,0.3561368110783782,0.2584244260172392,0.0007667310067826103,0.2315563238482149,0.15311570804938518
287,0.22140144236556564,0.10407128878870875,0.00018851846479861145,0.44650798424794275,0.22783076613298422
288,0.26548912046896705,0.4678787637474451,0.0004752195779591157,0.11819918593268834,0.14795771027294038
289,0.1948745308115998,0.667730040883331,0.001661072093773228,0.1092024644302752,0.026531891781020788
290,0.08489017964893983,0.780855066335697,0.03822486063817352,0.07379259168857698,0.022237301688612883
291,0.15580740780433736,0.7015785885001634,0.002549618353384566,0.1075532884556512,0.032511096886463475
292,0.02372315602780475,0.8753371244578104,0.0656125603251726,0.01537377940441893,0.019953379784793366
293,0.07555981956906224,0.8453384436224044,0.01944563486430475,0.025957597858013482,0.03369850408621511
294,0.1764915806029915,0.7580879672780781,0.006312808587695517,0.03283962004271768,0.026268023488517214
295,0.09462747100427359,0.8116620423443309,0.053991451338865924,0.02229253967788864,0.01742649563464109
296,0.060083949714858274,0.8501923246898476,0.06458640903681973,0.007166925907609598,0.017970390650864775
297,0.17784472035012047,0.7623909330255042,0.006407217239857639,0.033210271191927536,0.020146858192590177
298,0.022660227917646693,0.7285995411449673,0.2369926535060333,0.0032150570740747558,0.008532520357278158
299,0.02234745586466389,0.818115215569817,0.1435846984617205,0.003474345026756737,0.012478285077041927
300,0.034677296439645205,0.8196264687883998,0.13352246811890156,0.002491438106199025,0.009682328546854472
301,0.021226396908093786,0.8173534733306815,0.1522938824660803,0.0031198282661129067,0.00600641902903148
302,0.017585387556950452,0.48419636472506683,0.4933103954945875,0.0012059674481961927,0.0037018847751991058
303,0.009582132196545176,0.7299641562711651,0.253765255286044,0.0012184475828377157,0.00547000866340797
304,0.012439102234136475,0.4266771464084875,0.5540219518477228,0.0011433117444758318,0.005718487765177472
305,0.029324175037787215,0.4337075693643799,0.5249823254853687,0.0014456589311586648,0.010540271181305474
306,0.026209594761952316,0.27292424409965754,0.6957753366521859,0.0011298959301403802,0.00396092855606379
307,0.008209634056492169,0.18148050433515298,0.8061661936191933,0.00051044863604526,0.003633219353116387
308,0.014311412023870759,0.27182099933633713,0.710144327736036,0.0007335403122680966,0.002989720591488048
309,0.0044118345299479465,0.1017401113619524,0.8919246654608275,0.0003085631790392696,0.001614825468232905
310,0.008229215156251683,0.14025843950428704,0.8471997945556844,0.0004976724670578125,0.003814878316719235
311,0.01016007100895971,0.14016820711347172,0.8454575484237965,0.000635381412854195,0.003578792040917844
312,0.005610927314937484,0.14239336162928498,0.8479866570490598,0.0005811803633687416,0.0034278736433490413
313,0.002132132356237605,0.07893546444259142,0.916590453260596,0.0002833533936378039,0.0020585965469371876
314,0.010808069370599952,0.08857943866458481,0.8969372250508263,0.0005306732807468145,0.003144593633242094
315,0.002418930205111298,0.09963984038487748,0.895373875465222,0.0002307123166488002,0.002336641628140292
316,0.006917673387856582,0.08066364214437582,0.9100226486303481,0.0004522730698910825,0.0019437627675284444
317,0.00528601442336072,0.0665503422748959,0.9230058211842754,0.0007976419364177253,0.004360180181050083
318,0.005270711591101006,0.05792907209396373,0.9343624184224397,0.0002610010233742551,0.002176796869121401
319,0.002747795387059479,0.03754492965328872,0.9569393667594941,0.00030983564829643536,0.0024580725518612624
320,0.0035156284764452745,0.05023748035430732,0.944044637019097,0.0002661344298361871,0.0019361197203141187
321,0.002203475725294371,0.03318383383866632,0.9632382835761731,0.0002675385679808975,0.0011068682918853228
322,0.0027548739501631336,0.03501769906548408,0.9606218376162853,0.00020355982601535214,0.001402029542052211
323,0.002764464283718495,0.03402569765953133,0.9612072359968951,0.00040443951353710285,0.0015981625463180756
324,0.001292528454641433,0.023035989794359835,0.9746811981138181,0.00014683463415633658,0.0008434490030241295
325,0.001975605670650269,0.04705874729544065,0.9492696440087611,0.00026761470450859946,0.0014283883206392819
326,0.0019226795460724967,0.0266836538520867,0.969120110953717,0.00033133427626335504,0.0019422213718604496
327,0.002292818742146826,0.050350793587922583,0.9454932104613293,0.0003034679228226417,0.0015597092857788193
328,0.004562502246153651,0.03538724195236779,0.9567305337270265,0.0007640336691911752,0.002555688405260774
329,0.002414946484929489,0.045399387539583724,0.9503149505868025,0.00017410264305300172,0.0016966127456312919
330,0.0054686779631937,0.06730053275766082,0.9237984748794863,0.00043492102493539604,0.0029973933747236025
331,0.005080679968149639,0.04337477969218841,0.9478771332302476,0.0006159298173643534,0.003051477292049905
332,0.0034668058252478816,0.028725966812006894,0.9660543989402752,0.0003538029416518457,0.0013990254808181179
333,0.003506252199704913,0.06894745721042563,0.9210595708682299,0.001162794971710753,0.005323924749928799
334,0.002441159959518376,0.04111804361682448,0.9548476484130178,0.00018648215563381705,0.0014066658550055727
335,0.005112158143716942,0.07519672433598869,0.9150392234480981,0.0008055601096428474,0.0038463339625534826
336,0.009418334052288885,0.07702060675427796,0.9111593098420566,0.0005220748259634933,0.0018796745254130967
337,0.004916981959045939,0.037033572324756375,0.9561279166442158,0.00041369126204398026,0.0015078378099378632
338,0.0035765226613652724,0.06116237440141261,0.932198312608368,0.0007703396919471626,0.0022924506369067987
339,0.0044677026584609356,0.052907454535574654,0.9396440952544745,0.0009300790971683247,0.002050668454321742
340,0.003680939862687054,0.03668481730404311,0.9569954569633567,0.0006402728066484036,0.0019985130632645706
341,0.003369273150307607,0.060521057765426586,0.933724652130313,0.0004572571976561371,0.0019277597562968713
342,0.0036317041856730884,0.04615449550338855,0.9479045734513888,0.0005414164850466696,0.0017678103745029051
343,0.003235596577376147,0.03081774324668663,0.9632867926495624,0.0010943123188482057,0.0015655552075265527
344,0.005137846072320056,0.04618639799522822,0.946840341986625,0.0006611323996182959,0.0011742815462087103
345,0.0030453234155045955,0.028861580282123718,0.9650672281332393,0.0011306031152374192,0.001895265053894983
346,0.00174618192476381,0.020068782914245614,0.9766175061182145,0.0005742252415386097,0.0009933038012377247
347,0.003964499189206028,0.05175890856030876,0.9412074500378936,0.0010953586659364022,0.0019737835466552387
348,0.0017247121034078478,0.02959358841009575,0.9657402377398363,0.0009663732560606376,0.0019750884905992546
349,0.00590746390841864,0.06481106329779268,0.9258888498786965,0.0012661105727398742,0.002126512342352437
350,0.0035385005063412684,0.056587132534679105,0.9354350592152062,0.001816005474022722,0.002623302269750789
351,0.007762134267943819,0.06866095444661051,0.9204373562058569,0.0009947135353214562,0.00214484154426742
352,0.002480082678707153,0.02958961807899272,0.9645163713217857,0.00179322688363168,0.001620701036882665
353,0.008557416049050713,0.0653626948377929,0.9231598436085007,0.0012499590247547017,0.001670086479900856
354,0.0018070643186513496,0.02988651803149095,0.966523355054811,0.0008457695409296273,0.0009372930541170324
355,0.005143280192062173,0.07797448687605614,0.9135533727054564,0.0009747843409129189,0.0023540758855123767
356,0.008528996241509374,0.07291180016691008,0.913712123503799,0.0020212193408183734,0.002825860746963052
357,0.00682582053605565,0.05520805205287319,0.9334031453407898,0.002054123026129595,0.0025088590441517695
358,0.007382545072908163,0.06108095671926122,0.9276495291885019,0.0010851830589689818,0.0028017859603597225
359,0.0025986794532193193,0.02656576395245187,0.9668625594572905,0.0016765770929199257,0.002296420044118209
360,0.002554679964169536,0.028645887733185337,0.9658231891544516,0.0013495601248429895,0.0016266830233504712
361,0.0029274255216223343,0.031126210147129626,0.9631984523671219,0.0009627954021605831,0.0017851165619656368
362,0.0043896049044050405,0.03748704247026513,0.9534061210701202,0.001900146580271066,0.002817084974938536
363,0.002403128452286566,0.024515870165260106,0.9695741130634754,0.001515839260830017,0.0019910490581480007
364,0.0039130051576008575,0.020621521262499998,0.971402719729182,0.0018281482370659445,0.002234605613651185
365,0.001921485079112953,0.02337556228139885,0.9706203600546618,0.0015972258655270024,0.002485366719299476
