epoch,N1,N2,N3,R,W
0,0.00019057391360400222,4.537128727922532e-05,8.337017998501619e-05,4.957908984933327e-06,0.9996757267101467
1,0.002313940839461337,0.0012840072754687073,0.0006931935029765558,0.013037310601097248,0.9826715477809962
2,0.00247774888097591,0.0005888868926535339,0.0004505416761754738,0.008854384794995744,0.9876284377551993
3,0.005799406041508783,0.0007409812172874076,0.0013022416881554668,3.562455463586891e-05,0.9921217464984126
4,6.611075224270269e-05,1.2197189181897468e-05,1.7452799227054572e-06,5.413028979030167e-07,0.9999194054757548
5,0.0001613816376037793,3.3013275159703464e-05,6.551566898243316e-06,2.1819705709167207e-06,0.9997968715497675
6,0.0004961179837666494,0.0002471352804117677,2.8806348580669238e-05,2.4623753833132203e-05,0.9992033166334078
7,0.0004318249607952109,9.930146333399448e-05,5.898648644566138e-06,1.5153385064421203e-05,0.9994478215421618
8,0.0014846147124441935,6.073203537789853e-05,2.3371143728946126e-06,1.836965952814404e-05,0.9984339464782769
9,0.002670395922108464,8.455628586402567e-05,2.2039575410274142e-06,2.8559291388798736e-05,0.9972142845430976
10,0.03386174588645359,0.0004543691860847491,1.128147903696645e-05,6.914269263392223e-05,0.9656034607557907
11,0.01294645844291644,0.0008233989165637045,1.739903485844207e-05,0.0006329275498292194,0.9855798160558322
12,0.00598917675873103,0.0003523527453327415,3.000165366750515e-06,0.0002749964535169512,0.9933804738770526
13,0.027674487331573263,0.0007798648081904332,3.6389529631778705e-06,0.000539689801173005,0.9710023191061001
14,0.027717671902994123,0.0005100440886467029,3.843373892560953e-06,0.0011895816105271192,0.9705788590239396
15,0.05195317124233844,0.0006581348275901652,5.394797663442574e-06,0.0020457296689870307,0.9453375694634208
16,0.0739285649914609,0.0009878879818579587,1.0299654845866562e-05,0.0022447125392972794,0.9228285348325379
17,0.018553332874579814,0.00024504089365197704,3.098757026830939e-06,0.0009431713632337576,0.9802553561115076
18,0.04275759224164655,0.0010975815860752012,2.0122160614235157e-05,0.0012424603468666232,0.9548822436647973
19,0.258352190830211,0.015883825343299168,7.219855589770753e-05,0.012344735298999621,0.7133470499715925
20,0.4352093626133705,0.005954026078727159,4.615788351003424e-05,0.009291402129629646,0.5494990512947627
21,0.12721088018557566,0.03009914731144345,5.1888150882449955e-05,0.0034662383685662187,0.8391718459835323
22,0.24751414511539258,0.1475216798750733,0.000277089542239867,0.06682088458361077,0.5378662008836835
23,0.11581714743280855,0.11854434757667583,0.00012554555171874208,0.03136229308713271,0.7341506663516643
24,0.036907982097987665,0.0008643740838718203,9.963029307281461e-06,0.0033961950931732884,0.95882148569566
25,0.07918992681372573,0.0016146863468727052,1.0481838033248807e-05,0.0014995605940780342,0.9176853444072902
26,0.2540717930741499,0.0092006883288356,4.745742113078552e-05,0.0020864611457021994,0.7345936000301815
27,0.10770737371346302,0.12087070041039383,0.0013950306177005392,0.002283169278268326,0.7677437259801743
28,0.22518176956840494,0.3163249807363243,0.0024837110928109855,0.050900611131909725,0.40510892747055
29,0.16308064485368864,0.26593686751549556,0.0016829236340758572,0.1031222187587802,0.46617734523795973
30,0.11144933948576101,0.6443486228478621,0.00955341652828113,0.020286448247823354,0.2143621728902725
31,0.0939219098762848,0.010207501334088731,0.0001171948699464146,0.006424079336375784,0.8893293145833043
32,0.2575971953426722,0.3523109246270507,0.006400855413882972,0.0060472153012617,0.3776438093151324
33,0.4138216921869924,0.5054564997818091,0.0018067501211084136,0.012583126425763157,0.06633193148432687
34,0.2287134838869804,0.6397906700973862,0.016036865964691796,0.003214816777047356,0.1122441632738944
35,0.39962749931117336,0.1307663588992943,0.0005808415629395473,0.045146193187349644,0.4238791070392431
36,0.39639540954819974,0.5422393849293022,0.0027311837919227087,0.0167243798974558,0.04190964183311953
37,0.020349314107389584,0.04452473183101275,0.012315577374643356,0.00015099313133676423,0.9226593835556176
38,0.5056746759058036,0.154936233621339,0.0005636719475836146,0.0003480615138238832,0.33847735701144993
39,0.23283516351500577,0.7140084111118591,0.011007725163673052,0.00034742057897044107,0.04180127963049171
40,0.13019491508844497,0.8404298645960057,0.014412656947931554,0.0005832521414049655,0.014379311226212712
41,0.14324090701556622,0.8251771521941997,0.01642482831857358,0.0011707675071754794,0.013986344964485024
42,0.07212210246099478,0.8785527855530875,0.03432316690228745,0.004003592116070394,0.010998352967559796
43,0.03507940379589519,0.9310792237181116,0.026378274118397424,0.0032563796163170176,0.004206718751278764
44,0.030917507777008194,0.9439818578631947,0.016191280092739367,0.0023029481440589544,0.006606406122998885
45,0.013516353170656897,0.9361396664502918,0.04593412411738157,0.0009692250917212451,0.0034406311699485695
46,0.09457100331432994,0.8782202079170126,0.011969295130341007,0.004220811207120953,0.011018682431195524
47,0.053852659940597604,0.9297151915685815,0.008976916116897545,0.0011980357837187469,0.006257196590204661
48,0.05871870547645429,0.9180739786234998,0.014674823019342084,0.0022549693372028016,0.006277523543500914
49,0.22442424269220604,0.7491930742457216,0.0018265107751701483,0.002667813229640358,0.02188835905726192
50,0.031097867298141173,0.9459221678012729,0.01703748904184513,0.000550664742182995,0.005391811116557855
51,0.15167323294503035,0.8187027678552841,0.004879452259267086,0.0017025848571041713,0.023041962083314275
52,0.11167923397312428,0.8674098219354262,0.007494840749800502,0.0010094228743415653,0.012406680467307514
53,0.02880315539430348,0.9234670071243446,0.04122522923921785,0.0009502565095030981,0.005554351732630939
54,0.29093737142705023,0.6845853591708201,0.004329487735433561,0.002714788268835653,0.017432993397860398
55,0.051407139128930586,0.9192245946652521,0.02331702565169517,0.0013569871241414552,0.004694253429980568
56,0.020417458993056744,0.9157875996747016,0.0565656695479349,0.0006983957436509427,0.006530876040655755
57,0.39279972592081625,0.4413321339417865,0.0006988919130473598,0.0007500801238686965,0.16441916810048124
58,0.047580046871358715,0.9087002001527114,0.0382505518232225,0.00042665566240913537,0.005042545490298442
59,0.1191270720952994,0.8409982189309534,0.028823844982167134,0.0005121769544103396,0.010538687037169746
60,0.03424732808659571,0.9018469155503874,0.059400312659746976,0.00024198160770833827,0.004263462095561602
61,0.02138416832614123,0.9289918043281165,0.044908278780990296,0.0009254046139776718,0.003790343950774235
62,0.013932616687879524,0.867016247154539,0.11528291780629023,0.00038519504500102224,0.0033830233062900937
63,0.009796899981515051,0.8973540184374753,0.08963358546629872,0.0003638303087994603,0.0028516658059112836
64,0.009905854782632902,0.9203098132767293,0.06730247354659684,0.00018298736980262818,0.002298871024238049
65,0.007656278534824375,0.8902373213659004,0.09847364951434383,0.0002645760747145446,0.0033681745102169276
66,0.005372117518525353,0.6697703209012368,0.32258876855293644,0.0001390632214506746,0.0021297298058506535
67,0.003742820738128034,0.5406080244277728,0.45104207882506,0.00026362438547029,0.004343451623568988
68,0.01605591987797591,0.867813916447942,0.10916815651378736,0.0020484574732796746,0.004913549687014928
69,0.0067800077511968645,0.6425185162675889,0.34009139012903317,0.0012498856894076157,0.00936020016277339
70,0.017114171900885676,0.496979364268987,0.45520717863431825,0.0046710130887828985,0.026028272107026268
71,0.010146151319537229,0.12020087764370663,0.834823534617103,0.0005695360883002488,0.034259900331352934
72,0.006143508749890667,0.03379177717110594,0.009049573463624725,0.00043089866069157787,0.9505842419546872
73,0.02114402389556919,0.004449353657261623,4.4785182637832245e-05,0.0022346994240063666,0.972127137840525
74,0.005201271743615301,0.0020149654283965553,4.837549564634665e-05,0.00017540975497336276,0.9925599775773684
75,0.042901046089705776,0.0054233129545724675,7.45192620406455e-05,7.79136085353876e-05,0.9515232080851457
76,0.6184811075956312,0.09421562046917527,0.00019235714231588592,0.0029867438698820176,0.28412417092299547
77,0.6965031357147741,0.16224455589151845,0.00016540917020197132,0.00457989618377538,0.1365070030397302
78,0.5853786020097506,0.05683280588195401,0.00010983447825374857,0.007932497459788964,0.34974626017025257
79,0.2518356868860403,0.6719790638289783,0.0019432528574518148,0.005001999641347313,0.06923999678618231
80,0.34361717573751055,0.5967300340480028,0.0037277052383115163,0.02322728103887947,0.03269780393729544
81,0.0950105439077091,0.8459484436179991,0.016280113448477525,0.007574907030226585,0.035185991995587515
82,0.3058800999848615,0.05759156813650968,0.00014239579471180948,0.009111604988580227,0.6272743310953369
83,0.38066818288337295,0.5934151418525218,0.0030671380135489173,0.004204700601041456,0.01864483664951497
84,0.13051643875467414,0.8349772120901855,0.023471027895849317,0.0017310947199578818,0.009304226539333205
85,0.25253038861708327,0.7192418828996087,0.004908112903708242,0.0011929027464253725,0.02212671283317437
86,0.043915066389376,0.9306742938756951,0.015577259739975884,0.003011155654864226,0.006822224340088625
87,0.013745347834039275,0.931144891785246,0.05049624887242271,0.0007152697307352909,0.0038982417775568936
88,0.13493015235799577,0.8331925289195962,0.009094293269837572,0.0056391851494785004,0.017143840303092097
89,0.03484045299386464,0.9171960497834237,0.04201711255071562,0.0023081034137479115,0.003638281258248145
90,0.0491293041529983,0.4834454610764238,0.024130560400110235,0.00039177902750059314,0.44290289534296723
91,0.2829711170981566,0.6298582775803355,0.010429314275857903,0.0017198840290028878,0.07502140701664717
92,0.06033283429826783,0.8901732832953209,0.04141627502418,0.0010403158178269691,0.007037291564404162
93,0.49782043651692826,0.4582394114577147,0.0038958800648883096,0.003965883488849436,0.036078388471619226
94,0.12239999092550718,0.8366591598104097,0.01610544719034649,0.005775035103846333,0.019060366969890205
95,0.11490572244245642,0.8558228181439715,0.0048664127226138295,0.011603058301642996,0.012801988389315126
96,0.5360210128071604,0.31924401770745675,0.0005114690226395444,0.03609928330295702,0.10812421715978628
97,0.13819707349708596,0.836951361109181,0.005270039199710194,0.013358060223402602,0.006223465970620374
98,0.7198253485415647,0.09682530503991545,0.0002353127700249492,0.03454319021195149,0.1485708434365435
99,0.11648522729399288,0.8439495867122092,0.02787544257477269,0.0031472140898242055,0.008542529329201012
100,0.1801560163810179,0.8015955196258734,0.006046344188228722,0.0036776642597956175,0.008524455545084285
101,0.31725681863258365,0.6595769766589016,0.003974749957736173,0.006776781842286098,0.012414672908492297
102,0.01688423009476785,0.9023681973060905,0.07710706745390843,0.0012522847188583212,0.0023882204263745775
103,0.08042553179768808,0.8953499123980801,0.01428353108629118,0.0009079446100058358,0.009033080107934768
104,0.03614799285190987,0.893359272428264,0.0651249983587252,0.002062037759734826,0.0033056986013661038
105,0.06594962127194032,0.8988611610181129,0.030310263315238485,0.0019317467823949843,0.002947207612313351
106,0.03155723110228392,0.9273097818088232,0.0385552693957149,0.00047983074667771975,0.002097886946500393
107,0.01829384630554827,0.8736558509185209,0.10461230370100777,0.0006414927307348881,0.0027965063441881704
108,0.002609701759943844,0.5460639902183548,0.44938121734159714,0.00010844746768267002,0.0018366432124213826
109,0.009794195025271998,0.6440717134960444,0.3415835950831763,0.0009643672949123829,0.003586129100594814
110,0.018491823467276982,0.8802899208603788,0.09349419267668255,0.004082941335229981,0.003641121660431567
111,0.0050682745391953405,0.8540431478683767,0.13789825043829088,0.0012287438339424674,0.0017615833201947452
112,0.007002995268962105,0.8002435643486294,0.18702710302873232,0.0018431549547228703,0.0038831823989533233
113,0.008609662714040464,0.8506926160511641,0.13554456697687234,0.0022543805871600405,0.0028987736707630505
114,0.024735046883078485,0.9127145688447831,0.05412867434100632,0.0019106539176870143,0.006511056013445195
115,0.008267213924249459,0.9085212140070911,0.07991493764265226,0.0010118390884642898,0.0022847953375427364
116,0.005019998131140034,0.7781958215080111,0.21484527182645727,0.000253461380681381,0.0016854471537102104
117,0.010308089536152596,0.8472399340181509,0.1399341325466785,0.0004472163469370497,0.002070627552080981
118,0.003521291311679245,0.7371311012384153,0.2571576014522832,0.0003975270622799878,0.001792478935342108
119,0.003391337797713506,0.48448343645022934,0.508613218643922,0.0005845833419476492,0.002927423766187563
120,0.008596445612058348,0.6872834818540844,0.30024596242173773,0.0008070704487707168,0.0030670396633488885
121,0.00289414902179937,0.5429692983605996,0.4503786866574034,0.00039287567373265863,0.003364990286464953
122,0.00567217113251739,0.8109355896347968,0.17934627964740443,0.0007917339237691731,0.0032542256615121614
123,0.009140034897818996,0.6790572538446674,0.30841075913309857,0.0006228940712541008,0.002769058053160955
124,0.0078064206186317375,0.8064590244121851,0.18200069514574693,0.0006777861996219588,0.0030560736238143594
125,0.004647997452684281,0.4136602075439329,0.5780836685792137,0.00025724247563184313,0.0033508839485373175
126,0.007429442946284898,0.6702564026781834,0.3183759134531799,0.00037160784995277584,0.0035666330723989163
127,0.004626740896920329,0.3547089583494065,0.6381448033861674,0.00014612795433694288,0.0023733694131686947
128,0.007596528878100953,0.497985048651766,0.4904038805187274,0.0003568370651722157,0.003657704886233405
129,0.0011539352642663428,0.2561162236786809,0.7415819644111066,7.132946598702244e-05,0.001076547179959216
130,0.0023268158993487186,0.3974717957339035,0.598714030208371,0.00010427976986870215,0.0013830783885080474
131,0.0031741460640369924,0.1350032863746212,0.8583343549566849,0.00017947687319989526,0.0033087357314572053
132,0.002440552812494271,0.3197678744005377,0.6760010446112029,0.0001407543845804668,0.00164977379118469
133,0.0006045333032839386,0.13361929493848346,0.8645701911522571,5.954167591271065e-05,0.001146438930062728
134,0.001985455356317259,0.1326450034769746,0.8637441020962302,5.5184152741075144e-05,0.0015702549177368335
135,0.0012565455175275924,0.19476520907187647,0.8028528026627934,4.083212813691057e-05,0.0010846106196655643
136,0.00055591201945825,0.04522724967682973,0.9526506982780651,4.470821819013407e-05,0.0015214318074567832
137,0.0006506370625588528,0.08038988754829364,0.918215485374413,2.2515546571354627e-05,0.0007214744681632029
138,0.0006582006574241231,0.08511716274034721,0.9130181964184505,5.8426675263140135e-05,0.0011480135085151556
139,0.0018582575200332154,0.12823082554178242,0.8682855224664926,5.754284262685795e-05,0.0015678516290649333
140,0.0005521614528604239,0.03761600216352643,0.9610597815538084,4.486570416218586e-05,0.0007271891256424459
141,0.0004030840463127615,0.09445797008617907,0.9043781701876037,3.308674372079214e-05,0.000727688936183801
142,0.0009272487059905594,0.09299985426534534,0.9039656543666056,0.00010416159192891515,0.0020030810701295826
143,0.0004059060285238939,0.16403989088005794,0.8347934251644463,6.850113110129983e-05,0.0006922767958705917
144,0.0002799735811017088,0.058839955532256676,0.9402090683367597,2.849322733196798e-05,0.0006425093225499726
145,0.000537344516407591,0.15869304640055054,0.8398416370446062,3.7982609336559023e-05,0.0008899894290989164
146,0.0002840959697887752,0.059339539542049846,0.9400168790729159,1.865552860665409e-05,0.0003408298866388792
147,0.0011452079517133141,0.07133853498146697,0.9249842952972765,9.829248065980096e-05,0.002433669288883244
148,0.0011434254537819265,0.10461400617958463,0.893022489814343,3.944104649280079e-05,0.001180637505797648
149,0.0007297138424562164,0.21880351550536042,0.7795371757051339,2.810001284036243e-05,0.0009014949342092243
150,0.0010848022173270673,0.12441999711975472,0.8736178066192073,2.745291153259104e-05,0.0008499411321784941
151,0.00031609593462053235,0.026944626407142826,0.9721589791463523,2.3790407185265178e-05,0.0005565081046991882
152,0.0008775809977446369,0.19243036391497786,0.8057912890731821,3.434185666185914e-05,0.000866424157433571
153,0.0017498259362173137,0.5279974913686811,0.4684335482690309,0.00010614457329952517,0.001712989852771155
154,0.00028510593199225053,0.03154721205187193,0.9677351148083279,1.6224104279340682e-05,0.00041634310352861494
155,0.0011777367743904927,0.33905091654372244,0.6581430274055037,8.378338006771834e-05,0.0015445358963156828
156,0.00044008899872192964,0.0623366916104182,0.9359002051821645,4.902012819170757e-05,0.0012739940805035449
157,0.0006282567506146823,0.023071710580554097,0.9753602834798258,2.728654619294901e-05,0.0009124626428126173
158,0.0004554841860836555,0.02319889708258608,0.9755144818630475,2.4706272836128348e-05,0.000806430595446489
159,0.0009768261520457563,0.054026205145980624,0.943643846443706,4.622713111727293e-05,0.0013068951271502855
160,0.0003646854702760319,0.02959656922172972,0.9693474864656735,2.3472545800953426e-05,0.0006677862965197516
161,0.000331994986320578,0.02302356447631421,0.9760989661071697,2.007191906781201e-05,0.0005254025111274497
162,0.0002675613552014217,0.05464079467887515,0.9444935567528939,1.9078076962363087e-05,0.0005790091360671505
163,0.00018705422756607284,0.029818636330479185,0.9694968322675755,1.5031527297276335e-05,0.00048244564708178054
164,0.0006844755638411884,0.10675152835929835,0.8918503028932868,3.2714623004380695e-05,0.0006809785605692182
165,0.0002191799863241958,0.03651105383244116,0.9625104071799214,4.217929051436491e-05,0.0007171797107988719
166,0.0012863376976996596,0.11960274257296019,0.877563778036902,6.767850893749734e-05,0.0014794631835006468
167,0.0009744366819185149,0.25166047780494555,0.7459623684438109,8.028921886801753e-05,0.0013224278504570474
168,0.0013722280187974095,0.1004341565711002,0.8970834120523153,0.00011633175782193034,0.0009938715999651003
169,0.0020007933417637122,0.20708709532810546,0.7895064593061955,0.00014622056353699451,0.0012594314603985044
170,0.0007397546779408863,0.1853065358465136,0.8129485832837936,0.00012174364846821992,0.0008833825432836742
171,0.0036339442122195783,0.2893295858083402,0.7042823068555046,0.0003434196511170648,0.0024107434728185845
172,0.002096832372361441,0.2501365449239381,0.7447937367507965,0.0008515596338082132,0.0021213263190956112
173,0.004932293806812904,0.21098657230884432,0.781027066919126,0.0011393231933644254,0.0019147437718522744
174,0.028910682555787548,0.6892972947467176,0.258513032221523,0.016497097258464422,0.006781893217507449
175,0.02236098940122727,0.7686500593370723,0.17218960115376147,0.02294117896391126,0.013858171144027777
176,0.07630023638996829,0.7111339259786329,0.05147029639053533,0.13764996120218542,0.02344558003867825
177,0.0962849218463112,0.46721307804967693,0.01013537940915863,0.4097070523352911,0.016659568359561998
178,0.1034563368935977,0.25810448882813974,0.000925066733128332,0.6059571157477216,0.03155699179741268
179,0.197394380735523,0.06751067208785766,0.00047475392497170433,0.6634707301392926,0.07114946311235518
180,0.16440770163177762,0.06719479037578983,9.478873631055758e-05,0.7551178750781321,0.01318484417798991
181,0.21180407036496926,0.07895829295546977,0.00018918025646252228,0.6744695619302231,0.034578894492875385
182,0.15081705620359045,0.11652505876852817,8.577868719343104e-05,0.7076177038539165,0.024954402486771474
183,0.0355354722172713,0.021219602632138887,3.733832417198758e-05,0.9302060956759544,0.013001491150463416
184,0.04558619968589905,0.023962783294004576,2.7626207481734396e-05,0.918747719414966,0.011675671397648635
185,0.09877658365038007,0.05894901168794613,4.4566394500271405e-05,0.8173419766303284,0.024887861636845303
186,0.05254013237791907,0.019903217231620265,5.752013241521868e-05,0.9045052676314502,0.022993862626595116
187,0.06749015012390179,0.027780416993128835,4.049019190101476e-05,0.8820752450262377,0.02261369766483073
188,0.08001576863548972,0.02030499889868094,3.460177352137803e-05,0.8414274748470701,0.058217155845237796
189,0.09249072984082925,0.026609642944327175,4.673327299956904e-05,0.8496115552040785,0.031241338737765526
190,0.08524435365219812,0.06748130843470274,0.00011929615796031837,0.8130174407402267,0.0341376010149121
191,0.0686564909624372,0.021289882687547106,9.26001325793581e-05,0.8845706362617274,0.0253903899557089
192,0.0811001565399404,0.02790569691056191,0.0001098671036994001,0.8542013760334891,0.03668290341230905
193,0.08184474736605989,0.011038778761281606,2.245525814333812e-05,0.870985478695666,0.03610853991884901
194,0.22803349691983993,0.028636675158359666,4.561110847211067e-05,0.6994937384424007,0.043790478370927574
195,0.18757978522546837,0.027598348390395905,5.3228941365836715e-05,0.7123116758067348,0.07245696163603499
196,0.09600291657977393,0.05731614279065274,0.00014099099273674867,0.11899196100585577,0.7275479886309807
197,0.48138468416689695,0.05325123099413023,0.00018449129300459173,0.3031886868804976,0.16199090666547042
198,0.13199926415838698,0.17015810494040964,0.005613272648557813,0.1750474929966086,0.517181865256037
199,0.1743518629984737,0.04068811292538409,0.000285699823105973,0.11370408270747152,0.6709702415455646
200,0.27918158678393473,0.029109927869831957,0.0003013368654479709,0.5202029024266972,0.17120424605408815
201,0.121075252582478,0.027825041495176128,0.00017050477675446718,0.824183441116568,0.02674576002902326
202,0.07545577620869348,0.013883528076013063,0.0001363117781027609,0.8157289816055332,0.09479540233165754
203,0.06553907221024953,0.01839826337847453,5.874869008765137e-05,0.8441136374070712,0.07189027831411716
204,0.038563944449497574,0.026765850580886725,6.577921653145586e-05,0.5914069975348893,0.3431974282181949
205,0.06582249995099011,0.013033011529613196,5.2558341851282295e-05,0.8644609241609605,0.05663100601658494
206,0.05294283827560926,0.0164329618567833,8.076981603603048e-05,0.8713119587066368,0.059231471344934485
207,0.05722435673127283,0.02821757798388028,0.00011246746491090432,0.8285447684986413,0.08590082932129452
208,0.07917039800555839,0.013830527326045023,8.346900440078832e-05,0.8628997924979257,0.04401581316607021
209,0.04965300581906485,0.009576808480698201,8.56835913890538e-05,0.8651325114245173,0.07555199068433069
210,0.04489551153354325,0.014307208177960572,5.662187881252143e-05,0.9098387290735314,0.030901929336152215
211,0.05383127403214722,0.008648873249078223,5.4397580161614904e-05,0.8859710159798744,0.05149443915873848
212,0.0710825719799066,0.016504387977432457,5.8553728801551416e-05,0.8697430909860164,0.04261139532784303
213,0.0724089148177544,0.01560054702678875,6.745452695630507e-05,0.8598552976459398,0.05206778598256069
214,0.042270579691901095,0.008931394129818294,4.7027437746711575e-05,0.9272763208828854,0.02147467785764849
215,0.01299483155611847,0.00501876352484151,2.2814387060382096e-05,0.9566148857234238,0.025348704808555868
216,0.020779851733322235,0.008302716137591523,6.176015035627271e-05,0.9270212968080304,0.04383437517069949
217,0.06154698968830222,0.015034577351667473,8.627797804501882e-05,0.8669174983801254,0.0564146566018599
218,0.06642441817185146,0.01419621253131789,7.633404294573177e-05,0.8387281964681498,0.08057483878573522
219,0.06414061113881536,0.012396859819403425,4.6726895015354716e-05,0.7276859477118126,0.19572985443495305
220,0.050801056121337076,0.012010253600670796,3.6966861805791794e-05,0.8388153277657621,0.09833639565042425
221,0.03083070003345793,0.02833839813792463,0.0003369449363178092,0.4338175519858198,0.5066764049064798
222,0.22682373837492298,0.035377537485095985,0.00021975343637328757,0.6449945324103412,0.09258443829326664
223,0.17413864198555,0.03636278076505262,0.00033251989283170807,0.6860783851406635,0.1030876722159022
224,0.2568153887703215,0.05909744057324966,0.0001821626550830988,0.5573064461270176,0.12659856187432808
225,0.2344183834619509,0.1644524648771591,0.0008781612069786553,0.22477662979335045,0.375474360660561
226,0.20270001248532044,0.08023137088345843,0.0001368685807707742,0.350294049318266,0.3666376987321843
227,0.16655704992171844,0.13019131061221567,0.002741664222077868,0.5847009125284647,0.11580906271552337
228,0.08054206439397328,0.0451094196954727,0.002391102590378135,0.350210745421961,0.5217466678982148
229,0.02270650767508383,0.025775094685713436,0.0012663325160432338,0.23518755633674623,0.7150645087864133
230,0.08473690548258535,0.0170436029746223,3.652029091810385e-05,0.3081188097273484,0.5900641615245259
231,0.5857116839990577,0.019942367352793887,5.7510299791098484e-05,0.14387143809693206,0.25041700025142527
232,0.7765237091747139,0.03469368248545354,0.00020016163690765883,0.11723108117566572,0.0713513655272592
233,0.5379595955855127,0.19911765524535632,0.00010968636986868418,0.17560148269513626,0.087211580104126
234,0.39634714295103607,0.3270015223771042,0.00021547091116153847,0.2413272598609947,0.03510860389970346
235,0.08729645834222201,0.6764080735967442,0.0004865102861168952,0.2255480687491187,0.0102608890257983
236,0.2473348754906064,0.4751234749473249,0.0004707221636001532,0.26468602925551077,0.012384898142957951
237,0.12546753720319767,0.7019764958999886,0.0008775923125698508,0.1653148185587684,0.006363556025475491
238,0.0902978712513316,0.7984758520093813,0.0015806228948641661,0.10391734155029479,0.0057283122941280745
239,0.24864393755383002,0.6731930203642528,0.000522692387449715,0.06144464050872031,0.01619570918574719
240,0.016615658444982043,0.9744260597106084,0.0017221509043014965,0.0062469862879434065,0.0009891446521647885
241,0.06315421012034858,0.9135393141483729,0.003494149607223624,0.016850276283952734,0.0029620498401020626
242,0.07709226173484642,0.897953154087355,0.00199966372438179,0.020168147537276776,0.002786772916140002
243,0.11987539151660878,0.8402238073113536,0.0006390918512814653,0.035915588036405405,0.003346121284350675
244,0.05643176605936563,0.9287532671346673,0.0032363338715890415,0.008680641229253487,0.0028979917051245477
245,0.037920153228719285,0.95495467949449,0.0011976740726498648,0.0038365973105293845,0.0020908958936114524
246,0.05097268098630088,0.9389266124537687,0.003742698365179799,0.0045583502168482755,0.0017996579779023438
247,0.026931792490439005,0.9249425598307429,0.03690398853920062,0.009829620329480189,0.0013920388101372964
248,0.1716814121072186,0.7846255646466018,0.0023349728402694715,0.03551118602954645,0.0058468643763637225
249,0.05222820317203818,0.930490860023131,0.003587378048232055,0.010527483243778326,0.0031660755128203044
250,0.02137828816383992,0.9636271633107942,0.009912627536706844,0.0035110200379845236,0.001570900950674465
251,0.04157019970661003,0.9479718432851902,0.0016348931269894807,0.007424652570619261,0.0013984113105911088
252,0.01584846460250193,0.9695346547964592,0.007574746191096983,0.005628656691413463,0.0014134777185283798
253,0.022798218498441766,0.9324771608675801,0.03225954926149212,0.00870426008288955,0.0037608112895962027
254,0.03224336399164499,0.9451151062160943,0.004837112906216645,0.016311770203745583,0.0014926466822983554
255,0.021391579971066617,0.9631504425776685,0.0039357583275865474,0.010113703403318157,0.0014085157203600892
256,0.19859218995632222,0.7433628541868589,0.0034347082371967287,0.003431685120460135,0.05117856249916201
257,0.08072486467841046,0.9063921986523209,0.007579389804307945,0.002729014337225738,0.002574532527735137
258,0.07325002257767542,0.9135828595526455,0.006804781152551928,0.004565909424616342,0.0017964272925107998
259,0.04311346477855732,0.9282507842035164,0.024538621350133426,0.00206302114483079,0.0020341085229620276
260,0.020541842870066763,0.9559453093264425,0.017967065190420666,0.0037449591201079583,0.0018008234929620958
261,0.021112765434316536,0.9453419194652779,0.029078424246198734,0.0018548001710492847,0.0026120906831576768
262,0.05148785871723828,0.9226909238666688,0.01916380293123423,0.004133029493375879,0.002524384991482822
263,0.02581821368882614,0.9404670450758353,0.028425619311167362,0.0038591152154891202,0.0014300067086819735
264,0.01150014102864752,0.9180713202894392,0.06791017353522644,0.0011456191836382433,0.0013727459630485724
265,0.02026403141241838,0.9280718837974874,0.04639713266050221,0.002441569421588343,0.0028253827080038656
266,0.035907689552460244,0.8919766931817134,0.06557380347693786,0.003059338700122504,0.0034824750887662796
267,0.009107332030067394,0.8079161061253521,0.17964487564220671,0.0010777743830090794,0.002253911819364719
268,0.005629471160376608,0.895982106105195,0.09613613148423376,0.0008456457058553453,0.001406645544338991
269,0.01271816076499724,0.909717198163206,0.07525750450946382,0.0010472683073803073,0.0012598682549526013
270,0.003639068703505654,0.82116216281668,0.17280464748851532,0.0007734685761476754,0.0016206524151513915
271,0.0028780456454532348,0.7408247110210989,0.25499404848572593,0.0002939876712329204,0.0010092071764888709
272,0.007348704573671769,0.6389451660834139,0.3487257327685244,0.0021647945017631356,0.002815602072626682
273,0.004411058773472425,0.5434955656496054,0.44919473709982743,0.0008094436441203381,0.002089194832974267
274,0.008197733128369269,0.7915697185273309,0.19617312246537288,0.0016791653485848366,0.002380260530341983
275,0.006064678564785495,0.8758504723520105,0.11381894666757149,0.0020009782792842793,0.0022649241363483052
276,0.0019573846510342707,0.668716457561054,0.32842433992467773,0.00015134375263770058,0.0007504741105962409
277,0.00857209486705223,0.7938703507065903,0.1935356045075205,0.0015141967188189668,0.0025077532000179793
278,0.008427793266699748,0.7192096204143044,0.26582053503883235,0.0013450225286023398,0.0051970287515611165
279,0.006506387566927642,0.8253179593713125,0.1657872609938627,0.0008414895324666921,0.0015469025354305727
280,0.003988275049083698,0.6285338738942783,0.36507588726453694,0.0005162364826203701,0.001885727309480586
281,0.00383124550842419,0.28586685715308285,0.7085031713170864,0.0002590595997092694,0.0015396664216973653
282,0.004601772526882631,0.44574240905102736,0.5473147026397039,0.00039297767727377523,0.0019481381051123779
283,0.0030527463836060712,0.502520446829047,0.4910241144331123,0.0002874426492534223,0.003115249704981328
284,0.006328689930619675,0.5114944688334975,0.47698648574676655,0.0006777426803979745,0.00451261280871833
285,0.0035035236286146223,0.5598030429789423,0.4327009236089855,0.0004931283284933555,0.0034993814549641286
286,0.004684176193704981,0.6883944828739962,0.30421744298347314,0.0004155904279547234,0.0022883075208708498
287,0.005276164213621096,0.6938993749056596,0.298372325251483,0.00047355823656290014,0.0019785773926733682
288,0.002918081358282109,0.6946451269191146,0.30045563517217805,0.00044349128041594433,0.0015376652700094676
289,0.0014876014569449466,0.18898635285391097,0.8081457303307872,0.00020239027028135567,0.001177925088075445
290,0.001523525039705527,0.21972033983726855,0.7757998767768501,0.0005051684693305009,0.0024510898768452223
291,0.002795594915078706,0.34661659588774735,0.6488745837392056,0.0002945094172906697,0.0014187160406776526
292,0.00209243020172016,0.37964111997145095,0.6156047654967837,0.00044181489396479776,0.002219869436080268
293,0.0015491811174228021,0.1755846923065843,0.8213698239818239,0.0002410820205574466,0.001255220573611476
294,0.0009196182040266399,0.14574751768263877,0.8523488103403868,0.00015261254699722168,0.0008314412259505878
295,0.0005326184120581189,0.10545546523706605,0.8932928453673178,9.3078744980131e-05,0.0006259922385776452
296,0.0022954751005890535,0.24564606258555297,0.7498653822190389,0.0003935818033966668,0.0017994982914225407
297,0.0012421095804616721,0.2602438672744169,0.7370107000542705,0.000268233275886578,0.0012350898149642764
298,0.0012049980907646355,0.3212537533449892,0.6757251194047428,0.00022246271894715876,0.0015936664405562055
299,0.0023451754132287643,0.21968047419124473,0.7757746224451907,0.00034605513693942595,0.0018536728133963204
300,0.0013433388141380336,0.18462978252428774,0.812634632460148,0.00026602438839873544,0.0011262218130273034
301,0.005004409439406887,0.5891290933118939,0.40252218584480165,0.000981351439583416,0.0023629599643141155
302,0.002409232753412619,0.32863187186173454,0.6674384482032134,0.00021330302876195717,0.0013071441528776002
303,0.0012321366069814388,0.2066219730282362,0.7910428129065888,0.00018444732246564752,0.0009186301357278022
304,0.0020823015438891897,0.19678115301580418,0.7994828959237376,0.0003158295538977445,0.0013378199626713817
305,0.003055329808884761,0.13409365923393615,0.8599797679728953,0.000753341235551299,0.0021179017487324473
306,0.001200621428267606,0.3913709486592531,0.6058007665161764,0.00025973581316581613,0.0013679275831370516
307,0.0028299525383592896,0.3184522191460922,0.6761082539875063,0.00041947106103710813,0.0021901032670052336
308,0.0006588452781840778,0.10115162560814424,0.8967944043136086,0.000222555465032155,0.0011725693350308642
309,0.0021424247740233046,0.10061641794206032,0.8950204814182482,0.00030942492958155625,0.0019112509360865349
310,0.003632139538410805,0.2747530956296131,0.7185351054612593,0.0005237883127331153,0.0025558710579838034
311,0.002190717017743083,0.23806649699927354,0.7575544624251997,0.0004225190994996514,0.0017658044582840122
312,0.003528277941093968,0.5207695489048179,0.4735209151888548,0.0003943660014368827,0.0017868919637963965
313,0.0012688899846756059,0.08921998964797456,0.905927402300558,0.00035249149452183946,0.0032312265722698485
314,0.0009755613822297596,0.11040867028013712,0.88751154799933,0.00023072015090182623,0.0008735001874013427
315,0.001239585739128895,0.07792808295458035,0.919216379432052,0.0002990085657273592,0.0013169433085112264
316,0.0016357536126303549,0.5031627873148193,0.492905184514327,0.00040597085130050683,0.0018903037069226939
317,0.006016484445063186,0.584092657706412,0.4056180035958196,0.0014219621791442495,0.0028508920735607706
318,0.003609336565483675,0.21628890399811712,0.7764268792072967,0.001142302397912566,0.0025325778311898893
319,0.0005968781885578372,0.0640867186811425,0.9343026819165875,0.0002147863945696842,0.0007989348191425901
320,0.0048721158596677265,0.5649197412508472,0.42728736989858734,0.0014400418007116124,0.0014807311901861122
321,0.002890452597958649,0.414782717481359,0.5801448606228552,0.0007082354068085969,0.0014737338910185765
322,0.0008819199587891735,0.13344764797277245,0.8643642090654087,0.0005293420160372534,0.0007768809869924334
323,0.00448173342966496,0.5564670489387076,0.43573718625775426,0.001059559750277479,0.002254471623595832
324,0.000880704165522391,0.08187787506059965,0.9153814769230714,0.0005124278789875207,0.001347515971819
325,0.0009557841913504442,0.13232346148367843,0.8652182801162686,0.0003698692241403202,0.0011326049845623895
326,0.0008720922500014056,0.12354640437591262,0.8741888074443082,0.0003587881528205885,0.0010339077769572947
327,0.0010892018287651018,0.23369009896690945,0.7634981462947515,0.0003730848672548152,0.001349468042319021
328,0.0013304315564485912,0.07611131080562081,0.9191515318093059,0.0008084395210176979,0.0025982863076069364
329,0.0006941980154424413,0.11347542705993914,0.8845018857645695,0.00026110033969740075,0.0010673888203515582
330,0.002422449093136395,0.43794423483125317,0.5575126126367681,0.0005427613821236075,0.001577942056718636
331,0.0013874978427856318,0.09260425200210458,0.9031926728623421,0.0006829692933030364,0.0021326079994647535
332,0.0009990657087128934,0.3948100888976251,0.6020496566661762,0.00034404031263207034,0.0017971484148538181
333,0.0007834547060698549,0.07723265028932813,0.9207926541582504,0.00031149883394903093,0.000879742012402563
334,0.0038007327587432885,0.32282789504785186,0.6680354810703653,0.0015353598019091082,0.003800531321130384
335,0.0013821837355570304,0.07708586512556234,0.91457472624632,0.001442170067567574,0.005515054824993066
336,0.010839549250307778,0.40348364940556225,0.5739835521346002,0.003730098150633646,0.007963151058896006
337,0.0024549175833433077,0.19722135292117393,0.7955128984765156,0.001056474700028536,0.0037543563189386944
338,0.00609873621766843,0.19116895540396178,0.7969263684776676,0.0009608350099298366,0.004845104890772196
339,0.05168792293577748,0.4988378528837744,0.07582400944062301,0.008557216868324601,0.3650929978715005
340,0.18869897325051313,0.038786690961624876,0.0017650991841477118,0.02267355396936727,0.7480756826343471
341,0.6416494258959131,0.28337040911636424,0.0064563438419084525,0.029264384092512856,0.03925943705330125
342,0.3617514244853975,0.5626725327626579,0.0026906636285330635,0.002342460081321662,0.07054291904208992
343,0.568768816047884,0.3554267720888794,0.0016140272753936296,0.0012188105085662265,0.07297157407927672
344,0.14461665249594582,0.7877896926040725,0.05015958675913396,0.0038209738822236965,0.013613094258624078
345,0.15015066966867915,0.808861782172731,0.02241647555296167,0.005966764438608972,0.01260430816701912
346,0.15135066975591452,0.780947378086194,0.030639208959292914,0.016359451612249987,0.020703291586348642
347,0.06277372767111379,0.9099454533540778,0.011879578346982196,0.009904787858512995,0.005496452769313307
348,0.058361833708928584,0.8892374964847873,0.02858443464184891,0.009271744722986492,0.014544490441448591
349,0.027976181094556633,0.8527401326766096,0.09261757147614755,0.017957880937068862,0.008708233815617217
350,0.0822130865477246,0.6932732701498685,0.1759417402397188,0.038065577573451866,0.010506325489236308
351,0.07549749766960474,0.47685914672678786,0.37977089008108794,0.05603761076669114,0.01183485475582831
352,0.15272643273453212,0.2208624548145515,0.021840821148975148,0.5875667258841015,0.017003565417839747
353,0.07555699338841072,0.4695378749788856,0.06856670332754221,0.35216036667977235,0.03417806162538929
354,0.08623579795490581,0.2668732140842709,0.0007639484404050479,0.6368785345688603,0.009248504951557927
355,0.14726569875701945,0.06639048520912597,0.0002256553640604618,0.7664509761869767,0.019667184482817547
356,0.13465753806814884,0.0410750348313254,0.00011936418242817259,0.8013053573806297,0.022842705537467974
357,0.19997692911714085,0.053190098429079846,7.656872387670908e-05,0.7230793361029766,0.02367706762692606
358,0.11509297786089621,0.05788201715136992,7.277106494366144e-05,0.8123647639758887,0.014587469946901428
359,0.07198283647388587,0.05904495042672655,5.8024807807884256e-05,0.8516681640160068,0.01724602427557281
360,0.05773421198397288,0.021551998132591788,6.384822850956376e-05,0.9039625468247802,0.01668739483014567
361,0.0656883596007887,0.027018794857552424,4.618312049190618e-05,0.891183051453237,0.016063610967929944
362,0.054791004960225015,0.026747913796592828,2.9473420166452768e-05,0.9088881252845966,0.009543482538419149
363,0.09061691083437079,0.03636207906400246,8.406580030978753e-05,0.8479816209034248,0.02495532339789222
364,0.05481171860704004,0.022955325661732428,4.793372292551556e-05,0.9115654794161208,0.010619542592181369
365,0.02896994638275006,0.03378833498888053,5.2169103336867215e-05,0.9303377240122285,0.006851825512804149
366,0.035063400819973244,0.013193830651674126,3.565077342806042e-05,0.9300622572376894,0.02164486051723504
367,0.018522907889040346,0.012760629810786541,3.06602952923334e-05,0.9644250829163501,0.004260719088530724
368,0.04207380080253958,0.022486410454705005,6.391422032153559e-05,0.9217043149654733,0.01367155955696062
369,0.06460290949744668,0.03208626388913366,4.51707726276998e-05,0.8696032392848557,0.03366241655593615
370,0.0812210356816558,0.019422860278946363,3.369056359260104e-05,0.8660517034170708,0.0332707100587346
371,0.0820060479908048,0.02332335191220514,4.279221175194885e-05,0.8791320800379379,0.015495727847300241
372,0.07589404682972913,0.022707266648696395,4.801868092820678e-05,0.8917105570347155,0.009640110805930722
373,0.05752126002322854,0.02119136066867275,5.1589473473856046e-05,0.9078646498428334,0.013371139991791433
374,0.050592020667771694,0.02836578399245403,6.485664220057161e-05,0.9137501196912158,0.007227219006357848
