epoch,N1,N2,N3,R,W
0,0.0011491735837164691,0.0012228575973750261,4.6655294764175335e-05,8.086557899799319e-05,0.9975004479451463
1,0.0017043397333973715,0.0026398442023905905,0.0001060320609371641,7.534155038949736e-05,0.9954744424528854
2,7.176353070442729e-05,0.00012480090162580803,6.0167825603934735e-09,7.509449660922511e-06,0.9997959201012263
3,0.00024523089990682596,0.0002503074609023952,0.0001869570070766697,1.085336222867288e-05,0.9993066512698855
4,0.000894549402226147,0.00011196147058811028,3.486774461127342e-06,7.757205483117387e-06,0.9989822451472415
5,0.0009810730151290608,0.00010788743768836368,3.0083198082346264e-06,1.0937701944626005e-05,0.9988970935254298
6,0.02248425661088838,0.0008956556848481564,3.661156182945894e-05,3.871630796782907e-05,0.9765447598344662
7,0.03285373931943581,0.0028394775195795226,4.696438462746775e-05,9.68167431372669e-05,0.9641630020332199
8,0.24520319229392873,0.024376800193056537,3.157753812329142e-05,0.0010617221554805577,0.729326707819411
9,0.22447828381238677,0.02028173540960314,6.0067048101846595e-05,0.0012653495854216242,0.7539145641444865
10,0.21708034991273636,0.03920673130307054,0.00016917814842854978,0.007482236550018179,0.7360615040857464
11,0.0012920031418372977,0.0006263837625460895,0.0001993256796585015,1.4320834455453207e-05,0.9978679665815028
12,0.0012800815001888094,0.0002639012035808924,1.909254363514949e-06,7.395185580827334e-05,0.9983801561860586
13,0.21477962311333545,0.006532735429035121,6.352877884094777e-05,0.00186861045995785,0.7767555022188307
14,0.3092342037789493,0.017982999436550292,0.00013122365407708018,0.004536062234882224,0.6681155108955411
15,0.050592331760442324,0.0327505669115497,0.0003167207316677635,0.005897816769072928,0.9104425638272673
16,0.0004910560478879382,0.0004434394514133938,9.929692410999123e-06,7.118260730190288e-05,0.9989843922009859
17,0.003418582705976951,0.0021971601238176507,0.0008557858388556816,8.349846451128125e-05,0.9934449728668384
18,0.0007703994969825031,0.0005375674850258552,2.0798387368161053e-05,3.135336673803129e-05,0.9986398812638856
19,0.01679463464153884,0.0007509358311531518,2.254072213148088e-05,5.705145349055415e-05,0.9823748373516861
20,0.024101093692651804,0.0031508156227991026,1.1232043765365672e-05,0.00016248520956161272,0.972574373431222
21,0.0026738641248220413,0.0011897399792350231,0.0004006825701266435,0.00014354157763941312,0.9955921717481768
22,0.00834944669893857,0.0014098944438329139,4.199065856855461e-05,0.00013957227417301767,0.9900590959244868
23,0.05626202964673794,0.05583074374059477,0.0009465903185193021,0.0011131220021079497,0.88584751429204
24,0.02225348527648169,0.0037964119310434593,0.00010995021195126732,0.0001808252806306629,0.9736593272998928
25,0.0025495703341584363,0.0009277911861518674,4.998777311440346e-05,0.0001260322271797386,0.9963466184793954
26,0.039660614900145046,0.004309984767908139,1.9913157992799196e-05,0.0012379001828892228,0.9547715869910648
27,0.17883514681972199,0.009800527011421032,2.233292760906209e-05,0.0013945083309998725,0.809947484910248
28,0.6694323278426002,0.046909993699940505,9.93368602830065e-05,0.008559901285977767,0.2749984403111984
29,0.03634648404025925,0.01231667259422298,0.00013135480313232646,0.002412635756895284,0.9487928528054901
30,0.47670566175935325,0.040094552908968385,3.7063397413583616e-05,0.10460639996667032,0.3785563219675943
31,0.509081113127505,0.04358517887094561,0.00014483186709414835,0.285015868419145,0.16217300771531018
32,0.5388257722434949,0.05481519483619328,0.0001133511367031955,0.2527616956378352,0.15348398614577333
33,0.4937321898497815,0.10406169452911282,6.337909626466051e-05,0.10836327277812166,0.29377946374671926
34,0.4264147542760144,0.3991243038824014,0.0003625400819504944,0.06866224520250971,0.105436156557124
35,0.4465433659720702,0.33146230167896157,0.0006165477496706604,0.12086761184076483,0.10051017275853269
36,0.34735302883063013,0.15003741211940938,0.0002992353885012485,0.3679336321774808,0.13437669148397846
37,0.31494874580463206,0.1971662713401052,0.0005164154470412516,0.413831696044253,0.07353687136396858
38,0.36383124748298945,0.14677989144019804,0.0008076979514819053,0.3874944122691357,0.10108675085619487
39,0.3991607838038369,0.12126144896515378,0.0005925006773814219,0.41401793617859967,0.06496733037502843
40,0.18426557918456646,0.28811705199717214,0.0072973950569189166,0.08963380998817831,0.4306861637731641
41,0.010566209386107358,0.007658438020969259,8.571462463155783e-05,0.0011116289162679883,0.9805780090520237
42,0.37794529943351884,0.01365288944301878,3.352598923112716e-05,0.005708249448027534,0.6026600356862037
43,0.5207383825560173,0.10235627385009291,0.00015999293977836938,0.0010112623017021628,0.3757340883524091
44,0.7589873765100016,0.11947833001199323,0.001859973685487064,0.0008387985033405629,0.11883552128917761
45,0.1926845625031322,0.7354226112230252,0.03059849389852808,0.005506891486779231,0.035787440888535325
46,0.12473648704225952,0.8269513661191191,0.006844727390898714,0.01416313047032177,0.027304288977400854
47,0.05231556835277784,0.9038882974756662,0.011127651776098832,0.018510167708119137,0.014158314687338008
48,0.01134092078174382,0.9550808201276214,0.015726239156260587,0.006940949655948842,0.010911070278425212
49,0.010092523796373976,0.9407483705810352,0.044345856496026737,0.0014531470864525544,0.003360102040111482
50,0.007016476587536453,0.9394451821460779,0.04871546518766901,0.0009743355482435857,0.0038485405304732132
51,0.016090317237332896,0.7023958826510873,0.2768871224464611,0.0009662331760425358,0.0036604444890761994
52,0.004972227949625515,0.6190196042080551,0.37230000009409486,0.0005300322172125749,0.003178135531011816
53,0.0029771391603025535,0.37483774213554544,0.6203485511669603,0.00030543722700350755,0.0015311303101882073
54,0.0017999720428619871,0.3034623298372296,0.6931698206881004,0.0001866838067416747,0.0013811936250664068
55,0.0026441647515279628,0.3756128519759362,0.6194243544891413,0.0001915292669536565,0.002127099516440915
56,0.001503024823783932,0.2766020959377987,0.7194526941576214,0.00014642237860997156,0.0022957627021859836
57,0.0008724729797038065,0.1474907347841241,0.8507060242722423,0.00010225822139058028,0.0008285097425392632
58,0.001867330716342876,0.26708874424677437,0.727039656686899,0.00015297638477435247,0.0038512919652095574
59,0.001980590077094315,0.31504709622046995,0.6795407532831834,0.00016907659605550375,0.003262483823196785
60,0.0032061786362696065,0.23885595547827743,0.7551101387265079,0.0002954650627695667,0.002532262096175467
61,0.0012912873032534385,0.1443193962362618,0.8517190403418132,0.000155051724294922,0.0025152243943766194
62,0.0017217331922019766,0.21758133845911187,0.7780924902608152,0.0001313505635633141,0.0024730875243076495
63,0.001034511987344613,0.12950682755590387,0.867447954273485,9.973974925042731e-05,0.0019109664340162293
64,0.001038844664140656,0.0801404509355383,0.9181111208558215,7.857192182167741e-05,0.0006310116226778304
65,0.0010936881480293355,0.18275665934774293,0.814909396914267,9.431135778299916e-05,0.0011459442321775696
66,0.0031268691265110456,0.16576199418192522,0.8276592196374992,0.00021234505950688451,0.0032395719945576113
67,0.00633669192621437,0.24092991217442497,0.7485653223503755,0.00029653855386844324,0.0038715349951166187
68,0.0010933309619654975,0.06765406096025497,0.9302851281797221,6.43982991025092e-05,0.0009030815989550126
69,0.0012914347631768678,0.1230004758889277,0.8735663916478246,8.673134959634301e-05,0.002054966350474441
70,0.0006983878733673576,0.07752992404440588,0.92024027082623,8.246333823263233e-05,0.0014489539177643504
71,0.0010296109505765474,0.06183685625127959,0.9352225258109221,7.492641841977842e-05,0.001836080568801866
72,0.0004074875642251957,0.0674789183004006,0.9309713138241653,5.849651035514477e-05,0.0010837838008539659
73,0.0012777406933041503,0.13185699588705413,0.8645580768845692,0.00012359884567942218,0.0021835876893931527
74,0.0007706837675828864,0.03115275135189449,0.9665307794682481,3.32881200885187e-05,0.0015124972921860829
75,0.0010102611693091881,0.0813083304792009,0.9161616641026477,8.48719035438392e-05,0.001434872345298335
76,0.001256715896422777,0.13398420210610515,0.8619099907793626,0.000100603994765854,0.0027484872233437905
77,0.0005814436547544332,0.042696276412944,0.955133068893206,6.744296581124375e-05,0.0015217680732842898
78,0.0004265360788646726,0.0871816479549448,0.9098305878655257,5.9085990592907216e-05,0.0025021421100718524
79,0.000328996266249757,0.04680674351185133,0.9517876872311458,4.960263290908235e-05,0.0010269703578441437
80,0.00047306628278915766,0.09618557573696361,0.9015916437573229,6.657712938279567e-05,0.0016831370935415017
81,0.0004285915380122809,0.035251254488041596,0.9634829397817617,2.3863047173210472e-05,0.0008133511450114199
82,0.0016893533706134713,0.13945532917303324,0.8558561380750547,0.00012707996927652143,0.0028720994120223263
83,0.0006206459143344453,0.09022781836856761,0.9081253191473274,6.59430253515953e-05,0.0009602735444190184
84,0.0005072306706823186,0.09324801210443254,0.904536415999123,9.798562941291727e-05,0.0016103555963492252
85,0.0017617506888236074,0.20289402431038345,0.7934774073934314,0.00021086130215690219,0.001655956305204864
86,0.0007092479145385343,0.07551338989921319,0.9227293958059057,7.234760590718832e-05,0.000975618774435496
87,0.0004722894317491078,0.09528110960038305,0.9025089833471643,8.402288821539117e-05,0.0016535947324880786
88,0.002186313061741211,0.23810862511476014,0.755841773918221,0.0003332489649997987,0.00353003894027783
89,0.0010781885588707937,0.06797652325117284,0.9296314096280771,0.00012477041572980926,0.0011891081461493874
90,0.0007255880761628424,0.13033691715392165,0.8664788758815107,0.0001634009023905686,0.002295217986014272
91,0.0005129656861406005,0.06241739535180324,0.935884932744676,8.758753681103655e-05,0.0010971186805688606
92,0.0005104335707428691,0.07198718585749204,0.926186441821348,5.304066431304785e-05,0.0012628980861040164
93,0.0008362332442531384,0.07408303748100283,0.9233579915027302,7.45037874022723e-05,0.0016482339846114016
94,0.0005593317796447485,0.05282605211408946,0.9447256620499291,9.124004723026893e-05,0.0017977140091063736
95,0.0003608511913817235,0.08680773272902888,0.9102930128827016,8.47189934223338e-05,0.002453684203465281
96,0.0015066866678799561,0.15540280827402012,0.8384707945914447,0.0002111278560335812,0.0044085826106215805
97,0.0002258033863231698,0.04926990321481714,0.9500140777488064,3.817755296056858e-05,0.0004520380970928662
98,0.0002656912130198607,0.03792415250612398,0.9611334298206319,3.071771113402557e-05,0.0006460087490903097
99,0.00036004719780780795,0.02997279960143016,0.9684534564890803,5.708072265608014e-05,0.0011566159890257183
100,0.0004429211115634965,0.09197135892695742,0.9058226566096403,5.3717420708720575e-05,0.0017093459311300237
101,0.000495861362351798,0.04470925473917196,0.9541737948934556,4.3033226355930506e-05,0.0005780557786649171
102,0.0006616611809231612,0.03601331383139275,0.9621835261204706,4.336928684989171e-05,0.001098129580363675
103,0.0004176841526362374,0.04349684016098667,0.9550101294616813,4.469426528767171e-05,0.0010306519594081149
104,0.0004383141324891352,0.04929736175824843,0.9485741754252345,6.206428470905674e-05,0.0016280843993189296
105,0.0009290916618539276,0.11847155035322109,0.8788672194075283,0.00018823764780283504,0.0015439009295936943
106,0.00085356937077854,0.152043853977479,0.8443619856941913,0.0002636453808287687,0.002476945576722378
107,0.0007864626465460203,0.059475497090927504,0.9384129546175368,6.989657938107394e-05,0.0012551890656085933
108,0.00026898387008511765,0.05089398815102337,0.9479584035688348,4.843433632730163e-05,0.0008301900737295349
109,0.00037889677471268526,0.05139526254121569,0.9473761304635678,4.151142200503883e-05,0.0008081987984990053
110,0.0006152290270169057,0.07195099090069815,0.9264486129135787,7.273837868796133e-05,0.0009124287800182651
111,0.0003239242416451592,0.04894121578483302,0.9500659851670448,4.87297740148542e-05,0.0006201450324622637
112,0.0009146000149541334,0.16261058691496127,0.8343932025703206,0.00019151821888901708,0.0018900922808750505
113,0.00038900045204060327,0.07315368344463924,0.9256969074372761,8.979967167799403e-05,0.0006706089943660827
114,0.0012918287133396105,0.11625571110359188,0.88104229550395,0.00016886511568617568,0.001241299563432323
115,0.0008889115082469051,0.2081517876593258,0.7888928751529469,0.00017767501936508413,0.001888750660115416
116,0.0010037143354832596,0.040524824329208176,0.9573785677942377,0.00010155848528678137,0.0009913350557841326
117,0.0007035028738494815,0.09215060070954312,0.9057023139095183,8.769811825499755e-05,0.0013558843888339975
118,0.0006000362215655987,0.06915931136951292,0.9288884773429241,8.736577593160194e-05,0.0012648092900657546
119,0.00046533208226923406,0.03256589712236293,0.9659595067974966,4.3263886240633325e-05,0.0009660001116306053
120,0.0007228595176197071,0.062492395521996785,0.9356018291803191,5.450640617295439e-05,0.0011284093738914756
121,0.0003912437293954638,0.06115723958288966,0.9376800500332831,3.270507360781596e-05,0.0007387615808238022
122,0.0011014539559818961,0.1492311915205885,0.845472106522967,0.00016243549975299292,0.0040328125007096
123,0.000276687249849244,0.04891549779950507,0.9502353883765707,2.554129923932477e-05,0.000546885274835697
124,0.0003828460614884464,0.03848961913537311,0.9606638827595229,2.5440681515472356e-05,0.0004382113620999106
125,0.0002677909853117561,0.0479901891716752,0.9512294635637399,3.0133056103193188e-05,0.0004824232231698941
126,0.00038135784945320485,0.0345376090095587,0.9644983391284218,2.6857803193671665e-05,0.0005558362093727591
127,0.0008681712830036333,0.10463032827305259,0.892821600113972,0.00011470482800545502,0.0015651955019663787
128,0.0011896192502930756,0.06969521250142685,0.9273928494974982,0.0001308042156823357,0.0015915145350993702
129,0.0010328715922536351,0.1407622837302177,0.8572649041612561,6.130819843774669e-05,0.0008786323178347948
130,0.0007066127241484102,0.059004316064075794,0.9395941497262675,3.364600670793291e-05,0.0006612754788003842
131,0.0005515211828877067,0.07454798009159003,0.9238065221695149,8.884620628090042e-05,0.001005130349726325
132,0.0012764810401562124,0.05601649393041299,0.9408838802084442,0.00023456731144378724,0.001588577509542874
133,0.0016557161325287935,0.09964673251799651,0.8958723316499878,0.0010240110651777655,0.001801208634309243
134,0.0013969067132588657,0.18427802835708995,0.8104460042633124,0.001177512004031568,0.0027015486623073997
135,0.020816290559557173,0.46568606473097773,0.48772848030101335,0.01257077323559415,0.013198391172857647
136,0.10590346163570452,0.5571676860559946,0.04345232362746408,0.2749744899495319,0.018502038731304918
137,0.16652968597296028,0.29754188431342316,0.001398305277533266,0.5070819711563099,0.027448153279773395
138,0.25041391606185287,0.2152655290440702,0.0005006731003498322,0.41584184205854235,0.11797803973518473
139,0.03395847110283367,0.03149513452350407,0.0006284013775922307,0.00811905785843003,0.9257989351376399
140,0.46095058611876644,0.09982378178644151,8.551457107777878e-05,0.007301707810962598,0.4318384097127516
141,0.5921695054706433,0.2723732214881781,0.0006193094233119209,0.02307747366840606,0.11176048994946053
142,0.6570104350738943,0.25018130786201503,0.00033321006881333986,0.007152019779441996,0.08532302721583523
143,0.6219922143700823,0.22408187511542899,0.00022884655288399252,0.09655757743667549,0.05713948652492918
144,0.24634000624278685,0.45056022257170936,0.13306836683489104,0.024421198859356574,0.1456102054912562
145,0.24315612039542908,0.599608733942324,0.0637974144771827,0.052396016449365104,0.04104171473569927
146,0.16068364708706262,0.6929230496209122,0.008871976310439483,0.10786837514825295,0.029652951833332636
147,0.36043116081707904,0.19573757592396254,0.0065666610679144906,0.10801803749370076,0.32924656469734315
148,0.052687676102893495,0.8521693743122333,0.008334795183282107,0.08098650073468154,0.005821653666909391
149,0.057386536632010716,0.8073349508117815,0.06460366835876806,0.0586223091041822,0.01205253509325745
150,0.5504169502622622,0.14451829566710192,0.0001423695989639142,0.28268922684641695,0.022233157625255004
151,0.06149932908695982,0.8228174946662385,0.020110679969468036,0.07477851705836962,0.020793979218963882
152,0.0599021959775545,0.8082244553976348,0.0033682279423272667,0.12080874857803107,0.007696372104452242
153,0.11242982881479673,0.6022741172536922,0.0025971508180123656,0.27390861389109816,0.008790289222400532
154,0.07668108742088459,0.6966553265551438,0.002057907658883372,0.21150963860903474,0.013096039756053352
155,0.2192759757306238,0.487830957532421,0.0004370611968625498,0.2792647845809408,0.01319122095915163
156,0.09778390834325049,0.7418142222052685,0.008115455913703787,0.13558415307285274,0.016702260464924505
157,0.18101442815036034,0.574780477552557,0.00204422753009319,0.23074354469640618,0.011417322070583215
158,0.09947719246878096,0.5618110738864183,0.0020747920487283597,0.3229764588073496,0.013660482788722894
159,0.02870514677746442,0.833813934734653,0.004010709234410281,0.12951592690586453,0.003954282347607548
160,0.09424860229998686,0.12328100999480197,0.00021218655116539225,0.7723641815194902,0.009894019634555662
161,0.06523195876072783,0.06546042675816931,0.00016584511391665497,0.8606716480781152,0.008470121289070926
162,0.11379440777767265,0.06960561804395105,0.00017752733938860752,0.8084641147704925,0.007958332068495052
163,0.2726346305866779,0.10704059875799869,0.00022409155445350556,0.6028044172851142,0.017296261815755713
164,0.09442566025583969,0.3471027007886739,0.0006248777144331229,0.5476959026057096,0.010150858635343757
165,0.09500940926070367,0.0786037103374796,0.00021127517788334984,0.8139318226720283,0.01224378255190513
166,0.14049127520927704,0.12214985815669065,0.0009304639522940823,0.07049306069179125,0.665935341989947
167,0.18706726446692962,0.30473620586982575,0.0002836066534108943,0.47313460059537493,0.03477832241445879
168,0.2561970917712463,0.3909050357591695,0.0008975842378194025,0.32976712508759154,0.022233163144173246
169,0.1599974966900102,0.11398870139873585,0.0002576287013508195,0.7139969238718549,0.011759249338048207
170,0.03682076018189162,0.06219289290220714,0.0001633438896383261,0.8968114592755323,0.004011543750730647
171,0.05292982616839626,0.10233309826364283,0.00023322911723851363,0.8409145377495066,0.003589308701215692
172,0.03898241647526398,0.04262123485710784,5.422970004447807e-05,0.9145600937133591,0.0037820252542245074
173,0.04949022801232344,0.042968354338663584,6.528601535379321e-05,0.9020279651611596,0.005448166472499676
174,0.04877934220861004,0.04330542931492619,8.298571755197076e-05,0.9039887647381564,0.0038434780207555015
175,0.03145058784013709,0.044828765013259206,7.005447057420546e-05,0.92021344170598,0.003437150970049341
176,0.0796799377334533,0.09930043534380521,3.678980651359176e-05,0.8116424963321553,0.009340340784072672
177,0.0413082995433496,0.029447782051356772,4.338323938900511e-05,0.9252070872904954,0.003993447875409322
178,0.06207410906691186,0.099264154289263,8.054103654178017e-05,0.834834338124681,0.0037468574826023987
179,0.08632215484287117,0.04646061629097025,4.174748438146892e-05,0.8602115964105299,0.006963884971247272
180,0.08515190949421013,0.06369287968022365,0.00011874554977594386,0.8479580387353816,0.0030784265404085924
181,0.12994713000454672,0.16211244563292426,0.0002369012691845964,0.7019766317293872,0.005726891363957184
182,0.08844134779766195,0.5420525192925787,0.0022837119817290022,0.3596280482758477,0.0075943726521825435
183,0.08763205282988841,0.7599549126868622,0.0005046898440363963,0.14651310177030472,0.005395242868908341
184,0.11105255032560593,0.6981063490512789,0.005563216324822384,0.10627762767457512,0.07900025662371779
185,0.05431028645723755,0.8238224298948194,0.0013474624185352243,0.10377634684505768,0.01674347438435
186,0.015942718007675046,0.9497159044943133,0.001811773752774474,0.030533989540827332,0.0019956142044097996
187,0.01127835399111162,0.9316243629900863,0.02975395322347362,0.022671788430434024,0.004671541364894247
188,0.02892087084255593,0.8688481870335344,0.01362926658803341,0.054053157032092264,0.034548518503783945
189,0.051932802960780185,0.20944922696987878,0.01379920807621046,0.012026552498721603,0.7127922094944091
190,0.005584010380290757,0.006064170951295962,0.0013026631998910513,0.0010216250104331224,0.9860275304580892
191,0.6377288520158734,0.030137491702882737,0.00018433369074333244,0.05829556439620185,0.27365375819429877
192,0.7863225849632075,0.0899017865727086,0.0003459912179872608,0.030373767103883006,0.09305587014221374
193,0.29055752793255246,0.6145322747546608,0.0005500934389332009,0.04821654796381432,0.04614355591003924
194,0.06047932280390842,0.8649804928154144,0.004284241781338685,0.04352189920009221,0.026734043399246083
195,0.002061211892678316,0.004099639049505449,0.0005529932371863026,0.0009442226725810468,0.9923419331480489
196,0.28516861508907665,0.028121170946282525,0.00033008973741603426,0.02593051467186135,0.6604496095553635
197,0.4828155570119573,0.1741742437436635,0.00019834614130577962,0.025867854771137736,0.3169439983319356
198,0.26724239977880504,0.11781236729676442,0.0005137289427859642,0.013319473410952869,0.6011120305706917
199,0.27956802805432496,0.570285848488559,0.003516831541625134,0.023166633060437546,0.12346265885505327
200,0.3012147321233311,0.5059472777603028,0.0013228623177827493,0.11864522728603959,0.07286990051254377
201,0.1553019554232236,0.7154580170693768,0.006765368870005522,0.05450398638683142,0.06797067225056269
202,0.14973440105911662,0.7441687326089634,0.01766109904881927,0.04635326735387166,0.0420824999292291
203,0.2827698918106835,0.39674901792186223,0.0004365859195659285,0.25602938347008775,0.06401512087780056
204,0.1654046570147959,0.7522350704293971,0.0012288077364870044,0.06365704936893576,0.017474415450384244
205,0.0880438196911939,0.10270533462842656,0.007600251049969311,0.002634639063915782,0.7990159555664944
206,0.5045954644357136,0.41584603103582396,0.00034034987353060396,0.0029029464712518782,0.07631520818368005
207,0.16211748614700208,0.8213116887212455,0.001538076263939885,0.002106997713259949,0.012925751154552505
208,0.10976933481581744,0.8530997414490697,0.02444899451209731,0.004782285125343304,0.007899644097672338
209,0.0274360022318227,0.8232439968635504,0.1430174585309554,0.005039914395501794,0.0012626279781696662
210,0.03507251877899307,0.9193061591201521,0.007415268667295176,0.03147641526806573,0.006729638165493821
211,0.009051530823195802,0.9412396667179893,0.03498865649241314,0.010604862959952383,0.004115283006449607
212,0.0061717985384940645,0.9399399917131291,0.041594200958640394,0.008015985201693084,0.004278023588043406
213,0.008335677258680214,0.7237929953196764,0.2573516250015838,0.007984883343762388,0.0025348190762973168
214,0.0070306793630193895,0.8428590155393288,0.1415129884946469,0.006336651211296607,0.0022606653917081553
215,0.010359463387116638,0.5589059033198172,0.41683562347787007,0.011871817609308432,0.002027192205887678
216,0.026551408680848612,0.9435876464235893,0.012404826465265906,0.01415303635215454,0.003303082078141579
217,0.004174506965401057,0.7428281118433697,0.24777026063066768,0.004010902747457945,0.0012162178131034866
218,0.009136867102928404,0.8728977901265178,0.1067670303702519,0.008095396712958012,0.003102915687343762
219,0.005380961151640785,0.61512301193554,0.37282778065222805,0.005148395253937418,0.0015198510066536312
220,0.00435167753332386,0.7704416418361603,0.2200976824920634,0.0033482639574474557,0.0017607341810050641
221,0.009512352985249373,0.753109179200975,0.22863844611720185,0.004650703590256426,0.004089318106317268
222,0.004778956875296257,0.37612022385926214,0.612909258899323,0.004508866600373617,0.0016826937657449998
223,0.01289341674226428,0.8281425310087275,0.14206009857854493,0.008377332282084945,0.008526621388378161
224,0.014153623645004791,0.5407833499637013,0.44026123369578896,0.003248051675104456,0.0015537410204006297
225,0.010650491024338139,0.6798272285527651,0.2993807056139773,0.005005741600760269,0.0051358332081591915
226,0.05796716507905547,0.315480222560101,0.10520760914180163,0.00818596604999721,0.5131590371690447
227,0.09598250294208878,0.041453939885727174,0.0005072219900575563,0.0031725496297861935,0.8588837855523402
228,0.33807890556878933,0.6335850713299269,0.0059001684535993065,0.009113886972205453,0.013321967675479083
229,0.19402965783646453,0.7738360047019771,0.013888859813562476,0.0035931804720379028,0.014652297175957917
230,0.049421019986303986,0.46321038691145006,0.48402024633393004,0.001860126634111017,0.0014882201342048121
231,0.005978154396580005,0.9732145664522268,0.015170035881606392,0.0036137473808255664,0.002023495888761253
232,0.0014659581053701304,0.7908563599756597,0.2053341637519789,0.001248201254949611,0.0010953169120417642
233,0.009066661375782074,0.9028590420253152,0.07718909025701326,0.00819227162132164,0.002692934720567882
234,0.1215363150786651,0.36286883279655424,0.07389015670597932,0.03267429721016881,0.4090303982086325
235,0.21877203205733453,0.7479861716199717,0.0059406273111975655,0.01592480064032759,0.011376368371168415
236,0.01853023925685516,0.6960918612990354,0.2784606411831337,0.002132684043080433,0.004784574217895402
237,0.014850233579491301,0.8461322840253643,0.13231871927860686,0.0017159912323755125,0.00498277188416183
238,0.0064505026406128565,0.5629051733603916,0.42548864875130377,0.002445198272581567,0.0027104769751101466
239,0.008099391218760082,0.8073536973856323,0.17471509254827203,0.005388896907091894,0.004442921940243615
240,0.005956858988978123,0.6391980457180998,0.3464625538154647,0.0022861637463543207,0.006096377731103021
241,0.019673688710796538,0.4959907506555961,0.433666388176999,0.0055817824775816725,0.04508738997902666
242,0.023093777441510623,0.5556343286815622,0.2078311593656066,0.0016745333971045504,0.21176620111421607
243,0.006245703297561476,0.012738608734235313,0.001153835983163913,0.0008194914791320975,0.9790423605059071
244,0.0011566690733954821,0.0014969879310992576,5.838301956324461e-05,0.000253373209279054,0.9970345867666629
245,0.005297816250472171,0.05543858850323374,0.0006028031213871602,0.0009221288569428683,0.9377386632679642
246,0.0006132213928135528,0.00044484372754949634,0.00017206390748950292,6.753789909555327e-05,0.998702333073052
247,0.001407649113342102,0.0006114986484450906,1.5006083945934727e-05,7.708551264527225e-05,0.9978887606416215
248,0.001920358654625788,0.0006336144827396033,2.048898838243694e-05,0.00018359412915100806,0.9972419437451011
249,0.008704120802212981,0.0020356638281090367,0.00041837109032278344,0.0015186329998062246,0.987323211279549
250,0.0028305203026634737,0.0018292270049513756,9.867282026509975e-05,0.0004902062718106538,0.9947513736003093
251,0.0014316703929066412,0.0006012166995335714,0.0001031921100703958,0.00020708531249648594,0.997656835484993
252,0.0016861279938178734,0.0012391162220867418,0.00010108004555591826,0.00044333839015242755,0.9965303373483871
253,0.00596028808743146,0.004693379827028789,0.0001352799960384504,0.0017672130593609481,0.9874438390301404
254,0.0032146170356165214,0.005797300148224987,0.00011508586519980603,0.002059743196274188,0.9888132537546844
255,0.0024445210594039317,0.0037356794286295984,7.365406670471702e-05,0.002774911161290198,0.9909712342839715
256,0.003709626096847007,0.006189326972360914,0.004200350619215032,0.0006575825972062218,0.9852431137143708
257,0.0035618823584217317,0.0008545919965556472,1.4997279218231183e-05,0.0003959442657234628,0.9951725841000808
258,0.0019329887454939728,0.0006868066436726311,1.3609309847894134e-05,0.00034024235053783014,0.9970263529504477
259,0.0004014366851306628,0.0003352399370188474,1.676907276896182e-05,0.00017173678223178875,0.9990748175228497
260,0.0026703558398926313,0.0022529967815046116,3.0845246594878076e-05,0.0013518988115026078,0.9936939033205053
261,0.01657128247248236,0.003980201130012574,7.280267656728078e-05,0.001978047152756655,0.9773976665681811
262,0.012326233117996133,0.0025843385157579748,6.12270849422482e-05,0.0019960791349778934,0.9830321221463257
263,0.02811069796816923,0.007140769872623846,0.0005877427810279053,0.005639497064277819,0.9585212923139013
264,0.005015936815212329,0.005281448492731352,0.004767974655318694,0.0026874275933966513,0.982247212443341
265,0.0030858498445910858,0.0027252212565285344,0.001773479293500288,0.0010354698378279795,0.9913799797675521
266,0.022471081010677338,0.0019711166879992493,0.00012214310042196424,0.0017847361459850514,0.9736509230549163
267,0.07514951436649626,0.007451475919422652,0.0002649733475771492,0.0030206504764297786,0.9141133858900742
268,0.12419799605851184,0.01336067703502561,0.0009274173560646848,0.007306872482035738,0.8542070370683622
269,0.15959171978661785,0.03800044730625057,0.0010092116409927809,0.018755265960054564,0.7826433553060842
270,0.3873134347107745,0.21788825953283605,0.0005887612763547471,0.012976827398763123,0.38123271708127154
271,0.4144459234831892,0.2885814100703665,0.0009512145280640061,0.0126300544839101,0.2833913974344703
272,0.4128671091051687,0.44916333579338796,0.002394311850924478,0.01333159427026021,0.1222436489802586
273,0.2992089365625518,0.6136215120261422,0.058582676724576455,0.007497138903372863,0.021089735783356493
274,0.16558878569647617,0.5895661220394993,0.0008199175583557634,0.23333669789280023,0.010688476812868419
275,0.06634060871916131,0.8978541312304469,0.006197083271909429,0.012294667947993321,0.01731350883048921
276,0.0570534693011248,0.8343303540996087,0.011081392904819139,0.07230360752546668,0.025231176168980577
277,0.006546421004150985,0.011367094103669068,0.0010141059070971872,0.0035209924699317525,0.9775513865151509
278,0.12098522151481142,0.07080452674235166,0.006679874782545372,0.016339057138620966,0.7851913198216706
279,0.6070508652559417,0.18364380611998124,0.008938197407877343,0.05869093843078279,0.14167619278541704
280,0.8547932001655242,0.06932921161236343,0.016920629084447997,0.021133744887989667,0.0378232142496748
281,0.3460429778692987,0.1879248871018361,0.013038096256327642,0.26109640532600653,0.19189763344653107
282,0.058068759074675326,0.18354595751784147,0.037392078126603875,0.7039904218563062,0.01700278342457304
283,0.04933180871026283,0.10609552612231082,0.0280925822598146,0.7839090098865381,0.03257107302107366
284,0.04586776716574751,0.03972775429161517,0.003508426905305634,0.9014229089412006,0.009473142696131115
285,0.04388172383513818,0.10345291597471061,0.04734888443763009,0.796212556605943,0.009103919146578075
286,0.02764154117817389,0.034053925899537124,0.005775515687569256,0.9252367752340609,0.007292242000658907
287,0.05270236567561547,0.03536210070609536,0.004588538076807067,0.8911880612703035,0.016158934271178756
288,0.03811545954912165,0.039319625575017635,0.004587447377781845,0.9085238546016127,0.009453612896466283
289,0.03598154572586998,0.01725494966791395,0.00117386612632951,0.9400460771929218,0.005543561286964642
290,0.047324089104078704,0.027121132643647343,0.0013431923053628832,0.7327947278428928,0.19141685810401834
291,0.0654674194117059,0.03347368430569433,0.0005996171566392427,0.8932408643869998,0.0072184147389608945
292,0.026758418881542373,0.020141187670107,0.00079053408589516,0.9090219152298865,0.04328794413256901
293,0.09617567833928484,0.028574847162259064,0.0004277294652628662,0.8605283519208337,0.014293393112359554
294,0.05312679624286618,0.037114166144316174,0.0021655355123361107,0.9002073653603626,0.007386136740119
295,0.012342623148053122,0.012278172484999803,0.0015223275695007586,0.9712703883844165,0.002586488413029992
296,0.03725580162945204,0.021444659847495367,0.0005049331001295585,0.9377016765291446,0.0030929288937783695
297,0.06859708695767949,0.028864497027346052,0.0023313853303186813,0.8926535916930046,0.00755343899165111
298,0.011034618214272391,0.009554895571577841,0.0001226395480481814,0.9754881752609549,0.003799671405146618
299,0.023343454498855932,0.006577589490356873,3.469859675742901e-05,0.9593631804636897,0.010681076950340073
300,0.14779675134288608,0.047941853868996874,5.4678178530765035e-05,0.5174125559874704,0.2867941606221159
301,0.5562854661090186,0.03625549370131781,4.845290803678353e-05,0.35687395760982094,0.05053662967180586
302,0.5582266434171476,0.038622542715339915,5.4773470666095554e-05,0.3764894993873284,0.026606541009517943
303,0.4344240288854697,0.12930003225864864,0.0002495365933201456,0.4221760069125968,0.013850395349964859
304,0.2099851415998147,0.24896790139526623,0.00039941136390182145,0.535446420824039,0.0052011248169783275
305,0.09168554626761508,0.16051345273373316,0.000322493236039559,0.7429146256336076,0.004563882129004569
306,0.06622400906359628,0.7315434090003946,0.02101918318599349,0.17129961505081842,0.009913783699197272
307,0.08546821141167614,0.5684982393667578,0.00200079531119692,0.3377259331011196,0.0063068208092494455
308,0.03445149705206127,0.7717781286843016,0.002467373379153254,0.18551086310783624,0.005792137776647472
309,0.11134623716179617,0.23799313326915178,0.0005853497898034619,0.6349841598027754,0.015091119976473156
310,0.16242157066017643,0.16520536521116572,0.0012078249537218185,0.4885615430928725,0.18260369608206367
311,0.15001410869154144,0.12124100495010373,0.0004452541296126861,0.4650848947171838,0.26321473751155827
312,0.2288140693398998,0.38536059853830495,0.00017712366413634857,0.3678106517677431,0.01783755668991578
313,0.175384126765026,0.2717703101165702,0.00024776987537869694,0.5384877704764526,0.014110022766572403
314,0.11600178988459751,0.2610959231386314,0.00015558826499428133,0.6083660914601979,0.01438060725157887
315,0.06193348440074793,0.10071086331390652,4.678028724970676e-05,0.8184894358108752,0.018819436187220755
316,0.09104832539145853,0.08843160818428723,3.137215745157424e-05,0.8028919125355493,0.01759678173125348
317,0.16877525311640054,0.12342580552655558,5.8516258101227545e-05,0.6868647865605664,0.02087563853837632
318,0.10251816955487963,0.05270854619753655,5.92890224737144e-05,0.8361929981045307,0.00852099712057933
319,0.07718341848538589,0.04642029406975293,3.1321230561648794e-05,0.8674401775617553,0.0089247886525441
320,0.04103155475168087,0.05004658379521761,2.9883553849661698e-05,0.9053583976053623,0.003533580293889639
321,0.03857598573505291,0.06857498101179321,5.840930113996289e-05,0.8892906430818475,0.003499980870166382
322,0.03208150431866461,0.025919340572475746,2.9305207184524214e-05,0.9381688927636249,0.0038009571380502698
323,0.04559701070067548,0.06346910855994779,4.342521621711814e-05,0.8721598523656969,0.018730603157462524
324,0.03446821121475388,0.019569451712673012,2.0507445411249918e-05,0.942883910738178,0.0030579188889838355
325,0.05024081168172799,0.017483410401059708,1.991415509069982e-05,0.9237697057233791,0.008486158038742671
326,0.07792640481286134,0.06427277274069347,4.210173373644034e-05,0.8490418354554091,0.0087168852572997
327,0.0415921724668446,0.015674715604605625,1.7035102188952408e-05,0.9358761704668525,0.006839906359508332
328,0.039882093318992576,0.025834220034414355,1.630180492604153e-05,0.9296487335271978,0.004618651314469149
329,0.06604597117608653,0.0377434716573601,5.238674973467851e-05,0.8899705005279699,0.0061876698888487765
330,0.06188409421158472,0.02596965213712103,4.252006943685149e-05,0.9054609424176298,0.0066427911642275884
331,0.0810675036709874,0.17177017035841538,0.0002561952511619438,0.7315894183269215,0.01531671239251383
332,0.09017373325732236,0.03516469259196668,2.0605316367651857e-05,0.8645252636039545,0.010115705230388792
333,0.08126510973235937,0.05103105591657605,6.993188270838785e-05,0.8578292762420452,0.009804626226311095
334,0.09746711358569263,0.06374614634952533,3.251083076564672e-05,0.7910026625802979,0.04775156665371838
335,0.2095870253377349,0.0913923589416743,0.00048354230439256524,0.4703791322809519,0.22815794113524634
336,0.26105370844893494,0.281552823180433,0.0004212656029639223,0.43831094671010606,0.018661256057562095
337,0.18410781933481857,0.0770467987383776,0.00013350474775778457,0.7257592138678076,0.01295266331123851
338,0.10357048538856937,0.07702348484922268,0.00012042407083461268,0.8102987366381383,0.008986869053234973
339,0.07772202214989722,0.11111870710958655,0.00013263682972802326,0.774006462944406,0.0370201709663822
340,0.08712584748419537,0.025573005187067312,3.520764698451731e-05,0.8715341368842773,0.015731802797475433
341,0.13632507996111085,0.03621095845356677,5.3087327441390525e-05,0.8091819113442587,0.01822896291362225
342,0.16738692110286432,0.11605390528828999,5.916826125227193e-05,0.7015757988812003,0.014924206466393046
343,0.15720940596549235,0.05289811193281346,5.763127948207909e-05,0.7693284888106734,0.020506362011538683
344,0.11884563013679009,0.28019382630740963,0.00021619707519664264,0.5918927299375457,0.00885161654305798
345,0.2764558365308906,0.05764705459458535,4.762266348588924e-05,0.6226564153729538,0.0431930708380844
346,0.39809968535038015,0.08340036776144244,2.650074932039393e-05,0.19721818293468646,0.3212552632041704
347,0.1778037623685991,0.01229823602857505,0.0001278607627596767,0.046218088567170135,0.7635520522728961
348,0.9290799066464634,0.030497520928115012,4.710313583587654e-05,0.022233757732364728,0.018141711557220788
349,0.4694721635860905,0.4869139680478294,0.00035993168919565895,0.030532612383824285,0.012721324293060008
350,0.3286456752739416,0.5969134022896166,0.002027250114947215,0.04748125661842655,0.0249324157030679
351,0.007866064569062166,0.9841167108454499,0.00025010338326576396,0.006151875195105911,0.001615246007116379
352,0.024208223761026472,0.8988320262335362,0.06701522102176129,0.008440172544637716,0.0015043564390382184
353,0.021730443821868433,0.9277989985796914,0.000893915170428387,0.04667454684749657,0.002902095580515162
354,0.017516538004837687,0.9553516422039472,0.015774114398163636,0.00970594693876199,0.001651758454289533
355,0.01123089053211201,0.8845860334439841,0.08808966391715353,0.014097965324738131,0.001995446782012112
356,0.013718924676704644,0.953445602835619,0.014309663015689776,0.013847715771811554,0.0046780937001748065
357,0.006954886352621551,0.9466105804497822,0.030267888930505547,0.013930956951707648,0.002235687315383033
358,0.03701358313229314,0.9130371364690255,0.004168244654234304,0.037934601834058515,0.007846433910388431
359,0.013832588908675591,0.9495541692320708,0.014102820485606021,0.01986571987272623,0.002644701500921434
360,0.0067851415551475345,0.84465135336151,0.13662626202380457,0.009893660543662709,0.0020435825158752223
361,0.012628924531314019,0.954248765155052,0.012267490186811664,0.016555338513110616,0.0042994816137116535
362,0.005768365479388447,0.9688317687735143,0.012746749336930109,0.010223855564584952,0.002429260845582393
363,0.005539276015119379,0.9642812959654534,0.016940106682703168,0.010693699464667769,0.002545621872056226
364,0.016305408865582238,0.9064728954503929,0.025023137046362016,0.04797374758794796,0.00422481104971492
365,0.009921702994792135,0.8733036794919996,0.07930777892631828,0.034043049252791106,0.0034237893340989924
366,0.16203805090289686,0.37633490735451547,0.0004993874570507705,0.4504943414563102,0.010633312829226828
367,0.09997615159808702,0.6762286391680075,0.0008881447676260301,0.2165056445818964,0.00640141988438304
368,0.08714735596096626,0.11134966206394578,0.00020807166884510134,0.7973054959828197,0.00398941432342303
369,0.14483389410676958,0.4176120683384298,0.0003798768404354716,0.4300331130731494,0.007141047641215586
370,0.18304208119645612,0.28543411618116693,0.00041447219587849863,0.5241158799494724,0.006993450477025993
371,0.06942970893272307,0.6461642520698564,0.0014211824554814397,0.27878284398145053,0.004202012560488517
372,0.09757027172265234,0.2836980681050214,0.0003757368479570995,0.6138993014713221,0.00445662185304712
373,0.09229516426382066,0.4286876454772979,0.001413662323655441,0.4638624612756404,0.013741066659585585
374,0.11290653029543973,0.6957843310703267,0.0009184767854617213,0.16025092504216884,0.030139736806603052
