epoch,N1,N2,N3,R,W
0,0.005925949504072294,8.612358895766207e-05,5.65969169574001e-09,0.0002613712811237941,0.9937265499661546
1,0.10842053124115825,0.0004906435166338004,1.0042776522615145e-09,0.0017064292754165116,0.8893823949625139
2,0.0006973617572473476,8.738128713954089e-05,6.253862973515237e-06,4.387448952558187e-05,0.9991651286031141
3,0.0014380805339710575,0.00035623653657699855,6.65036110293726e-05,7.053200720086788e-05,0.9980686473112217
4,8.780317682453323e-05,4.6239642293298336e-05,9.308997485168622e-06,2.3271783476023936e-06,0.9998543210050493
5,0.00015480691689449062,5.589383938371281e-05,2.378630360064996e-05,2.9209965738510355e-05,0.9997363029743827
6,0.004291891171720058,0.002614454948929424,1.9090442425994876e-05,0.0006535540812179789,0.9924210093557065
7,0.040853601096146316,0.00012680224025003484,6.607310597092529e-05,0.002925568357828692,0.956027955199804
8,0.012699376461714849,0.0007166332830041156,0.00038580930774500724,0.0014984040289670998,0.9846997769185689
9,0.13515479824198048,0.0034423968503471936,0.00032190756138250956,0.002171384302416566,0.8589095130438733
10,0.2914523027773589,0.024020888133093214,4.959318214356742e-05,0.007447147525985517,0.6770300683814189
11,0.19819572009262007,0.07215361884502744,2.694694974251966e-05,0.016904709949199962,0.71271900416341
12,0.23588319747517017,0.17609537652987506,6.930025229016729e-05,0.009298560159932853,0.5786535655827317
13,0.11723582124969091,0.5282894102111511,0.0003208595221427236,0.012222799420945304,0.34193110959607004
14,0.09732488921636821,0.0669272522139374,3.78389228989701e-05,0.023559716137198455,0.812150303509597
15,0.2647646631088048,0.17870885077898885,0.0001250002301536338,0.07728729507484987,0.4791141908072028
16,0.15754749297055232,0.41755631002097343,0.0002162067767127347,0.026709994108958558,0.39796999612280287
17,0.2038123350084879,0.3529980472776805,0.0002657586321683272,0.05897758469748414,0.38394627438417905
18,0.08967862979843352,0.23753070555621322,0.0004838339214843599,0.01151431506214424,0.6607925156617247
19,0.0762478385370209,0.22637074016897918,0.00010469034434805321,0.016422391327683142,0.6808543396219687
20,0.0995964886596311,0.12994041860355166,5.8992473828281644e-05,0.019967156970279818,0.7504369432927092
21,0.12496173697901786,0.40405237290923035,0.0002938656079304756,0.013924957083160045,0.4567670674206612
22,0.12010093180886743,0.31751289577651004,5.3044730801823396e-05,0.017864239124658083,0.5444688885591626
23,0.041181287576177325,0.7978775973770472,0.002088136218403544,0.005676314471864812,0.15317666435650704
24,0.22810975201115624,0.3183309371043791,2.6040060991701095e-05,0.0899242242045856,0.3636090466188874
25,0.20801194588847527,0.3100954462685417,2.4350460640113492e-05,0.029904590605561346,0.4519636667767816
26,0.07468479357631963,0.6575797774731162,3.3785397838229024e-05,0.012753599303258619,0.25494804424946726
27,0.2308761958478437,0.20187246872656261,0.00023236761346696495,0.02063196559645342,0.5463870022156734
28,0.1209041689201966,0.24492738713514603,0.00025679358281265773,0.008695972199491754,0.625215678162353
29,0.10963183475112424,0.6181409548553143,0.0011393615809404429,0.013423492639114324,0.25766435617350686
30,0.14816591072649646,0.6914224001694909,0.003762635907439193,0.010479128250355556,0.14616992494621778
31,0.0936043289254686,0.4575523586675719,0.0030068670057977597,0.014013645950478793,0.431822799450683
32,0.03970408553797189,0.915456595959725,0.0021495558840412808,0.014043528699389931,0.028646233918872235
33,0.028777112711674425,0.8766339838879676,0.0012611537096304157,0.010470852224517904,0.08285689746620961
34,0.07905422100923347,0.8559025349586667,0.0048854775004605324,0.007043491439376268,0.053114275092262866
35,0.04613983705349317,0.9040915556144871,0.005956859911634818,0.008837449413986929,0.03497429800639802
36,0.026171343374690473,0.928265341719039,0.013410023800657074,0.0059673393678172796,0.026185951737796104
37,0.03822992400364077,0.8485235080658579,0.053747484406506486,0.0039807241040521425,0.055518359419942875
38,0.05107270820176818,0.9130718651328888,0.006824133991722375,0.003992541758052931,0.025038750915567416
39,0.031322969150820015,0.9244035949950657,0.005050331894414918,0.0035660896402346302,0.035657014319464525
40,0.029892791493272675,0.9322313850089149,0.030089923331006446,0.0018827711824965902,0.005903128984309376
41,0.012392434294988833,0.760192786839828,0.21759203493248944,0.0017931992193183004,0.008029544713375464
42,0.007433165334401609,0.7003013275746314,0.2866774114816564,0.0012656108271900301,0.004322484782120847
43,0.009768851483315664,0.7898119263813695,0.1911760743595116,0.001996776914970777,0.007246370860832532
44,0.008308120133162898,0.6748920694935969,0.3021547267092644,0.004851531340000153,0.009793552323975463
45,0.025754179073684547,0.8702918903366536,0.07395943126267121,0.0016528895607204439,0.028341609766270228
46,0.009659159053465462,0.6952509387132995,0.2884618986179208,0.00040425080223847475,0.0062237528130757325
47,0.04237419698314967,0.5099325528328372,0.4283411395119977,0.0006578401117944656,0.01869427056022085
48,0.019354549626897036,0.5182417993216878,0.45009650646366,0.0002801622260238264,0.012026982361731423
49,0.00823048406811576,0.29685441740674046,0.6897378835768854,0.000143864334027087,0.005033350614231169
50,0.013506328469699536,0.37789644400654526,0.5979208080540911,0.00023338952055377145,0.010443029949110363
51,0.010771466292829143,0.26464545456316485,0.719421682253368,9.440166284392304e-05,0.0050669952277940244
52,0.0031894657153645057,0.1552459691743169,0.8389497968692841,3.555965198511333e-05,0.002579208589049234
53,0.005795333966877798,0.13357397654818376,0.8545561403381426,5.5360531156625056e-05,0.006019188615639307
54,0.00726050164925606,0.17628395839469102,0.8078003688741211,7.694204650738962e-05,0.008578229035424398
55,0.004157656915421544,0.036492833906545376,0.9564785839918684,2.9950584352814566e-05,0.0028409746018118348
56,0.004436946366257767,0.08934422272371252,0.898738585042813,6.567368062142998e-05,0.007414572186595357
57,0.0026596391370941703,0.04115555152758223,0.953848736771097,2.5242711290206235e-05,0.0023108298529362823
58,0.002281384045050192,0.05553130229359114,0.9390389652644225,5.6112336287157884e-05,0.0030922360606489086
59,0.007435431605889842,0.08786727424987362,0.9011554184475069,8.079915549955758e-05,0.0034610765412299354
60,0.005855905017926709,0.1297155796159118,0.8594763543324666,0.00017631732748667775,0.00477584370620809
61,0.004000919890929896,0.10194188246461079,0.8887001802090285,0.00019734448761806844,0.005159672947812782
62,0.01830099560159768,0.15824271372919194,0.8025102054852782,0.0009849869528280098,0.019961098231104157
63,0.14993862302765928,0.3982933841261583,0.018231228238598237,0.0035658609753991583,0.429970903632185
64,0.2500925213922364,0.6225710871569419,0.022140477791434774,0.003939952861276589,0.10125596079811054
65,0.26243965220417925,0.6505365200625531,0.013940794782194087,0.004241397690367027,0.06884163526070661
66,0.5694930750872523,0.33614606311225187,0.002167384516167045,0.0033049632654865136,0.08888851401884212
67,0.21416363656810242,0.6171824990577492,0.006332578325414779,0.024544815545175416,0.13777647050355804
68,0.17766200741369867,0.5354799880452294,0.0033789795255841897,0.022448404496820572,0.2610306205186671
69,0.19682983380836447,0.3433367251613321,0.0018210849040027706,0.025888346748288996,0.43212400937801154
70,0.1720254868368455,0.3532042340603969,0.002146088619000628,0.043197622991027265,0.42942656749272956
71,0.17553116172499839,0.48214632144776487,0.0028993116879407355,0.020215030568257557,0.3192081745710385
72,0.14605260675534196,0.6798184251048195,0.0038450578369811257,0.0236828930233234,0.14660101727953398
73,0.034302696105339904,0.017338830422961513,0.0007490584231528432,0.0008437742781030815,0.9467656407704427
74,0.29214894514467143,0.19913963298814763,0.002624360558882463,0.014032835679689798,0.49205422562860857
75,0.6148776782779426,0.1890036731436468,0.0017633264352099947,0.010024661827293002,0.18433066031590747
76,0.5442504075136045,0.2170390900018517,0.0015517569380377196,0.013529364546262435,0.2236293810002437
77,0.15171795475552216,0.6508410953979256,0.010909795071686256,0.030591048292374478,0.1559401064824916
78,0.26785845947527576,0.43424231426494714,0.0018207375085867762,0.0458059515082829,0.2502725372429074
79,0.34589292465294247,0.5122876813032794,0.003534896472094111,0.02164007187086401,0.11664442570081997
80,0.2994268237923746,0.6248724519066813,0.005383669341945577,0.016164596309184712,0.05415245864981367
81,0.2870628909202828,0.5984157121833552,0.005896411798152934,0.025068423939401927,0.08355656115880715
82,0.1406376387429421,0.7816757715084875,0.027528222989477397,0.011779567981405292,0.038378798777687705
83,0.5616919299541434,0.3048482237540777,0.0017223221359894745,0.018334374904445096,0.11340314925134432
84,0.1510888408664739,0.7934891721877941,0.019256399662267765,0.01464484012615261,0.021520747157311473
85,0.2421595182781092,0.6565664596563113,0.006237505135060489,0.013998639286793645,0.08103787764372526
86,0.33696593536119973,0.5097295250398696,0.007386790236689303,0.01115528928121371,0.1347624600810276
87,0.26728344269824555,0.46181444496925766,0.005836300171950149,0.016384967762858166,0.24868084439768837
88,0.2613456255958457,0.676563502427596,0.00708038973417155,0.009119672048175619,0.045890810194211144
89,0.160566556661402,0.7865433464159265,0.008612177107679258,0.01407839479132041,0.030199525023671847
90,0.14837009796370768,0.7765846701774995,0.008253177031217794,0.02363198840210134,0.043160066425473556
91,0.07863210350187101,0.8245387061153814,0.006218372729603645,0.02557645461823353,0.06503436303491023
92,0.1687214542470636,0.7021452690391825,0.006611856269477555,0.018777882047962543,0.10374353839631364
93,0.0690967521687435,0.8536236671576547,0.00515286482046775,0.036723269922979807,0.03540344593015444
94,0.3103678347347057,0.629039460826949,0.0025311923740448635,0.01020578834035066,0.047855723723949715
95,0.06132043662851673,0.9046596237380613,0.004586586491777542,0.010940650614249574,0.018492702527394902
96,0.04393257162791128,0.8868014841488587,0.008759804951112162,0.012500174650152372,0.04800596462196557
97,0.05028469091053525,0.9215045609472137,0.005177738228607992,0.007919075103843175,0.015113934809799789
98,0.07235251868951391,0.8749570364071386,0.014647515526670412,0.013076683689243012,0.024966245687434035
99,0.10605116280564418,0.8703279003230754,0.006759797135730465,0.006432369799397578,0.010428769936152556
100,0.01587375981445228,0.9253245559450344,0.054852548200001204,0.001986044809444263,0.001963091231067805
101,0.057617274475753086,0.926196842007825,0.006371178705818564,0.0045763311812913035,0.005238373629312099
102,0.00923965607333111,0.9492052891279344,0.032285021316110905,0.006211976141073739,0.0030580573415495606
103,0.008154987759418187,0.890103535200423,0.0898746222601822,0.00826138060975594,0.0036054741702208444
104,0.030271384706482916,0.8771730214864935,0.05822463541503027,0.00945893295198215,0.024872025440011332
105,0.15271499080001433,0.7687975772343131,0.0067190031837843,0.01673715730411459,0.05503127147777377
106,0.0744167763443969,0.8762450003397247,0.009645961978316657,0.023174108437373934,0.016518152900187735
107,0.09966004117728887,0.8618240582290075,0.019070091093490803,0.008298282557853216,0.01114752694235948
108,0.0930326162044267,0.8727215243611905,0.010377560342187942,0.012815357639966234,0.011052941452228529
109,0.05749490953428651,0.8677805644866884,0.024933984233459158,0.02753171958820045,0.02225882215736571
110,0.02309902394111473,0.8889441210674036,0.019670274275108597,0.06389204013588619,0.0043945405804865795
111,0.1307034498062843,0.7624484581296184,0.006803770645780746,0.06624724440146598,0.033797077016850634
112,0.1411015920181722,0.6693522807470235,0.012456491090154896,0.0383012474077422,0.13878838873690713
113,0.05443165349132918,0.8737097805623956,0.01997215918582545,0.04370374647239704,0.008182660288052788
114,0.21549802317075115,0.6964316094989601,0.0023921883177040514,0.05826778743594678,0.027410391576637872
115,0.13745043773140736,0.7939245262210686,0.0033469244851620198,0.05366036323374923,0.0116177483286129
116,0.05026481283157502,0.8925641109077231,0.022910872200126706,0.029782004807894558,0.004478199252680489
117,0.1008231127254403,0.8181136037788619,0.008229687952334867,0.05422019784058158,0.01861339770278116
118,0.02729456931895476,0.925601044734622,0.005552761506060519,0.037017150611058154,0.004534473829304551
119,0.047119470184168746,0.903609279030378,0.012865241245448295,0.028874488314426693,0.007531521225578348
120,0.0928838788388905,0.8238475973608588,0.004328007236245474,0.069371247803474,0.009569268760531274
121,0.043558231544657385,0.8504744473666308,0.07171935653285437,0.029536450279044234,0.004711514276813141
122,0.03650113337365963,0.8895240000827731,0.03526898959056051,0.027662453960164906,0.01104342299284194
123,0.048926078760449,0.900748406093595,0.024127763756189507,0.015474201450307968,0.010723549939458645
124,0.02703890875366724,0.774249394643981,0.17733051576167336,0.015349485911186069,0.006031694929492248
125,0.012605408417792618,0.8256441155553875,0.14829594373310387,0.010229798771211197,0.003224733522504661
126,0.014277675349413111,0.665065604790876,0.30743756566127023,0.009786130742347837,0.0034330234560928756
127,0.01103741599464802,0.6631725350783021,0.30532921563932164,0.016776596080161844,0.0036842372075662744
128,0.010191092639476951,0.7369328173386559,0.23514890347729384,0.015105363804516209,0.002621822740057024
129,0.02269200209452583,0.6884338391800198,0.26063169902011324,0.015975465966370728,0.012266993738970408
130,0.07870456490187092,0.8715182569514703,0.011714009413432716,0.03211053180628154,0.005952636926944577
131,0.024690181153316063,0.7391129065042014,0.20645532190043198,0.026718610868772977,0.0030229795732777992
132,0.08506877077301501,0.8527840749007122,0.02544465675823282,0.028302652097521374,0.008399845470518618
133,0.02148485898186615,0.8717210646439877,0.08376621099652587,0.017597442645949972,0.005430422731670461
134,0.19346632265007457,0.6868170528862039,0.04612534379197795,0.056011953027615476,0.017579327644128135
135,0.0528860625025118,0.8927953337131324,0.024406670289600575,0.018098270692802773,0.01181366280195257
136,0.0731514531473722,0.800610145680719,0.031183148926745674,0.013035012439722366,0.08202023980544082
137,0.1353401489468353,0.7894478922763242,0.016472455278565917,0.041554678536755534,0.017184824961519206
138,0.015428978664986126,0.9176463932867793,0.04867431596159483,0.011682690795204615,0.0065676212914350445
139,0.02183477412237435,0.8241983525311384,0.1422233425040745,0.006965802076391574,0.004777728766021031
140,0.06124632694849837,0.8912852956589494,0.020821072187744653,0.01890736287217716,0.007739942332630526
141,0.009287660609200062,0.7520020761492883,0.227176877436567,0.009725873397585369,0.0018075124073592926
142,0.012871335683810558,0.8985167180330592,0.06668467344964911,0.017526507384020142,0.004400765449461106
143,0.019763263831919925,0.8842462405527122,0.056632001861861035,0.036568023005122144,0.0027904707483848096
144,0.11648196764634625,0.6575907316701063,0.052908861847198695,0.03695319256663049,0.13606524626971833
145,0.15453504602411905,0.6250028884342864,0.02187014415145074,0.008156574186152152,0.19043534720399163
146,0.16852098171737223,0.8038334689481551,0.005558783660615856,0.007340659912380737,0.014746105761476084
147,0.2541985237663808,0.7167816650192713,0.004657481203890273,0.005438692828267674,0.01892363718218983
148,0.23931550079270728,0.6696087344424968,0.0066221483379688495,0.012206660550863438,0.0722469558759636
149,0.12767470373170872,0.7769278505272322,0.003136439711935069,0.03484812449241138,0.05741288153671234
150,0.12300511782430368,0.805804503743629,0.0036372121839505418,0.04547535112494829,0.022077815123168493
151,0.060649484943694196,0.8905341576598881,0.01215038487030531,0.027003964116184286,0.00966200840992804
152,0.04298696490241303,0.9103407163238421,0.013626516908961108,0.021250716827392675,0.011795085037391373
153,0.035611649914876926,0.9271751191931141,0.011048793929920626,0.021131409702811382,0.005033027259277098
154,0.024271400927994163,0.9227297118211168,0.018852025533832372,0.028677970633551927,0.005468891083504614
155,0.08823917809489049,0.8311601224375249,0.016932573132907667,0.008467517998858068,0.05520060833581893
156,0.02880208926290226,0.8898972254234316,0.07420555069638418,0.0035037773582594746,0.0035913572590225607
157,0.03531276374019872,0.9214077155905461,0.032655549346361855,0.0038911428235075224,0.006732828499385729
158,0.0746367278472049,0.8716933999153328,0.037649553427067065,0.006742737126522415,0.009277581683872839
159,0.04328041206518749,0.8974770744062138,0.027462971558452853,0.022364624365225644,0.009414917604920374
160,0.031228244486793722,0.8893180088329394,0.05822058812242347,0.01583772211124209,0.005395436446601321
161,0.013582971682278573,0.7918442711321065,0.17965801256457548,0.011547894387202164,0.003366850233837373
162,0.031047390227389483,0.8501727235829049,0.0705799666825484,0.03910070786217604,0.009099211644981089
163,0.02144913933860594,0.7313214438663355,0.017683832670720028,0.22111958969932427,0.008425994425014188
164,0.052368387785839236,0.5577510752259985,0.015113188803041772,0.2641042985938766,0.1106630495912438
165,0.07917095082554686,0.41877096890764204,0.0033751562904593573,0.4118584103832452,0.08682451359310639
166,0.044175622234047286,0.20884185842878283,0.000685115850671578,0.7330899914882685,0.013207411998229732
167,0.08399095858763861,0.23411471425321995,0.0008559424925197152,0.32994970194477785,0.3510886827218439
168,0.13998852643059204,0.06571470869318441,0.0005022649933931384,0.3795794268160805,0.41421507306675
169,0.05461080081416859,0.015814844048825327,9.665912984841186e-05,0.1447761520614904,0.7847015439456674
170,0.28610114437720724,0.009762736863389526,3.481179898681393e-05,0.6127506773282708,0.09135062963214562
171,0.19795309211809034,0.020591333861948873,7.43113553696701e-05,0.27515438516254237,0.5062268775020488
172,0.16059747660803567,0.014068463249780028,0.00014100385317922546,0.1246586335129571,0.7005344227760479
173,0.012560372561890389,0.0014264320965483037,1.1952376526486839e-05,0.013456142420918811,0.972545100544116
174,0.11309587557574764,0.05467619803672744,0.00028388805977418895,0.2696995642935312,0.5622444740342195
175,0.09726142120527523,0.024164611806866736,0.0001432129573562296,0.21196961431235578,0.666461139718146
176,0.06704242494032978,0.0419106701644045,0.00023537052567626512,0.3724625333594875,0.518349001010102
177,0.1837561848363052,0.017276267298446953,0.0002487219758978777,0.23654367603178117,0.5621751498575688
178,0.11998344885973937,0.022046782130060904,0.00027978311874600476,0.704990545092516,0.15269944079893777
179,0.06779596348918925,0.022702458826906566,0.00021395698056893346,0.7699068113229686,0.1393808093803669
180,0.09989058158180467,0.012247283405221866,6.088033623588576e-05,0.5739229096807996,0.313878344995938
181,0.09560542994483474,0.005681597908892097,5.945515223839014e-05,0.03947723041170124,0.8591762865823336
182,0.25646349285719944,0.039004514121940885,0.00014452985156729984,0.4356404549584389,0.26874700821085346
183,0.0887207787596487,0.011920883416593244,7.120997045373459e-05,0.1396829091980522,0.7596042186552521
184,0.1686511287404043,0.009308530923961606,4.232597446956676e-05,0.17535183699189896,0.6466461773692657
185,0.026442570036234386,0.0059029852558081415,0.0002085208872659793,0.014744334280029863,0.9527015895406618
186,0.15242298187948228,0.013264978612653425,0.00013514377054589952,0.07647358017279703,0.7577033155645214
187,0.19063295051320023,0.028139881276626418,0.00013925761416126188,0.20531870451390818,0.5757692060821039
188,0.04877614273969892,0.003918728246857339,4.3608215240621137e-05,0.22409051678466282,0.7231710040135403
189,0.04809180729097158,0.020541780076982166,5.783282070004661e-05,0.2745501920493631,0.6567583877619831
190,0.06227735660705044,0.007378039470516602,1.0294683431279104e-05,0.6882572955894549,0.24207701364954684
191,0.06906035204937058,0.024335216949063074,3.1577820752514596e-05,0.3236860221514294,0.5828868310293844
192,0.09574644085439625,0.04892295616597859,0.0005907828265387847,0.2985452253915472,0.5561945947615392
193,0.05722682461736144,0.019613778287288545,0.0002089574660493255,0.138838512484588,0.7841119271447127
194,0.07913964987999811,0.036122065787318344,0.0003294448075681836,0.4029112310082019,0.48149760851691353
195,0.02341007319221381,0.015815027702072,0.00017990128723726666,0.0906805077393939,0.8699144900790831
196,0.4422309842160903,0.07289355292836963,0.0005629317258075564,0.3083672877545324,0.17594524337520015
197,0.3809871769920671,0.034156656974225576,0.00027248424946428465,0.20344302623017307,0.38114065555407
198,0.392203522556905,0.12364091946897042,0.0019748324754213405,0.05705334656160292,0.42512737893710045
199,0.39015534601501106,0.35829652998729367,0.007115441690398405,0.134384508568964,0.11004817373833291
200,0.23576764042255172,0.6568185545493427,0.007975913805506956,0.048587826284629515,0.05085006493796912
201,0.23194318317949952,0.638966038979562,0.006122104556574278,0.09724510060325091,0.025723572681113322
202,0.17640902015310433,0.7343003752605928,0.012014143441666054,0.05130226196822313,0.025974199176413616
203,0.08419446235665577,0.8373431630964925,0.024049505914228195,0.04366614396806989,0.01074672466455362
204,0.12535066158024805,0.7020551956470219,0.010209103137239826,0.0950154668639454,0.06736957277154486
205,0.03446771626347853,0.8213864765678991,0.03215373309613195,0.050811122816980483,0.0611809512555098
206,0.024619245435659548,0.8602984672041303,0.023381346792563887,0.0617094722161735,0.029991468351472553
207,0.1434751388229532,0.4219785565143734,0.005080891765614164,0.01478946528297975,0.4146759476140795
208,0.05315024428811749,0.8293666561972759,0.03656287244204256,0.007052639044035589,0.07386758802852847
209,0.004583563042894371,0.017271233921305664,0.005842349813150329,0.0014861542922071822,0.9708166989304424
210,0.005958483936733629,0.003759775280442933,0.00024424298951426895,0.0005045595426349654,0.9895329382506743
211,0.08817144868298923,0.016163139280785013,0.002647698243082057,0.0017656461875220656,0.8912520676056217
212,0.5233344505915659,0.1851180975987076,0.0042991927687176966,0.011077816702731691,0.2761704423382771
213,0.395346009677944,0.5547323588642531,0.011336510980822573,0.007875664235186004,0.030709456241794206
214,0.07092715221615432,0.8549879028953006,0.040542674952784574,0.012352237810272532,0.021190032125488107
215,0.029352619115458906,0.8859381208527675,0.053353069538013914,0.02190142677314196,0.00945476372061764
216,0.018521883617314522,0.8764752999920489,0.08961818315106933,0.010471260903320512,0.004913372336246528
217,0.028009433017681794,0.9059772444450774,0.04018806034277388,0.014690606071052378,0.011134656123414424
218,0.02145151204528196,0.7999579515954816,0.15867094584086144,0.012142560186921204,0.007777030331453825
219,0.007279338606453722,0.6298450696876005,0.35915917542058584,0.0014908153936540665,0.00222560089170611
220,0.004759456622065697,0.45560177817709746,0.5351786717048731,0.0010089632434607185,0.003451130252502921
221,0.15145933893853067,0.48915669727780986,0.02871942781143965,0.007766999501137232,0.32289753647108255
222,0.1759844602608333,0.751502857883689,0.05261110966023307,0.002128451284358872,0.017773120910885686
223,0.07213115436801248,0.7612720764623371,0.15436683228324005,0.0012158420992176388,0.011014094787192735
224,0.1000222607582575,0.8400064159352605,0.05443320783537892,0.00041662602919455163,0.005121489441908595
225,0.010824441820137946,0.7246006014969463,0.25587137053475384,0.000834248843193762,0.007869337304968355
226,0.0014258588162790902,0.3359343259465762,0.6607091045707535,0.00031541140304230307,0.0016152992633488648
227,0.003511540378200076,0.49525635313918537,0.49605942400280545,0.00048496343933293915,0.004687719040476211
228,0.0010123892543688132,0.183549263974278,0.8142012154051314,0.00030439492269232645,0.000932736443529458
229,0.0007631300701429887,0.14507420342102037,0.8532466512440567,0.00015158822391019784,0.0007644270408696867
230,0.00046467549194153417,0.06568445466591241,0.9328677379465529,7.866711364990716e-05,0.000904464781943163
231,0.00019590277117011368,0.0351897471193026,0.9642863679626026,0.00012443772914981952,0.00020354441777483795
232,0.00045724461242714593,0.09624503637078574,0.9027035963645292,8.457132539895874e-05,0.000509551326858823
233,0.0008620746045931051,0.047335903574976204,0.9513166599216635,0.0001836084881107291,0.00030175341065662327
234,0.00017983094673714657,0.025184363013098395,0.9744140549905688,3.169974701882563e-05,0.00019005130257682067
235,0.0001278961242814758,0.012848732810710842,0.986793862343553,3.770232490173674e-05,0.00019180639655290023
236,0.00017571941176349745,0.019655726966745238,0.9799151242804861,2.3270833055450878e-05,0.0002301585079495754
237,0.00023372196704271698,0.009047267154199758,0.99050975811311,4.226387826962549e-05,0.0001669888873778358
238,0.00048546535821055033,0.0176645153311515,0.9816165701613216,2.6205093810352746e-05,0.0002072440555058546
239,0.0001965285727857375,0.006486150785246876,0.9930216018568384,3.62594744320744e-05,0.00025945931069675486
240,0.00021315004295813296,0.016617759963523864,0.9827582808294127,3.81684777472596e-05,0.0003726406863581067
241,0.0001971548666820209,0.011042899386139938,0.9883471620899082,4.0283381095870634e-05,0.0003725002761739563
242,0.00011593880149178379,0.014525793452886586,0.984783607563059,1.649027273787384e-05,0.0005581699098246339
243,0.00019834648623205333,0.012829034000909663,0.9867906154777853,1.5909073823023015e-05,0.0001660949612501181
244,0.0003441898747343655,0.011180323791159127,0.9881373262839998,1.955946461085253e-05,0.0003186005854958494
245,0.0005676733052780504,0.014893392513119231,0.9840377654507705,4.691632473586033e-05,0.00045425240609627617
246,0.00030235255191228316,0.013547968166225641,0.9858601789999866,3.112706679246193e-05,0.000258373215082963
247,0.00021418884993334154,0.007109916049427825,0.992334902658287,2.6556817829563224e-05,0.0003144356245221272
248,0.00021971940050340093,0.015534349708127997,0.9840170820213151,1.887663063269902e-05,0.00020997223942094737
249,0.00010965577344136071,0.007806595468415431,0.9918589684616781,3.3327831650957676e-05,0.00019145246481421042
250,0.00019173957971573412,0.010393337008776165,0.9890536762701322,4.7495764434735034e-05,0.000313751376941133
251,0.00013831124171866105,0.013946778562056074,0.9856447647566483,5.823860319129963e-05,0.00021190683638575236
252,0.00016828938016999177,0.010505043254338844,0.9890228126305036,7.580550388879345e-05,0.00022804923109873287
253,0.007178852387329902,0.0893444764767931,0.8855982622783243,0.000365355167151282,0.017513053690401407
254,0.016656718293485133,0.1882026138708607,0.7832411080419865,0.0011895975151634622,0.010709962278504138
255,0.0005286812175543484,0.008321771200420647,0.9905616045098192,9.304772079304056e-05,0.000494895351412602
256,0.0024269426178843527,0.08837765212584384,0.9078684690865152,0.0002508826393807086,0.0010760535303757743
257,0.0005010561666832728,0.035303246737582276,0.963491268401369,6.675027256342866e-05,0.0006376784218018745
258,0.00042120157402190933,0.039765214420811476,0.9591853069749784,5.110332118356412e-05,0.0005771737090046445
259,0.00035986255677823286,0.017817309778382955,0.9810998629270371,0.00011376776504389326,0.0006091969727579444
260,0.0002161854640334694,0.018300113716119247,0.9811583443610097,5.0961837750628047e-05,0.0002743946210868267
261,0.00020281245980718112,0.010789096166767686,0.9886796740568514,5.129606730760979e-05,0.00027712124926611715
262,0.0001760006438759198,0.019132870984183526,0.9803893095443831,4.484030443365228e-05,0.0002569785231239166
263,0.00016561609931793253,0.015904548408139277,0.9836197326348949,2.8020379289209343e-05,0.00028208247835854425
264,0.00027385316267836016,0.013944173116521534,0.9854852957575952,4.3654948336919565e-05,0.00025302301486784416
265,0.00027837311151264965,0.010350610504980772,0.9890944727304742,3.150869596190457e-05,0.0002450349570703353
266,0.00017327818227617093,0.01701652590384933,0.9825215963455531,2.2131490206078907e-05,0.0002664680781152575
267,0.00018162926728941073,0.016214936800281105,0.9833529017020356,2.3881204532300626e-05,0.00022665102586132303
268,0.00017202369102522607,0.016288056452335276,0.9832552329379182,2.475147305842093e-05,0.00025993544566315285
269,8.68485839346983e-05,0.005387454506274624,0.9943854474302914,1.5912180668810786e-05,0.0001243372988304011
270,0.0002331787580676309,0.010314360975098618,0.9891484197073912,4.245478828685221e-05,0.0002615857711556632
271,0.00015081259330165082,0.006348423621146654,0.9932306704905279,1.6012688035048903e-05,0.00025408060698881306
272,0.00022059552796111363,0.012067799654970178,0.9872926904145037,3.1795314310577744e-05,0.00038711908825456284
273,0.00019347262519639388,0.008737805392957697,0.9907397410784277,2.9696383209114145e-05,0.00029928452020907057
274,0.0001329002962837619,0.011496422459651736,0.9880416092725126,1.7874227571097975e-05,0.00031119374398082457
275,0.00015033758493721014,0.004752544060580362,0.9948141979228996,2.1286243208331332e-05,0.00026163418837437015
276,0.00023296473913504465,0.007340838406290757,0.9919580247403748,3.72108842648891e-05,0.00043096122993469563
277,0.00017722608374595153,0.00627016174510482,0.9932022644005153,3.310546733533458e-05,0.00031724230329850195
278,0.00028742523151198537,0.013344416074245089,0.9860995952273409,2.3931907547125448e-05,0.0002446315593547228
279,0.00045887198439164406,0.01800590330237203,0.9810258232808446,2.4572410912367867e-05,0.0004848290214793682
280,0.00031399480583302683,0.008701848441605195,0.9907654645844441,2.3112646899657304e-05,0.0001955795212181257
281,0.00030848456388493347,0.011217872623889734,0.9877995052663741,6.189773483327146e-05,0.0006122398110181106
282,0.00017880807304307842,0.010314996650084217,0.9892984837772412,2.2246329379637097e-05,0.00018546517025212013
283,0.0003337104558605015,0.021642070432213178,0.9776517701884212,4.247034017963207e-05,0.0003299785833256936
284,0.00022454072172435144,0.011139654732111343,0.9882537682304289,2.8666046631733146e-05,0.00035337026910379235
285,0.00047951719893715846,0.015044612007945378,0.9838679251037348,0.00011296925217443015,0.0004949764372081967
286,0.0002618819188687434,0.01424814764922289,0.9850555538091341,3.796564060406267e-05,0.0003964509821701613
287,0.00023808568458607367,0.010672178080965803,0.9886851553607836,3.355408598114953e-05,0.00037102678768347616
288,0.00037905547758918944,0.015016641068273951,0.9842078174455103,4.511380339580378e-05,0.00035137220523079625
289,0.00021213022538783187,0.016777573041954992,0.9827476637056072,5.0303864985049044e-05,0.000212329162064911
290,0.00019758717944631525,0.01736924818210783,0.9821599898341391,4.6036854961919394e-05,0.00022713794934483726
291,0.0003040157783908573,0.0246160053867141,0.9747474355369626,6.093238222834651e-05,0.00027161091570391995
292,0.00031584816507131624,0.026791337213176468,0.9724793064410634,6.432375243643522e-05,0.0003491844282525498
293,0.00017061167493010235,0.027495641638655085,0.9719998724561271,6.781556341315393e-05,0.00026605866687467273
294,0.0005036388030007332,0.022512765521019787,0.9764371474177552,0.00016624593447635717,0.0003802023237477888
295,0.000677498994919787,0.027078955080195338,0.9718170779982057,8.70689284224054e-05,0.000339398998256584
296,0.00025941883604844616,0.013967111514899206,0.9855628940411634,4.734371365479563e-05,0.00016323189423412158
297,0.00032681699284441894,0.02318604092190857,0.9758845031441681,0.00010984589984239339,0.0004927930412364481
298,0.0002751569145894275,0.02446229352483129,0.9747900137711694,7.999748962493784e-05,0.00039253829978509264
299,0.0004471579158449641,0.04456684744970304,0.9545041303525604,5.740844887229654e-05,0.0004244558330192129
300,0.0003702964794100555,0.02262823271327516,0.9766192004568834,0.00012632579476971675,0.00025594455566140076
301,0.0007107920198369655,0.026349891620886367,0.9725180405287506,0.00015811430768352105,0.00026316152284244884
302,0.0004360733384959956,0.026719184695563412,0.9722160235639249,0.00035739656316352195,0.000271321838852159
303,0.0003530978044686435,0.0407643100197463,0.9582778793858322,0.00022614002399518244,0.0003785727659576783
304,0.0007388056751843978,0.0650351776765949,0.9333027505979627,0.0005739939523995574,0.0003492720978583316
305,0.0014817653393415127,0.09125425895876513,0.905798350119797,0.0004521918393797645,0.0010134337427167178
306,0.0011883528794268774,0.04219480755846859,0.9541439975309358,0.0013400540214936543,0.00113278800967487
307,0.007234139037401494,0.15798515540440097,0.8236474153028,0.007121135299627572,0.0040121549557699115
308,0.009022190011711654,0.5919695451306584,0.3830777366328381,0.011776105519216366,0.004154422705575467
309,0.008540462997373106,0.21402519246896876,0.7438001453875959,0.028194408355167132,0.005439790790895098
310,0.05339580287013023,0.5635880802745236,0.23087450872955023,0.120656621886008,0.03148498623978813
311,0.008233764637638034,0.16886379211662098,0.6651720976363815,0.14930369765395768,0.00842664795540183
312,0.09497982995775484,0.35572170474702597,0.00599798013727802,0.4754259035381492,0.067874581619792
313,0.098971889826153,0.2801912473445735,0.000980800897516329,0.5204912261688319,0.09936483576292525
314,0.049138009718288855,0.05911905470783099,0.0007534781654262302,0.773013497204129,0.11797596020432485
315,0.06822589519094577,0.16940106786834072,0.0005989665972893661,0.6750479311471845,0.08672613919623959
316,0.10735856337703607,0.054571558090572535,2.3141160140866948e-05,0.8076222441752452,0.03042449319700537
317,0.05495292759511289,0.05875005653668511,0.0007113725828189876,0.5542688588631315,0.33131678442225154
318,0.0794353656419046,0.04668964409831495,0.00011936493778837844,0.5068778268999613,0.3668777984220307
319,0.1280353641465708,0.043402578300884696,0.00012453006056196547,0.7494081871292934,0.07902934036268915
320,0.07626909675625233,0.04975124213572039,0.00011224984729709371,0.7838339511391507,0.09003346012157944
321,0.0628550635156789,0.052245160579337924,0.00010358113252201312,0.8343356238679979,0.05046057090446336
322,0.0967944229158282,0.03075741942851869,6.12211410705698e-05,0.7932845081991737,0.07910242831540878
323,0.14803864542350834,0.05791172124262065,0.0003780139831618983,0.6723387693161622,0.12133285003454683
324,0.1613217422007669,0.05663475121094041,0.0002721203121143505,0.6717355884507363,0.11003579782544222
325,0.1542931865376998,0.04339839851864851,0.00018820480947465224,0.6963415681958439,0.10577864193833311
326,0.16596463507082412,0.1002191914506687,0.0002131035200288449,0.6386228686826212,0.09498020127585723
327,0.1869291082796501,0.05544862588373003,9.066091606467983e-05,0.6306495909659856,0.12688201395456952
328,0.12761857409781024,0.06320799864488104,7.919559570506205e-05,0.6876713274864819,0.1214229041751218
329,0.17515459789726343,0.10786336459660843,0.0002537282968125336,0.6569933551545467,0.05973495405476886
330,0.19423408185159197,0.11514237564173588,0.00017226871787270843,0.6445116783607703,0.04593959542802919
331,0.1743693898531413,0.21026307255043863,5.919740146211129e-05,0.5944294356625246,0.02087890453243334
332,0.12406131926104214,0.1058688221062949,0.00015762195368926448,0.17053924580580423,0.5993729908731695
333,0.15347689481120252,0.3140577388054152,0.0005375303263426928,0.099275940962912,0.4326518950941277
334,0.18966905704597575,0.25210616676306413,0.0004914128565720182,0.1028831488009335,0.45485021453345464
335,0.22137539824269406,0.12825563230521334,0.0012693105467384083,0.019615505481338915,0.6294841534240153
336,0.35137938840718824,0.30076576861382537,0.0033556744841012802,0.03628152461820952,0.30821764387667555
337,0.30890528534530903,0.42310604671672564,0.008371874208425363,0.03012296912889723,0.22949382460064272
338,0.21297086108123975,0.49174257686035255,0.04826752937603831,0.007575439235249882,0.23944359344711943
339,0.06339147389939816,0.7735360308847071,0.05506934339358769,0.03209254790927966,0.07591060391302744
340,0.11531878406250193,0.24937586658892144,0.12910861695288423,0.011274005633338646,0.4949227267623539
341,0.1280245317140493,0.6754080475823552,0.0794569732536291,0.009397327830058453,0.1077131196199079
342,0.09225431891206506,0.8275114576708225,0.004171469506730581,0.00906200834787948,0.06700074556250263
343,0.3246488535173499,0.6250915208913512,0.005020683240429949,0.0032136591540884224,0.042025283196780554
344,0.09490690471897165,0.7051730443780785,0.008830557948921581,0.03269325454183951,0.15839623841218875
345,0.13976678147165578,0.7579878247605744,0.035198815572384516,0.017787450207914154,0.049259127987471375
346,0.069100252346237,0.7601255197242549,0.01808328459976899,0.03551124276853898,0.11717970056119997
347,0.1823555932525662,0.6024752271116784,0.006656677136798237,0.05129821024463014,0.15721429225432698
348,0.1300979993280277,0.7896622540953239,0.01610858156452972,0.02462395182942325,0.039507213182695296
349,0.10294226697379669,0.8315658301678652,0.024183241181784342,0.023732940882337114,0.01757572079421669
350,0.08686926046888095,0.02792326144759914,0.005358959362248198,0.009261498498146645,0.8705870202231251
351,0.3173929414991905,0.5128885377572535,0.0025598586604030403,0.020316687525328676,0.14684197455782416
352,0.5119207462847876,0.3595398274494499,0.0020707031554388906,0.01029075736177757,0.11617796574854612
353,0.4085502065723661,0.513279775033204,0.03305885431035237,0.0049779531772452,0.04013321090683242
354,0.10782042447680455,0.746415220218033,0.10010587604623443,0.02322369860315586,0.022434780655772264
355,0.03716465056685746,0.8868954481938608,0.03698190761794507,0.015817484180356,0.023140509440980735
356,0.09374489261453273,0.8381174110907901,0.00678790129737433,0.007985038915447659,0.053364756081854973
357,0.07236104857728178,0.8849092501411188,0.013111211379148441,0.0071600204168214745,0.02245846948562947
358,0.0390021817377732,0.9285638678442306,0.010325248661702003,0.01351959706004219,0.00858910469625214
359,0.09570445825211193,0.7844093571781634,0.0189923870457214,0.007582047892304085,0.09331174963169904
360,0.04266861217296788,0.9279645273510473,0.011569855016587353,0.010597264910848739,0.007199740548548769
361,0.0988147980090143,0.8672375296937807,0.014731072776082925,0.005665615969695573,0.01355098355142666
362,0.07846385451740591,0.8328955764227607,0.04801724857635958,0.003737441274433706,0.036885879209040254
363,0.05587071187212135,0.877956274373142,0.026859561224342736,0.019194460749808028,0.02011899178058584
364,0.08799931174603383,0.8552474301286994,0.01262351256136774,0.02745946601763752,0.01667027954626156
365,0.03528299341088023,0.9218930739870799,0.011091538477836338,0.02400260263265687,0.007729791491546759
366,0.04230967218087108,0.8867834049789429,0.016990018343595786,0.04669275676496967,0.007224147731620414
367,0.04699637037110193,0.9039624396380849,0.005859057680521087,0.03287398103862968,0.010308151271662512
368,0.06647511070746827,0.8004490650431695,0.014043081204216568,0.11038743079942916,0.008645312245716527
369,0.06117234636738946,0.8814306103805184,0.009651933435777887,0.0406802601409855,0.007064849675328707
370,0.026643376587069282,0.9282920425185169,0.005012046804470007,0.03566226684605431,0.0043902672438893295
371,0.05134704009968302,0.8638878322630926,0.011064801279799258,0.06924944912931784,0.004450877228107374
372,0.03246427242155764,0.9035789298003128,0.007369637691970931,0.04918441370334969,0.007402746382808969
373,0.01183150148917838,0.9228673641605346,0.039178158427171365,0.023084049837123,0.003038926085992526
374,0.022073482947620432,0.907258974050853,0.010441340209844326,0.05218893927579583,0.008037263515886487
375,0.01914118817856448,0.932511869066459,0.020641354865696713,0.02281226207007834,0.004893325819201561
