epoch,N1,N2,N3,R,W
0,0.014237841241059248,0.002577979364305109,2.6410036740748453e-06,0.0010318156181307846,0.9821497227728307
1,0.01846911530135482,0.0014393975034377494,5.397652220737045e-06,0.0012879044574003117,0.9787981850855864
2,0.008266475596928623,0.0005227511610337488,2.1326741992818774e-06,0.0007642962580786506,0.9904443443097598
3,0.13633748959128142,0.005441268090872045,2.237401156067168e-05,0.003624571976847132,0.8545742963294387
4,0.05223876174135208,0.0053245978573354495,4.871552855802615e-06,0.001839765564479413,0.9405920032839773
5,0.03722314408766892,0.001978336302562795,4.3888001316225785e-06,0.0010554300293912876,0.9597387007802453
6,0.3312653861844825,0.02050208660409032,2.5563286636757968e-05,0.008809369383250679,0.6393975945415398
7,0.06854630348212529,0.004711293170935434,1.1821923584664357e-05,0.002050037163989753,0.9246805442593649
8,0.0018101322821778031,0.0013025259869030093,5.751740625737568e-06,0.00041790778485356936,0.99646368220544
9,0.002904851597620303,0.0003174122356815388,9.887041186794937e-07,0.00028222048794989535,0.9964945269746297
10,0.017135952081614506,0.0011322346922592612,1.7361070226598262e-06,0.0005308734298094995,0.981199203689294
11,0.018859622068430556,0.0008871400314344082,3.0310914235583556e-06,0.0008833192274705784,0.979366887581241
12,0.047118426199905465,0.001838029883648437,5.2059718749018386e-06,0.0007886261776673633,0.9502497117669039
13,0.16239221553360142,0.004025042702304694,6.778911468037844e-06,0.002597406037984971,0.830978556814641
14,0.28581415373725805,0.011885739925086338,4.025739250069452e-05,0.006579950398493952,0.6956798985466611
15,0.1427192146536777,0.057854005886850454,0.00012821950642436203,0.00820493922948088,0.7910936207235666
16,0.004309911836000945,0.0009021619415775891,3.791416373324128e-06,0.0008137155854902832,0.9939704192205577
17,0.21122279851521633,0.02401616562786317,3.33941688314864e-05,0.008766777629536393,0.7559608640585526
18,0.07769816314123405,0.033853153807550454,0.0003225787336721678,0.0015671755644807142,0.8865589287530625
19,0.1530230908176342,0.01258497389462932,1.7141389069642918e-05,0.006431787208383742,0.8279430066902831
20,0.16049978224745864,0.17971447896298548,0.000319556968026189,0.0499670322567497,0.60949914956478
21,0.07263389298354436,0.08960939059576518,0.00030241238618177146,0.03625792272785915,0.8011963813066496
22,0.1406606834529771,0.05924450001188043,8.236986945330328e-05,0.04222224414691009,0.757790202518779
23,0.01321817437242314,0.009460687762665156,1.0062069071658798e-05,0.004015275339541382,0.9732958004562987
24,0.1663196534828321,0.026578538719516,4.699886628646326e-05,0.04072003954907377,0.7663347693822917
25,0.11673792408020243,0.01232622983183363,1.5695753727652176e-05,0.01859199342558851,0.8523281569086477
26,0.03890660032423649,0.012669305286047492,6.240648098737176e-05,0.006383827789949225,0.9419778601187795
27,0.0018283161494958267,0.0007304101563962171,4.610864855636376e-06,0.00046199101403903223,0.9969746718152134
28,0.012140673600881299,0.0009156609013686757,1.4627921769834556e-06,0.0004869540445014841,0.9864552486610715
29,0.03543659056340087,0.00111865572570222,1.953031762651464e-06,0.00037805189061809,0.9630647487885161
30,0.4276024798680442,0.009956789328422049,1.676542291943614e-05,0.0020040463542113293,0.5604199190264029
31,0.2406694726127639,0.010528241889849606,2.3566273514211887e-05,0.0023071415837893415,0.746471577640083
32,0.14463908753841798,0.08426932332035629,0.00015139271879503717,0.005683246780273061,0.7652569496421576
33,0.03244392608216902,0.060689189831274096,0.00029167773813350967,0.006100212653199249,0.9004749936952242
34,0.031189305857301387,0.017920155220681397,0.0004836233623073402,0.0019749488504361757,0.9484319667092738
35,0.022114258854725052,0.0011068368669004383,3.1485145398990864e-06,0.0025353252337399724,0.9742404305300946
36,0.40505313616501387,0.01430840773634836,3.747788114930383e-05,0.03642112839897159,0.544179849818517
37,0.8029372870599955,0.05561576961306727,0.00021572331796914485,0.012977002796698828,0.1282542172122694
38,0.6284750664168819,0.1661931730228986,0.0005661768272206278,0.007541571642458044,0.1972240120905406
39,0.3749000148432188,0.4652327078530574,0.0010893451530612247,0.02811172963475556,0.130666202515907
40,0.21859348830516673,0.6364953592461899,0.0012919934090076673,0.04056128606207064,0.10305787297756502
41,0.07382862706694361,0.857488438634661,0.0022166840793429524,0.025427852363943272,0.041038397855109154
42,0.06564565920970974,0.8523732623863487,0.0033141200575042074,0.037368450299478675,0.04129850804695856
43,0.18869435638996315,0.28027545885406246,0.002302567689845977,0.030646779892394456,0.4980808371737338
44,0.30294859319152606,0.5333697032954884,0.001349164937716216,0.06145255109563131,0.100879987479638
45,0.27502226435151006,0.6392271250232819,0.002384481389111228,0.05255092276676804,0.030815206469328626
46,0.5353351735363103,0.33335399166296575,0.0015469664366816326,0.09505776472621891,0.03470610363782339
47,0.04639470287647113,0.9342696445530775,0.003739617090374417,0.004674455378977396,0.01092158010109947
48,0.18534143107497927,0.7033913674769897,0.0011691920300279696,0.08363941009827963,0.026458599319723334
49,0.02624124039128179,0.9619872135801603,0.0022732549317610665,0.0030799641517205885,0.006418326945076232
50,0.057252572346641405,0.9199400847357464,0.002406621490310508,0.013601046736936148,0.006799674690365509
51,0.07866159992577454,0.8955365950204082,0.0024985356842217865,0.017218278395140982,0.00608499097445441
52,0.06633784941998183,0.887071914348233,0.033023264386457724,0.0025403142220822433,0.011026657623245178
53,0.06667014551526682,0.9012115720295408,0.001883757331957774,0.01896061628712767,0.011273908836106945
54,0.031973124879261614,0.9481195599663172,0.00391586254729362,0.004705285701886542,0.011286166905240973
55,0.0399786022424305,0.9334927495143563,0.0017549193164490392,0.01586387153918949,0.008909857387574535
56,0.05471760949979268,0.9228288825925852,0.0018862727529335278,0.011148624727393199,0.00941861042729545
57,0.0389712307074945,0.9405010211042223,0.002544947687164248,0.009077885118908327,0.008904915382210533
58,0.09816396997996804,0.7973932538098435,0.0022357184553161817,0.08055628661666134,0.021650771138210963
59,0.052843047732819476,0.8899583635411453,0.0036781510868931994,0.0359546691622686,0.017565768476873234
60,0.11317063215292752,0.799693334009409,0.0018671144111146747,0.03407772032311662,0.051191199103432256
61,0.13144559226164976,0.7706601111567036,0.00044996845292978816,0.07473608547118749,0.022708242657529628
62,0.07802357115481019,0.8986154488997903,0.0011402331579963422,0.012242096818004972,0.00997864996939818
63,0.08353626535185525,0.9077163421636538,0.0026760123738338174,0.0016504546619892904,0.00442092544866792
64,0.23424335050228154,0.7333333331401328,0.0005063050882539155,0.018936421982945206,0.012980589286386452
65,0.03853578015718754,0.9478809491224707,0.003993446180255097,0.003477087598823431,0.006112736941263199
66,0.051721529360660164,0.9231846115009182,0.0027098324219283526,0.012758231246268771,0.009625795470224388
67,0.02453133705074264,0.9685706839109265,0.0008316424709260451,0.0036966503837947964,0.002369686183609939
68,0.054002293724310105,0.9162306885449415,0.007182988677214614,0.010853330095083139,0.011730698958450641
69,0.029955518061808503,0.944323010194242,0.011557409192573299,0.0075834336631329935,0.0065806288882431585
70,0.023469489582931522,0.9493606867765139,0.021299837780162596,0.0022195331968020604,0.003650452663589939
71,0.016978290060672082,0.9699615489991565,0.006978699422891175,0.002745103103155809,0.003336358414124568
72,0.021701364850654065,0.8681859695811486,0.09267015008397843,0.0013102330616420032,0.016132282422577134
73,0.065817296303735,0.9088384596937417,0.00934966903432143,0.005379225359839788,0.010615349608362128
74,0.05514246616545394,0.9259613006383776,0.006074799278911212,0.00630667533986347,0.006514758577393857
75,0.03928297921208317,0.917328950082914,0.03466478178461628,0.002459257673594439,0.006264031246792121
76,0.02218215514146776,0.9611622221946443,0.010315147662294985,0.00144478675223824,0.004895688249354981
77,0.021807937103545207,0.959852402561226,0.007085416355479847,0.008034364287709542,0.0032198796920394
78,0.028243003035670074,0.9308734696145742,0.03248076621016792,0.0027959472486571374,0.005606813890930703
79,0.036338620403849976,0.8348394559191119,0.12295525496242884,0.0024155479120539463,0.0034511208025554832
80,0.015431651301786689,0.8763848840291293,0.10092439719004696,0.003005043047144986,0.004254024431892167
81,0.03397791096069134,0.8549531745795944,0.10055396968374779,0.001955837759819387,0.008559107016147028
82,0.008514362273788396,0.7923206807025588,0.19162634694092853,0.0012036234025764837,0.006334986680147869
83,0.019353478086461887,0.8118486315612822,0.16402445025849854,0.0008708458044572648,0.003902594289300332
84,0.011341260286795824,0.7873396646247696,0.1951108148904138,0.0005023340617363542,0.005705926136284377
85,0.005739696335189765,0.6934539277801076,0.29438642304799045,0.0007676361278232492,0.005652316708888779
86,0.01903630083289349,0.8138983270271903,0.1537270137317527,0.0011180549725428464,0.012220303435620614
87,0.011981239284159,0.8296765317514,0.1514039931306419,0.00037838161613446106,0.006559854217664595
88,0.01343569292926268,0.39834285509122236,0.5805638793947311,0.0004624897454668592,0.007195082839316998
89,0.010485398895035488,0.5747809699144975,0.40442330710478064,0.0007240804409197588,0.009586243644766594
90,0.018793204589613883,0.7946802851813115,0.17355087214122916,0.0013962406871628533,0.011579397400682593
91,0.004564542188054266,0.4026542066167308,0.5863511218549016,0.0002773727685943522,0.006152756571719106
92,0.009206904131928735,0.7965014452209189,0.1866466335587979,0.0004862196613266719,0.0071587974270276725
93,0.006464656230078874,0.4063839382101039,0.5834547405264482,0.00023068763065912235,0.0034659774027101077
94,0.008858215919243453,0.7563419936491917,0.22525182333526306,0.000574422306523478,0.00897354478977842
95,0.005980041116840559,0.3974560527516417,0.5898761841992965,0.00021441852962912205,0.006473303402592003
96,0.006014919026327317,0.42874603662309213,0.560775398106615,0.00021386431844464364,0.004249781925520877
97,0.004208624644304272,0.21591581321326592,0.7698976088435415,0.000336991951816762,0.009640961347071325
98,0.03198753952610903,0.49669660725997966,0.45729460504163283,0.0012582522413207278,0.012762995930957782
99,0.004515755401541703,0.31409088706933785,0.6748279130748331,0.00039083639342698265,0.00617460806086041
100,0.011422330211885727,0.5347284272579282,0.44293878307895396,0.001049578848737563,0.00986088060249449
101,0.008960730126928504,0.4781837258272847,0.5008547560524319,0.0012962252940748333,0.010704562699280072
102,0.015326443170363687,0.6005533619379322,0.3689401431710773,0.0013042062650403992,0.013875845455586329
103,0.018363202255452044,0.4570136781480301,0.5131676807968112,0.0005933791085771095,0.01086205969112943
104,0.01899547255159941,0.48718067718351477,0.4731267751554426,0.0009835557874095502,0.019713519322033704
105,0.014250189300121749,0.22517629166179468,0.7505169091472458,0.00020876758504002316,0.009847842305797796
106,0.00870037191924331,0.20938410804257182,0.7697389010189076,0.00022078795273670557,0.011955831066540478
107,0.013389015224989849,0.15693473187052795,0.8192462222241711,0.00017098482929971877,0.010259045851011436
108,0.007974053246178668,0.17726015605681106,0.7986479848169682,0.0001613884149715226,0.015956417465070476
109,0.00973534550272124,0.12891392889556408,0.8480201042205694,0.00015490009005460472,0.013175721291090446
110,0.010177681121275487,0.22850929720943006,0.740955448585016,8.886509407685317e-05,0.020268707990201633
111,0.009683075990659807,0.17857548916847077,0.7892265172156918,0.00014497664617758158,0.022369940979000042
112,0.007197238443810454,0.10001193116225478,0.8734513818423482,0.00010425035811206096,0.01923519819347454
113,0.018083033996012413,0.2806329531677807,0.6614251528122038,0.00029738626477351975,0.039561473759229526
114,0.0022455905925348424,0.02962793462139292,0.9578481184040402,6.70182271559409e-05,0.010211338154876187
115,0.008412576990676351,0.14022959702212587,0.8422822161660969,6.952643392263231e-05,0.009006083387178206
116,0.006836775046994993,0.11319905673754622,0.8699150598447704,0.0003266174387035811,0.009722490931984719
117,0.0016700478807556566,0.029430726582046058,0.9618633299367654,0.0001596625319006441,0.006876233068532232
118,0.004604038027337147,0.06230223364244392,0.919216029465568,0.00023172126204281545,0.01364597760260808
119,0.009516120962018931,0.4284589877799961,0.5382700023339086,0.0021639969000919078,0.0215908920239844
120,0.015874947362954767,0.28181234913984243,0.6797875578842105,0.002519988748273253,0.02000515686471893
121,0.011877497908030145,0.3582550480879138,0.620401271595319,0.0010589075621939463,0.008407274846543036
122,0.07204106176131718,0.5727394206100842,0.3467257330784727,0.0009790872852139816,0.007514697264911853
123,0.030816285448721382,0.43502224439340975,0.5263445137094909,0.0006075417726535945,0.007209414675724328
124,0.0035120221363670163,0.19083627292814334,0.8025766415542586,0.0002362625850275295,0.002838800796203483
125,0.003685065369132131,0.18873366308197617,0.8032614273189367,0.0003551268761484573,0.003964717353806627
126,0.002017204379826769,0.16358063945740958,0.8321314132063945,0.00015250458324786025,0.002118238373121409
127,0.006838852996816737,0.11091523130274954,0.8743861566760674,0.0006323399095381939,0.007227419114828246
128,0.0050918841440556525,0.1307909434884421,0.858969404517171,0.0003347801893411626,0.0048129876609900825
129,0.009969890883419605,0.14056605499006375,0.8445661317832902,0.000294111768934126,0.004603810574292368
130,0.0025781598449280576,0.054463971331122504,0.939169340719474,0.00012883817303015074,0.0036596899314452797
131,0.004053092083860387,0.1753193388560367,0.8164466786780771,0.0001362595806692643,0.00404463080135671
132,0.0024764941815779923,0.07269352014351292,0.9224991648023062,0.00013730229407691512,0.0021935185785260576
133,0.0007728743487141104,0.03380447299971551,0.9634477922537538,4.578952075091262e-05,0.00192907087706576
134,0.007073173729795013,0.12523681155368793,0.8638494599338707,0.0002675316996892348,0.0035730230829573153
135,0.0021060617390603643,0.057893261144984554,0.9376350174740583,0.00015056225171579155,0.0022150973901810304
136,0.0008716175346688682,0.047917653301701245,0.9498340976668858,8.280654537169692e-05,0.0012938249513722506
137,0.0035255304339195694,0.049954964435107885,0.9441443575283788,0.00014786108478158122,0.002227286517812105
138,0.0011958790901639026,0.03272999234771072,0.9648563162844992,4.142813498218295e-05,0.0011763841426439916
139,0.0026154831377114647,0.08504294003812947,0.9076088554444628,0.00034667200778880944,0.0043860493719074375
140,0.003974904057567158,0.1261938581074621,0.8644802225067684,0.0012150683896047093,0.004135946938597548
141,0.004299105108995179,0.1939732327428347,0.7979203098418992,0.0005749422056592503,0.003232410100611366
142,0.03701925743815724,0.3961087388088133,0.5603378080953465,0.00042058403132623517,0.006113611626356827
143,0.006855483020378223,0.3031405682330027,0.6849789093950973,0.0005826209659920943,0.004442418385529676
144,0.009729118502085925,0.298866075060888,0.6847044667940506,0.0014111113008526822,0.005289228342122776
145,0.02323011728395901,0.3300349066705492,0.6335477562694994,0.004659774307132716,0.008527445468859514
146,0.06437488333575347,0.5690669973513341,0.2944495677059145,0.04750361509706836,0.024604936509929627
147,0.043475842952779745,0.8391081123406477,0.02316227668376852,0.06984819823467807,0.024405569788125886
148,0.2222872441272059,0.36222303775261067,0.0018336084195908367,0.3698020216370181,0.043854088063574624
149,0.08621769193878068,0.09209788360533638,0.0003353710698258059,0.7911224831258716,0.030226570260185395
150,0.23740549895459023,0.035732704160303934,0.0010550061374871515,0.4101485538684259,0.3156582368791927
151,0.2670994290077568,0.10988710576588794,0.0010858923066676485,0.34900079357867303,0.2729267793410145
152,0.4114310537872187,0.0352445231601338,0.0003115844825710004,0.5108169006072286,0.04219593796284765
153,0.23532283217421773,0.0772583874283514,0.00042698006800380087,0.6069845677584299,0.08000723257099718
154,0.18675582341181526,0.12256673788621407,0.0008056423993489098,0.6094859756613005,0.08038582064132137
155,0.10696973492807155,0.10711900485011355,0.0002881197988614974,0.6686113729183648,0.11701176750458857
156,0.10425715617366554,0.08334932401018488,0.0013095099251095666,0.6058673721395669,0.2052166377514732
157,0.2762516972395807,0.11953058815004508,0.000313952250134088,0.5241862936107251,0.07971746874951494
158,0.3303705652403819,0.04478970613770934,0.0004884522705543507,0.5658532477881318,0.058498028563222636
159,0.2202546225576433,0.07136980459361757,0.0010526282596706141,0.5696124938013096,0.13771045078775898
160,0.11127976395593768,0.027148048225972034,0.0005007763621382615,0.49205757690766866,0.36901383454828335
161,0.15746530240494172,0.0720591792209109,0.0005137585023987395,0.7074292529124344,0.06253250695931421
162,0.2815279690653114,0.03542267479842719,7.70741399842403e-05,0.6547829504888308,0.02818933150744628
163,0.2239631598530407,0.061925084637775685,0.00025541389093289746,0.6892578326697695,0.024598508948481188
164,0.15097888679502264,0.05914741239831584,0.00017334012847952584,0.752199242494604,0.03750111818357802
165,0.20204268923777963,0.0680049733426274,0.00010184394269166326,0.6969414300619318,0.03290906341496948
166,0.14176161425310907,0.12428689804374866,0.000629185905018702,0.7024367383575755,0.030885563440548124
167,0.2038268192257602,0.077324590936844,0.00028993814331990873,0.6811721165596566,0.03738653513441933
168,0.19519701183793645,0.07458650169630453,0.0004202320132432586,0.680172151796472,0.04962410265604376
169,0.14026841222026445,0.39598228668795027,0.001454157407995889,0.39204207918183964,0.07025306450194974
170,0.15742786414056187,0.26797746036731124,0.0009318907091257539,0.5117898076764871,0.06187297710651417
171,0.061160062078746844,0.10750459051142812,0.0017456803400659948,0.02501272965461494,0.8045769374151441
172,0.3911721432866504,0.1418919410082411,0.00025598302762681104,0.16398966293487896,0.3026902697426028
173,0.40238434123313926,0.11031430803871901,0.0004467081827207823,0.4627288775723595,0.02412576497306145
174,0.276850004959856,0.39471301321881525,0.0021457435532705057,0.2510515969079426,0.07523964136011561
175,0.14268437605133755,0.544751334795352,0.002090605006360476,0.284244794013943,0.02622889013300715
176,0.10521234379086448,0.45474013657329027,0.0006398346609547999,0.4257872881829097,0.013620396791980766
177,0.11912495510350203,0.13539560962813846,0.00019602409015865676,0.7336836109585335,0.011599800219667441
178,0.02249592331171978,0.8073144851949788,0.005409223220825105,0.1600617745841711,0.004718593688305087
179,0.07699128207156081,0.5091638246470226,0.005158512374829527,0.38869494385713094,0.019991437049456117
180,0.02279632180070709,0.8024677313169363,0.004185866293638133,0.1648379978465916,0.005712082742126916
181,0.07357584696527104,0.264174874630825,0.0009435023313836656,0.6490778429805993,0.012227933091920926
182,0.06079392676642505,0.6507542361794312,0.010360329200331236,0.24937939469934745,0.028712113154465122
183,0.12759177368373148,0.07825722998427212,0.0007070750661396307,0.6685568462061077,0.12488707505974911
184,0.10324593255129283,0.040759705439532314,0.00010642262370138807,0.8427573586265867,0.01313058075888673
185,0.12004502793673341,0.08893920801947287,0.0003300768664429973,0.7656563857815242,0.025029301395826705
186,0.16599876799562133,0.1624130063106927,0.00026510998238971366,0.64581197025272,0.025511145458576287
187,0.13748785916634165,0.09187100327387608,0.000188304549829685,0.74267104394259,0.027781789067362592
188,0.19715509656810298,0.06856703169070713,0.0001600050857942474,0.6834934207948083,0.05062444586058741
189,0.144134495564403,0.07485673888070414,9.635972935201378e-05,0.42404727310228507,0.35686513272325593
190,0.09826621252871036,0.06382358531669455,0.00044611704468442304,0.3250047870819923,0.5124592980279183
191,0.36063456751631445,0.10469927506819882,0.00039011517274643653,0.2629351937004757,0.2713408485422646
192,0.2748385220880361,0.250505588136231,0.0007035587210417136,0.3922700547653636,0.08168227628932752
193,0.35297696408637813,0.308111507006885,0.0008690102436184617,0.30163534031098815,0.03640717835213023
194,0.1438043994845941,0.7727329188934523,0.003404256596163069,0.06104098506256041,0.01901743996322998
195,0.2537942361027491,0.5989122574224383,0.0058537833889607295,0.10792368120532674,0.0335160418805254
196,0.18299371667073383,0.5428384508805423,0.003072243105053051,0.2235932872231523,0.04750230212051854
197,0.0990317900172036,0.7762182260673482,0.05779907657355248,0.03472511622292945,0.03222579111896624
198,0.152315106387193,0.7648365187952064,0.007748573258973771,0.026990647312810676,0.048109154245816015
199,0.2680220645670001,0.6486964579867541,0.010042591649875511,0.03459745069093268,0.0386414351054373
200,0.11881587719763284,0.8031913331276681,0.0063807500668149435,0.04507575325515532,0.026536286352728842
201,0.30924158969834614,0.6331081990510512,0.009785985166264841,0.02821450987859314,0.01964971620574456
202,0.05380730343870636,0.8921205416818393,0.016053662580672604,0.0154848661478418,0.0225336261509399
203,0.21626454419973348,0.7129849641517341,0.02095329466399806,0.028910048509084057,0.020887148475450323
204,0.04760751108630558,0.8300765581947015,0.09623393354154937,0.0173986726224751,0.008683324554968348
205,0.035649626884628055,0.9028597887811293,0.03443020693609689,0.015159172357989196,0.011901205040156723
206,0.0727761663530284,0.8597678010904097,0.027323398089108032,0.025862852035181943,0.014269782432271807
207,0.01581699714986957,0.5694112143534968,0.3690858528493276,0.02666519636948284,0.019020739277823207
208,0.15644967723120398,0.6935889635314124,0.08254287070623291,0.04517580100056972,0.022242687530581028
209,0.081864827469127,0.6957720208504189,0.186660052535905,0.023510204844642193,0.012192894299907015
210,0.05761399461471666,0.6823609037236653,0.1975275841063708,0.03970657383363276,0.022790943721614356
211,0.04292507655451712,0.6358143609190229,0.2912571283684389,0.01965808816807491,0.010345345989946323
212,0.04167512153838653,0.7274889677942205,0.2013809857821247,0.015860641394029814,0.013594283491238457
213,0.036019192452581505,0.6509695006372275,0.2335546741876992,0.05434391168164621,0.02511272104084556
214,0.07407539564563162,0.6283719200170642,0.22879900372244447,0.049263336790552316,0.019490343824307334
215,0.010965181381458078,0.3583192811163753,0.5845475166441841,0.03261066512833806,0.013557355729644489
216,0.02447000153878284,0.5877476109297356,0.3244250219630741,0.035235846877557785,0.02812151869084982
217,0.013900146401107913,0.5903921898695479,0.33448664353963403,0.03374243583734846,0.027478584352361786
218,0.12410704229090326,0.7335318871512261,0.0628283702858835,0.05743127757344518,0.022101422698541987
219,0.03219223400400807,0.6330359042059758,0.2950043106514086,0.026201878259334743,0.013565672879272787
220,0.06919953232603139,0.6841730275635937,0.16648435457225672,0.04995945685492846,0.0301836286831897
221,0.050173658771636584,0.6284141428239866,0.2700679761146034,0.02915097941868201,0.022193242871091486
222,0.03401778313231698,0.7859374202738473,0.12794449572609726,0.03151378025351106,0.02058652061422735
223,0.1084629331617151,0.6927146965995205,0.07717421161930867,0.021985461061503894,0.09966269755795187
224,0.1518187527530237,0.7315400124684687,0.0809020550199707,0.019877695529471433,0.01586148422906556
225,0.020665776213005447,0.810186953354654,0.1583219269027615,0.004451732650354788,0.006373610879224181
226,0.03501542704725079,0.7300107393352289,0.21613195400973703,0.006254355320979144,0.012587524286804203
227,0.0432156006156712,0.7995765553790439,0.1466142117260521,0.0036611323657068026,0.006932499913525992
228,0.03106346078201832,0.7138208859483355,0.23637506523516147,0.00629068652067346,0.01244990151381119
229,0.03397299759665693,0.8018120798168391,0.14842012279811626,0.007640028027395479,0.008154771760992332
230,0.0142764356064222,0.5421057020079451,0.4358777467955102,0.0032021147032143056,0.0045380008869082165
231,0.020987321273778604,0.6973235707090862,0.2646459297260398,0.009467524655428263,0.007575653635667214
232,0.021245740218477367,0.7396023674291712,0.22360913173135671,0.00711378692223155,0.008428973698763295
233,0.16214250178736767,0.7177126679082592,0.02033395451210477,0.006255096514129774,0.09355577927813874
234,0.13578773913114983,0.8189726721501174,0.02952433294349719,0.0025637385797433587,0.01315151719549213
235,0.060722337806639264,0.8455103915407489,0.0804117684779453,0.0013086541584744578,0.01204684801619209
236,0.12042436737911227,0.7971286785936194,0.07066313483553506,0.0019747510489443836,0.009809068142788958
237,0.022090273989001763,0.8183620791032803,0.15089474660359753,0.0031287722215545036,0.005524128082565873
238,0.020798142438082996,0.8279072992158857,0.14221291276905412,0.003696895571989181,0.005384750004988016
239,0.0068566604496777175,0.6475866192807792,0.3385983565977201,0.0017380896236900163,0.005220274048133075
240,0.013490820468233643,0.7653847640657976,0.21232347688515085,0.003933500166822038,0.004867438413995812
241,0.012691395519263933,0.5781477869424102,0.4008047568080102,0.0013918925651198895,0.006964168165195833
242,0.03482776134429113,0.747858490460863,0.20361782709860576,0.004462176708442437,0.009233744387797739
243,0.017461700404208337,0.8386405755821347,0.13284303928891453,0.003399298194655482,0.007655386530086936
244,0.017778068794745524,0.8050716948203207,0.1669065897430417,0.003343557833044635,0.006900088808847395
245,0.036389787430306235,0.8677920218081225,0.08308816713231879,0.006170641363989341,0.006559382265263107
246,0.0058068063833749215,0.49591852851373,0.4923883111106817,0.002530273090225354,0.0033560809019881456
247,0.015236066258222321,0.6662138693800853,0.31442158995967234,0.001418610220323084,0.0027098641816969285
248,0.027802197035659358,0.8882322250149386,0.06609241570928998,0.010851482667814683,0.0070216795722975525
249,0.0088326442208518,0.8049544866061167,0.17874111149464536,0.0042550973470104015,0.0032166603313756588
250,0.015904074198643137,0.4922250747380497,0.47825372867433247,0.007283843240529144,0.00633327914844536
251,0.005285135090800943,0.599680829770325,0.3876591400359071,0.0040661927897133535,0.0033087023132535405
252,0.02105952151543292,0.7755920474118073,0.19870579422151605,0.0009480183497304583,0.003694618501513184
253,0.007969139847732204,0.6640564198515079,0.32261332602837445,0.0014919286376554961,0.0038691856347299295
254,0.0029799067049054943,0.38198712360554565,0.6120457840533448,0.000698853927334521,0.002288331708869603
255,0.006443588241661535,0.5566726898181981,0.43265486446663215,0.0009721978949754903,0.0032566595785327185
256,0.004200610831935649,0.5850423835018242,0.40668180555132327,0.001042565197226998,0.003032634917689765
257,0.003620602010338672,0.4474268181268428,0.547038438668955,0.00031853497601201273,0.001595606217851436
258,0.0010435591211389015,0.26602422414174404,0.7314751761166561,0.0002456841545959592,0.0012113564658649903
259,0.0041932724954401104,0.45745467203209145,0.5353455065726525,0.0005907200042794969,0.0024158288955364177
260,0.0031738631869839343,0.4803763628431338,0.5108217674024859,0.0007495282035716389,0.004878478363824659
261,0.0027791138774561196,0.41911604148422,0.5746158517948019,0.0004994238616675472,0.002989568981854254
262,0.0029234204639105236,0.34291195798930346,0.6515083879571385,0.00028629048238932946,0.0023699431072582433
263,0.002524555507734022,0.2324204668311549,0.7640086967073666,0.00016858323030060065,0.0008776977234437572
264,0.0017056157069386777,0.5523218594434436,0.44403229890850787,0.0004349067045571743,0.001505319236552636
265,0.0008842255837652271,0.4339437920228215,0.5641539635569496,0.00017856697937296696,0.0008394518570905612
266,0.002900663272372127,0.2804007613380104,0.7134560663535967,0.0006059079247378624,0.0026366011112829864
267,0.005092238330161427,0.3689431650529708,0.622834869670933,0.0008778254624459501,0.0022519014834887466
268,0.003283038141710617,0.4190506195465076,0.5739541203312083,0.0007776294536664887,0.0029345925269069705
269,0.0025732255703236986,0.39845834680955394,0.5955720052527718,0.0006667300637955417,0.0027296923035550168
270,0.001693185005978752,0.19811100278785793,0.7986161464149839,0.00035541259434647833,0.0012242531968329254
271,0.004974624683683521,0.2890755162688332,0.7026580618831878,0.0010163856311460565,0.0022754115331495178
272,0.00419539310931138,0.43764301370838543,0.5543071723086902,0.0011560200746600386,0.0026984007989528914
273,0.001179245621513618,0.30596134739780256,0.6907357830607884,0.0005192874234215094,0.0016043364964738204
274,0.0035731281976557425,0.21829691538754464,0.7745695255936064,0.0009848866543751892,0.0025755441668180393
275,0.0021957379789869407,0.2707225678607091,0.7239262449817021,0.0009964712742129786,0.0021589779043888597
276,0.0024661646829997014,0.13477330802154716,0.8599037027777559,0.0007831587943873572,0.0020736657233100335
277,0.004319165601349055,0.17481924641862018,0.8144142139214354,0.0016031747347392562,0.004844199323855963
278,0.006557433814424671,0.47183414063195084,0.5153452543244199,0.002276986858643524,0.003986184370561085
279,0.0022680429681826812,0.3240973773357264,0.6704884235995282,0.0011545354765257305,0.0019916206200370087
280,0.0027514100408506043,0.18489892237617156,0.8101611992129697,0.0008025112541171449,0.0013859571158911222
281,0.00624624830500541,0.3649915264269457,0.6248078686692968,0.0013679496908451019,0.002586406907906979
282,0.0033582180338130115,0.15663273760116894,0.8380413725262779,0.0006530590313672257,0.0013146128073727383
283,0.003996653180113571,0.1840898718599073,0.8083703607679562,0.0011741424306752415,0.002368971761347716
284,0.006499378021299882,0.45575770338986515,0.5306584950912353,0.0027729248056627426,0.004311498691936907
285,0.004987980782025666,0.26631232258336895,0.7242101262237289,0.001538182872044368,0.0029513875388320994
286,0.006248063366848103,0.2924329128981715,0.6948608956508918,0.0027435004980442194,0.0037146275860443626
287,0.006777043688705543,0.22353067530186096,0.7593050578697095,0.004506752995639846,0.005880470144084152
288,0.009061938190947017,0.5299219871783893,0.4450441406526843,0.004881331475131971,0.011090602502847375
289,0.012843739304672273,0.4478503527311163,0.5208928922632822,0.00745551561096838,0.010957500089960959
290,0.01221955714924632,0.7458995686368642,0.21589617933756236,0.012750297966972376,0.013234396909354686
291,0.3754071248597647,0.35256731758863225,0.005999028944304671,0.0655338146462435,0.200492713961055
292,0.16480688068971297,0.7683764003263005,0.027841329815253058,0.021950816642928424,0.01702457252580523
293,0.14582756982938258,0.7489600453599577,0.07983615535345519,0.009854122476286566,0.015522106980918058
294,0.36246690250517927,0.5888432977603602,0.016817869736893802,0.013803410790760848,0.01806851920680599
295,0.012041008941331251,0.4764126271095041,0.49692489297997794,0.009971101149438107,0.004650369819748583
296,0.02310667416385323,0.778172143512624,0.15385724883479318,0.03570401522869363,0.00915991826003606
297,0.03399722250991084,0.7989677180484869,0.12792459286851093,0.029799936969882854,0.009310529603208693
298,0.00974087740851808,0.7369099273967212,0.21914802407783804,0.028311321120100753,0.005889849996821776
299,0.014527608881109036,0.8060346205382692,0.14974903129140804,0.025956842488396983,0.0037318968008166675
300,0.018719474393756756,0.5524400745581882,0.40319686580788294,0.017248286482954258,0.008395298757217824
301,0.346620891042158,0.3681868850946314,0.007175129568357645,0.10718310059790048,0.17083399369695246
302,0.2446939070584402,0.6644534565271623,0.030560950883296256,0.02731057271933821,0.03298111281176301
303,0.09258461527913821,0.5535874198393123,0.2938957556255775,0.026946190151382405,0.0329860191045895
304,0.47452696126470784,0.38824148903719363,0.009443664594023496,0.023054966067004728,0.10473291903707038
305,0.2800541476129866,0.5202145039680313,0.027870087011421428,0.13057072081049304,0.04129054059706771
306,0.03563900387753448,0.8234560561185875,0.1068378841843977,0.020387758016279404,0.013679297803200798
307,0.06404007207354447,0.8444299393742695,0.05625338106359284,0.020034150580621548,0.015242456907971564
308,0.029271456145207913,0.8508810590816119,0.0867101571577528,0.02061237567819401,0.012524951937233315
309,0.018294874668349642,0.8560178486257638,0.09985344023388762,0.018745977016148257,0.007087859455850605
310,0.0222336643111998,0.713065133973835,0.2445854573710471,0.012250824074134942,0.007864920269783176
311,0.060654223962185706,0.9132273323622162,0.008970599661215712,0.009063385649707044,0.008084458364675551
312,0.08072982028595936,0.9044388727415735,0.006140946467926135,0.006743184160577914,0.0019471763439630426
313,0.05696584664110413,0.9140217012193771,0.022282201899736162,0.0032098509991929304,0.0035203992405896576
314,0.025821381038414186,0.9413795845232191,0.02341758189857715,0.00671316845131774,0.002668284088471836
315,0.029805309781947124,0.954060803748755,0.004761274151296754,0.008694664599759767,0.0026779477182412616
316,0.0038879099790467627,0.8861279594649687,0.09867441766004556,0.009222969373462479,0.002086743522476422
317,0.008131500371242365,0.7966844966783243,0.17190672632102003,0.019656914844711458,0.0036203617847020684
318,0.014526501766190726,0.6816130686712566,0.15649935191958697,0.14140923725403998,0.005951840388925739
319,0.09835359753891595,0.6218350010360013,0.004089303805057748,0.2608992322534445,0.014822865366580507
320,0.028101344344644067,0.799072608633593,0.020905182680295595,0.1444218085076356,0.007499055833831737
321,0.10814879789195217,0.5718249064364563,0.001628617331776179,0.30068989162356957,0.017707786716245774
322,0.0833544617103612,0.4925555475508978,0.001130807639813708,0.41267253939295007,0.010286643705977259
323,0.07133589030501852,0.36890503565988764,0.00027598668990445495,0.5497293697508319,0.009753717594357418
324,0.04157558398086684,0.1864102633864192,0.0003130379111562339,0.7628942414286342,0.00880687329292358
325,0.06335103973036421,0.2602730746239328,0.0003498312183054241,0.6641408201932683,0.01188523423412929
326,0.09128423643807598,0.1279874239578548,0.00010273709243589135,0.759679479748479,0.020946122763154138
327,0.06974254097059725,0.05423097789996017,8.874713051929144e-05,0.8647288877291599,0.011208846269763447
328,0.08739188502839915,0.16781603020527708,0.00021918253992626567,0.7313882845337584,0.013184617692639126
329,0.10655871879115776,0.19983764713697863,0.0002103971759810274,0.6814337697776828,0.011959467118199747
330,0.1298841046322842,0.2045754527753481,0.00010319045817024131,0.6481839880000029,0.017253264134194746
331,0.11827600020782585,0.10785417867952747,0.00033483596470619174,0.7565904932912046,0.016944491856735907
332,0.08391313589585582,0.06440080915916084,0.0001148879838665198,0.8405585116289251,0.011012655332191652
333,0.105298758764852,0.12924746039604287,0.00021732223029968117,0.7147264831971474,0.050509975411658206
334,0.05487917419627657,0.053010465278594515,0.00010114702301751739,0.8801162544161234,0.011892959085988104
335,0.027998554608010918,0.08035670853131631,0.00012370021044201724,0.8665165617672331,0.02500447488299768
336,0.042232899884086496,0.032817745929550265,5.074439694688916e-05,0.9088955568757218,0.016003052913694537
337,0.07910264590928394,0.023048419165127752,4.517673386747145e-05,0.8641804552202413,0.033623302971479536
338,0.11964553611122852,0.06291272953307843,4.532168348743729e-05,0.799493965680788,0.017902446991417603
339,0.24347180001218635,0.03686955915487849,8.915699140579651e-05,0.6896058562756165,0.029963627565912743
340,0.16806065887099433,0.16884858003764372,7.502532116158881e-05,0.6336763366614799,0.02933939910872046
341,0.23335934212140913,0.07165026558624482,0.0001212403802589863,0.39174016546597445,0.3031289864461125
342,0.35879878924210695,0.20747579423071472,0.00045750967724086364,0.3371638051659993,0.09610410168393813
343,0.39108127184986924,0.1635075587927024,0.00041612608988533096,0.43327367300006636,0.011721370267476463
344,0.19629388358397565,0.2563304003875685,0.0006553299196641458,0.5127123457132694,0.03400804039552225
345,0.10619296624549604,0.20902148195462245,0.000866969958464428,0.673967723541738,0.009950858299679153
346,0.11657643038550017,0.39257348239747997,0.0020620167223123114,0.47573305015579753,0.013055020338910062
347,0.10611695795170961,0.5652837452798344,0.004120661928132768,0.30276876796651225,0.021709866873810883
348,0.08623479516148644,0.3239264051733452,0.001571480781860069,0.5841792502660128,0.004088068617295491
349,0.046572772046338674,0.87658778685619,0.007691622779219474,0.06491282098171099,0.004234997336540858
350,0.04503302681139711,0.8371247491570425,0.0044001200074723565,0.10578628894670157,0.007655815077386551
351,0.02857796685784695,0.8479238907081942,0.021398690151972384,0.09993467928050884,0.0021647730014776475
352,0.059894109367346994,0.7799465810452295,0.1260209211985003,0.02749287308786898,0.006645515301054279
353,0.05876265078854663,0.7291893290943144,0.1607190103832672,0.04230038134772887,0.009028628386142958
354,0.05890573816281919,0.8488512384509774,0.05372525168743119,0.03034021605621912,0.008177555642553274
355,0.2413662267096397,0.6102113291587199,0.07486790724848232,0.05479549745106644,0.018759039432091694
356,0.07022404209040047,0.7445717303660367,0.12367572265194596,0.05245385456782397,0.009074650323792725
357,0.20370765836385335,0.6256553420131167,0.005925521380724464,0.15410421248226838,0.010607265760037213
358,0.13330677432800403,0.7356672880667472,0.028565954572153125,0.09192755827478594,0.010532424758309763
359,0.2693263252123826,0.6466601288759768,0.014587248693991015,0.051934025483804394,0.01749227173384534
360,0.07135259722601639,0.866203541455294,0.031033056164514707,0.0166703601456843,0.014740445008490467
361,0.19805584572102597,0.6375763974638174,0.039995719937928116,0.09169627002625662,0.032675766850971844
362,0.097376449523012,0.8460801106351818,0.029609509560694827,0.01344933722830001,0.013484593052811238
363,0.032725465703945,0.8809292011906755,0.06363153020249304,0.008095001049565089,0.01461880185332147
364,0.10257450092584962,0.7948338805462027,0.07729972304636484,0.00949101665302189,0.015800878828560905
365,0.025128649176250174,0.7088095595410401,0.24390014639599863,0.010980160367842282,0.011181484518868681
366,0.04086291257041701,0.8192100369247538,0.11636103718316863,0.011199927533294525,0.012366085788366015
367,0.008942275864398695,0.674501438164624,0.30356159791913656,0.00686675513004588,0.006127932921794737
368,0.136987961792605,0.7657096332840286,0.04535486100789128,0.036363688475935095,0.015583855439539916
369,0.025283611254065853,0.8640655622867329,0.07783425707735574,0.012876215917425856,0.019940353464419833
370,0.023856375947504126,0.8391349199320235,0.0975469400294889,0.019016660707814683,0.020445103383168933
371,0.03562472929802223,0.8474761490421198,0.0864496859417931,0.011478869295656767,0.018970566422408013
372,0.07194281267328771,0.6681723811069038,0.14853734085147147,0.0031297098193519323,0.10821775554898505
373,0.37604986923706585,0.5968752563570413,0.005297778547573358,0.006459965778351435,0.015317130079968159
374,0.1481627239058946,0.8267648334737561,0.012857703914363734,0.0024203959940969563,0.009794342711888327
375,0.1230564277960865,0.8161574212578337,0.04871544718987226,0.002799375334419106,0.009271328421788497
376,0.0772606393429387,0.8916470721173153,0.017720846185627,0.005721066464549578,0.007650375889569456
377,0.05096303933384946,0.9082868930280017,0.021631520164071626,0.011031407017204863,0.008087140456872323
378,0.04051556184303967,0.8919575825260901,0.054122776691441415,0.00882264079159034,0.004581438147838265
