epoch,N1,N2,N3,R,W
0,0.003516170005357144,0.0003091463491252713,1.2919362707427398e-06,0.001417184139993955,0.9947562075692528
1,0.034384158385968575,0.0030969612717455797,6.879292454057959e-06,0.005235635270323097,0.9572763657795086
2,0.023378820593810398,0.0037270992391689405,4.447240043051683e-09,0.005256818933503914,0.9676372567862768
3,0.008777785778464315,0.00440733329898369,3.931874213873107e-06,0.0040793378244203815,0.9827316112239177
4,0.016711885818038497,0.003771784730538416,1.1320561983951459e-05,0.005213233232896976,0.9742917756565422
5,0.014657949950899385,0.003329858007042897,0.0001200802189741368,0.004328689057089768,0.9775634227659938
6,0.001861028901596882,0.0003025844001367449,1.2949403850824188e-06,0.0011397401135951294,0.9966953516442861
7,0.013444045387488234,0.0015397993689955701,4.312750419993851e-06,0.003394598162834191,0.9816172443302621
8,0.0137473285598609,0.0019155593094147148,2.458695182841593e-06,0.002599105884716679,0.9817355475508248
9,0.022979233600433902,0.006656766424929573,5.137059331603808e-06,0.004502118075978021,0.9658567448393269
10,0.005473626444182161,0.003034040806419323,1.8205581869540879e-06,0.0015773559547989154,0.9899131562364125
11,0.01666378377277867,0.004529325893030044,3.909303346879142e-06,0.0022591984432294185,0.976543782587615
12,0.013682015734055362,0.0030077309545124453,1.9077808611683005e-06,0.001498179152911946,0.981810166377659
13,0.02228481727478006,0.006951574794455327,2.4284410052231105e-06,0.003336813674177346,0.9674243658155821
14,0.01687848194106175,0.0049249905935547554,4.453568591829182e-06,0.001716062628385753,0.976476011268406
15,0.03596160298337613,0.017013855670071715,7.357726709524329e-06,0.0031551163603532532,0.9438620672594894
16,0.021573615114874562,0.02124269762107654,3.21837300330991e-05,0.0010949636643845177,0.9560565398696312
17,0.08716598672240325,0.044750036554879,9.878866203359178e-05,0.007238307797108219,0.8607468802635758
18,0.006224376212772479,0.012682117655223831,5.556585868820342e-05,0.001014053994158555,0.980023886279157
19,0.02619958662201347,0.04259132511372892,7.032940272361045e-05,0.0032302364572825673,0.9279085224042515
20,0.003783478091038457,0.001136404948637391,2.6257387815861405e-06,0.0006390505495142257,0.9944384406720282
21,0.035853165404040974,0.01595085016926121,1.0184038112563633e-05,0.004302515744318117,0.9438832846442672
22,0.026710365104679487,0.030450915024158476,2.1493088715003787e-05,0.0017703321399755911,0.9410468946424715
23,0.007128452949194452,0.001649867158074401,4.5024722698609935e-06,0.0007016867509278381,0.9905154906695335
24,0.020093684599341622,0.006078821770003328,7.606837230872935e-06,0.0024098775337420826,0.971410009259682
25,0.024430997932932744,0.020895571803004998,5.12530672128884e-05,0.0009995619994397362,0.9536226151974097
26,0.013878985888708863,0.006383831992542545,3.565022916094563e-05,0.0003956805568589201,0.9793058513327287
27,0.026653157782803538,0.007544688865232945,7.434904518322993e-06,0.004427274127705344,0.96136744431974
28,0.027277233791539842,0.0716473043150932,0.00025925855907505383,0.0007660497424129001,0.9000501535918789
29,0.0030803364495141624,0.0009857298912430393,1.035051145919573e-06,0.0006954615048042767,0.9952374371032925
30,0.029656321367845618,0.011193944607574476,5.772762803458942e-06,0.0037175098600625497,0.9554264514017138
31,0.04350870511113865,0.022211209494496825,2.7693285409103517e-05,0.004740326478230594,0.9295120656307247
32,0.0914604770567082,0.10592561863670817,9.641384103814919e-05,0.012948968569481559,0.7895685218960639
33,0.040706016168189446,0.10158839501151784,0.0019992762695369404,0.0019597759951054555,0.8537465365556504
34,0.09597324276501941,0.04804702316097251,5.353712854594029e-05,0.029599820843447578,0.8263263761020145
35,0.14567657125738284,0.09219732378321531,0.000687463008698809,0.011462374219809323,0.7499762677308937
36,0.03336083099946661,0.0647696282061672,0.00031511193493968115,0.003054192820786012,0.8985002360386404
37,0.037981636741524834,0.04826188156404892,0.00019887242272267872,0.001125757769476953,0.9124318515022266
38,0.10462129831804211,0.053825976206402906,7.07436382500297e-05,0.013255244036125897,0.8282267378011791
39,0.14728465439154345,0.04796876898619167,0.00019660987756612487,0.007502805772655326,0.7970471609720435
40,0.0796107470471008,0.0947033100710414,0.00029411362677492393,0.0013992918275386934,0.8239925374275443
41,0.0201984045272062,0.08600024500348073,0.009457190012474722,0.0002592504565292611,0.8840849100003091
42,0.02034346822254372,0.14457210603688952,0.0009780015646547384,0.0008399556652808805,0.8332664685106311
43,0.00798226319022441,0.06040166583790836,0.00490876397235395,0.0003877690379831062,0.9263195379615302
44,0.01668219294536015,0.06819019613599978,0.0020417865363302748,0.0036781626026580164,0.9094076617796518
45,0.020398968630114225,0.15549356755897967,0.0005773802199871361,0.0026912624509884634,0.8208388211399306
46,0.016310302825168092,0.007423152332963475,2.9822440774385778e-05,0.003739266985310203,0.9724974554157839
47,0.0010319446034954623,0.00037880268816305114,1.0332289077901536e-05,0.00015627010759742646,0.9984226503116662
48,0.0023818613116024343,0.00041606265281552454,1.5674631308577669e-06,0.000303594479301495,0.9968969140931497
49,0.03935795641331952,0.005146319403043535,5.398726222353516e-06,0.002255987417552481,0.9532343380398621
50,0.0451056348965165,0.006132264328292754,7.743977233402884e-06,0.0016719326772238355,0.9470824241207334
51,0.048456653539594614,0.01017323468373799,1.1269024344697528e-05,0.001311539083167917,0.9400473036691548
52,0.01800985644988456,0.0024564284844947777,5.819129172284679e-06,0.0010556094928912952,0.978472286443557
53,0.06794391938441013,0.00428575400878607,9.489963357128238e-06,0.0010298108061731234,0.9267310258372734
54,0.07973075628092956,0.02458782158841234,0.00018651466154236373,0.000799502716569491,0.8946954047525463
55,0.1329046961961423,0.08573586339681911,0.0010292559237373021,0.0008971701293688276,0.7794330143539325
56,0.23121957147432082,0.13294253906313178,0.0012718243396959,0.006628159896620903,0.6279379052262307
57,0.05439243493388757,0.1404388781436781,0.004867847482080644,0.001402151755463543,0.7988986876848901
58,0.11700528338168362,0.4578266665434514,0.015045199982146025,0.002355685071638346,0.40776716502108074
59,0.1448787351073823,0.19524227587064866,0.0025443573555533885,0.0035658088384627846,0.6537688228279529
60,0.12499755616866731,0.5841862882609062,0.06192102086150855,0.001622807699620828,0.2272723270092971
61,0.10873390427791542,0.6121103148794955,0.0165301984231584,0.0040167479886799255,0.2586088344307507
62,0.11596674942329259,0.11631764277034023,0.002938962221974454,0.0037118350697470056,0.7610648105146456
63,0.138198618142621,0.5727226916103313,0.03771886678904133,0.00506113030676486,0.2462986931512415
64,0.09525186292137718,0.7071702736728094,0.015911573077311537,0.005043289863464934,0.1766230004650369
65,0.1569655125337188,0.06806226098157908,0.0003013142896558443,0.05334622566005937,0.7213246865349868
66,0.2801097327259527,0.14971467170629715,0.000563118596710147,0.06901879209484052,0.5005936848761996
67,0.24213302703447867,0.3315382544247461,0.0031520188005394107,0.0066034867693266905,0.41657321297090916
68,0.10732939444609643,0.7246048811643262,0.05260990565933804,0.003368222504241592,0.11208759622599782
69,0.32672640230201466,0.2832281625752202,0.0009710444603144972,0.03468704322845749,0.3543873474339932
70,0.2808584782723488,0.22385402293165607,0.0014089475001893054,0.009035683715222136,0.48484286758058365
71,0.15957626581852502,0.322731862245523,0.013215291303367472,0.003214684141036837,0.5012618964915476
72,0.07665793356778276,0.51413096756478,0.03125955163883047,0.0010715925102561792,0.37687995471835045
73,0.10841324507681907,0.7343306042149118,0.013821800845648506,0.003934397868529181,0.13949995199409146
74,0.0518134642793418,0.8318322033916224,0.019269615376566906,0.001646815184134849,0.09543790176833396
75,0.08682633167638824,0.8181263339452581,0.01554214154622095,0.0020810325518458147,0.07742416028028677
76,0.02755624603333544,0.8061954340457805,0.139032885906485,0.001296640522833474,0.025918793491565683
77,0.18871291418999978,0.6429558879136366,0.0037574840802388817,0.007869720472916765,0.156703993343208
78,0.049287502086632365,0.8108105787031736,0.06772742309632324,0.0018283503218635678,0.07034614579200724
79,0.10334780727242719,0.7689848644735926,0.01921892621242516,0.003601674934537151,0.10484672710701794
80,0.08755595423284797,0.6843340529485676,0.06979365578005346,0.0020697966060171063,0.15624654043251385
81,0.04721711189653139,0.8435676502338709,0.08501127913750542,0.001835277190194681,0.022368681541897514
82,0.1373612893807534,0.7436234931312221,0.020905868942119633,0.00658729581268258,0.09152205273322228
83,0.090479140868614,0.8053222707165137,0.014511303143612977,0.003939164762072536,0.08574812050918675
84,0.21328013451194966,0.5793924160020021,0.03529889828757439,0.008709042284244638,0.16331950891422928
85,0.3485041366267438,0.403271258612056,0.003511946090758735,0.015436513778701751,0.22927614489173978
86,0.09363950220012632,0.7929546291274195,0.06549555794001662,0.0019630887464686816,0.045947221985968914
87,0.1909007195425121,0.7190155710460304,0.047678508402119936,0.007309290028741752,0.03509591098059576
88,0.17210350062637167,0.7461336725446766,0.03541937814678739,0.004693006209739552,0.04165044247242489
89,0.07348169809375904,0.8255871483988519,0.08186011447693478,0.0028664430632431626,0.01620459596721104
90,0.11943454309700403,0.7461223094942373,0.0784914223478578,0.001550045431803391,0.0544016796290976
91,0.07026171199590422,0.8580833095742321,0.05783049356951154,0.001636662282582876,0.012187822577769299
92,0.03263631365438152,0.835258622819785,0.12871594732018526,0.0008931492004956474,0.0024959670051525906
93,0.07028993608198725,0.8402390691108345,0.08342863185166598,0.0008071746406793722,0.005235188314832823
94,0.025589611685546455,0.772544555676724,0.196255444429417,0.0014989830799421323,0.004111405128370522
95,0.03614479490910418,0.7296925195321055,0.22684092761941627,0.0023310460995104227,0.004990711839863627
96,0.03036588424892917,0.6468895798910895,0.31672305997909994,0.001602125865686991,0.004419350015194328
97,0.022684903182521872,0.5432676809571811,0.42877688677289827,0.0017799318128319083,0.0034905972745668348
98,0.05229951136146479,0.6435069749355885,0.2965083150681349,0.004616156316618039,0.0030690423181938503
99,0.043940176800955306,0.5198997598423505,0.42959434900670307,0.0031253048984817185,0.003440409451509351
100,0.029700288378329966,0.5896393764899885,0.37572299301733725,0.002388682245365383,0.0025486598689788724
101,0.008722016258475383,0.45208629355736885,0.5362713362233251,0.0009523324533908724,0.0019680215074396935
102,0.010254564355288017,0.39236706732002,0.5945988056897462,0.0018007883191503394,0.0009787743157953234
103,0.015514178691872639,0.3035360068522168,0.677017260301711,0.0021718780558613567,0.0017606760983380181
104,0.00628515326899639,0.2979028097183021,0.6942514180148248,0.0007329659792401639,0.0008276530186366102
105,0.020142759226241376,0.32853269948219005,0.6481474405316541,0.0008496487362179976,0.0023274520236965025
106,0.006277158467667445,0.17886773933119315,0.8113194117418889,0.0015737774236360914,0.0019619130356143596
107,0.0181180500762431,0.32088398036890003,0.6443872394058059,0.009191913614024997,0.007418816535025905
108,0.011726651529634967,0.2768573444805024,0.6961318441308099,0.006940773314109862,0.008343386544942844
109,0.05998593145084322,0.3165036312292545,0.5306837575122694,0.04421171994691265,0.0486149598607203
110,0.1521407970215232,0.3338510783655172,0.15517672381359754,0.043789818923665326,0.31504158187569675
111,0.2410584292317999,0.3694713316312098,0.3360331948731525,0.012726051946881138,0.04071099231695674
112,0.14840346113412176,0.3720416833141983,0.43029271448197276,0.0069517053610151786,0.042310435708692154
113,0.2227204396892681,0.4240728668509692,0.021366735529555828,0.006717411291910518,0.32512254663829626
114,0.14465829766687935,0.06689070207742243,0.00014761933740635883,0.025794930297112117,0.7625084506211798
115,0.40670217881281134,0.09094339379982048,0.00020689730515770037,0.05206208114381236,0.4500854489383982
116,0.3034044516793989,0.08797221736569966,0.0004778680267925413,0.009837801308087033,0.5983076616200219
117,0.05205503497514324,0.02901034958824426,0.0006222810286232066,0.0009886779423779585,0.9173236564656114
118,0.008319489640060355,0.014975101796992064,0.00044396691458629316,0.00039941249152049377,0.9758620291568407
119,0.031712611861087196,0.01432508020105858,0.00034076601882278415,0.010657497338668205,0.9429640445803632
120,0.004755717507170221,0.001369112827410523,1.4713167617804692e-06,0.0017754035971076759,0.9920982947515496
121,0.0808419527046651,0.009791637040142007,4.4272746578150795e-05,0.02612922880629943,0.8831929087023154
122,0.19997343622035071,0.12940302918523794,0.0005866583269851972,0.016769683214382717,0.6532671930530434
123,0.14332370630176955,0.06795943559076066,0.0006169534672163593,0.028310324690690322,0.7597895799495631
124,0.15799692274666535,0.20779529728491902,0.0001907855049202964,0.026471055599869564,0.6075459388636258
125,0.152118675517464,0.21308938521819346,0.0007242279462468971,0.022354815428261524,0.6117128958898342
126,0.19288289731181957,0.22344232192624727,0.0009325780590189669,0.020783852284151506,0.5619583504187627
127,0.13386041941292903,0.24994830048526073,0.006540410169278628,0.013123883865262385,0.5965269860672692
128,0.1219529483263154,0.23403312590504546,0.0016811754622094346,0.01580782016351118,0.6265249301429185
129,0.11904193310173261,0.508796517299253,0.0068356336453210065,0.015205423790002991,0.35012049216369046
130,0.2769154381253396,0.4279304650153427,0.0019337513122440527,0.06579681134891864,0.22742353419815506
131,0.06616437669736934,0.23230717313384341,0.01949357436923696,0.010930811779402113,0.6711040640201482
132,0.11732641455300094,0.14504393730396045,0.0009815598803172149,0.031189117808673218,0.7054589704540482
133,0.2504921650570019,0.39308417592100586,0.0036733978943878764,0.03789051890519342,0.3148597422224109
134,0.09232012877349895,0.45806318263062884,0.004342045023017743,0.008671205354439838,0.43660343821841463
135,0.05566428200410984,0.6705127384195434,0.0292401740016861,0.004097913773524955,0.24048489180113575
136,0.07302477842064782,0.5702543452844353,0.06734990899644562,0.009251001210348915,0.2801199660881225
137,0.061833021112624655,0.6442593269949285,0.007413697498660706,0.00987851941903356,0.2766154349747525
138,0.09694412199083413,0.46829968760383406,0.030327010368556152,0.017301336966727903,0.3871278430700477
139,0.050632005465713815,0.063642158437858,0.001259934778806594,0.0072101036087212625,0.8772557977089004
140,0.11063877054281974,0.5121579371601802,0.0022689082534314195,0.041458709269093855,0.33347567477447476
141,0.04061478321846437,0.03706349376797633,2.926242946781436e-05,0.019602883761508722,0.9026895768225827
142,0.19830645567078603,0.060294910931162356,0.0001314176396354188,0.0969366129306598,0.6443306028277564
143,0.33196216929533423,0.07305631815257543,0.00019393379320902117,0.040295007988029166,0.5544925707708522
144,0.16523527415076394,0.5281678028984615,0.005818503836694761,0.021625887216833055,0.2791525318972467
145,0.27347092880447993,0.16972877918701423,0.0004464569217082007,0.05910474062737447,0.49724909445942306
146,0.12581203264316715,0.3649186745165176,0.0028766260558617546,0.017620803773821154,0.4887718630106323
147,0.11254331524461936,0.421258880214935,0.007429654816774541,0.02094293775365128,0.4378252119700197
148,0.1365249530196632,0.6628077457725988,0.02421945305959129,0.027617068517370103,0.14883077963077657
149,0.21391307152665603,0.5131237223609783,0.01868570615998412,0.02698299427137108,0.22729450568101048
150,0.2627638420787165,0.09503040571197038,0.0023373826713239394,0.0923665400233975,0.5475018295145917
151,0.21042521523088545,0.5387826907003983,0.015846241649591034,0.050507305797542555,0.18443854662158282
152,0.17010698718856448,0.5243824731792249,0.09114842620097864,0.019133250917152594,0.19522886251407937
153,0.4348805027676533,0.09616748283878739,0.00567688471266094,0.11889484727209566,0.34438028240880264
154,0.13686207632531433,0.6934995782848659,0.003031883198770045,0.03800185115693935,0.1286046110341104
155,0.12813892506015603,0.8068046417117908,0.012906289180585723,0.01143468584095474,0.040715458206512775
156,0.1273066301326809,0.8035403969445405,0.004363506336015258,0.04682059954082744,0.017968867045935945
157,0.20321609993475098,0.6599248095601412,0.08727687990041745,0.011592611048437815,0.03798959955625246
158,0.09108554105534399,0.8530803367189808,0.01907122332455403,0.011547054886268034,0.025215844014853127
159,0.039674881824319434,0.9269222614440878,0.023377102297126945,0.0035514706139030414,0.006474283820562868
160,0.030809438274266972,0.9076246505560898,0.054249207187272976,0.002569205249754989,0.004747498732615477
161,0.03187465568302871,0.8975652168887946,0.06339593823557636,0.002788385054915334,0.004375804137685027
162,0.03588130303398846,0.8486909263386472,0.10473277545665004,0.0034940121745734216,0.007200982996141
163,0.02192596241812919,0.9400683830816456,0.02959335365552241,0.0024010722946699856,0.006011228550033009
164,0.3522966233147714,0.4858347286680105,0.016948309038240034,0.024214789435921393,0.12070554954305666
165,0.08457743500898186,0.8637795819961399,0.01815348394751705,0.00807795895770901,0.02541154008965207
166,0.05407570323228917,0.8669912450242554,0.0655970607109676,0.004740603390578448,0.008595387641909336
167,0.15919461658088993,0.7865893781300913,0.03519461563380102,0.004838622572824587,0.014182767082393206
168,0.0806557523904359,0.8273366557465779,0.06681630996409656,0.0059394438038500915,0.019251838095039674
169,0.0422181052718256,0.9264744861348353,0.011435484035612209,0.005636435362665689,0.014235489195061376
170,0.02571268801493919,0.8960531065715326,0.058699889755466764,0.009246876825376253,0.010287438832685411
171,0.08050760649025328,0.8557879574539491,0.04541779872428909,0.004977127316729941,0.013309510014778628
172,0.08375229933720878,0.8448831272342231,0.030381670638942267,0.013701360297132946,0.027281542492493063
173,0.05663764325830536,0.8641517146053121,0.058404925359614036,0.004735851047665821,0.01606986572910269
174,0.052538435312949945,0.8949563403085161,0.03280433420006385,0.006250980640429229,0.013449909538040677
175,0.035089350851093944,0.8715528074735445,0.07474552846586045,0.007579649931786226,0.011032663277714806
176,0.0992968831398588,0.8190138061648785,0.055067463296049494,0.015305473615222914,0.01131637378399032
177,0.26388755150809057,0.57577335576298,0.031729657378166264,0.047876641264287055,0.0807327940864762
178,0.1743842466102123,0.7210566405469631,0.04716905092000712,0.01595484875373558,0.041435213169082004
179,0.03385217480824933,0.9184986094387895,0.02738265226769422,0.006354463211272284,0.013912100273994669
180,0.1092516715767262,0.8008913694658708,0.006238396481588633,0.024770967438441642,0.05884759503737265
181,0.0455349023758226,0.8390906836283194,0.08817083851892302,0.009943379619897394,0.01726019585703756
182,0.07843714584689804,0.8422801412512101,0.037193358435670176,0.01979854606968963,0.022290808396531848
183,0.11489322465147742,0.73759974151404,0.05509141776187268,0.02442559261661337,0.06799002345599663
184,0.2088140972283117,0.6091692271555881,0.018290656177228325,0.08014212714156499,0.08358389229730684
185,0.1666911306548678,0.5048656067305182,0.002160634425288778,0.16927590242065796,0.1570067257686674
186,0.08393090982373816,0.4263129440039673,0.003193461612101808,0.10078378258153652,0.3857789019786563
187,0.1789158324387411,0.5495415748772325,0.0032840369541688227,0.12023925485696074,0.14801930087289672
188,0.13975603983203003,0.4977148334952601,0.0013467723796650659,0.18194076143338617,0.17924159285965868
189,0.16886846262833013,0.3279177396761574,0.0007963648504038569,0.39130429384531057,0.11111313899979798
190,0.16129831412357276,0.41664573186995957,0.00044147089388567903,0.3643728006596758,0.057241682452905986
191,0.17536525654541785,0.41474414042151003,0.0008270352495583404,0.11522218132050713,0.29384138646300667
192,0.14677239191247216,0.46646931144229287,0.0008328908215588792,0.245808038296144,0.14011736752753207
193,0.16104585808235983,0.1928355479761596,0.0004882509081021039,0.5716890157189624,0.07394132731441626
194,0.1365405671703273,0.23902072488609782,0.00037131133848120583,0.531822794066008,0.09224460253908576
195,0.15225846544683017,0.23486844409487448,0.00044220207062551866,0.47229342291583704,0.1401374654718328
196,0.15504908876991783,0.25631505593911563,0.0012120050720255946,0.26401426158586877,0.3234095886330722
197,0.14413808076018708,0.3377347898951346,0.0014516505292433116,0.3763506707546648,0.1403248080607702
198,0.09795569472013142,0.6167046388014559,0.0013657227808883717,0.180675522255769,0.10329842144175533
199,0.14884857313197783,0.3687110342502654,0.00048286340092937373,0.39316643538495477,0.08879109383187267
200,0.12771687248373909,0.13893246424127503,0.00039128723647283554,0.6168289474472498,0.11613042859126328
201,0.20411862314971907,0.11692289293691277,0.0005054882459265668,0.4884070196763276,0.190045975991114
202,0.145401027136058,0.4365281059924435,0.0008908781988832847,0.3035961798747925,0.11358380879782282
203,0.15896003326255695,0.3767817354289275,0.0006444359600494425,0.3716427998864326,0.0919709954620336
204,0.10366618731035178,0.6015165465006962,0.0013748077672909719,0.21228306382549267,0.08115939459616847
205,0.20372997733930104,0.27773316370252166,0.0005821483820174201,0.3690125435658778,0.1489421670102821
206,0.20809149354714626,0.25656511445071667,0.0007921131025222698,0.311243268211442,0.22330801068817285
207,0.18883922146570387,0.23809311566742264,0.0006313070909521263,0.48605361305290806,0.08638274272301326
208,0.1499533344653423,0.5078533504679799,0.0007220012110144615,0.2677376090245698,0.07373370483109375
209,0.13633892524572927,0.6529060668905498,0.0017412895847632034,0.11882173555218259,0.09019198272677519
210,0.20467665424819811,0.3918073310125287,0.0015718353658520777,0.21754531914658498,0.18439886022683613
211,0.1610855676005756,0.6229942376056836,0.0023368723928352307,0.07272406953799533,0.14085925286291023
212,0.1726873717735442,0.4305044402698312,0.0014385413884949758,0.2751653602262655,0.1202042863418642
213,0.27273512249843807,0.2077431623841791,0.0004368497109006441,0.3796391748985095,0.1394456905079726
214,0.22433925874015317,0.5176169295447683,0.001201440441647388,0.16991188640498708,0.08693048486844407
215,0.03633750847466578,0.7528490840581611,0.004442853183223422,0.0345316140282136,0.1718389402557361
216,0.2166151818455069,0.5435968577090429,0.0016272254813558273,0.14012880047437554,0.09803193448971874
217,0.2606587775034232,0.3900529584611607,0.000764023981462352,0.20713284128628034,0.14139139876767334
218,0.1071015149730941,0.7207166796439564,0.0013031858402355405,0.11269979283428196,0.058178826708432
219,0.1877155119727003,0.4184632193054216,0.003631366773080431,0.26040461219663547,0.1297852897521622
220,0.14087493213029373,0.6585547020435671,0.0012076680246184159,0.1052770390503706,0.09408565875114999
221,0.13551513785134317,0.5504941504472188,0.001352561222219044,0.18646475706950272,0.12617339340971628
222,0.1205271420879848,0.6866122300863368,0.003204037299091019,0.06763501643994714,0.12202157408664012
223,0.16370664313285546,0.5277009161456329,0.003893793235120784,0.13082323521160066,0.1738754122747904
224,0.1841173471955865,0.5781331425911681,0.00144072258886375,0.16177764074588274,0.07453114687849877
225,0.08175653093353791,0.8735638531503743,0.0015674382289814822,0.02444419309686212,0.018667984590244494
226,0.12142355994366899,0.8200468025290726,0.008490724079204615,0.028755963285405195,0.021282950162648917
227,0.16977088417591968,0.6967011981249092,0.01995470476388024,0.09069950938587261,0.022873703549418346
228,0.05560727165608162,0.8708473216943772,0.027918019819438224,0.0395000307257185,0.006127356104384459
229,0.058391617313015946,0.8619229895324328,0.026354797523932622,0.05013853435991651,0.0031920612707018368
230,0.0622772127514349,0.8529196049657961,0.06869400579166643,0.011821994591305413,0.004287181899797254
231,0.09352324996138527,0.8350436289373817,0.05945694659901189,0.01036095948184245,0.0016152150203788854
232,0.04477824023921771,0.8222150501482679,0.1174055787531515,0.013632917525297624,0.0019682133340653512
233,0.04210636146288215,0.8141211899288775,0.12773599469712343,0.014442389285284574,0.0015940646258324517
234,0.03146329703418019,0.7890763729286029,0.15854310935036672,0.01944025954245778,0.0014769611443925656
235,0.033567667978736726,0.8296958944112091,0.12175027031130396,0.011833848994590487,0.0031523183041597897
236,0.016074431144185594,0.7865985917381435,0.1899169519516226,0.005599757642279989,0.001810267523768326
237,0.0313634407163424,0.7124441003089457,0.2380311856461402,0.01654720516887759,0.0016140681596940993
238,0.012960644139388796,0.6433902020957714,0.3305629324119577,0.011949934562782816,0.0011362867900992068
239,0.036425649298705016,0.5930524582549405,0.35676121329199384,0.012382481722736337,0.001378197431624377
240,0.03740364302443904,0.6567095140533861,0.2856438246225069,0.018137988830853807,0.002105029468814133
241,0.01726629708311883,0.5192393220373414,0.4402529371944163,0.021521624729837638,0.0017198189552857122
242,0.005696347459697564,0.5054318680072762,0.4807494496347879,0.00702869812880451,0.0010936367694338066
243,0.00924539946945291,0.465216260986525,0.5209492293659962,0.003938785891613062,0.0006503242864126954
244,0.008568861055796535,0.3647552611059931,0.623494283898789,0.002699560165778269,0.0004820337736431179
245,0.005567614522725497,0.2936769631255318,0.6977181438676576,0.002197125108733645,0.0008401533753514372
246,0.008152237805721173,0.29058892779677553,0.6995327167560139,0.0010319770841695109,0.0006941405573199288
247,0.006644083727337443,0.3226072567152365,0.6677367093298504,0.001389504358703161,0.001622445868872416
248,0.004523844186472827,0.14535787746328815,0.8490024443882508,0.0004794871105558322,0.0006363468514323925
249,0.004536864133620533,0.13828844272708485,0.8555374864388194,0.0008351005303975545,0.000802106170077811
250,0.013332786048001317,0.25683394104999957,0.6961463130761052,0.01827909036781339,0.015407869458080361
251,0.018194022650213398,0.22441770079155107,0.6416579023005996,0.07984616838229285,0.03588420587534302
252,0.029747350227382754,0.500049311753038,0.3529665581820819,0.05971854764245912,0.057518232195038266
253,0.008924585863516868,0.09971539422695186,0.8522132430395215,0.015270866212778336,0.02387591065723134
254,0.030645232528644283,0.27320369472480793,0.5280613406108176,0.08290450339934685,0.0851852287363834
255,0.026641282260818036,0.3881975737579412,0.38003664249124985,0.0376750508588948,0.1674494506310962
256,0.05300333900477156,0.3516235025010865,0.31379638644333485,0.09036359864080698,0.19121317341000027
257,0.14448749101834713,0.6003174569501106,0.04886747734895353,0.11610462793282114,0.09022294674976752
258,0.23140310954022095,0.48003758406763763,0.040255243941043385,0.16187908289345038,0.08642497955764772
259,0.2485804023380897,0.4625662927940557,0.021052139671970803,0.16003836335060084,0.10776280184528285
260,0.10091340472567308,0.6103833858843506,0.2185077582775933,0.03876533486930569,0.03143011624307741
261,0.13644802392441058,0.6632807710381587,0.08292779854385657,0.05226117385520188,0.06508223263837215
262,0.22281535002897349,0.5636929470954125,0.061103136055432106,0.019505825062816055,0.13288274175736572
263,0.15633811018721183,0.7605643369720719,0.024113963116954403,0.01333668287709129,0.045646906846670554
264,0.07787547297229153,0.8852733860199449,0.018040638753022663,0.005765228029008704,0.013045274225732189
265,0.2661753752199187,0.6098557142184959,0.09991565653036882,0.008739961879592775,0.015313292151623793
266,0.08100757069430206,0.8562837657300254,0.051795050335174196,0.006249545464236103,0.004664067776262248
267,0.046766495988155084,0.8993325808271226,0.0347640151539907,0.013585766542291804,0.005551141488439761
268,0.036560295582516014,0.8679123911211616,0.08830929988289758,0.004390989394576071,0.002827024018848542
269,0.03696312617003721,0.8723088619142368,0.08246670571997544,0.005250899910970827,0.0030104062847795036
270,0.020716078472981254,0.8221148548236881,0.148536758912625,0.004473003437319345,0.0041593043533863835
271,0.02316505993863326,0.6800150280054853,0.29220049401245934,0.0022811771428867997,0.0023382409005353283
272,0.025300537437275773,0.6988193116611737,0.2653812416076223,0.006811746973474488,0.003687162320453603
273,0.026241216576016704,0.5410344886082253,0.4247421815064992,0.004927203721536797,0.003054909587721882
274,0.051494049525280264,0.6355049070021502,0.2814903899598299,0.023214803651911028,0.008295849860828581
275,0.023629316729044975,0.5202661976629083,0.4502516566057988,0.002979135923966207,0.002873693078281636
276,0.02950058238374577,0.46401166515777215,0.4684974526959597,0.026546509175554553,0.01144379058696761
277,0.016518492368465598,0.3246552629704499,0.6324933188008026,0.013817596089316606,0.012515329770965391
278,0.009830584993997832,0.20577647070982036,0.7647839267099057,0.010650014220096968,0.008959003366179039
279,0.01489156786267828,0.19063667032508289,0.7732396918167865,0.010230324480524617,0.01100174551492775
280,0.007248123004595234,0.10951424829949373,0.8690311156013054,0.005093578854724675,0.009112934239880955
281,0.008471111336432007,0.1453038618009204,0.823746372292136,0.0065819219427881845,0.015896732627723387
282,0.0322877680014965,0.41919476943721284,0.48463355414547143,0.018271609149986857,0.045612299265832365
283,0.007241489577652577,0.09801571615344533,0.8781046381668246,0.0039235419911946064,0.012714614110882863
284,0.015279426007432822,0.23082800554804372,0.7194152675310129,0.010450437871377114,0.024026863042133428
285,0.005378244826195555,0.1007998919152759,0.880321027543601,0.00331544580551378,0.010185389909413839
286,0.010517267268409125,0.16084805357072998,0.8050285468726022,0.0037711948289320093,0.01983493745932666
287,0.006665981081050386,0.10015228330675248,0.8791915051498392,0.0031265827866130223,0.010863647675744874
288,0.011584533264906684,0.12631586652190765,0.8422413831690689,0.003652358352224789,0.016205858691891912
289,0.03290971783860757,0.3899753234939689,0.5323295245154944,0.01405550292405792,0.030729931227871238
290,0.014412991111336603,0.219341479067511,0.74183343238191,0.010018080968183359,0.014394016471058821
291,0.0160076557317779,0.2695037753042813,0.6851758542727626,0.0105395795274029,0.018773135163775306
292,0.017382437513535534,0.2008009182401837,0.7539764277056062,0.010549693117885358,0.017290523422789108
293,0.00425835167124062,0.0729313384786,0.9154778992155956,0.003313229437104772,0.0040191811974588905
294,0.007959502506150606,0.09993950182411637,0.8780784266527281,0.005779828969100307,0.008242740047904732
295,0.0058140713189158925,0.11449653356702441,0.8682184528850655,0.006572493981276071,0.0048984482477179665
296,0.012736490082520062,0.27740217801006883,0.6831226127813538,0.014542588895008502,0.01219613023104887
297,0.006899382843285634,0.1564165566762978,0.8217793754490836,0.009392232667436088,0.005512452363897053
298,0.012752752900800622,0.20336947638759315,0.7625138376316863,0.01443147250275876,0.006932460577161071
299,0.01623104491988002,0.2527501173538958,0.6912565250956121,0.015291236440805402,0.02447107618980655
300,0.01675090447375227,0.12441278575025955,0.8486095833010509,0.0074093988554972375,0.002817327619440196
301,0.030366230856481557,0.26514857924793783,0.6918261631609686,0.008801167687072063,0.0038578590475400695
302,0.027225366177807894,0.3080192891756728,0.6350115033277804,0.02307522906624358,0.006668612252495133
303,0.011792937315780466,0.25593601157624984,0.7023761716891275,0.01937043056577279,0.010524448853069288
304,0.012129732358260693,0.25002629254489567,0.7103434323517962,0.019775467959418903,0.00772507478562852
305,0.005541388934223744,0.08823673702367651,0.8892338919041451,0.01340606888959253,0.003581913248361889
306,0.013414164393614888,0.19368174983223618,0.7522470509759561,0.03407699505788566,0.00658003974030719
307,0.02935559505287454,0.4029760371634955,0.4886545182000476,0.05714812489546825,0.021865724688114298
308,0.0038361231101922354,0.09492425922331657,0.8881390172916395,0.010404428580755713,0.002696171794096108
309,0.020217020460722632,0.2425660367044113,0.7292905743501819,0.004017982379114031,0.0039083861055701965
310,0.027512017601246646,0.45823523174098524,0.5015405139188588,0.00945629491840622,0.003255941820503218
311,0.07648617125695444,0.5149003007345464,0.3549222262478126,0.04658030744240979,0.007110994318276859
312,0.034828523478443264,0.5410218332130601,0.4020975390100667,0.01402476130336137,0.00802734299506868
313,0.024125528037057423,0.326319484224535,0.6142177272959872,0.017768421623221346,0.01756883881919897
314,0.012631559154117488,0.24808238609183278,0.7103900544886498,0.01903508133869285,0.009860918926707056
315,0.016435179985272923,0.17519627990988837,0.7846296571112977,0.011602969126499253,0.012135913867041555
316,0.014767110435689469,0.22638693637050641,0.7366987707684438,0.01154673232641911,0.010600450098941403
317,0.014864019902992333,0.20046691400878866,0.7617590437040207,0.014016794018982584,0.008893228365215926
318,0.010478272986665276,0.17558487404330964,0.7954370269724662,0.010344413780665439,0.008155412216893356
319,0.007592054921755623,0.11591424211055026,0.8621169653455968,0.0070424774454899055,0.007334260176607409
320,0.016253849005043113,0.3330408502709916,0.6233229237052009,0.014065780582005227,0.01331659643675915
321,0.005438913443313423,0.08992497640873634,0.8966012312175893,0.005109241443504433,0.0029256374868563656
322,0.009998581197124096,0.1656884186782163,0.8057535519116634,0.008049307408828421,0.010510140804167758
323,0.017784195719250655,0.2909138675148893,0.6571718387088182,0.013359027099319055,0.020771070957722692
324,0.022158813824422946,0.2785026655238807,0.6673630548194734,0.017936202452242263,0.014039263379980758
325,0.017074464014709377,0.248448501196395,0.7065778349422435,0.010916013865569348,0.0169831859810828
326,0.011900418607782223,0.20374730737782212,0.7601404347113337,0.01052008896082911,0.013691750342232847
327,0.016119132636394362,0.2074032866058784,0.7443062971111307,0.01311868790555361,0.019052595741042906
328,0.012642552951612379,0.20168127072187475,0.7642368267373274,0.011329767132738972,0.010109582456446557
329,0.008352089707459218,0.14023470053444356,0.8310724855292899,0.006667852002181039,0.013672872226626288
330,0.02037093197641716,0.4648510142473581,0.4599521968114465,0.020695394168418323,0.03413046279636003
331,0.01101095560125205,0.20044722254126168,0.7610624324154714,0.008597950027609295,0.01888143941440551
332,0.00676683900223168,0.10913716091911094,0.8708836552789279,0.004179806522079407,0.009032538277650095
333,0.03273688273807435,0.44404248510532096,0.4648177812257293,0.015082356636864483,0.04332049429401078
334,0.03823292225309435,0.7347433431651909,0.15831202942374983,0.02534975808695654,0.04336194707100835
335,0.01736837844421727,0.29466277265600654,0.6424680728720215,0.012304794861081422,0.03319598116667339
336,0.021804483840350934,0.3147242889065085,0.6107724890545674,0.0232657030925987,0.029433035105974496
337,0.03617209251414196,0.5836200954197842,0.302479047857406,0.03764337258187672,0.040085391626791145
338,0.023474024954375883,0.3228351190283349,0.6053192365549667,0.021266226121602526,0.02710539334072014
339,0.021297634763186593,0.38996813244527223,0.531447237096269,0.02822319323929936,0.029063802455972898
340,0.012774977477047771,0.1940555564430851,0.7518243603310034,0.023955943241786425,0.017389162507077272
341,0.019155082122144847,0.26282174210908715,0.6659561892038546,0.03988445864400996,0.012182527920903498
342,0.021183138175864414,0.3212931647704231,0.5656411337961268,0.05971621913857572,0.03216634411901014
343,0.03087847617959402,0.43114750888542835,0.4587508969505286,0.058918515390393195,0.020304602594055757
344,0.06999268689932803,0.7073144393141589,0.10597478587226804,0.0640392914627301,0.052678796451514805
345,0.054793638509758984,0.42531897326241574,0.41922755576595555,0.08235700882215319,0.01830282363971647
346,0.08939039372384504,0.5532085785845592,0.2736044024328501,0.05490379327680115,0.028892831981944693
347,0.0741855228236507,0.6156739603110492,0.21973404086593476,0.05248934842450759,0.037917127574857684
348,0.07093533206674658,0.7038821853050372,0.0918026251752542,0.11028657092250872,0.023093286530453266
349,0.09061951378941893,0.6628553526855634,0.11612009492986929,0.10535725445253777,0.025047784142610684
350,0.13604726589081534,0.6532233229588281,0.07319617221477992,0.124693674444135,0.012839564491441566
351,0.09685461038275993,0.6528562335149323,0.09346189892741157,0.13535935093465984,0.021467906240236367
352,0.0851597778590656,0.6634806614468336,0.037454716445698547,0.19815961470231516,0.015745229546087047
353,0.11002958034161342,0.6676425516633067,0.06516306003115928,0.13476808810924573,0.022396719854674965
354,0.17839688328109338,0.4665059707078074,0.2102210082781879,0.09895178476409586,0.04592435296881562
355,0.16945556268752612,0.45719333513195903,0.34349500495862983,0.025118711102638434,0.00473738611924663
356,0.14935329281811702,0.5729467425119507,0.2281465995816944,0.03498466963446036,0.014568695453777626
357,0.15379770331160167,0.6021564546841272,0.02712857295082615,0.17573295516586943,0.04118431388757561
358,0.11077011233784191,0.704917239522304,0.07982269838658926,0.0962398303882221,0.008250119365042689
359,0.05218833299387281,0.7472730898881148,0.029016801574147426,0.16280171988622388,0.008720055657641126
360,0.12205465161999896,0.5799714912181256,0.01560620841826478,0.264416983899371,0.01795066484423967
361,0.11673735693046564,0.5573597263016209,0.023324149194601122,0.2970834326933265,0.0054953348799859055
362,0.11218243453386229,0.4810627188859984,0.0020518047372726474,0.3700300299514016,0.034673011891465044
363,0.1474712077713546,0.294752923845905,0.0008998351832747584,0.3991725344266758,0.15770349877278972
364,0.10832721958803716,0.525655361488557,0.001161959276946043,0.3078707290862179,0.05698473056024208
365,0.12879228105965687,0.16051442997390228,0.0023269432867874043,0.6556841497592597,0.05268219592039371
366,0.06394998523706608,0.7778178422644598,0.008815514292261694,0.112475859327248,0.03694079887896442
367,0.12422073955547391,0.5091456016187784,0.0012398276765760731,0.31418844656301154,0.05120538458616005
368,0.175571232871704,0.17478688250280283,0.0034774064056018335,0.5575205247257605,0.0886439534941309
369,0.11780572210457795,0.2305418612187153,0.0008735657410426795,0.6061692966450284,0.044609554290635615
370,0.19824117912553063,0.2386486853429866,0.002302536564971786,0.5097665896832458,0.051041009283265035
371,0.1326293448249733,0.2547642303234864,0.004516152783214193,0.5601722978993444,0.047917974168981754
372,0.18957436540770156,0.09525941553629005,0.002079022941147898,0.609465107891964,0.10362208822289654
373,0.1924414658553527,0.1686141183092886,0.0012251395740890813,0.5312278712461252,0.10649140501514437
374,0.20114667016979235,0.17495378629026423,0.0012444392148975576,0.5661445377788371,0.056510566546208806
375,0.19057388778012832,0.41311930871548813,0.01579080422525508,0.3338952730177024,0.046620726261426104
376,0.1069677709683733,0.24208576905092788,0.004059871153102958,0.5692377512876184,0.07764883753997744
377,0.08204811896457684,0.23677740001997882,0.003999477508427494,0.6307275957535765,0.04644740775344037
378,0.12146280725841686,0.33735432205947213,0.00250583038130593,0.3795511789903486,0.15912586131045642
379,0.08605820393579655,0.6827147516788038,0.005644966052744402,0.1891787090352431,0.03640336929741208
380,0.08990979010485955,0.32650917955182845,0.006236735056700442,0.535573016158682,0.04177127912792953
