epoch,N1,N2,N3,R,W
0,0.0016229987875488942,0.0002216534244690603,1.8258606245186864e-05,4.730312603688981e-05,0.9980897860556999
1,0.0014411392701418437,0.00033457247625191984,5.41880622649362e-05,1.5555176463085764e-05,0.9981545450148782
2,0.001297820331684572,0.00027300481336087044,3.967653004376483e-05,3.9289628539569915e-05,0.9983502086963713
3,0.004185241818536382,0.00023133041160068073,1.1682037069269137e-05,0.0001407526791249321,0.9954309930536688
4,0.005554535167222892,0.0006117087084020506,0.00016768177118898063,0.00012065875971202084,0.993545415593474
5,0.011892773191899917,0.0013980054099200815,0.00011216144076093484,0.00039907855172108893,0.986197981405698
6,0.0030891850540409604,0.00025951943867997575,1.905932808598787e-05,0.00024917382309583655,0.9963830623560972
7,0.06821959700175635,0.012357021645546116,0.00032440686055025775,0.0020203723955188485,0.9170786020966285
8,0.16125933630321637,0.007187535849266124,0.00011347115762114931,0.007923691020628522,0.8235159656692678
9,0.6815449213857372,0.05470553699288535,8.913233477606882e-05,0.02118201429731898,0.24247839498928234
10,0.39100198993601304,0.3274546770849278,0.0006343705413588454,0.021842798196995993,0.25906616424070433
11,0.20513776332384964,0.6678319701494272,0.001880700079100135,0.032126931620301516,0.09302263482732151
12,0.062395830706528196,0.8740160763448035,0.003932689649889817,0.0076067924857708205,0.052048610813007705
13,0.024437942560923468,0.8139732005571996,0.08606081121573582,0.004110443544759429,0.0714176021213818
14,0.04836486078251735,0.7446727060345698,0.15644398920314484,0.002283376140089344,0.04823506783967882
15,0.11278315059476339,0.16768461626206732,0.0005636063838601018,0.020100652496601947,0.6988679742627073
16,0.004437948865314639,0.002905111933022084,6.456666016120597e-05,0.0005210810248097115,0.9920712915166924
17,0.0025996580652819343,0.0009275726666231245,1.5001185185748635e-05,0.00032200991860930304,0.9961357581642998
18,0.08921369366596664,0.020125743637456246,9.91563027957216e-05,0.0008413027601951782,0.8897201036335861
19,0.38914967408887957,0.1820962007218209,0.00027779877994126294,0.003912130232062498,0.42456419617729574
20,0.2483820283072026,0.5625223929132311,0.034028653233825125,0.002760311136278792,0.15230661440946222
21,0.08351935425130783,0.8438568304155493,0.0029772915084661064,0.007118730996161263,0.06252779282851553
22,0.29561118772202427,0.1558695976084821,0.0001981544574635597,0.07296474828608958,0.47535631192594047
23,0.29988512443661713,0.5445406284705073,0.0005198604915965025,0.06845462332644872,0.08659976327483025
24,0.030099631093775003,0.8933621143658845,0.03389079333725102,0.004158723849650871,0.038488737353438655
25,0.05379689010503837,0.8771696473269347,0.006480089249791431,0.00666927997248959,0.05588409334574609
26,0.020470916218967704,0.9137744954559957,0.04300519388147882,0.002708989608082076,0.02004040483547599
27,0.03599022852396564,0.9233015708962407,0.0025330789565015427,0.007281822503468881,0.030893299119823366
28,0.10254368774235777,0.11410128706046342,5.987933220573992e-05,0.0057134047104419735,0.7775817411545312
29,0.19885707614278203,0.7065296170557812,0.0007559319994499769,0.043806008555906106,0.050051366246080635
30,0.025063660917211388,0.9406163547844965,0.01297353823618393,0.0019418167951064608,0.019404629267001997
31,0.06583047024899827,0.9004626315704227,0.0031863489475174997,0.004409805203733813,0.026110744029327698
32,0.032222602852048046,0.9220061632241194,0.023846585189029344,0.0038910523967622904,0.018033596338040872
33,0.02058818993796117,0.961932135775611,0.00530920751710662,0.0033848022540853896,0.008785664515235792
34,0.012962744048718009,0.9592533502795381,0.014294493317422913,0.0025462494204313408,0.010943162933889911
35,0.01408162749103942,0.9624330014132502,0.006121078933902291,0.003441424516972802,0.013922867644835206
36,0.05213818069493196,0.9228088250418158,0.0012578170019927435,0.013472113118332149,0.01032306414292738
37,0.016187042262073816,0.8612684289763681,0.10792530342114583,0.003193164733933586,0.011426060606478676
38,0.016871833157847006,0.9533814791145631,0.006490130141047716,0.015307683507133064,0.00794887407940934
39,0.20626038798699395,0.641951818159216,0.0009245520385477121,0.09311157240346843,0.05775166941177395
40,0.064414667085197,0.04265633443157233,4.5173444791049095e-05,0.06849935325073532,0.8243844717877044
41,0.20887016294505717,0.5413033557070889,0.0013965409911176874,0.043877031541855786,0.20455290881488034
42,0.3576917971775593,0.10781614794451151,0.0002471988570514515,0.03905364954010251,0.49519120648077536
43,0.36377389641195895,0.46040783369554084,0.0006135438330954324,0.020010329204561778,0.1551943968548431
44,0.3634241148428719,0.39530755249984045,0.0004115721760157429,0.03785950416748815,0.20299725631378382
45,0.33460043847021387,0.43956739591716115,0.000332014367876566,0.05139673931133237,0.17410341193341586
46,0.009649802481667654,0.005732184875793545,4.445943536160909e-05,0.0016543612054589086,0.9829191920017182
47,0.003713990737346486,0.0019634012230172683,5.893160927875888e-06,0.00014598426340061145,0.9941707306153077
48,0.0007082552211962069,0.0007009205481621656,1.0530875453275636e-05,4.1986700560387276e-05,0.998538306654628
49,0.0013500221218336558,0.0006223801693784247,2.6273043562097664e-06,3.3308574196692716e-05,0.997991661830235
50,0.00881476798829463,0.0039010738014048202,0.00010162930343688964,0.00014846364916481868,0.9870340652576988
51,0.00405587768042674,0.0008882016616787291,4.104906727534497e-06,6.773852921699954e-05,0.9949840772219499
52,0.003639533129126054,0.0030280561257671253,0.00023711252681758916,0.00014570359289985696,0.9929495946253895
53,0.0009645012892918705,0.000499287719607361,2.2115706736826983e-06,2.9320123686591775e-05,0.9985046792967405
54,0.0035605691931304144,0.001328117199282816,7.216302506924308e-06,6.485296675428528e-05,0.9950392443383256
55,0.004791175258936767,0.0011057119856203858,7.945088487631796e-06,4.441083994909859e-05,0.9940507568270062
56,0.004478809964563503,0.0011105164105690056,8.003162873265225e-06,5.4744973864973394e-05,0.9943479254881292
57,0.001498423793379322,0.0003988440851619225,2.929042292810666e-06,3.109454415752907e-05,0.9980687085350084
58,0.0037070157631414477,0.0016744413193128037,5.239104513579746e-05,6.097775741393582e-05,0.9945051741149962
59,0.00245996090622164,0.00046145699519274604,3.826886356788766e-06,7.963948257262586e-05,0.9969951157296562
60,0.006426079984669427,0.0011210563542635543,0.00014248966365632614,3.143414891080824e-05,0.9922789398484999
61,0.0044609816047750115,0.0018107109557961704,7.207919853846033e-05,3.561237882651543e-05,0.9936206158620637
62,0.0036821363481262105,0.0013902567355705137,4.514399290793122e-05,5.396677466893029e-05,0.9948284961487265
63,0.005236670121785416,0.001065339918573516,1.5494654247130333e-05,5.339817544710042e-05,0.9936290971299468
64,0.003800786747796761,0.0015166754361260388,3.088180812652238e-05,0.00014229249139931103,0.9945093635165514
65,0.005240312685962657,0.0012731999109279039,2.623303549765267e-05,0.000140996479037403,0.9933192578885743
66,0.004037564034436223,0.0007500996676906448,9.315594496601417e-06,9.551869276927434e-05,0.9951075020106074
67,0.007173093236736865,0.002841920426296393,3.2470094176351544e-05,0.00015959043286889078,0.9897929258099215
68,0.0034885045869236294,0.0009591566650583462,8.459014345307195e-05,7.746258355121048e-05,0.9953902860210138
69,0.0004128794272951028,7.832012437441552e-05,9.87644600117555e-05,5.844840009096023e-06,0.9994041911483097
70,0.0009498236687188368,0.00025212017648638534,0.0002604398252318896,6.824328631940224e-06,0.9985307920009311
71,0.0018260291705579838,0.0005156549933546992,3.158635025864675e-05,3.766967156316949e-05,0.9975890598142655
72,0.007249207468601318,0.001687817609546967,2.0203973809259077e-05,0.00010622067610237636,0.99093655027194
73,0.006473864722281798,0.0013771791347802623,1.5882192905330674e-05,7.963264439290091e-05,0.9920534413056397
74,0.001968009059760352,0.0009669357759714128,2.2081191122239373e-05,5.350315194370425e-05,0.9969894708212022
75,0.0015530268599708876,0.000249710341036827,5.78907649989085e-06,6.555413035567754e-05,0.9981259195921367
76,0.003906415000715267,0.0018261672108414646,0.00011572081309159579,8.49419050372751e-05,0.9940667550703144
77,0.003879430209426887,0.0007963283143583806,1.221696452639886e-05,0.00012664155687773399,0.9951853829548105
78,0.003699715715455535,0.001100515304853139,2.9226058120601096e-05,0.00021558283193610496,0.9949549600896347
79,0.0025451099720911205,0.0004115449921863731,6.715948176347732e-06,0.00020564149186261588,0.9968309875956837
80,0.0020811172350901513,0.0005342030866192735,6.948540775591415e-06,0.00016091429200414432,0.9972168168455109
81,0.0034840879701154904,0.001120834617029923,3.789927872751359e-05,0.00010551568417497661,0.9952516624499521
82,0.0019926724546132377,0.0011353746856706758,4.0039415906363833e-05,4.2309610778719164e-05,0.996789603833031
83,0.006072640741589172,0.001337620995737923,0.00011209241639933168,7.699748625617452e-05,0.9924006483600174
84,0.003167727864999523,0.0004733620580682011,7.531973862114209e-06,7.623939362271121e-05,0.9962751387094474
85,0.007023053903847916,0.0007557369749787525,2.0190837981803253e-05,0.0001932555559380557,0.9920077627272536
86,0.006180458790356974,0.0016890679381339044,2.418664965563209e-05,0.0003008706216625708,0.991805416000191
87,0.005566507468180904,0.0005737225942679428,6.384226343453514e-06,0.00044202670506833687,0.9934113590061394
88,0.013301578696745158,0.0024187721957580205,2.56290682663977e-05,0.0006965881044900419,0.9835574319347403
89,0.006447697944339529,0.0007329532971439755,4.321292519917248e-06,0.00026949805208234426,0.9925455294139142
90,0.0040555895403078844,0.0004496404217978546,6.019284437856499e-06,0.00017989045824196796,0.9953088602952145
91,0.006368849069985993,0.00041354329995570616,7.610209695608033e-06,0.000576612640245945,0.9926333847801166
92,0.0060715964339620385,0.0006985053406448153,1.5154397876830476e-05,0.00039654093350812277,0.9928182028940081
93,0.006601462783357393,0.0014248276682284895,3.1620679478391635e-05,0.00033663577410975867,0.991605453094826
94,0.0037071686763915633,0.0007093271546114568,2.200874094756342e-05,0.00024016711006333383,0.9953213283179861
95,0.006465238024696467,0.0006276527976063512,7.5931327115858545e-06,0.0004565422629317806,0.9924429737820537
96,0.0012601254038299076,0.0002794752394918702,6.449729268170042e-06,0.00015403965650166796,0.9982999099709083
97,0.003986799644266028,0.0008581748398613018,5.484159630596285e-05,0.00019216979395376467,0.9949080141256129
98,0.015747190679602913,0.0025180425309958214,3.599217242645859e-05,0.0005664096571196586,0.981132364959855
99,0.004402651509598754,0.0017081496607686138,5.87270134538898e-05,0.00026595774356498843,0.9935645140726138
100,0.0030784459290724257,0.0004459163711997079,9.565813395224692e-06,0.00019887302659911445,0.9962671988597336
101,0.0049019959946346465,0.0007577884888015931,8.144682945128256e-06,0.0003749643722116071,0.9939571064614071
102,0.011696882744829135,0.0016293579612090474,1.5246158968818402e-05,0.000540162421652088,0.986118350713341
103,0.00886580622863598,0.0034721402337017397,0.0008165300092246745,0.00013299795820674327,0.9867125255702309
104,0.008065214027379234,0.0010974880408789476,1.1511553431178056e-05,6.826716943536221e-05,0.9907575192088752
105,0.004132093123139527,0.00047365415723275443,8.991258644374672e-06,6.878604421499297e-05,0.9953164754167684
106,0.0018542778595826736,0.00045611749792393,3.959582604068402e-06,2.6934469201800524e-05,0.9976587105906874
107,0.008280212549615876,0.0008745429479937392,1.1796235745964401e-05,0.00016218918682076405,0.9906712590798236
108,0.007248637187289786,0.0016231646883947595,4.337749724312928e-05,0.0002143428083457602,0.9908704778187265
109,0.01425261596211822,0.001841011399432184,2.3918146928670616e-05,0.000640178264589282,0.9832422762269315
110,0.003981297616876358,0.00043725336013668466,1.57851372528883e-05,0.00045419652959755865,0.9951114673561364
111,0.014787960985045296,0.0023912520564756314,0.0001041061192585695,0.0011063083905143737,0.9816103724487062
112,0.007948633062867376,0.000635028093128009,2.6594725797828705e-05,0.0009664708619209288,0.9904232732562858
113,0.0037006620754822684,0.0002798798684045306,6.526598396387459e-06,0.0004547479178274603,0.9955581835398893
114,0.0022790198337422234,0.002244600341063596,0.0001264656071303407,0.00026716845478045703,0.9950827457632833
115,0.0024021686144187226,0.00038629808178135576,5.5257733459634185e-06,0.0003235072094949982,0.9968825003209589
116,0.0008359217611711508,0.0003465258988413039,1.2707207725473812e-05,0.00020613391337782398,0.9985987112188843
117,0.0013900548096884911,0.0003538076640281159,3.6588528952522843e-06,0.0003038782069106718,0.9979486004664774
118,0.0008324733608187225,0.0006457374363894081,1.3718252793198876e-05,0.00029286440451592157,0.9982152065454828
119,0.0011169530995882762,0.0006433489957400543,3.417226781695843e-05,8.424678538817783e-05,0.9981212788514666
120,0.0007260439070822434,0.00048232808610638897,0.054876651217421135,0.0002231248217437499,0.9436918519676465
121,0.006138986354767933,0.003720840386231636,5.0383013002932385e-05,0.0014117198392131318,0.9886780704067843
122,0.0008449297978713142,0.0013775384089193263,5.123412072073165e-05,0.0005412362184988364,0.9971850614539898
123,0.0003680861892245649,0.0015824562587251406,8.572460016676059e-05,0.0003034523391694565,0.9976602806127141
124,0.00029147246943887,0.0009289940672900826,7.414032781937969e-05,0.0002862432504003891,0.9984191498850512
125,0.0029936768320010924,0.0027157753157119025,1.3126746429776003e-05,0.001262411025378966,0.9930150100804782
126,0.0035929935584403166,0.0012947781138308264,0.0005224289011650869,0.003256495067260233,0.9913333043593034
127,0.002667922681804019,0.0010979267352590858,5.699234204356786e-06,0.0009147747051056774,0.9953136766436268
128,0.0028585914237593407,0.001732188230206307,2.0032972651635395e-05,0.002023946391593513,0.9933652409817891
129,0.001602200900401042,0.0013585887570003346,1.7358481653349073e-05,0.00010861691028738325,0.9969132349506579
130,0.001146584467390525,0.00046697898336876494,4.912990274945136e-06,0.00018245799480367026,0.998199065564162
131,0.0008073897080859885,0.00017968878527904885,3.4147990108835476e-06,0.00012768856300167993,0.9988818181446224
132,0.0017937400314871753,0.0015135561461805064,0.000625381616877002,6.46707325618632e-05,0.9960026514728935
133,0.0035919544135076227,0.0029120670528340565,0.00017854466523148894,0.0001438144550018469,0.993173619413425
134,0.0024444859487281444,0.0005341039567491591,1.8880704334543636e-05,6.0069440103046356e-05,0.996942459950085
135,0.0016853748261213438,0.0007664831064044333,0.0002713091936375059,8.121359687641805e-05,0.9971956192769602
136,0.0034605613736921003,0.0007495996699517038,8.984918485256788e-05,0.00013619764188597543,0.9955637921296178
137,0.0026385608388230946,0.00034624323400823546,1.0372206864058962e-05,0.00014639208916763944,0.996858431631137
138,0.006130704836640597,0.0021544457701476684,0.0005456269591481849,0.0003075061636102012,0.9908617162704533
139,0.0021224323672812792,0.00019160843436899697,1.4738258426519752e-05,0.00011792064184935128,0.9975533002980738
140,0.020788090231442565,0.0016049253926138651,4.4913553606561135e-05,0.00038214378365011663,0.9771799270386868
141,0.0018920238619314393,0.00023088119977166652,3.757916859999243e-05,8.754403068423384e-05,0.9977519717390126
142,0.006088833449561309,0.001397961895052377,3.944155011801932e-05,0.00027979232529462425,0.9921939707799736
143,0.0015308575821460747,0.00019654405438606954,3.808847799008093e-06,0.0001337333307535781,0.9981350561849153
144,0.0020404721725919475,0.0005021636320687155,3.185749203570669e-05,0.00013427211279142998,0.9972912345905123
145,0.00684427705690707,0.0011833453815908248,4.1625113773769345e-05,0.00041717173934448985,0.9915135807083838
146,0.025014326641620545,0.0025291381355289997,2.0768682910181324e-05,0.0008201738805286171,0.9716155926594118
147,0.010215282328451217,0.0012121003265818213,1.7793824515937646e-05,0.0007225497039591478,0.9878322738164919
148,0.1468918658412568,0.02696437222242906,0.0001643483895165046,0.02800901168637982,0.7979704018604178
149,0.015108026045727838,0.002575149090263861,4.3681507136766816e-05,0.0043695678492493405,0.9779035755076222
150,0.2815674370431409,0.0582579368203776,7.733114552780128e-05,0.09279958706371862,0.567297707927235
151,0.48053890266694027,0.14259341009615165,0.0001684117263399376,0.16143976248656494,0.2152595130240031
152,0.35184423712526075,0.3092335923437287,0.0004316917714538987,0.25954714517565575,0.0789433335839009
153,0.24985366222885572,0.2370571718302354,0.0002403875392498461,0.4532507956786912,0.05959798272296779
154,0.3450596407052665,0.12944279682797621,6.876566559186597e-05,0.4163970335120103,0.1090317632891551
155,0.2174565536332046,0.20280389840643,0.00013623286512869461,0.5571409693783314,0.02246234571690529
156,0.272897547850822,0.24620329979399744,0.00021199155902360624,0.4439201819105174,0.03676697888563954
157,0.2188954736842755,0.5832617763562523,0.003955686473092551,0.14143765512880574,0.052449408357573765
158,0.08533336092329546,0.64426979596991,0.0017571814972711897,0.22990591968663304,0.03873374192289029
159,0.13362475782445188,0.2608485085781826,0.00014348530804064017,0.5653055627424177,0.04007768554690737
160,0.11355646064848185,0.4541391838831391,0.0005675112700627035,0.40283293457693237,0.028903909621383953
161,0.17893495437978857,0.45548499123705555,0.00033801722608831644,0.315712912690241,0.049529124466826634
162,0.19842945836667425,0.5029914884749099,0.0005280863789129955,0.2768749732504231,0.02117599352907981
163,0.0933072476855681,0.7748846414262592,0.0016522221256988344,0.09902687760389257,0.031129011158581302
164,0.20848999083232705,0.3816869700410679,0.0002958763655041677,0.16940046615165968,0.2401266966094413
165,0.26612255839788906,0.23132474963935057,0.00019647393283448388,0.25094934159919763,0.25140687643072823
166,0.3359844213020174,0.23644595331200216,0.00011962294506537676,0.3603562631465269,0.06709373929438812
167,0.11877271725954847,0.781928568503324,0.002065978310227034,0.030016583378229107,0.06721615254867143
168,0.07745099105556828,0.8426248331479594,0.002735906075850245,0.05014486187213736,0.027043407848484753
169,0.027059891409094924,0.8976648659793509,0.011576468979627979,0.042066810400303016,0.021631963231623304
170,0.08126740495179424,0.692447374774201,0.0004872902417331924,0.19405409733305942,0.031743832699212056
171,0.04352678974549988,0.818012849506711,0.0049584533873986685,0.09453399010622085,0.038967917254169475
172,0.16577748941921475,0.1899390021571244,7.64644459596041e-05,0.4894024311578116,0.1548046128198896
173,0.1958796417368505,0.6104913902082137,0.00011654603403158552,0.15274466581705817,0.04076775620384608
174,0.22367789382688355,0.2556659917414759,0.0002694599330376995,0.4895865581407897,0.030800096357812976
175,0.3093244768184062,0.3051637037176475,0.0004915207103556141,0.34974393122197855,0.03527636753161225
176,0.11595934043378481,0.744013263838973,0.003236576113388319,0.06511857545710831,0.07167224415674538
177,0.03883424715684009,0.8755445221913148,0.0483326375937364,0.019066720024090468,0.018221873034018222
178,0.04035683209919771,0.9059720055366187,0.003926183264569768,0.03132794064684818,0.018417038452765575
179,0.03308944973102345,0.9276133909483499,0.004027532110194614,0.013661200548261452,0.02160842666217026
180,0.04020824555894535,0.9000380597972455,0.014846728903940608,0.015666284730289425,0.029240681009579134
181,0.06507602553723851,0.8511811131116478,0.03312810051479684,0.008296362243508274,0.0423183985928085
182,0.04664396580920319,0.92342903691856,0.007164236058554536,0.005569353389174757,0.01719340782450762
183,0.0125402143512557,0.9504058668561041,0.027562624206274533,0.0007482993093982101,0.008742995276967784
184,0.06883275574147314,0.9116146418489467,0.002230243379811548,0.0030349053935897724,0.014287453636178813
185,0.06813988422326941,0.9154593053489306,0.003675398809040094,0.002384667822729022,0.010340743796030928
186,0.009969541695200526,0.9420881487542468,0.042804517478555924,0.0008657626120530761,0.0042720294599438375
187,0.010569819039336341,0.9668334604920898,0.019093495471410805,0.0008192847330006943,0.002683940264162303
188,0.013609722674162272,0.9737604915216554,0.007456760836341401,0.0023433456385497592,0.002829679329291123
189,0.009246829817641317,0.9537352336457825,0.03200443407580689,0.001538561163102285,0.0034749412976671193
190,0.014793451857220257,0.881778484510082,0.09587565365296857,0.0027720928246900193,0.004780317155039277
191,0.015516566162795738,0.8663617828051268,0.10885107616920628,0.0019450554240303605,0.0073255194388407415
192,0.03193068799504836,0.9426855475401626,0.012439324960290658,0.006380632290976299,0.006563807213522002
193,0.02105750463285122,0.754956172024315,0.20686921266060795,0.005396490495183055,0.011720620187042872
194,0.011289782253946418,0.9627858724765701,0.019539899637096368,0.002798187951163479,0.0035862576812235552
195,0.013839030272685324,0.8194421757626749,0.1598810741364913,0.00222210424043687,0.004615615587711561
196,0.01259924686259562,0.7153121474475753,0.2625610370723389,0.0023186824752770515,0.007208886142212983
197,0.009826831709796927,0.891526195837792,0.09192401295979824,0.003589313412010603,0.003133646080602385
198,0.005862875663983861,0.870180211906561,0.11969130032303678,0.0012399321266979189,0.0030256799797204656
199,0.010795471737072418,0.8965359877303264,0.08596582389281154,0.0031617275569122763,0.0035409890828775248
200,0.005273198505521306,0.524813781337369,0.46535799720160403,0.001513999712540824,0.0030410232429647476
201,0.0019253602275440666,0.34867743364107756,0.647727139243312,0.000661893812487494,0.00100817307557895
202,0.009644231808304544,0.5126591543439994,0.46846635408823295,0.0045377578274043385,0.004692501932058735
203,0.008772607318742883,0.4928275779453876,0.48531014736210376,0.0036053244594386417,0.009484342914327
204,0.006706223182651847,0.547125761116931,0.4375846383776752,0.0011352269141171323,0.007448150408624956
205,0.0026295241393145315,0.38427725747490726,0.609842048016244,0.0008765175357061555,0.0023746528338282552
206,0.004445856294166981,0.30539806172913336,0.6860794135171734,0.0013985492154162701,0.0026781192441099923
207,0.004649123154742689,0.3133423278395119,0.6770065581091782,0.0012944497620750246,0.003707541134492071
208,0.007894600385376625,0.491820147192545,0.48772212666529774,0.0022774594051495883,0.010285666351631072
209,0.00458906273120416,0.6627041815251772,0.3258554523852432,0.001053888916855541,0.005797414441519823
210,0.007765097950168357,0.23089259766502906,0.759429762925721,0.0005607369959233525,0.001351804463158257
211,0.0024626535244609317,0.26285832929437364,0.732896367489579,0.0002582908924485719,0.0015243587991378628
212,0.004579283155747733,0.47479012774689044,0.5137672974945224,0.0008424468044221696,0.0060208447984172455
213,0.0027523360668827634,0.25266300015767856,0.7426239634858486,0.000362892123150233,0.001597808166440018
214,0.0028299111161925357,0.4590546060331039,0.5345276307808,0.0005791893053266553,0.003008662764576893
215,0.00414075891380392,0.22349789900591702,0.7705666809396062,0.0003195393699168079,0.0014751217707559465
216,0.002418540250246,0.19295246899116247,0.8020658274896476,0.00030550500583497516,0.002257658263108942
217,0.001910772873850566,0.15107975530707266,0.8456457599477077,0.00030892886828273557,0.0010547830030862783
218,0.0006788884242831381,0.09638126707316237,0.9024768256647877,8.473107949376563e-05,0.0003782877582731056
219,0.004234363958788382,0.08724094963594832,0.9074517515365419,0.00019995804067027932,0.0008729768280510382
220,0.0004991947083661603,0.07244625782641671,0.926298317907627,0.00011278137575383513,0.0006434481818363139
221,0.0016615289456657584,0.05911775917560205,0.9382347639720696,0.0002368750141088258,0.0007490728925536491
222,0.0029981477861690956,0.14110839840098163,0.8535805047398174,0.0005288793837605713,0.0017840696892714488
223,0.0024646169073748074,0.08461885679120132,0.9112617104070456,0.00038430200126570905,0.0012705138931126438
224,0.0023868681115473992,0.08197651496433896,0.9127190955303216,0.0009039133300888431,0.0020136080637033166
225,0.005544150649152873,0.38997494798441873,0.5876451466990884,0.002243892840060154,0.014591861827279933
226,0.002589817355433913,0.5033819219908077,0.48370420661428754,0.002909357856985591,0.007414696182485432
227,0.006037269046130174,0.5230442852907476,0.45350309859906135,0.001872533573558954,0.015542813490501808
228,0.0159599523865089,0.9284052496965424,0.045982262503084265,0.002605932279305374,0.007046603134559032
229,0.00931453200073655,0.737311077464319,0.2447916323070286,0.0016798101907502976,0.006902948037165587
230,0.00818185206015558,0.7463727123089178,0.23503684868771058,0.0026565283085271444,0.007752058634688804
231,0.11495121621927262,0.7986396302032187,0.002830053451861923,0.06678147172601626,0.01679762839963039
232,0.08712139779190228,0.7294505178054191,0.002684157457685791,0.17341491981674023,0.0073290071282523924
233,0.07438072271129477,0.5979032304776148,0.0028833063780055864,0.32046527112325696,0.004367469309827835
234,0.060496244363769325,0.48902434693571806,0.0017538776811091947,0.43960769270761635,0.009117838311787184
235,0.04857121367063195,0.36562842396646245,0.0009552821567261574,0.5795056049136037,0.0053394752925756735
236,0.035169475267836904,0.14316399097612312,0.000692657743123643,0.8160756058954328,0.004898270117483639
237,0.02603253243784908,0.07361116840269095,0.0002260497030756269,0.8953482168512409,0.004782032605143395
238,0.026731455059070406,0.0472706539932168,0.00015584582893909702,0.9221074934749444,0.0037345516438293917
239,0.023353212961515782,0.025158667232318077,0.0001274368866931393,0.9482430930565602,0.003117589862912772
240,0.029804763082481076,0.049494837876075726,0.0002723556040848393,0.9129714816787735,0.0074565617585846886
241,0.027562295484249252,0.034267874041653636,8.128178318976235e-05,0.9198221395418507,0.01826640914905671
242,0.02544750472076688,0.020881770582706523,2.9520113516049335e-05,0.9458383628578904,0.007802841725120168
243,0.03366988451653084,0.06898432599360338,0.00017932832956983675,0.885364301722943,0.011802159437352978
244,0.05003029742714438,0.03852694866658744,0.00015785818808733575,0.9062349590347615,0.00504993668341937
245,0.03556678396462445,0.037451193451752476,0.00021225510426773416,0.923626234300851,0.0031435331785042795
246,0.03401151846390919,0.05861112984579867,0.0003521310391916934,0.9039299537057877,0.0030952669453127033
247,0.03437275119997637,0.07339755785479878,0.0007912493582699382,0.8828922418563185,0.008546199730636542
248,0.05046272913710625,0.08868077635316524,0.0007046211666509476,0.855056185870693,0.005095687472384576
249,0.019971326062784376,0.16911884255045057,0.00032020792488411946,0.8082888597069727,0.0023007637549081594
250,0.028036810466279847,0.06141776716183232,0.00021458953880866178,0.9066274754915563,0.0037033573415230256
251,0.051179752371414824,0.09525469650622978,0.0009027022920087517,0.8497535709501379,0.0029092778802087874
252,0.04153384317405257,0.06734407655409205,0.0008543848796534792,0.8796120367075615,0.01065565868464044
253,0.040517070203354016,0.0310614040663246,0.0003480279633239936,0.9174133345434917,0.010660163223505775
254,0.05406145596132483,0.05527351819141919,0.0003546405276083149,0.8787229409714664,0.011587444348181304
255,0.07153795372258709,0.05171702257993152,0.00046222654692139315,0.8697522498754146,0.006530547275145339
256,0.1250208687875823,0.04690387006157845,0.0004948153375576205,0.8167886083254678,0.010791837487813961
257,0.05470651141234431,0.04158584342116846,0.00023342367236093526,0.8997703381796832,0.0037038833144431398
258,0.027887481079770963,0.06145232651586748,0.00023474764292464833,0.90614286658715,0.004282578174286888
259,0.03122109772797025,0.06471243856032134,0.000376059438760448,0.8954049984197141,0.008285405853233741
260,0.022250923270544825,0.031679962954545164,0.0002478874615816761,0.939737689703699,0.006083536609629499
261,0.039825714165673334,0.061930357681561486,6.669377030762794e-05,0.8651602367235689,0.03301699765888873
262,0.051059181686212284,0.04209835552339842,4.609069942141427e-05,0.868579856821609,0.03821651526935894
263,0.14922959009744427,0.05379705009213104,5.107711731878038e-05,0.7737670972994539,0.023155185393651828
264,0.31603339975731604,0.11785796403513614,8.68065720658768e-05,0.46900207747240574,0.09701975216307629
265,0.3317445815005568,0.16323426987619868,0.00012630710662618066,0.48705536953050976,0.017839471986108607
266,0.2419658397185515,0.5738759022050229,0.00027602333685640244,0.17120352092498506,0.012678713814584207
267,0.23029667767964904,0.47209980537055346,0.0002647007746750771,0.28449854564735,0.012840270527772438
268,0.29705782169932,0.24124232085518976,0.0003625751845116435,0.41872395741113244,0.04261332484984613
269,0.040596613328793746,0.9268467832602975,0.0010328075976233128,0.028327953041477543,0.0031958427718080315
270,0.05241062160087995,0.8918468221302134,0.0004912013512020045,0.05210150709792167,0.0031498478197829125
271,0.050793931123393865,0.8825650910532647,0.0014286997966988706,0.06244410660648918,0.0027681714201532913
272,0.008229049198874905,0.9736011584606896,0.00771314965002536,0.009093187958482112,0.0013634547319278081
273,0.0036796720857334157,0.9868405176061742,0.0004073259529913886,0.008518779731566449,0.0005537046235347
274,0.011981214855015413,0.9421486311448073,0.001789286130959262,0.04227920725783602,0.001801660611382186
275,0.009037985486871857,0.9799219262328359,0.001157245314336357,0.008383637264260063,0.0014992057016958566
276,0.11774516512938896,0.7162540469992889,0.00024387163224187474,0.16048827123326773,0.005268645005812543
277,0.0069387947450915465,0.9844881964529574,0.004308022606120667,0.002960055809424611,0.0013049303864056294
278,0.0123954659002398,0.9729224732649031,0.006450421760688188,0.00678421698220488,0.001447422091963917
279,0.005598940137008824,0.9880890513572178,0.0032629527601637826,0.0023027885864173245,0.0007462671591923395
280,0.01387003150204989,0.9656042888850649,0.009757520022604467,0.008750000532714415,0.002018159057566462
281,0.005160254311056962,0.9810068641247448,0.00827984921636017,0.0045085025389941,0.0010445298088438517
282,0.011681980632943189,0.9754402787455163,0.004860709419110649,0.006652159745276281,0.0013648714571537256
283,0.00848533161459633,0.9474642685634689,0.02779141799534066,0.015123239036388972,0.0011357427902052102
284,0.01340142797434103,0.9543486836935404,0.022019703138168336,0.007428389398378343,0.002801795795571947
285,0.0073772310151798935,0.9635317247051546,0.012701426391893818,0.014622125044236493,0.0017674928435352563
286,0.03930533917793584,0.9209410518398955,0.003477701220607676,0.028450540960456773,0.007825366801104322
287,0.009018947210544718,0.9705180429806884,0.004653396531793232,0.013513094569337353,0.0022965187076363323
288,0.010386923703171945,0.94587034278823,0.020665671449930603,0.020897315644097615,0.0021797464145699706
289,0.010481808924319429,0.9501703190158971,0.023670168750336194,0.01367390229021134,0.0020038010192359695
290,0.016892673909952857,0.9358250073265013,0.007982570244928934,0.036780499924392834,0.0025192485942241456
291,0.03203401860477715,0.818449685386056,0.1317538535082049,0.010832742275162672,0.006929700225799391
292,0.41278342201781254,0.4959446436498632,0.0013775467119803266,0.06709565106119021,0.022798736559153657
293,0.026789140857501552,0.9645448356298656,0.004345846185228594,0.0020299472022141025,0.002290230125190341
294,0.023742388673574512,0.8980004142634765,0.07419190730250147,0.0015297306502393133,0.002535559110208172
295,0.018168828678238342,0.9321331162040617,0.045741741149445424,0.0021076269018187105,0.0018486870664357672
296,0.0033061166801470797,0.8908168422293935,0.09798830315179544,0.005348597451587477,0.002540140487076564
297,0.004845410938572717,0.8388761297711779,0.1463766123919744,0.006661480280442422,0.0032403666178326485
298,0.0076092221427211115,0.8335154509906377,0.1464951438707518,0.007954771657701832,0.004425411338187509
299,0.004184918620861009,0.7289161403016724,0.2577071836717195,0.004684320225631554,0.004507437180115554
300,0.0028307351841704124,0.382002606756085,0.6112067375385016,0.001719628312739366,0.0022402922085035873
301,0.001621554865377294,0.2801866574493478,0.7154030153593747,0.001096288588045522,0.0016924837378545794
302,0.003264458024752432,0.3335051627689854,0.6599984612902132,0.0010012855793820046,0.0022306323366670946
303,0.006903799130512569,0.6567479015826451,0.3241566767043612,0.006640204706474666,0.005551417876006426
304,0.001538784694723127,0.2599415336640819,0.7357936324711009,0.0005487760085498874,0.0021772731615440793
305,0.001095588104225416,0.16958569454914532,0.8279849414268147,0.0005287522811370693,0.0008050236386775492
306,0.0017445690624090808,0.2051726198553678,0.7903680687445669,0.0010635748131773816,0.0016511675244787675
307,0.0015519378735709066,0.18352180150018058,0.8129399869608676,0.000774616635439695,0.0012116570299412553
308,0.0025805565807843437,0.15595857622691076,0.8394190481819347,0.001106348874238746,0.0009354701361314285
309,0.0010113026279032996,0.13392653747393307,0.8618894823582965,0.0008561776021635364,0.002316499937703493
310,0.0009240790669686068,0.15840926772139666,0.8387540656737612,0.0005892354872059864,0.0013233520506674447
311,0.0017640126451484456,0.8021174257813851,0.1925291432813939,0.0014640814647429376,0.002125336827329463
312,0.0006414740692660756,0.11652885528975807,0.8818887305530762,0.00012947911127750647,0.0008114609766222301
313,0.0004457278379504543,0.1070270514794381,0.8919686104037796,7.435803611015323e-05,0.00048425224272162444
314,0.001410647352455651,0.14982593158054477,0.8474078553042483,0.00023119387679144084,0.0011243718859597555
315,0.00027600128478813643,0.03788848826576494,0.9614319627701418,6.113226821193221e-05,0.0003424154110933598
316,0.0014064652950485884,0.09952635572175295,0.8970822159800267,0.00032887406083657747,0.001656088942335151
317,0.0014435035613242666,0.11553116113083611,0.881404420470114,0.00023303253281761958,0.0013878823049079886
318,0.00038068407050706785,0.028451065508593477,0.9706317665986521,6.454822214325716e-05,0.00047193560010410144
319,0.0008669034301313456,0.07876429955500835,0.918450298378863,0.00036112815632930817,0.001557370479668055
320,0.0005914427050711434,0.0927463789874205,0.9058300360238678,0.00012669524829788252,0.0007054470353428055
321,0.0003420498521854359,0.056236503577947024,0.94242310926798,8.203120595036915e-05,0.0009163060959368895
322,0.0003593661837418733,0.06459055684624936,0.9340521219190762,8.135959491344546e-05,0.0009165954560188775
323,0.0010528877041176372,0.12652277927137823,0.869873798645555,0.00028409966722451555,0.0022664347117245806
324,0.0005965817559482118,0.19578851389557603,0.8020317710911522,0.0004491315801455077,0.0011340016771780456
325,0.00018158167151823365,0.04143974571739047,0.9579805245412476,6.847223080264111e-05,0.0003296758390409662
326,0.000599892557066825,0.046511564710174834,0.9509866353882781,0.0007693860969363369,0.0011325212475438232
327,5.311418469144957e-05,0.007239569405026838,0.9924863318784032,5.011298813548618e-05,0.00017087154374317758
328,0.00014902850459002268,0.016643997995465898,0.9825763635979133,0.00018662351543338114,0.00044398638659745663
329,0.0010149468983872898,0.0679226716579023,0.9294591306646387,0.0005647907243361686,0.0010384600547355962
330,0.00023602955887040963,0.025825862181960084,0.9731088349229462,0.00023698833175551386,0.0005922850044675812
331,0.00013550203832330654,0.013285271831661808,0.9858200420058836,0.00019353892283486483,0.0005656452012964502
332,0.0003807371777004412,0.029453850608040268,0.9695134956501265,0.00023242517295160272,0.00041949139118122427
333,0.0002710667715131202,0.031122158850907862,0.9675630477198318,0.0004589442345527051,0.0005847824231944678
334,0.0004446085131981491,0.024831380979952647,0.9732786239740218,0.0004932707021252979,0.0009521158307020007
335,0.000630108032168282,0.03385384094226958,0.9645472957977509,0.00019152824148359245,0.0007772269863274563
336,0.0020864295373282235,0.0541364468768801,0.9407007568241754,0.0008038246289226613,0.0022725421326936896
337,0.0007828938408067707,0.0388642179765018,0.958460274598382,0.0003132042747335797,0.0015794093095758575
338,0.0006247536055666544,0.022132793766096646,0.9755139448902601,0.00039199784476127997,0.0013365098933153913
339,0.0009328394554784646,0.02541956558443064,0.971906085205742,0.00037023832515971263,0.0013712714291891407
340,0.0013471334346089553,0.03346688730860663,0.963146479948135,0.00040360152420448165,0.0016358977844449915
341,0.000891150467477421,0.036845443348454854,0.9602535308958877,0.00043770994858775093,0.0015721653395924004
342,0.000612928348798947,0.020014657839692862,0.9776529916133399,0.0002775953564255793,0.0014418268417429356
343,0.0005175073577154771,0.02541574979804713,0.9721450008171072,0.00039475073954064175,0.0015269912875894604
344,0.0005263815233770612,0.019228214879331088,0.9789705024065494,0.0003846864845236806,0.0008902147062188314
345,0.0005647371129815044,0.024292148365692594,0.9739666579168187,0.0003179467756498455,0.0008585098288573469
346,0.0002554805231856511,0.016347232325859537,0.9826197777616108,0.00010318283635508597,0.0006743265529888932
347,0.0005355305126151805,0.018582205547506205,0.9789930230120693,0.0009957331499227124,0.0008935077778865065
348,0.0013225619018574469,0.03822358268746605,0.9570188623044641,0.001880977661856504,0.001554015444356051
349,0.00039938799462142446,0.01863138626190488,0.9797278607873804,0.00036138946579013063,0.0008799754903031259
350,0.0005345865383185194,0.016052542861441033,0.9816360512886353,0.0003112980622540164,0.001465521249351001
351,0.000281917063269114,0.011404193405475589,0.9868563623492383,0.0005313558817681577,0.0009261713002487944
352,0.00039796840132724125,0.015503053176727235,0.9819797869548185,0.00030475315486870087,0.0018144383122583403
353,0.0009029464279833001,0.03127550783563271,0.9628243352329621,0.0020141224080708147,0.0029830880953511
354,0.00035203054541952576,0.019613697283786924,0.9777026603972546,0.0007862911290456418,0.0015453206444932138
355,0.0005545527882745228,0.02294368213904285,0.9739103990942797,0.0009703282450703873,0.0016210377333326729
356,0.0003812020198711287,0.022101144183564795,0.975164998237462,0.00022493362211871854,0.0021277219369833546
357,0.0009918515188459852,0.03102942902342482,0.9642978335333026,0.001468188484773192,0.0022126974396534937
358,0.0009719847373802814,0.03826928151226135,0.9575677729576376,0.0013843595228995114,0.0018066012698213685
359,0.0005543936076339457,0.029853052985995797,0.9670803808288849,0.0006382068025706688,0.0018739657749144948
360,0.0013245979241257165,0.03302541099753344,0.9640773423360025,0.00039349823199843993,0.001179150510339959
361,0.0007612653054449671,0.026568354985279062,0.9706381257073281,0.0005423245851637319,0.001489929416783842
362,0.001060428758973152,0.045923668597512575,0.9500505142152044,0.000721814961129944,0.0022435734671800286
363,0.0013082614435608487,0.044114419315326676,0.9514461414877343,0.0009588759947830641,0.0021723017585949787
364,0.0013394897968731802,0.04176925215241418,0.952662739115057,0.0019595179372292066,0.0022690009984264545
365,0.00023877375834158003,0.01563578552456874,0.9825656534555832,0.0004100033445269218,0.0011497839169794188
366,0.0002772579700625206,0.016144150926871253,0.9813493407752886,0.0007073692536705368,0.0015218810741071391
367,0.0003548512755609101,0.01195419877366343,0.986415714732929,0.0002034724390390991,0.0010717627788075122
368,0.00041109618934457546,0.018760230396871424,0.9789710561924313,0.000485942998198923,0.0013716742231536863
369,0.000334255389124875,0.015802354281074425,0.9831300525910583,0.00020783363675732958,0.0005255041019848355
