epoch,N1,N2,N3,R,W
0,0.10195389838374093,0.005000343947082911,3.8702542649049125e-05,0.06299435978940962,0.8300126953371174
1,0.10062113063586077,0.008173195163151787,5.688116558771221e-05,0.12244541003401199,0.7687033830013876
2,0.1686703635863996,0.015860281415944002,9.087408133754869e-05,0.13799628734625666,0.6773821935700621
3,0.07929151787509771,0.010294595264844383,4.5274744424137555e-05,0.03698167827708631,0.8733869338385474
4,0.07664100542666848,0.004000538167295427,2.4926713348347455e-05,0.04323346999917043,0.8761000596935173
5,0.09420672827556069,0.004757298660128759,3.0777876201178385e-05,0.005346352945571463,0.8956588422425379
6,0.30810960518779773,0.011484927412777577,0.00011641061462158451,0.028006146901426072,0.652282909883377
7,0.22006791536620438,0.008812593520561235,9.917682179115201e-05,0.027351754577201046,0.7436685597142422
8,0.25870054512237894,0.03309647514733765,0.00012368753917228008,0.22339415285840222,0.4846851393327089
9,0.2178953565719427,0.02444860863842815,0.00011362255023031451,0.3242481051633852,0.43329430707601363
10,0.20537155143532235,0.04274023253588388,9.26203846479848e-05,0.3203428851273706,0.4314527105167752
11,0.21103541388611596,0.04258124824568023,0.00010607371444563851,0.27840881621044866,0.46786844794330945
12,0.2051046565413416,0.042091630470907984,0.00010319621973012497,0.4953020559933734,0.25739846077464684
13,0.24498699230852028,0.03805389998599935,0.00011755453200013876,0.23865656418864117,0.47818498898483897
14,0.1537420034688486,0.04931222067602545,9.960273764478722e-05,0.7197646320768839,0.07708154104059722
15,0.1168281176945109,0.058185805537142615,6.80903276853877e-05,0.7222636824912257,0.10265430394943545
16,0.19880737928630599,0.10021009123490382,0.00018909533329125857,0.4911033602842513,0.20969007386124766
17,0.16895338175770927,0.14011990826850515,0.00019377603025369928,0.5677333457419236,0.12299958820160822
18,0.30876898547926396,0.12967949522224992,0.00021036681015855943,0.3034231694099908,0.2579179830783368
19,0.16326124540048204,0.4926689882641968,0.0018339009602315111,0.07569315098296009,0.26654271439212945
20,0.28691885077836404,0.23924835752318277,0.00045692746162370393,0.09251527087022288,0.38086059336660666
21,0.15334089627326286,0.0425228755231657,4.40516280677769e-05,0.013325014256919548,0.7907671623185842
22,0.27121161353684625,0.027046607678488373,5.2273284794703526e-05,0.01031182637923918,0.6913776791206314
23,0.034389764918962604,0.008615371128411575,2.4915060968998836e-05,0.0006098144424126374,0.9563601344492442
24,0.007489205746740294,0.01683473140287173,3.8939813600300434e-05,8.195647854760036e-05,0.97555516655824
25,0.016438224321375892,0.03305724561551318,0.00040952109731849976,0.000290322215482996,0.9498046867503095
26,0.004076877427217239,0.009050025849459936,0.003299309238114941,0.0008946126855186019,0.9826791747996892
27,0.0044966449934036035,0.002255616237444415,4.8926248430219605e-05,0.00017863699162760195,0.9930201755290942
28,0.0013528210157126147,0.001073795145573711,1.8704632719297907e-05,0.0002328607114993038,0.997321818494495
29,0.0026680778152827246,0.0028422418596653703,0.0005564670134008957,0.00038267264078060536,0.9935505406708705
30,0.0013149916812776686,0.0004518623107407733,6.487686085892126e-06,0.00023382569941909014,0.9979928326224765
31,0.008508796155916367,0.009679809601131836,0.0014434763082057235,0.0003113204395655604,0.9800565974951806
32,0.02784757476745772,0.004024419930703098,0.004050462954203951,0.00013931806225777037,0.9639382242853775
33,0.0011218592615323774,0.0002861320299630203,3.385561394175805e-05,3.828371378578859e-05,0.9985198693807771
34,0.0003763580922418932,0.00033729211490052475,3.283657883400223e-06,8.266941664505269e-05,0.9992003967183293
35,0.0009559827744161349,0.0011767985508664982,6.2631461703234935e-06,0.00019116148588376985,0.9976697940426633
36,0.005050310377835061,0.0018621427448971826,6.596428946644518e-05,0.0005402578127115615,0.9924813247750898
37,0.006965035179238457,0.001226475612537428,3.969699076434518e-05,0.0015748391694172478,0.9901939530480426
38,0.05309506431925575,0.002582361343169598,5.1473311604354766e-05,0.0032122176071046195,0.9410588834188658
39,0.34927352413067814,0.07385750398833023,0.0003398828309579264,0.011114730452647058,0.5654143585973866
40,0.723625369054288,0.08179242415137473,0.00019495508890873415,0.040902491124137255,0.15348476058129118
41,0.3686907012325175,0.06338428476796142,0.00015641501902512186,0.1672389428663662,0.4005296561141297
42,0.33120348661888926,0.13567295072279983,0.0002842615129228287,0.2583968808144294,0.2744424203309587
43,0.21736263566911754,0.13960735608363617,0.0004217161375138262,0.34147840422778053,0.301129887881952
44,0.3481224397812168,0.17487566968806018,0.0003072743282862063,0.37258182615544,0.1041127900469968
45,0.3995773562401455,0.14266509005002,0.00018395838805429447,0.3399889575580413,0.11758463776373881
46,0.3667568713355007,0.06284602077243061,5.908863175264719e-05,0.23016218768590913,0.3401758315744069
47,0.3192184374726343,0.11537197060534239,0.0001913575520759342,0.0848443751191908,0.4803738592507566
48,0.41172518911415523,0.06859924504903273,0.00019101729392361803,0.09901296280847548,0.42047158573441296
49,0.5752624599150231,0.07783412158611054,0.0004894527746338762,0.03691375568669466,0.30950021003753786
50,0.07200474283100725,0.015966594935907946,0.5410429626573229,0.0030726488519912743,0.3679130507237706
51,0.00710098312565612,0.006526388402875969,0.0037865047074999297,1.6048485446969433e-05,0.9825700752785211
52,0.00401514176768265,0.002590501367759915,2.521303575492846e-05,0.0004145751544517376,0.9929545686743508
53,0.002805656039335277,0.006277445816926421,7.431854909617912e-05,0.00022375645541671923,0.9906188231392254
54,0.004672239237981612,0.00294754844013837,1.198443842963409e-05,0.0011073005272122728,0.9912609273562382
55,0.0024910542953651377,0.01356114258673269,0.0004036022614391567,0.00010713911502361592,0.9834370617414395
56,0.010799892860618983,0.03219808104734426,0.00031369415684633756,0.00030235430255658554,0.9563859776326339
57,0.006628042348307783,0.0028311434265521408,3.4122246339356414e-05,0.00038424797037642027,0.9901224440084244
58,0.07963065540811366,0.01459647113792816,3.710212965304377e-05,0.006764416700387585,0.8989713546239175
59,0.12604942508112899,0.03600771090718065,4.83699603921314e-05,0.0035254833310632895,0.834369010720235
60,0.017756739494454735,0.0024523262211722753,1.1995257895074002e-05,0.000958149750897821,0.9788207892755801
61,0.006922167044032734,0.01793576134070246,0.0001508319767571278,0.000632778262927082,0.9743584613755806
62,0.001038812304194493,0.0028772510929668434,9.718567295480517e-05,0.0001188276114223304,0.9958679233184616
63,0.00634146582854698,0.0033205617245239774,0.0001649815746005125,0.00046006506213532467,0.9897129258101932
64,0.0037966689423290737,0.002717596281821403,0.0010839837590917386,0.0001353684944781075,0.9922663825222796
65,0.0008008020456611327,0.000207215481081866,3.1928304840346616e-06,3.599951682506973e-05,0.998952790125948
66,0.01886991062925972,0.000977182758602669,5.227155059922495e-06,0.00018636305544453906,0.9799613164016331
67,0.02576777305992981,0.001048849165478349,5.4649610633231965e-06,0.00024503767915104376,0.9729328751343775
68,0.2647125025483147,0.007828487405940766,7.450749390253559e-06,0.0010243494945628459,0.7264272098017915
69,0.44180051314908975,0.018436924274651833,2.8293362656306984e-05,0.008395528746772392,0.5313387404668297
70,0.5245161393569742,0.07670518126161933,6.169284615503852e-05,0.040466498264978105,0.3582504882702733
71,0.3199876110324138,0.08582961450775514,0.00013323080873917673,0.12352848204833103,0.4705210616027608
72,0.29376164613368294,0.2559926602407093,0.0003746387333292851,0.23162672704329085,0.21824432784898745
73,0.2092645603612424,0.3125008069206562,0.0005221033813873984,0.30810089976340244,0.16961162957331155
74,0.23396742092772507,0.17235122958024615,0.00012393193900420485,0.40327634281784175,0.19028107473518288
75,0.2816897907044664,0.07679768850625082,7.750174652960277e-05,0.38492399875446576,0.2565110202882874
76,0.35867746744657136,0.13200719970313687,0.00013137811445522446,0.30061538720550013,0.2085685675303366
77,0.45995843785312096,0.1281367687016715,0.00014027775808337728,0.2119163122906942,0.19984820339643003
78,0.2595676166271137,0.6077514884978239,0.0021813533995849537,0.06974742859044447,0.06075211288503308
79,0.37100951413440153,0.1144539287628295,0.00018306331636781128,0.40798654468798407,0.10636694909841708
80,0.03358336264202436,0.8919694567046416,0.02413451606988983,0.012248130468461859,0.038064534114982375
81,0.08067829749321978,0.7541246307468102,0.0011483080458629042,0.13415212397828014,0.029896639735826812
82,0.1239801654876012,0.49406340953516104,0.0005859072290603711,0.3277303017056316,0.053640216042545735
83,0.14983907643190048,0.353019332621072,0.000311236624784497,0.41414120738054233,0.08268914694170086
84,0.4144394224910194,0.3778141501914371,0.0005668399528631026,0.16629417925183124,0.040885408112849235
85,0.3737245886155666,0.45466725540152675,0.001363709858382435,0.09831931891827936,0.07192512720624494
86,0.15454298570012703,0.7089359174385174,0.0021776739697968468,0.051422127172588115,0.08292129571897067
87,0.061705466749251814,0.8637467907148767,0.007863941705375865,0.0192098679271434,0.04747393290335209
88,0.30932929467991627,0.4650686798315024,0.0003142448982934688,0.16085179981808542,0.06443598077220233
89,0.09345659621398651,0.7456724839182824,0.001977583145541668,0.13227557779203242,0.02661775893015694
90,0.15223173411097254,0.6766893046006612,0.00293011617746291,0.05084108485530925,0.11730776025559418
91,0.3343466858640215,0.24604571778287532,0.0005128635114163539,0.38424236801445094,0.03485236482723588
92,0.09876058304014329,0.7524508293690845,0.004757456723823881,0.10849636396352463,0.035534766903423616
93,0.23431998017265618,0.6179678389411122,0.0007844296098531515,0.10888855428035864,0.03803919699601978
94,0.5611397627642132,0.2947726927440529,0.00038518368272784945,0.08764393633294562,0.05605842447606049
95,0.08617646812763458,0.8841801948943814,0.004322354747611404,0.012979531793832186,0.012341450436540316
96,0.413131513051034,0.43475609438404733,0.0006298076843329214,0.07164934046653987,0.0798332444140459
97,0.1875604840546517,0.7753218631162084,0.0016079992120908001,0.02012194992956172,0.015387703687487413
98,0.036399699136295156,0.9287169315617281,0.019299741102973236,0.005540213290351114,0.010043414908652397
99,0.02065576367885751,0.9495939051904833,0.010124793371491147,0.009647655611682336,0.00997788214748573
100,0.022081365366323605,0.14180391959063499,0.006162446939224113,0.0028566397060336237,0.8270956283977837
101,0.1473984288470636,0.0951507273045743,0.0002097151493860543,0.040778275199517856,0.7164628534994583
102,0.29516868147014,0.19687380977681396,0.0005809960617061758,0.08294386147020055,0.42443265122113927
103,0.41303817925711517,0.13782550754412612,0.0003350065829972601,0.05453855586188632,0.39426275075387507
104,0.70543203276844,0.06436944664123971,5.4142824131975985e-05,0.16179863310040576,0.06834574466578261
105,0.3655011857229998,0.37535235239644404,0.0005898880467645521,0.14978700404472647,0.10876956978906521
106,0.3098709580922026,0.15055041191495805,0.0008034842092856987,0.4663210728313927,0.07245407295216093
107,0.320303245607627,0.27950032916412926,0.0003163602016060777,0.27915728034907344,0.12072278467756418
108,0.15300540546462282,0.43186850133514704,0.0008769141527498822,0.39137283019194896,0.022876348855531282
109,0.414704726158866,0.2752720127389181,0.0002457930356029857,0.17596482412228065,0.13381264394433226
110,0.32319301022029484,0.43193349714990065,0.000793747541252848,0.16777694934145435,0.07630279574709722
111,0.2302838155584712,0.6203154694069853,0.0008369989295720883,0.11026310833246872,0.03830060777250257
112,0.178915906565383,0.7334242327464575,0.0051150775094490186,0.04228988008971102,0.04025490308899947
113,0.08411870717132189,0.87304594885189,0.0012630222143195271,0.023695037436956425,0.017877284325511937
114,0.038038937637594486,0.8563796075567564,0.07106104487783589,0.011771951505791394,0.022748458422021944
115,0.3131451751190985,0.529869767549174,0.0020771046903260053,0.06463952269584963,0.09026842994555179
116,0.2687332742365598,0.509804786744406,0.004924571647979467,0.09718558529994814,0.11935178207110667
117,0.07536490106908532,0.8714043061290322,0.030192647290303798,0.0029174420177735688,0.020120703493805334
118,0.4232144524462282,0.47007147083911793,0.000506371919278672,0.06204748174713774,0.04416022304823765
119,0.19720979316489226,0.6551739243909334,0.0029672432962583283,0.1084355763595317,0.03621346278838437
120,0.11716311945675988,0.08106780168598358,0.007914473091871712,0.012174921711230541,0.7816796840541542
121,0.3756208360054089,0.24993845973399145,0.001025907524162456,0.1912704962862464,0.18214430045019075
122,0.4338056278460436,0.29043329404003637,0.0007316082642926059,0.21580611336468225,0.05922335648494527
123,0.2895934875980686,0.26860773585874875,0.000618981966346373,0.07509116614460767,0.36608862843222856
124,0.29139270725503114,0.567051673024304,0.0005568237472189547,0.06808593838130285,0.07291285759214305
125,0.4198169279551986,0.32838980624172237,0.000396584751805198,0.18939307146016354,0.06200360959111041
126,0.23863100814742866,0.21308706202793998,0.0020210037632966086,0.08240976867092195,0.46385115739041277
127,0.46300311287062024,0.21245046104298457,9.42545682407339e-05,0.129015583113417,0.19543658840473757
128,0.4336870509148896,0.33750750438417354,0.0006594755455690854,0.16463868077681187,0.06350728837855599
129,0.2678943759184066,0.5313681961843885,0.002274236655602319,0.05006890619879705,0.14839428504280555
130,0.33242164875513225,0.5991807772452974,0.0011010848025225892,0.038296547475700195,0.028999941721347552
131,0.3231767491028009,0.6277299571134346,0.002858492944025224,0.027159768851972382,0.01907503198776681
132,0.12522629020191475,0.8505241217595444,0.002433798603091029,0.013177852411606012,0.008637937023843842
133,0.42023280100807203,0.5213597915326815,0.00193986101722918,0.014784359207129533,0.04168318723488776
134,0.03399009016801802,0.9135074681891654,0.04277980889525861,0.00415036677932882,0.005572265968229212
135,0.11700182595110879,0.8144596620222394,0.03199036864605219,0.0029251911526995806,0.033622952227899974
136,0.026510586146240234,0.946282811009653,0.021420299036953413,0.0010265408678922154,0.004759762939261141
137,0.02111850684749901,0.9516053475846972,0.021032989906944816,0.0013974148089875363,0.004845740851871529
138,0.010076447078301657,0.6393380822722515,0.34702753537781755,0.00020665288383521,0.0033512823877940587
139,0.022366681860655848,0.9522526358943673,0.022223886637331297,0.00039457920118826244,0.002762216406457384
140,0.0060701603970182635,0.8264577864246618,0.1653599043789128,0.00011499704326722061,0.0019971517561397467
141,0.00391056583021343,0.41289347716657443,0.5816495560476509,6.342824901275099e-05,0.0014829727065485193
142,0.0017857198292770544,0.2916876039727277,0.7054696855283964,4.829696574813207e-05,0.0010086937038507366
143,0.0014457508765294766,0.18573979683657804,0.8119151440506329,3.775329560096496e-05,0.0008615549406586005
144,0.0026393592211711903,0.4118834484315661,0.583874979350983,9.582380088946326e-05,0.0015063891953901397
145,0.003461603289002371,0.2655218127329283,0.7293111593266745,6.701573964595968e-05,0.0016384089117488546
146,0.004908369719375692,0.5882731235289979,0.40390652774375757,0.00018071168962075526,0.0027312673182480086
147,0.0012167020831338239,0.4628616767173302,0.5343173184224922,4.7153210440211935e-05,0.001557149566603473
148,0.0015430591591293079,0.19873700146264303,0.7982222381738662,6.891965572848533e-05,0.0014287815486329386
149,0.0013757030820469827,0.10857994885681413,0.8894576381319261,4.8261000372527514e-05,0.0005384489288401657
150,0.0008555639587220348,0.17810752809576086,0.8203365614506221,5.0584472682871376e-05,0.0006497620222121525
151,0.0008631970197484355,0.13374662840276202,0.8641542718065521,9.456873951211193e-05,0.0011413340314250827
152,0.0007662324438546678,0.12434056972639355,0.8740401490348245,4.4866891587134e-05,0.0008081819033402287
153,0.0005567873098698915,0.08449619340015944,0.9145402508771889,2.33415122702215e-05,0.00038342690051143584
154,0.00046740316390536424,0.08515968423477205,0.9139836538673015,2.9763234549996277e-05,0.00035949549947112916
155,0.0007274029106011774,0.08152163994783433,0.9172384713223968,5.016968179367744e-05,0.00046231613737386114
156,0.0009281372289121895,0.06930030745495754,0.9292636644835996,5.709122252341187e-05,0.0004507996100072774
157,0.0007582404340814996,0.20933172221987859,0.7889028833364496,6.683048650348329e-05,0.000940323523086731
158,0.0004363489945552852,0.05724643422523882,0.9416418472597504,3.360229622701298e-05,0.0006417672242283221
159,0.00044659425688022464,0.05292164374733898,0.946363455542912,1.361366293967729e-05,0.00025469278992893416
160,0.0003804600141989651,0.0411687820488749,0.9574112073551486,2.9589722448219287e-05,0.0010099608593292276
161,0.0003147709535295776,0.027911186194502356,0.9713809086008043,2.0455057584205396e-05,0.00037267919357946415
162,0.0004961312114852454,0.027360501562110052,0.9714162604969602,2.8156516735251162e-05,0.0006989502127093798
163,0.0006582263648713667,0.03293441217798208,0.9650254662805703,4.764954053740905e-05,0.0013342456360387952
164,0.0018454429568499516,0.12440624776073331,0.8725005870676822,9.179763418700455e-05,0.001155924580547442
165,0.00019130104864632954,0.052240472259133496,0.9472199054969384,1.4481183345258904e-05,0.00033384001193664326
166,0.0017460989678527938,0.1999599907422075,0.7966771929364969,0.00012242737442241032,0.0014942899790204452
167,0.0006116826841065393,0.06957551032248978,0.9293280873505643,3.289866719672966e-05,0.000451820975642616
168,0.00031464989157112044,0.04174643868962598,0.9574395123911563,3.0944657164852125e-05,0.0004684543704816864
169,0.0007557889873560907,0.05829767033078121,0.940220867774989,3.711118161082361e-05,0.0006885617252628516
170,0.0007336129499921229,0.04359909466962298,0.9545860734009842,2.578679595132283e-05,0.0010554321834493955
171,0.0006490113722453357,0.042089765918709915,0.9565256575953675,2.0058562173139007e-05,0.0007155065515041043
172,0.00037044900264847044,0.029211020075407615,0.9695509039168551,3.281089264555028e-05,0.0008348161124435479
173,0.0016897753125966611,0.13219912526582667,0.8631926863037577,0.0001241009178821891,0.0027943121999367167
174,0.0026989089301405473,0.13040243360612663,0.8642741832890679,0.0001796246637486874,0.002444849510916283
175,0.000433648463240265,0.03287817711332937,0.9656699409226784,6.172917424456752e-05,0.0009565043265073746
176,0.0032935098786083562,0.1112935637153238,0.8839543236319748,0.00015601563056041334,0.0013025871435325817
177,0.00025773832418602414,0.04482184703757868,0.9544041211374403,2.7474650417482946e-05,0.0004888188503774127
178,0.0007266404136118031,0.052439168532666884,0.9456549294778033,4.8854002444471685e-05,0.001130407573473483
179,0.0008499151334847449,0.0736405276739757,0.9242714168410002,9.327513154619369e-05,0.001144865219993275
180,0.00042196100172697126,0.027014612411158243,0.9717802139020881,6.980674548411697e-05,0.0007134059395425986
181,0.0007493004994547956,0.055238683047930705,0.9428583606223874,0.00012278700573489866,0.0010308688244921084
182,0.0008101847635016133,0.0506157929832944,0.9475989890490578,0.00015914334229847257,0.0008158898618476409
183,0.0006339750846148614,0.06239876661242036,0.9358120631624371,0.00022087757783296384,0.0009343175626947002
184,0.002355499056843422,0.0925265168009583,0.9029275968746963,0.00032841624235301726,0.001861971025148936
185,0.014045495095475384,0.4404590747846502,0.5382212124196118,0.0025191107256317393,0.004755106974630837
186,0.00611783329683531,0.2146763943481286,0.7727873133775577,0.0007052920157709019,0.005713166961707516
187,0.003292020410080588,0.21632391643823662,0.7752093629451731,0.0008411389576124179,0.004333561248897284
188,0.010851887177192354,0.6463502692227227,0.3369763253786876,0.001928517522732798,0.0038930006986645977
189,0.01416202123005765,0.6428376156540915,0.3292736794239476,0.005638614958140656,0.008088068733762624
190,0.029114686187952297,0.8278918507458662,0.12954930187092045,0.00587967461796241,0.007564486577298698
191,0.0209719938489235,0.6338973334561061,0.3221098579238253,0.005903668742740512,0.01711714602840453
192,0.04989938089092482,0.7396784916785596,0.17314653600794055,0.013326955655518856,0.023948635767056182
193,0.10677715360322257,0.6991549598151613,0.056864161560866024,0.017363918025821483,0.11983980699492852
194,0.08884520224717982,0.7900846998777251,0.06027070397749738,0.028514210462039107,0.03228518343555868
195,0.11629488611870158,0.8213498164166173,0.022303107579185345,0.014694657694606943,0.025357532190888824
196,0.166662196064902,0.5323304913879987,0.010855972101462417,0.04020890649352675,0.2499424339521101
197,0.19290296504308788,0.6819163726654187,0.045203260227765746,0.02577197325164958,0.054205428812078044
198,0.14378089081795933,0.7550312420811639,0.06735250889342304,0.015574713712285405,0.018260644495168416
199,0.20989130092654576,0.6668834238828607,0.06801322803007753,0.024633697789672844,0.030578349370843305
200,0.2174425206717882,0.5956077383619226,0.0168741543647864,0.03176848525797458,0.13830710134352825
201,0.5140344540115062,0.4425451284553976,0.008122822157579776,0.009874553160775543,0.025423042214740864
202,0.31709015377683847,0.6137442773308056,0.021018478142335,0.010987392526042545,0.03715969822397837
203,0.3567184585875991,0.5994576804627526,0.013352522997308441,0.006079200910970136,0.02439213704136972
204,0.3016239090069193,0.6395057583855355,0.01728966454335233,0.005666510911914021,0.035914157152278935
205,0.18806942811990374,0.7859213107950679,0.004201018724620452,0.005692366606110245,0.016115875754297602
206,0.07887725712897406,0.8720654491078966,0.04112141393886494,0.0033263757749446227,0.004609504049319613
207,0.14833091419638703,0.8137296619683315,0.02384706096231752,0.004084794394152749,0.010007568478811103
208,0.06017451918084143,0.9130968004169568,0.012415637915858063,0.0036314613399621616,0.010681581146381593
209,0.06419296121155647,0.8730017312269088,0.04115268111512206,0.004252276205643971,0.01740035024076875
210,0.14886504720595528,0.8158298031876992,0.02269636971088452,0.002723693056518075,0.009885086838943008
211,0.048425567737698454,0.861761669033775,0.0733756112412781,0.0025566439809175095,0.013880508006330994
212,0.0222066768241878,0.9056251024655954,0.05249154151239432,0.002036921777789965,0.017639757420032584
213,0.03228850630836807,0.8088707662032983,0.14513383343132966,0.0013710678721427277,0.01233582618486117
214,0.05802566683193073,0.9169531518670575,0.013036367360333569,0.005414170164777317,0.006570643775900928
215,0.045443160970404274,0.8740287219090209,0.07104262962206358,0.002733359794616876,0.006752127703894369
216,0.04822086672446684,0.8268603100462895,0.1049320804115022,0.006224057788970329,0.01376268502877123
217,0.0582739541051268,0.8406185274559227,0.06458423992826336,0.015339595531663097,0.02118368297902419
218,0.1749657369682736,0.7173052580175084,0.02778946737576823,0.04284429319232367,0.03709524444612616
219,0.1777492805960524,0.6891270393553761,0.05736710101933568,0.015049137289486435,0.06070744173974933
220,0.07256223024861072,0.8865288745566862,0.017949481024473888,0.006486706468804691,0.016472707701424585
221,0.1781357062820512,0.7305584689550034,0.0074224652247404784,0.06437228905071592,0.01951107048748912
222,0.09326674079040233,0.7851579732270063,0.003889646843843919,0.0954457555509427,0.022239883587804658
223,0.15976548115165906,0.6234898780299247,0.02144006753663704,0.03139313482075204,0.16391143846102724
224,0.17108356810273814,0.5445994571645694,0.02279563699132854,0.04486271652915571,0.21665862121220825
225,0.21147845351108502,0.49953734681783396,0.010333694271718721,0.019114127703190053,0.25953637769617227
226,0.6079652261479168,0.11288623484734567,0.0029536777827145937,0.09785283042896604,0.17834203079305688
227,0.12595790821706732,0.571392292587771,0.03969077230868829,0.1485707516372921,0.11438827524918131
228,0.33031193804190606,0.42380352314686837,0.032932718535258865,0.06736748196047708,0.14558433831548961
229,0.21224098382931572,0.297832834876259,0.029355025067806555,0.11876021571837989,0.3418109405082388
230,0.2435393611391047,0.3207395196351975,0.013215628946647514,0.2447795788404178,0.17772591143863253
231,0.15185675412693175,0.43963139116809014,0.008888469169727766,0.2824398290915166,0.11718355644373374
232,0.14152696379152965,0.17680958110151035,0.009296196109334362,0.04206733141162511,0.6302999275860006
233,0.3186856163235186,0.26506111247012054,0.0045385759757933936,0.03749739073804985,0.37421730449251756
234,0.23087183712487658,0.5834130812573671,0.007467102289712689,0.10493658312888043,0.073311396199163
235,0.23509668515358276,0.4061179096492295,0.08946198950108081,0.026592077953917898,0.24273133774218922
236,0.18823437526854808,0.543010617554964,0.010179364367391227,0.03751367346212972,0.22106196934696712
237,0.125323743435587,0.4913135762912406,0.016246220957316232,0.0364510890968028,0.3306653702190533
238,0.10944970051472225,0.7593739348062672,0.05806266070716506,0.02640416941023239,0.04670953456161308
239,0.11584004768374415,0.6609570526727052,0.049256946063882,0.026909470737699042,0.1470364828419697
240,0.4121609448489414,0.5148139746458912,0.03549583633046015,0.008236642693019235,0.029292601481688135
241,0.42397073756892534,0.41586126495101533,0.03298375186004728,0.017113358102408705,0.11007088751760338
242,0.34534364450002447,0.5767463674789923,0.010708987131363687,0.01574358383955452,0.051457417050065006
243,0.30470914582495906,0.6254633927557841,0.022208906052095998,0.0051637153640971,0.04245484000306382
244,0.05348812409578377,0.15504721523678,0.016930527845909118,0.0027518520181080753,0.771782280803419
245,0.25911534518586865,0.2548707184380838,0.02119097912554244,0.004973494278469298,0.459849462972036
246,0.2710772855081176,0.5438203154434854,0.01033628035021487,0.0054921915391601215,0.16927392715902195
247,0.04593146969610404,0.3096503088557406,0.023060280618419766,0.016154959427925178,0.6052029814018104
248,0.2902074087999007,0.4802284493492015,0.013660786295487507,0.01338970713045621,0.20251364842495403
249,0.04341595902881615,0.059682403546595805,0.012653205704757203,0.007489792205852673,0.8767586395139783
250,0.0866358401626298,0.05667993048179243,0.010016859175560944,0.005248810969555107,0.8414185592104616
251,0.029369935209179257,0.07718917546509473,0.0014840254708366287,0.0008423159725532923,0.8911145478823361
252,0.0015564316976153128,0.004473438363019255,0.0003793623286399901,0.001374562372624249,0.9922162052381013
253,0.0075606440927173035,0.012386078399976446,0.0002129123948494985,0.0017619040282292474,0.9780784610842275
254,0.0053513221803003375,0.011819992351876148,0.0004791366034106074,0.0008146169647543973,0.9815349318996586
255,0.005365763204165418,0.013648879274590891,0.00048773231743481243,0.0007384555904768074,0.9797591696133321
256,0.0031810291468395194,0.010372150621452391,0.00032567912193713584,0.0008648408331230896,0.9852563002766478
257,0.003826942285475095,0.0065344906657137675,0.0016378320814106684,0.0005415331601647217,0.9874592018072357
258,0.0016287262186872402,0.0013777392670893797,0.0001624125399637038,0.00013089839834450832,0.9967002235759153
259,0.010390832595007239,0.006074244289212551,0.0003456458914616554,0.0002906062340703457,0.9828986709902481
260,0.01938159525235607,0.033195112560448145,0.0006252035295634065,0.0006305850620565186,0.9461675035955759
261,0.00637273484649578,0.012120558798341811,8.123410638869106e-05,0.0023204527354173483,0.9791050195133564
262,0.032894925882277035,0.0699121871133171,0.0027096582181396003,0.004114398056924232,0.890368830729342
263,0.05141308444655823,0.03203930650111883,0.0010998956081474023,0.004641404251823485,0.9108063091923521
264,0.1298549141174307,0.22651367516909302,0.013183344098277516,0.006983843732345256,0.6234642228828536
265,0.22039619976722002,0.6199730615841749,0.012676569868661234,0.015694371790602436,0.13125979698934143
266,0.11536209261380588,0.725003517718423,0.007849085653738359,0.011167963130843568,0.14061734088318906
267,0.10735743355102034,0.7081554489547017,0.03929393275403358,0.016732865064957053,0.1284603196752872
268,0.10339173685265508,0.7117378124778037,0.01540109974628441,0.01673123243406256,0.15273811848919439
269,0.20998428047000198,0.6929580740270298,0.014701286060605926,0.032372788831967814,0.04998357061039455
270,0.06177309459690821,0.8260872351224257,0.05847921378622322,0.040186940916243544,0.01347351557819952
271,0.32908177232863256,0.5329365653823716,0.0015996107967642486,0.10782813666670023,0.028553914825531494
272,0.22221884254171745,0.6060280752567537,0.00388073531753906,0.057494841470536094,0.11037750541345372
273,0.13920312285280828,0.7678659051024785,0.004932506526483156,0.052802464545810834,0.03519600097241926
274,0.2022472547365337,0.6114985396000115,0.004695583275549526,0.15468917214924602,0.026869450238659266
275,0.11031529640833962,0.7200446562181834,0.010667640410089668,0.13025150546984937,0.028720901493537863
276,0.1249094221064955,0.5707604592724563,0.003957218454562581,0.26630919313532486,0.03406370703116076
277,0.1565893703804635,0.09029333722139272,0.000698816059448216,0.1178201228703013,0.6345983534683942
278,0.37397910796269246,0.3834520233224488,0.00046192366970061884,0.11873623116510885,0.1233707138800492
279,0.3227388656020745,0.4889023551037776,0.0032751488190012534,0.13140111042247285,0.05368252005267387
280,0.4215737076098079,0.27060855208065177,0.0005792377657177343,0.25482938762120816,0.05240911492261443
281,0.09965507691351409,0.6924740724804195,0.003601375660794862,0.1745181656568782,0.029751309288393268
282,0.08861781903886914,0.6564592271704699,0.0013938389097552905,0.2412561154386665,0.01227299944223915
283,0.2082769118888563,0.40187134342977554,0.0019488543839906451,0.35006980135537386,0.03783308894200367
284,0.12656557392409365,0.5782905692978499,0.010010250172351323,0.18708754323580618,0.0980460633698989
285,0.26259754456024653,0.5560391457611261,0.001283982115538889,0.1253931362191583,0.05468619134393018
286,0.20067443068992238,0.6884948544834398,0.0016589743555377949,0.09872092872499388,0.01045081174610617
287,0.2028599761558982,0.5722071437575013,0.0037203453822653035,0.11381820661636498,0.10739432808797018
288,0.17591302640184403,0.709537629813621,0.001394661666378411,0.10510656265922823,0.008048119458928207
289,0.06342762530933402,0.7828574296291413,0.018662699300720703,0.12049947191761758,0.014552773843186517
290,0.11841608229434115,0.7207266800863101,0.005974325053507833,0.13153541308897407,0.023347499476866873
291,0.04096710133185972,0.7269011739156256,0.014673812510039479,0.2105037220216594,0.006954190220815865
292,0.0767958938516361,0.6767313027395233,0.0014070491782459402,0.23578043631877724,0.009285317911817397
293,0.1848398816630065,0.5482168362064038,0.0008699989860037005,0.2579831029057349,0.008090180238851037
294,0.13224772234733428,0.7816944917213049,0.009305111838628507,0.0646336791177335,0.012118994974998699
295,0.1410421315416695,0.6258881841495467,0.004801020342857939,0.19102393985276964,0.03724472411315616
296,0.28802920812845295,0.348377170317042,0.0003996655199653787,0.30859932958338115,0.05459462645115851
297,0.37636650762907253,0.21442986251532714,0.0019419891986257798,0.3618008450716433,0.045460795585331275
298,0.5195701887243808,0.1810299425153214,0.014553665806847011,0.20746788515641756,0.07737831779703329
299,0.3725122002382489,0.16550965146448163,0.00716817642738907,0.0638035603923001,0.3910064114775802
300,0.17078245095853217,0.030634201390321344,0.0010869499248341355,0.03442074365909377,0.7630756540672184
301,0.31831125715077874,0.12126749471000807,0.0009239395856066281,0.02854330056551727,0.5309540079880893
302,0.5495063249219344,0.14492618230658755,0.002555810356904847,0.03655345774319129,0.26645822467138175
303,0.012479166277493849,0.012174600840986158,0.0015819633423364153,0.0011600675347693112,0.9726042020044142
304,0.5216666478104584,0.09368527996311055,0.002444373582668684,0.023738939469756064,0.35846475917400633
305,0.1667182016899307,0.20881234120659267,0.030218915854220894,0.006175444267756672,0.5880750969814991
306,0.2598955704463613,0.5765222739196387,0.026066868630965887,0.0066704409619754755,0.1308448460410585
307,0.2659739972139993,0.5099230831029115,0.1131175134339953,0.037019892485531586,0.0739655137635624
308,0.16559786302795337,0.4042500591711311,0.2377359591174999,0.027012207645103804,0.1654039110383119
309,0.36692401652514967,0.26839246915757436,0.0018287813460960986,0.20773655859290507,0.15511817437827488
310,0.3124485463552495,0.4645140284333975,0.013109231088773697,0.1308204516072698,0.07910774251530957
311,0.3578428737164724,0.2887316839913874,0.006304255655503094,0.13685198848874675,0.21026919814789038
312,0.40312091774178205,0.33003042554724277,0.014723983309958341,0.08435202309952848,0.16777265030148825
313,0.3876769778273123,0.3605479207183155,0.02291129210922119,0.060441461853703055,0.1684223474914481
314,0.342955594412927,0.5420980400490795,0.03780062397702679,0.048330896008175035,0.02881484555279171
315,0.11507380634072667,0.8175456727881283,0.011004622058130617,0.03866182315541404,0.017714075657600366
316,0.175319199807396,0.7244901678905546,0.006028023071412356,0.07355755321323133,0.020605056017405685
317,0.07112338958980767,0.8283996897440081,0.044005104175394515,0.03340312240938557,0.023068694081404384
318,0.16783713400340985,0.41866779256090564,0.010084764274779985,0.03661257462336756,0.36679773453753706
319,0.23957362237176347,0.6342628759775247,0.0021114291532972076,0.10636562524658318,0.01768644725083132
320,0.14319825800241,0.7716052721599543,0.04587827699167831,0.023467421131527506,0.015850771714429834
321,0.4237526011756491,0.5114008513040912,0.00116864682402669,0.046623956308268315,0.017053944387964665
322,0.0972676331418606,0.8375330939889706,0.02004134755720949,0.01273389373649567,0.03242403157546383
323,0.03898958395434892,0.7216910702987415,0.12293265266280187,0.006841504017412719,0.10954518906669505
324,0.35981178258354407,0.5589335555963723,0.005875794709748763,0.046919002262453505,0.02845986484788145
325,0.11494067298626594,0.7287470295365629,0.05976893229127571,0.028853766951855413,0.06768959823403997
326,0.13456150507873163,0.6425148898974441,0.19063357262513625,0.01316086484419131,0.019129167554496587
327,0.06650248009728266,0.6297558919427836,0.2808986793840789,0.009035444789982179,0.013807503785872723
328,0.08182204608541993,0.6415883345407467,0.17070894850545795,0.014858600954655138,0.09102206991372025
329,0.3138525710212932,0.5020728760624606,0.058482180281409175,0.034327219404486076,0.09126515323035092
330,0.25567826627673274,0.6757208764328216,0.029468857859333262,0.028605823845035554,0.010526175586076837
331,0.0326113252979217,0.2930723982273962,0.6629990271514706,0.0021132732118847464,0.009203976111326579
332,0.7267621415632313,0.18188625236698583,0.0018316886211608944,0.014869529222716648,0.07465038822590526
333,0.27965956747337695,0.6141364126768,0.050798709041845004,0.01693844305094873,0.03846686775702949
334,0.38493565312814015,0.5577659051315492,0.015574938590546886,0.013277727713450966,0.028445775436312905
335,0.2560739423876168,0.6671624418972246,0.04861906380860253,0.0029197475753871736,0.025224804331168815
336,0.05182710679651278,0.7842535252395664,0.15749008861992198,0.0016139376793274617,0.004815341664671407
337,0.09304143776509309,0.8314071354309593,0.0343631012671011,0.0033095958275695422,0.03787872970927697
338,0.0805026687098794,0.8195631189209241,0.074717967375003,0.0025791730740178376,0.02263707192017548
339,0.08083959243998862,0.8570036500585557,0.04012690704065557,0.0014915178724095117,0.020538332588390495
340,0.022008031635858124,0.7010962907016138,0.26962515256796715,0.0004801539822667752,0.0067903711122940255
341,0.014769359609412601,0.7323456892194817,0.24420498858794756,0.00044876544252474054,0.00823119714063325
342,0.018371127901780082,0.7246471333849805,0.248361260933542,0.00038162489771600164,0.008238852881981411
343,0.006673149853273648,0.6027878444794894,0.3855188206541625,0.00041420989920464403,0.004605975113869858
344,0.0045324850449686835,0.48573336040751774,0.505270869562335,0.00018128642191706987,0.004281998563261557
345,0.005836950016535602,0.3882790184153744,0.6028376594702702,0.00023877934597267659,0.00280759275184712
346,0.006425514437593106,0.47150027455856947,0.5144715233605441,0.0013035686172158784,0.006299119026077394
347,0.016482196047337378,0.7060924625603384,0.25990352841012226,0.0024007206140266146,0.015121092368175486
348,0.047888186299155866,0.8759589113928719,0.05654469604539549,0.003692209935112725,0.015915996327463995
349,0.18077841309572346,0.27264457808826514,0.011510184281592062,0.006371115463735609,0.5286957090706838
350,0.2584887965817619,0.16799967478737143,0.0011439873467676044,0.006282779232208514,0.5660847620518905
351,0.46871072847893097,0.45938231613440694,0.001424666577567333,0.03246293909915171,0.03801934970994301
352,0.34367123166688424,0.46867656866861074,0.07755354076542649,0.01540170110708192,0.09469695779199648
353,0.38411798140403386,0.3267109415136994,0.0917173487572439,0.08206972249256686,0.11538400583245596
354,0.17900249103350122,0.13833135117129605,0.11002799528010543,0.021833629674146295,0.550804532840951
355,0.4289834438253291,0.352409326777441,0.0010739879436126429,0.07301607701922817,0.14451716443438908
356,0.5152406488088265,0.21523619241199918,0.0008121840776316717,0.10334769747241856,0.16536327722912417
357,0.4194506226879848,0.3646357209098489,0.003539309258228784,0.053324163926177004,0.1590501832177604
358,0.3868276837174782,0.42557613901044317,0.0010762021599267275,0.15508674898662927,0.031433226125522455
359,0.20922851300006756,0.6491630606943664,0.0011485192191800046,0.12451849328879645,0.015941413797589645
360,0.22213562150486302,0.5303061419585173,0.0007383794421961963,0.21868549603934057,0.02813436105508288
361,0.1534663740601763,0.6805122341734505,0.009718920323794093,0.12432150133755665,0.031980970105022294
362,0.2191429083448309,0.4507983115975172,0.002649478312490487,0.3041271651837186,0.023282136561442766
363,0.2629325352237038,0.47776640742387394,0.008343994746048383,0.19547396164898898,0.05548310095738476
364,0.14648545980885658,0.6200162243141705,0.014339780211651377,0.10560928579739921,0.11354924986792231
365,0.20778395173488898,0.669357696698146,0.0030895494845558443,0.05229815356906194,0.06747064851334711
366,0.09399983408075487,0.8403568669575541,0.001923571139589697,0.05841342447775859,0.005306303344342734
367,0.06264879147859985,0.8552080579081105,0.04326083959195265,0.02195780191889258,0.016924509102444467
368,0.1626547276168851,0.6918024522628483,0.01731359719040921,0.05614582837611724,0.07208339455374022
369,0.10053892639360366,0.8304220073592199,0.009823593152479,0.050025024186019326,0.009190448908678223
370,0.07581131856528883,0.544209996488758,0.06544183995962813,0.016787939450750057,0.29774890553557487
371,0.3360745808671007,0.3437686783502522,0.006441338430324861,0.01578850169534922,0.297926900656973
372,0.12019228743353744,0.7968049211890145,0.0155293737551597,0.006593554568048662,0.060879863054239765
373,0.11433040417755382,0.8388395354772095,0.015628885580287022,0.005879984131271277,0.025321190633678402
374,0.1940960449356965,0.728355438943577,0.01255426505456987,0.03243878572013299,0.03255546534602384
375,0.10633409304457805,0.4410192220445465,0.04121855969842044,0.008073673007570767,0.40335445220488425
376,0.45149870144323795,0.46512674533953846,0.005132764363634517,0.04047098698756793,0.037770801866021095
377,0.04990478265806097,0.5364593116127637,0.032983599822158156,0.0045405185039752,0.37611178740304196
378,0.09193394821109217,0.06258223238936264,0.0012530355410019344,0.011111738882301563,0.8331190449762418
