epoch,N1,N2,N3,R,W
0,0.0036745878038407,0.0004889381836409153,1.9753613987479425e-06,0.00022212198002652148,0.9956123766710931
1,0.0019148621192291314,0.0002631638695721626,1.947578658586826e-06,0.0001589976397403771,0.9976610287927997
2,0.002950088831607855,0.00023411851461895762,2.1219699774779697e-06,0.00022494913913112608,0.9965887215446645
3,0.003651774185420623,0.0004949952238008192,2.506879637722491e-06,0.00013564586408016852,0.9957150778470606
4,0.006645531870371425,0.0004439168671448062,3.153887051895743e-06,0.00020629377307554002,0.9927011036023564
5,0.0007981396537592997,0.00019951771427761367,1.1456588583066907e-06,6.913593277034112e-05,0.9989320610403344
6,0.007233248357142637,0.0005224001559351968,2.766978474370991e-06,0.00013613242492435765,0.9921054520835233
7,0.01929283984984671,0.0009042757784943243,5.001733132746764e-06,0.00028837908106962796,0.9795095035574566
8,0.006920983512969053,0.000722426842673363,3.4643383224911295e-06,0.0003427589495562299,0.992010366356479
9,0.016606154505436767,0.0010129238199840078,2.4967715787791144e-06,0.0006654508908561467,0.9817129740121443
10,0.007914034039490864,0.0009100981302829248,4.359574651336374e-06,0.0004857284826008012,0.9906857797729741
11,0.004307584012296582,0.0006863360341771058,2.8147297376806165e-06,0.0002930279591931587,0.9947102372645954
12,0.014939801080287737,0.0013218287760900457,4.694235991429963e-06,0.0006523186499574567,0.9830813572576733
13,0.006813575640216811,0.0005987935429355193,2.646541182709582e-06,0.00045122828408456,0.9921337559915805
14,0.04297519324065899,0.004326937281313672,7.802939819858041e-06,0.002479841233433173,0.9502102253047743
15,0.028491457082354198,0.004354129754792517,7.370447028523856e-06,0.0025995653727110537,0.9645474773431137
16,0.018787447961063287,0.002830720218445289,8.317930951190543e-06,0.002218068103251654,0.9761554457862885
17,0.025011777345563015,0.004819930514483443,8.10727046281306e-06,0.002559478317299248,0.9676007065521915
18,0.0674973841843833,0.012490554883575965,1.5537492269754186e-05,0.00386883984825839,0.9161276835915126
19,0.060232464068901946,0.009754121934653491,1.3367073369376226e-05,0.003408592471827206,0.9265914544512479
20,0.27993980926729856,0.24752911592918503,0.00014462670748671322,0.032957894619802856,0.4394285534762268
21,0.03591131883833493,0.01868599987987493,2.4512017826104845e-05,0.010066307579255189,0.9353118616847088
22,0.07567829283967493,0.04268092457695504,4.6980997991901224e-05,0.017962457216054894,0.8636313443693233
23,0.11058007558310448,0.32728628448149,0.0004215609307608318,0.0460563238016704,0.5156557552029742
24,0.09020479723708211,0.03303870020080436,4.3977420428266524e-05,0.032917072342277635,0.8437954527994075
25,0.055818087457034864,0.0214795821745731,3.624255853050979e-05,0.018063657597706565,0.904602430212155
26,0.09210152986814779,0.039862388123016436,5.3712507321084525e-05,0.02429832890661966,0.843684040594895
27,0.21720721166558013,0.03823396226466005,3.826005857883582e-05,0.024044567194696973,0.720475998816484
28,0.040929688870996496,0.010335535746965545,1.4480654716859238e-05,0.010429856607937906,0.9382904381193831
29,0.31340649727612424,0.09154748780564848,9.292792738058945e-05,0.05652293320608764,0.5384301537847591
30,0.009453834083512035,0.00364526850427592,6.68884997907405e-05,0.00018094502076954118,0.9866530638916517
31,0.32025772324720514,0.11734899488175082,0.00012923737926712905,0.001218678507477174,0.5610453659842998
32,0.14965864632857562,0.020951194223088793,4.445777237796491e-05,0.0008837948292966134,0.8284619068466611
33,0.3311266145933832,0.6330904488671284,0.00048242753229118195,0.0005440840808811487,0.03475642492631597
34,0.513788597800435,0.3048234041737798,0.0002527824614812757,0.003319467680604728,0.17781574788369936
35,0.24956197563880364,0.7253679828342607,0.0007615551685523535,0.007923639341426172,0.016384847016956836
36,0.24678006258188984,0.6736884354351793,0.0007521718314631674,0.01696013340132232,0.06181919675014535
37,0.1529957598885252,0.8102840132708685,0.003506776223756542,0.010748529312645217,0.022464921304204622
38,0.06171541986647037,0.9039885462955086,0.007588252644562129,0.01414832216940117,0.012559459024057822
39,0.19436870465499462,0.7251487372787018,0.0012554323341337067,0.02373250712529215,0.05549461860687774
40,0.02400758940133217,0.9602731895647814,0.004835292890747842,0.002602591513970855,0.008281336629167853
41,0.2574239273115508,0.6561216648314618,0.0030670284407669415,0.016366205497188622,0.06702117391903194
42,0.033148301595694714,0.9144597393308496,0.03742759457045587,0.0013075214403168675,0.01365684306268329
43,0.11541470569230133,0.8314085975649234,0.0022081898837432177,0.01869979130326676,0.03226871555576521
44,0.19995353935255072,0.24805357247164142,0.00042381542496148486,0.017054001855982614,0.5345150708948637
45,0.13530413196753532,0.7911633634426141,0.0022122969808769134,0.007936596533732689,0.06338361107524108
46,0.021515918715234866,0.022677291936601892,0.0003612181431095741,0.00017310557811749095,0.9552724656269362
47,0.5200566811133994,0.26768404080550173,0.0007506804395854039,0.0019450646434060065,0.2095635329981074
48,0.48276771780048033,0.3098620978775416,0.00041179237424549296,0.0020572400502808187,0.20490115189745173
49,0.40841433792779286,0.5004550487197345,0.00039653828152451474,0.0006067527958530528,0.09012732227509504
50,0.26978838802344934,0.6733430583366871,0.0007486165296640226,0.0031031158487644177,0.05301682126143518
51,0.1737839232962426,0.7790413999497978,0.000542956444746953,0.0013320857218716757,0.04529963458734112
52,0.037640318425481226,0.9456521222605232,0.009310299342259885,0.00039732301195493774,0.006999936959780724
53,0.1593666645833234,0.8102316082783333,0.005941324863440412,0.0017318535222147812,0.022728548752688156
54,0.03186919122789999,0.939537106419789,0.020755576692913977,0.0001982189955238292,0.0076399066638732395
55,0.11568821549069043,0.8521940087090695,0.00832387233137562,0.003650095345210977,0.020143808123653746
56,0.010241400529867101,0.8666881475011762,0.11603128086415003,0.0001079395639413703,0.006931231540865415
57,0.045687563946566465,0.9059666641180992,0.029941323963864182,0.00021787496933298411,0.01818657300213703
58,0.04768094865856019,0.9104772650598362,0.028770692607031394,0.0004371030575501851,0.012633990617022117
59,0.17860600530159892,0.6993289303460066,0.013952400358254693,0.0011685021149413213,0.10694416187919838
60,0.12216875912182706,0.833124252427801,0.02076625660563258,0.0007580662085892085,0.023182665636150308
61,0.04218807068024633,0.9000731050126975,0.04907642011842712,0.0002530301227677368,0.00840937406586143
62,0.030302633790980596,0.9360454035365409,0.023836231551809788,0.00020617356112343914,0.009609557559545283
63,0.01909545909528539,0.9119516003917794,0.06269248364380894,0.00011540850205282655,0.006145048367073596
64,0.008232827605593757,0.5914006547127572,0.3947388069582239,0.00011635637100547413,0.005511354352419729
65,0.04860509030378492,0.8414949958244411,0.08520160398439733,0.00048335077839168445,0.024214959108985024
66,0.06920041827037039,0.7999664198396053,0.10994161458629224,0.000657015123519669,0.020234532180212254
67,0.013737819315733263,0.5891245016496964,0.38891374759208347,0.00011366058146651912,0.008110270861020365
68,0.029425607444335835,0.6794003666594046,0.280599887988022,0.0001649604835252944,0.010409177424712143
69,0.07251667623643794,0.7976954791892803,0.10387307148266123,0.00043934654373345606,0.025475426547887044
70,0.01118446890473934,0.7460464111706955,0.23538532842206897,0.00014359674781520978,0.007240194754680933
71,0.035825373724294306,0.794683781014896,0.1537117471329604,0.0002776823477217698,0.015501415780127491
72,0.015741646343029474,0.6155135015982116,0.3610899786834053,0.00013401083052537672,0.007520862544828339
73,0.0029116696887264023,0.343443762314204,0.649930418663874,3.6565144715886166e-05,0.003677584188479941
74,0.04852876432039654,0.8052178076181511,0.09414829133285862,0.00035953194612455117,0.051745604782469146
75,0.08674233133874559,0.8108719868878348,0.08780142253274331,0.0008259438797658372,0.013758315360910505
76,0.007183119803459336,0.5532275168908088,0.43443921940927116,0.00011569191776890982,0.005034451978691726
77,0.06412326523977085,0.7918254008222231,0.12802890250847265,0.00039648738689373385,0.015625944042639665
78,0.004088858453467691,0.4236605213575953,0.567485393091529,9.589124102915378e-05,0.004669335856378798
79,0.0019578013278575713,0.15529349685719343,0.8393498779632841,5.511574002615632e-05,0.003343708111638677
80,0.00510206564003926,0.3876293903611349,0.6031073932769346,8.266913879424952e-05,0.004078481583096973
81,0.001769625497551168,0.0900047355093325,0.9049856429658264,2.8949535757154942e-05,0.00321104649153288
82,0.001044033564044115,0.08461341040682736,0.9121005604687001,2.2581432690911264e-05,0.0022194141277375084
83,0.0005879644485221562,0.0717821613334012,0.924652020107808,1.800937462883453e-05,0.00295984473563999
84,0.0008566591224862609,0.0368345559407092,0.9591714562141394,1.4295840338127223e-05,0.0031230328823270924
85,0.005535624689518115,0.22217305845289043,0.7635396972809709,7.301554078820764e-05,0.00867860403583225
86,0.0014601256882318578,0.07396262551429461,0.9220494585247981,3.348990603023859e-05,0.002494300366645307
87,0.0014506598859416314,0.09381444503710801,0.9020723666866458,4.286532642575223e-05,0.002619663063878704
88,0.0016252769006471672,0.06337712814254,0.9316988078805613,5.0228361407801006e-05,0.003248558714843979
89,0.0017514131789309667,0.13812600127625177,0.857476643166558,4.1720884877411864e-05,0.002604221493381723
90,0.0012762434857191665,0.05809260303905644,0.9368349110605437,4.689962506168923e-05,0.00374934278961903
91,0.0008396000208614242,0.10390948526951371,0.8936419417779177,3.271411964115758e-05,0.0015762588120659842
92,0.0011742869900007128,0.07456480482460459,0.9199830092216659,7.142714731287494e-05,0.004206471816416105
93,0.007632531340507716,0.17090023624916367,0.810331601724721,0.000755207024820541,0.010380423660787149
94,0.013273749418703958,0.38982579418552576,0.5853495469096022,0.002550329543323571,0.00900057994284461
95,0.013034264576921747,0.29234275419732086,0.6733561390390107,0.001956275792106748,0.019310566394639947
96,0.023354731035354074,0.016836450155130352,0.0006610052967044593,0.001209434707865927,0.9579383788049451
97,0.16927146029778609,0.10058809881411725,0.00043900109907790767,0.015890573716494667,0.713810866072524
98,0.04806847757505285,0.03644468976401283,0.00016757810554851534,0.003897795172849634,0.9114214593825363
99,0.23010288944800716,0.1182010034397806,0.0004727055489437596,0.004517440969479199,0.6467059605937893
100,0.05319086669774633,0.03231031925450624,0.0002014391291350405,0.0013929220272170268,0.9129044528913954
101,0.013413141609538716,0.004764247108289234,9.728703545476776e-06,0.0008608665345575572,0.980952016044069
102,0.15605891590549417,0.043545608096702465,6.416248762327013e-05,0.02287593229587566,0.7774553812143045
103,0.18710210355577878,0.02087380086278881,2.0896545561935395e-05,0.009527207664130555,0.78247599137174
104,0.6288118112059874,0.050835711300943026,3.593249764777086e-05,0.03012382873251472,0.29019271626290705
105,0.5453497380784745,0.09898099731256804,5.0531640041078576e-05,0.12561155495470977,0.2300071780142067
106,0.3292015588215249,0.27967101801020383,0.00018335538395987933,0.32336995306312927,0.0675741147211822
107,0.19853097222537258,0.18644456936925574,0.0001907619047232053,0.5460898841938739,0.06874381230677462
108,0.09212287682510799,0.5453890211409079,0.0005848950883397395,0.3095078437657937,0.05239536317985069
109,0.02521856044555079,0.03291402691086947,8.224861437224733e-05,0.09241223838549811,0.8493729256437094
110,0.17647465354872352,0.16044621275818224,0.00016196565049313952,0.5631056087615359,0.09981155928106512
111,0.1682505803091454,0.09740576175797758,0.0004111052331122914,0.14348005949256382,0.590452493207201
112,0.12068125812607941,0.020641032824600312,4.422551288115081e-05,0.04165073940896061,0.8169827441274786
113,0.27153172442840257,0.3032964829056125,0.00022914063148632703,0.29033258090870556,0.13461007112579298
114,0.15120093795296924,0.045455345169624344,7.971929850962801e-05,0.18300158914333034,0.6202624084355665
115,0.2496007948959451,0.12181450955669737,0.00018212473801524753,0.3500038486241755,0.2783987221851668
116,0.10950332727662977,0.5565320265295243,0.0004867964135985175,0.2935563201009215,0.03992152967932604
117,0.05110548010560249,0.05636756381991477,0.0001569811853195899,0.04587173044614561,0.8464982444430175
118,0.0034014736494261274,0.009069429528119774,0.0003022646613147462,0.0005963493335928787,0.9866304828275465
119,0.004117698386255967,0.0018873628230365767,1.2618964534162582e-05,0.0016782109383840197,0.9923041088877894
120,0.019831516603039022,0.0029889228732079974,3.403209794553687e-05,0.0018403425679541937,0.9753051858578533
121,0.01193055044268772,0.003663249748147628,0.00019767921868212482,0.0005221433572070587,0.9836863772332756
122,0.022524703736566315,0.003881111708432177,1.9428735690666435e-05,0.0013428109145197835,0.972231944904791
123,0.0023830512907263082,0.0011015567774986898,3.0047098001815117e-06,0.0005723271250048223,0.9959400600969699
124,0.003486855466127579,0.0014496361837850085,5.952907509708482e-06,0.0002869684122462392,0.9947705870303314
125,0.006256446141153378,0.0012435542488459087,3.1939232660192204e-06,0.0009316169552144244,0.9915651887315203
126,0.015609729151766297,0.0026717538231027438,5.9426293802640785e-06,0.001504571411654512,0.9802080029840963
127,0.016861201473898205,0.005550155669783606,9.517880158772853e-06,0.0027922131980398844,0.9747869117781195
128,0.028676324404332827,0.004985778741235127,1.2922731788130153e-05,0.004554207447654135,0.9617707666749897
129,0.19439814447719347,0.02877238153936491,3.6203575788215134e-05,0.01333491791624092,0.7634583524914125
130,0.3243821487267957,0.03685401194679872,4.7478242204330575e-05,0.017742539341655216,0.620973821742546
131,0.7040596500574483,0.09081316379191462,0.00015573365469573637,0.051520702888162836,0.15345074960777852
132,0.44607182603022244,0.33399308260737565,0.0002141139293464562,0.12240507084246323,0.09731590659059224
133,0.3875098950320856,0.23254327632426822,0.00014126985485565533,0.08537213287265259,0.294433425916138
134,0.39830091880410295,0.44767084705538535,0.00018377892682848926,0.04622426294823162,0.1076201922654516
135,0.20577249671179404,0.7515159284023095,0.0002362068809177215,0.023756605588735307,0.018718762416243404
136,0.19098822153988584,0.7678093875300519,0.0004650305551812887,0.027943759461161753,0.012793600913719054
137,0.12007716492946542,0.8282918551731263,0.000914737050622102,0.039256155954268665,0.01146008689251767
138,0.4009148027245473,0.3280212459940931,0.000429540190078302,0.05394366698406133,0.21669074410721992
139,0.12439641569635614,0.8482257748532457,0.0006872099273493243,0.009994414133040343,0.01669618539000864
140,0.36391817355989153,0.5227119749098826,0.001533841880965155,0.006389759421235463,0.10544625022802509
141,0.1269169394836921,0.8609911280508754,0.0035436392031390363,0.002594990283633284,0.005953302978660069
142,0.23203532946111938,0.7071847648128775,0.0010034706229769571,0.03766181532197143,0.022114619781054688
143,0.14482328960802837,0.8258468401235327,0.0020966406562121197,0.013315809327938832,0.01391742028428804
144,0.10988543146657788,0.8294361599740678,0.0016127645014823672,0.03882820531937016,0.020237438738501617
145,0.16825794528677324,0.6937106041892316,0.002269973680684081,0.12351595603880622,0.01224552080450478
146,0.26940794192146633,0.4655512652059746,0.0009539838962667862,0.10909818856540968,0.15498862041088257
147,0.3570126251215032,0.3286570050190053,0.001125104877546699,0.04302048146954346,0.27018478351240127
148,0.35110571766719634,0.5258987349101104,0.0007692400055781566,0.04145210113212998,0.080774206284985
149,0.5514127951942602,0.3839145905846623,0.001414279471569058,0.035631835361952524,0.02762649938755576
150,0.15652329746089658,0.8019425214506521,0.0022814632916448017,0.03225704753156435,0.006995670265242193
151,0.16632256749853774,0.7466345537418028,0.0020847731905807194,0.06042980651436952,0.024528299054709317
152,0.17724385551160254,0.6002201008972676,0.0017181875312048864,0.19549606167680714,0.02532179438311783
153,0.22827060357634665,0.33480946305729026,0.0007057717408541372,0.272762537074493,0.16345162455101594
154,0.06565738023329844,0.8247411768339764,0.00564278528331888,0.09796966242072705,0.005988995228679118
155,0.14146460908032402,0.6492915374343942,0.0018341546944548525,0.14644853355713586,0.060961165233691085
156,0.1532879488887677,0.49446644577223225,0.0009299788285191639,0.31961258559548883,0.0317030409149919
157,0.1078890802081287,0.40351410426739825,0.0011803367979919144,0.4685185824252649,0.018897896301216275
158,0.24095870753050416,0.24107452807901225,0.0007105967746882415,0.30909894678431254,0.20815722083148283
159,0.07058125962851924,0.04185323570735775,0.00011884405136926758,0.18560345359850544,0.7018432070142483
160,0.1243274604497436,0.07554975055831895,0.00010515807521612686,0.5589555113315589,0.24106211958516255
161,0.4286441216178188,0.1691721528557832,0.00014519450890359374,0.33672602331877416,0.06531250769872035
162,0.21283692427584053,0.16187047898759835,8.67562146305625e-05,0.6003922587600014,0.024813581761929222
163,0.05472189412301439,0.07294021222834988,0.00010597004505496864,0.8490884155484602,0.023143508055120568
164,0.028923783190708357,0.048181540244202424,6.76684725355834e-05,0.8744561144577377,0.04837089363481578
165,0.024007714820668956,0.0588250675662125,4.2315390911862414e-05,0.8797697123565477,0.03735518986565917
166,0.027662705209549682,0.029177263446514865,3.3519606398939474e-05,0.9334671659988343,0.0096593457387023
167,0.047268400271519344,0.08718963059283703,5.5896947622046284e-05,0.7876187532738071,0.07786731891421429
168,0.028423959530473535,0.04081086608982408,4.9800964102541546e-05,0.9089384565252695,0.021776916890330303
169,0.023934319975293484,0.026333160708847975,6.317949041414594e-05,0.8888994767862847,0.06076986303915988
170,0.03803012781293138,0.02731081684434182,6.055564576310205e-05,0.5975799223373068,0.33701857735965685
171,0.06150456024378142,0.021689096883447792,4.071480429828866e-05,0.8311198082510405,0.08564581981743206
172,0.07401866272738523,0.02760007654562622,4.2982548788241083e-05,0.8719166491316451,0.02642162904655511
173,0.04689605129603578,0.058541716866395276,7.649676651106367e-05,0.787909875695338,0.10657585937571984
174,0.05459658272312779,0.0696268277393196,0.0008888553115282971,0.7943146708741018,0.0805730633519225
175,0.04418048282251756,0.03666032696954427,5.4822154006137986e-05,0.6509602525719729,0.26814411548195916
176,0.10597895297667315,0.026240685580975764,5.4719406630053646e-05,0.4537374511171731,0.4139881909185479
177,0.2178060464422918,0.1222184836603442,0.00020822298095058857,0.42778117286721135,0.23198607404920207
178,0.16674385468842443,0.2184016593794742,0.00017959339810519703,0.2848224631575008,0.32985242937649534
179,0.16052756292888126,0.08961056912672101,0.0004359678113475831,0.2904114011347284,0.4590144989983217
180,0.09420620120909756,0.25175719387251716,0.0008507671893904707,0.32047076180292383,0.3327150759260709
181,0.11621175111314841,0.1537395112058725,0.0010816507760869729,0.1388876898157519,0.5900793970891403
182,0.02157997613034514,0.006581536015560236,0.00018718719828842516,0.0025490840145912406,0.969102216641215
183,0.005523673994168292,0.007563955637177762,0.0009088405421116052,0.0006045134006079843,0.9853990164259344
184,0.001672795653394271,0.0011827321326090448,6.652569159584566e-06,0.00043122616908626034,0.9967065934757507
185,0.0025883008333415104,0.0012495363739267113,1.3207957496864206e-05,0.00032455646271230417,0.9958243983725226
186,0.001622003215204595,0.0007021712861475877,9.115423679077048e-06,0.0002503987365333034,0.9974163113384354
187,0.0012268473535253267,0.0008338077059069925,5.5417502917231275e-06,0.0005808203208697468,0.9973529828694062
188,0.0035790137159846824,0.0007595381504554891,4.467381175218324e-06,0.0012325353138742299,0.9944244454385104
189,0.0013385036789015847,0.0005555307614675948,4.183476311136453e-06,0.0008827811317709656,0.9972190009515487
190,0.0008961700753632736,0.0006685250074959737,4.355830483800881e-06,0.0009180290418928525,0.9975129200447641
191,0.0022055034979642867,0.0007081210867693552,7.754242709879752e-06,0.001720664183808654,0.9953579569887478
192,0.009451850078413012,0.0020150787334698634,2.107762700516436e-05,0.0034937562641364365,0.9850182372969756
193,0.010576923896276135,0.0022354778769107637,2.2512084374691872e-05,0.008368145253834443,0.9787969408886039
194,0.0036591769211968103,0.0018983100384659308,1.023408912100949e-05,0.003813894851168494,0.9906183841000477
195,0.01483763001515795,0.0020089919520834137,1.5613370570632768e-05,0.006312754080502496,0.9768250105816855
196,0.1689597628323375,0.013135060838821143,9.421627908274223e-05,0.05033050126904582,0.7674804587807128
197,0.18946013460695083,0.02082508271888791,0.00010074142454991853,0.03811115914910887,0.7515028821005024
198,0.5657184970173718,0.08731572509374738,0.00013988548896733832,0.05970176923841378,0.2871241231614996
199,0.6117791667631861,0.2062335046551909,0.0003854730775254097,0.048861564225288846,0.1327402912788087
200,0.18047687234820772,0.7852338808034351,0.002196551128180316,0.018913705259370604,0.013178990460806292
201,0.18977715486552915,0.7647249962790532,0.004480590222176,0.008616325284488371,0.03240093334875344
202,0.3178328805738691,0.6499756935279287,0.0014417663366271807,0.017800331366401,0.012949328195174093
203,0.36153730887931335,0.5846916618883135,0.002913266176837734,0.01529596526754936,0.035561797787986044
204,0.25573124501239686,0.7176104358104446,0.0027463858661252788,0.009862975468431283,0.014048957842601925
205,0.1902393437505835,0.7630696759039919,0.0025541955691998504,0.0074413478560499775,0.03669543692017481
206,0.06680428827931637,0.9218622603370974,0.0040283759933504104,0.002966327064408347,0.004338748325827196
207,0.04387440142838822,0.9375955388645045,0.014444727577512717,0.0005677007818263662,0.003517631347768415
208,0.053293211613525876,0.9261330494371078,0.014557490175843875,0.000983518077923411,0.005032730695598947
209,0.01533280707426813,0.9404165351520478,0.040496971673242975,0.0006923316867582937,0.003061354413682904
210,0.05341027165353103,0.897922669037844,0.03388196281458383,0.001293473451900138,0.013491623042141103
211,0.09637382704295969,0.8601146081297358,0.033682895120738326,0.0021472206688365933,0.007681449037729451
212,0.02868690271285016,0.9151668452250614,0.04876119274692149,0.002013963130958833,0.005371096184208177
213,0.026509019780072675,0.9041846062879637,0.05287205893182928,0.0006887558757371114,0.015745559124397315
214,0.2721254664763379,0.5190561651132991,0.00275130302021642,0.003157668074163276,0.2029093973159832
215,0.1560116928109317,0.8195997579125028,0.010630366588105672,0.0024941652410604316,0.011264017447399303
216,0.115213502424531,0.8663137316260718,0.003545824092002904,0.0015646569472987353,0.013362284910095522
217,0.2112318701710646,0.7712755680811829,0.008469920268635656,0.001370739977627984,0.007651901501488657
218,0.032740676399843835,0.9295808114840654,0.03142564600808839,0.0010042339635186791,0.005248632144483729
219,0.17733118580683901,0.57027110207735,0.008052552651297694,0.002921176294660528,0.24142398316985272
220,0.10606892843046242,0.8781239895882818,0.008742116174546382,0.0015946898529587453,0.005470275953750692
221,0.16877278483332941,0.7863422519216392,0.013471273369700033,0.0015540563306449856,0.029859633544686334
222,0.04302139709937298,0.914477188596769,0.03733111141355556,0.00046352439756008223,0.0047067784927422975
223,0.013948220364150459,0.8975885996860319,0.08444257492395095,0.00024940975232269847,0.0037711952735440847
224,0.012018248018688773,0.9025746227448349,0.08245475463283139,0.00028994286138154065,0.0026624317422635525
225,0.035883035830391305,0.8201140268948918,0.13039650461067828,0.0007295714161226173,0.012876861247916139
226,0.01307426159638764,0.8018991374528289,0.17986311662486645,0.0003578357751444115,0.004805648550772652
227,0.004304994931933629,0.7853841330184691,0.20660708812864106,0.0002274886220802965,0.0034762952988759872
228,0.005311024624642143,0.6951559881086882,0.2956677631497821,0.00025286793342475014,0.0036123561834628362
229,0.003991300794060742,0.5125497266599013,0.4810072479512647,8.776167461511444e-05,0.0023639629201580446
230,0.0019728162090877836,0.23026049951269104,0.765974719993802,9.905572184849513e-05,0.0016929085625706213
231,0.0042539356541763575,0.17423677883481004,0.8174774528892229,0.000151732385832609,0.0038801002359581368
232,0.002532482975762872,0.34758823942464323,0.6469861592372721,0.00010766751535447734,0.0027854508469674316
233,0.002174448684409153,0.060859399689184863,0.9338344342210892,0.0001181792091858078,0.0030135381961309306
234,0.03664494009233257,0.3787883414389954,0.5640717590169423,0.0005603288094628182,0.019934630642267016
235,0.07675628802958875,0.8389062589557681,0.05741731883961,0.0026148218254809525,0.024305312349552348
236,0.1769748200704232,0.7622708189331584,0.03922743118738322,0.005120122921318887,0.01640680688771634
237,0.02609093728989254,0.8938264257439491,0.07289716301108336,0.0006419677553712794,0.0065435061997036505
238,0.11801932859027871,0.7837452425863707,0.06924374118125672,0.0010018929106578802,0.027989794731435803
239,0.4709963996696036,0.4757357005153974,0.009941670106422263,0.004682619260525792,0.03864361044805096
240,0.08770942001580434,0.8912562405295938,0.009924248239030238,0.0018278748036364423,0.00928221641193493
241,0.023021501878633333,0.8374365463006471,0.13314795814426927,0.00040011015656372343,0.005993883519886543
242,0.008881675741185348,0.8668464222955655,0.11854424714831348,0.00030654544211810913,0.005421109372817671
243,0.012060586216895952,0.6989650004266301,0.28319884000622675,0.00034453341516518105,0.005431039935082037
244,0.001841753923526751,0.14110231886721017,0.8536442507267327,0.0001270524188915286,0.0032846240636389377
245,0.00865140823993746,0.5589607671156551,0.42422500672263547,0.0006167429720776996,0.007546074949694206
246,0.003467272587696602,0.5447403683498327,0.446802433672076,0.00020720462676463707,0.00478272076363017
247,0.0005557521159466438,0.053305323635547915,0.9446923773167434,3.388916514544896e-05,0.0014126577666165594
248,0.0014590097702566994,0.1521462679042701,0.8435269237728801,8.89093322115868e-05,0.002778889220381724
249,0.00044379791940542257,0.0457801850857583,0.952556060786945,3.3540524023843246e-05,0.0011864156838674368
250,0.0010979805086978017,0.17714199262166283,0.8196454531654969,6.687930167702141e-05,0.0020476944024654417
251,0.0018800601119168335,0.13385290393903623,0.8623872407078631,8.488889129924667e-05,0.0017949063498843877
252,0.0005732655850936636,0.04830725576405632,0.9498685577887963,3.49237351882529e-05,0.0012159971268654551
253,0.001220998577419411,0.09082294992318794,0.9063349853299985,8.256648989375693e-05,0.0015384996795003547
254,0.0007778696962085118,0.05512341081840909,0.9426889061527376,5.007866056770189e-05,0.0013597346720771368
255,0.00533490564954708,0.2178823008278611,0.7746323093697443,0.00019033822578364763,0.0019601459270639234
256,0.0028692923410517236,0.17078382747707363,0.8231774571820136,0.00011005427555659532,0.0030593687243042423
257,0.000594261581221368,0.0407693286392469,0.9566177690565222,4.400966512122407e-05,0.0019746310578884316
258,0.0007286739874009776,0.04882925839646654,0.9474785616221416,5.3067510871180075e-05,0.002910438483119748
259,0.0028838487473440925,0.14376525983201835,0.842313238409149,0.00014410592535804654,0.010893547086130538
260,0.0055158932925764214,0.3482595371570875,0.6297959829877094,0.00018365708860348573,0.016244929474023225
261,0.0009640498531612276,0.05213848789477729,0.9426579752777685,3.1995452928955064e-05,0.004207491521364278
262,0.001035207934992242,0.059462789011081284,0.9350159728770066,3.494594535005475e-05,0.004451084231570004
263,0.0007079813081165861,0.06612188345460686,0.9274986675889665,5.3783316837976804e-05,0.005617684331472099
264,0.0006912504230641053,0.07601680631618107,0.9158701968420556,5.381300518153644e-05,0.007367933413517888
265,0.0013531948963999756,0.1035412888757586,0.8877030938003186,7.371096821145965e-05,0.007328711459311293
266,0.0013148150434868834,0.09028049799620283,0.8969276162483374,7.686684804828754e-05,0.011400203863924629
267,0.002571121734435517,0.07895085403188452,0.9101558171130296,0.00010653959906218833,0.008215667521587963
268,0.0024560873364668015,0.09052639827627686,0.8959399366360901,0.0001479128989395749,0.010929664852226548
269,0.001710989139616241,0.07981980906835069,0.9090127395710864,0.0001223894726285514,0.009334072748318198
270,0.00311591176242628,0.10044063692837393,0.8782926214759311,0.0002184884821700513,0.017932341351098613
271,0.031292907298635285,0.2153562617021053,0.5088885526793582,0.003343755313214622,0.24111852300668668
272,0.30166070772622705,0.05978280104973993,0.01454223370118572,0.007821328268477009,0.6161929292543703
273,0.5779310880394314,0.24791218228934367,0.004954668090647069,0.00820751646082441,0.16099454511975342
274,0.23155983258457521,0.5987386713860802,0.005566025498594705,0.0009634823149944076,0.16317198821575554
275,0.5219883280254675,0.40960604777557946,0.005959632525011974,0.001326569291667563,0.06111942238227339
276,0.08999027152516523,0.8076011968669874,0.0701885121673493,0.0010745305554904576,0.031145488885007677
277,0.2392268168264602,0.6610281101316929,0.008855839530479017,0.0013679922435809828,0.0895212412677868
278,0.15842908522746177,0.798529626926499,0.018291984781817722,0.0016246789629661698,0.02312462410125534
279,0.06977555598150724,0.8549111255993253,0.0583298662734931,0.001078545768353103,0.01590490637732113
280,0.22222432588030216,0.7547325046102673,0.010052620402970064,0.004880925946839228,0.008109623159621155
281,0.07581502065624239,0.8831874171844675,0.03625772625126297,0.0008362438900654462,0.003903592017961955
282,0.09475312869311539,0.8449094470980204,0.04423325227458371,0.0011569929645747913,0.014947178969705552
283,0.04775156222177445,0.9103582505228868,0.0376190820166179,0.0009027713487636359,0.003368333889957073
284,0.07551142594803609,0.8787602827678912,0.03747016715461411,0.0013116426338872175,0.006946481495571402
285,0.0052187981929063,0.5637266052118387,0.428199088557655,0.00024161649409837384,0.0026138915435014254
286,0.05409942695619635,0.8369971749068098,0.1014904661554933,0.0023650535588533445,0.005047878422647296
287,0.014726629564467382,0.7230375788176765,0.25494461210935077,0.0014178417108033413,0.005873337797702057
288,0.13417694060329682,0.7501298022920037,0.09322676443724437,0.0033853398686249318,0.019081152798830294
289,0.18081376228223445,0.7740691702113497,0.01834345271174229,0.004683742290284876,0.022089872504388847
290,0.15442275280910764,0.7904615233525503,0.03383294248883538,0.0025844697273113243,0.018698311622195457
291,0.11689715069688163,0.844969761060958,0.02689886288480876,0.0015926566003597459,0.009641568756991998
292,0.23499587449877252,0.7029227142848641,0.009694999124034633,0.011985126533669429,0.04040128555865933
293,0.14708196674835017,0.8102298205811859,0.014097629724567146,0.015134848680859235,0.013455734265037536
294,0.20206427609885919,0.5501353935806755,0.010249197052288312,0.021801071229411047,0.21575006203876576
295,0.2743511505920576,0.5611408272516891,0.003637791311711415,0.010434107190357896,0.150436123654184
296,0.11250135987121927,0.04378826823012235,0.00042862234965680663,0.00216871154843573,0.8411130380005658
297,0.5754277137675403,0.25929960095393384,0.0004949291988726324,0.01005249645658906,0.15472525962306405
298,0.2843328354950845,0.33159153232964833,0.0008173676276367818,0.007211111804242464,0.37604715274338785
299,0.44530613938353775,0.38824170460460455,0.0005256794488801461,0.04314523219192099,0.12278124437105636
300,0.054356581460414506,0.06667772588266543,0.0001964045504907848,0.017491540706127285,0.8612777474003019
301,0.05849068291405283,0.05671900584620671,0.00022447176033911446,0.0082785905849692,0.8762872488944322
302,0.1007398000738063,0.04848302247763726,8.942865506430132e-05,0.009259936167678234,0.8414278126258138
303,0.7437930233359074,0.1859974688825958,0.00019880706066218123,0.017185108498964,0.052825592221870686
304,0.502240213012134,0.2715597111354368,0.00044012526610917363,0.034178545349876244,0.19158140523644374
305,0.25757646888613817,0.13429818641457397,0.0002515361222587602,0.022559382647993488,0.5853144259290357
306,0.49298013259995804,0.33545066876765983,0.0005611063742029335,0.06682786853927583,0.10418022371890341
307,0.34192679228396267,0.5556087470800739,0.0007574345350537246,0.013746889357743581,0.08796013674316619
308,0.3472907631226959,0.6147765323564073,0.0011367649552801369,0.02777441064747638,0.00902152891814028
309,0.14670103414603453,0.8329091896640903,0.000896305152728129,0.014729852714465875,0.004763618322681194
310,0.3000955405560406,0.6055736116325929,0.0016812427121937633,0.016271787263076733,0.076377817836096
311,0.44883248755922567,0.4755631525015883,0.0018971226927027014,0.04646759710066763,0.027239640145815796
312,0.1209327615636371,0.8492063639345837,0.0009489666646087728,0.01765085407348701,0.011261053763683351
313,0.23880595364203913,0.729135275074691,0.0043608910719983305,0.014754330734409453,0.012943549476862241
314,0.05330820685426808,0.9242633856773483,0.003200668511744159,0.013994209784928944,0.0052335291717105
315,0.1346247058037409,0.7442569490990643,0.002261698204869499,0.1108676640373594,0.007988982854966015
316,0.03065399634800302,0.8430523276657753,0.0023669620152577215,0.11666795802923417,0.007258755941730032
317,0.1841125758908495,0.2568172864099322,0.0008902989773558802,0.5153050955500594,0.04287474317180298
318,0.10571266446538369,0.40854062469623437,0.0005649389174061838,0.43658115406584935,0.0486006178551264
319,0.10972299748542627,0.14365681506363462,0.00024430998426661695,0.7225674996727405,0.023808377793931974
320,0.12592035217284753,0.1198692507000637,0.00035052261406687046,0.7322551848914425,0.02160468962157944
321,0.05642894716755706,0.05749146618577492,0.00010505063251100229,0.874944464859398,0.011030071154759185
322,0.034454216829091194,0.03711095564614321,9.981656060401638e-05,0.9216726502242922,0.006662360739869422
323,0.019764343601460975,0.014731291731569743,3.0365032878711186e-05,0.6468236941379444,0.31865030549614615
324,0.03846221503470981,0.018003626167694603,2.031972935728288e-05,0.8632830789101592,0.08023076015807908
325,0.08951193185502578,0.03061467984073944,3.602565020831727e-05,0.8530278726978244,0.026809489956201926
326,0.11261524736759312,0.043312006043276216,6.144541536472958e-05,0.829593853747905,0.014417447425860878
327,0.030642552214655405,0.02041127221858483,4.5492571174707545e-05,0.941972211703941,0.006928471291644142
328,0.04780607619219762,0.022567324540448692,8.398972014843912e-05,0.551835920753851,0.3777066887933541
329,0.03755698841230336,0.021194508152937448,4.360573157420994e-05,0.22027699736915737,0.7209279003340276
330,0.09558928801094621,0.08806806686825819,9.819460950011457e-05,0.6437358988957537,0.17250855161554193
331,0.2350685955613866,0.07237169507733605,7.9770872803076e-05,0.5894729797857304,0.10300695870274394
332,0.09934758807355659,0.04607569192308619,4.3583083412036934e-05,0.8224609964485099,0.032072140471435334
333,0.05312186299480614,0.0343024882698855,3.923724677094484e-05,0.8415780946854076,0.07095831680313
334,0.023500741430145643,0.011588210477095073,1.7135345619096596e-05,0.9528634116374809,0.012030501109659284
335,0.03376315595509195,0.016073225899203562,2.638681145418925e-05,0.8544541810616918,0.09568305027255843
336,0.03117002711736718,0.00889292706267571,1.1803122056685138e-05,0.9492074008077135,0.010717841890186996
337,0.03614003281582946,0.017537819810244784,1.3828719719003222e-05,0.918974003309692,0.02733431534451463
338,0.0198651630378474,0.015970920230034262,4.046508135132935e-05,0.9598416263532398,0.0042818252975273296
339,0.01746495890109104,0.010900140767244892,4.032566287267829e-05,0.9659596034072234,0.005634971261568014
340,0.010842633409543898,0.02224434531654288,0.00025788034949715663,0.9479791707206171,0.018675970203798874
341,0.04256997693960473,0.03687805682511586,0.0005993808452121572,0.8898369759687061,0.030115609421361062
342,0.06226829047444593,0.09343162412883826,0.00128308188601182,0.4557139553513834,0.3873030481593206
343,0.026534518240505026,0.016181957975778625,0.0003739179409055104,0.10475889661596548,0.8521507092268453
344,0.026629690374243318,0.022370787953116613,0.003166400284585542,0.042664563854535334,0.9051685575335192
345,0.004024967872163359,0.004134442474783024,0.00022684253119879217,0.002921997921501487,0.9886917492003534
346,0.0052233261867551594,0.0023901682611516127,0.0004989517646481915,0.002018675480566873,0.9898688783068782
347,0.006454934882041436,0.0014440660554685323,6.046051999844194e-05,0.001350097528964372,0.9906904410135271
348,0.009781009315111684,0.0036573012553654406,0.00036807688289619447,0.005776123496787725,0.980417489049839
349,0.005785313357824835,0.0011436866378779888,7.590275641837174e-05,0.0008792510760910192,0.9921158461717878
350,0.004185006778220986,0.0009916773594226024,1.664257815061693e-05,0.0015501340274686544,0.9932565392567372
351,0.0038989181221388107,0.0009202469870174036,1.7633229925609655e-05,0.000917718829931277,0.9942454828309868
352,0.003282191292879445,0.0018421563085864179,7.841134677747604e-05,0.0016630815164488109,0.9931341595353078
353,0.007444939122760462,0.0028959068855251694,1.851128996966496e-05,0.0021418669077999802,0.9874987757939447
354,0.015761969757470188,0.00814213471170606,6.268310790752533e-05,0.004480442133574914,0.9715527702893413
355,0.01295754664240069,0.009320256014683146,6.0232552286731046e-05,0.003554654553317731,0.9741073102373117
356,0.0095920787657622,0.008466337072643182,3.971321172580507e-05,0.0016632936675682547,0.9802385772823006
357,0.0156641345269594,0.008831510061849913,3.2008842254935246e-05,0.002033149659353446,0.9734391969095824
358,0.016839001210842114,0.010219030483262694,1.9303444164958615e-05,0.004060557419401387,0.9688621074423287
359,0.034199462326910936,0.01208593732096585,2.0901924393026076e-05,0.0062216921444963715,0.9474720062832338
360,0.0614609879766333,0.018879328244282206,2.280726065653687e-05,0.01051130687748267,0.9091255696409453
361,0.02032476082345137,0.005769533396498726,9.61820190080698e-06,0.009132749124935136,0.9647633384532139
362,0.010226238737691231,0.006529585544693479,1.1078763735598636e-05,0.006765670193710708,0.976467426760169
363,0.009579110270902991,0.0046239471918600806,8.74837221730067e-06,0.0027355593785254543,0.9830526347864941
364,0.022482231022935905,0.007160071182525933,1.1953157109834376e-05,0.004792741330260589,0.9655530033071678
365,0.06931605349822961,0.014482277681095704,2.9751242374656214e-05,0.013819895251209465,0.9023520223270907
366,0.05396479444939436,0.015906851796923385,3.188087940551338e-05,0.014867031538476915,0.9152294413357998
367,0.030876625248704256,0.016182290248965264,2.2230803166730842e-05,0.013718330072093955,0.9392005236270697
368,0.09937303370050188,0.03329277279019578,2.6374936162362615e-05,0.028625871176981912,0.838681947396158
369,0.018912700630042998,0.013377803986508558,1.7885381254143774e-05,0.013139643007911164,0.954551966994283
370,0.02398375821242877,0.012561400297929867,2.1458478552330054e-05,0.01038669672976199,0.9530466862813269
371,0.01794961859039377,0.009974468827379613,1.7549247511078772e-05,0.0063643184820130995,0.9656940448527025
372,0.014431239141807335,0.0058555213812090025,2.607932521351655e-05,0.00326615585838964,0.9764210042933805
373,0.02211077016733014,0.005531852428664499,1.662832103401932e-05,0.005215782580469927,0.9671249665025013
374,0.06205504808850441,0.022061007258368254,2.4636221500578325e-05,0.007131451011196845,0.90872785742043
