epoch,N1,N2,N3,R,W
0,0.0004569522625733153,0.00011696489439419595,1.7269480808115125e-06,8.660964211917667e-05,0.9993377462528326
1,0.00039114549034701253,8.999640922279776e-05,4.236596100530016e-06,0.0002730207392314856,0.999241600765098
2,0.0040971046623449565,0.00011116674373515895,1.8855743781589699e-06,0.0001683131578110207,0.9956215298617307
3,0.003146570658796531,0.000177318924344209,1.042921030543685e-06,0.00014810938440034416,0.9965269581114284
4,0.0015042522449715495,0.00018924113515335434,8.498390880503252e-07,9.880485508592044e-05,0.9982068519257012
5,0.09525194191092613,0.00041148977976168753,5.606661017496949e-06,0.0007303128434197863,0.9036006488048749
6,0.08136295389118431,0.0006189252989981576,6.852471243230787e-06,0.0006579793145630668,0.9173532890240111
7,0.09178317827560016,0.0011545021011391612,1.262309274991629e-05,0.0014199186400807458,0.9056297778904301
8,0.045065233667517274,0.0003929946566994259,5.6444964105544985e-06,0.0026370139039522634,0.9518991132754204
9,0.0621556863778013,0.0012254522787409356,1.2966324419387138e-05,0.005079291525463129,0.9315266034935753
10,0.0851449326011889,0.0017146834803145506,1.1727487611224941e-05,0.007834710777886148,0.9052939456529991
11,0.029386082355510067,0.00033601750856959847,2.23668854141309e-06,0.0008754812580607811,0.9694001821893181
12,0.27217455029736926,0.004257367041818776,2.822891420995155e-05,0.0036540809587292796,0.7198857727878728
13,0.056290619804975274,0.0006865167040707507,6.662787163465172e-06,0.0008087835188467026,0.9422074171849438
14,0.009595055559683215,0.0005895279794188463,4.284970074720189e-06,0.0005713220612667185,0.9892398094295566
15,0.000363417396767982,2.5962957012750103e-05,1.0437753727771363e-06,0.0001616179079441415,0.9994479579629023
16,0.0004925289736116239,2.5049814808797918e-05,2.4667129013377413e-07,0.00019043671164814646,0.9992917378286412
17,0.0007833122244282353,3.337547505561586e-05,1.0382287886476237e-06,0.00021640199351799006,0.9989658720782094
18,0.002861851254267602,0.00011148599263534525,9.360749706091326e-06,0.0003536460533963144,0.9966636559499945
19,0.02422252232750271,0.0001866619491010055,8.010418749888014e-06,0.00047163178174934947,0.975111173522897
20,0.01570369703783867,0.00011612586099925203,5.594407294060362e-06,0.0002450830357073561,0.9839294996581607
21,0.5172730459710975,0.0013105553825298749,1.8753262954365108e-05,0.0014024459826376809,0.47999519940078067
22,0.8907803689374769,0.005005076930928518,3.98774274031493e-05,0.00408910387601663,0.1000855728281749
23,0.7771230838607451,0.03498557838545477,0.0004574362407718983,0.008606221457546418,0.17882768005548172
24,0.39530265511420953,0.04997032642681752,0.0004893440592614266,0.21539270767504848,0.33884496672466297
25,0.23024650551301384,0.10725429840184993,0.0005012989956440834,0.5005026386932984,0.16149525839619375
26,0.12478390627718144,0.13182255940528037,0.0009997237971362196,0.5422125381687859,0.20018127235161615
27,0.13241731900168707,0.11661588717708968,0.0010961470879206178,0.3968713462530494,0.35299930048025335
28,0.08241487679637945,0.016800151663215607,4.911571487590769e-05,0.21183188503721143,0.6889039707883176
29,0.2995054667785185,0.04013610366894401,0.00017955607172883407,0.35708212791249905,0.30309674556830957
30,0.19449881233124935,0.06749452951684985,0.0003017637962276081,0.31296431361060834,0.4247405807450648
31,0.4691392399744563,0.028499871102205327,0.0002862019888444666,0.29274016788441265,0.20933451905008138
32,0.09098928069053004,0.018003578677554512,7.095837864299672e-05,0.7331113123094622,0.1578248699438102
33,0.13919243200094733,0.023915966137046028,0.0003108278476969451,0.5871338530362348,0.24944692097807486
34,0.18555456885098798,0.023500836552425915,0.00027059552923451173,0.6924287301772932,0.09824526889005829
35,0.4664360216685221,0.03082024673303196,0.0003864079582701093,0.34726105856896844,0.1550962650712075
36,0.19102399206041026,0.013574552089748388,0.00023308065228769644,0.6126606370972486,0.18250773810030496
37,0.20242524045551188,0.024573127361811303,0.00027719840968324706,0.4584783235955218,0.31424611017747167
38,0.25203989149288836,0.024406595829102633,0.00034697852190908107,0.47112842413411427,0.2520781100219857
39,0.07044341410440293,0.009015213222588832,0.0001786194857239477,0.09751786213096417,0.8228448910563202
40,0.2000817538714949,0.014780322050386612,0.0004550534126573889,0.21685813244496713,0.567824738220494
41,0.29852213201756705,0.01579018586331385,0.0004620029216639906,0.2157473932963986,0.4694782859010564
42,0.4297754010708367,0.008021692890964166,0.0003236327752335095,0.07778613101448122,0.4840931422484844
43,0.22658024509901767,0.0025089628458830875,3.174524398282148e-05,0.005397020982007982,0.7654820258291085
44,0.011801088084885454,0.00043635097902038,3.259255967098457e-06,0.0001889371292942755,0.9875703645508329
45,0.49629568174449257,0.004697052896090344,2.187565316917994e-05,0.0007423813632885911,0.49824300834295937
46,0.022853871580647066,0.00026438430186241516,1.8680353149913654e-06,0.0002498384625018666,0.9766300376196736
47,0.6755122620717031,0.011246357711612781,2.6287699137058936e-05,0.0021319555715770123,0.31108313694596995
48,0.02182073670685866,0.000888894160346895,9.462834693848894e-06,0.00010661512977457608,0.9771742911683261
49,0.003489102979181521,0.0001035376141898217,5.074900939089352e-07,6.635972050133086e-05,0.9963404921960334
50,0.0002290536501844897,6.477388108476091e-05,6.610802159607204e-07,3.855759836406531e-05,0.9996669537901506
51,0.012560613992073408,0.0007503573698131376,3.168489211413128e-06,0.000129710528067893,0.9865561496208342
52,0.0371032759485442,0.0019251158930948845,6.765206237179636e-06,0.00047243075718222976,0.9604924121949415
53,0.00810280732686592,0.00035413199153859525,1.9857158397215576e-06,0.00037072954149565873,0.9911703454242601
54,0.02276183591830319,0.0004337033113343095,1.052202413121035e-06,0.00022288156199271167,0.9765805270059568
55,0.6441761253732489,0.009309755919144914,1.213017716122369e-05,0.003594374719142758,0.3429076138113022
56,0.8139992203662215,0.010779010117888729,4.3987763591945104e-05,0.0015338796251938174,0.173643902127104
57,0.6411867075669796,0.013691857296457804,3.803572019060729e-05,0.00768468816603193,0.33739871125034016
58,0.0043357343286825065,0.0006165798659261586,3.465959378081887e-06,0.0006143629694332601,0.9944298568765799
59,0.615099793515976,0.028619063476200367,2.3194225928424357e-05,0.017597215727208963,0.33866073305468636
60,0.5647075684023156,0.026735970179784012,6.196968375911491e-05,0.009503401785958982,0.3989910899481823
61,0.004876084345171758,0.00013856609149059062,3.860247548206187e-07,9.666917914407908e-05,0.9948882943594386
62,0.6062199859424371,0.009482427179098526,1.394982713103986e-05,0.003935106017732514,0.38034853103360095
63,0.7275157811196356,0.013259504076209046,4.6883636832105053e-05,0.002906912841115568,0.2562709183262077
64,0.44271566151888364,0.018733507751657448,7.446103332826685e-05,0.0009781043531327837,0.5374982653429979
65,0.18918172634323344,0.002808437317062681,5.5227602944279795e-06,0.002670218599777601,0.8053340949796319
66,0.6013884122553647,0.027680536202479174,4.487691947907543e-05,0.009596172192163717,0.3612900024305135
67,0.6685682481232308,0.021269278839558023,5.3136926740717845e-05,0.013962507426505316,0.29614682868396514
68,0.6392360331721516,0.01854478512423301,9.427024938360089e-05,0.014574073163792285,0.3275508382904395
69,0.15172022029520804,0.12969830430015883,0.001886567868078859,0.006990171171341257,0.7097047363652129
70,0.007996176912431112,0.0015926219889462001,1.1893419143235666e-06,0.0017654635021868504,0.9886445482545216
71,0.17624490948268265,0.03491973703512494,4.7588079134587784e-05,0.011617074540132426,0.7771706908629255
72,0.5359000045251973,0.09527292923913565,9.228497654228853e-06,0.011730693639090902,0.35708714409892206
73,0.8018606800065969,0.016130811179384533,6.453598153013209e-06,0.002311839528490854,0.1796902156873746
74,0.29606557934762445,0.16557547298215763,0.00020070122342344114,0.0255403828036986,0.5126178636430958
75,0.6755963826265826,0.0873730846322921,2.187543275095652e-05,0.05721311487364521,0.17979554243472906
76,0.25242072016096606,0.19494286990577753,0.0002041164639776895,0.00835792703937472,0.544074366429904
77,0.02592270089942721,0.00604987589654732,4.816821961552708e-06,0.002241933146673395,0.9657806732353906
78,0.7677613906907204,0.10251622630642787,6.737344294395757e-05,0.014687366441005325,0.11496764311890245
79,0.6973916556746546,0.11591634738728003,0.00012213997937047033,0.019023924976583867,0.16754593198211107
80,0.6037976907994966,0.2479575032320662,0.0007972497813262796,0.013227917935877695,0.1342196382512332
81,0.3044909802311491,0.13164587483854986,0.0004068970112375639,0.005111354883072422,0.558344893035991
82,0.6898388809745845,0.18656538581036564,0.00018374683857870787,0.028418976614362896,0.0949930097621083
83,0.11258504285027295,0.3608994924410152,0.0011888681259215519,0.0003571975710513239,0.5249693990117389
84,0.009073530099204417,0.001171047691081926,2.6695581714277044e-06,0.00014213012507930856,0.989610622526463
85,0.9236123312233482,0.04023609579146032,4.967474369759383e-05,0.0004891208510303247,0.035612777390463465
86,0.8551583935498902,0.1276786403324948,0.000503752209772872,0.0005431083257109458,0.01611610558213095
87,0.26967187163687295,0.7209273987663125,0.0015250877907178589,0.00015913397765215272,0.007716507828444512
88,0.1473466425157696,0.842553784909781,0.0015093188461903827,0.0020415397103613403,0.006548714017897691
89,0.022201796571323894,0.9045154217116069,0.05534485305954582,0.014808710911958543,0.003129217745564863
90,0.17983823213995628,0.7834660322396193,0.01164247582420859,0.014331989198173547,0.010721270598042345
91,0.04633713720432519,0.9214923790724249,0.026779554636346174,0.0031187036867742508,0.0022722254001294813
92,0.014484964894593721,0.9585182860772269,0.02210238811895219,0.0029424804469693156,0.0019518804622579258
93,0.01654582339859088,0.868999207862056,0.11109365781792183,0.0010179748201839644,0.002343336101247301
94,0.012761539866705444,0.9147564961872574,0.06874370831657249,0.0016953526801377712,0.002042902949326774
95,0.01299420134160273,0.9599389673520291,0.022912924347172556,0.002419874896413456,0.0017340320627822119
96,0.0020735102849000096,0.8495268763275469,0.1462283339456427,0.00045039889715205427,0.0017208805447582194
97,0.006010475431536664,0.9290003317898542,0.0617339196997879,0.0009934658479158747,0.0022618072309051303
98,0.0032023453674057067,0.5768186827398128,0.41564345674867664,0.0008938449614361955,0.003441670182668712
99,0.008630540635749277,0.8987731647163074,0.08694775252582689,0.0017299757929719278,0.003918566329144497
100,0.025039717999339853,0.8805569192597361,0.08969229640598063,0.0021256434491825483,0.002585422885761008
101,0.005760276232081039,0.8285894452254425,0.1626959715649311,0.0007116848706800077,0.002242622106865247
102,0.0033778551271306167,0.6279472249921711,0.3635850325369318,0.0003765304367449386,0.004713356907021348
103,0.00908498202134689,0.7988250037131669,0.18513151318621088,0.000825634098533277,0.006132866980741918
104,0.0031565402121807875,0.9469043677293014,0.0478042907239783,0.0003841667246655754,0.0017506346098737444
105,0.001793579199918532,0.24479560227520136,0.7520714587013116,7.259084241578227e-05,0.0012667689811528223
106,0.0027227311555280157,0.809791760145036,0.1856995117822598,0.00020372812314412285,0.0015822687940322423
107,0.00348129583863933,0.5315192191004712,0.4624495771709823,0.0003256655932524386,0.002224242296654806
108,0.0005132072838757066,0.10586525987235305,0.8928159252113759,3.4966849180667316e-05,0.0007706407832146902
109,0.0005141115190803658,0.20809064350871742,0.7901204553905906,5.210612847969705e-05,0.0012226834531317188
110,0.0004895586783249682,0.5875483667370641,0.4097453960932589,0.00012089062462436841,0.0020957878667277638
111,0.00029729000451693383,0.16498947607046863,0.8336202836283758,3.428360205708232e-05,0.0010586666945815928
112,0.00021088332122250154,0.059948142436864055,0.9393424290480965,1.5079539108501045e-05,0.0004834656547085344
113,0.0012593251780950068,0.5140285362868645,0.48302339890855717,0.00020426798501239674,0.001484471641470825
114,0.00010725110022933852,0.02176621951743236,0.9776308662258444,1.057771552322067e-05,0.00048508544097057387
115,0.0004201817096935215,0.08949456280832747,0.9087857130322986,2.69088003800334e-05,0.0012726336493001187
116,0.002388702980529283,0.5728307023551183,0.42244691672499324,0.00017105752890679581,0.0021626204104524126
117,0.00029726308120763445,0.0385177777097324,0.9604840802751402,1.2578174313121211e-05,0.0006883007596067401
118,0.0001914098573107862,0.06105916034468475,0.9381326936400087,6.628785855623689e-06,0.0006101073721400928
119,0.00015695851948733402,0.0583336694973448,0.9409150861510011,7.064181533909248e-06,0.0005872216506329206
120,0.005760180580943077,0.7028439118460036,0.2876191882191252,0.0002086294009311063,0.0035680899529972024
121,0.004180517080292201,0.3523952286288544,0.639965887677757,0.00026397101473127436,0.0031943955983652736
122,0.0019349619108527988,0.27924406219892867,0.7168391489010901,0.00015552155170349017,0.0018263054374249791
123,0.0005437418868820735,0.06554913179170203,0.9334589432429282,1.8385391028034535e-05,0.00042979768745957407
124,0.00033256045775973704,0.450224288086327,0.548477206944174,7.032868398940565e-05,0.0008956158277497849
125,0.00024876444687375605,0.07582435600178394,0.9232918425672403,1.1188786517580447e-05,0.0006238481975842815
126,0.0010514446991824124,0.16206386322017227,0.8348814542043984,4.448180624121687e-05,0.0019587560700057125
127,0.0003703418265123917,0.3569197565763194,0.641551374870921,4.392695544740435e-05,0.001114599770799825
128,0.00020559672578422073,0.10369606494628412,0.8951434922553678,1.531074205734716e-05,0.0009395353305064193
129,0.000342163150912579,0.11384627431967471,0.8850643209206067,2.0755727805695994e-05,0.0007264858810003169
130,0.0007987692683658392,0.17330442075664793,0.8246937822658835,4.896965027395454e-05,0.0011540580588288397
131,0.000210133437605655,0.05085749483975627,0.948253646064577,2.9423680283929052e-05,0.0006493019777770401
132,0.001243495586639083,0.1896778600139627,0.8076076926658361,0.00016420564695535211,0.0013067460866068622
133,0.006376969854854837,0.16936689438018135,0.8131311348361595,0.00037995859999467776,0.010745042328809615
134,0.019746463893456183,0.4910862824018426,0.4618115895543995,0.0009064937810702031,0.0264491703692315
135,0.08648600592576296,0.8120635231925211,0.09446405388997163,0.0015466960501057266,0.005439720941638574
136,0.01182020822470982,0.4335264661185073,0.551154237667457,0.00015080083640695805,0.0033482871529188895
137,0.005009627272690409,0.6622575879011481,0.32779311402317596,0.0006777192445262276,0.004261951558459533
138,0.0023122561662778604,0.4422685147649468,0.5530717449575213,0.00022977644208435836,0.0021177076691694997
139,0.0026192055471454838,0.6466731054012543,0.3484677818143303,0.000254285071808295,0.001985622165461556
140,0.0009184262980910222,0.31381280364736985,0.6833796175284872,0.0001472255239136283,0.0017419270021383517
141,0.0005193338261203444,0.06468869859195649,0.9337948000305408,3.9806570260305826e-05,0.0009573609811221238
142,0.0013591433166637605,0.2855786624595051,0.71110042597177,0.00012225403999895703,0.0018395142120620942
143,0.0007264736330465653,0.07856121004614136,0.9198422906859653,3.5555798386368126e-05,0.0008344698364605183
144,0.0005107861198917755,0.2209262700591672,0.7776293426194141,3.7142137292088855e-05,0.0008964590642348448
145,0.003678347129020243,0.38633477822675893,0.6051695497387396,0.0003287998041439028,0.004488525101337339
146,0.0012698832921094947,0.263522611881086,0.7336730688572048,9.66729433177989e-05,0.0014377630262819865
147,0.014798034914234504,0.8404334330726431,0.13903544921276978,0.0024617944670571146,0.003271288333295516
148,0.0007655899038551615,0.6419137247966992,0.3562441155847977,0.00011822514767288708,0.0009583445669751465
149,0.00047455508945286264,0.08691832952173999,0.911958422065939,2.512455531748976e-05,0.0006235687675504971
150,0.001607624619901255,0.5584593351600218,0.43774276349616537,0.0001878293772092742,0.0020024473467023835
151,0.0006208678764271798,0.0683598487009731,0.9303128893524353,1.9550527641906252e-05,0.0006868435425222438
152,0.004872189022363534,0.33960620476892767,0.6526791199910743,0.0001993137235002222,0.002643172494134185
153,0.0034471021511705935,0.41508874022150527,0.5794679361260058,0.00012088605664476384,0.001875335444673692
154,0.001199121505259769,0.2973817847002718,0.7001766824867452,6.327704612079354e-05,0.0011791342616023386
155,0.001253713063916628,0.37424183604480576,0.623122996920666,0.00014822107730215163,0.001233232893309459
156,0.0017130174606851253,0.3090775090005718,0.68578029416913,0.0001643132128829146,0.0032648661567300646
157,0.0022893093129867114,0.33777484153077747,0.6569177291227717,0.0002794609300332115,0.002738659103430858
158,0.0030409404153876668,0.6803301096832111,0.31237033149054527,0.001219935478799431,0.0030386829320564737
159,0.0025311661595438517,0.4566904585691371,0.5367547875674044,0.0011423685362750404,0.002881219167639556
160,0.003310673102617941,0.4266155007854857,0.564279443429446,0.001326502239235111,0.004467880443215066
161,0.02640495460187968,0.8327559575522722,0.10677589301059953,0.024543631676261116,0.009519563158987398
162,0.03581458467792325,0.8374855391089078,0.09902093464309908,0.0216530351478518,0.006025906422218373
163,0.03675831261739548,0.8445571073252904,0.06599690730759107,0.04691966211650459,0.005768010633218307
164,0.40585028031638676,0.44810666050769865,0.0038888122523385122,0.12670186470253958,0.015452382221036337
165,0.1822592788447008,0.7106925535014619,0.006847445990586928,0.0934295228344082,0.0067711988288422734
166,0.0972579000697171,0.711882193166726,0.019761868990235135,0.1582570884934167,0.012840949279905133
167,0.15393266901067545,0.16034164713592725,0.0005940812440143179,0.6779957970005942,0.007135805608788633
168,0.04589745025735219,0.4933703792393431,0.0030647999511704918,0.4526023826150461,0.005064987937088231
169,0.02231872666581428,0.026602069143494448,0.0003228776615615262,0.9480801453291966,0.002676181199933118
170,0.03587601641966415,0.07270585604433122,0.000322182600929558,0.8877779179615993,0.0033180269734756447
171,0.013652267260504497,0.013380665456323026,9.381885056764949e-05,0.9713236626656893,0.0015495857669154504
172,0.01830411071969662,0.016848573376259814,0.0001291416784704273,0.9625417505936378,0.0021764236319354404
173,0.08229071003629372,0.07217754167267634,0.0005717129461073988,0.8297148153897436,0.015245219955178937
174,0.16518620153307395,0.18391046752952075,0.0019184951721107186,0.568203653317795,0.08078118244749956
175,0.12057451726753457,0.22144013835774554,0.002854766237990365,0.4598782159906801,0.19525236214604952
176,0.32233404803722887,0.24965108203746494,0.003560611646999091,0.23701305333295467,0.18744120494535257
177,0.01114670186640152,0.004470510213352569,2.0488825377207696e-05,0.003080778609887473,0.9812815204849811
178,0.003642536729659613,0.0010866589510474779,6.54883386617719e-05,0.0001829083769280873,0.995022407603703
179,0.0004951790541933267,0.00014750156367022616,2.304080928375166e-05,3.252921754712668e-05,0.9993017493553056
180,0.018669666951353633,0.0065861565886867505,1.0766482066423775e-05,0.0033253587491623056,0.971408051228731
181,0.0009016233566150135,0.00045926299731490644,6.244180668885653e-06,0.00021060015319289887,0.9984222693122082
182,0.000346707331514658,0.0003412559538888703,3.112582931838603e-05,0.0001926892086306257,0.9990882216766475
183,0.0008841875964930788,0.0021151301816391696,2.6776777184454907e-05,0.0003351201708190266,0.9966387852738643
184,0.0007852894572508313,0.0012699272611569903,3.0108245738824435e-05,0.00021271900126713992,0.9977019560345862
185,0.0032093719332252652,0.0010984283099247187,0.0006993390616108361,0.0003274011556781709,0.9946654595395611
186,0.0007064512323418327,0.00030545538059508507,5.5910812764656885e-05,7.059887726043585e-05,0.998861583697038
187,0.0006778528102954873,0.0005812938698255574,4.419286084140505e-06,6.57269084919735e-05,0.9986707071253029
188,0.002064993487417669,0.00039520871466692473,7.855385056123229e-06,0.0008108783264395409,0.9967210640864197
189,0.0010166535023115532,0.000395462713374692,7.946591090555315e-06,0.00010681828929845968,0.9984731189039247
190,0.004358555310385471,0.0009387812083563826,4.815905515111931e-06,0.0004343774212709539,0.9942634701544721
191,0.0011575999941715442,0.0004446324522706405,3.475590340219613e-05,0.00019789737525438233,0.9981651142749013
192,0.0027442185380960105,0.00020322789643871048,5.194939970924108e-06,0.0004203905736353542,0.9966269680518589
193,0.005997226631806997,0.00022675585533076746,8.628438179253544e-07,0.0003322958879842885,0.99344285878106
194,0.015144945006657293,0.0004684642289204036,9.350353668925841e-07,0.0004254479004545655,0.9839602078286008
195,0.07350790130177447,0.0008655004939991205,8.954744040616288e-06,0.00240111755507387,0.923216525905112
196,0.5827402632466849,0.008530078711586992,7.655000786702977e-05,0.011416998285143138,0.397236109748718
197,0.48481806061739413,0.010345927299322084,7.833943606641088e-05,0.021166149065507418,0.4835915235817099
198,0.7905645817228996,0.012307267381438128,0.00014369399392471127,0.04150418846157843,0.1554802684401593
199,0.42768970159418734,0.14772657833758424,0.0006744621694979266,0.3701059771083056,0.0538032807904249
200,0.28399968678746945,0.08316995282209186,0.00024216514618490928,0.6216816725367199,0.010906522707533913
201,0.14127534779780232,0.06079031390345822,0.00017348317431541702,0.7877925015009402,0.0099683536234838
202,0.2755860999795392,0.07079238009543219,8.99061654804831e-05,0.6437487657538044,0.009782848005743647
203,0.22816897300233022,0.40237962467296384,0.0008611337414813318,0.35542409460786256,0.013166173975362181
204,0.193963585010431,0.5992762388703093,0.0009073340526063714,0.19803451300446276,0.007818329062190696
205,0.1567198532160681,0.7126639212329078,0.0006875271444378498,0.12403918675521201,0.005889511651374322
206,0.07493012243176465,0.7279441209075183,0.003974204480526917,0.18792534130125657,0.005226210878933536
207,0.2621197062593944,0.44155551450640634,0.0003653622153188284,0.28694151032420995,0.009017906694670593
208,0.09729664231860169,0.7829400039704354,0.0031816911665010924,0.11321307998172095,0.003368582562740921
209,0.029110916618375796,0.9271571867140999,0.004332771753193168,0.0375513176635488,0.0018478072507822083
210,0.14293591982229825,0.7238168684309988,0.0009100889217305748,0.12813094462207023,0.004206178202902067
211,0.10022734483814742,0.8028800588188929,0.0015009956588275702,0.08881707570739779,0.0065745249767344425
212,0.1118616319876829,0.7249566961420031,0.0012309006507499121,0.15894114686168423,0.0030096243578798245
213,0.1105911783532702,0.867201139054213,0.0015095160054836583,0.01752436727554198,0.003173799311490992
214,0.07703532314738583,0.9064090467279119,0.001981688778245011,0.011669564260529694,0.002904377085927456
215,0.06257350272343935,0.9099286720386731,0.002827978789566087,0.021622177909424202,0.0030476685388973117
216,0.09198107247058483,0.8652248252251371,0.0042676903851148855,0.03255795173308551,0.005968460186077804
217,0.043422966705333396,0.9256920812005213,0.0028230149334347522,0.0255834371540817,0.0024785000066288535
218,0.031004123675216187,0.942808146727556,0.0104191432978443,0.011511626759495233,0.004256959539888239
219,0.10477469826470474,0.8399334504200724,0.006849051469316252,0.0431079430049737,0.005334856840932892
220,0.12774986768887803,0.8286190133646089,0.003511503554868066,0.03081327425970421,0.009306341131940935
221,0.11957800563118041,0.8266764968757876,0.006321493796100952,0.040918932581407955,0.006505071115523035
222,0.026183765248745713,0.9542547394546462,0.008081809115351423,0.008804715764971785,0.002674970416284763
223,0.07246444105287585,0.8865213870354199,0.0026275383771992814,0.034778923247417465,0.0036077102870873943
224,0.09168281419773205,0.8821126949389473,0.004872858862517588,0.013901486137000128,0.007430145863802989
225,0.1254468531990982,0.8586215416831795,0.005111639354371954,0.007364593040550082,0.00345537272280048
226,0.027944597115320772,0.9489405054063981,0.016756578390917688,0.003520190185071798,0.0028381289022919734
227,0.06301778631199868,0.9141667918218588,0.011318422196070495,0.0069643791252726375,0.00453262054479926
228,0.05135761659606365,0.9190997600681705,0.015495091540457357,0.0076551480721651155,0.006392383723143366
229,0.06774444557271622,0.9157113862685762,0.0058566582138418165,0.007978514397081643,0.0027089955477841016
230,0.018661956916313057,0.9648859439281442,0.010060106764817075,0.0031127487954604044,0.0032792435952651894
231,0.058038018281328645,0.9184748792989702,0.007963209626154502,0.008865617952832739,0.006658274840713783
232,0.013403994688441447,0.06868416240992063,0.009002974257550006,0.0011959703118582601,0.9077128983322298
233,0.01655398320151553,0.00685955556565811,0.0001754368901918426,0.0018595908983416154,0.974551433444293
234,0.37507039640673556,0.025556841510405572,0.0001358560107393376,0.0028926713433086153,0.5963442347288109
235,0.8349577086135646,0.07769240035739462,0.00031305848269851924,0.0020921716215954404,0.0849446609247468
236,0.8920707136471835,0.08898225564524591,0.00042000102280860866,0.002123046623668992,0.016403983061093093
237,0.5566775245666344,0.41001909480504584,0.00038152478576375766,0.012491401612844894,0.020430454229711067
238,0.18649036645626643,0.7953735341532586,0.0019357560983712637,0.004569927193087904,0.011630416099015758
239,0.18799452394049043,0.7995619188800037,0.001511961867958817,0.007830388720597093,0.0031012065909499903
240,0.02644170334987583,0.9577025124554114,0.013248983894580131,0.0014467449135380068,0.001160055386594764
241,0.018367281820233786,0.957004820195603,0.01894756304121173,0.003612399709075582,0.002067935233876004
242,0.023734072437909776,0.9555513755070567,0.015754590307778434,0.002551152209089962,0.002408809538165109
243,0.00912498658988481,0.9471764679179795,0.03690000047700846,0.005305380337663176,0.001493164677464355
244,0.010335106390648626,0.9658464652341213,0.019361652170789785,0.0031638016759466476,0.0012929745284936316
245,0.0023303956130459468,0.9308983228340972,0.06415845863108129,0.0018328391489365562,0.0007799837728390597
246,0.06115290539108764,0.9038341294941277,0.02222191301344936,0.009471254241770123,0.0033197978595649476
247,0.043245022996331706,0.9094787474253464,0.03281153845801681,0.010135429139672655,0.00432926198063245
248,0.01123438490596151,0.9570198994038981,0.0247992327462494,0.0036081555434906132,0.0033383274004002744
249,0.0345866322124011,0.6877827628461785,0.25638518296243873,0.013155252361356834,0.008090169617625025
250,0.21402175507514246,0.45976292228739374,0.019578586161341355,0.27683388498776235,0.029802851488360257
251,0.2868729600736519,0.2641922395527602,0.005438777535450785,0.3770864150093901,0.06640960782874712
252,0.26844699875301503,0.1423705077841644,0.0016248752108948572,0.5378081988489913,0.04974941940293428
253,0.12323054461137192,0.06203670962204016,0.0005483918717966534,0.7899284830056881,0.02425587088910313
254,0.010634920324753194,0.005892710226571416,0.0009651905743680376,0.009348739236220701,0.9731584396380866
255,0.4806066657881517,0.01855336300749246,9.307452928421139e-05,0.09426484860411984,0.40648204807095184
256,0.7520968796447919,0.02083002711586095,0.0005603542502087198,0.10058575880408331,0.1259269801850551
257,0.24110292564310545,0.010757558262884345,3.874050709479117e-05,0.021848555369609887,0.7262522202173055
258,0.6162817316512613,0.04896450601651625,0.00027957883574568235,0.2379002302947755,0.09657395320170131
259,0.6597499872302639,0.08139415392543757,0.00038152555461454127,0.22477896441009546,0.033695368879588544
260,0.059081199891693616,0.007591312352429926,0.0001043249332869115,0.009558413078229943,0.9236647497443597
261,0.6470387386390811,0.030060166549216817,0.0003471443181719777,0.24499017977726384,0.07756377071626624
262,0.3486190170179954,0.030875928986621844,0.0005953248205632874,0.5864605740033633,0.033449155171456045
263,0.10295583793511687,0.029615313477895675,0.00013016829457382457,0.842016934457096,0.02528174583531758
264,0.013143558564003946,0.020770926340744893,0.00018289630194064303,0.9617713633089341,0.004131255484376478
265,0.006756299889231954,0.009240772489274877,0.0002491656235559442,0.9813313718743027,0.0024223901236343263
266,0.012076674353377911,0.005967374269641785,7.59462640583393e-05,0.9745373077519773,0.007342697360944707
267,0.008946283469527753,0.009024541204227762,0.00016802795836976813,0.978584522635357,0.0032766247325176643
268,0.012971686956690024,0.004026226966532042,8.110776116895932e-05,0.9780318142540955,0.0048891640615135465
269,0.024444483644244116,0.005153334447338399,7.57337456353904e-05,0.963991461083262,0.006334987079520102
270,0.05046818131303497,0.009771194674904228,0.00016707799128214427,0.9236311474052926,0.015962398615486026
271,0.040651663953697,0.016098870050524485,6.67034374215502e-05,0.5684984980151279,0.3746842645432291
272,0.21895994892922352,0.058021026400893634,6.158409134061968e-05,0.5570156939673127,0.1659417466112295
273,0.24021183999194617,0.04351756203589617,4.15991547767159e-05,0.07712844054154779,0.6391005582758331
274,0.02959038006970347,0.004544039938583227,2.7899901479585118e-05,0.016552551625719728,0.9492851284645138
275,0.8675586245387054,0.027470832479227467,4.202875330897321e-05,0.04820242215694148,0.05672609207181669
276,0.8319229742672808,0.03032866221161641,0.00029689130039358563,0.08373313236167892,0.05371833985903032
277,0.4275921244650749,0.051198855615395965,0.0003153629112613453,0.43195680559290783,0.08893685141535979
278,0.03367720063212866,0.01894958569447531,0.00012379523186156904,0.9396769399777656,0.007572478463769039
279,0.00799365108176736,0.008522923965867273,0.00012483402499314023,0.980039850948888,0.003318739978484151
280,0.007709637438428052,0.00514703379527704,0.00017113272608578316,0.9849182153052309,0.0020539807349782813
281,0.004702535923324005,0.0016956632306956187,4.701023460919737e-05,0.9914492644502759,0.00210552616109515
282,0.005176781422055023,0.0020458159617408734,3.71827221220806e-05,0.9911052029467203,0.0016350169473618257
283,0.01825688279919193,0.0021249480357635455,3.083872019162498e-05,0.9762516715741577,0.003335658870695185
284,0.013118521970155608,0.009407016062955444,5.325680725003731e-05,0.9715812612467853,0.005839943912853519
285,0.018931998894189665,0.007421898290702568,6.319853921521562e-05,0.9678017082613165,0.005781196014575902
286,0.00982561906337751,0.0060077457036963105,9.42245502628487e-05,0.9740870095130162,0.009985401169647148
287,0.007767526691081241,0.0034631310338429644,5.419067303409578e-05,0.9820103278346716,0.006704823767370147
288,0.021753632722179755,0.008170629460097723,0.0001392626759437293,0.1395961296185609,0.8303403455232179
289,0.4252456032574821,0.02082792496691814,0.0001071082575133447,0.4968761633441515,0.056943200173934935
290,0.36134702267263763,0.023255032423967523,0.0002368181540588398,0.5513085894162507,0.06385253733308524
291,0.38228306683195445,0.014632238874450403,0.00012360413227791633,0.5713491339579612,0.03161195620335604
292,0.05823044837666941,0.027731382895565152,5.8681554798050684e-05,0.8656655303360224,0.04831395683694497
293,0.154135892805552,0.02260451034198626,7.335333560793492e-05,0.8059757538498266,0.017210489667027255
294,0.27268244027665756,0.06689290900954552,0.00012836587066405409,0.6410935230854269,0.01920276175770612
295,0.21967000397099629,0.10890457263401367,0.00015111751855508368,0.6431643282901683,0.028109977586266478
296,0.16694020876100538,0.035508556869975956,6.616010004279385e-05,0.7738462933209801,0.023638780947995763
297,0.1583298545312941,0.10550330598390657,0.00022099224905109755,0.7235801568898531,0.01236569034589521
298,0.2536157638379363,0.334480281269093,0.0003219045096499611,0.3868061128631779,0.024775937520142736
299,0.34522020664179276,0.07635610713376087,0.00010263702516301504,0.5247415913391854,0.05357945786009803
300,0.20697883723941848,0.3620514575209788,0.0004947530276306406,0.4228062360557576,0.00766871615621445
301,0.38597253380518315,0.19065604499598848,0.00021727694035902548,0.38430141653745886,0.03885272772101043
302,0.4051964865350651,0.20595231194607974,0.0003821808228165134,0.37509144246674103,0.013377578229297657
303,0.18658815529756687,0.41413894218635927,0.0008517080678862932,0.36660547191817194,0.03181572253001552
304,0.46079247837396325,0.06115753893188546,0.0001525901495001405,0.4626393022943686,0.015258090250282491
305,0.09843990802408478,0.4882381630831225,0.002173973720027639,0.4020664323800762,0.00908152279268876
306,0.15139157760547198,0.2800576793234392,0.000718844076761305,0.5596952746591399,0.008136624335187519
307,0.06280021942135713,0.057699726529235405,0.00021968540091840439,0.8689162722797713,0.010364096368717853
308,0.03301245106612858,0.024931786253497693,0.0001608171139200665,0.9342448003004739,0.007650145265979597
309,0.02828677138372389,0.01803215482875969,0.00018117620855733285,0.9484717291500576,0.0050281684289015275
310,0.052360229958765346,0.006841868931070761,0.00018500480311440477,0.9362987521944691,0.004314144112580577
311,0.02475887613378702,0.004510656735795322,7.048975953947587e-05,0.9683345214800217,0.0023254558908564716
312,0.013995034352196003,0.004835249270895034,9.084724003758724e-05,0.9788444021043886,0.00223446703248274
313,0.006826223753080913,0.003809464364334314,9.779545260257277e-05,0.9873476837789797,0.001918832651002262
314,0.011652883171074616,0.007034238140872755,8.064002879250527e-05,0.9763657880383455,0.004866450620914637
315,0.011498641922160768,0.006717552201059241,6.105893803799672e-05,0.9785707570226406,0.003151989916101288
316,0.012931725965261643,0.003887522900293684,5.3518369266940815e-05,0.9764125289307917,0.00671470383438604
317,0.015277140163995702,0.006106950922892839,0.00017707172657698434,0.9744979428494647,0.003940894337069749
318,0.00938459736392911,0.002132297334603324,5.3191667417861564e-05,0.9863109995438322,0.0021189140902175265
319,0.01759182966837263,0.005056183060716046,5.6715908157666454e-05,0.9743957802600797,0.002899491102673952
320,0.01283780969870814,0.0038096988086205375,2.227191982479308e-05,0.9805331203712077,0.0027970992016389676
321,0.021837586298947914,0.016601868175240297,5.651635649614438e-05,0.9564935013973316,0.0050105277719839966
322,0.0242330426728171,0.023159431940940323,7.353307990770621e-05,0.9489610945873085,0.003572897719026453
323,0.05272304145186642,0.08451767378175705,0.00019287888788559302,0.8556793414196412,0.006887064458849702
324,0.04337797314423759,0.025120808695007064,0.0001223775936825682,0.9271814739761156,0.004197366590957173
325,0.09430218968373788,0.05124249571367091,0.0007072796372860524,0.8458772522240448,0.007870782741260284
326,0.09919553489135365,0.11449891348761584,0.0015426353179283747,0.3716812973603901,0.41308161894271217
327,0.1006641386498506,0.02530369501079922,0.0009567262121552417,0.03575162695593369,0.8373238131712611
328,0.7271453176910275,0.0705753911470391,0.00045746807715595143,0.14735513630592773,0.05446668677884966
329,0.537009259724572,0.19817851157314045,0.002147254163917517,0.08756569687013015,0.1750992776682397
330,0.6554635174072864,0.20248599116884755,0.001420413378392928,0.11040442179241981,0.03022565625305342
331,0.001719856515475173,0.00045557073827207285,6.619542038590234e-05,0.0008445404812744661,0.9969138368445924
332,0.6565256064013567,0.043471390620322986,0.0012734607809277041,0.1400032217092057,0.1587263204881869
333,0.7668205618726341,0.03581394129282141,0.0008331707130682634,0.1145046947329343,0.08202763138854183
334,0.7997209709719091,0.09013234934503893,0.003300228810637924,0.0695558411011551,0.037290609771258816
335,0.1352347906236353,0.7063779747432251,0.008612902528046843,0.13767138678278243,0.012102945322310531
336,0.1537713973017965,0.6856687311507558,0.00790463377164986,0.1409202689521759,0.011734968823621836
337,0.09777701937825237,0.4402810349975868,0.019774503861040134,0.22128337138446422,0.22088407037865648
338,0.003689244943888282,0.005708899984553266,0.00024156396617972545,0.01706368836189168,0.973296602743487
339,0.07122945865449173,0.006593538847678699,0.0002877771571976685,0.02301264403737752,0.8988765813032544
340,0.28812172407451064,0.020035236210348712,0.0003294633190762986,0.029101702990172413,0.662411873405892
341,0.2536171139073301,0.02480048579181205,0.0003653593894777289,0.020349452122445363,0.7008675887889347
342,0.008386218579221507,0.001733259213833229,1.4068758959969322e-05,0.002041402876242399,0.9878250505717429
343,0.7717685949803142,0.007810679215015316,0.0001232897385951389,0.009597083551878324,0.21070035251419705
344,0.8494028778965848,0.009823967405848106,1.1139958623174587e-05,0.014877838030481566,0.12588417670846236
345,0.8901886146987416,0.06010485761425392,0.00011990693745862805,0.02730331457132226,0.022283306178224004
346,0.5967796850148157,0.33561419927533326,0.0005591406690312772,0.05368541974485065,0.013361555295969076
347,0.22654085396434331,0.6898815018482954,0.0013262479343241808,0.07468739433641715,0.007564001916619738
348,0.13595151158097848,0.783808428621574,0.0014016087512136212,0.0743870051381938,0.004451445908040318
349,0.05630898074822214,0.9298777382752268,0.0016148359845746,0.009926702360513462,0.002271742631463044
350,0.027822039928703378,0.9597329124931377,0.0027821681999579,0.008016164797177887,0.001646714581023084
351,0.040824968684760245,0.9325746946829746,0.012813072040939111,0.011425730818829216,0.002361533772497093
352,0.026210325762149204,0.9550695666095949,0.009487847811971803,0.006660414524006316,0.0025718452922778422
353,0.018129804951834545,0.9683387852449643,0.008598704859779722,0.002955954972660881,0.0019767499707607017
354,0.00718935927192819,0.8109310318333269,0.17758003372882677,0.002342394932540229,0.001957180233377914
355,0.25919912248564736,0.7168045756367094,0.003284130757034863,0.014072416896987,0.006639754223621354
356,0.008491062813997951,0.9818018346472923,0.007861437052656175,0.000580520987779601,0.0012651444982741194
357,0.055065027459822016,0.9095621434437119,0.027029457706834625,0.0024408577764527305,0.005902513613178735
358,0.012203014636449551,0.9734576289740773,0.01262346717387964,0.0006258603888238519,0.0010900288267697092
359,0.013576993802279901,0.8865426690280525,0.09583701533792706,0.001775192783042473,0.0022681290486981764
360,0.008721835454184023,0.9599645020899324,0.029120211090630062,0.0009380335378229428,0.001255417827430405
361,0.007151613379986163,0.9660611869619229,0.02493693532818272,0.0008426094749970542,0.001007654854910979
362,0.01938169282011194,0.9291995791845322,0.04856012940256297,0.0009936513533492061,0.0018649472394435336
363,0.008683790623960764,0.970424339951699,0.019942510918111982,0.00024320821623521693,0.000706150289992921
364,0.029305177086137495,0.9221813435096831,0.04573474046422211,0.0008374206289264033,0.0019413183110308758
365,0.0039417178650019095,0.9310503212949058,0.0643486436576975,0.00023490355653499074,0.00042441362585988557
366,0.007299086443534891,0.9675011188875464,0.02350933006200032,0.0006562470938931074,0.00103421751302511
367,0.01531829104319385,0.9270222560204073,0.05543539119659231,0.0007495608871523608,0.0014745008526540575
368,0.000920496268248856,0.869731299991033,0.12816782716529113,0.0003082304742970161,0.0008721461011300577
369,0.0042796533096244056,0.9473234339253879,0.04651992217437326,0.0006655977448047579,0.0012113928458096623
370,0.001098166595143125,0.568046327500734,0.4295334949924237,0.0002896844004408019,0.0010323265112583638
371,0.008809565583117308,0.925166288636557,0.06271640183311397,0.0009959414782295297,0.0023118024689820138
372,0.005140471021620723,0.7329000757804607,0.2582760363978245,0.0009070569263598166,0.0027763598737344697
373,0.00508820210023469,0.9415456529944628,0.050407393543981764,0.001141162787492114,0.0018175885738287323
