epoch,N1,N2,N3,R,W
0,0.00020751597072214518,0.00035044008593964406,0.0002910704883749633,4.724994252621424e-05,0.9991037235124369
1,0.00046822093917961736,0.0002126982020482807,3.0227711998428996e-05,3.582664521229767e-05,0.9992530265015613
2,0.001298480491550059,0.00034221519263872885,1.0647756906310504e-06,0.00011147085056214219,0.9982467686895585
3,0.0009452789592404511,0.0003361956182647651,1.6104894981843746e-06,8.664235316217485e-05,0.9986302725798344
4,0.0004778791940647786,8.659001954612768e-05,8.529841581278494e-07,1.0069606031425823e-05,0.9994246081961996
5,0.008050493391323887,0.0001587641965143042,3.851213024634591e-06,1.8916290928554393e-05,0.9917679749082087
6,0.002485956912601688,0.00020425863178371572,1.2311620231651781e-06,4.194871942965347e-05,0.9972666045741618
7,0.05895836755102437,0.0008899708900348351,3.0964926209248645e-06,9.735518033404439e-05,0.9400512098859859
8,0.3936216482778728,0.09553481306434432,9.991313498397904e-05,0.0007768020438057592,0.5099668234789931
9,0.0868249524330133,0.010975344265193244,2.1556984438778652e-05,0.0012508275091466492,0.900927318808208
10,0.07293487207021994,0.01833846323739014,2.572353074857535e-05,0.0017562459512633533,0.906944695210378
11,0.05144297149339363,0.4906293512989147,0.0009141460933025161,0.0047074624891025735,0.4523060686252865
12,0.08487162400394954,0.4401091620780565,0.000530552446795236,0.031964258204859444,0.4425244032663393
13,0.0013942086188331647,0.0006051343577082972,4.25928985126247e-06,0.00050130901457718,0.99749508871903
14,0.22679295066548286,0.011965605534873906,7.905630818157161e-05,0.0044297416703581545,0.7567326458211034
15,0.3696668845276873,0.05324707037114598,0.00011754701890948883,0.029936361809802026,0.5470321362724552
16,0.24123246598530762,0.5654395011551376,0.0009405533967142551,0.0010582776084914463,0.1913292018543489
17,0.11214658010435041,0.757298712890338,0.0013679620184742652,0.0018865387277383814,0.12730020625909885
18,0.0989745854559593,0.7274818379996301,0.001547794436112486,0.00867294009789947,0.16332284201039876
19,0.022709415832335225,0.9271287190564392,0.0016550872561410313,0.002652670296082135,0.04585410755900251
20,0.014229830062552937,0.9583730886661138,0.001696468945477384,0.0007249904877536641,0.02497562183810199
21,0.066835640521206,0.86708599755777,0.0016708685700424413,0.01033228503151319,0.0540752083194683
22,0.22956747234462715,0.3862086017074335,0.0002953281341013849,0.02446438880174176,0.3594642090120962
23,0.17391773318336815,0.7676556962693126,0.0006166200797108316,0.011775627466624713,0.0460343230009836
24,0.07040485182987602,0.9106777738970386,0.0007439197682947983,0.00420439464949996,0.013969059855290419
25,0.10557193404041054,0.853510403664801,0.0007852394025432562,0.003593213496271375,0.036539209395973826
26,0.11831630872957596,0.8307028808593678,0.0018461422652721721,0.004279480065548795,0.044855188080235496
27,0.09966398643319994,0.8547819768915896,0.0017931616950172568,0.00888279930129306,0.03487807567890026
28,0.0604000930405918,0.8663316493668922,0.023767443070401715,0.0026853340119806033,0.04681548051013358
29,0.21258840292805342,0.7202440004165565,0.002681173628452275,0.009920877202977855,0.05456554582396002
30,0.060790557913529435,0.8937619686303462,0.006740914402173321,0.003139248709083988,0.03556731034486695
31,0.05589976878951409,0.9212065216825108,0.002491618076763895,0.003067125199040432,0.017334966252170625
32,0.08508397958178106,0.8841617372211447,0.005482268283318946,0.002181990250813198,0.023090024662942268
33,0.034999626819667194,0.9233965327857703,0.019811563257554954,0.0018469870896122042,0.01994529004739527
34,0.019449981070305808,0.9306108912334794,0.03330208933259326,0.0017998962847773235,0.014837142078844184
35,0.045429040226072775,0.9326095792048983,0.006083432096658765,0.005833687013316712,0.010044261459053313
36,0.02425102229474557,0.9383073621652837,0.026742762365505445,0.0018803355497260326,0.008818517624739149
37,0.07524305903238464,0.9049323274200207,0.005943925357787659,0.003195625369964882,0.010685062819842044
38,0.012694530448066456,0.8837857504753719,0.09166126331785797,0.0009926189815686016,0.01086583677713524
39,0.03378948938868744,0.9167865484261366,0.03370180184104625,0.0022543628458342444,0.013467797498295594
40,0.03657964075665954,0.946109688918972,0.005279319945395092,0.007635366911605665,0.004395983467367731
41,0.004927905662925678,0.8887525832822925,0.09391721572980274,0.0013595306982710944,0.01104276462670787
42,0.019865668743380704,0.9265579722083519,0.03351722190655923,0.0036729685332976126,0.016386168608410374
43,0.022511080740066813,0.9367168570343293,0.021785737419178677,0.0037156712185315503,0.015270653587893524
44,0.006701194574919419,0.8919772382365265,0.07871947930766816,0.00235394523959316,0.020248142641292828
45,0.018017970556353468,0.852612585012407,0.05420982035635894,0.0023928821700681772,0.07276674190481247
46,0.12310348522119959,0.403432723951408,0.0037176048238881936,0.00612600335619657,0.4636201826473077
47,0.07045429281943355,0.2913300737618158,0.0008566474045512309,0.004571925685025301,0.6327870603291741
48,0.06751133877365392,0.6401356517392598,0.0024972495484258134,0.0009621717227397456,0.2888935882159209
49,0.18920554640573486,0.5552432395726749,0.00116637814980205,0.005279264102510226,0.24910557176927803
50,0.022956494725168055,0.9100848801312191,0.0025167075243778723,0.0014651899312690005,0.06297672768796606
51,0.12510066219175506,0.028121363176066,7.030143653687736e-05,0.0016142490467865162,0.8450934241488555
52,0.2940638686478811,0.45221651432233917,0.0005116355013388988,0.004404473884005104,0.24880350764443582
53,0.2533649424676726,0.6129664395558491,0.0015903673792699578,0.0022303619887473745,0.12984788860846097
54,0.23960591599659806,0.7189652411081954,0.0008809513710231935,0.0022629701564557724,0.03828492136772764
55,0.019376478072776475,0.934764708674494,0.01363801304216589,0.0005188377063782804,0.03170196250418546
56,0.14171174416240093,0.7015783992616027,0.002480442090385983,0.016364369412595278,0.13786504507301517
57,0.05325348079803134,0.9130957461993563,0.00383926571898295,0.004246267057798971,0.025565240225830507
58,0.03340219204905033,0.9404670819701509,0.005449821335410834,0.002114598350153078,0.018566306295234657
59,0.09197453796557005,0.6326155363009844,0.002850731789169195,0.004655071068757473,0.2679041228755189
60,0.15999538304491015,0.6847127274932707,0.0014142860686982876,0.035030116570427795,0.11884748682269324
61,0.05317380759739801,0.8305490016863941,0.0006013660361777918,0.008708149933427493,0.1069676747466025
62,0.05275779414450972,0.9248648598668745,0.0004975316194891792,0.004147713691037223,0.017732100678089568
63,0.019814340842768216,0.046033050835008235,0.0006189839314753846,0.0007363868087290363,0.932797237582019
64,0.3020594631731358,0.26568963266044116,0.0004879868551519865,0.013727644854813459,0.41803527245645783
65,0.12665269511379668,0.7722102510264376,0.0013559573960746538,0.0059577475469200026,0.09382334891677112
66,0.23617523020746156,0.7181081435831727,0.0012688459258508233,0.005833215284252906,0.03861456499926187
67,0.04104602602980907,0.9319647513064153,0.0017399165839308052,0.008110859476439181,0.017138446603405674
68,0.13827726013381242,0.7941089452191001,0.0010043329183545586,0.03187353039691313,0.03473593133181972
69,0.02114883879307479,0.9669994888895559,0.0011336561573310954,0.0025514441544663632,0.008166572005572113
70,0.1052971933024566,0.8427325227831176,0.0018251157115204081,0.013582851488742378,0.03656231671416305
71,0.0548944873335981,0.927025415241377,0.001329097344616635,0.0040446306539873,0.01270636942642089
72,0.021229261157682457,0.9473102943219004,0.004938768693655813,0.0013940364469583024,0.025127639379802946
73,0.09492689168306047,0.8523766314903143,0.0012717009241421191,0.010665168391990705,0.04075960751049239
74,0.018358992776527933,0.9625236323991021,0.006084026103652651,0.0015109604190811175,0.011522388301636212
75,0.01911133326502666,0.9378875195772799,0.01032710368054142,0.0034992259356391433,0.029174817541512844
76,0.15332507777864302,0.7965051313730053,0.0019000755961271622,0.009685120184859921,0.03858459506736444
77,0.024010944302744988,0.9476464682685578,0.0023079160295263043,0.001532605073045877,0.024502066326125074
78,0.025652992123399696,0.7398841388462672,0.03875029627471015,0.0015350367522618117,0.19417753600336113
79,0.010612577282396648,0.8447205098437808,0.12032850724443729,0.0010454513241330262,0.023292954305252408
80,0.08589860761607938,0.6553534315402173,0.012415685844074131,0.005410207082696752,0.24092206791693235
81,0.020431392769782813,0.9283191776705829,0.01951063667472861,0.002990523456650298,0.02874826942825526
82,0.061637938602120086,0.2122496549441307,0.0013540980105368509,0.020567417068615933,0.7041908913745965
83,0.1616150455234694,0.425314522427997,0.0018318128298878363,0.09728572533681593,0.31395289388182984
84,0.12625174733053304,0.32042641970693814,0.0005789113861451683,0.23535214199879156,0.31739077957759204
85,0.17234776845049496,0.05983494551724719,0.00019333547775049882,0.016837914086758474,0.7507860364677489
86,0.4843705162617642,0.03583644043901974,8.019305001784559e-05,0.28100964775232673,0.19870320249687157
87,0.13383529234078223,0.3476475331615756,0.0010497893462975457,0.08787763581143739,0.4295897493399073
88,0.44237745556919,0.04606247702677114,9.500836428954522e-05,0.3306127190006085,0.18085234003914077
89,0.16625331282658742,0.08066655351016941,0.0002454412734146556,0.34916155826462875,0.40367313412519984
90,0.16468682327929418,0.06827906310925881,0.000125602323357792,0.5583946785439651,0.2085138327441241
91,0.0934954378881301,0.011033997167304332,4.1527181336470305e-05,0.15563802281893802,0.7397910149442911
92,0.2699579795186678,0.028024175520265995,5.57456318166757e-05,0.18850537755884608,0.5134567217704035
93,0.44444707276773676,0.030229683167673667,5.588957378028129e-05,0.1211135988312645,0.4041537556595448
94,0.2732960409877443,0.06410257208895065,0.00012240699338295167,0.11087629277160214,0.55160268715832
95,0.09872455179357346,0.04752781911791133,0.00013150461140712283,0.30244382008730347,0.5511723043898046
96,0.19167057999958684,0.04622388610660408,0.00011446964471068804,0.4249312798755743,0.337059784373524
97,0.01890594867305993,0.004407634766836591,3.293179548169481e-05,0.11176902909627073,0.864884455668351
98,0.15720113670140845,0.011086390995740967,5.403497022503881e-05,0.49164480249933873,0.3400136348332869
99,0.09102238386112625,0.019731649203315396,2.256277845585295e-05,0.09073338796305436,0.7984900161940481
100,0.28161377742702176,0.01780834231140367,3.5116518046161125e-05,0.27022428737341825,0.4303184763701102
101,0.06019693030104589,0.02291294138041102,9.213027948650829e-05,0.5448191364943055,0.3719788615447511
102,0.1265322740812295,0.01709529162856371,5.2573629929613896e-05,0.27105020674213287,0.5852696539181442
103,0.06412496155261031,0.022462569561887056,6.917450811575107e-05,0.3174860011818268,0.5958572931955601
104,0.11540510712756945,0.01619106216853417,6.18515041440469e-05,0.2039556776874566,0.6643863015122958
105,0.16845428800858708,0.0215624953772465,6.674773155332945e-05,0.4234655084959856,0.3864509603866274
106,0.05206992518844465,0.01010823729440288,3.3873809761180085e-05,0.035911076153650336,0.901876887553741
107,0.08583927236595756,0.017957235519420144,6.947920913056583e-05,0.04096061102436359,0.8551734018811281
108,0.20812755534885657,0.017227758129573587,9.033109196827803e-05,0.2385937954273725,0.535960560002229
109,0.03288715357407005,0.003956623804544041,2.9022422836691348e-05,0.09105109396190396,0.8720761062366453
110,0.06002729566133265,0.0014188345155977057,1.4888132230744819e-05,0.04793960623313121,0.8905993754577076
111,0.04011866570091607,0.005109512192298962,1.0237491289751181e-05,0.05576615238880648,0.8989954322266887
112,0.10914873255538346,0.0021754894148032734,2.021775743864984e-05,0.0327107111755341,0.8559448490968405
113,0.28406324784875225,0.006442728771459581,3.102350912496777e-05,0.09605472105244282,0.6134082788182204
114,0.13267895809656216,0.007705067014513552,2.4948138852230304e-05,0.12188729633170173,0.7377037304183703
115,0.23100261409154454,0.005158846435865722,1.5441024280452394e-05,0.06923088082780346,0.6945922176205058
116,0.11854106953111969,0.003251186639002743,1.7045968286073565e-05,0.11407212645298981,0.7641185714086017
117,0.17251669646638995,0.0051605342023130505,1.8912688297282256e-05,0.2283584719949381,0.5939453846480617
118,0.057485869505503655,0.0028352080470090456,1.463805995729746e-05,0.13941162391715048,0.8002526604703796
119,0.07053844525575559,0.002416518170445127,3.024181103781635e-05,0.16094785164672878,0.7660669431160326
120,0.005915537150604868,0.0004046437819003213,0.0001069012953462295,0.02232410285870154,0.971248814913447
121,0.0035705050643566596,0.0002366459426952356,1.0460824419949676e-05,0.018105896583753733,0.9780764915847745
122,0.052081371760412845,0.0006337688096293997,9.053351322977698e-06,0.021362132400403896,0.925913673678231
123,0.014828262430660613,0.0005132539986387464,5.388817589092052e-06,0.0076864063767938225,0.9769666883763178
124,0.17513349785781884,0.006878343775502855,2.5556568747903287e-05,0.05110309110307084,0.7668595106948596
125,0.1260794117101107,0.007143996350869431,4.362412277937151e-05,0.040903304890612224,0.8258296629256283
126,0.11209519425921632,0.12060488164990245,0.00012309723300375498,0.1793960912338278,0.5877807356240496
127,0.15627601008596542,0.05867614380043009,0.00013515160656928004,0.5006971505548246,0.2842155439522107
128,0.05390825040529067,0.01598470841900451,3.482153865774624e-05,0.15545403052440385,0.7746181891126432
129,0.020884177272865095,0.011744858995465447,6.725801065257856e-05,0.10493848370747608,0.8623652220135408
130,0.1881707103941396,0.033226416655658474,5.373487533805109e-05,0.4459616844054454,0.33258745366941833
131,0.09011090718055471,0.04277873924637903,8.071194231647776e-05,0.23187545731104955,0.6351541843197002
132,0.08800950726121164,0.07497984410326496,0.0002522995960922203,0.6134595613284306,0.22329878771100067
133,0.07240440678528849,0.011483432063206891,9.972176934857956e-05,0.5516907610579962,0.36432167832415974
134,0.005161854153611082,0.0021383326587104006,2.086299227165274e-05,0.11525551193329193,0.8774234382621149
135,0.04853514615367302,0.004195797478409163,2.0222598484005915e-05,0.6665059688627456,0.28074286490668815
136,0.06430734758745722,0.001028067186094769,7.561799482814448e-06,0.044313158587504196,0.8903438648394609
137,0.18509244817573486,0.003544552431169151,2.9642806548746917e-05,0.05827945498023964,0.7530539016063077
138,0.030068626477550146,0.001559497996279436,2.863950086252478e-05,0.03137721765900192,0.9369660183663059
139,0.026914646567338753,0.0019132863966547656,1.825431396135082e-05,0.02961610400215053,0.9415377087198946
140,0.09448242421338172,0.0028977803667015736,5.816580820244402e-05,0.13388887708865027,0.7686727525230641
141,0.11443908211299306,0.003517563444369884,5.229295778606632e-05,0.14213892203340103,0.73985213945145
142,0.09683261721500368,0.014536867598719784,3.86453265751133e-05,0.7514931379839733,0.13709873187572816
143,0.048662540529419825,0.008642481157540976,7.273970137178188e-05,0.13196634194290346,0.810655896668764
144,0.046848386860903805,0.010228896596078353,7.673725153037142e-05,0.13308821695684933,0.8097577623346381
145,0.15456839732566546,0.12057998621720978,0.00028549389526455395,0.3994337265445096,0.3251323960173507
146,0.028000638570696772,0.002292786121903415,3.1078085560193475e-05,0.08706863175180041,0.8826068654700392
147,0.018706855954984867,0.0035315804161781582,2.20450463196305e-05,0.02088006071951031,0.9568594578630071
148,0.11696778549610201,0.004949450680871888,2.731610200575939e-05,0.10753262078464712,0.7705228269363731
149,0.1766317021073713,0.00902917176371432,3.4194895455983206e-05,0.027371876517154992,0.7869330547163034
150,0.31270515017792727,0.13014256586876016,0.00013958380768562225,0.1207239951571716,0.43628870498845523
151,0.129945742448004,0.646520596897481,0.0004291134286970935,0.10360979715453417,0.11949475007128364
152,0.1048811839658772,0.13766302883561887,0.00032694755226206953,0.38133829193252866,0.3757905477137132
153,0.08745089116459033,0.406050997273682,0.00023679142218305311,0.17101084050418894,0.33525047963535576
154,0.15141598161830805,0.09824072731167191,0.00020986379044176341,0.12444542456125154,0.6256880027183268
155,0.3704921256333641,0.4665815954788183,0.0003570431011802929,0.07642795654762533,0.086141279239012
156,0.17037015951630036,0.6684111912884363,0.0006602170388182477,0.09798068356083986,0.0625777485956052
157,0.06469004205425394,0.9015350135196301,0.0024455170160062843,0.01083222787161071,0.020497199538499114
158,0.22272400992516225,0.547715227239423,0.00027312496174006646,0.18817260561785146,0.041115032255823275
159,0.07910399337654851,0.8611093568051476,0.0009598121303968,0.04772327621356167,0.011103561474345366
160,0.09006060760968747,0.8593395777220201,0.00038224341881938086,0.040508742368306885,0.009708828881166236
161,0.032924629623120046,0.956592490636341,0.0011215468029416068,0.005391998191323036,0.003969334746274459
162,0.08609797366522758,0.8808736492507893,0.0005836308149020472,0.02582613734239583,0.00661860892668513
163,0.03591808392742294,0.950666162764733,0.0023265215050072177,0.006048291114835969,0.005040940688000887
164,0.028615077964986906,0.9509574330171887,0.004489040145067903,0.009064054921965383,0.006874393950791213
165,0.02182308837901324,0.9561408143308244,0.007962017684782875,0.00840167623569781,0.005672403369681306
166,0.018495744677673107,0.9676705110887114,0.001484807408151475,0.007926126740976551,0.004422810084487586
167,0.01387680421043279,0.9765808907066331,0.0020841554396921246,0.004825530806305271,0.002632618836936786
168,0.02570484021363755,0.9596845638393257,0.0039868041517153955,0.004774756078155795,0.0058490357171657615
169,0.10363340809310141,0.6628652209217334,0.017230338148592383,0.0042013427511808305,0.21206969008539214
170,0.22380379395419137,0.7255696084744508,0.007439182078543444,0.003275320797214463,0.039912094695599885
171,0.1843236977043547,0.7864209690403822,0.0008827074550350811,0.0038294222650815273,0.02454320353514659
172,0.0940573762722912,0.8461752950217708,0.0169377638330618,0.0015141799105641168,0.041315384962311956
173,0.024433182611224128,0.9636682507177902,0.002046572173095176,0.0023089419274784258,0.007543052570412129
174,0.05882503068333037,0.9179444922025469,0.003395827248718622,0.004480425122777506,0.015354224742626623
175,0.01961088595783949,0.9700839690947316,0.0029716883634662043,0.0017924789644756351,0.005540977619487011
176,0.007620007970700573,0.9313530795093888,0.052759980257048394,0.0014179481005047669,0.006848984162357377
177,0.01175373746984167,0.890162077289424,0.09197997768313126,0.0019211186372030396,0.0041830889204
178,0.13339839047232546,0.8242660454774303,0.014837125578741143,0.002801316825548709,0.024697121645954268
179,0.04370939688368728,0.9384651519417253,0.009999574198965253,0.0020257985423993295,0.005800078433222898
180,0.013734836050668366,0.8924004596273618,0.07410358498274643,0.0009660767687706205,0.01879504257045286
181,0.03541069941827905,0.9459766982280473,0.01317369056166245,0.0013329784299076462,0.004105933362103437
182,0.010504125700221984,0.9469841087697051,0.03837237791952992,0.001284691068560498,0.00285469654198273
183,0.0026849051383004276,0.5635309236380409,0.4294227937177798,0.0013149839045019564,0.0030463936013768586
184,0.018927013886819978,0.950118911627011,0.02243235812998157,0.0034460720338751276,0.005075644322312462
185,0.00674908232658333,0.8248291498560029,0.1603333798075735,0.0029005709744696732,0.005187817035370674
186,0.0036928321844298373,0.8589142254385159,0.13288556878060237,0.0011334843859352004,0.0033738892105165392
187,0.0028549468736201117,0.7564712042734139,0.235984111975846,0.00034531589535692766,0.004344420981762991
188,0.005162126076080715,0.6123521861144355,0.3706258167373917,0.00068253182382375,0.011177339248268307
189,0.032787478216739066,0.9041271117829083,0.056119780561331434,0.0018281886403580647,0.00513744079866316
190,0.003945556740467812,0.81859045210423,0.1640012289990937,0.0006711998828812118,0.012791562273327266
191,0.0018387062183625835,0.6017484189488118,0.3906156035814931,0.000353010290665289,0.0054442609606673775
192,0.0016206660004285324,0.45873640290638884,0.5364316161899949,0.0003725731568825107,0.0028387417463053262
193,0.005851864243181769,0.8161304447361964,0.16913995551027794,0.0015331751611946884,0.007344560349149236
194,0.0004033497990630188,0.1723226224923118,0.8259005217863913,0.0002564940240504484,0.0011170118981833573
195,0.0020059639205760073,0.5268863544280447,0.4659916929218333,0.000987582450566225,0.0041284062789798594
196,0.01007279986029752,0.8461892840094383,0.13435734086540438,0.002710087093292595,0.006670488171567436
197,0.0016493963540065394,0.1976091067332905,0.7933261274627166,0.00035539047410108833,0.007059978975885224
198,0.001095748851853612,0.24025821624383303,0.7536593294784107,0.0004003097744301204,0.004586395651472465
199,0.0007044119706248179,0.08083800914771658,0.9154369803513084,0.00012882505829224825,0.0028917734720580145
200,0.00457691602550585,0.7110707114258081,0.27515246898374895,0.0025835316954952057,0.0066163718694418555
201,0.002198494884058359,0.3298439625489261,0.6625860002224481,0.0006686494250710297,0.004702892919496422
202,0.002221168032053042,0.4763865032163559,0.5146914635649735,0.0007711941607443416,0.005929671025873229
203,0.0022566217138495046,0.29103264894887576,0.699061498825326,0.0011029693110685493,0.006546261200880228
204,0.0010666243271259532,0.2127876215143831,0.7834013665238851,0.0006849685807470327,0.0020594190538587576
205,0.0026466455204084815,0.5666089398837556,0.42218800973370396,0.0031318390149046704,0.005424565847227375
206,0.0038152350783804564,0.6879882678115103,0.2958283802315678,0.004919834707282827,0.007448282171258662
207,0.037274368131259776,0.4721691488954113,0.411774265365565,0.008622536203841987,0.07015968140392183
208,0.09160107872401313,0.8313679950109005,0.0393919531933105,0.023626657651641306,0.014012315420134508
209,0.10697130335152535,0.8388826430534957,0.01716004946138708,0.015934678196452737,0.02105132593713921
210,0.1307684427557476,0.8309155220981493,0.018209557276247394,0.012406429928641143,0.00770004794121437
211,0.08214296477450146,0.8751981801332638,0.019731076337353156,0.01563508785816366,0.0072926908967178355
212,0.025704700148841977,0.9094557517206456,0.04953422647331511,0.004982467089782017,0.010322854567415182
213,0.0029911219238960584,0.7322752970987809,0.2616103122253121,0.0010271680737350833,0.0020961006782756627
214,0.0008237368011846689,0.27955053795545587,0.7166697992574242,0.0010720106845854987,0.001883915301349723
215,0.0007180019790363901,0.18208511906198785,0.8139458694597508,0.0012819550954879363,0.0019690544037369983
216,0.0009552459933913676,0.2616418833155458,0.7314820765730132,0.0011891254636827984,0.004731668654366771
217,0.0006645696394407152,0.1708471557627363,0.8220959631488746,0.001384516914448137,0.005007794534500236
218,0.003298301548926458,0.24934890324092351,0.7400022153166614,0.002342328540640883,0.005008251352847712
219,0.005847206924157995,0.5324646129162482,0.4456294609495728,0.006245830688215103,0.009812888521805807
220,0.0005380207814961402,0.053599912430656066,0.9444462204680115,0.00026895203571543244,0.0011468942841207164
221,0.0012080828367750712,0.2414874293797858,0.7543349387871869,0.0005814841601328779,0.002388064836119447
222,0.0006817145463962217,0.1011861849762583,0.8926994822227325,0.0011087039565023363,0.004323914298110558
223,0.0002846044363374453,0.06487719534449299,0.9322539024295841,0.00020787198853308367,0.0023764258010525495
224,0.0002090002186636259,0.013022476777621878,0.9848568931761694,0.00018412719853080727,0.0017275026290142213
225,0.00011274115887782204,0.03194996827861998,0.9669841045465242,2.2045382192828204e-05,0.0009311406337853119
226,5.816788559998979e-05,0.016997322917122252,0.9825180536365336,1.999026666751335e-05,0.00040646529407656996
227,0.00018212111926764102,0.06226323624808157,0.9362827711791135,3.774894383553746e-05,0.0012341225097016256
228,0.0002767006190097395,0.06875626266918058,0.929765922646091,0.00010737951741382315,0.001093734548304797
229,0.00032334341570881104,0.08053632678611045,0.9167726672712487,0.00013498948229174885,0.0022326730446402387
230,0.0002724628844994131,0.058461995413760674,0.9397843164884703,0.00016629839005124288,0.0013149268232186503
231,0.0034850180038265093,0.19841743556710478,0.7941714873296918,0.0006058625932118775,0.003320196506165061
232,0.0007162677831791389,0.20292249960246386,0.7940368601932967,0.00048372033270890365,0.0018406520883514719
233,0.00018258022010279577,0.05484206342564739,0.9434110088223393,0.00013228771358132804,0.0014320598183293301
234,0.0005384507357991313,0.14250437180500758,0.8536590544147072,0.0005297204569973765,0.0027684025874885514
235,0.0013267393156786423,0.24477260161199582,0.7500542892080936,0.0009346102266787124,0.0029117596375531794
236,0.0005915014573141619,0.12905764091942745,0.8675786576072837,0.0005861149991007813,0.0021860850168739484
237,0.00114670230635342,0.060393601987908004,0.9363669168389127,0.0004682143802418011,0.0016245644865839353
238,0.0002978035461250688,0.0688220978118117,0.9299321625333569,0.00023737677380870152,0.0007105593348977142
239,0.0005443303001624904,0.05388932301724359,0.9443256488340878,0.00019132464804050655,0.0010493732004656388
240,0.0006171910406284673,0.08517506052695405,0.911831783552575,0.0004827513427630613,0.0018932135370795147
241,0.0003051699745492388,0.024487922586344354,0.9745406831756298,0.00010471730260208736,0.0005615069608745182
242,0.00041130922097000076,0.10397868643545367,0.8936774395344231,0.0007541891256661197,0.0011783756834869662
243,0.0006299689695380484,0.08500420985578178,0.9110395422327879,0.0009718378277886303,0.0023544411141036303
244,0.0008055892974863625,0.1996493894886555,0.7958017003304317,0.001023543850400387,0.0027197770330259587
245,0.0010016486390018932,0.19385378905217115,0.8022520313527223,0.0009082796783863703,0.001984251277718188
246,0.0010080388629469673,0.08013683191207208,0.9156244036675869,0.0013626283575045907,0.0018680971998895294
247,0.00046472125081258107,0.07926797871877603,0.9188180946666871,0.0006162236709969183,0.0008329816927275782
248,0.0018702489495571286,0.19712429757592703,0.7902951525524136,0.00629644865336756,0.004413852268734603
249,0.001896925081631723,0.1803164442016349,0.8121551655665626,0.0030791006057797605,0.0025523645443909725
250,0.004372246499523302,0.48899031045902613,0.49555116496454765,0.006721429545409836,0.004364848531493074
251,0.00047428437618514494,0.06948044702292322,0.9280475072433945,0.000853512238597256,0.0011442491188998916
252,0.0005436904926133184,0.13841062323164277,0.858638788452078,0.00075617979690159,0.001650718026764414
253,0.0005865079770116942,0.07018791830720877,0.9260462673679104,0.00040155265182595704,0.0027777536960431164
254,0.0008757817069882045,0.13191813555331483,0.8595310139721141,0.0019838720504104152,0.005691196717172485
255,0.006612980685111955,0.26678563871534416,0.7210657265746534,0.0012457868553393764,0.0042898671695510236
256,0.007746097754407618,0.5982156635715367,0.3727540988875184,0.006880615533845973,0.01440352425269109
257,0.09659328267744823,0.43720950759737437,0.05314384528713868,0.014655091456906967,0.3983982729811316
258,0.022847093909979455,0.5732387967721564,0.351561933100125,0.01440026743756578,0.037951908780173405
259,0.04345535208571218,0.7345694831371479,0.11173384263598456,0.015146204620025187,0.09509511752113024
260,0.042600712945273414,0.8351775141518117,0.06684585679533744,0.01599200138734341,0.03938391472023399
261,0.048943451810997705,0.7375889144455801,0.1462933865015184,0.04102158224181351,0.02615266500009021
262,0.1923001044612142,0.6644461232867623,0.014420022127461648,0.11416618886421719,0.014667561260344564
263,0.08304664246220203,0.85858589468203,0.019339891452191938,0.03180688646103841,0.007220684942537668
264,0.05190867660411774,0.8063701088251854,0.016878503189986464,0.11758741550269415,0.00725529587801629
265,0.05060416669041305,0.8494008066414622,0.06373199992931934,0.02864157809509551,0.007621448643709913
266,0.0459517131301948,0.8785074530750364,0.028544968841145994,0.03407202411462561,0.01292384083899715
267,0.13546367712189092,0.7212663383384538,0.01002015233987915,0.06354783248858131,0.06970199971119483
268,0.04103695516930962,0.8682531187505512,0.024889469751005575,0.04084038849408719,0.024980067835046495
269,0.16127901096206657,0.6846167521065757,0.005435296805990062,0.10767624576251297,0.040992694362854576
270,0.21949136059322097,0.6919443025132854,0.009808861707885495,0.04316240232814853,0.03559307285745956
271,0.20732692593392543,0.6588814164279397,0.03525015132604961,0.06316036608757829,0.03538114022450694
272,0.15088441685693182,0.7276192396363481,0.02781109856404702,0.0487247588054747,0.04496048613719835
273,0.040887650154063905,0.03152453196687222,0.0016967761366130088,0.0029284889665934124,0.9229625527758574
274,0.5137739185899155,0.3388208835750905,0.0022527914544026814,0.027064696888820433,0.11808770949177094
275,0.2800729629523468,0.6400784984621605,0.0037904947309189627,0.013779255435414145,0.06227878841915941
276,0.436410949118974,0.48206268168017563,0.003685423951981063,0.01040616583785606,0.0674347794110133
277,0.04234446702794204,0.9093263580932639,0.006225081280517747,0.033766806470882794,0.008337287127393483
278,0.07412728937268652,0.8087917906845127,0.03766678929799377,0.042215477729967685,0.03719865291483948
279,0.1681888715730199,0.597390440286239,0.019327916846523636,0.03747457681370671,0.17761819448051067
280,0.11614627976549323,0.817861732021686,0.004858318784563045,0.04381938382388666,0.017314285604371035
281,0.23145674440840863,0.6826149199134435,0.004663423200055457,0.0288647230224714,0.05240018945562115
282,0.29058927880944563,0.6566722214438279,0.0034204381405710045,0.026427196541816633,0.02289086506433891
283,0.2844191403973411,0.5450313228448922,0.009055757757742288,0.022904322113914365,0.13858945688611013
284,0.10472943364642398,0.8244339634305219,0.004749600974009143,0.005713682377161995,0.06037331957188299
285,0.5417783345999567,0.37807180337746427,0.0029906575468697035,0.04686728666428005,0.030291917811429238
286,0.11175950512453517,0.8438802797360573,0.02080210461204181,0.013262647453262938,0.01029546307410277
287,0.10775423299573679,0.831468485722574,0.007528844887195086,0.04760185882438485,0.0056465775701093155
288,0.01204291431883857,0.9076118119249074,0.04838811674746398,0.01002370588720257,0.02193345112158769
289,0.12007896370473141,0.8164802739695053,0.01020104098366596,0.04016551147633662,0.013074209865760869
290,0.26804389459472083,0.6009565333365825,0.004980157075164991,0.0780923483680335,0.04792706662549808
291,0.02974865361539637,0.8518762032577528,0.08650053699304368,0.010663462199778647,0.021211143934028415
292,0.1067667032091504,0.7755485817699725,0.014724776751288244,0.08063916854288146,0.02232076972670729
293,0.06894515359381473,0.8082094837677553,0.03383159809202812,0.056520879520654314,0.03249288502574767
294,0.013263133160775152,0.40732501441820407,0.5655650715457824,0.007499655106929347,0.0063471257683089775
295,0.1859116682391577,0.2869959716973604,0.015803595696729022,0.33254246059095216,0.17874630377580064
296,0.11088907466369838,0.5504039892911796,0.009427469588778152,0.3032855851877896,0.025993881268554214
297,0.0660417516150887,0.04291409189796764,0.0033969604801702908,0.08522912287627339,0.8024180731305
298,0.3155061628266314,0.15916153087774917,0.002067079248869366,0.37104379443626306,0.1522214326104871
299,0.2982349497205013,0.21455599595342228,0.0009504259707074664,0.4060376462611991,0.0802209820941699
300,0.49815740279601767,0.13374277840446788,0.0020988239612795383,0.16261584717232752,0.20338514766590746
301,0.19670828185547626,0.06425489512396564,0.0011661519680858908,0.3234453956305676,0.41442527542190455
302,0.23538843346408092,0.19392030006374342,0.004222615067560999,0.4439337706151847,0.12253488078943003
303,0.2574568690362636,0.10088890232366042,0.0031834499348333645,0.576196995548836,0.06227378315640677
304,0.010725244675698211,0.012271763999863568,0.004529951363115125,0.0026732548637812856,0.9697997850975418
305,0.10604373192211249,0.033022257434396546,0.0002767867795943379,0.030265072676467216,0.8303921511874294
306,0.47390672341056206,0.28517731648883976,0.00535062090967339,0.05134934519471523,0.18421599399620944
307,0.3951458542072033,0.2867808236765876,0.002071048952749116,0.10477928517151491,0.2112229879919452
308,0.06551936783754723,0.6277444116759927,0.0007299007214991709,0.2961741245998631,0.009832195165097935
309,0.05800602294949875,0.14355402427619474,0.00010946398368748102,0.769904862992233,0.028425625798386065
310,0.0486939784372043,0.13740566076892038,0.00017009343919309017,0.8021601879962337,0.011570079358448396
311,0.018478474889716746,0.015009158494270572,2.9558080298847443e-05,0.9636607862320489,0.002822022303664804
312,0.017364465596749073,0.01583354627725841,2.1994716680290786e-05,0.9638316734455926,0.0029483199637195204
313,0.030529170194681193,0.010062475662375982,1.7981584264711952e-05,0.9472824578402466,0.012107914718431615
314,0.026850795680347442,0.006421639566398959,2.3538386316839602e-05,0.9599878074322179,0.006716218934718768
315,0.014930085126555552,0.007651860636475889,1.9944931724942673e-05,0.9724752795489563,0.004922829756287446
316,0.030522436429479206,0.007747576941686407,1.1997457687142821e-05,0.9436211868028368,0.018096802368310527
317,0.03095620630156508,0.020917910859549912,5.9033053152556015e-05,0.9047666181106078,0.04330023167512483
318,0.013881693197840814,0.006102966080497753,1.3384594480552961e-05,0.9749855296980355,0.005016426429145411
319,0.01081766351517825,0.0034102879016210032,9.058076805713835e-06,0.9737118009498077,0.012051189556587343
320,0.01946529152302216,0.005356169885555536,2.3186860057520927e-05,0.9500835290866133,0.025071822644751565
321,0.026123582608444103,0.006585783428456784,2.617643780246192e-05,0.9463125586318747,0.020951898893421854
322,0.04533938908182213,0.006107338570078442,1.6814984842956046e-05,0.9200540351835216,0.028482422179734897
323,0.06697104673098994,0.012112516640155542,3.36243130288003e-05,0.9012202976642006,0.01966251465162514
324,0.1673456305340171,0.0075093048567115295,4.838884455611498e-05,0.726241018179807,0.09885565758490808
325,0.22987541999150213,0.012227674817176406,4.4569258955613225e-05,0.6966052408418936,0.06124709509047221
326,0.20697290174700136,0.009663290500345378,2.502823649284231e-05,0.7152360212559712,0.0681027582601894
327,0.40776390863297,0.009294435370255996,4.491606551857139e-05,0.483818997546858,0.09907774238439734
328,0.20885072238432154,0.012892118575855272,4.654509202672109e-05,0.7497685951092178,0.02844201883857871
329,0.11841637267116076,0.011716665462148619,5.233987808885951e-05,0.8516003532188343,0.01821426876976726
330,0.030281673990331364,0.006223313952173779,3.0729884240652755e-05,0.9488640607172971,0.014600221455957175
331,0.048156072909898526,0.008259100172672848,3.515286132756481e-05,0.90743394825665,0.03611572579945101
332,0.03610142148623857,0.00798024356659914,3.881472315951028e-05,0.9270777690788231,0.028801751145179723
333,0.04101780580106741,0.007667469024406547,4.0886077669440345e-05,0.9108003924501491,0.04047344664670754
334,0.0509978198585388,0.004657926766055015,2.5004191065517493e-05,0.9229137982652912,0.02140545091904946
335,0.025581095657749183,0.006398938240378643,3.1880397420165875e-05,0.9549725979240028,0.01301548778044922
336,0.03567443747698938,0.005052833955761506,2.1763032621144347e-05,0.9319630557686716,0.027287909765956214
337,0.056630227685085126,0.006275536775840388,3.861349866099413e-05,0.9061170872350585,0.030938534805355185
338,0.0884513753148933,0.008474776521114967,3.649138518154817e-05,0.8539061048404172,0.04913125193839314
339,0.11363382283584317,0.013327535250333871,5.6190920547755505e-05,0.7846972289820746,0.08828522201120048
340,0.1314999350699898,0.012420125315128832,7.417730103579809e-05,0.6977464294646322,0.1582593328492135
341,0.13761751044374218,0.026012147662876076,6.762016788590934e-05,0.7755865932283836,0.06071612849711218
342,0.08633747564291008,0.016069550776325017,9.223536034447315e-05,0.4291159938827796,0.4683847443376407
343,0.12046574543766876,0.017406255858262856,0.00010114006181996696,0.30001520716346836,0.56201165147878
344,0.23479901748694387,0.017004947762343788,7.272477399042463e-05,0.4096889192680487,0.3384343907086732
345,0.42814957277985755,0.0208746207394345,6.125013115845976e-05,0.38864962765625777,0.16226492869329154
346,0.29309276536442896,0.019369029083977876,9.706326982010867e-05,0.5862455254193293,0.10119561686244381
347,0.16593403212887867,0.015368208485664121,8.103560274030408e-05,0.6507174117549279,0.167899312027789
348,0.10926101973126125,0.010077828722474168,3.9370322081326234e-05,0.8046665296007789,0.0759552516234043
349,0.13079568094928515,0.015089439672625502,4.828677956342595e-05,0.8048766258214413,0.049189966777084725
350,0.18121172469347216,0.014482640463370593,5.7321673436491585e-05,0.7032337829761789,0.10101453019354176
351,0.06061135083435762,0.014766763113909525,4.372563625259514e-05,0.9001443512565102,0.024433809158970213
352,0.091170331304291,0.014700284349342958,4.400352583017063e-05,0.8437844114112979,0.05030096940923806
353,0.08449538524232944,0.013758264393052052,5.5651371693527634e-05,0.8495975739440766,0.05209312504884827
354,0.12912928712013766,0.011833747777533292,7.444381900689683e-05,0.7269748118886814,0.1319877093946407
355,0.11704834421083184,0.010350384877912334,4.643175859254403e-05,0.5049471882511477,0.36760765090151554
356,0.19882151918313817,0.01002679803032761,6.483720571203213e-05,0.7509628772516045,0.040123968329217524
357,0.11268263477615603,0.020407402986495654,0.00012777770615379584,0.5681459915848581,0.2986361929463364
358,0.3182666391105252,0.013214861853397684,4.537671026963675e-05,0.3796152545551124,0.2888578677706951
359,0.2080448357545623,0.009299964214700697,5.2058792914593225e-05,0.725109017300842,0.05749412393698038
360,0.18293612304228757,0.01884969472747172,0.00010948241215706621,0.7116265659138372,0.08647813390424636
361,0.12316504779140298,0.01193879512126406,4.749016877982867e-05,0.7818663413387826,0.08298232557977056
362,0.08014271194540694,0.010774303263687097,6.562483654989429e-05,0.8607740903676798,0.048243269586676366
363,0.08633052198492779,0.019571751339632758,4.097918697662846e-05,0.7921310184452437,0.10192572904321906
364,0.11166981924113614,0.015161080205788225,3.1359848983030296e-05,0.7731058307833886,0.10003190992070404
365,0.17663630920863768,0.008198072773112708,1.6300261623860627e-05,0.5149589683235232,0.3001903494331025
366,0.12676659832229845,0.008774450383468897,1.4873014615779097e-05,0.18830578617792104,0.6761382921016958
367,0.06517393391692068,0.010939807241083737,1.398895170747028e-05,0.1529034804417229,0.7709687894485652
368,0.006728958080809115,0.0005841425633278352,2.263788047254621e-06,0.005198099752547996,0.9874865358152678
369,0.046414762125065144,0.0017511681711099478,5.226189941243382e-06,0.007677931179590054,0.9441509123342936
370,0.30712559959758995,0.020894245731371313,1.8287380746768637e-05,0.03798381957278545,0.6339780477175064
371,0.41146483178430193,0.012965935059977033,4.205831637552357e-05,0.053959765476757245,0.5215674093625883
372,0.21300366377516325,0.4634500494635781,0.00018553647980992872,0.13733535189894383,0.1860253983825048
373,0.1648504971454284,0.5271076511235161,0.000142428985872917,0.2398433495122046,0.06805607323297799
374,0.08678753522570663,0.7075140061190496,0.00016139755009347625,0.16718380009516695,0.038353261009983264
375,0.055120596901243435,0.7966466711151831,0.000479481310718599,0.12102965974324204,0.026723590929612743
376,0.031161195707300103,0.9408412221404002,0.00021990645823315278,0.0217838939233884,0.0059937817706780016
