epoch,N1,N2,N3,R,W
0,0.0018427460714403388,0.0001307901996127868,2.0189434245677956e-05,3.6054811526031376e-05,0.9979702194831752
1,0.00584219759593882,0.0002672122673403048,3.684394390414592e-06,0.00011961845544356362,0.9937672872868869
2,0.17167685800404384,0.002346486817576941,1.5048036818412884e-05,0.0007980229560990944,0.8251635841854617
3,0.03284516494433679,0.016911854945113877,0.0002661356450775306,0.0005235470976049186,0.949453297367867
4,0.08354641233189541,0.06790885326301295,6.033028255819534e-05,0.003476967326900787,0.8450074367956326
5,0.02143998650092324,0.003264520633449625,2.1396075386139707e-05,0.0006638960604889493,0.9746102007297519
6,0.041369782755339604,0.013086583809637498,6.873006306846718e-05,0.0025362131260450328,0.9429386902459095
7,0.3518131250201641,0.06366573090602348,0.00010264507320919358,0.03550338190663727,0.5489151170939659
8,0.12559122241180293,0.09001694958604883,0.0010068794950437113,0.003551783078429002,0.7798331654286755
9,0.3261750767469702,0.14377067009580863,5.008473190391238e-05,0.025321657664155995,0.5046825107611612
10,0.15790443287472034,0.24130895089354923,0.001623986069120298,0.003386407346797705,0.5957762228158123
11,0.0333276887534872,0.8140468377230997,0.007433479532849595,0.0010719496981039154,0.1441200442924596
12,0.1450427277103302,0.5072113542604622,0.0013648852743504431,0.03742837408352727,0.30895265867132987
13,0.03539547526315625,0.8275161470014631,0.01519064410577995,0.005757613238786503,0.11614012039081437
14,0.011915337243297547,0.2579765549918659,0.00849094577733325,0.001062192955808789,0.7205549690316946
15,0.0144051662621615,0.0429935997941197,0.0007497901714615368,0.0004194367786008918,0.9414320069936563
16,0.009396663673555076,0.0025682423800889075,5.234886077331945e-05,0.0001476991023225822,0.9878350459832602
17,0.053830396183453616,0.003522699976415751,4.621447156098626e-05,0.00014536356331279728,0.9424553258052569
18,0.6270015719771725,0.22839805966213841,0.0001449465227268668,0.0029833006664605347,0.1414721211715015
19,0.26715419231813814,0.6489734503127583,0.0010283846373080128,0.0006606459424844495,0.08218332678931094
20,0.4381601800634579,0.42678182090874334,0.0002451958649444322,0.00409829840973797,0.13071450475311622
21,0.042318763626958814,0.9229045446546881,0.0018215452287038774,0.00045399104794621644,0.032501155441703046
22,0.05049052403764859,0.9076225007007079,0.0023328964642046284,0.00042001515769831386,0.0391340636397404
23,0.01908398211926077,0.9211138569344489,0.03970505684993408,0.0002997428075661492,0.019797361288790144
24,0.009394075817505392,0.9489469272627468,0.030922161420410068,0.000293338101739331,0.010443497397598513
25,0.02472733611580621,0.9248373788598572,0.03727329453326411,0.0009561254992797709,0.012205864991792676
26,0.026405783067435722,0.8843850361023511,0.07363714257259257,0.0008967077414657966,0.014675330516154977
27,0.006663932190849618,0.6444419222057219,0.3327597413917268,0.0006193144712174716,0.01551508974048418
28,0.024759001258483158,0.8910158444403368,0.0658556774892176,0.0004656306497790485,0.01790384616218323
29,0.028529543469897226,0.9319336354832991,0.03138960645155529,0.000465961428204006,0.0076812531670445595
30,0.02632110222905875,0.7934888904270948,0.16873396748415523,0.00018547429714662036,0.01127056556254454
31,0.021598666609344255,0.9396666178415882,0.031660049424263995,0.00029471641310867193,0.006779949711694849
32,0.0029335792906017176,0.4683497386109926,0.5248401288885061,7.078949461935917e-05,0.003805763715280297
33,0.0007751903284399841,0.26627688514586867,0.7305898592604839,3.92243102716174e-05,0.0023188409549357116
34,0.001603183191171621,0.4673138797062735,0.5278087455407502,6.717116446793329e-05,0.0032070203973366784
35,0.0011377182908515026,0.28681044581515913,0.7089887080269255,3.7882362549348576e-05,0.003025245504514541
36,0.0004457172496626591,0.19743214102235626,0.8007747113400453,2.3307293063479614e-05,0.0013241230948721064
37,0.0005738880030408278,0.263374484181383,0.7346091904511484,2.2527168062072085e-05,0.0014199101963658831
38,0.0006407265889854577,0.24423749632901853,0.7473262848416914,2.449061659466947e-05,0.007771001623710011
39,0.00015028927269873437,0.06739193726766296,0.9313972815697096,7.2118270151252105e-06,0.0010532800629136018
40,0.00027034171516803634,0.10375592735965627,0.8950893249121565,9.597669797738315e-06,0.0008748083432212098
41,0.0006033481414788279,0.16700290224288822,0.8312352164001695,1.7545147431841396e-05,0.0011409880680313888
42,0.00036688444854344945,0.10664115070923164,0.8909453338894371,1.1715313687441842e-05,0.0020349156391004293
43,0.0005424748682313407,0.12913564447350687,0.8679136389251865,1.2666071401852213e-05,0.0023955756616734197
44,0.00027111159629141337,0.07103198266658708,0.927926144058227,1.1082206702266699e-05,0.0007596794721921397
45,0.0002681854381227226,0.0732952014742905,0.925286899771752,9.390217165586303e-06,0.0011403230986692051
46,0.00018442746827838512,0.05467524958272566,0.9447177608177327,4.192197890231013e-06,0.0004183699333730912
47,0.00019638660038665405,0.07301261137716633,0.9262153782537217,3.654371071889787e-06,0.0005719693976535891
48,0.00011116646643942646,0.06821981736102926,0.9314071523681859,3.1611432820326398e-06,0.00025870266106324557
49,8.305190114087893e-05,0.03770332916702943,0.961830089334144,2.3868090970475372e-06,0.0003811427885883905
50,0.0003434457486274765,0.12684884435141064,0.8720950888603684,6.2478714084580995e-06,0.0007063731681851526
51,0.00010557895218421259,0.04084630715374776,0.9584386923353482,3.0041316472308134e-06,0.0006064174270725893
52,0.00026157560213629596,0.05208280041514325,0.947135780161347,4.142955449794648e-06,0.0005157008659235832
53,0.00017118428510777136,0.060439800730569974,0.9387448019359358,3.839992650758471e-06,0.0006403730557356047
54,5.181360444854355e-05,0.0219547000853636,0.9775284115396025,1.4460709702206321e-06,0.0004636286996149577
55,8.05005066588288e-05,0.03351713296371641,0.9654798446731777,3.210731320605604e-06,0.0009193111251266567
56,3.5897999089336915e-05,0.02495357897883756,0.9744253727309786,1.582285872769814e-06,0.0005835680052215038
57,4.7105962613971414e-05,0.022404553447674364,0.9765914912340955,1.8635359335281388e-06,0.0009549858196824218
58,6.0974732677234675e-05,0.017175712850918106,0.9821522513620013,1.8925061330240917e-06,0.0006091685482702619
59,3.398606582600623e-05,0.021113469477344087,0.9779263675906976,1.9043766617169751e-06,0.0009242724894706387
60,5.568530772830359e-05,0.009987542973460944,0.9891254248628787,1.4944871312270235e-06,0.0008298523688010912
61,7.416461536343075e-05,0.02034939742703924,0.9783112039019631,2.1768132305667218e-06,0.0012630572424035067
62,0.0001023786211008271,0.030260480317417477,0.9688277974669138,2.8329553664257953e-06,0.0008065106392013626
63,0.0003516087458270038,0.07660003489743096,0.9214940872042465,2.3082528762971884e-06,0.0015519608996193005
64,4.025164787735292e-05,0.03474942761595499,0.9645452310316847,1.7909959743760192e-06,0.0006632987085086449
65,2.2540852710420944e-05,0.021816367369144905,0.9777427528859608,1.3725080515001887e-06,0.00041696638413229824
66,3.5821452901060915e-05,0.018542792503348997,0.9808220772796165,2.959762718128289e-06,0.0005963490014155224
67,9.578153925658472e-05,0.03732721454854528,0.9614114516501256,6.6694267681714765e-06,0.0011588828353043714
68,0.00019000675117553467,0.033168838089937966,0.9652680948822903,1.520391415418546e-05,0.0013578563624420976
69,0.00014632818934398785,0.020204693354487935,0.9781918806649659,3.195454933102718e-05,0.0014251432418712522
70,0.0003616563174964129,0.03192558868196468,0.9639539788254889,5.185997913925074e-05,0.0037069161959107488
71,0.00018266759054237435,0.02665401275196281,0.9649693558011999,5.23717496174554e-05,0.008141592106677444
72,0.007096253371139631,0.08000821417509403,0.6887875066873506,0.0006359782525962058,0.22347204751381944
73,0.006746428390609249,0.09642539719252527,0.8072036488969949,0.00031204659985483325,0.0893124789200157
74,0.012156176847395955,0.026013711566691546,0.00842541700537933,0.0003261946906427097,0.9530784998898906
75,0.009604846475813295,0.0043026783266453235,0.0005384930732362633,0.0001305452856940728,0.9854234368386109
76,0.12352444990041496,0.026561421921125292,0.00020128812912684587,0.0005057396374199993,0.8492071004119129
77,0.2059089306282779,0.4524490179077543,0.021183064445751923,0.0007561974383625793,0.31970278957985326
78,0.12850485558553604,0.4118941951236552,0.05713396019948526,0.002711045206440733,0.39975594388488267
79,0.05479147301732636,0.3734083426173313,0.11229907584551936,0.0011255335590170516,0.45837557496080594
80,0.15117755109422365,0.23124301769363786,0.010022718414511179,0.0019649866614387733,0.6055917261361886
81,0.4138513381030642,0.5072111927670798,0.014831825915164243,0.007290883369442745,0.056814759845249
82,0.22054616818654704,0.719392529024038,0.018378317465587313,0.004147248953370149,0.037535736370457394
83,0.5895440336672625,0.21841985181004006,0.002698225566792321,0.00950596588462562,0.1798319230712795
84,0.17584678451607486,0.7740909325487665,0.010509563942978977,0.007526473619499047,0.032026245372680597
85,0.18220282446775157,0.7838145960211043,0.007370997392848122,0.005097976713146506,0.021513605405149502
86,0.04596880974977601,0.9070825252768081,0.02935382840779598,0.0015184248094421517,0.01607641175617792
87,0.061032751017275975,0.8811264048054246,0.049525320697803805,0.002499368165552793,0.005816155313942783
88,0.037727879239253734,0.8987566886986986,0.05537086400916656,0.0008319894978859628,0.007312578554995311
89,0.020913537016294902,0.9117062560132054,0.061102922727683764,0.0012931897429897016,0.0049840944998263215
90,0.02928921519278931,0.8083170521791433,0.15215825578994677,0.001992924292819554,0.008242552545301077
91,0.010642310006678047,0.9038350306206612,0.0804650637870646,0.0009000509158297081,0.004157544669766596
92,0.01011893510896921,0.8324273858450705,0.15060347223367807,0.0011516850201285928,0.005698521792153589
93,0.008049893105911983,0.6335802334367956,0.3525802283911418,0.0005134423967734854,0.005276202669377292
94,0.004788693825085482,0.4176075747307545,0.5740741743243996,0.00044802184558150407,0.0030815352741789836
95,0.00922064087260157,0.6870911079336217,0.2962519960615889,0.001359472596295172,0.006076782535892668
96,0.04832378949608894,0.7731735417705238,0.12335225280405523,0.00068028090787779,0.054470135021454126
97,0.060679128402286085,0.11147781128405451,0.04085419048095635,0.0015056361867000737,0.7854832336460029
98,0.3794541698029306,0.5814762142490324,0.013528702086804794,0.0011031460632350656,0.024437767797997004
99,0.11395921719378148,0.7629153472414647,0.10758164611272919,0.0002815991995945897,0.015262190252430162
100,0.04704214481920852,0.7855662442521146,0.1583730933285995,0.0007584951224983723,0.008260022477579003
101,0.009944350438981757,0.9496690566510798,0.03641328767177118,0.0007818613839435405,0.003191443854223799
102,0.005454890891076322,0.7924276543705167,0.19945382620272073,0.000301747004959972,0.002361881530726388
103,0.007147328709398858,0.8286490661738336,0.16161824438718408,0.0002476707135050584,0.002337690016078391
104,0.005588369297907498,0.7800559267470213,0.20928570958643364,0.00028739991249476527,0.004782594456142707
105,0.0024982374665591498,0.4375449175906706,0.5568332844176789,0.00016109968285729694,0.002962460842234068
106,0.0015888248009307648,0.31251159666291095,0.6837751414324604,0.0001096050848927684,0.0020148320188049886
107,0.0013474824560853137,0.30946117978052534,0.687508055738085,0.00017745338830357926,0.0015058286370007025
108,0.0010185844785127825,0.24977204614571816,0.747950543344108,0.0001160828617271552,0.0011427431699337618
109,0.0005255145034478773,0.16833039907081404,0.8300766506704655,9.419466447006537e-05,0.000973241090802563
110,0.0006554649943962904,0.18894269899772434,0.8093082945029868,4.504628270699947e-05,0.0010484952221853703
111,0.0010769216448143332,0.3090334324841447,0.6880897149730121,8.062424456222367e-05,0.0017193066534666782
112,0.0004714689982693787,0.08910994309799125,0.9093704152756238,3.6163446889049006e-05,0.0010120091812265916
113,0.001833684257718436,0.36764364529321364,0.6274166207412019,0.00021897596413530303,0.002887073743730812
114,0.0006057020519065536,0.16169931204370183,0.8358234229510796,8.41620137800248e-05,0.0017874009395320001
115,0.0034920511290297217,0.41305946092409984,0.5736907317991875,0.00039173474553581453,0.009366021402147045
116,0.0009242496554354409,0.13858361741422753,0.8584471444786269,6.320131758273852e-05,0.001981787134127214
117,0.0023949760934995597,0.179040968508883,0.8110656738711809,9.502385300275796e-05,0.007403357673433815
118,0.008678850856780664,0.3245933043985509,0.6268004971339031,0.00037528777925092326,0.03955205983151454
119,0.001624901473345303,0.18316916774957612,0.8083722247591479,9.445771556729942e-05,0.006739248302363378
120,0.0007719139977934125,0.14886635291937164,0.845991283084235,7.274779942581424e-05,0.00429770219917431
121,0.0038725515805935512,0.11862800718823749,0.8736836747887243,0.00013201781985636255,0.003683748622588358
122,0.00043827357498806566,0.10062603423590127,0.897169827408963,4.54058474947842e-05,0.0017204589326528961
123,0.00303409315952376,0.0890262733176906,0.9020516597509393,0.00010176307967593269,0.005786210692170447
124,0.0010231322454691098,0.06841306246531617,0.9288224801055118,4.4785677848564014e-05,0.0016965395058542092
125,0.0005335848652897379,0.04224097075985736,0.9551933349245614,3.79730625769639e-05,0.0019941363877147363
126,0.0009367955398906594,0.04251009982226278,0.9550785560698093,4.874883442597167e-05,0.0014257997336113728
127,0.0022500605827376194,0.09905860625016052,0.8879232960071606,9.313047304677677e-05,0.010674906686894465
128,0.0007805095486959428,0.037584860868278426,0.959398139079449,3.862831126574741e-05,0.00219786219231071
129,0.0008303228433772623,0.032361716426942334,0.9639066574562636,2.4142122452404486e-05,0.0028771611509644628
130,0.00029744422222446307,0.03127250044394604,0.9664181827436579,1.4911579269497802e-05,0.001996961010902107
131,0.0022158366769281356,0.0508079649845137,0.9424364037828725,7.292526199526943e-05,0.004466869293690309
132,0.0022321888535226896,0.04447111171910302,0.9505696677857111,9.241232072531117e-05,0.002634619320937992
133,0.0018512100278759017,0.05744334712494174,0.9361266093096695,0.00012448819271155826,0.0044543453448012745
134,0.0009494752864149895,0.024426745696562325,0.9720673610534083,6.249738671457052e-05,0.002493920576899932
135,0.0005353094677328919,0.020900932213634704,0.9761185034800148,5.115599309608077e-05,0.002394098845521347
136,0.0011663193394407742,0.024702226063468113,0.9710457298370081,9.730147157781096e-05,0.0029884232885052956
137,0.0007281062697064439,0.026924941493947346,0.9702803753689381,4.577254011054173e-05,0.002020804327297703
138,0.0009948078052348743,0.01884861660856694,0.9750182217912903,8.718179017097465e-05,0.005051172004737165
139,0.0002695804628897854,0.02325475001473193,0.975268079485536,3.2333528778798095e-05,0.001175256508063416
140,0.0008028779565031733,0.03717293820843988,0.9605973187951674,6.172585972397565e-05,0.001365139180165491
141,0.0005350146948812076,0.02534701424753036,0.9732629405554631,5.153492282429217e-05,0.0008034955793008679
142,0.0004901672752138718,0.02464442953125018,0.9736178365852786,4.557707344025602e-05,0.0012019895348171438
143,0.0036703621653605615,0.05989277883884881,0.9313747819652902,0.0002483536197025312,0.004813723410797692
144,0.0009050238707461159,0.035816123375487875,0.9609874957283018,9.442547113872945e-05,0.00219693155432573
145,0.002105709628599409,0.03972093561063347,0.9538911040852746,0.0001442836741788495,0.004137967001313798
146,0.004031367966073379,0.033668033105190925,0.9559347401797831,0.00022217401334503626,0.006143684735607533
147,0.0019018910021427818,0.055487804426587364,0.9405084327924819,0.00013341295793339647,0.001968458820854496
148,0.009070060688040617,0.10426752875457587,0.8799396784184611,0.00044129329143681434,0.006281438847485511
149,0.01027133714039147,0.09659311738367167,0.8845255458825595,0.0007662219687583962,0.007843777624619101
150,0.0026511581785847002,0.060418570772294754,0.9305488959004516,0.0005419906904739225,0.005839384458195041
151,0.015657116951068972,0.22486604148767522,0.7438805468618729,0.0016120831751643293,0.013984211524218467
152,0.006261735283288002,0.25314426853965954,0.7258305725488896,0.0016535794690488556,0.013109844159114105
153,0.03561607155689512,0.5778426213678457,0.33925649493869836,0.006325858740024367,0.040958953396536366
154,0.03486231461714523,0.3077092395093884,0.23499021231438935,0.003986106267810017,0.41845212729126696
155,0.12392489816642166,0.6409354319535326,0.1274238890246879,0.017959049947175128,0.08975673090818258
156,0.057226497499543214,0.7352280724500944,0.18774664543134323,0.0014426424208767634,0.018356142198142363
157,0.09870790776008091,0.6269345416915826,0.22707703439104587,0.003963993106013004,0.04331652305127767
158,0.06877167593771347,0.6578213553098379,0.215276391498634,0.017038378745849653,0.041092198507965
159,0.11690939213913977,0.6673724399293866,0.07945939310397647,0.03562014550078962,0.10063862932670774
160,0.0295036571895168,0.821890293157605,0.09926542674513378,0.012020939659691223,0.03731968324805329
161,0.027149814427802704,0.6999247016017762,0.253464844762888,0.00515375793370953,0.014306881273823568
162,0.020516942631786505,0.05595838879867531,0.011246564185233628,0.00499324963201121,0.9072848547522934
163,0.01602541475498525,0.054962068000446236,0.012671145177765936,0.0007046682047882209,0.9156367038620143
164,0.14820500204580744,0.3093669260636825,0.006347038409639848,0.0031136081325068405,0.5329674253483634
165,0.43780442464523417,0.4398913587203274,0.013845215474297554,0.0026657963573049137,0.10579320480283583
166,0.07288810524708815,0.8166622444960181,0.03329234961854016,0.0014177356452248645,0.07573956499312881
167,0.10198390272462085,0.7698053117068074,0.03981415014421571,0.007098346702994528,0.08129828872136155
168,0.07430013089227736,0.7588839218720681,0.13630801925836564,0.006124139923579038,0.024383788053709683
169,0.09374376740271251,0.8603048536577347,0.016475992643481246,0.0071450654883357485,0.022330320807735782
170,0.035675012006281925,0.8931291615597747,0.060814590438530235,0.0048417710534804734,0.005539464941932764
171,0.015865012734107946,0.8744921866761997,0.10313454736278992,0.001900129875948297,0.004608123350954177
172,0.02088002085744084,0.8885346234646686,0.0845895409263241,0.00171265650466458,0.00428315824690179
173,0.01671317082363025,0.8956016419622175,0.07064516877544966,0.0028723408921808593,0.014167677546521696
174,0.036245269860155194,0.8908577188659904,0.05998986294521402,0.0070248725426429745,0.005882275785997319
175,0.00812697845767189,0.6097425920996337,0.36394968135400857,0.012372207105595785,0.005808540983090009
176,0.026970969063331175,0.8003384940513816,0.056418871077545625,0.11123492192458168,0.005036743883159767
177,0.056422872046344115,0.64753429675194,0.037815549775987535,0.22950637732908263,0.028720904096645686
178,0.1580565391094865,0.27348321757562966,0.0008038179225856416,0.5082127511209299,0.059443674271368235
179,0.08982297267929747,0.15350678012290034,0.0021169116871905267,0.7039006960274818,0.0506526394831297
180,0.07235973190407877,0.13375031193535236,0.0010380024936217428,0.7755036375938351,0.017348316073112047
181,0.03090808455579965,0.028945274249202384,0.00014037487952721302,0.9216708041670734,0.01833546214839722
182,0.020633201427231053,0.04136159575644055,0.00016649357318870432,0.930262397857876,0.007576311385263564
183,0.0510123167482079,0.06884229762489612,0.0009640769892636944,0.6579147912825032,0.221266517355129
184,0.05609928894176413,0.06582614632006598,0.0011268217585139993,0.5739690496881636,0.30297869329149213
185,0.11689879475886655,0.03267170807267558,0.005788657070688462,0.13709542247354548,0.707545417624224
186,0.36286283292720084,0.05203577676873424,0.00044238150086810924,0.4786840289423698,0.10597497986082696
187,0.040228215699824925,0.010613022025731254,0.00015408209856323892,0.05795603079844792,0.8910486493774326
188,0.2912280320221128,0.04868180381820099,0.002237400102777401,0.31767507418425733,0.3401776898726514
189,0.06220899798564187,0.038183249260642,0.0006219499247787793,0.4453232609080659,0.4536625419208715
190,0.0636698604586054,0.018099951186562765,0.0001467816242951801,0.6833778789217315,0.23470552780880513
191,0.09083117967658712,0.027685466474632294,9.008910234227231e-05,0.8319790359829181,0.049414228763520154
192,0.08221709063871425,0.025529473591827893,0.00014185493983061095,0.28559015169165114,0.6065214291379761
193,0.32683533768453427,0.05506151592382341,0.00020740862950388746,0.3781843889912095,0.23971134877092906
194,0.18673421488430197,0.06204393331276946,0.0001757265745473392,0.7137120346704602,0.037334090557921064
195,0.2031077271875034,0.03744493843778367,5.52956984041043e-05,0.6535051837469615,0.10588685492934728
196,0.1417896242348378,0.038851796075197696,0.0005944285739653554,0.3478693870886925,0.47089476402730657
197,0.09649011737555105,0.020329962777010466,0.00013850780149550027,0.728717392350768,0.15432401969517506
198,0.06846106025357762,0.015099315792346505,4.958929015482359e-05,0.881112038081464,0.0352779965824571
199,0.06339240002429561,0.01061064669297839,0.0006886965083579436,0.14806623359177343,0.7772420231825946
200,0.0657119155975934,0.013690702632319132,0.00037040766566599976,0.4892165908900741,0.43101038321434737
201,0.2217183795347038,0.0316558631846294,0.0009104157544234586,0.24301095700298891,0.5027043845232545
202,0.2440350036868874,0.02521105709798311,0.00010806049527488612,0.4160987001154684,0.31454717860438614
203,0.2185809652209572,0.026637911735228444,9.472835484501999e-05,0.5140252366906827,0.2406611579982866
204,0.4191596478810564,0.047437266225410425,0.0007085639190546688,0.22823943271979577,0.3044550892546827
205,0.3444139514923901,0.09907266514050254,0.0001239933256829738,0.45149124363587734,0.10489814640554702
206,0.17003686726696565,0.09581195629772839,0.0012836507919362146,0.5114990001758051,0.22136852546756464
207,0.0857301781769777,0.029632906012082297,0.00017329968164522553,0.825412497603879,0.05905111852541567
208,0.16276818160150971,0.08717842473267423,0.0005224544072153338,0.5459217105105487,0.2036092287480521
209,0.18191392957846442,0.050367516148043204,0.00037167267756862347,0.6183117809164556,0.14903510067946818
210,0.28985280607982156,0.032990163982970146,0.0003525410165283874,0.3364382822769931,0.3403662066436868
211,0.10119498820843636,0.02046485304761176,0.00010738474822231718,0.22562275154379716,0.6526100224519324
212,0.1209068766610592,0.022616942030539197,0.0018618250442110843,0.06355350001293125,0.7910608562512593
213,0.33973515587148995,0.08343287238963697,0.007493101149528889,0.31779121165141977,0.25154765893792436
214,0.3106709257849697,0.036837116058848415,0.0006134673216880978,0.420512012206468,0.2313664786280258
215,0.13518450174606117,0.017564510972286496,5.635909409554392e-05,0.702029003020272,0.14516562516728476
216,0.08341510797613093,0.031772566188012136,0.0001413428929789696,0.8135359981094483,0.07113498483342975
217,0.11188450267169094,0.0245475572160062,0.000132607877971651,0.7913622622376449,0.07207306999668638
218,0.24225212103737678,0.024546644991305575,0.00023826339810338755,0.3494743524107318,0.38348861816248236
219,0.14779067945329474,0.03125404236364374,0.00011458127242663344,0.7373998100546901,0.08344088685594486
220,0.27238974875908195,0.10289432757429623,0.00046300070921068706,0.2853201165011533,0.3389328064562579
221,0.5526273574042454,0.18297961003142318,0.004826720760842691,0.20214003371592507,0.05742627808756375
222,0.14827899725815252,0.15938227775608768,0.0005421151214067115,0.6326726210633157,0.05912398880103739
223,0.1790391827237347,0.29997121824833567,0.00266868090971854,0.47265358702776955,0.04566733109044148
224,0.06278966087682573,0.8443802661997074,0.012379948226808485,0.03452933523479091,0.04592078946186725
225,0.21115098937771268,0.38493291833545934,0.009655935815401652,0.19366101833148325,0.20059913813994312
226,0.3007263322989606,0.2969018666477725,0.01646203094809261,0.2272355730743486,0.15867419703082564
227,0.15816069682051545,0.4403310139395665,0.006440669225320523,0.1498483927749294,0.2452192272396681
228,0.2261483467791878,0.6590268890354372,0.026446562933947818,0.046361616187072095,0.04201658506435498
229,0.13907606940295447,0.6892323737244783,0.005383616688994604,0.07816010333939044,0.08814783684418218
230,0.14310710119138462,0.7395550838128309,0.008122063548105294,0.06255917689433738,0.04665657455334178
231,0.10293220405671243,0.7665676373616942,0.03602751555689986,0.04272406195381457,0.05174858107087884
232,0.351313736258999,0.268807449898362,0.040681773707372935,0.15407488001005462,0.18512216012521152
233,0.06868324016765179,0.3213118128581254,0.0030700601936876023,0.05646163739944177,0.5504732493810935
234,0.056115979539465136,0.03712224360273851,0.0011816890732424753,0.016047552997758823,0.8895325347867951
235,0.008857625391202856,0.010284184572032755,0.0026353639574689903,0.00478183507338262,0.9734409910059127
236,0.18597953255247807,0.047114486457204605,0.000339230632901577,0.06234318325827402,0.7042235670991417
237,0.1303266271057888,0.0685449428563451,0.000371293741170756,0.018876243818068635,0.7818808924786267
238,0.37284198810662045,0.19717583277077752,0.0009407058061976928,0.0424629153749357,0.3865785579414686
239,0.03424516803316293,0.04563892317494084,0.0005284613808248887,0.008304675031048777,0.9112827723800225
240,0.02854153180856459,0.012264964746121234,0.0009129638779412775,0.005864909447289632,0.9524156301200832
241,0.13820304296673805,0.09265382594043099,0.0022872901192466516,0.027399420184521232,0.739456420789063
242,0.4040766657200637,0.072720320696976,0.0010655786902470281,0.014902583778245932,0.5072348511144673
243,0.44027240131855405,0.23513218470045225,0.0035556577394855026,0.1341540182483552,0.18688573799315308
244,0.08367938648872814,0.661194463538702,0.02869668376044191,0.054777968221336105,0.17165149799079188
245,0.015726325512708205,0.039748591291556314,0.024048708917021062,0.008908677755900991,0.9115676965228134
246,0.26797130455253365,0.1433447960949024,0.0003515434916556894,0.08004545101776737,0.508286904843141
247,0.6833804285468392,0.22109493387702597,0.0014383085009565114,0.04779509379955318,0.04629123527562489
248,0.4289422297009502,0.5171330549767507,0.005336220377800881,0.00992581085866224,0.03866268408583608
249,0.12966255655237238,0.8060042366979286,0.012600248561382737,0.03613572226259039,0.015597235925726014
250,0.08328248569653195,0.7950404195852119,0.01291238265316501,0.08178453748662833,0.0269801745784629
251,0.05763266370348704,0.8282274522737955,0.017218466098767052,0.08550005303136524,0.011421364892585115
252,0.04192014813860583,0.8549921589809621,0.0036475119579199573,0.0932014005323009,0.006238780390211032
253,0.0318734686324356,0.9114370289168584,0.009588160886362981,0.036633508164302456,0.010467833400040549
254,0.109468230625565,0.6769676947174406,0.0017879231950663917,0.19783438299903286,0.013941768462895169
255,0.06425559619788498,0.8508024739629182,0.005620257654073364,0.040769796442522876,0.038551875742600744
256,0.18994037589977028,0.6893201285140853,0.0032918241506265495,0.08776676063786495,0.02968091079765304
257,0.03786357320692396,0.9399396570502488,0.006517960609056716,0.00817703272847078,0.007501776405299517
258,0.07402729029102001,0.8860289060872351,0.005413212099233165,0.021858518678927682,0.012672072843584075
259,0.08452712171437099,0.2872481139711738,0.03767371269637973,0.02315554133989454,0.5673955102781809
260,0.5627509060263175,0.30975713159110013,0.003559911754312315,0.036589581255366155,0.08734246937290392
261,0.1375212733776269,0.8061862360576317,0.0122501786763023,0.0020061799648695014,0.04203613192356943
262,0.22321201253351838,0.7500691206600713,0.0038946064795959165,0.0019075020421406345,0.02091675828467381
263,0.04978037173635434,0.9256922322230651,0.009957049816218613,0.003910406338261552,0.010659939886100474
264,0.0466728266238784,0.90920190867601,0.011316478491527697,0.009092260628316796,0.023716525580267184
265,0.04390845858522976,0.9048475252756945,0.04239462977613951,0.0023100099419080954,0.006539376421028282
266,0.08101761753740364,0.8639331889440182,0.03606210401887923,0.010535098906895706,0.008451990592803441
267,0.05357095555923242,0.8813946424117476,0.02911709235950246,0.005376993900716362,0.030540315768801223
268,0.05262243253214247,0.7904012927875915,0.13866583839629051,0.009848612882510557,0.008461823401464827
269,0.01778199893739107,0.9271307119542056,0.04562184504724907,0.0044299610112449915,0.00503548304990915
270,0.03235770551333828,0.8634043891925894,0.08619563521305514,0.008472836262746607,0.009569433818270736
271,0.018213491886091945,0.9152552329915247,0.03654740836411639,0.007773748427723038,0.022210118330544034
272,0.020741013085134027,0.852363169340109,0.11335417463825533,0.004385755949744034,0.009155886986757598
273,0.03986075667861881,0.9166821654905986,0.027740726273699657,0.006394833822411516,0.009321517734671535
274,0.025636587808691165,0.9260590554016078,0.03958378839482882,0.0013465254370675587,0.0073740429578046385
275,0.013055926735061537,0.8868663149784038,0.09665319176234406,0.0011399148601980568,0.0022846516639926763
276,0.011604318087334949,0.9435714270348762,0.034316402646674585,0.0013555773318699794,0.00915227489924446
277,0.011833909417512004,0.9022660970849092,0.08098053829834076,0.0010596839171566042,0.003859771282081423
278,0.0029551880555420762,0.7303563911775875,0.2624943424909973,0.0005150593555643063,0.00367901892030872
279,0.010888787605568639,0.712723257990281,0.2705337976198242,0.0006482811275858182,0.00520587565674015
280,0.005906818794411955,0.7486557990564982,0.2420217622809804,0.0005535812034502543,0.0028620386646591076
281,0.003245111527592531,0.6276826713467131,0.3626093795489781,0.0004740161137533588,0.005988821462962887
282,0.0018572459430843524,0.437733127475334,0.5584977988202033,0.00015816552320999276,0.0017536622381683837
283,0.003144435091859654,0.5786771274969159,0.4145089968097629,0.0003339108489353454,0.003335529752526041
284,0.004784006117473321,0.6334968377721795,0.35840961131147003,0.0003869504986415693,0.002922594300235665
285,0.002609462563057179,0.560668982490613,0.4321265425861152,0.00045845595031526146,0.004136556409899326
286,0.0028365472360047934,0.49376754362669173,0.5005637919035894,0.0004333843412466316,0.0023987328924675367
287,0.0013993399424023494,0.4046985572685614,0.5881595031746109,0.00029046817978241736,0.005452131434643162
288,0.0015449343962265244,0.5667410217083835,0.427892881755698,0.00036734823659451214,0.003453813903097514
289,0.0014163229911285556,0.36754626091877873,0.6297121952485808,0.0001744395300107691,0.0011507813115011645
290,0.00042273726939631685,0.14824324266930922,0.8502592818282275,9.32812572388624e-05,0.0009814569758280077
291,0.0008878624455475523,0.14439632763793922,0.8532926364141225,0.0001860343881878455,0.0012371391142029196
292,0.0004824329657791272,0.14922270478395597,0.8489701862964695,0.00014618589383910124,0.0011784900599564226
293,0.00038878357831284105,0.12164790626411712,0.876720722852924,0.00016199486769268812,0.0010805924369532332
294,0.0013064760493108583,0.1803599093551629,0.8144977849035128,0.0006028765185602612,0.0032329531734531774
295,0.0005255370370285414,0.07780493410268612,0.9208709768893094,0.00025176580700163423,0.0005467861639743659
296,0.0014127513669410401,0.09873861637277669,0.8990596588739705,0.00019943848842720436,0.0005895348978844272
297,0.0012866091633755565,0.10622056021584446,0.8908759892728279,0.00044231633381087916,0.0011745250141412054
298,0.0009844322174187,0.11621367597098381,0.8810383432844648,0.0004448882460586012,0.001318660281074199
299,0.0010368551630248084,0.039854669900574645,0.9576391267979756,0.000386679495734128,0.001082668642690975
300,0.0015074772438602917,0.07603457741203927,0.9208821322696747,0.0005101213791298186,0.0010656916952958197
301,0.001025737959498014,0.03611837494446796,0.9608970824433498,0.0005630105985684132,0.0013957940541160269
302,0.0002797985189529133,0.033394794979271815,0.9653384811189697,0.00021953523776100273,0.0007673901450444097
303,0.0014941400863804576,0.08413958743249304,0.9080958351585756,0.002136599206266083,0.0041338381162847535
304,0.024357427134073486,0.2672387343399968,0.6645643358455622,0.013578455441622346,0.030261047238745137
305,0.00037458076589009305,0.08583447936685654,0.912930824159952,0.00016200098567549834,0.0006981147216258264
306,0.006082368995971119,0.6281609920656469,0.3615997939031238,0.001313456068244072,0.00284338896701414
307,0.0005372590209972973,0.08409343515521699,0.9141595286261655,0.00020407189117890355,0.0010057053064412701
308,0.0010773668172325555,0.14955264000202198,0.8475962959738017,0.0004659895154552317,0.0013077076914884925
309,0.0006214158266277494,0.15162008781580477,0.8458766190159023,0.0006947504009925722,0.0011871269406728475
310,0.0016772542645433852,0.17815328871905906,0.8188596879996569,0.0003907629261348876,0.0009190060906057029
311,0.0004883246616762659,0.09993662528333577,0.8985944536192889,0.00026489429114345716,0.0007157021445556467
312,0.005778445110852225,0.13935557842346366,0.848485818116488,0.0022945357137717924,0.004085622635424236
313,0.0042626111643474796,0.1926807317995324,0.799122556044428,0.0009473350357992806,0.002986765955892811
314,0.0010486074007776307,0.03875474598425352,0.958135590733424,0.0008546244105474857,0.001206431470997413
315,0.001296457964435062,0.07586434323432717,0.9212643982796206,0.0005810551384509832,0.0009937453831663588
316,0.0024545380855592685,0.1533619887734855,0.8407835833494876,0.0007581720668523011,0.0026417177246156123
317,0.001670643304471928,0.08582579993109367,0.909227522219498,0.0006907788401707928,0.002585255704765769
318,0.01120031644144183,0.33943901171360685,0.6338583604139932,0.0032440370141657436,0.012258274416792232
319,0.009029681179546847,0.09440114394516055,0.7893820450574464,0.0025237697395788148,0.1046633600782674
320,0.034440849314491914,0.33588273003589264,0.5955807414652676,0.00288265757070375,0.031213021613644056
321,0.0248491031058135,0.7547712845969397,0.20043737650252275,0.005124009260775371,0.014818226533948537
322,0.06889545234577202,0.8073537317815129,0.11051828618333345,0.0025490362288175593,0.010683493460564013
323,0.011252851138664612,0.7876397395865817,0.1950104285247446,0.0018105174057458787,0.0042864633442632185
324,0.005328320674167471,0.668855354495151,0.3221799949639146,0.0008889817209773583,0.0027473481457895286
325,0.004520902480600364,0.790757511335682,0.19991911330986334,0.001202919562064589,0.003599553311789948
326,0.003762432959920263,0.510104110112173,0.4801977439195355,0.0014830488313200432,0.0044526641770511605
327,0.00369742345383509,0.5549304857116786,0.4370251146301547,0.0011498757706815046,0.0031971004336501783
328,0.0024000504590061776,0.42168911408222226,0.5745186519443468,0.00048192604346746593,0.0009102574709573191
329,0.0028628926405226966,0.29432501705114444,0.7007607469515134,0.0007509046972112618,0.0013004386596080627
330,0.0012147833428898737,0.23064802978494905,0.7661476178884017,0.0005156402863091903,0.0014739286974501168
331,0.0034106756181395527,0.19298330697971222,0.8014389554694133,0.0007926244513802113,0.0013744374813545093
332,0.0030647507186073353,0.14814493172088958,0.8469071369017427,0.0007289501240660952,0.0011542305346942344
333,0.0008260252275420933,0.06992532489731085,0.9273754138964081,0.0006748952413404108,0.001198340737398502
334,0.002872737333754786,0.13281502196303527,0.8624631814264145,0.0006169551861973022,0.0012321040905980778
335,0.0003732681555559946,0.08306413227776803,0.9153646300570348,0.00028405765108116527,0.000913911858559944
336,0.009015377731902021,0.31811987821228926,0.6655420649947383,0.002590777462528419,0.004731901598541899
337,0.003625185790262482,0.2603707393649841,0.7325093401255016,0.001244310575112498,0.0022504241441394252
338,0.0003432856319519287,0.0488315400332468,0.9498852987349197,0.00020480595683502738,0.0007350696430466224
339,0.004263745638082046,0.2598973184672722,0.7322253036806621,0.0009685607670392437,0.0026450714469444634
340,0.0024949396380471675,0.09437216414993312,0.9000102027348283,0.001299805276300681,0.0018228882008907465
341,0.0011424029394272992,0.07083200982935063,0.9253539770491235,0.0009235204251148868,0.001748089756983746
342,0.0007577231445253616,0.15891578314886945,0.8374870166651526,0.0006042947519255978,0.0022351822895270114
343,0.00012314214522936466,0.04960297226791524,0.9496355380106584,0.00015817127118774855,0.0004801763050093801
344,0.0017896202590861846,0.1389120344170088,0.8571728274806393,0.0006683109563118804,0.001457206886953893
345,0.00021186113547925773,0.027476502152743727,0.9717167953356606,0.000231226990023304,0.0003636143860930615
346,0.0010378335901271001,0.09311694160886676,0.9036559952383774,0.0011007848189211783,0.001088444743707633
347,0.0005350989204127918,0.05012370025644512,0.9478638157071619,0.0007615997014400695,0.0007157854145399731
348,0.0027095449124590566,0.10256450776893056,0.8895915024471903,0.002157599019090287,0.002976845852329657
349,0.00037804598331366284,0.08867980611522004,0.9094772797778237,0.0003952684256397287,0.0010695996980029873
350,0.01794527949930016,0.4740422677961398,0.49310953604661184,0.0037469240367461842,0.011155992621202067
351,0.05393053203541462,0.3896041881158,0.43329120630744616,0.029616035634740745,0.09355803790659857
352,0.02098136362080064,0.3504371981838765,0.5967616825231076,0.011857468235542427,0.019962287436673064
353,0.06524144703905252,0.6133087232314082,0.23439436579531,0.025136978300627753,0.0619184856336015
354,0.07241579770233744,0.4765385403365707,0.15315637977475774,0.13868654624262353,0.15920273594371057
355,0.043551941487473135,0.030128808833033358,0.005873732162745368,0.016106450692534236,0.9043390668242138
356,0.3343649478923813,0.38644620952671677,0.0014956442768997045,0.12465428857217913,0.15303890973182316
357,0.19696328484449016,0.6439746161678168,0.004366037430843749,0.049273774880021826,0.10542228667682757
358,0.5091807062702988,0.34300501583115156,0.001198418209026349,0.09027893901519529,0.056336920674328037
359,0.11168463948708908,0.7367891426593846,0.013393636889852525,0.11586015751390846,0.022272423449765138
360,0.11623908278405813,0.6255509165682707,0.010323733128541818,0.19875983568418581,0.04912643183494356
361,0.14805385923119274,0.5473784165321431,0.0009488821181676328,0.24898318317858123,0.05463565893991521
362,0.18549299342481426,0.5658769994163354,0.028569648611865936,0.1430568277091538,0.07700353083783053
363,0.12255843932712675,0.1103605700220764,0.0027028391218330288,0.023735661747069304,0.7406424897818946
364,0.03067084652542405,0.060038123403037345,0.0037381224433627913,0.0038936769784826465,0.9016592306496931
365,0.5466293026626686,0.11660397654737997,0.0015369450881818928,0.023198675647644246,0.31203110005412515
366,0.8404482119400948,0.09430352760857502,0.0016911311359521662,0.011969542161406456,0.051587587153971604
367,0.43869737303657264,0.4974336071920295,0.006171524934852485,0.016456170937246623,0.041241323899298764
368,0.17567981988200126,0.7175572229604058,0.02479748569656634,0.0595932059845536,0.022372265476472978
369,0.10239545854862832,0.7420745349896262,0.014913600993277085,0.10884837984998912,0.03176802561847925
370,0.032526809367258575,0.9119362648364523,0.010610760091398563,0.036360610674623275,0.008565555030267487
371,0.05426414476896659,0.8299417991843989,0.012220693997048516,0.08943302403111499,0.014140338018471001
372,0.030201544973953463,0.757884285352099,0.017302501659315607,0.1773233035570378,0.01728836445759409
373,0.11733739604390579,0.4482642861381038,0.0022908285739426677,0.42349657577688904,0.008610913467158633
374,0.0633271451212581,0.618397802277613,0.0008088013796756547,0.31139224605161425,0.006074005169838828
375,0.1032743796022599,0.28617366880807105,0.00024799849287308846,0.601196828485303,0.009107124611493078
