epoch,N1,N2,N3,R,W
0,0.0025092391540529556,6.167963811556006e-05,2.1551573126560265e-06,0.00013292812532165,0.9972939979251971
1,0.0018549468518193155,7.88616223854592e-05,2.0550138151052574e-06,0.00013043970303116984,0.9979336968089488
2,0.0017900304335552925,6.695731832602797e-05,1.09965554324509e-06,8.759920938265523e-05,0.9980543133831927
3,0.005911704753387059,0.0001372640411009602,3.2851376875209233e-06,0.00015782046551263517,0.9937899256023118
4,0.0025610733014000187,9.44199334561538e-05,1.0926957161288666e-06,0.0001324711744054447,0.9972109428950223
5,0.0035080434805210042,0.00013855911531692174,2.011208000716028e-06,0.00012585652473343204,0.996225529671428
6,0.020314071951029532,0.0005086037942867672,1.0427716914350332e-05,0.000369690901871021,0.9787972056358984
7,0.02914100310317649,0.0009241043589680101,9.403485660313937e-06,0.0009246091294740841,0.9690008799227211
8,0.06018973000832929,0.0015249548130832214,1.6909540818534013e-05,0.001836166838373137,0.9364322387993959
9,0.048487022221941865,0.0021599149825959054,2.763577099751445e-05,0.003008011848086618,0.9463174151763781
10,0.061620281725748786,0.0033021696106475093,3.331847231995754e-05,0.007775759847324534,0.9272684703439592
11,0.16750266973892033,0.00607978921174853,8.214924541828655e-05,0.015228499540222202,0.8111068922636906
12,0.21441290319309625,0.019763415328044775,0.00012204350349138122,0.02540161957907719,0.7403000183962904
13,0.19720713775910265,0.016238901859979307,0.0001051520618135738,0.06445855357200028,0.7219902547471042
14,0.02910337349533773,0.008965842741126656,3.488014942531108e-05,0.01202869606652369,0.9498672075475866
15,0.1732080100268533,0.05769514222853075,0.0003018653977956045,0.052414528500716824,0.7163804538461035
16,0.02882221464641866,0.005117300662734715,5.072613358713681e-05,0.014544480265312524,0.9514652782919469
17,0.11988033784218803,0.007649194529233417,6.276747630903409e-05,0.01988872221168961,0.85251897794058
18,0.1111631213488036,0.0057533074666752775,4.985607607599608e-05,0.026618976041956097,0.856414739066489
19,0.3137277548072608,0.03960354096405303,6.025034065433947e-05,0.056586866810675936,0.5900215870773559
20,0.12185862003891827,0.01661147684354324,4.779413212209972e-05,0.024329971327394655,0.8371521376580217
21,0.022351276607673606,0.008586448058837138,4.1797005565194145e-05,0.00754241766408543,0.9614780606638386
22,0.07856170315145897,0.021750683757151234,1.8200624333692698e-05,0.006415610031589203,0.8932538024354669
23,0.04193218383277389,0.016052785145553385,7.791569411099056e-05,0.003063595010999016,0.9388735203165627
24,0.020198059991364894,0.0035546166153735395,5.0064138255892195e-06,0.0031342463533999437,0.9731080706260361
25,0.03206908906763154,0.007765105504876306,3.374065921737072e-05,0.005886409591669677,0.9542456551766052
26,0.010468171617439969,0.001131933739378149,1.0201228868790593e-06,0.0017414745087609984,0.9866574000115339
27,0.02759046916242087,0.006053576148167985,1.55970149043208e-05,0.0021795877080664572,0.9641607699664405
28,0.013460230799001341,0.0011283693787165292,4.985018769374036e-06,0.000623503751183028,0.9847829110523296
29,0.0030863784800487515,0.0008715417354702599,2.435432296251431e-06,0.00035110275720643324,0.9956885415949783
30,0.0014912511161051004,0.00032017153550486794,9.822817698840088e-07,0.00017280095162516555,0.998014794114995
31,0.001351679372846503,0.00021857056778941652,1.1348853282716164e-06,0.0001769298809824378,0.9982516852930535
32,0.01454878234096219,0.0007162701373066427,6.5578756368536835e-06,0.0008071043460865598,0.9839212853000077
33,0.010026859646156832,0.0006440207590259796,4.404867966930811e-06,0.0004007441808117636,0.9889239705460385
34,0.018331847124662327,0.0025264443259012197,0.00022031411397995654,0.00029261635800266543,0.978628778077454
35,0.004331813249880495,0.0004600622210416188,7.522669391103111e-06,0.000345324475463473,0.9948552773842234
36,0.006556446021078368,0.0007856649692284638,3.8260475737594785e-06,0.000651455363212803,0.9920026075989067
37,0.0028306135058681204,0.0006195977003258819,2.6943688488405464e-06,0.00048503188853561685,0.9960620625364215
38,0.01236185819564287,0.0012439594644582206,5.087688711750092e-06,0.0008157847948419713,0.9855733098563453
39,0.0029002187313952963,0.00040493788893498364,4.3480945219327136e-06,0.0003502595227925415,0.9963402357623552
40,0.008693874817310916,0.0009505018974221413,3.306607802135647e-06,0.0003825440124864163,0.9899697726649784
41,0.0726263045779657,0.001900911742028882,2.472383660585378e-05,0.0011130360605377723,0.9243350237828618
42,0.03074336909856814,0.0010868629278304152,1.1533460899976799e-05,0.0006568635800931645,0.9675013709326082
43,0.03601125299555531,0.002305173571584538,2.947817860081671e-05,0.0012578680016620183,0.9603962272525974
44,0.008303657957771061,0.0005962321891510676,5.056131437742148e-06,0.0004266485027672459,0.9906684052188728
45,0.0796145312086058,0.008518837345485319,0.00013281629035774415,0.0003629334647069599,0.9113708816908441
46,0.05776023041736592,0.022076657426898183,0.0002471177065570864,0.0010552041253328703,0.9188607903238458
47,0.0027008940348713295,0.0013252455672022193,4.55719506932014e-06,0.00032432347887817453,0.9956449797239789
48,0.023081554760934177,0.025044958872930862,0.00028170729601672455,0.0013004095560870154,0.9502913695140311
49,0.01420940813010206,0.004377451963233583,2.2554513050996663e-05,0.0006911503414820785,0.9806994350521313
50,0.019549159051017822,0.0014689432200329965,9.672125158987513e-06,0.0005649587783664257,0.9784072668254238
51,0.1072660475065566,0.03184734950626316,0.0001632876999745379,0.003174033185980977,0.8575492821012247
52,0.006256220927260768,0.0007743119235095652,6.7813302991956516e-06,0.0002873326510806602,0.9926753531678497
53,0.02123932863236123,0.006255340227122764,2.5678416677787757e-05,0.0008450580973735935,0.9716345946264647
54,0.012420912663898961,0.011824216176206579,0.0017308630969105755,0.0004204829883499675,0.9736035250746339
55,0.007802008532283717,0.004643703950433942,0.001197076960193722,0.00013904671384153556,0.9862181638432471
56,0.009743254326844954,0.006889037455329977,0.00028928858455687866,0.0008185769337076177,0.9822598426995606
57,0.019228249738402356,0.0051306488934607306,0.00013985557416208299,0.0007797615013494124,0.9747214842926255
58,0.0058322192166804145,0.0021267715444077888,0.0004172614073124893,0.00010428908125825442,0.991519458750341
59,0.012117425063725332,0.0019935775813729037,3.3100009989906944e-05,0.0005100674841651433,0.9853458298607467
60,0.023650248159044998,0.006024319950635177,8.785033661974699e-05,0.001744118139948808,0.9684934634137513
61,0.013933937448132254,0.005857688400287584,0.00015493519929702122,0.00047991728710730793,0.9795735216651759
62,0.004193291355586288,0.0012866319252933375,4.402607782721556e-06,0.0005095633310160189,0.9940061107803217
63,0.005515895556002256,0.0014019110843433808,3.775450013668336e-06,0.000659723796467284,0.9924186941131734
64,0.014763904923877436,0.0024722548244749936,9.7303709141776e-06,0.0007097291980173271,0.982044380682716
65,0.054258190498509794,0.0063414229473458565,2.0926877650903757e-05,0.00387206096484245,0.9355073987116511
66,0.039362721553000336,0.011513702224598332,0.00015294124598479208,0.0009045581538245489,0.948066076822592
67,0.011923652876087652,0.002247859289951553,1.8416442560506625e-05,0.0006789127747954025,0.9851311586166049
68,0.04626937264940226,0.006637316770032689,5.959850875725922e-05,0.004347806555203839,0.9426859055166039
69,0.03171030757607849,0.006956154218527278,3.804956244146548e-05,0.003991489193058926,0.9573039994498937
70,0.026918278107053037,0.004351944199853917,1.8275055875436782e-05,0.0018203808370396103,0.9668911218001781
71,0.042005386688729336,0.011081335781235577,6.334524688328312e-05,0.0037492266855456697,0.9431007055976061
72,0.04359442029666968,0.010134234677500475,8.491223922071674e-05,0.005839323280448817,0.9403471095061604
73,0.10891021521046321,0.014785419561317712,8.142971256031228e-05,0.006075513070002064,0.8701474224456568
74,0.14799585203327145,0.03549132959586163,0.00014711079017612404,0.010063446777648912,0.8063022608030419
75,0.25611387914045325,0.043930975152006724,0.0002789978151957626,0.01917607434961818,0.680500073542726
76,0.435156666893043,0.08251733806511358,0.00046064877760151386,0.010907295712831437,0.47095805055141043
77,0.44451995656942483,0.2217643163649846,0.00048297032265167214,0.014413699132522426,0.31881905761041657
78,0.3761224132036287,0.45725116478381694,0.0007289144788710506,0.03516364417936365,0.13073386335431972
79,0.37718949698924265,0.19257180533017756,0.000639238610278147,0.02522826772881298,0.40437119134148863
80,0.29134154059689643,0.5820625845650539,0.003908993921085956,0.03290335543389347,0.08978352548307027
81,0.1869527448955935,0.5236862894970785,0.0008148861916874892,0.032103300356351706,0.2564427790592888
82,0.1515634415940278,0.13327443479408355,0.0009101272878322872,0.012559081817346562,0.7016929145067098
83,0.0090401065484335,0.009194967958443497,0.002914781051251431,0.00019610294951366133,0.9786540414923578
84,0.08098691517934095,0.022917417737118424,0.00017005316836979543,0.0020518736634352356,0.8938737402517356
85,0.11274812732465672,0.009753049268351206,9.693052431242763e-05,0.0019152933635105964,0.8754865995191691
86,0.09314033155426117,0.011517590688174569,9.764601885844484e-05,0.003059543571776742,0.8921848881669291
87,0.5384418857475852,0.04063509121416367,0.0002496037812644187,0.0023718728692546454,0.418301546387732
88,0.5349385819857687,0.04089202191876761,0.0004006397636777541,0.005687326789735997,0.4180814295420498
89,0.4887264202581796,0.03699085777868935,0.0003757632209743957,0.009705044879245691,0.46420191386291104
90,0.47354188580097645,0.07348755159403052,0.00035934677402219353,0.024111913218951356,0.42849930261201963
91,0.561994784716701,0.1086905033602403,0.0004648552539015097,0.1636432532076889,0.1652066034614683
92,0.49737922808430907,0.27985722341955466,0.0010910757884197535,0.06489752809515366,0.15677494461256292
93,0.3262775302737262,0.38116147053302574,0.005940067539932305,0.02874885892767976,0.257872072725636
94,0.3576423402616543,0.2661601294218148,0.0031279556344754925,0.036457491733028535,0.33661208294902695
95,0.13837452410008408,0.7654361568866971,0.004278834141177363,0.012016819046926351,0.07989366582511523
96,0.4415824642603971,0.3627497761167079,0.003641383464003566,0.043214015742596285,0.14881236041629517
97,0.2632686115980165,0.5905037983519293,0.0034683405414677403,0.0300017891843206,0.11275746032426574
98,0.19438877970864651,0.5692178355752352,0.005479126189255973,0.014998339637988613,0.21591591888887357
99,0.21933888049548458,0.662294907818494,0.003923829374203614,0.01023627092601786,0.10420611138579995
100,0.188482977751331,0.7751742568561755,0.0044660112557559275,0.010842844132277511,0.021033910004460064
101,0.40696621829600826,0.505945703501814,0.0038972350008366218,0.028212577817457018,0.05497826538388413
102,0.17122209449662984,0.8031457783216984,0.003939314496360996,0.011658284643345717,0.010034528041964882
103,0.08686096541695817,0.8638762913520396,0.016928953003942922,0.010047606943503469,0.022286183283555683
104,0.06857509213648706,0.9043681423864319,0.006631247692044014,0.012814136402944817,0.007611381382092248
105,0.3130795411699317,0.580960807575069,0.007328632974692702,0.057810999593064016,0.040820018687242755
106,0.34772165655422654,0.5505162877085601,0.006701322528838495,0.05489389542450505,0.040166837783869806
107,0.15302710825210303,0.8145908950594729,0.011528729367810643,0.004551920908284013,0.01630134641232936
108,0.0929609637569272,0.8880723129169376,0.009647409523952872,0.0015175373051568416,0.00780177649702567
109,0.2970248242210241,0.6573162124319516,0.010308223174269838,0.01106927232626767,0.024281467846486673
110,0.12341316375215962,0.8373703963254746,0.018913624370182028,0.001685366976850563,0.018617448575333023
111,0.03246400022838894,0.9342361946323952,0.02842949520966337,0.0010387483199045453,0.0038315616096479873
112,0.045833487323765174,0.9016781782483879,0.046159365192005836,0.0013942963691152455,0.004934672866725696
113,0.06171046565253291,0.8919396689083724,0.04003266254116187,0.002589753357265162,0.0037274495406677366
114,0.04512760265577093,0.9207387973507444,0.029652293121828086,0.0017322971453903196,0.002749009726266257
115,0.01720914733038477,0.9192824762967667,0.06035095011023123,0.0008157482227505813,0.002341678039866857
116,0.025339008936893944,0.9020847523672225,0.0681894828349836,0.0010865590631651083,0.0033001967977347503
117,0.021189206449781568,0.907605076514657,0.06684235891695496,0.0009492273200764506,0.0034141307985300086
118,0.018694496280889213,0.8974503086478335,0.080101525745597,0.0007046818624064736,0.003048987463273666
119,0.024059350391005912,0.9129071491314444,0.05845547547884389,0.0007048874606846156,0.0038731375380212972
120,0.021084404866976353,0.9205838541433266,0.0546607988061139,0.0009688585455279427,0.0027020836380552376
121,0.011141641702792183,0.8278017678517858,0.14670491276417683,0.001637925872624359,0.01271375180862087
122,0.026978163111895208,0.8545057270220925,0.10839331695654375,0.0027534394187065476,0.007369353490761896
123,0.04257534360555029,0.7851266053498783,0.1363494082491108,0.00621585203172869,0.02973279076373188
124,0.01989143097228452,0.7972621087917969,0.15031520947545038,0.005353989861241386,0.027177260899226896
125,0.033349979685191856,0.7638551425002533,0.1557884800833119,0.0049087476023641895,0.042097650128878825
126,0.14020256376504772,0.07894926444656084,0.0024373654776928193,0.005810406794735823,0.7726003995159628
127,0.30581066472280155,0.1841463294492212,0.010199017297805169,0.0036909074474250738,0.49615308108274697
128,0.38646724200855154,0.460399298514767,0.006054977447105571,0.007431276770154678,0.1396472052594211
129,0.15571401037888474,0.7827571184754386,0.009838819293654058,0.0018051697694583064,0.04988488208256422
130,0.23360009271176782,0.7028100548802177,0.008804686721666571,0.0024414546052747258,0.05234371108107293
131,0.38694149307207143,0.1904376443700094,0.0020530656932426653,0.005057232452981191,0.41551056441169537
132,0.05676826291192328,0.9278836041360161,0.005194586061620022,0.004246956371209885,0.0059065905192308265
133,0.04796269861509931,0.9399019661804648,0.007027431297512818,0.0028307634797395897,0.002277140427183274
134,0.16097927596186581,0.8001050709644593,0.005336594908473653,0.01571371313303816,0.01786534503216321
135,0.18824213599857026,0.7791781470361447,0.006692750173127978,0.008451990692411157,0.017434976099745904
136,0.06030100939485813,0.9104364147620062,0.019733144918397272,0.0027499613171550258,0.0067794696075833185
137,0.06546252396374999,0.9117279627100955,0.015899717868282228,0.0015729245895141023,0.005336870868358443
138,0.023359003132384825,0.9455061328043444,0.027525385299999466,0.0014707402090347805,0.0021387385542364135
139,0.09755223199187364,0.8521017335757061,0.03568234489136344,0.009076404828314363,0.005587284712742449
140,0.049144602389821775,0.912630449756202,0.026319970979288808,0.005997797681676967,0.005907179193010283
141,0.03794882838837727,0.9260207067956973,0.02861721305593034,0.0027579423528497596,0.004655309407145397
142,0.1813703987027028,0.7613502470148433,0.01598783395908633,0.027186072057615373,0.014105448265752074
143,0.0552069871115272,0.9138181501822839,0.021041026827948502,0.0034917076196725907,0.006442128258567835
144,0.11347402946586518,0.8376866176118619,0.026819300304981,0.013451641756109856,0.008568410861182131
145,0.08698197304220856,0.8812937211337185,0.01725959859008337,0.010084031378884998,0.004380675855104557
146,0.06029630832018424,0.9186517797741796,0.007672421383512349,0.00807778230832379,0.005301708213799991
147,0.23167796369319715,0.6807553259401861,0.005504351269765545,0.04774889116627574,0.03431346793057551
148,0.37286941747809244,0.5441960815754107,0.0026552652158209236,0.03954076601712326,0.04073846971355268
149,0.1597903319500543,0.8041305588359833,0.005785756021297387,0.02137205704931489,0.008921296143350133
150,0.4316794224519968,0.5304952432078048,0.0029305110949437376,0.022599698740571376,0.012295124504683234
151,0.104086863254032,0.8276060402318759,0.013207476630026038,0.05075453731887923,0.004345082565186966
152,0.08885448418633846,0.8724874215035884,0.0038565609062600685,0.02538326658434696,0.009418266819466134
153,0.16958365251514226,0.7429599235970883,0.007091061536648252,0.06443976567326712,0.01592559667785425
154,0.11261396584744927,0.7941697292432728,0.006746479746085057,0.08168329149513004,0.004786533668062784
155,0.1453327651779141,0.7878935368365912,0.0037558272695350048,0.056135003763671074,0.0068828669522886625
156,0.21861674200819647,0.6364302756940702,0.002819102454932674,0.12213664445438628,0.019997235388414428
157,0.24820010135088078,0.6157315997840558,0.0022204061100147233,0.11162643738029611,0.022221455374752567
158,0.1374116354039575,0.8265165106305598,0.004556293508284223,0.017300610653785034,0.01421494980341346
159,0.18287532426182104,0.7792970444560716,0.0033566157169395918,0.026578212026707872,0.007892803538459883
160,0.3044243344746772,0.6030544997507346,0.0023979793617633183,0.06799302120227123,0.022130165210553564
161,0.11531045311106561,0.8336898890309793,0.003392527381069473,0.03885554129053043,0.008751589186355296
162,0.3884715933757075,0.41652225590899544,0.0011925552821645028,0.11579249838329331,0.0780210970498391
163,0.304014668436826,0.6204078929655632,0.002178037539954856,0.05660825203783102,0.016791149019824935
164,0.11497107845297497,0.8388281315057566,0.002196405055017113,0.030421245917523144,0.013583139068728014
165,0.47435009726640903,0.21726374992495961,0.0010927522978688143,0.09094042096216062,0.21635297954860172
166,0.4132161656251434,0.3809806998506099,0.0009310960546228103,0.08454168647382182,0.12033035199580204
167,0.531596538005472,0.2404844491566895,0.0007647101111172857,0.07317111785233783,0.15398318487438337
168,0.3259615936296505,0.5758719522580864,0.0010465881405253064,0.0549901445244493,0.0421297214472886
169,0.5401534589461057,0.12392647265914156,0.0012009818616222927,0.12744051364219813,0.20727857289093238
170,0.4501894541661744,0.32554733863876867,0.0020131760239085815,0.10388749602582553,0.11836253514532298
171,0.49805953805730446,0.249275631988073,0.0006761709692122814,0.18641300559868823,0.06557565338672212
172,0.4812139187592263,0.28294435753033353,0.000983999129156231,0.06382261338156808,0.17103511119971573
173,0.5295259328325589,0.17468965368579334,0.0008891979978066322,0.05218479771012605,0.242710417773715
174,0.5627918801652678,0.22373856869434874,0.000705749727396435,0.07376949094495328,0.13899431046803376
175,0.5317103167758346,0.2135584663082365,0.0009506531296265717,0.03955353159969855,0.21422703218660397
176,0.5529124843666,0.13896404936708878,0.0006246038303715619,0.038856404099458085,0.2686424583364816
177,0.5569744514354457,0.2876166048912435,0.0007395131715337943,0.04176197261833198,0.11290745788344513
178,0.3916788852974672,0.18375420450521715,0.000596178855259794,0.03215942732515951,0.3918113040168963
179,0.01870846727550441,0.025142432859417804,0.006048567111937858,0.0006637959832152763,0.9494367367699246
180,0.07315987908081761,0.029417257745687233,0.0017712755539896132,0.0024132145489094117,0.8932383730705962
181,0.025123473809945965,0.008084494018855876,0.004172580824345759,0.0014227393336108788,0.9611967120132415
182,0.029749938966668298,0.06022975479149537,0.003306130032527031,0.0022894831082973612,0.9044246931010119
183,0.07296494676971538,0.019056650748347725,0.0002125880402085529,0.0030465964604943674,0.904719217981234
184,0.014515478286564966,0.0048055288364326,0.002191947635027796,0.0007729946139537294,0.977714050628021
185,0.044014571749985645,0.03199853984502511,0.0036949948630270323,0.0022724590502964897,0.9180194344916658
186,0.19478313019463228,0.016735159956016935,0.0001478230352746458,0.011388672608492066,0.7769452142055839
187,0.05943969950235102,0.007483423821200637,7.999062537412325e-05,0.007772610208504408,0.9252242758425698
188,0.007224256133808092,0.0017254351446112897,7.2048421683232546e-06,0.004018958718623512,0.9870241451607888
189,0.13007448251128087,0.006886688228848384,5.611118344448599e-05,0.010680389002377,0.8523023290740493
190,0.08667052923536452,0.012390569136227807,0.00021998350381505818,0.01324904557694007,0.8874698725476526
191,0.08569820128505899,0.017146511155272985,0.00018844922296944029,0.013404213963397478,0.8835626243733011
192,0.04960552226511863,0.009753161301740556,9.410972414150004e-05,0.007099588941617933,0.9334476177673815
193,0.1355294395701808,0.016266272239244532,0.0002772664694595164,0.017293014040174068,0.830634007680941
194,0.11242459932111146,0.008251585528783089,8.975015693968525e-05,0.010489559337886048,0.8687445056552797
195,0.004189189014181422,0.005540438933791201,0.0022408335220242843,0.0005457350077049029,0.9874838035222983
196,0.6131534408857632,0.052327802477878924,0.00013629850254863877,0.01823083790297491,0.31615162023083443
197,0.07131061729335589,0.00898364534926877,7.748472194346544e-05,0.008793527373758507,0.9108347252616734
198,0.00856802307876126,0.005456173917964072,0.0038924790761834115,0.00047504086150454715,0.9816082830655868
199,0.0047217587950316095,0.003907228270092651,0.001602292376062292,0.0013612561967427524,0.9884074643620706
200,0.014394128493542022,0.0025121144736981677,2.5177669569952325e-05,0.003154891582167097,0.9799136877810227
201,0.09006887303066331,0.00645180175280921,0.00015250227292959404,0.018883982210524505,0.8844428407330733
202,0.204306459292225,0.016072942773927047,9.393574128920106e-05,0.0404949357400336,0.7390317264525251
203,0.4559593560758112,0.021978471710550448,0.00013900625187476925,0.05693493651948909,0.4649882294422744
204,0.5836616439365716,0.05169099593278892,0.0002503291026651765,0.06926265940867928,0.295134371619295
205,0.4808792845142787,0.062146463470280945,0.0003438891324217057,0.22500668937387536,0.2316236735091433
206,0.2427041924694594,0.21207117750159396,0.0005877379860144984,0.48789993599345066,0.05673695604948136
207,0.08141866217972904,0.0688008091661291,0.0002024385911427666,0.8191527661441214,0.030425323918877763
208,0.07111397982237862,0.18967079374005535,0.00033366199766793943,0.7055741003162387,0.03330746412365944
209,0.07477203524076,0.07186492359460556,0.00031226067056838605,0.7131845645140279,0.13986621598003826
210,0.06057600993594936,0.03308665996178091,0.00017107370967881094,0.8284042744162644,0.07776198197632643
211,0.07052077551535361,0.04484922914364096,0.00018407075220964631,0.8333534680990151,0.05109245648978045
212,0.04837742229247526,0.01147947849865853,9.010198563366945e-05,0.7931205266840203,0.14693247053921216
213,0.06016168549182224,0.009423147135547868,0.00013722267307293386,0.7871468398520023,0.14313110484755465
214,0.06209129541284464,0.009412527856658725,5.2304124424399684e-05,0.8059087588763639,0.12253511372970821
215,0.09457647861392296,0.01394251005975131,9.92342852186122e-05,0.7964511277529515,0.09493064928815571
216,0.07036502986692011,0.016066020512967735,0.00012850390463819584,0.7762477510484359,0.13719269466703812
217,0.05574875903915363,0.009667629571131481,4.455099078435992e-05,0.8606913289726914,0.07384773142623925
218,0.05350385681870361,0.011778760130278601,5.3460007512034756e-05,0.8184656651988472,0.11619825784465844
219,0.07233582385282708,0.01162905729015694,7.249807129064031e-05,0.7865220268873113,0.12944059389841386
220,0.08943384133062293,0.020740463675851504,0.00010158279440839171,0.45429388955321953,0.4354302226458977
221,0.11388414823661891,0.02024811038254386,0.00010504816758884193,0.5890812932520081,0.2766813999612402
222,0.11147885701385166,0.015920285818009212,5.926729997630383e-05,0.7413206117569506,0.13122097811121217
223,0.09526092804119521,0.022305683563831846,7.436175761647235e-05,0.7173549206172829,0.16500410602007343
224,0.07114932048098434,0.01532298288343484,8.886603145236965e-05,0.7378660219150197,0.17557280868910874
225,0.07321732769448756,0.01722674476601118,9.978867530410367e-05,0.7644802409693704,0.14497589789482682
226,0.06856188257447356,0.017269475871822617,7.526849548859708e-05,0.8022536174904273,0.11183975556778794
227,0.07853379747592804,0.015631854720534046,0.00011593704434153106,0.7926787393718657,0.1130396713873306
228,0.05996295103780341,0.012538028941620743,7.455031942991276e-05,0.8407444917420471,0.08667997795909868
229,0.03815725313320866,0.008059396934478553,6.724788343013384e-05,0.8039819351207431,0.14973416692813948
230,0.07244575910970939,0.014989318714863501,0.0001235194096933556,0.6705010123530535,0.2419403904126802
231,0.12056516315135718,0.02083199046660749,0.00013245771402876469,0.4722573586027818,0.38621303006522484
232,0.15468547683058195,0.019101513393938514,0.00011722054010920308,0.4938445643467682,0.33225122488860204
233,0.1252376982181767,0.03219289739055277,9.407457498827922e-05,0.7392109988750403,0.10326433094124192
234,0.1071364655269819,0.027036474970746568,0.0001194618527217607,0.6595416113976665,0.20616598625188323
235,0.022792901043654164,0.012180320010000526,4.7823841646807443e-05,0.26509688177257773,0.6998820733321207
236,0.02542413316469935,0.019608424649915114,0.00012092948799963867,0.21628820229844348,0.7385583103989425
237,0.10308877852206186,0.03029469558862067,0.0002003218476869471,0.5444896392062769,0.3219265648353537
238,0.12353411713488226,0.04664359897149401,0.0003659059780658703,0.45561814237951864,0.37383823553603923
239,0.08520152402450384,0.026100538418499707,0.000457416446909681,0.09200684839089233,0.7962336727191945
240,0.20222000030466816,0.07438469450115374,0.0006003424637669794,0.3012890798362063,0.4215058828942047
241,0.2250546058703453,0.06752409363770034,0.00045451046144447815,0.4138425036345163,0.2931242863959935
242,0.1693880136406629,0.04802912896575473,0.0004388682479443695,0.32483593599313765,0.4573080531525003
243,0.15829453975100177,0.08091677281624918,0.0005405946973058465,0.4681940815346512,0.29205401120079205
244,0.005672600280702756,0.01974810983689965,0.0027207664575129497,0.0025021645328341235,0.9693563588920505
245,0.13718888556672548,0.02072636634695953,0.00025493496223275605,0.047920390919398356,0.7939094222046839
246,0.13482676752484546,0.016367261958092058,0.00023298329429606842,0.05738116576940077,0.7911918214533655
247,0.13461183872399654,0.013578108247640082,9.95100368002799e-05,0.031889002692501354,0.8198215402990617
248,0.4302225657763104,0.03788496485330576,0.00013135674108137843,0.1559181208705678,0.3758429917587347
249,0.33694639669695153,0.05671532906007566,0.0001536662465618835,0.29317302828003483,0.31301157971637616
250,0.3848028883967593,0.0633123914439068,0.00016903450841929723,0.3205879072156534,0.2311277784352611
251,0.22708893364659846,0.04006595381296655,0.00015404819786218397,0.5940654622297926,0.13862560211278005
252,0.12480029547324922,0.060416113143196226,0.00017612286335915735,0.7551170602967343,0.05949040822346102
253,0.23680320093403745,0.09734157752360383,0.00040399601081781957,0.5397857744834784,0.12566545104806243
254,0.12564084812388288,0.12271219636614962,0.0005906831333844263,0.3206897528327576,0.4303665195438255
255,0.37211862460105677,0.11218609221225134,0.0004953180470836465,0.372624043480426,0.14257592165918215
256,0.3538701870142951,0.32980548050768066,0.0006362922687660792,0.27390415857500017,0.04178388163425799
257,0.35951083259020167,0.1884143938371249,0.0004822567631608081,0.3250116448374715,0.1265808719720411
258,0.3636277566205657,0.17188779393902726,0.00040178120438681984,0.07276796867634584,0.39131469955967446
259,0.5477564118290921,0.2079553613246758,0.0006068935757644914,0.1172096517856794,0.12647168148478835
260,0.5315044626946143,0.2850364392594269,0.0003773725208698341,0.15787106010851795,0.02521066541657094
261,0.39262097180828875,0.4397695219015763,0.0009505999427641411,0.15215013949703443,0.014508766850336256
262,0.14992664496212982,0.7068740456861639,0.0016424602691582663,0.13133303316942205,0.010223815913125876
263,0.22121585470512398,0.6627098624985357,0.0026481911685832553,0.054580491422368635,0.05884560020538828
264,0.14078406387430076,0.07717077365051382,0.0005399164907264848,0.01307617785050758,0.7684290681339514
265,0.5818902097593371,0.24281376656699175,0.0009771833469896765,0.03917770578739558,0.13514113453928592
266,0.5472742082869336,0.1631141399859707,0.0006104115368680315,0.0180311260392031,0.2709701141510245
267,0.6321759686709391,0.33523915660712983,0.0008416125157518898,0.014523304645684866,0.01721995756049438
268,0.5888593715117193,0.15120979604275306,0.001391845664349952,0.03912279997114773,0.21941618681002992
269,0.5616440352811041,0.3996754433980493,0.0023436276598833633,0.016425192027040268,0.01991170163392308
270,0.36146171008572925,0.583468532383351,0.005272919926040153,0.031193129011037143,0.018603708593842447
271,0.27685352144831427,0.6867460476366322,0.009839400168040231,0.012424477150886635,0.014136553596126636
272,0.027189192689401134,0.91296657743099,0.052638474110716496,0.0036751613735423972,0.0035305943953499925
273,0.057858891228755566,0.8833434623767026,0.049292965572522,0.005024302999635631,0.0044803778223841805
274,0.04934152581491012,0.8722929837190794,0.06961715303622834,0.005089713339508957,0.0036586240902732217
275,0.03849091568964122,0.8863260211891653,0.0651592583694031,0.004823091394130561,0.005200713357659934
276,0.012302407547362323,0.7953555682028594,0.18606130376275784,0.001434460157834857,0.004846260329185693
277,0.02366024278024542,0.8699484634936941,0.10049928592299434,0.0009639267805229567,0.004928081022543097
278,0.014150595937308962,0.8694683599997408,0.11041299899288123,0.002040035173213813,0.0039280098968549025
279,0.0110045093060618,0.8392814063703904,0.14054304879887305,0.004419242063395435,0.004751793461279369
280,0.09265589998581505,0.7070456042637036,0.08699884773581662,0.009932122134827316,0.10336752587983752
281,0.1467623156880644,0.7189702286764799,0.10654308377474123,0.0033363389647453555,0.024388032895969265
282,0.04891839299825531,0.8830439241527466,0.058977176682400434,0.0018621291039323984,0.007198377062665325
283,0.06396831741594625,0.8058542092050196,0.1169604282481203,0.00299997614546221,0.010217068985451593
284,0.0677702379091499,0.6895018154026679,0.23450683132183725,0.0014737743650439345,0.006747341001301045
285,0.05951060069893811,0.6494145212977198,0.28118962385715834,0.0013288147717620533,0.00855643937442168
286,0.059062783241917945,0.7327915223754673,0.19167389799042542,0.0027017460212406547,0.013770050370948765
287,0.044329952996693914,0.8476571997909813,0.10237204074985969,0.0009678953303945634,0.004672911132070712
288,0.020464176024984154,0.6883030722514394,0.28591809311066757,0.0007952172471541111,0.00451944136575488
289,0.01616624016318259,0.5292363158528499,0.44984192462873324,0.0004551455341947356,0.004300373821039589
290,0.012557618952062768,0.3939396567866947,0.5897774760802612,0.00034089934343934844,0.00338434883754202
291,0.009630088703926638,0.2774933120295516,0.7053996824410862,0.0008632794382186985,0.006613637387216839
292,0.026189162942163762,0.6448763065404609,0.32169480929080524,0.001133427416683695,0.006106293809886347
293,0.021835406252800584,0.7187934191718786,0.24678612222140542,0.0012880506013581137,0.011297001752557299
294,0.03322177033407669,0.7007522099269565,0.24451938385017336,0.0018323145573747983,0.019674321331418713
295,0.030457316328006318,0.5920957149044823,0.3539218777074663,0.0026324334975266063,0.020892657562518426
296,0.0216399550542313,0.468473152641513,0.4998082992520161,0.0008381629912552511,0.009240430060984255
297,0.01524723363966789,0.5312815975751009,0.4422020590142202,0.0006388870162552322,0.010630222754755848
298,0.022024569933879034,0.5880740217115253,0.38260107633901774,0.000618903770227807,0.006681428245350079
299,0.051636679290031906,0.5661546566750885,0.35772469240788235,0.0017167442977440803,0.022767227329253188
300,0.024004740576215457,0.4169030480853609,0.5495016346899728,0.0006646054086855195,0.008925971239765304
301,0.021598427147160825,0.6254074436977887,0.3429296494159537,0.0005381182596605219,0.00952636147943651
302,0.029587338229884744,0.43140702369451933,0.5271748788767147,0.0007267376163940977,0.01110402158248714
303,0.013460637994548778,0.3638642402066397,0.6154501058297207,0.00029171136257076,0.006933304606520196
304,0.029300402556426693,0.6066476452645437,0.3554711942114999,0.0008244289451805752,0.007756329022349108
305,0.011614825436783738,0.40538416851214043,0.5773550987344266,0.0003490886137322451,0.005296818702917042
306,0.013434536780430674,0.3496946080633395,0.6296335499934528,0.0003898081301560534,0.006847497032620905
307,0.004161075294574544,0.2118844469232942,0.7808624207370882,0.00016086948697904791,0.002931187558063892
308,0.017304945465933964,0.4366728015100312,0.5383201522620398,0.00042539356562049314,0.007276707196374696
309,0.005555824210009679,0.23758003073948467,0.753620433673249,0.0001833017818764299,0.003060409595380104
310,0.011056774254514285,0.48565557078553645,0.4969021098128814,0.0007185549154241586,0.005666990231643836
311,0.01231958897545216,0.33665193446247293,0.6443260062428268,0.0009092146629157136,0.005793255656332459
312,0.028627280698029473,0.5309090437691917,0.42624120516454833,0.0010389842782399237,0.0131834860899905
313,0.016101800067686693,0.3590261413676634,0.61563486077829,0.0006643513307590192,0.00857284645560097
314,0.007406608865414465,0.2046640924041524,0.7846838640579622,0.00014552877283186601,0.0030999058996390126
315,0.021417174004522324,0.45838992900645376,0.5081542175248469,0.0008065542884295567,0.011232125175747554
316,0.005048643024441372,0.18278229790977824,0.8083518534611402,0.00020185161426357855,0.003615353990376425
317,0.009832254125818854,0.3092613522347263,0.6746311637335638,0.00025361425275116677,0.00602161565313992
318,0.009364021796844311,0.2853961895752111,0.6993220480186848,0.0003164157305292464,0.005601324878730442
319,0.02266077631840306,0.5034909145763226,0.464214309245185,0.00046905524021527325,0.009164944619874145
320,0.0068471742990281964,0.19129658457882057,0.7980281551707435,0.0002298652638109073,0.0035982206875967804
321,0.009495022445885936,0.2886478187439345,0.6960095637664737,0.0005612578478484254,0.0052863371958573125
322,0.003204826311037071,0.15183721088851604,0.8422453451203332,0.0001506187987903622,0.002561998881323421
323,0.010438018480858959,0.16905101324159022,0.812916741107581,0.0004714781066805267,0.007122749063289324
324,0.002310248881600121,0.1005899727338427,0.8944796000405775,0.00023896863532286855,0.0023812097086570888
325,0.0019368150504639181,0.08827008355861443,0.908571014706423,6.407807368118087e-05,0.0011580086108174503
326,0.007032002270293437,0.24125035014117346,0.7474977235186814,0.0002927584622618834,0.003927165607589936
327,0.003167709735064714,0.1495248304989824,0.8444680006689123,0.00023547592648322802,0.0026039831705575328
328,0.005820780866953522,0.20361596201895837,0.7861014115681029,0.00034570257350204374,0.004116142972483158
329,0.0022589792909955744,0.19140325063781735,0.8035306102895555,0.00033457345234616173,0.0024725863292853053
330,0.0032616231818820606,0.13729779815476448,0.8564013213774867,0.00016228103299827137,0.002876976252868443
331,0.001779736378569947,0.06995888583260747,0.9245062575756435,0.00019012256333225842,0.0035649976498467436
332,0.015333090532418344,0.37955275272515837,0.5957903453646709,0.0005670825485654012,0.008756728829186884
333,0.0029441821143479426,0.11290326826997504,0.8816678139178327,0.0001644993220121717,0.002320236375832063
334,0.0037679839525932477,0.14250311862387335,0.8505862157646619,0.0003933252881317334,0.0027493563707400516
335,0.003705687113843978,0.24594874478614656,0.7476923277441834,0.000254005428178001,0.002399234927648151
336,0.008135793032377976,0.32811621797670965,0.660929716900218,0.0002898423700632138,0.002528429720631304
337,0.006026483567086715,0.1934607244279375,0.7973748980073236,0.0003739555314878921,0.0027639384661643468
338,0.0043310497883679525,0.2574342862297859,0.7356337674836063,0.000638598164873645,0.0019622983333660894
339,0.001798016801608787,0.25603101481843166,0.7393937062511277,0.00046167916466978957,0.0023155829641620745
340,0.021175187993343374,0.43964108089150455,0.5331722164108471,0.0012166408227965947,0.004794873881508359
341,0.0040366939374633405,0.42039637186450557,0.5712582017841239,0.0009313202801167925,0.003377412133790389
342,0.0082101833115241,0.4624382997407964,0.5207030573664104,0.0014430226276876284,0.007205436953581464
343,0.00812784342368358,0.484004065386332,0.5013476301890666,0.0008856130332630115,0.005634847967654832
344,0.008326811921227969,0.4405133388073651,0.5432406884206561,0.001161704960940738,0.00675745588981011
345,0.00244221731208168,0.3925614360438648,0.602939346177551,0.00024892795681101694,0.001808072509691475
346,0.0010518363990934766,0.3617284004849694,0.6360764598168991,0.0001336675304046164,0.0010096357686335163
347,0.003366656689436051,0.42420300647333514,0.5691923918122921,0.0007364255180367492,0.002501519506899887
348,0.003256099103538943,0.3537634342864445,0.6405752015645965,0.00034723780741061674,0.0020580272380094334
349,0.0010812264100839013,0.1920391642817708,0.8056905739188228,0.00011574816119254472,0.0010732872281298464
350,0.002012040474313074,0.39059551200641673,0.6045829609907123,0.00040245066534974887,0.0024070358632082636
351,0.0014347215992804435,0.3664904489461826,0.6305032154466318,0.00020174265734266195,0.0013698713505625626
352,0.0007633480619811895,0.31313513306298557,0.684734603126269,8.902694455330468e-05,0.0012778888042110448
353,0.0021445168786929105,0.43097678081415697,0.564491013148903,0.00021855797209341328,0.0021691311861534814
354,0.0022636036097151984,0.43741506115421686,0.5582890725786875,0.0003992054349087954,0.001633057222471633
355,0.003225139744256509,0.41486751744958833,0.5787893275036468,0.00045382647283547255,0.002664188829673071
356,0.004432245887663796,0.3550358947042801,0.6361739053838993,0.0009431207155710712,0.0034148333085859146
357,0.001939683177657452,0.402964664241401,0.592595270108314,0.0001457863001448609,0.002354596172482756
358,0.0031028551969322655,0.5498372209413004,0.4448574560156132,0.00021974228459177914,0.0019827255615621642
359,0.005030593237126762,0.2781846829788178,0.7116939308993058,0.0007267813683935353,0.004364011516356109
360,0.0019027392979932846,0.49392183609918117,0.502289451228968,0.00025315586140980777,0.0016328175124476962
361,0.002487595225027669,0.3749471556033822,0.6190335106259309,0.0005703453562469308,0.0029613931894121102
362,0.0017689491898270457,0.1425388231416149,0.8539596733671957,0.00034478934200813527,0.0013877649593542903
363,0.002077338391472878,0.42946099715533076,0.5655650857511718,0.0006051643158048726,0.0022914143862197557
364,0.0019314371279987035,0.4582825953686074,0.5359990232641844,0.0006293791793192989,0.0031575650598902566
365,0.0011405307628400796,0.41135632279175105,0.5847259262889636,0.00048425017660011163,0.002292969979845091
366,0.0013597448570949024,0.5993490053373631,0.39691889775918726,0.0003232401285406174,0.002049111917814149
367,0.0028022793116019838,0.7863157215468912,0.20907373864837608,0.0007523305197806411,0.0010559299733500828
368,0.001946532345734358,0.5467297310018956,0.4486743745970291,0.0007533859619592158,0.0018959760933817914
369,0.00232063763302708,0.48290468681973364,0.5105445456504635,0.0010951715483542431,0.0031349583484216667
370,0.002697749410174382,0.40700311698245784,0.5860012435982271,0.0008374807252717133,0.003460409283868934
371,0.008098131002616221,0.33358781104317575,0.6494081478920428,0.00234240942851483,0.006563500633650386
372,0.012321089807431181,0.7091998680755507,0.2657064951469284,0.006171046251890449,0.006601500718199229
373,0.019558098267766118,0.6448874789827387,0.30900598684703523,0.014202839324319155,0.012345596578140779
374,0.06268152690437229,0.6181745196378228,0.04219926102346712,0.035034293691113966,0.24191039874322381
375,0.3629475934147339,0.062326271324809494,0.002339993495107076,0.048369875722589745,0.5240162660427597
