epoch,N1,N2,N3,R,W
0,0.010352430865263369,0.01265271101323203,0.0001525864788319465,0.00221094682699937,0.9746313248156733
1,0.0015775968079910936,0.0007726945270276262,1.1228754320243534e-06,0.002275792605295394,0.995372793184254
2,0.003844747573635822,0.0005306813701694132,2.4245164521980687e-06,0.0017787669281665332,0.993843379611576
3,0.006357749618746197,0.0015896773451873041,1.4139080635544104e-05,0.0044561832899113795,0.9875822506655195
4,0.007179356324432347,0.0031974807268276744,4.344625633601105e-05,0.0013701464855496056,0.9882095702068544
5,0.01606888326694538,0.006441503222213311,7.528526618469513e-06,0.003864061927929887,0.973618023056293
6,0.02313281913808591,0.02080141911144798,7.007754858524351e-06,0.0022162631454931553,0.9538424908501145
7,0.034177705963246055,0.04717431030772607,4.882468532423519e-05,0.0025783140097771977,0.9160208450339264
8,0.0027766375759276708,0.004483844405560532,6.3984182169474085e-06,0.0029235898733761595,0.9898095297269187
9,0.020504108113680197,0.003199089304566713,3.634976748131258e-05,0.0008162649175745051,0.9754441878966972
10,0.0031966934866316165,0.0005331677663195517,2.9783906963830608e-06,0.0004829057556402737,0.9957842546007122
11,0.05536911878625504,0.005255848223907751,1.1869478783174375e-05,0.023890466602885168,0.9154726969081688
12,0.08477840832920858,0.06413438576091501,0.0002422391046841223,0.01914941008542198,0.8316955567197704
13,0.060875153451008475,0.011175097794842428,7.672434870792357e-12,0.020779115382399987,0.9071706333640768
14,0.06409886657445579,0.006236025891729168,1.7016320568612594e-05,0.00400602104388249,0.925642070169364
15,0.012101084626113768,0.0028129074364243753,0.0002545121389509205,0.0010665713742534816,0.9837649244242574
16,0.14248588869404727,0.018881153050051086,0.0005097723684107408,0.006746805961691967,0.8313763799257989
17,0.26160391985488163,0.02561401550217047,0.0006490105002102099,0.01368781426972477,0.698445239873013
18,0.00795545746071749,0.0005247776357386147,2.368919095040203e-05,0.0005477323278863972,0.990948343384707
19,0.14493972641157823,0.009372727811950221,3.679412624143781e-05,0.006828019316262156,0.8388227323339679
20,0.20799187043154058,0.005924588904657514,8.070982163240364e-06,0.005681012319696912,0.7803944573619418
21,0.02083645907564833,0.004390486743188849,4.695028411278035e-05,0.0008862903926286207,0.9738398135044214
22,0.12804934651890706,0.008115787251891516,4.847706569331906e-05,0.0005724745434841795,0.8632139146200238
23,0.05841071846300997,0.10322790025714756,0.00014673668166232352,0.005555420235581345,0.8326592243625988
24,0.0410167958036412,0.015195987957886002,5.525592797175806e-05,0.0031906111456699053,0.9405413491648312
25,0.0059512389023897525,0.0016947713047546294,1.1480069224721404e-05,0.0004810635111405198,0.9918614462124903
26,0.0218052907040896,0.006763694922770518,0.00017205878651478096,0.00038779544762193417,0.9708711601390032
27,0.023668404592595078,0.002012746426224533,6.6894436637297e-05,0.0008567017002543644,0.9733952528442886
28,0.14856097690284215,0.012754735778093051,3.735259492245993e-05,0.0007206032566102979,0.837926331467532
29,0.21138856016879545,0.02799948162534427,0.0005113501756992874,0.004187075848595713,0.7559135321815653
30,0.11273259144974043,0.03203807552276178,0.00012793701707373374,0.0069591123180771,0.8481422836923469
31,0.12787472370849284,0.3195182389522189,0.006497400894821406,0.01974927572521841,0.5263603607192483
32,0.08662611902801881,0.062420067680877316,0.0004707454794998582,0.0145981867286382,0.8358848810829659
33,0.12507531340423714,0.16738481379583467,0.0016686421129435385,0.006831509069664681,0.6990397216173201
34,0.058475961364712975,0.023364726016753604,7.629051008434548e-05,0.005298770094204675,0.9127842520142443
35,0.07802339841673822,0.027369909190612083,0.0002573068809137626,0.0021977354078400253,0.8921516501038959
36,0.10048445011818236,0.02559966419667711,0.00033102355764448994,0.0014060168874711382,0.8721788452400249
37,0.3578888559489582,0.051505693675555,0.0004439795261405532,0.0006100840771425804,0.5895513867722036
38,0.12145499755294642,0.0798946464883272,0.001471967478957195,0.0007833595920121953,0.796395028887757
39,0.12709434539656594,0.1894849570994567,0.003982509107684365,0.003348243578862527,0.6760899448174305
40,0.05798322213685716,0.10441735726595318,0.002076367912568512,0.0012521723172357348,0.8342708803673854
41,0.14513318702530947,0.08531331113290087,0.0012965728009920576,0.0014819370839313786,0.7667749919568662
42,0.24309512921184206,0.21826167537292382,0.0038656838797367344,0.0010106594882185389,0.5337668520472787
43,0.06528318135825828,0.15172313572150964,0.008402672561914803,0.0005029429314863392,0.7740880674268309
44,0.10588122254964029,0.11937737399349661,0.0022343742888642467,0.00037031108685898985,0.7721367180811399
45,0.1408195428654453,0.34472258438231906,0.012542819508310658,0.001897728003276712,0.5000173252406482
46,0.10959533105151961,0.13032276729548725,0.006908800067404417,0.001126070482368457,0.7520470311032202
47,0.08773028611336844,0.21801360193112057,0.006694186418579348,0.0010085823329668132,0.6865533432039649
48,0.13582849107418665,0.18328725077616434,0.0031134439777412786,0.0012609149995508188,0.6765098991723568
49,0.14046281117979284,0.21393260124314678,0.005543322100305468,0.001979930988629162,0.6380813344881258
50,0.11002906934005573,0.2387096688980215,0.014825158949748512,0.001967511907936681,0.6344685909042376
51,0.09530806672758961,0.1570460447318643,0.014989052655253004,0.002017045885914985,0.7306397899993782
52,0.13684678886191137,0.42286414007325607,0.054147816671671,0.0033811802545984843,0.38276007413856294
53,0.052783275253920715,0.23588711635678225,0.02226248352751833,0.0019115830947100928,0.6871555417670686
54,0.16364038634412578,0.18186350395205897,0.017902658784790387,0.0015319735432736854,0.6350614773757511
55,0.013925431911743006,0.03519129091867481,0.008258460688799471,0.0006674331485515834,0.9419573833322312
56,0.0850335807782291,0.15249701002127547,0.003659819001875574,0.0010744432309517365,0.7577351469676681
57,0.09201726618367086,0.05152989760024584,0.002162020877369235,0.0002683921404801097,0.8540224231982338
58,0.08154527208041296,0.031788642165141254,0.0019323092317003823,0.00017426011341982494,0.8845595164093255
59,0.22141480696728089,0.09187109033257351,0.0030027952064835585,0.0005414347697764209,0.6831698727238856
60,0.06777010432207907,0.0672507769169727,0.0036035647390608087,0.00025376589808663314,0.8611217881238008
61,0.14759478646250176,0.2555266950924203,0.004329055314847821,0.001523334997535661,0.5910261281326944
62,0.03426681829011493,0.03797826592505009,0.005897252537501386,0.0007629784665519235,0.9210946847807816
63,0.032126861443060935,0.0176255288030523,0.0018259219379090144,0.000521207551432053,0.9479004802645457
64,0.1391697061641758,0.07732309725271966,0.0036837275432822112,0.0012728128682480367,0.7785506561715744
65,0.050166818738493706,0.04174421754451641,0.005282696880908607,0.0009110180611372816,0.901895248774944
66,0.13670697511863375,0.13245588246745865,0.012679823572873951,0.0020297758841386097,0.7161275429568951
67,0.0407430536656224,0.056141866464097946,0.009663101063825197,0.0010775596920116247,0.8923744191144427
68,0.13472587890849466,0.19084709588282778,0.007894327486477764,0.0022987133021793275,0.6642339844200205
69,0.06550465581639467,0.04838094202483507,0.002047946435309303,0.0007989837006342332,0.8832674720228267
70,0.11322678646340176,0.16994549107863155,0.005145923533627892,0.0017102914170146247,0.7099715075073243
71,0.0990603955508917,0.13411042721516436,0.00761484152160434,0.0009527769759385674,0.758261558736401
72,0.23718448086054714,0.25227094726895877,0.027094364828754977,0.004085814424623776,0.4793643926171154
73,0.08114955530785745,0.05534701890258276,0.0073337830227939394,0.0024886224722532177,0.8536810202945126
74,0.18265547043188493,0.2914475949370343,0.02028714747396441,0.004471411550937722,0.5011383756061787
75,0.08960830082950413,0.14814337142073583,0.006912934304188054,0.0018463546611239957,0.7534890387844481
76,0.24082564642182827,0.41517180243197144,0.043137206460634056,0.0050425891558243795,0.2958227555297419
77,0.06888719765746319,0.41663646990392095,0.05828265865064674,0.0013025492465893092,0.4548911245413798
78,0.04706454492424347,0.11450761767539114,0.020839611516811563,0.00129424818006796,0.8162939777034859
79,0.045186532665172766,0.1014044665276277,0.019415019258042274,0.000763626178548669,0.8332303553706085
80,0.09184572436506883,0.5317897770296147,0.03890886193166313,0.001633857901588655,0.3358217787720647
81,0.03234270465002668,0.0698292544036825,0.008144932495251962,0.0007256589863141802,0.8889574494647245
82,0.12703496345188958,0.26451185709121366,0.03741075220588047,0.0038519022456017064,0.5671905250054146
83,0.0401564010381146,0.08334783726228841,0.008317831260708028,0.001671109515746084,0.8665068209231429
84,0.10265365362890669,0.4400519104264867,0.061287559770634686,0.004185380620018613,0.3918214955539534
85,0.04539453623903736,0.044844537340862176,0.0032919884559260344,0.001192166560329035,0.9052767714038453
86,0.11191304948339119,0.09358932320414688,0.0015966056082379202,0.0006974845897154132,0.7922035371145086
87,0.11586574811730563,0.34482119088186713,0.03112983082404786,0.002042199490408583,0.5061410306863707
88,0.10717319401457984,0.2415470131932692,0.014585310481824904,0.0017087161217912532,0.634985766188535
89,0.05031692700468704,0.18990878607837536,0.05940835757763885,0.0017311610006391241,0.6986347683386597
90,0.14759798384527334,0.29707022779143044,0.018335744253099428,0.00876123964914153,0.5282348044610554
91,0.17711699564467695,0.41120253947639296,0.03556808411725061,0.00670516734456525,0.36940721341711424
92,0.09616235905320142,0.19258748002296505,0.07116234410669935,0.0025089950565947866,0.6375788217605394
93,0.09596589824385142,0.6471977345869774,0.06179230158771576,0.004352837179303041,0.1906912284021524
94,0.09477746111374498,0.19670093233206135,0.06390327899441352,0.008722684381594844,0.6358956431781854
95,0.14627831701330848,0.442481211432929,0.06252781399085526,0.00850152427171799,0.34021113329118935
96,0.09600336689726324,0.0959956566979212,0.036851607307743166,0.008463492242631255,0.7626858768544411
97,0.1312103773303836,0.45390642073233134,0.02545908114453346,0.010431830602493466,0.3789922901902582
98,0.10888374926466728,0.22252824009373898,0.0064809344516930925,0.004006411229490911,0.6581006649604099
99,0.1517092590146484,0.6508890964321842,0.0222204784438235,0.01369241860168963,0.1614887475076543
100,0.12568341998764626,0.47756300300543725,0.010348970537986538,0.012280456275678428,0.3741241501932514
101,0.1329818747226344,0.45804650866930674,0.011141435590001319,0.009162276146326273,0.38866790487173114
102,0.19663774517889507,0.23220146697897062,0.01158303896191975,0.01811116447366279,0.5414665844065517
103,0.1423234145750338,0.28562678786263634,0.02692791519191436,0.010623353250194787,0.5344985291202207
104,0.10259515721154784,0.16099002695024056,0.00714579796847219,0.005152083611339301,0.7241169342584002
105,0.12021306189443166,0.2538096358029946,0.026670927475848556,0.005447223548210324,0.593859151278515
106,0.18625229320587805,0.39218155552323736,0.03720259988317996,0.0075234034834796605,0.37684014790422493
107,0.11903069916622668,0.47294291539727207,0.03780565967047645,0.010127816891929774,0.360092908874095
108,0.14698871215461118,0.31120033782163103,0.023006327415902902,0.008002665819349386,0.5108019567885056
109,0.21692284624537778,0.5748074235397258,0.02775139114197302,0.002734759671881364,0.17778357940104206
110,0.18501252170207746,0.5946034139658105,0.013150603097942583,0.00723435090915346,0.19999911032501602
111,0.23727966993723457,0.4097502281705176,0.00893729761999646,0.003966668790874515,0.3400661354813769
112,0.08552246023174351,0.3898280993059127,0.05738341666127772,0.004837670446241193,0.4624283533548249
113,0.1456757988806029,0.3204155391989043,0.035198380677054115,0.011357881529903626,0.48735239971353517
114,0.13822860052406544,0.37317570673970546,0.08890561516486382,0.025018847705188717,0.3746712298661765
115,0.11898608838024329,0.34906743529367706,0.023765223684582715,0.01032671875129584,0.49785453389020123
116,0.1420127921868721,0.6026706827854471,0.03637285995906811,0.017320003528076555,0.2016236615405361
117,0.1340095365690269,0.30888287340577664,0.05808264640624625,0.012063002361819319,0.4869619412571311
118,0.09332789346915131,0.17889841915531918,0.015349580726829085,0.010960462975777022,0.7014636436729235
119,0.059836606518020315,0.051158592046309175,0.0016659223723380632,0.003298381833480201,0.8840404972298521
120,0.2646534189855584,0.3909547586614043,0.03770669034447565,0.03680567106531737,0.2698794609432443
121,0.21277124162398411,0.2213686489234868,0.005225318838566722,0.046140207734883226,0.5144945828790791
122,0.0831863235242701,0.13178057355340916,0.024909241696141032,0.016876848420023564,0.743247012806156
123,0.1385430954147371,0.3804132647666545,0.028160966894253486,0.028716313265063013,0.42416635965929184
124,0.09463946273804948,0.0731763197293925,0.006928004217764655,0.02049924538933262,0.8047569679254607
125,0.15756592463115773,0.08843763526012392,0.003309982055013156,0.03069745704888406,0.7199890010048211
126,0.23122952298886143,0.42212333054204054,0.013087857928906698,0.13271895899673014,0.20084032954346107
127,0.2028249668033109,0.5098656788297126,0.020113030765338342,0.12266480847756542,0.1445315151240727
128,0.12712293645275616,0.20104124184487232,0.00873470495948269,0.06113640182091168,0.6019647149219771
129,0.22035978966018727,0.2151315305931303,0.003672068644270193,0.05774351211192662,0.5030930989904856
130,0.20914772339590412,0.49833802526716287,0.01236143354358932,0.07357477058533432,0.2065780472080093
131,0.1335976679296988,0.5300423260054437,0.027489651145856626,0.03789415442258061,0.2709762004964204
132,0.07752251687946138,0.5634269290402196,0.019038710947474866,0.02645227823517204,0.313559564897672
133,0.09397173799341138,0.28014534675320224,0.026545518485340154,0.06003048024826837,0.5393069165197778
134,0.1417979193239352,0.5217014573998698,0.02620215032999685,0.029769201808732958,0.28052927113746523
135,0.1506279052644421,0.5547680475864126,0.009133971534314304,0.07447499878934911,0.21099507682548185
136,0.07192217671008412,0.755567301967564,0.019745986112004534,0.02306531628798625,0.12969921892236091
137,0.11441485909860531,0.4397247935729372,0.01949870118669681,0.024913743243031118,0.4014479028987296
138,0.04334297144735945,0.21889003044706903,0.032701980105311494,0.011565198158614011,0.693499819841646
139,0.0778140846015615,0.6692261321149044,0.01450292093714314,0.03195465290547436,0.20650220944091666
140,0.16958620639209004,0.28980071217469094,0.0069716491405049,0.03865739504623151,0.4949840372464826
141,0.07227500897236673,0.2872044525968177,0.0019574501001606735,0.019681755435304146,0.6188813328953507
142,0.13778160419486396,0.31573251987765993,0.006769440601365437,0.024171056930772126,0.5155453783953385
143,0.022149941468650274,0.05131708211622989,0.002314947266110639,0.004903096956705224,0.919314932192304
144,0.10032579199485346,0.10486926940992848,0.0012803117000916766,0.012168707103582675,0.7813559197915437
145,0.21186128911861785,0.1840237898099981,0.002085057902406451,0.019075952528644347,0.5829539106403332
146,0.06551270664772359,0.15393294809151678,0.0019548893358803427,0.007280955925400604,0.7713184999994787
147,0.10806585223646598,0.35154841055123315,0.0043349626831133805,0.01367467651499728,0.5223760980141903
148,0.030380729309512813,0.256023098929181,0.009324645513182107,0.00492788394397663,0.6993436423041475
149,0.08312682095579446,0.23243969399747774,0.0024362637795567322,0.008109253046152756,0.6738879682210183
150,0.05707521962644999,0.19588768261675885,0.0017676707347879996,0.009431443462061857,0.7358379835599415
151,0.05414226218305936,0.274037600619823,0.0055711597421091615,0.008957138224144746,0.6572918392308637
152,0.04404180475176164,0.31002897349239417,0.01177627150281866,0.006894642020077885,0.6272583082329477
153,0.17616997530022022,0.32672379083377817,0.010823007701166995,0.010126686942278761,0.476156539222556
154,0.05038878955296801,0.17636929686947,0.005257349298178439,0.007440743525162886,0.7605438207542207
155,0.06717826359110105,0.24598349884343287,0.002536255771093782,0.013391012419236601,0.6709109693751357
156,0.029825410363179147,0.06498967777704481,0.020309462192558803,0.002280228187428004,0.8825952214797892
157,0.04152139756130664,0.06490021978401099,0.005833231272259213,0.002984663488031092,0.8847604878943921
158,0.1485161483277982,0.17699323662816313,0.006052852950874237,0.006193026278013709,0.6622447358151506
159,0.06821822914400805,0.11921393349856924,0.012381624169556765,0.0036498612340076916,0.7965363519538583
160,0.19711559360487138,0.1826203997148159,0.017710086134402767,0.020519661431059988,0.58203425911485
161,0.10525135570669676,0.13326217482931552,0.011461966354508583,0.010447767326678077,0.7395767357828011
162,0.1960882607905745,0.145860301042684,0.011694522076167373,0.017458029372472674,0.6288988867181013
163,0.02596644660587256,0.06564808834491273,0.0256838383716022,0.007825001219324113,0.8748766254582885
164,0.09851439374446823,0.13646089460622776,0.012175723946192868,0.006790019418320207,0.7460589682847909
165,0.0712859302247681,0.064689530227747,0.020253013537245085,0.005159151372218854,0.838612374638021
166,0.043866271702106156,0.19011166806269164,0.08014934617807871,0.0035100302747676933,0.6823626837823558
167,0.10011557816099012,0.0997043394800836,0.014235583496607685,0.0026757426195845374,0.7832687562427341
168,0.06599245563958794,0.19104059494842254,0.020404313156107457,0.003374601363815393,0.7191880348920665
169,0.15942109970375049,0.2795264780532316,0.0271289184541355,0.009600657309149658,0.5243228464797327
170,0.05759073455664359,0.2081107290505595,0.028266298140989955,0.008700840259944798,0.6973313979918622
171,0.16639496668127096,0.23524250206388211,0.024023201532042886,0.010700148908954883,0.5636391808138491
172,0.04797324650500491,0.33815813545934365,0.0951397963246128,0.011836406198918252,0.5068924155121204
173,0.09300799333843043,0.2490430316471245,0.05386043100739282,0.012816878199030057,0.5912716658080223
174,0.18349347615575956,0.3049569850477944,0.07263186561501309,0.01683065274662283,0.4220870204348101
175,0.23846581642537398,0.14336310025989624,0.03009828716666737,0.012519147109004815,0.5755536490390575
176,0.15426069490338895,0.34245371915331724,0.06297543450532049,0.013387377400299801,0.42692277403767354
177,0.22959296929569584,0.3439199358152427,0.11011276415679047,0.0238143606512638,0.2925599700810071
178,0.0638216797764936,0.3696537777103795,0.0790744104272409,0.013102298194741553,0.47434783389114443
179,0.13820303577752807,0.26337277717539803,0.11950881632246958,0.013961693122742218,0.46495367760186196
180,0.30925319718592537,0.2321728277705635,0.09797639977536107,0.019905891291976202,0.34069168397617394
181,0.19724530333792392,0.3372126632464301,0.07786754672896454,0.010939151285049221,0.3767353354016323
182,0.08196338147844356,0.2803040320886741,0.07527429207505813,0.0040456575909975576,0.5584126367668266
183,0.11323720729995879,0.5437580536098637,0.13219036483408214,0.007849868296472273,0.20296450595962304
184,0.18674530932729638,0.5421763066002973,0.10155848699572693,0.004762607010717768,0.16475729006596174
185,0.08141988780471722,0.4297258104743764,0.2936871379906821,0.008250537118777865,0.18691662661144642
186,0.044543227604351504,0.45112124606165915,0.3206943880797231,0.005610949675692806,0.1780301885785733
187,0.14873663388226852,0.48985507110615406,0.1935279858018658,0.008554514025300743,0.1593257951844108
188,0.09896589018863877,0.5409758399687525,0.21973855230736783,0.010978166109523574,0.12934155142571724
189,0.039748142728965936,0.42915654220853744,0.43459608856598925,0.007112004201408855,0.08938722229509861
190,0.11957836988630316,0.5080382200404332,0.04715533006304774,0.014900037646156748,0.31032804236405914
191,0.07959274357269601,0.571999248890667,0.04072983131778866,0.01408780361639624,0.2935903726024519
192,0.1611187576362137,0.54656997326953,0.02735745870184179,0.026866130451727133,0.23808767994068739
193,0.1083444784630457,0.2687250079463818,0.005867026641641523,0.04335884485912399,0.573704642089807
194,0.09096443364748694,0.14930244221368708,0.0037626640848491557,0.023006695305676665,0.7329637647483003
195,0.047816790957952604,0.5168506220361303,0.041273696258467,0.014926249939191902,0.3791326408082583
196,0.009992235671919059,0.016995164858824355,0.0026038868926377954,0.0010991723299004926,0.9693095402467182
197,0.03108352830178942,0.043646165905915794,0.004049194669718779,0.0022480056161158645,0.9189731055064603
198,0.041798371407655834,0.1921970573481129,0.007288506531459485,0.0054281770812667956,0.753287887631505
199,0.0051852981185112465,0.008924598586943503,0.0013132101091475777,0.00036535713069261295,0.9842115360547051
200,0.011715811996897738,0.026965115424929402,0.004699897020780301,0.0017925039638731145,0.9548266715935194
201,0.007580435392568191,0.008833676648984965,0.0006232089879021219,0.0008030261589304601,0.9821596528116142
202,0.0877500003809337,0.06407767158726747,0.0037842624121304388,0.007082472248369353,0.837305593371299
203,0.0946202004284641,0.06708729660687396,0.007660988461347972,0.009252208492819256,0.8213793060104947
204,0.006349519109022495,0.0053628612722800935,0.0010802348575372526,0.0010673247216896732,0.9861400600394705
205,0.0094969964944115,0.005108765944031089,0.0003292647517362243,0.0016028193802519065,0.9834621534295693
206,0.09831844212827323,0.04591829313671625,0.001922714631173648,0.009317286920833777,0.8445232631830031
207,0.20235176122039278,0.12883499418207003,0.0020700644045636833,0.011198498412932429,0.655544681780041
208,0.3686617425391066,0.3614642955837121,0.0013854102282229155,0.045699989676785485,0.2227885619721729
209,0.14420872655101435,0.33187365778374056,0.001908915540751859,0.10566391152473519,0.41634478859975804
210,0.10158323488884016,0.205812972176566,0.003249203549779225,0.05538628032042106,0.6339683090643935
211,0.06835505737568766,0.2194520172849547,0.004792558584521894,0.08565863210920632,0.6217417346456295
212,0.3686191621643266,0.2861363825299799,0.005028029238154596,0.10658368742344529,0.23363273864409353
213,0.3476304983043692,0.3102294544913506,0.004256164616660012,0.26487645434906104,0.07300742823855916
214,0.16331001927077834,0.4067825249299058,0.001847094062769869,0.33761968346206045,0.09044067827448553
215,0.15086286245329003,0.4198375215294218,0.00675681589255269,0.2234297756964705,0.199113024428265
216,0.15771646731671823,0.3751782470168227,0.00781499548440282,0.16477326886092905,0.2945170213211271
217,0.12929381295198283,0.5881664270278024,0.005229849274545889,0.17291012490382265,0.1043997858418464
218,0.25697436526576173,0.41292946981790124,0.00563774955218132,0.08750877135581554,0.23694964400834026
219,0.18338006939537146,0.45940345226060725,0.009709974632540577,0.029084775510607456,0.31842172820087333
220,0.11299156737970255,0.7062735339006658,0.01732050628008167,0.06419246462508318,0.09922192781446669
221,0.2039780922173686,0.4921086719047462,0.0027486097302660273,0.1639347645131163,0.13722986163450276
222,0.1546722013414579,0.4945354202255656,0.020235277254239344,0.14917144431184357,0.18138565686689365
223,0.12133156087267016,0.4386111232147157,0.01715018420534138,0.06071092449374707,0.3621962072135257
224,0.1053057800498418,0.6054948329112457,0.02164300206470057,0.0224401781261705,0.24511620684804153
225,0.16171531438280679,0.5094716022348117,0.035201329550997223,0.0037468816045132737,0.289864872226871
226,0.2411272818405342,0.5067704175955502,0.02013639773779881,0.01057531709610668,0.2213905857300102
227,0.15173919156564272,0.5230907976797249,0.04082828113154237,0.06827752865861407,0.21606420096447596
228,0.20699350902706098,0.5825480073214347,0.009676269131784572,0.08166487842301233,0.11911733609670742
229,0.1424158624666496,0.6690762211774611,0.01266587753409674,0.07485801444664208,0.10098402437515046
230,0.29110932656539834,0.4118775807911807,0.011542763342874768,0.044501758175230714,0.24096857112531556
231,0.20285716705389928,0.574504449414226,0.013325201273861897,0.022568974181630758,0.18674420807638198
232,0.11381223436325824,0.7324303194049908,0.010999996180002768,0.09147389377756948,0.051283556274178785
233,0.1264491388182703,0.5905078645697128,0.0242856379842112,0.03784447911736405,0.22091287951044156
234,0.09227257305593878,0.6601188172710589,0.024755159060531957,0.08007206990696743,0.14278138070550297
235,0.13379370705420682,0.6469788441450491,0.012425940767380104,0.02658318890917034,0.18021831912419364
236,0.1313869603499337,0.425675116074644,0.011223039349865052,0.015107933833965487,0.41660695039159173
237,0.16484786320479666,0.41936588587967616,0.018968297758701853,0.029848000481771768,0.3669699526750536
238,0.1231807383887664,0.45774441064263155,0.01915633839732373,0.010287177979329369,0.38963133459194904
239,0.21876728676828525,0.46700120564859,0.008008622029570225,0.04593564389230521,0.2602872416612493
240,0.07431259480033407,0.44014929443473266,0.00701826029174058,0.03458176276034053,0.44393808771285226
241,0.08657602326651734,0.27898081413075637,0.030573380978233648,0.03647742799143239,0.5673923536330602
242,0.05911886654701651,0.1250346853902653,0.011911240263696998,0.033657259337851575,0.7702779484611696
243,0.1578388955239691,0.23338032642772388,0.008590491647764605,0.009841519127434653,0.5903487672731077
244,0.2134884847872528,0.48892071483063254,0.010626794109121327,0.017669135443680307,0.26929487082931314
245,0.13477741663051007,0.5014796227026049,0.008847281357982179,0.008974376986982453,0.34592130232192037
246,0.1804445934059527,0.6120176593554096,0.006080543333981256,0.06593535758225379,0.13552184632240283
247,0.08861118201171309,0.39761884514678464,0.03406315451954959,0.045188124229764114,0.4345186940921886
248,0.15559060661929322,0.5229996135897849,0.013551987339736749,0.08229915175676498,0.22555864069442028
249,0.07069477906293228,0.7484828187738476,0.022630350942285188,0.06568830038275954,0.09250375083817555
250,0.06357088666447623,0.5206525685945879,0.06687877044216954,0.05446514285762573,0.29443263144114046
251,0.09779245835200215,0.5636455703829091,0.03507187886497426,0.05140745665178264,0.25208263574833184
252,0.04381440005034252,0.5197073512986136,0.018905136931795696,0.03794449774815253,0.3796286139710957
253,0.14967567939076423,0.28562706626987494,0.006071324598607973,0.06846086307625734,0.4901650666644955
254,0.07225827698515697,0.38524358372627726,0.056161075474541855,0.05545052830088318,0.4308865355131409
255,0.0331208916540197,0.09603771916970295,0.008286585343448508,0.014486397775767164,0.8480684060570617
256,0.007917720075892485,0.010939981972072351,0.0012261077788274144,0.0022041659783411916,0.9777120241948666
257,0.09671083552918558,0.1028615903234031,0.00603494545547655,0.011019329745672988,0.7833732989462617
258,0.3913874939933025,0.12019194525303704,0.0017406852636222814,0.04496213600190202,0.44171773948813614
259,0.01985491485636702,0.01340277711529505,0.00016769657588981452,0.004751050598457276,0.9618235608539908
260,0.06262163606392414,0.049949676051253986,0.0014814651364994328,0.019926660758688184,0.8660205619896342
261,0.024995059623464093,0.023154924740808245,0.0005204821176710865,0.0040204703805452,0.9473090631375114
262,0.08539586701781365,0.039349873850387886,0.0009126825647804215,0.006053541426823558,0.8682880351401945
263,0.02126676725536461,0.00687306837523077,0.0014507606707123198,0.00603232432157968,0.9643770793771127
264,0.05868302334302332,0.038278964630087155,0.0013192419894043014,0.011673861283285644,0.8900449087541996
265,0.29505569163835516,0.22189791057836228,0.013862604289010478,0.04479240608253624,0.4243913874117358
266,0.1527383342077115,0.11620456104577745,0.006888877317907132,0.043831211212458934,0.680337016216145
267,0.18603434972447824,0.5360199037908817,0.027027662197153905,0.038934690659160304,0.21198339362832586
268,0.04563192231567174,0.10562785699371009,0.004304342828498876,0.019233393868561134,0.8252024839935582
269,0.22133669781979579,0.39103483423731816,0.021112637710434447,0.01876134601736233,0.34775448421508925
270,0.10869502737390878,0.12542967864132787,0.014868640744857496,0.010567341379277466,0.7404393118606285
271,0.40667305924465047,0.16652430345164274,0.007995605585382558,0.019712405714946306,0.3990946260033781
272,0.05473787294926057,0.37134952916548075,0.04361526183189263,0.008955919737680734,0.5213414163156852
273,0.09796812840171147,0.5647232594454914,0.019046007213780483,0.01202439434401029,0.3062382105950063
274,0.03635137352619801,0.48527180437097767,0.012870847792365159,0.0029970989226617752,0.4625088753877975
275,0.17699441242682612,0.2792515744616623,0.0037794699838286094,0.008765630270180775,0.5312089128575022
276,0.06838025278373872,0.45515195713998435,0.015841041406832682,0.014809346126824966,0.4458174025426193
277,0.07567581551021677,0.3564666857064929,0.004339036579647682,0.01293028160515283,0.5505881805984899
278,0.09135437828248018,0.49026251537623167,0.0358724347923176,0.012931734612473031,0.36957893693649757
279,0.07509756862856803,0.359270599667696,0.01724768039427568,0.011194839992587472,0.5371893113168729
280,0.19582565982330946,0.5697994371604387,0.01114638508904634,0.03892900895072993,0.1842995089764756
281,0.12360564783555147,0.5741115298037825,0.02892184160688883,0.038550672260303634,0.23481030849347337
282,0.262171931909535,0.48104428190207016,0.020322943777109033,0.0559054491293852,0.18055539328190054
283,0.24465905175722977,0.5187958267167082,0.007916813429217595,0.07009448326030093,0.15853382483654355
284,0.16298135112955817,0.5479999861000674,0.008727493232378513,0.056567070334277436,0.2237240992037185
285,0.1035306742553007,0.38117849443031543,0.00966462244410737,0.016760506103457983,0.4888657027668185
286,0.32062944407226035,0.40564186202413766,0.005808430079386022,0.016236722356401268,0.2516835414678147
287,0.1773790109700188,0.5186175631789305,0.046713056419388645,0.005965808825812407,0.2513245606058496
288,0.3692067044693524,0.4370302940550315,0.011751537472763583,0.0036780303381827094,0.17833343366466986
289,0.1653121140741103,0.6274154544601485,0.06486177885741072,0.01744936253537068,0.12496129007295984
290,0.17522650862983716,0.5524335070618691,0.030249527455228548,0.01948762020377705,0.22260283664928807
291,0.12290816264378583,0.6082317441318483,0.04425198583561502,0.02275863155441049,0.2018494758343404
292,0.16547213591320614,0.5678646336793239,0.06966043715913728,0.023753964479417425,0.17324882876891512
293,0.07262280505444497,0.6172376948678666,0.18845693340157554,0.012679865772338641,0.10900270090377416
294,0.08017348812454889,0.5606268897061294,0.08908379246284613,0.01701925437825001,0.25309657532822555
295,0.24973140498878982,0.29811941400138997,0.010253063145478771,0.01409255811405059,0.427803559750291
296,0.13062302128069056,0.7728962463929485,0.03380278050799747,0.015086554751360653,0.04759139706700266
297,0.15977000870654573,0.7292800108602445,0.013367355633195736,0.024146770563137555,0.07343585423687649
298,0.2014043937183146,0.3779326984541815,0.01835029551032589,0.056950062340803395,0.3453625499763747
299,0.057800679683105836,0.6742266430525313,0.022189762246717766,0.10421415426065654,0.14156876075698863
300,0.0392381530523829,0.6682243712013496,0.01251475102985816,0.13412799276075002,0.14589473195565922
301,0.05436053818434548,0.5945672065114718,0.012563459560013111,0.17507508672255362,0.16343370902161597
302,0.0526887353860684,0.13892036132049848,5.2861657394836377e-05,0.7352458273837715,0.07309221425226693
303,0.04118766639228779,0.20233508766018177,0.00043383334336677973,0.34236650425287046,0.4136769083512931
304,0.05787383556681636,0.07894603260947305,0.00020205757730813595,0.7859154856272821,0.07706258861912021
305,0.038955530906019394,0.30434547723433053,1.4157743425752541e-06,0.6304094645560355,0.026288111529271956
306,0.0720215564744453,0.14819143884537558,5.5925549214666685e-06,0.643746123653736,0.13603528847152171
307,0.062489018253805914,0.3445604265558392,0.00020693369694985025,0.33126887894357426,0.2614747425498308
308,0.1764603131192172,0.1227267611359447,0.0001451287414546479,0.5420578495159515,0.15860994748743185
309,0.07470790918178549,0.09436729778719037,0.009577963097062082,0.17226323563357424,0.6490835943003879
310,0.3601996667324357,0.09171217857145735,0.010343663577736285,0.44815461507828624,0.0895898760400845
311,0.05379706347898832,0.07627263923553952,0.036184319916779124,0.13145844292039763,0.7022875344482954
312,0.07526892404416788,0.0235058713881408,0.0030705270126579077,0.11101195445869863,0.7871427230963348
313,0.21309249645278444,0.03940788218349677,0.022247645765131285,0.16092632539772084,0.5643256502008666
314,0.5983287104925097,0.0486568337246805,0.004986496572302352,0.09790267954548426,0.2501252796650232
315,0.3554339739566327,0.228196002222326,0.010766422618174119,0.05031053028830956,0.35529307091455764
316,0.10500940154021353,0.06212985694151974,0.005109566814418789,0.03761315412046168,0.7901380205833863
317,0.22410345544161636,0.17017834714287383,0.005424085857098354,0.10079138747737719,0.4995027240810343
318,0.25716784612565935,0.25345747225426335,0.012285389109032905,0.09698173874237567,0.3801075537686687
319,0.3730960638011235,0.24869851193673842,0.0028891303447582733,0.04505064354906084,0.33026565036831906
320,0.18417082731185958,0.27027828894561834,0.007297406446430667,0.17006316195061838,0.36819031534547303
321,0.0932587269132194,0.11163973201041905,0.004837126618439608,0.11171568130128952,0.6785487331566324
322,0.27250257244543574,0.1947984652495465,0.007465711081743892,0.1328050427437693,0.3924282084795045
323,0.26085643434627803,0.49376136848863567,0.0048250611673741894,0.08936818571229078,0.15118895028542126
324,0.36655357549419015,0.25817231631048765,0.00368298373658831,0.04341301031831265,0.32817811414042136
325,0.2947115223555056,0.26067655365484754,0.009848138714061762,0.05918870827109361,0.37557507700449144
326,0.06418751839994395,0.7057535461331444,0.01093020713020876,0.09052145469353949,0.1286072736431633
327,0.23206526877781114,0.31490763763899177,0.002376309494470817,0.30118979264115603,0.14946099144757022
328,0.1087555503627177,0.6824642899243434,0.006044520156268551,0.14988271209399398,0.05285292746267634
329,0.12584617650748486,0.3944523029726917,0.005014171042889017,0.2216674695147798,0.25301987996215464
330,0.2067982598940218,0.3165437103546763,0.002335950388846786,0.3215647392467948,0.15275734011566036
331,0.1987033572783538,0.4330570894066835,0.004700325021557255,0.1703722006356952,0.1931670276577102
332,0.2580522938295498,0.5123410514350779,0.004715881753923755,0.09939341726853727,0.12549735571291126
333,0.28240864173742036,0.49463131501409235,0.0027934297923002996,0.10168674925963624,0.11847986419655072
334,0.25501243512025373,0.5061873335164401,0.001767101025463935,0.18858396504268599,0.048449165295156214
335,0.24760994823632854,0.5173070798066274,0.007991476068922872,0.07291071911541412,0.1541807767727071
336,0.1550050978521449,0.5827605474807523,0.011819175811529322,0.16930392937207545,0.08111124948349802
337,0.23713671914221005,0.4212531671332084,0.016984659413890116,0.05224282744524608,0.2723826268654454
338,0.10632641766608972,0.7223323875514382,0.009298645865633077,0.03355683355345308,0.12848571536338585
339,0.19758938116046582,0.5388979868387154,0.017482103374256795,0.15642673156312692,0.0896037970634352
340,0.250862046524891,0.4733922923925194,0.0060603729569383554,0.10481250053060098,0.16487278759505014
341,0.13743775972217617,0.5784191975547759,0.01701701814446776,0.15948188712167374,0.10764413745690635
342,0.11105025790616371,0.6646110784428414,0.010923545364425705,0.10310201179896104,0.11031310648760807
343,0.0810858307566298,0.7247289706187925,0.01121060628692234,0.08741291113868174,0.09556168119897346
344,0.10998377386411884,0.6784652847640318,0.007742608552365798,0.11067997771244269,0.09312835510704091
345,0.21021969859689021,0.41459976517939556,0.006043595647332131,0.2441818361110552,0.12495510446532698
346,0.0719671795649749,0.6740814805188363,0.009544908229777131,0.15316859276086145,0.09123783892555021
347,0.1465786129554678,0.46012135499367307,0.007227882875595523,0.29591762399776406,0.0901545251774995
348,0.18728130383934202,0.45269731403369956,0.006162045149491845,0.22230869225314195,0.1315506447243245
349,0.06742898928163378,0.6803594397986219,0.010659542551846405,0.11716689417575135,0.12438513419214679
350,0.19066474507082903,0.6029889068342267,0.013545109390429121,0.1003120359088524,0.09248920279566275
351,0.09556253795016202,0.512338404320509,0.049564488986245964,0.03007396362114571,0.3124606051219374
352,0.08752766987992328,0.73209350661825,0.05906554762204723,0.017850616926348307,0.10346265895343121
353,0.1874175450468751,0.6636235082019459,0.032321055703414876,0.011498786905819592,0.10513910414194433
354,0.1276667143178065,0.4245963775042122,0.013960063808673477,0.016195623574949605,0.41758122079435817
355,0.14379341633945114,0.4059209382104979,0.028806961828770804,0.024257511200805056,0.3972211724204751
356,0.23418438648550505,0.5311212443629325,0.03667613584625435,0.017853447436787555,0.18016478586852055
357,0.2555225326545249,0.49024102878296044,0.05972275522939218,0.008281214213635061,0.1862324691194873
358,0.12136044635767816,0.7543864053008434,0.05757002080104697,0.013274278843897954,0.05340884869653345
359,0.11640769302943625,0.6747438009382865,0.06811867251489925,0.0070524361645856555,0.13367739735279233
360,0.17350993312664348,0.7127072903910032,0.03792262044670422,0.006509210145323252,0.06935094589032585
361,0.1850050479516572,0.6053565071529325,0.044289582043300815,0.011254425500145368,0.15409443735196424
362,0.05309359945833528,0.7495785686887513,0.15893081675611112,0.009066234226194986,0.029330780870607316
363,0.11212573002282636,0.64345117341842,0.07516134085582372,0.009614992088606243,0.1596467636143236
364,0.06462783666714349,0.6983805337792907,0.06637640828244357,0.01153446713656747,0.15908075413455483
365,0.06884087409045711,0.6784084032074542,0.12145081688138017,0.01203884920836539,0.11926105661234315
366,0.114774195141764,0.6233117387001315,0.05044090329097182,0.004519416402267786,0.20695374646486497
367,0.07463134033226217,0.8381650317095293,0.04713732128017722,0.005592771232651221,0.03447353544537995
368,0.0626532546596853,0.716008542094719,0.12653993782530013,0.011691954327439837,0.08310631109285581
369,0.0561730678349739,0.7245042346700398,0.1352520546711128,0.012679234939888864,0.07139140788398472
370,0.048014195663753964,0.7164262645696433,0.11061508547430057,0.020783832983348696,0.10416062130895336
371,0.05839646233517192,0.6991188103468005,0.11282031367486269,0.015273584040828077,0.11439082960233671
372,0.08725569738354005,0.5858802554341306,0.09173713226677437,0.010414529997802175,0.22471238491775278
373,0.0948239528927049,0.7575196370899714,0.02457991087657509,0.008659551205203616,0.11441694793554495
374,0.2644016393789449,0.42068939999169647,0.11157047037985697,0.0152287185862323,0.18810977166326928
375,0.22262361615224224,0.5396884888186048,0.06788016475220747,0.024092653964364576,0.14571507631258096
376,0.14708594312118728,0.5586726853812135,0.13135528905955376,0.020260246506271888,0.14262583593177353
377,0.0653947410466464,0.5656258780084102,0.23611675299314688,0.01668714773500604,0.11617548021679037
378,0.014696681157507809,0.7781342576068085,0.17691485065409973,0.007239656367852894,0.023014554213730855
379,0.04767486432326788,0.8420282860655415,0.058208880732561814,0.020835298612140774,0.03125267026648811
380,0.05060267009444384,0.6672112859622489,0.16037057497168433,0.021693168220728677,0.10012230075089419
381,0.05738910514681202,0.5446361740954396,0.16637458145907139,0.04203256922526171,0.18956757007341515
382,0.055262656957344676,0.5826271177137753,0.21424349151407104,0.017484162853470042,0.130382570961339
