epoch,N1,N2,N3,R,W
0,3.9072018645092226e-05,1.3748177116245118e-05,1.9065796163649738e-35,4.016274101680479e-06,0.9999431635301369
1,0.00022546737778879157,8.096855850698904e-05,0.004650513176720944,2.3368148886630317e-05,0.9950196827380967
2,0.0008952764810908736,0.000102561829403644,3.1278383750639335e-06,2.9857433058975364e-05,0.9989691764180714
3,0.00012135046546876021,4.4700327590299406e-05,1.6376360198482962e-05,9.117919886108923e-06,0.9998084549268563
4,0.00035996622695359874,0.00016711208307815668,2.219787241633915e-05,3.456242153280624e-05,0.9994161613960191
5,0.00012934823153118674,9.662004823026645e-05,5.747916649373967e-06,7.607034368506732e-06,0.9997606767692206
6,0.00027455573138730115,0.00011475630502945263,0.00011673114383832998,1.7186726967354425e-05,0.9994767700927775
7,0.0005181471561568494,0.0001615853391422499,1.844365217814929e-05,2.1113486614862486e-05,0.9992807103659079
8,0.0003263074487919493,0.00013051173236424668,2.3592914375933365e-05,1.075309465588581e-05,0.999508834809812
9,0.001301654270382047,0.0001542716208647932,2.5404449596237284e-05,1.1023965223004452e-05,0.9985076456939339
10,0.002697077620273751,0.0006049671900015056,0.00016730699260559046,1.792925776139239e-05,0.9965127189393578
11,0.0018329955420431931,0.0005745465593669003,8.077578094025765e-05,4.6219344605334054e-05,0.9974654627730444
12,0.0006747993303288777,0.0002161279445222483,3.911326938613651e-05,1.473927966693464e-05,0.9990552201760958
13,0.0013798650573094255,0.00010848668637348541,4.0979717321064095e-05,1.3366522807278925e-05,0.9984573020161889
14,0.0004179283606971669,0.00015237951618907587,3.686264888569441e-05,1.323041345703114e-05,0.9993795990607711
15,0.0007115020695911947,0.0002848472849635121,3.593379701009094e-05,1.4853494023647493e-05,0.9989528633544116
16,0.002958016267293812,0.0002852460288097307,3.48718024570124e-05,1.8934780819689242e-05,0.9967029311206197
17,0.0016187949050702351,0.0005249803815268165,1.430941842297529e-05,3.0784510128186196e-05,0.9978111307848518
18,0.00319636527155679,0.0006076728818606923,6.6040994427752345e-06,8.182386468616375e-05,0.9961075338824537
19,0.0001417562378101901,8.200474356324324e-05,6.505500910593323e-05,5.615684112380736e-06,0.9997055683254082
20,0.00043334858241634807,8.166983697107396e-05,8.237599313474796e-06,3.751216491769218e-06,0.9994729927648074
21,0.001285674691118256,0.00014949738313307592,3.0278296749298507e-06,2.5625425153318603e-05,0.9985361746709204
22,0.0005107769373927511,6.802686547459968e-05,1.9499994887109302e-06,2.9353992960786696e-05,0.9993898922046832
23,0.0026564156645742477,0.0004472671335947922,1.0745154628306644e-05,5.6283168767990234e-05,0.9968292888784347
24,0.00145183350177734,0.0005655151854838819,1.6065325520591503e-05,7.595765233163054e-05,0.9978906283348865
25,0.00982842441240491,0.001086613034007041,3.7464035038116832e-06,0.0003143717221684469,0.9887668444279157
26,0.0017926911276969955,0.0012043703277653884,3.130527150639634e-05,0.0005565654671403985,0.9964150678058907
27,0.006144194501906965,0.0017280743298282832,5.382269616587846e-06,0.000989674469947068,0.991132674428701
28,0.0016045103617046022,0.00048277859656428653,2.133720557466944e-05,0.00016955172843854412,0.9977218221077179
29,0.002811731650628417,0.0008232598726549386,2.0009385132818294e-05,0.00046316414328087334,0.9958818349483028
30,0.0467511316999109,0.0059356467077164654,7.423832595195881e-05,0.002176575406850419,0.9450624078595703
31,0.034682591764926156,0.004364067659397609,5.053316364683249e-05,0.0036358550101975636,0.9572669524018318
32,0.06126065298994837,0.007323357837820374,0.00011281764237953357,0.0072117837547633935,0.9240913877750884
33,0.052632247235411087,0.009986782191628364,9.545678181845704e-05,0.009458482659613925,0.9278270311315282
34,0.09541209843777759,0.01842333766348554,0.0002472963688936189,0.011992558656572401,0.8739247088732708
35,0.014511327058728587,0.004869729545652761,5.217617793309127e-05,0.0031566103846996474,0.9774101568329858
36,0.0035152205055339865,0.002230898484508719,0.00016028349591814303,0.0015009545854840082,0.9925926429285552
37,0.0023291858421348667,0.0004963042275106153,8.783392925543135e-06,0.0010316903053699058,0.9961340362320592
38,0.024808623312192135,0.002217930723864368,1.3115777281807456e-05,0.005695333502846306,0.9672649966838153
39,0.017031653826141534,0.000911734068545968,5.489856391472629e-06,0.0020489684523543037,0.9800021537965666
40,0.11888815041639067,0.007931651008045666,4.0610635706575196e-05,0.013276396611403741,0.8598631913284533
41,0.1839480697881118,0.02536373805047496,0.0003447506957483617,0.011128514539742191,0.7792149269259228
42,0.026297588647102417,0.0034430569798671296,3.9825852138407335e-05,0.005303557030800482,0.9649159714900915
43,0.010797376809770299,0.002225318938380784,4.8396876704872235e-05,0.0018109609079508993,0.9851179464671932
44,0.5417239514821228,0.02797758996013821,0.00016106482830707038,0.0400838762396133,0.39005351748981876
45,0.359006143867884,0.016616492896992737,7.482423395125057e-05,0.03273457874478114,0.5915679602563908
46,0.5617519607519559,0.06434081153888584,0.00018249801035801372,0.1174107821425385,0.25631394755626175
47,0.45798947281833313,0.13296487282679595,0.0008206178452563416,0.023448053706095612,0.38477698280351885
48,0.2695688866920323,0.3642034817068032,0.008401329947103138,0.04598414239216489,0.3118421592618965
49,0.2928036124378847,0.24525153772286157,0.0006518727563396258,0.1268859081390482,0.33440706894386596
50,0.29674629569831174,0.29454888271750834,0.004661283201589766,0.10585111764373412,0.29819242073885605
51,0.14658285342779664,0.6706950681716161,0.004114116438011373,0.048450049889550414,0.13015791207302543
52,0.2050964324608352,0.650218435195182,0.0026451160180560613,0.033719950141232684,0.10832006618469428
53,0.3474881047670956,0.5059469089993632,0.0014036475696667162,0.034720114804731826,0.11044122385914268
54,0.05294773476321989,0.9167902007639023,0.006052569075035084,0.003446201798681186,0.020763293599161584
55,0.08869988115150104,0.8792861122284106,0.013909499007202236,0.007290404736750201,0.010814102876135899
56,0.018926307667989924,0.9420346126935835,0.0298916575271417,0.001965170987755503,0.007182251123529324
57,0.03191507855186897,0.9533823869814704,0.003927327203611892,0.006935888963168359,0.0038393182998806234
58,0.027553344160636293,0.9533190914766086,0.006905425802120592,0.008501736846038513,0.0037204017145960134
59,0.026097258291937882,0.9432908535236972,0.025563003255490366,0.001366975089625612,0.003681909839248794
60,0.0332819049187636,0.9049685516699625,0.05524695774529134,0.0013582170186458471,0.005144368647336665
61,0.02194116104508434,0.943475504772407,0.029337899085864885,0.0015200836777677434,0.0037253514188759942
62,0.029442382605620106,0.9204861966197819,0.04210614175653247,0.002061618394282351,0.005903660623783122
63,0.054050744039194965,0.9245126538074417,0.011272999712617164,0.003814322823565412,0.006349279617180883
64,0.02662488244814214,0.8380142437409346,0.1286032358433279,0.00205886364767743,0.004698774319918168
65,0.03717813825068453,0.8739393487996984,0.08300743498363479,0.002039930202909797,0.0038351477630725306
66,0.028201353042425065,0.8259661512972594,0.13507031054842866,0.0037374977893111423,0.007024687322575723
67,0.011996624662274564,0.7324899151263065,0.2507867263483672,0.001297920932555898,0.0034288129304959614
68,0.021383010266679686,0.8018809048001807,0.16708124579215888,0.0015989185948651913,0.008055920546115395
69,0.02372654751056387,0.6136657404473905,0.3527163318594291,0.0023158863166861934,0.00757549386593037
70,0.019922748658868096,0.8279770982595231,0.13986812285387978,0.0017960829049562062,0.010435947322772714
71,0.013273418029262277,0.6632083253032113,0.3186628025352244,0.0005494971616185341,0.004305956970683583
72,0.03457573130561354,0.5642902236503741,0.39390058168308867,0.0021304606367216266,0.005103002724202056
73,0.0119977526193215,0.7723503421278092,0.21202085888356692,0.00037546051767218766,0.0032555858516302026
74,0.01052042330047102,0.40601326421299905,0.5797012061086216,0.0007396523992370064,0.003025453978671367
75,0.0075232071068262255,0.42424320358882694,0.5656635785794302,0.00045504110660143774,0.002114969618315071
76,0.006221267551050094,0.22596540201177476,0.7662286355740707,0.0005239015478503348,0.0010607933152538952
77,0.004592548976866708,0.25790107801182244,0.73629904102299,0.0001936421170073887,0.0010136898713134263
78,0.010052447997932895,0.39870471480634034,0.5882455014649403,0.0006288175526510773,0.0023685181781353754
79,0.0036131989965899987,0.15732342703583782,0.8379354477423259,0.0003906121646683573,0.0007373140605779653
80,0.004184550979273295,0.26666858628224155,0.7269589052174098,0.0005736799839352069,0.001614277537140032
81,0.007984526025871286,0.32098632763589463,0.6675099978483711,0.00037293752286193067,0.003146210967001174
82,0.0033087957851884956,0.24092776400592233,0.7544603319065925,0.00036462565120995595,0.0009384826510867781
83,0.0011381392680866968,0.220756823391422,0.7770407915193501,0.00014720003824298552,0.0009170457828981415
84,0.009623073871125834,0.3748081946073698,0.6133508430359723,0.00039392469675304245,0.001823963788778999
85,0.01074548381644167,0.2733289220675301,0.713137463680808,0.0005787652598164437,0.002209365175403825
86,0.01313002408858644,0.29760896181797813,0.6858605184132411,0.0008168058665792573,0.002583689813615062
87,0.004763753419523068,0.30954651282638984,0.6836293710896565,0.0003890077381698997,0.0016713549262608244
88,0.007640344733963721,0.200977638147541,0.7896524742003022,0.00038168799516676347,0.001347854923026274
89,0.005470636404512874,0.33073548539356823,0.6607329562150412,0.00025911659864375034,0.0028018053882339256
90,0.008570293820815485,0.2566211872747691,0.7318517161865439,0.0002938252165851713,0.00266297750128649
91,0.0027103785086476,0.1639159303741644,0.8318550097120322,0.00015368589677876724,0.0013649955083770001
92,0.008423444650350555,0.3187737958811872,0.6695489760685922,0.000369925891496747,0.0028838575083733713
93,0.005214219923776548,0.16478668325085463,0.8279820478186556,0.00011272898173391452,0.0019043200249792363
94,0.009690083278218723,0.133394655268281,0.8556090174692936,0.0001605848817261053,0.0011456591024805512
95,0.0075278445457066185,0.18946028673388124,0.8013749622669407,0.00015181916320632997,0.001485087290265323
96,0.005371156157713255,0.28972967013543754,0.7026346499625775,0.00025912201945507533,0.0020054017248165947
97,0.010711572616473247,0.23912064429030216,0.7480900915521911,0.0002802653621957004,0.0017974261788377415
98,0.004733076153106526,0.16215191656155645,0.8318228208095159,0.00019965547622656537,0.0010925309995945584
99,0.004267767317476284,0.23254166566181161,0.7616072847587013,0.0003334301986955496,0.001249852063315384
100,0.008390873964707227,0.2252187690154709,0.7645660701800291,0.0003228745046366441,0.0015014123351561588
101,0.0006978869067319033,0.0903461702374012,0.9081727313489971,7.331079953171095e-05,0.0007099007073379954
102,0.008028159466228665,0.22438373652154178,0.7651356544218247,0.00040983168950778945,0.0020426179008970033
103,0.0009119808498473106,0.11814294380445897,0.8802643459421938,8.631673242097137e-05,0.0005944126710787756
104,0.007270047352105093,0.1549931285987305,0.8356194108352554,0.00041715898486160757,0.0017002542290476162
105,0.004187782813410639,0.1599388207332638,0.8344269457333796,0.00027259373165559983,0.0011738569882905102
106,0.004925714941723459,0.19199026676843123,0.8006297209012816,0.00028290775408848306,0.0021713896344751626
107,0.0057188194821883205,0.17688889762205984,0.8160550072936636,0.0001828831610944484,0.0011543924409937486
108,0.0045182859786412725,0.2412617463520394,0.7511784992816858,0.0002868252596583241,0.002754643127975082
109,0.0010579221714762845,0.09668158835180068,0.9016847949983138,6.322697362948901e-05,0.0005124675047798952
110,0.004909202074210168,0.18676135958584475,0.807310253709525,0.00018286978592316395,0.000836314844496977
111,0.00119622940600677,0.10420803587908005,0.8941414934159542,5.1757263783983276e-05,0.00040248403517500526
112,0.0026119523188466542,0.09528053473977564,0.9015718711719481,7.137886542349776e-05,0.0004642629040061227
113,0.002125725426750052,0.09843044297224944,0.8988641383658429,5.292235485344388e-05,0.0005267708803040249
114,0.0021061126841476897,0.10211912430364321,0.8952436494037311,5.675204492623716e-05,0.000474361563551692
115,0.0037394024257725493,0.09785767131704237,0.8977480021234703,0.00010621082564394005,0.0005487133080707561
116,0.001451884779561672,0.07098232990271117,0.927005844681688,5.218557352723401e-05,0.0005077550625119888
117,0.006893094637957996,0.14545044197855111,0.8459402983643717,0.0002164777032937068,0.0014996873158256284
118,0.003587394965426941,0.07670511928023713,0.919001958207014,8.994054664363133e-05,0.0006155870006781615
119,0.007229961354745927,0.12399314161221327,0.8675527686076708,0.00018098867770851803,0.0010431397476615475
120,0.007602715943519345,0.17784915486918854,0.8133051728417459,0.00021672343952478494,0.00102623290602148
121,0.004157137979735946,0.21275471882608457,0.7810901687192883,0.00022510261620136448,0.0017728718586897186
122,0.0013363345611150162,0.10063239451742571,0.8974745683807683,5.425196930675621e-05,0.0005024505713842554
123,0.0027563292158630393,0.11088302602255229,0.885441179364363,0.00010715234989211269,0.0008123130473297451
124,0.0032737907233403095,0.11123097537072493,0.8846527737950913,0.00011992922511158817,0.000722530885731967
125,0.0014727924781030052,0.05582534107401092,0.9422636654696146,6.19387215216163e-05,0.00037626225674984543
126,0.010102282856744508,0.21758996959538074,0.7702565230095092,0.0004911935645998224,0.001560030973765797
127,0.0011377893625356106,0.11712527462400954,0.8810922624385403,0.00011509376702547265,0.000529579807888944
128,0.0029288058582712384,0.1898674665487755,0.8064178059237986,0.0002119905691556791,0.0005739310999989387
129,0.002975106952292511,0.133127231928149,0.8631813205963971,0.0001498542422003928,0.0005664862809611288
130,0.0019794102417267736,0.10751392882538474,0.8899833770939032,0.000117392664165569,0.00040589117481966696
131,0.0044854497291588885,0.09305563121272889,0.9014854833750091,0.0003403903148492009,0.0006330453682539901
132,0.002904518552118708,0.11064717268300611,0.8857613757092571,0.0002690887912277786,0.00041784426439050445
133,0.01347889909707563,0.30387610853435276,0.6799302529927649,0.0010679951695372,0.0016467442062693728
134,0.010853264939448791,0.22990738079156092,0.7570008529936604,0.0009213782034208788,0.0013171230719089587
135,0.02726639137008039,0.34319977844980537,0.6245967067947529,0.002662523693135018,0.0022745996922264437
136,0.013862886921662708,0.20640318303830435,0.7775053054605163,0.0014431657163406363,0.0007854588631759858
137,0.010749208525571832,0.18256120083169147,0.8013856382876571,0.0036471669803439795,0.001656785374735687
138,0.014115607437905192,0.21783997598715196,0.7524230900441178,0.013673032405394442,0.0019482941254306432
139,0.0046082727249312835,0.13748795332706423,0.8427322909645371,0.014334498727568697,0.000836984255898957
140,0.02219396131687669,0.19314502291500127,0.7347513743454819,0.047386477703144574,0.0025231637194957066
141,0.01109224479527987,0.33354317933352795,0.5665147482408552,0.08128230198552207,0.007567525644814963
142,0.06135341129196682,0.29224606314784074,0.0009532547131574627,0.6382041266008023,0.007243144246232819
143,0.11015755979452449,0.27950976899783775,0.0005911843360362128,0.5952354481882897,0.014506038683311842
144,0.11044031329720923,0.15931269751688804,0.0003854543462493062,0.7216076904892674,0.008253844350386062
145,0.11010982622640686,0.4179910180988586,0.001538908833483231,0.4613719645395857,0.008988282301665637
146,0.1261132356125054,0.09498703571355543,0.00018784932463843294,0.7678227480299474,0.010889131319353257
147,0.08878373093104659,0.16258995058271586,0.00046234395306209223,0.7376834757119412,0.010480498821234231
148,0.10706169761383122,0.2120900019688226,0.0005426207338586881,0.6670230807241517,0.013282598959335732
149,0.08747554686291178,0.44585091313806613,0.0008962230451716692,0.44547077095097715,0.020306546002873318
150,0.0676438818589774,0.21329742084081188,0.00024354640754709894,0.7040319915108865,0.014783159381777234
151,0.06784113752344835,0.07324031473691589,0.00023690788113609612,0.8472378722936335,0.011443767564866217
152,0.04748246525016119,0.08344045255757482,0.00014340392118315586,0.8620051764759327,0.006928501795148227
153,0.07711572356526683,0.10799854417446807,0.00018874689931455314,0.8075945979401645,0.007102387420786088
154,0.05546597928874213,0.048032700793933174,5.220625331237288e-05,0.8900435011158554,0.006405612548156763
155,0.0545308704954416,0.031676660205092265,5.665612598746756e-05,0.9063532191984582,0.007382593975020279
156,0.1343410335184993,0.1174812298686121,0.00022524235284541717,0.7359765479206908,0.011975946339352306
157,0.08991863481357162,0.04340708504902013,0.00012892729110408453,0.8576339707258234,0.00891138212048092
158,0.09233593726546813,0.10885206361903063,0.00012355461543642817,0.7655765131540326,0.033111931346032124
159,0.06565369230926248,0.28604018289661604,0.0004171672405159916,0.6280378766129058,0.019851080940699668
160,0.05222037481061812,0.04925671811950764,8.664408358477733e-05,0.8877141790998027,0.010722083886486706
161,0.052908419901353566,0.33632563197467646,0.00045797338012107424,0.5923204400081548,0.01798753473569415
162,0.060485536229841666,0.18428441626512265,7.32540569451231e-05,0.7393777321370794,0.01577906131101127
163,0.06127784258615781,0.07370024943499416,3.340754794084618e-05,0.8528229056257713,0.012165594805135758
164,0.07453300495038022,0.11584985738690719,5.4613224597105623e-05,0.7998942299212156,0.009668294516899932
165,0.0886509815617406,0.12195847929149035,0.00020573440436034063,0.776860861569553,0.012323943172855564
166,0.07359330494547434,0.10092538058007328,0.0001759419234794847,0.8164169084599407,0.008888464091032219
167,0.05822792293088413,0.16226261952828894,0.0001625638773606195,0.7624720711420476,0.016874822521418652
168,0.05870391958244277,0.06690255812165102,4.6784419302654065e-05,0.8643028153397435,0.010043922536860036
169,0.06787944167892844,0.0439608059285289,4.7364337758549884e-05,0.8791912149124381,0.008921173142346051
170,0.08698785869898357,0.06781120383802239,0.00010804132971985486,0.8344396588013765,0.010653237331897733
171,0.08813232280218332,0.19462561056873975,0.00024345501548060178,0.7073276138337438,0.009670997779852595
172,0.07102554949012302,0.3814950911152629,0.00019897250217437525,0.5390814072710681,0.008198979621371602
173,0.08177883281954933,0.054168577113916365,2.5005893039664505e-05,0.8563327145401951,0.007694869633299512
174,0.26096004495340613,0.08746478833482155,6.511950322398776e-05,0.6287029428577734,0.022807104350774956
175,0.2718264887675231,0.36902689526860305,0.0005256520749983088,0.3148142083415637,0.04380675554731201
176,0.1804789151040675,0.5378399832415951,0.00028266274014051207,0.2734506607529088,0.007947778161287842
177,0.05769926482990173,0.8657348628714547,0.005193061968882928,0.05467776819636518,0.016695042133395344
178,0.04641323870008273,0.8174494747291824,0.003857021943972009,0.11951922115001447,0.012761043476748593
179,0.03199744987199099,0.8214158665715748,0.0026174792030507444,0.13489883954452203,0.009070364808861314
180,0.06167952998820236,0.5776850067098998,0.0006293057177988678,0.3498873647006885,0.010118792883410563
181,0.04121958660898243,0.8826060659130822,0.000811504614211786,0.07037014886099299,0.00499269400273054
182,0.07399352680964762,0.764919047477652,0.0014470772020507652,0.14790785958760277,0.0117324889230469
183,0.018875456781147777,0.9304690727092325,0.00120999341526255,0.04664782676861593,0.0027976503257413974
184,0.01999285089546739,0.9253407971442505,0.003486207845286544,0.04720267031423325,0.003977473800762405
185,0.014557406833170188,0.9518417166391885,0.009321278189934614,0.020162820967132122,0.004116777370574635
186,0.015604313144273973,0.9403291927606993,0.022017925863088098,0.01997052965010946,0.0020780385818291993
187,0.015272486468851989,0.9616508365783509,0.0033602012834802733,0.016467443981222175,0.0032490316880945643
188,0.021875962136913743,0.9528434458302728,0.004306121437358896,0.018661889164345132,0.0023125814311096018
189,0.03300781810718725,0.9249014650678326,0.016230580973282276,0.022693370958421305,0.0031667648932766027
190,0.019563587665879553,0.9573430238664231,0.0063252825499779735,0.013299178455107726,0.003468927462611439
191,0.014601754196854104,0.9638948782555954,0.0042309281084305,0.014890729402141548,0.0023817100369783566
192,0.03290043691787281,0.9314656142088896,0.00823042659795619,0.0240316174572738,0.003371904818007596
193,0.03893064089111079,0.915082977665103,0.0030875157755943018,0.03893672341785949,0.003962142250332424
194,0.020537442657891123,0.9033731819374242,0.06005109177828066,0.01338902265412999,0.002649260972274057
195,0.02886848639650134,0.8964780260860646,0.05349092502321189,0.017737775649632994,0.003424786844589103
196,0.027460597347967058,0.8856233284483255,0.05275044984390614,0.030585558015199715,0.0035800663446015893
197,0.010787028271813182,0.9124496974341552,0.056826059945846455,0.01747631017723582,0.0024609041709490343
198,0.010168671733016298,0.8670729917419627,0.1120795556107347,0.00844805239105664,0.002230728523229527
199,0.017958036601554938,0.9240181579477823,0.04507965857291163,0.010093817790276877,0.0028503290874742466
200,0.010957475903546345,0.8279228933885633,0.1526399594052221,0.0047568114201706445,0.0037228598824976724
201,0.021857702270226483,0.8785811454464091,0.08183827072170552,0.012807925407406372,0.0049149561542526365
202,0.01525885094295234,0.8301661110912483,0.14305048725376354,0.006436065038025356,0.005088485674010526
203,0.016166687146318758,0.9062496491161703,0.06797007450431736,0.006005147505146655,0.0036084417280469604
204,0.013345019297940923,0.8411446378406265,0.13156249846436752,0.010965474414575531,0.002982369982489545
205,0.010705700439179058,0.8054260330658136,0.1729316143616744,0.0058118438643891095,0.005124808268943563
206,0.018895443581975733,0.7928674207891534,0.16106679298157345,0.021582374143309442,0.005587968503988083
207,0.015428358626315399,0.8604214443887643,0.11058645345775595,0.009234499094898737,0.004329244432265593
208,0.03338525514501661,0.8873926933244638,0.06208989805136577,0.01027096683840277,0.006861186640751267
209,0.013227813546039935,0.8606323500297715,0.11732342750375946,0.002877147105184759,0.005939261815244459
210,0.013166484350146022,0.6793857196150017,0.3007983301428212,0.0032709592508180572,0.003378506641213238
211,0.016880760500399876,0.8813339286084885,0.09306067584580269,0.0036759368491173262,0.005048698196191654
212,0.008717711718828916,0.7831431064770691,0.19619496927837368,0.004342412663775431,0.0076017998619531384
213,0.023158122330977037,0.7410165969574368,0.21624321534049185,0.005561473493565388,0.01402059187752885
214,0.015536611580261333,0.7277845250424346,0.24800620014331587,0.0032782660115292473,0.005394397222459205
215,0.02918849362031124,0.8268149260476841,0.13074604485943045,0.008924192855609211,0.004326342616964791
216,0.019725967886310647,0.7702125644900533,0.19808723617012114,0.007851191951397886,0.004123039502116837
217,0.015165407698026087,0.7293418065356547,0.24329895778083377,0.007322417082687985,0.00487141090279748
218,0.016535193775623985,0.8687180548191805,0.10160157514442862,0.008549439991319178,0.004595736269447628
219,0.026902873087709823,0.8471468093129428,0.10460300074193901,0.015648114181608965,0.005699202675799333
220,0.02297380672309222,0.7189985275782859,0.24418332333374737,0.01009014810114781,0.0037541942637267147
221,0.03695569347614577,0.8859641187151701,0.057675811731676414,0.012117294297228152,0.0072870817797794744
222,0.027366415827155734,0.8670910591511096,0.08130005978724696,0.01436983383166377,0.009872631402823765
223,0.01946038062926933,0.7558740416305324,0.21599219486588128,0.004398833010527537,0.004274549863789588
224,0.007415803916614271,0.843021320974552,0.14521038457718552,0.00161487157495879,0.002737618956689296
225,0.00742921090158064,0.7322164290972945,0.25548727161230145,0.0022212101090274684,0.0026458782797959134
226,0.014155414073649968,0.8059775885426873,0.16948664262485127,0.005049061364127211,0.005331293394684166
227,0.014549970497315616,0.8483511634286248,0.12775731385437789,0.0047417920481011375,0.004599760171580596
228,0.008580064940280133,0.7075697433759512,0.27617190174899325,0.005673540798273309,0.002004749136502009
229,0.024393172581966136,0.8343253930416382,0.12950338181854446,0.008393033197584296,0.003385019360266912
230,0.014505325359605067,0.8108388929195686,0.1690116924992019,0.0021920968451143454,0.0034519923765101764
231,0.016152871420302792,0.8417036359749492,0.1312563731022773,0.005331172841839867,0.005555946660630795
232,0.09989402570194736,0.8083528025282609,0.038305159382879095,0.019697874017825544,0.03375013836908695
233,0.058688948308759335,0.8200409983666339,0.09452905460385003,0.0078031414580480045,0.018937857262708708
234,0.013074576101668055,0.01982795986248908,0.00032432609617299096,0.0021212307647919303,0.9646519071748779
235,0.005844931654804617,0.014072604904385182,0.0004213991422574818,0.0006578408113934935,0.9790032234871592
236,0.0030164644843865417,0.00315473071318332,0.00012176510973560912,9.779676220737173e-05,0.9936092429304871
237,0.012064047819424002,0.0031988383067301715,0.0005033695732623231,0.00017019519188364452,0.9840635491086999
238,0.01134470253597195,0.0039197746835395245,0.00030082968262479227,0.00030110440092923904,0.9841335886969346
239,0.009399075941889672,0.009768591588914716,0.0008362108277994956,0.00047752987146925253,0.9795185917699268
240,0.030790894399360214,0.019900153181471435,0.0010204528143971513,0.0023851529702024164,0.9459033466345689
241,0.19711669889093533,0.3785271358164942,0.008406625938820314,0.018305497331235977,0.3976440420225143
242,0.24086727771023625,0.34723778200500666,0.007961286791141943,0.015587425182913069,0.3883462283107021
243,0.09298951213272293,0.12142064933425177,0.0025589774919037647,0.010553364529045806,0.7724774965120758
244,0.2712591722204425,0.5264855026465608,0.009343864714360679,0.03376035248002082,0.15915110793861528
245,0.20441290309685858,0.37441996811493305,0.016725708125108516,0.04594147974385462,0.35849994091924525
246,0.3153240111549123,0.4109259961490712,0.0034332066593040144,0.03155155128116332,0.23876523475554914
247,0.43408504369993917,0.43661369169711567,0.004989570228145204,0.045765722027332395,0.07854597234746767
248,0.19765867056798875,0.7007606378061927,0.0191244503743433,0.04522919853629794,0.037227042715177294
249,0.11784132710443859,0.7137448911565419,0.02089551818286638,0.07923359983708265,0.06828466371907067
250,0.09656584220094985,0.8419214050558297,0.03343187090483129,0.01705023386095145,0.01103064797743777
251,0.12610073283484766,0.7837018370737097,0.05326867259067055,0.02382950795546698,0.013099249545305213
252,0.048217857384776436,0.8109190966962991,0.1198843075247257,0.007861994552074215,0.013116743842124478
253,0.0859513426005851,0.8587580928784212,0.0351368009567345,0.012025044722813861,0.008128718841445365
254,0.03558965237208669,0.9062266605094655,0.0452129261141352,0.007118768829986579,0.005851992174325731
255,0.08532228842299294,0.8461074314319552,0.04256377514925846,0.008987175763287418,0.01701932923250591
256,0.033965834704478906,0.8845305547522089,0.07257031142296642,0.003470881935628934,0.005462417184716832
257,0.043079372014027506,0.8226627634084747,0.12011893403455583,0.00574054582350808,0.008398384719433853
258,0.09642384634690492,0.8483385987516717,0.02670043336316508,0.010001958524152681,0.018535163014105595
259,0.042118118477077374,0.8933461966452284,0.054596717948731645,0.0037787175345432664,0.006160249394419491
260,0.07099357502555534,0.8858879019659885,0.031002693339162186,0.00419460774504767,0.007921221924246392
261,0.01949655800476332,0.9521100498900846,0.02288872017993599,0.0025011049802098713,0.003003566945006346
262,0.06069080528566357,0.9132056833852915,0.013400688070904786,0.005446669153766825,0.0072561541043733
263,0.013502474178634942,0.8472460387616663,0.13407519460604986,0.0012800122379043402,0.003896280215744557
264,0.016865163245286925,0.922836035022382,0.05602557458569619,0.0009773753107693896,0.0032958518358654236
265,0.012672686183830776,0.926908725015898,0.0558694207753655,0.00126619748310403,0.003282970541801785
266,0.03130339770419532,0.9420759395768955,0.02063488271834779,0.0020251853822182914,0.003960594618342963
267,0.12140102774883323,0.8531648801972537,0.011805578255924295,0.004164183811238506,0.009464329986750336
268,0.052017447962181516,0.9155066962838252,0.020359208164959182,0.003368240266062488,0.008748407322971606
269,0.04350040548575119,0.9157370281080727,0.030827635653240763,0.0021379385201731158,0.007796992232762205
270,0.042812813945696054,0.9168159757431551,0.029879864952085288,0.002096911135376257,0.00839443422368753
271,0.03300727674243896,0.8503362005060491,0.10657491473822282,0.002664145987094905,0.007417462026194483
272,0.09272205974477776,0.8372984501205233,0.05842136808717579,0.0021444191053818632,0.009413702942141158
273,0.025144436209937622,0.903387282877494,0.06625052618174385,0.0010745814109974462,0.004143173319826807
274,0.039238624293368975,0.93042636878914,0.018203105504501244,0.0018340251014360045,0.010297876311553513
275,0.028762242033276618,0.8519940773979198,0.10996431539283932,0.00199118617140045,0.007288179004563654
276,0.01761760990146578,0.6123057870795432,0.35067700071860025,0.0026372628028174094,0.016762339497573248
277,0.05277169802301306,0.5921112509032707,0.03265186636355946,0.002370486279891736,0.32009469843026506
278,0.27292771432729224,0.6801493738657046,0.012308246640974435,0.0041045231700342485,0.030510141995994455
279,0.09126314648027034,0.8091152702655535,0.0612076493121357,0.002782147863420906,0.0356317860786196
280,0.05992905314729981,0.8652658729832279,0.04904189740067369,0.002648596959123868,0.023114579509674806
281,0.09362906010145826,0.8316841717413401,0.04043112895850293,0.0037893108967606472,0.03046632830193791
282,0.06786555986606878,0.8672356988821273,0.04785002813177525,0.002351838348941071,0.014696874771087531
283,0.03797297083675183,0.8396317725972787,0.11304494059549342,0.0015683762035307736,0.007781939766945339
284,0.016270988465094442,0.7818542670923112,0.19288783841357382,0.0012324468291675474,0.007754459199853191
285,0.03144472952593015,0.867495499006485,0.09395194000167753,0.001730870185074247,0.00537696128083316
286,0.05026888666639151,0.8256291673443014,0.1145302106042161,0.0021190612424380733,0.007452674142653048
287,0.012701186915616223,0.7628432049288411,0.21841127974409677,0.0012733839816980637,0.004770944429747861
288,0.007824118725500713,0.6090058261223968,0.3771973515368705,0.0014465847063560324,0.004526118908875913
289,0.004416081415537897,0.46240562556188003,0.5299567230025689,0.0008444249637241768,0.002377145056288863
290,0.028218596925632434,0.8935614809930819,0.06738469604688552,0.002647354825965209,0.008187871208434921
291,0.09499591676225513,0.8183538120381383,0.07514550210733356,0.003764771653803651,0.007739997438469443
292,0.004626452465401537,0.7251422885094589,0.2661031506147607,0.0005789054245980799,0.003549202985780838
293,0.046082620263915165,0.889931712161032,0.05225964519773157,0.001753940265571282,0.00997208211174996
294,0.01938907717024456,0.8905679268245709,0.08332475728702003,0.001330980799802859,0.005387257918361522
295,0.00771453350555295,0.7234365738347169,0.26235083743519083,0.0012295782503201683,0.005268476974219089
296,0.011583641743018135,0.8731317596109167,0.1093262217633317,0.001122780075093359,0.004835596807640264
297,0.011277364513401528,0.6894447692382232,0.2954463702506736,0.0007220250119186959,0.0031094709857830073
298,0.01568254502449718,0.8336983397071949,0.14557213179043335,0.0011904146188808258,0.0038565688589936964
299,0.005721038952621103,0.6586177539371271,0.33069987004649143,0.001303096985025708,0.003658240078734828
300,0.013363447992126628,0.8368141288833107,0.14418577488361967,0.0023184344274300326,0.0033182138135127415
301,0.021486949926798383,0.9102813360660628,0.05496020994900541,0.0033848920339707438,0.009886612024162671
302,0.009751095597818069,0.8634865693510629,0.11967563555376375,0.001972746311191956,0.005113953186163264
303,0.007040442695872354,0.7136939178682253,0.2757264227483325,0.0013632940671982525,0.0021759226203715985
304,0.008635226924492511,0.8537482142326863,0.13353159856875085,0.001622345145446289,0.0024626151286241582
305,0.0031595537394650715,0.4865241180568105,0.5085532681818654,0.0005913067287733509,0.0011717532930856241
306,0.011039159769777476,0.6492022459352246,0.3363599550472954,0.0014205136942468024,0.0019781255534557776
307,0.011723899601044498,0.6865618978348706,0.29823714323232253,0.0013514543894028836,0.0021256049423595104
308,0.013516287778358635,0.6763213450227947,0.301080612857229,0.002478118470295543,0.006603635871322083
309,0.00643015707648732,0.4507105437453053,0.5390606050576703,0.002052806937388476,0.001745887183148648
310,0.016197342251538904,0.6775606594253101,0.29806036072969466,0.0031337684709490644,0.005047869122507219
311,0.022704940854391013,0.7626189538220679,0.2032584494252242,0.008344506286048556,0.003073149612268303
312,0.018669425335158522,0.7874488256573694,0.18091292810867698,0.008836892220785545,0.004131928678009685
313,0.030963935279029,0.8805008656843044,0.0738250589817747,0.006760382322982278,0.007949757731909547
314,0.007753233901679154,0.7253394623351539,0.2631116414436215,0.0023972028153349404,0.0013984595042106287
315,0.02817490222340572,0.9231952022375784,0.03881608139147263,0.003502221902522769,0.006311592245020532
316,0.014410447430324354,0.813825475412361,0.1654733857010059,0.003937482388863992,0.0023532090674447228
317,0.007901178495780845,0.7737269780989201,0.2132912243977216,0.0033908645629180303,0.0016897544446594708
318,0.018186003539947426,0.9207695876083402,0.050170196590690226,0.006501218091371652,0.004372994169650586
319,0.01635792535181334,0.7988500215691021,0.1750696881949292,0.006294775309200367,0.0034275895749547505
320,0.03893705212477694,0.8142725894086981,0.1362748739717815,0.006281395751309966,0.004234088743433513
321,0.03138326565094192,0.7669595941513652,0.18574747954527335,0.00961405994559988,0.006295600706819702
322,0.041596332284425816,0.853577288550599,0.06866510844377119,0.013718945618708348,0.02244232510249578
323,0.03045010567909768,0.805316368856591,0.13473366147740118,0.0062546494613016776,0.023245214525608533
324,0.12271122735290384,0.6288577218359241,0.01879671480495695,0.024272386593560125,0.20536194941265504
325,0.11386223380878542,0.12937592175410872,0.0021803142810967744,0.01559379658009524,0.7389877335759139
326,0.19855994990140083,0.6448369410940309,0.009487069944016206,0.03228589952735451,0.11483013953319747
327,0.0006619341023446372,8.937107270634654e-05,2.5087962725487474e-05,0.00015218637784796237,0.9990714204843756
328,0.07334265673476562,0.003977664937658079,1.4824613794955768e-05,0.008168638191343324,0.9144962155224381
329,0.4921706452878403,0.03954398592533332,0.000167589599156688,0.025919878255961877,0.4421979009317079
330,0.16964983984745052,0.018368408648764826,0.0001612452905335832,0.010856060228216367,0.8009644459850346
331,0.10865442192769052,0.018043480683346453,0.00023968933160441752,0.01186398225247179,0.8611984258048868
332,0.10399832529008853,0.5599176164911706,0.005153287134478725,0.045013446192122615,0.2859173248921396
333,0.20024324522665587,0.3733086360281867,0.0070736855604580815,0.08961922839826089,0.3297552047864384
334,0.06117213540432559,0.051997162171305567,0.0007492731582725722,0.03337079087981674,0.8527106383862796
335,0.006018080420445833,0.0025881733096544167,2.7368192109974494e-05,0.007786012145073678,0.9835803659327161
336,0.014814364498138808,0.005637097578330534,7.963670472630449e-05,0.007763805908192173,0.9717050953106122
337,0.04245447064254134,0.005011720956253669,0.00013567566993796118,0.007225341136570914,0.9451727915946962
338,0.4654216573731409,0.020552747449951118,4.9137304200334316e-05,0.0460786845952552,0.4678977732774525
339,0.3783311826004629,0.14903937735739572,0.000402216578942902,0.13168774834038582,0.34053947512281263
340,0.10530166760934198,0.6824296135045708,0.004512626641134141,0.09433984096736271,0.11341625127759022
341,0.09217613744397984,0.06937395930323964,0.0003842497587858981,0.10290892386693987,0.7351567296270548
342,0.009855938122865778,0.0045782557449637095,0.000184635994307569,0.0076703412682007695,0.9777108288696622
343,0.13589883150344725,0.01909847405672843,0.00016812062281203462,0.04123197711399028,0.8036025967030219
344,0.008334837315981346,0.002496875174136885,0.00010740803371226184,0.0021285846562651327,0.9869322948199043
345,0.007904790252917411,0.0032097864896379765,4.6623677547460185e-05,0.0027573894083399416,0.9860814101715571
346,0.4461345631720035,0.04645122210182778,6.889584093091936e-05,0.07298157313548108,0.4343637457497565
347,0.5110515166473962,0.0770477319256606,7.294016753114911e-05,0.0667113279428343,0.3451164833165776
348,0.14315744899666405,0.7389847167940424,0.002071726304552404,0.05559038866568143,0.06019571923905975
349,0.21467488175525495,0.6631691479768143,0.0011392812161181278,0.07226698029527727,0.04874970875653537
350,0.027021611345729647,0.9447498177402952,0.0024761803519131025,0.01553037167278891,0.010222018889273224
351,0.04102984233795226,0.8940389309140175,0.0013349154097401306,0.049413640576553564,0.014182670761736474
352,0.03979252691923194,0.888675116146532,0.001312823298345195,0.06276262154077458,0.0074569120951161185
353,0.05295735459556195,0.8890937518263814,0.009240275477166073,0.04021365789116579,0.008494960209724718
354,0.15056429626498252,0.5864739027662402,0.0359495914524472,0.054327686148948125,0.17268452336738194
355,0.3624808258521716,0.10632107590231656,0.00450873378950721,0.055742826849607546,0.4709465376063971
356,0.20719715644191,0.7289345750120726,0.010991134445393803,0.026746098114860232,0.026131035985763336
357,0.17908031066581234,0.7346331760372421,0.015956845069862485,0.024869103337399803,0.04546056488968321
358,0.006343515741023378,0.007001035382768215,0.003920236485060088,0.002010901495778223,0.9807243108953702
359,0.6277460578655554,0.14268100724564609,0.0009184466833359239,0.03545762499203664,0.1931968632134258
360,0.4454444286756612,0.37795349304169756,0.001557004395973752,0.04993180317298792,0.12511327071367956
361,0.4831066429200322,0.30463072186513784,0.0004945832577069113,0.12730981143382314,0.08445824052329995
362,0.11585654515017357,0.6280812949944387,0.0027586347222827864,0.04346136420154529,0.2098421609315595
363,0.07157728696752291,0.01204652551387776,7.132420990594207e-05,0.06635248245622886,0.8499523808524646
364,0.37492641132499316,0.25750172812614097,0.0006020192550066588,0.19488279990887433,0.1720870413849848
365,0.07911460242179978,0.8386707146670169,0.003667301783922799,0.042121023278837454,0.03642635784842308
366,0.1257560874419684,0.7327590419551476,0.000934488586605122,0.09759814866043609,0.04295223335584273
367,0.01355081811500502,0.9403848865430205,0.01375820956852544,0.027542374612406485,0.004763711161042579
368,0.017684974965901466,0.930800618275609,0.011803490338478806,0.03290304013486224,0.006807876285148464
369,0.027206282705790678,0.9065028036480424,0.0215795893758524,0.03141898157053684,0.013292342699777998
370,0.03819002192173641,0.0880769033991385,0.0008618902219547068,0.04960005256199265,0.8232711318951778
371,0.04118784240024886,0.012877629739244046,0.00013107634153527875,0.046134272202826655,0.8996691793161451
372,0.6461085538414288,0.0927658814448762,0.00016693764132305738,0.18864309996180784,0.07231552711056403
373,0.5415657144400847,0.331575215789733,0.00035184048737094733,0.10526190128841148,0.02124532799439973
374,0.38102665913023787,0.44062258162780243,0.0018946318705132096,0.13117262305554658,0.04528350431589987
