epoch,N1,N2,N3,R,W
0,0.0045455932868288034,0.002192959798164505,1.1325009996388014e-05,0.0005939489241378055,0.9926561729808726
1,0.002909305579071674,0.001158260022197173,6.4772228206510894e-06,0.0012585506367281392,0.9946674065391825
2,0.020444079076320634,0.002697235737874493,1.1133671237168462e-05,0.00196310645191042,0.9748844450626571
3,0.01154579964463825,0.004174248324836121,1.8613671263815078e-05,0.0010067281817940966,0.9832546101774678
4,0.020490187147944174,0.002225278982577895,1.3985293625447243e-05,0.0011520966881734772,0.976118451887679
5,0.11710158028596829,0.003586679305798462,1.3772510617921919e-05,0.0026157116698842554,0.8766822562277311
6,0.15449845490453756,0.003850315540029254,2.1274059098650436e-05,0.0009533297381690444,0.8406766257581654
7,0.4898663516392944,0.006344730913230711,3.068469699724911e-05,0.0024838983779208144,0.5012743343725569
8,0.6335665623828851,0.052562013884106376,0.00014459667790766317,0.0017064168788945482,0.3120204101762063
9,0.5455456632814097,0.19818701769751704,0.0014761946878855087,0.0034102688121876255,0.251380855521
10,0.48121254745557845,0.3790904912822821,0.0021854988913030953,0.006506608735508232,0.13100485363532807
11,0.05488470329756832,0.8385011834401335,0.01505360626299408,0.001052653205452467,0.09050785379385173
12,0.02313956373157802,0.9069630992862698,0.022495365096440113,0.0031354344283100275,0.044266537457401875
13,0.0749859508515874,0.8470693545046901,0.01159330324829427,0.004465423003069738,0.06188596839235866
14,0.044306062005916864,0.8391398560280905,0.03140862031519125,0.006277334061165514,0.07886812758963584
15,0.23577955609901136,0.44349283523335226,0.005499136099440598,0.02573569877847929,0.2894927737897165
16,0.06042449282663144,0.8194339088904797,0.008430961092280507,0.006740236197457088,0.1049704009931512
17,0.11749636507015133,0.3982948727642755,0.0020433970602285073,0.019140471506031684,0.46302489359931304
18,0.25939154545877574,0.506881169713635,0.0004014120013969937,0.014445683880931967,0.21888018894526026
19,0.11562928645142137,0.8118452002502228,0.0026600320697586144,0.013360251786195236,0.05650522944240208
20,0.259661852392122,0.56336300244967,0.0011086435584524669,0.038726219044874,0.13714028255488173
21,0.07024187944300743,0.20932059181430918,0.028603408985660023,0.0016571188799522625,0.6901770008770711
22,0.009412692115183426,0.014179674988558523,0.00022803362703665658,0.0008225780835108579,0.9753570211857104
23,0.007725508018870179,0.004636474234658032,7.775128613697488e-05,0.0002725107770557737,0.987287755683279
24,0.019890486801657732,0.0022713679069735317,7.451856948069705e-05,0.00029577780941644413,0.9774678489124716
25,0.21251925691898782,0.02941474059032803,0.00023404556587380636,0.0011256064020316971,0.7567063505227787
26,0.3344635951199051,0.043142143291856005,0.00014251275223516884,0.0011772861921024195,0.6210744626439013
27,0.18458818546281847,0.020466826858038217,8.967760231810533e-05,0.0019058460165946429,0.7929494640602306
28,0.37479025583703124,0.24210544367107076,0.0006706729441299623,0.004945834023132458,0.3774877935246356
29,0.5366765855685617,0.34868318669167636,0.00021708752870448176,0.011252057896697119,0.10317108231436035
30,0.3358497030261494,0.5527374914731641,0.0008793972919955127,0.015444300457091869,0.09508910775159923
31,0.27176650586608886,0.6322374446320443,0.000871887406504485,0.03024804032921063,0.06487612176615175
32,0.2215983402816882,0.6445763714329465,0.0009071994532328871,0.018476366110217537,0.11444172272191483
33,0.15810897151357048,0.8034854491639494,0.0015254327561605807,0.011099246191648598,0.025780900374671033
34,0.09690910143267058,0.8812495369718738,0.0024110999914941905,0.002709209642164826,0.016721051961796594
35,0.0248726611306281,0.9631564810206217,0.005939307143995156,0.000768411631044028,0.005263139073711154
36,0.010090589499354435,0.933291647584019,0.04864396978981751,0.0003622868090885328,0.0076115063177203506
37,0.23649191510268566,0.6265258539606108,0.004215449956457556,0.001180000883006402,0.1315867800972395
38,0.014852451022955595,0.8835509760900702,0.0963080639809407,0.00023603199642742664,0.005052476909606024
39,0.006455170715463974,0.7594938605586493,0.23111984711914418,0.00011068641340149273,0.0028204351933409483
40,0.011866528724952951,0.6051079538960257,0.3784960840820475,0.00013604147871117684,0.0043933918182628845
41,0.016789903924077886,0.6763877961202098,0.30040660333072317,0.00023959521075833117,0.006176101414230749
42,0.017062601441944894,0.881413103383352,0.09646488644718101,0.00029869609036983086,0.004760712637152427
43,0.02001209709809603,0.9530841059741076,0.021868654208721347,0.00030981853874220943,0.004725324180332696
44,0.0032230574452934667,0.7341400099501231,0.25863976792546617,0.000173741043774452,0.003823423635342872
45,0.0013280279637190194,0.414852780021835,0.5800241943231611,0.00012778582257917922,0.0036672118687056466
46,0.002963213452589398,0.489907602964363,0.49957591312956545,0.00023269689617992517,0.007320573557302154
47,0.003139512747647959,0.5601005135184736,0.43119621056476426,0.00020766786504239433,0.005356095304071915
48,0.0034556005618692517,0.6237108847952175,0.3660570612817685,0.00038817456328019536,0.00638827879786438
49,0.08279278204021705,0.8424949197323655,0.05172071863935297,0.0013298202629514549,0.02166175932511305
50,0.017911702356705902,0.8576715277508354,0.11626996573402043,0.00031450174468415165,0.00783230241375401
51,0.013665321840926612,0.881366739884852,0.09741669288610331,0.00017568876402277144,0.007375556624095167
52,0.002558544828466669,0.2464234479682845,0.7465854103496218,3.247635267570354e-05,0.0044001205009513164
53,0.00461850384207829,0.7555854577944905,0.23430695435072907,6.640081419632478e-05,0.005422683198505796
54,0.002658755914854553,0.8184050944851045,0.17367432871467914,6.66971494408186e-05,0.0051951237359208905
55,0.0018984523259575304,0.7318024087228048,0.2625331754815076,4.813336293499975e-05,0.0037178301067952494
56,0.0011928368779241505,0.4345102346613043,0.5604000466039423,3.728361806044182e-05,0.0038595982387688225
57,0.0005324910287604616,0.17754574089808994,0.8181879110888645,4.227466085660631e-05,0.0036915823234286342
58,0.00116980124543775,0.28374197088701225,0.7123308923953762,8.555725973536166e-05,0.0026717782124384792
59,0.0009638488615941128,0.20225960780262875,0.7944295144946045,4.7758044164034496e-05,0.0022992707970085906
60,0.001145290052733617,0.22584240005119927,0.7691207835484525,7.9766588370825e-05,0.0038117597592436906
61,0.0015414284548279458,0.45489756358301714,0.54069770014587,6.291398614795156e-05,0.0028003938301368594
62,0.0011589575268093305,0.38069271622135736,0.6148270573379412,6.393579535914148e-05,0.003257333118533104
63,0.0010103255160693093,0.25653075983948287,0.7392668025054088,4.6803749573799507e-05,0.0031453083894652685
64,0.0015100004767024616,0.5206020991343672,0.47542877515016213,5.187848480048167e-05,0.002407246753967663
65,0.00042261074099325446,0.12310916105770672,0.8745774186176346,3.7702064219167784e-05,0.0018531075194464107
66,0.0017643725131408108,0.5559151350573068,0.43880530414441427,0.00020755340011530384,0.0033076348850227203
67,0.0006991307908842233,0.4622786578630215,0.5351357785354309,5.4011514089758903e-05,0.0018324212965735017
68,0.00112268118714639,0.4030669985845602,0.5932352041575868,9.628517465886608e-05,0.0024788308960478084
69,0.0011840479111867666,0.318725110488216,0.6752734618548057,9.710459805509542e-05,0.004720275147736155
70,0.000594697905625065,0.2587352635386358,0.738048292634856,8.072410575551716e-05,0.0025410218151276412
71,0.0021297234018241564,0.4086672553035908,0.578749420737409,0.000319223347202559,0.010134377209973528
72,0.0019365720397167396,0.35254719459317885,0.6382706004941708,0.000144593417517011,0.007101039455416438
73,0.06111629624570663,0.6776114965076429,0.0379889410639954,0.0013064235881931157,0.22197684259446207
74,0.03905570220136073,0.8600039036251576,0.07942072465431581,0.0007684913375657156,0.020751178181600063
75,0.04311468157933575,0.8831278195194345,0.0572525684062928,0.0007930757482210903,0.015711854746715992
76,0.014857467717189545,0.8991687578781742,0.08025982771070228,0.000316772857578047,0.005397173836355977
77,0.010077664678610786,0.9240821187724098,0.062183626260463296,0.0003847279151501471,0.0032718623733662597
78,0.0035038566812938005,0.5440346849908438,0.44853052087911177,0.0001250244987291324,0.0038059129500215188
79,0.0016911583496608193,0.6717460816539347,0.3230362025921812,0.00018766231524348646,0.003338895088979828
80,0.0025599183802276285,0.6737970717418794,0.3198865745788953,0.00034884256990152173,0.0034075927290959586
81,0.0024616987871041726,0.6176613568482647,0.37619441721636643,0.00034851101478750843,0.0033340161334771026
82,0.003477387277831867,0.6105321763018049,0.37536925719469333,0.00034460690332587955,0.010276572322343953
83,0.004074955537447937,0.38263472824263345,0.5895916001202075,0.00026965175224581516,0.023429064347465233
84,0.0033489655680784642,0.7070994339562902,0.2848576251135998,0.00018726227284387927,0.00450671308918766
85,0.004264757276689993,0.481387426825826,0.5042699581742218,0.00011803807871290354,0.009959819644549258
86,0.00471158369186039,0.6149220579481394,0.3753468766344604,0.00027178192140623524,0.004747699804133522
87,0.00175870947342026,0.4297288803781325,0.5662786292245694,0.00015719242355635853,0.0020765885003215727
88,0.030725073283821076,0.8506117816543005,0.10987374313726564,0.001295212889584701,0.007494189035028147
89,0.003414828509833023,0.5142088013278154,0.47917397613277446,0.0001680889976035963,0.003034305031973521
90,0.001521843211866196,0.5310169713316183,0.46329337965766804,8.277973160397875e-05,0.004085026067243537
91,0.0040512418686852935,0.6782489265166035,0.31239564838244926,0.000138621054171098,0.005165562178090926
92,0.0027888118091648657,0.7094891032288845,0.28424995310230267,0.00017869206467115462,0.0032934397949768955
93,0.0028113717999184674,0.7301104018343142,0.26293158960484947,0.0004050437258639764,0.0037415930350539525
94,0.0007589623875789066,0.2764720582160478,0.7201761030764214,0.0002968338481165929,0.0022960424718352795
95,0.0014536774793336704,0.5933997719299224,0.40034394963704595,0.0010809594890083957,0.0037216414646896474
96,0.0018897832413415504,0.3769396002422932,0.6121102037294744,0.0012558171521001686,0.007804595634790546
97,0.002722108530014163,0.004859384383586989,0.01642330018140286,0.0003739636601172534,0.9756212432448788
98,0.3167202652859621,0.11471639570310539,0.0021280288069843245,0.025581325230970654,0.5408539849729774
99,0.13424764455202468,0.08429530853237187,0.0027349083544609223,0.002350050119954654,0.7763720884411879
100,0.5694511910987999,0.18060031531854537,0.0007934913214765213,0.004547731167747147,0.24460727109343103
101,0.09413555870208014,0.8617445942076768,0.00419021349180639,0.009072122503428297,0.030857511095008356
102,0.1690013273539607,0.6821209747067467,0.005459459277851733,0.024180133672364375,0.11923810498907651
103,0.07007926989398751,0.8854994149497134,0.009934322949714292,0.017331516324693038,0.017155475881891525
104,0.06248790216211755,0.8174653232185567,0.05942901639735018,0.002278153602382073,0.05833960461959352
105,0.3645425759524455,0.5974923997543433,0.006390684142620967,0.014310732714556837,0.017263607436033543
106,0.07557379016513165,0.8887034969457324,0.019402019683534735,0.005008270920380096,0.011312422285221172
107,0.07953231362017324,0.9016466204999956,0.009547047417899503,0.002974438374805121,0.00629958008712666
108,0.02177196256635449,0.8710245284285792,0.09407753416915325,0.0026367812690659765,0.01048919356684698
109,0.06206278863017282,0.9056823051605911,0.01731921774720789,0.002257518519657084,0.012678169942371227
110,0.19710805095098538,0.7710576756718797,0.010528404971888316,0.005022115563073952,0.01628375284217275
111,0.12237558213986784,0.8594107596219097,0.010343103321404251,0.0018250766004115737,0.006045478316406696
112,0.022016340189022123,0.9469837215160833,0.02716216574307663,0.001096917291316868,0.0027408552605010846
113,0.024764072252230134,0.7946104033892133,0.16809951764276534,0.0016743827461063914,0.010851623969684941
114,0.09984940023962764,0.8662406632839483,0.01608588975149318,0.008387732986992504,0.009436313737938162
115,0.07929638973755776,0.8900465509134031,0.01640337637764013,0.006548186547949376,0.0077054964234496235
116,0.03519260695552663,0.9385848949681924,0.016565065269038316,0.0052141544584629615,0.004443278348779605
117,0.02835976782510834,0.9411569514696562,0.018308273929887965,0.008200178482204395,0.003974828293142979
118,0.5057550433125517,0.24434862856248643,0.0021323734135288894,0.03697755913211226,0.21078639557932077
119,0.1554438828369416,0.7926107164951959,0.0032298719360777163,0.03195883055752695,0.016756698174258195
120,0.42407040680265395,0.4687972551956707,0.0012964687449826553,0.04937126515072392,0.056464604105968784
121,0.5341953475452981,0.3987328375839747,0.0004905458740072391,0.04496979913997728,0.021611469856742612
122,0.14395282230521322,0.7564002018449404,0.002747210920437627,0.04508968707120061,0.05181007785820797
123,0.1343942649065952,0.8216936057632901,0.0025589890084035376,0.03140692179425982,0.009946218527451313
124,0.1302091005058741,0.8070033573637873,0.00333015338215482,0.045853131401455395,0.013604257346728632
125,0.04966639618676055,0.9151538634454841,0.009970202313426131,0.016817443782118826,0.008392094272210398
126,0.04535740121570119,0.9271849997882091,0.005188678857926517,0.01560680851571089,0.006662111622452255
127,0.061194743910018314,0.8979200556466777,0.006906707125892885,0.028045572540999462,0.0059329207764118415
128,0.3542807624431496,0.5413831468103647,0.000892499125717203,0.07445045554332817,0.028993136077440425
129,0.12922401991389498,0.8282953272016577,0.0011393571252869686,0.032495888453245476,0.008845407305914904
130,0.011264519673738099,0.9495749366382549,0.025562807005206165,0.009760195944284069,0.0038375407385166965
131,0.08387688826591828,0.6683397791747602,0.0014968641314318408,0.23389612933802317,0.012390339089866633
132,0.06712747158985435,0.4773877893499118,0.005019647124176475,0.3830386022933191,0.0674264896427383
133,0.10780952159604656,0.22371354458019407,0.00038844936426089366,0.6044357256310825,0.06365275882841598
134,0.08162666068613705,0.23855604611148123,0.001113409550542948,0.651531652009052,0.027172231642786676
135,0.06852294248657634,0.25968130923783145,0.0004124419842142974,0.6503890159133388,0.020994290378039123
136,0.08069411117046264,0.27397608066048634,0.0007084697906183028,0.5584828935071141,0.08613844487131847
137,0.05714810814995919,0.02246883100934145,2.3289933354365516e-05,0.8665570357366408,0.05380273517070419
138,0.07745824899762187,0.046070657423852204,5.4321419662313855e-05,0.8072525806676177,0.06916419149124596
139,0.13006478365706636,0.058890487558405646,4.741987059626872e-05,0.7873140480272303,0.02368326088670161
140,0.1809614147180068,0.07340621417582473,6.935265880537872e-05,0.6930474982712052,0.05251552017615781
141,0.1009073477180898,0.023385828930693624,6.51777048876197e-05,0.8404641486724824,0.035177496973846534
142,0.07358132084257711,0.0662201826493881,0.0005060000622833984,0.2869927775311496,0.5726997189146018
143,0.20730150863723848,0.11339347471712716,0.000225931707004866,0.586756549017255,0.09232253592137432
144,0.19978295870781346,0.01823841255038481,7.343345092549852e-05,0.7044594350556629,0.07744576023521331
145,0.16443661262795903,0.10138119862050847,0.0005053475294780865,0.6694722974097871,0.06420454381226724
146,0.10932675454902725,0.04956147095971523,8.476685972354528e-05,0.7813888787200862,0.059638128911447756
147,0.09421722592070157,0.030990087730252726,6.644174329571816e-05,0.8475493684673528,0.027176876138397053
148,0.10756352619381421,0.15244492983756555,0.0005252227437600967,0.6062824342547513,0.13318388697010886
149,0.13344833530386588,0.10303684212734111,9.656080464105073e-05,0.7109337829664295,0.05248447879772231
150,0.0708073966437811,0.18711471929382628,0.00023518810576878067,0.6879938313170666,0.05384886463955713
151,0.04474332141566037,0.04482744743252025,9.59221089817719e-05,0.8358520381915654,0.07448127085127215
152,0.1041687268745871,0.08528982415630083,0.0003522433521260458,0.564884514871569,0.24530469074541708
153,0.04518205172789113,0.03808449005618679,0.001129161001771039,0.19225904779810152,0.7233452494160496
154,0.18710913761603806,0.015512808651523753,2.4243709011597715e-05,0.7071527309873474,0.09020107903607923
155,0.25937267912532613,0.025146117513187294,1.5154544152004895e-05,0.6330350847507823,0.08243096406655229
156,0.30355340976315404,0.09478640962652857,9.510319897446367e-05,0.5082493673516787,0.09331571005966421
157,0.15078296550663178,0.045472488732106214,1.6811621345344563e-05,0.7428131398362013,0.06091459430371541
158,0.11128192565748272,0.048531863904507026,2.3407232724724066e-05,0.7706171213745586,0.06954568183072693
159,0.07914472692614807,0.026128700375459873,0.00013969961580927536,0.6937498116582392,0.2008370614243435
160,0.1144699687744207,0.024365710621749612,3.5680194159938926e-06,0.554634294502861,0.3065264580815527
161,0.09718654164466203,0.009394354226992283,3.430096483409204e-06,0.7366710613872801,0.1567446126445822
162,0.19418257585221993,0.011751884532197764,8.596164880911655e-06,0.6363955244290933,0.157661419021608
163,0.09346114346464059,0.005756951212147938,5.556983266943709e-06,0.8125649930742028,0.08821135526574175
164,0.0594702499058786,0.007780850902388424,2.056119530780545e-05,0.6801150076018196,0.2526133303946055
165,0.1219007003300204,0.004477421227517061,3.5648167357136663e-06,0.6572027151115643,0.21641559851416262
166,0.13579076413227809,0.008215130982861916,1.990313227796491e-06,0.7046631430499931,0.1513289715216391
167,0.12602760134346283,0.016711831768852298,6.439784471045278e-06,0.6929816588300965,0.16427246827311728
168,0.09855298226367133,0.013921513502813074,8.062395699321422e-06,0.7080024503147275,0.17951499152308875
169,0.1325951533590322,0.013942649793650166,7.683023400761728e-06,0.7787717363746385,0.07468277744927851
170,0.12799271834205297,0.0103830716559883,5.213592067252431e-06,0.7812308958986305,0.0803881005112611
171,0.07696728418856887,0.028044176604525534,4.1216005315045224e-06,0.8385565275874242,0.056427890018949885
172,0.041045118584979445,0.03558841959459882,1.7101945868860552e-05,0.7335878522478612,0.18976150762669175
173,0.1365731626442561,0.0240917045809531,1.8286259943111975e-05,0.6965004111145435,0.14281643540030417
174,0.07334409291060608,0.03665086901596864,1.813214044701431e-05,0.8374863578808289,0.05250054805214933
175,0.054017079978629166,0.013942050652947716,8.55844558309611e-06,0.7535652848136737,0.17846702610916626
176,0.13538992596070704,0.08944558578108068,0.0001446568237401302,0.4196849985322151,0.35533483290225715
177,0.07918528538794688,0.048157381150258534,0.00016881298670291174,0.6023836370248411,0.2701048834502507
178,0.10942573085916171,0.009749914670886357,2.253673053671199e-05,0.6740532711559669,0.2067485465834482
179,0.09210163747331837,0.022452815427253824,2.8000655725835754e-05,0.8524248488112002,0.03299269763250177
180,0.06224298110817316,0.017607594512858572,8.314322156453131e-06,0.8759087969895926,0.0442323130672193
181,0.05855692192096267,0.013706036380381289,8.063790186893471e-06,0.9059221374411418,0.021806840467327365
182,0.08151236944758458,0.01428963919191443,1.021211468252003e-05,0.8431328855449793,0.06105489370083914
183,0.05443000933747952,0.026326726356254278,1.3576799078443727e-05,0.9048723167836058,0.014357370723582024
184,0.06139587942249482,0.05507931665485012,3.063303581003305e-05,0.8424842256406738,0.04100994524617141
185,0.11974756518330794,0.02365031490396647,1.3774030037121964e-05,0.8281125401311761,0.028475805751512248
186,0.048432309540353075,0.041256869593743126,5.429672447098876e-05,0.884281698318483,0.025974825822949934
187,0.09285674081618818,0.0743768497148036,0.00013642702725196907,0.7601594156173996,0.07247056682435651
188,0.1404167001125946,0.05446820505673802,0.00010240342736818192,0.7659737920009204,0.03903889940237875
189,0.07920294061976375,0.016056332962137716,5.81744725515349e-05,0.8773048486373931,0.027377703308153745
190,0.11844692063907633,0.04576843418231873,5.808363148276176e-05,0.8207034583072104,0.01502310323991188
191,0.14078181080375454,0.03770272902409446,6.28110658981394e-05,0.7748966660461398,0.046555983060113014
192,0.0923642665572259,0.03171620803958527,0.00024090465606905836,0.1233873640093991,0.7522912567377206
193,0.48310584877269613,0.13850388638559427,7.061793665760168e-05,0.25695766191116337,0.12136198499388862
194,0.4343283631255642,0.19314858089075956,0.00024282766651591642,0.2785271869325668,0.09375304138459353
195,0.4242464332783176,0.1465586656582398,0.00010988559576486643,0.17007105854003904,0.2590139569276386
196,0.36172340645837875,0.1264211083614277,0.00011607167895675649,0.42201028417559067,0.08972912932564617
197,0.1859548165833164,0.5239529750128117,0.0009743706761366472,0.11247492224072451,0.17664291548701064
198,0.15408978738718015,0.6911309809992943,0.005835817619203651,0.07099597222641121,0.07794744176791056
199,0.1352397285664198,0.025721373677357814,0.00027521913404639957,0.010245596521075175,0.8285180821011007
200,0.6007585367146905,0.2944468612659158,0.0008862734004555212,0.029090471063904395,0.07481785755503391
201,0.501241526904521,0.3114889122558339,0.0002480125032250225,0.03395742811193665,0.15306412022448335
202,0.6805461748989267,0.2068235828110528,0.0003697389635178468,0.045866185683013524,0.06639431764348926
203,0.25272057511408663,0.6650901330642243,0.0028611030850745987,0.0556510918598283,0.023677096876786256
204,0.24602020099702107,0.6903001085287054,0.0022833229546448614,0.03298038107883191,0.028415986440796785
205,0.2359597010653782,0.7101481452046373,0.0014955550776549558,0.038984174580166675,0.013412424072162836
206,0.45229412862269935,0.43040717749693413,0.0015333076228731997,0.030899850095619404,0.08486553616187385
207,0.7357163706771623,0.11562695145249607,0.0008925832258665038,0.007359966742002129,0.14040412790247284
208,0.48412652855856914,0.47915216398010785,0.0009741154371382516,0.021015990653094025,0.01473120137109068
209,0.34931356382962325,0.6130935182658667,0.00514351789831163,0.008353565229719728,0.02409583477647869
210,0.411205954996375,0.5718942700677755,0.0037509066487773552,0.005873634715750618,0.007275233571321543
211,0.024483548810290967,0.9081813923043098,0.05978312167414145,0.0037397520634336124,0.003812185147824101
212,0.05692310027873828,0.8892674537494348,0.024766415362042164,0.004163623725092855,0.02487940688469179
213,0.023606510110126107,0.9135520098824617,0.04695574741997874,0.0020423502020998274,0.01384338238533382
214,0.07740164537339028,0.8670827404919635,0.039633829481472614,0.00852650827976503,0.007355276373408645
215,0.08448094127341026,0.8421193239685267,0.02876074999796213,0.01238931111634148,0.03224967364375943
216,0.026740837441903316,0.8878338942693764,0.07134735744220934,0.0038436903122275926,0.010234220534283441
217,0.07614386090610929,0.8465512447365616,0.06261895966512657,0.0093866302570807,0.0052993044351218495
218,0.34767021818409644,0.31497893415958533,0.0019825665426454818,0.014544528745620263,0.3208237523680524
219,0.4699671428733572,0.45343613569748364,0.0034210515385892826,0.02013763818218528,0.053038031708384524
220,0.16826022807500746,0.7837985153825363,0.01470706368376019,0.006742128990413195,0.02649206386828296
221,0.6301911932159799,0.2489858522412496,0.0017729035802528839,0.01436561718986739,0.10468443377265021
222,0.5968772155005984,0.2411638129013866,0.0006043750369055842,0.014965659159417334,0.1463889374016923
223,0.2959046119136396,0.6663987045091633,0.002754022537231103,0.010304801374120726,0.02463785966584528
224,0.310890006265933,0.6663141582165192,0.003128102193637928,0.008106462463694572,0.011561270860215186
225,0.12833367588891698,0.847806554323609,0.01366986460423545,0.0049871190416983634,0.005202786141540187
226,0.0229446784968109,0.928144007986734,0.044034473570217614,0.0009982717579548898,0.003878568188282444
227,0.007211796792306185,0.8565395883551106,0.13307809541199483,0.00042617938329126575,0.0027443400572972026
228,0.006087106277763159,0.75382662211089,0.23609542871439776,0.0009702913869467163,0.00302055151000235
229,0.00473325731591405,0.7436035719323222,0.24755773800771835,0.0013182774346302867,0.002787155309415275
230,0.0037741274947065795,0.707073367429665,0.28624901786908996,0.0009182805211410924,0.001985206685397291
231,0.009441475192413427,0.792201241228017,0.18933503795470769,0.002889871543584102,0.006132374081277814
232,0.009401669210869974,0.7555311556217538,0.2256201973906191,0.0028799513902686823,0.006567026386488439
233,0.020222076816543384,0.8715988000737875,0.08923679737802806,0.006521321508396346,0.012421004223244556
234,0.07181353455078288,0.8602811513452704,0.044702201189082386,0.014174726512415251,0.009028386402449278
235,0.009346401815028051,0.9098109608911833,0.07370216814645371,0.003964995754305282,0.0031754733930299483
236,0.09148201794721833,0.848713058355751,0.04660265299249806,0.00623923043463831,0.006963040269894357
237,0.10980354220682356,0.8701129819137332,0.009688794617335768,0.006674229975451942,0.0037204512866555826
238,0.015030280304691298,0.9537984404302324,0.02787762155474326,0.0018475424628817704,0.0014461152474512637
239,0.01265677904772765,0.9621881824330761,0.020589341166927812,0.002767318380519279,0.0017983789717490868
240,0.004718329945485271,0.7236724989169084,0.2683872626869018,0.0009208844236584388,0.002301024027046003
241,0.03839180012602979,0.9016783367786859,0.05379379838049588,0.0034727585247871008,0.0026633061900013634
242,0.024680661044092386,0.9215131672011087,0.04966320083544805,0.0018411358286123782,0.002301835090738283
243,0.005867689759680295,0.8804722296086084,0.11067207853236204,0.0011239937430519399,0.0018640083562973572
244,0.014584866502700041,0.9330606946192938,0.04917557267774778,0.0014378791999898218,0.0017409870002685775
245,0.001878050862583018,0.7418372483645567,0.2542492453124366,0.0002840140505890229,0.0017514414098348534
246,0.0009195273669879784,0.6000984282281056,0.39777696214749325,0.00020641433511315555,0.000998667922299975
247,0.0021210699655810046,0.8582664041115562,0.13768952616716584,0.0004617924980117032,0.0014612072576853893
248,0.0007822574234751002,0.6796867207216016,0.31803566536580263,0.0005318103739324231,0.0009635461151880584
249,0.0022024370678638285,0.7891089457986663,0.20560144637604053,0.0008860479554156195,0.002201122802013582
250,0.0017054718532522161,0.8357960622872181,0.16061289308920232,0.00046475019280631437,0.0014208225775208918
251,0.0011334104524982642,0.5175232906776562,0.47851058102444943,0.0013067540328756731,0.0015259638125204667
252,0.009091394817534742,0.6046131595111708,0.3775036534167905,0.0016800951747526082,0.007111697079751555
253,0.036236049106026985,0.9256314621814654,0.03277936603165452,0.0034390720615951973,0.0019140506192579499
254,0.00597248912171707,0.9041905778219238,0.08570845511093947,0.00238863922480519,0.0017398387206145113
255,0.004916611667691561,0.7830328519292955,0.20673228628987458,0.003058115984228721,0.002260134128909599
256,0.02901831543673183,0.8895628688227414,0.07128969224379192,0.007202653789666211,0.0029264697070687175
257,0.11305009109427792,0.738755034502121,0.07128443516132092,0.01149893465108416,0.06541150459119617
258,0.18875548635304756,0.38309614830554717,0.021240460201433616,0.01610611259817617,0.3908017925417954
259,0.44073193043942466,0.48285969412049135,0.007328270858004348,0.03398801098218579,0.035092093599893924
260,0.38936795688124254,0.5450880089299349,0.005839193644391663,0.016127109678413538,0.04357773086601731
261,0.2362137523279888,0.6943562410683289,0.0016278711486231363,0.06235777949153957,0.005444355963519607
262,0.22766510197218878,0.5005947538748458,0.004369070767050785,0.2545962480469814,0.012774825338933291
263,0.07168627106345762,0.7716987561418878,0.010534586579127599,0.12099574873557341,0.02508463747995358
264,0.014651205846892276,0.047314449491642985,0.0013033418267456268,0.014775148188752214,0.9219558546459669
265,0.32172783215336404,0.230389809293051,0.0006737619536153587,0.19188355267388676,0.2553250439260829
266,0.2977031085614922,0.2750945245875367,0.0019410081828634801,0.0681755845256662,0.35708577414244147
267,0.5965005725982534,0.11550868004069852,0.0003000747600303082,0.030931582241543517,0.25675909035947425
268,0.4005503657038616,0.43120769509258583,0.001686075441235703,0.07981110507098663,0.08674475869133026
269,0.287684295955955,0.25616939733407684,0.0012350469617036658,0.3090469629891888,0.14586429675907578
270,0.2825243300214048,0.3998578887061836,0.007130258094916477,0.11158140535351672,0.1989061178239785
271,0.23246619193603144,0.06638932172737187,0.00011903575021503353,0.5061051661408357,0.19492028444554596
272,0.1758786682037556,0.5019289183180642,0.005573456371007334,0.23016168070469575,0.08645727640247719
273,0.34185419587356203,0.05821795369490052,0.0001799616245504499,0.48358552371127383,0.11616236509571315
274,0.2860271542202165,0.297326688450832,0.003208587725148561,0.31272787927522094,0.10070969032858189
275,0.0841953559521548,0.022271231042483713,0.00021061091145036195,0.01665362795982825,0.8766691741340829
276,0.3863184815735257,0.15077318684036428,0.00045397297282310806,0.04523410300939769,0.41722025560388915
277,0.5773593374038345,0.1928558699297402,0.0013826559683080134,0.041434214810560276,0.18696792188755704
278,0.17406743897911237,0.7381885907755782,0.001043024290681644,0.016987510032852374,0.06971343592177534
279,0.2087561151945574,0.44739523590303476,0.0020549957828458554,0.04630444056744607,0.2954892125521159
280,0.2491035899928208,0.4957313536593733,0.008413766487262995,0.06857421983395323,0.1781770700265896
281,0.3487875977752175,0.3045867229338468,0.004104975444114628,0.10449340032517287,0.2380273035216482
282,0.4356929162710972,0.39469371334150316,0.0023241823278801013,0.06979896973831942,0.09749021832120018
283,0.45972639291166456,0.23496513653135143,0.0018425354433804853,0.05471257283247162,0.24875336228113182
284,0.4285942350874591,0.4197664752585876,0.0009421463351657175,0.13327582269531818,0.0174213206234694
285,0.060183249295909576,0.8796216526070552,0.00200678203289205,0.04948610542537296,0.008702210638770413
286,0.22658805357857106,0.46977008267311166,0.0006895929384477143,0.28503139448322984,0.01792087632663969
287,0.03623669897590841,0.9029221002660436,0.0003809304632813926,0.057698671814684466,0.00276159848008215
288,0.034575455219875005,0.886379323330159,0.00994573766389742,0.0611042368991799,0.007995246886888725
289,0.09964304628717195,0.8203097173343437,0.0014932677002736103,0.06309594646556425,0.015458022212646532
290,0.4651465689362084,0.19806722207942565,0.00028313570956810437,0.26432198039552585,0.0721810928792719
291,0.12674405993753385,0.7929394511537837,0.0013516982759293372,0.06631246497814586,0.012652325654607301
292,0.20205813701951186,0.6722797468009762,0.0036235325848490395,0.05413786629116274,0.06790071730350011
293,0.07671016165612121,0.8787559747907494,0.006141636633635862,0.032260097344802695,0.006132129574690813
294,0.04831007983353116,0.8692576316482256,0.006991610315522981,0.0715920175314738,0.003848660671246648
295,0.07983880306164473,0.8077101223428764,0.010107657887831528,0.0907547455122552,0.011588671195392117
296,0.25026711051420275,0.36003259175381924,0.0019601493974983407,0.3775913680330647,0.010148780301414953
297,0.02425569912272583,0.9080638308639449,0.004927346671111048,0.06049338615876854,0.002259737183449694
298,0.05062026812292308,0.7407589664599727,0.05192485845033687,0.1350210749707058,0.021674831996061402
299,0.1336782973086197,0.6566551545639436,0.006290565195332801,0.18845214476343253,0.014923838168671398
300,0.11039125129684844,0.7514408504655596,0.010107840546435874,0.08894369655123031,0.039116361139925795
301,0.08910507209760189,0.8718979368622931,0.004950665914277423,0.024481695095691473,0.009564630030136169
302,0.23063286025254182,0.718414804959599,0.0011753284612212374,0.028030529324612984,0.02174647700202494
303,0.22915389907742614,0.7226727773415047,0.0020925162431881983,0.030435571594147455,0.015645235743733457
304,0.07643041545009885,0.9075162713812109,0.0018671351557227565,0.0078091058686153006,0.006377072144352001
305,0.02707106617380673,0.9618935202127126,0.0010289506489184106,0.006574329404363959,0.0034321335601984015
306,0.03216109897988663,0.9249040431553708,0.02832831412719464,0.011151438115721094,0.0034551056218266912
307,0.006417902043558079,0.9514478544061048,0.033750425677382206,0.006073102784863841,0.0023107150880910944
308,0.19775626566651658,0.694381645006097,0.007969314421181962,0.03958461830833896,0.060308156597865425
309,0.09341038230278446,0.8042239067265051,0.040192053656286225,0.022523203086476526,0.039650454227947725
310,0.3433933965367251,0.6248792704362247,0.0034646327876522824,0.01611965166531185,0.012143048574085982
311,0.4128338071989971,0.521553492328746,0.003957902172526325,0.013000267015004183,0.048654531284726445
312,0.18990302892009595,0.775927407123343,0.0030324382298106013,0.011963092350819389,0.019174033375930925
313,0.01554602155294607,0.8622151769570312,0.11205649429960579,0.0057628627163156445,0.0044194444741012555
314,0.03510989949792033,0.8978913658995626,0.047108584952825,0.01548573973356719,0.004404409916124826
315,0.08169706399184264,0.10892334678218772,0.03697701995271783,0.009122067385137756,0.763280501888114
316,0.5062314336677536,0.12153315282342299,0.0019241221499816448,0.16185749328240867,0.20845379807643324
317,0.4330751593064898,0.1980447334241643,0.0025917346989984985,0.09894442079993564,0.2673439517704117
318,0.6944107979668078,0.1254393391425664,0.002543223331118363,0.024454999703154526,0.15315163985635294
319,0.30538378393692817,0.3985227221288121,0.008602704632929415,0.2200277021899928,0.0674630871113375
320,0.28034552786755906,0.21038788963461338,0.0008931630640219104,0.3772529232582666,0.13112049617553898
321,0.1782078990483445,0.46177395292110973,0.0015452509582562068,0.3195961203399988,0.038876776732290834
322,0.12015189961714134,0.29907404724113784,0.002823716726839954,0.5252422046903156,0.05270813172456521
323,0.14432750868511057,0.27484908511031036,0.009847445059733938,0.16335906856274804,0.40761689258209716
324,0.21586661555006686,0.48554903358492213,0.0019082731744323365,0.22967982532000847,0.06699625237057029
325,0.2072066632296317,0.36195956673407126,0.0028743708717998105,0.3943714431639646,0.03358795600053252
326,0.11641618165399485,0.2974844167861361,0.0030633656045179823,0.5574578366944661,0.02557819926088496
327,0.10848840365063682,0.23812124045736488,0.001425620529394202,0.6356702579372325,0.01629447742537158
328,0.08619500300695533,0.16666404675375207,0.0008365812345914034,0.740497009313823,0.005807359690878187
329,0.03884630824185932,0.8921530763381719,0.018007424134713016,0.03014236644267845,0.020850824842577356
330,0.4724242782179677,0.23673272989816646,0.0005527572193971329,0.24434820277725336,0.04594203188721537
331,0.39118155977763236,0.40545265274883996,0.00238653242894187,0.07176610473566598,0.12921315030891975
332,0.21885767373741755,0.7462384133856124,0.0018681823264456972,0.028018817489469643,0.005016913061054665
333,0.15938838423091659,0.814090030592671,0.009058612909612445,0.0076228107771125,0.009840161489687374
334,0.046403521551587355,0.9266715006648244,0.010082350015834823,0.013491510090282221,0.0033511176774712707
335,0.03740398383156378,0.9106799018172105,0.03320970841181323,0.010760851725334983,0.007945554214077619
336,0.027633059259124154,0.8908040829439771,0.05955818681982756,0.017066037592439857,0.004938633384631415
337,0.13898316181712245,0.6954725615840353,0.03722340414032834,0.04045868764234854,0.08786218481616546
338,0.09699578289419342,0.8475184061004714,0.00886920558234461,0.039614604246234426,0.007002001176756277
339,0.08915264307792246,0.8411973160416745,0.023011649301637294,0.03281597643163321,0.013822415147132623
340,0.1326464207073926,0.759277387921758,0.011670849859558829,0.05109212042617977,0.04531322108511081
341,0.16739868077238415,0.7218776627682137,0.004628235437094686,0.08842472733563407,0.017670693686673192
342,0.07096020941247078,0.8705619647671988,0.013912477601557663,0.03190770703950224,0.012657641179270589
343,0.33086319031113404,0.48814902349827116,0.011525142284162973,0.03247949110924868,0.13698315279718315
344,0.2425634812532034,0.7015701845806419,0.0027670192727356022,0.027145959398929994,0.025953355494489103
345,0.11730261078872282,0.8565413106333423,0.00978568195592599,0.0057291919251081,0.010641204696900872
346,0.03366478145533994,0.9297547673533576,0.023034347701761194,0.008046600453534152,0.005499503036007374
347,0.07381274610876913,0.8458611816949727,0.008623116810521003,0.06279207623506441,0.008910879150672745
348,0.139399105663835,0.6842057387441645,0.020848828237319476,0.07799497624206674,0.07755135111261414
349,0.12329645663778604,0.48100145689984053,0.0038795355787297234,0.36745845426233303,0.024364096621310564
350,0.08134400054984461,0.7601058503584666,0.006708120758015036,0.13780595027364625,0.014036078060027594
351,0.03787183469701884,0.8016732197247644,0.023018540968619633,0.12447877820036303,0.01295762640923395
352,0.17987756054047363,0.21478777932805954,0.0038634532142401063,0.5310906451678039,0.07038056174942287
353,0.08546321272048735,0.15531642859481726,0.0009542656165525852,0.6838770400272708,0.074389053040872
354,0.12012203928292296,0.3046798812026562,0.002456596140923365,0.34002814939224657,0.23271333398125074
355,0.2803373935489253,0.17059787138185892,0.00023010551821583147,0.43958074261241914,0.1092538869385807
356,0.1174812794176157,0.04104916474895981,0.0006030023372916998,0.14683648125619617,0.6940300722399365
357,0.5239362072764062,0.10912310103030524,0.0005952125943640425,0.12126325125389663,0.24508222784502784
358,0.5136504508992633,0.2773077031725113,0.0024724662591468684,0.1406326050378219,0.0659367746312566
359,0.4095221800689784,0.11281802434152746,0.0019496185724058135,0.11304038949647603,0.36266978752061224
360,0.3794792049808758,0.19265623946324215,0.001073954224712702,0.3565053909374299,0.07028521039373961
361,0.18256115154444194,0.34678071034655616,0.0015400359968084764,0.4301405613882708,0.03897754072392273
362,0.13248706892043394,0.4808745623245007,0.0025134567354897015,0.3592803082756983,0.024844603743877355
363,0.2573220783188508,0.3086056185459598,0.002229984247084728,0.13631446432536762,0.29552785456273717
364,0.14584097968249943,0.6296124054066892,0.002882005573534758,0.20403881661759063,0.01762579271968588
365,0.21856222925233162,0.4462623989683597,0.003069217343823996,0.30526554636071335,0.026840608074771358
366,0.2293324221917396,0.5185952171083067,0.004486710239179359,0.20258639238342574,0.04499925807734858
367,0.07758671673805179,0.8080206002060777,0.010896756120856546,0.07514089774118063,0.028355029193833255
368,0.18529810951202208,0.49765378270904376,0.009521809474253417,0.2241493093396572,0.08337698896502346
369,0.1389612408417752,0.7195666481915872,0.010297221361090033,0.0883453211067833,0.04282956849876427
370,0.5679048544408202,0.19201084118982262,0.0013418420300945284,0.057476321958653376,0.18126614038060931
371,0.055009840700497796,0.9306028492721098,0.0029441038945567963,0.007947337964039914,0.0034958681687958714
372,0.0430016127505133,0.9199686245618863,0.015009580091856618,0.01667320275396691,0.005346979841776997
373,0.3339000462031039,0.4695885497429877,0.0012076588473035172,0.0799349168086446,0.11536882839796025
374,0.08581440839612534,0.7109100387549522,0.0060563163670555075,0.08051755243599967,0.11670168404586741
375,0.024071631053384872,0.031088912722369418,0.0008782297183833426,0.003209849283028582,0.9407513772228339
376,0.7206930255025702,0.04108089881419476,0.0002280130319364143,0.010024261401719088,0.22797380124957956
377,0.4795154347456731,0.39476998405020974,0.002379732615950536,0.01705275434303165,0.10628209424513489
378,0.7499620995882937,0.0622368987072358,0.0003165082062235934,0.007837729410015554,0.17964676408823133
