epoch,N1,N2,N3,R,W
0,0.0001850368439644214,5.161832930136359e-05,3.6526891413364885e-05,5.2410228993020965e-06,0.9997215769124217
1,0.00027101337668376655,7.43417514929198e-05,2.461800740319742e-09,1.2795944431917439e-05,0.9996418464655907
2,0.0005843906717754257,0.00017018492703674634,2.229414400929898e-05,1.50905449971379e-05,0.9992080397121813
3,0.01670136570643018,0.00023615073321205836,3.923247891524872e-06,0.000962172946470345,0.9820963873659959
4,0.0006944553153667672,0.000262568622108291,0.00013867185221427063,8.645580918931106e-05,0.9988178484011214
5,0.008086849637846828,0.0009662721715223521,1.86543424035963e-05,0.00010790196604548812,0.9908203218821818
6,0.03739604698542227,0.0010697520150826664,9.148777065624066e-06,0.00017953765923522035,0.9613455145631942
7,0.0007255389996466673,0.0001166233042928228,2.865728993309454e-05,1.5212124588890822e-05,0.9991139682815384
8,0.06914052687364278,0.003862445179615168,6.751834146109066e-05,0.0009633326840551435,0.9259661769212257
9,0.03871457620327315,0.004356403761653572,2.2050296932832256e-05,0.004273842619421587,0.952633127118719
10,0.010400802752877298,0.0016176877712938728,7.666133978505435e-06,0.0008576882162615916,0.9871161551255887
11,0.0019372377430386593,0.0006308423608062592,3.2751968598958836e-06,0.0007395129178072673,0.9966891317814879
12,0.002523291502874206,0.0006792984649554158,7.564379518229217e-06,0.0010623060841835074,0.9957275395684686
13,0.0006069831835202159,0.00020784426434487425,1.8880126643440417e-06,0.00037586204945255774,0.998807422490018
14,0.0013247502791326243,0.0007982213539409382,0.0002345831007393353,0.00013520857062662223,0.9975072366955605
15,0.000507341523098259,0.0004038637087529312,4.949309756020786e-05,9.000448544207985e-05,0.9989492971851466
16,0.0007134740695812502,0.00030652826191539647,3.167526265102964e-05,0.0003703047227200765,0.9985780176831323
17,0.00011156861399949395,5.286658979984939e-05,2.5808199701682336e-05,1.0114748541027942e-05,0.999799641847958
18,0.005730997354686554,0.00016583369798438166,2.645561712844924e-06,0.00011868138616933212,0.993981841999447
19,0.07883505872328009,0.0041721758684675255,1.4093508322319005e-05,0.0006255040765254659,0.9163531678234046
20,0.0005218797751319557,0.000404663591064078,1.0028133851036106e-05,4.691784982660398e-05,0.9990165106501263
21,0.027722185526594553,0.0018902938124934444,0.10721539118273732,0.0005799259999701817,0.8625922034782045
22,0.031963181310154,0.001088648460759878,1.468953000138079e-05,0.001461290303719414,0.9654721903953652
23,0.606652417313293,0.005457868163905193,1.209280173491324e-09,0.0027132206551405075,0.3851764926583813
24,0.824098257665082,0.0076132689936616,2.200096467850887e-05,0.010322324826130701,0.1579441475504472
25,0.12815290222170572,0.2474475911149162,0.0009129764948541357,0.014524907861789683,0.6089616223067342
26,0.1552755283114582,0.3746374709975148,0.000441819001092939,0.1058424266655133,0.36380275502442067
27,0.02750025327738285,0.006978664421500902,6.0400907213552766e-05,0.007980366053169416,0.9574803153407333
28,0.4858932370558082,0.16242877426795174,0.0002211628568081237,0.08699924598011038,0.26445757983932167
29,0.4750434659218424,0.3480386115632383,0.0007286400856103112,0.04334675904005759,0.1328425233892513
30,0.25589773387454173,0.40936102549067227,0.00033948918697790885,0.039141698447534665,0.2952600530002736
31,0.16465689468915012,0.5614111899436187,0.0017151500900086218,0.12020971796173922,0.15200704731548323
32,0.1493852927343306,0.6961593783486832,0.002613318378374054,0.06364013213467137,0.08820187840394075
33,0.4229192093708375,0.3101121204620685,0.00027091699692338836,0.08978518458807296,0.1769125685820976
34,0.2981505209221266,0.5168142959284511,0.00048141041569416105,0.03062022863330943,0.15393354410041873
35,0.37880278480464635,0.4973612029783542,0.0009240921482710315,0.034253795740182,0.0886581243285465
36,0.1676343491709912,0.11845584247572874,9.983546533454318e-05,0.003841051923788579,0.709968920964157
37,0.22342229508114633,0.5058838671574981,0.0019161561037565743,0.007517589675359138,0.2612600919822397
38,0.3284852091809591,0.5610419712124486,0.00237474180479885,0.02659915653472354,0.08149892126706991
39,0.377394589882332,0.3244222957907327,0.001206952837418486,0.01234495056386276,0.284631210925654
40,0.07858521259781756,0.8610615521767506,0.002709406715641388,0.0052889500908658545,0.05235487841892465
41,0.44282135460324323,0.44856112558074857,0.0009256299673515144,0.05809558433651085,0.04959630551214577
42,0.17580201432666062,0.7574542266220262,0.0018426206078755382,0.010566255918605863,0.05433488252483187
43,0.06985604859436725,0.9142552614186408,0.0010703145837150506,0.005509832696060808,0.009308542707215883
44,0.267785440883782,0.6961217427085821,0.00031849502626227905,0.015504327073540661,0.020269994307832852
45,0.058326014780582455,0.9183179713344006,0.002323295190836898,0.002507866265014636,0.01852485242916552
46,0.19905136887675523,0.771121517332316,0.001465532633284139,0.017511519657762542,0.010850061499881934
47,0.05450736771124567,0.9058010684759141,0.015616248915553457,0.0015095276456037292,0.022565787251683008
48,0.10649176281875151,0.7739613230776948,0.007038473820803233,0.005830646130766741,0.10667779415198353
49,0.07245796912728833,0.8291878994729629,0.015298065638261455,0.0009799575158296063,0.08207610824565764
50,0.4302182295524852,0.5147031584811688,0.0023409889252653596,0.0006449462231259963,0.052092676817954695
51,0.09497305070156727,0.8218770899873423,0.007384225178846883,0.0004791068993374143,0.07528652723290624
52,0.04898976935701784,0.5195286961560155,0.01965338076255698,0.00035010301539706675,0.41147805070901267
53,0.0112926218729215,0.7491447335162064,0.023574682291381027,0.00022222837220277304,0.21576573394728812
54,0.021107586475688594,0.7974590069223079,0.010935988899811249,0.0005046920015722903,0.16999272570062007
55,0.004259733441688516,0.6137042861920506,0.14861876024039364,0.00022028808522028327,0.23319693204064693
56,0.003204868507624681,0.3820560123031395,0.3111576467662309,0.0001593448330080307,0.30342212758999676
57,0.0015211934126717196,0.290940580220099,0.13159400897363946,0.0001658467901333253,0.5757783706034566
58,0.003643528545266835,0.45511047384432796,0.19468873814869944,0.0002884777921606606,0.34626878166954506
59,0.07162461368211855,0.2193310180967673,0.004420179385740244,0.0009876860190425171,0.7036365028163314
60,0.04846842103546014,0.7002606904773881,0.05432019762753288,0.0007478689454020371,0.1962028219142167
61,0.20049021765557604,0.6820807349256353,0.017829216781777794,0.0022162275929023477,0.09738360304410869
62,0.03795920449611678,0.6434054548093423,0.0739672216069385,0.0003384585973438725,0.24432966049025842
63,0.042513079141387126,0.8973471484590627,0.01794659699038338,0.0014428756917099638,0.04075029971745672
64,0.020676761169409905,0.9165476842737823,0.025482103810461267,0.001469169005031271,0.0358242817413153
65,0.007227497806196322,0.8480726443687867,0.1039020356808549,0.0008723531396933113,0.03992546900446876
66,0.03614105130533507,0.868594207366855,0.03488797613162439,0.0021435673321920246,0.05823319786399356
67,0.04115645726586555,0.895197096840842,0.042979871094351516,0.005988366071991724,0.014678208726949379
68,0.04370928333432289,0.8773764560995629,0.05115684332265305,0.003683463424956968,0.024073953818504364
69,0.03292919475799532,0.7906401577644462,0.11754647969663556,0.0009084929795473175,0.05797567480137571
70,0.07504340378937302,0.8779816807688369,0.02196659293353483,0.004741957412402678,0.02026636509585271
71,0.016698995261611952,0.8056079012859498,0.14969083840275535,0.0017903914910314183,0.026211873558651382
72,0.07737006671881017,0.8743565611844136,0.027408620050618043,0.005533789688538662,0.015330962357619417
73,0.057135238931462454,0.869874685612754,0.05297648646501512,0.0006539456638786741,0.019359643326889667
74,0.12012693705005857,0.8505991486131104,0.01500815810510253,0.0029102966857689717,0.011355459545959493
75,0.053683591188931505,0.9093298832355914,0.021259060624358186,0.0005828627786531579,0.01514460217246568
76,0.1852372125969399,0.7838768159039649,0.012535169761971283,0.002064566046234644,0.016286235690889165
77,0.016708311685900087,0.8996092025835576,0.0654601346238902,0.0005242367123361167,0.017698114394316126
78,0.009432262001214189,0.7793824188846374,0.1812971639848608,0.00044421454306182626,0.029443940586225757
79,0.08066426136120576,0.6816176421353716,0.11222493579642157,0.002225745066827276,0.12326741564017374
80,0.04509958558974158,0.8885750122352217,0.039922409044034886,0.0049128531302682805,0.021490140000733543
81,0.09615442590154405,0.7880652442687227,0.04895570275771951,0.0010834766112838678,0.06574115046073006
82,0.1160855442350318,0.7953785611880356,0.04166204601068664,0.0041843035355271785,0.04268954503071892
83,0.10663673963986567,0.8525143148026201,0.01809439934177465,0.005329461487744116,0.01742508472799546
84,0.045062437844474425,0.6936767368288487,0.17727893436555756,0.00039506014702175786,0.08358683081409776
85,0.1704264882090651,0.74426293224405,0.038750520273621705,0.00489323036009175,0.04166682891317131
86,0.021758425252341847,0.9004939154425997,0.04224832984328485,0.0015231391170220068,0.033976190344751654
87,0.04802304818756442,0.8300739741540367,0.06479496586554387,0.0012362694327022028,0.055871742360152715
88,0.007267478992374809,0.7397473318498076,0.2166741169256065,0.0003790241757956924,0.03593204805641541
89,0.0062978035448981754,0.7009622795068083,0.2561037886813307,0.00060733588175586,0.036028792385207
90,0.007709839508104802,0.6466359334590328,0.24643957536313213,0.0008864334314631828,0.09832821823826704
91,0.00808997360084862,0.5499655388639892,0.29219583115696324,0.00045223734286143914,0.1492964190353374
92,0.004067705900996439,0.31797136125002123,0.5488158635742952,0.00026553250452311027,0.128879536770164
93,0.02149647342641552,0.36379786470067005,0.31181225721757144,0.0007256787397227813,0.30216772591562024
94,0.033066285474568156,0.7982740673535044,0.10503050513765254,0.0035887677232266314,0.060040374311048396
95,0.10086620845119895,0.6753391165787787,0.08992637506780617,0.0005750351779205694,0.13329326472429562
96,0.41650335574272235,0.5183702223965035,0.026439283197542632,0.007604001452542254,0.03108313721068921
97,0.024387900300074858,0.8409075775138879,0.10908850850563376,0.0018187358342606386,0.023797277846142984
98,0.03400582279756335,0.657853242760935,0.2133962401813296,0.002635160878836271,0.09210953338133557
99,0.041003355237439365,0.8957994835341859,0.037084649169470296,0.015160424207475449,0.010952087851428918
100,0.054365886748771144,0.700090615150997,0.09546154610461272,0.003254796421939688,0.14682715557367942
101,0.45422744896213274,0.4473026901784508,0.007573397136586692,0.03968699196084602,0.05120947176198389
102,0.2636839096683874,0.6641084353759875,0.007096806397593654,0.030556789667882608,0.034554058890148925
103,0.17357330172030547,0.6919512040361911,0.061909833567023835,0.017478222404596313,0.05508743827188312
104,0.1907993158099766,0.7588981408028969,0.004938226475788519,0.032711865374700895,0.012652451536637126
105,0.051080742492592805,0.900825133579778,0.011387107499533772,0.022838740181007115,0.013868276247088565
106,0.03345162744095288,0.8157331770143078,0.12231079391658632,0.010720419107043534,0.017783982521109312
107,0.049652934426804594,0.8898966087232484,0.030765797753885826,0.006939751900848634,0.02274490719521247
108,0.15462606744888693,0.7567038532668391,0.01020598267804872,0.06445804410807761,0.014006052498147521
109,0.03471791341517261,0.8474161088484513,0.07386749553936388,0.0185780045683362,0.025420477628676046
110,0.10305603218860876,0.8459298098087481,0.0053367886412388635,0.03171745157882368,0.013959917782580628
111,0.13510017933973215,0.636198247518006,0.0014457133647918772,0.011350875095032971,0.21590498468243693
112,0.17242049666370632,0.7765276945276333,0.004328422671690768,0.025684117682745467,0.02103926845422409
113,0.09768136187237673,0.8611206074003518,0.00798263001199012,0.006913952454897265,0.026301448260384074
114,0.06793030780192189,0.8083207332904963,0.014023637236218136,0.004866504598372444,0.1048588170729913
115,0.14871872046220963,0.08612109138775344,0.00044943621650862147,0.009043541060595725,0.7556672108729325
116,0.32308810462050336,0.5922341641119714,0.002206678193329803,0.014191879763964889,0.06827917331023052
117,0.13954597953933037,0.309610146424076,0.039428456094503274,0.0002555872255498757,0.5111598307165404
118,0.547225950170542,0.29255456340390956,0.006140594141701697,0.0026432121470381198,0.1514356801368086
119,0.08200262507530869,0.8802534507013036,0.01460746105284558,0.002316434417410371,0.020820028753131648
120,0.06456002063001925,0.8731174140045997,0.029317800586682,0.005685929039541074,0.02731883573915805
121,0.12540697375349108,0.8425203087928488,0.0029116795806640576,0.02210385346285385,0.007057184410142324
122,0.026289798670596738,0.9586915860167872,0.006969846097040286,0.005953565516264116,0.002095203699311857
123,0.04027808281632959,0.939312808145793,0.007827661967139176,0.007372508760926185,0.005208938309812106
124,0.021499940888448473,0.8892328716737922,0.07677532086113692,0.003406131820226234,0.009085734756396404
125,0.04537325776416764,0.9203476784775385,0.01640364248237451,0.010676592543109991,0.007198828732809262
126,0.00725965760938303,0.8278440898837365,0.15631882671418848,0.0011396861117938752,0.007437739680898222
127,0.019474255202147763,0.882334528987354,0.03640426230201037,0.005152226352995372,0.05663472715549256
128,0.00879539777055893,0.7596776498570782,0.14017952142384152,0.0007928786669885091,0.09055455228153278
129,0.01280599125559383,0.5161802467336671,0.18926087782460443,0.0010124353380211177,0.28074044884811344
130,0.0061386509949624656,0.5111446360408015,0.3593638479616752,0.0003684404910128148,0.122984424511548
131,0.005696514417562434,0.6515046905817207,0.16740973609514656,0.0008541114419020534,0.17453494746366827
132,0.00591554722116758,0.6569979236251253,0.1642689915469969,0.0008664383029274723,0.17195109930378266
133,0.0026336567267664776,0.2501270275085872,0.6502864872887142,0.00032455002586383343,0.09662827845006816
134,0.009597552017300474,0.6426076406505798,0.22194494407402154,0.001309766684142427,0.1245400965739558
135,0.004389585364314213,0.2554940702044237,0.6965239980216615,0.00021272771478750795,0.043379618694813125
136,0.005998632879055027,0.2453534547003136,0.6720779814538397,0.00043678416927615045,0.07613314679751548
137,0.010944814902026747,0.30722894453023364,0.6166481214456841,0.0004999638259910953,0.06467815529606435
138,0.026534627515578193,0.774249856579736,0.16106218421375887,0.003722045115542963,0.0344312865753841
139,0.01727461091442962,0.6900900285862257,0.24500462571156112,0.0012799611644621163,0.04635077362332139
140,0.01775870496448188,0.610961614083731,0.22488179994806662,0.0007309255791602855,0.14566695542456026
141,0.0026929723095948078,0.28803307384416577,0.6561215796574534,0.00011892928475506907,0.053033444904030905
142,0.0009860489555379645,0.03873747167495867,0.9498375134264869,3.080698594633182e-05,0.010408158957070035
143,0.0024664815066524157,0.266841294772298,0.6808149568887387,0.00013925881247358837,0.04973800801983739
144,0.0009076156626382812,0.05033418391934768,0.9310298713852821,6.158286798062765e-05,0.017666746164751362
145,0.0015243285480622435,0.04563943420049154,0.9277448626342439,8.169500736993086e-05,0.025009679609832344
146,0.002519249892909395,0.10779788327172558,0.8625675536835988,0.00016902615710359358,0.02694628699466256
147,0.0011734553992625164,0.024453989979581155,0.9711947846232302,6.048506160782765e-05,0.003117284936318494
148,0.0012538696749904831,0.037503794172452365,0.9476671880234686,5.930792555815342e-05,0.013515840203530258
149,0.0007453363768265773,0.04678814965744252,0.9412348237052078,7.770432209169243e-05,0.011153985938431416
150,0.0008042703301844407,0.02069986183226626,0.9709571363690671,9.402152640321434e-05,0.00744470994207915
151,0.00030031310090101635,0.016060899454994254,0.9753104677569644,4.94200000209857e-05,0.008278899687119312
152,0.00038283567256726505,0.024400338324176107,0.9689611701410933,8.457021441171409e-05,0.006171085647751702
153,0.0006916361113471273,0.03172705901226459,0.9553541282597188,0.00012355926545218346,0.01210361735121748
154,0.00043154869789023987,0.030996973013827752,0.9588051672701384,5.7580786343338725e-05,0.009708730231800047
155,0.0017400653770053408,0.03401304896651746,0.9324254435150113,8.704067022207878e-05,0.03173440147124392
156,0.00035589037204910017,0.01688421868412486,0.9727703297786088,4.5447661081888186e-05,0.009944113504135528
157,0.0010018553626573682,0.05335725843905551,0.9408863657561869,7.501290009016826e-05,0.004679507542010059
158,0.005667561569574814,0.7170788375331247,0.26659057678510756,0.002193079512823494,0.008469944599369257
159,0.0027431025486309925,0.4679703876743195,0.5231486744314602,0.0005301263181425344,0.005607709027446918
160,0.001763532582695817,0.46405673444765533,0.5284632240786094,0.0003965641815806312,0.005319944709458891
161,0.002996151107663636,0.7217752769960324,0.26921834204703077,0.0005797559659620679,0.005430473883311137
162,0.0019133935732102772,0.3610113960523934,0.6242344988666798,0.0003550416473648297,0.01248566986035174
163,0.005272099584322035,0.4873599042126118,0.4722572935060903,0.0004930704521379666,0.034617632244838
164,0.0011667541644382329,0.28741471517850753,0.6959908122613526,0.00013359930050507846,0.015294119095196372
165,0.0004402279158725083,0.07365622833839357,0.911701189178695,6.680709297979732e-05,0.014135547474059179
166,0.0011931272701181366,0.14208939191705858,0.8123373890169973,9.817902395939666e-05,0.04428191277186651
167,0.0013514440412136972,0.1624953226336464,0.7781844627413612,0.00023233899717389384,0.057736431586604714
168,0.0006678800747600379,0.0545526612843237,0.9363858550509783,8.85241968428278e-05,0.008305079393094855
169,0.0008480945966662073,0.040584880183801304,0.9470572046527037,6.248537077327471e-05,0.011447335196055635
170,0.0019882037277681687,0.06971327430581674,0.9079690938594716,0.0001342678480552545,0.020195160258888352
171,0.0006188877686218789,0.06391230895164783,0.9241304104277774,0.00011364237847839804,0.011224750473474416
172,0.0012487229925144058,0.060826672814380645,0.9130471497404568,0.00011235024926374026,0.024765104203384316
173,0.0025192916934167016,0.07989451066457591,0.9103763696311299,0.00016415584176214241,0.007045672169115458
174,0.0029290803202460984,0.15792827380488847,0.8295818548699817,0.00029456886369944415,0.009266222141184206
175,0.0065351279072619825,0.29165382474156676,0.6850734557302082,0.0011155834508673594,0.015622008170095937
176,0.013096712357067919,0.5349685581606027,0.43378596699870914,0.003953897414377815,0.0141948650692424
177,0.028279699137601255,0.7258551330907593,0.14786792778803928,0.08438022761549814,0.013617012368102028
178,0.027043854687742872,0.8487920373827094,0.04329401061952013,0.07265162975066641,0.008218467559361195
179,0.02414182505236808,0.8240557929674073,0.06744450231392696,0.07463940242364607,0.009718477242651598
180,0.06404089084027191,0.6043691793030203,0.012930899718073291,0.3134686833150617,0.0051903468235727735
181,0.028921506014203926,0.6559214682742018,0.0086995748554,0.301543265096399,0.00491418575979528
182,0.027468520914842517,0.17543152864090417,0.0018577008628860676,0.7892038062980513,0.006038443283315995
183,0.04156024126936507,0.351098590901261,0.001151372122205732,0.5971146277767327,0.009075167930435418
184,0.019825189324748492,0.31193928789902386,0.0016007083147318542,0.6615433762028332,0.005091438258662536
185,0.024440233296823526,0.307330002528651,0.0021050605411905275,0.6603448632625581,0.005779840370776839
186,0.014655049499186687,0.08392032070351664,0.0007653817524892491,0.8975164171811642,0.0031428308636430907
187,0.01789081294150076,0.04551694864942882,0.00039178392019865484,0.9342027459883386,0.0019977085005330924
188,0.025690032336992387,0.044074079778361044,0.0006036535171547242,0.9239933111675424,0.005638923199949448
189,0.01962784498772232,0.01569464519246524,0.0003369520431606042,0.9611259857927594,0.0032145719838924994
190,0.04059182543179103,0.04019870406194559,0.00018380964068036437,0.9156481929204819,0.003377467945101196
191,0.039492382010302696,0.03611584670963592,0.0002988188296891906,0.918882482962758,0.005210469487614409
192,0.035067184905603926,0.11117597085695324,0.0002972681315724283,0.8503612753309447,0.003098300774925612
193,0.02156865165856679,0.14416036566835966,0.0002569853139041473,0.8323195369574322,0.001694460401737219
194,0.00854238772540244,0.01730617051009855,0.00014601008617480817,0.9733880847105797,0.000617346967744494
195,0.03498094954087918,0.33192057494699806,0.0006162300972049472,0.6284062340760077,0.004076011338910138
196,0.023355123461216206,0.14292087566475087,0.00036360857914930335,0.8298200507117879,0.0035403415830958353
197,0.0177950366453478,0.18526662154844592,0.0003615368922360443,0.7927201433703565,0.0038566615436136766
198,0.022670682513674316,0.07709845713398285,0.0001779540160677234,0.895830086058777,0.0042228202774980544
199,0.028982277578645566,0.2415736539873761,0.0004966134777764682,0.7244928204901786,0.004454634466023333
200,0.07254269641245001,0.08666819444385268,0.00011182962223965655,0.7641483283270519,0.07652895119440571
201,0.27103911729345265,0.10670046180390885,0.00019806189233679446,0.49511702377694905,0.12694533523335252
202,0.26626716018334595,0.11649410160115975,0.0002921152642035266,0.5804571557703848,0.03648946718090598
203,0.29772708929531244,0.2678610883715069,0.0006832745755264605,0.3653334351973111,0.06839511256034313
204,0.22871570899510504,0.34476435217061624,0.001989346592325669,0.3617255273784729,0.06280506486348016
205,0.0807005811286014,0.7094209572931073,0.012405326999004299,0.14909959528667718,0.04837353929260992
206,0.09334287178137518,0.49459349280357745,0.0027562466795449,0.3634207004494063,0.04588668828609605
207,0.1046313130680209,0.6036620145383089,0.005276030198345492,0.2520967589682071,0.03433388322711755
208,0.044691924739235965,0.8188712196957861,0.005832299821364545,0.11817890749275997,0.012425648250853506
209,0.0024744576792694426,0.007027411331367833,0.0012824901180055245,0.00047784232030049107,0.9887377985510567
210,0.3864207772980377,0.11512689417473848,0.0008031649411883233,0.0258468168008221,0.4718023467852133
211,0.5445990989869279,0.3282625201100057,0.005557791516458338,0.01637663035935763,0.1052039590272504
212,0.29931536795911057,0.6259834301661468,0.010511150449104922,0.008783399744140196,0.0554066516814975
213,0.12797316443100004,0.829610475781698,0.0024521066902546177,0.03309238353962545,0.006871869557422179
214,0.06610792638921587,0.7678413794968183,0.0029263921977029017,0.15877229755910574,0.004352004357157207
215,0.014094188160593518,0.9331909143181002,0.011789702988172057,0.03493071204088171,0.005994482492252518
216,0.016796483127596313,0.8441048095608099,0.0015795964589010462,0.13340712903379556,0.004111981818897303
217,0.09248716105820592,0.3245904636332136,0.0006195060661255826,0.46313421712983066,0.1191686521126243
218,0.11319575386408305,0.0740581152658468,0.00027754316526644625,0.27201980680769183,0.5404487808971118
219,0.478945306149481,0.08329056815501501,0.00020992475844234629,0.28919130922126485,0.1483628917157968
220,0.6240541166535458,0.20401634069424063,0.0001623028467855535,0.14071178421961617,0.031055455585811846
221,0.21108649750069308,0.6672875294125702,0.000535790590819982,0.08177122498096141,0.03931895751495541
222,0.11270412585595413,0.5647151395035429,0.00926727000869504,0.0944926400363268,0.2188208245954812
223,0.115940362214912,0.13183026448027235,0.00011666566878470251,0.17706516382082158,0.5750475438152094
224,0.038874613050819115,0.042707671248895455,0.00021155469312953478,0.12302469116260627,0.7951814698445496
225,0.15499146937141461,0.4286274768716078,0.001027494635808503,0.21718955490194217,0.19816400421922686
226,0.14131962091818273,0.2057761659173457,0.00040559293115025735,0.0795761581942247,0.5729224620390967
227,0.30559487526747964,0.07930700838800994,0.00030271690390094576,0.560886004284175,0.053909395156434475
228,0.23243947482144336,0.21737772575330935,0.00036255444269934323,0.3166915385339606,0.23312870644858746
229,0.018104172460236656,0.04957313681129291,0.023169045528889546,0.00924904019695667,0.8999046050026243
230,0.4676099497577626,0.047542763402610114,0.0010072359193739207,0.06799616122619537,0.4158438896940579
231,0.6201065271424173,0.15411310593947616,0.010409978100522427,0.030287385417279124,0.185083003400305
232,0.48572437123549206,0.32227769727936123,0.0012412612718306574,0.006625476096056269,0.18413119411725964
233,0.39411375966758694,0.45404440295471826,0.0012227424035842387,0.12328281624605712,0.027336278728053377
234,0.08670717990062286,0.7715204046090799,0.012257309737382727,0.09326353165615492,0.036251574096759616
235,0.12671168832698482,0.6615535454709145,0.008178954810585152,0.19146064386565043,0.01209516752586517
236,0.05302981163243856,0.8776822279781864,0.024135110760057147,0.03715300744692115,0.007999842182396704
237,0.04175536418131234,0.8412078776329207,0.021203872829693365,0.09118755838277814,0.004645326973295306
238,0.0721711934293381,0.8337873765432993,0.0058262435748469635,0.08174129079496423,0.006473895657551493
239,0.05035618605929528,0.8896465712178748,0.023207814958974095,0.030816850937885373,0.005972576825970314
240,0.03393494600365179,0.9276935351139354,0.025653631292593557,0.0063439455312259635,0.006373942058593182
241,0.036550615286562255,0.9171755831618159,0.027952484006037753,0.004513220256602939,0.01380809728898095
242,0.024949774255256775,0.9367381544543785,0.029712437618058536,0.0015754605893584042,0.0070241730829477215
243,0.028573776854475104,0.8950605663284833,0.06511455983481564,0.00209952943160125,0.009151567550624799
244,0.03189166636399836,0.9502918996035205,0.009895070173878385,0.0014161042819076603,0.006505259576695175
245,0.013602750721176922,0.7842723654337531,0.17638598101528657,0.0014599284237610808,0.024278974406022436
246,0.01907029046974831,0.8917670302349634,0.07290184685732053,0.0032154975834333124,0.013045334854534315
247,0.032407616803640744,0.8848999380853088,0.05965771240186902,0.003351754102688606,0.019682978606492884
248,0.027436144388900175,0.9051510564906481,0.052562371162747465,0.002973900269157959,0.011876527688546449
249,0.030360282567189166,0.8519718184272106,0.09404500139513067,0.005790174930101171,0.017832722680368576
250,0.01623367731213119,0.7959035682385972,0.1764979910773718,0.0025664957158047634,0.008798267656095055
251,0.01181174001104365,0.8574002898106042,0.11620558512564089,0.0019226587728990397,0.012659726279812343
252,0.008588386814324285,0.8929272314217523,0.08037165811529284,0.0030146980133548924,0.015098025635275784
253,0.00586695945731002,0.8222624198604194,0.1501734574257786,0.002242235873688305,0.019454927382803803
254,0.0034851927946756393,0.37613245060932554,0.6130036889326723,0.002504269153964347,0.004874398509362176
255,0.016515617932969826,0.9026731199910186,0.061461994742129426,0.013245367290693075,0.006103900043189101
256,0.0311605668185406,0.8831470121608181,0.06659649881634679,0.008879697383835749,0.010216224820458746
257,0.008839411032524315,0.662410008799058,0.3035487924603518,0.00224060673979864,0.022961180968267218
258,0.01207964163077006,0.7780792358117099,0.16780877181144604,0.0019970106488727464,0.040035340097201326
259,0.014424676909413719,0.8562604786390058,0.10862766078587795,0.001733411085746261,0.018953772579956427
260,0.018297224978639757,0.8508859213984326,0.10069753670930864,0.0038665835281548352,0.026252733385464043
261,0.006239427031330554,0.38730486204064024,0.5767228605078845,0.001160728249648583,0.028572122170496168
262,0.00464633999575635,0.671884891178626,0.2970747172443662,0.0010500954490566938,0.02534395613219463
263,0.00786345800615277,0.7617676944011242,0.21054857506525274,0.0012045690162980484,0.018615703511172334
264,0.02032822010283145,0.8446246318952095,0.09097723650885871,0.003267740737433692,0.04080217075566647
265,0.016538246436299506,0.6538756727396379,0.31603279137331197,0.0017507374927147414,0.011802551958035921
266,0.003082083141321406,0.282812604556575,0.70218772154712,0.0005384350683361035,0.011379155686647633
267,0.0019236745083373408,0.13009283820758036,0.8500914518127194,0.0002671106584782583,0.017624924812884645
268,0.004595380456786797,0.5448089468231087,0.43759484623981715,0.000819215931223154,0.012181610549064286
269,0.002321194888241156,0.11358838352623854,0.8724278720941738,0.00024626344740364943,0.011416286043942592
270,0.0011761748972512012,0.044023482623042724,0.9514086644541186,0.00013558261879169606,0.003256095406795663
271,0.0013705236161080268,0.12269888716365326,0.8716139825017251,0.00020185336608101185,0.004114753352432632
272,0.0007381608800298543,0.052626598804836236,0.9368916754176987,0.00018266126961124338,0.009560903627823851
273,0.000603759906549159,0.03334930353199291,0.953691311128634,7.027088592999167e-05,0.012285354546893964
274,0.0022139112611029013,0.36404689542839525,0.615711133859633,0.0003131183715352027,0.017714941079333593
275,0.0007401234506135937,0.04543861097295348,0.9455593571580292,0.00018789621905984994,0.00807401219934382
276,0.001417106201506425,0.09458404021145392,0.8867006261853739,0.0002391130213290475,0.01705911438033673
277,0.00040123335638194384,0.028674778048913448,0.968468924196705,5.189141223493158e-05,0.0024031729857645315
278,0.0004635662077990305,0.045506338143761135,0.9484347278842311,8.50581682436203e-05,0.00551030959596492
279,0.00030561714018576864,0.017353366868247132,0.9799797702066267,5.921239195783853e-05,0.00230203339298266
280,0.0005705120365615169,0.045336823681577584,0.9444845222430052,8.853264344762855e-05,0.009519609395407908
281,0.0005715475085955452,0.03545036670224216,0.956752842607463,6.921364555672921e-05,0.007156029536142615
282,0.0007614980182643966,0.047114684053512795,0.943266418204843,0.00011518884589319198,0.008742210877486736
283,0.0005295482240413186,0.03326852172355962,0.9635037437018182,6.87120333038701e-05,0.00262947431727684
284,0.0005495831531262212,0.040305090030293644,0.9540361334918556,8.985254302939866e-05,0.005019340781695088
285,0.0004175494833880102,0.025384522737705643,0.9696508132277885,7.21992445842866e-05,0.004474915306533538
286,0.0005616698456023474,0.04126918204407894,0.9540464073736542,9.675995538389389e-05,0.004025980781280529
287,0.0005721741904292095,0.03898170358384702,0.9547427150989071,8.565653845133188e-05,0.005617750588365417
288,0.00022566926222083035,0.01620119025153966,0.9811780665737516,4.221757697999603e-05,0.0023528563355081087
289,0.0013151171697783914,0.05278578964471708,0.9330047697515378,9.552119651228737e-05,0.01279880223745453
290,0.0009586818796273369,0.08039094110839651,0.9098957983133074,0.00017130746912142703,0.008583271229547315
291,0.00044427530108315976,0.03435485920995437,0.9431985769661166,0.0001687039103446893,0.021833584612501213
292,0.0007767342890955043,0.03980813383075513,0.9539491575725292,0.00010105703854974345,0.0053649172690706124
293,0.0014290425010313277,0.0342140193273471,0.9549586130587219,6.895728249745514e-05,0.009329367830402242
294,0.0008720681044503213,0.06115565712506589,0.9291418511728232,9.93454680472753e-05,0.008731078129613237
295,0.0005019080233252197,0.022031279617711404,0.9726612132481982,0.0002077363863265523,0.004597862724438787
296,0.0008687475990493351,0.05892657052726914,0.9341591247236147,0.0002004964010632658,0.005845060749003323
297,0.0009089650899232067,0.06310412877019599,0.931864751773212,0.0001224389991195851,0.003999715367549218
298,0.0058014872338873836,0.3350249674380075,0.6393554241955772,0.002071402350125312,0.01774671878240259
299,0.00920611329243999,0.6329488021749817,0.333853044586861,0.009999905081627366,0.013992134864090029
300,0.005632955066884803,0.726298058497102,0.2584729900914684,0.005018084186948071,0.004577912157596589
301,0.007446042412346645,0.8437427775815878,0.13608435012279993,0.0054303008742173165,0.007296529009048471
302,0.011749347828975602,0.8497853278767884,0.12309117678356075,0.003667787059878202,0.01170636045079709
303,0.01960098737614816,0.787650630441104,0.16581579861579143,0.0038741024531561163,0.023058481113800423
304,0.006537144835146527,0.7080712675060705,0.26224186359868357,0.004133706681862839,0.019016017378236633
305,0.04784061676484759,0.04323235715912459,0.006286362866806918,0.0018077298069478765,0.900832933402273
306,0.7469028608190864,0.22464340552223358,0.00232133501754149,0.008338170786237623,0.017794227854900972
307,0.19464041402061572,0.755418585149231,0.0314692658985642,0.002475399564941115,0.01599633536664801
308,0.2204710255901787,0.727028787783107,0.03355062818493726,0.0071020997946023715,0.011847458647174697
309,0.12159238470186934,0.6678407472577117,0.010297589200618304,0.19692143715554614,0.0033478416842545266
310,0.056102345336489834,0.8171263406869705,0.01061424677954263,0.1123192032066433,0.0038378639903537876
311,0.012965670590575924,0.833017333657312,0.11516294569991166,0.03255688219443933,0.006297167857761013
312,0.02462598583726555,0.8511432787302012,0.02998995017381297,0.09129717187441991,0.0029436133843002915
313,0.020540986502384197,0.8908549653996606,0.02112225398983607,0.06435961783496079,0.003122176273158179
314,0.03172149157229011,0.8278772493521919,0.023234430875927376,0.11373235347794892,0.003434474721641602
315,0.0072091018774308,0.9408679777755853,0.021637306895005228,0.02895644064480273,0.0013291728071760359
316,0.028507981815658667,0.864603931655818,0.005180672816703075,0.09976689874938234,0.001940514962437866
317,0.012403560861194056,0.9334586261598334,0.007927878547289454,0.04372772077100808,0.002482213660674831
318,0.017392490759089187,0.9343134559820765,0.027741426522236587,0.0170832249176755,0.003469401818922241
319,0.06048777527292428,0.85017043211316,0.002773128758149636,0.08293126760026118,0.0036373962555050596
320,0.0709232488215966,0.8545282467866289,0.0020505110237478003,0.07006079304364193,0.0024372003243849287
321,0.03329070649436574,0.9285727181618597,0.0040428177526697084,0.03222154386248366,0.0018722137286212577
322,0.06988942958415495,0.8373825636293221,0.01633184587570522,0.06695178019556369,0.009444380715253916
323,0.030722205250076212,0.8346954219245779,0.09495664898588493,0.031201144167283507,0.00842457967217732
324,0.07893392374037707,0.6899981660957347,0.05647398818183965,0.15914284696928854,0.01545107501275976
325,0.025754935275007936,0.7730817273106645,0.13204954750270936,0.06382399120483986,0.0052897987067783685
326,0.05348673798438937,0.02464148721167099,0.0027634593779473113,0.0014721537318857483,0.9176361616941066
327,0.8225660353584676,0.14188089638408555,0.001943721776011369,0.006230605631830846,0.027378740849604535
328,0.3420855805240853,0.5917337468080922,0.03542836572535576,0.005709464699704425,0.025042842242762525
329,0.3963653716079948,0.5294495746209124,0.038593101896164675,0.014088395892817972,0.021503555982110154
330,0.022215849322947737,0.8551265871730053,0.09214649418654781,0.026695781888026467,0.0038152874294724772
331,0.02459189669424574,0.9152249382484289,0.010492093308714097,0.04545611470821596,0.004234957040395287
332,0.023566503761830847,0.8861073683666879,0.019533163607050805,0.06508244560366092,0.00571051866076966
333,0.13049200446109405,0.7020955062996347,0.0013419697003823376,0.14686786089617399,0.01920265864271489
334,0.3138499838851565,0.10827039112389117,0.00018868753339186918,0.08943590616565647,0.48825503129190406
335,0.3741999126032232,0.529565074862354,0.0006978030509634346,0.0787065788545073,0.016830630628952042
336,0.30947096585300327,0.6428392938499528,0.001157569084633175,0.03230602180216174,0.01422614941024913
337,0.23379389734544395,0.620919225970616,0.04251109077890864,0.05891873429442706,0.04385705161060432
338,0.0756099405299177,0.5586083006279466,0.029062529342756566,0.3275281475142726,0.009191081985106401
339,0.06788661241894543,0.22751567333704423,0.018873745261405603,0.6783224014681707,0.007401567514434121
340,0.03316408187099095,0.7362826531778327,0.04087399664940583,0.18155179564270776,0.008127472659062872
341,0.030172670537624378,0.792346343454158,0.01825023830122815,0.15549069715425662,0.0037400505527327163
342,0.06603453198695093,0.6668047629006958,0.046225439958265994,0.20756136231369515,0.01337390284039195
343,0.057114459303077805,0.7485598265696026,0.0934964765995751,0.0966468793693432,0.004182358158401253
344,0.029056408797310636,0.8876551047552086,0.031785713400264835,0.045900847697746154,0.005601925349469648
345,0.026884776801486866,0.7958152202061405,0.12067194840733717,0.050653356856996165,0.005974697728039359
346,0.04489292490334588,0.8485645170537616,0.04855978717427717,0.052294042303944785,0.005688728564670575
347,0.02201219275021477,0.913758495997597,0.02865457092034095,0.03164848144151649,0.003926258890330713
348,0.04386366581396257,0.8866612641389733,0.02274494299459284,0.043321206942171196,0.003408920110300261
349,0.014531762645463584,0.7493086333746563,0.22537165020001382,0.0037811314584198655,0.007006822321446554
350,0.12795303441568348,0.733775046356736,0.012558559444034395,0.11431729956009586,0.011396060223450138
351,0.042753812635195475,0.9146435150763498,0.010276667890786451,0.028130039226805528,0.004195965170862728
352,0.04947623484243345,0.9051662510694343,0.00503562831427475,0.030739544034128496,0.009582341739729133
353,0.028193121170740226,0.9213413584687532,0.015543643475656415,0.028023235037716837,0.00689864184713327
354,0.009142735001520652,0.9475483478034723,0.031714946792410804,0.0021104397609215406,0.009483530641674724
355,0.022255420300166535,0.9045819944826463,0.03900993342223815,0.0036432216596108376,0.030509430135337946
356,0.09966116695560889,0.03456929322418051,0.0006188061266898591,0.008719843954743406,0.8564308897387772
357,0.5276983629417622,0.15634197537648495,0.000787883471792879,0.011600457050759155,0.30357132115920094
358,0.8264122881463144,0.0959393556555608,0.00013620653440977486,0.009495121468964515,0.06801702819475051
359,0.22293305187286638,0.7332345948563298,0.002030078549278655,0.007387975905730315,0.034414298815794796
360,0.24247420596920355,0.7361145807699009,0.002648102172988331,0.009400777090337013,0.009362333997570207
361,0.07299312270984543,0.8965489606718615,0.00472074009900376,0.02103805519123052,0.004699121328058911
362,0.09744592219890393,0.6972046169059233,0.004766370256112234,0.19508556454866272,0.005497526090397721
363,0.023101134213826084,0.9126896047817238,0.019492100881876587,0.041410609699941474,0.0033065504226318307
364,0.013078056946322683,0.9085164976806249,0.02755444432072194,0.04889592645115431,0.001955074601176093
365,0.047158476923138806,0.7817820214190265,0.006854829886394647,0.16183546905488813,0.002369202716551802
366,0.02536516597984285,0.8956741630865862,0.005655732502036245,0.07191627956281221,0.0013886588687227128
367,0.01759751405682065,0.8768120869829411,0.022664914436030494,0.07934779693507132,0.0035776875891363807
368,0.017640969660104335,0.8256075990839455,0.0162118933860715,0.13901796355515758,0.0015215743147209792
369,0.02579942007618521,0.6638842879501063,0.20666051424079263,0.0949928229116868,0.008662954821228966
370,0.03227126302754974,0.8796892158122603,0.0187213208487801,0.06428806358702321,0.0050301367243864165
371,0.0478738892869402,0.7379970168660667,0.027953001825146134,0.17536097048561333,0.01081512153623375
372,0.07235477390648545,0.7547903872513305,0.014256686610580592,0.15054269985856106,0.008055452373042294
373,0.044394125320392594,0.9042147215091353,0.007381592881535317,0.04092032267686574,0.003089237612071058
374,0.023009527811501878,0.919810495089192,0.022529858480172173,0.03234713701921397,0.0023029815999199284
375,0.012669185120011998,0.9301788194234928,0.028600217115455764,0.025274148240046868,0.0032776301009926757
376,0.02887875038829741,0.9247019757344849,0.0018781052430071232,0.04199731934611169,0.0025438492880989617
377,0.03823537428566277,0.9015054756954964,0.0035453300160655913,0.043474233017996494,0.013239586984778845
