epoch,N1,N2,N3,R,W
0,8.720690625544682e-05,1.4495219319754297e-05,9.001310217325226e-05,3.8049398238205876e-06,0.9998044798324277
1,0.00034024797005184415,1.8375199322056198e-05,1.4252973155296864e-06,8.050613879985376e-06,0.9996319009194305
2,0.0001911375502731675,1.5499055071382078e-05,1.262534720968326e-06,5.08600416104322e-06,0.9997870148557734
3,0.003897949774395859,0.00016387080614402202,1.585791248274544e-05,5.743470216161539e-05,0.9958648868048158
4,0.003986156601764423,0.00013027855519524378,9.318979469577825e-06,0.00011629590599894246,0.9957579499575717
5,0.003700977900929131,0.00022242667005410507,1.2619537710573622e-05,9.236775483593308e-05,0.9959716081364702
6,0.001767220830954701,0.0002479964539916284,2.523086172398969e-05,2.827454237691088e-05,0.9979312773109528
7,0.00426851991842229,0.0005502404821405659,1.7139883248749472e-05,0.00015771362678267863,0.9950063860894057
8,0.023402844973473946,0.00209121264283537,1.3264665073243652e-05,0.0001512070525136657,0.9743414706661038
9,0.08510066016502311,0.010473195050746557,7.514356193458856e-05,0.0004723548925274517,0.9038786463297682
10,0.11830729130236198,0.009813882731553926,0.00027367218263809045,0.00031127614987765085,0.8712938776335685
11,0.10620549022188541,0.013855093232673043,0.0008173976058835137,0.00045311654081166383,0.8786689023987463
12,0.010114586437959061,0.000845247711703109,5.651659864740104e-05,5.682677552688114e-05,0.9889268224761637
13,0.06381893442332313,0.0057677466887794595,0.0008048952434225758,0.0002029850521214105,0.9294054385923535
14,0.053474819462947853,0.015472984813543667,0.0004897048672547113,0.0005614091346410533,0.9300010817216128
15,0.1353437779058463,0.04160565167206508,0.00048130990417513474,0.0010055017884481234,0.8215637587294654
16,0.045949123029483604,0.03546340631339229,0.0007309368948954129,0.00041179134490871373,0.9174447424173199
17,0.1988912151260002,0.060650665296763884,0.0009319172439137196,0.0009568683684653402,0.7385693339648568
18,0.08547410832844773,0.2885470668839166,0.006600953760605114,0.0012671368569751357,0.6181107341700554
19,0.12897574219684899,0.2391628050205104,0.0030157673590699243,0.003129818423730795,0.6257158669998399
20,0.020977420024199635,0.6742769048206074,0.020296337911446038,0.0011865773303445229,0.2832627599134026
21,0.057015803736269646,0.16354401015815728,0.007777048113597627,0.0020112881853748266,0.7696518498066007
22,0.028413496890234837,0.19013782071497426,0.0028707588162814944,0.0008221131579103713,0.7777558104205992
23,0.04465229896829248,0.4577263993979565,0.0028601918137436855,0.001388579644093868,0.4933725301759135
24,0.06876906672958463,0.4476459561470397,0.001405742397732361,0.0014710657573977987,0.48070816896824553
25,0.0018667114468845741,0.001999916606760277,0.00046178469645406333,5.778002383449635e-05,0.9956138072260666
26,0.07247286189514866,0.01682389029544648,0.0001705566311868202,0.0007342563832358413,0.9097984347949821
27,0.085657489099011,0.03672836219678299,0.0018178887734572524,0.0006781412781490887,0.8751181186525998
28,0.09832183325882639,0.40759694759569953,0.006255632254753129,0.0008830251013628852,0.48694256178935813
29,0.14584109440188348,0.15297211809019232,0.0014813836179770245,0.0004074221473751184,0.6992979817425721
30,0.08262720143957564,0.8079723029980691,0.00814903023311571,0.0014534947550786804,0.09979797057416089
31,0.07627050073122608,0.4938356472053894,0.0403429181928433,0.00221239065361858,0.38733854321692257
32,0.08693067847811108,0.8068451858821372,0.023184556589113402,0.0025048208320769248,0.08053475821856135
33,0.09380740376326087,0.773680400611324,0.0035576757240777406,0.0014270982138567803,0.1275274216874806
34,0.19838436428972892,0.6274127182742656,0.021150251581361447,0.007588132197416181,0.1454645336572277
35,0.0946453898047245,0.8136924162327758,0.003930746971382967,0.0017034002241860312,0.0860280467669306
36,0.18574957873891257,0.704652115800502,0.0054293533535933625,0.002128681733378108,0.10204027037361396
37,0.09495601972774473,0.8173979348998395,0.0151177338950492,0.001984421659093523,0.07054388981827286
38,0.2024446263810979,0.5240426154248478,0.07640831272493381,0.0012713571628504864,0.19583308830627014
39,0.08201308030893244,0.5880817804168684,0.23715950011115655,0.001220322430805061,0.09152531673223754
40,0.04680416551652912,0.7241540339666308,0.18073460836715913,0.0014232041872762095,0.04688398796240482
41,0.09116133204542022,0.6501088994084717,0.2039233330404986,0.0019726260453678318,0.05283380946024173
42,0.03298755258713508,0.5626190194356663,0.3411198882075465,0.0008918227182249951,0.06238171705142709
43,0.14952164976904456,0.557798016235876,0.20717592258570086,0.0015405077953956968,0.08396390361398284
44,0.0472992932653475,0.3791776408379672,0.5221508559265088,0.0005141624741619314,0.050858047496014636
45,0.11216661351809373,0.27378529087306236,0.423097932185607,0.0054353773066308925,0.18551478611660607
46,0.0033167420998527182,0.07033006472572884,0.9169025035990418,4.609386959584493e-05,0.009404595705780628
47,0.004475391747214772,0.06708166770637397,0.8950521272806706,9.198397759399538e-05,0.0332988292881466
48,0.016636404689717447,0.13862315363314112,0.786558150639992,0.00028442704241907256,0.057897863994730465
49,0.011148841290605404,0.09139365409251421,0.8696071409890457,0.0003446770632522194,0.02750568656458264
50,0.07326344767234216,0.21760953567851188,0.5359432465056336,0.0004123820208210349,0.1727713881226914
51,0.03275004941032774,0.10639727263641079,0.8084734723405695,0.00017013238695083122,0.05220907322574114
52,0.027548219156673628,0.11640031888973519,0.7617020763660259,0.0007890013189443569,0.09356038426862082
53,0.013084843474982481,0.0976610601094373,0.8638364522490724,0.00015016596890170454,0.025267478197606212
54,0.016248713081526762,0.06336987636188195,0.8952921201576971,0.00017137939557341643,0.024917911003320883
55,0.00486778325759167,0.08702720916706,0.8955069378494511,5.956327363579198e-05,0.012538506452261306
56,0.005929146430504474,0.02878920164068501,0.9596793833757763,5.100897244359538e-05,0.005551259580590546
57,0.004592122192680152,0.030137145168695863,0.9606940214344111,7.006244291626961e-05,0.004506648761296572
58,0.005639167617348073,0.023913756779963408,0.9640959166523752,0.00023973305377620327,0.006111425896537238
59,0.0020906691432964163,0.018635343511210038,0.975712598074002,4.6288483014088424e-05,0.0035151007884774593
60,0.0005217703674954457,0.012109591629857072,0.9850975110030674,1.586707784048791e-05,0.002255259921739511
61,0.0010886221302092154,0.02898845845020574,0.9676140127825729,9.964975378635901e-06,0.002298941661633786
62,0.002024191397971348,0.024084086286469627,0.9686888247535443,3.2666030053917344e-05,0.005170231531960688
63,0.00017961992395001494,0.008899792564532388,0.9894574292169064,5.811447917248407e-06,0.0014573468466938615
64,0.0015005700432574273,0.02585600291856781,0.9692797145625585,2.0635350291178295e-05,0.003343077125325176
65,0.0010400808423932698,0.021229112072577886,0.9743611049123084,3.010379250382188e-05,0.0033395983802168303
66,0.002087907205121144,0.09477151215643405,0.8942478192059649,0.00011076145823378958,0.008781999974246111
67,0.0002877822658604548,0.009590537606428839,0.9863475698258226,1.540475557539609e-05,0.0037587055463126637
68,0.0003134956348477906,0.02636750237175467,0.9719535506223633,9.078444555175263e-06,0.001356372926479194
69,0.0002622997094975798,0.022137861561764085,0.9757561057524184,8.983462129896892e-06,0.001834749514190183
70,0.00031040947630785887,0.011873580469125754,0.9867036794431949,1.065305661603443e-05,0.0011016775547554002
71,0.0007546562312278387,0.02088775298920872,0.9768217460707298,2.1055779156522553e-05,0.0015147889296768895
72,0.0004093205467291037,0.012770715952848665,0.9855096506079271,1.5056419404055123e-05,0.0012952564730913585
73,0.0003846929576184881,0.009933947991458072,0.9881833342817907,1.220926414174868e-05,0.0014858155049908971
74,0.005178572194531743,0.07889674972905748,0.9115511348365174,6.537542791902585e-05,0.004308167811974462
75,0.00029939620072891255,0.011829155457915384,0.9870152491303656,6.8753966523006836e-06,0.0008493238143377651
76,0.0003638107059113328,0.011631465374452823,0.986719922767212,1.4161787778762056e-05,0.0012706393646450356
77,0.00021284844951308294,0.011870852145277404,0.9867763168460053,7.405805196599278e-06,0.0011325767540075753
78,0.0005929599300132015,0.015010132786874932,0.9829875030275982,3.785336115741575e-05,0.0013715508943561484
79,0.005346712368619192,0.048775456563880284,0.9409682673736071,0.00011478047107273054,0.004794783222820601
80,0.0012026329490538452,0.03007152835100791,0.965215411096946,0.0001488646716351891,0.003361562931357102
81,0.010908793423079552,0.08801650821103514,0.8871609068303388,0.0009033906887112794,0.013010400846835163
82,0.006802822004316673,0.11086276502188641,0.8555403909694447,0.000846707822922521,0.025947314181429624
83,0.006120347580267278,0.043834896286467286,0.05675524239082624,0.0007824436681168746,0.8925070700743223
84,0.008006083226868962,0.037359835083994604,0.006312456455538979,0.0019541114541651717,0.9463675137794324
85,0.05504768574318951,0.06316682430894194,0.02570671188629172,0.005178543892024446,0.8509002341695523
86,0.1538233334002106,0.1052114566740607,0.01994741371480458,0.00699274909651876,0.7140250471144053
87,0.032049496315129655,0.08187523877213558,0.011071615263904627,0.0027999360320456234,0.8722037136167844
88,0.06726412679064867,0.055585864335841645,0.000817546717688527,0.005521961614171102,0.87081050054165
89,0.1015664369945971,0.21696542191233661,0.014229104940090654,0.0031077948645766686,0.6641312412883991
90,0.19910711428690847,0.632752172775414,0.030848677186101528,0.001236085186498679,0.13605595056507738
91,0.17428226562594407,0.5406239068978804,0.005382573750477804,0.0014358641022729388,0.2782753896234248
92,0.04263589749814752,0.8521995835063442,0.0422924322388091,0.001007770664446389,0.061864316092252736
93,0.04860029483591444,0.7786135352614219,0.15922904046895983,0.001734712888802081,0.011822416544901702
94,0.025274185074860962,0.7891555929554518,0.17151640560447157,0.0009766974658267532,0.013077118899389005
95,0.009810086141940472,0.8138657775371624,0.16844379401609894,0.00024431870159863595,0.007636023603199522
96,0.0030598299760603246,0.45982130459721693,0.5337722252767563,0.00015517272129273753,0.003191467428673737
97,0.010802259488968464,0.5323035628426342,0.4513526419956797,0.00024278314924684226,0.005298752523470765
98,0.004696076671601849,0.3846834481038173,0.6061444884871983,0.00017693022924866283,0.00429905650813381
99,0.010352109486923595,0.3499967231888504,0.6371681738011804,0.00025003129514349916,0.0022329622279021657
100,0.005084536621976379,0.2517743188440189,0.7409414917251288,0.00016751303383049737,0.0020321397750453795
101,0.004085208892681526,0.14688066398888638,0.8478594924545363,0.00011131279323306908,0.0010633218706628306
102,0.0013084050122871209,0.0665240124108517,0.9309604100850393,4.542877161848665e-05,0.0011617437202034806
103,0.009068337111718653,0.13286682648791795,0.8562400743161036,0.00017294894548684737,0.0016518131387731768
104,0.0012961994212000387,0.041251866734595376,0.9560794721156061,0.0001501342265543514,0.00122232750204418
105,0.0023784296355443464,0.05735613390364323,0.9390821972053671,7.884613023549323e-05,0.0011043931252096295
106,0.0005929287601777615,0.05837349567198195,0.940157630295956,3.598048455899302e-05,0.0008399647873253276
107,0.0008346702917497371,0.0602617295202662,0.9379540456435107,2.9397605466203073e-05,0.0009201569390072156
108,0.00028555483922235235,0.02616731415871545,0.9729512252528588,1.994626397135379e-05,0.0005759594852321146
109,0.0012072073421157683,0.06194090710932052,0.935835254670083,6.87460993340704e-05,0.0009478847791465216
110,0.0009617499678029833,0.04470050126301962,0.9534000126476037,3.356760883273684e-05,0.0009041685127410415
111,0.0014006300537910098,0.033102906699227566,0.9644786914599957,3.7119100009795504e-05,0.000980652686975934
112,0.00015633976334453807,0.029138847730451882,0.9702358653695821,1.0580357337921162e-05,0.000458366779283562
113,0.00029666236655102114,0.020840162317400462,0.9781557511619056,1.6490685763198075e-05,0.0006909334683797442
114,0.0011791599014070204,0.02663067888308494,0.9710782868484823,4.271270169997247e-05,0.0010691616653256773
115,0.0031209996488148644,0.03734196047387711,0.9515582760276743,0.00032600586684656375,0.007652757982787201
116,0.005999089123175349,0.035340216057795006,0.9503239833170194,0.0006265832050525038,0.007710128296957684
117,0.005332113181379445,0.07313425480087354,0.9107934541557179,0.0009216514833758134,0.00981852637865346
118,0.006020515991169197,0.09320891858826148,0.8785213105897268,0.001249047503075675,0.0210002073277669
119,0.002418410205157541,0.055149877480157684,0.9156087031603052,0.0006903609990290332,0.02613264815535073
120,0.009273997414672558,0.07012190734322528,0.2597543024092988,0.0011995592209239079,0.6596502336118796
121,0.004186135765267925,0.001916952642472533,0.0003987061048846015,0.00036819771360722714,0.9931300077737678
122,0.007285012421890473,0.011809761647776031,0.0010856477443980778,0.0004921218141678349,0.9793274563717677
123,0.05351339120725903,0.04160697962431123,0.006522273927217745,0.0008809642320556801,0.8974763910091563
124,0.02065805471999256,0.030991367960244362,0.0032066785432674338,0.000426989093566512,0.9447169096829291
125,0.04320104044389022,0.055160055302094835,0.009753293854936425,0.002547616645421807,0.8893379937536567
126,0.04184123014732592,0.45617673011713133,0.05512092447426429,0.003390258765500012,0.4434708564957784
127,0.12685359118230188,0.6200431201500017,0.02116268361797631,0.0059857162658260125,0.22595488878389386
128,0.050275173527051194,0.7969254932722698,0.12859402465120381,0.002138252135854448,0.0220670564136207
129,0.036046938267752016,0.8285439880753068,0.07181859876533553,0.005702770615279004,0.057887704276326495
130,0.08134439263392385,0.817605658655753,0.05772390394724715,0.0029159588597546136,0.04041008590332139
131,0.08557455349613051,0.8008419571667761,0.04007690195705401,0.0042707760988862885,0.06923581128115311
132,0.10465590590443818,0.8250980599813311,0.03733808645882333,0.0056173199627209585,0.027290627692686316
133,0.030738778639548277,0.7372655870658559,0.22302049339345348,0.0015494613417275122,0.007425679559414835
134,0.11914671231932898,0.789564536523359,0.05190705109634078,0.008281324425438545,0.031100375635532532
135,0.013044429589644864,0.9369477333514643,0.03788210904364538,0.0034172276899806565,0.008708500325264781
136,0.04438290218230541,0.8281845515528464,0.09763169043938111,0.018970675735941554,0.010830180089525502
137,0.01332738404818997,0.8547865308477932,0.12228777796994578,0.00493729696193431,0.0046610101721368405
138,0.008281577603639925,0.8878420496138033,0.08927452835402609,0.004143586592502029,0.010458257836028507
139,0.022826762342653344,0.8044918731677898,0.15501776404901849,0.011891602764783448,0.005771997675755015
140,0.015498979966239399,0.8188138687641128,0.14854590138005777,0.011225020367083605,0.005916229522506475
141,0.05154390314769961,0.6737037524157652,0.04442237523322719,0.009259862032856399,0.2210701071704517
142,0.12911902265272945,0.7693980454586276,0.015782811549246226,0.03184258026896401,0.05385754007043284
143,0.05331136337730287,0.9112162110373521,0.024267197687552935,0.005148323254410687,0.006056904643381431
144,0.23546112125070826,0.6909917084918517,0.0032685433396621847,0.008068407118149169,0.06221021979962886
145,0.10472306811592709,0.8620578522428399,0.018640076896621026,0.005201729416117683,0.009377273328494336
146,0.06467337593733234,0.9077091845618459,0.013640460828876558,0.0064055791410186635,0.007571399530926642
147,0.018947640593717136,0.9397223371203666,0.03383462724628324,0.0061375513476832,0.001357843691949554
148,0.04191737407841642,0.9114879610521767,0.03204776205220442,0.005116559499200317,0.009430343318002347
149,0.02301469230720316,0.9000428364293339,0.07016773037239714,0.004536721804959755,0.0022380190861060567
150,0.02533268361706001,0.9559455322371684,0.009386476296168653,0.00515162627700855,0.004183681572594436
151,0.04799246620876624,0.8823002718144813,0.05412580918410371,0.009237618754733428,0.006343834037915245
152,0.044825276876979736,0.9042499285913504,0.03205327947199754,0.010667988235846183,0.008203526823826003
153,0.012752210298757725,0.8043926965583801,0.17326986068610392,0.005017817113677345,0.004567415343080729
154,0.044909742358283405,0.6691202764287503,0.08846981718511918,0.011009135602947261,0.18649102842489987
155,0.18222550444086444,0.576719275902321,0.020674540450632307,0.039030240062534506,0.18135043914364776
156,0.09914332312509805,0.8224581336390808,0.014176497751816453,0.018209056795511443,0.046012988688493316
157,0.23412081870950144,0.6090176046974108,0.004690522936388854,0.012948471224237293,0.13922258243246158
158,0.3081136483913921,0.49427864979090846,0.0030118782519603644,0.0063425489161640855,0.1882532746495751
159,0.13276862616023408,0.7544836114952915,0.010256254124607423,0.007569877865408069,0.09492163035445868
160,0.05853650194174203,0.8879704631029983,0.027959636275729498,0.0023235212245249085,0.023209877455005405
161,0.02280162240356785,0.8979671988629586,0.05038312569853644,0.0016416318803440147,0.02720642115459299
162,0.11560413552856733,0.8031984775806933,0.022351574956160223,0.009684560334195133,0.049161251600384065
163,0.02453874503809818,0.7625255112933793,0.2007561180545119,0.003127572724621099,0.009052052889389617
164,0.0220097983720125,0.8649354302426078,0.10098764859881912,0.005945333086414755,0.006121789700145891
165,0.017446408033445188,0.5203810120063258,0.4543084339666543,0.0024980484272729216,0.005366097566301787
166,0.011197785264909459,0.7485679124710418,0.23000389030233068,0.002921135032401643,0.007309276929316417
167,0.03028473333546633,0.8605417575913812,0.09787151441143846,0.002351799255222479,0.008950195406491439
168,0.02455273409457849,0.8446319757461768,0.11796202519911735,0.0028074356876401276,0.010045829272487225
169,0.010292872902550904,0.7973728489995309,0.1867959782837585,0.0029666517184425137,0.0025716480957173136
170,0.03530086489844475,0.761525766558827,0.19518914117515765,0.0035488096031331077,0.004435417764437581
171,0.012243979694511117,0.440658000268196,0.5437018876406753,0.0014980529961082872,0.0018980794005092915
172,0.005426607870151791,0.625038172899493,0.36573388198576784,0.0023882265828778708,0.0014131106617094847
173,0.01732128053420924,0.6874356519642162,0.2891878007178788,0.004107581489086431,0.0019476852946094946
174,0.019173832659318518,0.4021253075183249,0.5584592707860171,0.013142742435582324,0.007098846600757102
175,0.008562081653920407,0.7089393320915157,0.272418339899996,0.006194259561405086,0.0038859867931627023
176,0.017105328423195662,0.5410667095548242,0.40982201415465697,0.02963412937103534,0.0023718184962879633
177,0.00686931245807573,0.6748628393059614,0.292367793315097,0.02358395985861608,0.002316095062249778
178,0.02942990628942735,0.7803112163790058,0.17423951444078065,0.012428169350817643,0.0035911935399684345
179,0.008887985787649526,0.8504171820468108,0.12028945460671564,0.017838698433302328,0.002566679125521709
180,0.020500825251658188,0.7857362256769247,0.16742705912177253,0.022350490638517743,0.003985399311126939
181,0.03795050360385868,0.5641277938444647,0.0736995039602349,0.03137641687243862,0.29284578171900294
182,0.09642842506553984,0.8294778652816465,0.00752981763692933,0.016394059789937743,0.050169832225946766
183,0.11964716989198454,0.8068813160357395,0.018410449271983837,0.007359437146336712,0.0477016276539553
184,0.16346324563101738,0.8039786078582616,0.0038961898866180502,0.006494298864826211,0.022167657759276857
185,0.021519917515536457,0.8427802484851012,0.12955033630418228,0.001960467133444329,0.00418903056173563
186,0.06602509050656406,0.8885258239315545,0.028340370158259624,0.0034642888526996312,0.013644426550921795
187,0.009813387022071506,0.9349279560588054,0.04811819045778492,0.0029258868880798782,0.004214579573258095
188,0.006737330020056455,0.8462198641052209,0.14046209699605416,0.003481650276433194,0.0030990586022354655
189,0.010683189164904157,0.8587903114891698,0.12269496046121382,0.0038057435819054694,0.004025795302806847
190,0.008299826577819103,0.9347595195586307,0.04777179965261827,0.006799842963354659,0.0023690112475774163
191,0.0048708116502963065,0.7990203959121656,0.19269453580828505,0.0026465867180122684,0.000767669911240758
192,0.018605511332251374,0.7619225874303482,0.16752758905216034,0.022422085047861293,0.029522227137378582
193,0.06061996028463655,0.7683614875796183,0.01450310250166699,0.018541126819161213,0.13797432281491687
194,0.012752824225556118,0.9123116485387002,0.04485136503782451,0.007329097402480802,0.02275506479543846
195,0.015249335249525339,0.9472341418239195,0.018978516763736377,0.002843870304382665,0.0156941358584361
196,0.011642124610901704,0.9547236781072761,0.029501418212685045,0.0018816555782173428,0.0022511234909196242
197,0.006692183900102393,0.7731357362136809,0.1702986776397885,0.0077033833264991275,0.04217001891992902
198,0.0162644945948119,0.8875715502013045,0.040776449926303804,0.010661236224010958,0.044726269053568794
199,0.10005967853457245,0.08009415146147666,0.00043827475638296196,0.07868945159334712,0.7407184436542207
200,0.21090105951731125,0.4978589329685928,0.0017300329434143964,0.10918105875082508,0.18032891581985652
201,0.0948026582157697,0.8190727097005976,0.005516260366274964,0.0334419010565284,0.04716647066082912
202,0.1766961042957379,0.4953448544086155,0.0006593572121571876,0.06342176379032138,0.26387792029316826
203,0.12469988973153844,0.6835904567504844,0.0068727602596235,0.12185578438835716,0.06298110886999639
204,0.010787528134477342,0.9155790860380812,0.023322282592435992,0.04582929405135084,0.004481809183654745
205,0.14489917469835314,0.2076795065005884,0.002375978336396223,0.06037514087238045,0.5846701995922817
206,0.22269109446456753,0.14516230811902173,0.0015288958745298114,0.26618465054418267,0.36443305099769835
207,0.04598420144791709,0.6471228840665005,0.0027854618541578954,0.05524699006392502,0.24886046256749964
208,0.11794659794986283,0.49541885739892066,0.0010876125612632108,0.1550410115147591,0.23050592057519437
209,0.20955159893715342,0.1629163393252182,0.0006857110271599806,0.5155303802258777,0.1113159704845907
210,0.10183965719394318,0.10459263030284836,0.0009126992175134867,0.16486640013967768,0.6277886131460173
211,0.041469799615876435,0.016163902878321902,0.0001541304905895129,0.05785587227152432,0.8843562947436879
212,0.022435960195263154,0.003030170518024813,0.000347496169973359,0.04627414337536297,0.9279122297413758
213,0.15454112125599218,0.029398872648756052,4.588375966424818e-05,0.3322939343637763,0.4837201879718112
214,0.08244679490617705,0.016637693901152408,0.00011367749522658073,0.07782327660265363,0.8229785570947903
215,0.0930163002300092,0.01934587304413553,7.267348723272023e-05,0.40956738222240574,0.47799777101621665
216,0.1534079429689203,0.017452459687342818,3.310250491914361e-05,0.5112688846525291,0.31783761018628875
217,0.09982243196195112,0.06438422635592424,0.0001006597266708733,0.694184963358223,0.14150771859723074
218,0.08362087129726269,0.030551774021478663,8.022066662113016e-05,0.40833094361523714,0.47741619039940036
219,0.1389347043568959,0.04620932670701916,8.045033593845477e-05,0.6430901598489898,0.17168535875115676
220,0.15997293243877625,0.029368792569091424,0.00011350700510154864,0.5942255658396718,0.21631920214735903
221,0.10022669089315514,0.018107627335154586,0.00017058248275034923,0.3151030788938968,0.5663920203950432
222,0.07708189573133215,0.014457987118020174,0.0008069668043546445,0.39437095840086267,0.5132821919454303
223,0.0327209211156299,0.00743790719514303,7.518978836636422e-05,0.5519022337406103,0.40786374816025034
224,0.0764893968687127,0.023331600847849573,0.00012385902564389465,0.7972077507343852,0.10284739252340852
225,0.12986763493161746,0.016676140005009343,3.750216222223831e-05,0.7749372937397003,0.07848142916145069
226,0.18224912417457814,0.030576931326920593,3.538808457450736e-05,0.7105923814573516,0.07654617495657524
227,0.25592356858963733,0.0473295428049817,0.00010431391332411084,0.4371543590267157,0.2594882156653411
228,0.2149049939477708,0.03521141114401731,4.490348493600012e-05,0.6939681374243692,0.05587055399890675
229,0.15334754151585733,0.06484833834042883,0.0002140026885905433,0.6541104627389461,0.12747965471617706
230,0.16171064882205569,0.029919388482870447,5.001581931037141e-05,0.7624733829819352,0.045846563893828365
231,0.1191715217069015,0.03505884085455859,0.0003480527442560196,0.4720673355133598,0.373354249180924
232,0.14850962205910154,0.010690720169921782,0.00010114318214899404,0.37797906750320664,0.46271944708562096
233,0.2841209121226717,0.1553360007927738,6.986813004767548e-05,0.35743051473871046,0.20304270421579637
234,0.308442230062806,0.06634457766159721,3.705156629763869e-05,0.4901135157585619,0.1350626249507372
235,0.2244282800841667,0.0650216533063695,9.643913826497697e-05,0.6678654373615159,0.04258819010968275
236,0.27134280232713476,0.1028951139022832,8.462396619965385e-05,0.38529913803982946,0.24037832176455295
237,0.3005641074820961,0.01957614660291324,4.6061519410323574e-05,0.2896049394940706,0.3902087449015097
238,0.19964214603139513,0.08938926829386666,4.949578651552194e-05,0.5139568236469529,0.19696226624126967
239,0.18592906785130514,0.05615951036186757,2.7568243616858553e-05,0.36169822521599165,0.3961856283272187
240,0.12210674452390145,0.042164312161092656,2.9328470961207784e-05,0.31211793538017857,0.5235816794638661
241,0.10125811690093711,0.006715390688155636,9.072523605350196e-05,0.042578304187381115,0.8493574629874725
242,0.050298440797156584,0.0017326725125383746,9.670852858693519e-05,0.06340794758721831,0.8844642305744999
243,0.00805326815892119,0.0009310339507526025,4.8543694111460426e-05,0.014464711754202383,0.9765024424420125
244,0.038259555694080294,0.002895636125781509,2.07958274104844e-05,0.032536633074734096,0.9262873792779935
245,0.12557711046831016,0.023088752498802108,0.0003642866072392136,0.22200929891221666,0.6289605515134319
246,0.24417858962443711,0.04220453204482642,0.00010356078575811847,0.4848639939213603,0.22864932362361812
247,0.1827084018658912,0.013142475975302867,9.819882559096956e-05,0.12013395394305969,0.6839169693901552
248,0.11363188528482512,0.011364192949724631,5.673911493180601e-05,0.0902667071474174,0.784680475503101
249,0.02562914961180801,0.00424233633505315,0.00037617295073594,0.08234690154563302,0.8874054395567699
250,0.1812432852019581,0.015606775983759315,3.5613513934453574e-05,0.5953382214476055,0.20777610385274267
251,0.09087483010665129,0.017616421931532022,6.985370409091346e-05,0.3978374644599179,0.49360142979780797
252,0.1251610132190234,0.008291658520683134,5.6135994042625947e-05,0.7279195678745338,0.13857162439171705
253,0.14495503724030576,0.01956322142440113,3.2953452259257857e-05,0.7218942367104678,0.11355455117256592
254,0.18556529237293032,0.020120960146639163,3.6527724050347244e-05,0.5564139462550415,0.2378632735013387
255,0.10557181647894022,0.013126769612268415,3.644442124342291e-05,0.3508899820511979,0.5303749874363501
256,0.0854749728199153,0.009771185846258173,8.151173801486806e-05,0.5542306985689299,0.35044163102688175
257,0.10529766015339802,0.007893954653948302,4.000267792746897e-05,0.256394418713767,0.6303739638009591
258,0.16494659663609026,0.008755598713688771,1.1059293089000881e-05,0.7361696562463497,0.09011708911078226
259,0.209166851143854,0.008534695290699721,0.00012660080062139648,0.2708291464553993,0.5113427063094256
260,0.09255320618427745,0.007182539171155543,9.555026975465609e-05,0.21462850268757278,0.6855402016872397
261,0.14484168528033617,0.011972266943370622,4.886122295161889e-05,0.7359577115879342,0.1071794749654072
262,0.10773987772751616,0.012863267911258367,9.491762736933733e-05,0.3666731544861837,0.5126287822476724
263,0.14792026711238557,0.014155086105837794,8.509758854053086e-05,0.47280247928729396,0.36503706990594226
264,0.2077267085180406,0.0342415391268637,8.393609706497936e-05,0.5227911074946312,0.23515670876339956
265,0.01962915518073784,0.001744791111135878,8.050403847337841e-05,0.017890247314157223,0.9606553023554957
266,0.22671065477398944,0.014894582536303378,8.454665002681337e-05,0.38581834963012807,0.37249186640955234
267,0.028737894752861474,0.0023470633360766465,7.809128195985974e-05,0.015545836156609972,0.9532911144724919
268,0.05918412639854709,0.004302326147898574,8.999479051808798e-05,0.018479939426063508,0.9179436132369728
269,0.18638554965083456,0.01173125729701644,6.941390541440904e-05,0.22549961870913848,0.5763141604375961
270,0.24759651017699272,0.018205121024714457,0.00015017730394370238,0.2412605580537235,0.49278763344062565
271,0.39355309437438013,0.010958315603724827,0.0002142613285342823,0.07926764731680415,0.5160066813765566
272,0.0053931315679662814,0.0014622927192769375,0.0008760666865900881,0.00087221732812517,0.9913962916980416
273,0.36679157195052886,0.015079548155343372,0.00015740164194797128,0.04339990661356529,0.5745715716386145
274,0.31989906421284675,0.08022998386943513,0.0010972794606366849,0.0319972097576164,0.5667764626994651
275,0.0855268440731687,0.032022618409084214,0.0009892469878371281,0.008710032759804276,0.8727512577701058
276,0.1783413614927679,0.349245073367409,0.004752530547480803,0.04465877434894643,0.42300226024339593
277,0.44050784673539395,0.17222465279975305,0.0005606795192446448,0.3343844019932194,0.05232241895238894
278,0.1582717348065027,0.47418589336063177,0.003831697031339671,0.07712803993568605,0.2865826348658399
279,0.29701692317021133,0.3296624461574948,0.0008928437175350693,0.3261672199048488,0.04626056704990993
280,0.24965007256915653,0.5849005331980217,0.010140538799126101,0.07529541279311129,0.08001344264058437
281,0.22146439611205895,0.3524101729616957,0.0037122513756551205,0.11342732064241476,0.3089858589081754
282,0.05235578083435571,0.8139447063562194,0.0021673437754284176,0.10531173182134086,0.026220437212655653
283,0.08004217784099735,0.7850441383055372,0.0020750708050354372,0.052882621950622224,0.07995599109780774
284,0.5518319526753185,0.25898434017219657,0.0006230805729802637,0.1070788020273521,0.08148182455215267
285,0.20005248062955294,0.6979953138659896,0.015754225792558793,0.02093119133312982,0.06526678837876894
286,0.1180223156905996,0.7670224902825903,0.004745188335394397,0.009349055278759415,0.10086095041265643
287,0.07266182293882474,0.884675506840831,0.0028570578544642226,0.007012743050050645,0.03279286931582934
288,0.17626988621301296,0.6446490821729837,0.0028652248432590914,0.021508674103842388,0.1547071326669018
289,0.12562703336982403,0.8063311605762922,0.0014315700583214567,0.018483384565864944,0.0481268514296974
290,0.06861584265968912,0.8750308433067933,0.0028692255644582605,0.004283245921310364,0.04920084254774911
291,0.2256092385500897,0.7355063838032014,0.016217476699420648,0.006254173542719603,0.016412727404568513
292,0.1261066311469996,0.7922818172794104,0.0032450280815517433,0.019319661761749075,0.059046861730289266
293,0.015566015430059246,0.9614404751089514,0.006382818680019316,0.0057980880877039525,0.010812602693266208
294,0.037267837762418536,0.8798619125100381,0.05732756705324205,0.011077397625158934,0.014465285049142528
295,0.1003185847936336,0.7308689939466912,0.1301877601230425,0.00901517327370616,0.02960948786292636
296,0.01986308646514732,0.9475538522317963,0.015599221392349752,0.0032228908478317653,0.013760949062874913
297,0.011494566986596814,0.9454674322460306,0.03939193537293276,0.0008926383778494543,0.0027534270165905225
298,0.023217778050852008,0.9381088628181188,0.03414217227024638,0.0011508864415117374,0.003380300419271115
299,0.01620704901579785,0.8776761095334887,0.09923842411811169,0.0016650388062916044,0.005213378526309927
300,0.023743239686027318,0.9055697178392107,0.047876669623187866,0.003719506156551335,0.01909086669502293
301,0.013783188256116453,0.915998989325157,0.06425277276224593,0.0022897933557623064,0.003675256300718403
302,0.009743125619762927,0.8587132368594429,0.12609377935360483,0.00222630467943744,0.0032235534877518013
303,0.012089453131314137,0.831371188258698,0.15279390345095759,0.0018377618701851065,0.0019076932888452906
304,0.01324438430629132,0.7461571986461277,0.23421324609668712,0.0013779144874338952,0.005007256463460108
305,0.010854502975598559,0.5663414444099731,0.4185787847041708,0.0019424413133534086,0.002282826596904241
306,0.01252035013332351,0.6496732751931451,0.32826823868965543,0.005611154066909336,0.003926981916966582
307,0.0058954963315808835,0.550308372570413,0.4373197090946175,0.0023962330349893476,0.004080188968399415
308,0.005800122861625635,0.6405198618561556,0.34217958187548736,0.005957784665556087,0.005542648741175264
309,0.003721180529393812,0.5356753863568205,0.4555959394831748,0.002693596688992341,0.0023138969416184197
310,0.0023850860302070806,0.44619527322758074,0.549433212819064,0.0005800257220140972,0.0014064022011339601
311,0.003136886515662686,0.35989091591845057,0.6334541249382961,0.0006996093859500301,0.0028184632416407424
312,0.005825405761419874,0.520488628658627,0.46964705730076156,0.0015722394376424384,0.002466668841549068
313,0.0012420879833808835,0.33927072157775057,0.6574242395373627,0.0007976903600310019,0.0012652605414748576
314,0.003524530881112952,0.43374966370574153,0.5604393265359396,0.0010640998754307181,0.001222379001775165
315,0.0012277248976953596,0.3017096883802198,0.6955401320143073,0.0006486713416145312,0.0008737833661630145
316,0.0017299735071680318,0.18027736202822586,0.8156294686356883,0.001101391918530955,0.0012618039103869047
317,0.010440181326393697,0.42366907979434903,0.5525081700034962,0.008479490785589886,0.004903078090171121
318,0.0015750319440800949,0.26471153706245704,0.7306634969124586,0.0009438939233283553,0.002106040157675819
319,0.00414223788536513,0.36914128915216965,0.6174026495951211,0.002823444382757021,0.006490378984587156
320,0.007935459502084654,0.481001671438922,0.4938721620003353,0.0029491919462957426,0.014241515112362295
321,0.0029187499781454865,0.7360660304497706,0.2578443198930205,0.0008059167630292815,0.002364982916033949
322,0.02298969525244656,0.839110690856987,0.1227295970756161,0.004146005106155546,0.011024011708794966
323,0.0007843497088707209,0.37099468167847316,0.6261819282128636,0.00037627405993119825,0.0016627663398614324
324,0.009134011280810768,0.7733539811155681,0.21177218622983568,0.0017189986666284107,0.004020822707157019
325,0.007336521370310511,0.37923192331809347,0.6081509393405623,0.001716774858664143,0.003563841112369657
326,0.00417098625144403,0.4019848169745416,0.5888501678694094,0.0011769057288178717,0.0038171231757873555
327,0.006314219775901618,0.47734074744999166,0.5099772912151604,0.0022067733606092065,0.00416096819833687
328,0.005245708925966475,0.2942888359266651,0.6934443657246022,0.00255274414422907,0.004468345278537109
329,0.004309664627354516,0.35624918552318485,0.6314582267775196,0.004267522362593944,0.003715400709347085
330,0.019329371721713513,0.5540700344894643,0.40415845377641174,0.015075712771746169,0.007366427240664235
331,0.011748072517859311,0.29526563639701997,0.6587523071177318,0.025055802756703383,0.009178181210685723
332,0.09939703482901581,0.25246545780762464,0.021481571238322873,0.044003012306825295,0.5826529238182114
333,0.31153444954830317,0.5384450989079385,0.016325120602975435,0.0562912543051413,0.07740407663564154
334,0.18774588134004722,0.7055198647640061,0.010868794311086939,0.022020206408847286,0.07384525317601243
335,0.11760708584459331,0.8400027486921936,0.0315692501246831,0.0033654110548181934,0.007455504283711674
336,0.12156158367253636,0.8273262298377915,0.036978551803432194,0.009675976867450904,0.004457657818789053
337,0.044755376033054295,0.894845946869098,0.04409882624654226,0.009853178047608697,0.0064466728036967095
338,0.020174251577676324,0.8420998917733333,0.11776132953238941,0.015864356409891023,0.0041001707067100605
339,0.025757114848872845,0.8625051852659027,0.07672154764618037,0.023360294174034662,0.011655858065009295
340,0.010555357274644845,0.9084034906297775,0.05594444838290185,0.019182009382127663,0.005914694330548117
341,0.040403752023814916,0.7450669355113857,0.18154632409481433,0.020678951115125604,0.012304037254859434
342,0.033298521918539506,0.8643326922855818,0.05925856712644074,0.01492407463506799,0.02818614403436994
343,0.050517707956925985,0.10856928436644737,0.02449830497115115,0.006643322904052108,0.8097713798014233
344,0.18343687930371644,0.777181757850891,0.00814524465164931,0.0025151772170005685,0.028720940976742507
345,0.2674012564927743,0.7031880180677197,0.0077895013580040855,0.0026308474734754676,0.018990376608026483
346,0.15839267256360282,0.7923418534566457,0.024323753327511455,0.0031309792270387583,0.02181074142520115
347,0.02571890270080341,0.9507213242293118,0.016172819891417892,0.0033135692021522486,0.004073383976314657
348,0.012476047191473095,0.892993012705559,0.07476476202032188,0.015538992241274358,0.0042271858413714765
349,0.007669837843897381,0.9392941950127015,0.02826768225955332,0.01898991768013814,0.005778367203709522
350,0.008803742474481227,0.9035023585647866,0.07745290489819484,0.006160768598118245,0.0040802254644189215
351,0.013984694150428786,0.8663070266626487,0.11550171305597258,0.0021742585264269525,0.002032307604523166
352,0.01780460915761035,0.914734339513179,0.06401020111435635,0.0012165623779148366,0.002234287836939659
353,0.008779030528717952,0.7532518502428225,0.23328981401760712,0.0015201423348622112,0.0031591628759903905
354,0.0043566521642527,0.8268939578061718,0.16539545432388192,0.0010925183870778873,0.002261417318615835
355,0.003424308645372394,0.7988944013379633,0.19519396818236998,0.000997680055732787,0.0014896417785614997
356,0.004968322138350034,0.43785943527251,0.5549301270729506,0.0011890795323396864,0.001053035983849707
357,0.0011486421709894427,0.35331049319965524,0.6434699441205979,0.0013738516776423929,0.0006970688311152156
358,0.0022932652274515767,0.5623066484265256,0.43039997627883714,0.003329874380204925,0.0016702356869808502
359,0.0016565546392479286,0.3185940086823003,0.6760674124390308,0.002406301505781301,0.0012757227336395252
360,0.002287218506143353,0.49554743743799917,0.49942909749427816,0.001222650614429945,0.0015135959471495783
361,0.005657656757538325,0.6259968602823425,0.3621517755193871,0.0027899318516269064,0.003403775589105239
362,0.005164234218524179,0.7071572877945216,0.2843110765045455,0.0011889367183427325,0.0021784647640659487
363,0.0029558166182921657,0.5680950118668484,0.4271642542784607,0.0006425731223404773,0.0011423441140581618
364,0.0018878530782777605,0.5221563812961327,0.47366068337127226,0.0006829857254719738,0.0016120965288452707
365,0.001106553641734144,0.40865666051360783,0.5890739791978757,0.0003220346460255639,0.000840772000756881
366,0.001270362604586827,0.34784733674728185,0.6496508086339291,0.0004976394152271814,0.0007338525989749968
367,0.0019034033424566862,0.32093517735268157,0.675481218652939,0.0009210367174156246,0.0007591639345070132
368,0.0009985838525639326,0.22445493724844873,0.7730714110428233,0.0007520632627747665,0.0007230045933893728
369,0.004610003932386968,0.2438103938208195,0.7463864416289501,0.0036351078857261585,0.0015580527321173148
370,0.003012152551895477,0.182823939283839,0.8093697696947066,0.003914015245321214,0.0008801232242376103
371,0.01961774665614856,0.6016073322341297,0.18981368313590077,0.013350235682862924,0.17561100229095813
372,0.04327624335184908,0.8099488654656012,0.12796715764892672,0.008491704649205394,0.01031602888441768
373,0.029603727674760046,0.8449613303775169,0.11982927182398617,0.0019569127024215765,0.0036487574213153093
374,0.010687934052263337,0.5707960121438761,0.41497330491934814,0.0017176952176074037,0.0018250536669050582
375,0.016030715034958766,0.81454111888909,0.15558472900469922,0.009259738970760404,0.004583698100491615
376,0.027498534375536048,0.8098284165391973,0.09807445405262909,0.030752450942940854,0.03384614408969647
