epoch,N1,N2,N3,R,W
0,0.01510970018215148,0.0017155048343937857,1.3624225999769565e-05,0.002928178975663523,0.9802329917817915
1,0.005775920610919655,0.0037833532186129074,5.662529275182422e-06,0.01073695800178477,0.9796981056394075
2,0.030015804530610587,0.0038279624409261197,0.0002177476892586886,0.014466891785926852,0.9514715935532778
3,0.006644975227233294,0.003403700623156945,0.0014738664797768906,0.004856095123897167,0.9836213625459357
4,0.04118117004305857,0.010836599903790899,5.6922254421509917e-05,0.0035077055628920987,0.944417602235837
5,0.023904781844399342,0.026996803803202792,6.426664222335494e-05,0.00378740179724043,0.945246745912934
6,0.005419416187873374,0.02209296019811006,0.00020650457760851366,0.001151388515326656,0.9711297305210813
7,0.03604205871863689,0.08202088168991,4.5915505342054115e-05,0.005089914854756155,0.8768012292313548
8,0.06926661630566333,0.05211378444844061,0.00011480833809453398,0.004857157585334828,0.8736476333224668
9,0.07314884430280548,0.03393565091410192,7.808665807671843e-05,0.005968729625920009,0.886868688499096
10,0.2861598180323333,0.15754191828860564,0.0013498247491434147,0.01835153748945323,0.5365969014404645
11,0.2415737289215147,0.1682088516834809,0.002592912287165648,0.0037146504867320972,0.5839098566211066
12,0.3171663360183557,0.1566876288457638,0.0050276824303454514,0.014761324409609046,0.506357028295926
13,0.343781511085516,0.4120187795954128,0.021485829179493023,0.011904237313804652,0.21080964282577352
14,0.10976855127517558,0.5918964137501149,0.1464997906412306,0.03639902622751609,0.11543621810596272
15,0.09912314458215146,0.7617243053644422,0.036669509360728166,0.035657267988847934,0.06682577270383033
16,0.1319806587823648,0.8039461954871003,0.009777308014401707,0.007614393493299624,0.04668144422283351
17,0.1085612599174593,0.7154665804501084,0.01797578651224823,0.020996798106306704,0.1369995750138774
18,0.07446677263624725,0.819048630365188,0.008120575235573482,0.027121527388798073,0.07124249437419318
19,0.051117252287471916,0.7681114312284966,0.09257519270706163,0.02293613315121071,0.06525999062575921
20,0.0833671415455371,0.5874335008441581,0.03699336489552121,0.07274795543172652,0.2194580372830571
21,0.061215639299149804,0.7284171297284205,0.0566931117651047,0.048608239608179414,0.10506587959914555
22,0.02220994696562714,0.7940418503803327,0.10673397488754253,0.006550578732094754,0.07046364903440275
23,0.024833648616828047,0.7298189784319247,0.17414824924519717,0.016968110372212384,0.05423101333383782
24,0.04587607971186689,0.8148005221169273,0.06689677286673984,0.0132056931469163,0.05922093215754975
25,0.039166800934147546,0.5770193661159477,0.34191083514129467,0.013749808995027623,0.028153188813582405
26,0.06814247936168,0.37196042899850645,0.004816386814137231,0.03140875491472521,0.5236719499109511
27,0.07771629299535719,0.8128639165126437,0.019297222510950243,0.033716635779018005,0.056405932202030905
28,0.034856687470060196,0.8186528654996823,0.054650970176294764,0.018033985291129526,0.07380549156283314
29,0.03359028387621382,0.8855569616489006,0.0547902720748595,0.01516610755255314,0.010896374847472995
30,0.023451721952336028,0.8657229835371177,0.06796679653022625,0.03330822449222531,0.00955027348809468
31,0.0021888824460073062,0.143882045558045,0.8492801777545406,0.00238719287460641,0.0022617013668006225
32,0.00950215042492427,0.9037102715347518,0.06925506219398832,0.007805963760388277,0.009726552085947233
33,0.03400314518917667,0.7372192552325422,0.2112177035308766,0.013574413946364026,0.00398548210104064
34,0.025355431488562077,0.8728065861731363,0.08975928439116754,0.008058094691386823,0.004020603255747014
35,0.024214597147935422,0.8248133303859958,0.14359338317355422,0.004068483887789725,0.003310205404724845
36,0.04395964201745507,0.6684290933125008,0.28204359113447897,0.0008302148486027169,0.00473745868696237
37,0.026510741966022208,0.6843917491174902,0.2824060599075685,0.002066143544884837,0.004625305464034433
38,0.04382606601318707,0.5843096738212368,0.3633015391144455,0.001269745199522792,0.007292975851607952
39,0.00529599578131791,0.24822251643732432,0.7442691293283461,0.0003532695862554542,0.0018590888667561786
40,0.07990300131057079,0.5454282063019363,0.35681524602107856,0.005254857974178974,0.012598688392235447
41,0.016773807512994128,0.2807907022365885,0.6985324805157593,0.00020400665096832353,0.003699003083689852
42,0.0034748581966573704,0.22270824299251732,0.7707910456051117,0.0001336208495294817,0.0028922323561840777
43,0.00165279151964125,0.2231080826492986,0.7736142399708149,5.695319203944121e-05,0.0015679326682058797
44,0.0051781545948844255,0.17639146025617375,0.814602846427341,0.0003938182505333882,0.003433720471067278
45,0.0035031177466130327,0.21986428970897137,0.7727482997298212,0.0001360251817211238,0.0037482676328734746
46,0.01826233676472163,0.12098866319750687,0.8532397867700063,0.0011459143236187013,0.006363298944146535
47,0.0015468613791215298,0.04497456510538711,0.9522376192977936,4.417046418748908e-05,0.0011967837535101907
48,0.00491204046611546,0.1173663925621385,0.8716744485198668,0.0001930425772002359,0.005854075874679078
49,0.003948395461082777,0.05023866076804549,0.9419855973171469,0.00012999513363223073,0.003697351320092637
50,0.004500180924264032,0.06614235311268872,0.921141219188682,0.0006617748644090655,0.0075544719099561175
51,0.0050745832906686755,0.07082662493444562,0.9134547555553887,0.0012438375856278858,0.009400198633869122
52,0.02961115619022729,0.2014761607201057,0.6882832904463171,0.009379413417865077,0.07124997922548466
53,0.001543002798652861,0.04476451517329572,0.9460050723695265,0.00013635767747433245,0.0075510519810508235
54,0.008236462893114976,0.04776856532341264,0.9251716065226818,0.002188968578975045,0.016634396681815572
55,0.002046580165877597,0.03606124515698332,0.955270366506856,0.00048267663788295124,0.006139131532400278
56,0.004314850016865064,0.0483465181614915,0.943468752319527,0.00012966637380814274,0.003740213128308249
57,0.004726518450251589,0.050173500228816226,0.9400155800748471,0.0007565841786495956,0.0043278170674353415
58,0.0021130953525001555,0.04781770832803127,0.9486894475151267,9.599288163602464e-05,0.001283755922705827
59,0.0007002914893200949,0.03589273582498168,0.9623043437288135,0.00012489101808374332,0.0009777379388010367
60,0.0014576281103588135,0.03943225362175092,0.9568100721726279,0.000167087444147265,0.002132958651114974
61,0.0032274137016524203,0.08103773269284908,0.91200959822964,0.0013743233537990794,0.0023509320220595786
62,0.001840953181149913,0.050133536301725644,0.9460428381781569,0.0002589919503985764,0.001723680388568857
63,0.0042254906134152415,0.11366816844981605,0.8789915330994583,0.00038516334122749277,0.002729644496082856
64,0.0020972362915585895,0.05682389733826349,0.9388237524531925,0.0003150557512694131,0.0019400581657161246
65,0.0018964638622926341,0.1669408161365108,0.8296045260307917,0.00021654086651298396,0.0013416531038918601
66,0.0027087904794972644,0.06973161915798473,0.9243356922476724,0.0007431149972918137,0.0024807831175537483
67,0.009224992603725394,0.21344168995481733,0.7710709625695146,0.0010932685566579095,0.005169086315284881
68,0.010932836539134539,0.2848970246766794,0.6903752941564438,0.0023178588230432073,0.011476985804698995
69,0.012130366615430176,0.3516448401157261,0.6292218478100222,0.0025062305645550723,0.0044967148942663075
70,0.03249191755906989,0.5080266231809417,0.45277646569263513,0.0016415340775141139,0.005063459489839163
71,0.03835703347246356,0.4131526968583697,0.5247299141937306,0.009065393013986648,0.01469496246144957
72,0.06715971361444864,0.5755734418683881,0.32538565366182814,0.008128969514676393,0.02375222134065879
73,0.04321395017609321,0.5452730447573684,0.35692157695024557,0.025690199887720123,0.02890122822857282
74,0.05675716088503824,0.6982996721928086,0.14653836047902027,0.0035451947990742176,0.09485961164405864
75,0.16660966335010363,0.7677859204373575,0.04059379199010295,0.0021175780566046413,0.022893046165831373
76,0.26591529009254716,0.6541030211022996,0.03659834664474311,0.002676327807507038,0.040707014352903165
77,0.10302099199687417,0.8222509791546733,0.06146446646101306,0.001166724309772164,0.012096838077667342
78,0.14328721878969283,0.7755444802508046,0.058278373797806975,0.002441256104650537,0.02044867105704504
79,0.052875881862385433,0.844617145142683,0.08367767920952017,0.004999458356907346,0.01382983542850391
80,0.046996730511117205,0.8809790067347255,0.04963454656635527,0.00835304107427906,0.014036675113522742
81,0.050336962990758,0.8098407247969184,0.12014949150874778,0.010025832554194598,0.009646988149381447
82,0.11636868146385157,0.7439537868089725,0.08428737455138673,0.03331319914790334,0.022076958027885993
83,0.115003778381776,0.6637618493750741,0.18758583671881798,0.022764091187195194,0.010884444337136765
84,0.05359940995095687,0.5978021538111591,0.322285536964372,0.015465164550083338,0.010847734723428685
85,0.15374015924000012,0.6499487174481573,0.15784840072554512,0.013562450896936336,0.02490027168936112
86,0.06355532942292781,0.7401247706828386,0.17428416717072412,0.010334718540570269,0.01170101418293938
87,0.030624124064894793,0.8590403812229355,0.08669563451076674,0.008940218281350828,0.014699641920052223
88,0.07073089033978205,0.7492336403326404,0.06715847125967415,0.01618024366929512,0.09669675439860827
89,0.14372143818917896,0.7462355318986797,0.07026581259488954,0.008790793500402308,0.03098642381684948
90,0.1002355694188729,0.7792031888836906,0.07856841159064734,0.00983022809149782,0.03216260201529119
91,0.051677186652208,0.8219170791810951,0.07037630827565738,0.01751551868368642,0.03851390720735293
92,0.12660720786973106,0.7751550430648656,0.039527412162357674,0.018048846262007215,0.04066149064103826
93,0.14351755504599706,0.7166708517764234,0.09085397498665451,0.01977731510143106,0.029180303089493934
94,0.06644841683655058,0.7555360547874677,0.08331004483513464,0.03905356020819647,0.055651923332650746
95,0.10994499188754515,0.7975515278770137,0.03950960965518696,0.031966563594362875,0.021027306985891257
96,0.06358383822853128,0.8255460521727546,0.04398679444768268,0.02892079334207893,0.03796252180895255
97,0.0980715982388233,0.8010623847229676,0.06804289996114775,0.020404151913331007,0.012418965163730205
98,0.04216038158067458,0.7472512121098908,0.0953388186282456,0.05898600383009873,0.05626358385109039
99,0.06439033040727143,0.7620061073979671,0.12568889839412678,0.03267133779315405,0.015243326007480554
100,0.15291898670295623,0.5989198282064543,0.19072197018513648,0.03673705647228342,0.02070215843316961
101,0.042942566775561575,0.7237945630749457,0.1719765570087562,0.0272825861188435,0.03400372702189287
102,0.13804160945186625,0.6002571803492043,0.23041419263566515,0.02413226342533225,0.0071547541379320245
103,0.04226379982226987,0.6108516365455404,0.2609568996420578,0.03808140292855373,0.04784626106157821
104,0.031976994101431205,0.543719810924599,0.39391289263917145,0.020704663757911038,0.009685638576887312
105,0.04139090007973596,0.5539539228464895,0.34941781693009705,0.04433121982722384,0.010906140316453728
106,0.020805653168513814,0.5013454018903511,0.43195754581598256,0.02089957145501779,0.02499182767013468
107,0.051742668562882885,0.40110299911418135,0.4428808337556591,0.0563742068476098,0.047899291719666615
108,0.03555849170910832,0.6454973319409434,0.2987361708794377,0.013814406865220891,0.006393598605289572
109,0.07090843779436189,0.6527352898320565,0.2459674193384624,0.019881577507446433,0.010507275527672737
110,0.03227295588695602,0.6617115575399705,0.2815215823703669,0.014884478914919912,0.009609425287786872
111,0.07197157658057399,0.5670488497943086,0.33940662996611315,0.01716757913835448,0.0044053645206497665
112,0.034259636265710776,0.8262265538900441,0.08505370093840812,0.03583962493066464,0.01862048397517243
113,0.08627061105592497,0.7814220501959517,0.09352810359333188,0.034821452984462146,0.003957782170329353
114,0.027320662862512515,0.7733830698626835,0.18145243009114667,0.015130048283598778,0.002713788900058538
115,0.04400841909020165,0.8474095847767734,0.07885250499142257,0.021549292126093515,0.00818019901550906
116,0.07575605339963372,0.8003507432869859,0.0905154920564495,0.02582271147071691,0.007554999786213869
117,0.040989239571750706,0.8276876682087367,0.09485939007045908,0.018397456006502468,0.018066246142550996
118,0.027332408433422363,0.15442539908350703,0.016103899548008095,0.0063283369111302775,0.7958099560239323
119,0.018274743441051896,0.040465592402616775,0.0009470368380767271,0.001199807225868898,0.9391128200923856
120,0.22697634280511508,0.36661669663222207,0.0033748288315913408,0.012844358511563151,0.3901877732195084
121,0.10550485003100273,0.06765840436850497,0.0011131538420096237,0.0027445135445959283,0.8229790782138868
122,0.26264867735823944,0.13951396072275055,0.0014146200249545635,0.008041671624290894,0.5883810702697646
123,0.27893658210132327,0.4031480051382751,0.0522641127318343,0.03837210385815596,0.22727919617041134
124,0.24187191478425496,0.5906374287846257,0.014489665623007691,0.027032441236311704,0.1259685495718001
125,0.1061563525619757,0.759823629114915,0.09437799030392297,0.023430909599249112,0.01621111841993725
126,0.0230077296090923,0.8453973055398494,0.04446433281506009,0.08053494773185703,0.0065956843041412565
127,0.024915541606745677,0.830723349032087,0.05593971240020656,0.08440804077787842,0.0040133561830823835
128,0.00582080320299302,0.7637323122061198,0.1948416506621451,0.03410883746761539,0.001496396461126519
129,0.020209205097908137,0.6707200247758972,0.05861336235522362,0.23845117445150624,0.012006233319464902
130,0.008064952189165225,0.7730721319391912,0.14644108433941158,0.06533684277753435,0.007084988754697509
131,0.07423657726142008,0.4688132253363494,0.01287568851300581,0.41387936057218744,0.0301951483170372
132,0.14087359628764795,0.3519929126408496,0.0266676126320659,0.27903427899220995,0.20143159944722655
133,0.12686314252024455,0.6119264330542037,0.0045427952257270175,0.07674531777897331,0.17992231142085136
134,0.17981659300954791,0.43049093901782837,0.0003358248479264963,0.30733817782313744,0.08201846530155969
135,0.08728248428294334,0.4907422257305989,0.004093451393511849,0.32545764951324635,0.09242418907969965
136,0.13822063928138748,0.26422940759241254,0.005035879669281476,0.3643566706824208,0.22815740277449773
137,0.2264587107443936,0.22101356725676138,0.00019278604624235838,0.47632552313586013,0.07600941281674259
138,0.2862944783645522,0.26804419244765226,0.0005512892485173819,0.28119962411219135,0.16391041582708682
139,0.3473081708164952,0.24872727902719372,0.010024630754360657,0.2564123789888962,0.1375275404130543
140,0.16846817139447057,0.6010831201005482,0.004888548459704179,0.10994091758533665,0.11561924245994054
141,0.26405701644649343,0.15524140029581293,0.024509843308399868,0.47163844552753253,0.08455329442176124
142,0.27240487815412884,0.2668857731340346,0.001460988945629313,0.3537856958357108,0.10546266393049646
143,0.3572151714679385,0.19910976554988222,0.004601857121163143,0.35214137433179094,0.08693183152922507
144,0.2811317186623986,0.12736702440128528,0.00034089052333965617,0.06766928262611532,0.5234910837868612
145,0.5065905009752389,0.17640844608828823,0.0005198018152912468,0.09583176876860923,0.22064948235257223
146,0.03850798711309016,0.062441195227550955,0.0005724796801909995,0.013430229996096334,0.8850481079830715
147,0.2442065537667505,0.3455953080505085,0.0013799566867640494,0.06883689763175192,0.33998128386422505
148,0.18036200641296896,0.10538027127629666,0.0011325300649959482,0.03379103970116652,0.679334152544572
149,0.1583904698255603,0.32705017154876886,0.005037938801009827,0.013320339941693531,0.49620107988296747
150,0.006194622529875579,0.009223226685992039,0.010016518435562229,0.0008649315264012458,0.9737007008221689
151,0.07091467464700574,0.12065261986910523,0.0131102012295644,0.007544376825897893,0.7877781274284268
152,0.1254185376802326,0.4189060864883294,0.029067367866648437,0.0033861454577308846,0.42322186250705873
153,0.26491438359373054,0.5315575351169108,0.021202546029514907,0.00195988623149293,0.18036564902835084
154,0.08467200474003503,0.8273316986724183,0.05725204833933527,0.0020768725813736797,0.028667375666837695
155,0.04968975952548662,0.8651669538869414,0.07012837546117012,0.0015579627206784602,0.013456948405723515
156,0.016390949859004012,0.905465136991822,0.07238660004010818,0.0009142812848046707,0.00484303182426123
157,0.01212425542098224,0.8949909532442039,0.08659152158757569,0.0009698737728513428,0.005323395974386713
158,0.009629038274986191,0.8126847415196468,0.17339516567886817,0.0012040104722852538,0.0030870440542136385
159,0.022805289923791244,0.8921606763400742,0.07864116043145836,0.0020595903243643575,0.004333282980311952
160,0.03358812171197773,0.7927411899796115,0.16625115656038567,0.0024660861489977106,0.00495344559902737
161,0.03771376253064534,0.8002879112338247,0.15671159308653598,0.001712739531129455,0.0035739936178644533
162,0.005887286482154134,0.5807000012044519,0.4107201984085876,0.0007680369908197418,0.0019244769139867058
163,0.006799014482719085,0.6576900338533179,0.3318018550907524,0.001302764087617836,0.002406332485592884
164,0.02094844563202748,0.7675467244860331,0.20685265000694494,0.0019106479060947072,0.002741531968899657
165,0.02341005373345403,0.8711691796926709,0.10102117826318473,0.0012389393106001841,0.0031606490000901555
166,0.009821257738765181,0.6956713358548609,0.2913516717606398,0.0010508769824256318,0.00210485766330848
167,0.03541778369397653,0.8596999639625228,0.09747864800222406,0.003963986166401026,0.003439618174875661
168,0.028043480859691088,0.7551418549647524,0.21236051473753845,0.0016409476969489157,0.002813201741069072
169,0.009596376125618488,0.5498302087512922,0.4361211246442922,0.001128043351833766,0.0033242471269632943
170,0.005208083054856073,0.532238173896867,0.45680242180269404,0.0011153714439790425,0.004635949801603872
171,0.009908743219604957,0.49540927543275737,0.48800294068308897,0.0014703090769507682,0.005208731587597803
172,0.020664837326823556,0.5842724523490131,0.3788674544856778,0.004888601273557543,0.011306654564927875
173,0.04220099252924739,0.6143464607767332,0.3287126503151141,0.006493995856507558,0.008245900522397957
174,0.008924474023877716,0.3650260496762055,0.6206953366091227,0.0014767711085810823,0.003877368582212965
175,0.030220062671525185,0.5140274384306777,0.4093533150731049,0.0034957397098234343,0.04290344411486874
176,0.13555963203767799,0.5964637340779972,0.11995609293706344,0.006600811976807264,0.14141972897045402
177,0.030995002339260645,0.0721819904931184,0.0038652245823867443,0.0015960647474776884,0.8913617178377565
178,0.31747181158925597,0.5752735664051156,0.05545190092074956,0.0010393056255188222,0.05076341545936
179,0.15102313839750744,0.7019974779939805,0.12419393880669899,0.0008136114605938221,0.02197183334121948
180,0.12303489404688568,0.7711690090587596,0.08581307551561242,0.0010825829470781988,0.018900438431664158
181,0.04826471068892838,0.8295069701641465,0.10417058806649364,0.00496239531471207,0.013095335765719456
182,0.04839241595262028,0.8346993431696573,0.10634640570316396,0.002742549435858767,0.007819285738699432
183,0.06548892503844309,0.8166610801543834,0.1095421996009791,0.005058954085318775,0.0032488411208755554
184,0.06474547245589685,0.8417819559339077,0.07979267920721587,0.008534508849283189,0.005145383553696548
185,0.017277563945915456,0.5279995677282392,0.44667645755899993,0.0024741794558884476,0.00557223131095705
186,0.07930565145759638,0.8250957334165163,0.08307062314204108,0.009000519158014296,0.003527472825831916
187,0.03200400946020766,0.7673504812390924,0.1939258468638492,0.003099138623651872,0.003620523813198789
188,0.009311263438805836,0.5719569033693837,0.41155719537793106,0.002393423513002457,0.004781214300876864
189,0.032907856839691864,0.7309621334752875,0.2176191303022557,0.012592849896474769,0.005918029486290208
190,0.010240589526856109,0.38714630481880474,0.5955502173232187,0.0029219431278472243,0.004140945203273281
191,0.015145359149707343,0.6392797527104128,0.3290249260285154,0.01008502416986918,0.00646493794149516
192,0.020580347809944725,0.5501915274392777,0.4153357632899012,0.008813496143330412,0.005078865317545906
193,0.0023677399635690876,0.1494616321351701,0.8448260070960654,0.0012273642290035447,0.0021172565761918656
194,0.005985602643250323,0.44165329160853917,0.5449284838795959,0.00294777617481931,0.004484845693795152
195,0.006067786650839521,0.19746025095598907,0.7909237621598686,0.0033005472320537465,0.0022476530012490443
196,0.0040525658579069175,0.29981714719951297,0.6913417925678218,0.002008291731304431,0.002780202643453937
197,0.0036459273054995087,0.23916478870762867,0.7530115519191728,0.0010164394865656854,0.003161292581133404
198,0.005518406134806083,0.22046465205433816,0.7672314704786772,0.0035231825124468377,0.0032622888197318305
199,0.003629312496060822,0.1068256379978931,0.8851717231852032,0.002219597919244527,0.002153728401598328
200,0.004731687098724044,0.1482545867743689,0.841745707448424,0.0022612483184278388,0.0030067703600552475
201,0.004501961970414037,0.08829856757722751,0.9019103079363363,0.0019220439848592682,0.0033671185311627025
202,0.013356837244370857,0.22188683729350936,0.7599012854327102,0.0010692312772119688,0.0037858087521976487
203,0.023615649317369855,0.3512219759909979,0.5972272276971308,0.014174422675344103,0.013760724319157395
204,0.007205562098631295,0.1341576661230485,0.8482815557753646,0.005172614831470367,0.005182601171485279
205,0.002065482352290592,0.05739556911179868,0.9387531356379425,0.0005331766596529417,0.0012526362383154252
206,0.001695157597477888,0.05276256120372626,0.9430543050507374,0.0006896735509093819,0.0017983025971491477
207,0.0010764162256321039,0.03988959191568745,0.9572580022097443,0.0005290893816039426,0.0012469002673321315
208,0.005618657784283857,0.16225790207530635,0.827316475579391,0.0020263939665006872,0.002780570594518005
209,0.0018679494610074929,0.05064364678375544,0.945470634111733,0.0008469528880015422,0.0011708167555023268
210,0.003320529191665864,0.059641777375544026,0.9337268014886245,0.001517623513939724,0.0017932684302257426
211,0.0026815906679996497,0.04671713016376858,0.9474065440538134,0.0012569355279434162,0.0019377995864750881
212,0.006337896193328192,0.07685688306353887,0.9127133719854381,0.0013524092653355454,0.0027394394923591155
213,0.0012557845478088747,0.031444924217162544,0.9658034566087014,0.0002739223243440528,0.001221912301983191
214,0.007639757264985669,0.10593090278201348,0.878905879063506,0.0016878347537548207,0.0058356261357399054
215,0.000657443341394756,0.020965292320303627,0.9769848722776145,0.00014206908374037093,0.0012503229769467619
216,0.0028549173177413846,0.05585429130102574,0.9364873660928806,0.0008038842925726357,0.003999540995779437
217,0.0005950723607887158,0.015986066209862603,0.9818505999340713,0.00024497455297184406,0.0013232869423055846
218,0.0018910866350355941,0.048356501818335125,0.9467520193331534,0.0006850429651988408,0.002315349248277086
219,0.0013610226022529649,0.023293856819505476,0.9730033248991342,0.0005946774457300063,0.0017471182333774283
220,0.0010618878318661,0.026113027744798508,0.9709940872077757,0.0006098904940431486,0.0012211067215165284
221,0.0019879024886812467,0.036293272880060866,0.9576448772289274,0.0013183184690141669,0.002755628933316267
222,0.0029014892175466167,0.048819351501555266,0.9430937284029047,0.0019524185468218344,0.003233012331171519
223,0.006049040132668829,0.063858401037001,0.9204641026601358,0.00531055198926754,0.004317904180926729
224,0.016198294608360985,0.10819039348871434,0.8444812138964739,0.0168206817096755,0.014309416296775318
225,0.021010138971514793,0.14508276443786275,0.77308305241812,0.02909622747377453,0.031727816698727644
226,0.023972642572492504,0.023075846872355907,0.017649192691905204,0.007361410867551495,0.9279409069956949
227,0.11086581112330518,0.4511146489004217,0.23518157665306963,0.03617317079388822,0.1666647925293152
228,0.09752016321030225,0.4189594265356664,0.055506573076261424,0.02054232038540117,0.40747151679236865
229,0.13143916691202842,0.6586596151562143,0.024992022763775813,0.011237970395437282,0.17367122477254424
230,0.17939752911941542,0.3817728983712806,0.011819543778835808,0.0432063255021615,0.3838037032283068
231,0.26523066197752343,0.34399690099520347,0.029748824895531253,0.016955834658565167,0.3440677774731767
232,0.03848626266305212,0.050995203864289886,0.01879560068193846,0.004146116819587001,0.8875768159711326
233,0.24986377140444616,0.17428876415167582,0.007166611768816527,0.007186142459533866,0.5614947102155278
234,0.11849221987625658,0.5338462755350354,0.14753273357751087,0.006305895748016151,0.19382287526318098
235,0.22415891949152641,0.6407349919530062,0.0165243036621758,0.006757933161002529,0.11182385173228929
236,0.08060522041861902,0.8293652585254371,0.055221420173999974,0.008890198973213971,0.025917901908729883
237,0.06808995362903321,0.7697988508710532,0.12603311770313852,0.018402488916607906,0.01767558888016718
238,0.038163105114681746,0.9098873235844045,0.036331650311603826,0.007707828981719715,0.007910092007590346
239,0.07681360836403765,0.8009346993815918,0.093308456718786,0.020666086651511845,0.008277148884072777
240,0.1170005050069261,0.7757143440488166,0.04557288651681154,0.04366184346617964,0.018050420961266113
241,0.03187451059018134,0.8588479431879912,0.04823570805376365,0.05517841348352757,0.005863424684536078
242,0.027540911164421318,0.781067148502114,0.080164402814417,0.09868071631599157,0.012546821203055943
243,0.10861593154665325,0.5789072748826312,0.05258268676372279,0.18324480223079395,0.07664930457619899
244,0.010754177149700688,0.18724302526296105,0.7517620467844917,0.047036148076162215,0.003204602726684426
245,0.007801015315185821,0.18843471357105174,0.7668789575070106,0.03353488464948012,0.0033504289572715475
246,0.043192803969422995,0.13029295540954347,0.0009181756560061613,0.7902155031090546,0.03538056185597281
247,0.03347624598663968,0.16044441641090357,0.003913461004516588,0.6589356377234511,0.1432302388744891
248,0.025399528530493428,0.049515890013283305,8.617096524448534e-05,0.905490173776433,0.019508236714545685
249,0.027861366421271183,0.08999482097163193,0.00040434617712863704,0.8094048610091057,0.07233460542086259
250,0.03371207129162817,0.06489993699805864,0.00010498532491577957,0.8611966107209598,0.04008639566443763
251,0.09858021538688605,0.055593252642932925,0.0006071960872779062,0.7589014618198336,0.08631787406306948
252,0.040435161856645065,0.06871470424718298,8.692816741843109e-05,0.8595376205446588,0.03122558518409491
253,0.07467397486596654,0.050572648417425974,0.0009512808779917423,0.7444724302991415,0.12932966553947428
254,0.0550656517263475,0.14215382460598497,0.0022080650078383887,0.5996314176542392,0.20094104100558993
255,0.08878395498914216,0.11676199280359116,0.0011668927325803574,0.4281942525581573,0.365092906916529
256,0.07915057238528819,0.05946024266561041,0.003948248968204216,0.5488097333773805,0.30863120260351656
257,0.06755765692211643,0.2014928040793631,0.002230769045851601,0.45877486352023794,0.269943906432431
258,0.06500340564508528,0.504350004776095,0.001269694814295742,0.20171659157044947,0.22766030319407451
259,0.12239876251978532,0.26203163538415586,0.0024691396646771948,0.39105384519170544,0.2220466172396763
260,0.11044866377989526,0.21428404381930743,0.0008477959394734127,0.5127176545972147,0.16170184186410916
261,0.20307883466582796,0.11691616805450701,0.0009500185414502559,0.45505988593171315,0.22399509280650168
262,0.1430835429088934,0.13486797713462936,0.0007207181132298622,0.6395036463951629,0.08182411544808446
263,0.1518888993766666,0.12934640651842566,0.0036724365050758807,0.48107351286020267,0.23401874473962922
264,0.19570683509696418,0.10869691694395642,0.000754144351286281,0.5540981372096242,0.14074396639816877
265,0.22359238295373368,0.11539320168068232,0.0019269558779518225,0.4914730891332681,0.1676143703543642
266,0.279843993940825,0.23478412578025068,0.0016173920152569802,0.18358953377881307,0.30016495448485425
267,0.3046205932400478,0.47289804689096226,0.013767407697624476,0.152261699351017,0.0564522528203485
268,0.22545627245586988,0.36519552545038364,0.016287995874062607,0.3256255240931359,0.06743468212654799
269,0.14181655679218724,0.6562977365948598,0.01350175183880777,0.11968422291752573,0.06869973185661947
270,0.07441744653731806,0.8246108740403498,0.028354529782410196,0.03623329120458142,0.03638385843534049
271,0.054946774633030264,0.8928998834533123,0.023968537254069902,0.00707798002007284,0.021106824639514726
272,0.06222312928724321,0.8530173998559334,0.05435421652643641,0.007488194021825354,0.022917060308561662
273,0.06344967631795971,0.8425788365603962,0.07795194060395945,0.007229339014527261,0.008790207503157331
274,0.034303565367879624,0.8713614011257471,0.08357128720996548,0.003336726186420419,0.007427020109987266
275,0.08231642498603194,0.7854017479231412,0.10038060260350605,0.014914809598557763,0.01698641488876295
276,0.03479365919858111,0.8540997472812488,0.08537749097112587,0.0023895686438054403,0.023339533905238834
277,0.03052796369126557,0.8958634984405693,0.06626716625745296,0.0014260717500068833,0.005915299860705207
278,0.02332765534288586,0.8462085634666338,0.1201059571367007,0.001706955449878742,0.008650868603900823
279,0.03187827643492068,0.8481621806408233,0.10221763078688058,0.0037515936973188707,0.013990318440056703
280,0.0351079215013951,0.8389205396138198,0.11572722875158861,0.00347167645938735,0.006772633673809121
281,0.03513124496399721,0.8117929851138046,0.13903410665672133,0.008002814828568475,0.006038848436908592
282,0.015557815093011849,0.8570622900824529,0.09914133075556607,0.004510240106842952,0.02372832396212605
283,0.046102673047970145,0.8006252509374703,0.1442239206653959,0.0027245843928036155,0.006323570956360114
284,0.05613234186762532,0.7568064623660916,0.17959529208903044,0.0025666694574291225,0.004899234219823451
285,0.03301460382508472,0.7840068463766373,0.17126756277813074,0.0039858028489474775,0.007725184171199933
286,0.05806771238244087,0.7839135361012675,0.08507196647527422,0.03648111122948051,0.036465673811536876
287,0.0342056795781888,0.7705686362897848,0.18298802335739411,0.005722161113348083,0.006515499661284116
288,0.01796281258258567,0.5857009846402049,0.38953555541559687,0.001785995776288367,0.005014651585324023
289,0.03416541473072716,0.4481817427031288,0.5069376796713471,0.006063464546495215,0.004651698348301754
290,0.022506962056692337,0.7204855850388601,0.25209230542118244,0.002224225617468635,0.0026909218657964755
291,0.013965932543887503,0.6384597290348958,0.34004737450129635,0.0044233219729563535,0.003103641946964068
292,0.014783392808741911,0.7834346772574862,0.1972707435826926,0.0017225115873735575,0.0027886747637057745
293,0.014336497069219337,0.7595236118880561,0.21616781709276756,0.006894084482750344,0.0030779894672067648
294,0.016397047563250125,0.5854941387730774,0.3885689433859581,0.006675357817882098,0.0028645124598321316
295,0.005579191487275312,0.3709407054402718,0.6201314718433621,0.0013375635539270771,0.0020110676751637965
296,0.007886120142888427,0.4578979934434293,0.5287119683135325,0.003534714177662366,0.001969203922487305
297,0.036604581831315854,0.7765948786514894,0.1788287933996498,0.0056077330502324555,0.0023640130673125387
298,0.012466143808640582,0.41519911434148404,0.5612610569790967,0.007664425298285584,0.003409259572493091
299,0.008065912138042976,0.4400163979304961,0.5468381954320105,0.0029130607567301285,0.0021664337427203585
300,0.0197983037228244,0.4861372362085719,0.48411354543323576,0.007367045355052906,0.0025838692803151846
301,0.006009413163669517,0.2976042721520638,0.6937419726197973,0.0014447542075166128,0.0011995878569528967
302,0.008658426221080305,0.48785382749745265,0.4996910016074948,0.0024285121019637446,0.0013682325720083674
303,0.010227083597776314,0.5504493207905912,0.4363842569994579,0.0014190731298097683,0.0015202654823648965
304,0.007686294689492093,0.49686448078149026,0.4911036514834178,0.0025863025111373256,0.0017592705344624186
305,0.004560481668115907,0.36862689890491246,0.6243221945743712,0.0012368795631434734,0.0012535452894569244
306,0.016545182719995565,0.4294744892263883,0.5377081850117361,0.011970991077412877,0.004301151964467208
307,0.018383585928790577,0.36975977788428943,0.5998169977998885,0.010043837347203868,0.0019958010398276817
308,0.004867676472518902,0.20113815368601565,0.7914389286650694,0.0015776950319205075,0.0009775461444757152
309,0.005074402521977804,0.20959076772362797,0.7822456387998793,0.0021339641833569385,0.0009552267711580155
310,0.018028201315141563,0.25214711404299056,0.7267694944068206,0.001927741798305141,0.0011274484367420371
311,0.002596500431069017,0.2599720753903571,0.735103977792245,0.0011537867340042937,0.0011736596523247154
312,0.0019280021658829977,0.17482484771836868,0.8199830700123721,0.0019470137958599516,0.001317066307516402
313,0.002004872445849196,0.265134157454813,0.7301689446264005,0.001605190704552684,0.0010868347683845331
314,0.011265536153907707,0.5114105234046423,0.46279430902453694,0.011149458100455874,0.0033801733164571107
315,0.0013480872653842406,0.13566763908068555,0.8597980346172714,0.0019040732238735532,0.0012821658127850947
316,0.0018090040634261377,0.14859074482708837,0.8472685065845933,0.0013790637155856244,0.0009526808093066812
317,0.030313371056964657,0.2755862139474007,0.6845324258716792,0.006239978450374427,0.0033280106735810956
318,0.021665410114350477,0.2434919634242642,0.7291636688939078,0.004015224711510144,0.0016637328559674688
319,0.0018735797152674243,0.12018870580100642,0.8759574361124296,0.0011300826784610837,0.0008501956928355012
320,0.005165956639188344,0.13884525006974774,0.8482733051664446,0.0051975819644897465,0.002517906160129425
321,0.0003713260276537986,0.08086111193742437,0.9180439306753776,0.00022879424311163165,0.0004948371164324843
322,0.003478856192190166,0.1143436844805252,0.8756259979878691,0.004477302046181916,0.0020741592932335567
323,0.0014585206986320227,0.08375902154373667,0.911656082096485,0.00198450910867035,0.0011418665524760216
324,0.0031057887708753947,0.15852678977304804,0.8338925042855404,0.0030423605266103417,0.0014325566439258165
325,0.008804362204741034,0.2569245710662513,0.7150378514889117,0.01669253978773757,0.0025406754523583045
326,0.0006545471792966758,0.05381340777161159,0.9433874825622615,0.0012685801166084044,0.0008759823702218245
327,0.0005698648498135016,0.04755190805173786,0.9498384094534124,0.0014158729940838383,0.0006239446509524966
328,0.004400170471879628,0.14492893806556334,0.8426911293210496,0.006166595281810425,0.0018131668596970646
329,0.002216102065213818,0.0938871648850124,0.8965886951458093,0.0058902011719878114,0.0014178367319767373
330,0.0019570218966422515,0.10246436095584516,0.8901511177725963,0.004193643556321635,0.0012338558185944946
331,0.003023504128968265,0.10195832325133507,0.8916638545774964,0.0018404136142841057,0.0015139044279160556
332,0.0035157408420788266,0.1503250895755996,0.8360982144258254,0.007928605724233914,0.0021323494322622837
333,0.0035035526125033506,0.1465042812689397,0.8456045203835382,0.0027936792953718466,0.0015939664396470397
334,0.005375648218572071,0.2314506111728033,0.759282399118219,0.002548821213015417,0.0013425202773902996
335,0.010645532744776873,0.3767665103309389,0.6017128224343414,0.007911305523167586,0.0029638289667752583
336,0.010421770367610418,0.29728326212882505,0.6719626379736858,0.016629919851767212,0.003702409678111545
337,0.007283104230550152,0.195910761737051,0.7889495885621721,0.005977654201984182,0.0018788912682425993
338,0.013613715440506989,0.358340322451714,0.6149046146261213,0.009151642257163452,0.003989705224494291
339,0.007885916695359445,0.33467364283070394,0.6396998419464077,0.014759014431824292,0.0029815840957046003
340,0.006142529994662702,0.12044716384299782,0.8641242636150434,0.007946074678685085,0.0013399678686109176
341,0.0010638736340852547,0.06898040634700536,0.9282577541130038,0.0009657481569900418,0.0007322177489153491
342,0.0039116951145449184,0.20063919407493558,0.7883456625464981,0.005350457894412465,0.0017529903696089648
343,0.0013563876697464197,0.070701320081508,0.9262600464345125,0.0008584830180710055,0.0008237627961618147
344,0.0009066527045907041,0.08371891148208961,0.9135988146568239,0.0012336942857610587,0.0005419268707348813
345,0.002214843498825703,0.08848824315219377,0.9049392631105594,0.0036675459187393827,0.0006901043196818368
346,0.003992207646445123,0.20910339352752022,0.7760362382517575,0.008868263328405296,0.001999897245871905
347,0.0029587996458914647,0.15626384705729393,0.8358725200278176,0.00406614324838885,0.0008386900206080033
348,0.0008463367326979688,0.06982443629307314,0.9281307528279539,0.0006866049211577268,0.0005118692251172049
349,0.0009174756215694814,0.0868892798529548,0.9105813023291103,0.0011482792734614322,0.0004636629229040636
350,0.0022284067391952524,0.12175361624790086,0.8726391816774374,0.0025397968044163807,0.0008389985310501666
351,0.0007185199172339102,0.07313403425856158,0.9249845587821168,0.000783459354364956,0.0003794276877228635
352,0.002834632556479775,0.09784705447115882,0.8896144211525688,0.008464814218625872,0.0012390776011667677
353,0.0008520439973900681,0.05734278243210029,0.9405773477326903,0.000700095112739777,0.0005277307250796612
354,0.0005182078572303187,0.048048256995593376,0.9501181751166852,0.0009091485582894924,0.0004062114722016092
355,0.0025288703186107627,0.06909357093905497,0.9175268695953285,0.009495883773184059,0.001354805373821845
356,0.009118189723999928,0.1549004681334917,0.7842198300073945,0.04818182336777079,0.0035796887673430213
357,0.004670023458121386,0.14886138200634988,0.8273528786931469,0.01694921734926473,0.002166498493117142
358,0.010546560261496538,0.20303122706193086,0.7624495191185705,0.018353406621313847,0.005619286936688236
359,0.02347131820330046,0.19303872383819481,0.6954240613732948,0.07248308040295257,0.015582816182257379
360,0.06965990145311983,0.43227892932247775,0.28236087038397395,0.08192910780684502,0.13377119103358365
361,0.011641548304100665,0.04587014626373438,0.01208953173732294,0.0038301236890292177,0.9265686500058129
362,0.11484970708756602,0.7730824464515667,0.058033159650306344,0.0059065676100461244,0.04812811920051513
363,0.288615565889953,0.6400470038750619,0.013853447069419319,0.02132607043484618,0.03615791273071951
364,0.28327966831213025,0.41681594184013676,0.1190967929472213,0.06228959182525032,0.11851800507526156
365,0.28445754189064576,0.46316325581595236,0.061937812175674095,0.12182800374622105,0.06861338637150685
366,0.06420970293594598,0.7615715399902526,0.09671219182727105,0.04847590601987325,0.0290306592266572
367,0.06135846413754036,0.7038522698422117,0.12057721656889099,0.09119755947836716,0.023014489972989917
368,0.06347910370659833,0.77919235117569,0.08508992928221343,0.0488691557697487,0.02336946006574948
369,0.031236234114040355,0.6263758807669388,0.327834010101668,0.009673871392169282,0.004880003625183555
370,0.05361526186714846,0.7690510052123043,0.13326051525593066,0.015708994062743818,0.028364223601872754
371,0.1309533418485147,0.5323128997940926,0.045103352722777955,0.04717840667137697,0.24445199896323763
372,0.07517077284644338,0.7702855253840444,0.1138361009589577,0.014118080005307294,0.02658952080524709
373,0.13224420876158632,0.7572784935085172,0.025841371214952915,0.02260761143833988,0.06202831507660379
374,0.10175974687771211,0.7462331696274586,0.047903883617620234,0.019787359631810282,0.08431584024539905
375,0.14953707484799383,0.6404088286462978,0.03345407150403401,0.025014443613968526,0.1515855813877057
376,0.026353578844243115,0.6859831312052241,0.24210209849607314,0.01135062777506082,0.0342105636793987
377,0.06759540294983236,0.7245082832776714,0.01747833759908758,0.09457272388100746,0.09584525229240125
378,0.0752328034510517,0.6588424417890711,0.009784629303369275,0.19502798426994714,0.06111214118656089
