epoch,N1,N2,N3,R,W
0,0.0008114819463101926,0.00016001009258927314,9.106503448019231e-07,0.00013835477355683725,0.9988892425371988
1,0.0014454962481473814,0.0003155363892409713,6.591820916680554e-07,0.00021255739145180583,0.9980257507890681
2,0.0021769660507032504,0.00044489188717383217,6.458903540596586e-07,0.00017924306600443417,0.9971982531057645
3,0.0013238362272945644,0.0001792540830082864,6.795166478257075e-07,0.00011724902280066724,0.9983789811502486
4,0.012093237575112284,0.0007198254825737901,1.3900284769737313e-06,0.00014132384232740333,0.9870442230715095
5,0.0014803831532157023,0.00032483049549554007,5.740560884093847e-07,6.446656487919584e-05,0.9981297457303212
6,0.016028591279403023,0.0007006277182976195,1.114375274449526e-06,9.637079989868706e-05,0.9831732958271262
7,0.0024691285563999766,0.0003227978530884069,6.238078722439159e-07,4.259084268192848e-05,0.9971648589399574
8,0.0008874718857857225,0.00020660834822972966,5.437963214061981e-07,4.492882998907742e-05,0.9988604471396741
9,0.0029984567934280867,0.0005092412842466202,6.4536356913754375e-06,7.177831968589051e-05,0.996414069966948
10,0.0007563595978879649,0.00016015523612183962,6.814203261279116e-07,5.4902426577752373e-05,0.9990279013190863
11,0.0044400461372965895,0.00040113137088350706,1.0892646975150458e-06,0.00011590172656647213,0.9950418315005558
12,0.01007576578948236,0.0010662066316775144,1.7221148894217372e-06,0.00010974831646767065,0.9887465571474829
13,0.023172775158647005,0.0011321155289783092,2.6002742806778e-06,0.00024044336659975987,0.9754520656714942
14,0.021760373506595893,0.001511392093634105,2.2052951776478083e-06,0.00025233937029899115,0.9764736897342935
15,0.02079439351940831,0.0011524087981604778,1.87891880126735e-06,0.00022565826111315605,0.9778256605025168
16,0.007892035106936948,0.0006821540299208509,1.5069730363172712e-06,0.000159636674587321,0.9912646672155185
17,0.008641001495838565,0.0008130108571757683,2.390661162143755e-06,0.0002513035246349857,0.9902922934611885
18,0.0022096397016314524,0.0006713393065634055,1.5414757687245951e-06,9.65384648091727e-05,0.9970209410512273
19,0.0074112269344513235,0.0005067667147349143,1.4059661649038003e-06,0.00011334843446282687,0.9919672519501861
20,0.037074710321015523,0.0018796947449645513,3.865980930971523e-06,0.00034657953792595624,0.9606951494151631
21,0.024889986214529543,0.0010563085271454566,2.7104003415785788e-06,0.00017930107825034442,0.973871693779733
22,0.021190836607466658,0.0014337823317352979,2.6295334897657646e-06,0.00012433983216184838,0.9772484116951463
23,0.07664484155772244,0.00468086727743094,1.9095894315283405e-05,0.0006737926819024928,0.9179814025886288
24,0.01843214763840181,0.0025645455809077235,3.963297988144091e-06,0.0003036947516748074,0.9786956487310274
25,0.0016280717489222218,0.00057808490737908,2.2794349886204068e-06,0.00020001525240118093,0.9975915486563088
26,0.0021434250951211913,0.00022226782273848355,1.0475418491736083e-06,0.00011213389233811564,0.9975211256479529
27,0.0010366067222409544,0.0002556777985580047,7.279672186596343e-07,8.568302611492217e-05,0.9986213044858674
28,0.0065163724272901185,0.0003162438875371466,1.4264099034129678e-06,0.0002161670905471874,0.9929497901847222
29,0.009570244931770883,0.0003439195515408897,1.5522938182106217e-06,0.00012137244122556428,0.9899629107816444
30,0.008595093632496862,0.001226262974714817,2.123370726034192e-06,0.0003100577548281139,0.9898664622672342
31,0.0006079223402789782,7.107287053340441e-05,2.4610355524169677e-07,2.565316545594328e-05,0.9992951055201764
32,0.005678585032634693,0.00033566513530030776,1.5027873182969028e-06,9.315490668987644e-05,0.9938910921380568
33,0.007376611764083223,0.00028007681845556106,6.661720326412085e-07,7.358639128384442e-05,0.9922690588541447
34,0.0036890790641521086,0.0003169745690251867,5.931317125213461e-07,0.00011689350586157288,0.9958764597292488
35,0.0009613513593987336,0.0001623308014707158,5.678683742470627e-07,3.91521545493596e-05,0.9988365978162069
36,0.01013398472128049,0.0004737136555245574,3.5379649806300035e-06,0.00017708485492650653,0.9892116788032879
37,0.009493168237505331,0.001716576349287504,4.3025388887905235e-06,8.519140571805048e-05,0.9887007614686003
38,0.004644833733021296,0.0006693517716006763,1.524789188989793e-06,0.00012564091364916216,0.99455864879254
39,0.08695448847782505,0.00328646541235069,1.1353395295010254e-05,0.0009155663880369682,0.9088321263264922
40,0.11152708678429772,0.004682346912753712,1.0400768400557472e-05,0.0008209447650083709,0.8829592207695396
41,0.026675832778924182,0.002634880544554851,6.128701454467124e-06,0.0004851485317978877,0.9701980094432687
42,0.37213825610655876,0.02341562297418268,3.9901096346345706e-05,0.004553783349603754,0.5998524364733085
43,0.14155315345345598,0.011603045560970138,1.4425392701613403e-05,0.0023840906374803694,0.8444452849553918
44,0.2906220000853098,0.013560799215717612,2.1662854949284027e-05,0.004802072193803299,0.6909934656502199
45,0.20835365933129274,0.10193375572949433,0.00015840000909723767,0.008973397683665606,0.68058078724645
46,0.484221212662676,0.112350195212139,0.00015005992484326986,0.034666751081366166,0.3686117811189756
47,0.2936417018511518,0.04698119704471794,8.438048369517491e-05,0.038400158973086115,0.6208925616473491
48,0.15247805062032221,0.10914948033632221,0.00015422467837024694,0.028967061948305235,0.7092511824166802
49,0.18273642695598594,0.025021435802376348,3.5223816076594815e-05,0.018496325941732304,0.7737105874838289
50,0.13936940649560134,0.014212678173089879,2.1837066492062515e-05,0.00676486158308856,0.8396312166817282
51,0.3969131481908581,0.04015762370768396,6.392376518921625e-05,0.008498226363970664,0.5543670779722981
52,0.24024183150538042,0.01950955550012517,1.554715675244968e-05,0.004737111562381696,0.7354959542753602
53,0.02267722649039882,0.005356072628198849,4.6579355167693855e-05,0.0011580719620464613,0.9707620495641881
54,0.042363223258618916,0.0017350557282204415,4.494882041938196e-06,0.0005799354307336333,0.9553172907003851
55,0.72065415100324,0.0131625519609997,2.7487662909486083e-05,0.0018721648327390667,0.26428364454011166
56,0.25188431291340146,0.006311646422460216,1.802313057504743e-05,0.0028523798475702075,0.7389336376859931
57,0.7885308359566261,0.060227731216807384,7.226095098180218e-05,0.009540826102269483,0.14162834577331507
58,0.5114138880786692,0.3981105324318472,0.000410109668269272,0.03819046224049138,0.051875007580722984
59,0.5582470088787481,0.06900865526895851,6.117532559306727e-05,0.020346606154448135,0.35233655437225214
60,0.7123806127645327,0.1895060524469657,0.0002661128652461023,0.029405387158163845,0.06844183476509154
61,0.16483813107350204,0.8048108138459428,0.0026585126337584073,0.008584287459195948,0.019108254987601027
62,0.2200868150745928,0.7613972944347219,0.0009666743251635566,0.006084095288103139,0.011465120877418671
63,0.05940651353822532,0.9038950294635656,0.012983465542656655,0.005448685145107618,0.018266306310444937
64,0.05095995237303864,0.8488973974750429,0.06831304968806404,0.0060397994343496,0.025789801029504757
65,0.047354499460214354,0.8411626339284213,0.06663553532671691,0.010493965648663003,0.0343533656359846
66,0.13432696231444938,0.7607503765272833,0.005788400510420199,0.03180072056838556,0.06733354007946159
67,0.22747991618883479,0.5279290650440288,0.0007515718597655876,0.12543024328167182,0.118409203625699
68,0.2928904739043712,0.362836648970365,0.000492258985692403,0.15562285717979393,0.1881577609597775
69,0.14103100934192936,0.01447549261846842,0.00015556274095917757,0.018200896169909747,0.8261370391287333
70,0.027433878199325103,0.0028277560632472623,2.349348808344043e-05,0.003320338554036613,0.9663945336953077
71,0.023303834983587512,0.002027744821989698,5.339265554300265e-06,0.0011411099955839932,0.9735219709332845
72,0.37158350056360967,0.0033524146215062243,1.1280524401788675e-05,0.0025149343700123744,0.6225378699204701
73,0.021470783049807228,0.0030856760673216746,8.106572588848799e-05,0.0004388213845794118,0.9749236537724033
74,0.0420739052504996,0.001904332973800317,4.405723295455979e-06,0.0011071041218351067,0.9549102519305696
75,0.3686529438566191,0.00609689376359293,5.970974641927877e-06,0.0009057851055889939,0.6243384062995571
76,0.3861080958999399,0.008935381408467103,1.308616436347629e-05,0.0018765040870838375,0.6030669324401456
77,0.7901242748699865,0.04440773611092341,3.479274939512254e-05,0.0023780551351603864,0.16305514113453448
78,0.35180677286895234,0.48399209862089887,0.00044669419178901455,0.001632327579658893,0.16212210673870087
79,0.35883437476007624,0.5465508964579794,0.001904849334338861,0.005796412175794677,0.08691346727181082
80,0.12768519726746286,0.79994259902094,0.02490107882016984,0.0016755695206223306,0.04579555537080508
81,0.08181791154225727,0.7863358028120419,0.08076609040579044,0.00047892317868079045,0.05060127206122957
82,0.024806412807727884,0.7297882515387953,0.1650926463037724,0.0005123537339990922,0.07980033561570532
83,0.009810748550542838,0.7676665168278535,0.18997770817103438,0.0005198298132715307,0.03202519663729785
84,0.15071947383520376,0.698258402435771,0.001699435026111732,0.001697990888248104,0.14762469781466558
85,0.029440747625780445,0.8761137195550158,0.06718610294376309,0.0002848962708751152,0.026974533604565518
86,0.047823546807308125,0.9053968638193665,0.024189801066858634,0.00019472468221943035,0.0223950636242474
87,0.05033106025716718,0.8479553257922632,0.08773036233778843,0.00015969933394719015,0.013823552278834236
88,0.04304645230445456,0.8194471632158682,0.1227147124337027,0.0003318390547131934,0.01445983299126136
89,0.048639949893467996,0.8840199528755248,0.05297372881527949,0.0003761059014828507,0.01399026251424483
90,0.0327683634447916,0.39502126633735646,0.5583975074484202,0.0005254590567430926,0.013287403712688703
91,0.02677061390715249,0.4128355753814157,0.5392219642764577,0.0004559849656566595,0.02071586146931748
92,0.014850059870911793,0.3188673174555783,0.6582804828526022,0.00032039780447857093,0.007681742016429192
93,0.09851069174383983,0.6226179065340824,0.2435226272088421,0.003184053148697501,0.032164721364538046
94,0.02933777716704442,0.4842215178924448,0.47276058287597633,0.0003760022146074381,0.013304119849927278
95,0.03212984605664849,0.37352655695984066,0.5800837137404194,0.0004245364127634481,0.013835346830327942
96,0.038478110634066885,0.4553148100401002,0.5000580291034366,0.0001953038380114299,0.0059537463843849356
97,0.032431038181560706,0.4844942229538743,0.4734118306884368,0.0005590519644273827,0.009103856211700874
98,0.019000819488368768,0.2284366106333515,0.7363869132053477,0.0004365093554152531,0.015739147317516796
99,0.016632417084015777,0.3188590643559839,0.648506337220994,0.00035436763234554823,0.01564781370666077
100,0.003614361375002034,0.09377637495573918,0.898524041830945,7.72959154040422e-05,0.004007925922909562
101,0.0065398024677540256,0.22347101034309247,0.7657203242223136,0.00010954851818478527,0.004159314448655051
102,0.0032247537313532847,0.13987351803535306,0.8514879656458622,8.291219257174996e-05,0.005330850394859795
103,0.0011534315203240353,0.08758661161739158,0.9074122848828927,5.760696421062134e-05,0.0037900650151809156
104,0.0009031344703665215,0.05237284642701634,0.9432308939308816,5.1936946960554735e-05,0.0034411882247750132
105,0.001230756033334181,0.0467046836706178,0.9491540008708942,7.026683781100538e-05,0.0028402925873429225
106,0.0017672653350897683,0.06807927864922587,0.9260255114499966,7.833800882205053e-05,0.0040496065568656325
107,0.0006492592159129465,0.03494506131771928,0.9586371938303178,7.684599277015568e-05,0.005691639643279999
108,0.0020442156890577933,0.0584220919334153,0.936951928961511,8.170699746451385e-05,0.002500056418551379
109,0.001566008325387313,0.06109723884924568,0.9323223547622238,7.435292669313263e-05,0.004940045136450072
110,0.0008504892849034955,0.052571664887432715,0.9431619404002387,6.659151477895884e-05,0.003349313912646321
111,0.002601415470342323,0.0656891066280427,0.920397073092199,0.0001399590622333996,0.011172445747182527
112,0.0009393400492504926,0.05471117976948551,0.9409680031564289,5.465336294759994e-05,0.0033268236618875444
113,0.0011189991943922441,0.04215117965880861,0.9509164702291403,6.800199664925338e-05,0.00574534892100977
114,0.0005819745141050549,0.03358961753690611,0.9628043825207125,3.297356657238025e-05,0.0029910518617040473
115,0.0015486275480304915,0.03687187981373028,0.9573567313020949,8.87771100376029e-05,0.004133984226106686
116,0.0008510905539551136,0.03030032822523874,0.9638932341984622,4.849899828462858e-05,0.0049068480240595565
117,0.000572407798324515,0.026600041640333985,0.9713227571858437,3.216332531515653e-05,0.0014726300501825115
118,0.001741232865541193,0.0461029419528736,0.9455932022942202,0.00012378694143247258,0.006438835945932611
119,0.0010936699106609113,0.023957557437062755,0.970581537890216,4.876285806391777e-05,0.004318471903996635
120,0.00029841992294811406,0.01607661087719822,0.982826479242298,1.4072108348804484e-05,0.0007844178492068597
121,0.0005395561853122194,0.028668286951840354,0.9692447999329831,3.0179630356080817e-05,0.0015171772995084603
122,0.0002791974691934325,0.015282643726801454,0.9832412714586876,1.0472011215206161e-05,0.0011864153341021363
123,0.00039246279898090883,0.021703330526449002,0.9759891236559514,1.6085490510879455e-05,0.0018989975281077142
124,0.00029765361608816913,0.017537782212041796,0.9811566211644357,1.1660598599871765e-05,0.0009962824088343503
125,0.0014240664669272454,0.07626869004571737,0.9144874377261811,5.3395896533147606e-05,0.007766409864641086
126,0.0003889800298747845,0.02278830506876058,0.9755651566735127,2.4045050459714834e-05,0.001233513177392205
127,0.00020894594125616693,0.01357120029348317,0.9849726312449198,1.0803206900377105e-05,0.0012364193134403905
128,0.0017045658238838829,0.022757034900228942,0.9718147432834795,6.465149172612365e-05,0.003659004500681587
129,0.0005468441449055758,0.02840107281720654,0.9697739496365502,2.8304745018419877e-05,0.0012498286563193573
130,0.0008271193644350175,0.02807321403423679,0.9679662597608547,3.734873786890965e-05,0.003096058102604506
131,0.0009851405343960847,0.033413269530413334,0.9633640409051731,5.146355250663467e-05,0.0021860854775108034
132,0.0006960784556585558,0.025760084275302485,0.9710429649257573,6.198787112464418e-05,0.0024388844721570675
133,0.0008131438968571956,0.03510192981941093,0.9614930019727371,5.493819813894482e-05,0.0025369861128558954
134,0.0004724747397539187,0.032958712255819166,0.9653375159882533,2.7996858056316173e-05,0.0012033001581172639
135,0.00039678095363485474,0.023974612476085115,0.9740080538079858,2.916790896240781e-05,0.0015913848533319038
136,0.00040113195530501927,0.02156373169273142,0.9769039114921049,2.447543761450443e-05,0.001106749422244167
137,0.0007653016531563895,0.0379897405386147,0.9579472748573628,4.715698891370592e-05,0.003250525961952495
138,0.00027793976708347513,0.01593810201632793,0.9814455164523195,1.586680099711479e-05,0.002322574963272071
139,0.0012073618392094503,0.03223749371473826,0.964313934335912,3.4331746980128916e-05,0.0022068783631600513
140,0.0011229854673094897,0.024633366064002866,0.9712750252816094,0.00010652633066307827,0.0028620968564151443
141,0.00040214084647138956,0.015275344989861302,0.9832115124968775,8.383052642742419e-06,0.0011026186141470523
142,0.001473267285593463,0.03568962623105594,0.9545716256349573,4.0945774642544434e-05,0.0082245350737507
143,0.00044372191154345075,0.011312492115245786,0.9870549082892807,7.696003656048299e-06,0.0011811816802741754
144,0.0009090312905492205,0.020916015855315256,0.9753527131659996,1.6452905086245444e-05,0.002805786783049637
145,0.0005783577013155103,0.01766803867268305,0.9803644067831763,1.3064435822479851e-05,0.0013761324070028292
146,0.0026909139736441302,0.05355769301775395,0.939244557352849,7.436242212712769e-05,0.0044324732336257595
147,0.0007495839787839927,0.032812852681294406,0.9650797704677174,3.827532600249907e-05,0.0013195175462017213
148,0.0013188104026448026,0.046973633504156696,0.9493378058988496,4.318347220059557e-05,0.0023265667221481073
149,0.00560705201101847,0.163196115510329,0.8240700703064682,0.00030644692456718446,0.006820315247617223
150,0.002714883308633096,0.12238569251102109,0.8710558999244042,0.0004364135092884936,0.003407110746653302
151,0.02803685664927327,0.4709878120670925,0.48450923267062257,0.0016532126920810167,0.014812885920930753
152,0.009718983264107516,0.3295919522345968,0.6542190169040013,0.0009331785762793761,0.005536869021014881
153,0.030649875157881545,0.8059416226251503,0.15291403562836073,0.003983010113488902,0.0065114564751184364
154,0.12034005476610084,0.8253628210837514,0.008531256913406192,0.03269869371937573,0.013067173517365848
155,0.053712262845302776,0.8934929627953045,0.033098576370652194,0.010678683092595637,0.009017514896144769
156,0.07991850024694358,0.8820011616884555,0.01710118039052931,0.011875786005068,0.00910337166900353
157,0.10413468601701252,0.8590387020730158,0.00792780058764908,0.02328367549019958,0.005615135832123008
158,0.23732508858120235,0.41511671580480614,0.0019784541580343674,0.3286182581846447,0.01696148327131252
159,0.11398853929128593,0.2877586280595237,0.0008580929066454837,0.5830046159261525,0.01439012381639246
160,0.07440899918041793,0.1774207364664124,0.00033865228130743296,0.7393566524572271,0.008474959614634925
161,0.11492393544018532,0.18728219565684961,0.0008912710141951734,0.6786845042911877,0.018218093597582353
162,0.09062555953152605,0.5122781433994502,0.003125051101748301,0.3725023195261143,0.02146892644116109
163,0.06639248955768347,0.1308131622058248,0.00023988274140441555,0.7903499803053533,0.012204485189734096
164,0.0892109381507424,0.15290596404613616,0.00016813388067837877,0.7250486194692652,0.032666344453177856
165,0.2784097854629847,0.24376339516895626,0.002367329944824926,0.13131680070913102,0.344142688714103
166,0.47366861927333315,0.33255277700824404,0.00044783957854189674,0.10493109209650747,0.08839967204337348
167,0.4595923315720352,0.4650092181686536,0.0006448056509386108,0.03825683415520693,0.036496810453165635
168,0.33591166760651375,0.6219223414162133,0.010440016900533113,0.003251095405922473,0.028474878670817414
169,0.23674801808989787,0.69861667317109,0.003522450520831903,0.04513495920021968,0.015977899017960605
170,0.17305782095416714,0.7706117567505494,0.018867818963285574,0.017756376317339513,0.019706227014658323
171,0.11370290264698485,0.8240330950302489,0.03942659410621553,0.015624795605099016,0.007212612611451719
172,0.09641712521891961,0.8777223203883959,0.013553598005093561,0.007116887775304737,0.005190068612286059
173,0.04450773674406031,0.8751459648699468,0.06707769980491364,0.004635733375426708,0.008632865205652436
174,0.05418612045881359,0.9143590205330253,0.016965685842602687,0.009361320614278894,0.005127852551279276
175,0.07625244890103049,0.8895497617740484,0.020897684686921082,0.007888488064670983,0.005411616573329136
176,0.059695116633443054,0.9040351143869697,0.02164353119572829,0.006252047814936539,0.00837418996892252
177,0.24647422888984444,0.7207116724413195,0.007705798355415599,0.009451463239318085,0.015656837074102477
178,0.1593011528670199,0.8171935786480183,0.012299730387118426,0.005333775295518848,0.005871762802324407
179,0.05841893387673665,0.8733990538224322,0.05964462636143964,0.0036484296264569917,0.00488895631293479
180,0.06995504078777313,0.9168819579210203,0.0035512078248709565,0.005484724739397671,0.00412706872693794
181,0.11478710038044534,0.8126078031796081,0.05708926978676962,0.0038607157498190704,0.011655110903357944
182,0.0692914742189804,0.848406394117437,0.06794429818922147,0.006738727730143624,0.007619105744217387
183,0.05743306804514071,0.6943820891535532,0.23174576402796088,0.0055760261019613434,0.01086305267138402
184,0.10574514544314566,0.8346504497022934,0.037562460406725395,0.00910874327580905,0.012933201172026605
185,0.07704938554719432,0.8531494230673033,0.04703139105552413,0.010182156959100463,0.01258764337087771
186,0.2134292759844584,0.7328276144576147,0.01353712149130838,0.014857935503584807,0.02534805256303367
187,0.3153164248367112,0.6308495230060135,0.002007247961337338,0.00453875301957728,0.04728805117636065
188,0.13446983497216086,0.7954192123895599,0.05702703376157513,0.003156882758311508,0.009927036118392536
189,0.4697107617874226,0.49798761480158005,0.0019959537506458827,0.008797571379656501,0.021508098280694974
190,0.08115982370627753,0.7945583229562505,0.11497910615081705,0.003112698045226123,0.006190049141428918
191,0.018971723925517967,0.7221367645306932,0.24573600363517592,0.00580346490061902,0.007352043007993897
192,0.03569547268200824,0.81750345991361,0.12335262484525225,0.016341417837024075,0.007107024722105413
193,0.10186266622795646,0.7066914244764578,0.13095145201041097,0.037349050435653765,0.023145406849521093
194,0.12328436882810347,0.041464489567386686,0.0010068709087709415,0.004937143220754509,0.8293071274749844
195,0.5234164985110344,0.28262617145072555,0.0006649942524835429,0.015405999784313375,0.1778863360014431
196,0.5906792705827767,0.3786464031965007,0.0006714592772478911,0.0038712318795559872,0.02613163506391867
197,0.5310445421573657,0.4191454725063011,0.003595033441144447,0.002674564354625209,0.04354038754056344
198,0.30759406196599176,0.5956601054658766,0.00196271939474677,0.015288404316462575,0.07949470885692234
199,0.5062334842159948,0.36859681736618155,0.0009114748122256732,0.05108427832227896,0.07317394528331897
200,0.18576767250761683,0.7239475492415969,0.012529605138025094,0.016024217093911466,0.06173095601884961
201,0.2041180831921827,0.7599756322111051,0.0017870271342899666,0.013525953695660028,0.02059330376676201
202,0.3621009196496059,0.5190001073958109,0.0008380646621585961,0.07846343029303154,0.03959747799939295
203,0.2623440928650497,0.6837976290127927,0.004383609566747417,0.029485741335401532,0.01998892722000858
204,0.13348979295061772,0.8249883401143621,0.011238120187079363,0.015430360597317462,0.014853386150623338
205,0.295089186674936,0.6283720224502082,0.00319104355477793,0.042676377907177446,0.030671369412900336
206,0.058978967584446415,0.8796648694643878,0.04294588437947472,0.009953455561616592,0.008456823010074341
207,0.09666733873689784,0.8557402247662613,0.014557304229975795,0.022076009182123362,0.010959123084741526
208,0.06854312500318571,0.8579122371811196,0.044950903264048166,0.014600253516583932,0.013993481035062707
209,0.051741110145207096,0.8192503826932745,0.08175185062587782,0.023189846530833842,0.024066810004806736
210,0.1267353337864619,0.03387345664080881,0.00023567366159552824,0.011048789487226535,0.8281067464239072
211,0.5970253297222088,0.17153156485612714,0.0001696405099305618,0.04425867970110909,0.18701478521062442
212,0.7709479106591487,0.15645113291206034,0.0002561052666922318,0.020349977821700702,0.051994873340398054
213,0.5412390120685772,0.4280836916288752,0.00435431284293351,0.010479646502683125,0.015843336956930968
214,0.37100532222772836,0.543096984625571,0.0015161401204037235,0.0667090860740338,0.01767246695226322
215,0.15218890461576245,0.7476464788227742,0.006453398547776069,0.0841456541030607,0.009565563910626709
216,0.16493404294358077,0.7230375154019001,0.002734410361927465,0.10203419110145064,0.007259840191141034
217,0.1005858544003808,0.8305795556774225,0.008384569605555146,0.052297456451500336,0.008152563865141169
218,0.032784189314216575,0.777473669028012,0.12123860732566359,0.06265696953063178,0.005846564801476011
219,0.22259548654755543,0.5294935921487566,0.0008717707980567343,0.2236980497866846,0.023341100718946697
220,0.19503971855150448,0.4815085155662514,0.0010706951898929102,0.30597363620995166,0.016407434482399542
221,0.047835800676393946,0.8222026483215854,0.024910269467807538,0.09341407153076874,0.011637210003444219
222,0.15669202441770216,0.574766904429662,0.002332564099067385,0.22217686261279926,0.044031644440769103
223,0.2783475630854814,0.1398016784473352,0.00018191875949443348,0.48519647672614646,0.0964723629815426
224,0.22605907902463773,0.22646060394125478,0.00041588773871018583,0.49932091512021687,0.04774351417518048
225,0.28797164329706343,0.285366306452166,0.0003709761665458345,0.4106135580516164,0.01567751603260836
226,0.4033726414549858,0.06410465468032694,5.024425758094747e-05,0.17603575137843727,0.35643670822866896
227,0.13034965887234473,0.01348372950557998,2.324775238809236e-05,0.015589285726275142,0.8405540781434121
228,0.8487810791958085,0.02036036848608349,8.074649781747232e-06,0.012807544669493845,0.1180429329988325
229,0.7688573446450016,0.18894007149858205,0.00017849251208804773,0.008975104574333296,0.03304898676999513
230,0.6810822710976768,0.29218700096491035,0.00040285061718451536,0.006692811851410795,0.019635065468817395
231,0.0848345770183254,0.8903948790209054,0.00799669852066197,0.012365419361353037,0.004408426078754113
232,0.23992154857940465,0.6874150113430826,0.0024512180037798985,0.022127578855341303,0.04808464321839164
233,0.06873243165885262,0.9180310179803921,0.0029742642133182644,0.006378554292522046,0.00388373185491471
234,0.04302712628973154,0.9198806841511774,0.030041668256592734,0.003303845148046287,0.0037466761544522305
235,0.020827370881765537,0.9145946318791616,0.06171554307627076,0.0009319873188806805,0.0019304668439215687
236,0.005492657400429581,0.6943864578208021,0.2974702974430568,0.000542162900332349,0.0021084244353791874
237,0.03063830167850275,0.8876649151279836,0.07592439032000942,0.0012681409202820188,0.004504251953222086
238,0.007101275217165685,0.900004938743388,0.09088211293993859,0.0004944816254537136,0.001517191474054131
239,0.0030900389570926814,0.5458927263323948,0.448888925665389,0.0004923870382396847,0.0016359220068837951
240,0.022959015069968402,0.6492222498451753,0.323603330335513,0.0008292474372892433,0.0033861573120539854
241,0.01296028615052141,0.7991779263341124,0.1852941705077752,0.00035259049732427444,0.0022150265102667834
242,0.004392592069159786,0.5842773668583379,0.40929225530001845,0.0002543033309570957,0.0017834824415269002
243,0.002217040507929741,0.31817226735017234,0.6780302154015869,0.00015667128589866316,0.001423805454412439
244,0.002723693685937771,0.45743040866257106,0.5374690445072177,0.0005199560834882499,0.001856897060785455
245,0.007981403451483756,0.6516383705709892,0.33778410704725415,0.00057377693296644,0.002022341997306265
246,0.00205262936391161,0.6786825420840574,0.31779281474249077,0.00017278912669151016,0.0012992246828487945
247,0.0025481599567095258,0.44733254452302296,0.5480092975879465,0.0001365659921251024,0.0019734319401959696
248,0.0039169490992716,0.2520749471387731,0.740052746859917,0.0001619737828505111,0.003793383119187958
249,0.0021105959090790436,0.4560111788934162,0.5403106361618645,0.0001384185838798722,0.0014291704517603759
250,0.001031014564789151,0.13928517740979793,0.8581877368246879,8.246630857524551e-05,0.0014136048921499374
251,0.0008396041950694682,0.08291245532200736,0.9149706767201158,4.521833595460515e-05,0.0012320454268527905
252,0.0009658849241322875,0.08832048064083424,0.909082066663083,9.401701226189791e-05,0.0015375507596886004
253,0.0011316722117143039,0.10793710278364438,0.888426953333972,0.00012700115311530175,0.0023772705175538968
254,0.0006376612629890652,0.05677698371891923,0.9409595464290822,5.5560221697064464e-05,0.0015702483673126245
255,0.0006541155083947304,0.07003923579368032,0.9273969384758941,6.777343970868147e-05,0.0018419367823219648
256,0.0010837842021090118,0.06330936196600098,0.9315511391957387,0.00012296651308705078,0.003932748123064178
257,0.0011595576056705214,0.0645733733986155,0.9328800450120226,6.0192031882365924e-05,0.0013268319518089137
258,0.0017290203449197752,0.08755382313009594,0.9072846780307942,0.00011080808713205227,0.00332167040705799
259,0.0014744769875521448,0.0590244019205053,0.9361236199491414,0.00010922047459037229,0.0032682806682108926
260,0.0008024910100294042,0.04529521550581708,0.9527761742484753,3.522626177299488e-05,0.0010908929739052759
261,0.0018497854442938914,0.08367452306485305,0.9112485211915273,0.00011517099021362625,0.003111999309112107
262,0.0008799739338817512,0.06603558794233938,0.9306524782299879,7.554453295741466e-05,0.002356415360833722
263,0.0005682297101308057,0.07127817395854659,0.92692818122278,6.84516692639458e-05,0.0011569634392784858
264,0.0003806381082589442,0.03556294414868593,0.9627805029238077,3.727322851131459e-05,0.0012386415907360301
265,0.0031659034995807603,0.2515201685518694,0.7416350421845608,0.0002734854677042826,0.003405400296284718
266,0.002013482083931381,0.1809987448017531,0.813542658722553,0.00020201648175410415,0.0032430979100082457
267,0.0007429988312240217,0.05488656664253265,0.943250885398949,4.320720037824266e-05,0.0010763419269162644
268,0.0006564585937753447,0.04684138652408639,0.9495215278733923,0.00010102980934840463,0.002879597199397556
269,0.001591327880828639,0.08698193001132809,0.9075447970963386,0.0001683185245405366,0.0037136264869640804
270,0.0009233432595067513,0.07733086722064673,0.9195267689971015,0.00013499733840001955,0.002084023184344993
271,0.0016039647116201892,0.07747362184723805,0.9175579048795502,0.0001504166333324456,0.003214091928259307
272,0.0036034626261900807,0.10282009531817994,0.8910276676866586,8.790379871215473e-05,0.0024608705702592226
273,0.007752518171288619,0.24979499723856333,0.7365218232918536,0.0004790754635109191,0.00545158583478367
274,0.0016680223322512267,0.11969004766633837,0.8765404810060831,0.00013919750438399106,0.001962251490943379
275,0.027487064337354355,0.4319132341506202,0.5267610978354614,0.0013524869273205374,0.01248611674924329
276,0.0025978707294248117,0.22831292519780308,0.7648347052567761,0.00028650531375138793,0.0039679935022447
277,0.003731967452696967,0.18804099970956353,0.8046713981367113,0.00025410550410390903,0.0033015291969244985
278,0.005813197157680449,0.2673016343135616,0.7220647797585,0.00043496054051498506,0.004385428229743077
279,0.006965307146330669,0.1756766676792014,0.8086834849329888,0.0009913888987503417,0.007683151342728628
280,0.010207191134455972,0.24962012859527322,0.7316997347872187,0.0019257234791004944,0.00654722200395145
281,0.006552551794886319,0.14103127994642697,0.8396757558226031,0.0019851533456157434,0.010755259090467897
282,0.01169312906562125,0.22923293602186282,0.7161659988508328,0.005300117936358554,0.03760781812532439
283,0.019278049851282356,0.034960838690780906,0.03100483739906676,0.003965258061823094,0.9107910159970468
284,0.4496992626807927,0.18036034140977564,0.000691101253855491,0.026340022864320436,0.3429092717912555
285,0.37193075273389986,0.23614188563176902,0.005662237557305559,0.015258469207428084,0.37100665486959744
286,0.565039915399803,0.20752248974577256,0.0013708880086279397,0.016726991910117013,0.20933971493567938
287,0.40237472845330563,0.32882789588721517,0.0033937786659349995,0.02397670519403069,0.24142689179951352
288,0.20446300586226576,0.06703482016413939,0.0012123379960905522,0.007849021432890744,0.7194408145446136
289,0.6755965260431944,0.18902083084545265,0.0003501580734104478,0.011426646406726929,0.12360583863121538
290,0.26421195397909175,0.5667013219012346,0.12152468627638491,0.007359815710632903,0.040202222132655875
291,0.43128793361098944,0.4842091492604579,0.0008414336625856174,0.035389049809638064,0.04827243365632896
292,0.24038776246223714,0.6939568915172276,0.005130299754078828,0.035814366501856446,0.024710679764599962
293,0.2426392999005281,0.679774156950829,0.004767698808865847,0.056758397599118514,0.016060446740658554
294,0.1089613893028765,0.8411766398445202,0.031268480844674776,0.011096329540176218,0.007497160467752313
295,0.12839654479861698,0.8191643140232324,0.026075526701649452,0.017830264248953447,0.008533350227547802
296,0.06321833477826584,0.8950424718192264,0.014107519431348492,0.023019253083810184,0.004612420887348996
297,0.031243034996530878,0.7070958764929197,0.1905989263758799,0.06316124457785822,0.007900917556811373
298,0.07444049077723582,0.7780089290625962,0.025918972099273654,0.11134362774239683,0.010287980318497671
299,0.18058172476237314,0.6247280839942009,0.002596880156961681,0.16579538010297587,0.02629793098348855
300,0.39440301231499164,0.46243767429465615,0.0010756593089178783,0.09341786547981563,0.04866578860161882
301,0.13258375065553968,0.7868198531121092,0.0026725487395871834,0.06725552128154953,0.010668326211214416
302,0.24764519709764646,0.41003058396408215,0.0022779997877098823,0.2968856754283255,0.04316054372223601
303,0.23907238713387008,0.4556344248724081,0.00040810645380938453,0.19783049727526045,0.1070545842646521
304,0.25293404209796444,0.4680109472601345,0.0022178664358130755,0.19295759235710538,0.08387955184898252
305,0.4884395190901209,0.29364940929357364,0.0005153828540049917,0.11899479171290352,0.09840089704939695
306,0.09769190279626311,0.05579160236583434,0.0009772496678439578,0.004813851221471382,0.8407253939485871
307,0.6964716267700994,0.07927980227225075,0.0001233763821427581,0.007372418191516825,0.21675277638399015
308,0.6245312658780282,0.3012171914425991,0.0002649725787576052,0.004306465481802236,0.06968010461881277
309,0.2356629265098598,0.6966305123508459,0.0047088863895784535,0.00392664633909701,0.05907102841061876
310,0.13467023802854974,0.7995931281559767,0.023974685631419055,0.00735698730197025,0.03440496088208418
311,0.12129085991858195,0.7721424218531184,0.02674868803872434,0.007562763236593487,0.07225526695298172
312,0.043351581669147134,0.8644880696778326,0.06937323217757925,0.008314930520708204,0.01447218595473258
313,0.06513603530337664,0.7772664111819642,0.11184329541723369,0.01724537732113744,0.028508880776288183
314,0.1262789051029798,0.7468192425264555,0.015191756310559537,0.07279314954762636,0.03891694651237888
315,0.0995908678829631,0.6332671095953594,0.1262985252844146,0.09450981798339991,0.04633367925386317
316,0.20120772121992253,0.3340285418190355,0.005176368198084024,0.19227798369921612,0.2673093850637418
317,0.2227634388577958,0.275145278738062,0.00046473620578630997,0.3105755552089048,0.191050990989451
318,0.18977901839242176,0.3974034378900964,0.0007744685229863261,0.3512835712881591,0.060759503906336346
319,0.2792557119121921,0.3508137239194642,0.0003221028328823229,0.3060741398712379,0.06353432146422355
320,0.29653811501566724,0.23420371292042766,0.00033089823606724826,0.42153927274920966,0.047388001078628124
321,0.1731074855289716,0.15387867620687093,0.00022840949636382252,0.646134604379242,0.02665082438855164
322,0.10154882558332567,0.18733185272531225,0.0004421466477623794,0.6852791118084316,0.02539806323516812
323,0.09564003108533822,0.09805899784495815,0.00013060258583559486,0.7664170057879889,0.03975336269587908
324,0.08760563339334936,0.03690526779559004,0.00048983375520269,0.721852576191041,0.15314668886481692
325,0.17993932404523097,0.1359136569118397,0.0002052580775401122,0.618407663702851,0.06553409726253812
326,0.1500489841784627,0.05121015577499396,0.0001230168483050512,0.7603423606471602,0.03827548255107813
327,0.13982459833102295,0.0854899756455076,0.00016236360221247968,0.7452812576049592,0.02924180481629775
328,0.0898178223838532,0.15639148996002236,0.00032160276680103607,0.7100113574104618,0.04345772747886167
329,0.13019139589157128,0.19980507500235206,0.0003099850911868477,0.5990530893653647,0.07064045464952506
330,0.1418327208152563,0.06156242730619654,0.00015973954581466855,0.7346142089915418,0.061830903341190804
331,0.0810107536655319,0.08188881968137483,0.0001532862069847625,0.8272619247162912,0.009685215729817157
332,0.09380488571817432,0.08661274057275233,0.00014381028985705589,0.8024809451541479,0.016957618265068322
333,0.048512962947189445,0.04802020956600371,8.05335118584184e-05,0.8959476714646392,0.007438622510309211
334,0.07869525496974815,0.06959345242125711,6.472514888009097e-05,0.8317329889151178,0.01991357854499684
335,0.05895211285041879,0.05624592139064963,6.044987656515188e-05,0.8769316539010678,0.007809861981298679
336,0.0652842547241193,0.07050279208344391,0.00010468827339490964,0.8464922291549507,0.01761603576409129
337,0.04472243235204226,0.05908575246629411,8.495313248687259e-05,0.889609674477129,0.006497187572047723
338,0.07916418777357162,0.0992347675606162,0.00010649740480845273,0.7885665258142349,0.032928021446768874
339,0.0767892121004947,0.08331815979296386,9.290495584311709e-05,0.8218298167978336,0.017969906352864804
340,0.06732949173509063,0.06234172328080044,0.00016719532992683124,0.836572216510127,0.03358937314405525
341,0.0913557182144556,0.08885364925148038,0.0005545718452387091,0.7061118663892895,0.11312419429953575
342,0.12755464237146058,0.09623048040279393,0.0001737008437225553,0.738814168416021,0.037227007966001785
343,0.1268467192078345,0.09174477463697515,0.00023922394155966178,0.7593322065730401,0.021837075640590543
344,0.08479380231294761,0.07113146296525649,0.00020519499517742909,0.8243941669373337,0.019475372789284778
345,0.07601312119232914,0.12171805821924238,0.0001871624094595632,0.7729868680986552,0.029094790080313807
346,0.12257767307395752,0.1047997888630327,0.00028233389340783963,0.6813070409238505,0.0910331632457515
347,0.13441648974544063,0.15690643547131847,0.00018561504755767048,0.6260492715961987,0.08244218813948435
348,0.14608044621005833,0.07472126443006433,0.00018403966685010638,0.4560320940922591,0.3229821556007682
349,0.17117547024088056,0.08780999680179993,0.00012306011655369815,0.5065890186421088,0.23430245419865706
350,0.1283019401010961,0.2789980332253664,0.0003501562903750533,0.24394573743086015,0.34840413295230227
351,0.29103338413961494,0.13915073517790902,0.00011770423530576498,0.38129618212028127,0.18840199432688903
352,0.2698920105279822,0.07662586421084557,0.00013177347185598103,0.48622814944302295,0.16712220234629327
353,0.06000873468872065,0.03736863330945491,0.000287534188148393,0.12252349572827002,0.779811602085406
354,0.4856208747577179,0.11554472145384688,0.0001087001203994174,0.20120955601615395,0.19751614765188172
355,0.4352164051746629,0.29951611446996634,0.00017940839577376967,0.12278770657300009,0.14230036538659682
356,0.3167791230358096,0.5260802493122466,0.0012967879542243375,0.09053708290639328,0.06530675679132625
357,0.23550057897588758,0.6711317951011734,0.0011631491309608707,0.05747357479506852,0.03473090199690952
358,0.1461360523744424,0.785664332434101,0.003453448228143071,0.049767003859452555,0.01497916310386093
359,0.1653996349294973,0.7393094498301801,0.005656223528305886,0.07123008108507706,0.018404610626939613
360,0.14274906379718671,0.7649129741108115,0.012556700695837971,0.0594848916908851,0.02029636970527891
361,0.188930696361353,0.723280665779291,0.01596304765379763,0.05978445984096804,0.012041130364590414
362,0.1383939153069908,0.7908498249750162,0.025300068601020045,0.02324592398879065,0.022210267128182325
363,0.07481311345062791,0.8800722055929199,0.020773948399880515,0.014089944061337166,0.010250788495234397
364,0.11875573755111064,0.8315799966064423,0.009257287968505726,0.02751911482182727,0.012887863052113896
365,0.031007857275522348,0.885929306687354,0.06832306251621025,0.011050258672392982,0.003689514848520393
366,0.20895474300510333,0.7400699401461642,0.002353557913337631,0.029535337836786163,0.01908642109860871
367,0.09464824616849915,0.8740403932492985,0.007491763301578324,0.01954438533778091,0.004275211942843235
368,0.14595496994328033,0.8185079862328332,0.0035817695191159315,0.021541233269432875,0.010414041035337739
369,0.1196891193662598,0.843517721237156,0.020161681957264716,0.00983591765231718,0.0067955597870024064
370,0.10365216364524969,0.8544322236038087,0.02133626206990154,0.010124602197380454,0.010454748483659604
371,0.03909098487690893,0.9039447890973864,0.04931410328284917,0.0019188486206775824,0.005731274122178106
372,0.1045517611214228,0.8586602984851154,0.0240174105026907,0.0069420508266421575,0.005828479064129078
373,0.01896639387941786,0.6815353020507172,0.28934354234746595,0.0029794494246379853,0.007175312297760882
374,0.032578478278752265,0.8293487518845375,0.1269927213358001,0.0037246912831754176,0.0073553572177346245
