epoch,N1,N2,N3,R,W
0,0.19072800809851875,0.014829189811427815,4.4943597193777265e-05,0.015970284179736425,0.7784275743131231
1,0.16245681212963958,0.017284473414184813,4.2271112154444554e-05,0.02072601145705041,0.7994904318869709
2,0.15128903441494884,0.020934605175481947,6.765907757608833e-05,0.020952270388332448,0.8067564309436608
3,0.11641245927754065,0.01921347667013418,2.9192781697820688e-05,0.010706800893546902,0.8536380703770805
4,0.1444271837779202,0.015301472702700538,3.487373937876527e-05,0.011918915679091768,0.8283175541009088
5,0.4348282558833381,0.06443831593175027,0.0013340559375899631,0.04869445991602272,0.4507049123312989
6,0.3027927510974917,0.05981096915223251,2.9059239309896997e-05,0.061408244754604505,0.5759589757563615
7,0.3917147787780583,0.3938251837360101,3.902023767171301e-05,0.028894150088278933,0.18552686715998104
8,0.15788084373714104,0.7653616805703337,0.00230181312266503,0.006751249078485013,0.06770441349137526
9,0.06723622550931757,0.8747309996439095,0.0026928723302190346,0.010404033993428988,0.04493586852312476
10,0.02724033312749479,0.9306142991984684,0.009330588003564774,0.004225505423453882,0.02858927424701846
11,0.052156878451687,0.8822699647449138,0.002651222516368052,0.007296432071056721,0.055625502215974475
12,0.020126169353022427,0.929832057129299,0.01959128716056619,0.0015219930611989683,0.028928493295913463
13,0.08160576094451476,0.8690553778961112,0.0049234430154127,0.0029472096420612316,0.041468208501900077
14,0.018754803966870796,0.9310237101687209,0.04076742858299287,0.0006695036182200857,0.008784553663195463
15,0.04669357785564027,0.934535110276835,0.003460636186988378,0.002925281694872612,0.012385393985663748
16,0.01803101390638252,0.9457111470647548,0.019943988645506595,0.0014085889371083214,0.014905261446247715
17,0.013353077792540077,0.9112138980629239,0.05386225383899162,0.001744566142909179,0.019826204162635183
18,0.02798056410657545,0.865086814273695,0.05548208271095925,0.0014769998319425085,0.049973539076827674
19,0.04660354924064772,0.8313811893832095,0.013272691294478046,0.0020117867708277135,0.10673078331083719
20,0.092424659125854,0.1625467618005753,0.0008512814530979183,0.006219958445783911,0.7379573391746888
21,0.13007916398382696,0.7289646382862537,0.0004855738785376877,0.004560990088321312,0.13590963376306048
22,0.10508026082895267,0.8268490970515575,0.0008654460463407538,0.0029015590912334827,0.06430363698191573
23,0.06324183706441382,0.8679968955427267,0.001749198911788926,0.0010225946441132627,0.06598947383695757
24,0.05000676657712289,0.8935255447285898,0.002144916245116667,0.002927224656596787,0.05139554779257351
25,0.01316514896605675,0.9644903803686693,0.010093499304833982,0.00046137427467894714,0.011789597085760856
26,0.01245707708621418,0.941221117770336,0.027691074538933276,0.0003720447367619145,0.01825868586775478
27,0.009000065562299094,0.9718038652062437,0.011674707849976849,0.00040478874104393677,0.00711657264043614
28,0.0039006449029157435,0.9660600357708674,0.019251991051994,0.0005807366908156708,0.01020659158340727
29,0.003324074469708612,0.9736289367365433,0.015271718535334398,0.0004077290697655981,0.007367541188648361
30,0.0037033229382497264,0.9715145883541568,0.01520758832664047,0.0003517268679065791,0.00922277351304655
31,0.01545400469515014,0.9201055798888985,0.03633032346600168,0.0013281180019110044,0.0267819739480387
32,0.008100041189022605,0.8990369861041488,0.08567147148555201,0.0003003001047822838,0.006891201116494199
33,0.012974002488674967,0.8306025418201651,0.1466382979567235,0.00027938436253085986,0.0095057733719056
34,0.008049900252951285,0.6335535874761685,0.3492014780651921,0.0003143989149694335,0.008880635290718704
35,0.0034654795338068963,0.4085833519821278,0.5787128735715049,0.000939406227931969,0.008298888684628332
36,0.0070999375419983,0.6676756222776546,0.30389779584980725,0.0028598817450799585,0.018466762585459907
37,0.0065060138743635015,0.493524195078967,0.4862791410523056,0.003282030416084856,0.010408619578279007
38,0.005943895835095548,0.36845132892576543,0.6035029172746568,0.0026993084400688916,0.019402549524413493
39,0.01870608007061281,0.7787518378793257,0.13190045077823173,0.004792556488422202,0.06584907478340767
40,0.11845773966361156,0.6616387175649714,0.00032186818307263843,0.026031805320319807,0.1935498692680246
41,0.12631258605943496,0.49307067536326243,0.0002687577708814626,0.04258591956064696,0.3377620612457742
42,0.30016931490309023,0.5597161655504976,0.0004114163828922452,0.017064544882456643,0.12263855828106322
43,0.2543713570076053,0.5596916594705104,0.00011148053875710587,0.00958101261434438,0.17624449036878287
44,0.46996461342214607,0.4184832976771051,9.174975191148143e-05,0.02638449591315232,0.08507584323568498
45,0.04488658997537433,0.922060366739089,0.006053224438003981,0.00298072656402315,0.02401909228350952
46,0.030970144796229074,0.9379306569248175,0.014799430196363175,0.0014332052972161162,0.014866562785374285
47,0.010089441413793365,0.959639421501771,0.012485113174750732,0.0013526537130212693,0.01643337019666368
48,0.006635432644070291,0.9769391420476463,0.011886592509580915,0.0003466325744370677,0.004192200224265353
49,0.008342670994647663,0.9785262949498814,0.0031755777079808772,0.0004019467500974906,0.00955350959739244
50,0.01393230519476449,0.9536367167540294,0.026173786942252777,0.00027883421542652877,0.0059783568935269146
51,0.006708144199856185,0.6233790266257845,0.3633400721422255,0.00017224396726109363,0.006400513064872741
52,0.01859419838532281,0.8230416562113368,0.123892840424008,0.0005727323297552441,0.03389857264957702
53,0.0015582014876740203,0.231133705431863,0.7659877332985887,0.00010181424434337499,0.0012185455375310088
54,0.0034936674860756565,0.2989733199610949,0.6913747345183268,0.0002879581330422482,0.005870319901460597
55,0.004095078269423155,0.49254574144381297,0.4953216531133756,0.0002626296650296913,0.007774897508358463
56,0.006883400333352,0.5024332564223216,0.4782056528354942,0.0005651464093242019,0.011912543999507988
57,0.009985487610601024,0.5461157381851048,0.4343130147733082,0.0003943194912374492,0.00919143993974848
58,0.0072094931080694275,0.39208026408070834,0.59246185525713,0.00022926427369224302,0.008019123280399788
59,0.003906748694654326,0.2074250333791635,0.7835785513021584,0.0002281790754595832,0.004861487548564245
60,0.01057714638768901,0.3534166647304704,0.5936307613816773,0.0006304343437314803,0.04174499315643207
61,0.020766572189026816,0.7599649868265382,0.19496341466162564,0.0004885746685497995,0.023816451654259635
62,0.006399790876251468,0.5023720677765857,0.38975260145658375,0.0003193533894689525,0.10115618650111005
63,0.008522769225064529,0.46383200946684255,0.5019893378549618,0.00022564445221228527,0.025430239000918804
64,0.003850704403137088,0.5364198634310952,0.448359938278446,0.000144728274614635,0.011224765612707176
65,0.0035026758845962667,0.24292915341378588,0.7439174253981126,0.00013295140750262907,0.00951779389600269
66,0.0038021201940283324,0.4108578704739475,0.5744957771310075,0.0001998295077847047,0.010644402693232026
67,0.005073286670760986,0.26135697539635894,0.7287696433945403,0.00020470826152643474,0.004595386276813274
68,0.010810326132197182,0.4019613495977196,0.5757902071970721,0.00015796640849169487,0.011280150664519456
69,0.00515204724203108,0.3293415910262846,0.661283068186842,0.00013707915286589764,0.004086214391976491
70,0.0027525387981463647,0.1395063326516262,0.8561841021721283,0.00012087319016525978,0.0014361531879338414
71,0.006532739471218031,0.23493097124771514,0.7545827138000291,0.00016570347624368463,0.0037878720047941216
72,0.0018538285105405246,0.1673451409019814,0.829050864442163,7.895477066141269e-05,0.0016712113746536214
73,0.0025477549343021887,0.09888562043692611,0.8969794429333444,8.23965364439117e-05,0.001504785158983321
74,0.0064329264765637115,0.16969924027489414,0.8205867962620454,0.00018618361337872629,0.003094853373118119
75,0.009030210082384915,0.2372327400266538,0.7447606681762773,0.0002210121971748862,0.008755369517509071
76,0.006114188401635454,0.20128129852575274,0.7883619385724674,0.00030492904633205436,0.0039376454538124295
77,0.003749927887565282,0.1562487795184006,0.8349869417911295,0.00037232958024033296,0.00464202122266427
78,0.008565666677347816,0.28241831458738337,0.691757317607708,0.0006967914060820059,0.016561909721478793
79,0.007181487997405844,0.23704340264579646,0.7392597246776285,0.0007264872588735529,0.015788897420295576
80,0.006215434445864355,0.13535932883655308,0.8054093706528632,0.0008360954193771123,0.052179770645342266
81,0.023493859851237184,0.12971796642429212,0.046544452966484226,0.0040370941193892,0.7962066266385973
82,0.009667140618069945,0.01681428066798772,0.0006380180191672635,0.000572681583731692,0.9723078791110434
83,0.013388761359812646,0.0023120892966002676,0.00019396947949808794,0.0011614340525463833,0.9829437458115426
84,0.03343828906191652,0.00440428612429,7.508467289175229e-05,0.0005078623521973464,0.9615744777887044
85,0.022869360308403273,0.003208985202090123,0.00017066192746746905,0.0001782528142942823,0.9735727397477449
86,0.09064413027331089,0.007888787856331307,0.0010318957472767714,0.0005319268585084018,0.8999032592645726
87,0.05210394952378573,0.007765692997669023,0.00030119780937288036,0.0007092160312799312,0.9391199436378924
88,0.36825940335721485,0.04284555400354951,0.001284027958645886,0.001090310526489474,0.5865207041541003
89,0.5497308400481206,0.24191569267915608,0.003941864359539216,0.005957373925185159,0.1984542289879989
90,0.34081927442415766,0.4062547338457488,0.014159387897810535,0.008784302038375082,0.2299823017939079
91,0.09635266379676966,0.8548535360054379,0.00853302956372144,0.009534683291763074,0.030726087342307834
92,0.20774063485293298,0.7243175909345319,0.0046412440073205635,0.03624923539504054,0.027051294810174053
93,0.06343708672894545,0.8908038978193038,0.012649145187179687,0.006351500409500224,0.02675836985507068
94,0.0726148631258455,0.8602271723950529,0.03996058400681251,0.003963980994771357,0.02323339947751781
95,0.06063882310676477,0.9167237109027965,0.013403537382431774,0.0024850846769924055,0.0067488439310145615
96,0.029109547340326638,0.8814596623665503,0.08140948892336186,0.002331820233082463,0.005689481136678671
97,0.02128445861966949,0.9041771602678085,0.06653371313139568,0.001792911015032216,0.006211756966094126
98,0.023889289896997186,0.9578476376668501,0.004791374504291478,0.003021828666357044,0.01044986926550432
99,0.010175892753694212,0.6929764153411965,0.2919389457451108,0.00046564394275229996,0.004443102217246336
100,0.01739810561058104,0.838309883624897,0.1360670304172521,0.0004129650705822235,0.007812015276687616
101,0.016059252249415953,0.8232475997152012,0.15229933131054416,0.00044844377723054086,0.00794537294760825
102,0.009505390691253968,0.7024136536065775,0.2787450614295075,0.0005363528729196705,0.008799541399741581
103,0.0076112549178541196,0.5740931766702355,0.4111663952368026,0.0005523046069414716,0.00657686856816642
104,0.015500825261557554,0.7987151238107691,0.17647011356559625,0.0006945718959978155,0.008619365466079198
105,0.013775078742707022,0.48000758025047635,0.4913194488574279,0.0007947902092684319,0.014103101940120178
106,0.009383404611849553,0.5714731104947239,0.4129728216863536,0.0003854871782740587,0.005785176028798734
107,0.007880272200817466,0.685379847540921,0.30067395164056365,0.00024541679687853184,0.005820511820819351
108,0.004045646381837797,0.41615737583646795,0.5746364032151284,0.00018923252630340814,0.004971342040262472
109,0.0066206709131067945,0.5320661940810673,0.45499084342674073,0.00026301378916332777,0.0060592777899218415
110,0.0049202308071502965,0.5428534019402863,0.4479398186034616,0.00035734830236572237,0.003929200346736082
111,0.011269492181817081,0.5994045082189257,0.38402574993393407,0.0003469427626512382,0.00495330690267194
112,0.0036947796247867293,0.32156679173133984,0.6727092208757982,0.0001769178971180528,0.001852289870956966
113,0.0029422719872968695,0.41355061251085556,0.5795441674670303,0.00019845416502436273,0.0037644938697927394
114,0.0023510371697962715,0.4188402830351626,0.5756340959924706,0.00019412618805914712,0.0029804576145112346
115,0.0020866446093068917,0.35422512387374305,0.6414467697357196,0.000232573198289387,0.0020088885829410244
116,0.003015227835631125,0.38080681947526657,0.6135673372203926,0.00016099771950546702,0.0024496177492041374
117,0.0026483567017766348,0.45084966828264184,0.5443349360883195,0.00016135835333212323,0.0020056805739299254
118,0.008376727409438369,0.39675853636762304,0.5915981724790551,0.00022175209364169152,0.0030448116502418726
119,0.008503811532916397,0.4307963859036198,0.553761349496927,0.000308555576134743,0.006629897490401966
120,0.0038355845895399845,0.34949118173405147,0.643696320229645,0.00020992227345718225,0.002766991173306342
121,0.010148003738968464,0.4798475033211946,0.5021651353808223,0.0005799334209575912,0.007259424138057185
122,0.012001676776834592,0.5894923007825905,0.3914883984853216,0.00039712465715512795,0.00662049929809812
123,0.008179956303819779,0.5084237871650578,0.47853679287371403,0.0003114986949609983,0.004547964962447405
124,0.0077324862308578764,0.28023773357150944,0.7069249359663954,0.000156691407126939,0.004948152824110422
125,0.014035108370875618,0.400430066559903,0.5755537380807627,0.00042111875908507345,0.009559968229373722
126,0.004038938406475658,0.15111836642909496,0.8410521330119838,9.528070673820699e-05,0.003695281445707328
127,0.01683102195748327,0.4822595433248923,0.49344015107020167,0.0003213402169195308,0.007147943430503305
128,0.0028719109693636884,0.21423600160219722,0.780591367384062,8.759559121275053e-05,0.002213124453164258
129,0.0023385261399175043,0.16744327893538186,0.8284831251525369,0.00010092813148729227,0.0016341416406765738
130,0.0006432482834988654,0.07070109828708518,0.9276536644583203,3.993505727834745e-05,0.0009620539138173522
131,0.0050422831139819565,0.29439693659523675,0.6962315037998233,0.0002884231425073724,0.004040853348450575
132,0.005300284295415199,0.24429368718047073,0.7464007838846809,0.00019354218095134543,0.0038117024584816877
133,0.002450880930441171,0.16394666790826412,0.8312574306100481,0.0001104265805077832,0.002234593970738765
134,0.00286711534324677,0.15555085641157232,0.8383853446853115,0.00021586719936523565,0.0029808163605043146
135,0.0028942769758279535,0.24704288480783498,0.7462750785678924,0.00025574711276169654,0.003532012535683067
136,0.003181119167341389,0.2307603700971484,0.7634737098880686,0.0004011138898146855,0.0021836869576269294
137,0.008750301993073806,0.3766375853976537,0.6064089128767683,0.0011675638830918693,0.007035635849412248
138,0.00330394059213103,0.21521265745186732,0.777371420238167,0.001621314044509314,0.0024906676733253406
139,0.002869897090410219,0.16014502107525813,0.8337664100884967,0.0008749887240238233,0.002343683021810956
140,0.00916459230382857,0.29566612938557724,0.6860662205110417,0.002308328162916187,0.006794729636636494
141,0.047203842104015084,0.7625385018761044,0.1118793339478766,0.017197025105192276,0.0611812969668117
142,0.10326438098530194,0.7315532700874966,0.03062842344294117,0.01785500403810224,0.11669892144615812
143,0.19081549882871343,0.4378780287635575,0.06380170184185065,0.04036216766698217,0.26714260289889613
144,0.023229129317958216,0.051358495287941314,0.010391761695279587,0.001883463221092761,0.913137150477728
145,0.18988624600252046,0.14569846551041757,0.008161861825886465,0.003643257811898084,0.6526101688492774
146,0.038401988303514066,0.05738874662216612,0.027198983600230327,0.0011176043437844249,0.875892677130305
147,0.011351917762478148,0.006534906708468393,0.0009373637806097146,0.00029765307520884744,0.9808781586732349
148,0.4889625851543965,0.11095288026602,0.0060039081346392196,0.004512170904577078,0.3895684555403671
149,0.22648342612508815,0.2748974205031098,0.010282983535554104,0.004884530974668793,0.4834516388615792
150,0.20216719777821257,0.42643245195357876,0.012446286503413173,0.007495574232051274,0.3514584895327443
151,0.20365165507832525,0.5216545283108972,0.053663646869564,0.024404774413070828,0.19662539532814263
152,0.05308146312689149,0.6036447065279936,0.22017628520504975,0.008989231346965653,0.1141083137930996
153,0.1105038538717179,0.7902899907543054,0.0064928712289336775,0.03137137522790397,0.061341908917139275
154,0.037224305492568874,0.05387944913278641,0.004170565352514851,0.01055156468007052,0.8941741153420594
155,0.06742474478114328,0.02982733033606904,0.006720017730152643,0.01040290090729141,0.8856250062453436
156,0.23005340823809955,0.04468226990481275,0.00029574792227881,0.02372566180812222,0.7012429121266867
157,0.044833565008040886,0.04230784680922977,0.004739439308546064,0.0013989376736267157,0.9067202112005565
158,0.28624865156293156,0.36860428019204106,0.0030668738668917055,0.023294995246083795,0.3187851991320518
159,0.07783481275239952,0.6979166568029539,0.01666567498603754,0.023545442289511175,0.1840374131690979
160,0.07368607411430801,0.7398478031009139,0.006221429849140258,0.0439514631971523,0.13629322973848557
161,0.19097753524159397,0.5018203028407666,0.007474042152134964,0.1712353154888921,0.1284928042766124
162,0.2127082427169757,0.5623390339466134,0.0009027944367711019,0.15463545848976556,0.06941447040987432
163,0.24294201851113228,0.5158068887125435,0.012438757122073055,0.07212300174576235,0.15668933390848877
164,0.16482028255924885,0.17513119889280415,0.001541851976550991,0.045662649571276116,0.61284401700012
165,0.04829584670988552,0.8485118158271502,0.011096223378957605,0.020615447427571883,0.07148066665643454
166,0.2021377558227378,0.3873718654767229,0.005778765324772605,0.054153006664054426,0.3505586067117122
167,0.015904644513108173,0.00979780063108592,0.004707308107085183,0.002006444574694225,0.9675838021740264
168,0.2444353699017488,0.4713735187424361,0.006181976749805382,0.07424152516565322,0.20376760944035668
169,0.1728092315256571,0.6201241762064255,0.00983873690456966,0.02294839812467202,0.17427945723867572
170,0.3232605343378791,0.42230429020794535,0.009594007153365863,0.05090744640134059,0.1939337218994691
171,0.29093487893071196,0.47718245771581597,0.009574794106473081,0.05852804092273934,0.1637798283242596
172,0.3639543842658917,0.3259699738178209,0.00025848494847128975,0.22421889507698825,0.08559826189082781
173,0.10742536596083557,0.2984374560896677,0.0047332586329870184,0.06899286507927889,0.5204110542372309
174,0.133728262334972,0.19126634071245258,0.0034949625063322447,0.05898863937806103,0.612521795068182
175,0.1518079054620889,0.10319070710202936,0.00017643418607128988,0.10649675889260883,0.6383281943572016
176,0.349588252726889,0.1553826098859669,0.0001755628860604871,0.3167286657276773,0.17812490877340628
177,0.13211722655841376,0.04526366465914553,0.00015811424378738944,0.2543309089036501,0.5681300856350032
178,0.005814227163183517,0.0044479349797360845,0.0010827957151407588,0.002182397550172131,0.9864726445917675
179,0.05440815753676293,0.014929405633806226,4.5934014963814954e-05,0.00862798739238955,0.9219885154220775
180,0.022402264565964104,0.017534663803152273,0.0014678891437175869,0.0033445783235958497,0.9552506041635701
181,0.015865258186162967,0.002561549203760925,1.5708940271027196e-05,0.0013312530535481973,0.9802262306162568
182,0.33251328186177326,0.018429872154201356,4.9658135281663006e-05,0.009248922016179205,0.6397582658325645
183,0.02921206666501756,0.011204549968563826,0.0003646035282714716,0.0033081629738151443,0.9559106168643321
184,0.01416114317540815,0.002823487913731989,8.156087639294069e-06,0.0022758715662199907,0.9807313412570006
185,0.1507245499148648,0.06336931966518457,0.00010154868997429127,0.043941616610721025,0.7418629651192554
186,0.13278421037539626,0.07090954716169613,0.0004993950954333347,0.032012905644882114,0.7637939417225922
187,0.00715514577698702,0.004677248811794039,0.00012941769994516598,0.0033051408052350117,0.9847330469060388
188,0.033673441101879004,0.011375756678040264,0.0014632142820707693,0.0064370034182778466,0.9470505845197321
189,0.04136892850454618,0.008349337133513296,0.00033285265898901447,0.004493556976670089,0.9454553247262815
190,0.020219727948004473,0.003710395824512669,0.0003047828281728779,0.0025941319122421676,0.9731709614870678
191,0.035491980036993005,0.008403883064488436,0.006357353336918217,0.005271256099661866,0.9444755274619384
192,0.02013174580498944,0.005550288934762873,0.0032327712292305505,0.0068208296724461175,0.9642643643585711
193,0.012012667904255004,0.0021935328062336907,0.00020338318018868015,0.0017344028262190796,0.9838560132831036
194,0.016658492135552393,0.003638126443388169,0.000315347907081987,0.003112462427438533,0.9762755710865388
195,0.005558705075732508,0.0006002202382148063,0.00013874955214151046,0.0005172945092371261,0.993185030624674
196,0.012899121745185958,0.0018804002889702715,0.006048946600979238,0.0014298439941441876,0.9777416873707202
197,0.001241591596107463,0.0006638301655352704,0.002155156904370512,0.0008495680894674846,0.9950898532445192
198,0.002118809913473258,0.0004291924287905105,0.0011041111226217147,0.0017874567888459094,0.9945604297462687
199,0.0009617997426690091,0.0011584575865324688,0.008687134949165098,0.0024000860756940505,0.9867925216459393
200,0.011064490151893546,0.0019504902816792388,0.00037966622230168614,0.011556251082384837,0.9750491022617407
201,0.03080778863835665,0.003160774911951536,0.016021388316723766,0.009061032138301728,0.9409490159946664
202,0.00354470721875888,0.0017836444964432065,0.001345784401942923,0.0013525801959216846,0.9919732836869332
203,0.05297809446702246,0.01569889152993412,0.004091657259502039,0.00938381155483329,0.9178475451887081
204,0.034302602365145776,0.004960934729263141,0.012964170592354059,0.002434086908607573,0.9453382054046295
205,0.006677354114232386,0.0018026249390654732,0.005052706133952606,0.0003285705666471592,0.9861387442461024
206,0.004695947243832415,0.0007828112734994041,0.001821566458592148,0.00016684245793236396,0.9925328325661437
207,0.004308679580288014,0.0010860996507141409,0.0003919867729523571,0.000585449927864658,0.9936277840681808
208,0.0009655144235808117,0.002323225308084245,0.00012560749176466547,0.00019118301497876274,0.9963944697615916
209,0.0014317472817069732,0.0014440984328142345,0.00012758715570958834,0.0002860882484885084,0.9967104788812807
210,0.0014470662969706177,0.003934843337652368,2.0165592110603131e-07,0.00026338478481026476,0.9943545039246456
211,0.0017629360766717446,0.0071089102676873215,0.0001164390016342845,0.00022869234957303646,0.9907830223044335
212,0.0011729449238529863,0.00557053447531346,3.4729586571778575e-05,0.00016213792021477962,0.993059653094047
213,0.0014880089488947831,0.00675249745752946,0.00010156718817773068,0.000189950346982183,0.991467976058416
214,0.002709615371640534,0.0069346408765796,8.845808175337871e-05,0.0003203441673830052,0.9899469415026435
215,0.0021719233444738263,0.007232270508393067,0.00015475308793896293,0.00025962770991477243,0.9901814253492793
216,0.025345794835720185,0.047380806847106285,0.005862838832348104,0.0008512354581993298,0.9205593240266262
217,0.012380529125371076,0.0074810057919718915,0.0006148174743773202,0.0035033822008645357,0.9760202654074152
218,0.01151868896664078,0.005631736952848567,6.840241200437231e-05,0.00975831591971022,0.973022855748796
219,0.010791906856287945,0.0015307319587359283,4.532309993605944e-05,0.01320935892724786,0.9744226791577922
220,0.00414324566492081,0.0006247886999656501,2.066268450433458e-05,0.002780622764513778,0.9924306801860954
221,0.018249792738919475,0.0010133035278660123,2.23338994787381e-05,0.005179032653194309,0.9755355371805415
222,0.013888808576167587,0.001272997648563149,2.829012240987639e-05,0.01507202392197146,0.969737879730888
223,0.009412779946533126,0.002424259715698706,8.776652105608905e-06,0.008867186153744938,0.9792869975319175
224,0.05305716694262788,0.008156799447448137,2.758212897513696e-05,0.11271886960292281,0.8260395818780261
225,0.12326589329217648,0.021115227457557575,2.7558296725709365e-05,0.2955494415290828,0.5600418794244574
226,0.09001376185796925,0.009877773595526034,2.963915794452843e-05,0.12502275114910907,0.775056074239451
227,0.10534430847637942,0.03664753497915991,4.176840199979063e-05,0.24797313236611565,0.6099932557763452
228,0.05820592718762222,0.04819127066660736,0.00018421564856908312,0.35520850757823397,0.5382100789189674
229,0.1752227348172636,0.010641089221203657,2.1037893387782696e-05,0.27143647490531253,0.5426786631628324
230,0.017912661046115375,0.002707817584534647,2.2019445817762044e-05,0.10390312999423162,0.8754543719293005
231,0.12588324154288644,0.007778806125024218,0.00011943627687802176,0.3908500681230579,0.47536844793215344
232,0.01795317595754308,0.0030007409136750124,7.328461862764713e-05,0.16261723282179574,0.8163555656883584
233,0.03619620202421859,0.0071105326758158765,0.00016783674727481403,0.2428018634654819,0.7137235650872088
234,0.02853757494543096,0.008323548327250485,0.0002053059223171358,0.08563736706407357,0.8772962037409279
235,0.016561632957099486,0.0022328802383007828,8.276591172313054e-05,0.04364993583654509,0.9374727850563315
236,0.005154626113129845,0.0011204440670069865,8.21584053317273e-05,0.009154798017045157,0.9844879733974863
237,0.07261526483228228,0.00814565871205519,2.1258113360941272e-05,0.026424434785455794,0.8927933835568458
238,0.06910725638625928,0.011252434509807315,3.782114273954523e-05,0.01730251724902927,0.9022999707121646
239,0.058949883809348055,0.013579457620169943,4.308139989608532e-05,0.016661890980653744,0.910765686189932
240,0.0676964704841416,0.01197342210461295,5.9369409455247465e-05,0.016821060269157456,0.9034496777326327
241,0.039460839173984325,0.03271029225895872,0.006106207623705302,0.0027221125883725877,0.9190005483549791
242,0.051951282732140315,0.02223643638748836,0.0003014348957208581,0.004628081917103719,0.9208827640675468
243,0.035788044479280134,0.017578897310141978,0.00023932353213793894,0.004722419242185814,0.9416713154362542
244,0.016722398453227965,0.007906084052416721,0.00022914356180499506,0.0024877500725738735,0.9726546238599765
245,0.023820695499487343,0.009938166683393519,0.0019100403067205166,0.03142081842195886,0.9329102790884397
246,0.06211053347610928,0.0048929201591353675,0.0007416922914277871,0.02131300850412004,0.9109418455692075
247,0.04895811971318344,0.004107328779794019,0.0003356087771233789,0.041125304139421455,0.9054736385904776
248,0.04959278285844876,0.002890545916168684,0.00010253562651528322,0.040727642762652116,0.9066864928362153
249,0.03179260074244417,0.003819085138813159,0.0002704801230524567,0.04596879181342074,0.9181490421822694
250,0.015093853346593428,0.006004093372306503,0.0003031539027102022,0.2812744591774494,0.6973244402009404
251,0.052664836503499776,0.008210844268802002,0.0006884244700227633,0.3840477609876205,0.5543881337700549
252,0.06966758552481118,0.005449693032564051,0.0006038409938333942,0.16675878516373638,0.757520095285055
253,0.05562955255574085,0.006782640481105971,0.0012022617767653695,0.09631270006017122,0.8400728451262166
254,0.003831928757324919,0.0002571121396345793,2.6801094436596817e-05,0.012789920821449963,0.9830942371871539
255,0.0232050651820251,0.0007193389190561582,0.0002598342884714041,0.030919033947249524,0.9448967276631978
256,0.05556193421283635,0.0015486666488660425,8.287042808401588e-05,0.054460417485725,0.8883461112244887
257,0.04025300405090958,0.0032825960411208273,4.6738408108125614e-05,0.039055108612993474,0.9173625528868681
258,0.024338533087940963,0.005142134720102329,0.0014703715108537558,0.003694039333542797,0.9653549213475601
259,0.03291857260241635,0.002974747186238829,5.076409107990153e-05,0.006167582106624598,0.9578883340136404
260,0.031135977155737453,0.004674281526321355,4.442176460001915e-05,0.004172815674947357,0.9599725038783938
261,0.017043811757037088,0.001631842630843675,1.1106279872335756e-05,0.004867786067639135,0.9764454532646077
262,0.19063366020899786,0.01050294364227548,4.967336701714146e-05,0.046272137345645475,0.7525415854360641
263,0.13852168048649594,0.012718784176520649,6.7155345247458e-05,0.053923431923882444,0.7947689480678536
264,0.17417935526473513,0.050028463003699335,3.719818438879562e-05,0.06352522069691109,0.7122297628502657
265,0.27930060145315544,0.03719797748335754,8.564820348619293e-05,0.10385967668395595,0.5795560961760449
266,0.20429178415938148,0.06505693285485091,9.787530904299465e-05,0.08663128683407746,0.6439221208426471
267,0.26451963094197156,0.05397727326184078,0.00011548174007561234,0.21256666468869426,0.4688209493674179
268,0.5247405047945369,0.12739563372920223,2.9398149029731588e-05,0.287919095076526,0.05991536825070507
269,0.27603499656922287,0.405647367769106,0.00011079847847191284,0.2928992688612045,0.025307568321994833
270,0.1230721488715375,0.6759739221022381,0.0022195895505796293,0.1795373733188721,0.01919696615677281
271,0.028924119734091248,0.8651568237563715,0.001025425858875198,0.09715945403103304,0.007734176619629213
272,0.032742451310777854,0.8914304566750414,0.007666390432285772,0.05517615404417792,0.012984547537717
273,0.01630342140707605,0.8675978936771511,0.04641364300035796,0.05324000783254411,0.016445034082870832
274,0.027801574341156984,0.8922872635508723,0.01156726324108489,0.05479987273190404,0.01354402613498168
275,0.041589261506956014,0.11630397019214217,0.013712594992634806,0.06011645316782441,0.7682777201404426
276,0.15677957513360827,0.564017003389326,0.0005940573347915132,0.203886914480787,0.07472244966148718
277,0.05241257983726553,0.6943495708966934,0.002811074214329459,0.2414444846676338,0.008982290384077938
278,0.09618940007489064,0.13885428128084584,0.0015003830404845034,0.2763271195592729,0.48712881604450614
279,0.1510636315154562,0.2596379150587056,6.595452473142495e-05,0.5036630205782143,0.08556947832289248
280,0.03885150452074353,0.720411090660974,0.0012680135825344305,0.19479428509455257,0.04467510614119555
281,0.018668795509107376,0.7598543103169698,0.00023294839405440265,0.19577463330424802,0.025469312475620377
282,0.021572259046414955,0.044004854746033696,0.004874311452550342,0.10002683330834733,0.8295217414466536
283,0.014074472191410267,0.012936978442990943,0.00011419261529405036,0.08109997075820687,0.8917743859920979
284,0.017704129868339386,0.003352068285252475,0.00013900812940370247,0.012183882045171684,0.9666209116718326
285,0.08391693694767748,0.011193896630854485,0.00017859409127397806,0.027909064473776196,0.876801507856418
286,0.3496362967976124,0.009148053898870457,4.355072442764967e-05,0.05803927915860453,0.5831328194204851
287,0.5473257614252955,0.07422910412019317,0.00013013836544474068,0.1611317455297786,0.21718325055928797
288,0.2643434087515741,0.4437182907352412,0.001561048001684363,0.21469698281766475,0.0756802696938356
289,0.26442888736354064,0.2909448025397808,0.00023259838173374288,0.37646542092656454,0.06792829078838032
290,0.0935403982159141,0.8146119991359876,0.0007312600426895179,0.07764570513394217,0.013470637471466653
291,0.06322988545544637,0.8331606024601808,0.00548119490127893,0.07285939961355596,0.025268917569538207
292,0.049434687645459045,0.8794848799838968,0.005723312057852856,0.05605227569066543,0.00930484462212587
293,0.015200262806166322,0.9516793022293463,0.01104173467189804,0.017673837626105953,0.004404862666483263
294,0.0237243736594669,0.9390120865220801,0.0018575692895589867,0.03017625614796017,0.005229714380933854
295,0.006470941383975311,0.9734715459380293,0.0023629114936957636,0.015010914879949294,0.002683686304350402
296,0.0039104213303759764,0.9838181592192301,0.0036462081868628834,0.005434122952148546,0.0031910883113826557
297,0.015203043509550197,0.9467817044441557,0.019661724395689265,0.011663328117739897,0.006690199532864948
298,0.006265612733049712,0.9388635522137115,0.0425137333205704,0.008087821792392291,0.004269279940275737
299,0.017679445890702576,0.6970128398667864,0.25602976827993273,0.006974158552891561,0.022303787409686606
300,0.2856651354734338,0.5210681178779828,0.0007986964143813285,0.0306509487626109,0.16181710147159112
301,0.11659868610201093,0.8083659288762711,0.004065053532071383,0.03535632960381023,0.035614001885836306
302,0.0479672438143098,0.8685724032187161,0.04212720488606816,0.005804370935748405,0.0355287771451575
303,0.07971674142715576,0.13076245619633314,0.02444432997815921,0.012232145141834527,0.7528443272565173
304,0.011681219819603848,0.022748960308534644,0.006070421284715655,0.0031102456354660628,0.9563891529516797
305,0.01598920447563032,0.006605387098845732,0.003767088938590924,0.0010764769516291696,0.9725618425353039
306,0.0035937611976622932,0.01404005225680215,0.023594395506226218,0.0005348327094229887,0.9582369583298862
307,0.01790572641499322,0.008640727321580562,0.005283774394915525,0.003776632392391003,0.9643931394761197
308,0.019161979830763835,0.00913621647491854,0.018565211798412674,0.0028806199659457657,0.9502559719299591
309,0.016581306865924843,0.007121176223541869,0.008062670658956439,0.0017348166197606958,0.9665000296318161
310,0.030109554943731343,0.017563890127260295,0.023315414406050596,0.003075925351971894,0.9259352151709859
311,0.2729753414200534,0.03383051681273139,0.03638283967981981,0.006034141003032226,0.6507771610843631
312,0.13548671214366884,0.143020741576428,0.1332806208995337,0.014292350609267566,0.5739195747711018
313,0.43480023875955165,0.273452096601738,0.03599313599065191,0.029470378735026385,0.226284149913032
314,0.17749703393616173,0.5674838717974394,0.019818206726725754,0.04282204641563807,0.192378841124035
315,0.055627997389817094,0.7650338207131931,0.07581186563847676,0.03898410867626518,0.06454220758224764
316,0.05247247832467947,0.850870939721853,0.05928343666043036,0.026247662712550423,0.011125482580486672
317,0.33818096098297445,0.25363679540551815,0.013565357391690541,0.2399592988445776,0.1546575873752392
318,0.26813062421767847,0.47738156132335413,0.01748023341182614,0.10724734788200521,0.12976023316513616
319,0.21967436679754343,0.6772683895346607,0.01924519242601884,0.03533862357312613,0.048473427668650794
320,0.1306906510164962,0.7766534455148834,0.023935021893116658,0.013518142629488679,0.05520273894601509
321,0.07972231363334384,0.6693028122725373,0.16791048244223852,0.024205102374088776,0.05885928927779171
322,0.09645913502002319,0.7525832157925696,0.023020070922951018,0.05833525656541375,0.06960232169904242
323,0.09359366536627702,0.8529316533075953,0.030252845379024798,0.015476726951173811,0.0077451089959289475
324,0.05599922581505326,0.8750975614706297,0.04567047927880457,0.015864529339006214,0.007368204096506261
325,0.02924419834430186,0.8243305018675107,0.1307914567464951,0.004077972946879365,0.011555870094813217
326,0.02458044060273584,0.905706461590193,0.06181997215845401,0.0034953494974474682,0.004397776151169877
327,0.018346896742159634,0.9104755203974807,0.06569942721939384,0.0019824719765911395,0.0034956836643745986
328,0.017112314565829383,0.7917780076982472,0.1833202834094509,0.002417208410170105,0.005372185916302346
329,0.015004118552897395,0.9650515981804503,0.01570474183878523,0.0011800861529267122,0.0030594552749405863
330,0.0062651838728925895,0.8513440462377854,0.1395895854624846,0.0005280528067175965,0.0022731316201196816
331,0.011027104023861442,0.8858687296747817,0.09719414316406365,0.0005125450333953688,0.005397478103897834
332,0.054643473330761395,0.8600999189266897,0.05709160389335941,0.001997936050056812,0.026167067799132842
333,0.014453355426117736,0.7646198812391206,0.19371638748261788,0.0008421894946093262,0.026368186357534497
334,0.01288702888012067,0.5973482533244974,0.37398192356352083,0.0006484899099815974,0.015134304321879422
335,0.030819984683125554,0.7846202021212275,0.12752052729686125,0.001246679966094001,0.05579260593269173
336,0.023157744808053073,0.7595376419621295,0.15253592898232857,0.001845956446135985,0.06292272780135295
337,0.01187853380717694,0.5332987878285071,0.4281934469077352,0.0006680092495823617,0.025961222206998258
338,0.028499259024547193,0.49259992868155,0.4639674386729505,0.001293006521341634,0.013640367099610811
339,0.0062357366465201295,0.4199555154452175,0.563691700361983,0.0005409072564452228,0.009576140289834133
340,0.015924245716243405,0.515202599267393,0.43383924767090537,0.0012438529205470435,0.03379005442491126
341,0.0038508213422939414,0.3552815885463013,0.6332200204110046,0.00041330973328515346,0.007234259967115055
342,0.01118918028591884,0.5804952396204422,0.39363044935165037,0.0007614314827761354,0.013923699259212321
343,0.005405804027093029,0.35436847367446517,0.6330383728901119,0.0004916593001770301,0.00669569010815289
344,0.005658922773381946,0.5215150534129902,0.46296761273155296,0.00045202834075109736,0.009406382741323717
345,0.00876099692680763,0.36691521779218556,0.6177744213734983,0.0006330529038440516,0.005916311003664471
346,0.0029755695304520577,0.28942689610125083,0.7017649240977283,0.0003788086292296472,0.005453801641339063
347,0.006895160723606234,0.31801559509830585,0.6648960852570076,0.000499006858529506,0.009694152062550832
348,0.0030468060099592487,0.20552743643567234,0.7885859419736634,0.0004329630828818263,0.0024068524978231804
349,0.005816794368304649,0.2912451923084751,0.6989422423064353,0.000582783505608108,0.003412987511176705
350,0.0054106338423368,0.2247236157023843,0.7607984947015239,0.0007589504877700524,0.008308305265985135
351,0.0022908768994352995,0.19565026849338268,0.7985225683062228,0.000295508453144643,0.0032407778478145146
352,0.00807003766118736,0.3738838244279917,0.6102560108849605,0.0008683888247003042,0.006921738201160148
353,0.007153835817781466,0.46410106497412384,0.5178671108489235,0.0007998192552006893,0.010078169103970582
354,0.004435038679963344,0.1980769922164865,0.7897077677384771,0.0006647551571136118,0.007115446207959411
355,0.008599228357469553,0.2957013587061568,0.6848575314218388,0.0011821376087548605,0.009659743905779925
356,0.0020747261736857227,0.09667488843646202,0.8971434178598907,0.0007756677936784811,0.003331299736283197
357,0.0030367867093000255,0.22653915640224345,0.7603762688583078,0.0009738414264760224,0.009073946603672757
358,0.0013665132567525302,0.13297220260477452,0.8611938194490228,0.0012575618576915481,0.003209902831758604
359,0.208580897607328,0.4775668532725058,0.07665513096856852,0.023775357857362695,0.21342176029423496
360,0.16637451410061455,0.4939963434085515,0.041745275338738994,0.03723176363579124,0.2606521035163038
361,0.1814206902585449,0.5811660013445414,0.07916295568455213,0.06276637817831829,0.09548397453404316
362,0.21744042023569346,0.43550921873340603,0.2240549461102662,0.04434018708005958,0.0786552278405749
363,0.15332406335350143,0.56267194103397,0.06287613497312214,0.11042713517503017,0.11070072546437629
364,0.18513785584320464,0.12658749470622754,0.03429510305432998,0.40803778478330766,0.24594176161293013
365,0.12793069837856913,0.11866283211457192,0.0003246954336842612,0.7260785939230167,0.027003180150157978
366,0.1255019502310376,0.13148828246404154,0.000792076851800491,0.6657101297997595,0.07650756065336081
367,0.10319269840479846,0.07839103714511056,0.00032892086552989327,0.6728607228788921,0.14522662070566902
368,0.09096156312268726,0.10965485160401504,0.00015545913305076934,0.7534824717949662,0.045745654345280856
369,0.08355068491852813,0.05884079484876009,0.00014549245427707445,0.7875970337294601,0.06986599404897453
370,0.09169344842180703,0.032526085414441505,5.930754200888758e-05,0.8587622706120844,0.016958888009658113
371,0.10493132791898054,0.08118440520172023,2.9813510816616424e-05,0.7865903073972169,0.02726414597126565
372,0.07227257940168155,0.1190051110323321,5.2808747374486456e-05,0.789824980005066,0.018844520813545942
373,0.06353478759002844,0.035223696703345894,1.0915296716004776e-05,0.8850162908836374,0.016214309526272144
374,0.07728463684796515,0.043710800485120355,7.514022351534511e-05,0.7757142143839505,0.10321520805944871
375,0.07782483939877126,0.03919700634905222,3.133904953245667e-05,0.8683168653039108,0.014629949898733235
376,0.07989504807845559,0.04684171483299704,6.870700964887479e-05,0.7681098517019439,0.10508467837695461
