epoch,N1,N2,N3,R,W
0,0.007473090789684848,0.00044374687784397407,4.5083844249950814e-05,4.501143275499944e-05,0.9919930670554662
1,0.002898465693881011,0.00030910614781638046,6.102133694469663e-05,3.822110333115877e-05,0.9966931857180268
2,0.0009545556950418454,0.0002448112963804597,2.130251622729219e-08,1.0851622213852907e-05,0.9987897600838476
3,5.40605812046464e-05,1.249705911534382e-05,6.858429564979746e-05,2.991556023474803e-06,0.9998618665080068
4,0.00025533233265899794,2.3441250811839594e-05,1.1797603598309283e-06,1.4764070839112289e-05,0.9997052825853301
5,0.007382807673851017,0.0001016901347692332,4.288120086428433e-06,6.77646516738573e-05,0.9924434494196196
6,0.12154253586462951,0.000977900501450811,1.6033466002012874e-05,0.0004080860237793724,0.8770554441441383
7,0.1288787367307613,0.0005472229819781156,6.706701132880805e-06,0.000354786442203478,0.8702125471439242
8,0.142306425927886,0.001210381997297808,7.185152132197141e-06,0.0010163797813640798,0.85545962714132
9,0.11402324266974875,0.002503715752709126,9.172558832529052e-06,0.0021642797886540555,0.8812995892300556
10,0.06279371487508549,0.003749555103207555,9.444791941087254e-06,0.002242526721442424,0.9312047585083235
11,0.00022266258609847158,0.00010006547271323056,1.1981994802984839e-05,7.426449349963985e-05,0.9995910254528856
12,0.12193878434180931,0.0009920386495588878,9.149076969297995e-06,0.0010023829353156255,0.8760576449963469
13,0.04601518374837208,0.0022853008287860737,9.340727756314149e-06,0.0007860743027595239,0.9509041003923261
14,0.35665523788152886,0.006730806973459077,2.3955691631204162e-05,0.007917322664285785,0.6286726767890951
15,0.24426800671101845,0.007882224764626604,1.9191978847906355e-05,0.019902676546159872,0.7279278999993471
16,0.007682791499270115,0.0007943590296623676,1.5676772702216502e-05,0.0007489107500939825,0.9907582619482712
17,0.23028436489723828,0.005919410237639675,2.480414989242237e-05,0.017436890889332,0.7463345298258978
18,0.4709964234389297,0.010813389041333813,1.7143865176957554e-05,0.022517721025706077,0.49565532262885337
19,0.5256487822344243,0.025879430103512995,1.1048557068242096e-05,0.019232696242107897,0.42922804286288646
20,0.48522374180083144,0.03076400959533949,2.7652622106908335e-05,0.10366362971160638,0.38032096627011586
21,0.5585699349052766,0.12174779507479902,0.0002647434135426759,0.023021853311857066,0.29639567329452476
22,0.044705246552966545,0.007163213487305076,2.7931639516043156e-05,0.017026746285080246,0.9310768620351321
23,0.5177419269857748,0.027067657530867945,2.181179220605137e-05,0.16537286408457907,0.28979573960657223
24,0.5056805234292584,0.09089915602589305,5.213434322464079e-05,0.11880317225515198,0.28456501394647193
25,0.5160169009192282,0.22977170428465649,0.00012817458913736706,0.04469128519472782,0.20939193501225006
26,0.5902613871705901,0.1320815640281872,4.9519492294417516e-05,0.19049445931558498,0.08711306999334333
27,0.3687120877079643,0.23036041543820657,0.00015204716166285228,0.17091587823629298,0.2298595714558734
28,0.3958241704371982,0.2606091514862265,0.00014311403935721832,0.1592940773415084,0.18412948669570955
29,0.4276624552693871,0.2672844892441481,0.00045479518074391807,0.21493489524596565,0.08966336505975525
30,0.4139630484884418,0.19186066269031637,0.00010407966685665952,0.26249292037994293,0.13157928877444225
31,0.4808961599668219,0.17331599807518291,0.00018291896165049647,0.25787195997827483,0.08773296301806985
32,0.4519116337139556,0.32227747574568355,0.0002696986250045194,0.10960706136410522,0.11593413055125106
33,0.14495931138206794,0.09896338621612623,0.00033712024477129145,0.01704549068544861,0.738694691471586
34,0.520040869544357,0.15276469341273283,0.00014614978512297186,0.22592242283334327,0.10112586442444382
35,0.33518585145407576,0.29448972037309734,0.00030533942305238393,0.19325615440504074,0.17676293434473378
36,0.2895268410532544,0.14949423162613681,0.00014913089136910855,0.050821998754344,0.5100077976748957
37,0.05096340520487191,0.04369961017852758,0.0014303552454003686,0.0035870588120904125,0.9003195705591098
38,0.2391413691675924,0.026986047612528135,9.662364113952522e-05,0.015889931953190044,0.71788602762555
39,0.7315963091810521,0.09303492334425198,0.0002096303934798487,0.04360652032975591,0.13155261675146
40,0.6717485426858878,0.09952927663138023,0.00025080098264754333,0.0161637810250086,0.21230759867507587
41,0.38922632506379484,0.4757183158252492,0.0011402738715953875,0.04309764574081356,0.09081743949854708
42,0.37040490445308394,0.2622911568470813,0.0005173076967980882,0.047223938929692066,0.31956269207334453
43,0.24398339015861573,0.5114268691199692,0.0015236499459197986,0.03831764220813415,0.20474844856736127
44,0.055668922767718884,0.03177172496023252,6.98675521512779e-05,0.004880175433196245,0.9076093092867011
45,0.1297932095099599,0.06386381304855102,9.281621061896449e-05,0.005404107127093027,0.8008460541037771
46,0.007028052976902639,0.006437748255643087,0.0006371713683393228,0.00021489762653379834,0.9856821297725811
47,0.0036703665035402017,0.0012434231779184382,0.00018641980301901706,7.410390393938995e-05,0.994825686611583
48,0.028253857699540013,0.002139714465692223,9.80171465036744e-06,0.00020235034655676098,0.9693942757735607
49,0.5037734438902242,0.004054204672176136,4.1613716699256084e-05,0.0003545322250377495,0.4917762054958628
50,0.5301292103481591,0.015432887377034115,0.00017623604123969671,0.0005248787942814856,0.45373678743928564
51,0.8696208647993163,0.019098290517174498,8.660652737458895e-05,0.0017566241598777834,0.10943761399625676
52,0.8576966223986909,0.09658452285941807,0.0001944598148154951,0.00818775212739341,0.03733664279968209
53,0.7200618905401333,0.23758844609988247,0.0002401549015616456,0.019812037049627276,0.022297471408795424
54,0.16213259712118494,0.7617513723964469,0.001845152312007338,0.017832361359191105,0.05643851681116997
55,0.38466055665815546,0.4987635111248313,0.0004080066228218733,0.09880560926197257,0.01736231633221871
56,0.03661505292226709,0.9188038510191732,0.022856507465592778,0.009013117485749823,0.01271147110721714
57,0.039048027986670786,0.9213935522406095,0.026467138728470698,0.00819539034734767,0.004895890696901332
58,0.029453745941341435,0.8351015429102031,0.1276376230480763,0.004735635337742207,0.0030714527626369646
59,0.11585864604464524,0.834533262331209,0.010445699634251028,0.015907332419366725,0.023255059570528147
60,0.11139508370726899,0.8578913337542068,0.014950634664570027,0.004388982383834672,0.01137396549011968
61,0.02206684402502935,0.9544333989290543,0.01964441505611953,0.000289877882010541,0.003565464107786403
62,0.00757763775024639,0.8596697846908105,0.1310433280108712,0.00010758682451256494,0.0016016627235592921
63,0.004137529037882689,0.7369441300598037,0.25638367567613307,0.0001832120710807448,0.002351453155099587
64,0.009471745789671134,0.8257894478426822,0.1593894751207859,0.0003228052946405265,0.005026525952220121
65,0.002386016402867011,0.4455569107010626,0.5497213049738824,0.00021228855901374953,0.002123479363174269
66,0.02343080477549661,0.8008952161208734,0.17105666882335135,0.0004960082062408624,0.004121302074037651
67,0.002910968374293228,0.560321926495846,0.4354275356957351,0.00013169147149910828,0.0012078779626266136
68,0.002389645992322544,0.18736975387477892,0.8091524241891447,5.492016113992864e-05,0.001033255782614059
69,0.0021334486500497983,0.19430255581528685,0.8023703500384223,2.8170272915378752e-05,0.0011654752233258405
70,0.00399294284456804,0.34210857850880666,0.6513472850026178,0.0001218152217608396,0.002429378422246839
71,0.0031033508480875606,0.2063044700724469,0.7889663376219851,7.63282828939593e-05,0.0015495131745865316
72,0.003069484272117155,0.19730354821491772,0.797465682908365,0.00026033697426397,0.0019009476303361228
73,0.005317250039010742,0.3864337144091955,0.6045019587415755,0.00036831604919899757,0.003378760761019094
74,0.004351561103852047,0.28087984907720137,0.7112307954678456,0.0002198670141787949,0.00331792733692215
75,0.004139378316005489,0.25446883850818414,0.736417559477412,0.00020765797184109619,0.004766565726557248
76,0.1547727520879411,0.4726643138726312,0.04714484975523559,0.009295590519966892,0.3161224937642252
77,0.01238125269084344,0.6344695069858157,0.325749056389559,0.001684242495640565,0.02571594143814133
78,0.06867468065900184,0.3378684604463114,0.012793021236077973,0.0028686210499444544,0.5777952166086643
79,0.04960008104176488,0.0434481119843094,0.006969383437205031,0.0012233801101033147,0.8987590434266173
80,0.4138668366043087,0.14774009488132245,0.002053257222349217,0.0048003107768344625,0.43153950051518525
81,0.46382640012959864,0.4230112628031939,0.004329331959258306,0.005031594112404805,0.1038014109955443
82,0.29843785167152953,0.6429087024728155,0.00628163043129264,0.002518877354319584,0.049852938070042804
83,0.06890560996614771,0.8574717086747257,0.029216593050293237,0.006428773820621662,0.03797731448821168
84,0.03899948527823925,0.2190955994021587,0.024946016634238278,0.008421477263658788,0.7085374214217051
85,0.3419374745355751,0.09664434418262499,0.0022377650262494797,0.023858813115805802,0.5353216031397446
86,0.19090375308248253,0.6976861664647114,0.052089942603787236,0.009465232928212311,0.04985490492080647
87,0.2045009728075169,0.740040636326311,0.015988154783282162,0.01024651157029555,0.029223724512594265
88,0.14429329524932424,0.5057059301574355,0.02060448766429338,0.00807424767184133,0.3213220392571055
89,0.02164548337630416,0.8901672927924137,0.07863409877152466,0.0031327417353531847,0.006420383324404192
90,0.1955548300307422,0.19561375025757297,0.007465243136709671,0.002151567134846,0.5992146094401292
91,0.5920008218531106,0.32345060571952167,0.0035724904857664715,0.010559786864832364,0.07041629507676886
92,0.018253543071547564,0.9289936169582341,0.045392665031653553,0.0016458638706715195,0.005714311067893258
93,0.1464930640822476,0.8004774317661612,0.008048908534460102,0.015560951950210079,0.029419643666920903
94,0.28333933506024594,0.26782583942735183,0.010688001632267095,0.0067811595078313205,0.43136566437230367
95,0.054264412190165354,0.9159913644824365,0.005864336317835007,0.00856846828695484,0.0153114187226082
96,0.044188190043584256,0.9123396442285425,0.0249469934827825,0.005528380517499808,0.012996791727590766
97,0.5233103091503114,0.21369122648831282,0.003501378170087598,0.03444969079928702,0.22504739539200128
98,0.16989481321325714,0.6676478866825345,0.021844848545093793,0.05216592904849791,0.0884465225106167
99,0.6991883921793763,0.08291785079817127,0.0016867151640388505,0.0014850688235784342,0.21472197303483487
100,0.15127896548862796,0.8220861535068847,0.0032037671692525735,0.004021789455830945,0.019409324379403587
101,0.3982366352236783,0.5120267545582562,0.006571652498896628,0.0075741592248421835,0.07559079849432673
102,0.24727433294276147,0.7292981774527656,0.003662559057325276,0.006359543330753533,0.013405387216394034
103,0.20370626645986853,0.7578821240701372,0.008796599998154226,0.006897497871077659,0.022717511600762165
104,0.027134590958188508,0.9122091749072838,0.056978147132172474,0.0010323421623654047,0.002645744839990012
105,0.03556469786280456,0.9270444788066409,0.025242493951453764,0.006307813428755048,0.005840515950345745
106,0.022785021850338247,0.9443424256383003,0.017141580980671683,0.0037718752004241994,0.011959096330265297
107,0.004719831403688327,0.696466358776988,0.2952913660466657,0.0005871111580466753,0.0029353326146112817
108,0.013550117865268142,0.7695503099566573,0.21398589956089648,0.000588865322899569,0.00232480729427845
109,0.003708249781246641,0.5014129288947768,0.4929597852981195,0.0002009289831942484,0.0017181070426626661
110,0.0035475013289308177,0.43942076799766705,0.5549431568634005,0.00016634662727811763,0.001922227182723516
111,0.005683246689612547,0.28821935891439326,0.7026974410766865,0.00016944419176619872,0.0032305091275415493
112,0.0015808031052394996,0.20124233212027956,0.7958351872400062,8.442140158815573e-05,0.0012572561328866084
113,0.0018817816338295309,0.17510773678626523,0.8216125593568965,0.00010771466570006287,0.0012902075573085082
114,0.004297047580553614,0.5832791655800801,0.4098643307966917,0.0005052672449598211,0.002054188797714854
115,0.0034238800487625524,0.28313927613679096,0.7115528901805428,0.00017857234775101247,0.0017053812861527258
116,0.004296101600966944,0.3134724269146371,0.6787514800419305,0.00025701589714121476,0.0032229755453241655
117,0.0019388359832336925,0.46562484850882585,0.5308877184989976,0.00022102368312473906,0.0013275733258182542
118,0.002905982511617301,0.37883565004599407,0.6159934397472898,0.00034606786938780066,0.0019188598257110817
119,0.007931635095219824,0.45216122120717583,0.5351583752308393,0.0008040357527949577,0.0039447327139700205
120,0.0008889209354535263,0.21180736110728202,0.7858646404889345,0.00021534677853581345,0.0012237306897942683
121,0.005872315734646742,0.1719764285271244,0.8194166061125401,0.00047435875982261946,0.0022602908658660758
122,0.02031580663642052,0.26615046382812363,0.6954403524745932,0.0020907853079225715,0.016002591752939933
123,0.010675600942737092,0.26740636298406617,0.714466542113333,0.0019284368775227645,0.0055230570823409
124,0.026824808310190067,0.05467260890219692,0.007713386663416054,0.002650852105903395,0.9081383440182935
125,0.4341207064731669,0.3063374978110673,0.010285623682008969,0.026332275712096856,0.22292389632165996
126,0.8071958977686967,0.07540519751104652,0.0012536651744270203,0.008562111435697505,0.10758312811013225
127,0.6618205359875539,0.285950913569063,0.015082261794307914,0.00305536852249839,0.03409092012657674
128,0.1270482760146729,0.8342257780570361,0.03104123787358101,0.0009868045451487378,0.006697903509561147
129,0.03919306642046861,0.8491703746346708,0.10204336045712256,0.004070810817621657,0.005522387670116216
130,0.08615762441134217,0.875430629820267,0.026789717875478614,0.002998786254616401,0.008623241638295875
131,0.0036091169929023037,0.8126621933478891,0.181365790848183,0.00042932383038716133,0.001933574980638455
132,0.007944086377398213,0.7161414797894624,0.2742827056470434,0.00030461824091825257,0.0013271099451777652
133,0.01226888591500413,0.7452886746248433,0.2384815841510157,0.0013029889944171362,0.002657866314719788
134,0.006107275364755001,0.7937689142000361,0.19806216420957953,0.00031117922947335153,0.0017504669961558737
135,0.0019404608788961752,0.48845989081106794,0.5080136508752396,0.00011191235590020451,0.0014740850788960824
136,0.0016063531956420848,0.48114475329833345,0.5162828073285565,9.11837233901863e-05,0.0008749024540778035
137,0.0009728864914678369,0.25503223019543325,0.7433211961173566,2.8673037497925166e-05,0.0006450141582443228
138,0.00017578651935868606,0.05155564586142137,0.9479954461075405,1.6689260709568794e-05,0.0002564322509697724
139,0.0003276381614990151,0.14450143752482045,0.8547623881063923,1.9746488171016967e-05,0.00038878971911734505
140,0.001110666199091639,0.2587312137899158,0.7389760966999969,6.480806932403521e-05,0.0011172152416715824
141,0.00011045027664583471,0.016492947436589307,0.9831168141031125,6.540670831279819e-06,0.00027324751282116217
142,9.481980852548871e-05,0.019201807296034656,0.9804352787229543,3.6928101687642804e-06,0.0002644013623167519
143,0.0014969524703722244,0.23879133174736647,0.7580482106788918,4.4373397537963015e-05,0.0016191317058315464
144,2.3883276205871544e-05,0.01047581042961983,0.9893997753317674,2.1043093140243573e-06,9.842665309294078e-05
145,7.554404308517243e-05,0.012162547735096762,0.9875507948436814,5.2379207756645456e-06,0.0002058754573612153
146,6.903573147389548e-05,0.02962787809714749,0.9700867968857166,3.494224711016777e-06,0.00021279506095081227
147,0.00010349436616039821,0.028181665420489624,0.9715211647009444,3.890518479857278e-06,0.00018978499392571758
148,0.0002010821226486602,0.04192852694523659,0.9575741579639918,4.646841352576296e-06,0.0002915861267702238
149,0.00015216348843282245,0.018265977743026733,0.9812142102972407,6.52777098177692e-06,0.0003611207003179151
150,0.00011196211757608127,0.011138455309309606,0.9884013617991807,4.883419226023598e-06,0.000343337354707502
151,0.00013289049023440096,0.037616110934470995,0.9619138339444668,4.638979925502712e-06,0.0003325256509023264
152,4.591196159370992e-05,0.022822062770508016,0.9768631131135451,3.2575003423122506e-06,0.00026565465401074344
153,6.494973422919152e-05,0.023456328822481786,0.9762040263686613,3.825483005551037e-06,0.00027086959162222866
154,0.00010627608321361387,0.019371149817632303,0.9802515011271499,3.8012348455934057e-06,0.0002672717371584688
155,4.4242263787869295e-05,0.018376377193403286,0.9813844055608175,2.592507745581114e-06,0.00019238247424563032
156,8.23040549847282e-05,0.015868328595514177,0.9837367363951207,3.4726894858493327e-06,0.0003091582648943424
157,8.617724904927195e-05,0.01641078354129825,0.9832846227584827,2.4695117917879887e-06,0.00021594693937792615
158,0.00011572258420948118,0.010329863985731103,0.9892940625075717,4.670809818746203e-06,0.0002556801126689273
159,0.0001568941121000495,0.029096066760059616,0.9703270073917214,7.596245946177199e-06,0.00041243549017290525
160,8.056473874105365e-05,0.013464518825132698,0.9862171828973991,3.0739607833684744e-06,0.00023465957794369365
161,0.00019232000642118019,0.020021411468563583,0.9791840893087239,5.048223485538736e-06,0.0005971309928058416
162,0.024226841636512127,0.01564039675159282,0.9591369294879423,7.487197685610644e-06,0.0009883449262673843
163,8.88873943197165e-05,0.023368909261838565,0.9760321215475177,3.7389285448929456e-06,0.0005063428677792968
164,0.000583828278387806,0.039635821981705545,0.957302437741987,1.3177267491867424e-05,0.002464734730427732
165,0.0003977952702824584,0.02481966728314068,0.9739661030071556,1.0821291440425047e-05,0.0008056131479807795
166,0.06709782076207818,0.02422899330744829,0.9070739387392732,2.9685718867001568e-05,0.0015695614723332247
167,0.0005180306170205847,0.024331333539111835,0.9742191392713309,1.2622547203667429e-05,0.0009188740253330215
168,9.81096420649631e-05,0.011926754310717819,0.9874782244689049,3.7049250734208687e-06,0.0004932066532387514
169,0.00018576069576037695,0.02785788944261224,0.971509595465921,9.439509984093735e-06,0.0004373148857223399
170,5.294022145741841e-05,0.012424410754801532,0.9873233445332352,1.8627880506679662e-06,0.00019744170245520975
171,6.993140058393734e-05,0.016772680670540073,0.9829085651277895,3.224800300341366e-06,0.000245598000786265
172,0.00011896315581451662,0.008496655239506386,0.991038889654857,4.07319978512991e-06,0.00034141875003673044
173,6.353862749509061e-05,0.011620475343427961,0.988123528476245,1.8708088823424382e-06,0.00019058674394966288
174,8.057809274346124e-05,0.008652125112866076,0.9910801305747585,1.982575064518785e-06,0.00018518364456757984
175,0.00024459277381162173,0.01987270232113137,0.9789478209263275,1.660971132536113e-05,0.0009182742674042648
176,0.0002477003890866508,0.014191132412871454,0.9847763306299081,2.2859916397303333e-05,0.0007619766517364179
177,0.025355419551454064,0.04887941349380334,0.01822103957160373,0.005725439752749747,0.9018186876303891
178,0.243127303803475,0.36852526623456816,0.09898511266470239,0.019025264091621263,0.2703370532056333
179,0.15160147085468753,0.6519521673670445,0.12037820980018356,0.009645783675112998,0.06642236830297141
180,0.1251592805424309,0.6099016708431719,0.22524010633021257,0.002905018409069212,0.0367939238751155
181,0.05462508583791864,0.7907707642151919,0.12206594500107616,0.009819708980297158,0.02271849596551608
182,0.01986135274145456,0.7866947992510741,0.1755743361734314,0.0062015884450368096,0.011667923389003108
183,0.04952646588739608,0.7758870727879312,0.16841473334066742,0.002321701113594046,0.003850026870411359
184,0.02970141704178595,0.663492752425254,0.2927548016573481,0.005267444834969235,0.00878358404064271
185,0.01660178644728374,0.8462739599956597,0.12691436698127517,0.006469428462046228,0.003740458113735082
186,0.004368846069502076,0.4945542656528784,0.49991603704831294,0.00038756973500148875,0.0007732814943049916
187,0.004409854973224792,0.521127940750191,0.4729773236807309,0.0005113836299304607,0.0009734969659228754
188,0.010338310252450465,0.7515601477636047,0.22571453836823127,0.00905322874742996,0.0033337748682836397
189,0.006563009783830329,0.4771269854588232,0.5128095586385705,0.0023125174717854844,0.001187928646990637
190,0.008916296790849352,0.40980189582922777,0.5768942246254736,0.002699030971441066,0.001688551783008325
191,0.027315542230028293,0.8014565764012568,0.15837101110305946,0.005090831828506336,0.007766038437149002
192,0.039224453021955784,0.876016144581779,0.06832218870923976,0.0027788166993835636,0.013658396987641692
193,0.039469300128548594,0.8985145140024193,0.0462976821956033,0.006243755166986152,0.00947474850644252
194,0.02186339123047177,0.8546403114311385,0.11938291136699082,0.0005644623095954225,0.003548923661803371
195,0.04625354438346351,0.8808203156503553,0.057947957780901234,0.005569943409154946,0.009408238776125132
196,0.009035239313976113,0.8575708554640181,0.12566171251993785,0.004255038523245774,0.0034771541788221456
197,0.0041384250658448455,0.7794209209279154,0.2110189448015649,0.0019659293561163794,0.0034557798485582874
198,0.015524671163354686,0.8364303012578711,0.1270508874794584,0.005520575663562668,0.015473564435753278
199,0.002090126983168238,0.7078082222508018,0.286072351206544,0.001238726677474791,0.0027905728820111363
200,0.014677277197295648,0.7887470544917762,0.18545902146924467,0.005264045838729719,0.005852601002954034
201,0.04702278540368668,0.7233502852802766,0.20712985331661551,0.016292371850152084,0.0062047041492692715
202,0.03109325061008065,0.8619527746626398,0.07550342799683935,0.02496960867651887,0.0064809380539213
203,0.17204648095671246,0.6276308634232609,0.04236162303513258,0.06831910734270567,0.08964192524218827
204,0.2419655859784883,0.44585143767696406,0.037899430148106525,0.14005646886483405,0.13422707733160708
205,0.044671310034637306,0.8587549677219273,0.08053377163562443,0.00989155278003315,0.006148397827777939
206,0.07634671267348078,0.8774977794846092,0.016139550594643844,0.025609053719401913,0.00440690352786416
207,0.008291927508585827,0.9490261027104295,0.025717805278577865,0.011061290474513702,0.00590287402789294
208,0.016038425251211953,0.7106351101153013,0.23261810389746362,0.03447065058188564,0.0062377101541374195
209,0.02769252849992633,0.8764060743525242,0.05478934807948937,0.03282598630929048,0.008286062758769726
210,0.1083442659150743,0.6909694951673563,0.04042149949056017,0.1393796307704257,0.02088510865658335
211,0.082563910144368,0.5267765028175506,0.016097858294830448,0.35344016692451674,0.021121561818734185
212,0.1740016248537996,0.5629903734500599,0.008383944677855592,0.2326558622777769,0.02196819474050797
213,0.1584399092811108,0.2701391823080806,0.011569347813310258,0.5007364186230637,0.0591151419744347
214,0.25786450420924006,0.050690991208614464,0.001111185589881379,0.28048061378531397,0.40985270520695005
215,0.2157265722687434,0.047139769410295546,0.00042275222535800145,0.6439077813059357,0.09280312478966733
216,0.13493353304737296,0.02331881565762886,0.0001937679713909143,0.2964346467038355,0.5451192366197717
217,0.521222039528616,0.04500714549205696,0.0008832560679737557,0.23845615406425588,0.1944314048470975
218,0.2633452845964972,0.03221376645036314,0.00036071299270468247,0.20725025344591905,0.4968299825145158
219,0.3279507705598913,0.025159021511094008,0.00046083608023639484,0.226170738320469,0.4202586335283092
220,0.281388831140414,0.02732694201604364,0.00011338394117550318,0.556226189245085,0.1349446536572818
221,0.25850397359678806,0.04878307824725487,0.0014284106926607675,0.4708033835529799,0.2204811539103163
222,0.1903786332051046,0.046353626202956064,0.00043414322522428373,0.49918868003373834,0.2636449173329768
223,0.051304778467446806,0.012382298066422376,0.001506594116174049,0.08062220774034011,0.8541841216096167
224,0.24377189363012525,0.02948021392056545,0.0005455911871109214,0.2983750842776391,0.4278272169845592
225,0.17482309003565333,0.036464821238661335,0.0007223232453649719,0.2632543417217824,0.5247354237585379
226,0.1667366899606156,0.016787837705894617,0.00023587202936788468,0.05619128271937283,0.760048317584749
227,0.5547805067350678,0.0487802245207499,0.0003302362772008219,0.29920095785777123,0.09690807460921032
228,0.1932570673914782,0.12427385738024646,0.0014980626183103544,0.357476107263705,0.32349490534625996
229,0.21073175411530276,0.08967456606458198,0.008090884731809245,0.43037619973336605,0.26112659535494
230,0.17313466796985294,0.17337773033292572,0.009958393673810203,0.35770281768307377,0.2858263903403374
231,0.056645636580548615,0.012758139614754324,0.00019955939457964083,0.28930095403392864,0.6410957103761888
232,0.04499197465209387,0.01933732015944557,0.00836206206847475,0.1674667640122011,0.7598418791077847
233,0.09074800770802668,0.03070303284489252,0.0007788274342532866,0.45366665208381945,0.424103479929008
234,0.1700342711717027,0.02154995104880769,0.0012748223054582074,0.4911254690878554,0.31601548638617594
235,0.105530133905681,0.023912607309606405,0.0009973121502293203,0.2186746077043339,0.6508853389301493
236,0.20522149627553415,0.011815880450226322,0.00041838693962486633,0.18943153261253345,0.5931127037220812
237,0.6183629800878567,0.011661216047377751,0.0002769267317066592,0.30554649753249274,0.06415237960056624
238,0.24285738644553378,0.01496938575129626,0.00019798334732271726,0.2707307665221064,0.4712444779337408
239,0.5757728531262112,0.014672623067038012,3.0395544075964104e-05,0.3589658463671384,0.05055828189553632
240,0.054289702765942374,0.006464423817072648,6.753717610243075e-05,0.9112678764770086,0.027910459763873883
241,0.09583732894118635,0.030046010010269485,0.00017617558372516403,0.7763944891074158,0.09754599635740312
242,0.1325945117135836,0.014889843573418797,3.638790089745396e-05,0.7566499140122201,0.09582934279987987
243,0.2707828254350307,0.04880412238463903,0.00010864415874701163,0.6626208308091864,0.01768357721239685
244,0.1790897146292145,0.05354965072708455,0.0001704636398557357,0.7380270605809146,0.029163110422930627
245,0.2954140764629142,0.056602085210128404,4.346683130646665e-05,0.5397808419246924,0.10815952957095837
246,0.1706391752111714,0.09329264108512221,0.00012848583711975921,0.6912771772346147,0.044662520631971896
247,0.3083037590748225,0.17845727195710018,0.00033806650693626725,0.38352066832806053,0.12938023413308056
248,0.10827546368220003,0.6919384340651702,0.001256957487738878,0.16367472665333524,0.03485441811155568
249,0.25397496650728435,0.09526804705607674,0.002968118029262106,0.38524750409009667,0.2625413643172801
250,0.4953562756373122,0.08537992963670588,0.0012555385414567564,0.33496689725448825,0.08304135893003706
251,0.2220197130673932,0.19226308310850015,0.0013129193017872806,0.23733998209689244,0.3470643024254269
252,0.21345109238452023,0.6824044142795999,0.003518725990816217,0.061839870465625994,0.03878589687943768
253,0.17347767997446328,0.6740212268522409,0.0008384834917711946,0.13837158905024877,0.013291020631275813
254,0.08838804917888761,0.7804691564208099,0.000909284694230168,0.053989929231435994,0.07624358047463634
255,0.010224276411284122,0.01310260707943551,0.0024435073245718236,0.0018550365567275588,0.9723745726279809
256,0.7400331535505955,0.12587258003479304,0.001522364840009511,0.03635782013536142,0.09621408143924041
257,0.22020378281809413,0.7661206998427945,0.0014744730711425337,0.0026325385833358673,0.009568505684633103
258,0.1306051950484436,0.7575819619300725,0.0026405606001026856,0.003286632332871711,0.10588565008850952
259,0.16710651487300116,0.7551889451909551,0.0009248740899550975,0.022411932246069775,0.05436773360001864
260,0.11872555707822441,0.8638714629862809,0.0008178845958720698,0.010507655650521282,0.006077439689101354
261,0.10388525427168074,0.8800993868000611,0.0007914569228680223,0.011215190630658333,0.0040087113747318244
262,0.09023397649657545,0.9004816758290095,0.0015073072697055997,0.003965183656237176,0.0038118567484720705
263,0.1393930165477933,0.8271585050907653,0.001407438098702565,0.005395252039911086,0.026645788222827854
264,0.026115900357418814,0.969051485196437,0.0017313962211232322,0.0011923168099328143,0.001908901415088292
265,0.12723913497734887,0.8543737746819687,0.0007830442819334553,0.00443863879860774,0.013165407260140942
266,0.04145486735539908,0.9418065658001161,0.010517971395707874,0.0026059756854238487,0.0036146197633531905
267,0.05871674707474707,0.9306265755260428,0.0017901146090401542,0.006293913600226642,0.0025726491899432844
268,0.010319410049344861,0.9829891376895027,0.0049987099785500635,0.0008925490071389567,0.0008001932754633661
269,0.047382869194999976,0.9424055113194318,0.001991329125170952,0.005970106523744632,0.0022501838366524598
270,0.03449922324996628,0.9554610395459749,0.004893476405535757,0.002717559525508637,0.0024287012730145863
271,0.03186415221478653,0.959315334085372,0.0019020971704545155,0.00197350781623218,0.004944908713154883
272,0.057271830996263394,0.9091605527852696,0.018626405824173714,0.0020494865447061154,0.012891723849587207
273,0.10085407005575336,0.8889974701828341,0.0007814176238128354,0.0008768129408056458,0.008490229196794033
274,0.015409036210670036,0.9783274886888923,0.004335357026995458,0.0006124306904607465,0.0013156873829814218
275,0.019912014793367384,0.913483548516127,0.058938425893032394,0.0018120973979641026,0.005853913399509153
276,0.03360587190694194,0.9548388892800126,0.007652744399796592,0.0019201074517961711,0.001982386961452925
277,0.022274258057829375,0.9567244952700343,0.012530006742118032,0.006314794828150036,0.002156445101868501
278,0.026626847092281143,0.9546565839256598,0.010953936794054101,0.004775614330628601,0.002987017857376246
279,0.05025578326108824,0.9380591125949759,0.0022550391721462234,0.006546927865317627,0.002883137106471888
280,0.01620282929865989,0.9605086983390563,0.018249580019027677,0.0030336612688083276,0.0020052310744475953
281,0.01834673249053606,0.9374444757912657,0.03873886808799561,0.003399208241458908,0.0020707153887438387
282,0.06559633446220461,0.8723942500704114,0.043207008992321154,0.00812988454189515,0.01067252193316777
283,0.026145863805333618,0.9556676985139312,0.012304671778567824,0.0030403420306175815,0.0028414238715496875
284,0.013491490227221499,0.9617876255606699,0.020405587256725026,0.0019834158941584392,0.0023318810612252823
285,0.018175361072470475,0.9017515683102554,0.06595201597805728,0.002860015834487142,0.011261038804729654
286,0.013487369071730253,0.8669409296234724,0.11139194066155876,0.003111503538798886,0.005068257104439607
287,0.01653877722758377,0.9494070453916867,0.029584935643057336,0.0021447335066253413,0.0023245082310469046
288,0.04790810994238446,0.06430013671846323,0.015580723660108002,0.0038050489567621683,0.8684059807222821
289,0.09523044837821994,0.8842497784986689,0.011075517847009594,0.0020562149764991856,0.007388040299602434
290,0.04672542891141014,0.9155110664796204,0.030118948735902807,0.0025342459873976897,0.005110309885668904
291,0.049058401154710884,0.9376952580413181,0.008322432067995263,0.002039220276213581,0.0028846884597621505
292,0.009233841317500801,0.9698620390186131,0.016131355797972556,0.002986118182433393,0.001786645683480011
293,0.018891327265698935,0.953800715213126,0.021821683360823244,0.003627208690714615,0.0018590654696372495
294,0.012088584845633462,0.9600692045775929,0.023262990070716902,0.002281292676437843,0.002297927829618968
295,0.02148744611198028,0.9515728091536598,0.023651881951605894,0.001635971559022278,0.0016518912237315426
296,0.007097766887579432,0.94570507154453,0.045194717462888875,0.0008537834131814097,0.0011486606918202382
297,0.01314317550139196,0.878620815696014,0.10294896327510063,0.002138676498729891,0.003148369028763305
298,0.024364630490544114,0.8705475449372787,0.09752542280598908,0.004200828262565027,0.0033615735036232643
299,0.008996445174028337,0.8851742465945788,0.09791670836040527,0.005122871220206904,0.002789728650780543
300,0.012170886332618529,0.892703301142084,0.090914020339787,0.0027705586505797903,0.0014412335349307595
301,0.005694799891434975,0.9569559416252086,0.033900251186507475,0.002589670918087134,0.0008593363787620556
302,0.0116681871997035,0.947549350075876,0.037649768108417234,0.002065964555585097,0.0010667300604182558
303,0.026561930912387347,0.9503864628292511,0.016681805813836437,0.0033505244814351306,0.0030192759630897634
304,0.004784399616110034,0.8149854208913883,0.17800900715316603,0.0013816691558230058,0.0008395031835127389
305,0.012562806800907059,0.9625850436741527,0.019702349406551974,0.003477656260238135,0.0016721438581503978
306,0.007221421029600079,0.9508818874805869,0.03626422312639774,0.002322632516785613,0.003309835846629698
307,0.012169508039049785,0.8657300937505619,0.1164718845220527,0.0035251531721768865,0.0021033605161586816
308,0.024217437931843735,0.9162456798077607,0.05347029148791738,0.002679967554602793,0.0033866232178754907
309,0.01886919347133294,0.9421683454778953,0.035388681733054664,0.001693085305889891,0.001880694011827098
310,0.012161473187546717,0.9455795442272882,0.03883977692735758,0.0018127014407812803,0.0016065042170260262
311,0.007855091933201674,0.9339401364811546,0.05440414126186297,0.0019459024553575004,0.001854727868423123
312,0.02104501222119511,0.955835418415849,0.014957279397303118,0.0048857002946481355,0.0032765896710047803
313,0.0050973244723168205,0.9553904009783586,0.03270336016704804,0.001799375478414534,0.005009538903861873
314,0.10298168804923485,0.2929348863002386,0.045899093343488746,0.004819348004374123,0.5533649843026636
315,0.19371528549668232,0.7891908744974065,0.0033175872626493292,0.0029810873763297056,0.010795165366932076
316,0.03231633645047371,0.9512387537787962,0.005369508263079243,0.0016620044280861918,0.009413397079564538
317,0.0880635617348457,0.889006009475291,0.0042310324984475315,0.002489824343322016,0.016209571948094064
318,0.006854073502428338,0.9827957866019795,0.008701252372784796,0.0005237288423502356,0.0011251586804570967
319,0.012685262408458629,0.9812105930436297,0.0031134197721437145,0.0019338539958713087,0.001056870779896609
320,0.02711045424705249,0.9657937929980535,0.0037759240284711256,0.0009774514273972186,0.0023423772990258194
321,0.002889055920875929,0.9872610255369848,0.008731463025684703,0.0005035238145308272,0.000614931701923436
322,0.012166512597227766,0.9831891688030666,0.002932094726277302,0.0009215164716668043,0.0007907074017614684
323,0.003365488876007962,0.9438696606689227,0.05177481692567104,0.0003277261806335307,0.0006623073487649284
324,0.006193676819746436,0.8314980042919605,0.15374921594272317,0.0013086016348797774,0.0072505013106899515
325,0.006704041337527582,0.9663180724729276,0.024332201374861223,0.0011849900916142,0.001460694723069283
326,0.018476120957795217,0.9548596129418492,0.023434745424091775,0.0009453707281541264,0.0022841499481098307
327,0.001426708740127631,0.6177554671808263,0.3793018460876413,0.00048266371868000015,0.0010333142727246838
328,0.007663624461671475,0.9017837144490429,0.08820823648426974,0.0007753062060136677,0.001569118399001942
329,0.02009139443138889,0.9098212306931054,0.06466222625971108,0.001930686891397209,0.003494461724397579
330,0.01456354575827236,0.928688413286266,0.042493074978759884,0.004355555085174831,0.009899410891527077
331,0.006270149915041598,0.6393739331184646,0.34993080260336007,0.002583687916924109,0.0018414264462095914
332,0.01505883862762444,0.8478123313028512,0.12823256240877182,0.006173083077085212,0.002723184583667312
333,0.006090589335221191,0.9401049493703589,0.043393406625115524,0.00854923038477205,0.0018618242845325394
334,0.022745424298415886,0.9211180160076952,0.04060209656391811,0.009454214626265426,0.0060802485037052345
335,0.04813740788559843,0.8803377829152306,0.050587952112887725,0.010587991233368392,0.010348865852914842
336,0.02465583732442026,0.9247678680094481,0.03376426910668426,0.007155437790633752,0.009656587768813537
337,0.20390276762135792,0.40238933077628125,0.02677246917882727,0.002563362286211183,0.3643720701373223
338,0.13258466541525069,0.833048916204584,0.02441056452201172,0.005315496140873877,0.004640357717279819
339,0.07549286179211707,0.9027968361322366,0.017123503958564677,0.0019750570851264256,0.0026117410319554156
340,0.01744442731454936,0.963069185544839,0.01770174610326004,0.0010558832270235346,0.0007287578103279603
341,0.001031094033270078,0.9394671556513448,0.05769615416404215,0.0010283162135354307,0.0007772799378076216
342,0.01594335373367088,0.9372894873482714,0.03734925630907986,0.006925619469472644,0.002492283139505325
343,0.011948991214227133,0.9426783752406436,0.038766290335809195,0.004484836646199111,0.0021215065631209904
344,0.017424501533754383,0.8898012534993308,0.07673199565358936,0.004456795614600184,0.011585453698725108
345,0.009571833525368396,0.9688657963717041,0.018318986980791464,0.002184155259850684,0.0010592278622852218
346,0.008329252378698254,0.9183251797926771,0.0694234229120461,0.0026817939877075542,0.0012403509288707918
347,0.021333973603341903,0.9496343958336816,0.023208934185698204,0.0037512667125238082,0.0020714296647544733
348,0.01230336105478779,0.9521743459555361,0.031178745147622658,0.002828046004385875,0.00151550183766748
349,0.024049874968664103,0.8815293828060194,0.0831050234191829,0.00517592880596799,0.006139790000165673
350,0.004743488127297277,0.7477968145008125,0.24438588174859413,0.0017120882409894273,0.001361727382306797
351,0.010616989186593432,0.8307889008430538,0.1461553206922118,0.005840599725045092,0.0065981895530958365
352,0.028405671120769055,0.8489107639675919,0.10378320770325382,0.016589524545818145,0.0023108326625670152
353,0.011150633296871864,0.7930949069569381,0.17722688392379582,0.014611246681522139,0.003916329140872012
354,0.008228987731618396,0.8325246964921288,0.14588870450505953,0.008997575185731499,0.004360036085461822
355,0.017903827191706752,0.853558672051149,0.1136547263655789,0.007430384646503462,0.007452389745061828
356,0.02387163357284115,0.8038619901905372,0.15621554411916194,0.009041964412290455,0.007008867705169309
357,0.006295753774527902,0.8589765477017933,0.12805960791501278,0.004053812429571067,0.002614278179094996
358,0.012834405030956094,0.7061728902122528,0.26817529814486607,0.008939130006870038,0.0038782766050548785
359,0.027096759281704512,0.9296626245298807,0.025380947084197924,0.013650318983988783,0.004209350120228094
360,0.050876491566389126,0.7722789220589105,0.13913379662343425,0.01846806127533417,0.019242728475932037
361,0.10656133809801742,0.7459360966798911,0.09623067411013915,0.025502679052969456,0.025769212058982624
362,0.0651874698583393,0.11674684314076679,0.002615687839373863,0.004194825691690699,0.8112551734698294
363,0.27002115592936304,0.7048101806543186,0.002250920991123755,0.0027153960515178023,0.02020234637367681
364,0.07409661868889271,0.8999753963929678,0.0039044681781754582,0.0010078096179432392,0.021015707122021037
365,0.3136895828807599,0.6641121753298908,0.0013054445978763962,0.003781494045729205,0.017111303145743575
366,0.057280244954660546,0.9337579666127652,0.0007429559425910344,0.00584507688199243,0.0023737556079908195
367,0.022602187072246604,0.9719836800220816,0.0010819313619563544,0.002837856716397142,0.0014943448273182758
368,0.012600658999661691,0.9616523502214868,0.021401213577562504,0.0016031818329410865,0.0027425953683479034
369,0.015754236347464118,0.9768422833618072,0.002195207899800994,0.002260501451769795,0.0029477709391579356
370,0.002316632761436117,0.995378689930037,0.0012275231998971094,0.0005068658445257794,0.0005702882641038032
371,0.009071511776712638,0.9732867730987755,0.013841682674474113,0.002118314560862976,0.0016817178891749
372,0.006337918246024573,0.9901690421733104,0.0016656371868272516,0.0012240335256794915,0.0006033688681582446
373,0.0058799442935552025,0.9802142474479371,0.009527904507375022,0.002533587233907912,0.0018443165172247551
374,0.03742000008782013,0.9075846489213004,0.013379340412238996,0.0009088635774383869,0.04070714700120202
