epoch,N1,N2,N3,R,W
0,0.015740245234468597,0.0005038925086750093,7.469472554515198e-05,0.0005668300411091615,0.9831143374902022
1,0.020075630805753444,0.0003319609987480153,0.00029831864863828983,0.0005127529876629869,0.9787813365591972
2,0.012717924845234471,0.00034540967623530774,0.0002554804308423981,0.0001997423750414465,0.9864814426726464
3,0.00385231471623628,0.00016803270765598265,0.00013855743790298583,0.00017109093524542957,0.9956700042029595
4,0.012841570241078966,8.272113754092404e-05,0.0002041209959143413,0.00016564239143968768,0.9867059452340262
5,0.01661744335375436,0.00018567633694069818,0.0004510782726216057,0.00020019647442414649,0.9825456055622591
6,0.011250850825744329,0.00022845493218953363,7.715523598381563e-05,0.00020534349597676292,0.9882381955101056
7,0.03668265969842704,0.0001834485502472176,0.00018395693348438662,0.00013261145773424852,0.9628173233601072
8,0.04410645763558153,0.00017655737738805807,0.0001249125833001018,9.354835786991571e-05,0.9554985240458603
9,0.04085731427214467,0.00022119334684037511,9.559336338316923e-06,0.0002308382989924446,0.9586810947456841
10,0.10272084504101477,0.000957687387593446,2.0996226598600588e-05,0.0021894611034923442,0.8941110102413008
11,0.11872243891812939,0.0016979447431795848,5.4423099000674185e-05,0.0032962500364433736,0.876228943203247
12,0.03381662846894388,0.0006172741514503011,1.7654657603254603e-05,0.0013448943259876246,0.9642035483960149
13,0.07322216614855076,0.0021846366302696587,4.7571507204179646e-05,0.003975808352857189,0.9205698173611182
14,0.10649809065560883,0.0018562877767168006,3.426781562983781e-05,0.001149309356208897,0.8904620443958355
15,0.19342011598836614,0.005482921429580297,3.835504757697766e-05,0.0011887907898346347,0.7998698167446421
16,0.19485069950975611,0.006687700502759633,6.563451364223575e-05,0.0009898928507314705,0.7974060726231107
17,0.18960403384329247,0.0065578723665485434,5.870309751473233e-05,0.0010846558965529917,0.8026947347960912
18,0.029209665266843873,0.016563555790829434,5.3135721880350776e-05,0.0005573375053574306,0.953616305715089
19,0.1972417023874306,0.010354453441741586,3.842035106249064e-05,0.0014138263678968865,0.7909515974518684
20,0.1416944320408198,0.044111971852873244,4.603294383545384e-05,0.0019828202472114112,0.8121647429152601
21,0.012936510199436717,0.011076469299457473,3.164887965160553e-05,0.000213403348226421,0.9757419682732277
22,0.09484223654723795,0.03945739402992771,6.545249998038441e-05,0.00043255872265506544,0.8652023582001989
23,0.1088306064664259,0.045213283135028745,0.0001219900545758734,0.00036818173141935626,0.84546593861255
24,0.07070672145483256,0.014902699448989047,0.00010124120462256137,0.0003798241496032415,0.9139095137419526
25,0.10862702199720305,0.02580189252414223,0.00019702537635772976,0.0010362697743465188,0.8643377903279504
26,0.08894851069703742,0.07302136097648607,0.0006682372376928448,0.0008378064493689954,0.8365240846394146
27,0.024704387388361615,0.014881192589120603,5.9618658419452224e-05,0.000120887001565016,0.9602339143625332
28,0.058188555909875254,0.03990588077089114,0.0002081558622362518,0.0006166224284404415,0.9010807850285569
29,0.017184291749178203,0.01625016583565237,7.691857894068413e-05,0.00013219580030236105,0.9663564280359264
30,0.014305102491376577,0.018474618254715462,0.00019665736777592133,0.0001221804145981471,0.9669014414715339
31,0.03745038819106785,0.08324479035071287,0.002133753449623334,0.0012253992387110599,0.875945668769885
32,0.033000483684907794,0.01921188989721533,0.0003249279218940666,0.0007974725110872064,0.9466652259848956
33,0.022392551613945415,0.014881639587600937,0.0004113602838041314,0.0005104004160203536,0.9618040480986292
34,0.014587402855217249,0.014884221175046798,0.0017973643722499098,0.00045517989988272476,0.9682758316976033
35,0.014397331195391227,0.004667048903770499,8.506466506582108e-05,0.00010841467714647309,0.9807421405586261
36,0.17522491565350873,0.013572320297705548,0.0001496886881199218,0.00047777893645854785,0.8105752964242072
37,0.095605196817475,0.041903911402392024,0.0028048703865670766,0.0006101521567104706,0.8590758692368554
38,0.07587541559682016,0.015109723899660542,0.0001409639263832224,0.0009182241238496927,0.9079556724532863
39,0.031010044065191852,0.042513366422047394,0.000956067180855662,0.0008321043254334177,0.9246884180064717
40,0.032173983554932506,0.03418555207829364,0.0006205635419079946,0.004636426189846489,0.9283834746350195
41,0.01873073739330664,0.006225158404654002,9.621941028234657e-05,0.0006480114490203731,0.9742998733427366
42,0.05273531832208772,0.008961504935509302,7.359591939884834e-05,0.0015310783576647493,0.9366985024653394
43,0.15249119335356784,0.03786113057881117,0.000338490110069828,0.0032365254857856397,0.8060726604717655
44,0.01601309775450572,0.0025599526315415316,1.981888258277606e-05,0.00041270305191963916,0.9809944276794502
45,0.06770987717282753,0.0040937854715570226,5.487043122273547e-05,0.0006895665892778104,0.9274519003351149
46,0.09161078033214294,0.011603682382814503,0.00012763097713283832,0.001600803148153027,0.8950571031597566
47,0.10368397517535013,0.002761461785057775,3.744819941601234e-05,0.0008974063048150036,0.8926197085353611
48,0.070094492755833,0.0029544771907975037,4.306573489271752e-05,0.00046465139139333566,0.9264433129270834
49,0.005667539055902393,0.0010589670104878526,4.571539689368852e-05,8.304407438411989e-05,0.9931447344623319
50,0.1536341950260992,0.0015657923003978504,0.0001353685533743851,0.0004875568746191001,0.8441770872455095
51,0.016372130324690228,0.0015310174198028303,1.5142795678058522e-05,0.00010682540905779563,0.981974884050771
52,0.056677602425382924,0.0009582591367149638,9.500825432475142e-06,0.0002085923291103972,0.9421460452833592
53,0.01729568667015502,0.0013450782310232706,5.25958615809542e-06,0.00022341486804125144,0.9811305606446223
54,0.012463982198077669,0.002802297864020797,2.0568496957390776e-05,0.00012048349859653827,0.9845926679423476
55,0.0041576545814205005,0.00027110085146430843,4.49252926062083e-06,5.822870329188138e-05,0.9955085233345627
56,0.03584786920009706,0.001794761438530051,1.6005786289551315e-05,0.00021496210254213398,0.9621264014725411
57,0.004444665531862627,0.0006226845444661854,5.9764580389636236e-06,0.0001079056789713672,0.9948187677866608
58,0.00901153830402727,0.00038304883842146754,1.2569746135153536e-06,0.0002921770956227003,0.990311978787315
59,0.004632513954710648,0.0003033255125505094,8.267159051025534e-07,0.00020323201481996258,0.9948601018020137
60,0.0078070077519619575,0.00024001668568117914,9.498194401894911e-06,4.654136916560791e-05,0.9918969359987894
61,0.026118375177827138,0.0006454875583128957,1.2693503507341883e-05,0.00013716925937044082,0.9730862745009822
62,0.05039429668644289,0.0018650578916790807,3.0294107365924953e-05,0.00011131042939687537,0.9475990408851153
63,0.03525230198180553,0.0019954039283003487,3.102933481874061e-05,0.00017791210199258895,0.9625433526530829
64,0.017723945239468197,0.0009949320687070256,3.438377256208947e-05,5.8131009118928665e-05,0.9811886079101438
65,0.040833944745835585,0.0015776350492775373,0.00012707344156232225,8.154764837546817e-05,0.9573797991149492
66,0.05112107479044665,0.0012217091978314774,3.4523187419114775e-05,3.7873502031827623e-05,0.9475848193222709
67,0.0326683311124082,0.0014124464537454277,1.0608852853760742e-05,3.794229840945527e-05,0.9658706712825832
68,0.05437439295512715,0.0006069860504384877,8.387620931701663e-06,8.038418963586556e-05,0.9449298491838668
69,0.2676623057527447,0.008175254610148014,3.4114282109771035e-05,0.0005297298327616795,0.7235985955222358
70,0.009763923179550386,0.0024050126462866906,1.1725575905386917e-05,0.00017427916223838148,0.9876450594360192
71,0.02604999861385302,0.005857232140556004,9.341028401225534e-06,0.0005118166109243749,0.9675716116062654
72,0.002607939766157414,0.000947556666927997,1.5570744740753437e-05,6.269704963540814e-05,0.9963662357725385
73,0.01404597146961406,0.0007603030519227747,3.7592693311093134e-06,0.00010428678635985512,0.9850856794227721
74,0.020044691206210226,0.0008847877825643679,4.087361356586703e-06,0.00017531779140347325,0.9788911158584653
75,0.007527043846840215,0.000346785346365022,4.602531634309316e-06,4.565620028284701e-05,0.9920759120748777
76,0.06830548473765713,0.0009871324221635454,3.124440939598565e-06,0.00017306990759229592,0.9305311884916475
77,0.01870693041261619,0.0009298700465467663,8.547585216753551e-06,0.00010950738802736489,0.9802451445675928
78,0.03986107126576961,0.0018698471741799953,1.605376491477106e-05,0.00015869297372766585,0.9580943348214078
79,0.08366992873766882,0.006721405000179102,2.2241545334164954e-05,0.0007403802779138538,0.9088460444389042
80,0.24092538843129233,0.01093804106499107,4.447547743747222e-05,0.0011358372536949936,0.746956257772584
81,0.16854900062527275,0.03652508282804428,5.0359195319071406e-05,0.003152547837938619,0.7917230095134253
82,0.09255415733235464,0.005672999976368067,1.708838476464663e-05,0.002848156620782719,0.8989075976857299
83,0.030636467616644604,0.0040335453968605795,1.6578934885940966e-05,0.0016013388479408286,0.963712069203668
84,0.0139396741063422,0.003294351663439256,2.725254910520077e-05,0.0005319666659252392,0.9822067550151881
85,0.2905041482843903,0.007190415020124503,0.00010136591057854416,0.003901658539823644,0.698302412245083
86,0.04377429885407822,0.003999252841037634,4.854544984632684e-05,0.0003480473704200711,0.9518298554846177
87,0.08030977158196348,0.00872258085831529,0.0002358347024981772,0.0011911569748202378,0.9095406558824027
88,0.548683704032368,0.06853766759059869,0.002377827117859093,0.011515378252348166,0.36888542300682603
89,0.018028961425250782,0.008171265155170505,0.0003012033642014159,0.000993916509316753,0.9725046535460605
90,0.060069119927387525,0.015227231113407107,4.6339086526414815e-05,0.011730204912695916,0.9129271049599831
91,0.09578542617971329,0.015639627741682375,3.878131555467667e-05,0.004986848622087192,0.8835493161409624
92,0.07441878935895409,0.045781790739456554,0.00011875616057416903,0.002751812929241215,0.876928850811774
93,0.036141652834820695,0.010156411175298462,6.652433383979484e-05,0.00022421320935873718,0.9534111984466823
94,0.043316072729141626,0.01303906621460439,8.168144382392156e-05,0.0008300166944648581,0.9427331629179652
95,0.06753978478730498,0.05896130041986727,0.0015683977781133108,0.001613355015280106,0.8703171619994344
96,0.01273125669561488,0.012391671843160194,0.00023493247756297545,0.00017420724561405363,0.9744679317380478
97,0.09915515631603383,0.01649403354452154,5.1146366316093305e-05,0.0006248496739270281,0.8836748140992015
98,0.4591124252678168,0.16259505529777804,0.00198921838704861,0.002384870039569584,0.37391843100778693
99,0.5455273202441334,0.2299986173639466,0.0011732947238523696,0.0038311341810694237,0.2194696334869982
100,0.3639119083719977,0.14240375011294892,0.0005636290053276656,0.00241206753132677,0.49070864497839894
101,0.39330632117428077,0.23429068018644458,0.0008479285432552343,0.008463772853682954,0.36309129724233646
102,0.35312931178214996,0.3299577735325538,0.0019922997915491564,0.0016260088025836657,0.3132946060911635
103,0.4786568550198348,0.5006837535636661,0.00797366313878611,0.002997631361649195,0.0096880969160638
104,0.4185282962013673,0.27725311508436057,0.0023602976383031555,0.00426137392722464,0.2975969171487443
105,0.14073264743701136,0.7754872570802249,0.01664313260798404,0.0016133967223349247,0.06552356615244465
106,0.19988551801833915,0.7459132813477466,0.017954152433856865,0.0016991202631743132,0.03454792793688291
107,0.04507299293956342,0.8676938039729186,0.02822410814983738,0.0009958590888757511,0.058013235848804766
108,0.1895595448705772,0.6538577210514871,0.07276350089465139,0.0033706817303045247,0.08044855145297973
109,0.0662347318555342,0.6418006098514374,0.018199978184063874,0.0007267371172695244,0.27303794299169504
110,0.18601966190271477,0.7013008005548411,0.06614041856483437,0.0027168885234755843,0.04382223045413412
111,0.07774932310018265,0.7820944276585634,0.0787499527591832,0.0003256062425587146,0.06108069023951217
112,0.4034089780861376,0.5459807459778591,0.019560162883605032,0.0046323687429717765,0.026417744309426512
113,0.08537309873296853,0.793007563706516,0.09988102658561283,0.0011988232740362047,0.020539487700866405
114,0.05247584325097359,0.8428441393521332,0.09520971651972876,0.0015581905078384164,0.007912110369326
115,0.020876252171957915,0.889703647878363,0.08432764915295511,0.0006192782203084414,0.00447317257641557
116,0.010662841028560842,0.8713193759436114,0.11449188333715585,0.0006454411156926637,0.0028804585749789644
117,0.0036380373239456817,0.6458118510552953,0.3469013707006973,0.0006858093795083164,0.0029629315405533515
118,0.0016300483111555324,0.5858605689546034,0.41040087279689336,0.00019590272373633925,0.0019126072136113413
119,0.002500100994789389,0.6107601928755443,0.3828358124665991,0.0003782822977917166,0.003525611365275452
120,0.0026506664837356434,0.5410535720722056,0.4534671443317959,0.0003072476974056662,0.002521369414857356
121,0.021460345711065656,0.6133150062368624,0.14551662477145313,0.0005266699570593658,0.21918135332355942
122,0.014076560575430958,0.45702169903214357,0.5204896313729578,0.0006298902728497067,0.007782218746617989
123,0.023489886387393345,0.646915733090689,0.30049397955513585,0.0002360895603027989,0.028864311406479208
124,0.009618150583226362,0.5355658018285326,0.4484498455936378,0.0005389079589050056,0.005827294035698102
125,0.0019172046008772993,0.5334667819995377,0.46198734230785177,0.00015908796491116622,0.0024695831268221387
126,0.0040508822689363155,0.6471454869524313,0.3468296315498043,0.0002990583645241987,0.001674940864303868
127,0.000906054512062786,0.4689715791937965,0.5283087870680085,0.00014365439491728144,0.0016699248312148972
128,0.0023797483745167432,0.4915903963120644,0.5036361536716327,0.00036568708516889213,0.002028014556617179
129,0.0007891724322309608,0.3207847748795413,0.6764704662183412,0.00010207069547171956,0.0018535157744148153
130,0.008408428986008241,0.5863615773963954,0.393280960544643,0.0004177422932454926,0.011531290779707899
131,0.04770813630678761,0.6797955291852564,0.2611855821668602,0.0039023760964764973,0.007408376244619169
132,0.02714745069328095,0.7937216322270547,0.17115326584730722,0.001886820388158205,0.006090830844199004
133,0.057060793604215614,0.747553875782452,0.18594507412781922,0.004569383612016711,0.004870872873496196
134,0.057031705101334984,0.4490787645353743,0.06889472178578536,0.002852011870136738,0.42214279670736854
135,0.28165083124003526,0.49097674883391956,0.021869278242181753,0.006430409174180473,0.199072732509683
136,0.4659316508387572,0.12361138381774725,0.004322447733489689,0.0023748335408885148,0.40375968406911744
137,0.3860583996475502,0.23748739826348902,0.006233191349242247,0.0011115299360757985,0.36910948080364275
138,0.3321858153163605,0.605113323253306,0.029739117692463374,0.0026599938668121987,0.030301749871057982
139,0.1718696820114754,0.4592805062405047,0.04808743952356732,0.0036785155100403184,0.3170838567144124
140,0.3903440570930249,0.45633482826437216,0.006182006155737433,0.00956615331852891,0.13757295516833665
141,0.12122137638086845,0.6711328132319271,0.006231671310056427,0.008542518408392149,0.19287162066875582
142,0.45267043085470293,0.13105343452044058,0.0009116460141958254,0.023784633053550858,0.39157985555710983
143,0.09613539939818558,0.10115132061854733,0.00036805723100608126,0.007905821016180694,0.7944394017360803
144,0.12730409969474996,0.09521639656572807,0.0002607705111638911,0.008228114529745194,0.768990618698613
145,0.5854350832181975,0.16690620383181007,0.001237616627437436,0.09919722379917653,0.1472238725233784
146,0.03191267022805764,0.017584321288597868,0.00015080568331252945,0.0036683478920767213,0.9466838549079551
147,0.0542857362100897,0.03396854380050044,0.00014211509375925996,0.013132333746551556,0.8984712711490991
148,0.019045282142160284,0.005109464669373919,5.7601368103894005e-05,0.0022995645337957602,0.9734880872865661
149,0.07532805671777337,0.006240940820929764,3.710106603065705e-05,0.005349612559701213,0.913044288835565
150,0.2994091509128772,0.004711831967793574,3.251427627662294e-05,0.009940273074586215,0.6859062297684665
151,0.08237209108529092,0.005502674984310927,4.792289743566051e-05,0.008364823342451382,0.9037124876905112
152,0.030962766288368013,0.004936750396864175,7.549871490351405e-05,0.009804733348020959,0.9542202512518434
153,0.015206600463169337,0.002085896586025459,1.7212663279108128e-05,0.0010372214374700654,0.981653068850056
154,0.017701433822694634,0.0014017609874185947,1.8784766069357244e-05,0.0010118495492395228,0.9798661708745778
155,0.02133799802475847,0.002508358490504818,1.7143413338472883e-05,0.0008391041838576494,0.9752973958875405
156,0.36754826940690244,0.004855810487018076,2.815114538814858e-05,0.0019909778178013138,0.62557679114289
157,0.01680996193867389,0.0008896219096856987,6.5246869413806705e-06,0.0002777296217920562,0.9820161618429071
158,0.05758466740189835,0.006324283123980026,6.168288600564886e-05,0.0012705559500372288,0.9347588106380788
159,0.2613656619586923,0.008077976129577022,6.643489803752212e-05,0.002171781052627097,0.728318145961066
160,0.2891853612174309,0.018616639882889516,0.00012696898580122126,0.004407454578919628,0.6876635753349588
161,0.13061023542840253,0.029832286957777232,9.204570039762198e-05,0.02293798819955382,0.8165274437138688
162,0.37240827878073435,0.022104573218861213,0.00011866914673179005,0.013671845873468744,0.5916966329802039
163,0.551910248364787,0.0478441375800267,0.00014415394932820182,0.020367937740094988,0.3797335223657631
164,0.7903520907695993,0.05976322246284471,7.910157404977827e-05,0.06605256721984959,0.08375301797365636
165,0.4118224695064483,0.0489327359225831,0.00034066457117919657,0.0863295245123925,0.45257460548739686
166,0.3852574581546257,0.021592161449591352,0.00014147656583287163,0.04418082461712186,0.5488280792128283
167,0.24385845907329995,0.08904703797802713,0.0004485177606071815,0.4276468157469281,0.23899916944113758
168,0.2291177813061873,0.12073247980332631,0.00017534383021726349,0.4627555075226554,0.1872188875376138
169,0.17622737003587255,0.04280547077327319,0.0001446336586666569,0.6433772044866263,0.13744532104556131
170,0.14883897039975913,0.06985990895104167,0.0003413934774401571,0.6441687907309306,0.13679093644082832
171,0.04298273404471271,0.014533549486763808,0.00018831827642058817,0.3398386477999756,0.6024567503921273
172,0.037422611788074406,0.01301125538276028,8.813245160357909e-05,0.09999860419386586,0.849479396183696
173,0.011400282483811154,0.0011313992246442177,1.9182292273362874e-05,0.014225657281943043,0.9732234787173283
174,0.09274716773253965,0.0018089606008117856,5.325589850300998e-05,0.010255957710576972,0.8951346580575685
175,0.0754209048464833,0.0017708339318919357,3.28677848046242e-05,0.009004859078061395,0.9137705343587588
176,0.18336428428673993,0.0029840300954687158,5.0736238889883315e-05,0.013566197801240095,0.8000347515776614
177,0.05110793114139687,0.0013654587042904501,7.297741502440448e-05,0.011788601100788368,0.9356650316384998
178,0.05830615963560814,0.00469227979122168,3.784608181532801e-05,0.015255979366935957,0.921707735124419
179,0.0676750729283515,0.0010945682966824449,2.1746072811555723e-05,0.013780617365826467,0.9174279953363281
180,0.07162680413124536,0.005604415289864434,3.066035919048894e-05,0.011521190859391362,0.9112169293603084
181,0.06871688394782319,0.0023285041686873544,2.517741483436759e-05,0.01143120020565166,0.9174982342630034
182,0.19964706451020783,0.006304210196340546,4.273822594273992e-05,0.024271529666737197,0.7697344574007716
183,0.07609829236722349,0.0033532694292769368,1.0567774138918651e-05,0.009636892338319365,0.9109009780910413
184,0.36226938848490164,0.02553713655055733,5.1416992051361975e-05,0.05869569631403097,0.5534463616584587
185,0.23917728916545336,0.03263210906129579,4.1263166765267585e-05,0.06674502711523779,0.6614043114912479
186,0.19394475671568426,0.03181574269815443,3.136139783313099e-05,0.04393433685661936,0.7302738023317089
187,0.5146040327527188,0.045985704101903176,0.00016063817039453494,0.1876479065597831,0.2516017184152004
188,0.6248105291327125,0.049876307242323975,7.893209834204558e-05,0.03414270758702646,0.29109152393959503
189,0.6428330168207519,0.2097480493091426,0.0007985813969295029,0.029114240270440617,0.11750611220273531
190,0.4025638631094714,0.2144715824970873,0.0012088144236303174,0.319977029912161,0.06177871005765006
191,0.31370226951271213,0.21901890029985294,0.0003596981629656254,0.08310444271029893,0.3838146893141704
192,0.2522500195580346,0.0959864586721954,0.0002831883366615904,0.20062225167350642,0.45085808175960196
193,0.33213135154937584,0.13889130529440574,0.0006453180591696587,0.19252323686981945,0.3358087882272294
194,0.4015419976787741,0.15486805888877114,0.000526316904393556,0.043864107972725865,0.3991995185553353
195,0.5113925284455998,0.3551844725434708,0.0014160517365570972,0.060231478593677175,0.07177546868069505
196,0.25969683853069453,0.5863572537178044,0.003083852559167531,0.08551005674410207,0.06535199844823145
197,0.21226736569352977,0.7334858989725886,0.0050514897383497565,0.039525203857677424,0.00967004173785442
198,0.20145249712860167,0.33370221804211725,0.003336801469213817,0.013240117676258153,0.448268365683809
199,0.33250279147582656,0.6134921849026727,0.006460588942871249,0.023268382711693222,0.024276051966936336
200,0.20556861467253928,0.7484185412748388,0.011486970293395913,0.02472958616480081,0.009796287594425327
201,0.14250266731707883,0.7978936955688144,0.0108920173644762,0.03897360188529891,0.009738017864331724
202,0.04741383610420919,0.9164403424889197,0.008112676627793799,0.013204621033408517,0.014828523745668848
203,0.16828479608537136,0.5474195141391217,0.0018665430842836797,0.02942449290000839,0.25300465379121484
204,0.31860536594218786,0.38358062565059803,0.0009621547478643139,0.009651317530377674,0.28720053612897195
205,0.3581912030016949,0.5612408390667986,0.0033342881973826405,0.03646040582072524,0.040773263913398666
206,0.17841489851674863,0.5850952611906478,0.0016184443715203827,0.0035564446353270785,0.2313149512857559
207,0.3654671483943272,0.5708107763811774,0.008639475106581624,0.016864898696398862,0.038217701421514844
208,0.15606973580018876,0.4489236323405092,0.009591166857038536,0.003331100130647506,0.38208436487161596
209,0.4782969674245964,0.4266976558083341,0.012143473283389236,0.011664140113511138,0.07119776337016902
210,0.30759859522733846,0.6335684231966953,0.012143111486621441,0.024560555290637758,0.02212931479870708
211,0.2047837487286063,0.4355016677170988,0.012078349734556343,0.002602955396154361,0.3450332784235842
212,0.2864237165742369,0.6647050424696109,0.019448592055519544,0.010959880732413383,0.01846276816821945
213,0.051324909467926144,0.894203509021373,0.04841805956741743,0.0015517381013381345,0.004501783841945267
214,0.02992070148093423,0.8026147776925971,0.16029786985752784,0.0030435238683315037,0.004123127100609143
215,0.018143970217130972,0.8745249882722983,0.09992945490733471,0.0042663254393176635,0.0031352611639183514
216,0.02206189243966723,0.8955036217211844,0.0734543877536764,0.0052654437583478444,0.003714654327124198
217,0.03194991588573528,0.8469666636925752,0.11212001313230446,0.005662739363484197,0.003300667925900939
218,0.006173414696688167,0.8486597042630434,0.14073145525691716,0.0022617743848168726,0.0021736513985344537
219,0.1005554175816455,0.2296796330499656,0.005516350083733292,0.00317468785170003,0.6610739114329556
220,0.311477384342752,0.475913749941348,0.007536212616378152,0.0033663058913390056,0.20170634720818278
221,0.6306474706096601,0.3187328716354257,0.013517011306247512,0.015168735022484104,0.021933911426182635
222,0.2616627773229884,0.6636754236221393,0.031366803077253584,0.004233521745017966,0.03906147423260078
223,0.10340028019492796,0.83944383345563,0.04682978685591299,0.004186007746353242,0.006140091747175787
224,0.10121143190239122,0.8394531755921221,0.026014012992628857,0.02505964265364628,0.008261736859211409
225,0.023407142746275166,0.9087471611348494,0.06209274023974324,0.0035918974178735068,0.002161058461258457
226,0.011340005160513594,0.8619421198641287,0.12327316577323298,0.0014626305565591394,0.001982078645565445
227,0.005612695703094735,0.8865321632152577,0.10495378369887289,0.001582570679133793,0.0013187867036408788
228,0.012887388320046909,0.8721998203309411,0.1086210677755693,0.004369276727070112,0.0019224468463723216
229,0.011108166489454603,0.8341628025823844,0.15090010754763022,0.0023492432904816587,0.0014796800900491408
230,0.007426684331700412,0.8527923763798443,0.13507762782678118,0.0009548781534049988,0.003748433308269015
231,0.007712212406371025,0.7449060660976439,0.24365992680626655,0.001327096487468593,0.002394698202250069
232,0.004828912750473874,0.7239084706712443,0.26854913002429676,0.0007274113714374296,0.001986075182547685
233,0.002358389985571963,0.7453366519554789,0.25047467258534606,0.0005197658903634714,0.0013105195832393624
234,0.0018561080387230592,0.6239486752617506,0.37228569856952437,0.0005546533986063717,0.0013548647313955905
235,0.0012792048185960817,0.6220595457813978,0.3746563804916412,0.0005720984247197188,0.0014327704836451362
236,0.0029150561126261563,0.3412993200934741,0.6521081486268824,0.0007391932082045924,0.0029382819588129063
237,0.005508501315904513,0.51682083945305,0.4733482084676068,0.0012306321724520172,0.0030918185909865775
238,0.025865284668971523,0.7838368226000085,0.10629882413041354,0.002632086128002828,0.08136698247260352
239,0.08574617461522961,0.6825342674848414,0.19389743121929537,0.015477609068314496,0.022344517612319027
240,0.2297346483941139,0.5543545856416946,0.046008085465708025,0.004824757402248251,0.1650779230962352
241,0.05331255512951152,0.7889037423563546,0.1474710580964292,0.002721956435977723,0.007590687981726882
242,0.10709110331703912,0.6761230032231769,0.10128292138364073,0.0014579836267899677,0.1140449884493532
243,0.11503697599910828,0.7830163135751224,0.0948798066327364,0.0020330088345045395,0.005033894958528472
244,0.11553486761632756,0.7799198319789641,0.03512618045423329,0.001551639415630031,0.06786748053484497
245,0.12495600779296762,0.7559608490375003,0.1072816208547811,0.00247408067950882,0.009327441635242118
246,0.04260280767330392,0.8476387698096743,0.10137829789933572,0.0010980488025373735,0.00728207581514868
247,0.05438782410309492,0.7596700450117416,0.1766526274867889,0.0016910489022201622,0.0075984544961543036
248,0.06849662254786318,0.8275026039202311,0.07557480968526632,0.0008651062751344801,0.027560857571504924
249,0.04124967511756687,0.7836443747920121,0.17040995112291135,0.0010757121672510213,0.0036202868002586713
250,0.0019457498168277217,0.5590707298936686,0.4372588400729948,0.00027729375030604333,0.0014473864662028215
251,0.0018539747723236445,0.46511258759326746,0.5313667980487236,0.0001791242959173931,0.0014875152897679482
252,0.0005118959380557734,0.5646617135794448,0.4340179251630676,0.00010776672298058471,0.0007006985964511767
253,0.0007838353168718307,0.36606443702097957,0.6314057072674044,0.00018004015332074373,0.0015659802414234461
254,0.00045019001108543243,0.3258697229702764,0.6723644669234778,8.123249487789933e-05,0.001234387600282464
255,0.0003732471300110216,0.23378257072444958,0.764420628326873,9.901818900522688e-05,0.0013245356296610834
256,0.00032233283610356154,0.3186812272090329,0.679889621476027,6.035726876102394e-05,0.0010464612100756613
257,0.0005321419118301506,0.3904153290440971,0.607673947808864,0.0001640473793537717,0.0012145338558550594
258,0.0006132525248760862,0.4505439391720338,0.5471047115672582,0.00017405340552699916,0.0015640433303049177
259,0.007681574864845066,0.4777409211602867,0.5031531349453585,0.0019513104256192143,0.009473058603890434
260,0.007582139333976845,0.7070170844519647,0.28091560783599107,0.0019036735729885093,0.002581494805078891
261,0.08558553923216998,0.4239632280036507,0.052150436682329424,0.004381343157580039,0.43391945292426987
262,0.2236437881059156,0.6461607058032011,0.023433782169312536,0.0070277941831416784,0.09973392973842916
263,0.27957812398005655,0.26725660997197287,0.004116627386337742,0.0035614848376848175,0.44548715382394805
264,0.5401711258294674,0.4176419062802188,0.018602959915921882,0.004820634096161533,0.018763373878230447
265,0.5139239978895497,0.44012498343187056,0.013833415900422346,0.01179110034213574,0.0203265024360217
266,0.16856920291816768,0.7644435921905647,0.05217928611927914,0.004499955437916536,0.010307963334071954
267,0.07949269210167327,0.8831724228362341,0.007858608178182196,0.003909551103534872,0.02556672578037569
268,0.046719467334951276,0.8970795298263464,0.049493563718018385,0.0033810609134693236,0.0033263782072146123
269,0.12583574981014162,0.7122096930358104,0.044901315639759846,0.0018964474657987606,0.11515679404848943
270,0.3616427883512501,0.5834942709999267,0.008672333443730045,0.0043005419800278355,0.04189006522506561
271,0.39665556706335026,0.555965210979325,0.010952771154314946,0.0022358159059125225,0.03419063489709728
272,0.1300147919787015,0.8183907400889918,0.043465049488493765,0.0015335486412216793,0.006595869802591244
273,0.023397199853962405,0.9040060745253885,0.06642106161132849,0.001725176329330798,0.004450487679989981
274,0.24328560982109484,0.6598232686964702,0.02776308727311285,0.0045421690470317105,0.06458586516229041
275,0.08759508445183212,0.8361620958514123,0.041517962512621985,0.00455951446714965,0.03016534271698392
276,0.05624137533510427,0.9044480307875022,0.02662946594188616,0.004390474381760748,0.008290653553746604
277,0.1307040754842662,0.7994191105162118,0.05574924530505986,0.006218467768115061,0.007909100926346955
278,0.046812945908173094,0.9095540723440289,0.031531047253729266,0.0026565708447035693,0.009445363649365058
279,0.02699232973592311,0.8921434832455064,0.07328460632431825,0.003766993253994793,0.0038125874402572973
280,0.03500699992066712,0.9281418934474928,0.02924676226069991,0.0017861199917791658,0.005818224379361114
281,0.1411159711249022,0.792832461024262,0.04865937841238346,0.006939435475234912,0.010452753963217489
282,0.01804033062536194,0.9287143166797991,0.04988891934988534,0.0016814006370506065,0.0016750327079030469
283,0.005472072098864455,0.8994115221215353,0.09237632779854237,0.0006003610152348875,0.0021397169658229956
284,0.03552062835360962,0.8945163033125031,0.06170654720158867,0.0013322190530566007,0.006924302079241679
285,0.2504346164886576,0.6463219247726842,0.01305424852704962,0.004247427133779403,0.08594178307782903
286,0.09153815589790365,0.8538640581836747,0.040885039305054965,0.005088050727506426,0.008624695885860276
287,0.0539918787978265,0.8888795930371381,0.04098497566463764,0.0009560917782764052,0.015187460722121404
288,0.06883983986392339,0.858627957658047,0.06584181217640898,0.0024120738080452607,0.004278316493575536
289,0.1596629179110695,0.6083253548233204,0.027528649619322058,0.0031953891253923864,0.20128768852089557
290,0.014058141144723752,0.8147283576264296,0.16748548276187797,0.00072955646049912,0.0029984620064695175
291,0.009339229192288736,0.8053596007492706,0.18149327551033975,0.0011899276110800918,0.0026179669370209363
292,0.011902104307882475,0.8051028249268448,0.1788119858178808,0.001828017555376106,0.002355067392015598
293,0.006637159400805481,0.7865707888565004,0.20123741066409567,0.0030467674506838164,0.0025078736279144963
294,0.014082437900536208,0.8982739532137594,0.05499692175558709,0.002165479596363091,0.03048120753375447
295,0.17341087869240945,0.6883470710442834,0.06792633327269516,0.02103514332237917,0.049280573668232776
296,0.020689737370991456,0.9091600708006243,0.06170940733812161,0.0031051507534786632,0.005335633736783987
297,0.15084580786943233,0.7882344428068837,0.0084617626646344,0.008860692375954828,0.04359729428309471
298,0.03965331781296922,0.8576181107714016,0.07282162237009487,0.0011123246960777777,0.028794624349456618
299,0.47923111339013097,0.37071707800763526,0.010041806071382825,0.024771619405727422,0.11523838312512354
300,0.5497246849776565,0.35399064018711024,0.0035007983955966855,0.014010290994025676,0.07877358544561101
301,0.2031517130846068,0.7346362897223141,0.004251934768449566,0.010122720744280127,0.0478373416803495
302,0.29014383518162906,0.4170405965977344,0.0061349014514158525,0.003703862789513492,0.28297680397970726
303,0.44505098251383224,0.5094810395083833,0.003830373069069676,0.025498259040734064,0.016139345867980756
304,0.49797924219822587,0.389954625656946,0.002440616752345431,0.05675076750591474,0.05287474788656793
305,0.13717092763518882,0.7354792645868488,0.006921397973902025,0.10452387407648193,0.015904535727578523
306,0.07028570152292149,0.681525385836007,0.0043020028607033455,0.23938400578720723,0.004502903993160932
307,0.29531524389997477,0.46224309396903307,0.0008054230230456951,0.06937325824929891,0.1722629808586475
308,0.2121832872256196,0.6873346176439208,0.001553477591990247,0.09346774736430753,0.005460870174161787
309,0.23543036208591514,0.7371810552903805,0.0010925990929568459,0.021873592662170267,0.004422390868577158
310,0.02501075791683404,0.9603310380365627,0.004964636002498768,0.008638967007823396,0.0010546010362811502
311,0.07429910033672212,0.8551121015262727,0.0018366858783812824,0.05506125185305041,0.013690860405573635
312,0.04504507746356223,0.8791158967491924,0.004341241878351751,0.06635647819724423,0.005141305711649435
313,0.086973240376137,0.8378847678182832,0.000883538045676605,0.0671143639088019,0.007144089851101122
314,0.10936543999186071,0.8532573686277709,0.0016796015786520095,0.030422041104971948,0.005275548696744426
315,0.021100373802511993,0.9675024467509841,0.003358483247142596,0.006047485459695648,0.0019912107396658713
316,0.02387034049618633,0.9649809580291835,0.001169943421250266,0.004134591869677146,0.00584416618370272
317,0.1516458399805977,0.1567293269428433,0.0014289029067176223,0.004315919533543522,0.6858800106362978
318,0.546207209761785,0.3796999853661566,0.0009916536238090872,0.028788721941010564,0.04431242930723882
319,0.49616551569685147,0.3213833835293775,0.0008172549786107661,0.005313658284246431,0.17632018751091388
320,0.45622980465158336,0.5164685138223063,0.0005105963054989325,0.011993661595982518,0.014797423624628778
321,0.25247422858125806,0.6526813279980649,0.0007239750579782583,0.08478825003828841,0.009332218324410255
322,0.13044048229440688,0.6426462480409899,0.0008029694083921778,0.22160326129009,0.0045070389661207655
323,0.0774742308279507,0.7349587724480047,0.0006389632310559872,0.18272245316771285,0.0042055803252757104
324,0.18899546564467026,0.4540051002389468,0.0005200309245116426,0.21332293286380924,0.14315647032806192
325,0.20212523601101537,0.4258547153822809,0.0009334565371685917,0.36487128743294966,0.006215304636585587
326,0.30087801142629234,0.17501787728741405,0.0004389622603855813,0.16891887491732493,0.3547462741085831
327,0.4997240704362689,0.1383990344093733,9.38720713483147e-05,0.3482658189992264,0.013517204083783098
328,0.370692473052312,0.21851077680214967,0.00029059458149592566,0.2723366254756078,0.1381695300884347
329,0.5715144960821321,0.08739662046472653,0.00011669849543850215,0.32974633158885924,0.011225853368843667
330,0.19236952727004902,0.3203379619587427,0.00038216152201768505,0.48075162005801536,0.006158729191175213
331,0.08921704162542116,0.2478407511548033,0.0003534806976482695,0.6574755258933358,0.005113200628791411
332,0.042539780246337006,0.2693902653666726,0.00021480923223201467,0.6779074649923056,0.00994768016245278
333,0.09444536405813354,0.053331998018218134,9.914924032384991e-05,0.6957837268116441,0.1563397618716804
334,0.0728251011223314,0.05656302478269338,6.0803256159638064e-05,0.8657620225556704,0.0047890482831452925
335,0.16749097353102757,0.0638824889296364,4.510955727526423e-05,0.7600508708285986,0.00853055715346219
336,0.17995459258849458,0.16813293327260884,0.00012948478297249456,0.5630594381749093,0.08872355118101481
337,0.07084857715167694,0.01235647116485101,2.7100237514701572e-05,0.9099302319006405,0.00683761954531687
338,0.07282654232218534,0.06670204479984064,0.00012046701372325971,0.8569373770216382,0.0034135688426127696
339,0.036917667662216616,0.028559094694882946,9.8678223855985e-05,0.9303227424570093,0.00410181696203517
340,0.014888961338936742,0.01147072434296932,7.643104559071084e-05,0.9679383479501289,0.005625535322374314
341,0.015139737902943394,0.013497273137051659,3.597795871351531e-05,0.9679003304645992,0.0034266805366921617
342,0.039339935451246685,0.008226686340778357,3.7016327790997395e-05,0.9434130011155072,0.008983360764676642
343,0.07130770539427313,0.015290274578151908,1.8476101755334418e-05,0.9089039590206802,0.004479584905139343
344,0.05690138901507786,0.03314519176334634,2.859378155519927e-05,0.905269296122908,0.004655529317112622
345,0.07828781679613887,0.025610950964356876,2.6047780370951574e-05,0.8910131144175314,0.0050620700416019685
346,0.07054276739532568,0.01713344162311033,3.390390136763671e-05,0.9036307527234884,0.00865913435670815
347,0.08286327233583415,0.082744898636251,8.517035177575744e-05,0.8131071660843684,0.021199492591770595
348,0.09891280621989623,0.033438855767279896,2.175718786242405e-05,0.8543708927500092,0.013255688074952275
349,0.1376252494267782,0.09691957187104197,6.175726262372521e-05,0.7563662724309889,0.009027149008567189
350,0.14795057701478873,0.040885683508278065,6.0078588870860965e-05,0.623426795337459,0.1876768655506033
351,0.3134748970004244,0.12582749643779043,0.00012852887278802752,0.5421084969808262,0.018460580708170866
352,0.1916846281800915,0.05723448947405504,5.931904000699842e-05,0.5997480214981543,0.1512735418076922
353,0.1937262338639069,0.08382018361530137,8.717182806694637e-05,0.7095656894366815,0.012800721256043217
354,0.2263242497865255,0.010333895733889977,1.1603783521148594e-05,0.7046406043407222,0.05868964635534117
355,0.30597575732264803,0.009545082246717004,1.0484947989185298e-05,0.6241600990239137,0.06030857645873209
356,0.1628534941365995,0.023119948400138507,2.8371552313623385e-05,0.7647819090607939,0.049216276850154346
357,0.19956944619074168,0.09433602643989146,5.5541095798839736e-05,0.6936376039241331,0.012401382349434997
358,0.052261121208273094,0.18636698923693512,0.0004542582856202048,0.750765328403445,0.010152302865726692
359,0.02790387744621631,0.020757102122976056,3.741074572453788e-05,0.9433684414220669,0.007933168263016214
360,0.02660910771704144,0.043490106235830966,0.00010801215539250931,0.9148806496436801,0.014912124248055056
361,0.014349427110084238,0.015614358650052479,2.6109560156808308e-05,0.9668688592541083,0.0031412454255981418
362,0.03041689355469103,0.013363155246801223,8.937203404741799e-05,0.9486498750401815,0.00748070412427881
363,0.03126073431526429,0.0064516231713471475,1.982713347364274e-05,0.9438041892165235,0.01846362616339126
364,0.033203448501886425,0.00896506602851081,2.1202468030443602e-05,0.9488494375292159,0.008960845472356533
365,0.02903133631175144,0.007475847550357329,1.76912089102276e-05,0.9514880890160057,0.011987035912975282
366,0.17910497882116577,0.01227882539007758,2.682985226045592e-05,0.746777900111024,0.061811465825472325
367,0.05308143294239301,0.015399589840723954,1.2824628557165873e-05,0.9213568833814412,0.010149269206884613
368,0.036733494697136375,0.008405813691291663,1.1632061160299417e-05,0.8354882369621442,0.11936082258826733
369,0.09842590448001194,0.016431292183779516,1.3344638738726798e-05,0.8546197775862213,0.03050968111124847
370,0.11621411372718991,0.02004592436444523,1.687564613553253e-05,0.7504100515036775,0.11331303475855184
371,0.08977778250175171,0.031034888781219093,3.474745780594548e-05,0.8621739692325714,0.016978612026651924
372,0.07251623674344289,0.050767090893188864,2.499512209524185e-05,0.8590390939766871,0.01765258326458591
373,0.1002253780171057,0.05285692219988789,2.4450466308841192e-05,0.8382695492658779,0.008623700050819697
374,0.08111993984884243,0.030305421972043372,3.560123992199357e-05,0.8800757765755354,0.008463260363656935
