epoch,N1,N2,N3,R,W
0,0.020239678487712697,0.0010234129649302035,8.887563114758675e-06,0.0004967991908758361,0.9782312217933665
1,0.01035588696939759,0.0002167731777907938,2.422158680710383e-06,0.00032406680799713835,0.9891008508861338
2,0.023590154171044323,0.0025013768222658084,1.4081160167779685e-05,0.0004967284680631393,0.973397659378459
3,0.030993254857318884,0.001392585115954998,8.633900782247436e-06,0.0015860129776205515,0.9660195131483233
4,0.06400645036958456,0.001493212512569943,7.400304016485161e-06,0.0010426352005084181,0.9334503016133205
5,0.25076798040394616,0.008595565955059023,3.857419587975372e-05,0.0018213863974315219,0.7387764930476837
6,0.5371538473215745,0.018028644263963795,6.469496973298648e-05,0.0013294945727528947,0.4434233188719759
7,0.04529917109077917,0.002577871931240552,2.3021433308022094e-05,0.0006529881837442947,0.9514469473609279
8,0.12397619193543437,0.010390131806504275,5.563155986267315e-05,0.04065085215386461,0.8249271925443341
9,0.06718531300729247,0.019471996002698555,0.00014380746504872064,0.05042483562505298,0.8627740478999073
10,0.04621187985807391,0.030927228381332585,0.00023345704788334815,0.24253171083438524,0.680095723878325
11,0.09001435421406422,0.03594102849302358,0.00014881164745352425,0.43590892395836267,0.437986881687096
12,0.08808556553977674,0.038466126626604515,0.0002997809518632949,0.40271026645652375,0.47043826042523174
13,0.05921386977035366,0.031441685126225805,0.00042600977220270286,0.4084533426860382,0.5004650926451796
14,0.1342878759835037,0.04482023010018639,0.0002144626592090477,0.38183464878065526,0.43884278247644565
15,0.18462318202618017,0.06876791355867937,0.00029696499567545586,0.6370339011739917,0.10927803824547332
16,0.38821385215466914,0.09789151190945122,0.00017344095589538237,0.409168395532176,0.10455279944780813
17,0.4185441294633667,0.13641982020600715,0.00021860272586264658,0.21982966756498948,0.22498778003977388
18,0.2901798542369043,0.1039289388577567,0.00010176378453608758,0.27888959045769335,0.32689985266310967
19,0.4581596102659464,0.09796326030097484,0.00015887078340636078,0.25051117239076864,0.19320708625890384
20,0.13924800323584305,0.08607958759221172,8.762471729210797e-05,0.05951277921824247,0.7150720052364107
21,0.35460368472897796,0.04280963407391976,9.328744725377543e-05,0.1390956652665368,0.4633977284833118
22,0.3020029805266693,0.03968854646195818,8.389895639780445e-05,0.16747113952203274,0.4907534345329419
23,0.2825154264820668,0.08753869834107145,6.961538936843221e-05,0.04038618243162619,0.5894900773558671
24,0.6483258013495983,0.05095739198313618,0.00016093222724463795,0.08670688288319657,0.21384899155682432
25,0.06330848554654209,0.05136306065096795,0.00020751054370843783,0.0696988133213546,0.815422129937427
26,0.2654527267424332,0.08645223575750889,0.0005015169192100365,0.1886089221133112,0.4589845984675366
27,0.23518477169264132,0.0553614260159909,0.00017178090125016918,0.22642855887258923,0.48285346251752836
28,0.3204303071924041,0.10811511410669007,0.0005149335141500788,0.29010005585622656,0.28083958933052927
29,0.18627330259446828,0.05390303609455874,0.00014027933265145664,0.14185873512554634,0.6178246468527752
30,0.4414376190658721,0.09178565804876528,0.000312457001306996,0.17529732825199387,0.2911669376320618
31,0.41009679689405104,0.1742561332890162,0.0005008780328740869,0.15922379236768275,0.2559223994163759
32,0.2143687163115981,0.1459881553339631,0.0004060117774625529,0.1651062827973726,0.47413083377960374
33,0.47079531644746425,0.06431617595459131,7.838312630818444e-05,0.10094186314997804,0.3638682613216583
34,0.4070466064790593,0.11933259752314875,0.00023619456163787893,0.1998429362950923,0.2735416651410617
35,0.2325309591412515,0.1687795994891262,0.00014673045092640513,0.1281323051443725,0.47041040577432347
36,0.20208765830946557,0.026294846529382142,2.478368939619368e-05,0.049709163506999096,0.7218835479647568
37,0.24248131618673338,0.042135487551684926,2.7233727248748403e-05,0.0995086059859938,0.6158473565483391
38,0.20006800045489576,0.060369308914455966,7.582173758561343e-05,0.07412813367588904,0.6653587352171737
39,0.4630446953068636,0.06551786644820573,0.0001724561067870927,0.17088451624476136,0.30038046589338213
40,0.18003221127785374,0.058484544511739574,0.00011080951124099491,0.05350160220138716,0.7078708324977785
41,0.4831633448452825,0.03980224113817535,0.0001050062259783599,0.1443617295529063,0.33256767823765754
42,0.19586828030942485,0.087114549113222,0.0001019700410171901,0.1682277004331682,0.5486875001031678
43,0.6761141835059846,0.03110654399657234,0.0001280634382080636,0.11530227778547224,0.17734893127376267
44,0.36381982569533877,0.0583390361941336,0.00023165344104010807,0.4426002587093142,0.13500922596017337
45,0.28063349468308874,0.07556204951730068,7.322945180062279e-05,0.41132959848229045,0.23240162786551954
46,0.6223895828919385,0.047810891868838905,0.0001367663884481074,0.20242989186297503,0.1272328669877995
47,0.4371874836019643,0.050276841600828195,0.00020751295515337656,0.3813328952007763,0.13099526664127775
48,0.38506352119760734,0.05264811000241599,0.00022974406400857122,0.4013117695397575,0.16074685519621065
49,0.5057857287832576,0.028519131077813474,9.175872280596257e-05,0.23711886091833934,0.22848452049778364
50,0.5668615304133833,0.03684518063078902,0.0001238183231991377,0.24013435097327507,0.15603511965935346
51,0.4961884969103796,0.031068494915072038,0.00017466872731886833,0.2848932565574093,0.18767508288982002
52,0.08738692982270978,0.014973720095609122,5.2639223348090275e-05,0.15377235567192094,0.743814355186412
53,0.32710618151173004,0.01289819075786251,3.822251239634141e-05,0.12008353554800577,0.5398738696700053
54,0.5260447542155369,0.012648663191976894,1.7275980997783074e-05,0.04176636857961028,0.41952293803187807
55,0.7499654378355676,0.021973456792602035,2.7280231997437218e-05,0.03906421170840161,0.18896961343143137
56,0.7698569662314608,0.024643806357394278,8.658652915791607e-05,0.07505706289221456,0.13035557798977238
57,0.8325052139869606,0.036803880960357034,4.2962957923652096e-05,0.047116666945858025,0.0835312751489006
58,0.617549711911853,0.099844952069755,0.00010209789766662525,0.12715225615529016,0.1553509819654351
59,0.1665486740677566,0.22124684749951137,0.0002583339547517166,0.0431441188518886,0.5688020256260917
60,0.18479373988534123,0.49955932201400716,0.0003927113286273155,0.05875532240894393,0.2564989043630804
61,0.1799778379283059,0.3581280160066574,0.00021878212819998532,0.36465329342647124,0.0970220705103655
62,0.10588370632062849,0.5734534286184777,0.0003300966476006265,0.07067948869446894,0.24965327971882434
63,0.07787431416732339,0.7460287541071777,0.0007718321185208767,0.10174781421401292,0.07357728539296526
64,0.24092044001725108,0.34292394512617624,0.0004083439993395034,0.3402655670463203,0.07548170381091286
65,0.146164197516501,0.6193581732316399,0.00042206721361823,0.07755609329861768,0.1564994687396232
66,0.1841625897603465,0.5411978275598092,0.0005499262223597114,0.11861130811155739,0.15547834834592725
67,0.11773302247541477,0.6751473484309443,0.0009811617868604081,0.14321079454038077,0.06292767276639986
68,0.13706080973676593,0.6643854832741729,0.0006932803015134298,0.12312095906920278,0.07473946761834492
69,0.18753245392035514,0.6123680827350266,0.0011923454094207187,0.09317035871947335,0.10573675921572423
70,0.15375739093821175,0.7303858534374935,0.004588218339410689,0.027041116699027833,0.08422742058585622
71,0.08988628029011833,0.8015805233894413,0.002056168960992087,0.03893119675148348,0.06754583060796497
72,0.1502961021308815,0.6643330004774282,0.0017260712298970194,0.0832053276677922,0.10043949849400109
73,0.07880392447733438,0.7724200593234414,0.0025590322280308413,0.033538731787923236,0.1126782521832702
74,0.13593526794998134,0.6906360532055575,0.0007987757080049818,0.06491613641747568,0.10771376671898066
75,0.20658842099100208,0.6805019424636704,0.0008223276422253136,0.02662167953060192,0.08546562937250048
76,0.09481114519122016,0.8474957705406725,0.0009920861055303346,0.003306028705756262,0.0533949694568209
77,0.11143421974226247,0.8374033296066282,0.0012326813808665694,0.010412049144960044,0.039517720125282714
78,0.03815730772169988,0.9175862697400727,0.0016312055360689864,0.012082353989370822,0.030542863012787407
79,0.04040748186048829,0.9334643155793225,0.0028622869253561683,0.010406441362090712,0.01285947427274213
80,0.20720163892319576,0.7174694318474403,0.002323285028867271,0.018480403523539853,0.05452524067695688
81,0.2505591612465201,0.2246983044754999,0.0008921555629844764,0.006014038948179106,0.5178363397668164
82,0.5730700065025477,0.38766722000732845,0.0008955268306028707,0.016212515015728443,0.022154731643792478
83,0.27162552390833444,0.7084517483492229,0.0009140793151682039,0.0072705149016502445,0.011738133525624174
84,0.48515616625845,0.4728272651567639,0.0010762723911332042,0.018859522181385847,0.022080774012267084
85,0.04091563226206796,0.9397070151912685,0.0022507623282349296,0.007250877289211513,0.009875712929217026
86,0.0634035018055458,0.893341827876434,0.004057214324809081,0.023881540307820248,0.015315915685390756
87,0.09560746740401924,0.8663067620990917,0.0029932948840465925,0.024843831289925632,0.010248644322916807
88,0.05112590595433427,0.903763667000813,0.01646545345347993,0.020574846627424148,0.008070126963948722
89,0.08382107589289452,0.8435484247534171,0.004758546225960151,0.06123532376950734,0.006636629358220748
90,0.03145439300852256,0.9173427765337857,0.016266585280118272,0.027502652364621294,0.0074335928129521675
91,0.03355299254547388,0.9299815061988288,0.006861882714746109,0.024828491561196066,0.004775126979755181
92,0.037092103632693246,0.8978646634143004,0.03538425022564853,0.018677641554890517,0.010981341172467358
93,0.020922513973974707,0.9192138856461364,0.024970393683212657,0.028648732667188932,0.00624447402948739
94,0.04976320111575901,0.9199977035781765,0.012759684436733275,0.01008013481156668,0.007399276057764592
95,0.024465758331449254,0.9317391601967557,0.031522824574247994,0.006985455431255745,0.005286801466291351
96,0.05183156403341456,0.912124271803432,0.010312605977103938,0.018291423872601735,0.007440134313447632
97,0.024263347524302054,0.9442681864999396,0.018189641233188687,0.00640219033055205,0.006876634412017597
98,0.016318881828375594,0.9470647477006339,0.021459414410944993,0.008907554586212061,0.006249401473833784
99,0.007280061362217499,0.848846792542113,0.13730990321166991,0.002149159278854604,0.004414083605145066
100,0.010801424329569221,0.9168697358458728,0.059096727768487296,0.007611976773789665,0.00562013528228096
101,0.013015539496858498,0.9095869129714421,0.07028524763753739,0.0029031200345102683,0.004209179859651772
102,0.017187199564249484,0.8215534926674699,0.15306332664629455,0.0031455155370405754,0.005050465584945536
103,0.029258574725242598,0.9154296197726294,0.04019084216486048,0.005194748735432391,0.009926214601835195
104,0.024234048560081618,0.9149148417816219,0.049122352886925555,0.0056960047702223305,0.006032752001148548
105,0.008939692845562366,0.5939070167359416,0.39065565835193256,0.0014910860042828184,0.0050065460622807185
106,0.022686355665308296,0.9150772542668119,0.043000832546767946,0.008376011244865495,0.010859546276246487
107,0.001653758193504804,0.2311121117839026,0.7657344899445557,0.00016863525316585255,0.0013310048248710432
108,0.013331494726551731,0.8897397380409374,0.0878628267424068,0.0030133182126138303,0.00605262227749012
109,0.00852717434901247,0.8557492916730746,0.13116847505408796,0.0007760555160935998,0.0037790034077316297
110,0.003094584278180344,0.37371567306793113,0.6203874671739066,0.00013647509870262737,0.002665800381279323
111,0.01741617885174396,0.882559890661264,0.09318503585554548,0.0010838437456867913,0.005755050885759721
112,0.004085471230027685,0.3303887106406992,0.6611360041863436,0.0002810809089988873,0.004108733033930714
113,0.00631708015031452,0.5548782634397086,0.4334885309613801,0.0005161831223416752,0.004799942326255144
114,0.0030499857238760046,0.15127931178383952,0.8432530459102895,0.0001554564852584515,0.0022622000967366216
115,0.009912547387793012,0.7769220286680201,0.2074570881821597,0.000593611456545521,0.005114724305481557
116,0.012336180926354521,0.7567343264052537,0.22323549300413686,0.0013374863051799392,0.0063565133590750165
117,0.012628744232038552,0.7662899529277132,0.21386414541114712,0.001438253830775353,0.0057789035983258664
118,0.004741887341485108,0.6538389452201235,0.33810514690303045,0.0003631086906961542,0.0029509118446648273
119,0.004552764236447853,0.5934169552544261,0.39824582221059973,0.0005641134327235837,0.0032203448658027324
120,0.0020413541549557847,0.328923790002137,0.6662988067376563,0.00021727788490800152,0.0025187712203428927
121,0.004427651007401794,0.3873753701011491,0.6021273469753856,0.0006416910881043542,0.005427940827959138
122,0.00799575695765093,0.5323793932013038,0.44829170184111794,0.001525717782476595,0.009807430217450732
123,0.00798594576858586,0.3677808616058783,0.6140860601789682,0.0015614602223805126,0.008585672224187258
124,0.006101899650758148,0.14428759331415603,0.836040102191509,0.0004132195260471855,0.013157185317529784
125,0.0564897281720543,0.7785006180030662,0.1342903779329925,0.007301033794655183,0.023418242097231912
126,0.01797438031440361,0.524017572316763,0.44498493711779585,0.0011763437086909172,0.011846766542346522
127,0.03619509604049623,0.5619783679123044,0.3860968457305246,0.0008368851810544824,0.014892805135620258
128,0.02056378157689731,0.5681660692496099,0.40597155426620274,0.00030734797670293004,0.00499124693058727
129,0.026560941193666334,0.2950515908523991,0.672569166893903,0.00040556453384858895,0.005412736526182953
130,0.021035556545009677,0.31048677705623173,0.6605065651910372,0.0005120071953321019,0.0074590940123892245
131,0.0077559397538515835,0.5714188256902213,0.4149352783070752,0.0006043545944360737,0.005285601654415707
132,0.0030464771270534157,0.8088567832740738,0.1815920412650934,0.0012703071223868496,0.005234391211392504
133,0.001375834661807234,0.1873490355270621,0.8056090560965474,0.00025987929087171346,0.005406194423711444
134,0.0003995130340722009,0.09934475794868754,0.8979264399798178,7.666613129503578e-05,0.0022526229061272866
135,0.00030195867401414534,0.07498324918037846,0.9229321426280697,7.90603245926515e-05,0.0017035891929451583
136,0.00039793177428915983,0.053906098765797876,0.944191440580046,7.552301684487168e-05,0.0014290058630220632
137,0.00033990694831140104,0.10055860880731785,0.8973763375142987,8.451819391978192e-05,0.0016406285361522037
138,0.0003390291291947998,0.02273835026171985,0.9739074903607057,5.088240016897281e-05,0.0029642478482105362
139,0.0034863675361962946,0.3318981173976449,0.6490170045308096,0.0006422637368448248,0.014956246798504484
140,0.002041631902331864,0.1648892570626492,0.8235111150166942,0.0005981955817830975,0.008959800436541624
141,0.0016318869518693697,0.053690343524752056,0.9415286392924778,0.00011881554857544202,0.003030314682325368
142,0.000710784060062575,0.04053991434113684,0.9571707306436206,5.465360858425792e-05,0.0015239173465958565
143,0.0017324547590302657,0.14941617612493385,0.8471381906282287,0.00012564947261430116,0.0015875290151929342
144,0.000488987900928693,0.0827827075390553,0.9156620958376357,6.982580204314025e-05,0.0009963829203371364
145,0.0008279764062504238,0.1519213526221346,0.8456754242242933,9.472725621152171e-05,0.001480519491110121
146,0.0005729382958004967,0.0292590304331071,0.9692940194455061,3.4724572552064734e-05,0.000839287253034418
147,0.0003955366246522161,0.09089338387759002,0.9074459687900668,8.349050811670575e-05,0.0011816201995744078
148,0.0002517825366877024,0.03605472322481916,0.9629487553692236,4.2359544139988234e-05,0.0007023793251295007
149,0.00018106325344342597,0.012169342242223734,0.9872012738696875,1.6466323124459763e-05,0.00043185431152090983
150,0.00016255597954532944,0.018156654897413194,0.9812667281409079,1.3506964022404394e-05,0.0004005540181112985
151,0.00020113943906385407,0.03975123069219619,0.9591949749659615,4.600090477338887e-05,0.0008066539980049574
152,0.0002455495691286017,0.021787490820087047,0.9773675018952086,1.8892580268092648e-05,0.0005805651353075504
153,0.00010780459850220126,0.006675919278112828,0.9927918402106084,1.4824168809847473e-05,0.00040961174396679777
154,8.71212435588158e-05,0.01060909073706415,0.9889800097014445,1.5549891910260715e-05,0.0003082284260221624
155,0.0002346583234759731,0.0193867045305977,0.9796825296900712,2.3530553650111637e-05,0.0006725769022051257
156,0.00029959303229647546,0.00998255246495474,0.9892922680671773,1.900645772040122e-05,0.00040657997785103345
157,0.00043258292319856576,0.031167827167684164,0.9676189215001693,6.509240574852414e-05,0.0007155760031995704
158,0.00019610566382059948,0.015143305546878946,0.9839834253061951,4.7266621964815565e-05,0.0006298968611404765
159,8.223704173649225e-05,0.007873504489886747,0.9916987889156408,2.1174622765429812e-05,0.000324294929970447
160,9.506571881524866e-05,0.006544415963246787,0.9927363408491212,6.189534074599634e-05,0.0005622821280707184
161,0.0006384286507242559,0.02446007897444797,0.9716415844572639,0.00016703251136523798,0.0030928754061988746
162,0.0009063811708051901,0.04678386765134105,0.9491599222615933,0.00018137860212996657,0.002968450314130313
163,0.001227239326241296,0.01713792707882182,0.9787242395437367,0.0003171014320561218,0.002593492619144206
164,0.020692180267778963,0.05012153368771348,0.20467655574977275,0.009055986677023184,0.7154537436177115
165,0.21792153871472936,0.2695482782022559,0.3227520328915415,0.03279618336356802,0.1569819668279052
166,0.2308754614262456,0.19177978017763414,0.40823190523735803,0.011718532238001525,0.15739432092076064
167,0.19942064402677478,0.4968140990120725,0.22326880169414268,0.004683923665080601,0.07581253160192938
168,0.002802052543799119,0.026984987094315068,0.9634463128133448,0.0002255927892315062,0.006541054759309596
169,0.008207093236583626,0.09471431945581579,0.8829193002262914,0.00181580306034628,0.01234348402096297
170,0.008364612448352666,0.16470474716690703,0.8119750651964177,0.002839395748231179,0.012116179440091432
171,0.017487048055924277,0.23102898495501603,0.7265648850373495,0.0030693238172760135,0.021849758134434072
172,0.014156314885929782,0.11559280758791084,0.8543701054452745,0.002401843552616984,0.013478928528267963
173,0.02357780752032798,0.2683313145170081,0.6942178051069722,0.0033029954159449495,0.010570077439746866
174,0.0025997277000918972,0.07471617813275881,0.9193643737414267,0.00020578382032204767,0.0031139366054005334
175,0.001968445684621825,0.20999601378074542,0.7850861986292118,0.0003034336238901871,0.0026459082815308527
176,0.0020274992431716645,0.5242196139436319,0.47003990912517196,0.0004513576343931783,0.003261620053631364
177,0.0005998553439726771,0.09383422903764227,0.9039144874726683,0.00014499179994581724,0.0015064363457708049
178,0.0006567857076911636,0.14771019845364047,0.8495244797741749,0.000186084053111393,0.0019224520113822262
179,0.0010772343373132568,0.1563994383937306,0.8401044823436788,0.00020795152913544282,0.0022108933961419897
180,0.01159956224278084,0.5293554882257644,0.44711200559653086,0.0025895746442383427,0.009343369290685428
181,0.0020717206072894162,0.11814048467528133,0.8766752242271726,0.0003171232354531917,0.0027954472548033953
182,0.006880720421350305,0.20249283346345517,0.7857989097720359,0.0005661751071037395,0.004261361236055021
183,0.0016794604666132604,0.05615438759870937,0.9404859600605634,0.00010143949561087192,0.0015787523785031844
184,0.00204737062732954,0.09757522439900483,0.89729120030985,0.0002603454762575404,0.002825859187558168
185,0.0020102250316718544,0.17514677504985704,0.8202799594021842,0.0004034764984497614,0.002159564017837132
186,0.002119000905954514,0.23869945500888332,0.755549767060912,0.00047291417530352854,0.0031588628489466076
187,0.0009892198432380987,0.053177589135837144,0.9446529567882523,0.0001566507449946083,0.0010235834876778718
188,0.0014578546593052638,0.08762720250239554,0.9087605361494591,0.0008110953008982785,0.0013433113879420134
189,0.001628257905299954,0.16215669575875735,0.8320049484275058,0.0019636439521392595,0.002246453956297596
190,0.0007818781516533423,0.0653467435310994,0.9321254040927753,0.0005861438701606047,0.001159830354311553
191,0.0005076378283125923,0.022160339209738936,0.9757810303809404,0.0004509289181220925,0.0011000636628859394
192,0.0010408200330515125,0.04309202156419988,0.9524436424084826,0.0012389664230704925,0.002184549571195495
193,0.0018450113205765388,0.07327961493666979,0.9202903105207213,0.00206053047948357,0.002524532742548738
194,0.00209071860160894,0.08601896806227302,0.8907556406659944,0.0036001495910736973,0.017534523079049874
195,0.041792871326911,0.04215072994045723,0.02534787399808529,0.025371936935334218,0.8653365877992123
196,0.2830954004916424,0.5193749962697335,0.07861453071844302,0.04799748014635242,0.07091759237382861
197,0.1419244890607126,0.5711570202743866,0.20286626083433512,0.01507512589940637,0.06897710393115927
198,0.221422242484445,0.6622630796585732,0.039411068818630296,0.03884061983526917,0.03806298920308251
199,0.03931212443444455,0.2019726896887054,0.5921428414791796,0.03782778614063144,0.12874455825703898
200,0.14084055112488109,0.2932993041193901,0.4343770117293169,0.040226941581348874,0.09125619144506296
201,0.2225799162304557,0.6271411465389893,0.11571028927487935,0.01688449414284915,0.017684153812826463
202,0.03989081400602573,0.4864029031691059,0.4613984892384424,0.004349489284626151,0.00795830430179968
203,0.036814370525274726,0.7520784770555046,0.1956531024604375,0.010657033430645618,0.004797016528137613
204,0.012463036498269247,0.6495358230937989,0.3176578603452152,0.014106445957826797,0.006236834104889867
205,0.0033629895559923063,0.8042768129453922,0.1856661999013307,0.002508380261632731,0.004185617335651974
206,0.0045134213592408,0.49190216936365666,0.49642120876483925,0.0021671348668037085,0.004996065645459604
207,0.0017598497916646951,0.169038577699268,0.8276178800381403,0.00026435628472403806,0.0013193361862030009
208,0.0041873150090164955,0.6780785260101297,0.31286444995220186,0.001464231183427923,0.0034054778452240093
209,0.004108769084865696,0.7155763255142655,0.2727309968549206,0.0019760154013232956,0.005607893144625107
210,0.002851820293833492,0.4642006560392992,0.5287553588380917,0.0007806664194658046,0.003411498409309812
211,0.0037319234802917272,0.7354207596597484,0.25565083931482924,0.002710508871587244,0.0024859686735433806
212,0.0008453227920989075,0.3359127278494026,0.6607766678708482,0.00090887153767503,0.0015564099499752809
213,0.0018979656817539028,0.3403437963191153,0.6530167834248282,0.0021022103691940883,0.0026392442051084417
214,0.0018443153670782049,0.26136902837726245,0.7338029201492692,0.001271149953107898,0.0017125861532823793
215,0.0025145517145038487,0.6852174824544824,0.30512946872595376,0.004059291076895219,0.003079206028164638
216,0.00275711620888058,0.20203439111102459,0.7901299361028359,0.002877396604431043,0.0022011599728276937
217,0.004879006193848403,0.29442908526119094,0.6828618034942313,0.010237773968497026,0.007592331082232368
218,0.010069799458593135,0.7056243662165264,0.2577708432538196,0.0203004690303375,0.0062345220407231975
219,0.01828147400283778,0.34922550517823153,0.592199105749847,0.032511383126482545,0.00778253194260115
220,0.011355267468070954,0.294836194801852,0.6463685222859076,0.03584371410033869,0.01159630134383084
221,0.013873333810636095,0.3939576023127362,0.535232235480067,0.037570415987379445,0.019366412409181195
222,0.00464591465223381,0.12682014050876167,0.8473341574841451,0.01330790251633929,0.007891884838520087
223,0.11353705810606599,0.16313852445011612,0.2868229134772214,0.03133855700824248,0.405162946958354
224,0.01552194963764544,0.023733842425112627,0.004740466807084565,0.004918443920185492,0.9510852972099718
225,0.5717781554173685,0.23869735751204324,0.0047230663968737905,0.007828834154114443,0.1769725865196
226,0.3222354769855022,0.39385669107145377,0.024964676947582684,0.004966427997223073,0.2539767269982383
227,0.40002905278764744,0.4023708529052487,0.0064512522035982565,0.006010331855580632,0.1851385102479248
228,0.27190164360596697,0.5783392850042924,0.09737900921474699,0.016132710734210572,0.03624735144078303
229,0.2785573047277093,0.5818895176863165,0.03488902458023463,0.03600757734003723,0.06865657566570228
230,0.053070685482058184,0.7212283082328245,0.18329252390270645,0.028359215614013805,0.014049266768397113
231,0.016786133324617206,0.6384767784855288,0.3128509294702025,0.02534532813795364,0.006540830581697888
232,0.011514409584891082,0.6608924046375979,0.27797037895501076,0.04272626431536907,0.00689654250713103
233,0.002654095520704357,0.19932480532139416,0.7803251441126549,0.014299949833484264,0.0033960052117624267
234,0.009971310390702714,0.44051686569444987,0.521651658295691,0.013231772568360148,0.014628393050796199
235,0.14579342180188298,0.4299646942317431,0.14968362601899848,0.2209738720074482,0.053584385939927176
236,0.2530260189015747,0.31273825622727014,0.030130881313146105,0.3116174771686281,0.09248736638938097
237,0.14592603152866218,0.13119841052630954,0.0038063725151499363,0.6197667269921475,0.09930245843773079
238,0.09365326622713567,0.09066707073060377,0.0072837106465841635,0.355164157138836,0.4532317952568404
239,0.48643622918967694,0.08113083181524926,0.0012340321021633445,0.30632830391034943,0.12487060298256102
240,0.41748484197296826,0.11629732330656982,0.0030872711890452985,0.354535009173656,0.10859555435776058
241,0.21814595589530583,0.0417674774546225,0.0004329366519295923,0.6779874793096793,0.061666150688462824
242,0.17104247507546264,0.04771302327740938,0.00035002422234868395,0.6815172914051193,0.09937718601965996
243,0.11828833445015523,0.07335979269475985,0.00035694014993726213,0.7781263881080042,0.029868544597143432
244,0.1500986770320287,0.09126586822849307,0.00010440446531757046,0.7260343673734462,0.03249668290071436
245,0.007651541038906263,0.0118153641520437,0.0004285638278104398,0.02353230800892562,0.956572222972314
246,0.6456591178818994,0.05311143521879932,9.247201495499341e-05,0.07802230839569257,0.22311466648865352
247,0.8143334931165224,0.02257162059616671,8.065290338787209e-05,0.0693971769168963,0.09361705646702667
248,0.510163841193625,0.04613451621818763,0.00014730548178225585,0.062470500202769445,0.3810838369036358
249,0.6347519347772873,0.06415622431800513,0.00012247791532084534,0.2019317602350938,0.09903760275429298
250,0.2603618680693627,0.3548093938602101,0.000668193997223634,0.1792911673117877,0.2048693767614158
251,0.15417513258269497,0.5496583719832776,0.009085333714500406,0.14374957556066878,0.14333158615885813
252,0.06650446827439752,0.5116904060755945,0.008295701412923672,0.34914761753214435,0.06436180670494022
253,0.13776990636343092,0.4238836476644326,0.004196004202658246,0.3550250570698458,0.07912538469963243
254,0.05133111101493953,0.7473981283314658,0.004832287894676149,0.16973505070763306,0.02670342205128523
255,0.050667265333640396,0.2803572294451116,0.0014193736664967166,0.6377908992896583,0.029765232265093016
256,0.18231485361452412,0.08375076239531926,0.0002007690845269219,0.7131440604605008,0.0205895544451289
257,0.10145179560124742,0.3142565618548545,0.0005434642988314864,0.563964957783217,0.019783220461849774
258,0.14691919272195186,0.608084500846513,0.0005606631588976287,0.22047735853135716,0.023958284741280356
259,0.1252442535405141,0.4412761749042125,0.0005438562057697073,0.39620219797842415,0.0367335173710796
260,0.10601952043648818,0.5166261884176728,0.0010563716425818705,0.3475050584131162,0.028792861090140797
261,0.043656597333659425,0.853040339054775,0.002688413017229802,0.07476241697810991,0.02585223361622586
262,0.07763421645714744,0.5384817700055154,0.040653063435900194,0.03641706564854352,0.30681388445289337
263,0.17591470549299573,0.17696545261615157,0.0014922719679115518,0.4461911579553603,0.19943641196758072
264,0.20363295855983513,0.05235946997467701,0.00019403565741183814,0.5158620404287784,0.22795149537929774
265,0.235470057830142,0.11976255056313295,0.00014779045301753762,0.4842299526742241,0.16038964847948345
266,0.03649063539926369,0.0055413404082438125,8.682251468610093e-05,0.007891059440025078,0.9499901422377812
267,0.8035459839202013,0.0037749059692170433,2.30410358412024e-05,0.00830374865523903,0.18435232041950136
268,0.7599872319093713,0.007209149325559135,2.979395466426148e-05,0.012157461622339138,0.22061636318806627
269,0.8069922541477085,0.006378814883384793,3.722033005918872e-05,0.0201242208925207,0.16646748974632683
270,0.4178965646926454,0.25961940664500105,0.00015221078941211752,0.21731076005996763,0.1050210578129737
271,0.45370141780701617,0.1743642328359013,0.00025325090993344706,0.30853465928438056,0.06314643916276844
272,0.2211155569608527,0.26585539736702146,0.0007127450690676475,0.47457335294357145,0.03774294765948654
273,0.170356063278387,0.18859024378756958,0.0007659150815700421,0.6324972386493658,0.007790539203107539
274,0.07544759555469177,0.5898379134251585,0.004736109032327475,0.322746905952495,0.007231476035327276
275,0.0935466714204594,0.35875000829757736,0.0009878052197733575,0.5402853645687882,0.006430150493401623
276,0.06108509763988476,0.6147232753236276,0.0018861453421742923,0.3168254260205992,0.005480055673714077
277,0.06924758832105787,0.7184219513355996,0.0017357790980817255,0.20447096148927468,0.006123719755986112
278,0.03058814960397976,0.900418930985839,0.02115655009569101,0.042917289443206684,0.004919079871283559
279,0.05294953147631223,0.7314334588331012,0.0013699389411790874,0.21181273439160447,0.0024343363578029705
280,0.05282197352809176,0.7337954927832547,0.008399510160006469,0.196774362563573,0.008208660965073854
281,0.0751399281351593,0.6638896531616996,0.006192332809605862,0.2461452199913504,0.008632865902184907
282,0.018125045637241485,0.8601577195832818,0.00707577676869048,0.1114231969502673,0.003218261060519034
283,0.029231736551965246,0.8379907755697236,0.005131875907518591,0.12258088245852458,0.005064729512268085
284,0.025206272734062195,0.8887773906647425,0.0032776779732225886,0.07722138008452473,0.005517278543448012
285,0.03500567411774799,0.7055112096415841,0.0014765974966191714,0.2517241783626195,0.0062823403814291166
286,0.14577994208606607,0.6773868645288551,0.00505189978006105,0.1059596007350962,0.06582169286992158
287,0.26844923845864704,0.1625603873688055,0.001305138559620705,0.10295727197413447,0.46472796363879226
288,0.6813544922757476,0.134229236384562,0.0002141449624944456,0.05735021981357743,0.12685190656361855
289,0.6577202082422007,0.29356055484867544,0.0016777095303996785,0.022812868581687518,0.02422865879703674
290,0.7681257248672256,0.1983767532641343,0.0001915519911330932,0.018795104498477256,0.014510865379029743
291,0.5878330299009654,0.2792109475595233,0.0004942769685288897,0.12415392385217078,0.008307821718811458
292,0.1108564994686721,0.7637888968899216,0.00140207875709676,0.11887907447075709,0.005073450413552563
293,0.09384176222529461,0.6982829302505535,0.0022069854359921034,0.20112277985990143,0.004545542228258331
294,0.02702888320623568,0.789017313359471,0.027120479253140706,0.15161918905144522,0.005214135129707298
295,0.04185034702177755,0.7187846168577829,0.005965630003781792,0.22695688888048868,0.006442517236169211
296,0.08583772792361752,0.6994234776492915,0.0035730574232158865,0.2060401919820446,0.005125545021830659
297,0.047807443354051155,0.922537883209725,0.002796709254103594,0.02221847176011327,0.004639492422006892
298,0.01414247106744146,0.9564579858542965,0.008971127027949253,0.01823193421916673,0.002196481831145941
299,0.016870040904821044,0.9513825513312402,0.005712538727831506,0.023813133499598214,0.002221735536508907
300,0.02553242833971982,0.9033819897914483,0.002890638436576447,0.06512686094751857,0.003068082484736741
301,0.044985666568715596,0.887692373574539,0.01762953107531187,0.040728958182731825,0.008963470598701964
302,0.020848696777508113,0.9495964140976658,0.01751734186764717,0.009141661901484353,0.0028958853556944847
303,0.041589117040677956,0.9169674902140524,0.006618727781364267,0.02956840496871828,0.005256259995186992
304,0.09684091935654546,0.8584217035834084,0.0032982821419230727,0.03644466389179408,0.0049944310263290255
305,0.14688529183728813,0.733246162579413,0.0011659252592431729,0.11212672973472168,0.006575890589333809
306,0.07049131048597061,0.8853865636615206,0.0018633648391326743,0.036874741492140754,0.005384019521235382
307,0.04712725290542594,0.9208668258826211,0.0016453807527462758,0.028069640249441974,0.002290900209764897
308,0.07275192130502435,0.8734285868130189,0.008260932441279047,0.040153188924361954,0.005405370516315649
309,0.027679913624255287,0.933363008977365,0.010441966826065487,0.025234893619653125,0.003280216952661163
310,0.0537933370281507,0.9190531932596631,0.0031594618183340833,0.02070583097778822,0.0032881769160640097
311,0.08470819679714152,0.8651073608255282,0.0019213102234880092,0.04482745690257326,0.0034356752512689805
312,0.04872154284497545,0.8984179583131217,0.006401438777916235,0.039831882626277806,0.006627177437708724
313,0.033047129549453366,0.9351895159296563,0.0055343116931732845,0.0234109703332519,0.0028180724944653597
314,0.010115632703626427,0.9674812607654829,0.01395197683526686,0.007018840736176135,0.0014322889594477633
315,0.059512597682430446,0.9044922312104073,0.008602490962426781,0.023412924061414427,0.003979756083320975
316,0.005343728208694934,0.8690786763189774,0.11228726085949338,0.012200628549429611,0.0010897060634048666
317,0.059049699212490286,0.8734512696141286,0.008113628609291552,0.04739978904340923,0.01198561352068042
318,0.04365400989874946,0.8747293439356534,0.033266063349410194,0.039021271953516505,0.009329310862670453
319,0.1230384166601116,0.8147853481266291,0.017111523579310083,0.036957984349075844,0.008106727284873294
320,0.058624712038425016,0.9095678369023077,0.006674737951358177,0.021783159335764336,0.00334955377214499
321,0.015817712897987724,0.6018873483299929,0.3728103809359984,0.0035519257297058552,0.005932632106315158
322,0.4041342053082525,0.5376220926136462,0.001318978302284801,0.013498449808794675,0.04342627396702174
323,0.15318215947474634,0.8191255575105503,0.009129595550868933,0.005931568461579061,0.012631119002255229
324,0.14746240747958775,0.7654009717068513,0.0725383048670468,0.006531475676821405,0.008066840269692805
325,0.4196769849593576,0.5549662890568721,0.0030227163005491983,0.012368461070910193,0.009965548612310898
326,0.0324107340237149,0.9311919051598451,0.025029001316874,0.005797550116729497,0.005570809382836461
327,0.07755685396674562,0.8822486925095945,0.011358443496142082,0.019710239820115057,0.009125770207402673
328,0.07014317835018272,0.9127473694082755,0.004367160384478009,0.008290609952982963,0.004451681904080776
329,0.03359448037926537,0.9385887055026919,0.022916698626994098,0.0021536485315622918,0.002746466959486322
330,0.02946791592905061,0.9565835192276163,0.010612470609620464,0.001763527055005048,0.0015725671787075702
331,0.09214941331586458,0.8850477602905964,0.009370180420793054,0.009537552217746699,0.0038950937549993756
332,0.017968723849351404,0.9675047375738792,0.00975835333223369,0.0018056037619163408,0.002962581482619332
333,0.03396692090462614,0.8868928761672041,0.07118904315775823,0.0025125025771340357,0.005438657193277578
334,0.02804958017969306,0.9425122309205599,0.02365627101198953,0.001424127034923772,0.004357790852833474
335,0.009455152024384256,0.7841972106871664,0.19915273944751088,0.0016853623727585908,0.00550953546817992
336,0.01827408963292689,0.9355782888158953,0.03925337194537157,0.0021857688936193546,0.004708480712186798
337,0.032590140049592604,0.941024093041079,0.02023833177051987,0.002752441407264204,0.003394993731544159
338,0.005367168047357692,0.6665970137009193,0.3234093331447199,0.0010435134072512735,0.0035829716997518774
339,0.04391769029685036,0.8657888748743913,0.08091810011734332,0.004192050887307238,0.005183283824107802
340,0.003765639985016664,0.5284856753172643,0.46035916245473596,0.0014641511417632903,0.005925371101219734
341,0.07076328879308938,0.8697994241860969,0.03904801730522814,0.01162449824356664,0.008764771472018883
342,0.016192066940086004,0.9146989368119361,0.05859668852741918,0.0045573906832366015,0.00595491703732212
343,0.015918557521316615,0.9216561961980398,0.04220518912812947,0.012409985428564555,0.007810071723949222
344,0.013914307073111127,0.9001222866585423,0.07214256584988409,0.008833315227763828,0.00498752519069868
345,0.046372906706311015,0.8687833882209783,0.05386943994209869,0.022775095389044136,0.008199169741567758
346,0.007736792121192107,0.8466814979318525,0.1350078753094162,0.0075023005828207725,0.003071534054718407
347,0.024164403241564842,0.9169946403785587,0.045336122120586055,0.009672003031204869,0.003832831228085577
348,0.013833745442803852,0.8951861112713728,0.08517146932222606,0.0032041370308440497,0.0026045369327533036
349,0.02990460915136071,0.8208879297661124,0.14090616642289208,0.003989186524177551,0.004312108135457324
350,0.030082372987724544,0.888690468844976,0.07262511926206214,0.003675593752372893,0.004926445152864268
351,0.03531420180001135,0.8425741449299922,0.11217036295531899,0.004269831312853311,0.005671459001824191
352,0.0460383423470187,0.9087480687499554,0.03571108383472359,0.003563241133994801,0.00593926393430744
353,0.013716980946935395,0.9510052996058413,0.030349170237139133,0.0013725316549588744,0.0035560175551249346
354,0.010178469366150071,0.711127441739735,0.27290732636328574,0.0014812817552216208,0.004305480775607375
355,0.01698984792675265,0.8133197530071256,0.15872126884552556,0.0037845674738725774,0.0071845627467237065
356,0.04031729216140619,0.8590253905366912,0.08445881593161743,0.005854638868042702,0.01034386250224244
357,0.08671544373352996,0.8636844937656374,0.03323121270559313,0.008732237252142862,0.0076366125430966615
358,0.1618151646971382,0.8072428460199607,0.011892192486814283,0.01209808762715381,0.006951709168933204
359,0.005418650118395289,0.886728045356591,0.10359157543725112,0.0022613887743211892,0.0020003403134413616
360,0.006780535567331736,0.8094377636399133,0.17397028410236468,0.004235636095071232,0.005575780595318884
361,0.1744192014485947,0.7253252452102656,0.02036005754441415,0.013190150300728154,0.06670534549599746
362,0.5981900184489833,0.36444473371666575,0.003589926191314106,0.017970965468871076,0.015804356174165694
363,0.22277736503475576,0.758744093242458,0.006073739548576511,0.0024896900699643313,0.009915112104245649
364,0.13694203706464986,0.8333626695044145,0.0201172861397973,0.0011893844201446516,0.00838862287099369
365,0.04405675004812666,0.8687107674503008,0.08194828640765207,0.001511003139177071,0.0037731929547434105
366,0.04907618863386651,0.9060336695735334,0.037600776895628976,0.0014670317054337214,0.005822333191537521
367,0.02715008881852588,0.8717559861362654,0.09346387832296349,0.0021631188636573157,0.005466927858587794
368,0.03530442524536458,0.935900922985295,0.023077700194269496,0.0018761163962236775,0.003840835178847303
369,0.010591012063158512,0.9199940613568464,0.06560506388151255,0.0006898064932750474,0.0031200562052074382
370,0.01861806870996365,0.9302916206252602,0.043998343625159864,0.0038269468808608525,0.003265020158755587
371,0.006470282293166968,0.8081327350661117,0.1807585954208736,0.0018429252134338034,0.002795462006413923
372,0.025939608509413424,0.8779487066093123,0.08020342889173983,0.004915925999149842,0.010992329990384433
373,0.04718258337581228,0.8963585922428906,0.043302995060115534,0.007388314140490816,0.005767515180690873
374,0.04891076046163284,0.9094812736108129,0.028823453939819898,0.0032753648203527547,0.009509147167381523
375,0.0445717625022477,0.897396675803562,0.03821073854438926,0.008093688277165506,0.011727134872635424
376,0.057100005300351975,0.8995892648346412,0.03275091116603322,0.006436954368509928,0.004122864330463717
377,0.026973403420207594,0.9042580314140503,0.0576232947137898,0.006068528218186091,0.005076742233766429
