epoch,N1,N2,N3,R,W
0,0.09274041378686901,0.005500046394012311,1.015524399830328e-40,0.013573841479156508,0.8881856983399622
1,0.06636938360983463,0.004877854453971817,1.4948659918172459e-05,0.01758565880997889,0.9111521544662965
2,0.026276160338618418,0.0013429845760181925,1.1742154999706157e-05,0.00864218973800033,0.9637269231923634
3,0.06508693094433671,0.003086167264296967,9.139935805373359e-06,0.009297001967891431,0.9225207598876696
4,0.05614505329704441,0.004801220730886399,9.829797907530545e-06,0.02126908756598581,0.9177748086081758
5,0.0804272238796168,0.004055508468498571,1.540559063542446e-05,0.059192861778684845,0.8563090002825643
6,0.126617846645362,0.021486234839507665,3.4708650970289345e-05,0.1919872757398322,0.6598739341243278
7,0.11589483164373195,0.04044035947124749,3.4695919577797236e-05,0.22891966360639898,0.6147104493590437
8,0.011812523759820252,0.0031806218256453037,9.243512740032359e-06,0.024547452329239165,0.9604501585725552
9,0.01019457898391769,0.0024726699843091765,1.85979830872035e-05,0.024717185493180572,0.9625969675555054
10,0.02043614933482173,0.0026904359125258263,1.5984057994422878e-05,0.026121356028540675,0.9507360746661173
11,0.04067163879549329,0.00274719499719643,9.899555870265971e-06,0.009714880489298553,0.9468563861621414
12,0.0583463338656144,0.003321167086254584,9.794599225759856e-06,0.014775617970429204,0.9235470864784762
13,0.08852962320435848,0.00933729136148788,2.1145534755403975e-05,0.017116480563174538,0.8849954593362238
14,0.016324327785667694,0.004393536391377455,8.331699909638117e-06,0.008875102943480062,0.9703987011795653
15,0.07227573667376204,0.004555091774019302,2.473462503066157e-05,0.014167496272228564,0.9089769406549594
16,0.01835044325760714,0.001607315027506269,1.2148123067510609e-05,0.004053177162848599,0.9759769164289706
17,0.044797853027384996,0.0032072697664616155,1.9655928289413966e-05,0.0033660377968221505,0.9486091834810418
18,0.05093813964927569,0.0030137038233434025,1.5046508008669082e-05,0.004226615737012646,0.9418064942823596
19,0.17631147400622035,0.010284886841636417,2.2450802378522105e-05,0.004746885692972973,0.8086343026567917
20,0.05268454637656147,0.008122544503248282,2.3891194909528386e-05,0.008382575365452125,0.9307864425598287
21,0.17921192886557188,0.012062791334931216,5.3478394550347626e-05,0.029928407180494585,0.778743394224452
22,0.08627998343399738,0.014399187504296153,3.631600504969362e-05,0.05724783618611273,0.8420366768705441
23,0.07733716380314122,0.010650174283871688,2.6757240812128483e-05,0.04715802743534783,0.8648278772368272
24,0.025195792062448187,0.006279412876117108,2.862998143582409e-05,0.03864592228940206,0.9298502427905967
25,0.04250915592493227,0.0028709539191901106,1.6270748879050292e-05,0.03004345826391676,0.9245601611430819
26,0.12625706143799326,0.013729799486414989,2.4574653444051237e-05,0.11792587781521971,0.7420626866069281
27,0.028028544097381564,0.003999581985604749,2.098352007567057e-05,0.06224000659639247,0.9057108838005454
28,0.017426797633917204,0.001729728739546423,2.454958720969789e-05,0.03935085119939352,0.9414680728399333
29,0.02349681098317292,0.003330401709869549,1.745343905956577e-05,0.026766795576242283,0.9463885382916557
30,0.024492190631079137,0.002903354544633486,6.346825104165854e-06,0.020906953728656762,0.9516911542705265
31,0.014361671919283477,0.0019545125998996823,7.291266762131371e-06,0.005298210982899629,0.978378313231155
32,0.021043806450005323,0.002427578414646028,4.4970373515711255e-06,0.0037315846228274108,0.9727925334751697
33,0.025630126754296313,0.004193294213839668,3.1505243265551214e-06,0.010578449696669146,0.9595949788108683
34,0.050104195787272564,0.0041250278779798345,9.627996453452303e-06,0.016258954438736744,0.9295021938995573
35,0.0362997446629086,0.003977690018140451,1.0853002490850036e-05,0.018393982131847546,0.9413177301846126
36,0.012299162913071348,0.0011941176386414838,3.993898091339712e-06,0.0020894065434417857,0.9844133190067541
37,0.15920345102587138,0.005524433263151083,1.3470955770193526e-05,0.022074392965034446,0.813184251790173
38,0.042940189179979354,0.007043502078060282,2.147337744225622e-05,0.032031798161604084,0.9179630372029141
39,0.07262531770704118,0.007648628967504976,2.8974287023777722e-05,0.024586545203957234,0.8951105338344727
40,0.06158459786246502,0.007668687738886845,1.739966819030477e-05,0.01672224876373682,0.914007065966721
41,0.0471274630029067,0.00249733593299903,9.892623392684461e-06,0.00486657844771908,0.9454987299929825
42,0.33376754100983863,0.020183007937618312,3.701287419133864e-05,0.0392203960681333,0.6067920421102184
43,0.25809292286014673,0.028303069312184674,4.546714895065814e-05,0.03131848116865556,0.6822400595100624
44,0.14034588849005042,0.023554079365498543,2.776190139714163e-05,0.059946804070833574,0.7761254661722203
45,0.03996429549588432,0.004616577893448046,2.169551441106448e-05,0.01901734461612387,0.9363800864801327
46,0.1284549942105159,0.010181596628268013,2.2569849486402178e-05,0.01815921827681754,0.8431816210349122
47,0.21484582887614045,0.011392328145882334,2.4767625602374038e-05,0.021009403399431904,0.752727671952943
48,0.6371487134566027,0.06320736508916848,5.4981458941578325e-05,0.06663684434971888,0.23295209564556835
49,0.46019622677008054,0.12239180568409952,9.457048557976075e-05,0.1757911621774804,0.24152623488275982
50,0.29849529581306367,0.11887635407688558,0.0001312677977869292,0.32968690457877275,0.25281017773349107
51,0.22629371959837516,0.18823424939799327,0.0001680309433491209,0.31776967520534,0.2675343248549425
52,0.15329944317032654,0.04770822800214085,0.00012816315260951927,0.10620422471902222,0.6926599409559009
53,0.5965850600799767,0.10766132049440737,0.0001299899127283745,0.10525758369926641,0.19036604581362107
54,0.7040231612012914,0.13897393116559362,0.00014423847751335257,0.06348507376656745,0.09337359538903409
55,0.6633618219018673,0.16469233682739745,8.487719925809251e-05,0.03937473848816575,0.13248622558331166
56,0.31172951829132467,0.5622017281250692,0.00020334140857472454,0.09495446263908804,0.030910949535943293
57,0.06656362355771729,0.8852502065635424,0.0018543652904696257,0.038513735688992315,0.007818068899278358
58,0.0660088581801643,0.9071463480180794,0.000472390266595263,0.007641576747833886,0.01873082678732706
59,0.1344916130950834,0.7921216568946793,0.0006902870032857484,0.01922787384848833,0.05346856915846324
60,0.32484961179179717,0.5367101277454397,0.0015668829020430218,0.09294600238597342,0.04392737517474672
61,0.09229176535623528,0.19828063488474418,0.0004531468047163634,0.01766218134028987,0.6913122716140143
62,0.48964239467906284,0.44109436715557315,0.0013390609458844565,0.033477146896044176,0.03444703032343529
63,0.0814104597991019,0.8918838051925471,0.0017450727404414756,0.013826149433506154,0.011134512834403512
64,0.0159303621115748,0.02476856247501753,7.9983111107046e-05,0.001734523364847417,0.9574865689374532
65,0.35804815558443337,0.07691549386681903,0.0003349890347564068,0.015523373646469907,0.5491779878675214
66,0.7060062322838728,0.1692235212860124,0.0006347441131782884,0.015641273032703195,0.10849422928423341
67,0.1491462783775374,0.8409780657742286,0.0029346638538653136,0.0005847345362207949,0.006356257458147763
68,0.02001534151213333,0.9689098642719804,0.0031839564865664785,0.0022135306849494687,0.005677307044370466
69,0.21521597989850355,0.20517060486347824,0.0008105173743151782,0.007587997899203274,0.5712148999644997
70,0.2976770015650756,0.6578086172431407,0.0009871163899991004,0.0020396192328022674,0.041487645568982545
71,0.20334572884299884,0.7784870099022733,0.002940906691972412,0.004861825064581652,0.010364529498173635
72,0.07266425168463338,0.9198952768479616,0.0027157787514272007,0.0006532879055048208,0.004071404810472873
73,0.009269226355564951,0.9795791017292172,0.006167009205917262,0.0014282752574099136,0.00355638745189062
74,0.023982751393534396,0.9535196078792416,0.005504894152123107,0.0052398754807160474,0.011752871094384918
75,0.03522869938941203,0.9235179226621201,0.010518738569148927,0.01816320391661552,0.01257143546270357
76,0.01419566881761807,0.9368166902135577,0.012316943420617645,0.0066056680394248,0.030065029508781517
77,0.011178987352736152,0.04491574915647172,0.00022949747434448093,0.009612339708116683,0.9340634263083308
78,0.21886219386909278,0.07859386549046228,0.00024899820546344184,0.018740472981440343,0.6835544694535411
79,0.3233349255165609,0.0490490958232326,0.00018121465210235247,0.003060007976115682,0.6243747560319884
80,0.607594318561372,0.040592406582480985,0.0001869287316935142,0.0018510898981224232,0.3497752562263312
81,0.7104304179434175,0.21435142953734218,0.00015211613229615091,0.015107585971059755,0.05995845041588435
82,0.5116229899917084,0.3571639740749722,0.00019164903944102638,0.023348178144536113,0.10767320874934207
83,0.36045025477289105,0.45602914783002524,0.000291529435355325,0.0390031588405079,0.14422590912122035
84,0.25555586815373194,0.5807265163380868,0.0005835792248209528,0.10191290975807485,0.06122112652528537
85,0.03726507671885379,0.9371883928485395,0.0005510607720028944,0.014678766957690095,0.010316702702913681
86,0.03876510993700991,0.07471428803674687,0.00017876562145705273,0.018362409457003057,0.8679794269477831
87,0.5237080482052658,0.21577930829432188,0.0004584569185994972,0.011706900672081681,0.2483472859097311
88,0.5536997578339312,0.3888721094317212,0.00046768306192998706,0.013379510629325396,0.04358093904309214
89,0.10435700910651481,0.8902179466586518,0.0008630448901702466,0.001150851775992414,0.0034111475686704746
90,0.0705522418902396,0.9210189275520418,0.0012731178127132988,0.0016363457820328402,0.0055193669629724565
91,0.08253833480248504,0.8998671265543885,0.004236360026959961,0.004180035450820464,0.009178143165345796
92,0.08214583598200323,0.9001790771019598,0.0025320736293065705,0.00996168282305377,0.005181330463676653
93,0.04288959678537012,0.9487553230024369,0.0006127296035226497,0.0021979239254435235,0.005544426683226606
94,0.02630817297279006,0.9646515103831338,0.0014472181467985335,0.0008031870430758681,0.006789911454201913
95,0.012562141089583954,0.9811008676481608,0.001420536724386345,0.001014195896988582,0.003902258640880183
96,0.020577745826458174,0.9625170020452197,0.0004977242395942588,0.0032223492461772077,0.01318517864255057
97,0.1103511272357988,0.8306676392216583,0.004720972075472326,0.025888335332032254,0.028371926135038424
98,0.004991770008190868,0.9843100266139737,0.0009468484001384555,0.005356693694038837,0.004394661283658065
99,0.01069414715953373,0.9300811085886195,0.00602201708414619,0.010620957539122655,0.042581769628578035
100,0.006992373737192772,0.028971679122894518,0.0002458713357462014,0.003456294841923643,0.9603337809622429
101,0.005669941904382335,0.006482499548673349,3.9072252885160696e-05,0.0031450478594427524,0.9846634384346165
102,0.009340950247299189,0.002003710843117119,3.1631278474848754e-05,0.0014959308956832853,0.9871277767354255
103,0.5396125796708198,0.012547041678482689,4.551947200429716e-05,0.006766977660498091,0.4410278815181952
104,0.4907766092764446,0.045444184419392145,9.041425862046276e-05,0.046844750504714636,0.4168440415408282
105,0.003526995960927155,0.001787749221234748,4.635457308706207e-06,0.0054696354315431055,0.9892109839289863
106,0.045244343093049026,0.006675126666938736,3.79620144600541e-05,0.027106469100759943,0.9209360991247921
107,0.02672759338677019,0.005616710770097595,2.7217200339446174e-05,0.019644619649721543,0.9479838589930711
108,0.0320834747288814,0.0026442379446351832,1.935617163104427e-05,0.004994419131304827,0.9602585120235475
109,0.041968354727440656,0.002159068745024247,1.7220719021819248e-05,0.015535314862972075,0.9403200409455411
110,0.0539597309186436,0.0024117870431172826,1.8036087678514915e-05,0.01665070537090994,0.9269597405796506
111,0.1568443514747277,0.00812353441753276,4.0996856773206227e-05,0.07650216647715999,0.7584889507738064
112,0.006727120783872282,0.002180182640745233,8.324517314174152e-06,0.008263062095691715,0.9828213099623766
113,0.02314384457760488,0.0022990391700856106,2.577485429303017e-05,0.010014567864127974,0.9645167735338885
114,0.19775147629223674,0.009443185178727847,5.551566814312918e-05,0.06789646000143487,0.7248533628594575
115,0.03605419266458005,0.004246205252587617,2.7715773962686168e-05,0.011552133334667695,0.948119752974202
116,0.13144397019048645,0.005111553458278445,3.6540380191420656e-05,0.023465760746836848,0.8399421752242068
117,0.5408523878183763,0.031845912813811994,6.0753475466607064e-05,0.18263896685075384,0.24460197904159123
118,0.06529918711400538,0.010800983862697674,3.2254135457863066e-05,0.02117627410624977,0.9026913007815893
119,0.588820659454629,0.18756505504115278,5.619261674930745e-05,0.06970020007796168,0.1538578928095072
120,0.44630040823144734,0.21443663823845055,0.00024607009288068956,0.2818874267028003,0.05712945673442118
121,0.272667350338201,0.2682759723512612,0.00017505949382021912,0.13359498959037097,0.32528662822634663
122,0.14445735264246337,0.47419208228282783,0.00015846188097342153,0.1813932553412878,0.19979884785244756
123,0.07586692778380494,0.7937173460619608,0.0008510521595765753,0.11023042041657845,0.019334253578079292
124,0.11492869458255839,0.6483284728828704,0.00021629451784530693,0.15399606646356265,0.08253047155316323
125,0.18447139591770348,0.5334916476631388,0.00022496214357580973,0.19559808973338333,0.08621390454219865
126,0.35491509315394987,0.23632918637299075,0.00022071174745082642,0.0901005450605965,0.31843446366501205
127,0.35975578160888094,0.6198493916927393,0.00024174304998717872,0.010843574228928107,0.009309509419464337
128,0.19521736805651643,0.7893311441833136,0.0001493782763598727,0.009430327182544376,0.005871782301265892
129,0.016768198573071054,0.9703178685763602,0.0065435503521144266,0.0025573995219534667,0.0038129829765007842
130,0.3103668567200641,0.4521999578287955,0.002907735589537188,0.04554199342521854,0.18898345643638467
131,0.023787870665217165,0.9662385998176319,0.0020717612568738083,0.005165381453830284,0.002736386806446792
132,0.011844467989871864,0.9605521399789494,0.016674537269189268,0.006255722420955659,0.00467313234103401
133,0.04844018937804157,0.24469282421821814,0.00046156340859945143,0.009975431954301641,0.6964299910408392
134,0.5604631271814505,0.38337742724652724,0.0009411710712574843,0.00717955021201198,0.04803872428875264
135,0.07038046443737697,0.9173531371047421,0.0063585843064470115,0.0004709449511614565,0.005436869200272143
136,0.04061142601003483,0.9542857579722875,0.0014930655075785875,0.0005755505308363916,0.0030341999792627495
137,0.0067012794873472425,0.9628806176776027,0.02698312646749798,0.0004895085024498933,0.0029454678651020375
138,0.042215509348411215,0.9362722051959556,0.002210178151664737,0.0034630126943536897,0.015839094609614704
139,0.12285467732359803,0.8556413855170056,0.006032669690500912,0.004849623241528343,0.010621644227367236
140,0.0030409410428026236,0.9824882547912216,0.012299909307890091,0.0003013627070800362,0.0018695321510057508
141,0.0056170472176038455,0.9608635763782924,0.02897340007821353,0.0001759846997439401,0.004369991626146187
142,0.010924565735863612,0.9770193124327756,0.008122816766049498,0.0007705403486099921,0.003162764716701326
143,0.012136413800485333,0.9590537971011377,0.02216729445655454,0.0009068549569644434,0.005735639684858121
144,0.029371730881540426,0.945438087527476,0.017829981924892924,0.0021546345746814017,0.0052055650914093945
145,0.033154835558531694,0.9273580557235084,0.029992796958286414,0.0009516023538067717,0.008542709405866614
146,0.017811500940571316,0.955380407175816,0.022282429582706317,0.0003308699680856241,0.004194792332820965
147,0.014771972904829166,0.9479979863550093,0.03450589491967272,0.0003519010860218363,0.0023722447344669217
148,0.014457076666343615,0.949218531579367,0.030826101608699835,0.00026072955294348366,0.0052375605926459935
149,0.014690393446145273,0.884431289705646,0.09379272424383464,0.0002753269448293877,0.006810265659544381
150,0.011087717017955209,0.8651779333824224,0.11546909236143696,0.00030663441827287463,0.007958622819912551
151,0.00241978361842448,0.7430673897451877,0.25119106836572136,0.00034410332962628797,0.00297765494104
152,0.007669028580120295,0.8455909354060456,0.135526463770503,0.0005993207296994467,0.010614251513631866
153,0.007395130582023482,0.8480931898233415,0.138839988216999,0.0004729511855892527,0.005198740192046731
154,0.00682128841366113,0.9090463249182662,0.07553162327450595,0.0003437143842161917,0.008257049009350575
155,0.005207670010126729,0.8360749932343573,0.15266862811420095,0.00033623973684796633,0.005712468904467025
156,0.010879501010148597,0.8483728904422957,0.13284915485485557,0.0005937802179717395,0.00730467347472863
157,0.00761733359649206,0.8832849172719255,0.10292098005556156,0.0002753194615971305,0.00590144961442379
158,0.005710741283293374,0.8777576450833915,0.11193221345601943,0.0002677117802094751,0.004331688397086163
159,0.0007916419356297468,0.17357936997875686,0.8239972411492187,4.874662573036957e-05,0.0015830003106641916
160,0.0036107222409799827,0.77844936915453,0.21323814655222123,0.00016904840903122462,0.004532713643237604
161,0.0029562962037778468,0.6786027671546159,0.3132659056372467,0.00015865891420878005,0.005016372090150817
162,0.0032252317166752914,0.7426457640746866,0.24774545242370422,0.00016065533445609658,0.006222896450477792
163,0.006745311140052424,0.6095426668583753,0.37893832214148776,0.00018941063372560117,0.004584289226358856
164,0.006749085772443473,0.854521981496453,0.13383293958891757,0.0001605720923598334,0.004735421049826347
165,0.004100555147810499,0.8441292267159239,0.1468468937097291,0.00017693510409247547,0.004746389322443844
166,0.0038889897904315655,0.8252110909859598,0.16657580501964667,0.00019646820123114616,0.0041276460027305575
167,0.004368773133840934,0.7521793041522592,0.23747599585070853,0.0001324004869914672,0.005843526376199804
168,0.0033027046745313683,0.8275530620473052,0.1642948286246964,0.00018181359777383687,0.004667591055693159
169,0.0006444225518487464,0.24528156061347164,0.7526804880914559,3.338955085980291e-05,0.0013601391923637749
170,0.003255342436742998,0.7267688022968934,0.2642919615614323,0.00011792557000894822,0.005565968134922463
171,0.0006667919739150606,0.18092444398684293,0.8162867602406497,3.699663553881336e-05,0.002085007163053532
172,0.006943821653697024,0.8437219000246532,0.143621824725603,0.00024960150205613593,0.005462852093990541
173,0.005876814533136691,0.6494260107690859,0.3400129585826193,0.00020998565702331077,0.004474230458134757
174,0.004614600071393386,0.5882285103618371,0.39673372989525,0.00013975191293791341,0.010283407758581527
175,0.003098043646001192,0.8130365710927333,0.18035300192893808,0.00017217381345013903,0.003340209518877084
176,0.0028184860192445173,0.6462445309328118,0.3477379819735767,0.00023044161595972012,0.002968559458407278
177,0.002906835399675931,0.3560845044743292,0.6375218556047304,0.00017729964806330613,0.0033095048732010826
178,0.01160823357106718,0.8161852789395602,0.16539827663771592,0.0006293550029425203,0.0061788558487140465
179,0.013742886638119014,0.8335479686944192,0.14756740932240098,0.0008637130791590534,0.0042780222659019205
180,0.007591120087650504,0.890613460955679,0.09393054573670796,0.0023404176387364925,0.005524455581226066
181,0.008977303993439531,0.6783989027815699,0.30238839992701205,0.003287696290561675,0.006947697007416876
182,0.014042339260972637,0.8516924367024079,0.12031287818843434,0.005361715145132681,0.008590630703052507
183,0.021752145546352197,0.8552584123844194,0.09189934597532207,0.007686410536653052,0.023403685557253407
184,0.04348294349021897,0.0300701531731731,0.0004982621628524447,0.01451951245273555,0.9114291287210199
185,0.2758486984652587,0.10685001551355992,0.0008069505585178342,0.10711162122396767,0.5093827142386959
186,0.5896940812174473,0.13030349458413365,0.0005370188241041111,0.06621983100609281,0.21324557436822225
187,0.8030400882160217,0.14612653009075463,0.0002001067116649847,0.014762377404580354,0.0358708975769782
188,0.25532729180330105,0.7023408877468253,0.0012362602259718973,0.027694150794302406,0.013401409429599208
189,0.0675766254296169,0.7712877416209069,0.0021451311530724876,0.14601619131749452,0.012974310478909219
190,0.07492662216611524,0.06756286862704224,0.00022695983976892006,0.12944166615565206,0.7278418832114215
191,0.3784956434460875,0.2709721908006319,0.0003475316379664244,0.29688629916183246,0.053298334953481616
192,0.4506164248630594,0.44010343695678505,0.00030230537006598854,0.06384146223898861,0.04513637057110082
193,0.2332775840586912,0.7319129217724586,0.0003359729091447679,0.02842020409406545,0.006053317165640057
194,0.05768521290779587,0.8991191061157559,0.0001794955087873502,0.02456681709793429,0.01844936836972684
195,0.05169418166097651,0.15954404312002135,0.0003275866816159895,0.03272165319765654,0.7557125353397297
196,0.5257857506245884,0.26524836846743227,0.00036326829454623303,0.1391374349994114,0.06946517761402157
197,0.09459265560251803,0.8876815897137855,0.0002080048194654485,0.01268988909136179,0.0048278607728691235
198,0.0529325875629581,0.918070554337758,0.004163520176388922,0.007492835091671206,0.017340502831223712
199,0.122633548333918,0.6638483544932442,0.0009975371367905914,0.014641303607718368,0.1978792564283289
200,0.1480989626561114,0.20828668888797916,0.000789537968029797,0.013522730742041853,0.6293020797458377
201,0.5069618283782938,0.38343531629597033,0.001956318092918717,0.012282768510153976,0.09536376872266307
202,0.16766585487054278,0.8093112148735303,0.004543943671282319,0.003587491971498964,0.014891494613145543
203,0.14971111692500758,0.8350851315191401,0.000947576389844548,0.0051043622510242425,0.00915181291498357
204,0.018305498837010787,0.9691184539822489,0.004731654337731394,0.002102028814648066,0.00574236402836099
205,0.07653291357219072,0.879644156371113,0.0011007884752161161,0.014933081493955846,0.027789060087524364
206,0.27863991114401887,0.6144839571630556,0.001142741338438033,0.04585630634706231,0.059877084007425176
207,0.0709412588699848,0.8876250236776619,0.004865868369929038,0.00806600072203235,0.028501848360392077
208,0.07600398919383207,0.9094424031585621,0.0004627318612011398,0.0077640562405090225,0.006326819545895536
209,0.20943254309021223,0.7310730157451065,0.0028409834226177304,0.04054091712005675,0.016112540622006653
210,0.2076106504729055,0.7066930262053377,0.00103161080604711,0.05939183279027494,0.025272879725434714
211,0.03337460631157784,0.0570155315297392,0.00027293241969208884,0.004257637283036999,0.905079292455954
212,0.44578394973160146,0.09858088613263077,0.000189134042865345,0.026152012270211956,0.4292940178226906
213,0.6285873118304814,0.29380828094337735,0.0004723407719845778,0.04564946224505464,0.031482604209102
214,0.10453903940580274,0.8726883095485137,0.0012256244873042508,0.009235107639263903,0.012311918919115416
215,0.16040816788576137,0.23671610839274942,0.00027384884690893267,0.36143144200713867,0.24117043286744147
216,0.08463238274733897,0.8023728482325739,0.001066505592301366,0.07843128351163145,0.03349697991615437
217,0.38475963245093964,0.14615018410813543,0.00019818704485780901,0.14209331976334066,0.32679867663272644
218,0.12202884381015076,0.06413074077361776,3.725221157864182e-05,0.09438952332473088,0.719413639879922
219,0.19560339110958766,0.11310329540603038,0.00010226656126673097,0.38894483953464143,0.30224620738847385
220,0.15528142886787638,0.0413312915315644,9.730192933842383e-05,0.38346280458842663,0.41982717308279416
221,0.17674810220348955,0.06267718602881024,3.1316821189616506e-05,0.5016153767849315,0.258928018161579
222,0.18911850349957302,0.11782060245153021,2.0049674928831977e-05,0.3218236908446818,0.3712171535292861
223,0.06729226381342092,0.026004531597726276,2.176624412400182e-05,0.10752176377748031,0.7991596745672486
224,0.03414733841813002,0.018472164585913206,7.131907346304752e-05,0.3540273642753139,0.5932818136471799
225,0.04083388347218083,0.0203352795501752,2.7376767739849454e-05,0.3027908199501068,0.6360126402597973
226,0.07428357391943402,0.018403452334086218,2.486231219687493e-05,0.15023494330101006,0.7570531681332728
227,0.08350321197309896,0.0694385444567975,7.249992124499939e-05,0.2191828025484598,0.6278029411003987
228,0.07960211168070361,0.05016899342934892,7.618166198314564e-05,0.3126107957017417,0.5575419175262226
229,0.07756961391814102,0.08153591653911803,9.46486938301148e-05,0.3762520211322736,0.4645477997166373
230,0.1370803729360006,0.0301222156375536,4.085170563794245e-05,0.7673875980054675,0.0653689617153403
231,0.0793756816813423,0.034245189062851726,3.534711955785827e-05,0.824798284497039,0.06154549763920926
232,0.03446736042379356,0.03034828522087026,7.669905358927633e-05,0.6489288566786128,0.28617879862313406
233,0.15918563043609538,0.029468169678961476,7.753137819163525e-05,0.7638228541255212,0.04744581438123038
234,0.07377258523418169,0.08264237860232984,0.00010960010967661681,0.8219096261847869,0.02156580986902501
235,0.03635867838382166,0.03551920642757204,8.351356331920729e-05,0.8794045072619417,0.04863409436334547
236,0.02994733187881432,0.038470129787153556,4.665924356925222e-05,0.6652131426397739,0.2663227364506889
237,0.03825315234981519,0.0825738716528309,6.101622667776821e-05,0.4328996528364077,0.44621230693426855
238,0.10197607380539345,0.11491927002970166,9.555577416871545e-05,0.5030654862747743,0.27994361411596186
239,0.15509150717895206,0.08662416354520157,7.726601786086469e-05,0.34069358531044924,0.41751347794753624
240,0.13146164155458856,0.13504458048699933,0.00016031410252450678,0.5961001462582977,0.13723331759758992
241,0.07714564332299384,0.07204355084931359,0.00042905183478767904,0.5855214317475999,0.2648603222453051
242,0.05096660831351795,0.05920910834481278,7.525894336949094e-05,0.38639413046355675,0.503354893934743
243,0.03767886310357966,0.01463698011188069,1.5421059669656247e-05,0.213243250516009,0.734425485208861
244,0.2306819735300868,0.0629283498486569,7.256699481564994e-05,0.277150895256826,0.42916621436961466
245,0.07915023440139457,0.04254829168999543,6.040723810802626e-05,0.13791913681033108,0.7403219298601709
246,0.17338551956302256,0.3215611916580542,0.0003479371714316088,0.4138992591278288,0.0908060924796628
247,0.04279382730392139,0.0351215325778569,7.893762257491256e-05,0.788882629663026,0.13312307283262073
248,0.04729010643975098,0.06480068859043579,0.00010263224969438557,0.655421452919893,0.2323851198002259
249,0.016918434747244783,0.011511256238723214,2.7579986532380545e-05,0.803326485008369,0.16821624401913057
250,0.03105829799652235,0.010754586651091348,4.811404104740607e-05,0.6553905214533107,0.30274847985802816
251,0.07628048877936368,0.04744809933910747,0.0001157670749831425,0.5755643550117965,0.30059128979474914
252,0.03916287041203319,0.004058823535780257,2.429909326429807e-05,0.7197713406132192,0.23698266634570309
253,0.05574645731568013,0.0077190983623105875,1.3123310488510297e-05,0.628159882378504,0.30836143863301696
254,0.042106363821033284,0.013267901744119716,1.9942614268122184e-05,0.7820598427495872,0.16254594907099168
255,0.04465345866297781,0.012848116912437323,2.3251903117813414e-05,0.46338942616264384,0.4790857463588233
256,0.034603815195978826,0.015281455441468961,1.236060870247854e-05,0.27845279155137925,0.6716495772024705
257,0.08072157585503961,0.026398302505019615,1.732723522183925e-05,0.2821846103129236,0.6106781840917954
258,0.027662488644379108,0.009930372660327756,1.5277661868929458e-05,0.10141901953259572,0.8609728415008285
259,0.0685858037598825,0.0071486957200939056,2.6273163462544685e-05,0.2100179166437051,0.7142213107128559
260,0.056667735309770095,0.029441665453896544,1.8635708066746715e-05,0.20300204195732177,0.7108699215709449
261,0.05748247059040354,0.0262281796230605,4.373446302667869e-05,0.3179079903483297,0.5983376249751796
262,0.10951797104031682,0.023344745477555783,2.7251482131930866e-05,0.2115967854176113,0.6555132465823842
263,0.1400440645567422,0.02962699832523799,3.752644660348161e-05,0.45552025972958965,0.3747711509418266
264,0.15306790020354127,0.03700686246573567,6.392687902523879e-05,0.3187223191115724,0.49113899134012556
265,0.15688475170199587,0.05610609340852549,5.52329715012777e-05,0.6026657190519845,0.1842882028659928
266,0.09136081501289185,0.05723829048425232,4.180495461804897e-05,0.6385628158853339,0.21279627366290393
267,0.05363728511626424,0.02068495561449463,3.0724680390287716e-05,0.9061009914131231,0.019546043175727775
268,0.026239769668511433,0.01417985612385942,0.00010859257075810653,0.9254945226884868,0.03397725894838428
269,0.026196437782809234,0.027207695564333015,0.00011853518569997797,0.9321417376494915,0.014335593817666121
270,0.017598871460010174,0.03796006917844213,0.00010280276370750385,0.9334820717552259,0.01085618484261435
271,0.01752197246437273,0.011679868867241424,6.76775278152236e-05,0.9413040657440537,0.029426415396516876
272,0.021551755229641662,0.02590971209650015,9.618086538902759e-05,0.5624844052648124,0.38995794654365684
273,0.06065797588656706,0.02197124503308287,5.009030762080483e-05,0.4894080722382576,0.42791261653447166
274,0.0865995015695533,0.013694785102319525,2.4097799819456077e-05,0.26017705919068185,0.6395045563376258
275,0.39041783393773194,0.035469609359937114,4.373186004545886e-05,0.1712628606897088,0.4028059641525767
276,0.10812417687317435,0.026557975371883934,3.6034581340584295e-05,0.11502020900916746,0.7502616041644337
277,0.22755195837530992,0.024977699372392023,5.521376290021975e-05,0.33247365312744526,0.4149414753619526
278,0.08277039120284971,0.042518578393791674,4.898892640328265e-05,0.413315771098279,0.4613462703786763
279,0.07512616405172388,0.08748349038494077,7.606329575694822e-05,0.31935444051263634,0.517959841754942
280,0.04382710424250015,0.033095566193498446,5.674210072655849e-05,0.46095386307052855,0.4620667243927464
281,0.06872338785981179,0.03148227040058637,4.323469912569906e-05,0.31026533242529103,0.589485774615185
282,0.03197903359656729,0.0341713556520846,2.1835416918248918e-05,0.17213322662641944,0.7616945487080105
283,0.07139400308581406,0.023859751340239415,3.8856548100070005e-05,0.24001111203132303,0.6646962769945235
284,0.08724493684785033,0.07927207743754174,9.896416249096694e-05,0.4442748176832233,0.3891092038688938
285,0.02211787837879588,0.010035240946006965,6.906813255326496e-06,0.07072528315024809,0.8971146907116936
286,0.011945523936078789,0.006371987757665411,7.045669008790207e-06,0.045633831600832384,0.9360416110364147
287,0.023366156680578055,0.006804782851947146,1.3287289524640982e-05,0.03646890185966026,0.93334687131829
288,0.018153779622959398,0.005008848497600625,7.715704067516438e-06,0.013487536672774742,0.9633421195025976
289,0.05952345853331876,0.01592075486990282,3.582806580671286e-05,0.02366273103870709,0.9008572274922647
290,0.05561952870840488,0.007938303980316797,2.3810986774349146e-05,0.012391124127602954,0.924027232196901
291,0.03773131713504585,0.009394643051845834,1.9180057978278204e-05,0.014290476279987996,0.938564383475142
292,0.027891883117003618,0.0043569542762401285,8.37464440476319e-06,0.00908249780139932,0.9586602901609521
293,0.1657590373717079,0.07425534937007053,0.0001342624936817746,0.08839568702425647,0.6714556637402834
294,0.2465968270056164,0.038212892028154866,6.183246472042387e-05,0.1344745123037784,0.58065393619773
295,0.05055281156378683,0.006120871567021439,2.4754672490013878e-05,0.03218423897176425,0.9111173232249375
296,0.039942634081815795,0.007536083220830594,1.661051334177383e-05,0.026080734101375787,0.926423938082636
297,0.026968533634512057,0.0037940512366617203,3.764584206050977e-06,0.008544799230340905,0.9606888513142793
298,0.12261124597994433,0.005247042837084988,1.4690129688050695e-05,0.01012786701549265,0.8619991540377899
299,0.15432432104504196,0.032725954492049056,3.6333728671979424e-05,0.03959797193634727,0.7733154187978898
300,0.3271056857177058,0.027938255780008286,3.839952759314189e-05,0.037985791255164505,0.6069318677195282
301,0.38447914474020894,0.031721015691998346,0.00015047409012464846,0.20680899371584394,0.37684037176182406
302,0.43443119220612725,0.09387427942492359,5.109176249598259e-05,0.4055682386940325,0.06607519791242068
303,0.3194468843039579,0.07342408119780157,8.129185906629597e-05,0.5769496322755132,0.03009811036366103
304,0.1987937260849444,0.10632648648800125,8.009106084650274e-05,0.625519085320295,0.06928061104591293
305,0.03990680205390725,0.6427041985072549,0.0002476166548045982,0.3076723238579251,0.009469058926108172
306,0.0901225539252781,0.08089260364147621,8.628947288533629e-05,0.5431395548906093,0.285758998069751
307,0.14293192336443986,0.05012393372395544,8.39102399292357e-05,0.0875716972099199,0.7192885354617555
308,0.5552379312774735,0.2825694246560252,0.0001831752459811409,0.09366370043752863,0.0683457683829916
309,0.7056162152742407,0.2072623962971971,0.00011854707903703248,0.07373521672008483,0.01326762462944032
310,0.1726541553870254,0.7961819885091422,0.000294636094849057,0.01893389537416262,0.011935324634820789
311,0.06817080194755266,0.8797235807349618,0.001271997807535148,0.047159446458359976,0.003674173051590436
312,0.026892259539547048,0.9525059760360638,0.0015451819194704595,0.01730626072522292,0.0017503217796956548
313,0.023943333510340305,0.963219724938973,0.004089735290769371,0.0037648899670161794,0.004982316292901304
314,0.009688354296187954,0.9836825288539458,0.0009780452676365994,0.004162501724175838,0.0014885698580539108
315,0.01746985927855296,0.9730569049462211,0.0035072250964135266,0.0039050562608282987,0.002060954417984311
316,0.26398154475929514,0.6167494998636731,0.0011290297811702118,0.023857197875698358,0.09428272772016337
317,0.10269805181982758,0.8790411383271562,0.003308224340239675,0.0068109052879424025,0.008141680224834233
318,0.028912480529372103,0.9444435468582498,0.008218642841134586,0.0031313182735209924,0.015294011497722271
319,0.09429695304373598,0.8834171100969518,0.0014378301256072687,0.009940803963472892,0.010907302770232143
320,0.04781589836333894,0.9375440726746914,0.0005159271326824251,0.006023569496074783,0.008100532333212358
321,0.026595965834046078,0.9396103069735042,0.0017655797545370266,0.019838329124716062,0.012189818313196595
322,0.010846999045093057,0.04513269286005356,0.0004562373635209977,0.006267496182290674,0.9372965745490417
323,0.020321791896606645,0.02777645844536435,3.352319591901079e-05,0.0029392287048139753,0.9489289977572961
324,0.09256187266207494,0.029605392551752138,5.7968058260706905e-05,0.0060589570298218935,0.8717158096980903
325,0.8788320864944787,0.059067807731051705,5.9683977566471305e-05,0.006436475844822693,0.055603945952080416
326,0.8259573036858978,0.08411043009854467,4.213382790505896e-05,0.008691189706742684,0.08119894268090982
327,0.6404132608303181,0.13424151265242296,0.00010358699828988319,0.013318171403062079,0.21192346811590687
328,0.6350667853674047,0.30140503824411186,0.0001379371844631085,0.04156627373808062,0.021823965465939735
329,0.432660751204558,0.5382601562756533,0.0001994185096085871,0.01744825939587806,0.011431414614302098
330,0.04760551800295977,0.9438928729404612,0.0004497861666222981,0.006435271684847254,0.0016165512051096868
331,0.06755804037980556,0.9208052177250244,0.0006299650054372724,0.005363135744177432,0.005643641145555401
332,0.006404641830138482,0.9895742490092367,0.002235627258213491,0.0007963194932523349,0.0009891624091587297
333,0.015069577150838391,0.972147700379654,0.009284596107411384,0.0007831920352700031,0.0027149343268263
334,0.021867714293476528,0.9661444411598784,0.006166529829550061,0.000820985252811501,0.005000329464283572
335,0.09160924073870073,0.8941945242137427,0.005490001645161451,0.004742947819310218,0.003963285583085046
336,0.007456113506697771,0.9246826168420973,0.06313644487207119,0.0003808189908487313,0.00434400578828494
337,0.007944769598302648,0.9744772628443709,0.011494881739233768,0.0001760923756882287,0.005906993442404721
338,0.022142829644924984,0.9612462298766903,0.014054491124786007,0.0006300416780400921,0.0019264076755585037
339,0.016812784065688716,0.971719986060884,0.007622024764834393,0.001175530340939866,0.0026696747676530465
340,0.011946903695319047,0.9642645540636049,0.02098542237931395,0.00016839889709506015,0.0026347209646669255
341,0.005730099901908835,0.9562582663315569,0.03608528934171043,0.00020950775223805204,0.0017168366725855754
342,0.018234167872451093,0.9262570645347601,0.05097123436644161,0.0006303725722022735,0.003907160654144891
343,0.006282483581201871,0.9602494506494883,0.03133685634329441,0.000299376752155386,0.0018318326738599557
344,0.012872061532751663,0.9055349705209437,0.07672121242356034,0.0008120263356646943,0.004059729187079666
345,0.005036617739938015,0.8620376319829086,0.12928650820065526,0.00031715686421632694,0.0033220852122815355
346,0.04082809645569954,0.9434160303186753,0.009729851829237707,0.0011258102379040182,0.0049002111584834284
347,0.00971810870393514,0.9094265356574202,0.07660700534236334,0.00034244901408600134,0.0039059012821953385
348,0.005552253695184274,0.95334414368502,0.038454587402943524,0.00037495648063603983,0.002274058736216071
349,0.006188423580805345,0.8782677302475824,0.11304099602542435,0.00045387964932002025,0.002048970496867803
350,0.004690592623441842,0.8710414756143011,0.12116027523297844,0.00040427419824054376,0.0027033823310378888
351,0.002014359951192768,0.7822007822735604,0.2131876186915056,0.00025271990473278613,0.002344519179008365
352,0.007900708049998309,0.8639609403436277,0.12422908986187432,0.0004777184542528167,0.00343154329024693
353,0.0042158191254532285,0.816095193004151,0.17565488783702227,0.00047361528383328314,0.0035604847495402233
354,0.00529563483551332,0.7074786929021647,0.28286350538202265,0.00039530527905950037,0.003966861601239808
355,0.001596226637891654,0.33005570652744554,0.6665788684410597,0.0001356925694874783,0.0016335058241156955
356,0.005458611133444573,0.6880674846996863,0.30107627151924005,0.00029710581208081913,0.005100526835548415
357,0.0026848845183774592,0.5578223022926823,0.43595489043157154,0.00020818499232965612,0.0033297377650391155
358,0.004454824288139446,0.6855989591269346,0.305877693815962,0.0002889699689825076,0.0037795527999814654
359,0.005273392214124506,0.3939990672700951,0.5928169757495461,0.000458772923374036,0.007451791842860352
360,0.02327040855452284,0.6353799059422572,0.2776362718842318,0.0007850255449524241,0.0629283880740356
361,0.003302260395441927,0.4805946257246514,0.5065211025752594,0.0002208848301572021,0.009361126474490092
362,0.020878769923863543,0.7199966507625013,0.24470374460801003,0.0006908757758272487,0.013729958929798001
363,0.010926021272984374,0.6975148969307168,0.27679358138094523,0.0003648989877850212,0.014400601427568509
364,0.0040689951203710314,0.637001687386488,0.35370952610313866,0.0003390782048278008,0.004880713185174822
365,0.00444709705078335,0.5861898160973117,0.4043988483145472,0.00037953349060101336,0.004584705046756799
366,0.009834066786000803,0.6135249665476439,0.3671922175323397,0.0005759954124968516,0.008872753721518837
367,0.00836638101522394,0.5904851672010792,0.3932667896071998,0.000561881438082116,0.0073197807384149756
368,0.008559975317614087,0.7091459250096095,0.2728905260617553,0.0006581941317975988,0.008745379479223728
369,0.01235473846050442,0.6479351963446038,0.32225962627614063,0.0008940415994442288,0.016556397319306915
370,0.004309043548666616,0.5079629745784767,0.47887281703507323,0.00046687280234973945,0.008388292035433731
371,0.016867024562873,0.6851017310261608,0.2666507095163265,0.0013148179931923843,0.030065716901447548
372,0.007760342750570172,0.6154646859741797,0.3663111602107239,0.0006946103819879198,0.009769200682538313
373,0.011924186462689265,0.7563831500304745,0.21992039067970082,0.0010750100852662166,0.010697262741869195
374,0.016689307557379747,0.624235242624848,0.34742570213869944,0.000975230899266576,0.010674516779806261
375,0.003719663126112408,0.5853078473359342,0.4051353784047267,0.0006518010588456781,0.00518531007438094
