epoch,N1,N2,N3,R,W
0,0.005151067379922993,0.003399748695404215,0.00030474574657123076,0.0004433078663639386,0.9907011303117376
1,0.009459360286519284,0.0027262226485247325,2.8443589247617315e-05,0.0007206475752272969,0.9870653259004811
2,0.03699787720404612,0.009145988940125572,8.763843299392483e-05,0.0019901835464808276,0.9517783118763536
3,0.015099868456500463,0.005099278297847489,3.343611480055254e-05,0.0009949449097042646,0.9787724722211473
4,0.011690495142092194,0.0012493615350620392,1.3634691434372697e-05,0.000627630153185641,0.9864188784782257
5,0.1398215337495559,0.011472682342717104,5.136972241558349e-05,0.004253831003795433,0.844400583181516
6,0.5263884568650715,0.05070459414290802,0.00021866211322396064,0.010543678268368554,0.41214460861042806
7,0.1778835596479636,0.04488132169204055,0.0009560028130953198,0.0031205658558663835,0.7731585499910341
8,0.27590020893169903,0.2810444483706238,0.007482164251244615,0.006920337262166873,0.4286528411842658
9,0.34523660850377663,0.26946340546428316,0.008469443442791113,0.007258428012235243,0.36957211457691386
10,0.27412902907203585,0.09037170069412458,0.001069024479007507,0.006217954488717084,0.628212291266115
11,0.12332457618566099,0.19455160264349414,0.004469232795314992,0.003119073691631708,0.6745355146838982
12,0.2757763975173918,0.6708291430996555,0.0038138205725057237,0.005052046508642351,0.04452859230180477
13,0.2246840863292147,0.41494390989592433,0.004704764990885077,0.002752251641814209,0.35291498714216163
14,0.18923739691596816,0.7555831973751768,0.010248017901045865,0.0021637655769440652,0.04276762223086512
15,0.1885465481064547,0.7172563544485876,0.01194938581461609,0.0010209545006639896,0.08122675712967771
16,0.05343381605257566,0.8990513057609405,0.013333811112164883,0.0008047156145195426,0.033376351459799135
17,0.020257940444774743,0.944968661329921,0.019291405768445336,0.00031753110769290014,0.015164461349165978
18,0.019217215279753532,0.9413510401109155,0.029972981819541455,0.0004094402441186207,0.009049322545670837
19,0.018697671830220135,0.9530425656232604,0.01772157280849157,0.0004518189421781699,0.010086370795849753
20,0.01658481563945804,0.9320164384062686,0.03349118730143487,0.00019571028319678447,0.017711848369641684
21,0.007995694193295216,0.9315461272793555,0.051272619456952225,0.00010232991399172389,0.009083229156405246
22,0.005782078174484867,0.7717366536525694,0.21144029736938183,5.6464646236887e-05,0.010984506157327002
23,0.040379995710512886,0.933582874844231,0.016285002019384872,0.0003301061806735953,0.009422021245197549
24,0.009055644647458791,0.9840184524450509,0.0036011943379596224,0.0001510121763776372,0.0031736963931531083
25,0.005406706423352431,0.9365683078578865,0.05248255743144625,0.00022726928919736419,0.0053151589981174484
26,0.004136555443924951,0.9490335547521793,0.04342789256954754,0.00011738477225395036,0.003284612462094287
27,0.003508700973140699,0.8590083554546858,0.1327708227514554,0.00012043563924078542,0.004591685181477406
28,0.006715456957385332,0.8462856987681805,0.14025174396734086,0.00015674701311934087,0.006590353293973973
29,0.008007616856393363,0.8630818269610447,0.11639153958288635,0.0002309186424165527,0.012288097957259044
30,0.010017907368781897,0.9164040919155477,0.06655145809374909,0.000270480399467958,0.006756062222453318
31,0.006604011438301116,0.8681069429223195,0.1179156085983112,0.00015266496435023506,0.00722077207671786
32,0.0038310775455157138,0.7229523550485658,0.261638973690749,8.583767754941612e-05,0.011491756037619974
33,0.0045037983141941575,0.5428667813895248,0.43120910168455573,0.00010553816482750447,0.021314780446897736
34,0.002617857748650241,0.7528120729645218,0.20931428154894344,0.00010116644118389214,0.035154621296700585
35,0.003214318816032612,0.47778319653765505,0.47165505432690813,7.57880075129042e-05,0.047271642311891245
36,0.0048435708465999205,0.23932145988612427,0.5910001039563856,4.899062479744078e-05,0.1647858746860928
37,0.2684707198916943,0.09938999972629234,0.19865215324708818,0.0004746917954880833,0.43301243533943723
38,0.023499261818626747,0.06439561642128822,0.3484338586638586,0.00024876584004145347,0.563422497256185
39,0.004202724720751587,0.13223074711586727,0.6468757358568877,0.00011494589512598728,0.21657584641136735
40,0.005224907389911558,0.21507867369744507,0.7029196787661759,0.00018232209694682498,0.07659441804952061
41,0.007781049939107861,0.17921265719760948,0.6783490338277212,0.0001547715928874443,0.13450248744267398
42,0.004118269340124147,0.20733985792176385,0.7466797818948367,0.00016810311116579755,0.04169398773210948
43,0.0012901874609123679,0.053932715605433786,0.9023237910164515,0.00011369452122530935,0.042339611395977014
44,0.006646075973105536,0.20098486162391002,0.7769766425277871,0.0001311696572885775,0.015261250217908561
45,0.004466422233798207,0.1509960686026562,0.8304882184154554,6.834483980443023e-05,0.013980945908285882
46,0.00239448550457206,0.06685977464184384,0.9269073033165598,5.7003653225437435e-05,0.003781432883798789
47,0.02007882705741844,0.4700255787891635,0.4938734934905869,0.00023083045412203792,0.015791270208709074
48,0.007431081029836527,0.3141965386974793,0.6589966120043776,0.00016074333315835618,0.019215024935148074
49,0.0038715768128299004,0.2553809257516241,0.722846261917436,7.937658683012232e-05,0.01782185893127986
50,0.04654317387456322,0.35991055614800815,0.5455064331115242,0.00022803802577645282,0.047811798840127866
51,0.03722097722651295,0.19330798031544708,0.7317078536981702,0.00015146581305251807,0.03761172294681741
52,0.13238702767421173,0.1432611399950919,0.6209248524413757,0.00017933617771109317,0.10324764371160956
53,0.1205771037978337,0.2598199584820381,0.5416002364371718,0.0001999353011114824,0.07780276598184502
54,0.016735049679883155,0.3778329291777812,0.5693415572473419,0.00016578478338708546,0.03592467911160664
55,0.00807502074138496,0.5799859362307025,0.38290134810502546,0.00027688876363308145,0.028760806159253915
56,0.016451373612977053,0.31933071989708195,0.6525096402984466,0.0001417179374471917,0.011566548254047213
57,0.004604479011844515,0.4680772265287584,0.5142396773398678,0.0001714187828684556,0.012907198336660767
58,0.009808379543585306,0.34653764824712546,0.626713769233732,0.00015429033828800749,0.016785912637269203
59,0.007452180752406524,0.26588677217068324,0.7007271886152888,0.0003628032519401111,0.02557105520968137
60,0.006730492309187787,0.28752142237751793,0.6934618423469461,0.0002086922950583496,0.01207755067128993
61,0.004266361309261467,0.30486743303244795,0.6735330887002802,0.0002538500752917319,0.017079266882718516
62,0.09862515822178666,0.23610142996808334,0.0661514630243425,0.0021639282532266648,0.5969580205325609
63,0.06774237362242543,0.7761061583562856,0.09231184038096903,0.004032496889500326,0.059807130750819636
64,0.09337930672082066,0.6368334806962425,0.007548705879075295,0.002221845359846889,0.2600166613440148
65,0.5935475094471774,0.16649852770851753,0.0005700369236100883,0.004285253031824675,0.23509867288887054
66,0.5525903427360317,0.38970807785244665,0.0027016291683649727,0.0026196237271294185,0.05238032651602743
67,0.27957020374186836,0.7057774747815881,0.006825454620920742,0.0006398219780115654,0.007187044877611238
68,0.04777675981061338,0.9250218802964408,0.019421082835454226,0.0005256203875327201,0.007254656669958922
69,0.02997872095297697,0.9392738227491206,0.026586419899914417,0.0007921389170773638,0.0033688974809105744
70,0.014535167737406051,0.8890334820807081,0.09295305480402727,0.000637353268523713,0.0028409421093348033
71,0.01021156828777612,0.9358453010794296,0.050519355838165726,0.0004625897210638328,0.0029611850735648936
72,0.0148484232711813,0.9031857044743931,0.07701183209989833,0.0005260180708175062,0.00442802208370993
73,0.009692796186525108,0.9121017661330616,0.07405044559635984,0.0002650072505603441,0.003889984833493094
74,0.0074299465971501225,0.922860352835672,0.0657727585042421,0.0002107793397315426,0.003726162723204226
75,0.005244766251093288,0.8860770063963713,0.10512306422299061,0.00033407913489260786,0.003221083994652096
76,0.0022542842701415763,0.6329557499723171,0.36190743435453726,0.00015462181229381042,0.0027279095907102435
77,0.007205070977699697,0.8624309466508719,0.12587458418184058,0.0005598024600500456,0.003929595729537705
78,0.0025816589868709492,0.7784700619927926,0.21622295284833362,0.00022569434696445277,0.0024996318250383853
79,0.0024458905834602363,0.5104829283203672,0.4834380034651168,0.00020742585312425642,0.0034257517779315515
80,0.0043949180038717235,0.6010454587435565,0.39045851985957936,0.00014849331077175707,0.003952610082220587
81,0.0033580247311367213,0.6723294759114937,0.3210740732566782,0.00014115075373826545,0.0030972753469530436
82,0.006712633431123963,0.505927460956876,0.48142123541089243,0.0001696797871019197,0.005768990414005696
83,0.003642675017276921,0.5114085145655654,0.4810349484723238,0.00017903572867126026,0.0037348262161625997
84,0.0033170210251092956,0.4420291846818047,0.5484314495835003,0.00019067079295533642,0.006031673916630351
85,0.001406928851768461,0.25792833941652304,0.7379054668159506,0.00014967213857297615,0.0026095927771848304
86,0.0020470766535302656,0.3609974294884157,0.6303273211356686,0.0005708487419387127,0.006057323980446685
87,0.0029037292010101762,0.2890841718021116,0.7014609353973119,0.0005407958779285843,0.006010367721637772
88,0.004047577364405528,0.16603398372217976,0.8253856216870123,0.0006602534967323722,0.0038725637296700747
89,0.010080161300786141,0.0517343640260345,0.005392590498688504,0.0008553605701687367,0.931937523604322
90,0.5872929769019817,0.22364491456174895,0.003830913273315378,0.006390176904109696,0.17884101835884444
91,0.19375076820098794,0.7618081237630642,0.020593061613225952,0.004679961161688707,0.01916808526103327
92,0.20694175168313686,0.7683887222831826,0.014347258227365666,0.0008401840871958709,0.00948208371911908
93,0.04158689089363759,0.9263420474367019,0.023749678138741587,0.0031166437791714705,0.005204739751747508
94,0.12037854654163474,0.7623743062211856,0.011241504669563591,0.09208996321031299,0.01391567935730291
95,0.05658137257886232,0.8849268768245688,0.005833460977549139,0.044171775613581356,0.008486514005438161
96,0.11152886688901785,0.7295362647917996,0.007991574622177634,0.12880955755361723,0.022133736143387598
97,0.09529887723785699,0.8165233875589102,0.0045582345993636616,0.06011315104352972,0.023506349560339344
98,0.014430266975542956,0.008163610421457282,0.00010626261369462313,0.0027924292031618588,0.9745074307861433
99,0.3925830791338367,0.036356820241218286,0.0003691177488014524,0.03806065556202987,0.5326303273141137
100,0.7618347637341688,0.05944631997768591,0.0004180169019476428,0.028560384910612118,0.1497405144755854
101,0.46685642803921995,0.15193627573833385,0.00043696172246261337,0.01508621271080568,0.365684121789178
102,0.0008132853685045032,0.0011566815954373343,0.00019769026203158766,7.752144182707759e-05,0.9977548213321994
103,0.012653054657290174,0.0038010321252356987,6.413830366605506e-05,0.0009922330384008096,0.9824895418754072
104,0.0037575640725357627,0.0008033117857216074,5.526264641394378e-06,0.00023283539605145463,0.9952007624810498
105,0.3338474289514957,0.011590106785726698,4.7796737823954664e-05,0.0033314936316071265,0.6511831738933463
106,0.5605791130669886,0.013655021451336456,3.295464457706902e-05,0.011563557890737425,0.41416935294636054
107,0.5897891052234231,0.01750413136240766,0.00017508309670597556,0.021083357483824963,0.3714483228336384
108,0.7310629420330841,0.07740268282285014,0.0004117999858210155,0.0828874603504668,0.10823511480777798
109,0.5627941469009851,0.14087817608321854,0.0006991654740302706,0.1388590466956843,0.15676946484608162
110,0.0008286023660151242,0.00041963410176217844,8.776703138332271e-05,0.0001801780192843724,0.998483818481555
111,0.03560277990515218,0.0026839022875096968,2.333924756566657e-05,0.003575013976536764,0.9581149645832358
112,0.4849330149676436,0.015473879983064454,7.672529228735764e-05,0.018606982270913074,0.48090939748609146
113,0.3183301792874147,0.02535475889095081,0.00024709088272259705,0.014839696848487037,0.6412282740904247
114,0.5137651871603898,0.07373882992694136,0.0005411424192187053,0.07635567556141201,0.3355991649320382
115,0.5223121949929318,0.13482555460145945,0.0006566368425331432,0.2059450564824678,0.1362605570806079
116,0.3391887268965004,0.47892591969927356,0.002923050933517071,0.07555014864447195,0.10341215382623685
117,0.11441382254086044,0.840797349901693,0.004408200653602125,0.02213039756781844,0.018250229336025794
118,0.1089190138330867,0.8596695807064699,0.0038102370461848252,0.019465904441114717,0.008135263973143889
119,0.08641379858792692,0.8862744445522724,0.0051100806215762466,0.010895136902098732,0.011306539336125424
120,0.08936691736585416,0.8852324900943829,0.005939846212685844,0.013384078213692306,0.006076668113384939
121,0.07500815041703297,0.9006151006094597,0.00484703861695594,0.015239016466351585,0.004290693890199622
122,0.06801151992757085,0.9138037715755151,0.00715581442450233,0.004982316558373771,0.006046577514037751
123,0.044585899523358154,0.9394084930064334,0.01016179557293222,0.001632241074075621,0.004211570823200616
124,0.037018213803276225,0.9427362062951051,0.014811713678614445,0.0012803714632602355,0.004153494759744121
125,0.023830619067040145,0.9119087970834819,0.05759735623447227,0.0009968410006588899,0.0056663866143466645
126,0.03711589384265829,0.922151550383311,0.03182354302636868,0.001445014375207691,0.007463998372454419
127,0.02437359486274298,0.945787264568126,0.024303276747295408,0.0009113361113895219,0.004624527710445982
128,0.06148909047038331,0.9128798376300435,0.017928760328965024,0.002958086531756129,0.004744225038852013
129,0.031518211022688716,0.9334381256894521,0.0277227100914574,0.0019786609811656233,0.005342292215236008
130,0.053528113030853273,0.9268306009826381,0.010922277263462225,0.004964694965212514,0.003754313757833821
131,0.013974933108594429,0.7788730648070726,0.1938839168811244,0.004765706255325239,0.00850237894788324
132,0.028282836409347964,0.9087077998378397,0.037187842954079155,0.019057839318148938,0.006763681480584323
133,0.01963294985499692,0.894935476078208,0.04371133401772636,0.027224951846908804,0.014495288202159843
134,0.03633186182474614,0.9007447024553674,0.007588157673258007,0.048740975179188045,0.006594302867440353
135,0.30760253098535845,0.26256685899129245,0.0023154061578192285,0.11995611776099784,0.3075590861045319
136,0.34234209822234607,0.27264633844568587,0.0013117941110512153,0.21877494799346775,0.164924821227449
137,0.08228246953162702,0.0607826437128154,0.00010665632660083315,0.04824331289446319,0.8085849175344937
138,0.01799735760651562,0.01328504890319616,0.0004322707257065308,0.0006966374835734322,0.9675886852810082
139,0.00911431645564529,0.007969391615622087,4.071372621385348e-05,0.0009209664276092023,0.9819546117749096
140,0.024411907935931454,0.004623247341870039,1.661257716844282e-05,0.0005669160113788346,0.9703813161336513
141,0.002314301673537292,0.0006036665583257362,5.210214513681249e-05,9.82175587647255e-05,0.9969317120642354
142,0.03402924866216094,0.0014673902063466614,1.7807548429021175e-05,0.0003806161930302601,0.9641049373900331
143,0.05658656122133053,0.002975836857416775,3.492529639615895e-05,0.0021395989869566917,0.9382630776379
144,0.08336560179650564,0.0074609400300893235,0.0002315142381645927,0.006701821573035699,0.9022401223622049
145,0.3885403946862965,0.04050178254630175,0.00034511480621137965,0.10712390276289324,0.46348880519829716
146,0.26356443353241993,0.02705142223137842,0.0001531311252530696,0.2402168885433667,0.46901412456758196
147,0.014080324658667421,0.0029733636507532266,2.209446769146495e-05,0.016449253494153538,0.9664749637287344
148,0.4320394985761221,0.01586893097325707,0.000118324964513978,0.19540593323675662,0.35656731224935023
149,0.6031641355166687,0.034941984526011986,0.00017135695530936653,0.19593024294224845,0.16579228005976146
150,0.5988044841247684,0.13368036145092024,0.0002296362227376781,0.15743216421333805,0.1098533539882355
151,0.2670947206564943,0.19505472036287916,0.00041463085729911026,0.47277540087101516,0.06466052725231215
152,0.268535331884468,0.14393728540402043,0.0002858601723399601,0.5524535441333644,0.034787978405807246
153,0.28821556662940434,0.23186057507903265,0.0007697579090184864,0.42812040596521056,0.051033694417333936
154,0.0600787627438628,0.04864086706420928,7.214784855585183e-05,0.01674549119578988,0.8744627311475821
155,0.5829667056398437,0.33010587826075,0.0002655017359229584,0.033895433102075254,0.05276648126140823
156,0.10801997068394951,0.8149096105476368,0.0032490473475408127,0.008674522736356775,0.06514684868451613
157,0.18872615575060864,0.7804288418286143,0.0020232759436970746,0.017015032454124134,0.011806694022955984
158,0.30851724304090034,0.5764828949613428,0.0031291104903242994,0.09344669519466761,0.018424056312765086
159,0.24121235923938897,0.6816663622706521,0.003270817754466743,0.05593766006990031,0.01791280066559173
160,0.2118497881210988,0.7238671932878,0.0021107603556057416,0.04828731935550279,0.013884938879992722
161,0.11643957765973202,0.8562628577057941,0.0017259893582601412,0.021850452764734157,0.0037211225114794936
162,0.04595609146806415,0.9425441494815922,0.0014718530896587812,0.007579695855551051,0.002448210105134124
163,0.03365695852663001,0.9555937815513483,0.004265788222346023,0.004244106867454177,0.002239364832221626
164,0.05145858592013839,0.9344649692004322,0.0041230023417385,0.006152812221823244,0.00380063031586763
165,0.0576154826720207,0.9275723669696144,0.0037732207747543083,0.008521224284857324,0.002517705298753424
166,0.07688014895064123,0.9031526889726326,0.005947354092099234,0.009565836301192872,0.004453971683434171
167,0.05812075633479755,0.9297063522775538,0.0043378654016638174,0.0044694876543541935,0.0033655383316305667
168,0.01976362579438483,0.9711930430023326,0.00638331252362333,0.0014626913527319208,0.0011973273269274842
169,0.02807351013755945,0.9462981627879333,0.02079588085873315,0.00236295987684794,0.0024694863389261713
170,0.02465137378674444,0.9606395664116484,0.008107145455318404,0.005049602735019655,0.0015523116112691076
171,0.02391768433975672,0.9468833852677502,0.023255440739727785,0.0033571377252227317,0.002586351927542473
172,0.021435736099394493,0.9657143424997612,0.008533061407439292,0.0024209486099263725,0.001895911383478901
173,0.011082176735569162,0.9707574311338312,0.01417513388862491,0.0026854862255761094,0.0012997720163988819
174,0.005603430507018467,0.921144183775009,0.06866583604446218,0.0032093477672608677,0.0013772019062495977
175,0.04050966163902449,0.9259196108244775,0.021735286580454708,0.007443885474209991,0.004391555481833127
176,0.014198211309981426,0.9308370424391222,0.04178973840820753,0.010937263606201826,0.0022377442364868165
177,0.021283938703799077,0.9322855926445446,0.028479401152130594,0.013836082678801969,0.004114984820723662
178,0.012905982142634833,0.9454880248726819,0.025962697897267458,0.011714263109468026,0.003929031977947971
179,0.007268542305747895,0.010612270548593714,0.0009947638888619882,0.0020163603329649347,0.9791080629238316
180,0.65423043359579,0.13008240798678916,0.0008176505948188438,0.0969770125687687,0.11789249525383344
181,0.6795414610398899,0.1921099391759185,0.001091812963767368,0.0776028027620268,0.049653984058397535
182,0.5818641762894403,0.10917234946277474,0.00018247745725258097,0.03103859078043836,0.27774240601009387
183,0.31327869849644424,0.17539274294721433,0.00026553316505117957,0.3481719670151394,0.1628910583761509
184,0.2418215870372009,0.11903684552571123,0.00022542521170753382,0.6186979092889329,0.02021823293644752
185,0.19550811638896923,0.163981051539499,0.0005291919608491307,0.6258871148963081,0.01409452521437464
186,0.16320135868835456,0.17663950253808233,0.000930011639072959,0.11621210351084187,0.5430170236236482
187,0.3205138698566994,0.05849653597315495,0.00020505417611307956,0.53130095353366,0.08948358646037262
188,0.3262939852105319,0.14419544652518193,0.0003186905589930759,0.5165477479515852,0.012644129753707937
189,0.47239488678762415,0.30220186558806633,0.000621331774236927,0.19473892456121714,0.030042991288855556
190,0.33562063691939703,0.255463330191847,0.00025688499644627524,0.38899673149991637,0.01966241639239315
191,0.19159518395910202,0.5735684318929951,0.0005833952320512744,0.2211785971026425,0.013074391813209164
192,0.122140629474166,0.628349485078003,0.0008194350778211801,0.2419584869915533,0.006731963378456449
193,0.2088651700008095,0.5990588934851844,0.00156582600537921,0.17709602105337105,0.013414089455255792
194,0.16225836269459634,0.6555180262211022,0.0023089679308111693,0.16809788635480924,0.011816756798681027
195,0.16589789192945728,0.7388207924949807,0.0024593893508992183,0.08112716233433125,0.011694763890331522
196,0.06156231295465804,0.8901232906229642,0.003427501793469002,0.03670770550123089,0.008179189127677688
197,0.10279913708730891,0.618091560587679,0.0075048802806164765,0.017852735029817074,0.2537516870145786
198,0.13407588867700546,0.12438359307834324,0.0006606764571346994,0.008786739330009013,0.7320931024575075
199,0.41313621694937386,0.07455083962338832,0.0001442393349802875,0.006399868938479684,0.5057688351537779
200,0.7916426854691472,0.16936624805228956,0.00015029243675830056,0.004042650910674579,0.03479812313113026
201,0.5912289403657156,0.3966405906628442,0.00026847980711175,0.0064459799455813625,0.005416009218746999
202,0.24166749804183457,0.7343578794410844,0.00044451350604749206,0.014791094024348552,0.008739014986684996
203,0.11619059683514991,0.8236905915865805,0.0010455271630910217,0.05138598000524581,0.007687304409932856
204,0.02690443975814234,0.932231213756983,0.0021259343888051646,0.035122017530283725,0.003616394565785823
205,0.06470288371537439,0.869702023485514,0.002880549421658254,0.051994312346427214,0.01072023103102636
206,0.07846574369922629,0.8608308240823342,0.0036682171314852724,0.048229349282406235,0.008805865804547813
207,0.02084395061281253,0.11457325081873257,0.0009159500203105249,0.0030540464173162874,0.8606128021308281
208,0.33479670287935676,0.21308714841077936,0.0005566923165947126,0.05799028286813532,0.3935691735251339
209,0.012511643369139163,0.022105958025128988,0.00011846095627731662,0.004131908129020712,0.9611320295204339
210,0.5846381129831247,0.13983939784244978,0.00024624996321079534,0.01693463512266851,0.2583416040885462
211,0.6094876625349032,0.13258843409814627,0.0003770770251641439,0.15844073740294384,0.09910608893884247
212,0.004986007158291625,0.017251899246194236,0.0003387108373191462,0.001720190058849761,0.9757031926993454
213,0.5380407349973891,0.14632473484807376,0.0004214968029018251,0.0760868881078088,0.23912614524382642
214,0.5683042388260435,0.1792364653900567,0.0008840469027607403,0.1434826560370421,0.10809259284409688
215,0.46372047848923775,0.2563176111278847,0.0005867127856047754,0.21260982332207617,0.06676537427519658
216,0.1333588081724657,0.07321073262016976,0.00039491353302301325,0.2189643006554664,0.5740712450188751
217,0.0972230545274174,0.04354061659771691,0.0002175747304212083,0.022861452095221526,0.8361573020492229
218,0.7627014242796502,0.06399573288335908,0.00012848687447805204,0.06463512780051071,0.10853922816200202
219,0.8759002056534468,0.07617725561065085,9.014370294945404e-05,0.03106108553828116,0.016771309494671743
220,0.4557128891387052,0.5138614624113675,0.00028124421833970417,0.019400902669000002,0.01074350156258762
221,0.3074027940432199,0.5091392689688963,0.0005518300928425367,0.16981646260868102,0.013089644286360329
222,0.08479128525484537,0.8028471902301076,0.001866026923414292,0.10545212595864721,0.005043371632985401
223,0.03421298792345628,0.9415472238693057,0.0011527506542507243,0.018938869844443654,0.004148167708543507
224,0.08605778109866509,0.8522716559727589,0.0009666342875810295,0.05536380182330862,0.005340126817686334
225,0.12894996820414664,0.8391970511565142,0.0016822224169275313,0.020702270097615154,0.009468488124796453
226,0.057350592623182636,0.9280069129021814,0.0019002619090091797,0.008687553895884912,0.00405467866974194
227,0.14104847494821185,0.8382451514347959,0.0024523911889802546,0.012015348248160397,0.006238634179851511
228,0.034753343331475395,0.9556118935401888,0.0027083033207547244,0.0037678830277190975,0.0031585767798621104
229,0.01971080123054422,0.9742774239192415,0.002370911299103347,0.002355848099432916,0.0012850154516780969
230,0.05276083858411505,0.9313059311425415,0.001892207620088765,0.01072456874592127,0.003316453907333511
231,0.01986231390313573,0.9663605023464292,0.004778237711089088,0.005614841753241933,0.00338410428610408
232,0.012816289476953121,0.9722799448589392,0.005771038976437256,0.007123085415418766,0.0020096412722515797
233,0.050677817237794104,0.8589476775005597,0.004632463466403667,0.07821457596176527,0.007527465833477204
234,0.1120280600891858,0.5187734913843469,0.0019179063466343515,0.33824317955155087,0.02903736262828209
235,0.09240988758656807,0.09973711662332323,0.0005521557655912304,0.7609308475771273,0.04636999244739006
236,0.06446275450651864,0.034743149299230475,0.0002888659789194792,0.824518369107547,0.0759868611077845
237,0.11466716961348673,0.036284793665255326,0.00032896141999787714,0.8141611735757271,0.034557901725532886
238,0.06638991714445518,0.015160017098091744,0.00013671057006216702,0.8893940456685921,0.028919309518798782
239,0.02565147765836915,0.0046337095007499066,8.436601501733187e-05,0.9436947838526814,0.02593566297318228
240,0.02203409953104856,0.005464530588676771,0.00014577264171605528,0.9021651084100412,0.0701904888285174
241,0.02193778245377069,0.004416979133734812,3.9562871508497996e-05,0.9355768952411608,0.03802878029982499
242,0.03835229114795484,0.007211523611191325,9.47704282920367e-06,0.21352911631980404,0.7408975918782206
243,0.12851801521026776,0.009433570001148786,6.555080363332427e-05,0.7408568109428316,0.12112605304211854
244,0.20260448535841238,0.013501454796010863,5.033983853089998e-05,0.6927275125328546,0.09111620747419125
245,0.2045466261533145,0.020842168595262184,0.00011063822623922266,0.7006048266876514,0.07389574033753267
246,0.20177493747576422,0.013050574952998713,3.039696841910041e-05,0.41354682663308423,0.3715972639697337
247,0.06450145230077892,0.015759131224619662,0.00010554309983146748,0.07168581731757025,0.8479480560571997
248,0.5592481621425933,0.025321994091730207,0.0001812695098029874,0.2336026974108602,0.18164587684501335
249,0.7257289849614673,0.021773315781211427,0.000375778514572129,0.15871359076407746,0.09340832997867154
250,0.4298323883807806,0.049627291174318404,0.0005364114930612433,0.43996511008615335,0.08003879886568634
251,0.11755640409687124,0.03607252874161526,0.00020049646911414644,0.6798027416499601,0.16636782904243927
252,0.09151685340505909,0.07801743808090777,0.00040195872621195434,0.8049303660913034,0.025133383696517842
253,0.11618201591200754,0.0928826140560674,0.0008116977929650355,0.7210410016251458,0.06908267061381405
254,0.02949117607055571,0.01834032359653933,7.053594828364673e-05,0.18276429901209193,0.7693336653725293
255,0.26807124177777797,0.04155465953984603,0.000183604539854849,0.558561138198801,0.13162935594372022
256,0.21556131081993318,0.03975667287190069,0.0003216469096343334,0.7104142093753826,0.03394616002314922
257,0.06964988373461548,0.04696107449921878,0.0006296366939833613,0.7825980198187898,0.10016138525339259
258,0.02481113489591856,0.02255826570523712,0.0002144952011518742,0.8339103023921755,0.11850580180551692
259,0.025130420781546235,0.02839760883887617,0.00041677965034436803,0.8147225670536601,0.13133262367557302
260,0.03618069255094234,0.008128823619390053,0.00023493390683822048,0.7704078949987121,0.18504765492411712
261,0.06366600096408781,0.009192811177822365,4.956046637980697e-05,0.8719729612891804,0.055118666102529704
262,0.16461324613006514,0.015811176403679694,0.00030719000272263634,0.7653587834388318,0.053909604024700734
263,0.18004065297850116,0.01950580431910639,0.0002716274491501516,0.7060599854003469,0.09412192985289537
264,0.12171893507697816,0.014385105229300496,0.0001501977443218567,0.7809087652567728,0.0828369966926269
265,0.03921819257438117,0.013013147346301837,0.00015462553164112354,0.8701881177773211,0.07742591677035457
266,0.03516124822663451,0.013053838338508563,0.00022901517373987432,0.9184591299073941,0.03309676835372297
267,0.027499270216396535,0.012166375475143482,0.0002562152076177278,0.8738828900599497,0.08619524904089264
268,0.036747132157049923,0.011808986071953862,0.0002115001102750703,0.9131905656382538,0.03804181602246723
269,0.04207340282537393,0.02873843267192345,0.0003162156154645164,0.8831538342883825,0.04571811459885559
270,0.060297976785537735,0.016477508530515928,0.00019966459700728888,0.9057530202134024,0.01727182987353668
271,0.05465049360293936,0.025423743116226142,0.0006522995387541646,0.8672129405464097,0.05206052319567061
272,0.06369407493884095,0.02915431689820602,0.00034241783658926913,0.858785681504518,0.04802350882184588
273,0.023130815574145237,0.02792297971807897,0.00029517559831002295,0.8678509112615665,0.0808001178478992
274,0.023132141755708567,0.04810573627919972,0.00036864469445447467,0.9005702302952077,0.027823246975429563
275,0.08161156090824091,0.1527760142327286,0.0004088791228734903,0.5070772227205573,0.2581263230155997
276,0.03160500295013628,0.116991501801891,0.0005821373413283372,0.8364622061168323,0.014359151789812008
277,0.037064910257983086,0.05536997574314593,0.0014342442398401086,0.8849688624999812,0.021162007259049632
278,0.01152206735917467,0.035771177550427066,0.0015896065795497317,0.9238806166603778,0.027236531850470667
279,0.03164062845687734,0.01813832823596586,0.00023678227382702702,0.8376045494763367,0.112379711556993
280,0.03729733732495449,0.018585672581414487,0.00013212869386817203,0.4515899038879057,0.4923949575118572
281,0.05443920189673394,0.037112051431682114,0.0002658676491487979,0.102486727528555,0.8056961514938802
282,0.5264397936287563,0.03550508435530146,0.00011627400978534225,0.25254119653741824,0.18539765146873863
283,0.521320402458023,0.05982393319641517,0.0001483928565441314,0.16824858409067736,0.2504586873983403
284,0.4255425263400773,0.05685144344328913,0.00019872927140737252,0.248654270824766,0.2687530301204602
285,0.21189051051242244,0.0316153002891064,0.00019059714837737777,0.5861127704092023,0.17019082164089153
286,0.2365482507121409,0.043848165928919845,0.0001849535207397465,0.6110687149635683,0.10834991487463114
287,0.20547596520643757,0.06467523856672373,0.00019625099882475937,0.6191826441061579,0.11046990112185613
288,0.19832651186038117,0.19074973297391964,0.0005148208655805596,0.22276106107798996,0.38764787322212857
289,0.2525930664408506,0.19641139485036166,0.00016329904397422291,0.1979475268688255,0.35288471279598804
290,0.36932905721330783,0.3375041778884569,0.0005357371609710096,0.2592405085441397,0.03339051919312455
291,0.312334224557446,0.20086614661021665,0.00042649382619579224,0.4644989802631052,0.021874154743036476
292,0.11412229696512605,0.16916579246424343,0.00014834477128131175,0.6927617528139184,0.023801812985430874
293,0.07046014985185663,0.17113427785625804,0.0004066554299367482,0.7438660940595201,0.014132822802428545
294,0.06963137098997435,0.04533506440070659,0.00015003567193623253,0.8695696766366865,0.015313852300696243
295,0.10158429770053239,0.10178922538271946,0.00029105760445416283,0.7880411539104193,0.008294265401874728
296,0.05458959019090506,0.047678596307736215,0.00027914995586022346,0.8933126666978869,0.004139996847611601
297,0.06996499169513459,0.06034415598446869,0.0002667205066575792,0.8648992599685015,0.0045248718452376244
298,0.09477797102364265,0.0582651344809427,0.0003242387975268612,0.8322788903144249,0.01435376538346291
299,0.09041290474491025,0.09198832310050647,0.0003793952896549854,0.8115455927809355,0.00567378408399283
300,0.15879235175758377,0.19832590635383668,0.0006682771325958448,0.6339562878646996,0.008257176891283935
301,0.19314408660900786,0.4629162262000127,0.0007655870651593589,0.3370525923458498,0.006121507779970126
302,0.15712385271265264,0.3159254406761031,0.0015970509045081843,0.504399171364661,0.020954484342075048
303,0.09046834200577404,0.6450840699959728,0.0016121063464742185,0.2559707073864762,0.006864774265302692
304,0.18521745916708288,0.6191624882359162,0.0014023516245778433,0.17661983946346269,0.01759786150896042
305,0.1077471147996545,0.8114436591984447,0.001109365663139162,0.07524762864931919,0.00445223168944231
306,0.12166590733651818,0.7169497440578463,0.0017571911250236336,0.15289258786701693,0.006734569613594885
307,0.06807211350115182,0.8895055581925241,0.0017617706276482907,0.03719075447602407,0.003469803202651662
308,0.060112816440965784,0.8781425671323394,0.0012291161049346293,0.05804622596964436,0.0024692743521157277
309,0.07964311428947887,0.8696122298420436,0.0010766763089581394,0.045817088485956274,0.0038508910735632635
310,0.020088785426886885,0.9657183482063274,0.001195163145843581,0.011767791110474282,0.0012299121104679905
311,0.08547145642406882,0.8887596884669927,0.0012340409634458518,0.02191033217601613,0.0026244819694765144
312,0.016337484859811676,0.9759317938439461,0.0013420612830428772,0.005604802090019485,0.0007838579231802452
313,0.0116161943733946,0.9835188819533874,0.002531778865991862,0.001713238463834684,0.0006199063433913795
314,0.02021387640222064,0.9744480468672186,0.0017362638469341225,0.002551764546747458,0.001050048336878948
315,0.019443081507431872,0.9442781868618366,0.02991891327472122,0.004292196886241823,0.002067621469768561
316,0.015471224190549877,0.9652526107918714,0.014397909903392413,0.0033903717434723138,0.0014878833707139257
317,0.007605721348087333,0.9592746223205523,0.03021677670831025,0.0015061448814713604,0.0013967347415789438
318,0.010350600916304346,0.9519182806799898,0.03509916203746224,0.0010309558132641494,0.0016010005529793524
319,0.00934489569934094,0.9765209378395593,0.01251558008481953,0.0007563943185743715,0.0008621920577058737
320,0.0017078690322628962,0.9719274288733003,0.025312452069507094,0.00025892484415642044,0.0007933251807733043
321,0.001568204352868777,0.9060827802236499,0.09093540125496558,0.0005344775017074849,0.0008791366668082469
322,0.0013433927963441875,0.8494352148049297,0.14768689634982884,0.0004980521686617317,0.0010364438802357512
323,0.0039260267219420365,0.7779758857379567,0.21552586782207442,0.0007474647829905254,0.0018247549350362358
324,0.015589074365272087,0.9394480351562788,0.041380424964465846,0.0012312733355095043,0.0023511921784736232
325,0.0046791622049527585,0.8105668869187461,0.18270314320389075,0.0004719186207018003,0.0015788890517085066
326,0.0026212807504103542,0.8292018594088312,0.16641740441980454,0.00027768248408074203,0.0014817729368733102
327,0.002037215662884276,0.8049472976741731,0.1912752729143865,0.00037831294659471305,0.001361900801961364
328,0.0031705786984333063,0.7847487930106917,0.21037945068078615,0.0005135024738165882,0.0011876751362723409
329,0.0020288855599037655,0.7191274831470948,0.2770242633923856,0.0003817559239706428,0.001437611976645115
330,0.0017583846188900312,0.7737649731817222,0.22300358658396355,0.00033991339579621076,0.0011331422196278616
331,0.004835463606879142,0.7485860347289265,0.24322218024519981,0.0008966164459044246,0.002459704973090218
332,0.002633935300714334,0.7501223821680997,0.24528306223769306,0.0003822596348674687,0.0015783606586256868
333,0.0021435544008172424,0.7536416014625995,0.2424855755612678,0.0004890490064879969,0.001240219568827511
334,0.0019938550914251887,0.542159700674998,0.45270790767453406,0.00039149367642956137,0.0027470428826132202
335,0.0019134300236656955,0.8124688758086773,0.18361359765105162,0.0005117867846082475,0.0014923097319969663
336,0.0016526917954446554,0.7297229476073017,0.26656696524544865,0.0005153876824056283,0.0015420076693994456
337,0.0014724510928567872,0.796943534340928,0.1995620311645554,0.00039001139180043937,0.0016319720098593208
338,0.0011852442036205365,0.6503318072199559,0.34676314388617163,0.0002066627797347098,0.0015131419105172488
339,0.003148750008244402,0.5055193763066426,0.4869177726477122,0.0009781664438227276,0.0034359345935780724
340,0.008821293302582947,0.36419366001220926,0.614807748919862,0.0021643987230764153,0.010012899042269515
341,0.028808887578203223,0.4574295108320776,0.4907977238674698,0.005254115570008476,0.017709762152240845
342,0.012431784195460408,0.39927768909726513,0.5806071234209481,0.0007573035810693529,0.006926099705257144
343,0.012466747112035928,0.45085590614361903,0.5250014463289557,0.001321821133470404,0.010354079281918819
344,0.01903024099093704,0.5436321512382939,0.4212986797288993,0.002371221793821133,0.013667706248048616
345,0.01628960736624475,0.3784439338414639,0.5890447593066552,0.002164579851436835,0.01405711963419932
346,0.040633419408599956,0.591428839413858,0.3373914760088606,0.003877316833261168,0.02666894833542035
347,0.037279941826677473,0.5923974229858092,0.3564906269442256,0.0014199173593503589,0.012412090883937243
348,0.011839228965528314,0.2611278029818487,0.7223196969198246,0.0008622384108415531,0.003851032721956763
349,0.007912526720690313,0.309258073613031,0.6789700326608521,0.0008121145560730451,0.003047252449353672
350,0.0024068170592612256,0.22822971947487372,0.7603964320780748,0.002307135159876245,0.006659896227913917
351,0.0037665611085016906,0.22868492317173952,0.7536470337969698,0.002431837386206862,0.0114696445365821
352,0.005598619448597129,0.311348358155155,0.6753969159919512,0.0012453869569481542,0.006410719447348483
353,0.007815685288202427,0.5092260829068493,0.46503787238929795,0.007528739945439857,0.010391619470210387
354,0.002905029008477051,0.2100804520823999,0.776611093619842,0.0027473114093834313,0.007656113879897649
355,0.003805034528960527,0.26568265617007825,0.7230291506863106,0.0015596095813265039,0.005923549033324247
356,0.005035490753011858,0.039560237270319085,0.11728154993526535,0.0022284953145166137,0.8358942267268871
357,0.22091312790934434,0.6120504461131269,0.0782539022746385,0.03317366753172989,0.055608856171160424
358,0.19175303285397505,0.7152063100286059,0.04169678254408806,0.018726928343742406,0.032616946229588634
359,0.14620972970265342,0.7895317417037896,0.026981588524048177,0.021932757140521363,0.015344182928987414
360,0.10617266556309155,0.8143542200502611,0.02465606401019732,0.043871296166691075,0.010945754209758662
361,0.1737821470575549,0.6976540622679731,0.009071165704788714,0.07168254603033808,0.0478100789393451
362,0.0643231496885775,0.8481118302820205,0.04260015523629271,0.033791854704428144,0.011173010088681174
363,0.1750170732023822,0.6927874932765232,0.04472897863760834,0.0554963390041425,0.03197011587934383
364,0.050469705395110684,0.7464129438211188,0.15978000904284897,0.030699289692241366,0.012638052048680156
365,0.1685555624468067,0.6355691215799543,0.022435610682401314,0.13753248424691952,0.03590722104391816
366,0.032886334501918,0.0808060567639721,0.003384052494404959,0.007225152347037778,0.8756984038926672
367,0.26544383811010186,0.35454954636171715,0.004811142018774345,0.1630585543845581,0.21213691912484844
368,0.46584256346291664,0.24861803155541198,0.0031084534179376773,0.04990361839319319,0.23252733317054053
369,0.386121650723802,0.45340599372783025,0.004407522636805876,0.0857395635464545,0.07032526936510751
370,0.3057094268833703,0.3830696986065096,0.010149722128014127,0.17194008445895842,0.1291310679231474
371,0.10867028435638551,0.575296156715012,0.01930348752440152,0.2590514682686769,0.0376786031355241
372,0.4384295955137786,0.2807951102274637,0.0079661375809826,0.15005808211134036,0.12275107456643465
373,0.3256684193018791,0.36392611362917127,0.0048585917890497975,0.2447434584595562,0.06080341682034353
374,0.1877688235911578,0.6994843895414766,0.01810413786195413,0.06800885089492224,0.02663379811048909
375,0.243690034965847,0.19080278769876416,0.004169478515724122,0.06618987288384118,0.4951478259358235
376,0.22796722060986432,0.6054670619576411,0.02640174428013959,0.08370018899053587,0.05646378416181916
