epoch,N1,N2,N3,R,W
0,0.6292369517487557,0.027472662648265422,0.0,0.004609436033873786,0.33868094956910505
1,0.07336150278714462,0.35972110856910633,0.00029107609444483886,0.002293060305114384,0.5643332522441898
2,0.008657151952182838,0.027029712978878098,0.0011958485893697782,8.624559662904566e-12,0.9631172864709447
3,0.06545284855519691,0.011376343155965663,0.0003379180033833674,0.0018374490257720714,0.920995441259682
4,0.008696217501088626,0.011522996417035582,0.0156436679123891,0.0014354296153413903,0.9627016885541453
5,0.24935481200644702,0.036614223313116666,0.0010707159163436408,0.016096278237978687,0.6968639705261139
6,0.04784588832992698,0.008108800770953642,0.00022624196189473746,0.005010307179320086,0.9388087617579045
7,0.0040340113807318095,0.0033475376230597794,0.00254630821525838,0.001091290318739759,0.9889808524622102
8,0.19254380252830292,0.010414144408206073,0.00018912770328597758,0.014240529314925107,0.78261239604528
9,0.09815469326468194,0.00660656269067769,0.0001520849627523003,0.011961357221614703,0.8831253018602734
10,0.13344834255338475,0.006475259752763465,9.400447389815354e-05,0.009136003281397569,0.8508463899385561
11,0.04175211555782754,0.0014924897883964664,0.00018100927754985272,0.0028040315016386436,0.9537703538745874
12,0.14752057650235173,0.01034097823133125,0.0004598247417366719,0.004007360429104045,0.8376712600954763
13,0.03576040975292938,0.0006983964036328622,4.616330742498073e-05,0.0019828999480248286,0.9615121305879879
14,0.024456302789127426,0.004836905545579587,0.0013636036952349665,0.003209025059288001,0.96613416291077
15,0.0021106960788093046,0.0014302650662001708,0.0001217433239477632,0.0002473001108715731,0.9960899954201712
16,0.10807212602119876,0.007169830838061403,5.645681224299273e-05,0.001775095259816645,0.8829264910686803
17,0.040549333302066976,0.025115706730019588,0.0001565400505467382,0.002159485207171047,0.9320189347101957
18,0.00566344729474083,0.003656312432672622,0.0005349347822081655,0.00036915037548547057,0.989776155114893
19,0.035482600854018935,0.03458882923922899,0.00014010611972724307,0.0016528745097317082,0.928135589277293
20,0.022634789395276102,0.021472156436586363,0.0009042932711148096,0.0009977259524243292,0.9539910349445982
21,0.023400024985167828,0.007588361822432066,4.2612028638217135e-05,0.0012607833570600943,0.9677082178067018
22,0.07317462192540741,0.007180532622346793,0.00018337500990079963,0.0011585424755481979,0.9183029279667968
23,0.5340994038141142,0.11381268323448464,0.0031456852036101384,0.006638448709971312,0.34230377903781956
24,0.02862064314681383,0.0034571634493533966,0.00026988257047292567,0.0005893859471046905,0.9670629248862551
25,0.03718967272984365,0.028278412230983145,0.004299729775006335,0.0046189561887557224,0.9256132290754111
26,0.08443774383825091,0.09443193129655211,0.0033838199861234547,0.03386166121122126,0.7838848436678523
27,0.1325941573958897,0.05272894816162879,0.0003900697354672788,0.04336691208626026,0.770919912620754
28,0.03310482307987502,0.01698181094873079,0.00030575627102933544,0.014569853642904855,0.93503775605746
29,0.39638293824185256,0.414107034030481,0.0007390220315856957,0.09518722865009381,0.09358377704598705
30,0.14382967646214773,0.04908863243104572,0.00030322177231714356,0.009683199761798968,0.7970952695726905
31,0.29816654177456614,0.08517590602879457,0.0010571791813217017,0.0406169868666188,0.5749833861486988
32,0.485153898651217,0.1832933833768063,0.0004241387890903277,0.17852111020480893,0.15260746897807756
33,0.0682590175193117,0.06079323614681246,0.007278244168179698,0.004045663991685316,0.8596238381740108
34,0.25493952530023917,0.16396005379915324,0.0015855284759211153,0.3458811418134873,0.23363375061119915
35,0.07489126315346811,0.6913500120677046,0.022599953176053317,0.058711405015585576,0.15244736658718824
36,0.05348389312580985,0.014140333371571397,0.00023595010136852378,0.05895936488094594,0.8731804585203042
37,0.18240763186789694,0.04204696866191162,0.0002868477272310443,0.033303668338195216,0.7419548834047652
38,0.5256097939292593,0.06682955561956877,0.001683160782167684,0.04461862239040889,0.3612588672785953
39,0.6348145740679455,0.15456517983310156,0.0005762161188041919,0.014372797166873565,0.19567123281327511
40,0.2199226846827257,0.5873066132956442,0.002033494971555779,0.12442697276101528,0.06631023428905904
41,0.08055757177776737,0.5033781144107091,0.0017850918943577664,0.3577296067633154,0.05654961515385039
42,0.028645030000179466,0.059765545169315516,0.0012611871192521763,0.018937085911661374,0.8913911517995914
43,0.057590352639983695,0.024444874809688995,0.00011738833594045911,0.21902819797007103,0.6988191862443158
44,0.26358471663467903,0.013935013591786704,0.00023929547015118404,0.04532119609469104,0.6769197782086921
45,0.8104752120047188,0.015689562555470236,8.18755682443891e-05,0.009465871682866325,0.16428747818870018
46,0.5656874681309515,0.01595972586458855,7.875987430442933e-05,0.010972536491611838,0.4073015096385438
47,0.7977251236451267,0.01261816040442174,5.0655983949088983e-05,0.025021973889716463,0.16458408607678593
48,0.649636306232513,0.14499337926219716,0.0006130963817463243,0.03808419914773836,0.16667301897580503
49,0.46934214964863186,0.04742271880290797,0.00014006684877176907,0.02749922634548925,0.45559583835419903
50,0.08113190900599358,0.8071323075391942,0.008799220728909698,0.03508268386389743,0.06785387886200528
51,0.2004651081769523,0.13057223709700708,0.00035061715793922806,0.24295717146320697,0.4256548661048945
52,0.17537255744624167,0.10196313763518942,0.0004817286808254542,0.0411228778718116,0.6810596983659319
53,0.23929475155316457,0.13148549672712914,0.0007025518311341693,0.06129841318137542,0.5672187867071967
54,0.6163760177698073,0.11687915886217518,0.0004826699429593632,0.0074563393736286595,0.25880581405142955
55,0.27036962996285396,0.6287076833069718,0.001695940663634945,0.04434879320274451,0.05487795286379487
56,0.10900442096285669,0.019274759784043877,0.00023271259129970074,0.0400127055771258,0.831475401084674
57,0.16515934013171152,0.12267545339946924,0.0006860330172555627,0.055068420033380625,0.656410753418183
58,0.25714176333986055,0.42849254224727834,0.0009711205649288588,0.12103392172532351,0.19236065212260867
59,0.44347166213893413,0.3712198850603668,0.0018958227793294102,0.07618317681365543,0.1072294532077142
60,0.1737359333782072,0.07658761682788426,0.0010798419244073968,0.021878701144246258,0.7267179067252548
61,0.23414738394512322,0.4790357392367793,0.009495447967452367,0.009389052799702589,0.26793237605094256
62,0.5213957011384419,0.17229483273590598,0.001656228104959059,0.01804042108006764,0.28661281694062535
63,0.3158566133856587,0.44035330131627026,0.02362709715780144,0.0023256298276577176,0.2178373583126119
64,0.2897763473504855,0.362139156224089,0.013838858039164181,0.021755385218120513,0.3124902531681408
65,0.20304390525830382,0.10281349609759227,0.004023717654107172,0.022800002042430396,0.6673188789475663
66,0.0221938468395149,0.8755586461387447,0.06271155130944017,0.011422920348864463,0.028113035363435727
67,0.10385296183611172,0.14727438441643476,0.006406042246884735,0.019747207985950678,0.722719403514618
68,0.1266291007991695,0.5409859738829184,0.028656987528317024,0.012077340281801843,0.2916505975077933
69,0.0674223186741477,0.04775837113212684,0.0017210429709077146,0.007307981442041364,0.8757902857807763
70,0.008275119529389207,0.0038486181508189023,0.0034299756291540856,0.00016879692730693228,0.9842774897633308
71,0.21824342294317572,0.013405434091208151,0.00011512562919982047,0.004337927736883635,0.7638980895995326
72,0.6496638398900666,0.07684332355882444,0.0007417236574189995,0.0053130354354651525,0.26743807745822484
73,0.20372422555674863,0.021632772142098668,0.0006507288445102193,0.0023447973613925223,0.77164747609525
74,0.186298581901306,0.1622791207730815,0.011321587440288777,0.005711520612195355,0.6343891892731283
75,0.1789522557792742,0.08297412949697774,0.0008234323864901691,0.009951176989614405,0.7272990053476434
76,0.17537373623299823,0.12939110824135427,0.004646742573604648,0.0027030131396173,0.6878853998124255
77,0.24596372297468036,0.16627253888283128,0.004556331406672871,0.011295842700729232,0.5719115640350861
78,0.10327852501351564,0.04032576669625732,0.001079105561150748,0.0012354332142117928,0.8540811695148643
79,0.006722374424570835,0.010879563260686204,0.010292445848468284,0.0003612858134757936,0.9717443306527987
80,0.14747131897499502,0.05090586924741902,0.001127164843267159,0.019791228111978088,0.7807044188223407
81,0.22427129499523374,0.39784517839125055,0.013409111909025037,0.04436332783207502,0.3201110868724156
82,0.15854142370314941,0.4012582612818553,0.005841361757628764,0.0787087985941437,0.35565015466322286
83,0.19361261301072014,0.1174564170644726,0.001633997095500173,0.009551285467587985,0.677745687361719
84,0.11839991024011762,0.5574278830865697,0.018005989630856464,0.006143157207012662,0.3000230598354436
85,0.5845342657276313,0.23043861337351482,0.0007126145856745667,0.03428107669055228,0.15003342962262695
86,0.2609084640664189,0.24535800624464144,0.0021472364085825028,0.005621383485044946,0.4859649097953122
87,0.09860475313893864,0.7599568928664894,0.025715341829407934,0.009502633268583837,0.10622037889658026
88,0.15887596354465572,0.08705609306249473,0.00022644560679382708,0.013074039335337047,0.7407674584507188
89,0.40862720967222754,0.3136949587724894,0.001356887857164497,0.03540303987763122,0.24091790382048736
90,0.08723100690825318,0.22004515558105953,0.05240732065030717,0.007176361353290063,0.6331401555070901
91,0.3197226663065157,0.08068604564920269,0.005355979725273519,0.024862402120269758,0.5693729061987384
92,0.2380682482181485,0.1986148460670877,0.005846186922612984,0.017822381764652662,0.5396483370274981
93,0.14870144417978595,0.5630383424350441,0.004970015185475622,0.20717388209950774,0.07611631610018653
94,0.4017409393243536,0.18799805505441497,0.0008838675625107694,0.08907908749750973,0.3202980505612109
95,0.15935542131311828,0.7237083745919441,0.00403299371125896,0.05026916372137335,0.06263404666230532
96,0.2604443870908951,0.04635442692659913,0.00011272143910720691,0.02886509129769992,0.6642233732456985
97,0.2582856484899437,0.39222402087115604,0.007776867442149818,0.0018407881103031088,0.33987267508644725
98,0.2625474897616367,0.30457461238221917,0.004107680373085756,0.016793706067466815,0.4119765114155917
99,0.05419547993061838,0.05464925057631261,0.0005678427878419177,0.0008419762020734873,0.8897454505031536
100,0.06520590276901947,0.04633758196583397,0.0004377793646216718,0.0023598668267489488,0.885658869073776
101,0.0908428101752099,0.045195301542158624,0.00032546055281367056,0.003176517064936127,0.8604599106648817
102,0.009042193552324254,0.02458887691666652,0.003604440106801197,0.00025748751055985664,0.962507001913648
103,0.0033078900104387635,0.002077986175307395,0.0003053782006453378,6.929172439242431e-05,0.9942394538892162
104,0.0003988004871480219,0.00042758473545982434,0.00013700042862958012,1.1531672035242632e-05,0.9990250826767273
105,0.0014140894148162335,0.0022445691780103366,0.00033897952289791875,0.00020497913916169935,0.9957973827451138
106,0.0006568827333295139,0.004057523685892016,3.550593553082568e-05,0.00021269982331579288,0.9950373878219317
107,0.0017708826862785645,0.0050525477045665805,4.9860589211275365e-05,0.00024381452788278687,0.9928828944920608
108,0.011312587715131698,0.0015550691813941214,0.00039921739985351504,0.0004945604722384484,0.9862385652313822
109,0.003820015395232256,0.00047405224801569536,3.656491026782643e-05,0.00033520798887445646,0.9953341594576098
110,0.03250252934478881,0.0010343637077432728,0.00010411205311601205,0.0012083974112249132,0.965150597483127
111,0.4757788747034223,0.002942376058928021,9.389200693157329e-05,0.021222329904856202,0.499962527325862
112,0.028222616387167176,0.013346475302968031,4.0454346345122316e-05,0.0034345651850645215,0.954955888778455
113,0.026819278254583027,0.02913196030385014,0.0007265833557903575,0.016591212124820565,0.9267309659609559
114,0.05738600667042626,0.009694680353419378,5.615809321041187e-05,0.027347891814407586,0.9055152630685365
115,0.0222303498311828,0.004656436509426136,7.068878381305257e-05,0.02556432167562821,0.9474782031999498
116,0.055637923862269255,0.00275663904502734,1.4420589410145583e-05,0.18410001570695833,0.7574910007963349
117,0.3115002077267835,0.012534181951466907,1.571568748393953e-05,0.1759149313710899,0.5000349632631758
118,0.4693618650165794,0.01683443323966756,1.744024279570902e-05,0.1666947954834912,0.3470914660174661
119,0.19821926570316037,0.07060153246672382,0.00020356441005710732,0.558509514335418,0.17246612308464068
120,0.23062764489288617,0.034943316341879326,5.688614456050147e-05,0.45557802989870094,0.2787941227219731
121,0.1549972025902969,0.034305810648090414,5.8463889995080846e-05,0.6570680993187199,0.15357042355289766
122,0.23623161757231764,0.057832738713136635,0.00038488806207735666,0.4092285908997148,0.2963221647527536
123,0.3736451266017651,0.03781725532633937,0.00024482668117435283,0.08179684946037837,0.5064959419303428
124,0.09804374691529173,0.0022182111946843033,2.5617771442248466e-05,0.004113312080675463,0.8955991120379063
125,0.5994259875856637,0.24055754119665887,0.0007792855949865558,0.012026094517758741,0.14721109110493208
126,0.12260891781331672,0.220699941456144,0.01403328584560059,0.0019049699938620795,0.6407528848910765
127,0.41222963763533027,0.2539530508484686,0.0011654736286552316,0.14986981187881188,0.18278202600873408
128,0.33940949039119883,0.1713187813046979,0.0029712560956856966,0.3861337579762488,0.1001667142321688
129,0.3996233642472856,0.14920587937093446,0.0023553346363850906,0.2608497891028113,0.18796563264258356
130,0.36388315708247154,0.3652416401934286,0.02130289300019413,0.1500838458393171,0.09948846388458865
131,0.03636213626456751,0.9089689922692443,0.012608187643402886,0.03221376551801467,0.009846918304770566
132,0.38566809735503754,0.2397534049506393,0.003511814814048645,0.1810438595882164,0.19002282329205816
133,0.2156907030044974,0.43413256755479934,0.022271423560050796,0.029609888256502872,0.2982954176241495
134,0.07543815870649274,0.8753665303645565,0.010710338779648991,0.011780106700131418,0.026704865449170473
135,0.4051928088141604,0.28363864531685967,0.011193473701845653,0.01076229729782232,0.2892127748693118
136,0.09640919522980068,0.3515216695461768,0.021459093171094262,0.0025769316240171684,0.5280331104289111
137,0.23055902515677895,0.479413552283575,0.024008296016747425,0.013047762086142537,0.252971364456756
138,0.05873401836120503,0.06123086392855887,0.009046451931966055,0.0006058568507413151,0.8703828089275287
139,0.09615541125937792,0.19935709671913718,0.03849105243444712,0.0010868668770946588,0.6649095727099432
140,0.15817331016378744,0.16627497092363755,0.017373719881303453,0.004031894624830327,0.6541461044064412
141,0.4599563205031876,0.2961567052972059,0.002652418183574332,0.01523821499052164,0.2259963410255105
142,0.4050376458536951,0.21063223883933782,0.0091192922689692,0.011232674024271161,0.36397814901372666
143,0.18804928592229597,0.128607355242767,0.002505510102879906,0.007409394067505727,0.6734284546645514
144,0.34855985794032823,0.5187739599324535,0.005926918770240696,0.03973227653601407,0.08700698682096365
145,0.5643631297819468,0.31397024243299415,0.0009518203171418359,0.021775751927983766,0.09893905553993323
146,0.5277824760518315,0.3580286888105704,0.0032267684319897813,0.026920607566525426,0.08404145913908297
147,0.40167069226221697,0.3952861431695888,0.01048114056890618,0.04856759013466386,0.14399443386462424
148,0.3318055074269536,0.4569505920332095,0.00874070091124587,0.00939036545669721,0.19311283417189393
149,0.19716360160751614,0.6953821278566613,0.0665461221499725,0.009578729672064452,0.031329418713785716
150,0.2640888245781128,0.41790825376128776,0.011545620283331746,0.042040038375709556,0.2644172630015582
151,0.20902754677579888,0.5119138933709343,0.007396602379897743,0.03467072214753841,0.2369912353258307
152,0.06255731206352996,0.8668774730850631,0.006598024248540002,0.04337099895914046,0.02059619164372636
153,0.08098030181995022,0.36111432362121826,0.003935808068029227,0.016589282573615277,0.537380283917187
154,0.05822950152258075,0.6028018064105479,0.01554123059438297,0.004051370841707815,0.3193760906307807
155,0.11782357423480443,0.8142765729327621,0.00964369841852704,0.027311063166661025,0.030945091247245236
156,0.30345744749923426,0.4831786794954213,0.013912175557465479,0.012140001142167501,0.18731169630571154
157,0.039568508494961616,0.7395959802179388,0.05603470133748399,0.011854164977052573,0.15294664497256308
158,0.34248791250371674,0.2541277424132306,0.002516767198393318,0.08663086249917562,0.31423671538548364
159,0.2677984026056757,0.5427834827837273,0.01225507661200083,0.010129151707512558,0.16703388629108357
160,0.16821751830109077,0.6360785141794971,0.0064634561774285886,0.12030366467060229,0.0689368466713811
161,0.3049604990188708,0.37993516615660144,0.0040238060474382924,0.007038249389415699,0.30404227938767375
162,0.5725006363602357,0.14191269811496335,0.0005335032274537005,0.038558681864003685,0.24649448043334363
163,0.5641210909059723,0.24976416220471703,0.00199091128139525,0.004538610289870469,0.17958522531804508
164,0.21300671907527333,0.7546032014026995,0.016280830277216704,0.009742831086637113,0.006366418158173263
165,0.39070448459126617,0.1701235469348607,0.006777003478297266,0.020493881449006,0.41190108354656985
166,0.0467999265413226,0.9083377084512074,0.019782581946352646,0.011242915022218096,0.013836868038899322
167,0.08276573436331755,0.7892558030108141,0.00859732170641949,0.06282852531960519,0.056552615599843606
168,0.034281374988393024,0.8783083036479769,0.05411898643617345,0.009020476986794606,0.02427085794066207
169,0.1552344213893994,0.6580134383386678,0.00530711029396935,0.14659123823967934,0.03485379173828413
170,0.10032324926502627,0.5917660577461137,0.01803893971653678,0.014506684221204125,0.2753650690511191
171,0.0370854153455326,0.9050969925312744,0.031187072188356056,0.014550684650076074,0.012079835284760965
172,0.15607993160677322,0.7607826408913895,0.018916127876840275,0.023857173997450395,0.040364125627546744
173,0.25058664620480914,0.5302627051801286,0.03870448091720804,0.005612179527773515,0.1748339881700806
174,0.022173128446045787,0.9497799826807191,0.00935498582628511,0.01474071768167934,0.003951185365270769
175,0.15273608753666384,0.6583782932537162,0.03707641120199673,0.022908587710111897,0.12890062029751143
176,0.042967603535281354,0.8157144591724039,0.10948673710331934,0.0063420335058178064,0.025489166683177508
177,0.07932492617924675,0.852435188336198,0.011914902330785378,0.0184792268516951,0.0378457563020747
178,0.12840045360215616,0.560705222626908,0.024605641515441316,0.006447193529823724,0.2798414887256707
179,0.21393106582442778,0.6889456052516381,0.011713355946539257,0.035189755508913095,0.05022021746848186
180,0.1665140877435403,0.4694020287933809,0.03077628121322884,0.001261989855461615,0.3320456123943885
181,0.043125973561178664,0.9172179814928335,0.02497135171543657,0.006366236239091262,0.008318456991459932
182,0.16962167557107505,0.27571992450077876,0.007664285115984274,0.004142204173839156,0.5428519106383228
183,0.08306106733978082,0.8195439516666925,0.061327429913454856,0.004326766702928736,0.031740784377143325
184,0.16144693722180778,0.7820995017033812,0.0038456813767658075,0.02532726693975806,0.02728061275828712
185,0.24697049944400226,0.5518249728285114,0.028224624716015806,0.00448743515252258,0.1684924678589479
186,0.21936125513486177,0.7135903090848273,0.00409505868884792,0.04026808676527722,0.022685290326185832
187,0.21638676695457618,0.5980535135754564,0.024131174285412397,0.012073039967172674,0.14935550521738225
188,0.1778455434643933,0.6708342506899568,0.032269032040249425,0.007442056032823473,0.11160911777257697
189,0.2828650834235511,0.5234803848490418,0.01818014186975362,0.008741915205317669,0.16673247465233587
190,0.2387408209699712,0.5248702599077351,0.04281518604737417,0.0021301686137587595,0.19144356446116065
191,0.2189012890290428,0.7107398222995316,0.0028586740019065134,0.023212750025127904,0.04428746464439134
192,0.04872421099008298,0.855474447212056,0.039526442734708594,0.008112819212158676,0.04816207985099376
193,0.2934221695865645,0.4990706951731925,0.0020611118781344705,0.03776197664601696,0.1676840467160916
194,0.21273699957249181,0.5780461514450058,0.013087679307866144,0.05212694727290135,0.14400222240173496
195,0.04558202536586047,0.9072522125646499,0.0020390927647217505,0.03929727776025702,0.0058293915445109925
196,0.283403834183198,0.5291080995149615,0.004065129782431146,0.08079463248135857,0.1026283040380508
197,0.033903238133162844,0.9191874295910886,0.008463853644807484,0.02529717092191207,0.013148307709029137
198,0.254888498423327,0.2851859985266868,0.0007950140242230034,0.11907500074646694,0.3400554882792962
199,0.18349755528817255,0.6927754791196902,0.024544207362740027,0.017679971906566318,0.08150278632283071
200,0.12559756909873926,0.8146418099781005,0.002821068660747841,0.03026589014701314,0.026673662115399375
201,0.1039964060594603,0.3768803469246038,0.07298823752433749,0.003720360606085245,0.44241464888551313
202,0.05362770755604258,0.8587224011811745,0.028433080417509114,0.0296614154956355,0.02955539534963825
203,0.07201034786460048,0.33581424137968857,0.07113768425903833,0.028257807037184023,0.4927799194594885
204,0.3120898621644609,0.21391664860533718,0.004204812842547983,0.006474723764636356,0.4633139526230175
205,0.10072956761888824,0.8613223244224715,0.0027310601819803167,0.020313030547955243,0.014904017228704729
206,0.12687667223756827,0.3210939911017759,0.09933745423383095,0.0009230379960840937,0.4517688444307407
207,0.37614110142870616,0.5337219892353247,0.003129547579294067,0.06571170450295592,0.0212956572537191
208,0.17699578520239792,0.37776540710901924,0.0248057294528864,0.04051978609140672,0.3799132921442898
209,0.7144573996007316,0.16623355883499874,0.0014204279346310834,0.029269174265396696,0.08861943936424171
210,0.4475289696950791,0.22196993410277407,0.003232874594720451,0.03069141090161833,0.29657681070580805
211,0.015070720307435078,0.9467087466481616,0.021993839082276003,0.013060982025081963,0.0031657119370453826
212,0.11168015223327002,0.7025122642996504,0.02262697499978861,0.015432909120957398,0.14774769934633344
213,0.11736427718256079,0.7720834219984957,0.015248792230463366,0.054862992150751584,0.040440516437728585
214,0.2283753068300092,0.34755330812356994,0.003627220386267445,0.10527452659440019,0.3151696380657532
215,0.01470940725884617,0.9078158472656951,0.06497248250994596,0.00700419392017545,0.00549806904533742
216,0.17107469833377253,0.33446674341705407,0.004261325421216568,0.013296645993565078,0.47690058683439185
217,0.048426471719845786,0.8332831972210433,0.09157614697759188,0.006163241658621467,0.020550942422897726
218,0.37576591430214124,0.4323184090120093,0.011343328011427043,0.06382436181316463,0.11674798686125783
219,0.18611035963347433,0.47345547640328844,0.027306803457563734,0.003171358400401905,0.30995600210527163
220,0.3715762853904483,0.4339049202837805,0.007622871739264642,0.054494252577998586,0.13240167000850794
221,0.2731343105351987,0.46557213767405226,0.006195349744758653,0.00511502124395096,0.24998318080203932
222,0.3964028180052727,0.35531407925798153,0.0031032674643243926,0.019956209975475148,0.2252236252969462
223,0.49550436386182284,0.1561881096566939,0.0006641092885001077,0.013053170871603435,0.3345902463213797
224,0.0254961641710049,0.9494075890356231,0.010664272751778678,0.009898437617109384,0.004533536424484029
225,0.03474948290831226,0.7918642332713126,0.10626091070385933,0.013728272688587034,0.05339710042792866
226,0.33532658753709504,0.3337204305903669,0.0014326434212928456,0.045973884126035945,0.28354645432520914
227,0.1633905174966526,0.2656000756366764,0.004535762305014229,0.06596970025033157,0.5005039443113252
228,0.4764951946229601,0.4432314849624868,0.0033584723220739924,0.022578344205103133,0.05433650388737602
229,0.3068181337811441,0.5898311732548297,0.009648240349078595,0.010640615231288685,0.08306183738365881
230,0.1746572788301143,0.48226318940656737,0.00580356585082634,0.20482263323410957,0.1324533326783825
231,0.1998888538352493,0.31050151850067015,0.0022395962327266907,0.11068296024472386,0.37668707118663003
232,0.2281069460336006,0.5074711524085795,0.003929143270750885,0.21703779600613038,0.043454962280938585
233,0.4102229365062823,0.3721107943995819,0.0006094458829027838,0.1557575655127832,0.061299257698449995
234,0.17211776692302852,0.7430049240501949,0.031038352100310394,0.006862589945951466,0.046976366980514536
235,0.40515897514017307,0.3155430523062845,0.004479019570806588,0.00969271219146216,0.2651262407912738
236,0.27866187714954843,0.2554539796724817,0.016359184719614558,0.003937308864338456,0.44558764959401675
237,0.1089379591901277,0.881362892455583,0.0025249249348928277,0.002104722920024628,0.005069500499372028
238,0.1566374214912212,0.6739134606597026,0.03474639904645742,0.0012908663005513777,0.13341185250206755
239,0.025385093841001384,0.9547644112270479,0.013801575050881898,0.0024886989558051903,0.0035602209252637153
240,0.055739800981071244,0.4316677333811474,0.06369076253763792,0.003600806016503122,0.4453008970836403
241,0.14393884145395866,0.32766885784598865,0.03465262176210754,0.009151582993505524,0.4845880959444396
242,0.06883988538510652,0.9013768863060002,0.014098103019543782,0.0054115440915613365,0.010273581197788215
243,0.08213806147281895,0.7319122762128696,0.04467803733754217,0.008135820417265792,0.1331358045595034
244,0.14319890049720782,0.5328458453180452,0.05939313274497801,0.045137904111366145,0.21942421732840256
245,0.034603452013135624,0.8817136721955657,0.05140056249567251,0.01689134516835552,0.015390968127270555
246,0.08929464842967907,0.576311781199005,0.06940666463837991,0.04261716745602642,0.22236973827690956
247,0.20423336130742342,0.1253492230511958,0.0021419718605903935,0.03743837377484223,0.6308370700059481
248,0.3374295477402433,0.48454614727463075,0.0029731187842472074,0.11375285560309645,0.06129833059778231
249,0.11732577316740724,0.17225539303139784,0.09252259299042695,0.0068916591052197345,0.6110045817055482
250,0.21222447902651329,0.6918245586589528,0.003738723044193902,0.0652497359239044,0.026962503346435466
251,0.1125127860502446,0.2579371831477686,0.09221488338640557,0.03770417423447762,0.4996309731811036
252,0.33718102990506027,0.3316489810999758,0.0029599392767977895,0.19215342499272892,0.13605662472543725
253,0.04767353121703966,0.10209430699948843,0.0004469448207050001,0.8311456792798724,0.018639537682894575
254,0.03304889525785049,0.05815271914376513,0.0003474073372756052,0.8956322922024024,0.012818686058706346
255,0.025625282425768517,0.028949616927343894,0.0012407538819746346,0.35629024870042575,0.5878940980644872
256,0.04588633638388172,0.00982183733797321,0.0008135916276047578,0.7419390256389292,0.2015392090116111
257,0.2494908242080111,0.00854215916818672,5.3862684883416703e-05,0.7110437763211443,0.030869377617774425
258,0.37803892029419506,0.03193677005840039,0.00019572158334303367,0.39380573145758013,0.19602285660648128
259,0.18174260475652204,0.03153782818303232,4.63106982641058e-05,0.7219610933754366,0.06471216298674501
260,0.2389599192621963,0.04754864161063975,3.066851964639471e-05,0.6764775048826982,0.0369832657248193
261,0.05163467216879234,0.0546388132961774,9.230874350497178e-05,0.8810449291169189,0.012589276674606385
262,0.020584636125859083,0.028479043499581524,0.00021186080114734938,0.9172746592071409,0.03344980036627107
263,0.02204675250301339,0.006830427231541494,7.865332501890267e-06,0.9506268919442887,0.020488062988654653
264,0.014718619342088561,0.008863864901902715,1.0829415486195988e-05,0.9680069853215552,0.008399701018967368
265,0.10378178415239671,0.08345271207795717,0.003565435042006116,0.23635068141514454,0.5728493873124954
266,0.23017639908498438,0.013077173389087052,6.445899481572226e-05,0.7213947697056795,0.03528719882543335
267,0.1786896418582366,0.12903027643864065,0.006811768957560882,0.38209081211660595,0.3033775006289559
268,0.08656880688393812,0.02876876332174845,0.00016826866179226369,0.8349739264244849,0.049520234708036334
269,0.10688589541600493,0.11902908943049735,0.000551903864547752,0.7399760719977667,0.033557039291183255
270,0.0643050044040347,0.029089232369660833,0.00013214608902555047,0.8745611953258611,0.03191242181141774
271,0.07196957916287058,0.08411824229807915,0.001294372543125611,0.6020543342296045,0.24056347176632012
272,0.19681571974438028,0.20327129105094704,0.0009155720707011628,0.16766214974829197,0.4313352673856797
273,0.36171669020127817,0.19443794946926746,0.0012763682073651018,0.20607516467966736,0.23649382744242187
274,0.32288352843677204,0.15876737131281468,0.0016062926118394255,0.46522029233583845,0.051522515302735314
275,0.2677142221402094,0.12634644223735225,0.00176950652580127,0.156084620750874,0.4480852083457631
276,0.11684252595922327,0.04985529118665357,0.00026786758266355394,0.7902397671797722,0.042794548091687395
277,0.04196200711410097,0.03951201067519756,0.00022652436047684564,0.9104547911577949,0.00784466669242983
278,0.06902158596870003,0.08413655860101574,0.0012601240995560473,0.24275997398734925,0.6028217573433788
279,0.04077073871375726,0.026879855688940062,0.0007483044460089146,0.8518691070341367,0.079731994117157
280,0.04149630245425123,0.01730843827117212,0.0001655185393925568,0.9175701556897892,0.023459585045395005
281,0.09389197869912728,0.01569758666361289,0.00023112000853248556,0.631783255140216,0.2583960594885113
282,0.12278078409785437,0.015366967593105112,5.827048416261159e-06,0.7668605562387197,0.09498586502190465
283,0.24279516196125733,0.08240666255687176,8.216124804605219e-05,0.49950078909313306,0.17521522514069177
284,0.1430974195544681,0.05079258916118976,7.904035987075786e-05,0.5805724293854873,0.22545852153898407
285,0.03553848913401006,0.04950870611401692,2.0529473144581226e-05,0.9098643848832989,0.005067890395529605
286,0.09461929169411458,0.06816414282427753,0.001439578980834403,0.3223494904567153,0.5134274960440582
287,0.07486930362176554,0.09223617247780608,0.002284152405717352,0.5902680439813632,0.24034232751334778
288,0.1538314449007517,0.10144682356795494,0.0005502429847902754,0.6882370184402045,0.05593447010629874
289,0.16728986027332166,0.1355447800625092,0.010092037052551767,0.6305206074942112,0.05655271511740612
290,0.2517939759942949,0.0976604850966126,0.002461358891034873,0.39206144855185526,0.2560227314662023
291,0.23333145661082877,0.04053617702916495,0.00016063762546271253,0.6926499231533255,0.0333218055812182
292,0.04730097296973312,0.19085859937786692,0.0005213569085034113,0.7593301925301594,0.001988878213737064
293,0.036480515856145874,0.207507486459772,0.0008165350861877118,0.7531286693128951,0.0020667932849993344
294,0.04267397104332411,0.042745859501966896,0.00014637623253751177,0.8968037729572482,0.017630020264923208
295,0.021508727635998526,0.01598732963081048,0.0005431975421884101,0.8846721618457513,0.07728858334525135
296,0.06945684922003503,0.0231114272356267,0.00033382001111147846,0.8449122372207001,0.06218566631252677
297,0.44856404114845155,0.09215806056648956,0.00035155844740882003,0.41769894935035806,0.041227390487291946
298,0.08986624458818675,0.2055037152687511,0.0008419079340675471,0.6973427183529685,0.006445413856026087
299,0.13189847796017806,0.08232422455873199,0.000620028167042502,0.7143332621206809,0.07082400719336643
300,0.1088238085623191,0.0801759964766622,0.0004497159097632869,0.791176885944008,0.019373593107247344
301,0.20263918719906232,0.11128691104526835,0.0004712506665308143,0.650252022886359,0.0353506282027795
302,0.16735376432746343,0.39948333926134444,0.0008984995698137383,0.42092646419439483,0.01133793264698352
303,0.17694358517054437,0.4009364117881739,0.016286412361055873,0.029203822156320797,0.37662976852390506
304,0.35234679896728716,0.2516236611465601,0.0007864882077607662,0.26293068231235206,0.13231236936603985
305,0.3253712524476248,0.17797052633668686,0.004290510087481642,0.0399574243662403,0.4524102867619663
306,0.10252006198139861,0.848731047679062,0.006056886518227878,0.021084417580488766,0.021607586240822728
307,0.027404556014707995,0.27197309953138027,0.16314986722723965,0.012089699803191996,0.52538277742348
308,0.08528611598386984,0.1603239282869643,0.07037098778502064,0.009489944761985405,0.6745290231821598
309,0.10069369510452071,0.1987400410727674,0.014244283124451189,0.041853595338851836,0.6444683853594088
310,0.1958966173968945,0.6927645097584879,0.0194137858619532,0.07308024635718853,0.01884484062547591
311,0.016605045388272895,0.7850608467152634,0.16858895120806,0.00804795738828899,0.02169719930011462
312,0.07337538178771867,0.34938213161448606,0.009052146758594537,0.04590992433701,0.5222804155021906
313,0.047896215173650884,0.41319279464108316,0.018460277302002906,0.032447919594761086,0.48800279328850193
314,0.2112366046521282,0.652787804155359,0.004874248354151235,0.04222696439690276,0.0888743784414587
315,0.009481589514961778,0.03984608475090767,0.043922689081106504,0.0016319239371563605,0.9051177127158677
316,0.14880566712471802,0.323979085792787,0.005401385769228132,0.014165594413853667,0.5076482668994131
317,0.12480135819873771,0.49579130295000784,0.006075945931182665,0.0072279532381777116,0.3661034396818942
318,0.10241686179434242,0.8380229484163678,0.007857077805877938,0.006219565456868103,0.045483546526543635
319,0.13932197511249161,0.29366659814109225,0.003927826878372035,0.012491812745623831,0.5505917871224202
320,0.025100521193081926,0.3085675006822689,0.004122778313544439,0.0013134439119638329,0.660895755899141
321,0.03027902299245777,0.09657522646810539,0.0016238492780697978,0.0017494203048580763,0.8697724809565089
322,0.1886939405267788,0.489074800815821,0.000818313947350546,0.01791504370989954,0.30349790100015006
323,0.024909902602652682,0.7197464221590999,0.02579861967848248,0.0029540520347254443,0.22659100352503936
324,0.03548164209293145,0.20602529761712002,0.00454405762215124,0.0008287593139698924,0.7531202433538274
325,0.11379120162951388,0.609807476882737,0.0027135636113523104,0.007761491888562729,0.2659262659878342
326,0.03201572321241077,0.31054282436517866,0.01566104841542905,0.0025871008963319364,0.6391933031106495
327,0.1835399014181703,0.34092653141136486,0.013664543565571138,0.01831464669488696,0.4435543769100068
328,0.010037139374306695,0.02863633608160185,0.004416425746637989,0.0018789373793004422,0.9550311614181529
329,0.021955288483170833,0.039871489979283824,0.0066819491270001825,0.007743810403971273,0.9237474620065739
330,0.03275125256620103,0.0010385150134527377,0.0003765042325076027,0.0031833554633170533,0.9626503727245216
331,0.010407527992066418,0.0013927408533511213,0.0012677536463881138,0.0004199638500761103,0.9865120136581182
332,0.008539973410180072,0.0006997686663428428,5.221315996026827e-10,0.0024709486066857834,0.9882893087946596
333,0.0006900971328652653,0.0005858336508446587,5.74860768881453e-09,0.0003468343118747407,0.9983772291558077
334,0.0011663177815797038,0.0018046011384311297,9.508681060904237e-09,0.0001611563555136341,0.9968679152157945
335,0.0490003412852071,0.003788684357934887,0.005293377336360882,0.007172840758947625,0.9347447562615495
336,0.30496898363460306,0.0044092040634382485,0.0028245965201481272,0.02666795456697264,0.6611292612148378
337,0.3271552540638776,0.01719577272941257,2.473645073598126e-05,0.048811315794194864,0.606812920961779
338,0.05168602258556177,0.010730325022485394,1.0940483676734718e-05,0.04000690843626104,0.8975658034720151
339,0.034779768073325154,0.00671404039582829,1.3192074492248824e-05,0.04305921342514407,0.9154337860312103
340,0.055002871334343,0.00713714713774071,1.4377437616667979e-05,0.07883122501832372,0.8590143790719759
341,0.37553247820246227,0.01588327780616918,2.8012023918653766e-05,0.2849964359041288,0.3235597960633211
342,0.06589930163725534,0.0033324733199056582,1.3131632486767797e-05,0.043518693299647276,0.887236400110705
343,0.42462187465845364,0.029133921609823296,0.00015070789056606147,0.32229879810112644,0.22379469774003055
344,0.32010250684694563,0.03329195818917494,7.206808129785764e-05,0.26182606825610144,0.38470739862648007
345,0.21013325096380422,0.08771517913267532,0.0032827940562045886,0.5054613697436764,0.1934074061036394
346,0.26036743223430464,0.04853921277136298,0.0004386188054926776,0.42799743422806175,0.26265730196077786
347,0.33455034826166197,0.10582447393733979,0.00018235323865777898,0.5209395493670445,0.03850327519529602
348,0.19247113356332182,0.08845405299988711,0.0014894683421283357,0.6443847695082247,0.07320057558643814
349,0.22662439192365538,0.2507477572676645,0.0016896446486098548,0.49804584547243036,0.02289236068763975
350,0.2626301463253033,0.046658707069421004,7.94022131952888e-05,0.5856717846928349,0.1049599596992456
351,0.16268762293281439,0.3505974398385991,0.001520234993272153,0.4703706272118804,0.014824075023434068
352,0.32591860974864295,0.11107360963261594,0.00034721685660180936,0.3435867895068669,0.21907377425527247
353,0.10917436037247157,0.438924228504284,0.008301313176846561,0.40665934834400636,0.036940749602391465
354,0.2499131378181077,0.1297408828354623,0.00011593133085051346,0.5407054589486157,0.07952458906696383
355,0.0911964119356059,0.39824518390149216,0.001317759136454387,0.499733861032463,0.009506783993984573
356,0.10132780015063393,0.07658700402674072,0.00038560910859258303,0.34464752637220913,0.4770520603418236
357,0.5143319653326578,0.15292698266422186,0.0008878045219607644,0.2842029486061415,0.047650298875018066
358,0.14862645350873094,0.3267130030759566,0.0011410687968091977,0.5107653755276822,0.012754099090821239
359,0.3005098233989507,0.2140129237440991,0.014372016065094053,0.27492489220133776,0.19618034459051828
360,0.0496218190444302,0.1810643682551353,0.0011661470496974141,0.7615819588146749,0.006565706836062234
361,0.1404922895547079,0.11421320412441209,0.0014983807977231446,0.6102697023829836,0.1335264231401732
362,0.09236326306898462,0.46015034781426467,0.014007672435803397,0.41683853803499976,0.016640178645947322
363,0.5487161150925605,0.1361471292627104,0.0012629344517073628,0.12375470101987397,0.19011912017314778
364,0.2613497045320337,0.6883337980776507,0.0043431301008821505,0.03137193064807569,0.014601436641357822
365,0.6842713643847594,0.201680756009961,0.0013194028448271838,0.0837862723808795,0.028942204379572966
366,0.3394772613535255,0.5528499664383518,0.04100860941070232,0.0169511039585337,0.0497130588388866
367,0.22595089728134454,0.5490381204066898,0.000854176605825361,0.2028919269278821,0.02126487877825819
368,0.1040764065720573,0.5767082172425465,0.07705216489358545,0.031303134061559754,0.21086007723025102
369,0.21103183188385424,0.6278431211365691,0.0023265310394718166,0.14029018680640792,0.01850832913369692
370,0.10661791023736518,0.1353369377574014,0.009106758592424644,0.02882401498848189,0.7201143784243268
371,0.45180269620216057,0.3191311558502885,0.005447849329488959,0.03813981335034795,0.18547848526771396
372,0.2500899067725117,0.5413185828618926,0.0013605598148591273,0.19238129852944186,0.014849652021294686
373,0.23751398865766915,0.5467219357154364,0.04105837340433234,0.023268751875569066,0.15143695034699298
374,0.1512009503655304,0.5680267507575767,0.0012119462592199272,0.2629137260847504,0.016646626532922513
375,0.12066538334900893,0.40996851703204723,0.009891018862252843,0.13163112538497662,0.32784395537171446
376,0.29089188567542074,0.4341538298705029,0.0021446709044350195,0.23693340892580045,0.035876204623841036
377,0.09567009492019,0.3611807698396272,0.022993523186011132,0.038139930652040376,0.4820156814021313
378,0.17437763059682831,0.6598154215323659,0.008921814854439694,0.018384593370309135,0.13850053964605677
379,0.2126460249995098,0.6985896918245426,0.002516868632696913,0.058355797387906756,0.027891617155344044
380,0.06917777912115775,0.8484126203125348,0.01258902467879974,0.004905457727452788,0.06491511816005516
