epoch,N1,N2,N3,R,W
0,0.0012133675033050618,0.0004801864953388662,1.3623245010323044e-07,2.0308896022316432e-05,0.9982860008728835
1,4.2607678284682897e-05,8.957210953584847e-05,1.3506712834290476e-07,1.6793015594922098e-06,0.9998660058434917
2,2.832111698525287e-05,7.022776363317852e-05,1.2695700718042057e-07,1.446341841997724e-06,0.9998998778205325
3,2.6175921611498494e-05,8.224626136270989e-05,1.8622508567268575e-07,8.950825088612434e-07,0.9998904965094314
4,1.700587958784444e-05,1.562084845907049e-05,3.4513088762946947e-07,5.445833873504077e-07,0.9999664835576783
5,2.1164179999180416e-05,1.646753215795454e-05,4.470118673830631e-07,2.5559964588518515e-06,0.9999593652795167
6,2.6050604393694878e-05,1.6488111936312238e-05,4.113723375660078e-07,4.832032691565038e-07,0.9999565667080633
7,2.6178464540414405e-05,1.7535665280388403e-05,2.8375371984418043e-07,4.16614504649906e-07,0.9999555855019548
8,3.0050242821503863e-05,1.578024150924641e-05,2.866632642718898e-07,3.804867564433515e-07,0.9999535023656486
9,3.0050242821503863e-05,1.578024150924641e-05,2.866632642718898e-07,3.804867564433515e-07,0.9999535023656486
10,3.0050243366318697e-05,1.5780241795344253e-05,2.866632694691323e-07,3.623566324136822e-07,0.9999535204949365
11,3.0514576543339047e-05,1.6024076419831662e-05,2.9109275994030874e-07,3.6795572871024076e-07,0.9999528022985481
12,3.0514575981557286e-05,1.6024076124824e-05,2.9109275458121085e-07,3.8636599738750097e-07,0.9999527838891415
13,3.0514592679398522e-05,1.5476876200670977e-05,2.9109291386969656e-07,3.8636620881033333e-07,0.9999533310719974
14,3.042565336608601e-05,1.5431766545891288e-05,2.9024448033031705e-07,3.8453325093964906e-07,0.9999534678023567
15,3.6049323170579815e-05,1.8872837196793107e-05,3.4389128621202653e-07,5.16722994653572e-07,0.9999442172253518
16,2.93195403788926e-05,1.5396528769076782e-05,2.7969275329616837e-07,3.705536917251162e-07,0.9999546336844071
17,2.9319540896582507e-05,1.539652904093055e-05,2.796927582346535e-07,3.528968762370301e-07,0.999954651340428
18,2.9319540896582507e-05,1.539652904093055e-05,2.796927582346535e-07,3.528968762370301e-07,0.999954651340428
19,3.014926966370804e-05,1.6365141743805146e-05,3.0670620548462654e-07,4.965424847729898e-07,0.9999526823399023
20,3.5721871914335476e-05,1.933087899588424e-05,3.633958603263293e-07,6.672376016479215e-07,0.9999439166156278
21,3.014926966370804e-05,1.6365141743805146e-05,3.0670620548462654e-07,4.965424847729898e-07,0.9999526823399023
22,3.014927360910653e-05,1.636514388538291e-05,2.972885784868483e-07,3.75098058852628e-07,0.9999528131958683
23,3.014927360910653e-05,1.636514388538291e-05,2.972885784868483e-07,3.75098058852628e-07,0.9999528131958683
24,3.014926119424475e-05,1.6669715000062343e-05,3.0670611932542675e-07,4.7288218519935055e-07,0.9999524014355012
25,3.014927304327599e-05,1.6365143578247876e-05,2.9728857290744497e-07,3.9386568618706594e-07,0.9999527944291194
26,3.014927360910653e-05,1.636514388538291e-05,2.972885784868483e-07,3.75098058852628e-07,0.9999528131958683
27,3.01492703770448e-05,1.6365142131007135e-05,3.0670621274134663e-07,4.7288232922883534e-07,0.9999527059989499
28,3.014927360910653e-05,1.636514388538291e-05,2.972885784868483e-07,3.75098058852628e-07,0.9999528131958683
29,3.3112908695135025e-05,1.797381662607462e-05,3.265116660246203e-07,4.3258218817211945e-07,0.9999481541808246
30,3.3112908695135025e-05,1.797381662607462e-05,3.265116660246203e-07,4.3258218817211945e-07,0.9999481541808246
31,3.3112909377673855e-05,1.7973816996559366e-05,3.2651167275483215e-07,4.1196972741581506e-07,0.9999481747922255
32,4.5608135975466185e-05,2.4680827474098913e-05,4.497215451149651e-07,6.757410637289634e-07,0.9999285855739416
33,3.849337172577215e-05,2.0894353047879617e-05,3.7956601906535194e-07,4.789100128989031e-07,0.9999397537991944
34,3.903961161651238e-05,2.1547033557766794e-05,3.9142258826812797e-07,4.938698075713038e-07,0.9999385280624299
35,3.903961161651238e-05,2.1547033557766794e-05,3.9142258826812797e-07,4.938698075713038e-07,0.9999385280624299
36,3.903961161651238e-05,2.1547033557766794e-05,3.9142258826812797e-07,4.938698075713038e-07,0.9999385280624299
37,4.198722593101175e-05,2.3173902830283017e-05,4.209762333077093e-07,5.577344980959239e-07,0.9999338601605072
38,4.785826091589333e-05,2.633378776453381e-05,4.950416099744447e-07,9.089547037180201e-07,0.9999244039550059
39,4.039251570573905e-05,2.229373847115986e-05,4.0498720119218816e-07,5.109846930566449e-07,0.999936397773929
40,4.986986607617805e-05,3.6935957661457755e-05,5.158494754948891e-07,8.351353045705319e-07,0.9999118431914823
41,4.9869875478238766e-05,3.6935964625064116e-05,5.000099880103598e-07,6.624431443902134e-07,0.9999120317067642
42,4.7975778716773946e-05,3.6253922501369476e-05,5.287430157088165e-07,6.069166065400856e-07,0.9999146346391596
43,4.7975778716773946e-05,3.6253922501369476e-05,5.287430157088165e-07,6.069166065400856e-07,0.9999146346391596
44,4.9869835638198584e-05,3.768520709286911e-05,5.496174943591875e-07,6.62442615177713e-07,0.9999112328971594
45,4.797574468784897e-05,3.678822385634597e-05,5.454924338041977e-07,7.651331671130424e-07,0.9999139254058549
46,4.7975753082012204e-05,3.678823029306432e-05,5.287427331870609e-07,6.06916282248057e-07,0.9999141003576095
47,4.9869798458984416e-05,3.8240600981117004e-05,5.67028149572553e-07,8.351341722333102e-07,0.9999104874382382
48,4.7975753082012204e-05,3.678823029306432e-05,5.287427331870609e-07,6.06916282248057e-07,0.9999141003576095
49,4.7975753082012204e-05,3.678823029306432e-05,5.287427331870609e-07,6.06916282248057e-07,0.9999141003576095
50,4.797575158578671e-05,3.678822914574543e-05,5.287427166970988e-07,6.381033817100335e-07,0.9999140691731702
51,4.797575158578671e-05,3.678822914574543e-05,5.287427166970988e-07,6.381033817100335e-07,0.9999140691731702
52,4.797574280157309e-05,3.678822240993301e-05,5.45492412356918e-07,8.044504187883498e-07,0.9999138860919574
53,6.005418785977578e-05,4.605008053279977e-05,6.618596559396679e-07,7.987531011504877e-07,0.9998924351188504
54,6.00541740957369e-05,4.6050069978413446e-05,6.828262448186984e-07,1.0069798335612206e-06,0.9998922059498474
55,6.339952813235448e-05,4.8615316937654264e-05,6.98728787647518e-07,8.432479317752064e-07,0.9998864431782104
56,5.0273406522846186e-05,4.8615943344766805e-05,7.20872781474314e-07,1.0630879510212108e-06,0.9998993266893998
57,5.225815342204102e-05,5.053525515350824e-05,7.263233028420234e-07,9.20407108237657e-07,0.9998955598610134
58,5.0273405582931895e-05,4.861594243584054e-05,7.395688214872415e-07,1.0630879311456617e-06,0.9998993079952286
59,5.225815243763252e-05,5.053525420155469e-05,7.451607035669466e-07,9.204070908995667e-07,0.9998955410255663
60,5.027341777615705e-05,4.861595422706743e-05,7.168599273674063e-07,8.432589857601117e-07,0.9998995505090836
61,5.027341777615705e-05,4.861595422706743e-05,7.168599273674063e-07,8.432589857601117e-07,0.9998995505090836
62,5.027341777615705e-05,4.861595422706743e-05,7.168599273674063e-07,8.432589857601117e-07,0.9998995505090836
63,5.0273403317667266e-05,4.8615940245259385e-05,7.395687881630799e-07,1.108146788647718e-06,0.9998992629408603
64,5.0273403317667266e-05,4.8615940245259385e-05,7.395687881630799e-07,1.108146788647718e-06,0.9998992629408603
65,5.0040246275386344e-05,4.839047015397341e-05,7.361388299777984e-07,1.3127562399729973e-06,0.9998995203885006
66,5.0040246275386344e-05,4.839047015397341e-05,7.361388299777984e-07,1.3127562399729973e-06,0.9998995203885006
67,5.004026099023595e-05,4.839048438368936e-05,7.13535292520325e-07,1.041300084473191e-06,0.999899814419249
68,5.004026099023595e-05,4.839048438368936e-05,7.13535292520325e-07,1.041300084473191e-06,0.999899814419249
69,5.0040246275386344e-05,4.839047015397341e-05,7.361388299777984e-07,1.3127562399729973e-06,0.9998995203885006
70,5.004026099023595e-05,4.839048438368936e-05,7.13535292520325e-07,1.041300084473191e-06,0.999899814419249
71,5.2617663862615055e-05,5.0882912899813074e-05,7.502870575210031e-07,1.0949338940421198e-06,0.9998946542022861
72,5.2617647592905e-05,5.088289716649885e-05,7.740548142401435e-07,1.380371807727537e-06,0.9998943450286186
73,5.2617663862615055e-05,5.0882912899813074e-05,7.502870575210031e-07,1.0949338940421198e-06,0.9998946542022861
74,5.987805414653689e-05,5.7903935486449126e-05,8.538145892031568e-07,1.2460171391401283e-06,0.9998801181786386
75,5.9878033077143704e-05,5.790391511169244e-05,8.808618760228146e-07,1.5708408213409225e-06,0.9998797663491137
76,5.987798809108576e-05,5.790387160877916e-05,9.87299612293038e-07,2.2156960943021572e-06,0.9998790151445935
77,5.7031680510944596e-05,9.251302996051836e-05,2.4471611678954946e-06,3.366826306716114e-06,0.999844641302054
78,2.867245453789107e-05,4.84972789498814e-05,4.075070230362472e-06,2.623897885054534e-06,0.9999161312983967
79,4.624104255005341e-05,5.306235034943467e-05,5.360324128534046e-06,2.9943652647387447e-06,0.9998923419177073
80,4.300151432241731e-05,6.344726858315212e-05,5.043827434015666e-06,1.0493100383037871e-06,0.9998874580796221
81,9.14261435550118e-05,0.0001437999823102102,1.7861612508531284e-06,5.203902745159342e-06,0.9997577838101388
82,0.0001995389905819159,0.000497178992377689,4.28857032397336e-06,1.3435459256069762e-05,0.9992855579874603
83,0.0005527934493469476,0.001804506388649167,1.597316710456441e-05,8.396737704906229e-05,0.9975427596178503
84,0.00641412741352394,0.005289647967117323,0.0002330368317206582,4.9832786156143866e-05,0.9880133550014819
85,0.015641752765890336,0.0009115082834258155,6.627506045542998e-05,8.470713918625555e-05,0.9832957567510422
86,0.004042467744694139,0.002096495962059278,1.901460862365575e-05,4.572333986994003e-05,0.993796298344753
87,0.018913505212047918,0.007520645250496438,0.0003455413574729542,0.0018444619740878962,0.9713758462058949
88,0.0085369971651524,0.002579357005464475,0.00010496390425564923,0.00020991875744377637,0.9885687631676838
89,0.016649069696690687,0.0024848922876017864,0.0006043016692260836,0.000415462511271133,0.9798462738352104
90,0.0007890983907077661,0.0004430323583627169,0.00010841412598518546,4.265684063854016e-05,0.9986167982843058
91,0.0049965337585884196,0.0007364221353487498,0.00020780254271119035,0.0002298318501354534,0.9938294097132161
92,0.007174571537222194,0.001519326516956253,4.486357906433336e-05,0.000870662081835341,0.9903905762849219
93,0.0026728854846326264,0.0002538405855862573,1.2071837898171955e-05,0.0005415448382969124,0.996519657253586
94,0.002352666380217404,0.0002534823529009073,3.2882567106902605e-06,0.00047233531765265374,0.9969182276925185
95,0.0046370193109785025,0.0006665478592539554,8.788043945772852e-06,0.0011438484781217061,0.9935437963077002
96,0.004495090256808675,0.0007562322102091927,3.2816260777636903e-05,0.0007453913472223507,0.9939704699249821
97,0.006761830813848577,0.0005466999144907443,2.5644663963668985e-05,0.0010249625180226152,0.9916408620896744
98,0.02274312893929876,0.005432344478107507,0.000352007598011509,0.0018908535018407181,0.9695816654827414
99,0.005116152988306389,0.00045397909215007845,7.569226107297043e-05,0.00019579914506837254,0.9941583765134021
100,0.0046920168371017215,0.0006305665982245625,0.00010049201812019188,0.0002062392180126491,0.994370685328541
101,0.02686809370564788,0.0012511682838265148,4.794323939410675e-06,0.0009629753518282598,0.970912968334758
102,0.029807403518513263,0.0016244365963229523,2.8586992913063425e-05,0.002618651738271136,0.9659209211539795
103,0.013041938635542373,0.0012152336016813987,4.173729272626173e-05,0.0007110575849116024,0.9849900328851384
104,0.03481885755321254,0.007469987001976737,9.531513029240465e-05,0.0038107519671364215,0.953805088347382
105,0.02506084616188434,0.0041080200102623895,2.8547182138474008e-05,0.0032586541285234416,0.9675439325171913
106,0.020019139903353318,0.002233958393014913,2.0330702786695836e-05,0.0024839852180058544,0.9752425857828392
107,0.0030379409104420423,0.0019521726824016019,8.345151392735325e-06,0.0014380071585692682,0.9935635340971942
108,0.048042095700455395,0.015618385050520645,9.778134920343995e-05,0.009839967526236787,0.9264017703735837
109,0.008471257988957592,0.005381025704263625,1.5347444045632093e-05,0.001262547683484018,0.984869821179249
110,0.004577844369840068,0.0014595125388760274,0.00012288214812940004,0.00039634754314362493,0.9934434134000109
111,0.009981887555330166,0.002206656262683202,3.038263136807103e-05,0.0017288286432068675,0.9860522449074116
112,0.002516801548597624,0.0005412893691093471,8.024859126953028e-06,0.000788921917343963,0.9961449623058222
113,0.000808619626052673,0.0003268878779940659,1.930790730057682e-05,0.0003037588741683953,0.9985414257144843
114,0.0076802580580663015,0.0007294268820734298,1.662953822707818e-05,0.0010544719353244281,0.9905192135863087
115,0.005405867388162881,0.000764063506391346,8.433447555492128e-06,0.0007831914713632818,0.9930384441865269
116,0.004718625220566183,0.0015162672356959363,1.5999976166150405e-05,0.0008763784642763518,0.9928727291032953
117,0.004685611643715263,0.0017985026039989732,1.5593867424626927e-05,0.0030218142511255776,0.9904784776337355
118,0.02069435290577654,0.010341722765429696,6.20519172307352e-05,0.005290442364191951,0.9636114300473712
119,0.011465426891200647,0.005378589890219367,0.00016661709911981802,0.002552652198824506,0.9804367139206356
120,0.007692725409723976,0.003091019023245114,2.237776506612693e-05,0.004358816937575917,0.9848350608643889
121,0.007519453655785408,0.002986282946132581,0.0005939350092355474,0.0003595806659109184,0.9885407477229354
122,0.0023485803751508313,0.000957658484518261,5.605263231209329e-05,0.00036739099165280094,0.996270317516366
123,0.004716151487020932,0.0011501879123394598,2.03831416175889e-05,0.00037586939950954044,0.9937374080595124
124,0.004531907579576994,0.00070470498315529,9.110538832835109e-06,0.001159998210035184,0.9935942786883998
125,0.0037077610734340236,0.0010444395303781813,1.1255708196906529e-05,0.000858762809360733,0.99437778087863
126,0.0012509700013984546,0.0003972110083956834,9.367258359713198e-06,0.001080308446266997,0.9972621432855792
127,0.017899331373728587,0.002474615017408049,7.32862323920754e-05,0.006886904108038931,0.9726658632684323
128,0.003371962284870617,0.0007256552884543385,6.998659513656483e-06,0.0034522622835441758,0.9924431214836172
129,0.007598307703627723,0.0011525689663738929,6.217790861650377e-05,0.0014118260866782524,0.9897751193347037
130,0.009470389350767312,0.005922533941211811,5.841527340707753e-05,0.0026417730101176936,0.981906888424496
131,0.006503861333578099,0.0009788195521265362,4.64455847832772e-05,0.0005365716104231942,0.9919343019190889
132,0.009919223826618567,0.0015839136641443493,3.31977479683761e-05,0.0017503330194041265,0.9867133317418645
133,0.04173826963068327,0.008413287260308483,0.00014452918558795325,0.008337186459816768,0.9413667274636036
134,0.03736847802362834,0.002871182330444598,0.0004075730726016352,0.001670505018416021,0.9576822615549093
135,0.18927573916217666,0.010600669738917433,3.5125505089839806e-05,0.004007953026444031,0.796080512567372
136,0.1564516776785129,0.015895046775346616,9.305737125788035e-05,0.003270733131528412,0.8242894850433541
137,0.48440906280836443,0.04932006004596208,0.00018273092063427246,0.012504814734542754,0.45358333149049634
138,0.34028258706969355,0.3614558656285389,0.008655353553250736,0.024026625546554003,0.2655795682019628
139,0.01923484853169368,0.030546476950727045,0.0010646083151184527,0.0013638988665293386,0.9477901673359315
140,0.18330851772582005,0.6446870814300086,0.035064537543217984,0.01544150636785308,0.12149835693310018
141,0.1872046883997338,0.6585996297254876,0.0389356603459355,0.011375763061119757,0.1038842584677234
142,0.07398336320342096,0.19927520755856748,0.01146285173196616,0.005500008688841574,0.709778568817204
143,0.2512805517283255,0.6603842522131602,0.004076699552908847,0.01929100889020171,0.06496748761540383
144,0.15609341887150147,0.7937409748597177,0.010822179448612801,0.012801006855083856,0.02654241996508407
145,0.15136325279693663,0.7829075643188262,0.004924215368289108,0.015084492077657262,0.04572047543829076
146,0.030407971148905588,0.9461979901947388,0.014838986427560102,0.004258415039452234,0.004296637189343331
147,0.030732694917390797,0.8804231729275759,0.07819532599322085,0.005620368078792889,0.005028438083019773
148,0.0302159532818141,0.7634112598119221,0.19808113259041457,0.004021748957911937,0.0042699053579370845
149,0.044772540860724665,0.8928900604011892,0.05045499984312105,0.005834919546788828,0.00604747934817609
150,0.019883900740839566,0.8581466756742808,0.11451882625943544,0.003123056453278173,0.0043275408721659345
151,0.14348218709956875,0.6126253280228939,0.19304258988194667,0.00828872444199779,0.042561170553592785
152,0.07285987292267558,0.644108873481453,0.2362635335195745,0.006516408266353124,0.04025131180994371
153,0.09264766498933426,0.6807608974306318,0.1890571355831658,0.0034727434744766593,0.03406155852239145
154,0.07732291596811516,0.6166079172191287,0.2554761382815736,0.004900961344327624,0.04569206718685473
155,0.22035266537599493,0.4260436614645874,0.25255791878190925,0.005581136012060226,0.09546461836544844
156,0.11120265259593513,0.17057053142251072,0.14215204149005592,0.013760483291946565,0.5623142911995517
157,0.09895662733232406,0.500669250937292,0.3654408953326665,0.0032106823800108738,0.0317225440177066
158,0.06803179427357028,0.36678157038374104,0.5327754898904455,0.0028725075383714397,0.029538637913871624
159,0.02050156930791645,0.3552030392248024,0.599185183932816,0.0008417755643582428,0.024268431970107137
160,0.013845063383244977,0.41021007878518106,0.5689480725596695,0.0007552914696946233,0.006241493802209927
161,0.012170420992793212,0.11459602042868194,0.8671346427599737,0.00031681765853663104,0.0057820981600144854
162,0.020201000118276316,0.14782778816316333,0.8186800380969202,0.0005795695910896218,0.01271160403055039
163,0.009935006791208203,0.26178721909326447,0.7104855964559763,0.0006658022537462915,0.017126375405804802
164,0.007235966970783592,0.17101123315631273,0.8118610917530044,0.0002812050720976451,0.0096105030478016
165,0.00802759358828832,0.2575378908013396,0.7269367606315544,0.0004331709534306934,0.007064584025387002
166,0.06170323542550846,0.3241992147767641,0.5749500047752901,0.0004837152843166999,0.038663829738120666
167,0.557233279282833,0.14431920452011449,0.06671212139328382,0.0015450774208790902,0.23019031738288967
168,0.017421330333314215,0.2898369561375886,0.6256266104357737,0.0007841987498982523,0.06633090434342521
169,0.007852747168774876,0.2929766689751229,0.6798517137697355,0.0006128382397237604,0.01870603184664284
170,0.010097059755803247,0.35303064010106056,0.6222725327491045,0.00043941189820370663,0.014160355495827845
171,0.00342817981381882,0.10135488780355262,0.8932573606582844,0.0002502719690967185,0.0017092997552474367
172,0.0009692644069777327,0.07372962221835566,0.9246992667938357,7.462446181026742e-05,0.0005272221190205811
173,0.0012885568266132494,0.09171806648698068,0.9055726374802485,0.00012340002921299248,0.0012973391769446055
174,0.0024699384126225126,0.08378971184820787,0.9129667999559776,0.00016725158525069495,0.0006062981979413045
175,0.001261799774081555,0.13533725328198165,0.8625342101815375,0.00016800473141188012,0.0006987320309876014
176,0.001407207095423437,0.08494555125582677,0.9129962957471113,0.00012307003337303605,0.0005278758682654903
177,0.006106271690093317,0.15994139506951452,0.8301567383595225,0.0005853834770255878,0.0032102114038441328
178,0.003249127968395664,0.11108889085223617,0.8847410248102087,0.0002203044807646325,0.0007006518883948719
179,0.002455190777593582,0.14844872153295893,0.847872217045033,0.00031203493434291493,0.0009118357100715288
180,0.0029528735680542768,0.14173899115396296,0.8538649755392348,0.00034223473720393957,0.001100925001544172
181,0.0011336398997275378,0.06946186338392878,0.9287074994558673,0.0001178551728812499,0.0005791420875953193
182,0.0036438355423267735,0.1923495862915056,0.8012201148312047,0.0005460595681247384,0.002240403766838259
183,0.002319823206860073,0.18056486509977343,0.8151146414354459,0.0002252830626759262,0.0017753871952446718
184,0.0020698815663155873,0.08093504204922361,0.9159499335324748,0.0001390232677679924,0.0009061195842179827
185,0.0014953015577440511,0.10977907749709191,0.8873804716774998,0.0002091518516046833,0.0011359974160595064
186,0.0025571004410071935,0.07543118414028079,0.9208526240190449,0.00018896207548779715,0.0009701293241794011
187,0.0017297983609029656,0.1538343070723804,0.8432560097752272,0.00023253127213189575,0.0009473535193574729
188,0.021986695047543074,0.18830348608159148,0.7156146654919836,0.0033271642715637325,0.07076798910731816
189,0.049507425578227314,0.1266925930023919,0.7169222744064616,0.004943073326309879,0.10193463368660934
190,0.00896437239505672,0.14992694408558643,0.8345080970193476,0.0008593029663884265,0.00574128353362069
191,0.006277105916024697,0.2228878116891675,0.7546303937607098,0.0008461708442406556,0.015358517789857284
192,0.004451974687682728,0.09256904109664744,0.9004093738968494,0.00040071462588218965,0.002168895692938236
193,0.0017412864617136886,0.08640071202935878,0.9099700993529733,0.0002170682791461876,0.0016708338768081676
194,0.03522067972123172,0.10383805815179567,0.484311635839318,0.005586276421582501,0.371043349866072
195,0.004974366223788765,0.14553019503109796,0.8362818259163635,0.0004911009159461003,0.012722511912803668
196,0.00840710782002519,0.28864923605791737,0.6915792263486514,0.0007024480683798676,0.010661981705026136
197,0.019631605203419673,0.1444261004758322,0.8191539422045013,0.0007405787034516622,0.01604777341279502
198,0.007051841238493976,0.18500986852644255,0.8043236449004512,0.00042551360436377715,0.0031891317302485326
199,0.0050869315210297595,0.10897407056147133,0.8840435956493402,0.00026236948761449195,0.0016330327805442748
200,0.0049736070239876995,0.11553655072239125,0.8779117584178397,0.00019674747311643152,0.0013813363626648976
201,0.0034990634674256864,0.2610232611080586,0.7331366793554005,0.0004637922490914546,0.0018772038200236716
202,0.003007034762292649,0.18936520958615558,0.8057012605504864,0.00021418315580397964,0.0017123119452615923
203,0.0038854203354492228,0.1707657275224087,0.8236774470287517,0.0002039891767726693,0.0014674159366175918
204,0.006011271944229595,0.26318258017762014,0.7283409102213381,0.000471433149671405,0.0019938045071407396
205,0.15975145645574773,0.5795874053652416,0.20390938808984496,0.006613899106627208,0.050137850982538666
206,0.020914380560137193,0.5678149286664702,0.3953435839340164,0.003182186660026865,0.012744920179349337
207,0.026791809114768753,0.42981825343051094,0.5344972168939294,0.000946458354017532,0.007946262206773469
208,0.017176849608251898,0.3769497416477585,0.5993765164390147,0.0006074092498820607,0.005889483055092912
209,0.012695746330880261,0.2219615768567132,0.7601928483695793,0.0006784933898102794,0.004471335053016871
210,0.009419405925373669,0.27063275734197134,0.714205351669492,0.0012337758305154005,0.004508709232647617
211,0.025200354247710808,0.02927434095871451,0.013057766732003406,0.0027701681533968893,0.9296973699081744
212,0.05651840446252931,0.11097536817361878,0.004905604946959006,0.002626375721582829,0.8249742466953102
213,0.038051851929131485,0.0519271524513421,0.0022891731272746242,0.0020085844300030474,0.9057232380622487
214,0.02550305974672658,0.009037016439638673,7.844614519516386e-05,0.0016981248606071453,0.9636833528078325
215,0.019170180552635138,0.007232724753218519,1.462021693800697e-05,0.00226335066686304,0.9713191238103452
216,0.28590416945357755,0.01715839445958605,4.23313105981962e-05,0.005976254578093631,0.6909188501981446
217,0.5544886770188583,0.11763265549066744,0.00020421158101251418,0.015166564001367915,0.31250789190809386
218,0.6711629287611619,0.10168325319269955,0.00014904122804300368,0.07293658757729694,0.15406818924079863
219,0.24707745073319248,0.5766148213081894,0.0011481943618049408,0.10761534057947404,0.0675441930173392
220,0.2748371318149982,0.391946929380465,0.0007363363224808599,0.22043807919319186,0.11204152328886416
221,0.3031164434303158,0.4606824604528343,0.0015974879185871628,0.1647701533786824,0.06983345481958031
222,0.27055428963588823,0.17148426371628148,0.0001809835729328269,0.10395140858706542,0.453829054487832
223,0.6420822535752125,0.1700394359485111,0.0002442977605280219,0.1265161106065916,0.06111790210915682
224,0.32001954231763324,0.5730636983054107,0.0011923966345300909,0.086767909900023,0.01895645284240296
225,0.24533398578508595,0.6550613446892476,0.001530608691484966,0.07785805731074681,0.020216003523434407
226,0.25900068841169077,0.6323362909273088,0.0008648766757866428,0.09732525478376651,0.01047288920144745
227,0.06914719808717602,0.8780074045255268,0.0017554760918763702,0.04189221184236792,0.00919770945305277
228,0.1307275749907712,0.7816994489054508,0.0005403736213051781,0.08257607680053192,0.004456525681940971
229,0.04138965164376245,0.9241468120241081,0.00269609740814246,0.028768849323633872,0.0029985896003531533
230,0.3326591456409612,0.27090093417154315,0.00180412614597582,0.05974715576561879,0.3348886382759011
231,0.20412928651691448,0.747283688109679,0.002596840525530951,0.029402983391165444,0.016587201456710034
232,0.09797662834371286,0.8870031387358692,0.0011215744949775233,0.007204335947412666,0.0066943224780277154
233,0.1813167687626425,0.7953193574927907,0.0027414981486676097,0.011779969227460227,0.008842406368439023
234,0.013373287435532628,0.9789257358067318,0.003983370161838222,0.002216644585117295,0.0015009620107800936
235,0.03044256849896193,0.9054835030245229,0.016219537970091763,0.005582793465559498,0.04227159704086375
236,0.270483068939657,0.7025489100764869,0.0015332775516692756,0.012339474166154331,0.013095269266032716
237,0.06422481754150744,0.8238739018233919,0.055917271261551785,0.010084119270348206,0.04589989010320066
238,0.07262277735661894,0.8832253199066405,0.014503580413469584,0.014180604929951613,0.015467717393319484
239,0.05117963619293294,0.8959758258563594,0.017534352656250005,0.024054168986588836,0.011256016307869
240,0.05662307978893794,0.8610562262885735,0.006074469663717211,0.04871345691124859,0.027532767347522705
241,0.07991861978159547,0.18595234322399604,0.0011069049094661013,0.0777889945417326,0.6552331375432098
242,0.04605782385073877,0.03132088543308497,0.00013687156318633695,0.03003774434914554,0.8924466748038444
243,0.3141171621320075,0.08459971822953967,0.0003311952943471755,0.14435696541775309,0.45659495892635255
244,0.39648919120919784,0.056167132200616615,0.00012115016317629537,0.0983374556254684,0.4488850708015409
245,0.012139370639033555,0.008185864015448067,3.7535190843160345e-05,0.013561767484815515,0.9660754626698597
246,0.5647665823232261,0.14990090337289846,0.00034708159297319226,0.08825166008584097,0.19673377262506123
247,0.5702285045787813,0.26291101069135936,0.00021389081219465983,0.10436515247540594,0.06228144144225868
248,0.3679463765370639,0.50022214844077,0.001953660440846265,0.09102637187093152,0.03885144271038832
249,0.3635527805618361,0.4001389878149702,0.0005885804345609053,0.15573909323355212,0.07998055795508079
250,0.05890438795243372,0.9222771265799097,0.0002353814884266921,0.0162917495094269,0.0022913544698030725
251,0.024592234074757302,0.9532543468043448,0.009307114793156398,0.008136842394024523,0.0047094619337170835
252,0.06272655465250562,0.9200140765411069,0.0010147115012547087,0.011783997819510464,0.00446065948562214
253,0.035870141988493885,0.9470315542536105,0.004305610902617001,0.008917836485075683,0.0038748563702029905
254,0.26142072440629927,0.6857694534865995,0.0006476840183568461,0.022122423854388572,0.03003971423435592
255,0.04890646810390118,0.9373436581951399,0.001945512544220599,0.00751841004078946,0.0042859511159488725
256,0.04002608354195455,0.9066961163681075,0.03807063266555603,0.008351149645639457,0.006856017778742317
257,0.05830229551070104,0.9168728579374179,0.012331040092120198,0.006791491554734627,0.005702314905026284
258,0.23670040063994569,0.7380032955080602,0.0015757344497849943,0.010949272348295428,0.012771297053913864
259,0.013048972206874647,0.8710799367660003,0.10984467445809774,0.002693718836276988,0.0033326977327505776
260,0.014018978227042912,0.8065730056024238,0.16624719316884848,0.002967261067644616,0.010193561934040073
261,0.4372962957566556,0.4500704256143772,0.0004528557158658001,0.01964200443600044,0.09253841847710098
262,0.28798358461944484,0.6216670116896539,0.0006297937210369229,0.015590428557798868,0.07412918141206565
263,0.04301456163165672,0.9480967324560672,0.0025673884802384396,0.0034661468646724446,0.0028551705673650284
264,0.03126914611783996,0.8846445327999441,0.07638785457943306,0.003815605726643279,0.003882860776139642
265,0.33924313603835177,0.5204854295270925,0.0003115407951342582,0.01730903761670007,0.12265085602272131
266,0.4143519603931558,0.41341175591763346,0.00201250785117663,0.03148887126632017,0.138734904571714
267,0.15080428549227903,0.7999668573698796,0.0021377285405092057,0.01703787118861394,0.030053257408718073
268,0.08047584212097532,0.8953055773161958,0.00457593388166561,0.011659937754110734,0.007982708927052834
269,0.2279523558771517,0.6938801584037636,0.0049702487177451125,0.048616394799113845,0.024580842202225735
270,0.10114126653991552,0.8447510227022738,0.004457795879465577,0.036042160310749485,0.013607754567595727
271,0.11205587319567048,0.7481162223099427,0.0019287557587087864,0.12689596099235848,0.01100318774331966
272,0.1850752932225056,0.6401048400043285,0.0006658926026250403,0.12202877586418165,0.052125198306359435
273,0.3335672649178408,0.1711091022280831,0.00028787759192742783,0.1970238919196866,0.29801186334246227
274,0.4303408502863717,0.21524412018363553,0.00022366844929860266,0.14192578922010463,0.21226557186058947
275,0.643595473327423,0.19666404972882134,0.00017900176895188624,0.08061011932334068,0.07895135585146318
276,0.179863057685507,0.758003568785647,0.001233064990321375,0.05365277395717493,0.007247534581349584
277,0.05882173383396114,0.8961466253387032,0.0006418830587988368,0.03802883396793349,0.00636092380060361
278,0.13784667506334683,0.7046318986602205,0.0028070948283983985,0.1336996449221287,0.02101468652590562
279,0.3086609053629858,0.43466591452138775,0.0025606069385779025,0.07537590851227714,0.1787366646647715
280,0.17960814411925985,0.07667181371567636,0.000836598504564064,0.035980070504704004,0.7069033731557957
281,0.44180810784602575,0.26028030638596134,0.00016438530260707733,0.15550657534678836,0.14224062511861746
282,0.4738200155527182,0.2876528254694611,0.0006584757228146681,0.1671390441533124,0.07072963910169361
283,0.525747783821809,0.12732656815900256,9.643946292100589e-05,0.2036412352682126,0.14318797328805488
284,0.3022176862668023,0.0629719868408928,2.7225700743352516e-05,0.0706790385482907,0.5641040626432708
285,0.6207350327458525,0.075746121509393,5.82218228323748e-05,0.1887037859644887,0.11475683795743355
286,0.4757935968530365,0.2143478213239896,0.00017425950721123058,0.25690930373241905,0.05277501858334353
287,0.27012328345889963,0.2756068181941199,0.00019771513250006767,0.1349825672602529,0.31908961595422747
288,0.19313860605319513,0.049859180984875164,0.00012521952013106466,0.15069780354424517,0.6061791898975535
289,0.4608281149501081,0.10284540405300772,0.00022249006271519528,0.23009146124139832,0.20601252969277062
290,0.3870595890322283,0.1996410777939702,0.0031110375755430903,0.0913260651990969,0.3188622303991615
291,0.389479149314167,0.1649977267753284,0.0011981871778956575,0.14748335733770596,0.2968415793949029
292,0.30578897749105405,0.2458853816319312,0.00030457526822531914,0.2807826113548604,0.16723845425392914
293,0.07961980839827369,0.01381365811210635,2.516486339507706e-05,0.028408031325765266,0.8781333373004596
294,0.6020587914316337,0.12570622800680495,0.0005027496579636282,0.11216127193007025,0.1595709589735277
295,0.4825741021639921,0.0891583454260132,0.0003635800509037755,0.17661930924074434,0.2512846631183464
296,0.5543377861741592,0.2262870236802409,0.000647300803856761,0.15893825897878291,0.05978963036296018
297,0.2717557641400886,0.39801164978196507,0.0005809288551865479,0.296221441139837,0.033430216082922785
298,0.2969496377053065,0.2884785995925539,0.0007045880209427755,0.3810344224729886,0.03283275220820815
299,0.27126355243335615,0.16186546683270803,0.0005786708460463577,0.5016473787562546,0.0646449311316347
300,0.06342236962997069,0.023829229854050234,0.006451674777129405,0.028639472104875243,0.8776572536339744
301,0.3231379856048636,0.12058961347037124,0.002389063667874693,0.046779706476437,0.5071036307804534
302,0.4107844414494937,0.018761404420456526,2.1662489717128408e-05,0.03657582815615298,0.5338566634841797
303,0.5400632695604736,0.10803498280831439,0.0002750329830030757,0.08385306432499627,0.2677736503232128
304,0.6095767312123408,0.13239173746401486,0.0012897587290257384,0.1424850858532962,0.11425668674132235
305,0.34393731022162133,0.12097978786657342,0.00017446280017922023,0.3372351603805756,0.19767327873105037
306,0.1530921694023781,0.4413065460947678,0.0012212595310900998,0.1747599681303269,0.22962005684143705
307,0.1933709680733647,0.3633627886241183,0.000492821218496358,0.39381954280879783,0.04895387927522268
308,0.17156153873232247,0.2190644347396819,0.0006527211649746161,0.5870729602696096,0.02164834509341125
309,0.12819284881201912,0.2701644193002759,0.0009848945895951646,0.5654054358701598,0.03525240142795001
310,0.0790210370544475,0.17032487987848158,0.0002901087716163655,0.7286595123472404,0.021704461948214217
311,0.08354153659358964,0.1461041894016872,0.0008223548319042037,0.15198821131025533,0.6175437078625635
312,0.17614135688074822,0.20783011701953508,0.0002529641506540368,0.5758268779172918,0.039948684031770786
313,0.19736633768674336,0.34768521675291564,0.002048763731826584,0.41215544422329764,0.04074423760521692
314,0.24965652359210835,0.27061496874864055,0.004158876401553307,0.42527092107082837,0.05029871018686942
315,0.13235681019556947,0.10429846613619552,0.003585099270167392,0.6780301830378386,0.081729441360229
316,0.10832467296981035,0.19652610143808447,0.007692024517543162,0.5384513079457554,0.14900589312880663
317,0.14782885575350263,0.21765228526706,0.011929122622946353,0.3295941278445843,0.2929956085119067
318,0.25347719606487007,0.016022880609533267,0.0002820461189503523,0.1803227320914935,0.5498951451151528
319,0.29718520748517474,0.022174089878542164,0.0014077327551428125,0.11356595547256916,0.5656670144085711
320,0.396229003511576,0.04242908083969639,0.0009968957120838051,0.03203500392389724,0.5283100160127465
321,0.743599577634829,0.08961207361818031,0.0006595735956005942,0.07839887199410779,0.08772990315728244
322,0.4210737051233565,0.3815047565842302,0.004462323796290503,0.04068626052718172,0.15227295396894097
323,0.4267734042638206,0.09148522176395013,0.002217585417856947,0.17435372727884071,0.3051700612755317
324,0.3539208684773557,0.22537377703943437,0.006961301466057946,0.27950678008166485,0.13423727293548718
325,0.24501025869715792,0.1281693456891542,0.04210735096682931,0.07527221311700806,0.5094408315298505
326,0.21013510569662763,0.08887555676334057,0.008388175318346467,0.011652826852636123,0.6809483353690492
327,0.38688898415467743,0.25409306017921796,0.00978186714884866,0.055583167330416995,0.293652921186839
328,0.2073932692173275,0.04827130202807825,0.0015285963124041487,0.015755113894161073,0.7270517185480291
329,0.5427224584877817,0.1651123181727564,0.007185323577788093,0.04808868550935133,0.23689121425232246
330,0.34140296366095746,0.17731610228160458,0.0007700683709593047,0.44142667961957893,0.0390841860668997
331,0.1970071504004077,0.435197321242639,0.008878363789245808,0.20052389679664934,0.1583932677710582
332,0.11493176251070532,0.18308697580010339,0.002054179588461824,0.6621606979138193,0.03776638418691028
333,0.06826220036931484,0.10608998247557494,0.001793147581298334,0.8005609188390359,0.02329375073477603
334,0.08543820350631819,0.09514677839528134,0.0010036177310174576,0.7384170297442241,0.07999437062315878
335,0.13020550897400787,0.22654405960045185,0.0006830080305685383,0.5550413636556172,0.08752605973935462
336,0.08659598961430265,0.28998751684175134,0.0010408499350107877,0.6057919717928184,0.016583671816116797
337,0.10575283930855814,0.39389873682021975,0.0024190203493232587,0.4641760338059525,0.03375336971594637
338,0.07706789737192317,0.12656126950656052,0.0008097305481822616,0.7823902154923356,0.013170887080998547
339,0.08460064119319906,0.06842117477672179,0.00043886993429312956,0.8133554733788945,0.03318384071689157
340,0.09028238548026596,0.06552637944374932,0.00028824766811452133,0.8034103159085786,0.04049267149929171
341,0.08559537595413107,0.044524472079547815,0.0002464489238870356,0.8463162796125608,0.023317423429873328
342,0.08759484644962705,0.08101115989876735,0.00571008278764303,0.44485969818364374,0.3808242126803189
343,0.14005445632925248,0.09552230376449959,0.0013555163856145145,0.689835912243197,0.07323181127743654
344,0.06594203515433941,0.035731430969611316,0.0008474485619239095,0.6743512540552296,0.22312783125889585
345,0.1181370092360185,0.04563177771990075,0.000387286157461081,0.6310937746634949,0.2047501522231247
346,0.15568440915354734,0.0921647245557415,0.0003949958937733616,0.7094234392433816,0.042332431153556165
347,0.26947348702041496,0.07709750549889575,0.00016863903143983202,0.6263715220303278,0.0268888464189217
348,0.1595749858508287,0.20549347938319118,0.0008195599707889613,0.6156992007727049,0.01841277402248634
349,0.10967353692384718,0.14766124790456525,0.0008890329394113597,0.720465315350484,0.021310866881692175
350,0.09962429174350118,0.11351649838973157,0.0010291888208672068,0.7624513160855231,0.02337870496037688
351,0.14565673299169715,0.08402714668690364,0.0007758301078449881,0.5265124781175624,0.24302781209599178
352,0.11915136692441439,0.30355739874778165,0.08629695252850217,0.37941546880316523,0.11157881299613646
353,0.40425182282727284,0.07706638321577959,0.04790292535001301,0.18290745109073647,0.2878714175161981
354,0.26464647993288715,0.1441437996075663,0.02982337423106929,0.48023615591335533,0.08115019031512177
355,0.2786603089981868,0.08402492281285075,0.0068929957728279066,0.38316991468028344,0.247251857735851
356,0.19938610654756128,0.06909514207922898,0.013082177708442461,0.6442120627244361,0.07422451094033115
357,0.19556630941641112,0.07185571129675063,0.010283675023531292,0.6132042574388951,0.10909004682441192
358,0.1838183392858002,0.08721264621774368,0.06786235863282587,0.3436815039869818,0.31742515187664844
359,0.1326204387872301,0.11751891150394295,0.2520028620626468,0.16964567179715173,0.3282121158490283
360,0.22342265699369937,0.09979232378912477,0.0037886710821495475,0.436379071906541,0.23661727622848536
361,0.20981361029339243,0.14241203807572242,0.0035727701803956935,0.32586346578248304,0.3183381156680065
362,0.19752693998841797,0.36742252309640494,0.01580464190229885,0.25002759063208585,0.16921830438079224
363,0.11077689838676504,0.22929408194540507,0.0024431523506175776,0.6407446171306705,0.01674125018654182
364,0.06647022651234527,0.0972519996118795,0.002728208423803175,0.6321314169586945,0.20141814849327755
365,0.08457271561179644,0.12491085320511415,0.002147184488406909,0.7405896258298715,0.047779620864811016
366,0.11790485284818697,0.23455136555080142,0.007794219492092853,0.5450836168051804,0.09466594530373844
367,0.1177839407493098,0.140538061892733,0.0021875106442416446,0.6802121941153708,0.05927829259834472
368,0.11874558209237289,0.24752413074097263,0.001584726291994959,0.5883105573621604,0.04383500351249913
369,0.17546338696980993,0.176891939283955,0.0009693993975710319,0.5258973856345525,0.12077788871411167
370,0.12757784282005505,0.19396470093216178,0.001931898738400195,0.648289112530377,0.028236444979005938
371,0.14477529706526787,0.4070430081051925,0.015420995671774762,0.38196138237868044,0.05079931677908435
372,0.09978732727766539,0.2967660959345244,0.004345893374371949,0.5228917415376416,0.07620894187579672
