epoch,N1,N2,N3,R,W
0,0.0010033561360335318,4.947983069011966e-05,3.139822468424135e-07,7.302873199487576e-05,0.9988738213190346
1,0.004791526744472246,0.00018065309937076953,9.497389587176558e-07,0.000246969251467328,0.9947799011657309
2,0.005546310180128064,8.741437475051006e-05,8.373256568628037e-07,6.744839473307275e-05,0.9942979897247314
3,0.016932663905656432,0.0002659218655099678,2.220158383933267e-06,8.87476967430257e-05,0.9827104463737065
4,0.004345020583094269,9.225971043173028e-05,1.3925414625360624e-06,1.727273652639309e-05,0.9955440544284851
5,0.1738958877995744,0.0010617971640028256,5.306781315917147e-06,9.985585624082318e-05,0.8249371523988659
6,0.2350321482572053,0.00896155818183836,2.3138497661867378e-05,0.0007936099176681256,0.7551895451456263
7,0.1908537484397187,0.02624928647463039,8.262253069730295e-05,0.0038323449254949104,0.7789819976294587
8,0.35213644026559704,0.1186163982710709,0.00019334214214864896,0.01801296293764833,0.5110408563835351
9,0.20201619906048632,0.1810463635137083,0.0007321334079291618,0.05118140827466812,0.5650238957432081
10,0.09628596370877589,0.2013719005579276,0.0015465233700645029,0.03794504925866538,0.6628505631045665
11,0.012510232568800437,0.04661123962209556,0.00026468451092467524,0.0008855883139394381,0.93972825498424
12,0.07773121429310444,0.007124931129783882,0.00015644603315193516,0.00449335774684104,0.9104940507971186
13,0.2200838346344774,0.03448852676206714,0.0002597924310581305,0.00988021384443975,0.7352876323279576
14,0.23334468196250335,0.00878205802372073,7.321259583230479e-05,0.0022435449959208676,0.7555565024220227
15,0.7582019724414275,0.11757144377142366,0.00011407709048662916,0.005005855374091476,0.11910665132257069
16,0.307166266124391,0.6325689492140147,0.0032556809247088992,0.011283060662450979,0.04572604307443435
17,0.2143619795546658,0.7476072919549673,0.0031205862386831365,0.00861156107720628,0.026298581174477552
18,0.1803700804121644,0.6537728576699094,0.0011216562959411188,0.027726995800103165,0.13700840982188192
19,0.050461481308599315,0.9144249357093175,0.007640242561171639,0.013197879218160366,0.014275461202751135
20,0.2618469612352816,0.13960477745876243,0.0012490310642842381,0.006906660102196256,0.5903925701394755
21,0.12530208728986417,0.8614820462332098,0.0022528616692884143,0.0023811438948751714,0.008581860912762605
22,0.1409808150760819,0.701937827263119,0.0012442961537827682,0.002684046974787542,0.15315301453222874
23,0.2326169846986533,0.7240026589219104,0.005890743256495423,0.0013338449825535475,0.03615576814038731
24,0.09334089076658146,0.8663066407658637,0.004783257195967741,0.0036811387314802297,0.03188807254010689
25,0.5530534630291049,0.28904160473185875,0.0007279074033452278,0.003803036474091115,0.15337398836160007
26,0.0242149817589668,0.9179955787811869,0.033662713526712774,0.0030046476653397295,0.021122078267793658
27,0.0280663186683143,0.9288965786684135,0.017958388741122735,0.00257848742087729,0.022500226501272428
28,0.14736185471058638,0.6225527031590559,0.0010071567853475105,0.004443505222814599,0.22463478012219562
29,0.18535932280799303,0.06993656984412845,0.00013427532749409998,0.0020591018408071733,0.7425107301795771
30,0.361789839822533,0.46586058668479624,0.00053382858627381,0.0019130191783635418,0.1699027257280335
31,0.3394490621396655,0.5993993965398106,0.0017115890913612752,0.0015484265957248662,0.05789152563343767
32,0.19024232059548987,0.5589580500522847,0.002597447519404498,0.0008285320988644951,0.24737364973395648
33,0.28109475401650186,0.040558883263524234,0.0002264913745868417,0.0017523763655206365,0.6763674949798664
34,0.17341976261729158,0.6587791069055378,0.0008255752199773087,0.004949630935179159,0.16202592432201418
35,0.13939454111453234,0.6333906895874056,0.0024911502116365183,0.006458663561626262,0.21826495552479913
36,0.11613406331639922,0.5397250517484106,0.0021829446172159815,0.0071435250747312485,0.33481441524324296
37,0.0005949534427556077,0.000787876600245594,9.01110689415288e-05,3.372636240942275e-05,0.9984933325256478
38,0.0005614603036238135,0.00012055071962831781,1.9456725840793716e-06,2.4976796904008595e-05,0.9992910665072597
39,0.0004487301798535564,0.00019282469416923557,4.061827785439866e-05,3.701019924865184e-05,0.9992808166488741
40,0.004398680784940122,0.0004816260420108084,4.628617946266362e-06,0.000465652347213298,0.9946494122078895
41,0.003910491090366005,9.02204776153282e-05,1.1420525705703927e-07,7.05612459322445e-05,0.9959286129808294
42,0.001380941175034338,4.515444057289076e-05,1.0135780148507557e-07,3.708590159104007e-05,0.9985367171250003
43,0.061836600162434294,0.0005220441654983146,8.381927802400217e-06,9.461064389381971e-05,0.9375383631003712
44,0.016376439043183973,0.0003598985282894892,4.687127349156674e-06,6.560052440579407e-05,0.9831933747767716
45,0.14937444460549054,0.0015090790553626218,1.686745105833605e-05,0.00013451783265232685,0.8489650910554362
46,0.5459855126852833,0.00562683183617595,4.154065326410567e-05,0.0006003532121946765,0.447745761613082
47,0.8400382050572965,0.04072242619579118,5.752578593327732e-05,0.001990675959637788,0.11719116700134116
48,0.6067003829510322,0.2303631735056362,0.0002788042264460671,0.005670552294366489,0.15698708702251898
49,0.2908676737581653,0.5110041676927278,0.0016518627132215183,0.01260278717971086,0.18387350865617447
50,0.10583143174717494,0.8623540371960954,0.00732054484273749,0.0015335049612099686,0.02296048125278207
51,0.04218272750920267,0.8942534696532382,0.05239792444326403,0.0014725712944189662,0.009693307099876038
52,0.04812557406419745,0.8909618048709326,0.0476552297587351,0.00225154314307314,0.011005848163061653
53,0.09677384068952835,0.8790583715274208,0.008701576372277827,0.005639447906947306,0.009826763503825706
54,0.07690805621709852,0.8875522232183983,0.00795518466021212,0.004772982281159329,0.02281155362313161
55,0.083804548032754,0.896658283606213,0.01203169482860213,0.0017974455856453533,0.0057080279467856265
56,0.029595563965058143,0.9536843186910592,0.01330387442326201,0.00035229365684932525,0.003063949263771413
57,0.0647786379330406,0.9039142275461729,0.02373798292158604,0.0006895060402818966,0.006879645558918468
58,0.016941703638407312,0.9161615596712636,0.059830006760252734,0.00019613218724661723,0.006870597742829724
59,0.03959482882549967,0.9163518821739057,0.03639003045086609,0.0003081420233630641,0.007355116526365566
60,0.015199742411543421,0.9068898073109761,0.0738321669963027,0.0001899835046162701,0.0038882997765616652
61,0.0046649232504971305,0.7337168098834255,0.25681239011518386,0.0001936992345781578,0.004612177516315388
62,0.00381787983254098,0.633522880624915,0.3577491460407764,0.00020408469618210396,0.004706008805585438
63,0.004929392496297129,0.7264454700717394,0.2641478552097483,0.0001611828685118515,0.004316099353703189
64,0.0027713906443490267,0.5449347331151952,0.44868136253302293,0.00014065568946217689,0.003471858017970732
65,0.004601948577850077,0.6053852104836428,0.38613721032207665,0.00013553421427755008,0.003740096402152965
66,0.0017331397961629596,0.624557184914281,0.37010097977141765,6.956167996161667e-05,0.003539133838176651
67,0.0011837279265376685,0.4988566831672087,0.4963718514607966,4.68551321643955e-05,0.0035408823132925924
68,0.0019760399536919476,0.7015707413104596,0.28818505188760574,7.236452320848697e-05,0.008195802325034255
69,0.0002686665293458789,0.2632448441878575,0.7335070284836261,1.601913653556085e-05,0.0029634416626349567
70,0.00290684965122543,0.5360244459835225,0.45570828520278683,0.0001983372715223013,0.005162081890942977
71,0.00205401480408236,0.5238552338152941,0.469060620143067,0.00011786979459920645,0.004912261442957451
72,0.000548203876502203,0.3091485623687019,0.6872078413203647,2.4260781398097338e-05,0.0030711316530331254
73,0.001341479158227689,0.4454086840221479,0.5493706954129541,4.679692496479106e-05,0.0038323444817054556
74,0.0012605102289668455,0.3399196969468678,0.6553395337854304,3.889595230974766e-05,0.003441363086425219
75,0.0010495801423848071,0.37845799564206556,0.6170063007718991,6.141993343367157e-05,0.003424703510216845
76,0.0004216432343708424,0.21202156660161967,0.7844538249648308,2.4914156051581924e-05,0.0030780510431271378
77,0.0004910959568247778,0.32285619400554033,0.6734560906284973,3.102145192777708e-05,0.0031655979572096683
78,0.00033593052171555397,0.19999784373717452,0.7969243282801103,1.734724386576546e-05,0.002724550217133905
79,0.00040082250024875557,0.19152828156788435,0.8048682889043566,1.7044660779058957e-05,0.0031855623667312242
80,0.00028183023011151736,0.2245222354757272,0.7715301609098465,2.3275458770359643e-05,0.003642497925544632
81,0.0009450528101933557,0.308338804721264,0.6853989713638188,6.552295834321114e-05,0.005251648146380716
82,6.174880863219893e-05,0.01919693903055309,0.9801713412094077,2.9758876999720145e-06,0.0005669950637069702
83,0.000280754158133337,0.2395547197430043,0.7577008157103489,1.9414320886342096e-05,0.0024442960676270696
84,0.0007530558381720941,0.20969303464912156,0.7866098417035092,3.6382169009698704e-05,0.0029076856401873447
85,0.00022516002394385365,0.2011017757940168,0.797432904181191,1.689950301082356e-05,0.001223260497837544
86,0.0002042664104362742,0.12035037774671636,0.8780945958026852,1.063653183829399e-05,0.0013401235083236281
87,0.00042735061207973906,0.13910840689640738,0.8580545261335064,2.5098255076678288e-05,0.0023846181029298173
88,0.0001359953977249598,0.0751799812726262,0.9232976989753546,8.29240240556539e-06,0.0013780319518886253
89,0.000390738920056709,0.19365811398166857,0.8027882911748581,0.00011198840433655257,0.0030508675190801288
90,0.0004450119019604774,0.17973426459775224,0.8149209647002252,0.0001396596193294972,0.004760099180732609
91,0.0004498466051106023,0.2867013600012471,0.7076166051621143,0.00022943815450516183,0.005002750077022668
92,0.00806016378213603,0.2508491330372636,0.7007057671757603,0.0012548585528127803,0.03913007745202717
93,0.29597049308850665,0.4615104414510253,0.027737284593782507,0.06134712755541395,0.15343465331127165
94,0.14243337373670034,0.7116645379602702,0.008612512000238328,0.02004615231328132,0.11724342398950972
95,0.46522748345129006,0.4109738142681904,0.0033905517090395687,0.004015354926072406,0.11639279564540757
96,0.31359486203718706,0.6370770440382042,0.0037344021009861968,0.01609660986442361,0.02949708195919899
97,0.12841532136365472,0.8551505612322522,0.002324316202954482,0.005793313385984247,0.008316487815154311
98,0.06661979378104012,0.9129196007792945,0.0027592378499508414,0.009580830411690007,0.008120537178024707
99,0.025900591943129492,0.9612973896512356,0.00321492319046865,0.006615421820677726,0.002971673394488374
100,0.07696359586860407,0.8928137093185387,0.004120506124491178,0.01649938418002523,0.00960280450834073
101,0.0316657753645175,0.955106530908943,0.004928161141814123,0.004289965582823684,0.004009567001901702
102,0.15135418642157167,0.7768097858868185,0.004096915341189822,0.017397461930303677,0.05034165042011632
103,0.031375037829708394,0.9542146191888717,0.0076088524462878575,0.0043115206200861995,0.002489969915045545
104,0.0678204185499624,0.8983942435959359,0.002657624808602113,0.00839589015844599,0.02273182288705344
105,0.11290045105395394,0.8434047085816145,0.007430316978372735,0.014691920003276987,0.021572603382781757
106,0.06921821794974553,0.8932168881590239,0.009039395159010815,0.018590509112828328,0.009934989619391491
107,0.010402017999407646,0.9547569693585057,0.0204816246091942,0.005170666252029987,0.009188721780862535
108,0.04263237573707615,0.04034632155688358,0.0007027077867476361,0.006569539661315285,0.9097490552579773
109,0.002470924680075622,0.002787355318799398,6.09319250466618e-05,0.0004002105497825586,0.9942805775262958
110,0.004964895034847179,0.0008948150623414601,1.6380102135384754e-05,0.0002474695648130602,0.9938764402358629
111,0.756365001498186,0.010482908209719673,0.00016646103074483278,0.00044241395818749593,0.2325432153031619
112,0.7511127161126679,0.026039503367732208,0.0001958953895524004,0.0005131413446438673,0.22213874378540352
113,0.7050987015787452,0.2538974675533459,0.0005808677127164847,0.00895022182614113,0.03147274132905129
114,0.11624452820909126,0.7703145738423565,0.0009567359659618818,0.0145238994262569,0.09796026255633349
115,0.33664887302974683,0.20972330610472403,0.00071566977357515,0.11492587431809398,0.33798627677385984
116,0.1650552844375401,0.72490299027902,0.001082912989471484,0.036920774436596415,0.0720380378573719
117,0.2468951054531166,0.5655245987017278,0.000969393832112507,0.04712326318136783,0.13948763883167525
118,0.0729563772533033,0.8852363937494134,0.0024881135982326528,0.01925554540805981,0.020063569990990876
119,0.023303500676433928,0.0709762245722758,0.0020211640737262246,0.0005782285199281521,0.9031208821576359
120,0.06626924767037884,0.011640312242922255,5.4362620761491275e-05,0.0027815107866890803,0.9192545666792483
121,0.6695995661360412,0.038051039233726235,0.0001421078496599681,0.00547421190540003,0.28673307487517247
122,0.6434225501610776,0.19746308879764712,0.00021694918007089537,0.0015024744519874826,0.15739493740921676
123,0.7540059720635109,0.11120176717665825,0.00013215838742146316,0.005117937207194251,0.12954216516521494
124,0.09417612576287662,0.8955596694040431,0.0015185960377136147,0.004884574304348126,0.0038610344910185146
125,0.17953115878576986,0.7710440489565369,0.0006034544232153207,0.018849117788474232,0.02997222004600376
126,0.15895485736062098,0.7810598301475205,0.0006403074766165299,0.04246421788432826,0.01688078713091375
127,0.036577802751244275,0.9309649254215938,0.0032800461295815243,0.02462897742432956,0.004548248273250767
128,0.029146599730118964,0.9469227092057628,0.005060544371630183,0.01593798686598479,0.002932159826503205
129,0.1172492881455527,0.7391257718722888,0.0005762774480074121,0.1023499151708064,0.04069874736334476
130,0.026694111437999612,0.9494995185583299,0.0011756517205745646,0.01924947643422693,0.003381241848869101
131,0.027207813462648087,0.044592268143365955,0.0003525075248455595,0.015027936773250065,0.9128194740958903
132,0.49411204851174473,0.0663931457109418,0.0001433208109745156,0.018252896409171146,0.4210985885571677
133,0.8658980766399065,0.08252298174920765,9.889546486191998e-05,0.012158266041126473,0.03932178010489752
134,0.3837611820416833,0.6123666404673082,0.00031558907446336935,0.0007888977003839665,0.002767690716161226
135,0.2683761796209857,0.6937173373278943,0.000597279395841498,0.01830933661489134,0.01899986704038721
136,0.07691944261300333,0.9068675538836303,0.0024865675152192105,0.005969532941665077,0.007756903046482031
137,0.04538872900016377,0.9383511236827391,0.0044758727786065305,0.008425949932845995,0.003358324605644617
138,0.17889311887227263,0.7732730888968498,0.0018196279778380463,0.033384207531837184,0.012629956721202389
139,0.012253016627309224,0.9758328502938016,0.007921999977618822,0.0017823333787594165,0.0022097997225108365
140,0.0981809051255447,0.8861097245882832,0.0014839522612352394,0.002319825205379102,0.011905592819557859
141,0.07148345625754426,0.9144545612844052,0.006018480460223238,0.001104859059795961,0.0069386429380313185
142,0.04515031327333234,0.9359845219046332,0.016024924398472282,0.000750787437329038,0.002089452986233403
143,0.025152262604677178,0.9523697845704142,0.018575765399933646,0.00037160341306815615,0.003530584011906781
144,0.012201284650358758,0.9389725841455873,0.04561090779228133,0.00031467922130766095,0.002900544190464939
145,0.03347632639400213,0.8631405427510781,0.09745665490807243,0.0007268001291503603,0.005199675817697118
146,0.018127340830078952,0.917814483982334,0.06030146316019977,0.0011629208281356647,0.0025937911992515977
147,0.0401510021165714,0.91653406444297,0.03497084290969096,0.0012533081154869974,0.007090782415280647
148,0.023924117878530906,0.9092588612200933,0.06296964583269077,0.0007992061822794211,0.0030481688864055874
149,0.010580710013613676,0.8624536753254609,0.12349165518146224,0.001237938503547554,0.002236020975915693
150,0.014897703726304218,0.8899333507823136,0.08585037245661442,0.003314326421159129,0.0060042466136082905
151,0.01607143258575403,0.8991674985685819,0.06987946831404449,0.01104777265206595,0.0038338278795536263
152,0.3236659262593233,0.16191962943979055,0.003000855064047872,0.027145300777325146,0.484268288459513
153,0.4174471246498323,0.2476420214021448,0.001226668184741986,0.0730234448352111,0.2606607409280697
154,0.519312419298491,0.08516173479903412,0.000360975090979947,0.01927112302461766,0.3758937477868772
155,0.8734652559923023,0.09023399568454954,0.0003279789428230339,0.004521412958608913,0.03145135642171622
156,0.6491924916218763,0.32123368766162375,0.000471005298706652,0.013811117386254861,0.015291698031538474
157,0.04861391757142485,0.9440710258038467,0.0015878493486799373,0.0030897138092250754,0.002637493466823423
158,0.10453977916428328,0.8732444326876428,0.006224017830689385,0.008904988151596339,0.007086782165788089
159,0.026334907469241352,0.9570066792869711,0.010912653556120602,0.003932663471390014,0.001813096216277114
160,0.02577797506622205,0.9538158548462184,0.015859830917497948,0.0018992749016661023,0.002647064268395479
161,0.0035313174232899755,0.9012257499760146,0.0935202203078597,0.00034002098013728065,0.00138269131269847
162,0.02982120830524192,0.8739695896415398,0.09286062412911916,0.0012844793507421307,0.0020640985733570345
163,0.04418831692975102,0.9292398619679166,0.023373880167964448,0.0008170585334852998,0.0023808824008824405
164,0.01778844026535013,0.9019386173606834,0.077995521120759,0.0008004290722795368,0.0014769921809278637
165,0.006320693149708115,0.9108522163684604,0.08154029210413766,0.00021825769409164442,0.0010685406836022872
166,0.011605278797785333,0.7899784249831066,0.19638443555629947,0.0004613339358813767,0.0015705267269274746
167,0.009245957137235302,0.9290756818195268,0.05892525448516338,0.00038436560123526466,0.00236874095683901
168,0.044047707557014676,0.9260325047067581,0.026478195039202252,0.0009479319843591905,0.0024936607126656764
169,0.009089328599176416,0.8409496961576008,0.14815897695190358,0.0002613444163051752,0.0015406538750140381
170,0.0017182582363631659,0.7136326056648007,0.2835197695229565,0.00020206566766407526,0.0009273009082155047
171,0.002445011493307479,0.7305528586624818,0.2659127601076051,0.0001910529395344641,0.0008983167970712606
172,0.00108256183916023,0.7542644146875116,0.24314533798739016,0.0002629119145670449,0.0012447735713710425
173,0.0025975748064431367,0.6031371270978045,0.39248017556171766,0.0002560090013574654,0.001529113532677218
174,0.0004565210564730773,0.29993352410300744,0.6988516924838878,2.2065146183184135e-05,0.000736197210448375
175,0.001014393403844935,0.32151268868188576,0.675159245248941,6.175804861475071e-05,0.0022519146167136366
176,0.001020303565428111,0.4651261015283642,0.5323204971032169,8.490017560609609e-05,0.00144819762738474
177,0.0011024026572118105,0.2591064861405815,0.7375262682109801,0.00013134788169952456,0.002133495109527101
178,0.014662811734777422,0.5862858887110266,0.3900427186939802,0.004321617281320193,0.0046869635788954105
179,0.035267842071380874,0.7562725047666883,0.17988790343993033,0.02155863006822419,0.007013119653776255
180,0.1817788921835706,0.7071353480014686,0.025720343404513426,0.03900451404315485,0.04636090236729256
181,0.10857094401367534,0.7995212705798735,0.01849267054265522,0.06437565847250346,0.009039456391292604
182,0.08435582918601883,0.6542974073230479,0.0050989848106325515,0.21143491476644052,0.04481286391386034
183,0.16763323583582773,0.281940859786769,0.0009118007215264773,0.2424504310335281,0.3070636726223486
184,0.14887653769481965,0.14807073999817577,0.00034557436832340186,0.26780100118222483,0.43490614675645634
185,0.09492161281585348,0.13127957212389393,0.00021240651966607525,0.5723374411267256,0.20124896741386092
186,0.17885007005183964,0.041194802645306325,0.00012332460224036163,0.4734835746121546,0.30634822808845913
187,0.11463943999013632,0.07188938653613419,0.00014741831424004592,0.33282138024097496,0.4805023749185146
188,0.204820511435467,0.07426084119124385,6.569049528517938e-05,0.3992541680322614,0.32159878884574256
189,0.27332981098256776,0.08950906961625651,9.636233305043189e-05,0.4012763163059669,0.2357884407621584
190,0.18234243317253646,0.08709991138647644,0.00010194547331087128,0.3902781671454868,0.34017754282218937
191,0.14712152907816753,0.04253128203829679,5.944008444055562e-05,0.6254048957339761,0.18488285306511915
192,0.15468903588220587,0.031546895318744966,0.00014344918599630395,0.4111460969060534,0.4024745227069995
193,0.3419053733857218,0.030981130946045453,0.00011158186910730999,0.4668287747744743,0.160173139024651
194,0.3275003970131551,0.04736287104643338,0.00018742612756211786,0.30069979361993127,0.3242495121929181
195,0.0889750324441158,0.027206865828814028,0.00017207633343794412,0.5332283251234257,0.35041770027020663
196,0.05408095889741715,0.045185646870611024,0.0001369372139834825,0.4167859279213541,0.4838105290966343
197,0.04297543472019853,0.024941100949434126,0.00037770091033453385,0.2611468431308657,0.6705589202891671
198,0.11108497856399625,0.09122540055884204,0.0007479871317955019,0.22872621000203122,0.568215423743335
199,0.10621281157727767,0.14589177474048134,0.00148796265187784,0.32552413307148415,0.42088331795887896
200,0.10508810657612494,0.05301405334221895,0.001132820792071859,0.29939468981628947,0.5413703294732947
201,0.022602776964062404,0.025227255299223098,0.00038961543223573684,0.338134729150186,0.6136456231542927
202,0.030534027397280276,0.011290447444939778,0.0001495186132043935,0.7933324955616539,0.16469351098292165
203,0.025495172712318857,0.009032660735156932,7.62315336694875e-05,0.8632586072470122,0.10213732777184253
204,0.03139411911752981,0.013998111100495949,0.00023356841949243495,0.6216813742217786,0.3326928271407033
205,0.0366345760346102,0.0309925685739553,0.00021281799980129044,0.6652974989713487,0.26686253842028446
206,0.02220572741491589,0.025534852628581146,0.00010510577277411817,0.5011577590413114,0.45099655514241743
207,0.01798142252600279,0.018952341721467647,0.0004247097813353854,0.04087526283057987,0.9217662631406144
208,0.02093062161684531,0.016719096663202964,0.0007197898644099485,0.10886597949478823,0.8527645123607536
209,0.021295998195407003,0.011918545727628412,0.00026097321330136253,0.08141384151636445,0.8851106413472988
210,0.06678194281548509,0.014373602052168605,0.0007554436551441549,0.17917516907794334,0.7389138423992587
211,0.025621606915951316,0.017117657742096892,0.00017378700813211416,0.273808877924393,0.6832780704094266
212,0.01951624147368513,0.015237673402748987,9.149080650677503e-05,0.34214559850622395,0.6230089958108351
213,0.043381433713954726,0.009641465636119846,4.91399226646512e-05,0.6821628988162763,0.2647650619109845
214,0.07257765797253765,0.0076201738578623125,5.653994890943552e-05,0.7621284176176707,0.15761721060301995
215,0.0715912270621166,0.009715472031548655,6.927355381693331e-05,0.7630240709249396,0.1555999564275782
216,0.04916005206468105,0.01925226378342332,0.00021201009003142546,0.7622378624728513,0.16913781158901298
217,0.03666374062358837,0.022007476856558798,0.00022400961739303167,0.7526584468740289,0.188446326028431
218,0.019550598885311164,0.02213024936538446,0.00015851848498970358,0.6731732873134462,0.28498734595086844
219,0.016824851957303093,0.008206179293691723,0.0006324331260454891,0.6666322846504412,0.30770425097251847
220,0.025304295327127593,0.006732180838995254,0.00015497620233446898,0.5789634382278929,0.38884510940364975
221,0.03302561867108112,0.009250714353989437,0.00020134039075159828,0.7468353436265621,0.21068698295761562
222,0.05074909672681943,0.00840590866339342,0.00018983769876465925,0.7720539111721834,0.16860124573883928
223,0.017421026959971084,0.008311748511666373,0.00012978890008817208,0.8390236765036331,0.13511375912464138
224,0.021308572333014975,0.007254638119239809,7.788382700045935e-05,0.8720930808591194,0.09926582486162523
225,0.023399515536941386,0.0060784571183186906,4.803397257661233e-05,0.8591388798524027,0.1113351135197608
226,0.025401784277592168,0.00673629291450739,6.0949666530309944e-05,0.8954313912522226,0.07236958188914766
227,0.035184760986929506,0.015277716565386458,9.830509840582586e-05,0.8224078775898968,0.12703133975938138
228,0.040994836786265705,0.010644211318283829,9.696717579732226e-05,0.8264151595976759,0.12184882512197732
229,0.034953153981738976,0.02398171309020397,0.00016508303122116552,0.768288031373608,0.17261201852322797
230,0.05192415356486595,0.01183086884260511,0.00016839120757631317,0.6032179126595235,0.33285867372542904
231,0.0158549234843235,0.004451069591311858,9.684106700697784e-05,0.6791483976792886,0.3004487681780692
232,0.03989240722428684,0.005189650122565473,8.09864184980713e-05,0.6799556013965624,0.27488135483808723
233,0.04615553111552504,0.0050535690283740305,4.658130292024143e-05,0.8644384520360514,0.08430586651712911
234,0.03675523966566895,0.007731762406878605,5.999894871716619e-05,0.8236693134839044,0.1317836854948309
235,0.021370018357083524,0.004549181958522551,7.638614386093508e-05,0.780115557674733,0.19388885586580026
236,0.015680821140347707,0.004749106937907079,3.7936332561516964e-05,0.8989129023293871,0.08061923325979663
237,0.03429169612244099,0.006079694218893021,5.902624362948209e-05,0.8707352419710741,0.08883434144396234
238,0.03128384203159227,0.005604990437803775,5.772639418648571e-05,0.8387994806122816,0.12425396052413602
239,0.03541639355814589,0.007699076749140996,5.57946014970423e-05,0.8993128063740983,0.05751592871711784
240,0.03265523131780937,0.012799213412673325,0.00012754162138321488,0.6868125407598099,0.26760547288832415
241,0.015046952767886803,0.005239320887027784,8.797643167488578e-05,0.5995840485363314,0.38004170137707916
242,0.04013221137372992,0.005700138860586135,9.67955151069753e-05,0.46512131147610236,0.4889495427744746
243,0.03469655781289527,0.007207841041796656,6.2034333713589e-05,0.1618094295400666,0.796224137271528
244,0.06100578638660091,0.011420629606327386,9.807339410726548e-05,0.21090517433449701,0.7165703362784674
245,0.27945267924913786,0.01145093752678758,0.0001199931667383309,0.2638606741119157,0.4451157159454206
246,0.036778004902303735,0.015775900914376816,7.183816878041473e-05,0.33079564601613987,0.6165786099983992
247,0.053060920934068626,0.011670824229993942,0.00014327816896185386,0.5215401663301609,0.4135848103368147
248,0.02017348335276436,0.007432678373281797,0.0001962167548617905,0.7036786677246081,0.2685189537944838
249,0.012350902223204797,0.0115280480010836,0.0002635243928455967,0.35550838846805644,0.6203491369148096
250,0.010051505003627273,0.00636290166292004,0.00010311257219082345,0.397919932404975,0.585562548356287
251,0.009769202214313951,0.0066383603621753195,0.0002461369235231164,0.8423517240911695,0.14099457640881807
252,0.008805485831926783,0.005780720122734916,0.00010390774292375192,0.7327906877034495,0.2525191985989651
253,0.017250929861220232,0.009779941248623197,0.0003670924820582705,0.719681526323436,0.2529205100846624
254,0.009584310568928396,0.007129214361898361,0.00011535461039232801,0.46102903974901244,0.5221420807097685
255,0.011263960964115338,0.0071782341399709085,0.00015588043566416518,0.6669091932783874,0.3144927311818621
256,0.02856085648626909,0.012525647284313107,0.00017528849309794063,0.15532541665514377,0.8034127910811761
257,0.010185213679863114,0.008719792837880479,7.367589522863512e-05,0.07245202488762705,0.9085692926994007
258,0.01759115314425104,0.0033101043754503617,4.3487678077417246e-05,0.038598180004712074,0.940457074797509
259,0.02859936821204802,0.007221935866061227,8.842080494342677e-05,0.07993725679488758,0.8841530183220597
260,0.024794858498063586,0.0046498806595585175,7.546424851919327e-05,0.41195150362625155,0.5585282929676072
261,0.03585770326506137,0.0036442476846152206,0.00012741517733143353,0.5184347221134701,0.44193591175952185
262,0.012891210971068767,0.004233039930534007,8.547489147775273e-05,0.3503541425179495,0.63243613168897
263,0.026083264658682753,0.007964476427348995,0.00010702376253402995,0.5710214329315395,0.3948238022198948
264,0.04531464316160372,0.010852465712852009,0.00012264659202550988,0.6434539395173243,0.3002563050161946
265,0.031132009008648306,0.01167484091330802,0.0001593266292721185,0.8698600523291502,0.08717377111962145
266,0.020979387854325536,0.008932656967210394,0.00022528494639186558,0.8876342148729606,0.0822284553591117
267,0.042143753488755265,0.012766067839569554,0.00024087379297774665,0.8679981436766463,0.07685116120205115
268,0.026887024670663975,0.006893616719986816,0.0002508327316117293,0.8732652470807132,0.09270327879702432
269,0.0333700762549966,0.0076869343362262815,0.0002507108976943931,0.9096493439622011,0.04904293454888173
270,0.013870411717093124,0.0038433580596954134,7.903518172022295e-05,0.9508844459339274,0.031322749107563844
271,0.02448163234292108,0.005026392209318932,0.0001356613158960404,0.9352826143600919,0.035073699771772084
272,0.05519994828766115,0.009962427679791858,0.00015085922493813183,0.9081868455795916,0.02649991922801716
273,0.0475437190912069,0.01986326192475769,0.00012236707491521608,0.909419939138058,0.023050712771062267
274,0.045449185393078344,0.03359485931954668,9.139924504458596e-05,0.8565530405046468,0.06431151553768356
275,0.04413418046695484,0.02129805363735488,4.865874438677911e-05,0.8752873415381898,0.05923176561311374
276,0.03724592273331232,0.07434261676926819,8.993311494756249e-05,0.8714383165668039,0.016883210815667956
277,0.03394607610416615,0.02022783047705084,7.23373455338509e-05,0.9086020129930908,0.037151743080158416
278,0.02624544573793563,0.07594521220161132,0.00011662919465213555,0.8545234580902564,0.04316925477554448
279,0.02857594536655561,0.024683202556209687,8.276092300289479e-05,0.8725039722888045,0.07415411886542725
280,0.04879281074447325,0.02505902841972976,8.26172855813356e-05,0.8851273464975628,0.04093819705265291
281,0.06547368011107527,0.032909358288451596,6.506736048918244e-05,0.8698920114085467,0.03165988283143722
282,0.23487741270067874,0.04939348525947611,9.592922544069938e-05,0.6831071926643776,0.032525980150026924
283,0.10633478271977907,0.06624766547020063,9.645083601134996e-05,0.8159896175775309,0.011331483396478275
284,0.13363786545216416,0.07383973178677047,9.339612540555175e-05,0.7451008022214345,0.04732820441422537
285,0.11046191151442294,0.1953053972823888,0.00011096366925042789,0.6843189549082062,0.009802772625731627
286,0.13675415066014088,0.13831612125977197,0.00023301578013711576,0.6882896517370177,0.036407060562932414
287,0.4237198810265512,0.14684027268012112,0.00028964517147853064,0.3503984717256619,0.07875172939618717
288,0.12894854448038032,0.361554561008155,0.0003096713488315014,0.5019707346062304,0.007216488556402683
289,0.10276782228767214,0.33381156486471,0.00025815930663626054,0.5560795847844726,0.0070828687565089535
290,0.046436066030153045,0.8085151618095252,0.001853257707836716,0.13542410076295688,0.0077714136895279465
291,0.06612694812134105,0.425452392329722,0.0013588427183481944,0.49644070721583805,0.01062110961475076
292,0.03803289182659462,0.6655127635036758,0.0028829889659037207,0.2854698803947731,0.008101475309052761
293,0.03746970085356215,0.7759480224497659,0.0038656731082680825,0.16841595012673174,0.01430065346167213
294,0.005997921564808684,0.021177911990347655,0.0005875610800013285,0.008958147719888123,0.9632784576449541
295,0.07168555766338607,0.01441108279692582,0.000414523169084065,0.0926272903714973,0.8208615459991067
296,0.240047821617183,0.01865330437135472,0.0005584244302353585,0.07923375410056187,0.6615066954806651
297,0.6375947997028683,0.03547791876478758,0.0007656121192501702,0.04997283072494648,0.27618883868814753
298,0.19219762688869954,0.03255689549605651,0.0002451485284662442,0.15372149708598712,0.6212788320007907
299,0.02346400919992332,0.003926758277322243,6.801448288044234e-05,0.02769752123678939,0.9448436968030846
300,0.2023908747973725,0.01560889654243156,0.00025793655946932764,0.14944753909960531,0.6322947530011211
301,0.25794147195170336,0.02130029650184727,8.950173791355678e-05,0.1805786399735811,0.5400900898349548
302,0.18106550767066168,0.022754250675476657,9.457389262567568e-05,0.07782275923255583,0.7182629085286802
303,0.2618674227550515,0.08378780096578062,0.00015801261686044423,0.5428296171523841,0.11135714650992325
304,0.1842757340769537,0.07704045591150567,0.0001541322695067108,0.3406722973460402,0.39785738039599367
305,0.28054955625637445,0.07126088609997402,0.00019412347609831324,0.5390453023231471,0.10895013184440609
306,0.16458906633405512,0.33583660314497066,0.00035281882620086095,0.4161000566753287,0.08312145501944472
307,0.1673231311437926,0.05857594593312004,0.00013316175837362672,0.2012458847494521,0.5727218764152616
308,0.2728959491876759,0.12288493256878166,0.00017288780703319235,0.32067798442959666,0.28336824600691246
309,0.3108590752452585,0.3838002692357569,0.0001654653074396964,0.24063897121984748,0.06453621899169737
310,0.31371647071831443,0.3181142240145601,0.0002961120148569545,0.14653517257586476,0.22133802067640387
311,0.5112564621470458,0.05377415945877889,0.000213873915635381,0.17947708249514696,0.255278421983393
312,0.3638867060472203,0.4482727319008103,0.00020770717665038403,0.15392702644505057,0.0337058284302685
313,0.20150787401186196,0.6153107718067062,0.001203994590287013,0.17429890854580607,0.007678451045338776
314,0.15658850313181277,0.45839818165121965,0.0003339542591095603,0.3638569386231921,0.020822422334666066
315,0.1541372407309003,0.5573630673133849,0.0021488152507981003,0.1457515720860846,0.14059930461883208
316,0.24922374170456377,0.25239054531652444,0.0009498393419162844,0.2882644680603967,0.20917140557659877
317,0.18910916715123877,0.530293226253279,0.0019801879564707928,0.08561565825569953,0.19300176038331177
318,0.6164801173241251,0.1230397270216717,0.0005271137795816138,0.18538686398934656,0.07456617788527493
319,0.16569618540095335,0.462596852037667,0.001366699899949712,0.19259317758193853,0.17774708507949144
320,0.5023742722260865,0.0932671076367942,0.0004714001019916647,0.25493963117823504,0.14894758885689258
321,0.30603554548980805,0.12047902346252952,0.00019077221074737235,0.5307863887468932,0.04250827009002177
322,0.39750602380321176,0.13913364648124615,0.0003207830429538888,0.4057946461722385,0.05724490050034984
323,0.21729533842841237,0.19350933215709815,0.00015729915732066432,0.41655325496876716,0.17248477528840153
324,0.17861025878986622,0.28888315941344134,0.00031906302148558113,0.5015260789728201,0.030661439802386763
325,0.2026336295263218,0.110859003595908,0.00017165788212724495,0.5493180966464988,0.13701761234914425
326,0.27141091403010187,0.4427213056564037,0.0006725221771573039,0.1780650001514605,0.10713025798487663
327,0.5141665168985897,0.17122320474824407,0.00021089001695967705,0.2145489298299364,0.09985045850627017
328,0.5504544896657996,0.3236018378136169,0.00013211155501694128,0.11445623256949007,0.011355328396076622
329,0.18321224364981417,0.7441839492288638,0.0008531152801072103,0.04679449883577492,0.024956193005439883
330,0.23210373432047482,0.4468418368515403,0.005532676412803941,0.29575548809955643,0.019766264315624706
331,0.26184185586262104,0.48647150484264196,0.0022843873735606916,0.17345478487024585,0.07594746705093046
332,0.14373888372547436,0.7753389785389959,0.0008324460319394366,0.046621654363947204,0.033468037339643146
333,0.0915413633076654,0.8653983640858952,0.004478499939831008,0.027464496090979926,0.011117276575628476
334,0.27869411612988443,0.21333351625586375,0.0014935215979338754,0.01081749501188261,0.49566135100443554
335,0.1773055361823317,0.8013882478247564,0.0015777047585654501,0.006249701110656448,0.013478810123690283
336,0.30551978129624635,0.42287226357995616,0.008948266356725137,0.02471209204291738,0.23794759672415486
337,0.21322815430608733,0.5650197960103193,0.011556854118914134,0.013686234158505058,0.19650896140617422
338,0.41579561049356195,0.41944895920923103,0.0009862981568984081,0.044492889749414254,0.11927624239089421
339,0.42335048682401266,0.43953905521359415,0.0022783297786254935,0.052666657681165185,0.08216547050260248
340,0.2151277780718379,0.7356121965924275,0.0002134631001261583,0.015935935675517356,0.03311062656009121
341,0.26397541860562856,0.5561182970543076,0.0038775957611892793,0.15854498208565432,0.017483706493220348
342,0.1304948493677726,0.742070166163468,0.002669424119279846,0.10435494764972,0.02041061269975955
343,0.07287752855112982,0.8433487687318774,0.0009701238953623316,0.07555511442320396,0.007248464398426569
344,0.19156935589692722,0.24532328762905684,0.0006042600417553805,0.0645098778007721,0.4979932186314885
345,0.2955483371905028,0.602859762200713,0.0003695908617198026,0.07577909940501787,0.02544321034204659
346,0.16204424775113563,0.7697382355300213,0.0005340986461810341,0.06207643998327528,0.005606978089386896
347,0.49075168110289313,0.3697561088718815,0.0004664838288041825,0.11277053865104553,0.026255187545375674
348,0.24259024523931566,0.49351676596965555,0.001053002534091534,0.08423365756486621,0.17860632869207102
349,0.18798960636900602,0.7366819570847349,0.0005619369824275403,0.0643859255008196,0.010380574063011839
350,0.30676407853330223,0.5997381351005429,0.0006767458050046842,0.04550337107279121,0.04731766948835887
351,0.08652543065898985,0.8944074288951109,0.00036850473281675576,0.013589012076680472,0.005109623636401853
352,0.269314850924637,0.6125358601004581,0.0015870587809027777,0.02073702328113742,0.09582520691286465
353,0.15790182613445838,0.8244205441021512,0.008248527126536046,0.003928240603905366,0.0055008620329488455
354,0.3321912656084554,0.26206559438174576,0.017152495696221626,0.01584494452616581,0.37274569978741146
355,0.3591826580515068,0.5699623756232619,0.015999559913577995,0.009514815564796558,0.04534059084685685
356,0.32140256990674143,0.6107168854479594,0.00732210845137381,0.021073047403903405,0.03948538879002192
357,0.07332289386893907,0.9024381909935784,0.009544772379573355,0.011285937951665579,0.0034082048062437924
358,0.19661811425372866,0.5826983076200867,0.008114294420742024,0.04147036415662086,0.17109891954882187
359,0.35450573932141966,0.38252035117771227,0.002244458097614061,0.21548521952503594,0.04524423187821811
360,0.22262825255278962,0.5399153957517149,0.005846160484973074,0.19911691094979897,0.03249328026072342
361,0.24038307709255538,0.4335972975219684,0.0016684802628606447,0.17225116495347206,0.15209998016914356
362,0.014421562655494762,0.008636485194407257,4.240904868446952e-05,0.01623035154554725,0.9606691915558662
363,0.6362988997252335,0.030837648361632386,0.00017627433337380615,0.08160121307134875,0.25108596450841136
364,0.2958596227479074,0.012549396676620361,6.011976031447824e-05,0.019781712686558553,0.6717491481285992
365,0.38761497775093784,0.015413463997740724,5.898179553798597e-05,0.01631538363834604,0.5805971928174374
366,0.7091392367542619,0.18057643624672381,0.0003954766327962564,0.03686332440502405,0.07302552596119408
367,0.6038910029545345,0.17613340862180035,0.0006962461220290858,0.10160424944424422,0.11767509285739197
368,0.3985220446050395,0.05817159668400678,0.00013877956792352023,0.2488763497832748,0.29429122935975555
369,0.37586288839029935,0.1861742941048675,0.000142825938140235,0.2035731349962785,0.23424685657041447
370,0.23330731938700372,0.6067663786610455,0.00022929235773238397,0.13410899612123195,0.025588013472986317
371,0.012918372501790653,0.005511031893016873,0.00046465013325986353,0.004216677173116167,0.9768892682988165
372,0.3772888534524926,0.011821032087404218,2.660711015884754e-05,0.034157484937780834,0.5767060224121635
373,0.3965696649359868,0.01747828877239538,3.386268992921105e-05,0.024316537435965808,0.5616016461657228
374,0.6670003262027286,0.0755815869217384,0.00014216258227399935,0.03172222047172171,0.22555370382153728
375,0.6147037333499773,0.043594918378608946,2.907769657089112e-05,0.019422163865861455,0.32225010670898147
376,0.5634010798433142,0.3558755431418148,0.00024187521574036444,0.048327683936760776,0.032153817862369934
