epoch,N1,N2,N3,R,W
0,0.014499432026715945,0.0104321920381945,1.2111663044184545e-05,0.0015843310695975465,0.9734719332024478
1,0.006968390322699148,0.002588260740922133,5.735117210178025e-06,0.0011217449048978546,0.9893158689142706
2,0.013481603582287286,0.004410805947086986,1.1869823696549093e-40,0.0018600181821652598,0.9802475722884604
3,0.016466680361712623,0.005910634795839443,1.0462344305323036e-05,0.0010050718295757444,0.9766071506685668
4,0.030069252590569064,0.010066976636863758,8.199064327000855e-06,0.0011511965545925023,0.9587043751536477
5,0.01598406222210709,0.008428542140383513,8.721769317241393e-06,0.001165365168430897,0.9744133086997614
6,0.02112891745736802,0.004055187247954235,7.90636990711496e-06,0.0009669059499477424,0.9738410829748229
7,0.02204606073173825,0.004705366713859315,8.678224321844766e-06,0.0012566044895537772,0.9719832898405267
8,0.03574544133112773,0.007499042875535533,4.777127579660274e-06,0.0032849174557169295,0.9534658212100402
9,0.012291862567749712,0.0016866633813966698,3.922389187003504e-06,0.0008349243878487402,0.9851826272738179
10,0.022532697386246164,0.003301614302719108,5.252491588515e-06,0.002640790414826416,0.9715196454046198
11,0.08778600878849088,0.001659013139528012,9.890028392994178e-06,0.00019674806528945,0.9103483399782986
12,0.055560406941934086,0.0018677096460733716,0.00015445027403444708,0.00043870726571214086,0.9419787258722458
13,0.0559748098109711,0.009210004737420483,0.0001330057482724271,0.0011548242903848727,0.9335273554129511
14,0.08565586635681224,0.007773373212329674,0.0002124451514395136,0.0008489724541775244,0.9055093428252411
15,0.035624107606471465,0.0025380455904149804,0.0003497469525880755,0.00034190771739449365,0.961146192133131
16,0.09439437005038372,0.012080371271623617,0.00015051900861903593,0.003164476197765179,0.8902102634716085
17,0.003847437449833722,0.002497339182044225,4.680294240893697e-05,0.0008246997897755526,0.9927837206359376
18,0.041509774422401495,0.0017314422944011815,8.522012324324454e-06,0.004654090682778242,0.9520961705880947
19,0.06183439668372794,0.005246289950973321,1.1188498357936873e-05,0.004919513264138611,0.9279886116028021
20,0.03521567588869656,0.004648432795539603,8.652521300450184e-06,0.0013151105671060383,0.9588121282273573
21,0.06487818748230155,0.008979349222422843,8.044529617829833e-06,0.002123578647044904,0.9240108401186129
22,0.09629037788272932,0.006595109840135663,9.374088710997924e-06,0.004973521772161329,0.8921316164162627
23,0.13643435926277744,0.04435677500566853,7.076380724120418e-05,0.005892509914585709,0.8132455920097271
24,0.05985381149173755,0.006963541322254861,5.889667205034397e-06,0.0028959767366217607,0.9302807807821808
25,0.1427263168130111,0.03762046731590188,0.00011786455218616712,0.002763239211065237,0.8167721121078356
26,0.06802234819502595,0.005060635008735068,3.405697901508062e-05,0.0009086601366256359,0.9259742996805983
27,0.3585065629505609,0.09137464533087668,0.00016293809490294139,0.009496616182101713,0.5404592374415578
28,0.4187305475993751,0.04316386768382518,0.0002724834880148557,0.006608875346121311,0.5312242258826636
29,0.7190358598640391,0.05160138038061097,0.0007513482772446754,0.019287358359203175,0.20932405311890237
30,0.2769322438189289,0.09618801522650318,0.002213747512306199,0.03899767149939478,0.585668321942867
31,0.15543447792955592,0.07365557994063296,0.011471967955614813,0.023745921270303377,0.735692052903893
32,0.5787953871230397,0.14000330266408267,0.009333934460180918,0.06762071197657735,0.20424666377611936
33,0.4990417428783676,0.2180173393183726,0.009766776341507489,0.04467068323045111,0.22850345823130136
34,0.4264926128186838,0.1341263719350778,0.003882672907055554,0.03405941477328887,0.401438927565894
35,0.5875254143768583,0.256728921889671,0.00724528616020784,0.029235064235984706,0.11926531333727826
36,0.6556651306883009,0.18238778702089928,0.003008173496195736,0.04400246797122843,0.11493644082337558
37,0.5962457347261539,0.2649286721319055,0.005037647313578459,0.051707268077846466,0.08208067775051563
38,0.3227624253803904,0.4004373005111076,0.0019742884351136025,0.15458475469297353,0.1202412309804149
39,0.2361213557713679,0.7210421043335141,0.0027887091140469927,0.012973131921784455,0.027074698859286497
40,0.5262269995280782,0.3673718174877015,0.009705502007828472,0.012320348166506425,0.08437533280988542
41,0.5967859265539727,0.31755800002016316,0.005057695499511923,0.009448828319471105,0.07114954960688122
42,0.32372129663980614,0.5059325574337887,0.007409451296813406,0.019436504950414615,0.14350018967917705
43,0.16347689657315503,0.721567201261204,0.027963298061060776,0.011349719703228353,0.07564288440135175
44,0.2303308524934834,0.5932033689974893,0.030683644257798293,0.004820641043254545,0.14096149320797446
45,0.009379021845519066,0.030003183436845368,0.009815043504255036,0.00019661282719749795,0.9506061383861829
46,0.43344789527367994,0.06831390916034076,0.0009576870653783498,0.0010453637135153882,0.4962351447870856
47,0.5127537034549284,0.15497027512115896,0.012183928222048258,0.000717264654471576,0.3193748285473929
48,0.5667533127693551,0.19113760199189062,0.05588564306200872,0.0006550307651762966,0.1855684114115692
49,0.3144598852709752,0.6231095535180133,0.018085441640361126,0.0029540134193068467,0.04139110615134348
50,0.15260615707309422,0.647829687601975,0.15344765253741988,0.004903180045502874,0.04121332274200798
51,0.13944053568113318,0.6308253520360545,0.1847287845631884,0.007602741938105532,0.0374025857815185
52,0.12752173029282318,0.6791100882506366,0.16867247341878733,0.004646695240827896,0.020049012796925062
53,0.0780340044157434,0.540482896035906,0.3644805189737538,0.0036851560135662442,0.013317424561030605
54,0.022628908829295236,0.5098460784265516,0.4504708957100747,0.0015974633463871847,0.015456653687691481
55,0.036262071940839774,0.4451826075159067,0.5083221192704727,0.002016731914481457,0.008216469358299438
56,0.11028531239595213,0.6288138462882494,0.2227993071790689,0.0052247879174777195,0.03287674621925181
57,0.09252227539467538,0.4898032153837038,0.39623395201061107,0.0051068822304509475,0.016333674980558592
58,0.08112691577770202,0.530490128548607,0.32670360812214777,0.004661491341368478,0.05701785621017469
59,0.08207316422010841,0.5008019211467433,0.4074752047905594,0.0008182909433679959,0.008831418899220986
60,0.017489491617771406,0.4031333499635813,0.5751554063035961,0.0005385934485417853,0.0036831586665093357
61,0.018880979219485273,0.5138698651887841,0.4614277560787377,0.0005475251314504838,0.005273874381542527
62,0.0033327632211386793,0.14257900655717784,0.8525692818086249,0.0001486997404901365,0.0013702486725684607
63,0.006940959781540289,0.10001646500275473,0.890175463801654,0.0013462993642326514,0.0015208120498182926
64,0.013990451148514466,0.15431724288599843,0.8273469156064597,0.0015024896193309729,0.002842900739696496
65,0.016492323209477317,0.1181829805357531,0.8602462942438506,0.0017146908069226622,0.003363711203996529
66,0.006998768309320358,0.08799786410337189,0.902855603354133,0.0009757687128202632,0.0011719955203546785
67,0.01092382820385139,0.15068142628468176,0.8260041232786435,0.0070169115063480605,0.005373710726475237
68,0.0057331414668220435,0.07466925681343177,0.9156161330604868,0.002048758846714152,0.001932709812545297
69,0.013318268060098833,0.14157984901548243,0.8386728791465111,0.0008605261655866015,0.005568477612321103
70,0.008457869966867265,0.14207817917825868,0.8455402563875728,0.0009590442751963289,0.0029646501921049132
71,0.024830611345847933,0.4811605253548947,0.47345798475177076,0.0026646153557703402,0.01788626319171658
72,0.016645777977318817,0.2433584670899686,0.737139258415487,0.0006624634747499896,0.0021940330424754886
73,0.008769230431810781,0.2230927497266633,0.7661492542158151,0.0002607974518322006,0.0017279681738785937
74,0.03709560722474877,0.4911545502490765,0.46220516735220574,0.004564006050527909,0.00498066912344113
75,0.013943283762997687,0.2868786669804473,0.6945928961590513,0.0012630049165997907,0.0033221481809040635
76,0.003010495788520143,0.07708997938508752,0.9161437009460214,0.0010442344400946194,0.0027115894402763487
77,0.005062620355804761,0.06258223952523483,0.9301169311705579,0.0006678081062682773,0.0015704008421340368
78,0.0019502669192286192,0.018634438312959196,0.9784987075995545,7.324837510238312e-05,0.000843338793155114
79,0.0036472464740856234,0.05093139999707995,0.9443017543193127,9.304867765982e-05,0.0010265505318617705
80,0.003558426919777156,0.06846246627043824,0.9251336612375879,0.0003891830346656704,0.0024562625375310243
81,0.0026517119473693815,0.06584667263194449,0.9291204282803338,0.00023268333535263937,0.0021485038049997352
82,0.0033432691443845623,0.05332437050256007,0.9414534905574121,0.0006987148496822573,0.001180154945961136
83,0.0036965257841805686,0.035443784046452126,0.9564484772742894,0.0009617969420141807,0.003449415953063665
84,0.034790911414335574,0.11038690985348668,0.7836901559246272,0.005515288778063645,0.06561673402948698
85,0.02261429699138831,0.1149821929061872,0.8206129531219207,0.006351233366905762,0.035439323613597966
86,0.2213841534236755,0.4434424596034096,0.13323941159098143,0.07210601895633538,0.12982795642559813
87,0.14522247473135874,0.5137178937472706,0.2728968300287217,0.02053308119577448,0.047629720296874324
88,0.09330192813805362,0.7098753235029396,0.15942853749699248,0.015634486841786182,0.02175972402022811
89,0.40663400887926443,0.5337019714868952,0.007403708546776265,0.01679026306772585,0.03547004801933808
90,0.27743157138654506,0.6547463370123002,0.026115883475925816,0.023551018736691694,0.01815518938853723
91,0.3677409028556986,0.4491710459983494,0.026662879554985915,0.020743608934410906,0.13568156265655515
92,0.36469047728032167,0.5637318988474159,0.009423152279859388,0.0057275619989329,0.05642690959347015
93,0.20113361974245278,0.737810066504467,0.005131422262989181,0.0045366623811794364,0.05138822910891156
94,0.4811144115850992,0.4019467689576376,0.0037687295774632428,0.00926653419737211,0.1039035556824278
95,0.41158421250962873,0.2427590515283565,0.012193063127343029,0.005769057007741607,0.3276946158269301
96,0.020509489401257106,0.10047448198183649,0.018731846932723104,0.00047231647033736787,0.859811865213846
97,0.06965174213516999,0.025891088029179516,0.0002211876345057748,0.007358815831229076,0.8968771663699157
98,0.2653351913484046,0.03166313226035634,0.0005616069315053818,0.01477481019548254,0.687665259264251
99,0.16418734105697247,0.07988735280691527,0.0009232805180427544,0.02172173906658185,0.7332802865514877
100,0.41917116385913866,0.14843340922722137,0.0010725161797832546,0.007112268096238996,0.42421064263761776
101,0.01401113084608302,0.005942299629441393,0.0001963827038372912,0.0005506812748122049,0.979299505545826
102,0.06519033676900506,0.011339437457311537,9.318090557081758e-05,0.004103656237480823,0.9192733886306318
103,0.3645402221533164,0.02295392052700254,0.0002484754679106727,0.0021311431936192216,0.6101262386581511
104,0.5900601594480271,0.014229501628441367,6.944306764713975e-05,0.0022970840654808755,0.3933438117904037
105,0.7331148223017159,0.13333734790169235,0.0024027697294265672,0.002051836231889709,0.12909322383527538
106,0.47417923765685427,0.07646570351413459,0.0018515041599460101,0.006013724598536242,0.4414898300705289
107,0.5287804955118248,0.2607922821149604,0.010683465964530757,0.012254708151211817,0.18748904825747212
108,0.2796675375962204,0.4016112687631755,0.042858856115472535,0.01774350161516192,0.25811883590996965
109,0.27920812405456025,0.1793285977668043,0.025247208966956564,0.005927901297504274,0.5102881679141746
110,0.16239268244469235,0.6267708492726295,0.06338217224119405,0.012345764163140434,0.13510853187834362
111,0.3194249021969161,0.41022687652128204,0.037045912876649656,0.012733423849809355,0.22056888455534293
112,0.18044551038422796,0.6069639595740245,0.07385646367882141,0.010871314830903357,0.1278627515320227
113,0.20640667005460323,0.6356131941454346,0.09719046173937543,0.01949119240420367,0.04129848165638309
114,0.18290247247834135,0.6574574434890187,0.11635696159960805,0.010426032720898686,0.032857089712133206
115,0.23300868903761543,0.5597296222647388,0.06433054111722286,0.0344769675764874,0.10845418000393563
116,0.24931172410135205,0.38300497047609344,0.04980326204932231,0.026309232513220305,0.29157081086001185
117,0.1997443342634937,0.6265738013276363,0.1412349855507994,0.020768067808632613,0.01167881104943802
118,0.18744641788449506,0.6611549928651084,0.08105107956159929,0.03344905475951939,0.036898454929277805
119,0.10189346419319162,0.673250179841221,0.11073193845800348,0.015208787020605727,0.09891563048697796
120,0.1693429797273375,0.6525666271426268,0.0863630751729791,0.0668350282428002,0.02489228971425651
121,0.3136863741522473,0.3994957194086218,0.00871250138087462,0.15328402795488175,0.12482137710337461
122,0.150232976430016,0.6410693079890928,0.013444465560599314,0.06974589777010212,0.1255073522501897
123,0.19315075214150898,0.5052998445287435,0.009876218194162664,0.09871414165025232,0.1929590434853324
124,0.18955110727971408,0.13052386157851503,0.00735674125949419,0.05724779287480222,0.6153204970074744
125,0.1716843664059279,0.08870940839127923,0.0022983460490522746,0.0781337143867933,0.6591741647669473
126,0.41043692583125957,0.1868649458288741,0.010827584059421205,0.0596056386597375,0.33226490562070754
127,0.3413681441889286,0.11775184222187508,0.008187519507568118,0.10501667517670925,0.427675818904919
128,0.319818554921442,0.1267101958492747,0.009811227489273093,0.12089906581072886,0.4227609559292815
129,0.20625729938467038,0.06914576645525806,0.008321743087709416,0.05375982420296874,0.6625153668693934
130,0.3641805465687887,0.07789814456463533,0.0033103314348098224,0.058584482485096366,0.49602649494666984
131,0.12266074990696299,0.04702199461796299,0.0006525312174986498,0.02864226420778275,0.8010224600497927
132,0.33459273627428654,0.07134105632760454,0.001426018587485626,0.07808634988857349,0.5145538389220498
133,0.1581790973363098,0.04740851420974567,0.0016993358681709173,0.022583946990903825,0.7701291055948699
134,0.12816179729490157,0.03242787442295987,0.0013822177611369573,0.021571279484125003,0.8164568310368766
135,0.02838491062620675,0.012260387397369581,0.000737716345883488,0.013303728653768637,0.9453132569767716
136,0.10413955022317603,0.028041776679570835,0.0005320364260005065,0.09389595026264745,0.7733906864086051
137,0.011894982488420646,0.006791137060835216,0.0002575461175975207,0.009164461518635389,0.9718918728145113
138,0.1353003657320815,0.007200549454898879,0.0012029180926384,0.02031201296393598,0.8359841537564452
139,0.05432001912593858,0.004805496190224973,0.0005550219234255241,0.015696891244183313,0.9246225715162276
140,0.05808190051688438,0.0073936502419605955,0.0004099148390003112,0.03345366434858849,0.9006608700535662
141,0.11951972795602052,0.01118883296059201,0.0007082976221255606,0.01881943689502715,0.8497637045662348
142,0.16810035937676393,0.011379995917771812,0.00022664275178361164,0.018951908620207788,0.8013410933334729
143,0.10412820424343625,0.008597854588497928,0.00044057275038462317,0.027417159283002313,0.859416209134679
144,0.08529464007994512,0.008746086556863744,0.00011827895232619423,0.09954834623241585,0.8062926481784491
145,0.14771189031565082,0.008528729062112874,0.00013114739597721597,0.014114381104579285,0.8295138521216798
146,0.22740030644644135,0.021042586135385778,0.0002388463291369352,0.02918959690517331,0.7221286641838627
147,0.23792261675683463,0.03043120652883321,0.000331542022702005,0.2215928702794009,0.5097217644122293
148,0.15684972892219848,0.041596027554510286,0.0013652338216127422,0.12067473675898045,0.6795142729426981
149,0.2123462595499398,0.02255144442732789,0.0008347393832106744,0.0967242298751673,0.6675433267643544
150,0.13851913147378958,0.07180369025761135,0.005286572744085672,0.11852893812954798,0.6658616673949653
151,0.0745764102921073,0.01380495849496943,0.00020994489069658828,0.08147906611643232,0.8299296202057944
152,0.22605015776544626,0.04342768626178164,0.004146346926202878,0.0738730984607785,0.6525027105857908
153,0.22179012109087393,0.04118593797012796,0.000512486346375197,0.053423662161966076,0.6830877924306569
154,0.2047639281713519,0.035347901405167456,0.0002423306223468375,0.059643390248063026,0.7000024495530708
155,0.4913733263437166,0.11483282999183712,0.001922659008156947,0.02178952780205853,0.3700816568542307
156,0.6139628308735356,0.06875042097439149,0.0030862970086653597,0.015775013938653246,0.29842543720475434
157,0.18408253206732372,0.04127412562633393,0.02808132637680951,0.010443896989752758,0.7361181189397801
158,0.15895114708388303,0.026823986141922294,0.003074547496148891,0.003859285449023783,0.807291033829022
159,0.26044318779262116,0.038214544939781846,0.019094981697172848,0.008178525137689819,0.6740687604327343
160,0.13477347444724858,0.022635907786150093,0.002378985628146193,0.010928360349525025,0.82928327178893
161,0.31520798108157894,0.045563583988634755,0.004048217217027065,0.021200929438826187,0.6139792882739331
162,0.15254303524859056,0.034803839663370716,0.002043664035389414,0.009944267458623202,0.8006651935940261
163,0.06028227851751192,0.016929389983467845,0.0001761532216231095,0.013609693553237906,0.9090024847241592
164,0.3392342618820027,0.027813513673934975,0.0008755612812985292,0.02264696512733211,0.6094296980354318
165,0.253561774292075,0.04324237966055633,0.0014304854009933982,0.017932363638007792,0.6838329970083674
166,0.186048959082005,0.020345396497623163,0.00029497939473626793,0.05419248486874358,0.7391181801568919
167,0.22437150298233863,0.030186694488988912,0.0008691821369614403,0.004520696905512778,0.7400519234861983
168,0.2721529053265458,0.03565410527947033,0.00042469951684755223,0.008672589229114418,0.6830957006480219
169,0.03909593968128888,0.014449048278612436,0.00017620954339603618,0.00938955150819659,0.9368892509885062
170,0.1549041871063378,0.03651143618119936,0.002231042159406714,0.012175095813005275,0.7941782387400508
171,0.14571229696751722,0.031723909838721136,0.00202361857330759,0.02069626802942744,0.7998439065910267
172,0.11064435558984738,0.01673995853516565,0.0011773810763932404,0.03441890406308568,0.8370194007355081
173,0.051215307845041726,0.0100161139022468,0.00019403876279580783,0.013095510435104726,0.9254790290548109
174,0.31951146547285847,0.01029719740000335,5.51669252489623e-05,0.06023996849685467,0.6098962017050346
175,0.17039652737309482,0.00988618221192834,0.0001641061490462792,0.024831955390964243,0.7947212288749663
176,0.2837011102451892,0.005544176962624434,7.72205471562862e-05,0.037481260545711284,0.6731962316993189
177,0.1885982493365548,0.011494762188429673,0.0002555393549426698,0.11937560000224307,0.6802758491178299
178,0.23602158112048932,0.009880386679307025,0.00010568776566931691,0.0730516967714537,0.6809406476630806
179,0.057909829084388235,0.004630509783274776,0.00012665279285437405,0.10918071678941478,0.8281522915500678
180,0.15599525417640958,0.004859689701378746,0.00010013448033063232,0.14511876041326854,0.6939261612286125
181,0.31693536372551995,0.008834498509337976,0.00020386417023504554,0.07535760417548462,0.5986686694194224
182,0.24731349592123322,0.006321690986754303,0.0009542278012609984,0.07955513755251804,0.6658554477382335
183,0.08668410262065702,0.007011350560621615,9.920398613129941e-05,0.3774435720353801,0.5287617707972099
184,0.056420476157711,0.005676103646125265,6.393882230995824e-05,0.07431816040858803,0.8635213209652658
185,0.03096613421272601,0.0023263150447807327,3.548573953168819e-05,0.037499410920154456,0.9291726540828071
186,0.021353587319767733,0.001680598607105917,9.309061207207165e-06,0.1333725251685256,0.8435839798433935
187,0.03134848625661178,0.0010934201804537306,1.8093508543279086e-05,0.031966322750276416,0.9355736773041148
188,0.021707922583546906,0.0049848176731179285,0.00027423674700860994,0.003965890135234648,0.9690671328610919
189,0.015045077952755948,0.0012040225716056338,4.098533855636929e-05,0.009013777782712094,0.97469613635437
190,0.035164957693123375,0.004758863161275955,0.0001234055858283923,0.04083053455128317,0.9191222390084891
191,0.08688983705073762,0.013354150151122133,0.0005209691653673996,0.03445799024900701,0.8647770533837659
192,0.08685733131372185,0.025920907043343926,0.001144705455560048,0.03023032964269262,0.8558467265446815
193,0.01768653972090361,0.008115970053888364,0.00033637196384659354,0.015956983087396293,0.9579041351739651
194,0.1441301570249801,0.028524922769775772,0.0047485621624485256,0.018363923670343986,0.8042324343724515
195,0.18020818311779724,0.02855257044133369,0.007322314285427004,0.012741062433550849,0.7711758697218911
196,0.07666405524726976,0.01144428852276243,0.0016068859914489938,0.005137856734106097,0.9051469135044128
197,0.2610345937487634,0.01867457632287288,0.0050318102749943305,0.007772695167098596,0.7074863244862708
198,0.3953748753521019,0.06627050607087989,0.001927685693609222,0.03534700240575634,0.5010799304776526
199,0.2470975673386496,0.050831174459757156,0.0001450068613094492,0.1388887626538068,0.563037488686477
200,0.4463661202049489,0.05708445200801539,0.0005607864381368952,0.02064621008242263,0.4753424312664762
201,0.1693205094534213,0.0469954543741168,0.00023074798372317058,0.04234266421569213,0.7411106239730466
202,0.19165087232389977,0.049115855006716065,0.0016048121138450538,0.02849596396106778,0.7291324965944713
203,0.36819478989155224,0.11388306221762769,0.003851511501479118,0.032080709925804224,0.4819899264635366
204,0.5245755496753904,0.11743717283978834,0.004220546447645293,0.08810670707070715,0.26566002396646876
205,0.08161546857700926,0.04270700119013112,0.0007262717379806833,0.07555031951906128,0.7994009389758178
206,0.4897040924757833,0.09398473597863118,0.002572998374238761,0.0980793658858593,0.31565880728548734
207,0.6852027733674121,0.06943585683595038,0.0009682468428400613,0.07695292601833709,0.16744019693546053
208,0.3528387590129496,0.05451754420624835,0.0002168956439294,0.02943953775309671,0.5629872633837759
209,0.6671082000933587,0.21759301817586524,0.0038887129888727162,0.06634912275309553,0.04506094598880772
210,0.5804107488384896,0.23315598536372448,0.0023273225731468648,0.13991967028398783,0.04418627294065125
211,0.4032134131476884,0.35630984128608384,0.0015500866534223724,0.19629531409389028,0.042631344818915125
212,0.25834646666789257,0.3806238395046594,0.007401744606781755,0.29411524984494786,0.0595126993757185
213,0.09785383259645482,0.09377363735282196,0.0007642704468049126,0.04678593832856754,0.7608223212753508
214,0.6620857011841473,0.17899658832336113,0.0014515914848527475,0.04724338313769842,0.11022273586994033
215,0.7489897368978045,0.18314740169510585,0.0005787991601636259,0.017057538148418892,0.050226524098507086
216,0.5224115941650596,0.42222727346131694,0.002325112922799004,0.028432257015467446,0.024603762435356863
217,0.39113020292146783,0.350750515673655,0.005089308769424673,0.05878865518080826,0.1942413174546442
218,0.25862655109898686,0.6373954415727292,0.019898073786722228,0.03903468961741145,0.045045243924150366
219,0.40298546085571657,0.4867861579198238,0.015186298301748377,0.034711427761628236,0.06033065516108303
220,0.2255245163126392,0.7082951804612404,0.02226020951022457,0.02058305156574637,0.0233370421501495
221,0.22669537654020852,0.5063055559968983,0.019477714641363778,0.045231752278350724,0.20228960054317857
222,0.2792924111376973,0.60504105637299,0.009549594909993204,0.03018335247430477,0.07593358510501477
223,0.2587176365713608,0.6082305326762414,0.015252154748865968,0.04124584586325867,0.07655383014027307
224,0.4656502583488807,0.42148747015975013,0.027047775725959053,0.017501879499689,0.06831261626572112
225,0.1926183445607277,0.28072504937861337,0.014584022547756386,0.027954921228750335,0.4841176622841522
226,0.014653241982684126,0.012335138981217342,0.0009135270286017447,0.0010827214613630203,0.9710153705461337
227,0.46962359049397007,0.07137080200516988,0.002250573647541498,0.0034999230794279393,0.4532551107738908
228,0.6245699541678864,0.26930746030858294,0.002398093678454205,0.0025618030927665684,0.10116268875230991
229,0.5679174214165522,0.30742001039941635,0.024847054170622114,0.0015314654194508422,0.09828404859395844
230,0.21437538083126095,0.7488232691049105,0.009190066038224491,0.009992110077001948,0.017619173948602084
231,0.1015442846221866,0.7860908178656038,0.09759495319979866,0.007153752020696523,0.007616192291714366
232,0.0380712664877273,0.7422839102141479,0.20902651804502453,0.0050036574803656786,0.005614647772734549
233,0.051010355982006275,0.8619695516641869,0.07565771558676453,0.00498647060601549,0.006375906161026808
234,0.035884851068815865,0.8437582577202279,0.10985646624349014,0.006994967628274418,0.003505457339191456
235,0.04567479108005435,0.8156792832169611,0.12329965511931408,0.011059197803796456,0.004287072779873928
236,0.08647644974343874,0.7698767452413511,0.12896204363344752,0.00813273565085333,0.006552025730909297
237,0.02471922998427561,0.7548670617006463,0.21270822487013152,0.0045834470660852215,0.0031220363788612374
238,0.03925445220011115,0.855233558201289,0.09789472624146224,0.00556379415023623,0.0020534692069011577
239,0.04822107323348677,0.7185692681305696,0.22614243561865982,0.004129390846386879,0.0029378321708968887
240,0.002428584446806427,0.112259930466663,0.8838349593796834,0.001186444032933198,0.00029008167391414696
241,0.012038677003188392,0.4197647889228416,0.563194542667546,0.003382861258249078,0.0016191301481750069
242,0.013180719668311058,0.3272903496495252,0.644779602923964,0.009954494425149686,0.004794833333050069
243,0.022875345333289897,0.7247066475864652,0.22696650025518417,0.019806377036130342,0.005645129788930436
244,0.023250731504388524,0.8190789205664186,0.15003754281179013,0.00470939493626061,0.002923410181142094
245,0.00838994541762144,0.39392754893876236,0.5919577447402716,0.004104653717162574,0.0016201071861820814
246,0.0036661420352832284,0.20973443434996317,0.7845512804016539,0.0011109439699421532,0.0009371992431574141
247,0.008527126822767761,0.3974802975081523,0.5899021467017971,0.002275629899156253,0.0018147990681267041
248,0.002311861169289178,0.24544842575591372,0.7498613537400435,0.0014427960162004612,0.0009355633185529885
249,0.002646863740406904,0.14710478454099432,0.8487209012289966,0.0008485814638723727,0.0006788690257298017
250,0.002913592015036392,0.24059367563480383,0.7540465851249363,0.001488025742023976,0.0009581214831994379
251,0.002739114490091665,0.2133476191674431,0.7819654991710054,0.0011214196675933762,0.00082634750386635
252,0.004746605781422249,0.24914962392665166,0.741889149761739,0.0025106648654440655,0.0017039556647429868
253,0.001887325482226645,0.06674011161318555,0.9291920162342687,0.0011021316841130532,0.001078414986205977
254,0.002431573490224396,0.10953790364935469,0.8865537149205551,0.0009658898512353041,0.0005109180886306725
255,0.0011361407355165738,0.0737970866234437,0.9239640364445317,0.0005594659736231529,0.0005432702228847234
256,0.0028334206244486084,0.08281309362496941,0.9130556374357628,0.0004506156391560622,0.0008472326756632918
257,0.002516266227808128,0.04055783374355231,0.9533680231732595,0.0015319142845149336,0.002025962570865154
258,0.0018036091833233507,0.06636668377593899,0.9276032762564432,0.002157017647728472,0.0020694131365657994
259,0.0012348508170375533,0.06416383958673925,0.9323549453467851,0.0009308694726325552,0.0013154947768055573
260,0.0007499542653801719,0.03911243494467872,0.9591542544657485,0.0003484191248033228,0.0006349371993892273
261,0.0012574322676465355,0.04254018638945111,0.9545132134935845,0.0011029227571572753,0.0005862450921605013
262,0.00549585510722372,0.1436606867223593,0.8418666266249037,0.005136663471813856,0.003840168073699349
263,0.004597738333831335,0.09743839402736919,0.8916411712728458,0.004013917886355745,0.0023087784795979894
264,0.014088848278939269,0.4353051821039675,0.5414946566969053,0.004503917683292462,0.004607395236895468
265,0.021035760442312052,0.2955759050047195,0.6715415370557726,0.007724135479543367,0.0041226620176524325
266,0.019971008126163717,0.37381523140943895,0.5849613771705882,0.015591102294769683,0.005661280999039503
267,0.05501243142052058,0.84578319906219,0.07234125460995157,0.01379341340264107,0.013069701504696702
268,0.0743083174867525,0.7027251119200147,0.15884331960773626,0.03983959657872186,0.024283654406774643
269,0.013589675978921873,0.5012435484531346,0.4742173877689672,0.007775152089181077,0.0031742357097952725
270,0.05499206452820732,0.8083576397375167,0.09939511642468211,0.020411390061456546,0.016843789248137363
271,0.062394693115682145,0.7207925951934254,0.19115428701172066,0.01702514280305932,0.008633281876112493
272,0.03190950408921569,0.7000891691548722,0.23634818788217915,0.012017222581681454,0.019635916292051657
273,0.12501572903797065,0.6367713479647822,0.08800037720406217,0.033229615808765114,0.11698292998441988
274,0.15792800366286242,0.6640601052370513,0.08546074523460265,0.023899569275423676,0.06865157659006009
275,0.12429765010562616,0.7575258848657279,0.03789197589443212,0.013027963625984818,0.06725652550822894
276,0.13096502344035296,0.6820630912259504,0.05900657389155404,0.020252672991033133,0.10771263845110948
277,0.21342365417071413,0.612587595196372,0.057484375867737136,0.02378443179688354,0.0927199429682933
278,0.19281851460352947,0.3960305680427575,0.022685148444713258,0.02022599020369772,0.3682397787053021
279,0.5218272913317646,0.12384148742687967,0.0002582061306595481,0.008503134583294821,0.34556988052740123
280,0.35725429338794523,0.5927202663885528,0.005846472710185295,0.004318285821164969,0.039860681692151866
281,0.49414059369854835,0.45426505072220696,0.006355404118257632,0.007033913106887319,0.03820503835409972
282,0.4975288097806393,0.4449131230881455,0.0074591045035449065,0.007587973834215008,0.04251098879345522
283,0.13409621402247207,0.7722599373381935,0.041099994511212996,0.014808376689368496,0.037735477438752774
284,0.21508661002589013,0.7401334106927994,0.015330483537839728,0.011663309378610239,0.017786186364860544
285,0.2932815069364775,0.6136891939403064,0.018018819946642357,0.025898922856216585,0.04911155632035717
286,0.06515836271726262,0.7494747647653504,0.1647475390324019,0.012233298442755178,0.008386035042229902
287,0.056039688229880806,0.8685596592028397,0.054557673712245965,0.006258300456204891,0.014584678398828575
288,0.1920247385856552,0.6724348731696698,0.04781506031077381,0.013209756507664138,0.07451557142623709
289,0.060983466292321334,0.6686804314767377,0.25914529691057797,0.005304458053897389,0.0058863472664655156
290,0.10452543993354825,0.7605138806152779,0.08630236542668794,0.014950114432532302,0.03370819959195366
291,0.15484705938255916,0.7439051947173644,0.06610183950263959,0.0073013531781232766,0.027844553219313724
292,0.15004851723935328,0.6603020142011813,0.09367720912410629,0.016051292989359568,0.07992096644599954
293,0.04693881765890878,0.18396894474682185,0.014683513940865676,0.0004888581273349634,0.7539198655260687
294,0.17960003948787967,0.07214945265484629,0.001241111268439385,0.00014125003586941027,0.7468681465529653
295,0.5497515636896072,0.4273850101228991,0.006411847046918745,0.0003849920833899347,0.01606658705718497
296,0.37386375017105555,0.5566525410281551,0.06193217098137696,0.00093128360088512,0.006620254218527158
297,0.1544454812225235,0.6787277084928798,0.15150477976761642,0.00960279030312021,0.005719240213860247
298,0.052466543420112435,0.7654326480825122,0.11931254947517164,0.058196936680254455,0.004591322341949221
299,0.017929556824187856,0.7145202496620535,0.12384720868596244,0.14048124906809298,0.003221735759703117
300,0.06086812958947237,0.5303009112262708,0.14790384009731994,0.25094225643955453,0.009984862647382294
301,0.03966702026200217,0.2967179738885606,0.05495458508183666,0.597292166354761,0.011368254412839649
302,0.04550556040975838,0.20861085797625192,0.0006053364880438278,0.5696159530423899,0.17566229208355602
303,0.07856610791800295,0.13094879370986787,0.008587893746930461,0.6391885005776512,0.14270870404754757
304,0.11497142643172427,0.13936992432292322,0.00046615526997932936,0.5148928601475733,0.23029963382779986
305,0.18168849659423683,0.0983316485761845,0.0002668936588259056,0.5186899775221417,0.20102298364861093
306,0.23950391543023197,0.20579289562559605,0.00041307548436174445,0.43405779853785925,0.12023231492195108
307,0.2076881438128242,0.2859996449605775,0.00023793129465083364,0.43578725602759955,0.07028702390434788
308,0.1795227479872614,0.0795402313175897,0.00011301580641392679,0.6733102259813211,0.06751377890741399
309,0.2656502965498039,0.11064251268062113,0.00017935633929172157,0.513411807702561,0.11011602672772232
310,0.27668931128978147,0.056002509161427,0.0001300856956887988,0.5880504756187698,0.07912761823433298
311,0.3948024124659718,0.07017940159274684,0.0001400532061174293,0.45444746638439887,0.08043066635076507
312,0.30533831168595954,0.07786021697863862,0.0002857569449656594,0.45751458080033724,0.15900113359009896
313,0.2807260034734887,0.0916673315099515,0.00013649572540810922,0.5305660811358183,0.0969040881553335
314,0.28265487470220363,0.12248589427520144,0.00022428924946353245,0.33156689712499243,0.26306804464813893
315,0.4258664240629037,0.09687892933747803,0.00014387712073556382,0.3655704513020266,0.11154031817685606
316,0.47662786160198944,0.11787212373898497,0.0001314774517594982,0.2871730936018414,0.11819544360542471
317,0.5609123260485189,0.11711073066889564,0.0001557463176091144,0.22458681954201803,0.09723437742295836
318,0.32989916902196836,0.07737101258786541,0.000338462385187755,0.22420741962468635,0.36818393638029223
319,0.2829324113698331,0.054054254310677015,0.0002545683886151354,0.23954012481343348,0.4232186411174413
320,0.3919409999620291,0.08402048095444913,0.00015060319175545014,0.1786728244912552,0.3452150914005111
321,0.3611552074911454,0.0700118672523849,6.067822810157619e-05,0.2936256417192907,0.2751466053090775
322,0.11825155469133278,0.1057892116659652,0.0004661008104880291,0.048039460906035815,0.7274536719261782
323,0.3551531161919959,0.06853751235374898,8.87397651229096e-05,0.24968647982034137,0.3265341518687908
324,0.312405695243919,0.026294954085066245,4.827622197104478e-05,0.37999634739060856,0.28125472705843513
325,0.39437109584354596,0.06759041718464778,0.00017178602897062982,0.3165780738890733,0.2212886270537624
326,0.11162192467026548,0.04838936570281104,0.0001136897236908717,0.3538245287077945,0.48605049119543803
327,0.01798164232658028,0.00615577976672796,0.00021528957009177695,0.004264719979493303,0.9713825683571066
328,0.6068243834974506,0.1511965781253692,0.0034538847487324527,0.03456746865807965,0.20395768497036795
329,0.7838711925357621,0.1460954521500932,0.0014101206120274354,0.011387523810388836,0.0572357108917285
330,0.46342663916714166,0.4942994683642666,0.0023504388446422175,0.005915404650585124,0.03400804897336444
331,0.1692202211351374,0.7526026322410003,0.012097303899111492,0.029791569710971248,0.03628827301377953
332,0.3122416675229922,0.5932015500452665,0.01199250108890139,0.03092713301293361,0.051637148329906395
333,0.13756096977274151,0.7823419964451558,0.04282119799535546,0.028074468130302947,0.009201367656444174
334,0.2317843617132198,0.6888189355784697,0.026214210005596157,0.021147948054370296,0.03203454464834415
335,0.3762144381197744,0.44957956037365704,0.00893696129094148,0.00930877757615851,0.15596026263946838
336,0.04170173069007341,0.04586783848128567,0.00211790908496442,0.0008095360220773007,0.9095029857215992
337,0.4591141012771899,0.37886376440268643,0.002786959521338316,0.003932245440494228,0.15530292935829126
338,0.5210371342130692,0.11426010430823265,0.0023169760268735816,0.0032225923567709962,0.3591631930950535
339,0.45174424064777297,0.4178682869349647,0.013986022142515975,0.005609056353071301,0.11079239392167517
340,0.24872409837821247,0.48026985478423334,0.004941886505343351,0.02482909175673233,0.24123506857547855
341,0.08782212016668202,0.07248214926849876,0.0013826630589340368,0.004488708830511447,0.8338243586753737
342,0.31700891983368373,0.5966487822253209,0.018154908705602248,0.009434541248226042,0.0587528479871672
343,0.2374433779713441,0.29117957724058335,0.006901537657023419,0.015075763381631007,0.4493997437494182
344,0.3798955050145874,0.19328917210597965,0.0045910001800260995,0.02745972094736773,0.39476460175203915
345,0.18172631028368286,0.1665586050242879,0.004128396489795899,0.014156078539982494,0.6334306096622507
346,0.4677069617279422,0.18893630414868662,0.0030826165950951483,0.020258816041093232,0.3200153014871828
347,0.4110246163028096,0.1841955998117844,0.0022798734672819496,0.014742386333874423,0.3877575240842495
348,0.5887664143900518,0.30511203150507177,0.0037981081345399028,0.016522122884271656,0.08580132308606496
349,0.006575312939048363,0.006194420632993953,0.0004338481356756672,0.00023463955681829148,0.9865617787354637
350,0.6845002724338973,0.08972374272778258,0.0007773462000118245,0.0027187624910695552,0.22227987614723876
351,0.5248097172778047,0.4401232896490673,0.008116394631494217,0.0023138931534221283,0.0246367052882117
352,0.415517390636107,0.5255241144293614,0.00760762704645963,0.006142257051170733,0.04520861083690122
353,0.19667252124424894,0.7607185088129008,0.021237635361537135,0.010770538935789336,0.010600795645523773
354,0.10279949986130864,0.7513448637768724,0.09430490047478661,0.033639442629430034,0.01791129325760246
355,0.03981992910934163,0.8545994622666315,0.09982179719393726,0.003952553168145958,0.0018062582619434797
356,0.030224112740976965,0.8134450226798047,0.13994172278771239,0.00897253475518368,0.00741660703632215
357,0.07168487275021616,0.7929081756319253,0.11512110191489656,0.016418674877470747,0.0038671748254910762
358,0.04545885229805822,0.6831845950181614,0.2523584334315466,0.012309624181805165,0.006688495070428591
359,0.010185208105150731,0.4446029163833277,0.5396644466662732,0.003466242124633019,0.002081186720615252
360,0.011745499189127815,0.5446164751668263,0.43130249011236693,0.010026397733833053,0.002309137797845862
361,0.004290365295940442,0.5098243898739968,0.482253528475618,0.0016889583991724604,0.001942757955272148
362,0.0052981512127833474,0.2815609613568221,0.7067485693023499,0.005302088567270261,0.0010902295607743999
363,0.007693875622809084,0.6556311734547912,0.3313709443472999,0.002927573343382295,0.0023764332317176887
364,0.01636410462042178,0.5783238008677223,0.3974732322249546,0.00506874987163017,0.0027701124152712123
365,0.006755078267122374,0.31624854537918107,0.6722145621345662,0.0035399546424084243,0.0012418595767218724
366,0.008811934414432109,0.3999156168187124,0.5885073268213351,0.001366278594901484,0.0013988433506187737
367,0.017259501285695845,0.43346425312473424,0.5443416496549842,0.0034300020131806355,0.0015045939214050747
368,0.009209170480639807,0.5513871730268053,0.43222318947822064,0.004245872538536781,0.002934594475797537
369,0.011474680423967659,0.3217290958068818,0.6578340952469883,0.007687458183940137,0.0012746703382222023
370,0.01032872769741263,0.2473927525426483,0.7328405472765245,0.008316857592369999,0.0011211148910445887
371,0.012174851524032118,0.4087208826846539,0.5560959003159434,0.019859803492893936,0.00314856198247674
372,0.013247586827823774,0.3620758100741674,0.6089049882358262,0.014009533639892777,0.0017620812222898744
373,0.016144595771144098,0.1407774413261982,0.01881417109799201,0.004864145863441483,0.8193996459412242
374,0.04770549728458107,0.7475061961765369,0.1792669860196146,0.004361101618866236,0.02116021890040122
375,0.11601515419849397,0.7676836257968928,0.06884384269100256,0.0097194549388282,0.037737922374782566
376,0.20478176876225548,0.677441346752333,0.0902297721576847,0.008409014872436862,0.019138097455289813
377,0.02665785242655204,0.8147651970769124,0.14330038346659635,0.007681124887491235,0.007595442142447784
378,0.03652067540380033,0.8437389092361468,0.10431987078022557,0.008796433657240912,0.006624110922586424
379,0.08259117069515456,0.6104574426228866,0.255470097009589,0.003423519085835833,0.04805777058653403
