epoch,N1,N2,N3,R,W
0,0.0007467835845058093,0.0004067210893276045,1.884100255604724e-06,0.00012539685590845636,0.9987192143700027
1,0.0003943240318940775,0.00026649301215001496,1.363314814868864e-05,5.802746233411667e-05,0.999267522345473
2,0.0002746464162346129,0.00017085890131772997,3.4472279378504484e-06,0.00010786024650773813,0.9994431872080021
3,0.00018921819953400155,3.008377793729457e-05,7.201232458421637e-07,1.602838929231062e-05,0.9997639495099905
4,6.984107057281224e-05,3.477576025135539e-05,4.726312303064801e-06,5.640891816742677e-06,0.999885015965056
5,0.00020329115421114456,0.00016144324887329607,4.805441898525127e-07,7.341201731824645e-05,0.9995613730354076
6,0.0012069377572775826,0.00018115441096480604,2.403090917375086e-06,4.073278614758613e-05,0.9985687719546925
7,0.0025263541583673693,0.00027764340263056105,4.009719376270356e-06,0.00038524729814609865,0.9968067454214797
8,0.011752136576546054,0.000832222572088016,3.828819676067195e-06,0.0009181625866765792,0.9864936494450132
9,0.0020761296718084495,0.00035016530440073513,2.4822957112650627e-05,9.131513904715434e-05,0.997457566927631
10,0.0003347048816012656,0.000143287756058446,1.2080050873305271e-05,0.00014151368094508494,0.999368413630522
11,0.0069069662356882455,0.00048036197093545276,3.1920945163392866e-06,0.0008639765804958266,0.9917455031183642
12,0.007502344677768189,0.0004912334735184934,2.618212605997303e-06,0.0007572322175695242,0.9912465714185379
13,0.003118173831412675,0.00026655661003016515,4.082304882326698e-06,0.00018248492783953015,0.9964287023258354
14,0.0006079802917820771,0.0002539789926483382,4.0322691987765155e-05,7.31393266801664e-05,0.9990245786969016
15,0.0017507182921467706,0.0003337566654391688,7.221616737409768e-06,0.0005460723165898054,0.9973622311090868
16,0.06484586089551367,0.002493878195585647,1.0845169511377525e-05,0.0010588577101656583,0.9315905580292236
17,0.02122480457907644,0.0011898247981566676,2.712356604342415e-05,0.00020181008539095493,0.9773564369713325
18,0.1077747167729663,0.005349547168411348,2.6462458536070088e-05,0.0028471712099696093,0.8840021023901167
19,0.04645984736607332,0.013907922262595235,4.2637475606772477e-05,0.019087446522423765,0.9205021463733009
20,0.05241508085466559,0.00858976533216064,2.501722964068094e-05,0.017497695618883993,0.921472440964649
21,0.011306244826978663,0.0030487765276776026,1.4142298407832122e-05,0.0034568015746317938,0.9821740347723041
22,0.016899164784950356,0.006869405280817658,2.9365822328201096e-05,0.006285498593448128,0.9699165655184557
23,0.004438770959036658,0.004433053794764662,0.0001110688252291039,0.0009958600447985794,0.990021246376171
24,0.02874488346420275,0.003145208034714182,2.96335452374948e-05,0.021067719805437656,0.9470125551504079
25,0.001717541271045712,0.000854338487216904,0.00011563390242246368,0.00015264483483055553,0.9971598415044842
26,0.016421439130401335,0.001625569395668569,5.343574698488286e-06,0.004185810670190901,0.9777618372290408
27,0.03071335498761792,0.009320576619385715,7.756079340701398e-05,0.00958124666425329,0.9503072609353361
28,0.026773462194203696,0.012715524222499022,6.47509493395107e-05,0.00446903529642739,0.9559772273375305
29,0.01235963379640776,0.010006469344601972,0.00014712048021890486,0.0005116832702877831,0.9769750931084836
30,0.040057015566041236,0.020611705937866154,5.838253507714816e-05,0.013109484082888851,0.9261634118781266
31,0.014456460146859326,0.05568836954274999,0.0008481916628402849,0.0015700943382981854,0.9274368843092523
32,0.021808401784327674,0.04429210253048408,0.0003141288250985578,0.0058137187664772634,0.9277716480936125
33,0.022714417228722618,0.218428568151095,0.0010601514367160512,0.007848652559007623,0.7499482106244587
34,0.005145286076627439,0.007724342661330329,0.0004804285777592207,0.0006592981972317328,0.9859906444870513
35,0.12944643203368827,0.07900054726029596,0.00034225915951901814,0.06138653319987233,0.7298242283466244
36,0.052565604555361266,0.05950064688599578,0.0005819417318925523,0.004357959031949216,0.8829938477948012
37,0.30221012145979387,0.5433583136028539,0.00135896842563359,0.009835440769643752,0.14323715574207485
38,0.11651172265059052,0.20101220771237457,0.0015083298816412833,0.0028418993715511125,0.6781258403838424
39,0.10263624233103644,0.6974458029578964,0.02225270944777115,0.003444586026791691,0.17422065923650443
40,0.3064915071085756,0.5847481178494427,0.005783648190595861,0.0016642080786728958,0.10131251877271283
41,0.10769774632506562,0.8243324846707122,0.019448662203037943,0.0005954726721084219,0.047925634129075696
42,0.07546960415064692,0.8076611204780122,0.06399223450768443,0.000502687076917075,0.05237435378673938
43,0.12114544515294469,0.7833212148957472,0.07980707887524448,0.0003645489244922081,0.015361712151571548
44,0.08072706676211024,0.7770383884995682,0.11982146194704336,0.0010470737108819947,0.021366009080396257
45,0.08102852047372079,0.7639864399030112,0.0931329019779477,0.0009048767913511735,0.06094726085396903
46,0.06297323644450456,0.6508482857083945,0.2300161901431534,0.0012217641723407833,0.05494052353160667
47,0.023484827358480467,0.2202664329102518,0.7268119663111858,0.0006021349790572421,0.028834638441024765
48,0.01307287628385619,0.1762136012185224,0.790083860542715,0.0006061334597032879,0.02002352849520306
49,0.008692113996817455,0.0911704073487868,0.8854786578734137,0.0002157777456132142,0.014443043035368686
50,0.004457798955249657,0.06584944982538332,0.9193689752827203,0.0004433660955218756,0.00988040984112478
51,0.06292331073289835,0.3203891134347195,0.5117868335515853,0.0034372443616117795,0.10146349791918514
52,0.029671569576865498,0.20050172024069907,0.7094916310165987,0.0016378908402269173,0.05869718832560991
53,0.03220124047426332,0.14569730156124297,0.7107260487941214,0.0016649910415639276,0.10971041812880843
54,0.009680933826299098,0.056191946820287476,0.871427144710681,0.0005553156062601319,0.0621446590364724
55,0.003383762467347466,0.04247962484140825,0.9126146795498205,0.00036144301344816373,0.0411604901279755
56,0.0305764184214021,0.17533125469220853,0.6667960563122395,0.00217828663808671,0.12511798393606324
57,0.0026912524599746906,0.04043956656364783,0.9263374668993707,0.0004966231087891389,0.030035090968217562
58,0.0266091416823414,0.2623836376714035,0.12578285326882446,0.0006715277876398092,0.5845528395897909
59,0.08778497647733857,0.3759733702039645,0.0560529341834763,0.0007700495698430644,0.47941866956537754
60,0.15281990988662525,0.6674421845691696,0.1545161986538769,0.0005957937871371612,0.024625913103191035
61,0.09522567177014925,0.5388139137951655,0.33970813629538144,0.00022778697859501433,0.026024491160708714
62,0.017339237545386327,0.328016363203238,0.6396974888716563,0.0003652189075324402,0.014581691472186924
63,0.007264291866053222,0.21928773468831284,0.7618559392046215,0.00045753658703295597,0.011134497653979511
64,0.02060086176822807,0.4254887557045926,0.5374745111431086,0.0006661365930980676,0.015769734790972618
65,0.0018192571205659718,0.07059179852433392,0.9200292956572368,0.00024723652185663653,0.007312412176006582
66,0.0104368238127971,0.1179839631224645,0.8551601438788985,0.0005405992764210472,0.015878469909418793
67,0.006223311257727955,0.06416849718956277,0.9095312186328238,0.0003568832199058852,0.01972008969997969
68,0.008247330537351008,0.09544449414553056,0.8783046947801089,0.0007670318520922175,0.01723644868491741
69,0.0033924119418848116,0.037138600983960726,0.9512162946210168,0.00031995327953961,0.007932739173597955
70,0.0013825148821502299,0.020963515939661788,0.973120098769063,0.00016452785047145789,0.0043693425586534195
71,0.002287152553668114,0.03760596364553219,0.9515655341334557,0.00015134664657660997,0.008390003020767511
72,0.004366317553787364,0.04607034233388811,0.9376851960160227,0.00029035865732030496,0.011587785438981387
73,0.0013575382963883433,0.016922287518895133,0.9757928716203518,0.00012291522560797447,0.005804387338757029
74,0.000514653687502011,0.013480874477111514,0.981707616141192,9.51476977848095e-05,0.004201707996409652
75,0.0014267756516496617,0.013019366268757004,0.979542628059476,0.00013408692472125796,0.005877143095395902
76,0.001244209624408724,0.01203962511929064,0.9789320981772879,0.0001434404094728254,0.007640626669539984
77,0.0002951685923726673,0.006433438005071613,0.9848305340385365,9.603989761098177e-05,0.008344819466408252
78,0.00044766764386870337,0.007394818589545776,0.9870074284932338,0.00010543620387560665,0.0050446490694761835
79,0.0001466927327468372,0.005655120058380961,0.9913055108425273,5.2497235014566675e-05,0.0028401791313302288
80,0.00038986711228034817,0.009166284626836566,0.9845806449579718,9.67271349990519e-05,0.005766476167912033
81,0.0006750347646640082,0.009492849737981288,0.984307716432888,0.0001179370217861445,0.005406462042680641
82,0.00021335156790223907,0.00654325654196759,0.9910999764479259,0.0001239073853206329,0.0020195080568838203
83,0.00019887543809986324,0.006537173775597677,0.9898842317987114,8.27319387849284e-05,0.0032969870488061084
84,0.00010026206117802389,0.004344647117193115,0.9903408257613616,2.394736176813736e-05,0.005190317698499131
85,0.0003686315639186388,0.010558783793208688,0.979004259941636,0.000155352282517508,0.00991297241871925
86,0.003045072198733713,0.03170954763141787,0.9484488581619611,0.0003234116427236002,0.016473110365163756
87,0.0004747225967742432,0.010152664214672091,0.9797621065488029,9.894305553506773e-05,0.009511563584215751
88,0.0028375394081064493,0.024784446471211766,0.9574568953589984,0.00021544177571556437,0.01470567698596783
89,0.0007001390073195672,0.01299208086858307,0.9773497469876091,0.00011942724508014007,0.008838605891407926
90,0.0006011400900507879,0.014136922360288358,0.9786771972768101,0.00010636276674346083,0.006478377506107385
91,0.0003743490399336643,0.008220240677591589,0.9854921888781639,0.00010247722783792718,0.005810744176472801
92,0.004840564938192157,0.041294778214127685,0.9399851078092769,0.00042590366636579316,0.013453645372037547
93,0.0007341392225784954,0.014580087975931215,0.9779228981362469,0.00018792362142507635,0.006574951043818436
94,0.0007937572913439072,0.016789176450982962,0.9750195788886654,0.00020395049076273535,0.00719353687824514
95,0.0003961649714990607,0.006983567992455317,0.9885697450035443,0.00018764367667717375,0.00386287835582419
96,0.0006352953480456175,0.012529703524672905,0.9817612816704373,0.000803143717806047,0.0042705757390383145
97,0.0009032914634610605,0.015661538271482055,0.9643556074454749,0.0007247020451717795,0.0183548607744103
98,0.0033794608943773555,0.031586913672904345,0.9132245944812065,0.0019629220215567314,0.0498461089299551
99,0.004435234104006896,0.04787903583491735,0.8906283248129632,0.005112073344265834,0.05194533190384677
100,0.006422343129497219,0.04669659021858996,0.8797943203751905,0.0011676904794159194,0.06591905579730642
101,0.0020733183960971176,0.004846326616496376,0.0004508107123513729,0.000498264094411047,0.9921312801806442
102,0.0011300094815522995,0.0027352323098254415,0.00024484811562619117,0.00022082969629144483,0.9956690803967045
103,0.0032106781405063303,0.00270774625281813,0.0009001928120228929,0.00024193933530526976,0.9929394434593473
104,0.0028989788012328027,0.0021250297671707888,0.0008987839736665845,0.00036803779605181294,0.993709169661878
105,0.024483495923132138,0.019088724828657692,0.0016910033662617765,0.0009357636602633639,0.953801012221685
106,0.1584888213047469,0.04679588925186284,0.001858075705788245,0.0035552249559639626,0.7893019887816379
107,0.09620649782245143,0.16002489229012684,0.0035601038880818535,0.006753534850406386,0.7334549711489335
108,0.08440745594200992,0.10518228905406181,0.00048187403905277667,0.011406054823412887,0.7985223261414626
109,0.44025457531787227,0.3020078261377114,0.0034090835064077007,0.017027536288810555,0.23730097874919798
110,0.12262063457025844,0.689738254271894,0.032554350025103665,0.02570928967902354,0.12937747145372042
111,0.032257818331756075,0.1635609027200192,0.05229485811256679,0.0024415065604068294,0.7494449142752511
112,0.18090334773018416,0.5619570752776488,0.006466909131778085,0.05584841880312174,0.19482424905726714
113,0.14317625796509362,0.570857996212778,0.006921159953273629,0.015816490396375307,0.26322809547247944
114,0.17317818518579334,0.475885529459421,0.006000630609789372,0.017787970948673203,0.32714768379632325
115,0.21990517922526637,0.4843505907556191,0.0031460489202637886,0.018224061775354707,0.27437411932349615
116,0.48664684017009346,0.38206299158532236,0.003989247306007585,0.007211231604151075,0.12008968933442565
117,0.15498283749896224,0.4019931502143433,0.003751047440242269,0.010597627573745726,0.4286753372727065
118,0.14772902329910437,0.5184295094467156,0.005625325326795924,0.034942407844633414,0.2932737340827506
119,0.14161209789223048,0.56320793588237,0.003977287459230372,0.013668168403995325,0.27753451036217397
120,0.07826264310948287,0.8581276365488373,0.009854036132067168,0.004098409127522972,0.04965727508208957
121,0.11838826152944071,0.575664416978335,0.010704064448252398,0.008553623742998978,0.28668963330097286
122,0.15046096979152265,0.7801761150712261,0.0317018730613567,0.004803622850638956,0.03285741922525548
123,0.04367873568273704,0.7986229922584291,0.08294365481416198,0.0038484625444366706,0.07090615470023509
124,0.08686770166338881,0.810352198625401,0.02702626154362064,0.00348926958251604,0.07226456858507356
125,0.055310930228025745,0.7882127798022224,0.0704336095418362,0.006303160634154498,0.07973951979376108
126,0.048942066382328224,0.7913561566459485,0.03831617306273838,0.006119772409253334,0.11526583149973166
127,0.024918331624684008,0.7952971323786293,0.10433036569757623,0.002333658381581404,0.07312051191752919
128,0.01106468532844941,0.684975790773336,0.28378498271071256,0.0011608647042893536,0.01901367648321264
129,0.012386707099325015,0.6892498412311634,0.22922359758280145,0.0009744102135085975,0.06816544387320164
130,0.01041663160613026,0.6448708630986217,0.30901655347433116,0.0024188757159559248,0.033277076104961036
131,0.012616245841820226,0.676733040896526,0.2057074847877336,0.00430485945274762,0.10063836902117267
132,0.014712743505727684,0.6274552525037768,0.32560260332697116,0.003886434530813417,0.028342966132711044
133,0.015073899713557307,0.4602474743874195,0.4222783639707364,0.018061514781704573,0.08433874714658222
134,0.061731081925225716,0.512715660692675,0.19813325141564833,0.02192853370703946,0.20549147225941145
135,0.04369566402695341,0.0923411626702697,0.08392391428878167,0.0008244801148808332,0.7792147788991144
136,0.10417325363908296,0.6803895587908245,0.07287387537998571,0.001553868743047543,0.1410094434470592
137,0.0961219188606293,0.8482014270467972,0.017884364964548538,0.0012899778081650606,0.03650231131985992
138,0.18692799044022063,0.6381182032377741,0.06859491321169586,0.0005204419706611438,0.10583845113964828
139,0.11781519389431565,0.7561030960216765,0.022820631465475555,0.0022001044395517123,0.10106097417898073
140,0.03260727068326525,0.8414023185091598,0.05797430837914794,0.0021338554948922414,0.06588224693353475
141,0.0728113068417423,0.723910680841706,0.030785245069313336,0.0017252381183292453,0.1707675291289092
142,0.01562681984059596,0.8880912038533858,0.04911593404826341,0.0020601344683784943,0.04510590778937624
143,0.08305933687324325,0.8107989752883649,0.027496395038821706,0.01261373702129523,0.06603155577827494
144,0.01321626240394514,0.6658973089365974,0.27481748122250554,0.004113804454970085,0.041955142981982
145,0.03915011875586111,0.7846125089655038,0.11599874158272301,0.019720226083605557,0.04051840461230651
146,0.07469473874811594,0.6673144097876497,0.18854916575038363,0.003255963257295406,0.06618572245655516
147,0.017114926978254487,0.7410263986052913,0.20927356680907178,0.00495743542874078,0.027627672178641417
148,0.01595995952475331,0.5985407409654162,0.2849215760522719,0.003023885708186474,0.0975538377493722
149,0.03224621576398341,0.6801450271908547,0.13057266679599455,0.00175294572823026,0.15528314452093708
150,0.016571734320660267,0.7402920909433977,0.21122669404471964,0.002636836690254323,0.029272644000967917
151,0.068633162569363,0.178728767768474,0.18767918271530104,0.0007038213265413043,0.5642550656203206
152,0.09905755094984538,0.7567246154689256,0.024691263509560316,0.002375674540843398,0.11715089553082532
153,0.11848521152881804,0.6552714026005965,0.1777177120960232,0.0012569253724123758,0.04726874840214995
154,0.13524933430041727,0.7395105877762863,0.05939417466003895,0.0024062623738562907,0.06343964088940121
155,0.033219653097010436,0.8630995863182531,0.07862241237279115,0.004564003224844036,0.0204943449871013
156,0.015407977712507855,0.8852123844455001,0.0773676486700416,0.002857838853165415,0.01915415031878503
157,0.011873697118255576,0.8996718186987087,0.06026048192327864,0.001710656069149337,0.02648334619060768
158,0.02658958820277685,0.8353100434816496,0.10372939536506152,0.008648974724293188,0.025721998226218838
159,0.012293071695865144,0.8435959605010669,0.12842095802833633,0.0020624255174282037,0.01362758425730334
160,0.023209383475524762,0.6891053007698448,0.26157733823158164,0.015728755844512804,0.01037922167853608
161,0.025161157666172575,0.6260502938643904,0.3309777077550174,0.008583085368349922,0.00922775534606981
162,0.006382283774996006,0.4014693727854582,0.585924055271998,0.001960492419432105,0.004263795748115815
163,0.0074134028052744985,0.6233197170467476,0.3451111763271153,0.006830783124954224,0.017324920695908366
164,0.025334334594878972,0.7007362586876948,0.2556386491981962,0.006446109950657478,0.011844647568572448
165,0.018783497932091407,0.7037540417877934,0.26094474734257245,0.0013452115491869392,0.015172501388355911
166,0.0043810766452286355,0.299135069682879,0.693001449646294,0.0004231182601283908,0.0030592857654699753
167,0.0220653279533084,0.6539814158104167,0.3062305257715565,0.0026393192990032,0.015083411165715214
168,0.003829261020485334,0.3146000776867821,0.6607908545190596,0.0030965023300611135,0.01768330444361179
169,0.006703624480782405,0.3546485029878285,0.6269880341070135,0.0030831672978147745,0.008576671126560687
170,0.0026865092163949034,0.3251477318151907,0.6625206680706811,0.0008586060411517534,0.00878648485658153
171,0.002818255826814698,0.3286290705065834,0.6609064174023873,0.0019044063594479354,0.005741849904766624
172,0.0054327065128223695,0.2583546995795323,0.7240429137204862,0.002129391690959145,0.010040288496200088
173,0.010177415041552323,0.7034140505962013,0.25412962911305215,0.009877912662222285,0.02240099258697196
174,0.005332966474851941,0.3782587557853415,0.5922506918178819,0.0015375736168187044,0.022620012305105953
175,0.005545910940481571,0.2987515015987153,0.6754105219296239,0.007879501915069653,0.01241256361610962
176,0.029736432202637865,0.5760806027843238,0.3477286715137223,0.022331507801564433,0.024122785697751607
177,0.021259719442202625,0.5048313190347231,0.3014731979909807,0.03001295826001921,0.14242280527207443
178,0.01702864510871971,0.09329009966480939,0.02158480000125355,0.00887028097951405,0.8592261742457034
179,0.10205043590116389,0.2068758799283118,0.06216728501666729,0.007421357301717354,0.6214850418521396
180,0.3492670374224318,0.4052618696326599,0.014778267463731232,0.0081797577888704,0.22251306769230664
181,0.04747893809267079,0.8412339111582494,0.022951991821161827,0.0010952740587604102,0.08723988486915753
182,0.3061122797890034,0.5772537494683945,0.007017970856777605,0.00471202342132388,0.10490397646450077
183,0.035596115535904506,0.9246457741746499,0.014656618512308206,0.00627868719223918,0.0188228045848983
184,0.035436448486557144,0.8720937023214206,0.01126541201129381,0.0061922840590910265,0.07501215312163757
185,0.2135503628530864,0.7313573099580679,0.010910168204964606,0.02083133261069596,0.02335082637318513
186,0.14872279682473807,0.7957629348006235,0.008190387641874365,0.00898289784334927,0.03834098288941469
187,0.07451485246452003,0.8865359522049943,0.01824080753142417,0.010079708913925851,0.010628678885135577
188,0.059187733965136886,0.8675844476083746,0.01780557631031666,0.02666078810554973,0.028761454010622033
189,0.10276638950580981,0.7517644604479321,0.03895871078114625,0.04904984583852167,0.05746059342659039
190,0.0987694378061241,0.6907841916719426,0.02051303783022428,0.14742787493455514,0.04250545775715373
191,0.020816354073069414,0.8038573331327463,0.09162693172510027,0.0762889839251024,0.007410397143981549
192,0.024007074058443836,0.7986835973779263,0.0231310711243134,0.1434799522750007,0.010698305164315726
193,0.03559047401531949,0.7412754681060879,0.022017970675972453,0.17530770971678275,0.025808377485837454
194,0.049365449735293554,0.6504016416667991,0.008450937397117874,0.2441109546203009,0.04767101658048837
195,0.06567373306209733,0.2136135378659006,0.000838399640228386,0.3053158800887457,0.414558449343028
196,0.12084497959766838,0.09117404020656157,0.00020867765393021021,0.7087795206100105,0.07899278193182939
197,0.15438469313289546,0.23925957149499025,0.0018799948806685763,0.3812613290121337,0.22321441147931198
198,0.10684886786954625,0.10035130471192832,0.0007320956628375993,0.3296881602807968,0.462379571474891
199,0.03860447661706259,0.03128024084764182,0.00011365468653441143,0.8747092361506646,0.05529239169809646
200,0.052814109704082325,0.02869308434943468,6.494590974215686e-05,0.8208262444601874,0.09760161557655335
201,0.1582416480564725,0.02542914929590209,0.00046656456500808165,0.5991216754845559,0.21674096259806133
202,0.045466936792704186,0.014122457475557302,5.7790633626949304e-05,0.9047508022034993,0.03560201289461216
203,0.08119327479203788,0.009613956254417204,2.5249923503513006e-05,0.8252250643347941,0.08394245469524723
204,0.16321840575293795,0.018497480759468925,0.00026734571533435544,0.5124166066334758,0.305600161138783
205,0.11183518123327867,0.005309809115372706,6.016906388621739e-05,0.8021314623238859,0.08066337826357659
206,0.08893368196281004,0.007082052519103193,2.121429825774212e-05,0.8641542826708286,0.039808768549000534
207,0.10608672387316817,0.01581414856585012,2.930681875502044e-05,0.870472014485545,0.007597806256681483
208,0.31887768602909417,0.07416880601575507,0.001014154317879962,0.26894737066646884,0.33699198297080196
209,0.13819785108129515,0.0575053931627444,0.0004514797226301585,0.7147717158453024,0.08907356018802785
210,0.15443738505539503,0.03529633366822881,0.0005633177785908935,0.3652677721939982,0.44443519130378706
211,0.12907077720262167,0.04371012470949366,9.84710113517847e-05,0.7763740579257948,0.050746569150738094
212,0.08123038064594296,0.04097427164601334,0.00010679994065552266,0.8461707869172238,0.03151776085016449
213,0.16445705205197586,0.048208431348261,0.0001810128029896699,0.6539100106603937,0.13324349313637993
214,0.13760310344021934,0.026428726142052442,0.0003547767516262466,0.7166920736818414,0.11892131998426057
215,0.09693037060217712,0.04035562340943476,0.0002060549164513009,0.8051062237172172,0.05740172735471952
216,0.12327945913505715,0.02975254099343481,7.263979352646214e-05,0.7965619582497737,0.05033340182820783
217,0.11203631067270228,0.02625546893839714,7.500638527515623e-05,0.7490756164768911,0.11255759752673433
218,0.2018518009211691,0.007359472505364392,1.4113053652475415e-05,0.7384669327831836,0.052307680736630384
219,0.18270712674898143,0.006956321014940116,6.398140686128618e-05,0.6078465997705639,0.20242597105865334
220,0.09924745770213235,0.017842085605909084,3.624530707615268e-05,0.8643181901701474,0.018556021214734836
221,0.14380480767723464,0.028156666788683112,8.171182186905338e-05,0.5919357696505313,0.23602104406168192
222,0.20702692442094864,0.053088047706745634,0.0005153903623496042,0.5627883541862136,0.17658128332374248
223,0.0640389898807917,0.016023914595116165,3.692078002134288e-05,0.8973115626006223,0.022588612143448497
224,0.2018726589086185,0.032239060563448205,0.0013499359428585285,0.3865254538173708,0.378012890767704
225,0.18102495818225384,0.027773733252653303,0.0002708730985361423,0.625762812691606,0.1651676227749507
226,0.05121077986059014,0.005824749012305563,2.2014479675497977e-05,0.922790577936864,0.020151878710564848
227,0.0687251552445617,0.012082382031684722,4.210674643672081e-05,0.9069935346700403,0.012156821307276692
228,0.4044263948916981,0.10034825481936867,0.0001377772680422367,0.4444105099626553,0.050677063058235605
229,0.2702480294180569,0.14844520902373062,0.002602937769627733,0.4750013947304613,0.10370242905812341
230,0.2726063449927045,0.1141856030118957,0.002426158672890869,0.3796583614632375,0.23112353185927134
231,0.10385193570886328,0.145549806289902,0.0006550441941261181,0.6776158778673981,0.07232733593971065
232,0.10806293844086226,0.26802057632145426,0.0026688039076121265,0.564181593025193,0.05706608830487835
233,0.15701523310554633,0.10626500429315358,0.004391403565526394,0.6367499070625691,0.09557845197320462
234,0.054312168047627826,0.15339817408593825,0.0019060338175478082,0.7064856109886165,0.08389801306026962
235,0.06838724175517344,0.16043292482576738,0.0030960201329035234,0.7355429880998102,0.032540825186345476
236,0.16163716067040518,0.18782177268545175,0.003421518707878097,0.6156205003006633,0.031499047635601685
237,0.25141978299247675,0.2515543671117429,0.005324243332525306,0.4414499343761912,0.05025167218706366
238,0.06161977432840329,0.16853910680852643,0.0006894029212910522,0.7162946387133753,0.05285707722840394
239,0.2192815432703033,0.6055920849260168,0.008020750933421803,0.1090566182763504,0.058049002593907724
240,0.19837531522192375,0.5711438185724511,0.003121679410996724,0.18184341215716351,0.04551577463746492
241,0.08039456101457314,0.8017709661152421,0.00577674303755141,0.07788703189961298,0.034170697933020314
242,0.12447240364176135,0.8071396233197402,0.0031678963303478683,0.033610693217401934,0.031609383490748606
243,0.08180644291741836,0.8643264847094144,0.004187274082601137,0.022360609445314462,0.027319188845251523
244,0.06034092822807402,0.7951314124485288,0.008354354009172761,0.026103493334842555,0.11006981197938161
245,0.08115169577902787,0.7725302085765706,0.001268162070883155,0.1254477481572884,0.019602185416229927
246,0.10138085341340308,0.8037298049516778,0.008233069795564365,0.03956474185098381,0.04709152998837084
247,0.07402696511917004,0.8146275998611828,0.002367451120050832,0.038598176982373826,0.07037980691722238
248,0.1542995126640504,0.700405910315162,0.007167612087710813,0.06639605818081133,0.07173090675226552
249,0.10995447596977262,0.7712141747277198,0.002526906167338414,0.05938750200999601,0.056916941125173266
250,0.05534108148288528,0.8974632599427854,0.007486258387773128,0.015941949505914727,0.023767450680641053
251,0.07341316089421351,0.7603842195422894,0.0017479616157286832,0.08405542240517139,0.08039923554259704
252,0.08318837086469826,0.7657091208998511,0.023885904540782227,0.006351131484855771,0.12086547220981253
253,0.11820151429291156,0.5607829819778691,0.010410638924343359,0.006675700185410128,0.30392916461946595
254,0.037503400104911114,0.9111788474412617,0.02588753538314754,0.00293935776151139,0.02249085930916818
255,0.031400842657617486,0.8922002674913079,0.01873304892724054,0.01292817496788298,0.04473766595595127
256,0.03964666076886281,0.9266839505873901,0.025093031660392784,0.002270475210774677,0.006305881772579781
257,0.029271015383602234,0.8681171782152685,0.04696640281307034,0.0040734097787043545,0.05157199380935464
258,0.06954814401775598,0.842130886254781,0.019268339260735644,0.007770924468016779,0.06128170599871066
259,0.06586057572230111,0.8765577984339626,0.009533388703708727,0.002252780292210738,0.045795456847816565
260,0.12528954495528508,0.8400336536168358,0.010187623933991485,0.0028494854753102973,0.021639692018577444
261,0.042449571271439,0.9166361585696439,0.014617217026790565,0.0022115587981672074,0.02408549433395949
262,0.10989974307958827,0.857324977278813,0.017046124616220397,0.0021427529473537956,0.013586402078024551
263,0.04540299596313051,0.8883467112581946,0.044603070072694824,0.003586682753177758,0.018060539952802355
264,0.08898114143783027,0.8183291113818303,0.03951282575593171,0.011694689996648314,0.04148223142775923
265,0.10024310977066263,0.8167120973660148,0.06563851772009373,0.002815022942781988,0.014591252200446578
266,0.03752951250938689,0.754274391669373,0.19714824220202637,0.002202903410064128,0.008844950209149422
267,0.045544110616859555,0.8700338060373574,0.07309140805777047,0.003929522693110584,0.007401152594902119
268,0.03288562037183939,0.7084865596986224,0.23638082468747107,0.0038848797232798856,0.018362115518787338
269,0.04502473477012436,0.8751560013572746,0.05530191263302098,0.005216790905795137,0.01930056033378504
270,0.035254843660630676,0.8981017838552737,0.03707350887925296,0.008466577900561618,0.021103285704281067
271,0.029029268189973607,0.840142925045432,0.08946923255209296,0.009037251719376912,0.032321322493124666
272,0.016233430943655574,0.6672477973782442,0.30153286783529004,0.0036895954488994466,0.011296308393910855
273,0.02017732410276091,0.8238717063317255,0.12147365294647544,0.006100710164320549,0.02837660645471769
274,0.03242863727734341,0.7078781325975205,0.24302609915226528,0.005833716616875367,0.010833414355995337
275,0.023843723056302155,0.5971256384135937,0.3565513198502665,0.007824244778014737,0.014655073901822838
276,0.018255077385541562,0.6538731031813554,0.28013507097187235,0.032409848166922786,0.015326900294307931
277,0.012971004794016364,0.4582509457301376,0.5096645248257513,0.011843971081024253,0.0072695535690704425
278,0.02014837342999217,0.5793418645971959,0.33113353408967683,0.05798565919790273,0.011390568685232274
279,0.0310131017497375,0.4905653009247195,0.3871324381691981,0.08128612612661995,0.010003033029724747
280,0.03345276278783473,0.6609112673636999,0.22248637271775992,0.0698995732781835,0.013250023852521903
281,0.045892604496451626,0.7175475988290418,0.16699720100559973,0.04336342020143587,0.026199175467470987
282,0.07611813373764052,0.6325940137973155,0.13713698264069193,0.10538533664160714,0.04876553318274486
283,0.06928901380253294,0.10647188061600901,0.1602562719074097,0.027623905503950708,0.6363589281700976
284,0.044957638355889395,0.7361642745886676,0.14562780609672438,0.02091702027371874,0.05233326068499987
285,0.25739533072259974,0.6850141888300478,0.008133492386890415,0.014836222300982194,0.034620765759479845
286,0.09408677894260192,0.8460413341093582,0.03467686605106903,0.0071039316735147535,0.018091089223456126
287,0.024810170073373834,0.8487468957048736,0.11237415206107979,0.00577821180151365,0.008290570359159014
288,0.01569908995080317,0.8707546396722788,0.09402522855206003,0.0069628289494603245,0.012558212875397592
289,0.02108176654746161,0.9026588589234942,0.05418396757534609,0.015101779825687231,0.006973627128010968
290,0.012048566662141234,0.9059709436820833,0.06448094275090217,0.006834072159907156,0.01066547474496624
291,0.05192889906697447,0.8954207219292114,0.041058202389422815,0.006996655937666778,0.004595520676724433
292,0.020076537858254324,0.7325876626779396,0.23871112637883624,0.003887483179956359,0.004737189905013367
293,0.022444568681940613,0.596430891713398,0.37393996150387904,0.0033690622497404184,0.0038155158510417
294,0.022644176123683694,0.467099017273326,0.49543866869865916,0.010076237507695788,0.004741900396635375
295,0.032651073164775,0.5227328961170409,0.42504436432686377,0.011356827419756915,0.008214838971563346
296,0.008651693814794683,0.3457858101527619,0.6281259499733585,0.006201846142980964,0.011234699916104028
297,0.02652071627045714,0.3787680045355626,0.5583238525377737,0.022733271534109187,0.013654155122097361
298,0.00853730226270835,0.22472306037570505,0.7436455479068415,0.013935911098900734,0.009158178355844494
299,0.010744225962627916,0.3039361703559426,0.6522008348371354,0.016386579948833947,0.016732188895460038
300,0.03282240551847148,0.48534859281368664,0.4333992235028547,0.0375148757074944,0.010914902457492855
301,0.010656516689596522,0.20447933724326722,0.7493488698919853,0.024254298163717755,0.011260978011432997
302,0.0673017478462108,0.23593310328811287,0.13268690781625264,0.046354572029974214,0.5177236690194494
303,0.02961547174504201,0.43247857908161125,0.477200482730185,0.03530709619549469,0.025398370247667022
304,0.08126184538415943,0.6793156895478178,0.026661389217207843,0.043670901822979516,0.1690901740278353
305,0.13748233866908097,0.795714573869293,0.047907623171785076,0.009523892587133547,0.009371571702707327
306,0.04277977506850933,0.8919341046886385,0.0340012782474852,0.014574981291599882,0.016709860703766996
307,0.050827560797316096,0.8628906112745489,0.03570980841651751,0.03059007757782981,0.01998194193378759
308,0.05602602304047329,0.8922485094065982,0.029829865734140235,0.012208898286735954,0.009686703532052277
309,0.035755856419034476,0.8842726692241333,0.05494422710758969,0.00956605584463548,0.015461191404607262
310,0.04923161666882895,0.8580636969568665,0.03155595588465666,0.0313830004663703,0.029765730023277717
311,0.0535685792554364,0.8454059256059806,0.07086043715603346,0.01486968952534685,0.0152953684572027
312,0.08582342735142048,0.7995068989203712,0.06929344547461794,0.025427148608503206,0.019949079645087162
313,0.11742513336541073,0.7705040637539886,0.03984216658282699,0.02666668385977452,0.04556195243799918
314,0.04925507229051391,0.2879408137356016,0.04135139535751483,0.007354948525517834,0.6140977700908519
315,0.4098997168985829,0.1947941616352656,0.0016962719197546597,0.032316129571484116,0.36129371997491266
316,0.3180258950120166,0.3811732215465011,0.008019611797725831,0.05531908614085851,0.2374621855028981
317,0.25953426712272515,0.40449285751276415,0.003434579297452355,0.12756200464974488,0.20497629141731355
318,0.15029059983497636,0.7529700394343722,0.009224904946225559,0.031046876414871253,0.05646757936955466
319,0.10536459668246946,0.7825487233924898,0.006822886418028027,0.07835828885512414,0.026905504651888595
320,0.0913539330187968,0.8672306462129744,0.015738711595600127,0.013308475715783018,0.012368233456845693
321,0.06352158239839677,0.8298825353669712,0.02659674637445509,0.016361907464732872,0.06363722839544406
322,0.0776035329521795,0.8426247632800082,0.013689736359497525,0.05222667761881725,0.013855289789497582
323,0.04221662699084202,0.897729526451292,0.01874373114403163,0.027099789290210775,0.014210326123623516
324,0.05296661577121591,0.8763895163986642,0.03719765568981548,0.022799471181993537,0.010646740958310806
325,0.009008143239555065,0.9127461296082761,0.06829186317197762,0.005747516206912681,0.004206347773278822
326,0.006716249532476838,0.9193757404856142,0.057362056100537025,0.005772082395589458,0.01077387148578266
327,0.02137836537371397,0.8493078515775245,0.09072664660503706,0.01092002341228329,0.02766711303144118
328,0.01211723115797439,0.7741153506631343,0.1924329853499059,0.009303784156077289,0.012030648672908165
329,0.0165359266192508,0.7599980479867615,0.20609591914194914,0.012717386562875374,0.004652719689163156
330,0.02266271265223167,0.8062053686190755,0.10946099838772536,0.03876223972438951,0.022908680616577897
331,0.010266020725379178,0.870420999947338,0.10085069967024464,0.011065507055452867,0.007396772601585384
332,0.013964705709429294,0.8540523477779673,0.11382064582583666,0.011977735084050235,0.006184565602716662
333,0.039525885032561665,0.8837683894791599,0.06283165855704215,0.009369538436200428,0.00450452849503573
334,0.026008463951412118,0.8581247902439454,0.0905258472774431,0.017888756495217754,0.007452142031981487
335,0.015868645905399163,0.8538812130292335,0.11191116039043411,0.009071235596816014,0.009267745078117144
336,0.01180349586579135,0.7543627888790897,0.2172164945902522,0.010149789402174049,0.006467431262692692
337,0.0075409707682120965,0.7510620789342867,0.2295190536030441,0.006064945731002213,0.005812950963455016
338,0.006044742860056669,0.6916005686648576,0.29199413404008273,0.00397880281085403,0.006381751624148897
339,0.016250860767184138,0.6360370819280942,0.33860113343193293,0.00522464535501836,0.003886278517770456
340,0.02307804683962686,0.7783745385199615,0.18855454539400826,0.004882801214047646,0.005110068032355604
341,0.04304273162525155,0.7516573311514804,0.1924006012595798,0.007926761834790578,0.004972574128897667
342,0.025721613082951466,0.6658717514397566,0.27916932295685504,0.020766279661317714,0.008471032859119187
343,0.0407335578545512,0.7352267559251734,0.19288657328514952,0.01760108254130508,0.013552030393821088
344,0.009871614556935564,0.25715362701789674,0.7099569728736628,0.016749661213613248,0.006268124337891815
345,0.019713779623520524,0.47780336004013624,0.46831402825528434,0.02055912221503871,0.013609709866020203
346,0.05379943398537428,0.6193224395620531,0.26475185588283456,0.05091499703585531,0.011211273533882635
347,0.02058079176315747,0.5161944888238699,0.3775746381734397,0.052093514478410194,0.03355656676112263
348,0.049520550915027856,0.4577739036073232,0.3640190282212177,0.1059085486883086,0.022777968568122656
349,0.11644936949366962,0.33195689066759554,0.13987271854172437,0.3368660075004964,0.07485501379651416
350,0.09100520773627395,0.32784413079324565,0.16720110599390292,0.3453139941808699,0.06863556129570757
351,0.04696545958977597,0.009021287978373569,0.0009055136415924256,0.008337123998814314,0.9347706147914437
352,0.20127333424447583,0.17967431604539127,0.004614050864073558,0.095313979251603,0.5191243195944564
353,0.22055676240251904,0.20352973717703743,0.0049737864242604376,0.08178464248033052,0.4891550715158524
354,0.18328646865243178,0.7175380255940718,0.005605601452029739,0.02308018281242389,0.07048972148904288
355,0.1614646339075411,0.5963623021312046,0.001974862446232608,0.1364136226042479,0.10378457891077388
356,0.0648183456928273,0.7755062901831903,0.0011513176502892623,0.13670488280969492,0.02181916366399827
357,0.02990859723240393,0.8766435708397468,0.004768996986203747,0.07290496584401629,0.015773869097629265
358,0.02480140478742095,0.8733008622352728,0.0006902085767237648,0.09125828916073914,0.009949235239843302
359,0.04356302499588709,0.834236312221223,0.003964447690213515,0.0977096553881873,0.020526559704489203
360,0.05075676248871393,0.8096167080616566,0.003470124771412616,0.12174008446440787,0.014416320213808842
361,0.10491646176681732,0.7185722499953895,0.00807249862661776,0.13986312360830994,0.028575666002865437
362,0.06425746123930824,0.7377553606698871,0.020308168946660134,0.16398879941199268,0.0136902097321519
363,0.02350470954803335,0.8655471597244108,0.0027427845874296404,0.10310166450025379,0.005103681639872487
364,0.006492022636735836,0.9331106005790482,0.005262452844452384,0.05133424792937553,0.003800676010388067
365,0.012763450502252664,0.8796160472442759,0.0025001491855459797,0.09522806971116912,0.009892283356756423
366,0.022343923350360707,0.7161781609038013,0.009118972387844579,0.22880117062576408,0.023557772732229348
367,0.04119154040524541,0.4035955267036569,0.0016076688453842112,0.5233402428554366,0.03026502119027681
368,0.0603951372902342,0.09682555378973028,0.0003121453536111715,0.6713333471775508,0.17113381638887362
369,0.03152779805196255,0.11523280451156827,0.00015835931815260854,0.7198247077658813,0.13325633035243525
370,0.07179209188816048,0.08646123961437935,0.00010814462153665484,0.798040157104993,0.04359836677093054
371,0.06410201524768946,0.05100997248590428,0.0001925679096838463,0.6407035215528913,0.243991922803831
372,0.05989852074891467,0.036940716030546474,6.561409191286036e-05,0.8680667691085264,0.03502838002009952
373,0.03695163007700623,0.05997506837469873,0.0001425185214951994,0.8526242881069361,0.050306494919863616
374,0.09220636693643217,0.14664046035400924,6.533336929836305e-05,0.7435476637098891,0.017540175630371118
375,0.05053453991883744,0.0463422947138167,3.699782607295299e-05,0.8875446157845561,0.015541551756716862
376,0.060352545540383336,0.057965430095498253,0.00010996334141808702,0.8521586012303288,0.029413459792371595
377,0.08059922393934567,0.032011898371729804,0.00010741212228261124,0.8443194548274733,0.04296201073916865
378,0.06514134065593015,0.12103917242136333,7.478563172959344e-05,0.7964387759068219,0.01730592538415505
