epoch,N1,N2,N3,R,W
0,0.001924351036555184,0.0003354732103386877,8.158954351911908e-10,3.0467471840467436e-05,0.9977097074653702
1,0.009277762021730604,0.0005706647712339198,8.642199557616564e-06,7.844064668367971e-05,0.9900644903607942
2,0.007911768507843565,0.001503378337815294,3.1235420181473906e-05,6.609499248099014e-05,0.9904875227416786
3,0.00045817232326915105,0.00017776091304076285,3.096401319888307e-05,0.00014784831478541977,0.9991852544357057
4,0.00037167507588706044,6.08398088718921e-05,8.440083063381735e-07,0.0002642876900026852,0.999302353416932
5,0.00109604453148531,9.504138136992163e-05,9.364572631555203e-07,5.6024296126366474e-05,0.9987519533337552
6,0.002066311573545323,0.0006034480648344386,1.9995543933831903e-05,8.725808687752079e-05,0.9972229867308089
7,0.003656921821013836,0.0005112876908012657,4.740484721082204e-06,0.00023363350532499693,0.9955934164981389
8,0.04707743329479266,0.008576216272037557,2.58528338608929e-05,0.0007554250969307531,0.9435650725023781
9,0.1794836249890613,0.006569317728411393,1.5573827431940705e-05,0.003242039822116632,0.8106894436329787
10,0.1886521971353343,0.11948312571039581,0.00030513896507307635,0.0030575078587952663,0.6885020303304016
11,0.15189525467938458,0.008347606293224556,2.80989298458956e-05,0.002443012697987784,0.8372860273995572
12,0.36338058045517396,0.2146639832910103,0.00025952475555655224,0.013563015148975038,0.40813289634928407
13,0.19008505614787327,0.15012539988239348,0.0002285902554959087,0.012202296193964112,0.6473586575202732
14,0.0630977400329611,0.581760639756682,0.003980819597839764,0.00436135377327727,0.3467994468392399
15,0.0277968108298024,0.009442809292555174,0.0003666806195391023,0.0010183159712232061,0.9613753832868801
16,0.0031531559159308645,0.001615626299787962,3.386056350587047e-05,0.00034070378786505166,0.9948566534329102
17,0.056313076271195556,0.004402177405532093,1.7038547185955294e-05,0.0015813192488256422,0.9376863885272607
18,0.2484574885966218,0.10450157589401207,0.0010789504108672725,0.00182654177562659,0.6441354433228722
19,0.5506588163210405,0.08049856587273307,0.00015331202397580188,0.0051191100714002595,0.3635701957108503
20,0.012171746031617149,0.005942891964395945,7.009965425441998e-05,0.0003673473745924738,0.9814479149751401
21,0.4690829216915871,0.08780839295719746,0.0002566379407669786,0.01671413824943241,0.42613790916101607
22,0.5866579318627229,0.10954006965280133,0.0004677009679897224,0.010112431452131405,0.29322186606435474
23,0.2521847536307976,0.2965390434712071,0.012058677835091606,0.006573771137129015,0.4326437539257747
24,0.46977147906277983,0.08797456738954469,0.00031016498819236304,0.13571718772609465,0.30622660083338854
25,0.2861735237332614,0.4878824446995711,0.004857264640532668,0.04683294175072801,0.17425382517590698
26,0.2036489392499617,0.29619543462365827,0.009596757386035215,0.043253081314170404,0.44730578742617433
27,0.3754814500278237,0.12190431582261475,0.00044588563216020816,0.08902676758374374,0.41314158093365766
28,0.6127575047801223,0.1992192610724264,0.0014244171646076908,0.08021538459045403,0.10638343239238941
29,0.7122282811560958,0.20203778223398527,0.0005854786091381674,0.025391487946196414,0.05975697005458427
30,0.5747411328212351,0.21576389733831977,0.0029739785175293422,0.012499478213630393,0.19402151310928537
31,0.20378948372665362,0.6936334675553549,0.033907195308400404,0.012240676258771146,0.05642917715081973
32,0.21535811627031337,0.6829762095583004,0.007417123978745106,0.023962746098573476,0.0702858040940676
33,0.14294996027448853,0.4683554238159675,0.0063911136551059134,0.005719006313466025,0.3765844959409721
34,0.3221632978059033,0.5763629163092319,0.011450601961722956,0.024015734356847528,0.06600744956629417
35,0.2718384785298101,0.6505104863763703,0.019647366688913207,0.018478143579524455,0.039525524825381915
36,0.6076310093400866,0.13559749675077665,0.0010474934096846792,0.00976424826557314,0.2459597522338789
37,0.32590571460254375,0.626088778238203,0.01460628406065206,0.00473118404705208,0.028668039051549028
38,0.5762017633490188,0.24576703919454118,0.002495284424924708,0.004968796949233202,0.17056711608228206
39,0.18649106847980204,0.760885797908822,0.02743775465995541,0.001134549115431314,0.024050829835989208
40,0.034599319280776406,0.8754554585364593,0.0723740378333638,0.0015050246989148138,0.016066159650485797
41,0.5823340941369106,0.36292787587673175,0.0020143055301318994,0.001828471300279104,0.05089525315594672
42,0.037150760094620726,0.8730445705843122,0.08445847728276064,0.0011572142685101479,0.004188977769796547
43,0.03352754183172948,0.8668124991924505,0.09470877103173742,0.0007040771029648666,0.004247110841117628
44,0.11578541798477934,0.7685851320470865,0.10209655321489573,0.00025980099532437655,0.0132730957579142
45,0.012112769979082736,0.7948675598380943,0.18756306396450834,0.0005595698350685005,0.004897036383245961
46,0.007292951808124595,0.8473500516408693,0.13962146047431942,0.0003575905677994745,0.005377945508887241
47,0.007879543083290556,0.7607841240428422,0.22669652678382815,0.0003731420714771745,0.004266664018561997
48,0.0042104283440515585,0.7370013382555948,0.2556788420493832,0.0005758631153461829,0.002533528235624363
49,0.0019768524097981905,0.3665759949351345,0.6283935692129019,0.0001664353009140626,0.002887148141251445
50,0.026980850373334718,0.9342953935061229,0.033311054927576814,0.000508283057328065,0.004904418135637654
51,0.003585345991450195,0.6620120084438893,0.33253817949262504,9.591638297571723e-05,0.0017685496890596608
52,0.002737620800381173,0.6796092424664205,0.3158938718974265,4.901782031964543e-05,0.0017102470154522714
53,0.0013507416508994426,0.11388048635245977,0.8839296741042648,1.1426660997851726e-05,0.0008276712313780168
54,0.000577394757254091,0.20054280148322004,0.797134037737608,9.90585410268293e-06,0.0017358601678151685
55,0.0005568627697362384,0.12894119159575018,0.8694739476593185,9.949755761574598e-06,0.001018048219433432
56,0.0006132399847396273,0.08789078598524153,0.910509945917043,1.8859999970909303e-05,0.0009671681130047835
57,0.0005247063975661524,0.12900910599524254,0.8693788958436219,1.7575235967606017e-05,0.001069716527601689
58,0.0005180095246664646,0.09105158573313135,0.9073438143390136,9.61296378939494e-06,0.0010769774393992733
59,0.0005611549111583751,0.13439710138509126,0.8640069723063615,8.88109727435167e-06,0.0010258903001147718
60,0.0005616034411212664,0.1149495190131804,0.8829510253800816,1.11774494520141e-05,0.001526674716164655
61,0.00040432745729560655,0.10368843949489098,0.8952134929384414,1.2043953006116794e-05,0.0006816961563659334
62,0.00018550451018233008,0.041611455099039275,0.9576280979820869,6.926516061382533e-06,0.0005680158926301637
63,0.0005209860661693298,0.11566336570141106,0.8824044586430293,1.7574885347696128e-05,0.001393614704042606
64,0.00010006079544491743,0.01679884574737126,0.9827556039254648,9.0077092243271e-06,0.00033648182249458716
65,0.00013384820692721768,0.017358578611991596,0.9819460662740409,9.031659485760149e-06,0.0005524752475545471
66,0.0003673734432314149,0.02504618977162272,0.9738531413536601,2.0134423405854682e-05,0.000713161008079997
67,0.0005331262749171298,0.036974774308573016,0.9559740527618814,5.6194348876291664e-05,0.006461852305752049
68,0.000579259268540349,0.020978915988382866,0.9736783720253862,0.00011387536372596892,0.004649577353964426
69,0.003977965069968022,0.11059769194376258,0.8657933440407342,0.0004523658603800152,0.01917863308515529
70,0.003948348902414564,0.007961912419269673,0.001584693125934776,0.0005518517101989087,0.9859531938421822
71,0.13357653334194738,0.151312504485079,0.0029686506154912094,0.0042179003919958135,0.7079244111654867
72,0.2016206737900696,0.5510968525464942,0.029158206315166923,0.002749088985129176,0.21537517836314002
73,0.18794464321882634,0.1521032489468277,0.013937550241366302,0.0038795010344584934,0.6421350565585211
74,0.1273550033321921,0.08695219645693632,0.0006706223121818611,0.018300470296997245,0.7667217076016924
75,0.1474423930262155,0.5069519663882124,0.005724503479199395,0.03830080471368607,0.3015803323926866
76,0.1340484732349274,0.43731725071677274,0.019217542688398512,0.009211595496100422,0.4002051378638011
77,0.4247389343688877,0.24979901363277718,0.0004669287393641321,0.021884362554907416,0.3031107607040635
78,0.13203848194332599,0.7446633620173465,0.010699281804894172,0.008445699374969853,0.1041531748594635
79,0.21249112248607663,0.6513514935633057,0.03418215385725272,0.0017279217964624475,0.10024730829690252
80,0.21570321595793301,0.7359637376833099,0.004063646514478659,0.014543931096781385,0.02972546874749694
81,0.01969829247899134,0.9088827896351239,0.05414678256161737,0.0027553878135970567,0.014516747510670128
82,0.07823578081591556,0.887189311265035,0.008121782125143539,0.012310833913505287,0.014142291880400748
83,0.04123114465817448,0.8854520632837919,0.05541135965944673,0.0035164134013751965,0.014389018997211702
84,0.04903985465999678,0.9224277340305049,0.011153806875067588,0.004151586494663317,0.013227017939767449
85,0.022428372770952047,0.8522562580001765,0.10176997743049034,0.000578709318738802,0.02296668247964241
86,0.28956264383364877,0.656902417204771,0.0015586909985730194,0.002312796764240471,0.049663451198766785
87,0.26375507735657144,0.449765896719582,0.005543131447024282,0.0007051882269371601,0.2802307062498852
88,0.12157179134947403,0.8530264650084315,0.004628335227189317,0.0007131699985929597,0.020060238416312246
89,0.07576334034415058,0.8762640871839384,0.03737570992347413,0.0012748145084625418,0.009322048039974232
90,0.01935395515745281,0.869003193626628,0.10164564996438093,0.0023802654819944135,0.007616935769543849
91,0.046833822925331746,0.914974676600262,0.02307719232806934,0.006554694598577579,0.008559613547759375
92,0.04343664415811282,0.9033197732891363,0.036458520633494744,0.005441560746645361,0.011343501172610949
93,0.03175191548972576,0.8967266116610948,0.04567953469267696,0.014989327349115338,0.010852610807387144
94,0.018404597695913977,0.8973753376529228,0.07297687798133937,0.005961395517855147,0.0052817911519686435
95,0.04648686009724588,0.8767677533628532,0.05386027665499386,0.012299490601457155,0.01058561928345013
96,0.04338385084741887,0.9249970487966906,0.012880060795590183,0.008080326571425404,0.010658712988875102
97,0.021771617501520745,0.918339847025763,0.03652131369890981,0.002968102139388834,0.020399119634417616
98,0.4827882676701343,0.36883166690825786,0.0005343175914039888,0.06540593657048915,0.08243981125971471
99,0.15773486057114347,0.8116465550137573,0.006823432756622598,0.00487199622098222,0.018923155437494496
100,0.041483216720410825,0.914676862418098,0.02351392582810571,0.0038567676254891423,0.01646922740789633
101,0.19562899817127932,0.7573237755442853,0.0033669268639269566,0.007510929659655797,0.03616936976085246
102,0.15297621086338667,0.7790217440004449,0.0023838067559512877,0.04888687671844172,0.01673136166177547
103,0.03125791866128139,0.901492497349811,0.04073697155086853,0.014955788649133045,0.011556823788906026
104,0.03034480713361866,0.8328782189417415,0.11463217395031193,0.007233833814402603,0.014910966159925296
105,0.09576574342621437,0.8149032236478169,0.008292243918862574,0.06897648324658148,0.01206230576052474
106,0.025758101025579152,0.7802184524439688,0.17473212357305995,0.0022765055976996483,0.01701481735969252
107,0.12666811680689513,0.842023610179115,0.008689191352762225,0.011744049051297313,0.010875032609930481
108,0.04140009568342504,0.8687378454634529,0.08248392959109746,0.0012438551119547836,0.00613427415006983
109,0.02111471519769934,0.9617112978684517,0.010331450672494932,0.002976805557671311,0.003865730703682871
110,0.05627775711754828,0.8638235163102596,0.040605013425597344,0.0005919519070979796,0.038701761239496896
111,0.13033421691250413,0.8537653921377439,0.005618843838056386,0.004040627211300079,0.006240919900395285
112,0.0636282074094632,0.9080565162846773,0.022996166755680503,0.0020019316273813554,0.0033171779227975226
113,0.04054785654110583,0.6726576478950366,0.2824970075380716,0.0007153384263307101,0.003582149599455397
114,0.032045429851581014,0.9503450317730736,0.008941211460638218,0.004864483439957396,0.003803843474749817
115,0.049380660395942376,0.9122078153920054,0.02395854395525237,0.0054064941087822145,0.009046486148017877
116,0.019544229471520926,0.9175361355980762,0.0531513043892545,0.005991186855230987,0.0037771436859174493
117,0.01842918961371922,0.8485754408865279,0.11464264435075647,0.008967331428146418,0.009385393720850062
118,0.016238689378924635,0.8876513998140425,0.06472237454712389,0.025706652992631834,0.0056808832672772145
119,0.03735872272974042,0.11121756759820262,0.012313989896479322,0.005522524022783953,0.8335871957527937
120,0.28630061633886017,0.08756039904903205,0.00020994596525943058,0.0377742653661114,0.5881547732807371
121,0.3683886735426286,0.4723148963319034,0.0015254047961743944,0.018691181130628214,0.1390798441986653
122,0.7207888756112374,0.23360167157314787,0.00046371215285580437,0.007138095108449544,0.03800764555430928
123,0.45428213640806925,0.4754614549661589,0.0009863106779282452,0.040403894543372926,0.028866203404470787
124,0.08862841734298377,0.8412189612102343,0.00354097317935665,0.04460719163464558,0.02200445663277956
125,0.1704030340831532,0.6822848513461193,0.0037281535998112646,0.08748809329284406,0.05609586767807213
126,0.31409266230772365,0.3789150490887705,0.0005262417080965076,0.16630886573127174,0.14015718116413772
127,0.02124175650026225,0.018886351140718773,0.0002961833532793537,0.008496947517293425,0.9510787614884463
128,0.5638115846522035,0.385244316395661,0.0008291460354413155,0.02271493023196444,0.02740002268472979
129,0.06296122673601035,0.9059830585614501,0.0015190534580391457,0.011843305915123375,0.017693355329377013
130,0.25744787337604197,0.5147292255100593,0.005617390715308443,0.09442208398711065,0.1277834264114797
131,0.05038419855309287,0.8558443548549082,0.033898956501297546,0.029709975883506937,0.030162514207194267
132,0.0665190314797687,0.0479137252004495,0.0002968597558046176,0.041044618661923306,0.8442257649020538
133,0.14518916467804474,0.6566055798188642,0.0017528994280939856,0.134032141797161,0.062420214277836096
134,0.08190108320620111,0.7870550882657461,0.01892819512014192,0.028654148476538358,0.08346148493137238
135,0.22345258776409332,0.18107059558281624,0.0026987033729359636,0.05944310817208875,0.5333350051080656
136,0.06758877408818603,0.7084311273019552,0.04040667805775396,0.02020750480096133,0.1633659157511434
137,0.0167073870691683,0.004895979893697475,9.859305820214677e-05,0.01633931586962187,0.9619587241093103
138,0.009306150299690286,0.0020271206243947125,1.2685080837125408e-05,0.006635812679974878,0.982018231315103
139,0.019329601118471037,0.0015127181594114948,1.2876706976099045e-06,0.0016153425733560136,0.9775410504780638
140,0.47886331907777807,0.005168484337589229,6.220002807836649e-06,0.0037849557017245574,0.5121770208801003
141,0.18359229086448065,0.032450090168144985,9.017993689446356e-05,0.0033399324852188728,0.780527506545261
142,0.09510847012486921,0.007684690886658314,1.2052035918603298e-05,0.005812493939439352,0.8913822930131146
143,0.038211793449597485,0.002812606960809401,5.610988174663625e-05,0.002320217919402042,0.9565992717884444
144,0.6448740635890001,0.038041864723990314,7.94422690740566e-05,0.020080983531672113,0.29692364588626324
145,0.07310052221994567,0.006440739174973589,4.763748747018753e-05,0.002980835092359469,0.9174302660252511
146,0.20218482727906525,0.047823723479972144,0.00021878024080166755,0.059399853332663885,0.690372815667497
147,0.1297095431155394,0.021037995259254785,0.0001035746220211136,0.04168442151891566,0.807464465484269
148,0.31630794103691257,0.5262395560924831,0.000584725359541121,0.041290307358170124,0.11557747015289314
149,0.3571712886018255,0.45755494334953145,0.0027482825725451267,0.07297012705059291,0.10955535842550483
150,0.5054897284084513,0.08592462128375371,0.0002914554695754745,0.10440839992668949,0.3038857949115301
151,0.07954718696333027,0.8541632686165476,0.004068421862971776,0.04719377578223862,0.015027346774911752
152,0.12781924843984738,0.7894632892768831,0.021103236269982478,0.019851463411002527,0.041762762602284564
153,0.05591893020038106,0.9163189476228124,0.005634989232743969,0.014900686053085109,0.0072264468909774135
154,0.032965049259321255,0.913255946208324,0.017515215688178612,0.02631301064695635,0.009950778197219949
155,0.021617614422074244,0.9314779686757063,0.02355650917813489,0.017577946598901027,0.0057699611251834
156,0.08939130982860825,0.8202150966529332,0.006215579714745952,0.06527008085018349,0.01890793295352906
157,0.1572818691096387,0.6070330434760149,0.0010104195657451745,0.21101685506569715,0.02365781278290399
158,0.0796441952124392,0.8413700141506192,0.022264939717018314,0.04973731819057802,0.006983532729345287
159,0.11017597686648183,0.7618981882943999,0.0016848273126195534,0.12105331406262047,0.005187693463878256
160,0.04870364244386263,0.908979918900262,0.005191135168340176,0.0335565859816677,0.003568717505867472
161,0.11207360496263191,0.4041851625758579,0.0008196495998381393,0.46723382481078857,0.015687758050883575
162,0.078323192482952,0.75737244505349,0.007901306599808422,0.14310683450122413,0.013296221362525352
163,0.03826932370240603,0.8976336252863827,0.004966809921454172,0.05655158532621194,0.002578655763545204
164,0.045343239711094246,0.8919072995628575,0.008923920326448486,0.03766969171532689,0.016155848684272667
165,0.03195694613459894,0.9020023928399553,0.003162727644546564,0.057485879313930684,0.005392054066968368
166,0.14044112493115757,0.045817054132232846,0.00014651482453777837,0.2632388047100871,0.5503565014019847
167,0.2899118322158664,0.45662292067410887,0.0026977492543894394,0.1917230639937511,0.059044433861884044
168,0.17608905561148477,0.685854836894805,0.0025236677451942716,0.055909398251352646,0.0796230414971632
169,0.4524973287946405,0.11123110449681888,0.0001134525171390934,0.2934588536748256,0.14269926051657583
170,0.06029971089348223,0.8627957192529377,0.012581901709768013,0.016610289406984828,0.04771237873682709
171,0.042376515763459896,0.031047673240587388,9.908708944899282e-05,0.013568063750847638,0.912908660155656
172,0.005008181269286992,0.0019108962743080694,2.7627101110979515e-05,0.002341689414507211,0.9907116059407869
173,0.0040488148748750044,0.0006421721633368243,5.285624231363924e-07,0.004921861882568338,0.9903866225167965
174,0.36546959235892684,0.011866937895536703,1.2387704334140819e-05,0.0046465055583396215,0.6180045764828627
175,0.6668165027571784,0.07956010807251579,0.00021929270790489668,0.007444244315012342,0.24595985214738847
176,0.8478636241927089,0.07390904664484785,0.00016019470810623807,0.00781315784413903,0.070253976610198
177,0.5739161076688193,0.3487032435743786,0.0006097071616024922,0.02794921090858937,0.04882173068661015
178,0.15453280365331074,0.7937748842636251,0.0019090470781974,0.03820256421303539,0.011580700791831376
179,0.29500400909093466,0.5831617982266424,0.0016977548921272552,0.10947757018957109,0.010658867600724592
180,0.4432630872165383,0.4768683712288349,0.0009617569572652566,0.03562016068592546,0.043286623911435944
181,0.07638766670643778,0.861282101379629,0.007932557409275766,0.05183425211643729,0.002563422388219958
182,0.04270369233295768,0.8852231556756618,0.05397286394865028,0.015767340026494662,0.0023329480162355147
183,0.009374855418802954,0.8314312466260899,0.15155460778509947,0.005062603107907777,0.0025766870620997804
184,0.00438126237917225,0.5061618665541595,0.4760448956748381,0.01163242745824669,0.0017795479335833793
185,0.021507962138468877,0.6909409478691546,0.026234507929095624,0.2523579782300454,0.008958603833235533
186,0.015414089317522221,0.8161644814915248,0.06837892343587575,0.08783292950309987,0.012209576251977177
187,0.06339649238882374,0.6114811208215455,0.005695857046980781,0.3088322174301072,0.010594312312542806
188,0.03789646447830831,0.710527929838133,0.0018176946436131792,0.245865742600756,0.003892168439189398
189,0.10765530095688819,0.028833873941565554,7.035912242372207e-05,0.8398811426161045,0.023559323363017987
190,0.13653512704038315,0.0970202010848622,0.0002606967704781008,0.7608785545699125,0.005305420534363947
191,0.10414980639929221,0.02793958076816448,0.00011668373488103857,0.8594130589283644,0.008380870169297863
192,0.1456119147308873,0.06098739521587699,0.00015380717935006415,0.7839252870985125,0.009321595775373153
193,0.05244444613610202,0.01023899337917223,5.838719565175536e-05,0.9316594881874711,0.005598685101602919
194,0.05426585844030077,0.03770818789394993,0.0001358711007519958,0.8905527126803394,0.017337369884657797
195,0.03461056206053895,0.007619792474575594,2.2484690466655277e-05,0.9205009508465547,0.03724620992786412
196,0.11930629275441655,0.012244596726937116,9.248744916435615e-05,0.8218750530557892,0.04648157001369262
197,0.09924089261356969,0.021684007323012462,0.00019896160013032447,0.8150966163581601,0.06377952210512745
198,0.07944804944156239,0.01563649385800949,4.146038174424465e-05,0.3601587389219974,0.5447152573966865
199,0.1537085038737008,0.025040856039466118,4.4690788558616904e-05,0.6005575729434341,0.2206483763548403
200,0.24629419932955898,0.016346885295881998,4.4055983758985736e-05,0.5332192765998064,0.20409558279099366
201,0.4970389082861553,0.07909297052362999,0.0002130998877109446,0.28387072016337656,0.1397843011391271
202,0.33427514579915996,0.04941291688948925,0.00017277284382963517,0.5023664661018187,0.11377269836570247
203,0.18693533638208773,0.02885327850602085,0.00018128345553741133,0.7443351339031692,0.03969496775318476
204,0.21594558167195108,0.061206938773955465,0.0001569591656134216,0.6755429303605558,0.04714759002792417
205,0.05258793826464888,0.05186379964032195,0.00017095958483643093,0.8667929098004596,0.028584392709733106
206,0.128812870956377,0.00984765351153432,4.026900262848398e-05,0.7531565372284829,0.10814266930097746
207,0.2051895579725223,0.03779471637329812,0.0001108910569413284,0.6909123329171273,0.06599250168011084
208,0.14138299295602583,0.0029532171418790443,1.035743961406443e-05,0.09211946382311852,0.7635339686393626
209,0.2673592624658357,0.13785218948298802,0.0005476822511507075,0.3345369275644329,0.25970393823559285
210,0.37799487115118807,0.048799727338408906,0.00021406659948066295,0.5056185868179495,0.06737274809297296
211,0.4448576178725031,0.02330706280311436,0.00010974990379809482,0.44110197642343346,0.09062359299715089
212,0.12272129402408635,0.0032793870234329647,7.97240754429382e-06,0.7910607808104937,0.08293056573444267
213,0.22731709635013045,0.033548417118853834,0.00014060109884768147,0.6999338345824866,0.03906005084968125
214,0.1714283753399549,0.009363853942703065,2.4874977633203117e-05,0.7975757630240262,0.021607132715682674
215,0.1723284527973961,0.03225392504380038,4.316209750292533e-05,0.775676226881217,0.019698233180083593
216,0.10217486976877578,0.02012162235211857,0.00010101997465459625,0.8519260921939769,0.025676395710474097
217,0.1205223266127277,0.01489092174755301,7.648689733214202e-05,0.8448038994195622,0.01970636532282498
218,0.05991747726092625,0.04038198950738015,0.00029566850447808454,0.8831422596015472,0.016262605125668385
219,0.09750521067681438,0.010373330046486776,5.0581190812263114e-05,0.8748454527658147,0.017225425320071982
220,0.1068636079012591,0.0144047301922369,8.158973348055285e-05,0.8538848353257344,0.024765236847289002
221,0.07620623641622393,0.028859510047256454,0.00014017858429249207,0.8824503914066791,0.012343683545547839
222,0.09199159357512374,0.061671082460310736,0.00021176746520376943,0.5867348605121676,0.25939069598719416
223,0.1182178612257387,0.01583093350528425,3.253616293272978e-05,0.7882423691355989,0.07767629997044537
224,0.16684667898011885,0.019907114576692777,9.081525793283249e-05,0.7780225105762668,0.03513288060898861
225,0.26355023626576785,0.011792946415803628,2.7310025113156144e-05,0.48152168082085023,0.24310782647246523
226,0.32814488445112305,0.024614202083783482,0.00013021895825652047,0.5565400768870515,0.09057061761978537
227,0.05852382019624642,0.028992126013900367,0.0001913159870964472,0.14916349555792907,0.7631292422448277
228,0.05099395590844027,0.004465788688044793,0.00011501878094562645,0.038039677052580316,0.906385559569989
229,0.23875625145655946,0.036680659638138435,4.603844599980478e-05,0.1845247200448315,0.5399923304144708
230,0.6141119515228788,0.07818783863080161,0.00023679697008210148,0.15125011325543036,0.15621329962080727
231,0.20401393799639625,0.3778136248419229,0.005780958808662791,0.06602721312076747,0.34636426523225056
232,0.31077990208859246,0.32800682348080434,0.0022988914333559518,0.15652449195915275,0.20238989103809446
233,0.21348103865923265,0.07621826946143404,0.00036116349762117805,0.41450291223627944,0.29543661614543254
234,0.2696693189306587,0.20639957263477804,0.0004934228925794059,0.26410503375459665,0.25933265178738735
235,0.3167296386145874,0.31012911380104513,0.0006210053332350932,0.07846430853848921,0.2940559337126431
236,0.4701650269309498,0.3068738687021055,0.0011694878210345692,0.035457389807989494,0.18633422673792055
237,0.34216626756564805,0.05274482304600178,0.00010487360537915154,0.03392799317537027,0.5710560426076008
238,0.3104949964472519,0.06112474997360873,0.0003465284615565045,0.05236997936362603,0.5756637457539568
239,0.7363157895314164,0.12777968109805654,0.0002580177211503651,0.060380884047758814,0.07526562760161788
240,0.185560519227219,0.7526133923684323,0.001484196180337777,0.01449293096339033,0.04584896126062056
241,0.20429606065090833,0.7303723414306903,0.0018286033510915962,0.03415066227749122,0.029352332289818484
242,0.07709495361282692,0.8718776684794495,0.03322110037236369,0.003764687929588524,0.014041589605771258
243,0.10353810431281195,0.8713149046425348,0.01470841135010182,0.006046235981131644,0.004392343713419722
244,0.015738535359034772,0.8771738305649072,0.10299732451067464,0.0013341826452664672,0.002756126920116888
245,0.00943025676721964,0.804844068449509,0.18266089419481726,0.0012153467960281134,0.001849433792426315
246,0.01472007866815841,0.9633868359182663,0.01776932424052358,0.002803901911537419,0.001319859261514341
247,0.00260486601884452,0.7104180712817844,0.2846096910101157,0.0012558621259994897,0.0011115095632559717
248,0.007836230868657569,0.8264890203111304,0.16285835496270248,0.001369517584234328,0.0014468762732750755
249,0.0013259236427960478,0.5380887791103458,0.45980507857297964,0.00017237907908218049,0.0006078395947962262
250,0.001877375599376164,0.543551958057592,0.4523664821613053,0.0006257168518696046,0.0015784673298568524
251,0.0013137655019420892,0.5829879424548934,0.4142457345959477,0.00021313973728525538,0.0012394177099314349
252,0.0008243695624151921,0.4865233189900814,0.5120377085413949,7.557206878931946e-05,0.0005390308373191858
253,0.0008825173434001691,0.23734302214609102,0.7611629362597566,7.954714893323649e-05,0.0005319771018187959
254,0.0004312133090879982,0.16479651674676304,0.8343649072534006,3.796189233713406e-05,0.0003694007984112793
255,0.00025372081440866494,0.12802840211039257,0.8713463182423811,5.293531386579902e-05,0.00031862351895181243
256,0.0003330869229247503,0.16658385419960436,0.8326133157905873,5.092259144375364e-05,0.00041882049543980185
257,0.00018195439969879006,0.1333079143089148,0.8661202681825433,2.4143944403412826e-05,0.00036571916443970125
258,7.53819137378071e-05,0.021771490766591326,0.9780547609824848,1.4841884050306666e-05,8.352445313572547e-05
259,0.00024040927091139528,0.06873148837562423,0.9305275442658493,4.892346754838759e-05,0.00045163462006670986
260,0.00020686785058982629,0.0564702581477343,0.9428895888326123,3.830421394483824e-05,0.00039498095511877255
261,0.00024430787260068385,0.05545024598828259,0.9438252757847166,3.990633298485951e-05,0.0004402640214153888
262,0.00016599374867386297,0.045313057682563426,0.9541956084358348,2.723322854231513e-05,0.0002981069043856164
263,8.300834862583815e-05,0.016690634112952036,0.9827338471133942,1.7509333320453237e-05,0.00047500109170755487
264,7.309822939403828e-05,0.014909662835813759,0.9846149814053088,1.7082268164295372e-05,0.00038517526131917927
265,8.37794282331013e-05,0.013983915457202567,0.9856051180485007,1.200651363026617e-05,0.000315180552433349
266,0.0001084455599071812,0.013176953297793137,0.9864109092252286,1.4233200736396932e-05,0.00028945871633468496
267,4.7014799625296276e-05,0.007569045947945606,0.9918998680335741,1.1868403393426571e-05,0.0004722028154617255
268,9.425918073624228e-05,0.008697631838443017,0.9905079993428391,1.6431938673274436e-05,0.0006836776993085353
269,9.50516692481376e-05,0.011019033472667417,0.9885283901087532,1.0545288212796138e-05,0.0003469794611185401
270,7.044227645010802e-05,0.006511479134321499,0.993076620393426,3.126094919074835e-05,0.00031019724661157736
271,6.895612216657714e-05,0.006387064771200821,0.9930402736570696,3.0620251727328084e-05,0.0004730851978357985
272,7.996043596818286e-05,0.00877419764901667,0.9909046021873253,4.381412114989528e-05,0.00019742560653981483
273,0.0002301309994356615,0.01637904845935483,0.982383824401181,0.0004732375162780726,0.0005337586237505596
274,0.03628232282216662,0.33469762755554555,0.2466214782978573,0.022796452565917842,0.3596021187585126
275,0.012120753266158761,0.5266778319506625,0.44285208502114776,0.007468866450964442,0.010880463311066603
276,0.07605909676621897,0.6484865519665973,0.13342708753328908,0.006974814182035449,0.13505244955185916
277,0.1789706410646445,0.7811615487389553,0.014820375756055541,0.004335862429985609,0.020711572010359076
278,0.22282147011753944,0.6785711741142536,0.019429281304544726,0.0016938432060050977,0.07748423125765712
279,0.12897237821052066,0.820253700300455,0.0412185230685221,0.0012609997132208414,0.008294398707281445
280,0.04799799757989723,0.8520288943169145,0.09155579776909552,0.002567284421125551,0.005850025912967345
281,0.055048774479321064,0.9095361183098029,0.030093930391162788,0.001505210475194002,0.0038159663445195007
282,0.079314308276519,0.90532424811028,0.005639910242133339,0.007059356859154312,0.0026621765119134904
283,0.012683551096738214,0.9156700356905668,0.06833797505026389,0.0022490079060390328,0.0010594302563920314
284,0.005597467945439402,0.8053293914064421,0.1872862160290268,0.0007062864634444239,0.0010806381556473772
285,0.0027258373447755697,0.38588703691629483,0.6104152522015841,0.0002163398731761983,0.0007555336641691589
286,0.0017597816630225257,0.2812404619879387,0.7161698397309264,0.0002996058202722137,0.0005303107978399973
287,0.0030673371621298203,0.5567607763439776,0.4383351076238216,0.0003731989062437702,0.0014635799638272507
288,0.0003978702195599097,0.15818455347721935,0.840963823824178,4.425623626002565e-05,0.00040949624278272326
289,0.0005547295154106348,0.1956331867896012,0.8030925848801739,5.1332878691160126e-05,0.000668165936122976
290,0.00012529044423458416,0.034551664899499825,0.9651482330482886,1.6516770748775084e-05,0.00015829483722817227
291,9.970531149537093e-05,0.01805596243132529,0.9815646432679958,2.7136469458878133e-05,0.00025255251972459763
292,0.00015082608438594095,0.021463829963550198,0.9781970225686667,1.734529053404355e-05,0.00017097609286293835
293,6.489242451295157e-05,0.012715221253032136,0.9870469667546977,2.1099444412616126e-05,0.00015182012334460587
294,0.00030154551629711456,0.029166706606421695,0.9700103546053822,4.548216373129663e-05,0.00047591110816745327
295,0.00011580337148411486,0.02318427293125414,0.9763322352973008,2.3569962933355053e-05,0.00034411843702767373
296,0.00124230664837447,0.41390815147702886,0.5832049631615451,0.0002261345373203556,0.0014184441757312029
297,0.00016593674550449174,0.04957665731681024,0.949701005407919,1.481356904657685e-05,0.0005415869607194812
298,9.901930852372929e-05,0.02304819774271638,0.9764940873110048,1.079343026767943e-05,0.0003479022074874624
299,8.555849278670608e-05,0.034079765636212685,0.9656143560797014,1.189609516964326e-05,0.000208423696129795
300,0.00018436103188536817,0.012521215537839345,0.9864030799808882,3.2882035217005406e-05,0.0008584614141699915
301,6.833470260042939e-05,0.010043660969574984,0.9895589370735298,1.2440378798205867e-05,0.00031662687549661897
302,5.963557608471653e-05,0.006108549205284382,0.9934926046538978,1.0334308214517915e-05,0.0003288762565186905
303,6.636551754888242e-05,0.0073070442646972775,0.9922263580921963,1.4314282267905752e-05,0.0003859178432896063
304,6.466734402818908e-05,0.005151005323095752,0.9944057771735011,8.606126091364428e-06,0.0003699440332837285
305,0.00020884445007070357,0.01304106761191752,0.9860062804826596,2.0699855312424445e-05,0.0007231076000396679
306,4.651882139193742e-05,0.006172484129650251,0.9935750465203655,5.653583640757096e-06,0.0002002969449515125
307,9.052762005900117e-05,0.013656366654805636,0.9860097017511114,1.3092474807085885e-05,0.0002303114992170868
308,6.361900637359931e-05,0.007439320363491611,0.9923292686607347,7.617914842227631e-06,0.0001601740545578708
309,0.00029178697310830145,0.02155327280189131,0.9776993690859744,2.821808007537491e-05,0.00042735305895071795
310,0.00010974679684089056,0.006807774284440303,0.9927217043307293,2.1565301616396427e-05,0.000339209286373365
311,7.430916251467663e-05,0.006038258893122911,0.9935081571659867,1.9967169913603157e-05,0.0003593076084620221
312,0.000181216124915567,0.011841925331452677,0.987158872287253,3.105975292818486e-05,0.0007869265034507109
313,4.571093167583218e-05,0.0038338990914564444,0.9957354487671228,1.0119781889194253e-05,0.00037482142785587297
314,0.00011737967352935333,0.007715236103640763,0.9913711202874714,2.971721401608538e-05,0.0007665467213422644
315,7.814173305392596e-05,0.006878423557003217,0.9925898229849018,2.0052721750181787e-05,0.0004335590032910028
316,6.593577827879152e-05,0.007167081128438818,0.9925293145325462,8.121179068095512e-06,0.0002295473816680461
317,0.00020309343339335314,0.013320031319667542,0.9850622469669017,3.913325328440842e-05,0.0013754950267531028
318,0.0006315298477065605,0.12308023517354065,0.874910363295228,0.00011745978456157771,0.0012604118989633733
319,0.00021300113330412077,0.06436391716003965,0.9348838761461704,2.7703477899867454e-05,0.000511502082585926
320,9.135085694508865e-05,0.022090322113763425,0.9775278121348868,3.357427456154995e-05,0.0002569406198431244
321,8.143857909796292e-05,0.019750085757222615,0.9799309687121568,2.7320672187075955e-05,0.0002101862793356277
322,6.659068650174855e-05,0.018108353052008197,0.9815912551741165,1.1551736279186366e-05,0.00022224935109416954
323,5.757137331052065e-05,0.011169319831298487,0.9885501604468934,1.0186694464847858e-05,0.00021276165403291746
324,5.114360020589606e-05,0.005210610867384691,0.994353751882948,1.0548348879406277e-05,0.00037394530058203874
325,0.00012633527603103146,0.025776737149689345,0.9738663513979379,1.6789145536364042e-05,0.00021378703080546693
326,0.00013306854828585096,0.014974967715019855,0.9846715785034662,9.029102877046025e-06,0.00021135613035101942
327,0.0001507580744122325,0.031840915056416105,0.9676322536877161,1.9011684566429735e-05,0.0003570614968892007
328,6.100348393172426e-05,0.013187651469194359,0.9865899896456768,1.38289785907922e-05,0.00014752642260647917
329,5.490185254890311e-05,0.009719365758006023,0.9899593171476712,2.4715289033705877e-05,0.00024169995274021095
330,5.426270427698698e-05,0.007610295945749119,0.9920597852799642,2.705747362023613e-05,0.00024859859638960973
331,0.00019485234581477018,0.015700115182189667,0.9833536582726448,0.00016784817981658288,0.0005835260195342587
332,0.0003473766605492783,0.028114806362189167,0.9708977396856513,9.594486018724178e-05,0.000544132431422967
333,0.0026935692397590787,0.22730573170509466,0.7662695586910225,0.0013535228679758112,0.00237761749614782
334,0.03326265578838774,0.8236804580146427,0.12665668255583043,0.011142212958530988,0.005257990682608036
335,0.016168681892307506,0.7068776189695393,0.2700458296634412,0.0037093773122017794,0.0031984921625101757
336,0.014573000457334171,0.7639583573354228,0.21646271389424074,0.002914688467602013,0.002091239845400273
337,0.028240314858355736,0.9293766594938951,0.03333199620291369,0.006894002137160002,0.0021570273076755757
338,0.04554713504610674,0.9155870878035964,0.028812281722430652,0.0071616443853020975,0.002891851042564134
339,0.009086293772335939,0.8878767361068166,0.09816581705610196,0.003321695541592623,0.0015494575231529688
340,0.007168754879918888,0.4003829050974398,0.5845639108091759,0.006379452902182779,0.0015049763112826966
341,0.005713268900989783,0.8878100232391453,0.09613968368252886,0.00848497660504552,0.0018520475722905978
342,0.002959056783992934,0.7686867682762586,0.2167520448796031,0.009885934882961748,0.0017161951771835955
343,0.007696552369857955,0.4840536794714255,0.4839661690412329,0.0190583079280794,0.005225291189404315
344,0.009433368600662143,0.7841187031722052,0.19150387035676894,0.012398216879036156,0.0025458409913277336
345,0.004181872306198237,0.8503828633434826,0.13128731814492797,0.011134538325856478,0.0030134078795346205
346,0.025081820147017066,0.693330389385633,0.246301934822332,0.018764074837122474,0.016521780807895417
347,0.16062817642238938,0.779822793092398,0.008325502863431379,0.02069863364753295,0.030524893974248197
348,0.2144670459714623,0.7078420666641368,0.017339938126115215,0.004348512355739999,0.05600243688254555
349,0.17268089739963227,0.8069370721991055,0.009050552310822807,0.002717070288544707,0.008614407801894628
350,0.08251724396039302,0.7985740493510516,0.10805140204699919,0.0033716538929704143,0.007485650748585844
351,0.014202253540496333,0.6595971871188869,0.30966858961297233,0.009986801369105062,0.006545168358539099
352,0.02164621826192507,0.8768588804183812,0.07185370701385584,0.01501722461596532,0.014623969689872554
353,0.005597963603645122,0.5362541110031627,0.4482954896875729,0.0016815572787859832,0.008170878426833363
354,0.013790902770250083,0.6484333468166208,0.308777194253064,0.00764230210869546,0.021356254051369733
355,0.010194983764558687,0.02309192278644626,0.009085059989796968,0.0011413487333845453,0.9564866847258136
356,0.008288921645948478,0.005173883492269122,0.000970201240402909,0.00046180514420608395,0.9851051884771734
357,0.03791634297278698,0.01165030608559525,0.0008284976077338152,0.001180273849811644,0.9484245794840724
358,0.004713422823740916,0.0024671493823000407,0.0005219052977925544,0.0003810631299867533,0.9919164593661797
359,0.000853234382803288,0.001783014461099117,0.00016635347210055163,0.0002914190568437428,0.9969059786271534
360,0.0015055229861760215,0.0021890136793259215,2.3650226115917903e-05,0.000576000784527221,0.9957058123238548
361,0.0008124960372012293,0.0039028674074007767,0.00014078074992454726,0.0006343986047073779,0.9945094572007661
362,0.07179956752946322,0.06318409513217729,0.000505208661104356,0.009875209894532453,0.8546359187827226
363,0.0033868850724487216,0.0015886073201156756,0.19027070142990768,0.0022878923902627884,0.8024659137872652
364,0.008743945525850236,0.0038061412889773055,0.10980811190057627,0.001325701899742021,0.8763160993848542
365,0.009203828672243874,0.0062943553493746964,0.4083835442834636,0.004824436756874642,0.5712938349380432
366,0.01073487816810043,0.0036276130945760814,8.322454657555307e-06,0.0035828830718995556,0.9820463032107665
367,0.020851776629183118,0.010411705703201175,1.966249259385514e-05,0.004156627675617923,0.964560227499404
368,0.12933040496949028,0.08385047639237414,0.00010529180281988822,0.015305855903091567,0.7714079709322241
369,0.39930499156863625,0.3159106911144822,0.0007820224531846378,0.029653127529065657,0.25434916733463114
370,0.48262973143322885,0.13278029289294901,0.0003159775660347526,0.06105499995243077,0.3232189981553567
371,0.1581190265406107,0.1382426862021087,0.0004224876489327792,0.0954151157554396,0.6078006838529083
372,0.09429250395610425,0.007816734617936728,3.96693292683218e-05,0.017045180889322702,0.8808059112073681
373,0.5681310904018414,0.12241219267839268,0.00037094599886770813,0.07276819401104054,0.2363175769098577
374,0.5717954756988525,0.2904065288140951,0.002436735778408782,0.047093502847333005,0.08826775686131057
