epoch,N1,N2,N3,R,W
0,0.0018197505914665766,0.0003501003120351346,2.8274396062347534e-05,0.0005220876067726325,0.9972797870936634
1,0.0003934450527077036,0.00031945624270800357,2.154408249893974e-05,2.6750465246519664e-05,0.9992388041568389
2,0.004466230801613593,0.001720467250640957,3.338132136175355e-05,0.0003721263695648002,0.993407794256819
3,0.0024038102597607205,0.000278021427513963,9.579444205876932e-06,0.0002118298887252694,0.9970967589797942
4,0.006897434909450058,0.0005112782421877424,1.392142505356024e-05,0.0001533544259315186,0.9924240109973772
5,0.003851972067544799,0.000992091679174447,5.9456597361150435e-05,7.27226059618826e-05,0.9950237570499576
6,0.0028609332683507656,0.0012903862510493275,4.1806417966716914e-05,0.00013630294400779745,0.9956705711186253
7,0.023980258194958533,0.004335868737398021,0.0002585924372412352,0.00027553737902355014,0.9711497432513787
8,0.011695711367368467,0.008845782274182912,0.004330322661443227,0.0004331714917031373,0.9746950122053023
9,0.007314720853380463,0.00830638309730682,0.007744683800337507,0.00039506439623903115,0.9762391478527362
10,0.030783023046628777,0.01797668781037499,0.006107933488002243,0.0007020210189877587,0.9444303346360061
11,0.01791902853915443,0.023301053622770587,0.0006548174663131159,0.000553092571494943,0.957572007800267
12,0.06605085217760404,0.07256916031511298,0.01396786222882061,0.0012197628626915136,0.8461923624157709
13,0.08980974613410458,0.04195607633078736,0.01928942962593113,0.0006911084594962471,0.8482536394496807
14,0.07206809419891354,0.06043511806083586,0.015028284156283793,0.0008993379835754649,0.8515691656003913
15,0.07101658021200583,0.21101541188241024,0.09518078487714302,0.0019122198379780927,0.6208750031904628
16,0.1459931355280988,0.40022157671659037,0.09757722500676091,0.003947170717299955,0.3522608920312499
17,0.17879665865107078,0.1633525126374558,0.052494842765736224,0.0073050446239582,0.5980509413217789
18,0.20418487494762486,0.4956343642233777,0.12081714908984652,0.004561009296284572,0.1748026024428664
19,0.16494789341363708,0.26237773996073566,0.04475163085180918,0.008953388105824186,0.518969347667994
20,0.11970326541629514,0.4692861585228693,0.08140747742583367,0.0033488123971985935,0.3262542862378032
21,0.030047846656630947,0.026888359183227763,0.004540679601871073,0.0015065249537671358,0.9370165896045032
22,0.17440758172056464,0.27362048022569235,0.04409684674747788,0.0033135741771282657,0.5045615171291368
23,0.1940441132421178,0.47847697894283714,0.07040195119114238,0.005213901517916796,0.25186305510598594
24,0.19662987870397097,0.28212695017754963,0.07428704190802447,0.006183768760976229,0.4407723604494786
25,0.10562003723107795,0.603184744036937,0.1099913951452999,0.004881574845018107,0.1763222487416669
26,0.04090064178581975,0.03831628141629902,0.005171110633666363,0.001521082382048712,0.9140908837821662
27,0.09929625575555745,0.2205040590458607,0.024466012020683377,0.002849358700375846,0.6528843144775227
28,0.12946081104043716,0.4973168115310082,0.027788988267655423,0.005778592016137183,0.33965479714476216
29,0.10849196219490721,0.6007744431028175,0.03908994585832103,0.0035208988168305678,0.24812275002712372
30,0.1700731168862705,0.5295199908021893,0.04892219194766649,0.007541853687010195,0.2439428466768637
31,0.05335377912309653,0.662376844914152,0.06315668104049728,0.0016157749591605027,0.2194969199630939
32,0.007785762031643109,0.009488140713283176,0.0011851690472030113,0.00037211217041513254,0.9811688160374555
33,0.1086020853663529,0.17928390131251606,0.013802020594790946,0.0057565425264679854,0.6925554501998721
34,0.12645307816609103,0.18753083501571385,0.013888024359916396,0.004870314545636823,0.6672577479126419
35,0.19375522881232485,0.6053929774721366,0.09421752348138271,0.0007524454739845833,0.10588182476017113
36,0.13454523385834868,0.6867327079564182,0.08027491897621183,0.002865534671465695,0.09558160453755571
37,0.08202375502963136,0.6682207332232769,0.21460606958161577,0.0021274570460912564,0.03302198511938491
38,0.19365971638050558,0.6496735339670053,0.08402096044524046,0.006606185453256026,0.06603960375399254
39,0.051796918775927674,0.6326298357688805,0.28899433563641075,0.002739534323214799,0.023839375495566202
40,0.024615402511679974,0.5567692855835517,0.4055311349646006,0.0007750234479941077,0.012309153492173744
41,0.05452882846630374,0.7023008678021185,0.20537207797468504,0.0037635027721048433,0.034034722984787914
42,0.04840016904334114,0.7550919982105219,0.15520411512674406,0.004428102276898545,0.036875615342494374
43,0.03302263093716102,0.6170494719091725,0.3172742614637423,0.0038941890721696194,0.02875944661775442
44,0.03361070029898007,0.6266828531542235,0.26282328342922984,0.0057233592470551835,0.07115980387051159
45,0.04105047663754194,0.603363359213779,0.31847196534726785,0.005712981300648455,0.03140121750076263
46,0.04455669745455412,0.7096164801725497,0.14679687238496308,0.009361091145319364,0.0896688588426138
47,0.049225762702887595,0.705116388803153,0.12731420381555067,0.011038536399156196,0.10730510827925266
48,0.042105149968176964,0.743737773160556,0.07853995424439653,0.009245271585133403,0.12637185104173693
49,0.051282444868237693,0.7544665891103051,0.08859416020690032,0.007249334924823034,0.09840747088973384
50,0.048841336569273544,0.7282711493267943,0.1133661533108196,0.006748202763222053,0.10277315802989061
51,0.053273872943864486,0.7604196414728254,0.09828705598278517,0.012095657538310286,0.07592377206221491
52,0.0497914897062884,0.7026019662473101,0.13809725541904103,0.010311297554385496,0.0991979910729748
53,0.0283388816673667,0.469487458588769,0.4670929538949877,0.0031712750797373325,0.03190943076913945
54,0.055574126563458975,0.7249215145807949,0.06396909282424759,0.01341846536989049,0.14211680066160812
55,0.05321327629428702,0.7491587845868412,0.11311320561173828,0.008384836675890505,0.07612989683124295
56,0.056108993311653456,0.6026762510288808,0.2811136590154242,0.007907805559068618,0.05219329108497292
57,0.05894503126703813,0.6631228198934401,0.20406337945671277,0.005233282120445785,0.06863548726236318
58,0.05526941148569885,0.633193366926856,0.2592107929386609,0.007795877668375791,0.04453055098040849
59,0.048506625674115574,0.5529353444583113,0.3296033984302108,0.008631609365268017,0.06032302207209431
60,0.03347258196698639,0.5724783748141978,0.2712736084348168,0.006775719048824239,0.11599971573517476
61,0.03034628239856894,0.3548994022943536,0.5719753243237764,0.006688588354013204,0.03609040262928782
62,0.030104614927705317,0.509340702947782,0.39832836436055485,0.006512058393057481,0.05571425937090034
63,0.020655049969711417,0.2742762528893357,0.6768938150747908,0.0028638920722680525,0.025310989993894115
64,0.0215705206433515,0.334287369258046,0.5805010627080057,0.007212813512965902,0.0564282338776309
65,0.012114067418164514,0.16592355890412186,0.788215516875687,0.006469985066817283,0.027276871735209294
66,0.01057763497528077,0.1202325218965569,0.8491093166299762,0.003373004364264382,0.016707522133921668
67,0.0077708085393233765,0.11081960448040376,0.864220391948446,0.00365689489730146,0.013532300134525315
68,0.016895842667999383,0.218185543386081,0.7246679611194863,0.008064706467005172,0.03218594635942823
69,0.00477831769862873,0.049076960387765024,0.9325805640103176,0.002491789289058147,0.011072368614230605
70,0.015638737712441637,0.126566744330745,0.8336897568757627,0.005629679855063603,0.018475081225986942
71,0.01812988110882852,0.1937369001393688,0.7292459073634229,0.00857385854129851,0.05031345284708105
72,0.008023440972279312,0.10238684523978644,0.854001149168626,0.006649392814454346,0.02893917180485397
73,0.003918935702106372,0.05466433075293037,0.9230700212526244,0.0022568098558190266,0.01608990243652002
74,0.0070024138281953256,0.06892852132246881,0.901119061076218,0.005744472911968283,0.017205530861149586
75,0.010198761743539788,0.09546992422579548,0.8725664178125412,0.006010628676718569,0.015754267541405183
76,0.01017713754333533,0.07359016882369589,0.8963759200445478,0.006467692993559262,0.013389080594861751
77,0.003179785690422786,0.027386266437969275,0.9604429238947215,0.002379485097213533,0.0066115388796728096
78,0.007187061503589316,0.08537745778607009,0.8717884183528016,0.005840319529839053,0.029806742827699875
79,0.00788764828786808,0.08497772270532349,0.8795179149396424,0.004998581611459509,0.022618132455706666
80,0.002343131343164105,0.02461524646978063,0.9603286585974619,0.001993683037550965,0.010719280552042621
81,0.004039193194145408,0.03829228280891728,0.9419735341143519,0.0031442786328426497,0.012550711249742694
82,0.004944336408218909,0.0458033216692252,0.9336751318701649,0.0030883462569931915,0.012488863795397756
83,0.0031925164053941153,0.03666460163297077,0.9479934954377088,0.0030493366147144796,0.009100049909211814
84,0.006775622774876039,0.04335904360879544,0.9368180223282185,0.0035726164935198754,0.009474694794589886
85,0.014162914751251714,0.1522396295168494,0.7960486120072165,0.009851393997274178,0.027697449727408098
86,0.004936060689648083,0.039630981134790313,0.938589256949643,0.004376527167224963,0.012467174058693787
87,0.00475231656298552,0.05314559210380564,0.9228140448452853,0.00482175839761784,0.014466288090305849
88,0.001976661640722473,0.02042807701453402,0.9645248390076328,0.0020899306636250293,0.010980491673485623
89,0.021099643304568875,0.19244692020667725,0.7343429860020799,0.018803332674663623,0.033307117812010276
90,0.004628435073193711,0.038848803275980406,0.9423094092471689,0.004526585747207165,0.00968676665645002
91,0.005739031065249718,0.0655609541471199,0.9107002116680216,0.004366205436625883,0.013633597682982808
92,0.003271491989155629,0.03578561731191382,0.9481565033139112,0.0037996183219575425,0.008986769063061657
93,0.010161200023345243,0.1124797143507066,0.8501901215724434,0.008724406243893972,0.01844455780961069
94,0.005712742017502651,0.05542058271126383,0.9182935347680521,0.005871646612356369,0.014701493890825283
95,0.007343742644294381,0.06525152464692567,0.9003657300020803,0.0067755376350734356,0.020263465071626144
96,0.003338912848515056,0.031571715803127114,0.9493593609250542,0.0024810406757693627,0.013248969747534048
97,0.005425314727487814,0.04834422366780665,0.9195195344099164,0.006369178477809037,0.020341748716980065
98,0.006690838948268181,0.057439166596293285,0.9092578374166271,0.009779210380231402,0.016832946658580004
99,0.005316228941667853,0.045250651853358755,0.9299116353569442,0.004654472670918117,0.014867011177111167
100,0.013454963809010432,0.09488233691707142,0.8678999281728446,0.008072760259927002,0.015690010841146615
101,0.007502949443223579,0.07345450267196531,0.9009304192073245,0.007486164496517632,0.010625964180968847
102,0.004886709642961257,0.06525785797669835,0.9181638687805601,0.005142887543540133,0.006548676056240013
103,0.009429083550359164,0.08797020866269971,0.8857301984548861,0.006745091375278489,0.010125417956776437
104,0.0029682521792722895,0.029377612985679244,0.9592167816845137,0.0035473066267352267,0.004890046523799393
105,0.008280724344404572,0.0812229481813731,0.8954139791979252,0.006979275344604645,0.00810307293169235
106,0.005526446688208512,0.073123216934416,0.8965081635208529,0.007434906294059788,0.017407266562462727
107,0.00342471298509919,0.03841215036957918,0.9482341478876298,0.0031133359363289255,0.006815652821362745
108,0.003680847935255206,0.05170136336599121,0.9337688331613964,0.0034703487342323007,0.007378606803124667
109,0.003887667939957329,0.03902340438939274,0.9423641930730712,0.004373714771839669,0.010351019825738966
110,0.00401906301666075,0.04000723093165369,0.9370287867197129,0.006353432745238045,0.012591486586734733
111,0.009374754896307114,0.09095710456264634,0.8783305851313202,0.007448047591817993,0.01388950781790846
112,0.007894217333814521,0.07757123326240471,0.8931920484981469,0.008826067264116937,0.012516433641516887
113,0.012319457566587423,0.16060381681025582,0.7730748891280534,0.008331398668821393,0.04567043782628188
114,0.046120090746533914,0.4345503107396555,0.4221066208688942,0.02355121016316834,0.07367176748174782
115,0.06354837361837906,0.6713747825231206,0.16276993079590202,0.029891249557063897,0.07241566350553438
116,0.11067691745237593,0.5443148795335508,0.06338196470042544,0.05102067404876516,0.23060556426488266
117,0.1578222119627178,0.3199835486148622,0.04193214204775988,0.026119111709950505,0.4541429856647096
118,0.05646258294880991,0.1155961951882933,0.008143980595199968,0.010358869257911745,0.809438372009785
119,0.00859734504081389,0.005121564382223845,0.0011713166691045415,0.000528954270720911,0.9845808196371368
120,0.042071516890708927,0.020324171543599903,0.008181163107628751,0.002961104517645471,0.926462043940417
121,0.06473179993049573,0.03308004658202833,0.0065773759705734635,0.0026650200352866154,0.892945757481616
122,0.17437263535040673,0.13874828309116133,0.01799682317936141,0.012758412580285485,0.6561238457987851
123,0.1263976192608699,0.18340764969575146,0.01317751495043697,0.01878773477222562,0.658229481320716
124,0.19551417976078056,0.48279497273529587,0.0271897518889952,0.04892924282579921,0.24557185278912913
125,0.12416433633757304,0.5089217850168959,0.03489777030266968,0.03939213231472782,0.2926239760281336
126,0.12161773504949078,0.4609362664930039,0.04670446116575726,0.033726493350929754,0.3370150439408183
127,0.17654123041010186,0.5217596514770443,0.05141508288902642,0.07052178761236973,0.17976224761145754
128,0.1364748625218102,0.574591989868577,0.12138058759298302,0.058503943427750865,0.10904861658887904
129,0.09834477014453781,0.5946949384327261,0.19728046691583342,0.04023619037777324,0.06944363412912939
130,0.1754925195539876,0.4503176385116962,0.03625246546051777,0.061366938318698695,0.2765704381550997
131,0.15539574968051642,0.49479504072427705,0.043426572260514364,0.09645560358256214,0.20992703375213012
132,0.08940063260383792,0.7543646922009244,0.09540261242922093,0.028990328533686625,0.031841734232329943
133,0.1653756831406857,0.32725550662943137,0.01832801259497873,0.17064620443968553,0.31839459319521873
134,0.12295238249248922,0.6860668068463582,0.028318419577819543,0.033749441567033384,0.12891294951629967
135,0.13655321244128368,0.45113784455110884,0.034032767465914625,0.13374610683305654,0.24453006870863625
136,0.1902795861754189,0.33629746756248374,0.004662798486584101,0.18115375402495043,0.28760639375056274
137,0.21198308410863842,0.12461999542039189,0.0006437772932035929,0.34947073694991015,0.31328240622785597
138,0.05845078643952128,0.029107744611779278,0.0005139070099432078,0.020012766815643478,0.8919147951231127
139,0.14739495127363625,0.05147321618444053,0.001753049948547038,0.028441449206549393,0.7709373333868268
140,0.2403348646672494,0.07199542812008576,0.0017640802218474663,0.013841787344742767,0.6720638396460745
141,0.24979594141917183,0.15144912323884832,0.0030931485332075124,0.0211027296562137,0.5745590571525587
142,0.18585158933884108,0.08810200209530947,0.0008756041282336744,0.14081182855062052,0.5843589758869953
143,0.042911399066021004,0.04951016966279804,0.0009133773432862842,0.005754147484846478,0.900910906443048
144,0.02672740250544892,0.03432588372771138,0.0015202634133251963,0.003375866322314425,0.9340505840312001
145,0.23133888035649264,0.11628147092597792,0.006590316473366791,0.010380787807771496,0.635408544436391
146,0.2626860570838208,0.0815309683570613,0.0051237716726308296,0.035171208340226925,0.6154879945462601
147,0.18990363077901173,0.2094709081157856,0.011245924791058483,0.03215414752085868,0.5572253887932854
148,0.19295731949739672,0.15363628701612037,0.010430012490979312,0.05064783745772508,0.5923285435377785
149,0.08759697202164207,0.3111760270886563,0.015749731787971163,0.03536027318632665,0.5501169959154038
150,0.009645888574760841,0.006204779795348948,0.000522253994020667,0.003640594691346939,0.9799864829445226
151,0.005579925434668766,0.002572028920390218,0.0008402911239635664,0.0013624273135342817,0.9896453272074431
152,0.009748726245616216,0.0018816323977429966,0.00010971574092915657,0.0009300953506386119,0.987329830265073
153,0.008402731875617374,0.001094294542880214,9.603602265012673e-06,0.0004620985162384543,0.990031271462999
154,0.014341480166589758,0.0009990737960952076,2.0043267930942672e-05,0.0004794607401727632,0.9841599420292112
155,0.02417860454032203,0.01882380312889384,0.0030631574432476625,0.000776857152560027,0.9531575777349764
156,0.0045670480725936964,0.0048256062286251575,0.0006868113577028235,0.00025330453277594954,0.9896672298083024
157,0.0027505907989366593,0.0029094267602238423,0.00045308436257645153,0.00014830542878603497,0.993738592649477
158,0.0008808024629571675,0.001485616598151743,0.00014536795597968642,7.70344083103071e-05,0.9974111785746012
159,0.004139084725142774,0.01359423404322015,0.0017092496653247043,0.0002818055704154409,0.9802756259958969
160,0.002629894404890236,0.0013903962555068608,0.0003552657793476485,0.00011791836038487307,0.9955065251998705
161,0.0056411377540522105,0.0007555118922913756,1.9789093645052477e-05,0.0002144175549585857,0.9933691437050527
162,0.0049030969589028296,0.0040238608884259315,0.0004661629323526558,0.00021494247779265522,0.9903919367425259
163,0.029433722969973083,0.01391194151917324,0.0032634914651901306,0.0003483888671179815,0.9530424551785456
164,0.0005428081240646364,0.0012919841301123173,0.00023503729606850476,0.0002176450769263332,0.9977125253728282
165,0.0018052556779380665,0.003231470247322179,0.00012785273676579623,0.0008929013554922365,0.9939425199824818
166,0.005225231806919928,0.009436719658631625,4.34921490237763e-07,0.0025882629033223367,0.982749350709636
167,0.02347732635487007,0.03612473417097733,0.0010861808177101211,0.004575549770280331,0.9347362088861622
168,0.03401589238609301,0.057117335023181656,0.04548035935857791,0.006596719808144295,0.8567896934240031
169,0.024079427569015287,0.02907383066726986,0.0006474954123001363,0.003178531690008745,0.9430207146614059
170,0.00762476562751499,0.007835820253668246,0.00023833239271709382,0.0006500693068131144,0.9836510124192867
171,0.01021103605267422,0.0023731809129614962,1.6679985650785878e-05,0.009453059267931203,0.9779460437807823
172,0.0044432102377212545,0.0018464197094069034,1.3501131209595042e-05,0.0034491628377141675,0.9902477060839482
173,0.008707542583277142,0.0029998923478400715,6.330429638105849e-05,0.0028032740444131157,0.9854259867280886
174,0.003973404118283189,0.0006501285791876342,1.808856693298938e-05,0.003369234714644634,0.9919891440209516
175,0.0170865205912926,0.01420605360835003,0.00396121672356949,0.004361197563125577,0.9603850115136623
176,0.006620865411237123,0.00582576167700183,0.0002054158057587483,0.0008982230438870189,0.9864497340621152
177,0.015281244098672066,0.007899131180923454,0.00019342941650242137,0.0016639927866450618,0.9749622025172571
178,0.009105135357186933,0.00862512379867501,0.00023227453413610135,0.001982338167448664,0.9800551281425532
179,0.0038856971704748573,0.017704693989666113,0.0006655214450797621,0.0029553202106953284,0.974788767184084
180,0.017210741921800197,0.010331814555979072,0.0002509507153115133,0.002631203706850342,0.9695752891000589
181,0.010028475320309146,0.011247064849108422,0.00014822934004359579,0.0031557011295470154,0.9754205293609919
182,0.006524505725250737,0.013525639716451857,0.0016056623791207833,0.0006371156097014285,0.9777070765694753
183,0.003890126470209108,0.003813820197711398,0.00017550350993883143,0.0005146463681973489,0.9916059034539433
184,0.005888684374610894,0.01142251742663009,0.0006981409918952068,0.00057823214025992,0.9814124250666039
185,0.011885319843067517,0.019578279427020274,0.002632233247494331,0.001097822030292841,0.964806345452125
186,0.005894226743007986,0.024239444251904173,0.0012088657173894943,0.0006251211826313363,0.968032342105067
187,0.03800137483037174,0.04241309205755476,0.003845760949609393,0.00220242937367438,0.9135373427887897
188,0.017056416039771077,0.017987515750987546,0.002599001786301515,0.008521586372344547,0.9538354800505954
189,0.02144176390062053,0.019707674728238717,0.00210993741868419,0.017025414066936532,0.93971520988552
190,0.014499935080859208,0.02067188636180823,0.0013955321789629925,0.00898557745975422,0.9544470689186153
191,0.012061031793047931,0.01801036660387216,0.002272175834928827,0.009616160116920054,0.9580402656512311
192,0.012751384603537476,0.026733090870557558,0.0019668297923989848,0.009434606756170515,0.9491140879773355
193,0.0058778427049663885,0.007531367237777393,0.0006007621401126065,0.004654678022306774,0.981335349894837
194,0.015354877894545642,0.015060802606677595,0.0016987265977895568,0.007725775374434865,0.9601598175265524
195,0.007355743670783485,0.005742644487492578,0.00062612153416598,0.0030736327296783466,0.9832018575778796
196,0.0037900636076144485,0.0037301200043906783,0.0006356898384542557,0.0013231512158221562,0.9905209753337185
197,0.021987639146416695,0.010625430829405785,0.002715014158438365,0.0129598260604354,0.9517120898053038
198,0.00773274392247718,0.013283504400171746,0.0010045708721754462,0.006404180428851503,0.9715750003763243
199,0.010808665043179207,0.015126911031059223,0.0011948214131216619,0.012966929492464365,0.9599026730201756
200,0.015226701605350985,0.012527528899485737,0.0016881458649062335,0.010522366914302592,0.9600352567159545
201,0.014673407534067436,0.02130638981459803,0.0020645565748368304,0.006185549595653936,0.9557700964808438
202,0.00460069570226446,0.004733985830133329,0.00048506846960395415,0.0016942109650251128,0.9884860390329732
203,0.003732740895595899,0.002397681337409343,8.764951892862468e-05,0.000623636853875092,0.9931582913941911
204,0.008859640828643494,0.004986942314341744,0.0009059309025144744,0.0015866813628789842,0.9836608045916213
205,0.0032574391856463963,0.0049923914131747345,0.0002474589091051593,0.0004643624414065941,0.991038348050667
206,0.003971076921362093,0.00489766512154906,0.000563088131243277,0.0010390760234596252,0.989529093802386
207,0.0067195662063624945,0.005742899096924962,0.0013050521236653689,0.0018122014015607936,0.9844202811714864
208,0.002866256565003339,0.000981087214937057,0.0001352718007123368,0.00036257979112350484,0.9956548046282238
209,0.0006663814792813823,0.0004511728001993479,6.758693989344835e-05,0.000137958088034344,0.9986769006925914
210,0.0002449910627707443,0.000331903469756009,6.575677627107116e-05,0.00010500970810537719,0.9992523389830968
211,0.0003673492745614622,0.0007254860480931875,4.3801665078475883e-05,0.0001469978242842107,0.9987163651879827
212,0.005989062106575889,0.004420692679225588,0.0014830217698406372,0.0011559190462068123,0.986951304398151
213,0.002456486930195592,0.0008720966979356569,6.228574669077188e-05,0.0011689575064359596,0.9954401731187421
214,0.00291157662800835,0.001771984129093489,2.4443461542187803e-05,0.0017826420602872458,0.9935093537210687
215,0.002792966521992084,0.002936132892259375,0.00048576290507051456,0.0029387443300217123,0.9908463933506563
216,0.030789760251775534,0.03190433555280953,0.002542621652688324,0.01077878941953227,0.9239844931231943
217,0.007737527940341747,0.004521053194738909,0.0003430414755731122,0.005760608671277456,0.9816377687180687
218,0.0009312906519071398,0.0004728920334660408,3.411339498953179e-06,0.0019175830508591585,0.9966748229242688
219,0.002073070180668573,0.001311184437817546,5.842904384701525e-06,0.005687331115005433,0.9909225713621237
220,0.003543347986253416,0.0011618956342013124,4.729772293834575e-06,0.0025292348310083216,0.9927607917762432
221,0.009590028256652075,0.002256458032323869,6.6390420384695134e-06,0.004610020252572344,0.9835368544164131
222,0.017606735376231995,0.0026555435036404143,2.059917336343039e-05,0.005101858519043625,0.9746152634277204
223,0.018927358630472697,0.00861231246442049,0.00010844607145946775,0.009149683143987841,0.9632021996896595
224,0.04049514221925224,0.023878220539342125,0.0009204305858236678,0.011016962866391892,0.9236892437891902
225,0.009145344451574536,0.005073938458128483,6.79532657503027e-05,0.005210095171128819,0.9805026686534178
226,0.006485996919912211,0.018010762650226664,0.003613518374382038,0.0023494808461358135,0.9695402412093433
227,0.014020077783399367,0.012692093023362116,0.0012725816899541763,0.001910114190516692,0.9701051333127676
228,0.004331026888798483,0.008628555173068458,0.0005844388981384617,0.0010293973739100217,0.9854265816660847
229,0.034570427438735216,0.04255352217281605,0.005716394583428817,0.005227086474654606,0.9119325693303653
230,0.024203552331198506,0.03512004320970817,0.0038022378681655733,0.01364132517908062,0.9232328414118471
231,0.023142519431153554,0.0251041989631062,0.002440864980094521,0.008605252753251257,0.9407071638723945
232,0.015880047606270105,0.018699088941545955,0.000837443519789805,0.009511230163901395,0.9550721897684927
233,0.017050293336463823,0.016665934517805406,0.002215186927677076,0.016903365372612705,0.9471652198454411
234,0.030937080181164082,0.03092216328300326,0.004668785733397901,0.02425919492106908,0.9092127758813657
235,0.04131514076037896,0.03249237054763972,0.0023208925767960412,0.017704429059803045,0.9061671670553822
236,0.1140907803169256,0.08140878891849448,0.00843058040985337,0.10055949623223598,0.6955103541224906
237,0.06402919636888271,0.05620719943792656,0.006371032299227238,0.04082652847627977,0.8325660434176837
238,0.1748388832054945,0.19008407214317652,0.02494099893331606,0.09951589732922116,0.5106201483887918
239,0.11932184758833006,0.14634953756489177,0.007438167859877091,0.04264909509725685,0.6842413518896443
240,0.2572438706131452,0.26050762498057045,0.007858293842024565,0.06085468224930661,0.4135355283149532
241,0.24936495270283987,0.612499101968116,0.0383948386478504,0.03618362337043648,0.06355748331075718
242,0.22465424785761756,0.6557641614742126,0.024703925932900456,0.027894828203536795,0.06698283653173262
243,0.11705180443210857,0.8295165406691224,0.021772195136203754,0.008534001443911947,0.023125458318653234
244,0.15039146530992714,0.6950865794525181,0.048544500161370845,0.06904643205571653,0.036931023020467565
245,0.15988318601466178,0.7864241268647892,0.012874420806463721,0.014298918870771834,0.026519347443313534
246,0.03117106852960833,0.9123921908493517,0.03881958780414498,0.006788669602484654,0.010828483214410397
247,0.04863440268692754,0.8034151039938282,0.12892270516628446,0.007491366299753338,0.011536421853206582
248,0.01900571857229211,0.8625414445832408,0.11105797848038111,0.002902666435022892,0.004492191929063126
249,0.09663362465771798,0.7260500916622656,0.14576937852328156,0.022988365635141023,0.008558539521593854
250,0.023417542039405916,0.934451072130415,0.031056413573531717,0.007332457393752386,0.00374251486289514
251,0.03974269881746438,0.8496432301226519,0.09902969087550575,0.005180683678324997,0.0064036965060527105
252,0.048575568595256115,0.8751467262180543,0.06609301426890457,0.00509345473081291,0.0050912361869718745
253,0.017722727571188045,0.9393043467719436,0.03539124201861403,0.00393414643249787,0.003647537205756254
254,0.06662177699880156,0.8367696053207073,0.05632347325503939,0.027340793593004824,0.01294435083244681
255,0.058209151729655496,0.8580122020328045,0.07577540107952815,0.003828431848751869,0.004174813309260148
256,0.06785784351552757,0.871576555086754,0.048525013366246705,0.006085201586681212,0.005955386444790619
257,0.04712055048487225,0.8954016486532423,0.046845588491818385,0.007183209710467912,0.003449002659599124
258,0.02548613156996984,0.8670475784776819,0.10124802271959872,0.0019667994718309163,0.004251467760918607
259,0.0683088927238089,0.8355450729678066,0.08060905168861714,0.009611401097684111,0.005925581522083369
260,0.05656662319425394,0.7948565257687844,0.1399273464338717,0.004834495292417959,0.003815009310671926
261,0.03168732412474705,0.8808462714696748,0.08313879919750781,0.0017321356085769784,0.0025954695994934345
262,0.05362837272845931,0.8363123055871904,0.10195141904485207,0.004300660345352477,0.0038072422941458606
263,0.02225115998866331,0.8873896910748363,0.08563782047711001,0.002259597291228863,0.0024617311681616122
264,0.052189279689002936,0.7838037901730207,0.14077167440740773,0.01253324438501754,0.010702011345551127
265,0.04758688167083143,0.8338520788908576,0.09587353132422202,0.00905097745998604,0.013636530654102771
266,0.08486284004054188,0.8204301700220472,0.08190147708798058,0.004694181087554852,0.00811133176187551
267,0.06458212537238958,0.8043662731172931,0.11775595191625016,0.00935815221226856,0.003937497381798722
268,0.09237500019493709,0.7697030444895089,0.10414040511165998,0.016935109292707893,0.016846440911186165
269,0.0673524095547462,0.8040902908101759,0.0946202503159666,0.01938541025776741,0.01455163906134387
270,0.07254552935518234,0.7438327943365587,0.1281936866479743,0.0354931363761917,0.019934853284092998
271,0.04409390569965382,0.7956243539197032,0.13523989415809226,0.013354287424105665,0.011687558798444988
272,0.0626306841142624,0.7296940470887064,0.14625128633936418,0.034197436782667394,0.027226545674999634
273,0.03144415468242328,0.6972277263564636,0.250734627690783,0.013447998613942198,0.007145492656387856
274,0.045170543955967105,0.6182626248874714,0.2943688623613001,0.02594140111969304,0.016256567675568455
275,0.005390472715372512,0.4490795145895225,0.5396291381427567,0.002269463907168038,0.00363141064518026
276,0.055916635930423925,0.5815553472668067,0.32900167364598604,0.022800729524397056,0.010725613632386192
277,0.027605307748438272,0.31829769145534403,0.6442490806050917,0.006004120017218384,0.0038438001739075807
278,0.04237506546232259,0.6125303687264443,0.3006393553627166,0.033291567031305654,0.011163643417210902
279,0.03955402987073382,0.5913348196111032,0.2987328979114886,0.03863085444104299,0.03174739816563143
280,0.02367624468205834,0.3307096038775727,0.6224006930294955,0.015727338495598715,0.0074861199152748345
281,0.020069078401442855,0.31622301230235106,0.6349584301372809,0.01952089479380748,0.009228584365117637
282,0.014853065710338204,0.2612061834100579,0.6944713607827381,0.019277352666347898,0.010192037430517924
283,0.01358758540051075,0.20484147037808395,0.7573181361319197,0.019088258228637054,0.005164549860848462
284,0.007211190895547312,0.14584341120099667,0.8279148218775472,0.012810765150149993,0.006219810875758893
285,0.00967367405183654,0.1976404607682801,0.7675887045924523,0.017154891077615544,0.00794226950981565
286,0.014113814115022183,0.23100858630656473,0.7173007180599452,0.025744433294195693,0.011832448224272173
287,0.007499451970457528,0.1034686995879581,0.8637444088307226,0.01880962041555404,0.006477819195307756
288,0.02031899562934436,0.24641022916648905,0.6928390119843011,0.02857699494547865,0.011854768274386793
289,0.007531953130262466,0.12707032296753534,0.8316927758901671,0.0239989038463814,0.009706044165653682
290,0.008308504079661947,0.10561714756780995,0.8604876641060526,0.017298143317401996,0.008288540929073428
291,0.018353208399894693,0.2804620547755205,0.660425783387088,0.03022377879343104,0.010535174644065769
292,0.012391591968242193,0.16620636087776067,0.8022468573033743,0.012347716440232233,0.006807473410390643
293,0.017222990925889806,0.2838444452653693,0.658537675232272,0.030018684071140934,0.010376204505327835
294,0.0067246427724317855,0.0900063536952338,0.8811683016876517,0.015964819266966593,0.006135882577716149
295,0.008339348152133195,0.12551180516382368,0.8437958734057464,0.016152828490637365,0.006200144787659394
296,0.005457977802973208,0.10461445654969526,0.8736114687698091,0.011281581823996824,0.0050345150535255736
297,0.010066170675984644,0.14527931418113774,0.8111455157555488,0.02119765507845492,0.0123113443088737
298,0.0024330524823965288,0.034532188977726086,0.9549153945555603,0.00489618867409759,0.003223175310219391
299,0.005101149737621983,0.08491590154044032,0.8921906803545325,0.011309065530933993,0.006483202836471383
300,0.004420222339238007,0.06900706814369989,0.9129258521564562,0.008256258310014144,0.0053905990505918044
301,0.009363878693874358,0.08577565578393316,0.883281710396349,0.015182684666913446,0.006396070458930262
302,0.010104739480790229,0.1430359283042373,0.8132949929975075,0.02180846472694185,0.011755874490523264
303,0.0031370077034009224,0.04621632407138791,0.939350924846494,0.007262675600292687,0.004033067778424596
304,0.004076336441445688,0.05258413960895965,0.9275271945635829,0.010234579553621658,0.0055777498323900335
305,0.006088204491058962,0.09105581058545463,0.8858535574799056,0.010712153595720761,0.00629027384786004
306,0.0070811876006449705,0.11627293697857621,0.8478645515121157,0.013928551543105594,0.014852772365557553
307,0.004496838206096859,0.05842991505412655,0.9224966588212078,0.007715556671177549,0.006861031247391055
308,0.00673014436047222,0.07554359679274826,0.8948841168788635,0.009341147132731563,0.013500994835184469
309,0.0034340259689784407,0.061505047754084476,0.9200190471025197,0.006770491081787012,0.008271388092630498
310,0.0035931737833424333,0.055268865892547064,0.925611732096097,0.006722680354185888,0.008803547873827458
311,0.006460205340869362,0.08574717592586888,0.8784982347539226,0.01543273496165139,0.013861649017687796
312,0.005868369629026769,0.06627955776101828,0.9090146205940676,0.008873202848825399,0.009964249167062046
313,0.005254071205571938,0.06693283512986732,0.9020633982541616,0.009094666934433681,0.016655028475965467
314,0.0027895662005161252,0.03731444566318712,0.9495212370300197,0.004804254569514991,0.005570496536762225
315,0.005030779162788895,0.06048052984945518,0.9152124145540614,0.008333182170458118,0.01094309426323648
316,0.0034323233612228946,0.045401983068393804,0.9370297339963226,0.005875028625457841,0.00826093094860275
317,0.005147412173880188,0.078327895817699,0.8919817832099008,0.01046911270249646,0.014073796096023498
318,0.004472966778416549,0.0645459371460825,0.9089294358990216,0.012536057191765124,0.009515602984714343
319,0.00535704738514421,0.060271871490414394,0.9128966787807701,0.012294301644400442,0.009180100699270952
320,0.004972458992607491,0.06285991424671457,0.9162355620562402,0.009664033263786441,0.006268031440651374
321,0.005153171327450713,0.07351840881933316,0.9056555035379137,0.010023667096412961,0.005649249218889531
322,0.005245572715268562,0.07707744371895825,0.8931816317769652,0.013566251694181734,0.010929100094626233
323,0.005598725615233087,0.07035153028449265,0.905734184485751,0.010921763871856517,0.007393795742666583
324,0.005055125822693636,0.08841715978399015,0.8856935337141186,0.013825330161125284,0.007008850518072365
325,0.004112835464571588,0.03976458283132853,0.9450573330496297,0.006953849202690826,0.004111399451779135
326,0.010300772901117469,0.10242159208674684,0.8551239767289781,0.02237777592918527,0.009775882353972247
327,0.0017215152588211967,0.022488438872548797,0.9676437808545292,0.004542020077785124,0.0036042449363155433
328,0.005162140350726115,0.06607956788918376,0.913425606861646,0.010590932144842241,0.00474175275360184
329,0.007933634018838655,0.09128502684758312,0.8819712671307763,0.0126298978834139,0.00618017411938805
330,0.021575814348581145,0.17198338545376585,0.7578333868098389,0.03211560816639083,0.016491805221423104
331,0.014043220726813728,0.14406249266709817,0.816344593803317,0.014620813493965157,0.010928879308806027
332,0.058536545038271035,0.26716224321461574,0.5845940342307621,0.04110667261115469,0.04860050490519655
333,0.10134958675216423,0.6742576287936082,0.07547056513701295,0.0901211434049404,0.05880107591227429
334,0.11971517723989193,0.506263836675893,0.02998458366633499,0.16296206129826613,0.18107434111961396
335,0.12735491002703186,0.6947740505256726,0.041175303100693554,0.09146307897837111,0.045232657368230726
336,0.22252447998391311,0.427949504383834,0.008031569962813909,0.2637493084224717,0.07774513724696722
337,0.07031568180881975,0.06444941254373518,0.002440736914337699,0.12566263443554562,0.7371315342975617
338,0.2427792604285711,0.17669645987837712,0.02526145603501266,0.2970097055490229,0.2582531181090162
339,0.13811114345975398,0.10737236356097685,0.001984770767548672,0.6217369541110007,0.13079476810071966
340,0.13933771700583752,0.025637185636954347,0.0010912143606926729,0.8071027088040482,0.026831174192467167
341,0.03912587327296257,0.03260327595351529,0.0043613966344068,0.603298980188878,0.32061047395023734
342,0.08016224362793008,0.03807670758960054,0.0006156114136522898,0.6158688808546694,0.26527655651414767
343,0.05700225414798884,0.04501980535985907,0.00023233511788024004,0.8152919936691617,0.08245361170511016
344,0.288216545145364,0.04916300463125521,0.0004435406521593387,0.4924689769051997,0.16970793266602166
345,0.06238135051317982,0.08231067815434145,0.0002046012487595215,0.8317601035016315,0.023343266582087626
346,0.12187261959130473,0.12130155258491146,0.0002417091955720922,0.4755621337593319,0.28102198486887997
347,0.35327616990726524,0.13501571052505165,0.000369613665355044,0.3305179963079132,0.18082050959441498
348,0.0954040878535103,0.07845393059147023,0.00016380493891518646,0.7582543404746235,0.06772383614148078
349,0.2040451271019205,0.13169166352488604,0.0003452395964865272,0.5231855157818135,0.14073245399489342
350,0.08400624391448307,0.15617502787208443,0.00018281187562519158,0.7075094294044323,0.052126486933375064
351,0.15786455195510532,0.10473315301788086,0.00023376690707863117,0.3838335846278419,0.3533349434920932
352,0.08190649730659846,0.0980613901955993,8.976382855586175e-05,0.7805473830927774,0.039394965576469085
353,0.09821534621150159,0.16067938167652907,0.00012732769542320323,0.6546096416255228,0.08636830279102338
354,0.12460428524628116,0.11222439563933939,7.970230955401532e-05,0.5458838596985255,0.21720775710630003
355,0.10635342737781953,0.3472516929313051,0.0001693157329135269,0.4941936308965953,0.052031933061366484
356,0.11674660603879414,0.21964458792296535,0.00015572900243147693,0.5844526750533354,0.07900040198247367
357,0.20039898173998233,0.11499837117544703,5.5489882219029564e-05,0.41789730862193875,0.26664984858041274
358,0.09266245690323305,0.3085339741913711,0.0002111652224483879,0.5067291446114457,0.09186325907150167
359,0.11793742939332197,0.27757894275626777,0.00019139077528191389,0.5212937623771646,0.08299847469796366
360,0.15259014318327496,0.1714721246708381,0.00020194963772356307,0.4906228967971568,0.18511288571100665
361,0.11503370189511448,0.18425243297518384,0.00012397014927639674,0.41390539928100517,0.2866844956994201
362,0.08178794769295718,0.22066353185080234,9.80886784768273e-05,0.6381061182992797,0.05934431347848396
363,0.1812092352793474,0.2002222767574136,0.00012045156062851726,0.3865214208578286,0.23192661554478194
364,0.06916628456215013,0.14860205619075853,4.317257087012265e-05,0.7032711198231589,0.07891736685306244
365,0.08720761170342585,0.1598280151789613,6.889209365913366e-05,0.6884566589878739,0.0644388220360798
366,0.07769732069689304,0.10034054905825078,5.2454674051358745e-05,0.6834632849199783,0.1384463906508265
367,0.17367786158378568,0.10743525597671481,8.056978700502579e-05,0.6425718266875291,0.07623448596496545
368,0.14337944281183176,0.08395117691829633,9.419849387843746e-05,0.36503601420713866,0.4075391675688547
369,0.07034820566401415,0.23689147171340336,0.0001492175373990673,0.6447433690745134,0.04786773601067013
370,0.03193904842113892,0.10276589470305382,3.862983055521265e-05,0.8239224938686216,0.041333933176630325
371,0.066294149104844,0.12637426239654742,0.00012560718937156044,0.6996034454219675,0.10760253588726935
372,0.0806810666126143,0.05445050698805608,4.7007978899977115e-05,0.3485359789387031,0.5162854394817266
373,0.047349443076188075,0.04684858333580799,5.515760773019571e-05,0.8395340560266835,0.06621275995359016
374,0.07262180581457021,0.19643150082191596,9.486328040027403e-05,0.5298094377385504,0.20104239234456317
375,0.039336799649071025,0.07267400810023165,3.6886112049036125e-05,0.4972259354425787,0.3907263706960695
376,0.07191627700478574,0.08962561732435642,6.793963867175737e-05,0.7403039266862033,0.09808623934598289
377,0.13592962083055532,0.08158609607476085,6.695818394403446e-05,0.5507661137447762,0.23165121116596352
378,0.08782411290208518,0.10142862449830135,8.555402351925451e-05,0.7691702113257476,0.041491497250346655
