epoch,N1,N2,N3,R,W
0,0.0010375047029682976,0.0006484979089420974,0.00032344534701690106,3.2356120433723e-05,0.997958195920639
1,0.0023593770436149022,0.001904263899494699,7.769388021192603e-06,0.00014392756769826632,0.995584662101171
2,0.008461900815976772,0.0030383597269488497,2.1320102858509236e-05,0.00022100289186459908,0.9882574164623512
3,0.008605951110164576,0.003620840091853206,1.0131659559350886e-05,0.00021316807941842866,0.9875499090590043
4,0.006715643634165706,0.005018777850723822,1.3614518387708216e-05,0.0002688760983206223,0.9879830878984022
5,0.07210097967136186,0.049071644619763606,9.045188022993162e-05,0.00245071523081563,0.8762862085978289
6,0.016307513929525546,0.01412566394143546,7.313098754662664e-05,0.0010928712226091512,0.9684008199188833
7,0.01961267585705353,0.020535425876251102,0.00010867191984908226,0.0006988662600225799,0.9590443600868238
8,0.030108594474333353,0.3344929179842391,0.0019589516595249334,0.002734806795049259,0.6307047290868534
9,0.04011956476139826,0.06633210570800735,0.00011996847647751165,0.0036063741663953258,0.8898219868877215
10,0.03489175968934976,0.43488605137982145,0.0036600168563725695,0.0006096107747419064,0.5259525612997143
11,0.11866441934694681,0.10096268016026376,0.00018353215312181303,0.008237687540794802,0.7719516807988729
12,0.045225099743199416,0.4652440487366448,0.0019383717675690657,0.000560858207313936,0.48703162154527263
13,0.05541823447628577,0.5422269351294303,0.00359996456100254,0.0015792243609769718,0.3971756414723044
14,0.13903419771739098,0.49727964761376553,0.0016459259569138144,0.007325857727671518,0.3547143709842583
15,0.06397311405308878,0.4689146504898799,0.00401571007441878,0.0012888507150348525,0.46180767466757766
16,0.043373929392735176,0.547924782073847,0.004967174512241246,0.0010334666578876823,0.4027006473632888
17,0.008923728752219012,0.02256099947664496,0.00020780777259779838,8.423640480364825e-05,0.9682232275937345
18,0.0005805030373370683,0.00044550275233718595,9.239323682914929e-05,1.5476329602225544e-05,0.9988661246438945
19,0.008721525341567525,0.002766741429736932,6.717779048969631e-05,0.0006218537864285285,0.9878227016517773
20,0.014615128787915875,0.003288063639979486,3.338391932070617e-05,0.0007793529246604649,0.9812840707281234
21,0.002599361501845453,0.002473639511800563,2.3099492335623486e-05,7.204309803216291e-05,0.9948318563959861
22,0.0035645469605682994,0.003382949775545057,1.562667561329762e-05,5.4915002303319867e-05,0.99298196158597
23,0.02330415927582533,0.016325323007408035,4.9047010144861086e-05,0.0025340374590790316,0.9577874332475427
24,0.003046488742855716,0.001379655675109575,2.56770688694079e-05,8.817286228292298e-05,0.9954600056508823
25,0.008061946886066446,0.0013217556249998218,2.5825383169639563e-05,0.00025417682454603366,0.9903362952812181
26,0.0005622972132000075,0.00020279555712019852,0.00012898026202439567,0.00011851587760165485,0.9989874110900537
27,0.0009771813039343876,0.00015875664548144433,3.3151278478891387e-06,0.00024925151678229423,0.9986114954059541
28,0.0032267754966368114,0.0005288090427387459,8.679173275260098e-06,4.033852289962268e-05,0.9961953977644495
29,0.002504957998699036,0.0013971892884465191,2.574453150508058e-05,3.40701908578409e-05,0.9960380379904916
30,0.010133228332988834,0.003483968488634374,2.7811172051804788e-05,0.00023985533541477825,0.9861151366709103
31,0.057988827962598855,0.14026465735289545,0.000668827125096797,0.0009169844671793809,0.8001607030922295
32,0.0552879779276299,0.04240670146594883,0.00013198837691292317,0.0012233450414226754,0.9009499871880857
33,0.056073516114625716,0.2677120593442343,0.0009048083189154341,0.0007159700265286871,0.6745936461956958
34,0.024724082316557077,0.10064612427177454,0.00045843116484645184,0.00039938207923964126,0.8737719801675823
35,0.03511003339207868,0.027550286584224662,6.466123782847983e-05,0.0008155313934760379,0.9364594873923922
36,0.07247154443660254,0.4103963138336612,0.0005383790477311818,0.0008721151000103603,0.5157216475819947
37,0.18721526837088315,0.4438360549374522,0.0004663482969681188,0.004231489927180736,0.36425083846751577
38,0.1935737999202806,0.6202226774037387,0.002279079809123961,0.0037168862744632134,0.18020755659239354
39,0.12059504924587992,0.6712073499853612,0.002393109328556227,0.011633211020078978,0.1941712804201236
40,0.15843068286069056,0.7425429242061058,0.0007217237191288737,0.02181979421039279,0.076484875003682
41,0.06895285013561808,0.887717340991291,0.0018731899430564408,0.0022136205482790774,0.03924299838175554
42,0.21496832219640502,0.6714036585891909,0.0013849928821833668,0.03535575928336508,0.07688726704885565
43,0.04827715756417664,0.9179326063136345,0.013386218857344116,0.003748854171950539,0.01665516309289427
44,0.05726399605024901,0.9120492513852401,0.002728518878122579,0.008975659036028032,0.018982574650360427
45,0.06002595013810982,0.8844280449661087,0.021558571278931307,0.010008546519809699,0.023978887097040658
46,0.09274565776586137,0.8159585726358294,0.035713462873960815,0.012515731207297256,0.04306657551705128
47,0.029834990872029468,0.8900996534000643,0.05315894701334471,0.003451408787938141,0.023454999926623404
48,0.02286365723290883,0.9058550006084259,0.04982311204839728,0.00329072550407627,0.01816750460619177
49,0.025118084014429352,0.914836691661299,0.03651352962173606,0.005637600193625273,0.017894094508910257
50,0.005478289184727171,0.8915157506036236,0.09607588439090771,0.000800403132214234,0.006129672688527341
51,0.015706907814766136,0.9203331741492276,0.04917532802202956,0.002926438211513583,0.01185815180246316
52,0.008686861234452897,0.8554975133475413,0.12074591777297082,0.0018625548365532956,0.013207152808481597
53,0.01503988481807159,0.9108691403499718,0.06206783721600657,0.001852420168690836,0.0101707174472592
54,0.0314292006748526,0.8792756751526212,0.06626428918256314,0.002671431269563959,0.020359403720399193
55,0.01965833532645351,0.8656639233209416,0.10816405739232775,0.0013443545189062377,0.005169329441371038
56,0.011376285213886094,0.9116940248838887,0.06860773467671766,0.002121025711196362,0.006200929514311007
57,0.013953659432067412,0.88692032732379,0.08943895308047337,0.0022235482775436024,0.007463511886125594
58,0.012004572291568578,0.8113285904247112,0.16294700938706808,0.0006424153126544081,0.01307741258399775
59,0.007888378343295513,0.8384371707461206,0.14383894354632454,0.0005437865000845289,0.009291720864175072
60,0.011524704296115115,0.7166959618159306,0.25515837845295003,0.0006308761950629147,0.015990079239941456
61,0.012837705072958948,0.8034776677009114,0.17081451929156327,0.00046122235068619114,0.012408885583880229
62,0.026561701611186834,0.7531870928404109,0.1999320970018044,0.0008685780111239416,0.019450530535473912
63,0.016076641043196536,0.7609927673716457,0.20938220873891047,0.001096817274073255,0.012451565572173931
64,0.010893644663159568,0.80511963321313,0.17202411585360086,0.0013315191337726201,0.01063108713633713
65,0.01102314154058753,0.7256943942168296,0.25719295613846704,0.0005751917334528122,0.005514316370662975
66,0.033374391127356934,0.6988063549078432,0.2580599772875524,0.0016593527938453512,0.008099923883401984
67,0.009896864920080302,0.8163958969568909,0.16879161822296032,0.0007168984604964845,0.004198721439571932
68,0.011085700987275822,0.8859568948225047,0.09655705013806529,0.0011377836262868673,0.005262570425867375
69,0.013980761248755419,0.8988221682069144,0.07851113758317019,0.0011318430043706228,0.007554089956789541
70,0.029264301032241497,0.8511906158138802,0.09352185264825022,0.0011645225248917298,0.024858707980736135
71,0.017569790048124968,0.8310548075524514,0.14224701076965443,0.000964983305092247,0.008163408324676715
72,0.016918175699941067,0.9075589721670984,0.05509606986687176,0.0012108412762965684,0.019215940989792055
73,0.017483220616861646,0.8526927711110639,0.11535355141232652,0.000996073483549979,0.013474383376197973
74,0.012191791213415794,0.8004984879217192,0.16448453820080855,0.0008690437422196978,0.02195613892183657
75,0.05479695309345056,0.6777554601654082,0.17203920616847834,0.0029777613083468778,0.09243061926431614
76,0.021933660941089967,0.8878408658937961,0.07744542443596661,0.0018042819382961843,0.010975766790851112
77,0.02304545492293286,0.7983931166028582,0.17248739931910326,0.0015291634875979746,0.004544865667507852
78,0.013473610048686226,0.8738625380612443,0.10626678059316795,0.0009175582715356396,0.005479513025365876
79,0.014411212462140903,0.8289259724706007,0.14696262193930415,0.0014313350201493567,0.008268858107804802
80,0.0202072949100182,0.8613495691943452,0.10973314471088483,0.0012740406843728795,0.007435950500378622
81,0.009818909072879044,0.8534127036460656,0.13197588473228541,0.0008220471740510341,0.003970455374718881
82,0.008504024296559012,0.7798127328226216,0.20370264974640648,0.0009270403374588826,0.007053552796954
83,0.009402493683697551,0.8274801274047973,0.1546446885592163,0.0007577369600623367,0.007714953392226468
84,0.012965736722848164,0.865652191639096,0.11353942665633199,0.0013240718194939265,0.006518573162230123
85,0.017491329835566286,0.7990693768903631,0.17309407749998829,0.0023992476923487354,0.007945968081733572
86,0.01883312695527934,0.8808681090305717,0.08264707403906331,0.0017156747305706803,0.01593601524451494
87,0.008397216070348993,0.8475436251294957,0.13806953055441093,0.001287385061988826,0.004702243183755645
88,0.014182199870306729,0.873480159094834,0.09450358939448542,0.004087731371946309,0.013746320268427635
89,0.017662357854111438,0.871785962322979,0.09576764348375816,0.002039973574898866,0.012744062764252495
90,0.035289148592597616,0.8544464980430492,0.06050883929061374,0.008904116377684583,0.04085139769605489
91,0.02817671863180208,0.8786583454803235,0.002807335415410564,0.07992217333184072,0.010435427140623172
92,0.052886445838737826,0.8339401972827135,0.03200955223629007,0.028888231559342937,0.0522755730829157
93,0.19981273571490374,0.35592139710178905,0.001653162182084857,0.3237786680982933,0.11883403690292901
94,0.2032791899221525,0.44085123862999864,0.0004416054911077291,0.09803283938125264,0.2573951265754885
95,0.23813888006882405,0.2018686346385746,0.0008225131002394941,0.17872598129934805,0.38044399089301373
96,0.17544995676124553,0.13904435932863507,0.00017094810499374713,0.07237395417915089,0.6129607816259748
97,0.27973463878622556,0.24696674171042457,0.00044019418879672514,0.09562646259296277,0.3772319627215902
98,0.23046162656841085,0.41513153322772295,0.00055530804105718,0.11806655415431548,0.2357849780084936
99,0.09910491112009479,0.09576545353377235,0.00010199413719798773,0.01599734826962861,0.7890302929393064
100,0.22089981306928777,0.201755772279797,0.00015051142912307294,0.07835620171665643,0.49883770150513584
101,0.19895754337684332,0.13417663846893513,0.0001297536404573314,0.17075634530685188,0.49597971920691236
102,0.255438655437452,0.12749165126368905,0.00011352573473646309,0.07703428835301789,0.5399218792111046
103,0.26246011828087623,0.2572183684654523,0.0002400789056713688,0.09164547969131273,0.38843595465668723
104,0.029268081709006487,0.009865171655959144,0.00016892279238424115,0.003829264126586295,0.9568685597160638
105,0.018526278396071832,0.004184593549265699,3.9145338958164744e-05,0.002886417278254245,0.9743635654374502
106,0.12374016337993538,0.016180989076781165,3.759045935730382e-05,0.02119202693386691,0.8388492301500593
107,0.011182445252947223,0.008752749701219385,0.00011695058526030276,0.0004679859983248837,0.9794798684622483
108,0.09665020761824177,0.14935570913999588,0.0006291831779856587,0.023386543826386868,0.7299783562373898
109,0.12002873309373868,0.6287533603846084,0.002125710691522526,0.03448241542443767,0.2146097804056928
110,0.18033957760642816,0.5537969688238396,0.0008716090169359953,0.058973915909367666,0.20601792864342863
111,0.1874765529737513,0.5177821003946584,0.0009847616800344977,0.035346184805091975,0.25841040014646377
112,0.11541546902544175,0.7697854362639833,0.0011523586454697692,0.01687298431668302,0.09677375174842202
113,0.09534104606132024,0.8401201081060585,0.0023185705610698597,0.0133395296517543,0.048880745619797106
114,0.031204649868840147,0.9199541686107697,0.00908584059986365,0.0026856108477499555,0.03706973007277648
115,0.10725350349170003,0.8064011853637284,0.006797232177470821,0.012546871306606493,0.06700120766049424
116,0.07542977847320607,0.8605851151715084,0.006819407814678586,0.03644209280430891,0.020723605736298265
117,0.05528656958682742,0.8949621957251704,0.008750660699700758,0.023402711897430786,0.017597862090870692
118,0.04961662951280943,0.8946947492943989,0.026224137382886068,0.021376164340405766,0.008088319469499878
119,0.06377197761106601,0.8969969982487032,0.017139254009594502,0.01446921489907736,0.0076225552315586885
120,0.034749505861328585,0.8759011678422779,0.07603280644789638,0.0057473149946511365,0.00756920485384614
121,0.026996004370610525,0.9084904973583997,0.04106231172921138,0.008031971415024318,0.015419215126753887
122,0.01138818929494141,0.9114945742068615,0.06639535151019905,0.00650916636894356,0.004212718619054646
123,0.011771716363898612,0.8778531216662153,0.10164126705858037,0.004164644539765933,0.004569250371539735
124,0.007811080227606857,0.9438229116253392,0.04088697160010718,0.002246154659568895,0.005232881887377658
125,0.0101003084037676,0.8479078927274732,0.134474769017214,0.0029132162876182952,0.004603813563926855
126,0.010689745366949577,0.8804002051547672,0.10101984946386776,0.0022776710616430754,0.0056125289527724515
127,0.019032127455518102,0.858793919727455,0.10674461528288975,0.0030197685541567577,0.012409568979980447
128,0.010730339599396867,0.8364344678176554,0.14596889961597712,0.0033038269075088313,0.003562466059461767
129,0.02320412008722462,0.8180289470918081,0.14806259314891712,0.0032938007923363627,0.0074105388797137215
130,0.03081301464545487,0.749245655262996,0.2014522367111977,0.006738635504820762,0.011750457875530581
131,0.010512809028875966,0.8235024273122162,0.15893017278040397,0.003738515962544484,0.0033160749159593258
132,0.020747364313135258,0.8393205585588125,0.12113033716224414,0.007160547059904534,0.011641192905903876
133,0.010124238407918155,0.8691650300636877,0.10897667600449797,0.005555706432922194,0.00617834909097404
134,0.01141854716036201,0.8956094216377599,0.08370823050018932,0.0032851104249190907,0.005978690276769845
135,0.018683063454053836,0.8626916781162095,0.09986174052973108,0.009361576324235146,0.009401941575770227
136,0.11666867018964083,0.4494933968028077,0.13501870162721355,0.02648347491642812,0.2723357564639099
137,0.07344356399309043,0.8787884555089407,0.010080984007698626,0.015119053949551854,0.022567942540718526
138,0.07674283013470222,0.7813640126624954,0.03210838685219031,0.009192157191969223,0.10059261315864272
139,0.03935502245363789,0.932923636051992,0.011493100010774521,0.005935357918311191,0.010292883565284424
140,0.03221956481943516,0.9422252759300868,0.0033255029860909044,0.018469022880528034,0.003760633383859132
141,0.03797185866665598,0.9070466139879504,0.0039688608935119,0.04359541865384243,0.007417247798039333
142,0.021062030128087474,0.9275244331487902,0.02529606005039771,0.019360650079757392,0.006756826592967124
143,0.022914361234347737,0.8997558061296942,0.052053285262364475,0.020734230894079903,0.004542316479513738
144,0.03815027312045245,0.8867241841721534,0.027266528049883304,0.03589145909416231,0.011967555563348569
145,0.018393433692465443,0.8771551419440503,0.07495313004377192,0.011473275264083316,0.01802501905562897
146,0.021003551225500725,0.7463475778738436,0.20642471575686366,0.018710193500294025,0.007513961643497873
147,0.015794138895397627,0.8812395480343215,0.08707807251416003,0.012111846099597564,0.0037763944565233124
148,0.02989335474336404,0.6744079749701134,0.25948477228300004,0.026410776044997086,0.009803121958525396
149,0.03357112878908873,0.6529709237361875,0.2877937465311116,0.021386586892289654,0.004277614051322547
150,0.018575987083559696,0.7088550644860007,0.26245727787215195,0.007876781320195219,0.002234889238092487
151,0.0130842788365947,0.6349661659934249,0.3415118252629215,0.006923956674965155,0.0035137732320937847
152,0.009366859395977544,0.6801986907036728,0.29722655282529664,0.00879809425545409,0.004409802819598968
153,0.029287115050088464,0.8462224510092735,0.11094985791491056,0.007460991789996273,0.006079584235731055
154,0.02404004792512569,0.8215919318468766,0.12157985750917856,0.020345080248412563,0.01244308247040628
155,0.017181514231726716,0.8418484651508413,0.13126780391825493,0.005659149708225677,0.004043066990951284
156,0.022532596235176627,0.814632711129125,0.15208780900237334,0.004177325516984212,0.006569558116340804
157,0.02593451798048464,0.7767164419348526,0.17970957848435554,0.011049167940407785,0.006590293659899482
158,0.011796262931754084,0.6945477848154074,0.2741366441189388,0.007943307289722907,0.011576000844176856
159,0.09144553042312824,0.7838335894116089,0.11397062074374918,0.006849753035237523,0.0039005063862761072
160,0.04567961856109208,0.7010898159704926,0.23959094367168804,0.008577162065790001,0.005062459730937216
161,0.010839864135532581,0.5694072611001798,0.4159088774244527,0.0009040030686146067,0.0029399942712204125
162,0.05969417375628529,0.8239670656327291,0.10239681367691401,0.004692418216150228,0.009249528717921274
163,0.046808713583508584,0.6580981512469122,0.2830655646559559,0.0027742296100826676,0.009253340903540672
164,0.034429227944017614,0.7165462385704626,0.23605489291907927,0.004046565614270132,0.008923074952170366
165,0.03367552397605,0.7916784584449295,0.1637371878832968,0.0024937595093654816,0.0084150701863581
166,0.029921439372825227,0.785627667240784,0.1719045217374716,0.002196833579664364,0.010349538069254744
167,0.023704727308038204,0.691995570742342,0.2728466086060597,0.002448814512500682,0.009004278831059354
168,0.025459742222212964,0.7414600265730942,0.2237249975340175,0.002970179705080791,0.006385053965594764
169,0.029613195692229484,0.7807024749121042,0.178868731678536,0.0036662049799460663,0.007149392737184287
170,0.029123810889536684,0.7092490860922125,0.24409136900390294,0.009092322154753257,0.00844341185959443
171,0.03308859198473588,0.7548898288956251,0.17293276800759275,0.01757855378848484,0.021510257323561443
172,0.04118489364018504,0.847821014549871,0.08565096449615221,0.011897984168262746,0.01344514314552897
173,0.10154124910172975,0.5581620515539011,0.10969430037414868,0.026394273299993786,0.2042081256702267
174,0.1833804076676748,0.6249452582135967,0.04111353183232496,0.02857339583427615,0.12198740645212737
175,0.10103739666142442,0.794902502273015,0.0492022937164906,0.0064633540430960885,0.048394453305973875
176,0.1623875569959497,0.7909806105487432,0.016474457774578444,0.01100953449418551,0.019147840186543155
177,0.07497753806095502,0.8429220715420704,0.04281166984569788,0.019424799944735293,0.019863920606541453
178,0.11375822205834742,0.7645929282405066,0.004950216094702762,0.048916312537118596,0.06778232106932466
179,0.04167965711687361,0.8346957852479185,0.021794374146240702,0.039138693300202615,0.06269149018876435
180,0.12021357333099622,0.6626597731272421,0.054088277414013015,0.13245078137029517,0.03058759475745333
181,0.060368686563330005,0.7473261903540562,0.05254616212922129,0.07822020464645026,0.061538756306942215
182,0.07719753630311872,0.6974943214299165,0.031939845754140016,0.16891028722551815,0.024458009287306456
183,0.015059926222870109,0.8675444217421837,0.04061173571845913,0.07127033389164891,0.0055135824248380705
184,0.04645055244632896,0.6953392614784524,0.002236830283335949,0.20072824056705932,0.05524511522482332
185,0.13470428996168748,0.23779589530153475,0.0024847711933073274,0.1727839327568233,0.4522311107866471
186,0.1085293627083048,0.12956034836461097,0.000997808987300233,0.1879759727208247,0.5729365072189593
187,0.12961815481333427,0.11402455229988494,0.0007744883607741414,0.31724959484985893,0.4383332096761477
188,0.25791847983147564,0.08039208034485483,0.00032066811107858,0.31470078024765946,0.34666799146493155
189,0.0581670952843038,0.04237944117171243,0.00024363410954415275,0.08874231790529068,0.810467511529149
190,0.2197402243365249,0.09749226484588863,0.000130555440746935,0.5955692162257239,0.08706773915111551
191,0.1514222514941637,0.13883745289474045,0.000508503006355277,0.3453050959432801,0.3639266966614604
192,0.13747720867119767,0.3224673937834016,0.0005443546927496432,0.4578925749260444,0.08161846792660664
193,0.24070060270016977,0.3009985487901435,0.0016775023019116185,0.14306277409802245,0.31356057210975263
194,0.1070356074827347,0.6055425975615106,0.0007514757656203285,0.13313384285211002,0.1535364763380242
195,0.1387560957894284,0.2974024090672341,0.00041902242846449204,0.4651999891631461,0.09822248355172696
196,0.16748644414618982,0.21504217625479424,0.00021924390000127212,0.5326956587870382,0.08455647691197651
197,0.11954049754912079,0.19110905878824413,0.00045591118345529266,0.03619432059965001,0.6527002118795298
198,0.22744181910677613,0.27578200382616147,0.0030249200035392626,0.02784567869806376,0.4659055783654594
199,0.10975108260328245,0.7878916543479908,0.0007343342265654607,0.046989223175734424,0.05463370564642706
200,0.06137923495586974,0.040216567944467,0.0014188923931532018,0.0069038447179957715,0.8900814599885143
201,0.1972416340622963,0.3181095503259524,0.0012972492651944988,0.026968848820171844,0.45638271752638493
202,0.32490091139025007,0.4939526944855445,0.0021886655184418765,0.020159999108136654,0.15879772949762683
203,0.1472843972734309,0.80638067875279,0.002978349285057083,0.006332348706840077,0.03702422598188213
204,0.11070594856197882,0.8218608119215917,0.003984550230077813,0.009996249121981729,0.0534524401643698
205,0.15372592951393668,0.7760692092211031,0.02199515202670442,0.018579033739574126,0.02963067549868175
206,0.13429175605200988,0.6908087340774561,0.007714620050796366,0.06914274294881666,0.09804214687092096
207,0.09362909274958245,0.7573151950514437,0.016524602319816468,0.10872732767873908,0.023803782200418205
208,0.05518348535833392,0.8090302665063662,0.016265250457890852,0.10236643118552304,0.017154566491886014
209,0.0393401879024967,0.8514678678127906,0.023445332695627746,0.06504297388073887,0.020703637708346146
210,0.02446566238551545,0.9262815340205495,0.013086660599739048,0.02624313973878185,0.009923003255414186
211,0.04611914162085257,0.8955520187635911,0.026370088667912843,0.02232727869234424,0.009631472255299235
212,0.10327983964042206,0.7710430471103799,0.049275743388204306,0.06549127508422509,0.010910094776768877
213,0.06535868019963066,0.8428100365174124,0.0696088051687149,0.018468100809358474,0.0037543773048838054
214,0.1303993415074523,0.6831427273957715,0.06591217771189925,0.1018785814197788,0.018667171965098046
215,0.059141914908328576,0.812463692338042,0.05442526517876157,0.0591719856742254,0.014797141900642439
216,0.06923863659562862,0.8019699282856215,0.06291707875304031,0.053832989233784524,0.012041367131924958
217,0.09700799618238716,0.7816977848046276,0.07254116244063133,0.03383836871124371,0.014914687861110184
218,0.09258248400972202,0.4513828353075481,0.030278783952205623,0.049350252947726464,0.3764056437827978
219,0.00790583265194563,0.024854938278701656,0.005297958325180587,0.0029816238466793743,0.9589596468974928
220,0.3441172041317326,0.12751189767480794,0.00047252220975559556,0.02424755909987331,0.5036508168838306
221,0.13121990935128977,0.1327373737712544,0.007775145375670859,0.0028711152291327874,0.7253964562726523
222,0.2071706763046683,0.6558045243750094,0.01585629425405691,0.003616978045250713,0.11755152702101468
223,0.21157841332651164,0.4871672141603844,0.00593479920494836,0.007840503350105261,0.2874790699580504
224,0.2094214506721014,0.6839882066978076,0.013269531898713195,0.011643579303069322,0.08167723142830842
225,0.03415809867499246,0.8943329126692854,0.0074681336695688735,0.022713180171540823,0.04132767481461272
226,0.09569874518041438,0.7842374999450868,0.006332445551426391,0.0721509033685912,0.04158040595448102
227,0.09977283779714352,0.836178080709728,0.009313402199013094,0.050036086241310306,0.004699593052805249
228,0.08526325493713789,0.7886940812982309,0.037965724106184616,0.06176656022071345,0.02631037943773301
229,0.07324172264050552,0.8269029477773261,0.01282014708065963,0.0783257398325875,0.008709442668921218
230,0.061078911378201685,0.8377579816055304,0.06596717290396212,0.025998492559023686,0.009197441553282042
231,0.051915179276033854,0.8795574640455439,0.05335124123727943,0.011878747004005796,0.003297368437137078
232,0.08195511434174617,0.8391918900337312,0.05731234047662382,0.014815147969720945,0.006725507178177859
233,0.06825579608708487,0.7977299874186031,0.11847281744871681,0.012213264701427341,0.00332813434416791
234,0.05697579626800432,0.8038546556296868,0.04756050557899305,0.08741017562281199,0.004198866900503824
235,0.042552087014155915,0.801427369981141,0.09869727164855407,0.04854670416296672,0.008776567193182396
236,0.047708863454712515,0.7770102088554594,0.10453133811460327,0.0659514840619903,0.004798105513234452
237,0.037086428880190786,0.6920181394763146,0.2585795996872134,0.009836971967799828,0.0024788599884813106
238,0.05258902583769854,0.8332450292144759,0.06400397274425804,0.04222909087193547,0.007932881331632051
239,0.04368821001845326,0.804158727178072,0.11790287131853948,0.028729060368804148,0.0055211311161310625
240,0.05781111086797041,0.7469318273012578,0.16323574622103248,0.022963008709289592,0.009058306900449556
241,0.06913988168819311,0.8440687967047582,0.06278110055822858,0.01777988955821113,0.006230331490609148
242,0.048539157911551875,0.8435346109570215,0.08795860329154907,0.01604257706585049,0.0039250507740269435
243,0.05590744509820942,0.8269630287954932,0.07549171624403812,0.033851678043780295,0.007786131818479145
244,0.056290292025799854,0.807219338958641,0.08555612743170411,0.03555517023514731,0.015379071348707947
245,0.03111946847772603,0.8320882709027777,0.11082028307752985,0.01895163923755053,0.007020338304415826
246,0.027994700498210512,0.7568717336198534,0.19152430475715995,0.015025503468847106,0.008583757655929053
247,0.040452795095433695,0.728214041432094,0.18146438675524684,0.031023996813063538,0.018844779904162105
248,0.037469794205354276,0.741621101166021,0.1753104801669869,0.035772770986135904,0.009825853475502001
249,0.040924000188058855,0.6488516762772126,0.23599894705548147,0.057027548304484185,0.017197828174762796
250,0.03435819033850091,0.4452118911146758,0.4038541084238243,0.07556833647393882,0.04100747364906014
251,0.03376170194117961,0.5535951168545128,0.29296486420701184,0.0874747993935401,0.03220351760375568
252,0.02902658043110382,0.49847390914298695,0.43886089667473943,0.01909340048283071,0.0145452132683391
253,0.04641588837934991,0.6594846679855284,0.15723702610343943,0.014756118465164371,0.12210629906651806
254,0.03029867255152899,0.5747953206592302,0.35665744447626113,0.02007513073579782,0.018173431577181907
255,0.020746456973924257,0.6513942536650086,0.27979254666984577,0.015247657956240007,0.03281908473498127
256,0.027544718310786004,0.7504973610601634,0.2048440898372475,0.008839938494731015,0.008273892297072125
257,0.021593727432015573,0.6025531682795965,0.33949899224543534,0.023304489354656437,0.013049622688296228
258,0.017077328759157222,0.6642666359837801,0.30008200406574004,0.011311185912660213,0.007262845278662381
259,0.017890532785523196,0.5413539166651776,0.40888085892643294,0.019572462718054216,0.012302228904812099
260,0.017038598396756817,0.4213433988251348,0.5251535544976484,0.021961507900404773,0.014502940380055158
261,0.019916804585080702,0.48052949443031157,0.4783876601727354,0.014629755681156235,0.006536285130716223
262,0.02063101447620175,0.4006339562494086,0.5468811122841571,0.01639700800467051,0.015456908985562007
263,0.0289415295520612,0.5251591378833923,0.40243270075733206,0.019393496723070055,0.024073135084144482
264,0.026025617366725515,0.37970161277588466,0.553658066476469,0.015609890726558811,0.025004812654362097
265,0.021254401073525664,0.2713209597130133,0.6736784320356715,0.01065814644085771,0.023088060736932002
266,0.016800111593956193,0.2203541357346656,0.7252955461480884,0.010672441778185545,0.026877764745104154
267,0.020146913913678115,0.31579828073892113,0.6254516021716907,0.012087409796318019,0.026515793379391996
268,0.011751163715881533,0.22703365459208988,0.737682452498501,0.008004471287128855,0.015528257906398753
269,0.010796506000659777,0.29716743419846586,0.6640008238340193,0.008081743175966449,0.019953492790888802
270,0.011692275202873406,0.22227873214561233,0.7514034288777643,0.006786016928568615,0.00783954684518129
271,0.021275553895426087,0.26172747905008914,0.6744474881968775,0.01815267214954952,0.024396806708057907
272,0.02980210408096808,0.44447841797817766,0.45465848738985665,0.023143688507072917,0.047917302043924526
273,0.034408768232028986,0.5906445392797222,0.24869523658687798,0.039275425282647464,0.08697603061872326
274,0.09586172445924303,0.67332556709249,0.08057388911213301,0.03763855954047324,0.11260025979566073
275,0.04127253986541158,0.7795305204770208,0.09566314341984021,0.03710599791930457,0.04642779831842283
276,0.03023516167767416,0.8311729827199197,0.11385645296757735,0.01194739931129639,0.012788003323532372
277,0.19830684175638147,0.23946458043976646,0.005108161175461602,0.022433701260042578,0.534686715368348
278,0.2775183489263165,0.6329399194565514,0.009129413603169894,0.014162168792218375,0.0662501492217439
279,0.06082250953232759,0.8937981091116997,0.022162186923287665,0.007268954217920302,0.015948240214764955
280,0.2525819711538,0.5931395028860932,0.05395053650567095,0.06577704522579673,0.03455094422863904
281,0.07099110227874118,0.8162596668690887,0.06625991929447694,0.02599785826503939,0.020491453292653984
282,0.04057714999024893,0.746217805313137,0.10563242148880889,0.019083802461581405,0.0884888207462238
283,0.0747236169556303,0.14763967050465965,0.006885098531653153,0.010537980091597015,0.7602136339164599
284,0.05008833389075495,0.09241137666554594,0.0006867901265652756,0.008709004981847119,0.8481044943352867
285,0.11171290112491192,0.14858795232107008,0.001973194690460132,0.007188821743288291,0.7305371301202696
286,0.09393084976997887,0.1735342412851286,0.0019024602869012618,0.008421366896001205,0.72221108176199
287,0.18393381146864535,0.3420488397259005,0.01548184804137598,0.013020300317476634,0.44551520044660164
288,0.114851145156833,0.3446638023690256,0.006810470303114758,0.015071286623019277,0.5186032955480073
289,0.047941633692517964,0.1698161075134134,0.02836561996481954,0.004119443940888413,0.7497571948883607
290,0.0030724695257855496,0.007281651393225646,0.003769782735817752,0.0002441041511828349,0.9856319921939881
291,0.16194211032548725,0.4022992890193805,0.021043066741595638,0.0036331659699657464,0.41108236794357084
292,0.1428293623761267,0.6638115518125728,0.01642491908019515,0.0030884320195039747,0.1738457347116013
293,0.02408381310055517,0.023145801141423204,0.00176512131171296,0.0006942391451177943,0.9503110253011908
294,0.16896533660567226,0.5475639821498689,0.008724521875468101,0.014313975383937253,0.26043218398505347
295,0.05159133570084635,0.8913753520611278,0.011481779879802438,0.0052012777750830115,0.04035025458314053
296,0.08634513832707097,0.7787724234098851,0.00819605905873494,0.01529632921047225,0.11139004999383682
297,0.05149973890981312,0.8550575089850196,0.009076906423193368,0.0459944454603209,0.03837140022165283
298,0.019120820376801115,0.9160511915943437,0.0015896159721969577,0.05637781366749896,0.006860558389159315
299,0.06397360803951509,0.7293991311512229,0.0005790835102100104,0.15139145790045594,0.05465671939859602
300,0.06890356937364027,0.5156181472167246,0.00011911133417433079,0.368109721066893,0.047249451008567804
301,0.10870752960926536,0.3548390501186632,0.00014349641369512268,0.472967473264026,0.06334245059435051
302,0.1274596478895676,0.17909760730584767,0.00023584242532807506,0.6005211389952002,0.09268576338405644
303,0.1414278529527477,0.3109735084904312,0.0002783813012977794,0.4863460892657922,0.06097416798973108
304,0.1549322107005331,0.1655821007944016,0.00011655386140927317,0.5901180043538717,0.08925113028978433
305,0.08531784512334503,0.12293332594616241,9.0586207250079e-05,0.7391696827485493,0.05248855997469307
306,0.09343686095787801,0.23704907814324336,0.00019875537961869835,0.5916061168747757,0.07770918864448424
307,0.13710820291928918,0.15186145516393112,0.00014904863256781363,0.5741880827906846,0.13669321049352726
308,0.16115441784048826,0.15502586078549666,0.00016460267113199898,0.5732599916806475,0.11039512702223567
309,0.15299031449160366,0.12307283323183135,0.00015288591035132027,0.5610942014902477,0.16268976487596587
310,0.07365943540346702,0.09702377288542964,0.0010090980581694785,0.06869733756246588,0.759610356090468
311,0.22206733019955274,0.15257131431184318,0.00017353819717896157,0.36831583037854065,0.2568719869128845
312,0.2502342651689083,0.1718507333593792,0.0005532558059434401,0.12564271757863596,0.4517190280871331
313,0.07167236292196111,0.11413838391778698,0.0006089546895803472,0.03288226352670295,0.7806980349439686
314,0.11693455318098266,0.5406145300382712,0.0015204588500844,0.10732142508390044,0.23360903284676124
315,0.05648577485653904,0.2953188190340064,0.0005817822851311881,0.04941908083059426,0.598194542993729
316,0.12652483546568938,0.3118749922820743,0.004456715880288831,0.074907126144688,0.48223633022725954
317,0.20827004169307015,0.28303074325700595,0.0005826593361272881,0.0874486554522357,0.420667900261561
318,0.05570777077870838,0.7819692529378741,0.0064807109615815355,0.05110955835635554,0.10473270696548015
319,0.05234092964685696,0.8408331027102572,0.013938650935068351,0.03867297585218973,0.05421434085562776
320,0.24103506902547905,0.5507769734154304,0.0024774564867230094,0.1373002613702211,0.06841023970214637
321,0.04416073518335452,0.9138243974042323,0.004290322372344986,0.01888496881698981,0.018839576223078722
322,0.13882183601361284,0.7500677218555732,0.03423896852714976,0.05282608255141484,0.024045391052249433
323,0.12203892222646591,0.7772540653111241,0.0124061984349654,0.07947226994439614,0.00882854408304848
324,0.10428283765632049,0.8354876882737876,0.024528780734844876,0.025494276143099757,0.010206417191947155
325,0.022855677566607047,0.6139388324520301,0.3419392822861408,0.013586316750844854,0.007679890944377253
326,0.018754248955144326,0.8666124221126806,0.08682951132017284,0.02081424848954174,0.006989569122460182
327,0.20205673283396475,0.5992273219316517,0.027305666936486145,0.10566899787266217,0.06574128042523525
328,0.07879873788552028,0.8612918672504651,0.026602309299881586,0.019178891984403673,0.014128193579729543
329,0.04527282208919463,0.9328356521996921,0.012001524793756635,0.005724125416822517,0.004165875500534203
330,0.05760925330714866,0.8870506178818113,0.04374467933919005,0.009793936977782778,0.0018015124940671862
331,0.04716269268274745,0.8948388322893185,0.04382317387519007,0.010518347040376573,0.0036569541123675172
332,0.05118706703513806,0.8797635055297636,0.039869950007884604,0.021375064541600087,0.007804412885613676
333,0.0457027294489496,0.9123027300083687,0.028142822768777602,0.010839361252179732,0.0030123565217244873
334,0.08135361793649884,0.850017281655366,0.03647387462216861,0.02706215547883339,0.005093070307133193
335,0.04001667744509671,0.8462274662788271,0.1003757766590926,0.008227711519855213,0.005152368097128793
336,0.10116963764889847,0.8313042157156434,0.03457531626169533,0.028539316354607085,0.0044115140191558315
337,0.07271758831383085,0.8485184727186388,0.058352551746261076,0.015850500606252555,0.00456088661501668
338,0.07035404416514511,0.7758306056942473,0.05688107536511204,0.08485841456232388,0.012075860213171743
339,0.13108626569375237,0.28710907538194724,0.014757127548308371,0.023485551468007862,0.5435619799079843
340,0.08915531213433128,0.16711305524454095,0.03304743188699491,0.017473984007768884,0.6932102167263641
341,0.05092406294334967,0.12901719026107944,0.02765388548872572,0.012352235443462182,0.7800526258633831
342,0.12284211169469743,0.5230477607594013,0.0033103891904473714,0.007866348400948403,0.3429333899545055
343,0.1508025291287134,0.07852151035825924,0.0007042180169128577,0.015276261712647734,0.7546954807834668
344,0.10460982144913479,0.5313716641805222,0.004054948496441692,0.02803895303394258,0.33192461283995883
345,0.07235804687894609,0.12672743836837214,0.007493994257717938,0.021360089421194675,0.7720604310737691
346,0.11743567207614544,0.24633442132527936,0.0014202721964381004,0.01798552429871559,0.6168241101034216
347,0.1426166878934027,0.6676924357380764,0.004977698179051204,0.03126138604890776,0.15345179214056212
348,0.13363802246092216,0.2728858084079846,0.0008968676269123357,0.0333047758341954,0.5592745256699855
349,0.044624501179899786,0.8665950236784099,0.0055203078289808175,0.026550741609524794,0.05670942570318461
350,0.09475176525337516,0.6088729504587214,0.0036861539453915764,0.0483351558965457,0.24435397444596618
351,0.04122904563261174,0.8420702512259761,0.02795770026735228,0.01185120050006683,0.07689180237399322
352,0.057998407755339314,0.10519442490962695,0.0011384700224809682,0.02535012437026252,0.8103185729422901
353,0.02461501563199902,0.03767005052352123,0.0008088490207091375,0.009298338981472377,0.9276077458422983
354,0.08706729210960569,0.4566618077999883,0.0021770816622838428,0.04339322733264914,0.4107005910954731
355,0.12176593838127303,0.26332620315730315,0.008073384010986352,0.014376810828860897,0.5924576636215766
356,0.1269301972081165,0.5014910443741564,0.004259283616642044,0.153039474187415,0.2142800006136701
357,0.11857399252128034,0.31376724255305527,0.002441153207642258,0.09527595686038998,0.4699416548576323
358,0.09837460236325075,0.474018289953213,0.008913032865201188,0.045401428867062534,0.3732926459512725
359,0.14600194804251568,0.4999129361750413,0.007058573222728282,0.056804492917633925,0.2902220496420808
360,0.06195169392076303,0.8444292139234759,0.005100291315091675,0.041264926924894724,0.04725387391577461
361,0.0677357126221522,0.5725797713638026,0.00584458399473912,0.020750827519530182,0.3330891044997758
362,0.0863434665755106,0.23824956207185344,0.0028605990748616886,0.03105024271227682,0.6414961295654974
363,0.09160834867161936,0.3812904001184945,0.017616928359504406,0.0327500574886111,0.47673426536177066
364,0.03894615821446132,0.170943506750533,0.005345773100675488,0.012548309787682614,0.7722162521466476
365,0.02509396579676289,0.04811175299283479,0.0025289451717168763,0.004297181550573426,0.919968154488112
366,0.15205815779080556,0.34200842169999085,0.0011659900647713881,0.10915801851299574,0.3956094119314365
367,0.04440371197939091,0.07293337533685365,0.0016007802616859735,0.02115221346872141,0.859909918953348
368,0.27253613697834683,0.21089842908297973,0.002441350899517013,0.066829406173034,0.44729467686612256
369,0.04518664768216577,0.1092364565163519,0.004496558774744581,0.02699269461065804,0.8140876424160797
370,0.1971835021653162,0.477917665015462,0.0028411802054650096,0.1220277747173254,0.2000298778964314
371,0.03705601345366617,0.24508097625546038,0.0018985645972179857,0.0389335216489943,0.6770309240446611
372,0.15731543018649302,0.5381722575806579,0.0010945297786342067,0.05832508023377822,0.24509270222043653
373,0.02274015831606395,0.04409973528690977,0.007291874742825901,0.018031850390349238,0.9078363812638512
374,0.030763344759609516,0.03180601076129241,0.0003652201415389733,0.009367925495958095,0.927697498841601
375,0.024880218772595112,0.021179196402637424,0.003378854436564415,0.005245408694703079,0.9453163216935001
376,0.10588492960118552,0.26075966256335364,0.0025565003522405256,0.015615631290073905,0.6151832761931464
377,0.18448414041804853,0.6661859818309066,0.006072073695725851,0.08981869440243671,0.05343910965288232
378,0.060055014250739974,0.4799511334156077,0.006288629714238593,0.0639023728293335,0.3898028497900803
379,0.07934747601290881,0.13057730363526265,0.0004459488943051979,0.19898695607606434,0.5906423153814591
380,0.11192002310283101,0.25045660666219255,0.00022179752646838666,0.4236516101216859,0.21374996258682208
