epoch,N1,N2,N3,R,W
0,0.0013681528154144374,0.0003924621953130101,5.263241472693529e-05,2.0514515576010788e-14,0.9981867525745252
1,0.0007882330212560694,0.0003950287371556251,0.0007102017540303713,4.058413921797762e-14,0.9981065364875172
2,0.0009326391071656584,0.00037712988731317565,2.6436134437918235e-06,0.00015207480856715356,0.9985355125835103
3,0.0002590457717388798,5.3370783632630817e-05,8.41285988361494e-07,3.21597859963813e-05,0.9996545823726437
4,0.00042745366868365267,7.965348223748697e-05,1.3133198271507727e-06,5.100459760827048e-05,0.9994405749316434
5,0.008831571415953655,0.001498646278681887,8.002910592037925e-06,0.00029602280994608324,0.9893657565848264
6,0.029732717157650555,0.0014473214717562555,2.8148111582080315e-05,0.0005614057002650546,0.968230407558746
7,0.06516906474855912,0.002323593462025324,3.377837316848517e-05,0.0007378544951043397,0.9317357089211428
8,0.125245420369531,0.005381150454048729,8.959063221285883e-05,0.0013218292424596219,0.8679620093017478
9,0.3520637409233039,0.013320814617570913,0.0001949839238998561,0.004586467545461903,0.6298339929897635
10,0.14822323479662572,0.019952863485997317,0.00017141111850190206,0.006047232213474169,0.8256052583854009
11,0.1639378331040853,0.06534203861619961,0.00023455521338620352,0.028045643290811537,0.7424399297755173
12,0.15547963539281448,0.1628450776247191,0.0006497987012251172,0.05836871124317867,0.6226567770380625
13,0.08455799107084293,0.15872907041388745,0.0006769626551833923,0.03265128761510418,0.7233846882449821
14,0.04535597902783123,0.0998215504809402,0.000620788253724031,0.004527084623585045,0.8496745976139195
15,0.03535420814998861,0.23658762626439273,0.05847673315762816,0.002045579972089493,0.667535852455901
16,0.059622844123885015,0.1760108538151485,0.009028281761976526,0.0046471558071123215,0.7506908644918777
17,0.02469457269309097,0.6438293893201078,0.007059825851642805,0.001594626724305556,0.3228215854108528
18,0.014196990876254627,0.4268933589607695,0.03523476260902544,0.001063809533955511,0.522611078019995
19,0.04013865405252383,0.6341257516944682,0.016788138045929882,0.0011166643755240043,0.30783079183155404
20,0.027026660174974022,0.828937856032871,0.014402647067462715,0.00039426788389018957,0.1292385688408022
21,0.022184954690611623,0.8735825466035952,0.030371440515007828,0.00027625962005906914,0.07358479857072613
22,0.018372148620475183,0.6776691404431976,0.16589193107222758,0.0002132173869770696,0.13785356247712272
23,0.047169576937314446,0.799031482921266,0.041028947564074984,0.0007744199566618842,0.11199557262068266
24,0.014630597572080782,0.8425431870593787,0.04091316036699048,0.0003354329195054401,0.10157762208204467
25,0.057834363649340935,0.5437261917977184,0.03625555970991076,0.0013890673087209387,0.36079481753430886
26,0.02250348999660844,0.5998786543180327,0.3121265959428263,0.0004943650707628103,0.06499689467176982
27,0.03341449391587942,0.5751055895241669,0.2942527184126225,0.0005512812070549446,0.09667591694027618
28,0.05074642390684505,0.638759774472989,0.1393744850145258,0.0013142115503808687,0.1698051050552593
29,0.012893668239544255,0.8615960159256993,0.09739995763673544,0.00020752849893000466,0.027902829699090883
30,0.017495123112676512,0.8158267241233407,0.1328621522626452,0.00021321523045381103,0.033602785270883805
31,0.0257015035953848,0.5189086148125927,0.38950726099817573,0.000328024810623248,0.06555459578322363
32,0.01586146594439475,0.7503846461838176,0.17678206932900686,0.0001936910924076247,0.056778127450373306
33,0.009869885852287395,0.512135110931239,0.4529862942714652,0.00012194845848079542,0.024886760486527663
34,0.024370586226572157,0.5030043195461734,0.4334868018716785,0.00017807250564207065,0.03896021984993388
35,0.011138064502406439,0.3243862918063218,0.6368521481546958,0.00020461805612536244,0.02741887748045046
36,0.0047251703758432045,0.3304773456761916,0.6515545071099023,9.694191447839716e-05,0.013146034923584559
37,0.009694340137520857,0.337519699114103,0.631818624701106,0.0001282868054142294,0.02083904924185592
38,0.012887244301629231,0.387650273157934,0.5587847922165439,0.0002750561186165108,0.04040263420527631
39,0.010839178015718041,0.5791362310341684,0.37823325861425106,0.00019622744211665924,0.031595104893745646
40,0.009414617965653125,0.4571867868110613,0.5101799860935156,0.00011193344411151238,0.02310667568565846
41,0.010526605339755569,0.33415109123788694,0.6405602764233143,0.00010125371320045815,0.014660773285842713
42,0.037092740903311536,0.7418320931134679,0.14891925032686978,0.0003422441899779627,0.07181367146637292
43,0.010111923115642267,0.36035170738691447,0.6151850382194531,0.00010118674188501293,0.01425014453610519
44,0.051877457479693655,0.7898693056225882,0.12275802286516312,0.0002396669543415355,0.0352555470782135
45,0.014714743502431732,0.5524916622516254,0.4050667744982032,0.00015558368302987118,0.027571236064709646
46,0.00590079646719838,0.4312416016237386,0.5450901308987591,5.62659825213638e-05,0.01771120502778258
47,0.004274710863417526,0.46302638361560405,0.51957581173401,0.00010167194974828805,0.013021421837220147
48,0.005107156410870978,0.4334504396372645,0.5486119786504376,0.00020240223939266662,0.012628023062034156
49,0.007720215685324259,0.43124426118558085,0.5070812710212715,0.00031696441409549643,0.05363728769372799
50,0.006902221844314465,0.43454441298165536,0.5345734277226577,0.00029324430727681875,0.02368669314409546
51,0.016041544015269405,0.5164180734471238,0.4328766471469464,0.0002660843196986265,0.03439765107096182
52,0.006884337079082387,0.2944066920272183,0.6824075009114812,8.492441813587048e-05,0.016216545564082335
53,0.004317414266655851,0.3192342914938303,0.6574518195967516,6.39578506126445e-05,0.0189325167921497
54,0.0015577079974637162,0.187787400209171,0.806501071574008,4.4123749862626566e-05,0.004109696469494609
55,0.0015523377886070499,0.20339857681431928,0.7850309636136883,7.842997345027725e-05,0.009939691809935276
56,0.0019077770672495233,0.22165601328652046,0.7686052843133893,6.30930586339871e-05,0.007767832274206833
57,0.0018355217035225765,0.20204439265046095,0.7850411182055349,5.996537906821863e-05,0.011019002061413426
58,0.0048677138040406085,0.2592100562613854,0.7242837903504697,5.9310148287141016e-05,0.011579129435817093
59,0.002354627016529285,0.31074936625267435,0.6745717812561871,8.35287119256603e-05,0.012240696762683545
60,0.0016818355203601898,0.1963641868419197,0.7961977128212804,5.383140932615574e-05,0.005702433407113689
61,0.002639297045184318,0.2717027555957498,0.7108842214087999,8.753222044825155e-05,0.014686193729817765
62,0.00254857344258209,0.26610035545194816,0.723868785679588,8.23495614920504e-05,0.007399935864389672
63,0.0018894224579762873,0.2430468866740075,0.7455545640821586,6.725794540799824e-05,0.009441868840449582
64,0.0010785955337983123,0.20077996027355208,0.7919950038594995,2.739464346100686e-05,0.006119045689688957
65,0.003303225667442628,0.3442490576359559,0.6372984241389273,0.00012731344239176612,0.015021979115282344
66,0.0046460520093843305,0.4085514010313646,0.5774782367140431,7.357567761953753e-05,0.009250734567588376
67,0.002051001438135433,0.3045892403968647,0.6872607355990636,5.7983818129301404e-05,0.006041038747806993
68,0.0013179254121957512,0.19110209936535724,0.8036598773785294,4.797789823078487e-05,0.003872119945686837
69,0.00186742734770739,0.32444024660299303,0.6667740231610707,0.00010224096900663484,0.006816061919222173
70,0.0006221606202934303,0.12098099867156527,0.8767801461894617,2.8259854406997015e-05,0.0015884346642725906
71,0.002665248784135187,0.3131341429019517,0.6803050814675612,6.824266261791078e-05,0.0038272841837340634
72,0.0015769923563869253,0.2785436588854783,0.7169742717727514,9.364379383720144e-05,0.002811433191546255
73,0.0016808936296379268,0.2486058705694149,0.7448786393348122,0.00010511108390589108,0.004729485382229078
74,0.0007651211784683228,0.10662384639294502,0.8903449783712718,3.7962082202609737e-05,0.0022280919751122602
75,0.0012459633821993994,0.18925471302409372,0.8072263022421496,5.872095356373298e-05,0.0022143003979934574
76,0.0025415342586672294,0.4025549057578888,0.585809512871958,0.0002094358648675822,0.008884611246618363
77,0.0016614226737560345,0.34658535909621385,0.6470675004991308,9.117685462151885e-05,0.0045945408762777815
78,0.0009442469117088686,0.12480719985342018,0.8722950428501561,5.014201135945332e-05,0.0019033683733553053
79,0.0012982713879310887,0.21557282145539033,0.7793525044542864,9.415474387460396e-05,0.00368224795851754
80,0.0007554664818412921,0.13168326638764685,0.8651386480992914,3.258314983422992e-05,0.0023900358813863307
81,0.0026924495350896713,0.22637617409219835,0.7667702225135976,4.599632624135793e-05,0.0041151575328730134
82,0.001112837678708623,0.23291583384574202,0.7603831012051081,5.5419754578212684e-05,0.005532807515862997
83,0.0007912372138317982,0.17031706711292519,0.8257477777429735,5.125340259584939e-05,0.003092664527673674
84,0.0008019604421205855,0.14232917319109037,0.8475634886274421,6.050492831169309e-05,0.00924487281103532
85,0.0034100093208619623,0.24732412334766965,0.7419940020286337,0.00012546052278496629,0.007146404780049696
86,0.003465166614491082,0.30468008733877855,0.6842199603053882,0.00010878000167496422,0.00752600573966711
87,0.0012907098786461345,0.18354515981778774,0.8105257550159595,8.356541685976808e-05,0.004554809870746908
88,0.0015830621253914222,0.23245023847503765,0.7629566903407561,7.845787648572448e-05,0.0029315511823290665
89,0.0013748447533819383,0.2437529026857567,0.7499748945902606,9.85208422744844e-05,0.004798837128326305
90,0.0010982790910256232,0.18069854268107538,0.8153228404149623,7.653445814145508e-05,0.002803803354795365
91,0.0014226474866972031,0.2571280184747331,0.7366735435340135,0.00011709127277788545,0.004658699231778493
92,0.004924108310251157,0.30925306854789497,0.6812915798731708,0.0001186762109386206,0.0044125670577445176
93,0.001584713258748618,0.24005067216957315,0.7549598050865732,6.542327177185329e-05,0.0033393862133331287
94,0.001023098658856996,0.2179108987953398,0.7783625716977686,6.62907235126584e-05,0.002637140124522128
95,0.0020512009949462933,0.1994255812124198,0.7950555565448263,8.914763693774031e-05,0.0033785136108700057
96,0.0016319691676875794,0.2356829056527312,0.760241153928794,9.040953937696267e-05,0.002353561711410387
97,0.00262835277831844,0.26998971355637147,0.7215492267912873,0.00012938458346257653,0.005703322290560371
98,0.0029270781970407397,0.2799708077866327,0.7124098011782509,0.0001418344194361,0.004550478418639596
99,0.0023934630236145706,0.34954385628092216,0.6389548186212521,0.00020871519809397083,0.008899146876117205
100,0.0008127054712326112,0.10786146486215525,0.885554537128604,6.300880914761223e-05,0.0057082837288604865
101,0.003556609203571105,0.3883378891143497,0.5876759741100067,0.0003030284793714659,0.020126499092701047
102,0.011670371725705784,0.4257778326546943,0.41105173878740353,0.00040786802817004614,0.1510921888040265
103,0.006402608544714943,0.3208892725286179,0.5806052884064155,0.00042401564152739037,0.09167881487872424
104,0.006216799928758549,0.3807926324082814,0.40645870921084576,0.00046203151574672734,0.20606982693636766
105,0.06216297391445141,0.31776360768348383,0.28690838190681117,0.0002967790405169283,0.33286825745473664
106,0.027100898666454244,0.08762310412729521,0.05498554850797132,0.00037246025427507086,0.8299179884440041
107,0.04246757571411345,0.2762144834010792,0.04951106375611581,0.00022433135788569423,0.631582545770806
108,0.040229803867431885,0.3970672279891435,0.06914811318453153,0.00041480619562145674,0.4931400487632716
109,0.13327230736317155,0.4043215000746011,0.06681731062045408,0.0007294262342121615,0.39485945570756115
110,0.025273115762859597,0.26042532985452277,0.3337234875065136,0.00027489928158305564,0.380303167594521
111,0.016468470630012357,0.31676973856806406,0.5684688933860892,0.000317197774267744,0.09797569964156673
112,0.004460213202214161,0.1884646638672715,0.7832773146953818,0.00018218897351413848,0.023615619261618474
113,0.0011878505637803725,0.17976821660228345,0.8148248275925103,7.314684354945875e-05,0.004145958397876445
114,0.00486313302323088,0.42274087893690426,0.5635719883425208,0.00014356934438621325,0.008680430352957718
115,0.004182401057877963,0.43769085831977317,0.5502886580366729,0.00028425318318283006,0.007553829402493191
116,0.002864101944028815,0.3193097140137924,0.6681029150261503,0.0002012332926653124,0.009522035723363213
117,0.0009526492735685061,0.15764179782108398,0.8384722112259472,4.0451215594496977e-05,0.002892890463805699
118,0.0022506882857426134,0.333622145066245,0.6595113668157654,0.0002056410304233725,0.004410158801823704
119,0.0011883986297498577,0.22695993181527915,0.7675358965944613,0.00012081901696835345,0.00419495394354129
120,0.0011382519047882097,0.19427650800026025,0.8000568830286462,7.621541221122705e-05,0.004452141654093938
121,0.002744970660524861,0.36240236471130416,0.6282329090802755,0.0001423655336216074,0.006477390014273872
122,0.004352106402708965,0.36897304170965417,0.6197410518364643,0.00014033947390200722,0.006793460577270501
123,0.0014132601076992277,0.2136493836388384,0.7821136233757267,5.8132618298519566e-05,0.0027656002594371523
124,0.0016188601636804344,0.2581876009187383,0.7370722526009579,5.96190344920973e-05,0.0030616672821313297
125,0.0018840716618508464,0.31416251229293307,0.6790688251676381,7.647606416021245e-05,0.004808114813417687
126,0.003059757431621623,0.4224541422734457,0.558557086066887,0.00013087450727168544,0.015798139720774075
127,0.013396266577017467,0.6521754479820382,0.2606407030237346,0.0002741622865105255,0.07351342013069928
128,0.0036621907135713956,0.2887262814817032,0.6930197532600881,0.0001259097712199357,0.014465864773417363
129,0.010821400480834556,0.4647452842601318,0.4907054667354864,0.00014456610795500987,0.03358328241559212
130,0.004756626375604657,0.27389445889675534,0.7119110184069428,0.00017109293168901876,0.009266803389008113
131,0.004542429013039137,0.3648388601189656,0.6225813093778048,0.00020599753047445974,0.007831403959716071
132,0.0027084771379997903,0.24134402401036723,0.74534119018503,0.00014802405898648192,0.010458284607616343
133,0.005424021665915674,0.5323709215860911,0.4472829467845786,0.0007787345698942916,0.01414337539352032
134,0.0024125444139422793,0.2970028293566461,0.6947250370118989,0.0005851346676958086,0.0052744545498168375
135,0.0010980971221495937,0.27714972620523515,0.7146634635859147,0.0008853253127306313,0.006203387773969987
136,0.006883647544433319,0.4876502313991211,0.4887234347804386,0.001926877368893744,0.014815808907113152
137,0.005650450646098196,0.5001898637679736,0.4530259323213988,0.002262354444618096,0.03887139881991119
138,0.007954680719854189,0.31258458769144154,0.6574889430333978,0.0019924130890919397,0.019979375466214602
139,0.01894009258861414,0.05557609763323396,0.04334231171916553,0.0031334691049405864,0.8790080289540458
140,0.27935329264617664,0.2799821806189177,0.0054642016869028975,0.023190134030591603,0.41201019101741115
141,0.13358592474118036,0.7556637870783488,0.004186864041955548,0.005618051621842599,0.10094537251667282
142,0.10642838456864759,0.803527940942376,0.014491634212410148,0.0011848496518302044,0.07436719062473594
143,0.2515528751286836,0.6303739825867818,0.003941983761558143,0.01905585845021799,0.09507530007275845
144,0.06119858575502877,0.9031185139664681,0.003681738554754165,0.0056529219044616765,0.02634823981928721
145,0.03239083613618766,0.9201347821587639,0.017541491215806948,0.0022531271275901105,0.027679763361651396
146,0.06003780534289929,0.8228851513791949,0.014738228607498547,0.007685165653917144,0.09465364901649001
147,0.06719506697591926,0.8569933369854466,0.00902830783756278,0.011645720586120649,0.05513756761495078
148,0.020763846670263365,0.9063087562303058,0.005514898022965529,0.0045915555216903365,0.06282094355477486
149,0.14266682109520543,0.6373650915770203,0.0020374428237260886,0.016959429783840206,0.20097121472020796
150,0.05405908959016332,0.8877396369412929,0.003670289992504275,0.0066468507520656035,0.04788413272397399
151,0.032330855791816444,0.9264601702667081,0.009314882505871357,0.005431508220650987,0.026462583214952932
152,0.06913474262881705,0.8381059537425352,0.005340709686221261,0.03845322025869461,0.048965373683731765
153,0.06850854149946616,0.6795171002367566,0.003926554907799301,0.07324234517121037,0.17480545818476767
154,0.13326479437405764,0.501958098018995,0.005007029806598608,0.16260623566985682,0.19716384213049185
155,0.08920062441262948,0.2150391880723725,0.029460564657462034,0.04920149539363996,0.6170981274638961
156,0.21631284063709988,0.24031891323869514,0.0042839901469413945,0.10261889397299354,0.43646536200427005
157,0.18511963616712546,0.22406029649029893,0.0030975240069751977,0.12180264549561486,0.4659198978399855
158,0.1757125187723198,0.23409982295827908,0.0037972809618855483,0.09538960320452693,0.4910007741029887
159,0.20548494034015174,0.16442393606556874,0.0024198240522157193,0.08184740351578097,0.5458238960262829
160,0.19903546937207509,0.3038148663694081,0.0027812206518422894,0.0914950864003682,0.40287335720630646
161,0.19012799758472834,0.4059899343912212,0.002946102137738352,0.0979791955420553,0.3029567703442568
162,0.1965968833220506,0.33358169297436147,0.006517246647415857,0.059896827861833674,0.4034073491943384
163,0.11191775372705033,0.21355618815556573,0.004828119106470808,0.0573407603507914,0.6123571786601217
164,0.229989167450259,0.25747238145241746,0.002843053485159613,0.08829977710511769,0.4213956205070462
165,0.16145413320608795,0.5448420654149276,0.005940281020710052,0.08951877713447057,0.19824474322380384
166,0.1422398925893712,0.3429789493666063,0.004055243147023694,0.1346489142098907,0.37607700068710814
167,0.15441617042345412,0.3698554660138592,0.004041813996451197,0.1530115400025459,0.31867500956368955
168,0.10509769578260068,0.5755763369954908,0.0039117908316580715,0.12088364668691562,0.1945305297033349
169,0.13885051257255657,0.37515367159253893,0.0013662955508614008,0.1902859685561375,0.29434355172790555
170,0.14063553580849694,0.4983809502913771,0.0025884027868923283,0.1561111998998145,0.20228391121341907
171,0.10771542747691877,0.3113951881178051,0.0009737810585694196,0.431445562010197,0.14847004133650965
172,0.08687115050562097,0.22301432357550877,0.002160276769865109,0.40454162545264927,0.28341262369635584
173,0.12739438752323526,0.11632089115076123,0.006230826618315476,0.09697084709944465,0.6530830476082434
174,0.17559143248388528,0.2095877669353848,0.002134520872964846,0.29495460785845645,0.3177316718493086
175,0.1756824781672195,0.4203029316109017,0.00488541992716883,0.21446722325094,0.18466194704377015
176,0.1391923656017507,0.20483103092852634,0.0034763150378092954,0.2481884786625048,0.4043118097694089
177,0.14284141127725367,0.2317297803057304,0.0015912335786877607,0.3767417486271603,0.2470958262111678
178,0.09838749820993889,0.33984275955280463,0.0017862325905269368,0.3651285377622283,0.1948549718845011
179,0.1071133434875117,0.23229191139314218,0.003028702683640497,0.14779949082040789,0.5097665516152977
180,0.1597804451239477,0.3274712735755886,0.0030820240898141106,0.21417421490045283,0.2954920423101967
181,0.12013564821277832,0.40734653387499986,0.001540752693410386,0.3896104797296561,0.08136658548915537
182,0.13574476645557076,0.22255799932694578,0.0013652954712990934,0.5062242597952996,0.13410767895088485
183,0.10284293632755655,0.32585736590872943,0.006909471007768559,0.42396403938972704,0.14042618736621848
184,0.09608639378407544,0.3157857258625922,0.0018342358249780124,0.3620577494764098,0.22423589505194458
185,0.16207154166073573,0.31536908186476664,0.002925600891896341,0.2244378924642388,0.2951958831183626
186,0.13530715193539045,0.5661178982567063,0.003163660005545936,0.13474897824637108,0.16066231155598615
187,0.10667944042006039,0.4288521318081569,0.001382202406879359,0.31565347750837086,0.14743274785653254
188,0.10328277244360558,0.47284192278694637,0.0018313100764769837,0.3124999803991122,0.10954401429385875
189,0.10401830158341356,0.4439365319553061,0.006631670293302524,0.21952866005467248,0.22588483611330537
190,0.12317020029703185,0.6339475475128464,0.0028092264829757715,0.08177148404064465,0.15830154166650115
191,0.1255793130152954,0.5666493606977803,0.001638552684923728,0.06839163384507335,0.23774113975692732
192,0.09656982744423036,0.7544753365513689,0.009364485565688821,0.030739451159283792,0.10885089927942801
193,0.13294921793262043,0.7621122591109336,0.0011032909022392647,0.05595543795803428,0.0478797940961725
194,0.04240971380614056,0.8887469573404088,0.0010622347709500666,0.018947469439524033,0.04883362464297674
195,0.12656114225147277,0.6989616428019825,0.0010623465147094767,0.0854801261634026,0.08793474226843259
196,0.0823639998444598,0.6456715245572087,0.0017934581277045342,0.02590409196199448,0.24426692550863255
197,0.014218011584855373,0.05024689692197826,0.001741616289416083,0.002451226972484937,0.9313422482312652
198,0.3326378313503368,0.10395273532742438,0.0002932593838067396,0.009255877687726134,0.553860296250706
199,0.4746754426424902,0.24240940288608284,0.00024399508748212576,0.005528554956234366,0.27714260442771055
200,0.46156961115849104,0.3403042312011661,0.0002965523243771482,0.005321589572634923,0.1925080157433308
201,0.28054385650025826,0.5509342179724921,0.0002588571497637741,0.0256727793821507,0.14259028899533507
202,0.18270499333338477,0.6814137604263276,0.0005113509248938908,0.009459663957716326,0.12591023135767732
203,0.1446814262007977,0.4708876015258753,0.0016671642887866201,0.012581964474151284,0.370181843510389
204,0.09200344947936798,0.7697392929036856,0.002364573994242923,0.005621839441708604,0.13027084418099494
205,0.10588486031085464,0.8263643777189134,0.000993035621928205,0.007923663003883483,0.058834063344420186
206,0.08084132306855264,0.8746440765433094,0.00042189753318345384,0.006226271011282473,0.03786643184367205
207,0.04659256490213138,0.9210638325292836,0.0015208038787149294,0.005120661525176663,0.02570213716469353
208,0.05446877421270924,0.9191556866636178,0.0004620214297040069,0.01084350437333349,0.015070013320635338
209,0.03588572860848437,0.1962345452702057,0.012174083250535862,0.0017298085116816836,0.7539758343590925
210,0.17351613278031378,0.7432791691746101,0.0005416687840716098,0.0064833784609737415,0.07617965080003072
211,0.14471658998866185,0.6912477853186368,0.0018410360222566068,0.005037923961577953,0.1571566647088667
212,0.08540831634116672,0.8694553780182704,0.001022711745236696,0.002625577618191721,0.041488016277134464
213,0.03198192222612333,0.9247889312702128,0.0035505931673554046,0.002722795931681502,0.03695575740462717
214,0.14934456989306683,0.7831402626545758,0.0006247723638151348,0.011352365036490368,0.05553803005205204
215,0.03174569100578137,0.8688511112966799,0.0006532037898625157,0.005787032317601023,0.09296296159007511
216,0.026971856421915727,0.9147828301957825,0.0011201380500731695,0.003812757911545558,0.05331241742068291
217,0.02618547752331613,0.9113050281367514,0.00118437869431124,0.0023321687925585855,0.05899294685306257
218,0.03584425836197447,0.9047891766718172,0.0023371184565659686,0.0025787619934023146,0.05445068451624001
219,0.05506410649264857,0.8981019363679277,0.000590580260451757,0.006174109045421335,0.04006926783355078
220,0.04932281175485344,0.8176847261890501,0.0028028709981358403,0.0034831911637287958,0.12670639989423188
221,0.08365472213329958,0.8572510269776287,0.0006315985252662464,0.005154752398194371,0.05330789996561111
222,0.04468000064382346,0.9336461325876101,0.00125434070773422,0.0021131475167659682,0.018306378544066165
223,0.034108566692046184,0.9397253259930428,0.0011313668853529255,0.0016988188083493837,0.023335921621208705
224,0.05862020648227784,0.9170769771808115,0.00044624710909384034,0.005154147067354914,0.018702422160461984
225,0.023374623503199368,0.9594495538219144,0.0016728107539015625,0.002606430209231575,0.012896581711753183
226,0.021090515148067885,0.9201848584624972,0.0023245034709359342,0.006383359015557725,0.050016763902941234
227,0.028549307580741777,0.7906714214670809,0.003810781488743534,0.006758598162400308,0.17020989130103348
228,0.06043213663799511,0.8151077902045081,0.0028100629816143422,0.0029058980988766643,0.11874411207700587
229,0.026868425395343457,0.933096619110741,0.0015211391645842923,0.001658345312004507,0.036855471017326544
230,0.01214698021495251,0.9723984881542411,0.0013119220983460068,0.0007364370397510537,0.013406172492709223
231,0.044997553686234135,0.8534698466977191,0.0012891813079273522,0.003938630776572181,0.09630478753154728
232,0.011265615313687185,0.9761163226102434,0.0019222619626340935,0.0008966013093308668,0.009799198804104473
233,0.004648966653643196,0.9725028324987349,0.01603617459451571,0.000539208578516766,0.006272817674589394
234,0.02204134474466047,0.9479655972301619,0.007386273572536056,0.002115341041323207,0.020491443411318283
235,0.011723661413863455,0.9714568672928041,0.0015816517943752775,0.0031731530887716907,0.012064666410185344
236,0.03828751317486147,0.9300490615673435,0.0017748436006152755,0.00408950613280972,0.0257990755243703
237,0.011501701590894385,0.9764115544308332,0.002783784521313255,0.0010481280733665723,0.00825483138359267
238,0.012623548035737222,0.9660827098378438,0.006446502248444068,0.0014050860577199899,0.013442153820255022
239,0.016336185413716765,0.9713819688600625,0.0009712289103256694,0.0023741216535743156,0.008936495162320606
240,0.009868719010186636,0.9578895424029903,0.01098185409796215,0.0019069633175257264,0.019352921171335108
241,0.0208881494107717,0.9475984892155618,0.008377174420987104,0.003170313130357448,0.01996587382232188
242,0.02082450878801626,0.9465664419023031,0.01313559841129243,0.0020840523499309396,0.017389398548457363
243,0.026444469687151216,0.9394033346224597,0.005892434696715326,0.0030145546952337703,0.025245206298440227
244,0.012832115697541677,0.943978954218361,0.023424345440126525,0.0012970771942146541,0.018467507449756417
245,0.021783564519236666,0.9606230443265918,0.003213545533973806,0.004225959815011243,0.010153885805186445
246,0.020905941019439673,0.9587045018532347,0.002186073348681939,0.005235139912159822,0.012968343866483758
247,0.017498062451671976,0.9649126856617791,0.009865799447041097,0.002311800720928536,0.0054116517185793574
248,0.02540719371236336,0.9470369939007219,0.013376599659677036,0.004396577630692266,0.009782635096545473
249,0.007577787457576629,0.9619289355179413,0.022781166728269592,0.0015129251422894012,0.006199185153923033
250,0.026065923587295595,0.9244176715046594,0.024593166255634596,0.0037342770632960284,0.021188961589114586
251,0.003960945992399313,0.959852835697053,0.028072103877114965,0.0010279603154933327,0.007086154117939415
252,0.004920992655585915,0.9774241263768003,0.006105901365492165,0.0025721714159839403,0.008976808186137521
253,0.012552654377588379,0.9328273715114739,0.04225179304022867,0.0015732816167566748,0.010794899453952332
254,0.002992992016499138,0.9670754565415783,0.02229847583057234,0.00045176176520699246,0.0071813138461431225
255,0.007676523158341804,0.9167385939121249,0.04414627749362624,0.0007683241739611997,0.030670281261945938
256,0.010742518512716223,0.9681203543409443,0.00836067068033228,0.0005762727805329186,0.012200183685474198
257,0.011760190684624623,0.9605064331879863,0.004916463297069584,0.0015435107714655328,0.02127340205885408
258,0.013213442494837153,0.968843492651936,0.007854395328809043,0.0005591939262624595,0.009529475598155542
259,0.005973527548535377,0.9482849428323986,0.039078839792118965,0.00016449664938200442,0.006498193177565054
260,0.004322541015846165,0.945631984947666,0.04431331533280752,0.000196528478365986,0.005535630225314429
261,0.004076141913145068,0.9546955204749311,0.03291146537866088,0.00033497250895388506,0.007981899724308869
262,0.02189477777077206,0.8874147202352523,0.04229079828856996,0.0015770392152563528,0.046822664490149574
263,0.01877684673238871,0.9527888332265152,0.014022834056629562,0.0007380992291459341,0.013673386755320562
264,0.007532855872778293,0.9745712729055319,0.008595431537977306,0.0002355349593017217,0.009064904724410622
265,0.005996962154769463,0.9204015637252112,0.06255460171196031,0.00022740686873527026,0.010819465539323751
266,0.01026470794790037,0.8907335206666392,0.07896261671441142,0.00035529812632457004,0.019683856544724446
267,0.018138538704891065,0.9620056877168388,0.00561385169851417,0.0018610740084333153,0.012380847871322698
268,0.008488247793258316,0.9699521449490368,0.009459284851084746,0.001226328046574084,0.010873994360045974
269,0.010032285881424078,0.9167471188855925,0.060683859601115525,0.0009916971252299245,0.01154503850663808
270,0.03701495701771053,0.9414530216184073,0.010093486272831256,0.002375510047836579,0.009063025043214247
271,0.02136350078680559,0.9280156739545309,0.027751838712750394,0.002180709819768565,0.020688276726144723
272,0.013927087355094552,0.9393129733860357,0.018608170706268835,0.003747562587623987,0.02440420596497686
273,0.011316675570783127,0.9443789024972212,0.007472062622268918,0.001314188130503122,0.0355181711792238
274,0.03421159830476333,0.8961117540785866,0.00285378822500889,0.00851439944620534,0.05830845994543599
275,0.025665205689671323,0.9180625610203609,0.0018035295966687777,0.0041685908768008696,0.05030011281649811
276,0.020020027258120424,0.8907077016454016,0.005485307732527251,0.0016469141610136948,0.08214004920293708
277,0.03544274003645211,0.8705779663279544,0.0025767336285361588,0.006325672672348963,0.08507688733470828
278,0.06640362203494433,0.7790893638303645,0.0016686625586740966,0.018866522784075215,0.1339718287919419
279,0.13672256590432055,0.6220052270200601,0.000502528253829223,0.03711751463518886,0.2036521641866014
280,0.024483911042536135,0.04148545847968749,0.003810045697002915,0.011775276088876133,0.9184453086918973
281,0.014650071381607233,0.01586522263557249,0.0001557593099521717,0.006838359856923823,0.9624905868159442
282,0.020090770468320474,0.008869505775565686,0.00011328428731481415,0.006472858954289403,0.9644535805145096
283,0.13049476195531873,0.01360958094188302,0.01596439805671393,0.022399539369352094,0.8175317196767322
284,0.027606159692836942,0.00622811726299391,0.00016568603837687282,0.003934137351711148,0.9620658996540811
285,0.07265673945488309,0.00622243353413206,0.00012504824222357028,0.011924747269754211,0.909071031499007
286,0.0984808780984757,0.008731459441309309,9.984700695540168e-05,0.018871660211168203,0.8738161552420914
287,0.10789003161305788,0.02169149966564092,0.0003358858337938071,0.02395124821368235,0.846131334673825
288,0.24935671468416054,0.08098924254196119,0.0015261771060371063,0.09381022215332599,0.5743176435145152
289,0.03916909353338522,0.0559112470092784,0.00042518781183486257,0.04099690164969128,0.8634975699958103
290,0.0690218620224581,0.18126973169572336,0.00294077404494696,0.05195693187227004,0.6948107003646016
291,0.14412879806667453,0.6313111209533789,0.000510131975748896,0.06521331063706683,0.1588366383671309
292,0.30924608270187265,0.38423342313034575,0.00047417301805208266,0.22990832202937445,0.07613799912035508
293,0.15452991891215692,0.5066659367414202,0.0017365714165197192,0.16249974904924627,0.17456782388065692
294,0.10687527027205818,0.7557571521103561,0.0005432032573066627,0.10152413572540549,0.0353002386348736
295,0.07665545799082663,0.7258358320418208,0.001814531195380167,0.07700079011449738,0.11869338865747504
296,0.05830259972753136,0.744470116215455,0.0022176234313520202,0.053316252199870115,0.1416934084257915
297,0.12474107132736696,0.5236756826243011,0.006046408775534859,0.08639310146710875,0.25914373580568817
298,0.08314782526819914,0.8012260756886889,0.0023175092170897257,0.03857382121417337,0.07473476861184891
299,0.12175201553129927,0.6368229028866828,0.001915064275024387,0.06854145215305239,0.17096856515394124
300,0.38937945125832957,0.42592731984678356,0.0003510626907546503,0.10801055705553793,0.07633160914859442
301,0.19872648008831467,0.5908803266630077,0.00049456034052172,0.08278861020181819,0.12711002270633778
302,0.37486362553893426,0.4589061494297501,0.00024011236656756204,0.07185122202977944,0.09413889063496857
303,0.06190952127460535,0.9023531776863186,0.009374895363509167,0.008682540054703891,0.01767986562086297
304,0.15330981578352895,0.7516215338621782,0.0006212405605383616,0.06515562666466235,0.02929178312909217
305,0.07386425697978914,0.8515322706707694,0.0012369071231214457,0.04593769042140706,0.02742887480491273
306,0.031674591295681453,0.5181289248265377,0.013721441815082397,0.0027091884343741347,0.43376585362832426
307,0.05150048921092533,0.25735199324521835,0.0016742261458609136,0.006749853186080649,0.6827234382119148
308,0.4413652899444989,0.2701951631094023,0.0008020669604424826,0.019146822009532563,0.26849065797612376
309,0.12747282880294283,0.8145454853163545,0.0007126302333616512,0.005655103403118609,0.051613952244222244
310,0.15718704262112365,0.6436510423975248,0.0023370496669970903,0.005786361949405805,0.19103850336494863
311,0.09001759101158893,0.8492405814373262,0.0007991690262479667,0.005838684576286452,0.05410397394855056
312,0.02631288048632971,0.9375972904165606,0.0029978234809425897,0.0019532931795880806,0.031138712436578852
313,0.1350451654614974,0.7951681572380903,0.001011120442420675,0.010162304090927492,0.05861325276706413
314,0.04513952487378099,0.8841009174314314,0.002049822880023763,0.0035199471782396056,0.0651897876365244
315,0.034105601296355696,0.9401821929199856,0.0008550767615475156,0.003540066030132114,0.021317062991979028
316,0.03267732552736254,0.9184953258469727,0.0041643703375439526,0.002100588234774639,0.0425623900533461
317,0.03481742509906752,0.9452678911117001,0.001335140052562125,0.0032186769268595103,0.015360866809810933
318,0.029988206450895144,0.9047512330181506,0.002560831928305455,0.005586388122933007,0.0571133404797158
319,0.021343016652733922,0.12230486924386624,0.012936455172648733,0.00229505118959103,0.8411206077411602
320,0.3964004016856953,0.21309889504305699,0.0006811140705573624,0.011906820579850584,0.37791276862083983
321,0.1167954011665204,0.7647305612334513,0.0018375921340648034,0.00267579875922947,0.11396064670673411
322,0.0992600528333153,0.758660828347861,0.0009770125200461745,0.00545359631633147,0.13564850998244612
323,0.053842715735676755,0.8594791557296154,0.0014079324921870131,0.009409683254087477,0.0758605127884334
324,0.09427357258634973,0.8282210362953047,0.000618019621499396,0.034628197731753456,0.042259173765092646
325,0.04295492018627018,0.21335495741708335,0.07058194424901315,0.011136196032007623,0.6619719821156257
326,0.03017054984488925,0.09377891363766065,0.0004634120320534071,0.0035334798841976547,0.8720536446011989
327,0.29468004120767594,0.2679385623391277,0.000735946203921985,0.019610304130540174,0.41703514611873416
328,0.16675316205947682,0.4633361748228583,0.0009658837027091134,0.011472702132553376,0.35747207728240216
329,0.3082328064598465,0.4608144904447242,0.0003911875629326033,0.03457182313883768,0.19598969239365882
330,0.20130980734303294,0.6020278623648448,0.0007265780796325433,0.0683004006103801,0.12763535160210956
331,0.23564878480173904,0.47046779747560175,0.0004115451174893713,0.21688483198388087,0.076587040621289
332,0.06859681404226146,0.7774158783377264,0.0006357435645900821,0.07998367350858804,0.07336789054683404
333,0.1502953842874462,0.5286718751241238,0.0006069610500944168,0.19130329413257288,0.1291224854057626
334,0.2656624422948961,0.3009540113571328,0.0003729691843401142,0.28068874195144033,0.15232183521219056
335,0.19418546496942124,0.423742879170576,0.00047352132129929107,0.1402481312240641,0.2413500033146394
336,0.2850504086139624,0.5321007752785152,0.0004072459008882269,0.06547103307685849,0.11697053712977581
337,0.17271730687271353,0.6488583924711928,0.0005188578030087313,0.027270829616247907,0.15063461323683722
338,0.23960793858222945,0.5598156623584524,0.00043015480254073415,0.033801318350553465,0.1663449259062241
339,0.07457603028285069,0.8582458967265509,0.0008452788935643695,0.010021781589198196,0.056311012507835954
340,0.05298882548275248,0.8983986021997903,0.0029574200928373525,0.009657430746756106,0.03599772147786378
341,0.045085867874585524,0.9051203877340114,0.003066846412149175,0.021717655817043033,0.02500924216221096
342,0.06383949053350788,0.835044670563072,0.0007871571530654602,0.06414935768609245,0.036179324064262185
343,0.1416725523637576,0.7252361402110317,0.0006431143900498462,0.065053102117231,0.06739509091792993
344,0.13419493414200057,0.6139726204677182,0.0006963855538259966,0.046421977444709,0.20471408239174615
345,0.3551351585372116,0.46668192909979467,0.00041008668489136665,0.07327281637610927,0.10450000930199299
346,0.09208804849390029,0.8653345753681773,0.0006785726196488475,0.02073363499943919,0.021165168518834366
347,0.22282234038324222,0.30304168018732275,0.00032095719672870827,0.17427473769463028,0.29954028453807596
348,0.15636694696832623,0.6298408286033271,0.00042474345007134553,0.1476365804359314,0.06573090054234382
349,0.13990886836560515,0.5922859747299395,0.0003526766455053166,0.24430166562999597,0.023150814628954148
350,0.21266529533121725,0.3622607818083013,0.0007550112618047017,0.29809361158695347,0.12622530001172333
351,0.1915231085889984,0.37093570350908295,0.0006061244278570178,0.3484930467432885,0.08844201673077312
352,0.07366534893190622,0.7562372394456877,0.0006312963216149574,0.13206877628025387,0.037397339020537365
353,0.21702256469962683,0.3698629736551879,0.0006485373936328838,0.24446053663402345,0.16800538761752895
354,0.23099327993549362,0.4512820079391507,0.00028137689809070343,0.25038988123700934,0.06705345399025561
355,0.33567348751471543,0.2917093393820256,0.0003576076529173195,0.21865088541908814,0.1536086800312536
356,0.24098977118798268,0.6131304586646045,0.0002656904602428903,0.1019542516151142,0.04365982807205573
357,0.20221956110701353,0.6738750249554788,0.00019679002180751428,0.0561033161626664,0.06760530775303387
358,0.1158512972364222,0.8225815646945512,0.0001943116581201666,0.041829059003526,0.019543767407380144
359,0.04031160980005911,0.9204455103258907,0.00046647593325753743,0.013169037859638355,0.025607366081154187
360,0.029396836868306343,0.943403921553616,0.0005559741541238285,0.017798330374466924,0.0088449370494869
361,0.13420569187344975,0.7432876275863437,0.0007039943147923638,0.05275611268747129,0.06904657353794297
362,0.09002278980695384,0.826388140157633,0.0006240479150891827,0.022677967583442888,0.06028705453688117
363,0.21557170410032528,0.6869628502090628,0.0007651231879678947,0.028512353172753448,0.06818796932989063
364,0.27720155087628295,0.5746901441412288,0.00042642736689686413,0.030204592209956235,0.11747728540563533
365,0.08956393472349507,0.19237403668764086,0.009599932741565563,0.01562516629434771,0.6928369295529508
366,0.4273054406036438,0.15474911449945677,0.00043645468859393775,0.07997497112064501,0.33753401908766045
367,0.19526966598076287,0.49946653080638864,0.0006584694978844609,0.05986729201373496,0.24473804170122915
368,0.10673596892044719,0.6148163105730327,0.0008269668670234701,0.03767915988930118,0.2399415937501955
369,0.07827977929976011,0.6757243073272015,0.0012358933269860184,0.040985420418445176,0.20377459962760733
370,0.0653509192332318,0.26138920143115657,0.0024214522864382856,0.06119049172988973,0.6096479353192836
371,0.02733058765627974,0.10623402474266676,0.006518230292342874,0.009466725515223292,0.8504504317934873
372,0.3356280181765792,0.13747031400532086,0.0005848839772482643,0.03135655932095261,0.49496022451989896
373,0.4142277854319669,0.26602645423168664,0.0017381262293749127,0.033196142747637956,0.2848114913593335
374,0.27017300376089487,0.43284121074664816,0.001714183418978871,0.05272578509068526,0.24254581698279296
375,0.1659557279992454,0.36820801313166657,0.0002675580115343209,0.39238618062362723,0.07318252023392649
376,0.11014995809317372,0.37227133426365333,0.0010038789218127487,0.41747430125245827,0.09910052746890192
377,0.11505241522722387,0.4624652516402143,0.0009410832740375339,0.3358779308101868,0.08566331904833738
