epoch,N1,N2,N3,R,W
0,0.00012763650072328319,1.674401212292341e-05,6.954380143445663e-10,9.231248613764506e-06,0.999846387543102
1,0.0032279737519363655,0.0002174559055768078,6.3417913824031465e-06,0.00029682565550469156,0.9962514028955997
2,0.0016967401653937854,0.00045615430228506304,3.272336137705455e-05,0.00014794992795305774,0.997666432242991
3,0.0016672246153405102,0.0004288861497414183,6.166272590575853e-06,0.00014627099880981943,0.9977514519635176
4,0.005629538119261461,0.0006982465062079681,4.388024966632058e-06,0.0003443755053738688,0.9933234518441901
5,0.0037691892288971296,0.0009863939452530379,5.389863321766817e-06,0.0004239244283427662,0.9948151025341853
6,0.019375341085510495,0.002304592345497095,8.398386792545343e-06,0.0012019143596837367,0.9771097538225161
7,0.01716270203732196,0.005627911247241683,5.064040720428502e-05,0.0009520680585534786,0.9762066782496787
8,0.01903277535550201,0.008334551162300799,5.72749071775724e-05,0.0014557094085754054,0.9711196891664442
9,0.1286393284487952,0.08483542558803304,0.00030324830797189814,0.023176877228376965,0.7630451204268229
10,0.06047619236793435,0.14313819059842736,0.003783391649052062,0.012426049388570223,0.7801761759960161
11,0.07364785472985584,0.09301790617161325,0.0005809544810885779,0.06352089196551877,0.7692323926519236
12,0.038954120497940975,0.09094869916086963,0.0017297974655210732,0.04696968464282945,0.8213976982328389
13,0.017217219619158,0.024195228612214417,0.0004241840347517153,0.014715853625765782,0.94344751410811
14,0.028292008507315374,0.008851376478786437,4.238134498822123e-05,0.01356603421357076,0.9492481994553392
15,0.07346859747662556,0.011682716678144299,6.224662992142543e-05,0.012913075823528916,0.9018733633917798
16,0.11424092879695939,0.009557268456771675,4.494790017524329e-05,0.008248328684216006,0.8679085261618777
17,0.021676405230421032,0.009306981194245242,2.877956488410462e-05,0.004120811409141008,0.9648670226013085
18,0.3051344873282077,0.05139567358875436,8.151844758239527e-05,0.05062868124318313,0.5927596393922724
19,0.05736705493612283,0.00956045142334386,2.644876560029077e-05,0.011181087730582946,0.9218649571443501
20,0.16163631709509532,0.056250917579880086,0.0002543197382904114,0.030131421674289723,0.7517270239124444
21,0.30504134153234364,0.0931519869085712,0.001377678505948172,0.03728915402089315,0.5631398390322438
22,0.604198749323221,0.15734513130820774,0.00030977801204640784,0.020795590697678574,0.21735075065884624
23,0.3288412129160418,0.5731417863858262,0.012875339239255386,0.003294370205660555,0.0818472912532162
24,0.1925851807334126,0.7439965384202597,0.0047263520217666844,0.0019663387881018205,0.05672559003645924
25,0.07658749491548784,0.6294306742650722,0.22289293572472824,0.00019490500247047686,0.07089399009224118
26,0.030670605023103675,0.6047223968668601,0.31707409544935244,0.0004661400531384646,0.04706676260754524
27,0.06846997829627542,0.6638307368092783,0.22886307640417602,0.0006047722694586049,0.038231436220811654
28,0.0461016913155276,0.7328798098028154,0.1960576647785145,0.0013934439672157334,0.023567390135926812
29,0.015746481244456483,0.6563130754634656,0.3093799493586932,0.0006788338563913256,0.01788166007699353
30,0.016175859526214472,0.6456540412353359,0.3129990994912436,0.000307778217746683,0.024863221529459523
31,0.013771612793607602,0.650909420275579,0.31981241291538315,0.0002841132495396137,0.015222440765890709
32,0.006215795803706838,0.3151260823938467,0.6640065697854088,0.00021426061719874068,0.014437291399838764
33,0.007728791964907284,0.3756587821288704,0.5994352233633968,0.0004113841767536972,0.01676581836607184
34,0.0062764645985691325,0.437935019634837,0.5447516025476865,0.0003299927017168716,0.010706920517190572
35,0.007886613171940678,0.4319709903585491,0.5482071237381235,0.00035054188928155915,0.01158473084210519
36,0.0033806863930832902,0.3092895074328611,0.6799346322804142,0.00015528414820038057,0.00723988974544111
37,0.003962714913778774,0.36469993990347227,0.6173306248526044,0.0001456582962202217,0.013861062033924383
38,0.0026803068034963995,0.15655423330052534,0.8340694383759213,0.00010476373570407619,0.006591257784353087
39,0.0028951291569072417,0.23872246633839378,0.7490719381838963,9.395825315011952e-05,0.009216508067652621
40,0.0021490597561731324,0.24366378353816998,0.7383112994211033,0.00010726245341657919,0.01576859483113701
41,0.0019607224975391733,0.2024564663951844,0.7878228513389285,9.727123728456984e-05,0.007662688531063438
42,0.0023682610342640434,0.17407890112544303,0.8163825806798071,6.625396083732278e-05,0.00710400319964862
43,0.00308797435195017,0.14094909936027394,0.8485181584377434,9.312963317201228e-05,0.0073516382168604885
44,0.003130661164634037,0.16822048944147602,0.823196479577164,0.00012811936374926923,0.005324250452976544
45,0.0019307864156130733,0.12135257319011111,0.8720077983934734,8.377164394164642e-05,0.004625070356860754
46,0.0030136158741240625,0.17697511491217302,0.814345084757553,9.926542254722234e-05,0.005566919033602787
47,0.003358204959190038,0.18930831118533253,0.8027045075839824,9.366801425708364e-05,0.004535308257237726
48,0.0019366879048614487,0.08448701914815247,0.9078368947024977,5.6632725877331654e-05,0.005682765518611121
49,0.0018235190232334041,0.09324093056018663,0.9017854395755981,4.706869176198111e-05,0.0031030421492198794
50,0.0010912437499308307,0.07322890173389483,0.9237426376070909,2.1402083941964978e-05,0.0019158148251417334
51,0.0029154408764762167,0.20532782748720826,0.7860470998570502,8.756526622623717e-05,0.005622066513038883
52,0.0007362885988417885,0.057689631430946714,0.9399474933088984,3.782938712056987e-05,0.0015887572741924306
53,0.002027156413665157,0.12658480438024372,0.8682028216150675,4.782343645816856e-05,0.0031373941545657434
54,0.0008819493664452944,0.08490461336733289,0.912308671391231,2.6522020468906122e-05,0.0018782438545220273
55,0.0009703622439343633,0.09767789277493126,0.8964677820228885,2.9385939894974236e-05,0.004854577018350949
56,0.0004503175262499526,0.05521878339827998,0.9428709554520602,1.1192594584710257e-05,0.0014487510288252118
57,0.0006083599568626767,0.035201644914017845,0.9617181981860228,1.5193027229243435e-05,0.0024566039158675475
58,0.0007263952521466257,0.037339667429819964,0.9592002943440696,1.0493962661448068e-05,0.002723149011302455
59,0.0005606994994771134,0.047165518844725696,0.9500484824961674,1.23442128161756e-05,0.002212954946813691
60,0.0024203921650106184,0.2073901344711568,0.7777091915129151,5.0034971842828464e-05,0.012430246879074692
61,0.0015103793900926193,0.10875761268692873,0.8825697817864637,3.439273410197085e-05,0.0071278334024130465
62,0.00197805449631172,0.15981993133495048,0.8317510726852502,5.739649838062725e-05,0.006393544985107056
63,0.0005815868998888624,0.044838805798054215,0.9522049721670071,1.3915636107519546e-05,0.002360719498942337
64,0.0012589506277237092,0.06471174252182775,0.9287883901330153,4.138276564087622e-05,0.005199533951792524
65,0.00146274693733743,0.07467692476887997,0.9205114314686733,5.7664766926391916e-05,0.0032912320581829214
66,0.0022966417285751645,0.13398377886096807,0.85797803075969,9.254359052732631e-05,0.0056490050602392506
67,0.0008900552801999817,0.11037946860163704,0.8847963368113599,5.2379319321045396e-05,0.003881759987482034
68,0.0008113745870475905,0.07903655851031731,0.9170983073264122,3.0922737301956996e-05,0.0030228368389211137
69,0.0037684115209778097,0.23326269240123287,0.7533673535642657,0.00010725385407406466,0.009494288659449589
70,0.0004941652558576769,0.04419911272012239,0.9534594539179648,1.81322842755862e-05,0.0018291358217794886
71,0.0022776125659389303,0.08936180862272441,0.8979783090016433,7.378517948637532e-05,0.010308484630206923
72,0.0005379054141053327,0.043847779191626746,0.952649062345129,3.358465380574023e-05,0.002931668395333085
73,0.0020181931529477115,0.10951068119410452,0.8745411690066117,9.215220420118615e-05,0.01383780444213506
74,0.000339161706520075,0.026272943400308463,0.9717740827390823,1.207921793733766e-05,0.001601732936151976
75,0.002199447652046111,0.10801472410814236,0.8845825442808544,9.183521608217727e-05,0.005111448742874948
76,0.0012117597129264353,0.12321815385099001,0.8678598433197469,8.862530620898966e-05,0.0076216178101279125
77,0.0014783135797151626,0.047476196784358896,0.9232785411839605,9.370526864685873e-05,0.0276732431833188
78,0.006271705528597419,0.10356858979168222,0.8639428674503318,0.000107109743870462,0.026109727485518194
79,0.016505166237390987,0.23050589073854755,0.6756079518252263,0.0006637856838460429,0.07671720551498905
80,0.03171920669989408,0.3308445707141389,0.4145810501975982,0.0016348874466897414,0.22122028494167906
81,0.014024738807943362,0.4321458378559503,0.4863881346855342,0.0008111172146400844,0.06663017143593203
82,0.009102749653718097,0.23831455573650484,0.7128851742786108,0.00042943273896070176,0.03926808759220575
83,0.027185856938861146,0.5741299634207295,0.1220130771814105,0.002084916578298368,0.27458618588070044
84,0.02143487058574593,0.3685545290597963,0.4331269479419775,0.002469541717325785,0.17441411069515458
85,0.0882551102001074,0.38296912306744685,0.045098878826344085,0.0013338538774372742,0.48234303402866424
86,0.37898796147886826,0.3877695058882399,0.0009390614988944386,0.0014150422407958393,0.2308884288932015
87,0.39324779725015924,0.2818925706654426,0.007786018147753104,0.004608088153990317,0.3124655257826547
88,0.16657755306750355,0.458988183051338,0.30729695433477483,0.0009118282261593692,0.06622548132022438
89,0.10522699736637928,0.7049317390221927,0.13584729309924148,0.0014917909774490865,0.052502179534737244
90,0.03690504000163855,0.3845574970405774,0.5508644117021512,0.0009926189448353053,0.026680432310797624
91,0.00814000453581072,0.17168124835233245,0.8117064137726345,0.0003348930120010491,0.008137440327221378
92,0.007785133853016347,0.26990893754074347,0.7089964559100949,0.0001892321756103384,0.013120240520534903
93,0.004889393598237328,0.21424811963793303,0.7743583599646758,0.00010062487569025313,0.006403501923463635
94,0.009399948894547249,0.2666154013818352,0.707702389237367,0.0002390693208811727,0.016043191165369404
95,0.002606742379710811,0.12383802371629798,0.8686704252299281,9.852750468748074e-05,0.004786281169375616
96,0.006455877061867031,0.24005930866946687,0.7440047952147127,0.0002186300676847733,0.009261388986268524
97,0.006973817346051176,0.22743445006792795,0.7556414552394173,0.0002261535133843139,0.009724123833219247
98,0.002752116459134005,0.20013732396352701,0.7924051675261963,0.0001278514261824135,0.004577540624960145
99,0.004428404466483217,0.22217590010079977,0.765053232663629,0.00014477530456610946,0.008197687464521831
100,0.0024428078721271144,0.22482453760992538,0.7663947050197862,0.00010603175151443303,0.006231917746646809
101,0.003830531458369386,0.1474431984896384,0.8407819985534429,0.00017605648083574533,0.007768215017713403
102,0.002249252877017965,0.16625963728169352,0.826563589939687,0.0001098302802121815,0.004817689621389259
103,0.0024786237505535495,0.10479036748641297,0.8873268755874162,0.00013349267403209365,0.005270640501585211
104,0.0010466668307778024,0.04799417782766707,0.9408903013767966,0.0001809811674558753,0.00988787279730251
105,0.005487314757966475,0.21980864324982885,0.7590168601431784,0.00045090738007495584,0.015236274468951419
106,0.0030015389327434864,0.40010507805211865,0.587270369887091,0.0002739259445474156,0.009349087183499544
107,0.003442658057672101,0.18706348376088763,0.8052037782359057,0.0001404115842794976,0.00414966836125521
108,0.0037114508489439154,0.25906127328840056,0.7329253118666396,0.0001622009621495929,0.004139763033866388
109,0.009250095150038856,0.17777695437950244,0.8014356620226284,0.0003635216967203925,0.011173766751109947
110,0.02546882928931587,0.16185073635836048,0.7880399427685653,0.00044111252766094365,0.024199379056097498
111,0.06221053532076108,0.17854756912317526,0.7228525183994023,0.0009915391294389117,0.03539783802722235
112,0.03809590823122589,0.35986377043594037,0.5364935189341749,0.0006471037649774036,0.06489969863368156
113,0.009837077041741804,0.13736264661823497,0.8422795175236885,0.0002548199106136899,0.010265938905720888
114,0.03754274247613477,0.26537851475952784,0.6692775460754166,0.0006467945175313662,0.027154402171389452
115,0.018162953986739325,0.29856545594016104,0.6403771662743751,0.000349757440115163,0.04254466635860933
116,0.015366461719570925,0.07650454770063186,0.8839641830332916,0.0005180956409597887,0.0236467119055458
117,0.015692889663675328,0.08024964317375542,0.8747450282810494,0.00028485579985612386,0.029027583081663717
118,0.03576141581760052,0.15311097237247087,0.7821314814547302,0.0010198949878115822,0.027976235367386776
119,0.04150165251749637,0.14187606554385748,0.7397582012261981,0.001221832733193035,0.07564224797925488
120,0.01345319884075822,0.1451904142541674,0.7981607399362693,0.0020910142750487077,0.041104632693756325
121,0.0907030268564089,0.16586810511139705,0.5329956016167461,0.015544151494998597,0.1948891149204495
122,0.32983475212729013,0.04444591809747385,0.0017055803474932075,0.016259999797919724,0.607753749629823
123,0.17833791225403792,0.03769171759271465,0.00019267471598195663,0.02660733941825081,0.7571703560190147
124,0.1474079777723407,0.03813770702891662,0.00016090246964269817,0.0046525750296448985,0.809640837699455
125,0.022894424005234747,0.0031262858389082106,0.00010531400332248252,0.0007673379358506143,0.973106638216684
126,0.6609699189119352,0.07502232763948283,0.00033934587963155646,0.008547732863589744,0.2551206747053607
127,0.6785369017523251,0.1849342461377328,0.0022607366004355873,0.021008265364888052,0.11325985014461863
128,0.5595512084398441,0.19562437704111968,0.005046061679007983,0.03003276030617705,0.20974559253385128
129,0.11379419566773981,0.7389299180228439,0.03917367388209854,0.021585275969331547,0.0865169364579864
130,0.08472028075100167,0.5196891938997874,0.02863458113916886,0.013193212641174543,0.35376273156886734
131,0.006223219313373577,0.0029655132645739937,8.802231038950843e-05,0.0013160002613310977,0.9894072448503318
132,0.0021381100752836824,0.000866213604624747,0.00020317704057096583,0.00022986009517214891,0.9965626391843484
133,0.06108559881173475,0.0018884282866304537,6.946820406862867e-05,0.001602191694925634,0.9353543130026405
134,0.113846950345723,0.003893967034225911,8.884538306676697e-05,0.0009752511774144374,0.8811949860595699
135,0.08816014588749291,0.0070865212322053115,5.2434429177369146e-05,0.0015848055358208117,0.9031160929153036
136,0.4200772856363767,0.4334758505142562,0.02828302785370855,0.007814814120159785,0.11034902187549878
137,0.47359467574555203,0.17844423528450817,0.018321757926367834,0.01312574882023753,0.3165135822233342
138,0.07316312430969107,0.7803756498726687,0.06469811416142313,0.007028354313845001,0.07473475734237219
139,0.09461738230146846,0.7736536987103911,0.03024521179555131,0.017214726593925884,0.08426898059866324
140,0.10924038796123486,0.6715900779039654,0.02600757249373176,0.015995588048014993,0.17716637359305296
141,0.1464373418705974,0.6847444455325473,0.017758631358026234,0.021365351040639184,0.1296942301981898
142,0.055357006542796926,0.6654496820462412,0.12246854578762173,0.003135511469288708,0.15358925415405136
143,0.0021405237008939875,0.0007850409614917524,0.001063969634446307,0.00042160089394369473,0.9955888648092243
144,0.0043301117804705105,0.0012155885621962282,5.7397665510692697e-05,0.0008835838019102623,0.9935133181899122
145,0.005011529237304423,0.00029575408100698754,9.167364183059188e-06,0.0015402446795883184,0.9931433046379173
146,0.0018811355919057038,0.0001334221656202649,2.391837550584144e-06,0.0003089281368677991,0.9976741222680557
147,0.00022816420101265617,4.442241252118409e-05,3.2854897018957047e-06,5.8271711323958515e-05,0.9996658561854402
148,0.0006515259706535207,4.8623572852960406e-05,2.3587031690894098e-06,0.00010174095672374122,0.9991957507966008
149,0.0006458734912805736,0.00027589846859283723,5.3599731845571964e-05,2.876108328898415e-05,0.9989958672249921
150,0.0017851916810513657,0.0001608393346279119,5.875567684755809e-06,1.81089960400232e-05,0.998029984420596
151,0.004279705756877122,0.005580852276792744,4.3201424548365795e-09,0.0006988641781344959,0.9894405734680531
152,0.0023148529134617243,0.0023645641377111953,4.897301049916301e-05,0.00027001698712887407,0.995001592951199
153,0.0024066710624130586,0.0025435893885575973,0.00010752662142275084,0.0003254901493366463,0.9946167227782701
154,0.003671624163296423,0.000994024537081566,1.1965523979991366e-05,0.0012788230091797881,0.9940435627664622
155,0.003919685663734759,0.00035608640166861637,0.00013104610758400386,0.0005328702244423296,0.9950603116025702
156,0.0006513520260539343,0.00010051970418098542,1.5311792630472267e-05,0.0001400662167841857,0.9990927502603505
157,0.00048584365354245574,0.00013939310273344369,4.809756313568061e-06,6.728064733633179e-05,0.9993026728400742
158,0.00038937523606150814,9.223971997600835e-05,1.7445181136011096e-06,3.0345007204319943e-05,0.9994862955186447
159,0.0045873764311521,0.0008174627320382766,4.6019501816296735e-05,0.001098574380626952,0.9934505669543663
160,0.0004147382138789748,7.730256909014227e-05,3.062239876922419e-06,0.0001404852390115112,0.9993644117381425
161,0.002714529062061724,0.0007635755979838309,3.955210847361767e-05,0.0006854212520112508,0.9957969219794696
162,0.0015039192666210176,5.018658044018546e-05,8.157666063733019e-06,0.00010432993021382826,0.9983334065566614
163,0.02306646735220079,0.0005820474628820281,0.0006152848905923205,0.000867558043395584,0.9748686422509292
164,0.0036843542576045613,0.0003492502962614644,3.606940355948615e-05,0.00021230900645640742,0.9957180170361182
165,0.006222052217410735,0.0011075407268654905,0.0005764415554536066,0.00030621908219033374,0.9917877464180798
166,0.0007846357624265549,0.0002009763977219833,1.0415559940582873e-05,0.0006977137057242448,0.9983062585741868
167,0.0008321970669386572,0.00016729315648829257,8.662753382692385e-06,0.00018780926573269484,0.9988040377574575
168,0.008559910011166424,0.00020750366467611823,7.045879177417746e-06,0.0005423528064002527,0.9906831876385798
169,0.001601705873666269,7.145911327102031e-05,2.110897682928381e-05,0.00015211949046009152,0.9981536065457733
170,0.00031211584072283886,2.8433805600427506e-05,6.591123104060712e-05,8.198508207465902e-05,0.9995115540405615
171,0.0011028217004158498,0.00012347613024186248,3.6236140672819292e-06,0.00042294772239777047,0.9983471308328773
172,0.009154575224474467,0.00022538304334609937,3.940460902678843e-06,0.0005344881131544767,0.9900816131581222
173,0.0011550322386078072,0.0002785970581817065,2.1421049192787623e-06,0.0005743285953110026,0.9979899000029802
174,0.001769794160371529,0.000279413095642797,4.013695291830182e-06,0.0004853737999019344,0.9974614052487919
175,0.003917845796161324,0.0004894591763810527,1.3886962575875683e-06,0.0009374998378053496,0.9946538064933947
176,0.0025721705320611373,0.0006233252305231072,2.17946490904755e-06,0.000689408602259507,0.9961129161702472
177,0.002368704768418191,0.0005370621334260853,1.5327576706856212e-06,0.0019961019253449254,0.9950965984151402
178,0.0062765654052137,0.0022069104208344305,7.442840542119843e-05,0.003324143424774993,0.9881179523437558
179,0.006859217981205639,0.001558351225263011,5.830833820132963e-06,0.0028773948765489234,0.9886992050831624
180,0.12924707572830468,0.002710751906602661,1.1254509799065842e-05,0.00893354388954358,0.8590973739657499
181,0.08694008073674145,0.004894369762730507,2.42243944001824e-05,0.013455846444666955,0.8946854786614609
182,0.4795500426681734,0.03655106196155408,3.431807718857316e-05,0.05050252412675533,0.4333620531663286
183,0.31783691658258556,0.12921959066449945,0.000141519774643611,0.06783892602800899,0.48496304695026243
184,0.658119204851009,0.02697398015645394,3.867708492370299e-05,0.12986139288415824,0.18500674502345493
185,0.4318594768678224,0.2934395711188371,0.0002066337076612802,0.25844798423217874,0.016046334073500503
186,0.3862799723252727,0.1766423394418621,0.000212083278156085,0.4181959657933878,0.01866963916132136
187,0.14945316190173769,0.5249487234342644,0.0016355080409683443,0.314444931210144,0.009517675412885552
188,0.05707044611401709,0.6444049525191614,0.0005037700131819569,0.2915745786681026,0.006446252685536944
189,0.07651153718441157,0.8022304166085156,0.006613211374967881,0.10509995368880216,0.009544881143302906
190,0.044908674363674586,0.8607139979985414,0.008134323392177751,0.06633849786174899,0.019904506383857202
191,0.06124635619670277,0.6594208046239158,0.0011212532513204913,0.25710635328466314,0.021105232643397556
192,0.06053704877628014,0.42942571833542975,0.0005630711617759896,0.4805869390360666,0.02888722269044753
193,0.10588025042320863,0.1561654454818667,0.00012139366573441467,0.7111856791356704,0.026647231293519823
194,0.25646267370202613,0.07202942926229075,0.00011485442156080561,0.48738227095636116,0.18401077165776117
195,0.27783839676593364,0.02875735010185076,4.917031231221443e-05,0.2086111295898639,0.48474395323003944
196,0.5329982645112834,0.03672170604337505,0.00010595625113064502,0.11828221377860738,0.31189185941560355
197,0.726065084407423,0.05489234756745988,6.288932029298787e-05,0.17462636496866168,0.044353313736162345
198,0.5715834062021848,0.22352204520687938,0.0006128273816676459,0.18051621770581744,0.023765503503450646
199,0.13356559421313252,0.6686318189022377,0.005397769653635878,0.17306467642158904,0.019340140809404938
200,0.3832032372848065,0.18951703776974313,0.00018753909261358574,0.35511888793127466,0.07197329792156215
201,0.219459743902852,0.5589092929190196,0.0011896222630386432,0.19635871374421626,0.024082627170873512
202,0.16880829492169677,0.7725973679414684,0.0027801760642548264,0.04600882080846799,0.009805340264111723
203,0.03217918525772171,0.9071580967367556,0.04809854905710665,0.006163834437746345,0.006400334510669376
204,0.04253025204064438,0.9128086008857953,0.018601164957670037,0.021442546049675517,0.004617436066214736
205,0.05029570375004178,0.9154052838979471,0.00866465401177968,0.019626280160101033,0.006008078180130613
206,0.23730585375014737,0.7159831055620446,0.0014946779685171567,0.02326339365608871,0.021952969063202172
207,0.07988296565023324,0.8917482486469165,0.017943307580889904,0.004817304268588881,0.005608173853371836
208,0.030663332131510596,0.949955480098266,0.012343650330415559,0.002827478505073236,0.004210058934734473
209,0.032045357814602334,0.9524245744875475,0.008672039704179341,0.0019046064378833549,0.004953421555787558
210,0.05033189653237776,0.9208888843576588,0.011306448247462493,0.005157176840145584,0.012315594022355512
211,0.07764402864002805,0.9107636463749347,0.001542597588858898,0.0038517012816107455,0.00619802611456734
212,0.03483231171320078,0.9187853876269862,0.03002372381514648,0.002235020111495289,0.014123556733171247
213,0.09550312704845523,0.8776333005832645,0.003829259263438134,0.006468875153890462,0.016565437950951657
214,0.045250590010203616,0.9351605942136835,0.012889987605385634,0.003691961392332916,0.0030068667783942106
215,0.021449654614400494,0.9171589556112923,0.04789799353087035,0.002990660252856034,0.010502735990580677
216,0.027463740483536492,0.8994772907643472,0.056805241361310654,0.008033718998613175,0.008220008392192635
217,0.030958930132713426,0.9334689636199592,0.0049882115862381554,0.012759645220964518,0.017824249440124788
218,0.1465984780485792,0.8319433682314489,0.0010840409016680257,0.014085981482115269,0.006288131336188785
219,0.07379031158811528,0.8607298614082,0.027069688912307467,0.006527758832619416,0.031882379258757976
220,0.04604530705430362,0.9173408279882901,0.024317855492898777,0.0024456867847582886,0.009850322679749177
221,0.049741019803445904,0.9380518575346444,0.004754687562332083,0.0027041062724149946,0.004748328827162529
222,0.015058531411082642,0.8459301402127603,0.1281037643271653,0.002909654588307305,0.007997909460684459
223,0.03572296352138325,0.9222587799523667,0.02022439495115595,0.005466519931155856,0.016327341643938197
224,0.03106970826772896,0.9467168645200714,0.011956966700839825,0.0050056053180735595,0.0052508551932861315
225,0.03213762882524053,0.924069918431988,0.03131127452914111,0.005988053698813002,0.006493124514817462
226,0.03444824666827228,0.9016209526252793,0.04518599572684192,0.0036640184496322817,0.015080786529974232
227,0.06643937541829224,0.9094603110209226,0.008895225445761266,0.00807698620708544,0.007128101907938479
228,0.02710085676078808,0.9443578535835576,0.020004742749320525,0.0036663495709753175,0.004870197335358689
229,0.005585813425290113,0.6522057547255234,0.3372737327341512,0.0016459557819133274,0.0032887433331219044
230,0.0060592504268658885,0.7242932967386355,0.2638396143579212,0.0011547648838221907,0.004653073592755129
231,0.008516224247561419,0.7014952424544846,0.28300977869369043,0.0011217348988241626,0.005857019705439402
232,0.004453710714541119,0.4610814829610632,0.528659085307533,0.0014074969700503068,0.004398224046812341
233,0.008276663765864613,0.6520465478360385,0.333856429629966,0.0015542758520082822,0.0042660829161225225
234,0.009074763716297141,0.9721795407525051,0.013408172096527282,0.0016696062443581434,0.0036679171903123402
235,0.005272494950606142,0.394462459424781,0.5952488197523688,0.0010813398824171502,0.003934885989827008
236,0.018943453925947863,0.779195391676552,0.1895806356346304,0.0010191636069926235,0.011261355155876972
237,0.020813057422314218,0.9272822176177569,0.04477173647308856,0.0011870738536174379,0.005945914633222966
238,0.005666327337385632,0.7916728477670665,0.1992096066132411,0.0007473192159845054,0.002703899066322194
239,0.006940902309061715,0.4783921982145179,0.5097136935094525,0.0009998883832794633,0.0039533175836884
240,0.006374523800374741,0.5152739721032209,0.47357704858897115,0.0010556864726572628,0.003718769034775892
241,0.0077581561926979604,0.45377967486398824,0.5289950194181647,0.0022541409566172043,0.007213008568531859
242,0.011033719637446883,0.6223979679615206,0.3511931226941549,0.0028507538567240547,0.01252443585015363
243,0.009491898957362032,0.7000779711421865,0.2837355270192108,0.0034172749516529198,0.003277327929587867
244,0.022793211429075207,0.7653225465914927,0.20030372278609,0.0023586364501957105,0.009221882743146427
245,0.015160294440924219,0.9553644327995895,0.023830370897383154,0.0014600592415033458,0.004184842620599856
246,0.006096047146089725,0.5460050080997728,0.44458862685851674,0.0007864496913414768,0.002523868204279173
247,0.017340100372353454,0.6295901334398422,0.3481434808926472,0.0011979583345215503,0.003728326960635523
248,0.016689771844388013,0.9036195935598891,0.07243904694845436,0.0021170804185410117,0.0051345072287273235
249,0.008146941626503184,0.833234003060615,0.15404471679306,0.0014653361793660411,0.0031090023404558424
250,0.010083502813927826,0.6791882427928064,0.3016634021530731,0.002034651745311384,0.007030200494881463
251,0.016807123900044914,0.9264390093991051,0.0500592689461951,0.002455044248233532,0.0042395535064216104
252,0.007220991639008466,0.5450655374022487,0.4415270891975475,0.002047834891191933,0.004138546870003354
253,0.012594577949638024,0.7770206401583163,0.1937335876158427,0.004614572023465572,0.012036622252737402
254,0.01617918088069863,0.7229253460587282,0.23879498486105316,0.009226124259081233,0.012874363940438812
255,0.16789394393791177,0.7781686130485654,0.009137275977935962,0.02642003289476824,0.018380134140818634
256,0.020421935876781042,0.9237486754629521,0.04999164413770185,0.0023769543057074807,0.0034607902168574084
257,0.023907784974096128,0.8493727994581545,0.1187479962973529,0.004122086443896663,0.0038493328264998347
258,0.0243012774320156,0.8608695698071062,0.09751141443295631,0.0031958674868120614,0.014121870841109864
259,0.03774969994324753,0.9345965407880394,0.011605996134377582,0.011564130086484643,0.004483633047850902
260,0.027492160676753797,0.8030581120079364,0.1399108273997318,0.015886552787624488,0.01365234712795361
261,0.014483127471082997,0.8105086169010869,0.15875583858079514,0.00747530606630022,0.008777110980734842
262,0.01951440994874848,0.8772295104011282,0.08524986190732618,0.011596792078314287,0.006409425664482895
263,0.06192279705109143,0.8946056953822551,0.0075054689485701265,0.02397858351405345,0.011987455104029933
264,0.02115247412001708,0.8291641525377839,0.12242294990826272,0.01667970584569158,0.010580717588244809
265,0.05668073746136867,0.8444998511502393,0.02330477942374691,0.06486422474483805,0.010650407219807185
266,0.1906167951884271,0.7559232909494701,0.002101934254903803,0.03150032380551381,0.01985765580168528
267,0.018208120221026924,0.91121563245693,0.05991928869771089,0.006440876729722179,0.004216081894609768
268,0.046736713583502655,0.8942151851737362,0.03956354576747515,0.005298306957911535,0.014186248517374645
269,0.047051008761739344,0.9293595133442095,0.011969532287994808,0.0029505544716553964,0.008669391134401265
270,0.011929124113752108,0.935100050986481,0.04418717381464511,0.002787456918947656,0.005996194166174172
271,0.03368404232067966,0.9526210098813367,0.005164468758167465,0.0030243348099088705,0.00550614422990734
272,0.012283930476960168,0.8982813910051811,0.08466997139483579,0.001170054201389377,0.003594652921633434
273,0.009512783671871382,0.599556948730538,0.38300356245226524,0.0019639902121880437,0.005962714933137324
274,0.008104816066507934,0.6764108871074285,0.3044742392273878,0.002984686848586087,0.008025370750089649
275,0.03114941026015273,0.7418587045673767,0.1983098471393197,0.008247089183396292,0.02043494884975448
276,0.012865712635319161,0.7759852867780678,0.18492664078334312,0.0166942179735058,0.009528141829764084
277,0.005271921704937676,0.415949217210793,0.5639317631969242,0.01134043842594256,0.003506659461402572
278,0.07093678880571228,0.7999292472112852,0.017016597121061388,0.07491265590553556,0.03720471095640547
279,0.19345054478484452,0.49698744803647443,0.0018870453427229264,0.2887917374949059,0.018883224341052187
280,0.2831041649167334,0.4345049380659084,0.0008148708451937041,0.21830231760553678,0.06327370856662749
281,0.4012205712427931,0.285102770737361,0.00040188386696574617,0.26095699706560355,0.05231777708727679
282,0.4292255236971683,0.3494465903109385,0.0007086170991794558,0.17361449895050407,0.04700476994220966
283,0.11120359946851936,0.7883510241285815,0.0025431678649114257,0.08525993180907002,0.01264227672891785
284,0.29054374342771827,0.3465581953828709,0.001205006656518752,0.2853535851852392,0.076339469347653
285,0.28218354689692676,0.15943693023060881,0.00023266847769280022,0.532518915123495,0.025627939271276504
286,0.23611818632008985,0.2982678178465064,0.00033832795077574603,0.43069573625535995,0.034579931627268065
287,0.40538036430782937,0.28947846823516427,0.00024360523878228988,0.2685381253108806,0.0363594369073434
288,0.13786577549044376,0.6936757765644764,0.0009446018511298399,0.15225841809371773,0.015255428000232307
289,0.08796606087001971,0.08727033566428538,0.0029809665063894814,0.038920037047758885,0.7828625999115465
290,0.44654281842720933,0.22873281751678715,0.0004705878261493918,0.2930684844058998,0.031185291823954384
291,0.18499738562119042,0.6962452373065375,0.0031823579727009357,0.048892500119535824,0.06668251898003519
292,0.23996881112033644,0.7071694265212677,0.002751418409156938,0.014044445228175528,0.03606589872106344
293,0.11879843792279533,0.8121198333498711,0.019270706736224382,0.021238540498565085,0.028572481492544034
294,0.33992451784381367,0.5853245571210054,0.003573808810224168,0.04794410816427865,0.023233008060678306
295,0.07905738234469471,0.8764411639698859,0.023378779546574545,0.012897405609562979,0.008225268529282017
296,0.07484991809436488,0.8668752407382528,0.020742825016728486,0.021140322686116847,0.016391693464537088
297,0.06316935286379047,0.7790312041726263,0.07823463413608336,0.05614447683507587,0.02342033199242397
298,0.06247172533001229,0.7959855999558624,0.004082466897304964,0.129580030887553,0.007880176929267289
299,0.10303287975160247,0.7460792590075059,0.016381465996863884,0.11461165951987759,0.01989473572415024
300,0.04096903753852319,0.8727043945199338,0.019730495959040226,0.06052669732737015,0.006069374655132385
301,0.0940023268909558,0.7461931645017745,0.018949706532273777,0.13034033189179836,0.010514470183197313
302,0.04252713043896858,0.833615109750708,0.006556655590553792,0.09989600113427405,0.01740510308549566
303,0.07407524561039425,0.7546901948465645,0.0007808769143932258,0.15931677606392178,0.011136906564726283
304,0.08094685346218829,0.68440051014158,0.0006119571605801536,0.2202774992780063,0.013763179957645179
305,0.09431841026643042,0.1396314394335936,0.00018906025904261633,0.7495602728342452,0.01630081720668818
306,0.10729627097821713,0.0752996810522841,8.429346447008516e-05,0.7890639467814687,0.02825580772355988
307,0.08368113429148463,0.1931533395303757,0.0002925107067064839,0.7056829113440303,0.017190104127403023
308,0.11025061901771083,0.039813875734866944,7.53850346483381e-05,0.8372864512100782,0.012573669002695648
309,0.11999262144829544,0.051142035257438746,9.142413218945999e-05,0.7770791293944469,0.05169478976762946
310,0.09694022513326538,0.016613287122246773,3.977626246275554e-05,0.8769587890795014,0.009447922402523522
311,0.09891130695287575,0.03550416791023686,5.96154383228853e-05,0.8553285409656819,0.010196368732882558
312,0.09472263068144487,0.06173035920075588,5.215882608348202e-05,0.8270838721666548,0.016410979125060912
313,0.06934061592796596,0.04068067948133784,6.495634815971934e-05,0.8742294139783376,0.01568433426419888
314,0.06468886263450377,0.03173676090200147,4.583732803346956e-05,0.8861108355915662,0.017417703543894995
315,0.05889206862053539,0.04098866946264408,0.0001400431425064858,0.8633460324871941,0.03663318628711984
316,0.05852217935342741,0.02668000743682024,4.2832731692349124e-05,0.9083065731635013,0.006448407314558765
317,0.06013019331419332,0.010766152631287922,2.9774753922866902e-05,0.9221105245220004,0.0069633547785953815
318,0.036941078342876535,0.017952049877640208,4.517608283819149e-05,0.9405325760805613,0.004529119616083917
319,0.042654196632897164,0.02613177764283008,4.7131572761339455e-05,0.9273999708230153,0.0037669233284961788
320,0.04868745335416826,0.05854410940938322,7.635322298300383e-05,0.8712768488355994,0.021415235177866195
321,0.06104321132614017,0.016825192824651565,6.124910548130923e-05,0.9178347157972425,0.004235630946484431
322,0.07262301371835965,0.017335099722638383,5.031601491384436e-05,0.9063341763063787,0.0036573942377095526
323,0.06730416475929983,0.03241442984061339,4.5076775345679126e-05,0.8973598634845207,0.0028764651402205135
324,0.039158703871793085,0.019201772695354086,2.8523669086261156e-05,0.9382490131469714,0.00336198661679528
325,0.06769495714147593,0.04164004122585292,3.600123869002149e-05,0.8765200972525099,0.014108903141471325
326,0.06431776178224134,0.01381127360106357,2.3322140596168542e-05,0.9103738666808742,0.011473775795224805
327,0.07436779589486447,0.03204747667823655,3.4307377733319824e-05,0.889107519956478,0.0044429000926876116
328,0.06041437190838281,0.014409238387123264,3.1033957188082525e-05,0.9195446672776008,0.005600688469705051
329,0.04537464504127706,0.008951523149448028,2.4895637764551536e-05,0.9318498868031541,0.013799049368356188
330,0.03844697190541134,0.024472338062719364,4.50653151798057e-05,0.933144723084777,0.0038909016319126047
331,0.04615021487697406,0.02369811936486781,6.261063809434379e-05,0.9269647817131691,0.0031242734068947123
332,0.04319943627831286,0.047009678753112336,0.00011169754654207932,0.9039272922570538,0.005751895164979
333,0.03770418219618658,0.01196188754093343,4.169197591679721e-05,0.9451425311717645,0.005149707115198633
334,0.030667140863971383,0.029032564627746407,4.765708881346741e-05,0.935949637026994,0.004303000392474819
335,0.030349211127720717,0.02071044712687596,0.0002949324493746305,0.9441553893775841,0.004490019918444455
336,0.03810176407124515,0.01079368894242125,0.00019819106684275704,0.9450661737900483,0.005840182129442406
337,0.03755542288889336,0.016491050220330292,0.0007143135267002413,0.9352206108550775,0.010018602508998723
338,0.04340476536604192,0.025956741663560132,0.0008902102967394685,0.8928978661018598,0.036850416571798765
339,0.05303202938689484,0.029381616751828717,0.0009836031387286815,0.8055019525397281,0.11110079818281958
340,0.056398021087569555,0.027601677420075077,0.0006367481735524341,0.7983601550397769,0.117003398279026
341,0.06707542909107912,0.024061902166617393,0.00028339781104617706,0.8955007409036182,0.013078530027639161
342,0.07789065093420039,0.021285331989477865,0.0006780310574298441,0.8903088718962038,0.009837114122688003
343,0.04675042208447591,0.07936330948275414,0.0018873588817497828,0.8540554499594452,0.017943459591575086
344,0.036306712571516325,0.0508708584677146,0.003194092925035511,0.8805284861520396,0.02909984988369389
345,0.01602768815769413,0.017552945114087108,0.0004825718701033837,0.9629601325144813,0.0029766623436341595
346,0.013856084785680385,0.01723716145977415,0.0009309339930955678,0.9631508567104136,0.004824963051036363
347,0.017448106310723965,0.021309155618711332,0.00014977944761422095,0.958787541036729,0.0023054175862214895
348,0.029495776320774006,0.0879149379252077,0.00043877628122930903,0.8728628622974903,0.009287647175298777
349,0.022665670326871227,0.031510018810020655,0.000174483926342684,0.9431972992404415,0.002452527696323978
350,0.024977886403094323,0.03215209304964566,0.00022209637372790433,0.9389083464541375,0.0037395777193945973
351,0.03269399640828722,0.06861654549969046,0.00028762182414521285,0.8930120584418528,0.005389777826024154
352,0.026667350331101788,0.03713913484265137,6.604138306162848e-05,0.9326950332713912,0.003432440171793981
353,0.0313401078827832,0.01868721443201744,6.799251559380289e-05,0.9464530129026328,0.0034516722669725697
354,0.05022864355563695,0.04767033711917069,0.000269224720895217,0.8894803438727459,0.012351450731551245
355,0.037380821438270415,0.04882114882307157,0.00010342857065251497,0.9047922088323518,0.008902392335653708
356,0.047842224746428776,0.2440218220953113,0.0005519901387284068,0.6926605261251906,0.014923436894341035
357,0.1590665983810118,0.14329564590123534,0.0003868645973312079,0.5953176052810439,0.10193328583937773
358,0.0981704922652002,0.14169248977524532,0.00015504798437272364,0.7471824467220356,0.012799523253146095
359,0.06137755977916751,0.053873250378175135,0.00011750898037744805,0.874974396661111,0.009657284201168903
360,0.03991229749274126,0.04869757308343489,0.0001609561676620873,0.9008971787033028,0.010331994552858933
361,0.016865600652749908,0.018491289635067593,7.154436161571746e-05,0.9587123220419509,0.005859243308615729
362,0.03653171094686574,0.012847794089642336,3.8482903818191684e-05,0.939242389071293,0.011339622988380742
363,0.045141114081248164,0.054608635545104506,0.0010695965023371835,0.8588984991004865,0.04028215477082366
364,0.06736465429147206,0.029059423669865234,0.0006079790457493801,0.7804193706864332,0.12254857230647997
365,0.07914929522511477,0.018688904762041287,0.0002992138157070964,0.8900156728487478,0.011846913348388942
366,0.0993237265291936,0.026334531912501482,0.0004689909677713694,0.8634328535299138,0.010439897060619737
367,0.03721835038752537,0.013394056480586225,0.0002332312827688429,0.9420771566133789,0.007077205235740553
368,0.029035888337343146,0.014696110662928922,2.4838144368410583e-05,0.9533489660501754,0.0028941968051841758
369,0.03393480722456635,0.010531884957258432,2.1154040802178183e-05,0.9535141499509862,0.0019980038263869167
370,0.03946281372517329,0.0178046902569784,4.63501276773468e-05,0.9193098584561246,0.023376287434046183
371,0.08117004533033091,0.022663168712873077,6.049293531145117e-05,0.8930337186122096,0.0030725744092750355
372,0.06923825447416092,0.07899440275100815,7.287032293966271e-05,0.8478149668552735,0.003879505596617771
373,0.12723883442508566,0.03111480913106895,8.90940427989597e-05,0.8356737788316319,0.005883483569414755
374,0.04955078425976582,0.0737931408268462,8.978110893096923e-05,0.8728865446005003,0.0036797492039566874
