epoch,N1,N2,N3,R,W
0,0.26646620597698245,0.00161546522257979,4.9579418231140125e-06,0.0015457959127927556,0.7303675749458218
1,0.25466534024886306,0.0010129389155962665,3.959507352636735e-06,0.0021561664367892456,0.7421615948913988
2,0.2603137050577171,0.0006026468746666507,2.99182402112702e-06,0.0013740496877277463,0.7377066065558673
3,0.12023861589418741,0.0004106438034934682,1.977444321273928e-06,0.0014554553215731098,0.8778933075364247
4,0.13921967902862753,0.000622989397997015,7.92089430215118e-06,0.0006562447091027281,0.8594931659699706
5,0.10875710128122529,0.0026303731445702252,1.4144931663569847e-05,0.00044303417654148887,0.8881553464659994
6,0.17414876677507268,0.0018674046359132604,1.4157910736037597e-05,0.00251153110984421,0.8214581395684338
7,0.31416834429837326,0.0030282566431313993,4.240519031691512e-05,0.007426054162865624,0.6753349397053129
8,0.052249715639138196,0.0016869277601190163,9.682786129186775e-06,0.005972243458485269,0.9400814303561283
9,0.2585569130518187,0.00505618024424644,0.00015331064752570225,0.006467552600115311,0.7297660434562939
10,0.11958951234758773,0.0036883523533671916,0.00015457049639464043,0.003987084955473171,0.8725804798471772
11,0.04981999550894012,0.0007810623629436391,6.706117920426585e-06,0.0007495845272975163,0.9486426514828983
12,0.14685869096230214,0.0014775598136408895,9.426996090083169e-06,0.00048739271171250107,0.8511669295162544
13,0.41166051463688763,0.0008791404664408882,7.96141017581721e-06,0.0010065272684737548,0.5864458562180219
14,0.6208331453150236,0.0011086864895491861,4.143439928302845e-05,0.0008479477084061849,0.37716878608773796
15,0.42428697146760425,0.001995991269931173,0.00027328370024326846,0.0008984076688615521,0.5725453458933598
16,0.06854925427998285,0.0007707617360290352,5.6200995191692385e-05,0.00036852138238650204,0.9302552616064099
17,0.36494156297030383,0.002433156867337056,0.00039188574525482846,0.001114479482335068,0.6311189149347692
18,0.19902911390063335,0.0020143266888274845,0.0010437686702342232,0.001276437172252528,0.7966363535680525
19,0.2248514689904076,0.012649728000770624,0.0001846693886523384,0.0013554087149962597,0.7609587249051732
20,0.5662089074151596,0.009461462442026343,0.00036369595827724773,0.008250315874463867,0.4157156183100728
21,0.31537426036091654,0.013207205899425823,0.00029782633355079344,0.00582038807694976,0.665300319329157
22,0.22330752241401022,0.007491368869901707,0.000565731286537113,0.006078758935640976,0.7625566184939099
23,0.3375468355994355,0.061834953757558285,0.0003840711637794991,0.01155667510253406,0.5886774643766927
24,0.17531961884244282,0.008586173947364438,0.00025364567950236284,0.00305480139214123,0.8127857601385491
25,0.4222541491008231,0.02631812271739541,0.00016492103927199318,0.005591960162425938,0.5456708469800835
26,0.3126214066808587,0.020951702241737577,0.00015976952970041665,0.004833392387531668,0.6614337291601716
27,0.2784096181051104,0.06858565982502508,0.0001434719358169377,0.004069733963924709,0.6487915161701229
28,0.18314979726023106,0.06667993193263119,0.00015642570520584678,0.007679318019160705,0.742334527082771
29,0.06820178844261757,0.11229887941444011,0.0001553677476495522,0.011594104009602068,0.8077498603856906
30,0.10955738604483106,0.14946500525541637,0.0001357999479241448,0.004644842011581841,0.7361969667402466
31,0.20058212150116886,0.1527890247448912,0.00016306181292301345,0.016425410288495257,0.6300403816525217
32,0.1604649976969115,0.10576245336479331,0.00018796808462430065,0.008940317645349595,0.7246442632083213
33,0.3474296687729249,0.18734851550240314,0.00021084665382942283,0.011906441971174301,0.45310452709966825
34,0.12195363067940361,0.11957680205635646,0.00011163447851826636,0.003907693034206087,0.7544502397515156
35,0.2679026374709602,0.2363858177199231,0.0001472736901241637,0.017180233874386774,0.47838403724460576
36,0.13490354993305909,0.4458391876535027,0.0015118812485106126,0.008139530860158353,0.40960585030476926
37,0.12716013096759193,0.30117538083214396,0.0003868320455697804,0.0030569732141242523,0.5682206829405702
38,0.2650962234462513,0.21790538311088006,0.00021665046178517264,0.021372331675422865,0.49540941130566063
39,0.031099615209471288,0.2308672065656943,0.0012333485320035708,0.0011006209957739733,0.7356992086970569
40,0.09563808496376336,0.23198970029306792,0.0002706199396946926,0.001358773430014965,0.6707428213734592
41,0.29205195564911884,0.20161316109353755,0.00023093931870715034,0.0034246613538609382,0.5026792825847755
42,0.1986415975900608,0.2673819693719955,0.0003241842048589863,0.0024589347202625448,0.5311933141128221
43,0.3243604364058284,0.3226644260639125,0.0002926453892586341,0.0027236398962145756,0.3499588522447859
44,0.36632880869600365,0.3509578311912925,0.0014586066075889363,0.005463680938116011,0.2757910725669988
45,0.1806101722305274,0.404428126323622,0.00304373597575525,0.0015007925246733579,0.410417172945422
46,0.07625975890229522,0.7733598655559848,0.02318457897218382,0.0020883244937808867,0.12510747207575523
47,0.06749283650971928,0.2967332054703181,0.00359546008391661,0.0032143759216719807,0.628964122014374
48,0.05384452052642435,0.33416350999981553,0.006955146103717635,0.0013764634620273615,0.603660359908015
49,0.06402372249593037,0.2413081167441338,0.006564337065868734,0.0023014947399188795,0.6858023289541482
50,0.09089795577652918,0.4311363849717626,0.011772655938717437,0.002668674367880963,0.4635243289451098
51,0.2505629782274136,0.3645410445169561,0.006675069453612841,0.008563759016953847,0.3696571487850635
52,0.040205199716360815,0.16035522144124045,0.016463835412994645,0.0019242216986510025,0.781051521730753
53,0.02597788172519835,0.08456479905041146,0.005311104329954876,0.001705090275645356,0.8824411246187899
54,0.05142203350468628,0.2225249699839829,0.0137966219164279,0.0019539994763659854,0.7103023751185369
55,0.030962160246055283,0.08941452936167728,0.011685515888763131,0.0028042916417379176,0.8651335028617663
56,0.04288327105402404,0.011451889300015061,0.0001855028292169083,0.0007030939437683546,0.9447762428729756
57,0.6497615860026944,0.18210905094910812,0.001047382046874766,0.005166057008130164,0.16191592399319255
58,0.49104991309146434,0.4066223420682473,0.0010928082507641746,0.004718520077040552,0.09651641651248373
59,0.5843811005563294,0.31394755052936874,0.0009692511153976763,0.0038200796422030985,0.09688201815670136
60,0.2538519702647746,0.6378601459588542,0.004099270326156254,0.050230325323911175,0.05395828812630375
61,0.18628582089240656,0.6505859904320456,0.0029097670571717536,0.019195503202019324,0.14102291841635692
62,0.3279191847276842,0.46386320070316117,0.0025683563216135903,0.06629520021225697,0.13935405803528395
63,0.05224527214308258,0.9185330502556115,0.0061587828165811116,0.007633703107273639,0.015429191677451248
64,0.2377848910718572,0.5391785823856313,0.009652842171172628,0.03403108576570479,0.179352598605634
65,0.20853029158598438,0.5454643989041381,0.01311035883868451,0.07724133584117933,0.15565361483001364
66,0.22379402199001983,0.681595558374805,0.014832016672782106,0.02691570869527495,0.05286269426711812
67,0.08621544181518218,0.7845855062995882,0.07271919242185743,0.008505436495825582,0.04797442296754654
68,0.0537043743285696,0.5421567678334555,0.06896959204851141,0.023437994817373176,0.31173127097209036
69,0.035531459874989624,0.36756360995941934,0.18021257531835946,0.021025813778198184,0.3956665410690336
70,0.14837721871334258,0.22619029022118034,0.030816827178610975,0.04194204996657299,0.5526736139202931
71,0.2519369652213108,0.6347191814570918,0.019993116573123713,0.029414449116059106,0.06393628763241435
72,0.07737492728965725,0.8325813326728804,0.03232147302659699,0.003760874570709978,0.05396139244015556
73,0.1928886006539719,0.5403626418171754,0.009892808784776828,0.006410145806573676,0.25044580293750224
74,0.19596317766015972,0.31439317173885906,0.002060569642092642,0.0035353655843508498,0.48404771537453767
75,0.027471795362142958,0.8132479911226833,0.09143107893693303,0.0010769075428306142,0.06677222703540989
76,0.10447846578087257,0.6685334526512565,0.050209437267253895,0.0034229128601682333,0.17335573144044875
77,0.10659411327570391,0.8503779420626939,0.028459448688634943,0.0017174509714182635,0.012851045001549074
78,0.10541228033979436,0.777112960877147,0.05445042563800856,0.0031423803612445535,0.05988195278380547
79,0.04284058815465337,0.8691899049088909,0.06768230961492669,0.0005824504219323408,0.01970474689959658
80,0.02256790322456815,0.7830287102552532,0.16923446348220245,0.0011581486980317228,0.024010774339944307
81,0.05900822234302757,0.8460513460012742,0.0695460973855624,0.0034866605533601497,0.021907673716775725
82,0.029578636601635407,0.9139618157378183,0.04537063748862061,0.0023408957228580446,0.00874801444906785
83,0.006353613918850705,0.539881470228469,0.41993665926387963,0.0025374486790311133,0.03129080790976957
84,0.025150609936674895,0.7202812226539201,0.187995037908807,0.008225719738553437,0.05834740976204452
85,0.006418010321356251,0.4057223080475527,0.5443551959455417,0.002782399087553445,0.0407220865979959
86,0.25192125985408825,0.4578549056923579,0.06913033104363507,0.039116410702491604,0.18197709270742707
87,0.020499566399160344,0.8976621308645425,0.07243796319161515,0.0014637327707778835,0.007936606773903971
88,0.20067656467066555,0.7400811150606637,0.024931591806333055,0.010799868266238114,0.023510860196099652
89,0.24455648916294184,0.5897678018449697,0.0185755950991095,0.013469624793997149,0.13363048909898184
90,0.11567887772832608,0.7897130231871822,0.03230175764401586,0.002987897450519771,0.059318443989956164
91,0.1449965009958223,0.7696807637683516,0.026960984215761,0.0023079101257640995,0.056053840894301085
92,0.11522034375387857,0.7532430942739279,0.029094635679934505,0.0017272912769513002,0.1007146350153076
93,0.17840209971558274,0.7462907763394938,0.01661222173841242,0.004636019042500216,0.05405888316401076
94,0.022504113098489025,0.9126098936724784,0.05808814098406894,0.0004894277339875881,0.006308424510976054
95,0.016906373873780762,0.790916704104378,0.177072148898459,0.0004552405126365655,0.014649532610745671
96,0.020389641348002915,0.8235755548495247,0.12719593184459085,0.0007110569061953137,0.028127815051686298
97,0.05556343086586914,0.8009012663860304,0.08053661301012072,0.0021971551335352208,0.06080153460444438
98,0.03657935439748701,0.5029115692581105,0.31604952746077264,0.005921789715458034,0.13853775916817182
99,0.0023138891657351916,0.2677441986794181,0.7146768879706322,0.0003726446009619562,0.014892379583252338
100,0.01767285680902306,0.5443071520254634,0.16314525358959955,0.004512463832726556,0.2703622737431875
101,0.03710478644935642,0.5821939204841952,0.22704872709434806,0.015252147102037228,0.13840041887006319
102,0.11815860765428975,0.4283930253241263,0.11937976557794079,0.01865009262844211,0.31541850881520095
103,0.09942794584053041,0.7464410936395486,0.10689277626511628,0.009066747385307073,0.038171436869497595
104,0.008753958238907688,0.9096737366694531,0.0730593693076124,0.0010865485286439848,0.007426387255382819
105,0.013718363748816922,0.7361703615996709,0.24036008244276424,0.0005487790508543617,0.009202413157893505
106,0.012909836587906004,0.7765655303546277,0.19032173455329485,0.0018370259816322307,0.01836587252253935
107,0.0016101795865872974,0.7215352769765905,0.27242972983401603,0.0004031954679591393,0.004021618134847227
108,0.012150446209353192,0.4053373579834153,0.441045871042315,0.0017137971823390043,0.1397525275825776
109,0.0021031858403000214,0.6347150280968744,0.358323092261129,0.0006577041859661485,0.004200989615730456
110,0.002089365527438698,0.5380667070284086,0.4525173191867547,0.0008549293834620364,0.006471678873935926
111,0.0021213959187327317,0.1535322517781251,0.8366118852220149,0.00053206831034349,0.007202398770783625
112,0.001933100871766384,0.3643577329964469,0.6255113012180505,0.0015249225012480261,0.006672942412488061
113,0.009456779082875184,0.30795225511115465,0.6599654695595292,0.0021986311618873264,0.020426865084553603
114,0.0015245424662843807,0.32908271430442193,0.6650633108824688,0.00029745135391608454,0.004031980992908787
115,0.002428994485605418,0.35187816393788746,0.6385477290829918,0.00037916218609592936,0.006765950307419303
116,0.001289072912644757,0.11605381697048893,0.8789240289605416,0.0002671282373448817,0.003465952918979886
117,0.002259946944395936,0.343338723785668,0.6482573272922246,0.0007408497069815319,0.005403152270729798
118,0.0028421492246802167,0.2735948475731297,0.7191339667855516,0.0006445795173145814,0.003784456899323868
119,0.0033667493026745764,0.10630287530513731,0.8787543139854769,0.0005655887270873363,0.011010472679623856
120,0.006583594287836984,0.24245005902689118,0.7358766094716429,0.0014642109816463938,0.013625526231982587
121,0.0012625163786827989,0.262261795073518,0.7338995837557725,0.00036144329453314145,0.0022146614974935634
122,0.0012445999335889688,0.26620925535094114,0.7267363240194651,0.001031216623358324,0.004778604072646324
123,0.002588990495153179,0.41015206107523766,0.5784395569059136,0.0005986299980646214,0.008220761525630938
124,0.016710353762075955,0.808241567923582,0.15865359638911278,0.003330217499917273,0.013064264425311927
125,0.00839059701469796,0.853952829148622,0.1278138543271196,0.0022632691992614637,0.007579450310299101
126,0.005359280573368198,0.8432451151938027,0.1452710609417317,0.0007190334224259365,0.005405509868671303
127,0.0063364380472805066,0.7513144611856598,0.23580603863922758,0.0006947474249354993,0.0058483147028966075
128,0.10996441405733406,0.25608021106212353,0.007439202030316744,0.0048020499299647095,0.621714122920261
129,0.4369982162354175,0.45728223909014204,0.01337927233333528,0.027278369762894304,0.06506190257821098
130,0.09158406721583212,0.8481384765585537,0.028141538244363513,0.006008300852956134,0.026127617128294738
131,0.07553046030362838,0.8331156579310051,0.044723922596210976,0.004334319731746884,0.04229563943740888
132,0.05408425899258006,0.4657606857050058,0.10090689229405116,0.014245429008524234,0.36500273399983874
133,0.20481286310189606,0.3049406022891602,0.010149937936195043,0.08015143989967079,0.3999451567730779
134,0.11485402558559449,0.6310777936540314,0.01262511510195761,0.04233096651600841,0.19911209914240793
135,0.24381110922206345,0.4317315767661438,0.0060605331481900825,0.06526046718756799,0.25313631367603473
136,0.23163761916538286,0.48707118726187415,0.0030229863659970544,0.1518941836713798,0.12637402353536623
137,0.25722560274203654,0.1723450702490255,0.0005695117433850565,0.5306098628953384,0.03924995237021449
138,0.13380978327788437,0.8018310056772288,0.0036187270567343663,0.03977781576176689,0.020962668226385758
139,0.2984668067505506,0.512209926580489,0.005281615602971351,0.11739223882318586,0.06664941224280305
140,0.19674324140062255,0.6696939849684722,0.004591800708040893,0.0959574297978786,0.033013543124985764
141,0.09760413301953091,0.8581651386496411,0.002978018738192387,0.02846966609868474,0.01278304349395083
142,0.15498780406063478,0.6299342023859329,0.04625897207706994,0.06931484725619207,0.09950417422017035
143,0.3753758166356054,0.44476900115420304,0.008745399654225999,0.13783482450130738,0.03327495805465816
144,0.22638729159455412,0.7242799692762273,0.011351866814834443,0.0207509074281179,0.01722996488626623
145,0.14641890184817752,0.7993966954687979,0.022812468180973117,0.01804512717339967,0.01332680732865199
146,0.03547477549015819,0.8999499708191177,0.04094482258477657,0.008693821630239863,0.014936609475707567
147,0.04662733935803336,0.8242934977114639,0.04493309960964868,0.03763248846650351,0.046513574854350474
148,0.11030925080871339,0.7397218153624049,0.020620571751322057,0.07094656577288,0.058401796304679766
149,0.05580696624357815,0.7195469863268739,0.11108923773264988,0.05096132933122427,0.06259548036567392
150,0.3921667684283182,0.4046189057719735,0.023336467730144535,0.14457482370923277,0.03530303436033102
151,0.11852571783312497,0.7463371028437731,0.04150133653144769,0.0526480266262366,0.04098781616541768
152,0.18983641147693636,0.6669245467998888,0.012956047633915961,0.08211398756059425,0.04816900652866475
153,0.19500720989161954,0.7258668597918764,0.015820935078047407,0.03898152642343354,0.02432346881502316
154,0.10912495600756171,0.860745634602683,0.011036190243278777,0.012106114440776788,0.006987104705699685
155,0.18597509018355357,0.7329192570292887,0.02399047310275651,0.04389937524090601,0.013215804443495238
156,0.031027934356839676,0.879287535043556,0.06330783095840631,0.010174109484795876,0.016202590156402057
157,0.019941947351897558,0.8074012560803521,0.1263773650821761,0.009394437107733654,0.03688499437784062
158,0.04043300214862155,0.8517327237498981,0.05212365305079811,0.023958478538356073,0.03175214251232631
159,0.07442714910202759,0.871576969048191,0.028127816853169802,0.010738246816788108,0.015129818179823753
160,0.14626684312123964,0.8120117444658994,0.013229259677155977,0.015625640126824512,0.012866512608880548
161,0.25846024110833193,0.7027997877921479,0.004785930992684875,0.018565723395609714,0.015388316711225569
162,0.1508032315532235,0.8289441126826811,0.0030613686155067247,0.008342983211728898,0.008848303936859698
163,0.13874731068245147,0.8421237047651097,0.002221144268681236,0.006803345848636306,0.010104494435121052
164,0.03779650145931418,0.942690561415877,0.012490450220575454,0.001919074924856706,0.005103411979376672
165,0.045739392667507615,0.936772421239212,0.009171931613288688,0.002925778578662631,0.005390475901328845
166,0.03855746372659829,0.8469538196528599,0.08549434238667038,0.016614049483119016,0.01238032475075233
167,0.14939851430423606,0.7808469731000843,0.01466448952113882,0.049138961000682525,0.005951062073858357
168,0.08791813148660091,0.8519206021432898,0.01760111188726492,0.03418882201895851,0.00837133246388584
169,0.29710280950184476,0.6027534626118101,0.013221304964129562,0.06826037938273295,0.01866204353948256
170,0.10543159038237873,0.8379994617752119,0.007022523646707979,0.04350321519598411,0.006043208999717179
171,0.0401682358852093,0.9330756978098366,0.013854598507774039,0.008824074541452813,0.004077393255727184
172,0.038839037158394304,0.9360641647252397,0.016755300578236598,0.004698942641376605,0.0036425548967527026
173,0.030304536207121008,0.9177049374367268,0.037800925889813035,0.006054921374825533,0.008134679091513842
174,0.005141585816648664,0.9047208809116221,0.0829348382220349,0.0028296846352584017,0.004373010414436184
175,0.04496044496989015,0.9131081903291103,0.03372995661723138,0.005141310218544245,0.0030600978652241006
176,0.05531303194255826,0.8952954742933685,0.03517320666076469,0.009500155417813046,0.004718131685495333
177,0.09945530881767806,0.8254094188686697,0.031306358030005824,0.0152908370130802,0.028538077270566165
178,0.01651712395255802,0.9572318520562187,0.020304679487738186,0.0041984977486219,0.001747846754862997
179,0.04071012909793792,0.9181789880551955,0.01464741957982165,0.019390861121003338,0.007072602146041507
180,0.047255487592677385,0.9114207039865885,0.017036101127336,0.013873645801803938,0.010414061491594056
181,0.012626852538203875,0.9219133534383877,0.039468425505889755,0.016756172218064466,0.009235196299454374
182,0.07123955961825569,0.845600466124157,0.012502299273682406,0.05689677477830554,0.013760900205599468
183,0.032773343078161765,0.04203980872212136,0.0008488772574240237,0.003263451025627363,0.9210745199166653
184,0.6169514251690643,0.1147304767744207,0.0003688019168247202,0.05318073999588941,0.21476855614380086
185,0.5823265304450311,0.30604018335979133,0.0005963011950228229,0.020880831349835607,0.09015615365031909
186,0.6871675532754712,0.26131878929394403,0.0005677849153914149,0.02579125473022153,0.02515461778497199
187,0.30651945640855094,0.3196069100489749,0.00039489024487956265,0.3377070318830372,0.035771711414557476
188,0.19145057876850083,0.4307101356614429,0.00042256312522680835,0.36293235067745205,0.014484371767377394
189,0.13482884433510997,0.4795186997307255,0.0009784657418237801,0.361632750006129,0.023041240186211637
190,0.13150292476198203,0.4083823902043545,0.00046772723581177227,0.43679109525470655,0.022855862543145245
191,0.22644238564726366,0.310508610407498,0.000281090142569918,0.42973632055504457,0.03303159324762393
192,0.0994612246717832,0.6906908976668472,0.0007375427959248101,0.19732759077336756,0.01178274409207717
193,0.3413328365443778,0.43757311630731,0.0003821249537572644,0.17463591029749043,0.04607601189706452
194,0.24761647442103407,0.5901960022216707,0.0008842266038294922,0.13142134597045899,0.029881950783006823
195,0.4067432415716542,0.37815955126367456,0.0004942246353403453,0.19917728570316692,0.015425696826164013
196,0.04999988663627599,0.8234033701116055,0.09874527985949569,0.007525616185752995,0.02032584720687002
197,0.3654514363148286,0.5083607037647085,0.0041994067026301105,0.08475557326097301,0.03723287995685972
198,0.1673496957616124,0.7980298077732837,0.0062596748406267,0.014776324485907323,0.013584497138569854
199,0.08617662569068817,0.8869467852206545,0.007462764286075464,0.008967601046416567,0.010446223756165352
200,0.05497028410907579,0.9169232398600436,0.006876969958385311,0.016073718173039753,0.005155787899455395
201,0.05359800995066956,0.7682482871793485,0.0846730511041063,0.04987749642745336,0.043603155338422316
202,0.2534104412680902,0.650620459152006,0.006627865735646968,0.06971113899346534,0.01963009485079138
203,0.20079651629552606,0.5651517153091309,0.014502591592704079,0.1847755997957025,0.034773577006936576
204,0.31262561799672334,0.1480793731910651,0.000967689380561327,0.12560519630748626,0.4127221231241639
205,0.26474496272526704,0.5702670478803243,0.00032877253570410804,0.14371259059677857,0.020946626261926015
206,0.4136069959327818,0.4749427780111336,0.00016907595779284447,0.09729390026063786,0.013987249837653894
207,0.30826336396629234,0.6038155138616713,0.0005037096214377891,0.0591934860565419,0.028223926494056698
208,0.11851277537032773,0.8457137838375608,0.00048711378876642073,0.0271768878751542,0.008109439128190938
209,0.157469859474617,0.7929983336965266,0.00032537090618850917,0.04016129528000399,0.00904514064266377
210,0.05839752687351703,0.8965041712636017,0.02457720584932192,0.011277816670264135,0.009243279343295198
211,0.2979861954522951,0.5682913130320535,0.006352973026437325,0.03728106552333417,0.09008845296588006
212,0.2308408057619597,0.7313592809374994,0.003525283729178236,0.020925261823060835,0.013349367748301666
213,0.08428617900108742,0.8605326732041807,0.026910221380903848,0.018915549400240515,0.00935537701358783
214,0.13062065966047684,0.8322415070081832,0.015842047636592266,0.00879782972084737,0.012497955973900073
215,0.04541041141990537,0.8203023668325955,0.10444844762001039,0.017330071948861055,0.012508702178627778
216,0.20636003441415557,0.6862432317707735,0.028385851541783382,0.0478667081535374,0.03114417411974998
217,0.21941295517458761,0.6441362686761944,0.01299458232742949,0.10120167480508625,0.022254519016702015
218,0.16714099304674876,0.5149756406353427,0.007197287720554686,0.27532853413057023,0.035357544466783575
219,0.1617244525290118,0.737182043006949,0.007384042813335122,0.07025144378408964,0.023458017866614424
220,0.3274069939831212,0.5181094969363029,0.0015585162165072208,0.10925091748755676,0.04367407537651192
221,0.21915973277310533,0.7085273272004721,0.002824474377711823,0.058396434890272846,0.011092030758437869
222,0.14111560942121656,0.8332217982950267,0.0027026770882414308,0.012224483259114004,0.010735431936401217
223,0.1147761170255955,0.8518784905001824,0.00402876361798195,0.023342172635759502,0.005974456220480657
224,0.04536283458044584,0.9127710302057616,0.0022233955179202076,0.03660424019056028,0.0030384995053119998
225,0.030566196320840754,0.93024076765472,0.010747667846954622,0.023632637104098773,0.004812731073385925
226,0.046376969523633044,0.8649906956083073,0.009710190542012229,0.053030407546152736,0.025891736779894748
227,0.3221842339574967,0.5123167313233666,0.0006059691891305164,0.08303775855689077,0.08185530697311538
228,0.06932306231323143,0.8914190737598666,0.011006205493655968,0.020303356251868895,0.00794830218137717
229,0.2866038016364129,0.6497413976133614,0.0019697951556476375,0.05215756387967545,0.009527441714902628
230,0.027739954978236323,0.9403474053137211,0.013984035927072721,0.01397139396323193,0.003957209817737981
231,0.007390810197482638,0.9384035522383253,0.04660124294611945,0.004852093670049071,0.002752300948023602
232,0.036730817939180566,0.9463342582404879,0.004594885074432796,0.00994004696046861,0.002399991785430121
233,0.005845826109980841,0.9692894015752896,0.021307588169893116,0.00238671663720587,0.0011704675076304647
234,0.014257025162364018,0.9607909975320592,0.02098597742734346,0.001928782040796641,0.0020372178374367814
235,0.0058230896708885,0.9650029390915447,0.0251636462103352,0.000911775238895819,0.0030985497883358644
236,0.010677563330040503,0.8747055037840424,0.08946936405858455,0.002751682658133741,0.022395886169198746
237,0.04097620466790447,0.9269576983347196,0.025644925856483584,0.0027336182187614358,0.0036875529221309924
238,0.04927042421108847,0.9308073352624334,0.01447433766496604,0.003171113251536914,0.0022767896099749837
239,0.0278040197674639,0.8778623479475374,0.08110563057127315,0.009013407254917963,0.0042145944588077265
240,0.023574025462430922,0.9616377944079672,0.01021160153153953,0.002605017714009503,0.0019715608840530055
241,0.07349228953282605,0.8983756017627381,0.010629466047731588,0.008681968583736275,0.00882067407296813
242,0.004276586062686312,0.9635777018674823,0.027781699521299105,0.0019305155126824387,0.0024334970358501976
243,0.010322937013640905,0.782122437393518,0.193639629776171,0.00576502352204334,0.008149972294626499
244,0.04287579086894777,0.9007944049461963,0.03472366701861443,0.014122231209820707,0.007483905956420879
245,0.13012081927039468,0.8206538538464999,0.02658870423568794,0.01425370673530823,0.008382915912109356
246,0.01880879152674594,0.9320357139249361,0.040718986449233614,0.004690033606222364,0.003746474492861797
247,0.10716500193179562,0.8499030279710467,0.01326144610845533,0.02001033618092683,0.009660187807775457
248,0.025535421402776627,0.9492634887545027,0.01746736563411943,0.005168581086577442,0.0025651431220236514
249,0.017810596283433025,0.9171292890446342,0.05029855049960506,0.009471211030217,0.005290353142110553
250,0.017735571896602045,0.9470540004933625,0.026769965776965884,0.004997425919878481,0.003443035913191144
251,0.022403310801345017,0.9569905894800033,0.012399004255261711,0.004073714774767737,0.004133380688622249
252,0.07604208106624359,0.8574368285184648,0.020595690002626104,0.032208437667835134,0.01371696274483035
253,0.0019827941932632123,0.8893947048038827,0.10071651573512788,0.00606744709648279,0.0018385381712433672
254,0.013133087775752353,0.7389858029960344,0.061412060275638856,0.1750306312060332,0.011438417746541151
255,0.04202511476311962,0.638388557413352,0.05415667816064376,0.24241084108773125,0.023018808575153506
256,0.0846057226193489,0.3205785322635918,0.017569720319779224,0.5533924202776206,0.023853604519659427
257,0.04084013607201718,0.45440846926958306,0.020590471298940326,0.45808356601093025,0.0260773573485292
258,0.038859908382996675,0.016041461649307937,0.00018314494549311462,0.16301625351526844,0.781899231506934
259,0.5974903207578224,0.02898078948967957,0.00010898140000858366,0.15858107359525883,0.21483883475723045
260,0.73917649150901,0.026846365957799014,6.417238987938637e-05,0.07279259966672713,0.16112037047658448
261,0.2974469479483147,0.6218225437592529,0.0010170283075149314,0.0646119023305621,0.015101577654355316
262,0.23996439702329414,0.07819126651858055,0.00016015286480286953,0.663928664849062,0.01775551874426039
263,0.11625035659081363,0.2389880629688532,0.00030897564829455423,0.6182011909773507,0.026251413814687916
264,0.09672669889182857,0.3187811579912443,0.0012117314927227365,0.5601547183906123,0.023125693233592055
265,0.17030616091792242,0.20435266477510577,0.00015447838583825094,0.5960912106059901,0.029095485315143395
266,0.107256425478484,0.6380282768941653,0.0005187697382918239,0.24149721486254058,0.01269931302651834
267,0.15653327779007292,0.4158174960705539,0.000491130331252924,0.4142404496349937,0.012917646173126764
268,0.20597401693110617,0.21809118342298142,0.00011602915723133324,0.5604657524070517,0.015353018081629522
269,0.15261014226058128,0.30460443407595,0.0009150095369317396,0.5220429395289718,0.019827474597565124
270,0.18206023011532554,0.553083320863252,0.0008064528639092309,0.24030061016217982,0.023749385995333373
271,0.15841212822345108,0.41711181088551663,0.000988434793617549,0.40038615240866166,0.023101473688753125
272,0.14779252026944323,0.5349138638692562,0.000843989189827192,0.277383860042654,0.039065766628819394
273,0.12449158924644495,0.6918466761626592,0.001047960949657485,0.16081412750114724,0.021799646140091288
274,0.14184418570262164,0.6037356353220388,0.0007546975444647565,0.2325488666972419,0.021116614733633077
275,0.1846337059485849,0.6485887856123638,0.0010145237413897912,0.1484953476139762,0.017267637083685422
276,0.04263706728447643,0.8935236787605613,0.0057681684131380695,0.03613914086228779,0.02193194467953641
277,0.1895707161517211,0.43718883965595723,0.0007176120509273905,0.2736572562454675,0.09886557589592687
278,0.1602451232896559,0.7063871177991813,0.0007236383741977102,0.11372427338847722,0.01891984714848779
279,0.16665597989995595,0.6694822896521427,0.004123956437357967,0.12181223650636167,0.03792553750418188
280,0.38077719082402417,0.23918186061455735,0.00020653373946877697,0.3587585865572699,0.021075828264680012
281,0.10293272655387349,0.22187782357981656,0.014408436516314212,0.5485222008840339,0.11225881246596187
282,0.35721377094385154,0.20728637394317068,0.0025066756388513684,0.3126138815013371,0.12037929797278944
283,0.3725009426573655,0.3196305227840549,0.00328808989050715,0.12153556791889819,0.18304487674917433
284,0.5018001046222321,0.23920163246241435,0.0023588454528591786,0.14354347923694977,0.11309593822554453
285,0.09128306602020647,0.8365205337927408,0.03345499943225577,0.025119446219891213,0.013621954534905665
286,0.49868875968265863,0.3476901953952994,0.001452223977943503,0.06364541524761357,0.08852340569648481
287,0.10089220480705452,0.8203803043859605,0.04128169131034498,0.019979881348497548,0.017465918148142207
288,0.28666936798223913,0.4883022074525681,0.005932018167902994,0.13735029788701353,0.08174610851027653
289,0.4147646956738455,0.41541571461642246,0.0012237612103660222,0.1558167216388556,0.012779106860510375
290,0.08987368702829764,0.6909197277282842,0.01071790227391978,0.16945751443264148,0.03903116853685696
291,0.23953092965915287,0.4930128704827893,0.0006380043935625012,0.24721862772029457,0.01959956774420077
292,0.3093781517515498,0.4852362644839213,0.0009746978693142475,0.15298562243839578,0.05142526345681875
293,0.1646821515146148,0.7763335111901416,0.0010913334417431985,0.04216695251904129,0.01572605133445907
294,0.17929499039763186,0.7399558459479862,0.0006203508812198811,0.060381190335468675,0.019747622437693377
295,0.17946579131888593,0.6452230545851801,0.0009207352130317767,0.14987194762453496,0.024518471258367286
296,0.3096550539433281,0.46313341070026104,0.00022638757875669934,0.19646713182292863,0.030518015954725575
297,0.2715949264675234,0.288971510594754,0.0003928874730195023,0.3048865653845523,0.13415411008015077
298,0.10080936033234202,0.8139868246192976,0.004283987805118024,0.0611199170773279,0.019799910165914408
299,0.05089614280658469,0.15070855056801943,0.003211230556227056,0.013889829871877426,0.7812942461972913
300,0.09273911974106834,0.039076923631749194,0.00024995320155066686,0.024240887565184072,0.8436931158604478
301,0.5912809050041227,0.0664168924131768,0.00012881705747282978,0.058864734705362395,0.28330865081986517
302,0.6291118543284064,0.18848343309198143,0.0008142604945052804,0.046744384949041054,0.1348460671360657
303,0.5254175402746507,0.36062904096048976,0.000769957556832019,0.038032273330006264,0.07515118787802129
304,0.4906857240099171,0.314329591394646,0.0009743080077662289,0.13477936389245296,0.05923101269521771
305,0.28804291138611265,0.5096174031946117,0.0029844343661346202,0.12068377194920965,0.07867147910393134
306,0.15374759553344772,0.6221217769128515,0.03260807598791362,0.06134810647132427,0.13017444509446285
307,0.0806799507701307,0.24435130400643412,0.013333404287059763,0.6157825317736969,0.045852809162678435
308,0.043760419713866495,0.024890192310179637,0.00017077430279086877,0.9230156145282166,0.008162999144946451
309,0.05158955144299488,0.015308454683865836,0.00017024378251606192,0.9263112811502286,0.006620468940394623
310,0.04261736041712787,0.04554297328163961,0.0002051618322841096,0.8839279847000233,0.027706519768925127
311,0.03334709184958459,0.013289680074438742,3.8299860039640525e-05,0.9497214152506941,0.003603512965242815
312,0.03423602738211764,0.007343549615489018,3.9749070200380016e-05,0.9495195923154925,0.00886108161670036
313,0.038773696313856465,0.013463578808196099,3.464420568819184e-05,0.9437462245198357,0.003981856152423441
314,0.0471819764005982,0.04259912737590591,0.00010433289109087203,0.9049716285910915,0.00514293474131351
315,0.04859682858249949,0.024809267756468967,4.777970193928178e-05,0.914799334653612,0.011746789305480261
316,0.028518213852546482,0.01132615330667532,3.02859435789686e-05,0.9576342169793411,0.0024911299178579076
317,0.02101307451404779,0.016451954603054753,5.426580874915958e-05,0.9596106850107037,0.002870020063444564
318,0.03540430847085267,0.009655918521029844,5.7460318058346596e-05,0.9504731941290422,0.004409118561016778
319,0.010474470976804573,0.008529846917565191,4.7139333598100896e-05,0.9792948699327293,0.0016536728393028595
320,0.014700122812804018,0.017572808402231275,0.00012660015819136115,0.9623254269077448,0.005275041719028511
321,0.018406053990384804,0.017171268521820528,8.6543612435201e-05,0.9627035950900213,0.001632538785338146
322,0.019120114355476423,0.008660595184702665,8.440878234496875e-05,0.9702268612330534,0.0019080204444226645
323,0.019471374343438146,0.018893095740230636,0.00022199841644819884,0.9580902753718658,0.003323256128017199
324,0.021250174312180223,0.024700632758136463,0.00014059204054695562,0.9515482477727767,0.0023603531163597312
325,0.04742063428817432,0.05306401253509599,0.0008995847401662575,0.8923253080247446,0.0062904604118188155
326,0.11692849474112554,0.031197255039074417,0.00033225962883515865,0.8382016903738351,0.013340300217129833
327,0.0658440262132829,0.03520648765392741,0.0001979742986700469,0.8946220035841883,0.004129508249931417
328,0.050781060301818455,0.036942743524662536,0.0002877922580317859,0.9077634631362193,0.004224940779267904
329,0.06390320653551078,0.04099734143389241,0.00030736902168199576,0.8829026445733883,0.011889438435526324
330,0.05440861555424833,0.06347871448618042,0.00027060071108534633,0.8769677823602406,0.004874286888245358
331,0.16949003771624205,0.034036938351642634,0.00010550802099473097,0.7169804047078174,0.07938711120330318
332,0.2553759239950219,0.03781263062818829,7.626598829551251e-05,0.6235792491670414,0.08315593022145287
333,0.06119926010454643,0.03893684873345168,8.375055969354917e-05,0.8913336203584794,0.008446520243828947
334,0.0695226427951882,0.061127267345102335,0.00037013692751989175,0.8639087322465893,0.0050712206856002974
335,0.03558923945695078,0.04068652866159067,0.0001107966626122716,0.9194861182343471,0.0041273169844991235
336,0.07219736544815655,0.03299114432393681,0.0002668934366140176,0.8485299543079354,0.046014642483357224
337,0.04169653467549724,0.029305300554758388,0.00010085341988406276,0.9251631743405521,0.003734137009308329
338,0.0718488928564092,0.01964810477537005,0.00011534600650401928,0.8997358552120635,0.008651801149653124
339,0.08288534992908421,0.0153769325922165,5.273071665009002e-05,0.8756089004093557,0.026076086352693595
340,0.11207935199172349,0.010814620866596509,2.4879051665821083e-05,0.8153404111685281,0.06174073692148613
341,0.12688437835546726,0.009995815967025147,3.610835094845362e-05,0.8413445721493462,0.021739125177212944
342,0.09789932364413531,0.007237459565326661,0.00010489558906375847,0.8655434637756583,0.029214857425815862
343,0.1422549832408673,0.029128892252059144,0.00013945311055319962,0.7044778482922933,0.12399882310422713
344,0.3247714737774261,0.01269890214482101,0.00030246390437315297,0.47715591355317194,0.1850712466202077
345,0.6402888157235286,0.007076724560904583,0.00013782604561938895,0.30475126029766625,0.04774537337228112
346,0.6881709594240915,0.013429528187035798,0.0001129398561682574,0.24308377557466398,0.05520279695804051
347,0.15385676960638128,0.015179386851046226,0.00011584424805316584,0.8224027222095418,0.008445277084977575
348,0.038289358194752786,0.02486200216052403,8.296677701798823e-05,0.9333200373566668,0.0034456355110383083
349,0.02915755422719723,0.013080270917445458,4.88369150505128e-05,0.9549420962677299,0.0027712416725769436
350,0.02698392163831281,0.01170376006811781,0.00012190849603072009,0.9482924325957311,0.012897977201807489
351,0.05346937838090285,0.015205484841137968,2.9936339987187034e-05,0.9082102392135095,0.023084961224462467
352,0.07264845990223857,0.00966927090323591,5.032947505138659e-05,0.9080773314097391,0.009554608309734989
353,0.2556681021690695,0.01266058329695646,0.0001368784495735456,0.7045953731035026,0.026939062980897856
354,0.09291551514132888,0.01787974229574302,0.00010773256426193286,0.8836105756400378,0.0054864343586283676
355,0.06061925277207476,0.017286361818058208,8.991208886516657e-05,0.9123002498959624,0.009704223425039463
356,0.11185318573823465,0.00950405023704963,4.861108921482214e-05,0.8517862609594389,0.026807891976062162
357,0.052672435888061336,0.03617695749554107,0.00020954519352775247,0.9011923624102784,0.009748699012591275
358,0.046348771629313834,0.015467100107474445,9.049776679080411e-05,0.9353237735234333,0.0027698569729877084
359,0.1558782976431188,0.013113771907569769,4.041024690815409e-05,0.7280503874231058,0.10291713277929743
360,0.2854550545810185,0.019607361550152243,9.941788851017701e-05,0.29606099865728724,0.39877716732303176
361,0.44872491794655744,0.02728843776333658,5.8958097974628844e-05,0.41466335825179834,0.10926432794033296
362,0.5304056977218068,0.187529310597321,0.0004149029156105772,0.2123684836219419,0.06928160514331973
363,0.6527982392986245,0.016371804641636626,3.190481431541987e-05,0.2493140090599702,0.08148404218545319
364,0.20183546175415137,0.4467732719450594,0.0001670931536633003,0.3211614869121107,0.03006268623501515
365,0.3588620712400723,0.11638810936915428,0.0001459436414184947,0.4118972914934565,0.11270658425589844
366,0.2809522002635652,0.18753462947442165,0.0005071564425451795,0.5037367149166021,0.02726929890286578
367,0.16858639407219497,0.2250460762015928,0.000360657715239645,0.5755827131523606,0.030424158858612004
368,0.12612663579932276,0.3459866066962406,0.0009206579945495924,0.4190605202324145,0.10790557927747238
369,0.1011956039348782,0.5941498607745641,0.0007962461442787288,0.29546894128243395,0.008389347863844937
370,0.16365409162555283,0.29517028218799596,0.0010499389269511756,0.5224796751034803,0.01764601215601968
371,0.025005162666709775,0.9228539500449144,0.0024469966412241054,0.042287545676459114,0.00740634497069234
372,0.2679570030692407,0.3858657906076948,0.0007998295002586396,0.3192374484473421,0.0261399283754638
373,0.17911202443388383,0.6948869711822699,0.001200280179674623,0.10529650154052297,0.019504222663648596
374,0.08732774328326359,0.8518064522570671,0.0013498169522072505,0.05256336500223247,0.006952622505229499
375,0.04497992689217142,0.9314940059248297,0.0015584906078011,0.01648293113388023,0.0054846454413177165
376,0.023329507662733662,0.9609280624129684,0.002512756460591366,0.009598084247524246,0.0036315892161824124
377,0.03147677323187891,0.943546525422165,0.0025582623098307938,0.013024751621466782,0.009393687414658791
378,0.04965008382988105,0.9097547485952542,0.0035048027837656657,0.029342138667586098,0.007748226123513102
