epoch,N1,N2,N3,R,W
0,0.02388653781344742,0.008050135017528819,1.534776529673154e-08,0.00013785553371451127,0.967925456287544
1,0.020241659195186203,0.005490321032786533,0.0017872797410771267,0.00029971091385314714,0.972181029117097
2,0.16006041353801706,0.03664372004118794,0.0010678277286443447,0.0007081189099707059,0.80151991978218
3,0.01913562593038218,0.003265412683404416,0.0007305390896984683,0.00020242503731311392,0.9766659972592019
4,0.014743551448739765,0.00281100864748224,0.000649604706108401,0.0002206859570457852,0.9815751492406237
5,0.0361427260175701,0.00601445560622083,0.000569766137064494,0.0005548709330001855,0.9567181813061444
6,0.0031498941943880155,0.0017905860119643404,0.00016567012179960039,0.00017068532164296805,0.9947231643502051
7,0.09673394129302504,0.031896574111665646,0.0005680124572750415,0.0005862104088261021,0.870215261729208
8,0.14351565748280698,0.030447016187855527,0.0006130446256349184,0.0011470908962541348,0.8242771908074484
9,0.011542227507917693,0.005241046182266491,0.00016929439618301978,0.0003718603587338008,0.9826755715548989
10,0.16595023072673507,0.047050148702824236,0.0011492732940749904,0.001175871253449204,0.7846744760229164
11,0.23251780839453554,0.031050561044524694,0.0009044469405421359,0.0019487181473814754,0.7335784654730161
12,0.005357042585950437,0.004057245539218556,0.00017871751804443632,0.00033836276540092416,0.9900686315913856
13,0.1983278264270628,0.03668795758570976,0.00048714899643101357,0.0011311489646791207,0.7633659180261174
14,0.10905056021123234,0.024424809580248553,8.101181356677634e-05,0.005251645820300832,0.8611919725746515
15,0.22950712018646843,0.06799500777631885,0.0013888504980154094,0.003602223132934987,0.6975067984062623
16,0.07484441875336088,0.01922517674119976,0.0016581084426447795,0.000955162585248848,0.9033171334775458
17,0.219642298696177,0.05782020359964132,0.0020814438901202163,0.001368748161699013,0.7190873056523625
18,0.08598020896101578,0.024802057734962815,0.0012966476663594626,0.0013325344301428575,0.8865885512075191
19,0.028675719944202576,0.022476668424705932,0.0009921467265771471,0.0005895241281809282,0.9472659407763334
20,0.05656820469896063,0.012817364798380717,7.884656969923974e-05,0.0007928155592197064,0.9297427683737397
21,0.30180112439775253,0.061263828187802266,0.0028789453015644114,0.0027266251875078524,0.631329476925373
22,0.21673114133763627,0.07142310812427984,0.009665580761960658,0.0038859902986285834,0.6982941794774946
23,0.1294381713108244,0.11370464071779939,0.014703941848917493,0.0010600036315159538,0.7410932424909428
24,0.06747873577352173,0.11367904465375833,0.008056649405364744,0.0010110444759863194,0.8097745256913688
25,0.08967351843937457,0.1397349293362531,0.031925645228113156,0.002139148553001225,0.7365267584432579
26,0.13447827650651992,0.3745846337089971,0.06668572232822936,0.002929153622916933,0.42132221383333673
27,0.12156232171637628,0.5366440063335156,0.08540828655847199,0.002953959734327603,0.25343142565730853
28,0.035993703891164124,0.608611836033611,0.20399579872450974,0.0005998348916077779,0.15079882645910747
29,0.02475167276691897,0.6690284110293647,0.1522450186142291,0.0011340083813047505,0.15284088920818248
30,0.05114679235729657,0.5428339345169128,0.08587586128348237,0.0018119513562507342,0.3183314604860577
31,0.04686606145049948,0.652703796562641,0.06757128547402287,0.0004550728672122427,0.23240378364562453
32,0.03548807725224685,0.6276381456607077,0.14086519588961496,0.0007555614316545318,0.19525301976577591
33,0.0646006576170948,0.6369139803856664,0.16250999416131795,0.0006583421986463916,0.13531702563727446
34,0.024307083267240445,0.8090028725312732,0.11449904408833654,0.0004494148189749037,0.05174158529417498
35,0.018239217721177363,0.7334183416422151,0.20911768036733897,0.00019412227602217386,0.03903063799324649
36,0.008694314458329081,0.8054518209746513,0.16796861650431566,0.00020813252845451428,0.017677115534249475
37,0.00944019566564252,0.7779634632741003,0.19555647172480992,0.0001680207581448814,0.016871848577302482
38,0.006800325691292253,0.6056727424593694,0.37360893160629055,0.000125937191107105,0.013792063051940667
39,0.013480814595654807,0.7079361773111412,0.25415510788006723,0.0005056805709798627,0.02392221964215676
40,0.00601448831084584,0.6294236180024593,0.35561961108877,0.00021102066512203836,0.008731261932802927
41,0.021253963372185332,0.6560666847299106,0.3045779797692665,0.00041780932089750865,0.01768356280774023
42,0.006649330112564885,0.4537241018003084,0.5277554509400963,0.0001854667695873874,0.01168565037744302
43,0.00504590905178854,0.5284087129180821,0.458530236726001,0.00013743302919790132,0.007877708274930324
44,0.004348506658035772,0.2598333914215899,0.7281983193376479,7.527698953814548e-05,0.007544505593188233
45,0.00434780442333827,0.20605478358976392,0.7834377645497388,6.763328069266023e-05,0.006092014156466424
46,0.0035336323540711687,0.36034798434630444,0.6246908142346101,4.702235205014151e-05,0.011380546712964089
47,0.004596327205373099,0.17750438624090567,0.8110007986409902,3.626489212522285e-05,0.006862223020605724
48,0.002808607101451254,0.20415106533004596,0.7882236113378291,2.441969222430944e-05,0.004792296538449439
49,0.0033325242783365026,0.134817167972173,0.8544678086273585,3.372199940313321e-05,0.007348777122728909
50,0.0005585042883198258,0.07255286735630484,0.9219895649753667,1.4891497714007961e-05,0.004884171882294634
51,0.0018335689547473763,0.09039353335112155,0.9012884529752704,4.6069857387201725e-05,0.00643837486147347
52,0.0014260868368833372,0.08997142953990693,0.9032132912297773,4.455462276703454e-05,0.0053446377706653
53,0.0007497389742514724,0.04585766875218323,0.9493951802340216,2.3168491647730932e-05,0.00397424354789586
54,0.006735469477046631,0.27346494695568146,0.7008691179725962,0.00021545667399242631,0.01871500892068331
55,0.0033411385106760162,0.07562314274150314,0.9100691580713933,0.00030793608455057273,0.010658624591876924
56,0.07251358834377522,0.6457267015819611,0.14822710686667775,0.0009066273077468749,0.13262597589983907
57,0.05148912629643176,0.5818200705159711,0.262977647581058,0.0007610223684379675,0.1029521332381011
58,0.00596963707791822,0.47402440759893316,0.5023215885616286,0.00011451103195798926,0.017569855729562007
59,0.00621100100462614,0.3008320076707424,0.6836825517369115,8.945428581710364e-05,0.00918498530190285
60,0.008623327354795552,0.5828775939112384,0.3969487079642821,0.00019034321514912008,0.011360027554534729
61,0.003900309731911537,0.3620937323537248,0.6264499847693482,5.50800493465905e-05,0.007500893095668916
62,0.0026468845000556375,0.18623602396320918,0.8073092680215402,4.556363753138061e-05,0.0037622598776636024
63,0.004517524924946533,0.18533288018513094,0.8035939354463552,8.743901603369477e-05,0.006468220427533768
64,0.0016730019745060467,0.07166938329574811,0.9230417328551526,1.7637162837346533e-05,0.0035982447117559988
65,0.0036898409086443397,0.09922725032483012,0.8881850538016212,0.00010619758792921496,0.008791657376975166
66,0.005439934548203242,0.17017356778861012,0.8145520367375527,0.00015210081021538148,0.009682360115418584
67,0.0004836074575906294,0.03088332945577664,0.9662217460652213,1.4461586079659926e-05,0.0023968554353318923
68,0.0016624241441824475,0.057149932853413216,0.9387915997380974,2.3957187530796787e-05,0.002372086076775849
69,0.00031929157938840875,0.034759182579007945,0.9629880719707725,1.3125316514019037e-05,0.0019203285543171798
70,0.0008631362638079418,0.05359959307760882,0.9422200496489965,1.4664774649405593e-05,0.0033025562349370736
71,0.00044361320947670913,0.023040286291852462,0.9741332224657322,2.2522800066779733e-05,0.0023603552328717863
72,0.0004997999984069011,0.0225737362508494,0.9746656067300522,1.6210161968971342e-05,0.0022446468587226753
73,0.0010133247576805161,0.03159678288520784,0.9644034626885217,8.79625986567775e-06,0.0029776334087243065
74,0.0016543606648996032,0.051048013098995426,0.9417005738853755,2.810564252459023e-05,0.005568946708204804
75,0.00022779515175524797,0.015372225708068765,0.9809406961018474,1.0070411277390213e-05,0.003449212627051097
76,0.0010860347914570924,0.053993099409545574,0.9408908155615361,1.8931419591129964e-05,0.004011118817870257
77,0.00465889535162157,0.09082266242351297,0.8889194525310256,0.0001159300936134922,0.01548305960022626
78,0.006603355540501112,0.12876340234352432,0.8500855215366313,0.0001087050263915787,0.014439015552951712
79,0.0010068326952584617,0.032224967352300814,0.9615911837322041,1.77857464679644e-05,0.005159230473768525
80,0.0007397140472922245,0.0395532044563226,0.9551941941102903,1.796102181651558e-05,0.004494926364278448
81,0.0005711636215088972,0.025927085639624873,0.9708053095964025,3.6063593695943905e-05,0.002660377548767819
82,0.000568893147201697,0.022540596618786296,0.974628321758781,1.544989694948093e-05,0.0022467385782815054
83,0.00019006239614668472,0.011068942706031724,0.9869400794430943,1.1711501323907943e-05,0.0017892039534033151
84,0.00024654887901208434,0.018050747960738318,0.9798929434017026,8.08711075669415e-06,0.0018016726477903032
85,0.0007742577570038441,0.030832343657939944,0.9649015840182911,1.913183319182951e-05,0.0034726827335733214
86,0.0018601566985066212,0.047380728870570966,0.9452250402862264,5.1060827330425145e-05,0.005483013317365426
87,0.002292390462958293,0.07084367685851221,0.9217315609704133,2.0108128923132242e-05,0.005112263579192823
88,0.0008050042895114649,0.026313535050998496,0.9684775861365057,2.761209096497798e-05,0.004376262432019161
89,0.002128933234496615,0.047415227094450445,0.9459216447257414,4.5805474508606675e-05,0.004488389470803051
90,0.001848058939784515,0.03755479647709581,0.9562095015800448,6.148504750500095e-05,0.0043261579555699155
91,0.0013735684793443053,0.028315200495688288,0.9682346915490379,2.046189715307197e-05,0.0020560775787765136
92,0.0022924486445890014,0.06295313875117124,0.9307982667125423,5.038033394038973e-05,0.003905765557757229
93,0.0006256008867659037,0.05001199506948844,0.9468902208753596,1.8412739936009263e-05,0.0024537704284501166
94,0.0031228926470321097,0.07708972784781476,0.9137890339562943,8.845505584025242e-05,0.005909890493018505
95,0.00031976061587626024,0.017483893587154662,0.9795669656978654,2.9486437060116304e-05,0.002599893662043739
96,0.0008595484397589867,0.03094544055547146,0.9653856221156815,3.0170317171314356e-05,0.0027792185719167917
97,0.0014960144529541563,0.05462513000429576,0.9408275444246952,3.906493424089504e-05,0.0030122461838138427
98,0.00014734031478520177,0.009594884125145078,0.9878409354869809,2.331310363311254e-05,0.0023935269694557253
99,0.000441993078049171,0.03439418811358563,0.9623699502801588,2.1269329668296116e-05,0.0027725991985380347
100,0.0004091696447614909,0.03178638577356713,0.9656664711864985,1.8912554263832172e-05,0.002119060840908931
101,0.0007975092247968843,0.019507884115318577,0.9769880851817788,3.4200129721369054e-05,0.0026723213483845184
102,0.001168262242789122,0.03759352737626049,0.9577117328471897,2.722076126006339e-05,0.0034992567725007097
103,0.0020725753276386416,0.04473566792737668,0.9503788420945862,5.0600096323479896e-05,0.002762314554074791
104,0.000967254349167957,0.03692983968628937,0.9597746540199892,4.101051831909645e-05,0.002287241426234373
105,0.0006747288416038799,0.03466449293214844,0.9628936882788203,3.648648250712167e-05,0.0017306034649205296
106,0.0005634406422294422,0.027328552477472155,0.9699330823921454,2.2637627497573285e-05,0.0021522868606553445
107,0.000330376660573785,0.02824136030336037,0.9697451351807068,1.6384957611631302e-05,0.001666742897747508
108,0.0005587733252914139,0.029139116561526172,0.9691374923912988,1.765374197290499e-05,0.0011469639799106663
109,0.0009571907711724885,0.057685765219669706,0.9402626668300103,2.9438002565911962e-05,0.0010649391765816378
110,0.00019054709358580943,0.020892418668606784,0.9784192685432336,1.0789822706590571e-05,0.0004869758718674164
111,0.00036031414014372907,0.030066463341496534,0.96847395017306,1.8193086491844404e-05,0.0010810792588080765
112,0.00023054295676716382,0.019632973293043837,0.9788228465231442,1.9410365883154082e-05,0.0012942268611616117
113,0.0011881543635841585,0.09010568351358877,0.9072492851348847,2.979673024097404e-05,0.0014270802577014215
114,0.0003317185035947286,0.026470466885328923,0.9722249276117766,1.7716368371489536e-05,0.0009551706309282123
115,0.0010494131162964138,0.042960463680752,0.9544745851093227,2.7371779945106603e-05,0.001488166313683601
116,0.0012984793517781155,0.045910470318566786,0.9508251477350547,3.894696246658363e-05,0.0019269556321338372
117,0.00019396541506148908,0.014425317547587722,0.9844667772228403,1.1710330740364539e-05,0.0009022294837701313
118,0.00038341942564926277,0.023281082901387175,0.9752672587189272,1.503950168940408e-05,0.0010531994523470705
119,0.0006585752713241633,0.033992910508564456,0.9637835581039172,1.8331247199068914e-05,0.001546624868995198
120,0.000956969701448395,0.030989242553844804,0.9663294943510427,3.1226745511203635e-05,0.0016930666481529701
121,0.00020035071274614522,0.011720553960019704,0.9872577493078409,1.31121317574881e-05,0.0008082338876356989
122,0.0010450771116272978,0.03140045890536057,0.9657333403502651,2.97612112105587e-05,0.0017913624215364792
123,0.0017609085161261818,0.0422633045091675,0.9535580652307113,3.3192264334272905e-05,0.0023845294796605797
124,0.01225532763060904,0.13910951694469897,0.8254135921778982,0.001420420663666815,0.021801142583127053
125,0.0031434327521757373,0.08165782017694276,0.9060928019258621,0.0008528134766178126,0.008253131668401822
126,0.01978641640028944,0.2273674714258619,0.7401830896706598,0.001019174562879011,0.01164384794030986
127,0.11636770637425761,0.5575164696773718,0.06225637129681671,0.007461457116573452,0.2563979955349805
128,0.11322890103624335,0.016513013511756183,0.0002679480565120287,0.004471868200686243,0.8655182691948022
129,0.7047631144302458,0.14098500154714094,0.001353546867637567,0.04890558731317202,0.1039927498418037
130,0.32584561598536965,0.6243316756345574,0.0076232770661718505,0.026556486946631628,0.01564294436726964
131,0.31772929326945926,0.6334191819400141,0.012447656313277601,0.022943975966266548,0.013459892510982629
132,0.18796911570391212,0.7559323669636085,0.008522365754150586,0.032742368418630034,0.014833783159698619
133,0.058929274553322634,0.8623974684238322,0.019737114510227128,0.04890520076792078,0.01003094174469727
134,0.06502516522299985,0.8461817873319493,0.00787119506122701,0.06862103849580407,0.01230081388801969
135,0.026576223941962525,0.933143105175631,0.00592379656819969,0.027532929286578953,0.006823945027627615
136,0.05001856396997211,0.8993326690417285,0.017642432476993392,0.023860751540065263,0.00914558297124077
137,0.08149455510065794,0.8724396008939105,0.002753292578197924,0.033668950659821055,0.009643600767412417
138,0.05774278188135622,0.900312564256046,0.010801751083656696,0.02361680219189512,0.007526100587046098
139,0.08091835898626973,0.8750383394111243,0.0005365532776336273,0.03250618368916727,0.011000564635805137
140,0.03352812883677359,0.9321178807951097,0.0003627443307216601,0.02232399153399343,0.01166725450340158
141,0.034862303539070695,0.9398350620049603,0.0039580220444843835,0.01589653768860051,0.005448074722884045
142,0.018118078989259327,0.9539623268811084,0.018882550087676767,0.005496200984007256,0.0035408430579484417
143,0.03403296931054885,0.9367624177282097,0.0034595244510999654,0.017303930463072402,0.008441158047069314
144,0.0237417709920625,0.9530334824874299,0.0006816712219007352,0.014827574851336725,0.007715500447270225
145,0.017021741627341394,0.9587561920563286,0.009742996220487144,0.009140004318243166,0.005339065777599499
146,0.028133355904790373,0.9526596556193981,0.0018357934688496614,0.013835011007866875,0.0035361839990949886
147,0.03964588776380087,0.9319211747974171,0.008369439836960273,0.011583489417206326,0.008480008184615227
148,0.020417888872292813,0.9664188483368458,0.0013083756626826029,0.006518035052633387,0.005336852075545341
149,0.017060033256776453,0.9716861590853152,0.0029007487109619437,0.005711669976981732,0.0026413889699646396
150,0.019227754532830606,0.9694363031015049,0.0019856482479427206,0.0058275091430733195,0.0035227849746487026
151,0.061536365168375434,0.9148564471548827,0.0035921341325409663,0.01233529743616024,0.007679756108040638
152,0.02567707808911115,0.9594116595072669,0.0015501847751188329,0.009837145083090361,0.003523932545412742
153,0.0391451696046034,0.9403216691586727,0.0029905650010229414,0.013488015291132858,0.004054580944568147
154,0.030933748535597418,0.9498354662415658,0.007776793845642724,0.006210129307771907,0.00524386206942236
155,0.0330024098055864,0.9519161611122632,0.001402979772184067,0.009353267337433135,0.004325181972533435
156,0.0370581590562172,0.9380758868442598,0.007961532661308108,0.0103325023640239,0.006571919074191014
157,0.013209913086647021,0.9742036802086185,0.005136768990080157,0.004051162700041346,0.0033984750146126897
158,0.010875620233128339,0.9620211200337154,0.01835141237645404,0.005228099351395936,0.0035237480053064017
159,0.039228010694883915,0.9133467339060982,0.000665199733921351,0.03879653029563235,0.007963525369464217
160,0.024347443627768108,0.9576319242653942,0.005062831497017735,0.00822386682277153,0.004733933787048539
161,0.014732147844408426,0.9334205728656934,0.03773037673823075,0.003952400093527234,0.010164502458140446
162,0.02485514882259045,0.9568216961371464,0.002804307574801631,0.005262967413881294,0.010255880051580313
163,0.03633911683008987,0.9386707348401642,0.0016786123262669684,0.012137689384797501,0.011173846618681565
164,0.027848471875212426,0.943720439023978,0.0006279396384564205,0.017915332475794202,0.009887816986559054
165,0.012697237041757412,0.9338775348430531,0.0432507050196247,0.005441864412507041,0.004732658683057525
166,0.023783975659585677,0.9479979153262433,0.011495302559878032,0.01183204607410964,0.004890760380183419
167,0.06942209056503469,0.793489582923051,0.0006095635484659166,0.1263227815393103,0.010155981424138046
168,0.04458183998529505,0.886590894648476,0.0013482017318825713,0.05592358863119184,0.011555475003154502
169,0.04287664537839578,0.8559509478887245,0.015484688324023423,0.07393341609607364,0.011754302312782686
170,0.17339884857267,0.22404258986985282,0.00045017376690479764,0.30303254643710825,0.2990758413534642
171,0.11620406279480404,0.06023432023439881,0.00020489645561507313,0.38246599365239026,0.4408907268627919
172,0.2128925582684824,0.24765723010376706,0.0003859099771204383,0.47800011875049025,0.06106418290013988
173,0.22699340866146872,0.23391411869020218,0.0005490172151877343,0.4648103358485069,0.07373311958463453
174,0.11321330697339203,0.048157261657894794,6.711450108725655e-05,0.7592883474417877,0.07927396942583811
175,0.07146567761554982,0.15839909131735352,0.00016060740109424953,0.7047382998731396,0.06523632379286279
176,0.07658566437144326,0.07219790545748654,5.7276870075827255e-05,0.5276779129062978,0.32348124039469656
177,0.09868443429075115,0.056706352457462195,5.4369459601342485e-05,0.7341431354736939,0.11041170831849145
178,0.07320237172617988,0.06582671075829263,6.273930966703326e-05,0.7470904276888517,0.1138177505170087
179,0.08097356399970143,0.06890943301084475,0.00011389762060518466,0.8190472875107921,0.030955817858056456
180,0.054824376252481336,0.029091136086093122,3.9218945629201486e-05,0.8303014540265773,0.08574381468921913
181,0.06256258243086851,0.024267162907700743,3.3267448932252394e-05,0.7788635504015371,0.13427343681096143
182,0.13271080224769055,0.05293885741071318,0.0001008255373899125,0.4840604530023566,0.3301890618018497
183,0.129340026609355,0.06750246345033775,4.807065605813211e-05,0.7605669380478791,0.04254250123636998
184,0.06835025001303646,0.032815279479742686,4.550052892492646e-05,0.8684325627539481,0.03035640722434777
185,0.09194205750320911,0.032835670628769645,4.6116069974140215e-05,0.7622153178129408,0.11296083798510642
186,0.052495958971411405,0.10612879109466673,9.493548803147143e-05,0.7987621871183774,0.04251812732751298
187,0.047857249981616355,0.06293748240901069,5.074324998581243e-05,0.8591580438422898,0.0299964805170973
188,0.13398614690646143,0.053184763952041796,5.2320680712484725e-05,0.48916541839371286,0.32361135006707137
189,0.08364715918693734,0.04048534690255427,0.0002489042636666293,0.35140807950403646,0.5242105101428052
190,0.07218326738549245,0.017384354918885077,2.9618543064752425e-05,0.4503234689716381,0.4600792901809196
191,0.10716080565650346,0.021498463535435667,0.00010397606301677697,0.32965645674484,0.541580298000204
192,0.0912986112129443,0.059430655781150525,0.00015942985472681254,0.6817109844469513,0.16740031870422706
193,0.1403142649918856,0.06366563917711573,8.390007198368052e-05,0.6896579548969631,0.1062782408620518
194,0.06277027891420743,0.0853915900999112,7.846280245333484e-05,0.8299210949205142,0.02183857326291377
195,0.05295722799633666,0.08176565105766581,4.2177535751423896e-05,0.8343881084962415,0.030846834914004632
196,0.1184091659369679,0.060431013346888704,8.712923313150787e-05,0.7048145293824134,0.11625816210059849
197,0.08207850337669798,0.034969724834205095,4.744465339779415e-05,0.7908891339885606,0.09201519314713849
198,0.1297333794041423,0.053998063701007744,5.48873177409947e-05,0.8004337503563308,0.01577991922077815
199,0.11858995355662225,0.21324880376510563,0.00023400666463878662,0.6524333535037528,0.015493882509880383
200,0.05964407127628452,0.05337704343808834,9.43722265691602e-05,0.8726583409167165,0.014226172142341696
201,0.04748202552397597,0.07950658859226283,9.66810056637067e-05,0.8591452412844302,0.013769463593667323
202,0.03775604130619526,0.11980035833220727,0.00016072881715592667,0.8348603533088882,0.007422518235553392
203,0.06353854759613914,0.10187332743804944,0.00018035415003690876,0.8173196993689861,0.017088071446788422
204,0.05062223679238728,0.07057942238591336,0.0001370082673101256,0.866593584238202,0.012067748316187243
205,0.07583328644844024,0.05478560393079584,0.00011785705847405216,0.8134994204071636,0.05576383215512618
206,0.05721884997393987,0.09381798999793203,9.510362889994217e-05,0.8382765637568514,0.010591492642376795
207,0.09196935237117689,0.06742970875496622,9.594625654275527e-05,0.7973609694938901,0.04314402312342397
208,0.12020610395420558,0.03745230197264227,4.6984884848709145e-05,0.6535971018609715,0.18869750732733184
209,0.13435625800833634,0.03150125190201049,4.1719719848037486e-05,0.7006738644056459,0.13342690596415915
210,0.2860263501818189,0.14973878022750212,0.0002141857910468718,0.30519634329790696,0.25882434050172515
211,0.32710065668065874,0.1288906714204845,0.00022724583936103534,0.4993799750319834,0.044401451027512216
212,0.19800169312539412,0.07377860826488583,8.22038374967042e-05,0.5296433216695782,0.19849417310264525
213,0.09413141479456455,0.05825005030909599,0.0001386978432007054,0.8019612636566738,0.04551857339646501
214,0.05795273829691599,0.03509331532136536,6.826820530395171e-05,0.8767900685372592,0.030095609639155436
215,0.10302463395000547,0.1796144558735998,0.00020136708101213915,0.6503338183368671,0.06682572475851543
216,0.04085015429921497,0.04756203195661593,5.1296439497719154e-05,0.8879102764661924,0.02362624083847898
217,0.05904730670788201,0.042105408813385786,5.6732275618365755e-05,0.8170195333701811,0.08177101883293277
218,0.12428061065951192,0.052747750557302894,5.877788900424482e-05,0.5208040933031759,0.302108767591005
219,0.12835512666791637,0.041020109303491314,2.4137937124234217e-05,0.43506140033170365,0.3955392257597643
220,0.19492558891742648,0.02609256911457062,4.797464877564514e-05,0.35630984183249403,0.4226240254867332
221,0.17514197941317047,0.06212724491339329,6.882361194985274e-05,0.6854235081948176,0.07723844386666891
222,0.19842188647910328,0.05426726516726517,6.74686541300331e-05,0.5417693644069923,0.20547401529250914
223,0.1240152698875611,0.049034885423810744,2.8494283770093827e-05,0.5517909282087449,0.27513042219611306
224,0.1010820130635009,0.017755492657638074,3.09128127128668e-05,0.6746611648414044,0.2064704166247438
225,0.13342110412797653,0.05063935361024765,4.721116008992668e-05,0.6597870827738234,0.15610524832786243
226,0.1357549757147913,0.048123203599442825,6.774622444686834e-05,0.6205802996323893,0.19547377482892972
227,0.1058954316762965,0.07675436824343118,5.151655764595099e-05,0.7825567500778261,0.03474193344480019
228,0.11956115137677634,0.036679861797312134,2.5718843596069902e-05,0.7323070187919439,0.11142624919037156
229,0.13359611468894392,0.1069394735708585,0.00013883229075197344,0.7273663687780705,0.03195921067137517
230,0.029027262846024575,0.04829406260034267,6.766981482979572e-05,0.9099773654359103,0.012633639302892756
231,0.044404269522491116,0.052822863611429904,7.257030552729925e-05,0.8909077409126845,0.01179255564786715
232,0.029289586751621903,0.03606040319052899,6.389083206233928e-05,0.9242603469047986,0.0103257723209881
233,0.03212410335055855,0.07396659204476201,7.270378550305878e-05,0.8843786783699847,0.009457922449191632
234,0.1054116383305061,0.15097658073057876,0.00019076887578666776,0.6255967350464556,0.1178242770166729
235,0.14492106211051048,0.07917065878159334,8.435147916534645e-05,0.5318005971462293,0.24402333048250155
236,0.21199616337831348,0.18338432821221665,0.000132705729398188,0.4685149679709806,0.1359718347090911
237,0.05943490159697347,0.036877701963882986,0.001674753376002906,0.054186411804013464,0.847826231259127
238,0.013210992421870396,0.004821874849223849,2.2232730258540473e-05,0.04821733867291437,0.9337275613257328
239,0.06469725451510944,0.008114051393880148,1.838185597706804e-05,0.08940867419132194,0.8377616380437115
240,0.22658399942826618,0.01899903122296833,2.69033870042656e-05,0.1282447668084437,0.6261452991533174
241,0.22710994324074507,0.03054606153874736,3.6809995246870356e-05,0.10613897578951151,0.6361682094357491
242,0.198396189699833,0.032966418118262314,3.316550584653581e-05,0.11142495307271962,0.6571792736033386
243,0.3301813067001577,0.08461165765057019,0.00019516179675434022,0.20671142401236436,0.37830044984015326
244,0.2265361032742238,0.06919643371841819,0.00014396221320363688,0.14293499194522727,0.5611885088489271
245,0.012743318163238471,0.004108799275050843,9.52683943241963e-05,0.033696004501173896,0.9493566096662125
246,0.07682734627578477,0.013340325480095888,1.3511088591775476e-05,0.047832747214111314,0.8619860699414162
247,0.10894413279044801,0.018158305674066726,3.085462606413232e-05,0.039699034615968756,0.8331676722934523
248,0.0458664920517272,0.007388742887714527,1.762217726698447e-05,0.016051850594447498,0.9306752922888438
249,0.2857383299995623,0.08280943230433735,0.00015157737629338874,0.1216586817035232,0.5096419786162838
250,0.2261239137453655,0.41124760129440546,0.0003737232171685772,0.07099175868496313,0.2912630030580973
251,0.015115402593383516,0.0037858016116254604,7.512807819577421e-05,0.013757893995929481,0.9672657737208658
252,0.07220211548306273,0.017429560297047314,9.00155717024503e-06,0.02671507102938221,0.8836442516333376
253,0.14993403122996432,0.03179265864054535,3.2873796731872495e-05,0.09915278191810036,0.7190876544146582
254,0.011171432375090714,0.002998941549627751,1.121689252680293e-05,0.011616054746455587,0.9742023544362991
255,0.06557513980869428,0.017207652803895,2.430121758539161e-05,0.016202804180499467,0.9009901019893258
256,0.0630605182897206,0.012450082764952814,2.5107951357291243e-05,0.012411839997571755,0.9120524509963975
257,0.1875507553731677,0.08675476195130226,8.097437356945685e-05,0.04924770850411788,0.6763657997978426
258,0.04538972789389213,0.013506581972145314,5.2396070836851194e-05,0.02371193198766834,0.9173393620754573
259,0.05180300523636235,0.02917045820369311,5.748897290503029e-05,0.041073273231438806,0.8778957743556006
260,0.09823826492748425,0.048380176366537346,9.650704678898363e-05,0.06694077203508901,0.7863442796241005
261,0.21659371451464804,0.47360418021223316,0.0003710042492314973,0.1163895865500247,0.19304151447386267
262,0.07340622005965183,0.0629653529193303,0.002318892596047125,0.01320445610553944,0.8481050783194313
263,0.008479922073715666,0.011549642793985567,3.285313558114451e-05,0.013406738623964375,0.9665308433727533
264,0.058322824969818,0.014131931722531136,9.310156026469782e-05,0.0193140849856246,0.9081380567617616
265,0.16661311225091233,0.03688078886738558,0.0005325780984857366,0.019803418023487535,0.7761701027597288
266,0.013822928793370836,0.009775374536693174,0.0003140388324030781,0.003156820972860362,0.9729308368646726
267,0.010990926044604029,0.012066132180491186,0.0009650381637756436,0.003484191959838215,0.972493711651291
268,0.1067426772080156,0.11070564390007528,0.0014916381677869985,0.007393144407999824,0.7736668963161223
269,0.05808712268553724,0.027999055588441995,0.002847871858102672,0.002709057124614216,0.9083568927433038
270,0.035734561887337236,0.009963705800500605,0.0007030720002108668,0.0011648111850041478,0.9524338491269472
271,0.054830405875601056,0.029415419661987973,0.00020425315342566732,0.0007808644013067205,0.9147690569076785
272,0.0016257273375909756,0.004111200858280129,0.0003257803857311989,0.0003623290190942599,0.9935749623993033
273,0.0010096376292497461,0.002931903479706544,0.00012814985516879394,0.0002814093768024969,0.9956488996590726
274,0.0007519260816281786,0.0024122422737699613,8.11984688099277e-05,0.00019022978522513736,0.9965644033905667
275,0.001277387357437424,0.0038870218912509555,8.917586879623943e-05,0.00018173704874899566,0.9945646778337665
276,0.0012924250865115408,0.005954937303552618,7.183544007326513e-05,0.00017097810355756317,0.9925098240663051
277,0.0009687276417214008,0.004524780397458087,0.00013259761978599155,0.00025943975022849145,0.9941144545908062
278,0.018932140963775292,0.012895327386705265,0.0005162406274026409,0.0018980495180129606,0.9657582415041038
279,0.0032586062663792657,0.0014638141537283618,2.7552510203644683e-05,0.001227094727320872,0.9940229323423679
280,0.002783035504882116,0.0007239761920283216,9.168632577686475e-06,0.0008916352343280586,0.9955921844361839
281,0.0012753368359807275,0.0004109488126413339,4.757796416981867e-06,0.0016855094844207504,0.9966234470705403
282,0.0015628973206076025,0.0007536818972205508,1.4659995139830508e-05,0.0017670195011344622,0.9959017412858976
283,0.002862096911313783,0.001284862264686952,1.6024896184222187e-05,0.001721704636438693,0.9941153112913764
284,0.0022940136177543374,0.0027267626689312153,0.00018235508615415655,0.0011447060974463963,0.9936521625297138
285,0.003373144240352839,0.0009620872145430745,9.49629395571961e-06,0.0030841313079942975,0.992571140943154
286,0.001403428307660701,0.0006510411464755736,9.471015180826763e-06,0.0023901348266690717,0.9955459247040139
287,0.003762576483261935,0.0015465464424613056,9.211825755332014e-06,0.0029066933175742812,0.9917749719309472
288,0.004139003455513068,0.0022263648012467692,1.2628407869347744e-05,0.004258746936588359,0.9893632563987825
289,0.0020887866066101168,0.002309056257513745,1.3724883952306657e-05,0.0025615254643525584,0.9930269067875713
290,0.010987360100451867,0.007420859963926615,3.07132420869752e-05,0.010519565870527211,0.9710415008230073
291,0.016556190581658633,0.004861066822337187,2.4396315689434163e-05,0.008033465349086298,0.9705248809312285
292,0.010240516661341495,0.004184251618225068,5.1630394349790926e-05,0.015977711573852835,0.9695458897522308
293,0.003730386728012048,0.005365481632828372,1.9666942026182288e-05,0.007318242035442353,0.983566222661691
294,0.004472249369167129,0.0046206481404717755,2.9094965771794625e-05,0.007386933229065329,0.983491074295524
295,0.036675571469541826,0.020520749950923643,3.663252981033366e-05,0.01740234706916047,0.9253646989805637
296,0.042337092210613984,0.008693356797817756,2.7091648004901872e-05,0.01703551067681309,0.9319069486667504
297,0.07229257164950628,0.020087598222178704,4.913436830570255e-05,0.01987666281154953,0.8876940329484598
298,0.05178227770396088,0.020400349406028598,3.997237125762391e-05,0.016976334693490157,0.9108010658252627
299,0.21541795737326955,0.11191264304451773,0.00014728835870614503,0.09185958897174797,0.5806625222517586
300,0.2637449173211567,0.19088242937569566,0.00016074692306293123,0.15228152802705927,0.3929303783530254
301,0.003957688785566246,0.0022098735778923457,3.816623680240881e-05,0.007514724391392078,0.986279547008347
302,0.010073068718771384,0.008388347476357064,1.722301710886405e-05,0.010344949414835714,0.9711764113729269
303,0.2544153432747811,0.10490624984924486,0.0001772769546121455,0.08690022924905653,0.5536009006723054
304,0.027845453441399253,0.011576031704731739,5.676158552558219e-05,0.021494762186693234,0.9390269910816501
305,0.05715646950136779,0.023384378523050184,5.910248949023615e-05,0.031761722493889734,0.887638326992202
306,0.06621744722117895,0.03790444951790847,0.0009186653298611931,0.025926769892585886,0.8690326680384656
307,0.03306908383736252,0.018832716402837967,8.30305551574853e-05,0.02675603075718247,0.9212591384474594
308,0.007051154509212242,0.004521913046482212,0.00025240925917097997,0.006950247874164687,0.9812242753109699
309,0.010868921887946349,0.009580148424926318,9.633115317081874e-05,0.014706286382931673,0.9647483121510249
310,0.16339977437021544,0.03137620594350425,0.00038518099268253713,0.04961698466163193,0.755221854031966
311,0.25540122130553616,0.08973946016166633,0.0004752282093382426,0.11330541852199925,0.54107867180146
312,0.1479905504165698,0.04760667182494405,0.0002564604335513063,0.14374176617491677,0.6604045511500181
313,0.1241447446102293,0.06400927898950527,0.0002318855951682749,0.11949442013494467,0.6921196706701525
314,0.2259346602923891,0.21124457883319384,0.00034511619743565313,0.18740975914947652,0.37506588552750486
315,0.01891083618374519,0.017400617797506405,6.564802860370288e-05,0.03319741371593993,0.9304254842742048
316,0.2230731483723694,0.0910246336840464,6.912422111234704e-05,0.15440566215915677,0.5314274315633151
317,0.06175336400126987,0.008147467445429286,0.00022694835082786658,0.03393581905926774,0.8959364011432053
318,0.015676075582772054,0.007437485410299028,6.692096850331021e-05,0.004955683770321679,0.9718638342681039
319,0.541400585979315,0.14061635381932427,9.291469864082672e-05,0.08111768423977056,0.2367724612629494
320,0.008836877466186737,0.005763416328462293,0.00017028167877397384,0.005664977814795749,0.9795644467117812
321,0.530939771435874,0.19208255361621396,0.0010676887520925354,0.08492897517591787,0.19098101101990153
322,0.5299352087824207,0.26607194918426147,0.0033822348639766012,0.048375234246454485,0.15223537292288675
323,0.09791969998041752,0.6016093572911515,0.22513171211217733,0.01621265038763945,0.059126580228614195
324,0.1369395005477379,0.7525130824606582,0.04163988275546376,0.03193473361587416,0.036972800620266005
325,0.1635373894034852,0.7553307214932024,0.021926812376896334,0.02708144512717973,0.032123631599236514
326,0.07157770784544143,0.8550321430958394,0.016694123461302366,0.018750896369661433,0.03794512922775547
327,0.060666513241600106,0.18384604470105023,0.1223748935613956,0.03700521763584707,0.596107330860107
328,0.27958122072385605,0.3849908940527146,0.006866633985405001,0.030704342206174687,0.29785690903184975
329,0.2983831369380789,0.533107067671028,0.025292543175159256,0.01959178557788308,0.12362546663785084
330,0.4676591069440141,0.2128093768717878,0.006078589761034149,0.018560519159242905,0.294892407263921
331,0.48604016676710293,0.2855875460673104,0.005854462372252734,0.03240880461058181,0.19010902018275203
332,0.06966432871541758,0.06880959082519077,0.002021510832845019,0.007769705293373902,0.8517348643331728
333,0.49529276805302835,0.1870861212103643,0.00997699902778197,0.01683648084327069,0.2908076308655547
334,0.22263831801967468,0.2517514821781575,0.01668085007363567,0.008206918071851347,0.5007224316566808
335,0.1524494476455619,0.06491639074560396,0.0014078582873625325,0.004634577190132034,0.7765917261313394
336,0.336463855381571,0.47776531064702915,0.010942741818587337,0.01409990947146381,0.16072818268134859
337,0.33561646896624436,0.6193161261907615,0.003146437120841144,0.009646746341866432,0.03227422138028658
338,0.0412377830016843,0.9304280060465697,0.013353206464037237,0.005864848027952853,0.009116156459755722
339,0.1315375669923127,0.5431225335876925,0.011284936782160249,0.024100256120127846,0.28995470651770666
340,0.3724826793123944,0.29582845438508254,0.011987915307841573,0.02663037611398286,0.2930705748806986
341,0.4194509220652113,0.4510019602696026,0.007102646501508618,0.02568458952155076,0.09675988164212661
342,0.46932548879548575,0.4271046172308525,0.01715836286306931,0.024284094463139803,0.06212743664745272
343,0.2311116216341258,0.25850358781247273,0.011852032935229007,0.012549322153907111,0.4859834354642654
344,0.5203557209264259,0.3673712810610535,0.005283821010078574,0.023128710179913598,0.08386046682252847
345,0.4803846882810188,0.4039994044307537,0.003917765555313066,0.02644061231577746,0.08525752941713695
346,0.39710240337167496,0.4409700838988109,0.005131942545233071,0.02585865259160633,0.13093691759267456
347,0.33633314652029367,0.3752295117304384,0.012173024635185265,0.033607966140438386,0.24265635097364427
348,0.4608515780577989,0.35374979450142807,0.011642664238929755,0.0321983753151622,0.14155758788668113
349,0.26583075798081884,0.25715804678229803,0.00752238308078155,0.029805777748624012,0.43968303440747764
350,0.4277037493974307,0.45933464886826764,0.0057021030356123135,0.02967183254441941,0.07758766615426986
351,0.2697837005324012,0.6083528879176802,0.018442838108178386,0.02465522142168143,0.07876535202005881
352,0.12430590467718772,0.83326177708844,0.01991767544961171,0.007886138755077984,0.014628504029682878
353,0.12196305670841105,0.8317035268519362,0.022148156758974906,0.009161247081630458,0.015024012599047518
354,0.1876645870284048,0.7510601853830389,0.010380397451075735,0.01737752818456245,0.03351730195291806
355,0.02991781357935075,0.9237609651401603,0.027681106415436422,0.004567567389207305,0.014072547475845446
356,0.18660393821915353,0.6321529905915617,0.020100845421493155,0.020953833477922113,0.14018839228986943
357,0.2155899870182337,0.6893767307404182,0.022335004146147915,0.025592021367654656,0.047106256727545474
358,0.2264212317634214,0.5371153365667846,0.025845380626067546,0.045891596871631336,0.16472645417209525
359,0.2548730723144408,0.6258039259057274,0.02576442466931711,0.04062029504039932,0.052938282070115424
360,0.3414552074732044,0.5400869004484903,0.021012428351580008,0.03893738649977265,0.058508077226952684
361,0.27615206961775585,0.6454273467509578,0.006932406365081669,0.03425096970772305,0.03723720755848154
362,0.06766044517787126,0.876072419551859,0.03109113094676703,0.012217480588657167,0.012958523734845552
363,0.02735713721953883,0.9351557314426079,0.026337214234256348,0.006018413195605378,0.005131503907991417
364,0.054048932781163295,0.4960696384522384,0.10330188570010672,0.016854670320564126,0.32972487274592727
365,0.47640176517290284,0.3930117578291597,0.01471196929627562,0.018942379872520197,0.09693212782914153
366,0.31387834885556326,0.6417400638083813,0.0159773972121475,0.008214223339848574,0.020189966784059273
367,0.11198091133477364,0.8528988991112655,0.011261240510459423,0.01150067823908334,0.012358270804418077
368,0.09412626767432064,0.8746476115934236,0.014406269039922148,0.0074537852751629325,0.00936606641717073
369,0.13828928975453084,0.8090827075626744,0.013048081583346237,0.02150830313554027,0.018071617963908184
370,0.09632594289658805,0.8657007704904871,0.02411567394663414,0.008095920991239004,0.005761691675051588
371,0.06835037964759717,0.9008155726998117,0.019118605732135235,0.006209955920312074,0.005505486000143644
372,0.21553628470650504,0.679474495424812,0.035869294219225085,0.0104072381989184,0.05871268745053945
373,0.2873645767852049,0.6758238949566084,0.010020024129861938,0.014642495097787474,0.012149009030537365
374,0.05592145993517561,0.9205757334369374,0.01763128205049864,0.0020956564938301365,0.003775868083558475
375,0.020414579888131647,0.9342105003978954,0.041489231856049094,0.0008202689851676278,0.0030654188727561637
