epoch,N1,N2,N3,R,W
0,4.199611932327673e-12,4.6509592914694255e-12,2.8761598113873044e-15,8.839312178347992e-14,0.9999999999910583
1,3.478912332227404e-05,0.00010367908718295615,8.960687608796941e-09,5.784873409781675e-06,0.9998557379553974
2,3.004294157184255e-05,6.705534277559816e-05,1.1801717222149402e-08,6.477601033659393e-06,0.9998964123129017
3,4.1897232904570266e-05,7.212287821749757e-05,1.143010220113859e-06,1.1899766900932653e-05,0.999872937111757
4,4.08740885864622e-05,8.24768663055593e-05,5.432329091118707e-06,6.753203589732915e-06,0.9998644635124272
5,4.935198805517468e-05,6.962153588515881e-05,1.2040868193846323e-05,7.0351639220359915e-06,0.9998619504439438
6,0.001336485800969948,0.0007198241911388729,0.00014401554950821163,0.00021224976682199237,0.997587424691561
7,0.0022852468393169912,0.00031325547934087273,1.609599252091942e-05,0.00012650947215998956,0.9972588922166613
8,0.00044952873112438405,5.558464886316823e-05,2.2465888440814142e-05,6.271147024426925e-05,0.9994097092613272
9,0.000406200423864529,1.841694819388526e-05,7.823973901483329e-07,0.00035757708682781646,0.9992170231437237
10,0.00017194837670633795,8.012184160327168e-06,3.0189974951786696e-08,3.1739639865172094e-05,0.9997882696092931
11,0.001183271671977636,2.564588670239362e-05,1.0660862218594818e-07,2.952109879418565e-05,0.9987614547339035
12,0.00015948019655843767,3.5482179326566404e-05,8.340205075988214e-07,7.047999978791075e-06,0.9997971556036286
13,0.00040260114054657974,4.611884606893308e-05,2.428561267043856e-07,2.3563086851485894e-05,0.9995274740704064
14,0.008098723046771925,0.0002602719997570933,1.3622689814529681e-06,4.879916308564086e-05,0.9915908435214039
15,0.059739821815495316,0.01553605649595895,1.4990644384382305e-05,0.00045728238373008307,0.9242518486604313
16,0.0031035979134209804,0.0006707216557118271,7.890831125805645e-06,5.374228508953364e-05,0.9961640473146517
17,0.0020547236726988663,0.00030544051900090023,4.43844478087713e-05,4.3538524286427256e-05,0.9975519128362051
18,0.4641201251809876,0.0046533329785838125,3.825327551296654e-05,0.0003058370366925707,0.5308824515282231
19,0.6537853639033917,0.030381778879591884,5.541829374308397e-05,0.0007379567142889944,0.31503948220898426
20,0.6636167766141848,0.10422384667080609,0.00010245116696982573,0.007567772901788831,0.22448915264625036
21,0.5883902293865019,0.10588547715915807,0.00010221471075651597,0.0477452740071876,0.25787680473639596
22,0.21480810537887607,0.3841875965868299,0.003261746350442834,0.006439670622328761,0.3913028810615225
23,0.5924411934567896,0.03863377044085092,3.9100026752068586e-05,0.0112920137964006,0.3575939222792068
24,0.35125694629488646,0.5854738787890733,0.00033190635985990097,0.009891990751141774,0.0530452778050386
25,0.1603195531902411,0.7997009373942644,0.0009181560160779003,0.008834337435392005,0.0302270159640245
26,0.35376019818205545,0.15035408556606894,0.0003968571076116018,0.00613555598841193,0.4893533031558521
27,0.09529649021637333,0.870407475846782,0.0011331954755705491,0.008271088186739965,0.024891750274534073
28,0.048535932485492636,0.9286575881066784,0.0026702105797479117,0.0015861272225859216,0.018550141605495007
29,0.3047249054287526,0.4469856547093059,0.0004989700926940206,0.011482293860350672,0.23630817590889672
30,0.18559252189597072,0.6270144203425744,0.000611778638228084,0.008921235084392761,0.1778600440388341
31,0.030137302613955714,0.951649264000273,0.0009591746893006477,0.0015336482229136071,0.01572061047355709
32,0.19527349012239648,0.6691937011618232,0.001367192721122074,0.001514236159206677,0.13265137983545147
33,0.32317243379860483,0.5908341876567561,0.0034289105771229075,0.006535022941359681,0.07602944502615641
34,0.13974530545153785,0.8161233011825935,0.0022337429189295726,0.004176077108873681,0.03772157333806546
35,0.14663430343600595,0.8269707735628111,0.002853769050102147,0.0019980061160589746,0.02154314783502173
36,0.07707136220606613,0.9095728792137537,0.0004826484507539824,0.003460708339431478,0.00941240178999461
37,0.08135105050197146,0.9058646491696892,0.0012652528256936666,0.001901314017006021,0.00961773348563987
38,0.020371236398041673,0.9724024775924045,0.001464004254847584,0.0013513135623931382,0.004410968192313168
39,0.03863604877742774,0.9528187674080707,0.001384506212287886,0.002327297004395516,0.004833380597817832
40,0.03144919723603416,0.9504877484664394,0.01163601829807922,0.0012343602318325296,0.005192675767614817
41,0.015221180083457889,0.9572899172046923,0.023421083742752802,0.0011192323723638589,0.00294858659673334
42,0.0062778828686621555,0.9559058786504715,0.03521767958877201,0.0004870211835414425,0.0021115377085529946
43,0.009821351622396165,0.9362499707982098,0.04979781510350249,0.0007957793242766425,0.003335083151614928
44,0.009858244710977307,0.9370199450919255,0.04773892370099622,0.0008344236089241228,0.004548462887176759
45,0.0024751858056614403,0.8672999103351098,0.12530419592434852,0.0004174004242481205,0.0045033075106321995
46,0.0523962718930891,0.8129236262636643,0.11987015660412491,0.0015377560774249735,0.013272189161696557
47,0.32739640591929486,0.6488223578145637,0.007807335156341348,0.0022623148080775407,0.013711586301722636
48,0.022021970606234714,0.9577777861407695,0.015489670633117247,0.00025223028076144886,0.0044583423391169
49,0.008075090421040298,0.7449236787585308,0.2424934171868144,0.00014859424190233754,0.004359219391712196
50,0.010008237511880838,0.940418581747914,0.04291315177064864,0.0002743780845783271,0.0063856508849783064
51,0.001571904737847559,0.7588942678851791,0.23485125783949923,9.844201633315579e-05,0.004584127521140834
52,0.007267278097386145,0.7769436934651182,0.20619692302722206,0.00026455694135520304,0.009327548468918504
53,0.0039896710684872785,0.7374278791303857,0.25243934249901234,0.00019656977832313251,0.00594653752379172
54,0.0078971401183178,0.7312225686566113,0.2552780053887725,0.0002614148790850742,0.00534087095721325
55,0.002621455490161262,0.4050933675432376,0.5884585311079595,6.284813658311754e-05,0.003763797722058474
56,0.0050956710843762165,0.7515214141169921,0.23866885016178646,8.909891520213881e-05,0.004624965721642859
57,0.0028737564059933677,0.4896068696446577,0.5021035059773297,8.049143214967271e-05,0.005335376539869539
58,0.0019333997359263096,0.2616200799790763,0.7335454592736969,6.36400541217856e-05,0.0028374209571787375
59,0.0014841532555425621,0.26269084644690954,0.7323045993637874,3.85051495397825e-05,0.003481895784220629
60,0.0015303948303695845,0.25287460945798534,0.7424819297518738,6.171489618846258e-05,0.0030513510635827327
61,0.0037161002963531113,0.5382844618434128,0.45212570344991226,0.00013287797559846724,0.005740856434723289
62,0.0019912996675783778,0.5689710135083145,0.4244729752469906,0.00011942540045242663,0.00444528617666412
63,0.0011308508871493515,0.11833005073308435,0.8788655960906679,2.7813867658597086e-05,0.0016456884214397212
64,0.003293804273187859,0.9058849153493301,0.08605206661838423,0.0003261156505647603,0.0044430981085330935
65,0.001289190819845995,0.31446558709418815,0.680820527632979,0.0002505665459312197,0.0031741279070556403
66,0.0029916098341359458,0.3579483510302137,0.6317921459932081,0.0004215130429147903,0.006846380099527311
67,0.12499130014926299,0.8375396128064978,0.024372356490416913,0.002138469056894738,0.010958261496927567
68,0.009434382322311483,0.8247362215493438,0.1601094722203047,0.00044788429095023803,0.005272039617089737
69,0.0029456906662676807,0.6866938703076993,0.307778098881775,0.0001758986280308208,0.0024064415162271505
70,0.001899329791146308,0.5315198904417839,0.46389418185094167,0.00011342539030499104,0.0025731725258230998
71,0.0029374804542731184,0.45788185573768747,0.5356680442352674,0.00021144821781439023,0.003301171354957731
72,0.0025036979073608918,0.6524407397647786,0.34118828474351415,0.00022203622790302897,0.0036452413564434416
73,0.001358042551086352,0.2791933749085823,0.7169130575112247,0.00015329734018796988,0.002382227688918723
74,0.00265029496312829,0.7198593398249157,0.2742546659376693,0.00028126578979740684,0.0029544334844893243
75,0.0016867619273563139,0.3615562572219848,0.6308140409681824,0.00019969241665607717,0.005743247465820393
76,0.000698692309187966,0.2570677820314768,0.7399627083680492,0.00016176018597217966,0.002109057105313675
77,0.004551819137087265,0.32896380649199486,0.6560564812456254,0.00042375955016857943,0.010004133575123803
78,0.02087272184441259,0.7401351320671491,0.21922698222230783,0.0011299834784973338,0.018635180387633305
79,0.023626954128547338,0.6885554202757229,0.2788434404293223,0.0005117206477858383,0.008462464518621458
80,0.014739032359435593,0.9137691385674616,0.06604632353424855,0.0004251170640614155,0.00502038847479303
81,0.008729731431910324,0.864808891196196,0.12236273366588406,0.00024255727417364376,0.003856086431835949
82,0.002551889593581499,0.407345583030791,0.5876115583535967,0.0001147304959533795,0.0023762385260774803
83,0.0048864730502577785,0.7159097900369046,0.2761618447854054,0.0003171184040152423,0.002724773723416965
84,0.0015399863303508642,0.6596029502286762,0.33703621381828824,0.00010310824593072286,0.0017177413767539493
85,0.0029172937917907858,0.8709144510671903,0.12379844530812739,0.000247553049836487,0.0021222567830549
86,0.002938544740050562,0.5832933280031436,0.41054269278299144,0.00013700431464265365,0.00308843015917182
87,0.002623441072733272,0.651382346748591,0.3433924139608582,0.00023047871456428483,0.002371319503253279
88,0.0004670835843575701,0.1401467285285327,0.8578805051251888,4.2893731569848846e-05,0.0014627890303511779
89,0.0009359575153549702,0.37542160801070895,0.6211445534994126,7.500876311718844e-05,0.0024228722114064097
90,0.0006220041238321532,0.10405932335559674,0.8919074252883534,3.33977107041604e-05,0.003377849521513376
91,0.0005527075832074193,0.13511587536652966,0.8625669342906259,4.053440864574221e-05,0.0017239483509913008
92,0.0006995692263775646,0.1677452668661906,0.8286809519452594,3.650744161832974e-05,0.0028377045205541128
93,0.00036287375204942886,0.05245753437009723,0.9457376961459034,1.865213083887078e-05,0.001423243601111159
94,0.0018323347244734106,0.2230818296735786,0.7724631343910795,0.0001274766732199056,0.0024952245376485428
95,0.003210338596033266,0.7281920891516482,0.25975228139399076,0.00021565030923683385,0.00862964054909106
96,0.0019707519691272747,0.45143587814840286,0.5442982448917544,0.00011739856658561653,0.0021777264241299226
97,0.0012113822589541997,0.6509322644867921,0.34559265616901186,0.00010888643624322067,0.002154810648998639
98,0.0018399358035043553,0.30700367792682515,0.687088332313031,8.799238623749706e-05,0.003980061570401971
99,0.00025236570635951136,0.10691362656336159,0.8922596812912384,2.0056918620454555e-05,0.0005542695204200716
100,0.0007150120225320691,0.22545243758501438,0.7726694364631053,4.902031258530824e-05,0.0011140936167629756
101,0.001580791763627688,0.3539241806340371,0.6427420733475505,7.809938622425035e-05,0.0016748548685606313
102,0.0009212799364174369,0.1338578402555158,0.8622070902784189,6.084553033824903e-05,0.0029529439993097387
103,0.002081121767521556,0.2536174548613808,0.7416977246457553,0.00016501588860861978,0.002438682836733743
104,0.003253999121930516,0.6984283836325195,0.2960145226309238,0.00025548966326506106,0.0020476049513611268
105,0.0016266872114230923,0.255624455181029,0.7402929177967131,7.46178980495014e-05,0.0023813219127851327
106,0.003747525748251284,0.5816198426072174,0.411373653814889,0.000364284426823139,0.0028946934028191004
107,0.0015667197469290178,0.4414470112634549,0.5551414328691101,0.00011752518510551598,0.0017273109354004573
108,0.0011721928993061778,0.22578501989466146,0.7706720195027106,4.602990518134807e-05,0.002324737798140463
109,0.0025865786656673272,0.35071800737403663,0.64364243231158,8.414189970409212e-05,0.002968839749011964
110,0.0012284028628656036,0.18082260506550543,0.8153087459368769,5.930865476226311e-05,0.002580937479989855
111,0.0007550045402046737,0.19950929509331053,0.7982153103225237,3.825513395152101e-05,0.0014821349100096665
112,0.0009592328258351783,0.2815835959996561,0.7157920225935871,4.770144535863194e-05,0.0016174471355630874
113,0.00046473799910576617,0.09374076121127463,0.9050142955366239,2.2013014803179886e-05,0.0007581922381924319
114,0.0003564706316935218,0.06263814778957677,0.936046411975983,1.8060110365332558e-05,0.0009409094923812736
115,0.0004290233340201363,0.0971349612305504,0.9009418089217157,1.946673763314813e-05,0.001474739776080618
116,0.0011219415034192989,0.14063479311519048,0.8531246965756857,9.651316456602139e-05,0.005022055641138654
117,0.0007647221206678097,0.1844135271722418,0.8131431930905473,8.906164875375655e-05,0.001589495967789247
118,0.0021034581374339387,0.308793349455834,0.6864016743163032,0.00014553607258442863,0.0025559820178445245
119,0.0039390094970578335,0.48099369860870467,0.5094409015931595,0.0004431210357568324,0.005183269265321165
120,0.003913417657849424,0.23254540868433896,0.754930652746327,0.00040345743370898596,0.008207063477775703
121,0.3043294393670603,0.36148049549122446,0.05544647831890373,0.003985815794649537,0.27475777102816207
122,0.1746638210005967,0.7317887131045095,0.04348378918988087,0.003152008609388198,0.0469116680956248
123,0.4601919732794006,0.5076263791813012,0.00398550485346713,0.01227272025952492,0.01592342242630611
124,0.20003541438890796,0.7749260795306503,0.00534797553648423,0.0037643401101310143,0.015926190433826586
125,0.015231071974547908,0.9552167310691234,0.025080312266157687,0.0014558758167675684,0.003016008873403353
126,0.00676415986152447,0.9542367783625023,0.0342496118419563,0.0021758991825394603,0.0025735507514774107
127,0.00662960736750953,0.929847434693255,0.05392130174500742,0.002799618905981214,0.006802037288247037
128,0.030817842691832405,0.9174487147999627,0.010901218676993805,0.029638418971185253,0.011193804860025944
129,0.03020262724273665,0.9128378628872749,0.014828735794425722,0.034066449429351955,0.008064324646210772
130,0.08749766733557438,0.828053769012876,0.008883394666425579,0.04685271796035472,0.0287124510247696
131,0.17005289246961672,0.3450706565073142,0.002134322294569294,0.4619206623908044,0.020821466337695375
132,0.1258267235308818,0.30626931312183986,0.00038965309846817817,0.5404577532743452,0.027056556974464845
133,0.08769286428395316,0.08647108146767797,0.00028054107652020633,0.7147303248911321,0.11082518828071662
134,0.09805579310075975,0.047269941608238435,0.00010788587335456642,0.8427401422782996,0.011826237139347598
135,0.11192873039552258,0.0991351501921383,0.0003094016299644653,0.7700885518246293,0.01853816595774537
136,0.04073970808729462,0.023736547851173222,9.183691359561793e-05,0.9239483713332358,0.01148353581470074
137,0.009686751331160757,0.006220484090294067,7.618148593880168e-05,0.9767003911328582,0.007316191959748046
138,0.008046114557553507,0.014437967916529772,0.00019600541020888673,0.9599091761383741,0.017410735977333766
139,0.002244975673508297,0.0022752851922664716,5.483324163449387e-05,0.9874465446444247,0.007978361248166057
140,0.005260470931668135,0.0032261172511568307,0.0001241733204402616,0.9767492461088245,0.014639992387910201
141,0.005430887016202101,0.003504827837354794,0.00012630899127924431,0.978518046926983,0.012419929228180826
142,0.0060409312634405665,0.0029103107400038465,5.7155340804668724e-05,0.975487461489817,0.015504141165933972
143,0.003683355597537418,0.003582183326320451,7.04580669474444e-05,0.9865999215242586,0.0060640814849361475
144,0.003648451644958047,0.0027092709526395035,4.288735585477183e-05,0.9807719680402994,0.01282742200624819
145,0.01035674684829855,0.003938895707400661,0.00011721220544121157,0.9621762638776193,0.023410881361240223
146,0.008822985533209093,0.002561040806652474,0.00010593409535898348,0.9789523601342693,0.00955767943051007
147,0.006869320987840548,0.002662034468195332,6.74311188253142e-05,0.9725524018654834,0.017848811559655394
148,0.01672458080585899,0.004894169905176035,7.257039271497402e-05,0.9566167896190978,0.02169188927715213
149,0.024371542647671454,0.007302116993552275,0.0002888404027537541,0.9104071787115267,0.05763032124449584
150,0.006743107502450178,0.002871164616370657,0.00010689738126640566,0.9727036285377247,0.017575201962188054
151,0.026011954180158045,0.004430196762708464,0.0001388298457465281,0.7136627025617636,0.25575631664962345
152,0.008521455512168648,0.00239700706308091,1.6406036634170258e-05,0.9817789811200973,0.007286150268018899
153,0.017982780577160715,0.0031419486270800275,1.2425711103934502e-05,0.9418965969889863,0.03696624809566896
154,0.04021773527916603,0.004168438476521109,3.6943271211177216e-05,0.9168168117705972,0.038760071202504506
155,0.006760017485712692,0.003680798417032266,2.738223164178807e-05,0.9807714245169692,0.008760377348643966
156,0.005796127444848733,0.001895022107153682,1.5201123502873287e-05,0.9871576524651429,0.00513599685935198
157,0.00395520128043451,0.0007914754643140952,1.5447646169645717e-05,0.9851676099933111,0.010070265615770662
158,0.011921901477155423,0.0015788350023069,2.465649620820663e-05,0.9562086699426067,0.030265937081722902
159,0.03127129581192819,0.006864625044650272,3.3193319961430633e-05,0.9121679329320207,0.049662952891439224
160,0.07876710589717069,0.011029518867589478,3.921108939496007e-05,0.8810877387522901,0.029076425393554803
161,0.08121051812776311,0.025774621648189944,8.705098512401549e-05,0.8822549495919162,0.010672859647006575
162,0.10656687352024659,0.025782560195349805,8.049961321616364e-05,0.8522609152921458,0.015309151379041815
163,0.0666828401780615,0.2612303638660667,0.0005720747846407378,0.5354893410918744,0.1360253800793567
164,0.0830267292689247,0.26042128688157995,0.00023076661911814,0.6044025701918143,0.05191864703856306
165,0.11808086685471385,0.37725362475058677,0.0006771595125603586,0.4419592486243977,0.06202910025774142
166,0.2967316616579667,0.09597156454260969,0.00029207983194081007,0.39169247079729186,0.21531222317019083
167,0.2237145340060391,0.5705872812990098,0.00018286063724954702,0.15726706437997606,0.0482482596777257
168,0.1917844061951555,0.5036994702394132,0.0002568880406136452,0.27544565640464796,0.028813579120169675
169,0.32722923699346534,0.3922271794061465,0.0004258771290443723,0.2522852391714965,0.027832467299847268
170,0.054528614461691036,0.8341609116926378,0.0005994746000227049,0.1034034642673738,0.0073075349782745274
171,0.034468249352240396,0.9030800709090778,0.014697080415464123,0.03934099987296769,0.0084135994502501
172,0.09831519833629465,0.46703758767276093,0.0006266662230358847,0.4217220334194964,0.012298514348412191
173,0.11723814064764397,0.23213284197021916,0.000260830595402813,0.2738531415600695,0.37651504522666446
174,0.2764856127162524,0.2849461240918375,0.0005469452362784332,0.29605579894897827,0.14196551900665333
175,0.6948525001452044,0.0752994933448645,5.296948014872833e-05,0.03857876378680032,0.1912162732429822
176,0.6104247669451984,0.3474372159546688,0.00022307519762756496,0.01258672837455737,0.02932821352794801
177,0.29809842431379074,0.6803267061622524,0.00018935531552174262,0.012271852390844863,0.009113661817590194
178,0.10355517640540927,0.8828831757269416,0.0003949972451820403,0.006802573196359669,0.006364077426107398
179,0.10407375427252341,0.8481165778862542,0.0010588560474171676,0.04287463255152359,0.0038761792422817385
180,0.12562674545077168,0.8322656592326911,0.0006760954464512475,0.028950217255340634,0.012481282614745147
181,0.02198453902908068,0.9714589699640214,0.001129118846997884,0.0029184256133837215,0.0025089465465163744
182,0.00819086469658062,0.9855925997183801,0.0006449538403775883,0.0037082639908093797,0.001863317753852187
183,0.039665584299634675,0.9471177469636282,0.0020271821712105533,0.007336761037696008,0.0038527255278306646
184,0.010358687897693251,0.9835579451403554,0.0006171342168891909,0.0024583216796947556,0.0030079110653673346
185,0.008838268010185243,0.9765391079374784,0.006789950924265862,0.005916234998320447,0.0019164381297497642
186,0.015408867792978596,0.9777343611704956,0.0007818039150867347,0.003971490799572308,0.0021034763218668183
187,0.017892219211540383,0.9708413066430172,0.0048129182055808096,0.003710780010177616,0.0027427759296840444
188,0.019901237368502207,0.9659906891568529,0.0033390242520952413,0.007612792216358908,0.003156257006190502
189,0.010482728256588006,0.9384105190006964,0.04521915304903715,0.0038226042498301603,0.0020649954438483943
190,0.007642516597136543,0.9794548438891656,0.009361633243203767,0.0018608556299240795,0.0016801506405701202
191,0.008469409254795527,0.9707765267994827,0.01626601349027127,0.002449405172264969,0.0020386452831851914
192,0.015595981499388775,0.9634068618894585,0.011480313979621706,0.003638557835845212,0.005878284795685841
193,0.01699337982885522,0.9734887812223569,0.004762161786369485,0.00275468249921652,0.002000994663201767
194,0.015033333823787668,0.952152077809592,0.026891991921158452,0.0038912889686572812,0.0020313074768047437
195,0.012379891237220117,0.9655287813016171,0.01634954416675179,0.0038196493475616774,0.001922133946849055
196,0.006311799746661006,0.949650208292709,0.03879532887266311,0.003772019286505801,0.0014706438014609607
197,0.00911824653332752,0.9181000649146279,0.063928637137406,0.004181625450924806,0.004671425963713641
198,0.021022675231863918,0.9045406627176288,0.060783214767868625,0.0086821827338341,0.004971264548804666
199,0.042073748121633926,0.9448654044963554,0.003944609309163378,0.005277034065425675,0.0038392040074215973
200,0.017080236902784734,0.9623804754261299,0.015113271734398864,0.0037263101231428002,0.0016997058135436532
201,0.02872383207913515,0.9562699934595174,0.008939304077271646,0.00253564534685653,0.0035312250372194413
202,0.014618144801803654,0.9737731100905322,0.0067024313503813516,0.0031452676348310634,0.0017610461224516064
203,0.017977874979953717,0.9739297023650532,0.0020165043100651607,0.0036577810608053036,0.002418137284122404
204,0.005196484427688956,0.9170658163326456,0.07339362659732362,0.0022113899475925286,0.002132682694749253
205,0.036258911277409205,0.9443805660814454,0.007756137482230657,0.007568331176918549,0.0040360539819960925
206,0.03292272688585036,0.9488538839660622,0.01158588013526255,0.003794649550755912,0.002842859462069003
207,0.0133421830347927,0.927004165346743,0.05442193103829905,0.0018971309178523535,0.00333458966231283
208,0.006970209076928535,0.8820280763490504,0.10783359702617333,0.001093860167544216,0.0020742573803034566
209,0.012231229494073409,0.9427785198500015,0.03971805078227351,0.0011517519457666986,0.004120447927884772
210,0.010718039789559439,0.9249136235300291,0.05922917183176252,0.0014059989266772728,0.0037331659219718067
211,0.008838677032214973,0.806446379646841,0.18028493842609322,0.0012821852481546023,0.003147819646696197
212,0.011470531647758565,0.7910396512193916,0.19201199790623907,0.0016134489045532463,0.0038643703220575996
213,0.006606408515234619,0.7841787366806974,0.20460465913811107,0.0011025894138279363,0.003507606252128885
214,0.011149869477015923,0.7316782424442682,0.2472487666108238,0.0017649961170699148,0.008158125350822344
215,0.3471567256085677,0.17637629113467804,0.0016491764345488193,0.010743130630153494,0.46407467619205195
216,0.510517813146261,0.3374018556432011,0.0011173592248349456,0.01183143356527279,0.13913153842043025
217,0.6286354207784947,0.27963651705403036,0.0006837781199991064,0.005828765828369398,0.08521551821910658
218,0.29579928456021165,0.6889833647346858,0.002018888481806775,0.0032713222199004925,0.00992714000339528
219,0.07390956235162235,0.9150360257867188,0.004807650385945976,0.0017724683840257918,0.004474293091687083
220,0.020806741224274755,0.974885071051026,0.002057321404325085,0.00090260746947221,0.0013482588509018986
221,0.004420336651874347,0.9907933796869731,0.00269021881364556,0.0011046850402057532,0.0009913798073009742
222,0.007108492269661682,0.9802039036212227,0.009200492062631946,0.001733852262863342,0.0017532597836205036
223,0.004253203856205965,0.9621816491587383,0.029325006256868173,0.002172400150976044,0.002067740577211362
224,0.006045416825855251,0.97183012587142,0.016683973004938055,0.0037582737664333407,0.0016822105313534386
225,0.005774884190741641,0.9642231091854413,0.025415291395724193,0.003228557083522034,0.0013581581445708628
226,0.02117342290955269,0.8655053702668638,0.09195711821239243,0.014457507686620274,0.006906580924570773
227,0.0037305661854626256,0.8981956363684216,0.09341079197957844,0.0020416542060073682,0.002621351260529963
228,0.007932221896141544,0.9714309953169064,0.016213302832702652,0.002551737668307883,0.0018717422859416554
229,0.004863302060752455,0.9670651647419222,0.02244999497939931,0.0037471560121290887,0.0018743822057969838
230,0.005408479597874914,0.9168590656986694,0.07236369835618134,0.0023297509794072287,0.0030390053678670654
231,0.00846511440316649,0.8632717463093199,0.12416343609035364,0.0014946140179868655,0.002605089179173021
232,0.007271334939320714,0.8574312556770113,0.13137072032138655,0.001218636991616853,0.002708052070664597
233,0.005168797062740521,0.7930972219121042,0.19838006820463602,0.0014683976246767552,0.001885515195842548
234,0.008370926254272939,0.7901833980619284,0.19613654153565632,0.0016444492990254828,0.003664684849116856
235,0.005863704675628682,0.8610523920713632,0.129848933117123,0.0008593573767156898,0.002375612759169332
236,0.0019996987452109644,0.8527450455456852,0.14324704192509533,0.00019426361287884424,0.0018139501711296679
237,0.0010684332769452473,0.4617166229753849,0.5347416916496657,0.00015977346866728016,0.0023134786293369305
238,0.000543689215362423,0.14605235350396584,0.8525352374454768,6.56008621337208e-05,0.0008031189730611935
239,0.0008735988146499942,0.5276170272996715,0.47018382137012354,0.0001774280405530261,0.0011481244750019138
240,0.0008621267097608271,0.2070142335069672,0.7909557785819487,0.0001378934483246335,0.0010299677529986859
241,0.0012670672316222346,0.3089372490428724,0.6863259537791461,0.0002464279007409365,0.0032233020456183
242,0.0007351719446543315,0.22000754476532475,0.778309043697394,0.0001261305343303031,0.0008221090582966902
243,0.001792614603838441,0.38973379723195234,0.6069058331737357,0.00018874402308185535,0.0013790109673915958
244,0.0013271433231415162,0.1326234550904275,0.8647290162289071,9.436645230783432e-05,0.001226018905216063
245,0.002027540619259845,0.3253061985786513,0.6705689381268246,0.00024440475652484476,0.0018529179187394733
246,0.0010808080560024518,0.10779611684508554,0.8899082488113824,5.926510204021761e-05,0.0011555611854894
247,0.0022221699676814657,0.5238311310065824,0.4723375063541608,0.0002589604753987819,0.0013502321961765698
248,0.0033973798808578123,0.3811792381107168,0.6111606128180116,0.00040416351757929455,0.003858605672834614
249,0.003451839609880141,0.48378328467975434,0.5074179811017551,0.0006492627176215866,0.004697631890988799
250,0.003627976617487446,0.22174595142572814,0.7725140951007053,0.0002580580580311633,0.0018539187980478786
251,0.0013643451508349156,0.11654301100388907,0.8809930943361826,0.00015099355061579212,0.0009485559584778192
252,0.0014664231461243133,0.13177534198773727,0.8628626964441133,0.0001909168380790002,0.0037046215839460863
253,0.0018750301893589794,0.556479477337027,0.43947135040099283,0.000247170321928192,0.0019269717506931296
254,0.0002742493834550455,0.027488880858507602,0.9713765239388372,3.8012308357129816e-05,0.0008223335108429587
255,0.0017257205172686405,0.6157949623526613,0.37985918669357854,0.0003687097271813755,0.0022514207093101107
256,0.00015289000255762,0.05816078481260837,0.9403388512520161,3.7039114496178356e-05,0.0013104348183215868
257,0.0008050953849345602,0.40060977569054124,0.5964379759237074,0.00031260716248537206,0.0018345458383314014
258,0.0006768934703244345,0.11788028135119502,0.8793721372280516,6.77472609960619e-05,0.002002940689432842
259,0.0008403443439198112,0.05654286084158839,0.9411429086179668,0.00010282666306652731,0.0013710595334585985
260,0.0011303303975152392,0.1721033050414483,0.8249916343562463,0.00023076394698767598,0.0015439662578024464
261,0.0014000451819168908,0.49083125451513837,0.5057338810032511,0.000469141018864716,0.0015656782808290122
262,0.0011345933241899125,0.15223031955136404,0.8443662843270408,0.00028014271138688835,0.0019886600860182977
263,0.0003601902560486723,0.054169559239055774,0.9439566111224752,0.000135817002918098,0.0013778223795021592
264,0.0021283005827682834,0.20971415359078086,0.7851361638540219,0.0006399593758299641,0.002381422596599108
265,0.0025412461089880257,0.13136755104417522,0.8625433603992558,0.0005655512034933621,0.002982291244087801
266,0.003023957544971967,0.13969611232753823,0.8506677293147201,0.0010280993810160824,0.005584101431753672
267,0.006580517179518282,0.1832365375377032,0.7928502732286503,0.0017992982814294771,0.015533373772698715
268,0.09813981391226466,0.781997985333545,0.09180949629470297,0.007672045138510724,0.020380659320976654
269,0.23848639600223914,0.1603313642434138,0.009982422899864323,0.012154680966797083,0.5790451358876856
270,0.6244320351834017,0.2901203926852608,0.0015684071120039764,0.011306058798940822,0.07257310622039262
271,0.10971256375340782,0.8269030499641246,0.015071057585004665,0.0027786655517358858,0.04553466314572701
272,0.05492011597650779,0.6774458712837643,0.23303824795175185,0.003374522727384207,0.031221242060591875
273,0.12017134407970924,0.8546379654331988,0.005390898943438389,0.0070170442632892715,0.012782747280364047
274,0.0428117465050279,0.9471658833517502,0.0022932804767566263,0.002423302226607209,0.005305787439858036
275,0.09786404834917181,0.8806204660010725,0.0007278504588226688,0.016395770929782318,0.004391864261150745
276,0.02380277075110373,0.9233264904390549,0.005798021401905162,0.0025593670801630952,0.04451335032777296
277,0.4484446627270743,0.3379113542412722,0.0034993995867798264,0.013200094776147486,0.1969444886687261
278,0.11169776766007411,0.8676027502626585,0.0005262967207206804,0.0037501808378681747,0.016423004518678397
279,0.5834643647746607,0.3065931847309393,0.00035484209124706493,0.013781020495449034,0.09580658790770381
280,0.10474786744505181,0.8654890645278319,0.003531548681772309,0.0019384852466443837,0.024293034098699463
281,0.31647525427193063,0.6333903179377217,0.0003341050925350222,0.017108283360385085,0.03269203933742756
282,0.3894918722032709,0.5748900426719318,0.0011990317123898682,0.013920439499886533,0.02049861391252071
283,0.03817713783059421,0.9526441139212716,0.003506509425965769,0.0016669198188474397,0.0040053190033209115
284,0.17427971258091188,0.8082383124921891,0.0006647564852479113,0.01386233864349987,0.002954879798151246
285,0.03872982311153003,0.9039014169061604,0.048689113564275306,0.003402443184169265,0.005277203233864914
286,0.08094508092438389,0.8932600376272753,0.002858056354467192,0.01711943258595435,0.005817392507919241
287,0.05183071774439375,0.9298543133322834,0.004949469338503845,0.006399939164920627,0.006965560419898347
288,0.018162547323549754,0.9685965080807208,0.004400126819962755,0.006592261511325493,0.00224855626444112
289,0.015279370961342952,0.9493866790894474,0.01932524489630509,0.011271617192874374,0.004737087860030232
290,0.02471847821280472,0.8470622225733487,0.005611237143307082,0.11955112530257338,0.003056936767966201
291,0.054487819694312024,0.5777586227965352,0.002528358599537492,0.358056428014233,0.007168770895382196
292,0.03639365294961307,0.13313164753478984,0.0004382167790733066,0.8226931703473228,0.007343312389200975
293,0.022611402466639265,0.01794596589302671,3.957675033692127e-05,0.951208036076998,0.00819501881299912
294,0.04449665112249757,0.04703700692977048,0.002437327109659411,0.7936680445557207,0.11236097028235177
295,0.1215189007125357,0.015122829733132266,2.652164087282508e-05,0.8584791699120187,0.004852578001440469
296,0.0443425278111133,0.006224680683981197,2.3313954590116902e-05,0.9466986305455762,0.0027108470047390214
297,0.02359868189578781,0.012217740874021115,4.073106276663391e-05,0.9615916010123128,0.0025512451551115613
298,0.01006956444591738,0.004778156992999642,1.5361551351428147e-05,0.9815996920126864,0.003537224997044984
299,0.008905010463509846,0.0042437742132592415,1.576127029130203e-05,0.9844933224438155,0.002342131609124138
300,0.015248378854826704,0.0059270176639033625,2.841166562642675e-05,0.9761505831758811,0.002645608639762474
301,0.030764035870673643,0.01287500756376334,5.141489254933823e-05,0.949396773726335,0.006912767946678663
302,0.010588582334839901,0.006338501686431973,3.008008141355532e-05,0.9816441242981611,0.001398711599153643
303,0.006356367979080207,0.0038302510374620936,3.45661392298419e-05,0.9872825565411816,0.0024962583030463583
304,0.0030184190925303155,0.005388719153928414,9.608736432179213e-05,0.9896499450560847,0.0018468293331347784
305,0.0032025361348288583,0.0033266288877526716,4.37448003301057e-05,0.9913228369913808,0.002104253185707544
306,0.0017855861781359624,0.0015099023111165696,1.5555343521955855e-05,0.9945604935023714,0.0021284626648540896
307,0.0016059892190682058,0.0020647704237863117,3.3229125722296326e-05,0.9949484554702117,0.0013475557612115142
308,0.0055219679755831395,0.002332365854935652,3.078783022489195e-05,0.9857352853658315,0.006379592973424745
309,0.003176763365653406,0.0034616515290347943,2.1454671532357745e-05,0.9919174006400036,0.0014227297937758074
310,0.0032424964678637413,0.0013631332062709418,2.6955686911781184e-05,0.9943104426942869,0.0010569719446666417
311,0.002553704441275332,0.0017299345842219014,4.15766795342489e-05,0.9939392143690495,0.0017355699259188034
312,0.0026235741521137804,0.0013672362121948712,1.997647990571828e-05,0.9943488198672842,0.0016403932885014861
313,0.007717079975365308,0.0015869078202345773,1.4229325137872354e-05,0.9654685875360796,0.02521319534318265
314,0.01995739237660585,0.012530038639908786,2.7908463599348378e-05,0.9604784730600243,0.007006187459861621
315,0.07102672287280354,0.013977102769403728,3.0087789244215794e-05,0.813591260455657,0.10137482611289167
316,0.12907584028106034,0.02128381351290149,8.100563991018506e-05,0.828378988530224,0.021180352035904144
317,0.047277303301259364,0.019120940795619448,0.00019410679115505706,0.5654540187630949,0.3679536303488712
318,0.2133962072210464,0.023368864945789495,0.00010639829794597182,0.7221752993645782,0.04095323017064003
319,0.08561268867549991,0.02432428265212731,7.772815594517577e-05,0.8810117155288079,0.00897358498761971
320,0.19395860534479603,0.04774252137617551,9.330595283285513e-05,0.7454333542425564,0.01277221308363907
321,0.06568146295445634,0.043455649739242236,0.00019789943830390958,0.6980307144900912,0.19263427337790623
322,0.1506945311888455,0.11683649930440557,8.044767183406467e-05,0.704582475956107,0.027806045878808014
323,0.2959089915943372,0.04441112493272713,7.74146798973229e-05,0.6387008154838597,0.020901653309178713
324,0.1127800012838565,0.6157309092157416,0.0003993359043858917,0.24438873845741896,0.02670101513859713
325,0.0654355111754319,0.07583070415010092,0.000243348819806986,0.8530510995318524,0.005439336322807622
326,0.10853781745888745,0.0469512883548708,0.00023000557374559886,0.45372655262039574,0.3905543359921003
327,0.22543641199908568,0.14365808082811174,0.0001765188208421202,0.5659488671044428,0.06478012124751766
328,0.14811250132520157,0.1321650894644558,0.0002685785365972164,0.5741342798445239,0.1453195508292214
329,0.31730450122964987,0.2888801168820493,0.00020455033390498085,0.3743381892129264,0.01927264234146948
330,0.13085493100729298,0.3478077416182223,0.00015294418190119223,0.505312043396271,0.01587233979631263
331,0.06951094592134702,0.5208578857729568,0.0007341871091426808,0.39525556293598596,0.01364141826056749
332,0.04887726390787887,0.34268719847168055,0.00034428162167129733,0.5889048642517629,0.019186391747006315
333,0.058430923589887065,0.34203744473664593,0.000729361609459122,0.577748709624087,0.021053560439920807
334,0.03813966971794865,0.15089655901956925,0.00011007105656894434,0.8041243733836606,0.00672932682225248
335,0.04713994093024301,0.4136163319902349,0.0002092272577945641,0.5277515169884383,0.01128298283328921
336,0.04603902492442416,0.392836224636573,0.00032247455493069916,0.5489829160174178,0.011819359866654238
337,0.05405652172823866,0.3445275984678229,0.00022840159228960962,0.5908925041111462,0.010294974100502622
338,0.056617382475976336,0.20393239691061332,0.00012375645369116383,0.7331297927125741,0.0061966714471449955
339,0.09863997697428936,0.3028387627723392,9.45997107468156e-05,0.57992266413129,0.018503996411334614
340,0.12075491707833676,0.363186913245927,0.00015234146234416494,0.490578063295732,0.025327764917660096
341,0.09331542092224025,0.6226799531078558,0.0009756754383161915,0.24952596657056345,0.03350298396102427
342,0.23775352107981076,0.09839796485179171,0.00024403255577562513,0.5761131772201559,0.0874913042924661
343,0.07959164591847204,0.7079431634074457,0.00047858384008924956,0.20016146095082615,0.01182514588316692
344,0.04552716758697354,0.8365419120402017,0.00016630447525788945,0.11434377968341956,0.0034208362141473873
345,0.13991091531441815,0.6247648672325214,0.00017673350056387457,0.2084245526755971,0.026722931276899543
346,0.007430396481966734,0.9686603125005868,0.0005165417491385528,0.02059082321861929,0.0028019260496887854
347,0.07203849952261954,0.09562861396965412,0.000124494067056592,0.16702021503324338,0.6651881774074263
348,0.10744573630653963,0.6723494671843058,0.0004038027573607448,0.20650355189013278,0.013297441861661142
349,0.05074739411697224,0.7701383490508678,0.0002556579302748435,0.1735322826173229,0.005326316284562486
350,0.05105167726583247,0.7496429217729565,0.0020334542377612335,0.16849907606715414,0.028772870656295503
351,0.08358111492186862,0.4050789995371046,0.00033453817316252517,0.48113542766490325,0.029869919702960986
352,0.09093231217188637,0.31386840597277654,0.00020483205275279736,0.5406146129919368,0.0543798368106474
353,0.2043211617933842,0.05277984914314975,0.00026190322919874604,0.5096931546133953,0.23294393122087204
354,0.1428924265235384,0.1718175719895493,0.00015395020927997773,0.26630467986822265,0.41883137140940957
355,0.11651866146355294,0.011857223383056767,2.7723502195248638e-05,0.039904044014193306,0.8316923476370016
356,0.5155211711198446,0.10169206986643599,0.0002847786129946941,0.08154993635048313,0.30095204405024156
357,0.7936236966209075,0.06578819009210277,4.7150241496861484e-05,0.11084692854934537,0.029694034496147676
358,0.2996639563762559,0.13627848803713452,6.283174930328796e-05,0.15269324490365074,0.41130147893365543
359,0.5266139248837192,0.21709230612991431,0.00012474286206430908,0.2202170759936077,0.03595195013069442
360,0.10979145257806103,0.8419058777743673,0.0001478931460734601,0.04036646135922706,0.007788315142271311
361,0.18515011784879684,0.7349392133091996,0.0002413626261095401,0.06451883543733992,0.015150470778554286
362,0.05868446694213473,0.9193253300215617,0.0001729759404447221,0.01969460917262926,0.0021226179232298145
363,0.05605499745285988,0.9138242358163676,0.000349282848177394,0.02506142150237764,0.004710062380217437
364,0.011876741245903127,0.9826979456805275,0.001138732480319885,0.00273885287512682,0.0015477277181225456
365,0.042728232847095586,0.9478045396246545,0.00015681006427927782,0.007274033374154631,0.0020363840898158358
366,0.009296642577922908,0.9854557681162135,0.0021578066261528184,0.0010973283924645306,0.0019924542872461182
367,0.011360061780920467,0.9843667587832509,0.0011334495206419995,0.0021660692468276383,0.0009736606683589866
368,0.012288833244625114,0.98177905138092,0.0010765856589854828,0.0027596444070444462,0.0020958853084248447
369,0.02786043099838419,0.9550773243843637,0.0032206943776491464,0.005384094634080045,0.008457455605523021
370,0.010261947473510615,0.9850399239222777,0.00026117191011029923,0.0031139597623988198,0.0013229969317024922
371,0.005727239450446206,0.99072798095615,0.00021090897665467526,0.001739373033712046,0.0015944975830370315
372,0.01406740708876264,0.9782681618538663,0.0003695136651917696,0.0048583688171730715,0.0024365485750062472
373,0.01822146077367045,0.9763953580237353,0.0009874784696419277,0.0024831760737991497,0.0019125266591533035
