epoch,N1,N2,N3,R,W
0,0.041996374131899765,0.001366668103996982,8.063236230223739e-07,0.0014976055804979992,0.9551385458599821
1,0.09994593093045515,0.0006256896106923285,9.158227183128952e-07,0.00347010772059123,0.895957355915543
2,0.17856242156585048,0.001586096583452937,2.283851735885202e-06,0.0027093237440508366,0.8171398742549099
3,0.0009653803202852066,0.00018200970533466986,2.779701963345994e-06,0.0002826470213607962,0.9985671832510559
4,0.008550517017124844,0.0002812831143143064,2.3444612161448944e-06,0.001179854148850162,0.9899860012584946
5,0.06880130688188274,0.0002003711552144263,2.1584920572285503e-06,0.0007721736359957433,0.9302239898348498
6,0.24928736659286016,0.0011760142541057369,1.2385490051178518e-05,0.00653984358430844,0.7429843900786746
7,0.25556767763907423,0.0023005696828301593,2.272840096258019e-05,0.006857051783899302,0.7352519724932337
8,0.09960780252305822,0.0034532868027605692,8.752970025530573e-06,0.016848866222167153,0.8800812914819887
9,0.06481366942739641,0.002939096647076493,7.27082328264349e-06,0.004594835898478856,0.9276451272037657
10,0.017684458456261785,0.001853158129223577,3.9612334440882966e-05,0.0012147546090383776,0.9792080164710354
11,0.001004995759965814,0.00015368893322756028,8.927425854996192e-06,0.0003562548331991241,0.9984761330477524
12,0.0015099367010389753,0.0001727677135597227,3.2132896350151636e-06,0.0003795099893616256,0.9979345723064047
13,0.024193572071788603,0.000738573818256581,4.721846484373347e-06,0.0010395502759310764,0.9740235819875395
14,0.0006224617014928591,0.00012854146617355554,1.7385685462729e-06,0.00011936700033142721,0.9991278912634559
15,0.0006914422484682415,0.000218822639974426,3.3998101462133763e-06,0.0002047522723022755,0.9988815830291088
16,0.20212510840693199,0.001249566023992118,7.182445254996335e-06,0.002535586812979473,0.7940825563108415
17,0.004501913259718841,0.00023227349208095751,1.3043630290351781e-06,0.0002772813414539295,0.9949872275437174
18,0.06625199402995069,0.0006153724426576021,3.4626252064658337e-06,0.0022427267758632547,0.930886444126322
19,0.5275433486668036,0.001870598376460748,2.354000750567895e-05,0.005567466804261815,0.4649950461449681
20,0.76696495043077,0.0039888307211093585,1.982916005120478e-05,0.00866391683338791,0.2203624728546816
21,0.457237337111392,0.09939554205791314,2.390324685164745e-05,0.03058562981384572,0.41275758776999755
22,0.5051186361645081,0.19798780566121718,0.00016698757551145108,0.10795416464933201,0.1887724059494313
23,0.14559951852434663,0.6258871713899101,0.0016004048433360567,0.0386682340674586,0.18824467117494872
24,0.11538623048418513,0.785029411844899,0.008007214404380725,0.03495421590880956,0.05662292735772569
25,0.08840316932311827,0.7324396010924874,0.001218585344956689,0.12866826436735027,0.04927037987208742
26,0.06704115333692422,0.8467758524592209,0.0013715546689112045,0.0405049027648175,0.044306536770126276
27,0.033464599945296276,0.9455799448285589,0.005721570290200193,0.0038651628092911945,0.011368722126653288
28,0.04919796586443369,0.9261816335323844,0.009666690838904871,0.00282497451235743,0.012128735251919822
29,0.022083066517953324,0.9436466591267925,0.02351327739799762,0.001349867650968429,0.009407129306288212
30,0.012855793601243426,0.931266985723558,0.04874612755676853,0.001228262278739432,0.005902830839690412
31,0.01780517753260473,0.9418143656613963,0.02577716816356797,0.0011446008247711045,0.013458687817659859
32,0.008393768512575898,0.9104252895224271,0.07502245905232027,0.00041056751487929,0.005747915397797566
33,0.024080396183400406,0.9504904824980953,0.012927273207404067,0.000795321606506076,0.011706526504593917
34,0.008843344367938665,0.3956803672247694,0.5912268711854674,0.0006725088336949596,0.003576908388129675
35,0.01008273543254395,0.9144280937027516,0.06859805164906968,0.0010675620384441441,0.005823557177190679
36,0.00876490398667355,0.7806055231796512,0.1997427536740386,0.0013763983129198593,0.00951042084671689
37,0.014220013569024147,0.8679938026727474,0.10751389317616143,0.003917940111557328,0.00635435047050977
38,0.05706301313866166,0.9299006641448279,0.005114260786612722,0.0017141998783865658,0.006207862051511186
39,0.05454140076953569,0.930978835486686,0.008840335759773575,0.00023613874126716554,0.0054032892427378605
40,0.018169761167936806,0.5901201418178322,0.38497295944796894,0.00023475654074176397,0.006502381025520203
41,0.01703912470323588,0.7444795742467277,0.23091208560010443,0.00032618019320891704,0.007243035256723001
42,0.0015045875747328884,0.34188633430932724,0.6550794894058066,8.714710937923101e-05,0.0014424416007540553
43,0.0019927355171803257,0.32119361197195545,0.6743596529907628,0.00016743637836173309,0.0022865631417397013
44,0.004538793829583217,0.6434580862612135,0.34737205965609036,0.0003084991851874652,0.004322561067925454
45,0.0015639246868625139,0.3263200136972325,0.6689837858721576,0.00021102486237146775,0.002921250881375917
46,0.0021613291360701005,0.5869630580790558,0.40820101710270873,0.00021891994407956846,0.002455675738085835
47,0.0009336821007765149,0.1436434119339866,0.8529607141558976,0.0001202282927693655,0.00234196351657021
48,0.0007557754475649852,0.1180440830507646,0.8793568580558198,9.867068528977861e-05,0.0017446127605607225
49,0.002910168144540911,0.44855099731263093,0.5431547144167367,0.0003211604121106094,0.0050629597139808915
50,0.0017046838582668584,0.1540678186844856,0.840655306852434,0.00025975183550879796,0.003312438769304671
51,0.001638319637638138,0.254222230092417,0.7402691912336302,0.00014593673286027856,0.0037243223034543515
52,0.0010491154147973722,0.20720293632508094,0.789459243851525,9.487898895188448e-05,0.0021938254196449134
53,0.0007350379441170969,0.13367772409188752,0.8632811348758532,9.247355642646277e-05,0.0022136295317156103
54,0.0007644618610756322,0.17736609608153384,0.8189480847553795,8.076025603610549e-05,0.00284059704597486
55,0.0010362240149409075,0.13810379696572408,0.8590763718509995,0.00011635592517818525,0.0016672512431572368
56,0.0017815050728312077,0.12410841097716331,0.8712653262887994,0.0003028773350781581,0.002541880326127918
57,0.0012405464075539278,0.1220357222923561,0.8741175646692597,0.00014612421875693436,0.002460042412073132
58,0.022221340065577164,0.933941779588093,0.0342443355459702,0.0017847528024661932,0.007807791997893466
59,0.005221334559869879,0.8942357881169932,0.09671973750902324,0.0002530595867284151,0.0035700802273850277
60,0.0019524318931174226,0.31903347388332554,0.6773411083618786,7.560627093920133e-05,0.0015973795907393792
61,0.003445856525082775,0.2726216274581865,0.7205656790933893,9.47836960895291e-05,0.0032720532272517318
62,0.003000005339236401,0.4372159055392296,0.556125827276268,0.00013261862083851835,0.0035256432244273037
63,0.000647377861923291,0.14345355485362318,0.8541727000273787,3.079116003201422e-05,0.001695576097042802
64,0.0011102836251808844,0.13100321062331105,0.8650095789626371,5.1091380188760495e-05,0.002825835408682298
65,0.0011706196191945276,0.19702627423453212,0.7966632517905443,0.00010200419112774108,0.00503785016460131
66,0.0006247522382720602,0.11059122531553772,0.8857134594992427,5.1015987407034824e-05,0.003019546959540245
67,0.0008600957101730815,0.07954513810356047,0.9146800792766078,5.357229182578991e-05,0.004861114617832755
68,0.00037271062286903803,0.0846668354930419,0.9091820411401621,5.367095954948227e-05,0.005724741784377478
69,0.00026159829649225006,0.06003636073481665,0.9372770391413573,3.114649153235159e-05,0.0023938553358011606
70,0.0006018519280123197,0.10756187013554626,0.8885587224579621,3.496373575817581e-05,0.003242591742720954
71,0.0003060676905818059,0.08423092939538215,0.914311491980842,3.921716498798852e-05,0.0011122937682059011
72,0.00013740530313663122,0.0397741733525031,0.9589628611985326,1.8388772870585236e-05,0.0011071713729571679
73,0.00046567672295295406,0.1024093832281534,0.8957795227717433,5.6553386131925715e-05,0.0012888638910184805
74,0.0005724843945776812,0.08943304734884695,0.9069678987430114,8.068032304173577e-05,0.002945889190522118
75,0.00027222127595309014,0.04047354771051366,0.958518412234852,3.9838399450263875e-05,0.0006959803792310066
76,0.000880662127953393,0.19990599780429782,0.7956688925406061,0.00016618287146175867,0.00337826465568097
77,0.002745742868033362,0.5111474339754137,0.48166975053690364,0.00035808301337806594,0.004078989606271201
78,0.0006858492745151661,0.26694982402213024,0.7304862921256906,9.072293458755594e-05,0.0017873116430762734
79,0.0003898746262825804,0.16167477696954274,0.8363216564049896,3.8493615164506024e-05,0.00157519838402043
80,0.0008360312853202025,0.17165700312800902,0.8250896529237379,0.0001355720118056199,0.002281740651127406
81,0.0003579302548116081,0.1897700678680015,0.8085781374892187,4.696970335868268e-05,0.0012468946846094548
82,0.0002472847720549834,0.056335031653308415,0.9425958120743342,5.3871621757108696e-05,0.000767999878545515
83,0.0007152506565322436,0.23310739737535088,0.7637812395041805,0.00010472065910225464,0.0022913918048342403
84,0.0007706371448541264,0.2473275973733801,0.7484399989594009,0.00014615396968028571,0.0033156125526845985
85,0.0009788748529935079,0.7032216668627188,0.29231575613813787,0.00015358868490526195,0.0033301134612446206
86,0.00022013200812935144,0.12496007788968831,0.8736241472217041,2.8504752170110752e-05,0.0011671381283081342
87,0.00016877348408431855,0.08830313833180059,0.9107682476438135,1.9251047432386204e-05,0.0007405894928691781
88,5.7407900818789734e-05,0.017500866589412658,0.9822325638019671,7.872580263903074e-06,0.00020128912753738612
89,0.0002351476602291849,0.06903410489888497,0.9291183990525987,7.029070683226326e-05,0.0015420576814548215
90,0.00020023986024567605,0.04970500948393254,0.9487309860874427,4.7607870366778514e-05,0.0013161566980123534
91,0.00016344740086522656,0.04021815105590936,0.9585155150301959,5.2514529784170864e-05,0.0010503719832454213
92,0.0003330614355944011,0.04098661411127049,0.9576864986047696,3.58278596815567e-05,0.0009579979886839819
93,0.00138619092191091,0.18084599316912323,0.8101313659365492,0.0002995897385623841,0.007336860233854195
94,0.0022256479598280767,0.12950507574515657,0.8592028327248882,0.0004923427938715203,0.008574100776255722
95,0.003731597879306995,0.15083426513958925,0.8343602528120071,0.0008587744580212287,0.01021510971107541
96,0.0041773588002222625,0.11583207485683236,0.8523473088580542,0.0014715632857731065,0.026171694199118127
97,0.06805567697276892,0.6800593383765735,0.06710408344366414,0.03811439315132822,0.14666650805566514
98,0.20087708449645705,0.046067675764592884,0.00016123470934876113,0.045444251866810934,0.7074497531627904
99,0.22477066616204308,0.10669732935794336,7.662107160030118e-05,0.06503120566368174,0.6034241777447316
100,0.3998030206160221,0.15296645369689013,0.00013148402576845236,0.015079628347948407,0.43201941331337096
101,0.13834928397742172,0.617846058385413,0.004929360019853984,0.0066120044208213555,0.23226329319649003
102,0.17562822683433882,0.6539222168296998,0.0008504120410805886,0.04861748528236935,0.1209816590125114
103,0.029371024089412657,0.8702063151068151,0.03497837949366248,0.008639920233711873,0.05680436107639785
104,0.1287622033065233,0.4351220567918122,0.0009609059171586377,0.049270568269905536,0.3858842657146002
105,0.12274406971605901,0.7788960201542559,0.0015220501998018552,0.025948369457417693,0.07088949047246554
106,0.08489799833276034,0.8071783065273728,0.0037061304119635863,0.004369392061317726,0.09984817266658552
107,0.0834916457804093,0.8681635788838354,0.005062911411341987,0.004562204306552895,0.038719659617860426
108,0.1293291836109976,0.7857278525808458,0.0013304692565808917,0.021213679343210314,0.06239881520836536
109,0.07751965972707878,0.766788238544765,0.0378296238673122,0.003986383037299726,0.1138760948235445
110,0.07873205908145856,0.7711735520988616,0.09632264891859538,0.0026579613099470163,0.05111377859113757
111,0.1755956538142551,0.7670450294906546,0.002162395576145299,0.013969703389489104,0.041227217729455846
112,0.07359330339296101,0.786583948504116,0.10306725582016069,0.0015463784771536557,0.03520911380560858
113,0.14583034178083862,0.8317101169532998,0.005607522746702898,0.0042184394847945865,0.01263357903436412
114,0.04557820713479397,0.8653751213159837,0.07965063583486959,0.001172643876731683,0.008223391837621056
115,0.02388804485509759,0.7517573774058046,0.21659643750585322,0.0017582672662938797,0.005999872966950625
116,0.01057165992814028,0.8974421690535819,0.08654868812719421,0.0008358889096539398,0.0046015939814295845
117,0.004855796597760078,0.5226601536466761,0.4674613084116443,0.0007480618800759668,0.004274679463843661
118,0.009547672779136296,0.4710238895373053,0.5096508910466001,0.0028385209078257423,0.0069390257291326325
119,0.019080807383850037,0.926751771046916,0.04241435541038224,0.004867581605152655,0.006885484553698981
120,0.003323678117432735,0.8322836961294544,0.16059321506186303,0.0009902053387421425,0.0028092053525077994
121,0.007350734174959426,0.9452658114687448,0.043576057615522225,0.0014070319499108741,0.002400364790862624
122,0.009416860345299333,0.6322184960199457,0.35229510282962845,0.0014194905566355463,0.0046500502484908965
123,0.008958475292215173,0.9343319369275734,0.053016709413076825,0.0009043308381317213,0.002788547529002795
124,0.0034856789686779624,0.46219770303028646,0.5314742152037347,0.0003094870914507867,0.002532915705850021
125,0.005175810512850489,0.9053845097537853,0.08717566132110235,0.0006160455773510762,0.0016479728349109242
126,0.0017832555774432125,0.3231720295018055,0.6734842683999425,0.0001463334206959259,0.0014141131001128868
127,0.001411376317044146,0.226699092698136,0.7688868890400999,0.00018149513582266252,0.0028211468088972327
128,0.0006369748453164368,0.2557931151831645,0.741230341244239,9.937713755016709e-05,0.0022401915897296357
129,0.0007036459316813553,0.23357657291751036,0.7640736475042812,0.00020105817930398943,0.0014450754672230876
130,0.0018443984104417617,0.20126942136761033,0.7934894822725653,0.0005832611662398677,0.0028134367831425793
131,0.0012811945567248251,0.15613697863301496,0.8400661031014478,0.0007701323850854761,0.0017455913237269893
132,0.002394877887847408,0.1490117203900387,0.8452879667752076,0.0008780932593410429,0.002427341687565298
133,0.0025768352708876907,0.09258947733263315,0.8998263336511781,0.001732144370610595,0.0032752093746903294
134,0.0174563072933083,0.26322133303751805,0.3083219934684177,0.0027777572849571404,0.4082226089157988
135,0.07790717105122029,0.07023718835931954,0.002560786808032709,0.007387885523846902,0.8419069682575806
136,0.39435080358355634,0.37632760399312365,0.0021393599116557717,0.010609168933041658,0.21657306357862258
137,0.3645561117405043,0.42317864021073515,0.00994794501381665,0.0031827920349052348,0.19913451100003868
138,0.33311721163802327,0.5650048893514384,0.010675447186668048,0.012057381928159364,0.07914506989571087
139,0.26474189893843697,0.6391001033542075,0.004912253073684973,0.02772216026686198,0.06352358436680851
140,0.14521605139724694,0.731874755463451,0.03781194135419991,0.015643128273916354,0.06945412351118582
141,0.12241983336547507,0.7229072338507464,0.06476440964566337,0.005436033549534079,0.08447248958858124
142,0.29868969571217674,0.6245246824499989,0.0008011062991423157,0.06410469422598307,0.011879821312698826
143,0.028022267097876963,0.8330168582458345,0.12766887052462933,0.0038097567308916945,0.00748224740076769
144,0.0582719844784127,0.8077266807271541,0.10750546446843244,0.020480621230592362,0.006015249095408395
145,0.03911993154251361,0.8577206845307092,0.0673966619694199,0.02979660869837833,0.005966113258979023
146,0.03055962243291678,0.582025556307379,0.24078989743034407,0.11102453781537247,0.035600386013987594
147,0.02319099584295074,0.5347141486219982,0.29478775598108486,0.12910927891548915,0.01819782063847706
148,0.06678497664953759,0.4500549783380433,0.002550962008802281,0.46202360401740705,0.01858547898620964
149,0.06528573450697481,0.3867874476535846,0.002153416128660904,0.5167798633544204,0.028993538356359233
150,0.049196554999088475,0.3778122702865114,0.0015194928170197337,0.5544538450419079,0.017017836855472607
151,0.12376845774960607,0.01375723602540264,0.0001346752243943788,0.8299472196888873,0.032392411311709605
152,0.1452582312278256,0.02358503609270705,5.639097818734862e-05,0.8106720354561638,0.020428306245116174
153,0.12470719759679535,0.013011232325802913,5.952001541367916e-05,0.8483407384377981,0.013881311624189843
154,0.06363828148352244,0.0035605697164792843,1.0645109445151491e-05,0.9272675919604271,0.005522911730126111
155,0.0434693592294921,0.004955195321230157,3.7643025186129344e-06,0.9390044324563569,0.012567248690402204
156,0.03533775140439757,0.0055972634467460125,4.737136022685107e-06,0.9543827108853994,0.004677537127434269
157,0.06606402996095317,0.008503652061147155,2.1216132264137056e-05,0.9147829653719002,0.010628136473735306
158,0.13504850247236203,0.013861523078293114,1.1335777906816339e-05,0.7958910762467606,0.05518756242467756
159,0.018824338700383397,0.0026409628485235498,7.564316074616039e-06,0.8367203206310949,0.14180681350392343
160,0.10682399898415698,0.009544544628395974,1.0423546726509863e-05,0.8736991360302686,0.009921896810451894
161,0.061418311622969915,0.011057873703384445,8.753838126312155e-06,0.920395264247263,0.0071197965882563285
162,0.05903476583859156,0.011839346377241045,5.824722643803185e-06,0.9178768993213048,0.011243163740218776
163,0.03676202733797559,0.00619209671470684,4.201318177581893e-06,0.9512343791249805,0.005807295504159543
164,0.0811204092743819,0.010730936450520406,9.076401069674231e-06,0.8963808973915256,0.011758680482502398
165,0.09458520532802399,0.015276610649811843,8.125418750857876e-06,0.8582240030037719,0.031906055599641485
166,0.057547470257184215,0.0019088408503604895,2.030288335994847e-06,0.6875559283362351,0.25298573026788423
167,0.08443738841845105,0.04468454207446702,1.4559952480176754e-05,0.7564386831404394,0.11442482641416225
168,0.091964725072845,0.03617892086370703,1.332322237995922e-05,0.5533486087899523,0.31849442205111567
169,0.14943349134299871,0.07714288532830331,2.2911710084748987e-05,0.5506004539992394,0.22280025761937386
170,0.13097264572482303,0.03789016672974121,1.489839759638023e-05,0.6657631471696767,0.16535914197816276
171,0.03526773506585231,0.007860446326313572,9.014547101846495e-05,0.3969502156207539,0.5598314575160617
172,0.08795269979417003,0.013753568677469965,4.934258036293812e-05,0.5406644151786286,0.35757997376936845
173,0.16436074660631125,0.016958844029767602,9.446950922808384e-06,0.593670403452533,0.22500055896046536
174,0.09527889301252536,0.05574235914543627,0.00015706217714247427,0.5765925460814509,0.27222913958344497
175,0.07927009315111753,0.017082267399213875,6.742049169717481e-05,0.8833529694272382,0.020227249530733325
176,0.05871388215757507,0.009078111862719054,8.406883559469837e-06,0.9010027168512833,0.031196882244863115
177,0.14810023261774208,0.014684249970023303,3.495798656124646e-05,0.8003786616360802,0.036801897789593106
178,0.1084593486940253,0.009899415047653985,1.1940664940530796e-05,0.8674985369034273,0.014130758689952934
179,0.039933959087009856,0.010936021472500834,2.971526212751071e-05,0.9423932115588292,0.006707092619532685
180,0.0805340700551339,0.0075995896323715765,4.5053595659083544e-05,0.8995502348936875,0.012271051823148152
181,0.011598389122595514,0.0026336877897731726,1.699913072248029e-05,0.9818266919692155,0.003924231987693401
182,0.010798389759804352,0.0031127601145698614,1.3817290767302415e-05,0.9816146629262182,0.004460369908640234
183,0.0156518598572466,0.0063563461052034516,1.8030434696170598e-05,0.969351363998168,0.00862239960468581
184,0.0633327983911526,0.0050169550082545845,4.22524531150049e-06,0.8358592559856781,0.09578676536960327
185,0.1120383606930437,0.008795106694319273,1.4961748247641687e-05,0.8412649823899625,0.037886588474426774
186,0.22255287381550837,0.010889054110279463,3.072216468912157e-05,0.717617525124624,0.04890982478489902
187,0.16360554279652753,0.04186390907646396,7.10142266277579e-05,0.7571843855376258,0.037275148362754945
188,0.08132542655061697,0.04632733446880193,4.574349335341722e-05,0.8010947990907004,0.07120669639652738
189,0.11801296279718924,0.011775323266979805,1.680542685409919e-05,0.7179585823020835,0.1522363262068933
190,0.18295929556747098,0.0739185635359552,6.234001434324072e-05,0.6399277801701175,0.10313202071211311
191,0.08185673188774055,0.03121369932915645,2.7386227943177854e-05,0.5055758873027891,0.3813262952523707
192,0.009115293526022434,0.009993410256745293,0.0016198264243495618,0.014791530808205606,0.964479938984677
193,0.02276352988335002,0.001037173507346744,6.4101330120939365e-06,0.011365135355684841,0.9648277511206063
194,0.13692692939041612,0.0014381474596854903,9.673632680367942e-06,0.017462295582923067,0.844162953934295
195,0.15234242264950482,0.012762937179412646,2.3784146664125433e-05,0.06578554330723524,0.7690853127171832
196,0.5476321049789625,0.04735607572836063,1.4633392267637474e-05,0.13311536783382494,0.27188181806658435
197,0.20321474957587563,0.17114118868577266,9.694455355274199e-05,0.46487562070746,0.160671496477339
198,0.0953309817704462,0.037629209835641456,0.00024559738022854555,0.25686978855644954,0.6099244224572343
199,0.09466146576352122,0.003833741434926685,6.810709305603775e-06,0.14445242528642976,0.7570455568058168
200,0.22328996224459768,0.13672723843182594,0.0005851778897911262,0.3496529072327728,0.28974471420101255
201,0.3201043428599346,0.3267061656798121,0.001411109454997669,0.2338804905109685,0.11789789149428709
202,0.23113929221909568,0.39110169795256877,0.0007677607894185329,0.36460488965970606,0.012386359379211016
203,0.06049960038595229,0.7693630307219333,0.0021914652027311974,0.16070133590344954,0.007244567785933657
204,0.011079136474036657,0.9523447239478575,0.0048548099810853595,0.029921616923728817,0.0017997126732914846
205,0.010489989677198365,0.959486055344162,0.0041346274919673905,0.023641278845241902,0.002248048641430376
206,0.023863604372804475,0.9278479873696338,0.004288914844403921,0.04068504683334587,0.0033144465798119987
207,0.0071719742663015435,0.8178385974219686,0.16558010329907172,0.006818821378910081,0.0025905036337482033
208,0.012486984449976443,0.9314507467747837,0.04200688281026031,0.00840761401139758,0.005647771953581722
209,0.00816208028058905,0.948454728080354,0.03714553109158393,0.003198591025234077,0.0030390695222389874
210,0.009232154983389132,0.9127028027434247,0.06793388500048889,0.006771166691803627,0.003359990580893728
211,0.0061114969513479615,0.8464860415074403,0.13920825250733776,0.003970463620420467,0.004223745413453684
212,0.031336412989578386,0.9474740013621012,0.00865512641584376,0.007695741866177181,0.0048387173662996046
213,0.015757003446334364,0.9616735888013335,0.01498327667051815,0.004727837671737783,0.002858293410076174
214,0.012709342496032472,0.9426595763321216,0.03403146046370309,0.007699043597727855,0.0029005771104150006
215,0.02021377596230742,0.9094756706435603,0.06409991169881708,0.003490706411724534,0.0027199352835907543
216,0.012185096616134514,0.9745316956191162,0.009604747978568627,0.0019888261442769155,0.0016896336419037626
217,0.013052624821692692,0.9497416383846765,0.03140632427219359,0.0022031395060425566,0.0035962730153945607
218,0.006165519350831829,0.9182551545028359,0.07255644040437043,0.0006491512392063472,0.002373734502755619
219,0.004159689844526862,0.5730406807837561,0.4199507822408414,0.0005631612547093428,0.002285685876166264
220,0.0018162631306412934,0.28405961308585154,0.7127765345558758,0.0004160713082937088,0.0009315179193376747
221,0.0012604937877895522,0.23210698223983672,0.765382438509535,0.00024023148775094717,0.0010098539750877018
222,0.0013146435574532811,0.28448308195653926,0.7112062130437293,0.0005655925239746322,0.002430468918303502
223,0.0009512952342848819,0.4503832003012196,0.5454883972444317,0.0008740958269787032,0.00230301139308524
224,0.0008652374924624646,0.19037141625191295,0.8078134330769097,0.0001535850762231743,0.0007963281024916057
225,0.0013859164731497948,0.7799784900653481,0.2164991579306882,0.0006127903460359004,0.0015236451847779999
226,0.0005411352593925957,0.21134276207483868,0.7874580952032453,0.00018477407557147298,0.0004732333869518953
227,0.0005617583354814354,0.08398987496479149,0.914459942634155,0.00013621432967308658,0.0008522097358990529
228,0.0002590840482407905,0.12080861863981092,0.8782001018645553,9.495660518820173e-05,0.0006372388422049216
229,0.00031874916849022346,0.10541216710506052,0.8937680906748292,6.703384314622666e-05,0.0004339592084739638
230,0.0005238982339660788,0.22441453238316758,0.7742808362191655,0.00018671832247351571,0.0005940148412272036
231,0.0003852460253054473,0.1016753518540436,0.8972795908072078,6.9433785610871e-05,0.000590377527832256
232,0.0003195899052667766,0.08803396401243861,0.9108088185199728,9.601202899153075e-05,0.0007416155333304607
233,0.0003111275141850398,0.07358136938589845,0.9254726223488751,7.961148699996246e-05,0.0005552692640413994
234,0.000174165045744692,0.049203819483343805,0.9503257859696768,4.5424080034047e-05,0.00025080542120047066
235,0.00026018184933759316,0.04789927437634942,0.9513853646824922,3.100673044962616e-05,0.0004241723613711483
236,0.00015849308058720938,0.037257348417468895,0.962259873070492,2.3463939561071552e-05,0.00030082149189095456
237,7.110068904063631e-05,0.030748406314279653,0.968930062271629,1.4561441643380526e-05,0.00023586928340727826
238,0.0001063329110775895,0.03146054605282201,0.9679780498636401,2.1525907468970914e-05,0.0004335452649916095
239,9.350112892544677e-05,0.036767188203851324,0.9625903545291171,2.175455065586177e-05,0.0005272015874503045
240,0.0001298256603529734,0.038787201068616405,0.9606811682571299,1.9859897761463e-05,0.000381945116139058
241,5.737310244376552e-05,0.015721273697783755,0.984012003194381,8.107042138819917e-06,0.00020124296325266036
242,6.47881541160636e-05,0.020220781403297413,0.9793119178377158,1.4144522128201225e-05,0.00038836808274279254
243,7.177974874077705e-05,0.03264201271316458,0.9669230677934161,1.4791612405482863e-05,0.00034834813227301747
244,0.00016405211747510363,0.02759868493992919,0.9713755859279908,2.126191487762662e-05,0.0008404150997271479
245,0.00032925152619584864,0.022295496966929576,0.9767613665843493,2.8341785231543608e-05,0.0005855431372938596
246,0.00015357418692173847,0.026999818086634576,0.9725683131695938,1.2413869352131381e-05,0.0002658806874975148
247,0.00011273422998934184,0.015679173399149104,0.9839362289819654,1.2283277790289973e-05,0.0002595801111058426
248,8.310888666053386e-05,0.03377405487544342,0.9658572722534094,1.205491443123924e-05,0.0002735090700554848
249,6.418634471524712e-05,0.036483421353662164,0.9631671716663688,1.3684153953753203e-05,0.0002715364812998453
250,7.448247129992699e-05,0.026435900691929973,0.97323394076779,1.6737450028399477e-05,0.00023893861895163304
251,0.00010423493843248834,0.03132246453884195,0.9683177086279372,1.6776977741969453e-05,0.00023881491704648075
252,8.878506987469922e-05,0.020192309646728097,0.9794199887379009,2.460560235259602e-05,0.0002743109431438095
253,0.00010823672926502922,0.010484144415735168,0.9890211998475087,1.616674564805645e-05,0.00037025226184298355
254,0.00012331385573135766,0.043338593477735714,0.9558364972571977,3.81301708363866e-05,0.0006634652384987592
255,5.855590700933643e-05,0.037408634122608024,0.96216417023662,2.6872114477147308e-05,0.00034176761928553
256,6.46751988585363e-05,0.023233979540008318,0.976340179940831,1.6922364181309195e-05,0.00034424295612071616
257,6.246758403337029e-05,0.019434174042175945,0.9801060940499914,2.6861559100779955e-05,0.00037040276469851684
258,6.578105088245854e-05,0.017750638920689673,0.9815742123416471,8.733449481948156e-06,0.0006006342372985368
259,8.28967401463307e-05,0.029486418020392504,0.9698179790869551,3.5790321488117324e-05,0.0005769158310179884
260,4.1846327569554454e-05,0.0072274814581608435,0.992358340262961,3.002822596204939e-05,0.00034230372534667066
261,7.12317479532151e-05,0.007240618412736854,0.9917589920270978,8.837773259743574e-05,0.0008407800796144811
262,4.1477619836619344e-05,0.010398395965025535,0.9890879982319987,5.517576132428336e-05,0.00041695242181493606
263,2.895500366843825e-05,0.012554139926764154,0.9869719707199064,4.6516403829595794e-05,0.00039841794583139907
264,5.331027332465179e-05,0.007152444000986507,0.9921163551446114,5.869732238291171e-05,0.0006191932586947027
265,8.346553191219204e-05,0.011243686219922265,0.988209289001995,5.673162169979771e-05,0.00040682762447088826
266,0.0003591664143765079,0.040327145385470616,0.955430122768758,0.00014154059905738443,0.003742024832337304
267,0.00021541109459140097,0.015601863959869183,0.9836583215123488,5.96663698467356e-05,0.00046473706334386044
268,0.0005051196097783585,0.01713353351930337,0.9816143528461682,9.059730676881102e-05,0.0006563967179813255
269,0.0002619975025319066,0.017726098683229944,0.9813004194052045,7.252924200362701e-05,0.0006389551670301037
270,0.00018260721502758642,0.021406839475544552,0.9771260567008199,0.0001638105962770118,0.0011206860123310234
271,8.979587308987671e-05,0.018728770592443298,0.9807070847621626,4.8251014992734704e-05,0.0004260977573115978
272,0.00010974187043810403,0.01408974709001443,0.985014160279445,9.476273163204478e-05,0.0006915880284703546
273,0.00017698784234013913,0.01642613094675256,0.9824856319311616,0.00023190505942929498,0.0006793442203162118
274,0.00022017267537193753,0.019612986909400464,0.9784615825714845,0.00048785994884619686,0.001217397894896819
275,0.001049940018333655,0.04848608035922636,0.9461835849289977,0.0012353109100714979,0.0030450837833708284
276,0.0008624620731514566,0.048999002048715184,0.9454763288503419,0.001653923740296795,0.0030082832874947277
277,0.12383670241548878,0.09071415799554536,0.08134679150242673,0.02336646096459499,0.6807358871219442
278,0.3015128824503802,0.09742748900128491,0.006963426119967564,0.039772297317504354,0.554323905110863
279,0.442161470027943,0.28865012125998385,0.013906001529546798,0.06560376594167196,0.1896786412408544
280,0.5503514428034509,0.04733460509599907,0.0010360651662926425,0.0054581613497973825,0.39581972558446
281,0.4904760818823569,0.2589146762379769,0.023852915356806132,0.015927510177069552,0.21082881634579045
282,0.2212419581625012,0.44017206772467665,0.05804580201409418,0.02038238019164347,0.26015779190708466
283,0.5221032057586706,0.3491040174918978,0.007005312165872796,0.042854681246459324,0.07893278333709951
284,0.25570392469648534,0.37460446288845933,0.10247010397168045,0.08871205996973212,0.1785094484736429
285,0.22430180587391352,0.48876122383641996,0.012497991348414589,0.14980281732487863,0.12463616161637336
286,0.27529924958382507,0.5801825634395251,0.019891410404767294,0.05306967961336161,0.07155709695852089
287,0.37030049747178967,0.535277304316611,0.016586213456676036,0.04373152874163888,0.034104456013284365
288,0.09329627952028142,0.7908073836472973,0.029818222477922724,0.06987019626814618,0.016207918086352406
289,0.08809168498209473,0.6987451583240823,0.14293367876473564,0.05064323188750887,0.01958624604157832
290,0.11830489813163872,0.6223957716727675,0.19801741686991536,0.028589952288120443,0.03269196103755783
291,0.12378273507283664,0.8205090747569577,0.026515190359743954,0.019369905918901555,0.009823093891560284
292,0.027528571037111132,0.7734668483323276,0.1863063379651079,0.00835499646801945,0.004343246197433985
293,0.024254484114018864,0.8830953436924722,0.08580358858241778,0.0037056257086853133,0.0031409579024057224
294,0.013965604206321635,0.29943907917831164,0.6788171108720379,0.0036010186116359135,0.004177187131692761
295,0.014372321660346323,0.7646801491295456,0.20798786369223196,0.008114930779176103,0.004844734738699924
296,0.00900498456474471,0.7902464815688299,0.19372999926466555,0.0034724592931029493,0.00354607530865696
297,0.0038310863224734035,0.2831055531818931,0.7088628146923611,0.0018505432625481185,0.002350002540724248
298,0.0073267141309866736,0.17529190734752179,0.8103616532412782,0.0028054851579570566,0.004214240122256279
299,0.01682962668177618,0.6666753620496967,0.2775667915601734,0.029903919880569313,0.009024299827784394
300,0.010457304293436496,0.7974526491528573,0.15705463299075673,0.028435947400558437,0.006599466162391012
301,0.005754768481132656,0.19979012929798004,0.7649992295015562,0.02202342140959194,0.007432451309739068
302,0.077806957241966,0.4923523397556179,0.02064915312686196,0.3658433963169563,0.04334815355859775
303,0.07782177953882147,0.2767742595331117,0.0021888423992330653,0.6128032065515198,0.030411911977313997
304,0.08499138853378244,0.11079387536447452,0.0003958549847549698,0.7862882833983511,0.017530597718637023
305,0.16845079378544286,0.13437447933128732,0.0002629809817431815,0.6821028569306443,0.014808888970882195
306,0.1220394376857932,0.09511059949643044,0.00024934816849647576,0.7629376917964614,0.019662922852818454
307,0.11161235683950119,0.046369579952464816,0.0022791389799551617,0.7713348415350488,0.0684040826930299
308,0.05822670713266208,0.007016183820766401,0.00016618377131706664,0.9073294541899498,0.027261471085304696
309,0.0638563237725651,0.006943851745767652,4.628667206936151e-05,0.9190205549240702,0.010132982885527617
310,0.06405150964115738,0.009147147588045218,8.313748864142058e-05,0.9164751181465874,0.010243087135568573
311,0.03178869515849179,0.0077109506399809,0.00011129915659317844,0.9430476632546787,0.017341391790255532
312,0.045138604247154296,0.015917790108074818,4.041177191522642e-05,0.9309118251329419,0.007991368739913598
313,0.03657395693407398,0.008954747072174061,0.00021545946988251922,0.9394109261255955,0.014844910398273884
314,0.03192874833826688,0.006604481850413774,3.5592368282621875e-05,0.950438946695413,0.010992230747623934
315,0.0625822096625835,0.014152573465007572,0.0006544538588627217,0.8569518533779757,0.06565890963557054
316,0.10632097394777054,0.011550655608609708,0.00016675037724805158,0.8588896415036137,0.023071978562758094
317,0.07541979424704619,0.006599523325843333,6.92599373516174e-05,0.9055768945760435,0.012334527913715292
318,0.042849980876836447,0.012997514331537958,6.538585512170469e-05,0.8581457832765594,0.08594133565994444
319,0.07083626020446744,0.01189193291989773,9.93009205523968e-06,0.8570610892242041,0.06020078755937555
320,0.1426175545042195,0.03558192064813685,2.4571601850980703e-05,0.7779216255220478,0.043854327723744826
321,0.1094714022756827,0.059494299561816635,4.637894872844972e-05,0.5327702483270256,0.2982176708867465
322,0.0037633683706503355,0.000881837962932506,0.0001813075133547072,0.016172336000293292,0.9790011501527692
323,0.05221062360655296,0.0011328232041812913,6.126680466967089e-06,0.028300262406938295,0.9183501641018604
324,0.24198583902082396,0.0037043159069376705,5.262219530995614e-05,0.04551784765563049,0.7087393752212979
325,0.5301458202091057,0.06839864854581329,0.0007848261140697147,0.10731385804968303,0.29335684708132825
326,0.2881650071669944,0.22293353068174096,0.0010031608485400704,0.245204250825935,0.2426940504767896
327,0.18974523415629482,0.20517751819895688,0.0006052965315509988,0.5575344612034312,0.04693748990976606
328,0.20435047328336411,0.32204716028936947,0.0013657309459538043,0.4489169697202599,0.023319665761052686
329,0.1391032719602921,0.23289500368899343,0.0003025584952565437,0.6223439677211885,0.0053551981342693945
330,0.03832393789594217,0.7421728001879245,0.019199915206266557,0.19473427714047692,0.005569069569389626
331,0.021357272942880607,0.8699097766294519,0.016712954599996173,0.08585368458545808,0.0061663112422132476
332,0.06841207215813959,0.6263969768569971,0.0007807827908934504,0.29018183666767067,0.01422833152629916
333,0.05623315193533974,0.5882550517512188,0.000468357047361063,0.346182538991338,0.008860900274742359
334,0.08641856928793447,0.32422406238024226,0.00038739692319561796,0.578829397944611,0.010140573464016662
335,0.12685459963774912,0.06705956691202515,0.00011641229916332218,0.7959598317540089,0.010009589397053606
336,0.1976006531941328,0.09485674007837919,1.94275970043846e-05,0.5317276061615213,0.17579557296896237
337,0.3768459361937661,0.05861702387096433,5.778452420988893e-05,0.26327028045948503,0.30120897495157467
338,0.5464560959411613,0.18063729092848094,0.00011134327922439103,0.24887130015829706,0.023923969692836417
339,0.35407520087632466,0.21521032771280602,0.0010716820791477927,0.3474539005606046,0.08218888877111696
340,0.0830161520932926,0.649353668022288,0.007137925459446121,0.23543305324013236,0.025059201184840885
341,0.051890170155555214,0.5763873994079884,0.0010998529210145699,0.36037607409481387,0.010246503420627797
342,0.03809686342969484,0.5462644226810258,0.0032302668397393808,0.39755179756138065,0.014856649488159315
343,0.04927970587369228,0.034656401187537204,4.76266876843649e-05,0.8802381042652372,0.03577816198584885
344,0.03216252355606409,0.13775950482202806,0.0006293253353811793,0.8211424371774655,0.008306209109061062
345,0.03846309586788758,0.05928866867029337,0.00020099100952072378,0.8976684326896739,0.004378811762624574
346,0.06497780736852643,0.02778653550208759,3.55166152051984e-05,0.9006688132380547,0.006531327276125933
347,0.051971584160350665,0.021942201820103976,2.4807290825357525e-05,0.9198270945894244,0.006234312139295539
348,0.07477085482781719,0.03504793515521975,1.7572304611212922e-05,0.8809695468606302,0.009194090851721704
349,0.12746659261850962,0.020924624328990147,6.829176233191401e-06,0.8256931718470583,0.025908782029208703
350,0.15284064315241275,0.033434401291146526,5.005746092175304e-05,0.7440323801250778,0.06964251797044116
351,0.28465270962108086,0.031054600326115376,1.4284219456236116e-05,0.5744034733155485,0.10987493251779896
352,0.3871251825623975,0.03434158931129461,2.4050340514181896e-05,0.4567647469781532,0.1217444308076404
353,0.05960784584399642,0.03550910524850092,0.0010078443868116603,0.07825813876943415,0.8256170657512569
354,0.0777176877043803,0.01820587695432976,1.4547691990539092e-05,0.0742837562351146,0.8297781314141848
355,0.4171929305001112,0.24613965783861053,0.0005929869956533223,0.17771044637028768,0.15836397829533713
356,0.3734688943365414,0.27593375756703836,0.0005290542279769084,0.16991313078502818,0.1801551630834152
357,0.1976486501149356,0.38951622445529,0.0008238513955579818,0.31245629208578896,0.09955498194842753
358,0.1491725065329784,0.16155724362859014,0.0007195120310659385,0.6719293020731731,0.016621435734192353
359,0.019710783690565732,0.7984019209912353,0.04919402691893819,0.1220458393688955,0.010647429030365292
360,0.06129849186593056,0.13769681862810582,0.00013154426596490717,0.7920007075134111,0.008872437726587624
361,0.016945408628460404,0.5770517674457102,0.0022327970277256437,0.39873777967519347,0.005032247222910278
362,0.06634151529807022,0.029316804348190315,0.0003537113570912998,0.28277453314505235,0.6212134358515959
363,0.43813941164637976,0.1388672921363005,0.0002034807749112097,0.2951051148003017,0.1276847006421067
364,0.6880871087027102,0.09122699467074394,0.00010302781415540857,0.15883554210297418,0.06174732670941621
365,0.8552842850605887,0.05811260445418256,8.43080274518357e-05,0.07317315061576636,0.01334565184201063
366,0.1702432533717239,0.7375065617690509,0.010836600009993445,0.05863855891121002,0.022775025938021616
367,0.07121738821467949,0.8217512754616075,0.0013945318615679412,0.10076180145454913,0.0048750030075959926
368,0.03986915682669523,0.748440804783498,0.002610941578752441,0.2033189263435783,0.0057601704674759505
369,0.014437529895659395,0.8207307382110368,0.06486851507758078,0.09619592104608898,0.003767295769634176
370,0.00956756869507979,0.8422287855534952,0.07768856637036552,0.0682789434535872,0.002236135927472292
371,0.011580650430805594,0.7878703880621608,0.17154000653396176,0.023331826952391787,0.005677128020680272
372,0.043708143023730536,0.9204147320708702,0.002550456031460105,0.03136776588440056,0.0019589029895385503
373,0.02489609416251161,0.9029795539194675,0.05850232284532696,0.011615374477295128,0.0020066545953987994
