epoch,N1,N2,N3,R,W
0,0.005149307698243681,0.00019030086034018667,2.1072388963273054e-06,3.788820471283707e-05,0.9946203959978069
1,0.004688084158770185,0.00018186321104411775,2.270624183103244e-05,4.740233382581351e-06,0.9951026061549721
2,0.001732608226668357,0.00014488773088518005,9.103368639034645e-06,4.188764042068553e-06,0.9981092119097654
3,0.005463934528008248,0.00022510200593929238,4.5529817925724345e-06,6.450168938302365e-06,0.9942999603153216
4,0.011419004830362778,0.0001221226933649039,9.345468113173894e-07,2.2859866552236782e-05,0.9884350780629088
5,0.19104234102782625,0.0017999165702215028,4.129792579306448e-05,0.00019721727331388508,0.8069192272028453
6,0.17409126618287946,0.0034481155494709066,1.641455246834917e-05,0.0003548992022695955,0.8220893045129117
7,0.05572856943750089,0.001218574787616971,7.850761294235445e-06,0.00030982202150863435,0.9427351829920793
8,0.024491401026449165,0.0008621622893449574,2.691198946351804e-06,0.0004545073113485714,0.9741892381739109
9,0.6560868638634026,0.014132936485584387,4.209609513447092e-05,0.001963900191634551,0.32777420336424395
10,0.016265354228691062,0.0006276192400523268,4.293349555448141e-06,0.0005465684104596517,0.9825561647712414
11,0.7063640109222025,0.007785367293996315,2.9318173672597265e-05,0.002668302342434638,0.2831530012676942
12,0.43358000270773916,0.09927334708906531,0.00021879955573381312,0.002365379483785038,0.4645624711636765
13,0.3294823605386516,0.22797541139277466,0.0009232200846644446,0.0033451332965534373,0.43827387468735596
14,0.05826928204542128,0.6020938588092914,0.02567319149344265,0.004347047399617455,0.3096166202522273
15,0.015878350266195582,0.004344962715154383,2.1585848424568574e-05,0.0019440945421495192,0.9778110066280759
16,0.4949124825111388,0.12421614782618348,0.0003332356876259877,0.010045543341069363,0.3704925906339825
17,0.761798591994132,0.1508475929558357,0.0004203616759062353,0.0034060049475385136,0.08352744842658766
18,0.4160294467148343,0.5592564949362524,0.005861222241768217,0.00022491369684531805,0.01862792241029977
19,0.10157197461491897,0.883285938113495,0.0008122209209190698,0.0012823147096697619,0.01304755164099719
20,0.0396577093349584,0.941985170396585,0.01103572452327088,0.0005883714837367267,0.0067330242614488025
21,0.03794497849279398,0.9012049054246284,0.048983084578647314,0.0007275206352168665,0.011139510868713322
22,0.03436123162370095,0.923999881856243,0.032366131508814996,0.0021817268898066816,0.007091028121434395
23,0.01869305793718405,0.8801421544192235,0.08892973565701742,0.0007978423157635865,0.011437209670811379
24,0.019229484225561037,0.9026093889804084,0.06564903894318364,0.000536754720274204,0.01197533313057258
25,0.011610148808321322,0.9197338038042614,0.062238491764880575,0.00038443218278689655,0.006033123439749895
26,0.003182297635519623,0.6953853937873179,0.2962743777631617,7.096021636057716e-05,0.005086970597640229
27,0.012785857883955672,0.9222144382181495,0.054176640166237536,0.000351748505471227,0.010471315226186046
28,0.004832770355426786,0.4832084944605416,0.5037467652747848,0.0001009069172789535,0.00811106299196787
29,0.0028770212948597837,0.3348924546700598,0.6487270692495053,3.064413189641773e-05,0.013472810653678701
30,0.009031390125893686,0.5037083086159557,0.461288617753823,6.985756748772866e-05,0.02590182593683974
31,0.011485777865110187,0.6418077603999714,0.3210148694587578,0.00029225437750080425,0.02539933789865977
32,0.007937527194175394,0.38038105759277246,0.6036792381610193,7.434388174739385e-05,0.007927833170285486
33,0.01261882492440143,0.7559485554999347,0.21237073575646725,0.00031716588382952015,0.01874471793536721
34,0.0015722351476174672,0.2538336460297593,0.7397514461592275,3.3454628984848406e-05,0.004809218034410867
35,0.0031202845565200367,0.484222121258411,0.5068353102688986,5.911246365468094e-05,0.005763171452515544
36,0.007531306206043132,0.5431882410748626,0.43920283012071965,0.00011166231370698463,0.00996596028466758
37,0.0016702353619916016,0.27989545122183723,0.7147855211631765,3.849823417652734e-05,0.003610294018818196
38,0.0046922297404398605,0.44989631114842943,0.5397779387928899,0.00014230314049016723,0.005491217177750642
39,0.00037653054525481474,0.06904967470603615,0.9292605342713124,1.7566064499474152e-05,0.0012956944128971189
40,0.0015447034244488378,0.5269152504292722,0.46600266222687536,8.10364156971894e-05,0.005456347503706383
41,0.0005511794037637635,0.2905658388336722,0.7060482882481024,3.6660830571182846e-05,0.002798032683890432
42,0.0012697137322894357,0.3993261866492639,0.5953151754123366,8.182405033332306e-05,0.004007100155776804
43,0.0002857121137536184,0.12148744163781859,0.8765618691704772,2.1100230925399355e-05,0.0016438768470253189
44,0.00012563399337510773,0.08058007003527402,0.9176822790838443,2.315203892895282e-05,0.0015888648485776536
45,0.0013823998598517895,0.18256671256706913,0.8116247539667926,4.840163609355111e-05,0.00437773197019291
46,0.0005302887564596793,0.11288788918821448,0.884244726425415,1.6905610493105838e-05,0.002320190019418
47,0.0024456993141334085,0.35692026489829265,0.6348247252962107,4.015085538799496e-05,0.005769159635975293
48,0.0014132451256945017,0.33755742148109985,0.6560778174568563,4.687608452584315e-05,0.0049046398518235714
49,0.0005575239820629855,0.17176147139184952,0.8234708763115434,3.302374497363549e-05,0.004177104569570462
50,0.0005007979487106706,0.12612695191842382,0.8698239360119273,4.5312230843487726e-05,0.003503001890094589
51,0.0010584268299561198,0.26498121995526924,0.7287692541509699,4.3807525025157006e-05,0.005147291538779573
52,0.0011794640581042173,0.20292764629191218,0.7918894265774055,2.2065009495904967e-05,0.003981398063082159
53,0.000629644460667497,0.11485614975079945,0.8818553505784282,1.9750998488963954e-05,0.0026391042116157616
54,0.0011372211188631796,0.20270242588727092,0.7921632061281101,2.459221126357653e-05,0.0039725546544920765
55,0.00041645307714945,0.08190337144124825,0.9160786998936643,2.643096939724848e-05,0.001575044618540699
56,0.00024381659637943853,0.04309117761559332,0.9554483510463608,1.1198237760817e-05,0.0012054565039056385
57,0.00025550526196757117,0.03595049624746541,0.962228166605335,2.190670252317803e-05,0.0015439251827086534
58,0.0003685804889081301,0.05565726038983812,0.9420270693256227,2.6808585563478766e-05,0.0019202812100675504
59,0.0001912683777284443,0.06022750122382521,0.9381130728395601,1.9825861692757835e-05,0.0014483316971936045
60,0.0005981925892642668,0.11917137403504531,0.8777174177120852,3.255758307353948e-05,0.0024804580805317298
61,0.0003953101183232772,0.09143325504455958,0.9060127557095393,3.3609706060696634e-05,0.0021250694215171734
62,0.00011675268688245388,0.027938528619866412,0.9709689072588861,1.4944378169207977e-05,0.0009608670561957948
63,0.00023146755896667577,0.12667045428497897,0.8708777369469591,2.16711305256814e-05,0.0021986700785696827
64,0.0002238936431129411,0.06870640872444965,0.929638567959899,1.4142833500178197e-05,0.0014169868390381632
65,0.00011028433692835753,0.01836565816000413,0.9803419646989912,2.0854858860240475e-05,0.0011612379452161955
66,0.00010804078117705023,0.04378920062036328,0.9549471451449485,9.933945051013467e-06,0.0011456795084599828
67,0.0003127141630121401,0.1293238974423095,0.8675629743332595,2.664409187370806e-05,0.002773769969545373
68,0.0004158300317796896,0.041385599405394026,0.9555677695765685,2.4766633835223927e-05,0.0026060343524224104
69,0.00011583825536777895,0.04640432689725312,0.9522531706663654,1.1380192049698711e-05,0.0012152839889639337
70,0.00022837960509352435,0.06764854968636187,0.9301783772746155,1.713624326358798e-05,0.0019275571906655323
71,0.00019297576615146547,0.044161696186163724,0.9541392802598895,2.0256700487747973e-05,0.0014857910873076726
72,0.00031124727743431614,0.06943129200724006,0.9280470745055363,4.1881188176727985e-05,0.0021685050216125826
73,0.0002621832736826178,0.08397634739903982,0.9139679528571049,2.5653413627487848e-05,0.001767863056545249
74,0.00043064919296234355,0.04994837860501014,0.9482824672718162,3.661953045298242e-05,0.0013018853997583816
75,0.00023551653286717802,0.02848711749707566,0.9697263788647051,3.37976826873475e-05,0.0015171894226647827
76,0.0004510229929952796,0.09224234270785142,0.9049118440568171,4.5915669304570266e-05,0.002348874573031673
77,0.0003904478876060623,0.07075179094570487,0.9268214871432228,4.3982398643191374e-05,0.0019922916248229865
78,0.00022370231551841496,0.06324154181251833,0.9349570999200495,3.9903914115966394e-05,0.0015377520377977778
79,0.0003454748525907413,0.05160809129629254,0.9460629374455436,4.3839507363458224e-05,0.0019396568982096229
80,0.00012107635547903764,0.08198811768526955,0.9162728317933432,2.315826011843418e-05,0.001594815905789713
81,0.00023295139559991192,0.12412802907219808,0.8726633366346477,3.809669218728733e-05,0.002937586205367021
82,0.0003695666980803806,0.08756219648626189,0.909638999796375,3.976592623438598e-05,0.0023894710930483856
83,0.0001607148264085158,0.05126002363987793,0.9472903337102369,1.7055349827906276e-05,0.0012718724736488305
84,0.0006560303723164564,0.1467011305859844,0.8486294510506871,5.592639650674193e-05,0.003957461594505458
85,0.00024202673119758355,0.11260013541993581,0.8845428104622483,3.2541212508927345e-05,0.0025824861741093872
86,0.0005486162023930743,0.09215961016031174,0.9052931942777663,4.8838484552857395e-05,0.001949740874976106
87,0.0005021777832757222,0.15615019853566667,0.8403217808476784,5.123308440373558e-05,0.002974609748975706
88,0.0005931981099427018,0.07860764965186262,0.9188963032772434,3.8378917564052866e-05,0.0018644700433871582
89,0.000406074540862845,0.16135875227817553,0.8354796055103482,5.325251248381202e-05,0.0027023151581296342
90,0.00115508879602488,0.20123986026126361,0.7925748280282634,0.00016090920340887716,0.004869313711039076
91,0.0013685608473465863,0.31088949070886995,0.6821711517702101,0.00015722454310967897,0.00541357213046362
92,0.0005063206411160465,0.05128976099966371,0.9466302050830921,4.806945036889596e-05,0.0015256438257591493
93,0.0010125057074907816,0.1073172864687175,0.8867379439095605,0.00028783010184565413,0.004644433812385575
94,0.003984727226404538,0.09983549455822555,0.8892710100035413,0.0003935655905953316,0.006515202621233327
95,0.00816706634992452,0.32013750673698077,0.6497873011577694,0.0011221283491941764,0.02078599740613116
96,0.06562581908708069,0.4807162380577603,0.26674271347535106,0.0026671976227727063,0.18424803175703508
97,0.21450697641619682,0.35483324103992187,0.08163502543982987,0.03126123313501803,0.3177635239690334
98,0.4275891311447916,0.11019171962015782,0.0036468261170524816,0.016701264998274658,0.44187105811972344
99,0.5858612728951802,0.15923139207988357,0.002805188925974592,0.020478997350271567,0.23162314874869003
100,0.26236355219968854,0.3088908101873756,0.001671430989949797,0.049071712752067606,0.3780024938709184
101,0.6488436927360911,0.21908324968324963,0.001118313294538066,0.036866583735210484,0.09408816055091064
102,0.5224961703347298,0.24666851052665645,0.0004895568706096044,0.11709756655552712,0.11324819571247693
103,0.32343245127222775,0.5158657564411696,0.0018595069350358802,0.11185896350963193,0.04698332184193484
104,0.20601009157488617,0.5316663995546919,0.002268852589647118,0.2294126757272749,0.030641980553499915
105,0.02698584559792439,0.8853983385846328,0.011091257012804981,0.06660962353993845,0.00991493526469937
106,0.135071241741302,0.5809507727993346,0.16024427880482553,0.10282840259652377,0.020905304058014072
107,0.3067901550103359,0.32668849268065775,0.0020171753870013133,0.2997716185641543,0.0647325583578508
108,0.17582183002827742,0.46627816907007397,0.004863195866628743,0.3283816639738337,0.024655141061186096
109,0.1418524157263974,0.7025047344371871,0.0411767138199837,0.0949534798870685,0.019512656129363527
110,0.30678404798590125,0.4665572834822961,0.0028510012984452712,0.1987422212825417,0.025065445950815616
111,0.08359041978085735,0.7280496984402308,0.016225810300790566,0.16101121934506757,0.011122852133053534
112,0.0644490588523875,0.7808158577094513,0.045566589565429506,0.05468315035586511,0.05448534351686651
113,0.5752542285139045,0.28508614385569886,0.0021788714182845387,0.07465360583149452,0.06282715038061748
114,0.2548077695550509,0.6716884493945334,0.028715032904643785,0.010818893722271529,0.03396985442350011
115,0.2059883309248671,0.7733319064761722,0.005663687124441065,0.006550151116839457,0.008465924357680333
116,0.05544144219429109,0.8856950718978693,0.05464046032281258,0.0018841521282905213,0.0023388734567364134
117,0.04721559819820204,0.8760041595711444,0.0672099382535232,0.0027454989722242857,0.006824805004906052
118,0.00905468424077378,0.6693557677365707,0.318854071875444,0.0005365450909254236,0.002198931056286106
119,0.007770180292981191,0.7719094776259372,0.2141379167599209,0.001965417233082439,0.004217008088078417
120,0.003813122984892701,0.46484965318208593,0.5284563762117788,0.00029596859680698564,0.0025848790244354814
121,0.009262738918634255,0.48459464573727634,0.4992536919222464,0.0004954840761689069,0.0063934393456740795
122,0.018500705442031154,0.38638210324207617,0.5902914310949383,0.0004984501707198828,0.004327310050234425
123,0.008224392679801518,0.6204986566510646,0.3675685865605448,0.00035101045133684026,0.0033573536572522435
124,0.0020941239579976337,0.3613215952470083,0.6350858178191312,0.0001664871822534085,0.0013319757936093063
125,0.0019703590178168826,0.30860903601720346,0.6873995929465931,0.00020443236128212252,0.0018165796571044804
126,0.001332282393292641,0.34129022682118954,0.6554307138683324,0.00014327155188044425,0.001803505365304887
127,0.0016363920493464071,0.39754675218452307,0.5970526513708079,0.00018903680769202094,0.003575167587630656
128,0.0009289499693748134,0.15468046070089772,0.8426648419935113,6.29100346897181e-05,0.0016628373015264428
129,0.001704738312871169,0.2762895824692775,0.719708505390786,0.00010581440961817655,0.002191359417447199
130,0.004384661387660068,0.6849705169263447,0.30487726666351495,0.0009759950582463569,0.004791559964233943
131,0.0012626668472899855,0.15715568308164782,0.8385854660759698,0.00014871455042291548,0.002847469444669425
132,0.0034156208955364083,0.5769653492992637,0.4156137965295018,0.0003749679397397798,0.0036302653359582037
133,0.0020199457647058715,0.20374669436207699,0.7916919140973202,0.0003256781331636676,0.0022157676427334095
134,0.0023102716198908422,0.24147054104344662,0.7528861681814312,0.0003649334854958616,0.0029680856697355765
135,0.009029811839045889,0.3996619808688259,0.5818845997974863,0.002098933787017056,0.007324673707624992
136,0.005514027833313066,0.18671863785285533,0.7946662997021313,0.0014380174689936141,0.0116630171427066
137,0.07419957129062978,0.30109227755722195,0.5957646535750073,0.0015644072499579106,0.027379090327183032
138,0.20611102746477195,0.1572146874492897,0.004429327639445981,0.013800466401424362,0.618444491045068
139,0.5455333914380303,0.3409133595432124,0.004872415439004702,0.026705452774116605,0.08197538080563616
140,0.7033669274160612,0.24209592562025775,0.0040067906405737005,0.008669666912922707,0.0418606894101849
141,0.3754376938931281,0.5986805910383138,0.011567634578879249,0.002812510307408258,0.011501570182270347
142,0.08744705351665051,0.8961448056151337,0.003462734728519222,0.005935376961930106,0.007010029177766372
143,0.036585816406749974,0.9303015448076002,0.023698245394868655,0.005132059209533941,0.004282334181247356
144,0.037008299985546673,0.8708999632826472,0.08183716214997762,0.0030489966414838808,0.007205577940344639
145,0.16680227548234952,0.7964024135659322,0.009100591449791228,0.012227543262096362,0.015467176239830842
146,0.02177434897340072,0.8901059158526897,0.08335782752229536,0.0022235409399744915,0.0025383667116396845
147,0.04839868463711379,0.8265391790875426,0.11994510482831985,0.0027407300126587684,0.0023763014343649255
148,0.01430266303328931,0.7729292573268127,0.2108945537234504,0.0008376293778351423,0.0010358965386122812
149,0.007188856521014953,0.4776591747967878,0.5104018006180127,0.0007416059356980913,0.004008562128486452
150,0.0077002130955124036,0.608752622799064,0.37751453535854507,0.0017217681880000188,0.004310860558878687
151,0.01054790921300259,0.4537573925962121,0.5275633143740965,0.0012030629131521632,0.00692832090353668
152,0.10855855993840073,0.801301654363176,0.06381402971005411,0.00327971229347347,0.02304604369489583
153,0.016957997287814663,0.843672734055769,0.13329321546713177,0.0006674171262075142,0.005408636063076794
154,0.017699926363066002,0.6730696476668023,0.30589149638698304,0.0004272827731191431,0.0029116468100294723
155,0.010090707486744866,0.6463384269212672,0.3410059541840823,0.0006374996514547543,0.0019274117564507844
156,0.006313107611721727,0.6048744794819034,0.38519648440063364,0.0004627062650073581,0.0031532222407339543
157,0.007469008194970097,0.3980814674445922,0.5897356659390273,0.00043433093209838814,0.004279527489312007
158,0.003698736213181297,0.3366624233801309,0.6571909452630925,0.00031891776518587587,0.002128977378409355
159,0.02120398084496302,0.5133302572663184,0.4551043988393944,0.001085511863447121,0.00927585118587707
160,0.004469198945710674,0.42746279999680564,0.5641457457360866,0.00040751388879872773,0.0035147414325984354
161,0.04347782391194282,0.6970472263455952,0.22867074914005453,0.00596560023295822,0.02483860036944899
162,0.05758504800665696,0.8442164251578681,0.08209314703473324,0.006803700729155623,0.00930167907158625
163,0.10057727439791761,0.7644579888593327,0.11763362480348198,0.0028907103421553382,0.014440401597112391
164,0.20633273439360547,0.7644200269287015,0.013693544725427257,0.00538963431766902,0.010164059634596663
165,0.04616210098389345,0.8156870102202506,0.1344568253992952,0.0015749365361315474,0.002119126860429321
166,0.05367854723295145,0.7963463906465296,0.14387625137295032,0.0029494244565316076,0.0031493862910371025
167,0.02552424215689632,0.8545070150686958,0.10916653756948118,0.007900672968075343,0.002901532236851228
168,0.02799565120962429,0.8509828503267709,0.10664952343442717,0.010712738578579246,0.0036592364505985756
169,0.035827167227881915,0.8026534804224278,0.1484408017756543,0.008593086074179891,0.004485464499856007
170,0.008619804482709614,0.7807414345373492,0.19654406696161358,0.009373251431446301,0.004721442586881162
171,0.005544754043794616,0.45820930761170886,0.5321619960643508,0.002586098978034483,0.0014978433021112637
172,0.05853823216680213,0.880308528055116,0.01542592350624086,0.03359445764395409,0.012132858627886989
173,0.0794294137325647,0.7858201543273055,0.003032364154131544,0.12004862935532223,0.011669438430676225
174,0.15446864468627206,0.2154542264960193,0.0018190922039796407,0.605017199691092,0.02324083692263692
175,0.06276429075404232,0.12604217037303705,0.000537185464103987,0.8035118459260523,0.007144507482764453
176,0.14744495255934406,0.1405885615572788,0.0002939906806387465,0.6958552443072714,0.01581725089546703
177,0.09191582712179645,0.038521693447108714,0.00020774552565468938,0.8510207587282975,0.018333975177142497
178,0.11879990726998822,0.04602549065834356,0.00032770603067486216,0.807808916628465,0.02703797941252842
179,0.11716371221201016,0.03355219823166346,0.00018025906443774705,0.828271209418436,0.020832621073452594
180,0.12647225326822403,0.021229024361801022,9.084304383242521e-05,0.808434528155992,0.04377335117015061
181,0.16565076463197573,0.0252533057804909,9.281239058262007e-05,0.7656916047264231,0.043311512470527724
182,0.1844147411905599,0.07264088323364516,0.0003736805841197756,0.7165244379701542,0.026046257021520934
183,0.1749275207432168,0.06153542079452868,0.00019016242486145373,0.7321313934871168,0.031215502550276306
184,0.1516561241406099,0.04240969382441608,0.00018090465272769496,0.7556324401337403,0.050120837248505946
185,0.15594462868067155,0.09922955910561397,0.00030868367227074626,0.723503045455709,0.021014083085734596
186,0.13237784846764158,0.04270315836932266,0.0001256051828674584,0.7990672493013593,0.025726138678808883
187,0.17054720410455418,0.0793126390513807,0.0003082759633197135,0.7090296018010765,0.04080227907966891
188,0.1358020647385245,0.29426112119761405,0.0005709773243257465,0.31147354676688405,0.25789228997265173
189,0.07330824744296302,0.009329183730018734,0.0012127603541436003,0.10266798926323026,0.8134818192096442
190,0.6820001356423082,0.05589205206707003,0.00016382276634839058,0.14126194802313063,0.12068204150114287
191,0.4694575404544227,0.06839809350126262,0.0005960056777572437,0.0694881179060687,0.3920602424604887
192,0.487855424915926,0.2769241287003263,0.0010374978607561901,0.10700655389133165,0.12717639463166006
193,0.13278929743614873,0.4282552673125863,0.0011208585897205996,0.4157793418029553,0.022055234858589165
194,0.06260984826813021,0.4319929184332286,0.0010732677536072228,0.47855809841864916,0.025765867126384897
195,0.044172513415209454,0.4448232048928151,0.0007673459810309626,0.4994053437024229,0.010831592008521476
196,0.07876501522568148,0.09082311743804364,0.0002904130690728323,0.8225232695208194,0.007598184746382517
197,0.11940629241967309,0.48686936050186364,0.0006641062528909229,0.37593012048012964,0.0171301203454429
198,0.1725212688755444,0.35871445566844146,0.001505383807240471,0.39385345272220024,0.07340543892657338
199,0.43805380593183796,0.11180269199901302,0.0002505692679560589,0.40233572299549586,0.047557209805696984
200,0.1651989898729355,0.528428146586728,0.0017154077125069388,0.2794003584990455,0.025257097328784013
201,0.17948185217373339,0.6309842044424103,0.013334640295518712,0.15690069944475343,0.019298603643584253
202,0.10437261276393732,0.5695898660124422,0.002597184942745573,0.2979428546373902,0.025497481643484605
203,0.06412171617722988,0.5327499587629732,0.002381328330032294,0.3485980134747802,0.05214898325498443
204,0.2412212830870866,0.028979036396107053,9.940384233547338e-05,0.2320891954541033,0.4976110812203675
205,0.7469611229219887,0.056672572350497864,0.0001866635172001016,0.1380343767726161,0.05814526443769742
206,0.7355648512162406,0.15591646177629617,0.0004295278368696622,0.07036692605385454,0.037722233116738946
207,0.37324981714464966,0.5750353029778189,0.0007129555844814828,0.04123613528078209,0.009765789012267804
208,0.02841527540346334,0.9137088902152459,0.0018813231232509102,0.0515193949462883,0.004475116311751429
209,0.024628443057020274,0.9079464723064671,0.001353384468360777,0.06315601555599905,0.002915684612152839
210,0.008172543798852398,0.9768909506230729,0.002844046259590898,0.010814033457478422,0.0012784258610055424
211,0.1887147014281378,0.4236029642792567,0.0008470600432235804,0.274543268810266,0.11229200543911604
212,0.08298109385501612,0.872395141900345,0.001261056450237395,0.040332598067863795,0.0030301097265377423
213,0.08824526748724847,0.8581988319727393,0.0012037179936676822,0.04872964765242079,0.00362253489392382
214,0.06154593933364624,0.9151867668338388,0.0027887100223358136,0.018424138648366305,0.002054445161812606
215,0.01976635476095373,0.9598173670766382,0.006855941017855635,0.011878394608351465,0.0016819425362009843
216,0.010398551081791692,0.9522138624684353,0.010361873281273271,0.026098390925207167,0.0009273222432925782
217,0.012921371307877242,0.9413201732507142,0.018974034995648162,0.023007643131291805,0.0037767773144685326
218,0.09580988232306857,0.662608830350059,0.0017133797388651341,0.22405683968133927,0.015811067906667985
219,0.020351694367076987,0.8793759588386032,0.003926759542239246,0.09425202959455625,0.0020935576575242354
220,0.01780357396553765,0.8976898349627138,0.006737728455429928,0.07468809516006772,0.0030807674562509033
221,0.04083313653819624,0.6322777189247678,0.007119491158904962,0.31768199310235096,0.002087660275779972
222,0.022470860562819057,0.5567306019028049,0.009215799053303587,0.4069467720213198,0.004635966459752769
223,0.10273344747299368,0.3241799322923214,0.0007650277053234319,0.5242362421707567,0.04808535035860474
224,0.03787619915066974,0.8754830968115689,0.0037021110582499414,0.08132523553429943,0.001613357445211997
225,0.029632924097018908,0.8973463068976513,0.004464965010950486,0.06731564010696427,0.0012401638874150079
226,0.22591534030825716,0.6415621688480128,0.0067075031170469,0.11733342015767395,0.00848156756900931
227,0.025167661243880916,0.8562936515754301,0.003817803305970487,0.11261837489264816,0.0021025089820702605
228,0.034869446259510606,0.8504747763049333,0.008333724670235288,0.10416670599355296,0.0021553467717676826
229,0.011696095279374076,0.9256211493911716,0.011643535816402461,0.050012971821028325,0.0010262476920233563
230,0.010901708626147845,0.8949282464997337,0.019329374011591287,0.07337316731318004,0.0014675035493471981
231,0.03632076447348362,0.8701793441657065,0.06371202498491718,0.025220689942018183,0.004567176433874343
232,0.04976272291590983,0.8499403008100809,0.006195546320576736,0.09095959806645648,0.0031418318869764063
233,0.016516472562030815,0.8569166392894737,0.09031625119882623,0.034095916416553004,0.0021547205331162106
234,0.14651641801885948,0.7201108559139496,0.00571626203901521,0.11806355626760519,0.00959290776057067
235,0.026135850439095318,0.8918098940665693,0.004951936389488482,0.07500307802391898,0.002099241080927729
236,0.0165784899940473,0.8957927886717034,0.03208896354724103,0.05230821862116696,0.003231539165841097
237,0.21926913431212341,0.24404228296902175,0.000751069413256027,0.5034579276850484,0.032479585620550394
238,0.08479292011795372,0.7765054258524531,0.0048382106680247465,0.12840728874873056,0.005456154612837911
239,0.09291496183477105,0.7397424035086525,0.0094043872168124,0.15228795209964707,0.005650295340117081
240,0.046419675942954174,0.8851314120557554,0.012099664898836201,0.05389536566294571,0.002453881439508689
241,0.12764531987081942,0.5211477963098902,0.003638677920065534,0.30035832821023134,0.04720987768899356
242,0.40116486862683615,0.13186128395170174,0.00021998124307162327,0.019463779098278407,0.44729008708011214
243,0.7252398968734506,0.25156957993160306,0.00205952828823163,0.012822799026545373,0.008308195880169369
244,0.5191623350994292,0.45626890066976994,0.0034019514083106672,0.013292234483168642,0.00787457833932143
245,0.5900903971637648,0.37697853386422886,0.005503403923182456,0.013163927034357977,0.014263738014465968
246,0.020706614926292683,0.9382077352360714,0.004233914568391183,0.03491370111679163,0.001938034152453065
247,0.025971049801033225,0.8837675724064837,0.027203364480316395,0.060274457704579384,0.0027835556075871625
248,0.029634179384110414,0.9099600572188788,0.02071714802200113,0.03722291604848307,0.0024656993265265424
249,0.011041286959942047,0.9532104635420072,0.027397166525915267,0.006913679285553742,0.0014374036865818585
250,0.0032083496512766833,0.9514338846432405,0.041854982458150135,0.002497368881260329,0.0010054143660722422
251,0.02616809974268204,0.9178477226329609,0.049844344313961675,0.0031042961429321517,0.003035537167463124
252,0.014126494931179148,0.942807295024493,0.037334981065841454,0.003695245063220718,0.002035983915265851
253,0.008211046588604679,0.8725247529574535,0.11597706520908331,0.0018729779266694244,0.0014141573181891524
254,0.03414080044532128,0.8875048452364604,0.0714162938504175,0.002343351128828323,0.0045947093389723335
255,0.5401922840475786,0.2205781093239647,0.0014498804313390669,0.0012885519044053143,0.23649117429271244
256,0.07793612920050487,0.8820189406497091,0.03564837210157233,0.0010958043131332694,0.0033007537350804765
257,0.12793718544341648,0.8237755917941053,0.03942566081670833,0.0018966586159546866,0.0069649033298151255
258,0.04626915225417497,0.734390358364431,0.21671498704448927,0.00037080540942904827,0.002254696927475721
259,0.005278813337970531,0.8470527934102979,0.1445312393839448,0.0013621868291257837,0.0017749670386608342
260,0.006573379581730965,0.8012546380575314,0.18963254384009437,0.00097308966250789,0.0015663488581353518
261,0.004023971713622013,0.5748618332621765,0.4190225910834174,0.0003105633210199084,0.0017810406197641877
262,0.003082118000060824,0.6010265515100555,0.3940267065585187,0.00023047042433068166,0.0016341535070344892
263,0.00362692445424408,0.47889147245619096,0.5154684049183003,0.0004542812752954664,0.0015589168959692186
264,0.0016222353504701486,0.3898362804067828,0.6064529817354549,0.0003704584103121663,0.0017180440969799583
265,0.002442934830618553,0.5409266173736906,0.4539371975194177,0.00031950786412100074,0.002373742412152107
266,0.0012103055864270628,0.2738651058715759,0.7230173736535426,0.00027539349251834693,0.0016318213959361691
267,0.007788691898620998,0.7100081831725972,0.27560692674237686,0.0014875644716779285,0.0051086337147269265
268,0.0019183177250705651,0.15796779908799322,0.8380374410938616,0.000461480468860344,0.0016149616242142268
269,0.0031323806750888925,0.5170400143469694,0.475435838820334,0.0008996624315836299,0.0034921037260238954
270,0.0034805610369481946,0.43959666700512817,0.5539582748567023,0.0008017536130760278,0.0021627434881453327
271,0.0006768883057993858,0.3112860081079004,0.6860733978871901,0.00042864579201919455,0.0015350599070908487
272,0.0011148820266192138,0.12513198546165857,0.8711895997196284,0.0007232144974363628,0.0018403182946573821
273,0.002738445462135573,0.35992499206391376,0.6284878555839593,0.001754772240219715,0.007093934649771776
274,0.08523708276656794,0.8127941512858394,0.06887257728046248,0.008223276220001543,0.02487291244712845
275,0.0406765742801211,0.7312463274833256,0.20828213498278406,0.009347379784654873,0.010447583469114266
276,0.06333385775992359,0.7826897982461044,0.1379722890243639,0.00636662621777548,0.009637428751832586
277,0.2746977726215408,0.6798404638433267,0.028613650626182093,0.008264732823798259,0.008583380085152097
278,0.12018968994951733,0.8298137052079332,0.03425810801857612,0.008588977011947404,0.007149519812026139
279,0.24395342081318896,0.7367869324943119,0.005741099238392305,0.007113421924493426,0.0064051255296134445
280,0.026851781387831578,0.8931215658506542,0.07512541297082628,0.003267216372929887,0.0016340234177580522
281,0.03412591639644029,0.9052810602915177,0.05374593678231659,0.0047072466875471035,0.0021398398421783532
282,0.00460310604441731,0.6957965254971546,0.2974083787627658,0.0013622888566100315,0.0008297008390520506
283,0.004481194217272374,0.7009901398435502,0.29067578253112614,0.0026226198834514106,0.0012302635245999528
284,0.014608938186069932,0.9147627567492663,0.06423538850263844,0.004142616980856609,0.002250299581168826
285,0.0051048631251872185,0.7092994403874057,0.28289401892510463,0.0010835864034966503,0.0016180911588057631
286,0.002992184428601061,0.72551996169513,0.2692504441750529,0.0007050513527286645,0.0015323583484873537
287,0.004780743419605049,0.35464938367605675,0.6389634994869526,0.0004083351025964298,0.0011980383147892652
288,0.002319460002159291,0.4094816000242595,0.5846837771602504,0.0008025307484792596,0.0027126320648514315
289,0.004466965995500469,0.7783804506487068,0.2124875540013042,0.0017586589944189517,0.0029063703600696682
290,0.008036640045138205,0.673970253351249,0.3111821506526099,0.0019017157497834367,0.004909240201219203
291,0.0007144271739056262,0.28721099501140973,0.7109080238495804,0.00017228102578759023,0.0009942729393167173
292,0.0014672717051759051,0.37012470163577416,0.6260670915793045,0.00035172379094434,0.00198921128880103
293,0.0011862386700062072,0.3907108725989095,0.6056578720115283,0.0005918156650040605,0.0018532010545517798
294,0.01052503255098106,0.3186157010340439,0.6593614247742204,0.002240149548477126,0.009257692092277623
295,0.006441967100975439,0.4071452038921112,0.5804311515995306,0.0014602309916815358,0.004521446415701232
296,0.006201999520760147,0.3473776826309974,0.6395353183461348,0.0013393607640235293,0.0055456387380841896
297,0.38030298951346575,0.41132070692574296,0.021860793017636517,0.008347209313284922,0.17816830122986987
298,0.04796381278592184,0.7070429049106568,0.23830997805330018,0.0005796617146542416,0.006103642535466956
299,0.038755692865874346,0.6413577537346479,0.31243984817806975,0.0009164786581357009,0.006530226563272432
300,0.025849909020952615,0.6417064755749291,0.32909652807105927,0.00048821167418895255,0.0028588756588699316
301,0.006981715457271707,0.7304630137051916,0.25841905517851627,0.0018852029829460096,0.0022510126760743234
302,0.0013284016635436264,0.42337821389167546,0.5730641499415746,0.0006032189776147601,0.001626015525591511
303,0.0013007735038210234,0.3310666016163382,0.6647531430011249,0.0005957925612810155,0.0022836893174347796
304,0.0014405123268839486,0.3846801623435163,0.6108481253373265,0.0006940345277639397,0.0023371654645094027
305,0.0015472543016907313,0.20550124699700295,0.7909233429077357,0.0005585403621798659,0.0014696154313906858
306,0.00043357730153237176,0.12704107920783914,0.8715203896254298,0.0003636275355590966,0.0006413263296394551
307,0.0012062069959428,0.1607857985230713,0.8361604069957593,0.0006829433278525694,0.001164644157374164
308,0.0005344926761163605,0.1375352400488623,0.8602983093125911,0.000545474738774128,0.0010864832236561772
309,0.00046111291794404593,0.1320113177581962,0.8659317493463049,0.000461901626863861,0.0011339183506911207
310,0.0007353837534467874,0.15753580149755692,0.8391145398812203,0.0006405162978900694,0.0019737585698860016
311,0.0007530798443101225,0.27378063288955334,0.7224890181150866,0.0009241468941968944,0.0020531222568530277
312,0.0007290166981219966,0.14347161027947478,0.8522115724747968,0.0011636870935512484,0.0024241134540550764
313,0.001666474837852395,0.25525757088304984,0.7391932694119312,0.0009755659247600519,0.002907118942406663
314,0.0009509355689624116,0.09004944763178498,0.9068745737796973,0.0007524013055128994,0.0013726417140423961
315,0.0025432205715876658,0.3006961256901083,0.6911671771801816,0.0024396065811901763,0.003153869976932223
316,0.0010065731003908187,0.11676809385033278,0.879684066242167,0.0009954013059526583,0.001545865501156604
317,0.0005238633574632745,0.13445648491472018,0.863384937137216,0.0006053239960365542,0.0010293905945640927
318,0.0003624770251368921,0.09796543248377704,0.9002034500851971,0.00045046890181401386,0.0010181715040751818
319,0.0007867258387248372,0.2583001551567785,0.7383346589050668,0.0006042046011275048,0.0019742554983024478
320,0.0004480580955760679,0.06928989761993962,0.9291444528939032,0.00038890590846473187,0.0007286854821164765
321,0.0006710239910072965,0.12974246422439717,0.8670998095857004,0.0010581600002899944,0.0014285421986050242
322,0.0006888726992006817,0.13841357831321238,0.8591103196057024,0.0005796060908719522,0.0012076232910126637
323,0.0011938406524491273,0.1094304981848565,0.8837166618069485,0.002752826476758756,0.0029061728789870622
324,0.00030936013600967754,0.08405055039620479,0.9145082447357548,0.00037823262860797887,0.0007536121034226469
325,0.0003291411412814181,0.03590199424184913,0.9621668571124203,0.0004552124933306,0.0011467950111184563
326,0.0008710820611070794,0.21478419192346843,0.7818329167130567,0.0005629658302399046,0.0019488434721280329
327,0.0003107057148170147,0.0979129968013644,0.900464614024916,0.00021739128128942466,0.001094292177613273
328,0.0004665869013051935,0.12550440317975906,0.8724752787677107,0.00023046846914452372,0.0013232626820806038
329,0.0006069845229823167,0.09241972936713992,0.9054981108665147,0.00047813731378154383,0.0009970379295816613
330,0.0005324365922667242,0.11178359258204373,0.8860846503191085,0.0003603573950471768,0.001238963111533841
331,0.00037166394246967435,0.07408820593639522,0.9245776193628686,0.00037737920175655244,0.000585131556509883
332,0.00031200250592532515,0.07701330243293224,0.9212089983616757,0.000588451752842273,0.0008772449466246866
333,0.00027134957855745893,0.08932887109468193,0.9092939521435519,0.00024640646483881817,0.0008594207183699277
334,0.0004692154457730342,0.11417569823262402,0.8837372561292661,0.00042997014692564554,0.001187860045411172
335,0.00027032776109722534,0.08125229256057373,0.9173987646814508,0.00032407905584297045,0.0007545359410352233
336,0.00041595514074105756,0.11619106074075511,0.8822062668872415,0.0003280249398680303,0.0008586922913944064
337,0.00028111313420871255,0.05589691405470681,0.9416215054770849,0.0004208577960358217,0.0017796095379637993
338,0.00047419184098124173,0.06969377470070715,0.9286087334640163,0.00026866713358547476,0.0009546328607100169
339,0.00022652771064980663,0.07276490619244996,0.9260082477901335,0.00022616332392084727,0.0007741549828459667
340,0.0007002774883999666,0.06288100644714492,0.9344245741715697,0.0004528905350781127,0.001541251357807315
341,0.0019295766548559905,0.2044594472889613,0.7908339987180829,0.00044869978080324036,0.0023282775572967865
342,0.0003450034926915354,0.09453318778714626,0.9037763753735348,0.00020025712839023835,0.0011451762182371943
343,0.00022250191141482006,0.08133907708108194,0.9174021300727996,0.0001763054504849273,0.0008599854842187425
344,0.0005269124297703685,0.21139117131503068,0.7864767418169887,0.0004525613146606924,0.0011526131235495745
345,0.0005178181758483665,0.1742359476652574,0.8233761791137783,0.0006342294011629365,0.0012358256439530804
346,0.00020929155109422222,0.045345523543383184,0.9536228373825731,0.00021302164358436102,0.0006093258793650061
347,0.0006766984965476266,0.11915289822180872,0.8767441405681577,0.0010033124991088217,0.002422950214377068
348,0.00019845814806383419,0.04810837788481403,0.9489199490435589,0.0005941224420967655,0.0021790924814664913
349,0.0009327577796441446,0.10123622575019223,0.8943168080699821,0.0010161638881983363,0.002498044511983142
350,0.002106073202815196,0.296760773199138,0.6949632414131808,0.0018411716459446992,0.004328740538921207
351,0.0007267618202850209,0.21265248007606505,0.7841428209735614,0.0003893657286531244,0.0020885714014356118
352,0.0029330548573264182,0.13286842381202377,0.8578246061751831,0.002290968010404456,0.004082947145062121
353,0.0009240057952752119,0.0753530674268526,0.9214095029356201,0.0005489785820486366,0.0017644452602033967
354,0.0353619781701956,0.5944255665226796,0.3419234105498743,0.004615722026215545,0.02367332273103494
355,0.019696653480967895,0.24930332707623606,0.7178538883660041,0.00293295045437109,0.010213180622420971
356,0.029428679252486566,0.4839808906382917,0.4648720570945277,0.0030475731247013114,0.01867079988999273
357,0.042008054670500325,0.7357108408343871,0.20555953896392629,0.007482494973304672,0.009239070557881698
358,0.01673881844481735,0.8120869798460697,0.1451934089373605,0.018599043004989352,0.007381749766763083
359,0.029917566690364158,0.9123270014369654,0.03398689717693632,0.01971843236040898,0.004050102335325284
360,0.2625459166901586,0.6293430325205892,0.006344180294940634,0.07497038956362954,0.026796480930681942
361,0.31259393860478796,0.648148097463757,0.005101005644721325,0.009825332288334534,0.02433162599839932
362,0.23415873982975388,0.692492945711034,0.004688928918388062,0.06215381168497779,0.006505573855846294
363,0.10969282083913681,0.8193168918373404,0.0058897487415340444,0.05604936871418992,0.009051169867798867
364,0.05613394676544796,0.7838904601773865,0.02759196699844689,0.12389485722959101,0.008488768829127538
365,0.03687855651651876,0.785498486725016,0.03459627788297391,0.13672190248481772,0.006304776390673668
366,0.031237877026867273,0.7812326708319461,0.02745634462212395,0.1559739446763769,0.004099162842685701
367,0.03760784867922351,0.7447091276475452,0.002314414791386487,0.20906948166934927,0.006299127212495613
368,0.02123801093903017,0.873717720566028,0.0013536782098004176,0.09791943092288652,0.005771159362254937
369,0.03339321481054845,0.5283680450857697,0.0007535197291884704,0.4346085855573942,0.002876634817099046
370,0.026896289622600274,0.6838657143455136,0.0009493623515124796,0.2851325525790177,0.0031560811013560124
371,0.09295856014393929,0.21605425999417138,0.00031282299489069265,0.6630832879510276,0.02759106891597108
372,0.08919877662157986,0.08793229816411212,0.00035040589607520734,0.8170290755429154,0.005489443775317417
373,0.16742231912640188,0.08950876053452202,0.00024787375626678126,0.7354722213249241,0.00734882525788532
374,0.15282421505559846,0.06042280008264961,0.00021612655333236503,0.774290248618044,0.012246609690375642
