epoch,N1,N2,N3,R,W
0,0.0012984802797811417,0.0003315965037280845,4.694706408322742e-06,0.00023102893097290975,0.9981341995791094
1,0.004059951358741337,0.0003056428548990291,2.7107042977497554e-06,0.00029836398227211434,0.9953333310997898
2,0.0064331732275574125,0.0013912671115960994,8.328078828025317e-06,0.0008577934352410142,0.9913094381467774
3,0.00040493313397657593,0.00013939728051769987,1.5285280604257503e-06,0.00023457117056788644,0.9992195698868774
4,0.000399200672856869,2.690522314840754e-05,9.735938343553898e-07,8.881072488841306e-05,0.9994841097852719
5,0.00027693680675629543,2.6067095893316968e-05,3.427137986259716e-07,6.974096521810703e-05,0.9996269124183336
6,0.00042805894347848895,2.3744534691282923e-05,3.7881917852683176e-07,3.073497955327372e-05,0.9995170827230984
7,0.005808575133150958,0.000122358622536052,1.973689585666811e-06,3.532097714457955e-05,0.9940317715775828
8,0.0024105471950439986,0.00021347726332380886,1.0132796899351839e-06,7.029879571149166e-05,0.9973046634662307
9,0.011102839328809743,0.0009015756396704874,2.3038840011301805e-06,0.00010182040787202184,0.9878914607396466
10,0.060739345483535045,0.0035105424176578776,8.457214070276073e-06,0.0005538962944362732,0.9351877585903006
11,0.004352938865580069,0.0004618514480527154,1.498199755574316e-06,0.000126638299139838,0.9950570731874718
12,0.009393085114290075,0.00027436588700517666,2.449153647384066e-06,0.00018883788838938825,0.9901412619566681
13,0.03416963732492625,0.0005361603334307207,4.045516883406583e-06,0.00028458042698854396,0.9650055763977712
14,0.032079627004019784,0.00032143479855314863,2.4897765505835965e-06,0.00019016568194217504,0.9674062827389343
15,0.10305831604036066,0.0025301015445148667,9.78145470002921e-06,0.0010558879503875403,0.8933459130100369
16,0.03267759211773461,0.0008518560504342697,2.7202086164578778e-06,0.0005735362317281018,0.9658942953914865
17,0.3187174439391661,0.010415371506073969,5.0773901739827695e-05,0.004588254755756591,0.6662281558972635
18,0.24434874389497435,0.007806580849413242,4.0170138644659165e-05,0.017286629798245797,0.7305178753187219
19,0.37565029671398537,0.029998813495810562,8.941904943482068e-05,0.04225325105155472,0.5520082196892145
20,0.054902791564551176,0.010344892609116097,2.8713900857199606e-05,0.025683600345539778,0.9090400015799357
21,0.20579306734790173,0.007627167556198884,4.797327930046669e-05,0.032004563943749904,0.754527227872849
22,0.15702414833455805,0.008374492698420218,3.6563978847518525e-05,0.02312506185357926,0.8114397331345948
23,0.30373472548521974,0.037765196623182125,9.040686766358299e-05,0.03713419851467493,0.6212754725092596
24,0.22679577084346902,0.032467750147827955,5.913417737181339e-05,0.043056377602876464,0.6976209672284547
25,0.0976613527940062,0.056074233590233356,7.053216717901923e-05,0.03848884904408123,0.8077050324045002
26,0.03604502233250755,0.0011840996266659824,1.385620607055155e-05,0.004064710839413027,0.9586923109953429
27,0.12053069086990824,0.003988926096529702,1.2537473276723605e-05,0.0017359521010485443,0.8737318934592369
28,0.17477908950954127,0.0008646111144460384,1.046586053922051e-05,0.0012076994915022276,0.8231381340239712
29,0.6156659337730532,0.0082842228117449,2.2043889439803403e-05,0.00335177213154206,0.37267602739422
30,0.5408173363061503,0.345483090470109,0.00023484435264580283,0.010082221894675735,0.10338250697641908
31,0.29459125682243853,0.5919235239816484,0.0010178373477129844,0.03256677757436465,0.0799006042738356
32,0.4090214001203543,0.43727014800018416,0.00036035779844755553,0.06495174112526979,0.08839635295574423
33,0.05469310106595111,0.9022647864743737,0.0032534839073345796,0.018761059502281192,0.021027569050059668
34,0.060024100505696995,0.8890641880590948,0.013141149394731991,0.004671823237990109,0.03309873880248622
35,0.014317436551639456,0.8398030564602937,0.1316083397953536,0.0009585415206861955,0.013312625672026781
36,0.01912010011941619,0.8685924721587405,0.07327467176809817,0.010673488208173857,0.028339267745571408
37,0.022540526877845957,0.8034841000636822,0.10311839215478115,0.003144302003117637,0.06771267890057274
38,0.12318086267332781,0.025989129050396118,0.00010882099745894197,0.010555761769715977,0.8401654255091011
39,0.48985628205738546,0.24958418579583375,0.00031687631040060263,0.027399240269743025,0.23284341556663724
40,0.2687023674512905,0.6785097415425413,0.004049842501786428,0.004593597404563201,0.04414445109981851
41,0.6435746826633034,0.26669051660013954,0.00016514984388167183,0.027729074755284352,0.061840576137391155
42,0.11869557286052493,0.7555378521875928,0.0018989878672410344,0.03503986296336877,0.08882772412127227
43,0.27614206901199106,0.5550913329749584,0.0011718407567277466,0.05578768098449496,0.11180707627182783
44,0.23399945469796737,0.36232697684706433,0.001111899599976556,0.10074883309129,0.30181283576370177
45,0.10963960264210247,0.4172771748361775,0.0007936575549439585,0.028000654832888393,0.4442889101338877
46,0.004744940458303627,0.002470826224231786,4.978063642957714e-05,0.0008688321219006139,0.9918656205591344
47,0.04193965549830206,0.0046961105784683755,1.5231640081493017e-05,0.0007868614670012636,0.9525621408161468
48,0.5601548500263734,0.012078844908889767,2.3218744123702313e-05,0.000664989633541529,0.4270780966870714
49,0.8586431205671232,0.0266388148631959,1.970727669524264e-05,0.000996849345716471,0.11370150794726934
50,0.7183332469317152,0.1881726102405957,0.0001344877147267255,0.0037300835716204037,0.08962957154134185
51,0.4730679080963186,0.42809122349187534,0.0007830721373831681,0.009016769749606681,0.08904102652481632
52,0.09029506036403005,0.8325154030125024,0.004136774566308071,0.001025253974975279,0.07202750808218414
53,0.03280856360961115,0.5911332962803952,0.13873844826331533,0.0004412096573014112,0.2368784821893769
54,0.011959437459787937,0.2767090539535411,0.4026799282428507,0.0001838956714022703,0.3084676846724179
55,0.02309178633992204,0.4062651188650734,0.49435078653097736,0.0004320092575177897,0.07586029900650954
56,0.0232818951024522,0.2633373874922035,0.5828375651827769,0.00045048406111287406,0.13009266816145465
57,0.013387537782731445,0.2715174558750412,0.6853620898200828,0.000187618653907874,0.02954529786823654
58,0.013664223441035834,0.5488182796904107,0.40493050920283535,0.00022955122380078746,0.03235743644191729
59,0.005601475271329837,0.23343776095585797,0.7290025463814007,0.00015793894075884373,0.03180027845065272
60,0.0014493542891049582,0.14781767814925423,0.8240705959445788,6.889779094482126e-05,0.026593473826117257
61,0.0009526571481019722,0.052742445029337004,0.9357679998273688,2.2384386287996325e-05,0.010514513608904295
62,0.0011178664019857332,0.1368295191792152,0.8162801286628742,6.0023911217290714e-05,0.04571246184470751
63,0.0009214180735085433,0.05993382699363184,0.9323120463179864,2.625705579687751e-05,0.006806451559076381
64,0.0013873852939139588,0.06852360846695199,0.924840423142427,2.4536690779076078e-05,0.005224046405928095
65,0.0006350568799138838,0.03966707269702697,0.9570076248935855,1.9322477673495887e-05,0.0026709230518000967
66,0.0007830280960552655,0.09912127898165302,0.8954878770160309,6.337517870749422e-05,0.004544440727553069
67,0.0002562348383367329,0.023552473884982477,0.9743642126252927,2.9398600120627087e-05,0.0017976800512675398
68,0.00017249249729798578,0.016159107875113616,0.9811019450416697,1.5895709355356883e-05,0.00255055887656345
69,0.0001558824968632044,0.037684049018421026,0.9590029773317305,1.3028837640173994e-05,0.0031440623153450864
70,0.00018356679421978865,0.019401674960402005,0.976769230009667,2.1804088655747294e-05,0.0036237241470554737
71,9.419857385311515e-05,0.012461711279409994,0.9846842421396179,1.0585867085546028e-05,0.002749262140033346
72,0.00011990815224087585,0.013925313470884902,0.9823985360680335,7.82748619031356e-06,0.0035484148226503248
73,0.0001159828281625918,0.0158799436043185,0.9795269287245918,7.011758414741619e-06,0.004470133084512212
74,0.00010942229709963322,0.013658720555263886,0.977551347278306,9.425229036514076e-06,0.00867108464029387
75,4.899827821189629e-05,0.004567241478641095,0.9936801695781209,2.8970211106357292e-06,0.0017006936439154857
76,0.00010166233738320482,0.013848980054447298,0.9840880221575352,7.583924381093724e-06,0.0019537515262531354
77,4.6578659909251186e-05,0.004609281769754167,0.9940282156306546,5.419299284132048e-06,0.0013105046403978444
78,7.53156980080531e-05,0.0042157357291873095,0.9939629777372363,6.092738625821755e-06,0.0017398780969424762
79,0.0005768697321866735,0.012363416796114933,0.9851207911916069,1.296414192321062e-05,0.0019259581381680653
80,0.000819943644855624,0.026825548335268002,0.9669145202575181,0.00023619723509332095,0.005203790527264774
81,0.050824163648975774,0.6546355999776704,0.1549961413451399,0.028758658721058213,0.11078543630715564
82,0.20167725638740994,0.2543755178485047,0.022540615525705927,0.46385226041021077,0.05755434982816866
83,0.36395396163725463,0.15991793973527027,0.002203891679811976,0.28300042601097136,0.1909237809366919
84,0.4069446422272149,0.29317437463765134,0.0011123338637071473,0.2622578110131235,0.036510838258303105
85,0.445642433462364,0.07784780741416983,0.00012697214494195779,0.22505187714320612,0.25133090983531814
86,0.3482319090983117,0.018434316795174977,4.529173063577259e-05,0.1189903159638246,0.5142981664120531
87,0.6459860953743859,0.029180390947643017,3.3393547750628624e-05,0.04580491886262762,0.27899520126759286
88,0.9103986849654838,0.02391635476854493,8.819911267360367e-05,0.04815285342896901,0.017443907724328772
89,0.5936506908255952,0.19736427833556566,0.0004184053023245472,0.15700849323795074,0.051558132298563736
90,0.232908815092102,0.08310445060223366,0.00022337565406184786,0.6677115770721251,0.016051781579477228
91,0.10112513700483405,0.40878219332032456,0.0007549773074475237,0.38813554906611875,0.10120214330127511
92,0.15218382522850263,0.28234592399659664,0.00047316567323058765,0.46804596424445166,0.09695112085721865
93,0.19346221531531455,0.19897834847179222,0.00037548844650766547,0.5590276069688989,0.04815634079748673
94,0.13861618520262986,0.3913104604657875,0.0008892617212816681,0.3979465085694747,0.07123758404082627
95,0.2150697446597265,0.22642433195254413,0.0002472264793275286,0.21876666254809002,0.33949203436031195
96,0.32004661209739843,0.21954903861759656,0.00021345759652900923,0.14708545508319137,0.3131054366052845
97,0.21306040564126946,0.03546367868268359,4.990445892676497e-05,0.037282181667828984,0.7141438295492911
98,0.6647816090272838,0.04743090966361889,0.00015809446168518242,0.039940584081022745,0.2476888027663894
99,0.5183358319677741,0.32235600955125404,0.0005354356394169187,0.10252507419100616,0.05624764865054865
100,0.38226445420970023,0.2264055095372048,0.0003074634494056241,0.29034293884004486,0.10067963396364452
101,0.2788207505933176,0.19605279527675534,0.0002125911493036407,0.4763503822046971,0.04856348077592631
102,0.2659684521225503,0.17323712635848465,0.00048431346575724554,0.5408090377172812,0.019501070335926605
103,0.14457167449764458,0.16608681610624748,0.00031006151329929005,0.6683832363452433,0.02064821153756545
104,0.17106507548636807,0.06764233231452042,0.00015958784711848014,0.7220891419469527,0.03904386240504042
105,0.21923672395073923,0.10878324133383126,0.00029017559949737903,0.5840309634825686,0.08765889563336361
106,0.14859273795475297,0.15654509970055905,0.00036662950417092435,0.2513392119452305,0.4431563208952864
107,0.25254251699699765,0.14984589147451338,0.0010666810333298104,0.42633288377012485,0.17021202672503433
108,0.16730733295919126,0.20296521758323038,0.001758303563529713,0.5225062677298594,0.10546287816418916
109,0.11433714743230064,0.17043065856871253,0.0012462703792744034,0.46063613464862885,0.2533497889710837
110,0.08887904228639223,0.12215163168702192,0.00031799232736429487,0.5896340165031347,0.19901731719608692
111,0.17554114265764845,0.21765600582166364,0.001687661016470537,0.43215568625677936,0.17295950424743795
112,0.1378503312789507,0.155688540337475,0.0011636779924193144,0.526220226450429,0.17907722394072595
113,0.16003544008133205,0.057515610846002006,0.00020874629361279542,0.1965253859683376,0.5857148168107156
114,0.3029964808496085,0.07476966140630742,0.0001453955591559459,0.3547809691433941,0.267307493041534
115,0.441333059299275,0.10116487589359505,0.0001847465585370553,0.2568473684130143,0.20046994983557848
116,0.3813768352578939,0.050478878417407426,0.00011308246556136458,0.11013883423349835,0.4578923696256389
117,0.5196435948455307,0.2055258376485372,0.0006756983282109165,0.11838723265422316,0.15576763652349807
118,0.31439382876481897,0.09658619017148194,0.00024510535516916813,0.45399112159928234,0.1347837541092476
119,0.2115288077228655,0.09070937054396279,0.00018107523429975475,0.49682483977053227,0.20075590672833973
120,0.22140109446671136,0.0665990523940311,0.00011224653603854207,0.49350223455270875,0.21838537205051034
121,0.3931387851832245,0.055044576525870546,0.00014338261161221436,0.47623368844065017,0.07543956723864247
122,0.40514137297726344,0.07562159622074671,0.0004097998231227291,0.47808003205666494,0.04074719892220216
123,0.29881051630598054,0.06557845347256601,0.00022763957634649458,0.5686160330549329,0.06676735759017402
124,0.06247465639512949,0.06728626629723423,0.00026181196297534414,0.8404395015533418,0.02953776379131921
125,0.09816754936537303,0.04089702987104977,0.0001288048677345064,0.8104354749065911,0.05037114098925165
126,0.09818907877082521,0.03546142784651748,8.928987831881445e-05,0.8273520574690466,0.038908146035291996
127,0.15994353090527172,0.15287841586297726,0.0006408295975884019,0.47673009323855287,0.20980713039560972
128,0.2301391879014845,0.22044646374739912,0.0023952294292476826,0.21995326617878228,0.3270658527430865
129,0.07988432468775764,0.11342677562976165,0.0006265552086565442,0.5607376196335995,0.24532472484022472
130,0.07164128221792157,0.0554986225025543,0.0002886537459888581,0.8248311626241945,0.04774027890934067
131,0.11126597830271548,0.0278634168414265,0.00019422929123543692,0.49976596696050457,0.36091040860411805
132,0.17149150980867783,0.04374748834159169,0.00015273410612685572,0.746694965151472,0.037913302592131645
133,0.144435330715035,0.14599275899884237,0.0008326173684207935,0.6515480037449958,0.0571912891727061
134,0.2655975227477464,0.07091859100969268,0.0003701023626892343,0.6241481301506788,0.03896565372919283
135,0.10293635664960545,0.047650590815365594,7.467025073146834e-05,0.583261265935101,0.26607711634919656
136,0.1810857813752316,0.05632536853218121,0.00016674985967701862,0.7150551937802024,0.047366906452707754
137,0.21437253720522456,0.10663926313210408,0.00040223782747583525,0.6434856946475191,0.0351002671876764
138,0.20033627441491889,0.17684021567573496,0.0006387287883338554,0.4436621741347898,0.1785226069862225
139,0.08183333830279582,0.07095840831537117,0.000598728948621726,0.8243969884708504,0.02221253596236092
140,0.030152325752594668,0.05327090782848218,0.000468666216841791,0.8958921085939264,0.02021599160815499
141,0.01671472249357764,0.025287707423830325,0.0003413942841500629,0.9499002082395822,0.007755967558859698
142,0.01621052987310519,0.027405378126087104,0.0001378167351733906,0.9463278154389979,0.00991845982663634
143,0.05352155099994379,0.06299276115377611,0.0004474064037687128,0.8414047206169638,0.04163356082554754
144,0.060750870670090114,0.04401152677463337,0.00022898978232155395,0.8789043193470581,0.01610429342589696
145,0.10929992115258723,0.018839313140630774,7.69510626548157e-05,0.5832520038593647,0.2885318107847626
146,0.3331029970366115,0.04654418538858204,0.0001684687371021423,0.5628076634095855,0.05737668542811882
147,0.3711193048049207,0.061114860133789035,8.913504744007982e-05,0.5084856902918301,0.059191009722020134
148,0.45948413877492555,0.08978740568998508,0.0002636316595244025,0.38593547344154805,0.06452935043401684
149,0.14686874319948554,0.17728106427112994,0.0003439999849396346,0.6237333156125507,0.051772876931894
150,0.11824202370761411,0.03541676111118831,0.00012648433713706504,0.8068813653818043,0.039333365462256256
151,0.15941598606166973,0.0908533543468347,0.0003544752971407666,0.7080182790817131,0.041357905212641634
152,0.2526756055128949,0.0798431058315761,0.0002054146256588743,0.5602277990094989,0.10704807502037116
153,0.3566725051351025,0.16276252374361558,0.000513783603843546,0.4339606639388709,0.04609052357856761
154,0.15568803857000993,0.42733376033844206,0.00020410996301449186,0.379665354620371,0.03710873650816248
155,0.4265327554185538,0.08302030306742213,9.47661178330777e-05,0.39533818033783175,0.09501399505835934
156,0.49031516418706406,0.08320311121337294,6.334912778518782e-05,0.13188508897988743,0.2945332864918905
157,0.49196284201824847,0.4055275319138582,0.00019394691980299824,0.058149057531875326,0.04416662161621503
158,0.3378125231523736,0.6261113491500491,0.0003645835066515446,0.024475800642890504,0.011235743548035255
159,0.2307196123979276,0.7184876947119059,0.00023653739248627085,0.030824103995762884,0.019732051501917376
160,0.020098375433948643,0.9737705890173419,0.001070765412578893,0.0030770186913619472,0.001983251444768415
161,0.019185914618082753,0.9711487671309553,0.0022109424706362787,0.004980718727073177,0.0024736570532525324
162,0.2717441810488475,0.6133356447440441,0.00035739419432765024,0.0689690606605489,0.04559371935223168
163,0.056228078419618216,0.9335533705164248,0.0007319070802519786,0.006316713329026617,0.0031699306546785345
164,0.007794501183225978,0.9655669888392161,0.0231168987043577,0.0016611777506559656,0.0018604335225441539
165,0.03598099477518276,0.9356846570983262,0.009089180742569487,0.0133868030303518,0.005858364353569872
166,0.04360758504051556,0.9344789757484864,0.0027612512352957344,0.015598298290999044,0.0035538896847033398
167,0.09902641128151898,0.8191576790417072,0.0009359063828627514,0.04494105747872455,0.03593894581518644
168,0.41171996267034033,0.47949575148509216,0.000603859637871276,0.08455814476694277,0.02362228143975344
169,0.06926540938505639,0.9099516497652596,0.002458362927219594,0.013443884436437787,0.004880693486026587
170,0.2378124426557809,0.7416195037001463,0.0013255158824688393,0.013195600566424033,0.006046937195179945
171,0.12079128013848536,0.8604829496006784,0.0014535572360854963,0.013209246021625987,0.004062967003124533
172,0.03133121751993618,0.9584908101837242,0.004978679307133389,0.00287821252858711,0.0023210804606193067
173,0.008958274703307817,0.9603229071897335,0.02813447067233009,0.0006425650956762319,0.0019417823389523295
174,0.014146313897289965,0.9757387178184155,0.008321620774287414,0.000677246009767433,0.0011161015002397856
175,0.0033389112534145744,0.9568484524523959,0.03813683715962573,0.0003370590567559323,0.0013387400778077285
176,0.001816158502501364,0.8338193995899564,0.1630684405950497,0.00029406690919522616,0.0010019344032972325
177,0.0011730671284710913,0.5748866273787634,0.4232168297921488,0.00011317095107515093,0.0006103047495415911
178,0.0007074170348193445,0.4676329610377166,0.5305064036144483,7.185823967952184e-05,0.0010813600733361778
179,0.0009287096275534089,0.5198163911509835,0.4784984912980704,0.00013119425424943,0.0006252136691432019
180,0.000587111991777914,0.760076062406741,0.23840563171553605,0.000106875684852108,0.0008243182010929373
181,9.96383056819613e-05,0.07618700346978508,0.923540134510686,1.1754241657789355e-05,0.00016146947218940587
182,0.0017433271499345075,0.6801138850955409,0.31664395884778146,0.0003292591290939584,0.001169569777649091
183,0.0003786191648992383,0.43647750351560344,0.5625079694843311,4.6307873262247225e-05,0.0005895999619038739
184,8.457300925057813e-05,0.1217568190806319,0.8779856546923717,1.161209495916153e-05,0.0001613411227865531
185,5.202555680290751e-05,0.05107353712403645,0.9487356308400186,5.493655300119809e-06,0.00013331282384187554
186,0.00027204790746983206,0.20680812107740668,0.7923947050056083,2.9933040462271665e-05,0.0004951929690529848
187,2.3624967598437794e-05,0.045514708760709954,0.9543283212081433,7.231706174476483e-06,0.00012611335737401205
188,1.3212094535502632e-05,0.010260720244853054,0.9896365852513029,3.055572370689876e-06,8.642683693791633e-05
189,8.640045780668511e-05,0.046323175043444235,0.9532567174624982,1.0070206357686471e-05,0.00032363682989312333
190,4.423431237263056e-05,0.01005301654534675,0.9897153546431411,7.478053474836301e-06,0.00017991644566489254
191,7.714069090333527e-05,0.07215741647354307,0.9273892891815229,8.657958139777395e-06,0.00036749569589093403
192,1.4707906539646339e-05,0.029322684701607805,0.9705317295847119,4.3079224858011975e-06,0.0001265698846548134
193,3.5624097959533426e-05,0.009746887111863146,0.9901005738185524,3.451719806212261e-06,0.00011346325181881371
194,5.3315057407529895e-05,0.03895967883465868,0.9607600252249051,1.2808842670430274e-05,0.00021417204035836443
195,1.965647445108636e-05,0.019352976694870568,0.9804941577038321,6.291728999741021e-06,0.0001269173978466564
196,0.0001422958184736365,0.06173001068796067,0.9376503621308532,2.7753287613300597e-05,0.000449578075099251
197,0.0007253013912442427,0.43175017874326804,0.5656688117977768,0.00023726181972522046,0.0016184462479856836
198,0.0003021630100574555,0.14130106785425875,0.8573809140179035,5.987036815740468e-05,0.0009559847496228706
199,0.0050275873267622605,0.7636101599703272,0.2272913274662363,0.0004593214644538472,0.003611603772220106
200,0.0007867725520063109,0.43144861196565976,0.5663591357356207,0.0001885124655690985,0.001216967281144092
201,0.0003826239141719333,0.1662691197627778,0.8326315921208131,8.38018411212708e-05,0.00063286236111606
202,0.00024489446067959864,0.1334219464939926,0.8653756172295397,7.576469617345425e-05,0.000881777119614444
203,0.0004049077306039126,0.07236963474463805,0.9259643030644108,0.0001523718305939896,0.0011087826297532298
204,0.0006657595268979103,0.07861658786086272,0.9188079678588008,0.0002971594499712311,0.0016125253034673078
205,0.005389560290841105,0.3371115618835253,0.6276942586282074,0.0035649806904901825,0.02623963850693597
206,0.015782079288772077,0.5899767023597908,0.37984366316822504,0.002935029000804087,0.011462526182407926
207,0.013311559257025702,0.5309481559754262,0.4408298536075296,0.002500182771191218,0.012410248388827365
208,0.05022241327996639,0.7209794148906451,0.20825550029610948,0.00573920667554463,0.014803464857734438
209,0.008726827090718849,0.47483551834688575,0.5052002832344783,0.002685583477278816,0.008551787850638278
210,0.013466075595377538,0.558946438062342,0.407325026910042,0.005592740277794226,0.014669719154444155
211,0.0060666088229987475,0.3023863840551554,0.6756220182795749,0.003230442695543535,0.012694546146727291
212,0.06938187408304472,0.7016858581309051,0.12718377824117164,0.0235475936615637,0.07820089588331469
213,0.44409445391080477,0.25420494012177797,0.005753112461042626,0.02391819773961384,0.2720292957667608
214,0.31182845635262735,0.5393985739297529,0.011606224525837145,0.06112434744237962,0.07604239774940301
215,0.10561909667778331,0.7431661936810071,0.02235763508599804,0.032397789374318815,0.09645928518089253
216,0.10503293879631607,0.6462863773473937,0.009467903446065472,0.04655162241764524,0.19266115799257946
217,0.08963037039188938,0.7587506044088874,0.030288529310435075,0.027965921870454852,0.0933645740183333
218,0.05705408282740311,0.8484332343247675,0.013554176923361383,0.04895560480280798,0.03200290112165994
219,0.010836171947528552,0.14300012550800123,0.010618569376014178,0.0020606546547060054,0.83348447851375
220,0.5928312478548589,0.24295728375294626,0.0009135974142815397,0.0240781155914594,0.1392197553864539
221,0.10859153126054936,0.8717770100025073,0.004683321945573366,0.0021387967487682437,0.012809340042601662
222,0.13836517924381447,0.8451269161609095,0.005786982061357647,0.0025658711192851897,0.008155051414633074
223,0.28581728164244863,0.6373942056835422,0.0013704595655390783,0.0268613078952677,0.04855674521320238
224,0.04760962360758038,0.935855424833889,0.005989370018350729,0.006786774070572065,0.0037588074696079552
225,0.16159875068572566,0.8200640854927558,0.0009256452737204662,0.009454309671906351,0.007957208875891788
226,0.04238542479957338,0.938024417695037,0.008921503592445975,0.0012465824549695215,0.009422071457973942
227,0.008091624271179211,0.9203850204912857,0.0698525775848882,0.0003527432022245292,0.0013180344504223123
228,0.012902424891850988,0.872430246670206,0.11203631085449582,0.0009306865531567482,0.0017003310302906305
229,0.005224665065174506,0.7381596275628489,0.25422565629214916,0.0007463784570407723,0.00164367262278679
230,0.002745008668125895,0.7822190660365678,0.21301571085365867,0.00044934096947939195,0.0015708734721684426
231,0.0003748975522161509,0.19196910599671305,0.8069679325726813,5.6718721298358527e-05,0.0006313451570912162
232,0.00010638577215361716,0.10451380268413414,0.894762071130544,3.9154533158565384e-05,0.0005785858800096469
233,7.9337605106014e-05,0.01987665024193208,0.9798030860022702,2.9278602687823262e-05,0.00021164754800387188
234,7.564305013084009e-05,0.017331217830659235,0.9823163957293224,4.414104470375546e-05,0.00023260234518389196
235,8.124287765837162e-05,0.02195478017180666,0.9775654279910783,5.0121440037566874e-05,0.0003484275194191826
236,0.00016475117193511752,0.024954438102343112,0.9730537779687572,0.0002087425795245456,0.0016182901774400298
237,9.374192733385181e-05,0.018959775735363546,0.9804745640092477,5.0027886644948285e-05,0.0004218904414101672
238,0.00039084391024695326,0.035753215638780325,0.9627902531176215,6.634954703309503e-05,0.0009993377863181665
239,0.0007489651694299946,0.11412319474085433,0.8827411119930909,0.0001526575881930894,0.002234070508431605
240,0.001654135434990383,0.5974876409301291,0.39756809823599626,0.0005508994432354134,0.0027392259556488123
241,0.0021176273501415316,0.4109984372464424,0.5819752587666509,0.0003728073199741681,0.004535869316791134
242,0.0013344679421210626,0.5017139820207154,0.4926271633479064,0.00036895131983281964,0.003955435369424224
243,0.00449486220460761,0.6924756985715836,0.2996360060812173,0.0005147072936957174,0.002878725848895746
244,0.0027815592634751855,0.6588095293797305,0.33586259712355,0.0005194000390306976,0.002026914194213555
245,0.0004905697159981071,0.18359799634787918,0.814697875292189,0.00011411690348724391,0.0010994417404465915
246,0.0006089531590159746,0.19053267286541056,0.8067532967295217,0.00015681867149354222,0.0019482585745583018
247,0.0004266277149621523,0.11912045412632052,0.8786813206007617,0.00018130556021032218,0.0015902919977452633
248,0.0007981346962872997,0.0835221898473285,0.9132819246288473,0.0006561601009152591,0.0017415907266217097
249,0.0020925788363382516,0.13153030816251324,0.8493290874595131,0.0015371582843075608,0.015510867257327973
250,0.010839527775598289,0.24006481386103456,0.708641980922428,0.006054040194979036,0.034399637245959985
251,0.11304683842437334,0.7050415297103371,0.09695422997778044,0.03150381865433975,0.05345358323316941
252,0.310463229152365,0.36277637854528916,0.004666126726628515,0.021260208158615727,0.3008340574171015
253,0.15158290256987633,0.7185066385354119,0.0261022995447301,0.007652340901475322,0.09615581844850637
254,0.1876192558643986,0.7712640194549313,0.010415486154962336,0.009229943673561412,0.021471294852146394
255,0.12050630006911217,0.7828575915587875,0.060927162744815196,0.0011618491161774528,0.03454709651110755
256,0.20769520841840747,0.7696893270771831,0.007584851901684658,0.003696212020818845,0.011334400581905903
257,0.12361014654424346,0.8430052394165378,0.010846808773943582,0.00691742075870042,0.015620384506574467
258,0.05585840784649707,0.8999906474766437,0.03164695622929676,0.002904115872899639,0.009599872574662716
259,0.04759070812949233,0.9243434915361192,0.01991551012780072,0.0038154983338879664,0.0043347918726997885
260,0.06539579725534748,0.9122200578362469,0.007192139502852219,0.0034427136761460823,0.011749291729407233
261,0.020639003450291838,0.9348680463850295,0.037943996377493454,0.0024323462492947348,0.004116607537890339
262,0.04532267559401619,0.9259548349512315,0.01984963589486155,0.002748413477063325,0.006124440082827071
263,0.03357453761272719,0.9328161535479345,0.022458078452215206,0.0009866892909683239,0.010164541096154603
264,0.05770510263944157,0.9126774686297195,0.025906893662464032,0.001248315026482727,0.00246222004189206
265,0.0073570234293761656,0.849682122532713,0.13921384272736784,0.0005207670447503737,0.0032262442657926605
266,0.014181631643767283,0.932207952862517,0.050470291292426965,0.00039038126647291174,0.0027497429348157906
267,0.004243293503013386,0.8218808171424812,0.16980439055048646,0.0005691395470799443,0.0035023592569389385
268,0.0020711499955208186,0.8253613534832548,0.17004647323686628,0.0006135122345169178,0.0019075110498410165
269,0.0004950369880965069,0.15073857560028045,0.8482176870526156,4.3469950235989104e-05,0.0005052304087714052
270,0.0003653956688959585,0.2810506733151764,0.7177316825026413,5.753105264654535e-05,0.0007947174606398257
271,0.00020655892710546306,0.04580188893568626,0.953388486739252,0.00013199263586850143,0.00047107276208784417
272,0.00012567274263689714,0.026982911056151283,0.9723949194165392,4.0909239147750706e-05,0.0004555875455248788
273,5.22726613940127e-05,0.012415538051117812,0.9872611224338987,1.4758369423617981e-05,0.0002563084841659873
274,0.0001418889303100973,0.01907070639670233,0.9797358869889743,6.0134373801455105e-05,0.0009913833102117796
275,0.0002492605818337963,0.025357694510028363,0.973429279611346,5.87943066179127e-05,0.0009049709901739473
276,0.0001778686624801002,0.018687120385183945,0.9799896909996858,0.00013419267920068996,0.0010111272734494362
277,0.00010850371214805755,0.02058140806547749,0.978497129299168,0.00013463229778375613,0.0006783266254227486
278,0.000258018501939252,0.040768136889428166,0.9564218687396283,0.0004817023512482284,0.00207027351775593
279,0.0019280126793358142,0.09052307301318557,0.8986245485894164,0.001461142350858073,0.00746322336720395
280,0.011891400001623805,0.2029887343155873,0.7169996599615887,0.010684823094704421,0.05743538262649571
281,0.013468929073160428,0.4012733225943536,0.5277726902355084,0.02477164598470298,0.03271341211227462
282,0.03045350035326506,0.4115520848152551,0.5252283483493125,0.011131610593259017,0.021634455888908305
283,0.07143285344948742,0.7827200570037247,0.09445174543224891,0.021709972038354834,0.029685372076183995
284,0.1729154605917434,0.17015293139904497,0.0013338767392415771,0.010465336301312167,0.6451323949686578
285,0.16180506608777245,0.8120385286224062,0.008828990886095399,0.008838339003650882,0.008489075400074908
286,0.4813809525308127,0.4701656404842428,0.003653903396616554,0.006663680461075253,0.038135823127252624
287,0.3954794462431255,0.5848360297890389,0.007494932519538764,0.00305696392689878,0.00913262752139793
288,0.05384879072623459,0.9128927893324373,0.01765033108372214,0.01008931373238672,0.005518775125219008
289,0.08883641064303627,0.8711107537006169,0.01931855481003272,0.008074591318117963,0.012659689528196237
290,0.17127772397559146,0.8109042443408006,0.007572368895497788,0.004813386587961167,0.0054322762001491505
291,0.010019202758494968,0.9009237206069272,0.08503676255168488,0.0020107114965849907,0.0020096025863079775
292,0.06157068162866482,0.9148862000083349,0.019145294167451195,0.0015881527493115898,0.0028096714462376585
293,0.029553035522690032,0.9483857792617144,0.018742258590917063,0.0019118852402544805,0.0014070413844237894
294,0.002856631101826627,0.8699536062860799,0.12554909114225155,0.0005467038804456337,0.0010939675893964459
295,0.0010488103622460468,0.6112786203475108,0.38687328377104313,0.0002233992844943964,0.0005758862347056272
296,0.00035882131131596156,0.2100369473071521,0.7889715589188684,7.255283234254483e-05,0.0005601196303209417
297,0.0001529478691740635,0.27857400307490726,0.7209118867496688,2.8970367564547367e-05,0.0003321919386852678
298,0.0003121585838220128,0.20300744206017393,0.7958330778154007,3.5307961701661326e-05,0.0008120135789018626
299,0.0001467299838506193,0.1148583083844057,0.8843921390485998,3.965437593257681e-05,0.0005631682072113638
300,0.00014908290542593763,0.05006885040425822,0.9493757373292048,3.26166002731278e-05,0.0003737127608379229
301,0.000432762385645012,0.2972327845010585,0.7007473360715772,9.791218947562041e-05,0.001489204852243525
302,7.032432001393031e-05,0.0807540864016285,0.9187179259395084,1.3545988897863673e-05,0.00044411734995129044
303,7.541736671015214e-05,0.08949824995545369,0.9100867546225286,1.1481245754280625e-05,0.0003280968095532533
304,3.3337813160634174e-05,0.01442810034093924,0.9853628957131652,4.947642821780573e-06,0.00017071848991337822
305,4.426149542120348e-05,0.011239065331915677,0.9885567739668492,6.97119475067792e-06,0.00015292801106355115
306,6.687231196939505e-05,0.015275479872835873,0.9843244046226335,7.841971255513973e-06,0.00032540122130571546
307,6.372854782866784e-05,0.006397996801708154,0.9933021425842737,7.1903750286948875e-06,0.00022894169116092166
308,0.00013212360941949205,0.006699257367098843,0.9928069975502146,1.4313572144011996e-05,0.00034730790112288366
309,6.38539981677763e-05,0.006931901574058283,0.9927737095409657,6.618552008866466e-06,0.00022391633479921082
310,0.00021473450524224884,0.012959813140171543,0.9861078003962863,1.4269385345893302e-05,0.0007033825729539749
311,0.00017144109561164557,0.010755939363666998,0.9883267920705147,2.5015442966317466e-05,0.0007208120272402651
312,5.4067643167771336e-05,0.007763580097809818,0.9917223894448816,1.3441491594269243e-05,0.0004465213225464993
313,0.00014219273172854998,0.015256613316357213,0.9839598137048051,5.596257024324115e-05,0.0005854176768656937
314,0.0005028331260215456,0.07292821618277286,0.9246273985997365,0.0001178812609017554,0.0018236708305672785
315,0.002411615564937994,0.2797192816964867,0.7135687568663904,0.0006866128467960739,0.003613733025388891
316,0.02249667500972327,0.643050908499444,0.3173608269616106,0.0037347841656858102,0.013356805363536233
317,0.0018183030077360623,0.3829101700472774,0.6127993704704944,0.0006936897162207809,0.001778466758271412
318,0.12815320879440126,0.7708069814734037,0.05488479272103793,0.01953500461005851,0.026620012401098625
319,0.03827274074713059,0.8432749290541757,0.09280253329678902,0.008033475607154929,0.017616321294749538
320,0.5837998209114897,0.1963282927326291,0.0016446717812608235,0.06542063394537555,0.15280658062924474
321,0.14768867413297515,0.7917798355410668,0.04477818904088446,0.0075062961762445085,0.008247005108829116
322,0.09865679915151562,0.873484372833904,0.008974168225624796,0.013224029674861732,0.005660630114093726
323,0.043985020644879656,0.9109012226014103,0.02385992702973974,0.01876699419129939,0.0024868355326710086
324,0.0145935449430728,0.8678480617724431,0.08862489369642225,0.023855594163251285,0.005077905424810458
325,0.011678502496294728,0.9253533357527898,0.030316710087876557,0.029823347670959826,0.0028281039920791807
326,0.33975438522438484,0.40693400782932676,0.0009604803520361015,0.024944180257840693,0.22740694633641162
327,0.22935354666913682,0.7565216065320696,0.0020682210988017743,0.005021148089939584,0.007035477610052341
328,0.09868592052016452,0.8927300515930006,0.0024987629130440218,0.004416997462990893,0.001668267510800265
329,0.018433380768364357,0.9720145428641638,0.007161583862704798,0.001118256276781003,0.001272236227985818
330,0.003772994572163686,0.943044435656611,0.049009792266684865,0.002962338717055957,0.0012104387874843888
331,0.034210872768060376,0.9287939621521155,0.01543360378728277,0.013705014406805407,0.00785654688573593
332,0.016414800289695077,0.9374017502341602,0.01671346544694908,0.026219619155880194,0.0032503648733157075
333,0.0054601727890605176,0.8149833931880931,0.10428072929218868,0.07251182669357664,0.002763878037081177
334,0.13523346899606045,0.5368200175617304,0.0014007647985426156,0.3153630573587858,0.011182691284880702
335,0.08839209131970578,0.25612878226925717,0.0005821283985069169,0.647292967505332,0.007604030507198069
336,0.19192843509589652,0.1753885775692973,0.0003772687566287575,0.5019613143546052,0.13034440422357216
337,0.4374872814357224,0.18949990808954242,0.00011013223428206701,0.34518260385323885,0.0277200743872141
338,0.31297176273337485,0.27758506594167365,0.00020571348603517657,0.39516362649176745,0.014073831347148808
339,0.13761092673484326,0.7111695913590422,0.0003550130915563014,0.14608918658345074,0.00477528223110741
340,0.15889684032133275,0.3354437880313065,0.00038120368767798686,0.4939948581927122,0.011283309766970482
341,0.025132921828462787,0.8715136369796445,0.0007613710802139826,0.09915747462471163,0.003434595486967186
342,0.15854134878689144,0.38724837389784234,0.0005863589579223599,0.37952425107783255,0.0740996672795112
343,0.12977965378432346,0.4962217353183413,0.0003519604693717616,0.3474744362610504,0.02617221416691306
344,0.15989565974381084,0.17416847886023087,0.00020122962598086326,0.6215115346995322,0.0442230970704453
345,0.23312698373906418,0.14619243672728943,0.0001808787179067034,0.4169646135900139,0.2035350872257257
346,0.16303022024996947,0.5550450501348733,0.0005366629672076649,0.16320231156563236,0.11818575508231724
347,0.01607951459061251,0.0329670669525074,0.003660003805538845,0.015172248280402706,0.9321211663709384
348,0.07945369759563052,0.0179959942382525,0.00012096391402869897,0.005981877941686639,0.8964474663104016
349,0.12028162379230575,0.027101196726045308,0.00016776575508283342,0.009031730238397264,0.8434176834881688
350,0.02239964891015693,0.0026432431527491215,0.00016064460489122203,0.004214161379507557,0.9705823019526951
351,0.05675330480015404,0.0071171649743133605,0.00012242986148217573,0.009773139314141541,0.9262339610499088
352,0.30863409499270383,0.016538483048788643,6.745151974411461e-05,0.014129449496130313,0.6606305209426332
353,0.06437417925328898,0.008089719503206416,3.715252869694294e-05,0.013940047872979169,0.9135589008418286
354,0.7535320357641921,0.025385270250628606,5.080413466076112e-05,0.05233209330089323,0.16869979654962533
355,0.7091051300786532,0.04593869706466505,7.710202376768774e-05,0.08167619186344165,0.1632028789694723
356,0.6976058496637101,0.146972045915993,0.00012010821414111633,0.09478777431409677,0.06051422189205893
357,0.32310200721064725,0.5635659694802609,0.0006038583938661884,0.09679357799874029,0.015934586916485284
358,0.255745810913665,0.7048241424338239,0.00349743001603486,0.016382885872201765,0.019549730764274565
359,0.09712028982993497,0.8528640942338782,0.01162354355500106,0.010313217240282606,0.02807885514090329
360,0.044419890292850844,0.9305550164042402,0.009980846714042098,0.008009560735353145,0.007034685853513801
361,0.02755633690795611,0.9504913454867956,0.013202617061361435,0.005645978195000691,0.0031037223488861927
362,0.06661367059464308,0.9116916706010849,0.007547211654313165,0.010020906153311264,0.004126540996647432
363,0.03065295653131375,0.9303892343472465,0.015268453646175654,0.012413381756634586,0.011275973718629196
364,0.03139916900013733,0.9494821957382883,0.006747103420170086,0.010216850565308737,0.002154681276095486
365,0.010447155113630643,0.9667721549508408,0.007129078054003159,0.013485758936395401,0.0021658529451300946
366,0.01836637053987615,0.8846844959067215,0.01784620486674441,0.07458300758167537,0.004519921104982372
367,0.06638256260926838,0.19170522554478914,0.0007694401338151542,0.7290215018912458,0.012121269820881422
368,0.047148191984972214,0.08395908637712021,0.000544459692082447,0.8622903100106822,0.006057951935142931
369,0.02130002215206391,0.05713974123770641,0.0002759220567083828,0.9152528016825328,0.006031512870988638
370,0.029905621446354173,0.015041872130120848,4.8067887507498115e-05,0.950417676071568,0.0045867624644493595
371,0.019102164722640255,0.02660075851836714,0.000100795660993387,0.9512100016871007,0.0029862794108985783
372,0.03821655671124019,0.03354203912930051,0.00020439146971819552,0.9235100153195132,0.004526997370227771
373,0.07024439147619542,0.047716940768153256,0.00012649025171675997,0.7581434598826435,0.123768717621291
