epoch,N1,N2,N3,R,W
0,0.0007490414318795525,0.00014604433794740667,9.832995148829068e-68,0.0002240582811025172,0.9988808559490706
1,0.0002563393198479362,4.525595271552474e-05,1.1155446354189862e-05,1.0292482241628414e-05,0.9996769567988407
2,0.0004211288758603002,3.254747494400912e-05,6.1362440466547816e-06,7.591960076998755e-06,0.9995325954450721
3,0.001981919878024857,8.935553584362511e-05,8.36081863940359e-06,1.9752551162159274e-05,0.9979006112163299
4,0.0008230031129717984,0.000307524248579358,3.145502061010086e-05,8.970878923268085e-06,0.9988290467389155
5,0.0007488062573186621,0.00012350352642411517,5.637313348095338e-06,9.146083676441934e-06,0.9991129068192326
6,0.005086890569554894,0.0006804884337420941,7.830593107191937e-05,4.3001287325922736e-05,0.9941113137783052
7,0.00392571175494149,0.00042201957521210157,0.00022181494152939837,0.00011846013306106759,0.995311993595256
8,0.004385075534916486,0.0014037633340260461,7.922735613998063e-05,7.472150252946614e-05,0.9940572122723881
9,0.013519599039915741,0.00190143858231231,0.00010342880784325393,7.647196876227875e-05,0.9843990616011664
10,0.025933924322182757,0.011628923792373335,0.0027194234665678034,0.0004133092530956503,0.9593044191657805
11,0.06410258118153185,0.026832727903042104,0.006122050176984806,0.00028310062662516614,0.902659540111816
12,0.07042525289970956,0.13658994029730206,0.04051309307814675,0.003696213774836242,0.7487754999500054
13,0.005556714761405509,0.017558873544101978,0.009693466459435184,0.0005744526656692933,0.966616492569388
14,0.00274712221805237,0.0018010452313994517,0.0001609458999074351,0.0005241524425853021,0.9947667342080555
15,0.34029165626578023,0.14253184504004654,0.0007485779654883214,0.0037054626438801728,0.5127224580848048
16,0.45313973281010367,0.37183722563001187,0.02824546858570824,0.0012204790912192602,0.14555709388295707
17,0.46699712157171286,0.37134418213590364,0.012523209046475565,0.0020029033918765454,0.14713258385403133
18,0.14668591164789524,0.5549223785674807,0.03124919529030927,0.004707998092136064,0.26243451640217885
19,0.12242413959361235,0.21828574947460258,0.00765981143416009,0.006217692073845851,0.6454126074237791
20,0.13846898908935543,0.7269733019663955,0.10183069215674265,0.0014454789439320964,0.03128153784357435
21,0.04122132379432634,0.8885879457314784,0.047966104724075365,0.002192447960863818,0.020032177789256065
22,0.1825764469442509,0.6286870526759418,0.016290012241253694,0.003238743493059587,0.16920774464549404
23,0.0558175427096987,0.7339175885760929,0.1883861587542575,0.0012014750008054814,0.020677234959145304
24,0.02307232333721078,0.8424943243074262,0.08511678036356216,0.0009994564375597845,0.04831711555424109
25,0.032971613778078016,0.7671176749029712,0.1845392269717477,0.0003993058564587829,0.014972178490744148
26,0.015029758120144012,0.4377470780310832,0.5314149009766688,0.0003237578272242422,0.015484505044879865
27,0.163712300763632,0.63238320397499,0.18357122546415341,0.0005659353851820996,0.019767334412042443
28,0.09320784554893269,0.7908437346797634,0.10283229450273768,0.00031275477801305583,0.012803370490553283
29,0.016945822829755198,0.59474952702135,0.3801849246787659,0.0001106365789299738,0.008009088891199001
30,0.07941268970294678,0.6809324086799736,0.21625123074299638,0.00020992481592335352,0.02319374605815988
31,0.014568145490117725,0.6570241897656788,0.3202689862850612,0.00013155202493844804,0.008007126434203872
32,0.01443002015223255,0.6621550795514856,0.30594202170490037,0.00012772565863433487,0.017345152932747084
33,0.0027607190006787154,0.25432473132741795,0.7366334549779618,7.752562817557258e-05,0.006203569065766014
34,0.0007810628256493928,0.1755601219860694,0.8213268799179463,1.8502086616187784e-05,0.0023134331837187396
35,0.0011991599262546934,0.12277138588972607,0.8740862606255082,2.723117753021175e-05,0.0019159623809807725
36,0.0007769789942898098,0.15884447444300506,0.8381771829969997,4.274163331615688e-05,0.002158621932389243
37,0.002482318187663349,0.18445720731632456,0.8096151250624852,0.00010054949160047542,0.0033447999419264577
38,0.0007580935242142152,0.08137761214343148,0.9162210944535821,5.204906385560286e-05,0.0015911508149164864
39,0.0008042739263800114,0.04287178521167441,0.9552304639400188,2.6321813487315214e-05,0.0010671551084396119
40,0.002469946319616408,0.12355619442633411,0.8715571922548836,4.567434301013328e-05,0.0023709926561559366
41,0.0013497130319519537,0.09566998202688497,0.9013850658727491,4.491601456857302e-05,0.0015503230538452344
42,0.00034657691179837457,0.04748198681139969,0.950889063991732,1.4182892559833617e-05,0.001268189392510181
43,0.00023690491654671067,0.025075434507384312,0.9739662892864571,9.266576397312408e-06,0.0007121047132145384
44,0.00042071828888134007,0.048222276104507425,0.9504385858012957,7.2385568633475185e-06,0.000911181248452273
45,0.0005914987480307909,0.06267187913051744,0.9355657828764928,1.2568710020181332e-05,0.0011582705349387115
46,0.000735275617512216,0.07547121819590329,0.9224772836884815,1.3605726373207806e-05,0.001302616771729864
47,0.0008767271866356429,0.04812420131435815,0.9498011033595514,1.695189322906807e-05,0.0011810162462258004
48,0.0002383723358878633,0.021492806655044362,0.9772126193423754,1.208382042748688e-05,0.0010441178462649416
49,0.0007727906477848048,0.033779619401468355,0.9637238258593029,2.0961726741165763e-05,0.0017028023647027565
50,0.00022851269959482692,0.031449107449908746,0.9673481946049328,1.2312308074375043e-05,0.0009618729374891574
51,0.0007760123348115235,0.03867661474285413,0.9591956881079484,1.557160055827044e-05,0.0013361132138277009
52,0.0003829153985399855,0.03469319386278297,0.9638559721725858,8.060265262678595e-06,0.0010598583008285553
53,0.0004797940098277912,0.04293569752513423,0.9550726427611009,1.4489541198855897e-05,0.0014973761627380955
54,0.0006947215987496346,0.07566113762823543,0.9223220885694213,1.8460392232914306e-05,0.0013035918113606054
55,0.0003359694260399026,0.025797231955842444,0.9732670629296427,1.1843186180302778e-05,0.0005878925022946056
56,0.00011077910060011922,0.014723888681133937,0.9846960802788891,6.710914097593609e-06,0.00046254102527923483
57,0.00027399682853047587,0.026590140653688768,0.97161584161825,1.5031515892564539e-05,0.0015049893836380603
58,0.0006718910729749359,0.03888413205742948,0.9585482003589659,3.383651370031338e-05,0.0018619399969293398
59,0.000505753635334173,0.04544936706391983,0.9528789871824371,2.507614848891628e-05,0.0011408159698199506
60,0.0003837026827716198,0.0424522462843381,0.9563264230368953,8.139050431628428e-06,0.0008294889455633605
61,0.0011874891355178117,0.04861086469138717,0.9479486706294061,3.474213053889897e-05,0.0022182334131501356
62,0.0010527913083381495,0.04819125242684701,0.9492429927174761,4.528369993705202e-05,0.001467679847401702
63,0.0005961669100829767,0.0658477532412173,0.931839453105721,4.7167263354302264e-05,0.0016694594796243145
64,0.00015050031680997146,0.02527399327481763,0.9738053074859562,1.1895239073701595e-05,0.0007583036833425801
65,0.002789141748215579,0.09335060856966107,0.9011726155434496,5.006048672627883e-05,0.002637573651947538
66,0.00025165497012301304,0.02596551906597477,0.9724603524520334,2.1308957720703615e-05,0.001301164554148182
67,0.0005615942273430838,0.031619708950928735,0.9662941957347316,2.1954939952049246e-05,0.001502546147044657
68,0.0008444645961867547,0.06926902396467598,0.9266400977576921,3.4880082282653955e-05,0.003211533599162459
69,0.00026433839387574314,0.042617204847834766,0.9560740033822864,1.647287490935236e-05,0.0010279805010937632
70,0.005360793049654544,0.12966672659431722,0.8610808768495343,6.818468892587157e-05,0.0038234188175681524
71,0.0008584565720265273,0.05899372128953935,0.9380417338324047,2.8023079114137915e-05,0.0020780652269155302
72,0.0002393620517996583,0.019352245699442945,0.979470183710855,8.720114601384383e-06,0.0009294884233009131
73,7.578137139561341e-05,0.008571014883851874,0.9905536237644402,5.88029273886475e-06,0.0007936996875735619
74,0.0005715812325740699,0.03217904434303256,0.9663410947988689,1.6619289721177623e-05,0.0008916603358034917
75,0.0005644657259703526,0.04599554073910089,0.9516503151196556,2.8699685808133052e-05,0.0017609787294649813
76,0.00047247369740328166,0.028345149728117917,0.9696740421034621,2.253309086112039e-05,0.0014858013801555187
77,0.0011943396110406655,0.03151540518287848,0.9653596490533509,1.9463241666475568e-05,0.0019111429110633977
78,0.0016237606649257268,0.07434058544230833,0.9212979805391733,4.582077958882622e-05,0.0026918525740035927
79,0.00012515605413941408,0.013728111978665497,0.9848605213551695,1.1144749385001063e-05,0.001275065862640351
80,0.00023538428980033796,0.024376818548080655,0.9741888797642243,1.236415036489754e-05,0.0011865532475298778
81,0.0019127407558175654,0.07053592784922051,0.9253019662552913,2.955398409697809e-05,0.0022198111555735587
82,0.00027785768907953714,0.027020088297930334,0.9711007103094755,1.700193821856542e-05,0.001584341765295845
83,0.0017584286114783014,0.07825361219427861,0.9163644049218561,5.65123870530419e-05,0.0035670418853340244
84,0.00019605876560794302,0.019730256027776623,0.9795279217084005,7.703266074486827e-06,0.0005380602321405189
85,0.0002458565254259186,0.024937901923488576,0.9739283381800098,2.7857378251034628e-05,0.0008600459928248272
86,0.0028996644130712458,0.07744538409665047,0.917705302879185,6.167288549722951e-05,0.0018879757255963602
87,0.00028594182987420105,0.030063206691726536,0.9683873181950643,6.557293609714641e-05,0.0011979603472378098
88,0.0002894868487804496,0.022713784841572306,0.9754508611023924,8.190580502841745e-05,0.0014639614022266053
89,0.00031856378161779686,0.045696334572484065,0.9505831898337995,0.00016087712202861773,0.0032410346900698943
90,0.002282686548166755,0.13960382551681058,0.8491333902309764,0.00027303277310020894,0.008707064930945793
91,0.04272241092122833,0.7174049940502467,0.20679421761243763,0.005836158259768979,0.027242219156318487
92,0.03719764635811507,0.8096945488638687,0.09201499323484383,0.0022543178622739164,0.05883849368089866
93,0.03625543545557976,0.8581525696509914,0.08799179223400701,0.0015056192572407547,0.016094583402181138
94,0.06936937392864431,0.8227209229892566,0.06825784097163029,0.0012973642446733333,0.03835449786579538
95,0.030461240467842494,0.8764252309399313,0.0809126709660086,0.0019523381379060515,0.01024851948831162
96,0.040664776964885414,0.8731409963601786,0.07096702725262123,0.0019963469079204953,0.013230852514394304
97,0.02851780380818578,0.8785703558750811,0.08116191920526515,0.0013831902719645584,0.010366730839503548
98,0.02299376366903261,0.6567412499632863,0.3099174558075158,0.001565370661229953,0.008782159898935238
99,0.0050168003664977055,0.2188586448259627,0.7715391816547214,0.0007650079945543585,0.003820365158263874
100,0.005857005184353604,0.1628398274260794,0.8111615592960192,0.0013085250101726074,0.018833083083375057
101,0.012492419987886293,0.16627432092878794,0.7445017691286945,0.0027069383480532124,0.07402455160657799
102,0.0015199839245596905,0.003793342252759733,0.003396131755338363,0.0003773947088625318,0.9909131473584796
103,0.008476781489001077,0.001710965993457849,3.8369458366849743e-05,0.0006874034445437987,0.9890864796146304
104,0.08838971109438773,0.007489254157562564,0.00019150821720429696,0.000668652715000327,0.903260873815845
105,0.016218860201125066,0.0025831187493561445,0.00012146366440043755,0.0003157622975191159,0.9807607950875993
106,0.1627493504678804,0.013090190628632451,0.0001368696935882431,0.0030271135097333117,0.8209964757001657
107,0.11910640325121864,0.06986931844061689,0.001969664604428551,0.0015356781260872107,0.8075189355776488
108,0.05046687758027784,0.010745247795858288,8.603430214578442e-05,0.0017598510068644914,0.9369419893148536
109,0.041241032997289505,0.022170696692076736,0.0016837072092575685,0.0004967246280011329,0.934407838473375
110,0.07278721249459193,0.4362040943477444,0.009080429847716062,0.002310488691988096,0.47961777461795957
111,0.11399931616473995,0.40456650841532454,0.004943343228304952,0.0036537514437683443,0.47283708074786224
112,0.11410971692003309,0.3593843016725042,0.030185358953000865,0.006947234759238092,0.4893733876952237
113,0.03987458929017903,0.6554177556716045,0.1478403504332987,0.005589328734244387,0.15127797587067335
114,0.08675995236915511,0.5803036764284094,0.2114056103805964,0.00935953854563237,0.1121712222762067
115,0.14633287796870154,0.37099856705659573,0.15431800439474702,0.004893335111706294,0.3234572154682494
116,0.16358506760689936,0.6320012975989812,0.10262206317005403,0.0021688868424693704,0.09962268478159612
117,0.09658050540295254,0.6761343467241328,0.09541127783506292,0.002313111836634116,0.12956075820121762
118,0.08985572699561904,0.7108495635921982,0.10192251334315915,0.003180576176629157,0.09419161989239441
119,0.12375682424981066,0.6319556067088768,0.21670702490873572,0.0022767980603506602,0.025303746072225974
120,0.09506240866022857,0.5412450096086328,0.28724403207574495,0.004216108499664204,0.07223244115572953
121,0.029800498504044655,0.5209810793398238,0.43925720340448177,0.0008038584321224773,0.00915736031952726
122,0.0012663408151556408,0.16958030694211204,0.8265974458015444,0.00020024683018430033,0.0023556596110036335
123,0.011396091061716998,0.5967198392842443,0.3694956446618704,0.0012735569223492264,0.021114868069818955
124,0.031058864097705002,0.7278387447235528,0.21904367981912537,0.0009572787764962615,0.021101432583120597
125,0.05841184096097277,0.8168950417105951,0.10998829788023688,0.0025184635394703953,0.012186355908724616
126,0.015590399504292038,0.6383978192788893,0.33071886373689025,0.0013868608949403074,0.01390605658498831
127,0.052838424934704295,0.7024034038332119,0.21071889021312687,0.001633532517511081,0.03240574850144596
128,0.07645156574756783,0.7406471056665368,0.16077700105661322,0.0029679401247957597,0.01915638740448648
129,0.019453485326452545,0.03118612985734341,0.002403414454539349,0.0010058810931102573,0.9459510892685544
130,0.3662364331963373,0.29289295792725817,0.0026813408599680637,0.008420597266159657,0.3297686707502769
131,0.17595638969978547,0.7687084636582192,0.020366326686381702,0.0018656762189547067,0.03310314373665867
132,0.21609670590985608,0.5831467213672265,0.02963537606924663,0.004274502257713591,0.16684669439595717
133,0.31954766874845786,0.5709747651052995,0.03821168870474477,0.004164638050615858,0.06710123939088206
134,0.08606175259773134,0.6711037282337736,0.22748525115611842,0.0008787354110577568,0.014470532601318723
135,0.03201574801358403,0.8004667787583036,0.13937299948077572,0.0009214321481806277,0.027223041599155923
136,0.03997155320874417,0.6420471368953435,0.3019719522842737,0.0015348897338092668,0.014474467877829314
137,0.03946326308946618,0.6226399356889144,0.3302120844390339,0.0008369992239042419,0.006847717558681325
138,0.00759315942942311,0.27492209110108606,0.7142221322160269,0.0003619580563904488,0.002900659197073507
139,0.030162198192529674,0.593161210813467,0.3672349076550505,0.0005900062193311846,0.008851677119621646
140,0.004911476292470277,0.3474691575866387,0.6381695516656918,0.0004226403096008634,0.009027174145598154
141,0.018243858412701063,0.6382123212827692,0.3338231963461086,0.0009525543853887624,0.008768069573032422
142,0.029883683604372654,0.5416259845849039,0.421836354890583,0.0011075701278663165,0.005546406792274007
143,0.005404558910537919,0.36672167134249567,0.6127433599222678,0.0016170865089985102,0.013513323315700177
144,0.058923793251222045,0.7880561157315024,0.12359674286112347,0.008764833350313651,0.020658514805838392
145,0.023312925316856414,0.6729915250754528,0.24849920212623167,0.005105274308162275,0.050091073173296724
146,0.06032451831482451,0.6332509363740906,0.07936932785277663,0.01741520515231813,0.2096400123059902
147,0.25500378935117635,0.34681372881122896,0.07654694589148524,0.03203958068028391,0.28959595526582554
148,0.11948863967871665,0.5193566019662225,0.0359685384629261,0.09032096371751158,0.23486525617462328
149,0.4392380385864342,0.22754380263092214,0.016589494960971476,0.11023342744283572,0.20639523637883647
150,0.0929286524301087,0.1412835152322112,0.0036915495764153817,0.08245152702247201,0.6796447557387927
151,0.023366340540802544,0.034119959274500955,0.0012518625720790363,0.007863837853036659,0.9333979997595809
152,0.09963682111193091,0.08363866136796524,0.0020850531438038897,0.021786395969349802,0.7928530684069501
153,0.23942276907716534,0.05925621430558347,0.0016481707834820707,0.026761715390784594,0.6729111304429845
154,0.15471215925211257,0.041672166426908026,0.002209589343637464,0.019854318355604767,0.7815517666217372
155,0.14301201183177736,0.030251879002110252,0.00016944642527132102,0.08480921274792032,0.7417574499929207
156,0.5176278947871998,0.04045204653249169,0.00044653269021337303,0.07873921798546288,0.3627343080046322
157,0.01593676377397829,0.009591952762170773,0.0004463611039715326,0.010300510608529944,0.9637244117513495
158,0.22933538051844285,0.04901597723159367,6.484799235907966e-05,0.18047234680678667,0.5411114474508177
159,0.04063946558104343,0.011820824322222732,8.874847567336364e-05,0.11379613932513473,0.8336548222959258
160,0.06901605168992461,0.03604172922668573,0.0004118088016141341,0.0896502348810578,0.8048801754007178
161,0.08309458555119917,0.01454161885736763,5.772267090153884e-05,0.2731064332076192,0.6291996397129125
162,0.038666063453377274,0.013991355360496107,0.00020732522703469593,0.0701247766932955,0.8770104792657964
163,0.06950488323692847,0.022995991641618738,0.00015889009800441659,0.19214288582890057,0.7151973491945478
164,0.04568675152958335,0.009983371361233142,4.030414563952245e-05,0.08889567990298859,0.8553938930605554
165,0.010584441868558413,0.0016093930917761956,3.147321863998952e-06,0.027294782580507642,0.9605082351372938
166,0.012911396752607497,0.0025545073125363333,0.0001451844035763812,0.01707094420983395,0.9673179673214457
167,0.06628811083359464,0.002517855539785235,2.6532615937949674e-05,0.062014647333808744,0.8691528536768734
168,0.01889595723248603,0.0019741501438960466,2.572180835720403e-05,0.019623078000721442,0.9594810928145392
169,0.055036173162945574,0.0023099846968291076,1.4714090246533779e-05,0.1585908018812515,0.7840483261687272
170,0.03477678308909896,0.005610180031207185,1.268992223013864e-05,0.0805415989190546,0.8790587480384092
171,0.03377465850207073,0.006155031759736686,0.00014810746008230098,0.07458289016879822,0.885339312109312
172,0.026727107222577238,0.0015539060015920924,1.0142399471634166e-05,0.2265421227286107,0.7451667216477483
173,0.28118803791171254,0.006032485359651627,1.8627367182752597e-05,0.5129660206654986,0.1997948286959545
174,0.0899524796468284,0.010603180334602938,4.964634108956155e-05,0.4872703043591363,0.41212438931834283
175,0.29686898980973897,0.02333220338749569,0.00012685528805232447,0.43393559118260366,0.24573636033210938
176,0.1496179761567538,0.032143437184787176,0.0002878319720254095,0.10652107441262126,0.7114296802738124
177,0.17306613511129804,0.04840693589783522,0.00010420881629958548,0.18860789940286077,0.5898148207717063
178,0.1718292694399781,0.058457253704497496,0.00012552048696776546,0.16958076648596807,0.6000071898825885
179,0.03500104307183963,0.0075516800595160265,4.144825479510665e-05,0.00944625089106677,0.9479595777227824
180,0.1408384186451815,0.027757631005204977,0.002621991812947949,0.11739497739086321,0.7113869811458025
181,0.4472292575413858,0.04313425494794616,0.00026027213993481653,0.2664743074415539,0.24290190792917926
182,0.4643853660186716,0.015029132192220114,7.17076647001765e-05,0.1896047502511553,0.3309090438732528
183,0.11080955844256081,0.025492038179013,0.0003136815447640606,0.2471349014794427,0.6162498203542194
184,0.09563363132662814,0.041660310446551,0.0004119641806393532,0.1853170979820725,0.6769769960641091
185,0.036362179133350735,0.02227240500438139,0.00040679257084663337,0.11118691616663587,0.8297717071247854
186,0.25015022844577367,0.07907174214437071,0.00014652095917915082,0.31608282590624565,0.3545486825444309
187,0.33420864567167413,0.06499568611977644,0.0010998100029168236,0.35189157402577553,0.2478042841798571
188,0.053037725668305266,0.03039182320972303,0.0004992909339856007,0.19826856789281305,0.7178025922951731
189,0.0790851765367504,0.03498485152707368,0.00011277449742786162,0.6860740028309046,0.19974319460784334
190,0.01582518107691847,0.031916337522016364,0.0005239559493452311,0.027308917082251787,0.9244256083694681
191,0.004248422915209044,0.0015573954690351146,0.002845436348184801,0.003399443176767166,0.987949302090804
192,0.16543002227616507,0.04976692330759251,0.0034724082058130157,0.09141710240524276,0.6899135438051868
193,0.2241565894561308,0.01698290170750888,0.0002612321538470616,0.052223326408816946,0.7063759502736963
194,0.006318848863410762,0.003429221916710908,4.147176834313713e-05,0.004322825899664122,0.9858876315518711
195,0.11784377536271176,0.036610635402805465,0.0008492613075996507,0.025064457489127605,0.8196318704377555
196,0.5170918860682174,0.05982613402447085,0.0019915621580921324,0.02992190042513891,0.39116851732408053
197,0.17329242490024097,0.10498140252150491,0.003231210377385044,0.038554555729055105,0.679940406471814
198,0.1527067076206164,0.05538500798067343,0.0021426811470371863,0.08657025051162848,0.7031953527400444
199,0.3008064744360746,0.19865038895232057,0.004322545797310847,0.07811997886782185,0.41810061194647213
200,0.1479279730002165,0.4212013392299671,0.004349214055777667,0.05257542302312286,0.37394605069091585
201,0.13348222010039265,0.513576170011042,0.005884097971448535,0.09192775011312176,0.255129761803995
202,0.32823769261549945,0.5478777340981529,0.018524505995370553,0.03941562371199746,0.0659444435789797
203,0.24402984895821023,0.6818868903500783,0.012093353264654692,0.037476654024532145,0.024513253402524648
204,0.3695901072549381,0.48713841253094414,0.009459132398376664,0.06044529570371763,0.0733670521120234
205,0.24432348784060626,0.4220120616669573,0.005657661349611393,0.2555782675412097,0.07242852160161536
206,0.08796408027531306,0.8552345990128886,0.017591376720768426,0.01022645468545015,0.028983489305579736
207,0.06638012348837553,0.8918464106496793,0.013585083733963417,0.006352349333523073,0.02183603279445866
208,0.10807552969355652,0.8362242243237394,0.015758888418120908,0.009115631652175403,0.030825725912407807
209,0.07850839288162055,0.8764397959397568,0.02048332620988144,0.011074555695599245,0.01349392927314209
210,0.048211762559986236,0.8924814944852886,0.03883976787677309,0.008249492246338504,0.012217482831613514
211,0.028051668668118132,0.950248843041656,0.0072502253355513635,0.0058658101368013445,0.008583452817873266
212,0.0060214373869859105,0.8280273697275251,0.16099643736412667,0.0027643327212531787,0.002190422800109154
213,0.030431973356101476,0.9386085463946059,0.01596174717575281,0.004321022631607806,0.010676710441932002
214,0.010011913629664531,0.9270237453998177,0.0556332009939408,0.002466685933003142,0.004864454043573827
215,0.014473403814586885,0.9468227722829559,0.02853502282700901,0.0027980586532864934,0.007370742422161892
216,0.012915130642437617,0.8741937898969385,0.10661550909549873,0.0021891180589254057,0.004086452306199752
217,0.011906196738646518,0.9169946734551992,0.06516606787052898,0.0015779296048424247,0.004355132330783
218,0.013403271907712254,0.9360169201959462,0.04329590242621529,0.0017242796111518683,0.005559625858974256
219,0.01311438675243203,0.8415933990618129,0.13988197521394907,0.0011686453460727224,0.0042415936257334756
220,0.00807396637657307,0.8800649919127456,0.10877365568486339,0.0008964386578172348,0.0021909473680005545
221,0.005578823357831327,0.8540143786481813,0.13609233088165285,0.0010565815317854985,0.003257885580549205
222,0.004142304830699327,0.7648818884967652,0.22817184168956572,0.00040449138666518716,0.0023994735963044577
223,0.002209393747363467,0.7312597486658946,0.2643086513198379,0.00037525346698629103,0.0018469527999179182
224,0.0026533188766228646,0.7722355227689413,0.2229831873412611,0.0011119805315306056,0.001015990481644033
225,0.001999966215405477,0.4285929471805273,0.5672495243770206,0.0008593634620079369,0.0012981987650385754
226,0.003640462851492911,0.39624607274501744,0.5972679335878622,0.0012769134389310143,0.0015686173766963757
227,0.0027740085519483816,0.35770008906305856,0.6379993554487181,0.0005956679941624397,0.0009308789421123504
228,0.0022298820447791954,0.27505470064549253,0.7214427977852076,0.0005600288462712997,0.0007125906782494053
229,0.0012546434104274667,0.23826685217636087,0.7587546501369812,0.00042601814063413456,0.001297836135596302
230,0.0013992761893972241,0.40213004558981214,0.5944683449836208,0.0006519875373427816,0.0013503456998270563
231,0.0002973040484604659,0.11026905412657513,0.8886129172465619,0.0004114578609495397,0.0004092667174530006
232,0.003046618852725774,0.2983509053647388,0.6972731817397756,0.00043389182648931947,0.0008954022162704655
233,0.0019151385776457661,0.31504629369485626,0.6818297031608167,0.00045303616459413815,0.0007558284020872097
234,0.004219623794792916,0.32840804391684286,0.664797315347727,0.0016153023007339723,0.0009597146399034096
235,0.0009459069446099018,0.19065821838689923,0.8066709541149033,0.000650551979594772,0.0010743685739927039
236,0.0008743696667856737,0.1536141294209502,0.8441634213431746,0.0004110219518599659,0.0009370576172295703
237,0.0015943404541947995,0.14003591991803152,0.8562938576069898,0.0005912308487579888,0.001484651172025796
238,0.0023833481412163624,0.27471449758029665,0.7189798738877081,0.0014754637885504567,0.0024468166022284096
239,0.004684794033380767,0.4239832814951734,0.5639237251862713,0.002237805698952378,0.005170393586222212
240,0.010511657861518451,0.7627347847861067,0.2193031514944542,0.002074796854170466,0.005375609003750084
241,0.0008467870339513647,0.4655403815806734,0.5320501236111105,0.00037854639366714565,0.0011841613805976278
242,0.0020204267791515984,0.6513924826638818,0.34469721641279827,0.00031942317053602947,0.0015704509736322904
243,0.0012776835604823514,0.5384214647085297,0.45780541389924373,0.0004039718008921822,0.0020914660308521044
244,0.002599527072864644,0.7484561790169789,0.24406813148928244,0.001392449114484496,0.003483713306389613
245,0.001250398301433159,0.4275833379240941,0.5693440213376597,0.0003966627695021648,0.001425579667310832
246,0.001092763983997793,0.29380572265595883,0.7037114104081653,0.0003851373097331259,0.001004965642144981
247,0.0015051885033259117,0.26701535201875,0.7298279658632251,0.0002983138504694532,0.001353179764229713
248,0.0005624653612637024,0.18874836795485317,0.8101271149206801,0.00011421841356176813,0.0004478333496413164
249,0.00036536618204222016,0.10074575657088312,0.8977487027577733,0.00032010060584557095,0.0008200738834556904
250,0.0012823419827140822,0.20551902006999254,0.7906646675242123,0.00067177768663054,0.0018621927364505905
251,0.0014159241366794259,0.18321760584837846,0.8133246806994875,0.0004515552610653942,0.0015902340543891046
252,0.00047930346260959325,0.13169029570142293,0.867046312857791,0.00013946147039323745,0.0006446265077832914
253,0.0007943454205753981,0.14607272337646632,0.8514497705016478,0.000339533820895032,0.0013436268804155398
254,0.000668737857173275,0.18224595258350995,0.8163431253139517,0.00014918538883019707,0.0005929988565349057
255,0.002369634065176318,0.2708524635224367,0.7243544896801226,0.0008631161617851165,0.0015602965704791835
256,0.0008370637033802455,0.15739208475891023,0.8408311594037771,0.00022680911199634535,0.0007128830219361241
257,0.0005958707850271147,0.11751114063703062,0.8812007695179809,0.00016882496343486672,0.0005233940965264486
258,0.0010778560053350769,0.25061033190098825,0.746807855127527,0.00022455107384733116,0.001279405892302392
259,0.0010411802450697991,0.15141314658521474,0.846587576286901,0.00021859010259848999,0.0007395067802159734
260,0.0012992966931023467,0.21482810954788376,0.7807758327656591,0.0007236913172089892,0.002373069676145969
261,0.0009588150374377776,0.21904693287681457,0.7759310424607871,0.0005523118465358976,0.003510897778424757
262,0.0010719846462149032,0.20742399209660511,0.7884628844490178,0.0005985702615472786,0.0024425685466148797
263,0.0009579201332641995,0.37090341771664886,0.62638306923093,0.0004717775521070599,0.0012838153670499334
264,0.0009723296119964805,0.24520815908697907,0.7526297211687132,0.00029020723969825404,0.0008995828926129607
265,0.0010533655991741993,0.172626159026301,0.824488950312083,0.0005514876803736511,0.001280037382068121
266,0.0005578132887734974,0.16294495595008215,0.8350976494518421,0.0003516448033825983,0.0010479365059196438
267,0.0006862622029056841,0.1483766387137398,0.8501888453328978,0.0003134945630459933,0.000434759187410742
268,0.0004087008022835261,0.12393243104439007,0.8746300317277739,0.00035377858285197546,0.0006750578427003607
269,0.0009270458073587922,0.17377410360761134,0.8234768102184734,0.0004157894871145551,0.0014062508794419068
270,0.0008638804177264692,0.16258865952314996,0.8348651345874731,0.0005424991759630807,0.0011398262956873594
271,0.0007934018754287116,0.1241802097123356,0.8740350868931583,0.00027772103131753085,0.0007135804877598653
272,0.0010305532454779668,0.2399727196431187,0.7570745725170571,0.000580075832904324,0.0013420787614416975
273,0.00234331798551608,0.2977398273951892,0.6953336731930249,0.0019232445081716618,0.0026599369180982406
274,0.002504725241311737,0.29834481045303757,0.6964238967688151,0.0006627254355670169,0.0020638421012685697
275,0.0027926853707783868,0.4318402853511284,0.5627432125656648,0.0006426159713002691,0.0019812007411280455
276,0.001955005162959587,0.298780707805334,0.6949732821702108,0.0010701782837588196,0.003220826577736925
277,0.0014418771985476864,0.3010960077942206,0.6946004409482938,0.0007370772380668743,0.002124596820871027
278,0.0059608144733119765,0.4596356374646306,0.5237500220225111,0.0029935531710173807,0.007659972868529035
279,0.002358110745381862,0.24060403159583638,0.7530482467613905,0.0010088753084932672,0.002980735588898118
280,0.0020531728258428444,0.19411596693329647,0.8014071810310484,0.00043902765825537294,0.001984651551556997
281,0.0021974221722523093,0.18087972987524312,0.8126673927775059,0.0007035165048913242,0.0035519386701074805
282,0.002432514069955767,0.25397700565275244,0.7410307186131431,0.0008140853242257348,0.0017456763399228668
283,0.001694018116561483,0.25491237846674786,0.7412258802688331,0.0008989563287193049,0.0012687668191382342
284,0.0029702125151923136,0.3710887358638042,0.6205750486277595,0.0010708780456353643,0.004295124947608632
285,0.002288284705292256,0.32166247513533897,0.672418464498992,0.001379300819756818,0.0022514748406198856
286,0.003953137702441302,0.5425187877505595,0.4509177842572911,0.0010496118124099648,0.0015606784772981177
287,0.0019493949380229303,0.35651972477313715,0.6393916207880188,0.0007427321656191313,0.0013965273352020378
288,0.0033419020918674424,0.3690422551052989,0.6227227863903458,0.0020362562386564533,0.0028568001738311782
289,0.003627898582860263,0.357804934855997,0.6266435662523786,0.006636894836714271,0.005286705472049867
290,0.0027009179793214574,0.29578446548388637,0.6963956989449337,0.0027552895336192826,0.0023636280582391674
291,0.0066912364727678905,0.45918706224563743,0.5272503211858419,0.002747961295380105,0.004123418800372723
292,0.0030396777382537244,0.2232763247419597,0.7698278721295346,0.0010482983449750267,0.0028078270452767348
293,0.00683439515071038,0.35251902175635924,0.6369222384539837,0.00110281766121446,0.0026215269777321816
294,0.0018481500732513685,0.3492659054082465,0.646124714492905,0.0011158618140253997,0.0016453682115717518
295,0.00542911701634466,0.4769525904389219,0.5097140175415773,0.0036574680269159856,0.004246806976240157
296,0.00647148854192336,0.47637544533041604,0.5083020707159697,0.0036803019629149153,0.005170693448776003
297,0.0034675908545121733,0.22482890700208094,0.7663417928514866,0.0024830058253084287,0.002878703466611901
298,0.0027693888427978834,0.3582919462484551,0.6353293767328124,0.0016423790266865182,0.001966909149248102
299,0.0007523268716297035,0.22853307184417695,0.7688826931651649,0.0008666990201405048,0.0009652090988878306
300,0.002056605869609076,0.28962559550706607,0.700730914383716,0.002173325817863713,0.005413558421745071
301,0.0012547015199179607,0.5045007119203423,0.4878429179624036,0.0027662845456020114,0.0036353840517340196
302,0.021656883351783052,0.5136657207188188,0.441691673995384,0.010876539566160123,0.012109182367854084
303,0.002428834327723121,0.2719896784806004,0.7226269780592335,0.0009450999648497801,0.0020094091675933066
304,0.002205807146899906,0.4012604996792623,0.5898506269489976,0.0032494910487339814,0.0034335751761061816
305,0.01847082149460298,0.4156961297941478,0.5542210188358,0.0041211786599862025,0.007490851215462948
306,0.0022514420329954096,0.19514104368557936,0.7981345244835572,0.0013071808150884713,0.0031658089827796554
307,0.0018880944461499535,0.1984889684826998,0.7968623598481459,0.001220929824635214,0.001539647398368964
308,0.004191153269314622,0.3670702302269622,0.6225976219362593,0.0025954994336190814,0.003545495133844834
309,0.0028555219731404647,0.2720236721703857,0.7209513062436049,0.0022582031602013213,0.0019112964526676122
310,0.0013150133663825763,0.36053493983870133,0.6353747430812259,0.0012539184569447495,0.001521385256745534
311,0.00581381758056271,0.5677699214533836,0.41873639101826304,0.004815741475332856,0.0028641284724579244
312,0.008068871470763156,0.5016328055705925,0.479919969079551,0.006793441727151977,0.0035849121519412205
313,0.0031092040287033825,0.274585294246949,0.7163193022218279,0.003862297141812343,0.0021239023607071738
314,0.0016867576786309627,0.1679024841584168,0.8278394177735969,0.0016696803623555544,0.0009016600269998205
315,0.005166815962789503,0.32449625378560537,0.6641323609119393,0.0039006291860390796,0.0023039401536267753
316,0.0032739898675435562,0.24664466207937513,0.7437846205778964,0.0036512905822655693,0.0026454368929193935
317,0.004457723929670813,0.40752060725676487,0.5783229756895101,0.005910451415875864,0.003788241708178398
318,0.007558569151849604,0.32779044003966296,0.659172319106362,0.0027188334916184503,0.002759838210506947
319,0.009219495346197834,0.521497343187013,0.4649368120686573,0.0018037513631819736,0.0025425980349498777
320,0.005629223478837296,0.2884202016323391,0.7030514632374065,0.0014396583904449825,0.001459453260972048
321,0.0034708862031041787,0.32975059024570447,0.663156466609747,0.0019319456346469429,0.0016901113067973692
322,0.0024043397097364165,0.3596613164465536,0.6341294022355298,0.002441041870748884,0.0013638997374314094
323,0.007574659805849165,0.41669474006391716,0.5677853282844891,0.005029891700881458,0.0029153801448630963
324,0.008341308852137385,0.4648082535906028,0.5179207235998259,0.006448408928575138,0.0024813050288588117
325,0.0054469675693792725,0.2473758767343575,0.7415714674618321,0.0038166514406581067,0.0017890367937731563
326,0.004979733182622426,0.2566403349978221,0.7300951415501509,0.00600157258005087,0.002283217689353849
327,0.007222878687774665,0.3197868329772215,0.6619701997097495,0.008728745376801919,0.0022913432484524855
328,0.0012897484559220677,0.15783238516311454,0.8372868096355056,0.0028180407337682037,0.0007730160116897377
329,0.019058333840932563,0.38162631051336293,0.38351535619128635,0.006003779862722513,0.2097962195916958
330,0.05630675623400567,0.91985783553328,0.0060378571414627024,0.012039958222375653,0.005757592868875828
331,0.05448421167368773,0.8834125448184037,0.04580665422683581,0.00354410533492925,0.012752483946143799
332,0.1611403179977533,0.76149525584411,0.055067689485865136,0.0025044066619300497,0.01979233001034163
333,0.12151607379160533,0.7359376392470017,0.10750261851990789,0.007210776579613737,0.027832891861871423
334,0.06438073819668819,0.6962690124582177,0.15992724174063672,0.05367556653760404,0.025747441066853484
335,0.09910188702858802,0.6821320751353942,0.04488410788184772,0.14735545117303242,0.026526478781137577
336,0.013015433520330655,0.9119109295990584,0.0417013948738655,0.03044153313385738,0.002930708872888172
337,0.09701443377014082,0.7841748530430572,0.0012974717420713424,0.09413550592974973,0.023377735514980794
338,0.06359321405866097,0.7430102974738653,0.0016609257425723302,0.15415005080445784,0.03758551192044342
339,0.046310161895695034,0.6515390617932022,0.00111140868493479,0.29432248162741687,0.006716885998751116
340,0.07185301435915968,0.3426838787191909,0.0004469845683783497,0.5716365376544489,0.01337958469882212
341,0.09109617435696223,0.20439759432414786,0.0009917051571600435,0.6163619406192257,0.08715258554250431
342,0.05496383525907241,0.09143021263605422,8.764432398376484e-05,0.8432836015466655,0.010234706234224003
343,0.06801386479677517,0.2637905991171419,0.0002476141589095,0.629478836811352,0.03846908511582135
344,0.05636969475598955,0.14881067512559,0.00011299399833165993,0.7868785233802387,0.007828112739850157
345,0.07050301528738394,0.13165942028935432,0.00018605143265981822,0.7828325813630088,0.014818931627593132
346,0.04718255228784998,0.09076064016369192,0.00014623316187482464,0.8297851163347802,0.03212545805180293
347,0.08470631709785945,0.1415527391842452,0.00019566569827909964,0.6485304320156059,0.12501484600401025
348,0.08350732624136321,0.09497645029241257,0.00010549189817796376,0.8058328751794935,0.015577856388552712
349,0.08872387429980981,0.13177843951216164,0.00010377037776646323,0.7605103592940394,0.01888355651622263
350,0.1471518741368819,0.16314825513922848,0.00033762862229576296,0.11423102273974099,0.5751312193618529
351,0.17593310670376464,0.2529005755566508,0.0002088228183630958,0.4733591572053499,0.09759833771587156
352,0.1804886778070571,0.16587744289660733,0.00012440325461046572,0.593796192508764,0.0597132835329612
353,0.21707000307194896,0.09601669378624732,0.00010339332619612678,0.6342196460690243,0.05259026374658332
354,0.17348694209402826,0.10488763004806814,6.928204364152805e-05,0.5950206381884656,0.12653550762579657
355,0.2263650375501302,0.05826860302599468,6.517484009120364e-05,0.6521654097422022,0.06313577484158175
356,0.3218218743939499,0.08419836735659388,9.409644275079877e-05,0.5708228772094692,0.023062784597236295
357,0.2960198410259425,0.0969559204882175,0.0002679494736467178,0.565384475701854,0.0413718133103393
358,0.08620828696241371,0.15168839907392634,0.00016357868151184725,0.6252672894781125,0.13667244580403548
359,0.10994010013628641,0.12321010974425746,4.272482458606333e-05,0.720340765655299,0.04646629963957089
360,0.14466443748700916,0.09018546332630038,1.2788178103826865e-05,0.7157307566279625,0.04940655438062419
361,0.17440742718837574,0.14462072234758835,2.6487950363022225e-05,0.6257911679322643,0.055154194581408654
362,0.17688037586272248,0.09516093954759283,2.1001355268928128e-05,0.7026053092100129,0.025332374024402915
363,0.22458990391165923,0.0361584231230094,4.444686085281331e-05,0.6912348855029011,0.04797234060157735
364,0.19840900129611136,0.2606523418752057,0.00020460375850059567,0.32375054505037937,0.21698350801980298
365,0.3177090219443927,0.22954844792501655,0.00016165849752555094,0.3667168845120881,0.08586398712097705
366,0.23028452194374327,0.15918162428600346,0.001891690815479563,0.36146571017088625,0.24717645278388736
367,0.17557458488690975,0.045731227594125776,7.148555487477316e-05,0.7209438623274544,0.05767883963663532
368,0.12780570499653654,0.2493430267517049,0.0001461286180089479,0.5919096942177334,0.030795445416016077
369,0.19363347503081604,0.13752665852688897,0.0004779284189838398,0.5182731415578252,0.15008879646548598
370,0.11132939292377152,0.050677626991456934,6.8017178047048e-05,0.8296653126091732,0.008259650297551368
371,0.19425233981704954,0.1376502211550824,0.0013981336583830525,0.43100044344458877,0.23569886192489617
372,0.11291631413362585,0.07424433000187791,0.00015274363721179784,0.7355866717550416,0.0770999404722428
373,0.14933664669595303,0.03537356772652908,3.0855861135059055e-05,0.7967484746698196,0.01851045504656328
374,0.11916755471605789,0.1399886205265805,0.00030782373090440035,0.6894034879284725,0.05113251309798478
