epoch,N1,N2,N3,R,W
0,0.0042040867454739275,0.0006253053245919802,3.6380477345100107e-06,0.00010563349684186246,0.9950613363853578
1,0.0001594010553785563,3.347951043137989e-05,2.4950974550651333e-06,1.6372010974165243e-05,0.9997882523257607
2,0.006802570444423571,0.00041702005392354444,1.856301274732265e-06,0.0006880845073964515,0.9920904686929817
3,0.005561040648752395,0.00029948305472120323,6.192490431283192e-07,0.0009330054207402288,0.993205851626743
4,0.0023726814789652682,0.00010773589597201022,3.358270414009468e-07,0.0002903865614020004,0.9972288602366194
5,0.049600900168184345,0.0005585670487448705,1.2791659984306575e-06,0.0008632864892909349,0.9489759671277813
6,0.44578552857997894,0.002221903289942849,6.985766372257923e-06,0.0029047376117383745,0.5490808447519676
7,0.6519708688886272,0.012247352113180432,1.0151012340346542e-05,0.0032648335593731107,0.3325067944264789
8,0.751661519205831,0.026777271836513267,1.4752948745778612e-05,0.005974885867332963,0.21557157014157685
9,0.7188739505072311,0.13415639827892184,4.965102619994785e-05,0.0521204582158235,0.09479954197182354
10,0.1800871027706765,0.6915515380068751,0.00034635249524915063,0.03797946115824523,0.09003554556895396
11,0.10532960895405132,0.7032126349294695,0.0005147488365439281,0.03441986558917998,0.15652314169075518
12,0.07887546347567417,0.7382060869566694,0.00124541956484543,0.04421376167201524,0.1374592683307959
13,0.1951770857241186,0.33504925775846106,0.00026901949642239674,0.2719622373364121,0.19754239968458578
14,0.18470605964714257,0.5834450704585401,0.00048125186113008605,0.1682521302074298,0.06311548782575743
15,0.17134057719283186,0.6591881790260368,0.0009278911932538862,0.02776031734407821,0.14078303524379931
16,0.16604478442612533,0.6339633577781527,0.0001329931736747608,0.024125658728625002,0.17573320589342234
17,0.035081053109067895,0.9294074886215351,0.00022919172411603247,0.012463490444890523,0.02281877610039062
18,0.0916015561482726,0.8158109240993011,0.0003346896055434906,0.06080685461849685,0.03144597552838578
19,0.06605497636163409,0.8955500774741713,0.0015332348359554193,0.0032866788398804507,0.0335750324883587
20,0.06678241313035065,0.8881206030463172,0.0018614585178751205,0.013564289272477268,0.02967123603297975
21,0.1600270267802869,0.7801465276532134,0.005584231357103495,0.004347548903429708,0.04989466530596653
22,0.01896468532598442,0.9472372469529994,0.023458412589322516,0.000697685585384426,0.009641969546309524
23,0.03692296768024198,0.9107915306558628,0.027719990206332135,0.003199650965883998,0.021365860491679125
24,0.032767135063313385,0.9108389019170918,0.01934388192385692,0.001853703076441745,0.03519637801929635
25,0.03584737538905465,0.8971424884579181,0.0346374420317094,0.0018218674928628638,0.030550826628455086
26,0.018783697593877255,0.9246453952632074,0.04456809226280391,0.0018682392734074608,0.010134575606703989
27,0.023868321248169556,0.9538207927651137,0.011203669416502497,0.0010353657012817984,0.010071850868932423
28,0.040834757344457476,0.9130173755262944,0.023279808971010917,0.0007667846197006494,0.0221012735385366
29,0.0296969326147914,0.9412759130866803,0.01893058009108927,0.0013211499043140112,0.008775424303125032
30,0.01804160736146607,0.9472934473937049,0.025822403042888076,0.0014627288139046693,0.00737981338803641
31,0.0259152292968639,0.9291162821998189,0.029948357357068054,0.0012059555502784767,0.013814175595970927
32,0.010197692809912142,0.9705602844808143,0.012955706809429784,0.0006927769729079886,0.005593538926935771
33,0.0061974921304270795,0.7706320901567869,0.20797150039555376,0.0011617474094617116,0.01403716990777055
34,0.0667174806510717,0.18568215438150107,0.001962300403703209,0.0032343953556513206,0.7424036692080728
35,0.466215481505139,0.2717813690732902,0.000275436300935939,0.007632505275303953,0.25409520784533096
36,0.13224365205661562,0.809695913637818,0.00019787145619461812,0.0005546748520826768,0.05730788799728919
37,0.3444597269063588,0.6344120458748478,0.0003820733889032134,0.0012651416942230467,0.01948101213566708
38,0.19131608983213144,0.7801372046747446,0.0026387745401015134,0.0011474336015712154,0.024760497351451305
39,0.05525263713901399,0.9293990879783041,0.0013118571642432382,0.0009297158467363769,0.013106701871702271
40,0.02061406988779443,0.9415348056954159,0.030314285565236604,0.0003794415503697281,0.007157397301183469
41,0.053282748918634645,0.9306341657520841,0.004093739339559704,0.0008463449538356106,0.011143001035885846
42,0.015063395325463505,0.8741947676541043,0.10418904820625981,7.415341986385783e-05,0.00647863539430851
43,0.005693675292770279,0.8309381024230043,0.15919733792747756,6.60284722349539e-05,0.0041048558845128945
44,0.004636672666166354,0.8273356945679867,0.1646590814080824,3.540416707815657e-05,0.0033331471906865346
45,0.004462473152489101,0.6160993684064973,0.3734660613110327,7.02486440030692e-05,0.005901848485977833
46,0.006342523834538144,0.5829694511009323,0.4068005233551756,6.769808646300914e-05,0.0038198036228909867
47,0.005797913248400949,0.5115123130197092,0.47761391451747215,5.041290094400744e-05,0.005025446313473834
48,0.0026337846560085315,0.21383920981122942,0.777857212329426,4.493001666544337e-05,0.005624863186670652
49,0.004995131526026064,0.3090519552262873,0.6776079213842331,0.00012045856986639468,0.008224533293587022
50,0.0043952808662926805,0.6333877198402368,0.357708386957714,0.0001428400139271974,0.00436577232182924
51,0.001182768329169497,0.17676820897220719,0.8175331947466993,5.883196001400897e-05,0.004456995991909973
52,0.007016227731414874,0.3607373792671373,0.6270407823772879,0.00013076576969228292,0.005074844854467603
53,0.0009269137300317417,0.1851226242437452,0.8115411434752984,4.300110503002026e-05,0.0023663174458944105
54,0.0021317077295263847,0.13322128805331634,0.8601677291324221,6.945617551559543e-05,0.004409818909219382
55,0.0006162509675211105,0.13562572206552642,0.8621152645627758,4.038248489271544e-05,0.0016023799192838907
56,0.005133133082185801,0.29816881834941683,0.6907522803239141,0.00029857004034269556,0.005647198204140535
57,0.0021365433469711873,0.23559548687426865,0.7571286794092614,0.0001359004838202314,0.005003389885678528
58,0.0007345911108892885,0.14348835471502216,0.85365670666314,5.618610926873413e-05,0.002064161401679911
59,0.00162045582888667,0.3554576122714081,0.6403334065044657,9.026647746900405e-05,0.002498258917770486
60,0.0024989261020830337,0.17959785990031402,0.8145108388082343,6.518155598261825e-05,0.0033271936333861027
61,0.001565268044572982,0.3398577456762703,0.6556299852342181,9.852365643736096e-05,0.002848477388501209
62,0.0008009517492871271,0.09307348793924959,0.903540310511463,3.5636639975069015e-05,0.002549613160025428
63,0.0011334867063595643,0.09819263703344938,0.8978965271303462,5.077588217784061e-05,0.0027265732476670266
64,0.001828510529452491,0.26231386444269733,0.7295613865447307,0.00013979499410092248,0.006156443489018429
65,0.0003525575889902554,0.06819476100822008,0.9282116270261485,3.893598805758719e-05,0.003202118388583493
66,0.0001976500542225338,0.05241270831402037,0.9456852494912346,2.78428487134181e-05,0.0016765492918091004
67,0.0003977849329637666,0.0686766629554136,0.9286167966775627,3.479288152472241e-05,0.002273962552535221
68,0.0008797608957531744,0.17019595762990514,0.8244677489378883,0.0001005181207318652,0.004356014415721364
69,0.0028125259720387617,0.2473448325637913,0.7426689772203313,0.00017384656818378967,0.006999817675654821
70,0.00039809521763408854,0.05414508288657858,0.944114843550394,3.63244855564323e-05,0.0013056538598367371
71,0.00804083821686011,0.1790737813782319,0.7974230304196656,0.0002659267389386571,0.01519642324630374
72,0.0009556968853111819,0.06018528701664292,0.9359615670838326,5.5664242401292785e-05,0.002841784771811978
73,0.0006627005238949961,0.04555283832766363,0.9519183944942626,4.780692899734045e-05,0.0018182597251812963
74,0.012300083236729948,0.3702668458602681,0.5822603802726851,0.0008014488954094504,0.03437124173490745
75,0.004806827114151224,0.2791353996041097,0.7036627945355843,0.0005364109697727457,0.01185856777638184
76,0.000314400119322611,0.053149302785887226,0.9449151042749178,4.368002301293551e-05,0.0015775127968594704
77,0.0018305763716629446,0.17328994424152078,0.815845472496014,0.00018920599018153718,0.008844800900620729
78,0.009765597713060344,0.25426221646057107,0.7257678834293907,0.00026471537820474297,0.009939587018773139
79,0.0015411705429523492,0.09169531064491895,0.8949221163505074,0.00016568949554928027,0.01167571296607201
80,0.011915706153409379,0.5646393617879447,0.389053769914693,0.00139375393881728,0.032997408205135775
81,0.009400552216386252,0.23702250281501974,0.7468963703957959,0.0006394631794227787,0.006041111393375325
82,0.010438825294832064,0.1893029816405405,0.7852197238703059,0.00039242156915828377,0.014646047625163156
83,0.06455307240320926,0.7767350445193827,0.10216171296391073,0.003504830148157548,0.053045339965339895
84,0.031508999386519056,0.6804796733060279,0.23881658081517834,0.004804049837999709,0.044390696654274926
85,0.20206440180423077,0.5653166747246247,0.00637252451990789,0.0335248742888782,0.19272152466235853
86,0.03261206242526981,0.8483596614949446,0.011169231137185405,0.005368391306487956,0.10249065363611201
87,0.05634932505007921,0.7071962959656587,0.00504644702526782,0.02332121578465589,0.20808671617433833
88,0.0006528922110685866,0.0016399093989466623,0.0005118139609658169,5.687662650764836e-05,0.9971385078025112
89,0.01711526265799652,0.0034348722280052374,5.382995651037073e-05,0.0004996613196771794,0.9788963738378107
90,0.013412450059123187,0.0026742116714325555,1.6712729438651112e-05,0.00023656530024869678,0.9836600602397568
91,0.010382619521722938,0.0007085434969261639,1.5212884893798074e-05,7.732636337741984e-05,0.9888162977330798
92,0.37579966558984434,0.010488900773062516,2.431571307624882e-05,0.0015699373017948942,0.612117180622222
93,0.09066013535341146,0.01836740630060472,9.268578461381958e-05,0.00119467186247771,0.8896851006988922
94,0.13732216683643592,0.029055323985713418,7.53362475462635e-05,0.007583536580207163,0.8259636363500972
95,0.11337128398829875,0.02791423319324089,5.364394208301389e-05,0.00775504275471601,0.8509057961216614
96,0.707913069809726,0.0818603598309081,2.7537163930139487e-05,0.025289773533716513,0.1849092596617191
97,0.2664445571402522,0.21741578417397273,8.283209915800892e-05,0.019801058587445314,0.4962557679991717
98,0.577006338338175,0.33426495796139716,9.142735613938497e-05,0.04964584733318894,0.03899142901109958
99,0.162894398789895,0.738428469566399,0.0006118369886994763,0.06336705367397932,0.034698240981027396
100,0.14362934564521065,0.7274214480113436,0.003158786611620383,0.09851992956140605,0.027270490170419357
101,0.08272744902262122,0.8368556264204974,0.0057003725104358095,0.04423318307884067,0.030483368967604854
102,0.11898421523193405,0.7246542441230888,0.0006160795182379297,0.07169381396205901,0.08405164716468023
103,0.043888597237467214,0.906530155655051,0.00943366700796943,0.013584802322464267,0.0265627777770481
104,0.14405217126341532,0.701163835761619,0.0004210302579504593,0.10773356263732826,0.04662940007968696
105,0.04496005631773083,0.9118486698483887,0.00035179181240286255,0.02311714594595809,0.019722336075519507
106,0.056996467448907885,0.8544780545357243,0.0007194643517374284,0.0403307368696277,0.04747527679400265
107,0.08650185583539008,0.7817639138723308,0.0013667201121279032,0.025309370394670936,0.10505813978548025
108,0.15549777075379004,0.4525894508988403,0.00032096402221685425,0.0964520176529362,0.29513979667221657
109,0.2056621215350328,0.2843537202240623,0.00016052659772961006,0.10923147779548151,0.40059215384769364
110,0.21029962918176914,0.46552021025589296,0.00035702602022966623,0.10929433139134391,0.21452880315076428
111,0.33762959785452407,0.26807281463937055,0.0001738943891776955,0.23302373915136607,0.1610999539655616
112,0.19814111407226495,0.2369521678296858,0.00014353421183492738,0.5284571142203413,0.036306069665873034
113,0.1383549723032561,0.1496036905351205,0.00012102524103382735,0.5972571107897388,0.11466320113085089
114,0.10106934895652119,0.17595168258995322,0.0001737329075989994,0.6784551215223444,0.04435011402358221
115,0.1223963874723968,0.10767225870995606,0.0001143725773602457,0.6178415837698064,0.15197539747048036
116,0.15311306364836125,0.09316228773717516,8.363819823988085e-05,0.4306794944360453,0.32296151598017847
117,0.1559275255080209,0.23322806761269393,0.00017686475339634126,0.4084978896081556,0.20216965251773325
118,0.25176013955159643,0.06504680196040385,0.00010971057902513001,0.14755371486991645,0.5355296330390582
119,0.2829609463151351,0.206771171397089,9.677342737862361e-05,0.15599759312276856,0.3541735157376287
120,0.43265943047377525,0.10057429478748402,9.890120976895508e-05,0.130668549911897,0.33599882361707495
121,0.3211707116901591,0.31555821946284596,0.00013886470623315065,0.2682796578555537,0.09485254628520809
122,0.11246639287057301,0.12193334809105216,0.0003454082070827023,0.04664762177394941,0.7186072290573428
123,0.12158200505935023,0.05975377310415199,0.00028578681680005414,0.0224531584669028,0.795925276552795
124,0.35072052468195997,0.21375559938218833,0.00020472589663796795,0.029317703448219035,0.40600144659099474
125,0.3126613107981221,0.6062406930896259,0.0002924849039450833,0.05515371282627363,0.025651798382033127
126,0.33745593617780306,0.47414266605408073,0.00022989079604480447,0.0351669160349927,0.15300459093707883
127,0.3524594655326888,0.5092784955625718,0.00012522162620595402,0.09984986384839527,0.03828695343013821
128,0.13831834520909103,0.7415275874411346,0.00013183948254248597,0.09443846417180854,0.02558376369542334
129,0.2180342218490911,0.6278263876079134,0.00019130008291998353,0.12696730530615818,0.026980785153917216
130,0.09671844968996687,0.8483755961836231,0.0007843230045004375,0.040938425132192036,0.013183205989717499
131,0.11144535366926132,0.8262589863931247,0.002468851884778088,0.03801074906910823,0.02181605898372757
132,0.08619216292155489,0.8667439496754354,0.00040688647369887285,0.03412739312122241,0.01252960780808843
133,0.018871580756696805,0.9694414037600048,0.0010527423729780935,0.006065810005669419,0.004568463104650756
134,0.13333520715685013,0.7394725297828714,0.0013977288808263773,0.11557644142971701,0.010218092749735104
135,0.04185997735880814,0.9230778344932742,0.002862934792075304,0.025391369253380185,0.006807884102462197
136,0.10300103618198664,0.7948881150457205,0.0006778530022213666,0.034763448371039674,0.06666954739903166
137,0.11349119703729495,0.8005982206720944,0.0011165259030182701,0.020596770044945752,0.06419728634264661
138,0.07092483012312165,0.8921361608899797,0.0007468601524685412,0.00594212836460383,0.030250020469826285
139,0.04621282853279631,0.08669235794546497,0.00904937921231464,0.0009581190100421811,0.8570873152993819
140,0.4406679044508563,0.39224535884300765,0.0007852837173808273,0.0033837763955539353,0.1629176765932013
141,0.2641413698449298,0.6216382602737398,0.00047204986427766153,0.004099778087434809,0.10964854192961794
142,0.09121801265221119,0.8846275624958015,0.004807113490326179,0.001588497770222406,0.01775881359143873
143,0.04916487568972851,0.9356430115048722,0.0019414764656850484,0.007344687692925384,0.0059059486467889005
144,0.03950978109307703,0.9424767361663493,0.005027463817684833,0.002529600845512236,0.010456418077376493
145,0.07328739906157011,0.9120422045779094,0.0007749747356515291,0.0020277321511649004,0.01186768947370412
146,0.02724677764877605,0.9587934621768589,0.009659943806285648,0.0011474713348219973,0.003152345033257588
147,0.03143898806736696,0.9428097406263042,0.019951968448468412,0.001304759786142606,0.004494543071717907
148,0.027865145936670936,0.9460319053683748,0.01651825089421482,0.002164093098473791,0.007420604702265826
149,0.10385539821940805,0.8517691399273998,0.01872884380949828,0.004548174908269941,0.021098443135423965
150,0.030188239877347846,0.9561565649248457,0.007408172245516862,0.0011881629133934572,0.005058860038895987
151,0.03840572881451494,0.9453945140116787,0.007835228912647178,0.000789698008387051,0.007574830252771882
152,0.017924203539014232,0.9521754228314551,0.023358591150826533,0.0002494469391240924,0.006292335539580051
153,0.021016776900572562,0.9053079670485689,0.06848988613397851,0.0003545400321805288,0.004830829884699604
154,0.006411847223057247,0.8939312032187945,0.09720725127608315,0.00014418954572300254,0.0023055087363420697
155,0.009809449315552537,0.8925218323712715,0.09019752384167817,0.0004326856460199753,0.007038508825477746
156,0.010766056032088323,0.7210114722527555,0.24725585079674603,0.001368602632946298,0.019598018285463863
157,0.04576173167648236,0.876022212768861,0.0593579185212081,0.004419497057573252,0.014438639975875222
158,0.007457646906839768,0.7659608041285322,0.21358118404810392,0.0013422935057659342,0.011658071410758131
159,0.020015907526527228,0.8335528037237322,0.1229701779418553,0.0026493077076040383,0.02081180310028115
160,0.006622429015616146,0.014444857423251946,0.0034472320819706635,0.0005928135805354684,0.9748926678986258
161,0.19114377554640583,0.2290418070452777,0.003639503254821626,0.004870589805729187,0.5713043243477657
162,0.23551287614358027,0.5627851583198609,0.003261177624784246,0.006773789745407074,0.19166699816636748
163,0.16537761249310484,0.10239080862735687,0.0009911846008965068,0.0020562085331602507,0.7291841857454815
164,0.19925171395891192,0.36827752099181704,0.0008314698825036353,0.008909948034271085,0.4227293471324964
165,0.19016905219764466,0.4621259163982817,0.0009734377270226589,0.004397663539116628,0.34233393013793434
166,0.6575061180713653,0.27165704051066675,0.0004924081024877883,0.015360103990690186,0.054984329324789936
167,0.19105178158242028,0.7509619277797926,0.0010458946547443478,0.021497813804091173,0.035442582178951465
168,0.32606110735572214,0.5650022813818947,0.0009209968521927958,0.08595822597069809,0.022057388439492176
169,0.13421606428207086,0.7888981152206598,0.0012442188359581038,0.06870415897716321,0.006937442684147873
170,0.03557577249323113,0.9360869147137868,0.0033714448642528892,0.01951842053055555,0.005447447398173357
171,0.035839058952956616,0.9372477410563148,0.009118440720426684,0.00705432515806001,0.010740434112241721
172,0.06669842049039004,0.6734097778879918,0.040255854568513806,0.007723611698908228,0.21191233535419637
173,0.023456396973718402,0.04150500326060117,0.0028211789112139165,0.0017926990989386728,0.9304247217555279
174,0.11617210861102632,0.821327595385728,0.002517473463247782,0.011865574989004582,0.04811724755099341
175,0.2027853724054296,0.7064334476895299,0.00984447455771783,0.010438397536650837,0.07049830781067179
176,0.013028746849466874,0.030666105854385953,0.0036840744597384004,0.0009030229629575027,0.9517180498734512
177,0.07249706428570325,0.21024800055254578,0.0033941929100510548,0.004516269981491618,0.7093444722702082
178,0.3730465321680043,0.32127041490293656,0.0018555642991534027,0.02272595405965986,0.2811015345702459
179,0.04731937791387994,0.08750121099365767,0.004726098434633034,0.0011554255658345833,0.8592978870919947
180,0.1550796683395477,0.6026160788700241,0.0029713227140669343,0.008985744531427961,0.23034718554493339
181,0.19829935524433265,0.23852711623997325,0.0010522048200496603,0.008190938008793234,0.5539303856868513
182,0.17489783135742643,0.10167174903428529,0.0010175360819389605,0.003797842971156575,0.7186150405551928
183,0.17672770808748517,0.0652738849855887,0.0008934537910997921,0.0010840984096704305,0.7560208547261559
184,0.3351444567030167,0.6540564960661963,0.0003278132014285658,0.0017785131080437235,0.008692720921314628
185,0.19278416790134292,0.7874051625788006,0.0020673279977678175,0.001905529732022418,0.01583781179006636
186,0.06916707357327703,0.7326249794722679,0.16647534972150885,0.0023006414196244437,0.029431955813321798
187,0.05076417384840173,0.9045455458896334,0.016777806302261174,0.01198265857338667,0.015929815386316833
188,0.016650251614501895,0.9561413354394884,0.015628802511776653,0.006756688508877711,0.0048229219253553
189,0.015897907812837554,0.9150171998856259,0.052211435063638116,0.005935865349490975,0.01093759188840751
190,0.053811214955727375,0.9047079509759585,0.006306189575952819,0.02068419866845168,0.014490445823909525
191,0.041261519452759514,0.9168920430290588,0.0014009918742660407,0.027245160704588142,0.01320028493932744
192,0.08024511115563517,0.8242246492211386,0.004032580478950739,0.009753859861550791,0.08174379928272471
193,0.3188657711024861,0.5767336695916354,0.00044391689504128955,0.07660587578521452,0.027350766625622695
194,0.04039975333789167,0.91586463304741,0.022080611537358984,0.008010329211669992,0.013644672865669377
195,0.34145274612776083,0.49708049431304674,0.0005219655255940656,0.07851477584144048,0.08243001819215794
196,0.12586391800488245,0.5005043949353892,0.0003915352086664507,0.3517055049789292,0.02153464687213265
197,0.030657820694196376,0.8526697753621667,0.06877888394216952,0.033176897778520134,0.014716622222947236
198,0.1226589187828882,0.6744317295379758,0.0019159575352205316,0.14659956430493745,0.05439382983897808
199,0.16892385940103471,0.3038902573312523,0.001270718242287741,0.21218989683610984,0.31372526818931534
200,0.1413516318960521,0.4460102191857503,0.0013997389581016163,0.2853282994318478,0.12591011052824808
201,0.13697046437690125,0.1080564770485677,0.00015222959277030345,0.4642563566259976,0.29056447235576316
202,0.16156234424103494,0.08482441353277038,8.143665042760602e-05,0.37637273631808915,0.377159069257678
203,0.21342628161395957,0.05855543795388887,0.00015219224287484737,0.34884051287831047,0.37902557531096626
204,0.32180441870158466,0.0338846777238525,0.00013307353178829934,0.33947602578581443,0.30470180425696003
205,0.0989568760937611,0.03349082314556677,5.9019189566358384e-05,0.1397885531517447,0.7277047284193611
206,0.27251661831465157,0.025172108393675476,7.56235657312686e-05,0.25985954767501096,0.44237610205093075
207,0.3252707049586242,0.02617974167766353,6.667029738603347e-05,0.25387289742654284,0.3946099856397833
208,0.03770463745756915,0.00845799165733608,2.3120490190724565e-05,0.03639934615536014,0.917414904239544
209,0.23726186878883862,0.011805819892316027,6.228265649954438e-05,0.08031406064952386,0.6705559680128219
210,0.08928060839733042,0.03980623402933148,0.00011755564782557153,0.0412977872347076,0.829497814690805
211,0.12310943305223035,0.02717990213809876,4.292763522433335e-05,0.028592328502678146,0.8210754086717684
212,0.01797524189328785,0.016401757961639625,0.00010139261020978543,0.00935729202165897,0.9561643155132037
213,0.26854264903832,0.023175317606695767,3.203750269432602e-05,0.04486961955581482,0.6633803762964752
214,0.012741302452225486,0.006504050241900352,0.00010096092300722685,0.007501644681876747,0.9731520417009903
215,0.3451815013584426,0.01695333360293498,3.429316157781055e-05,0.04597289199818218,0.5918579798788626
216,0.02540592723635561,0.013300145486154708,0.00010591795387479981,0.013811794359000047,0.9473762149646149
217,0.24718475053836014,0.01657784704469378,2.7472917690307057e-05,0.027610179087827078,0.7085997504114288
218,0.061887231063141035,0.025760834998419774,0.00015251483756064562,0.031826836202905426,0.8803725828979732
219,0.5627695064474398,0.029045405895620238,4.4006740753775964e-05,0.15665780467230178,0.25148327624388433
220,0.360612800768233,0.027074277071583316,5.723724951465348e-05,0.09978656766304031,0.5124691172476287
221,0.40307295518540626,0.016930061274606292,4.1492290519086485e-05,0.1254499160416277,0.4545055752078407
222,0.39691692277884133,0.014835601198507674,5.963615639363928e-05,0.09985686235683008,0.4883309775094273
223,0.19131704955725437,0.025084845343292236,6.415589383869146e-05,0.13907328402045085,0.644460665185164
224,0.0927833856106815,0.00938826818137952,2.73142814346292e-05,0.03412500704480688,0.8636760248816975
225,0.056430520992902015,0.013149743885433133,5.607504359838901e-05,0.042672111528546594,0.8876915485495198
226,0.48324780340944723,0.03540518676364105,4.623379010541171e-05,0.2517229297574871,0.22957784627931907
227,0.31864359369808026,0.01358846812597829,5.374792973213641e-05,0.1962652218220318,0.4714489684241774
228,0.37253689467629025,0.01814437406869955,4.5587434237791804e-05,0.3630150986348824,0.24625804518588998
229,0.15928437061417383,0.02493723339824845,9.815548241900878e-05,0.7420750802127505,0.07360516029240817
230,0.02862469910825237,0.0061911093765008775,0.00012117587412308964,0.13656000453446202,0.8285030111066616
231,0.19198181030538913,0.021714339757202248,8.686000620341924e-05,0.44846416386690385,0.33775282606430135
232,0.08243124352023581,0.011401925779562809,8.27903472889291e-05,0.09568809239246959,0.8103959479604428
233,0.23677034072318032,0.017031618373653787,0.00012355493337573939,0.11400977374109228,0.6320647122286978
234,0.03879288225577424,0.004209555586782153,2.6934111611567912e-05,0.09610029068078618,0.8608703373650459
235,0.45192482439950277,0.008374909297220259,3.960598096990618e-05,0.11155626614883264,0.4281043941734743
236,0.3806020362465381,0.0060984066378933196,5.5073479637869175e-05,0.43794016750248704,0.1753043161334437
237,0.33850363267052846,0.01005434495908819,3.3588205238678636e-05,0.45498165184929446,0.19642678231585026
238,0.2598389148714992,0.01586822563265431,6.946520838820047e-05,0.5119665952657055,0.2122567990217528
239,0.09683748040590293,0.04582580060223183,0.0001587999263283531,0.30508289708087344,0.5520950219846634
240,0.05377176487942277,0.010418921068522102,4.7280072771152685e-05,0.09312988486859577,0.8426321491106882
241,0.5078575465602911,0.019737716808712287,3.2296889716867696e-05,0.19487806140282615,0.2774943783384535
242,0.5011556449566145,0.014390445223814989,4.316477869130417e-05,0.14096776434091862,0.3434429806999606
243,0.03740877439657134,0.005874550732902657,0.00011711103193428876,0.035588495836976035,0.9210110680016156
244,0.018599442790208708,0.004149451983025705,7.06783690903696e-05,0.024311700352280027,0.9528687265053952
245,0.08117610832955868,0.009429164813752588,2.328158415940603e-05,0.015112384875577652,0.8942590603969517
246,0.29810180632037586,0.01892278725568263,2.8850535445677827e-05,0.030087555970685336,0.6528589999178105
247,0.6190667106719419,0.15278692417387352,7.0182532985741e-05,0.0277891895439551,0.20028699307724368
248,0.16879598182853156,0.07029164054571935,0.0002631825832697183,0.03966524070425275,0.7209839543382267
249,0.26261486582460764,0.48294627620717867,0.00015829217762663582,0.15681795011368058,0.09746261567690653
250,0.2948771087048243,0.10091877383676028,0.0003247672379000234,0.1813903545461232,0.42248899567439235
251,0.4684784387861561,0.2629648133649312,0.00016492034826516157,0.19983606212248756,0.06855576537816009
252,0.21013315246098715,0.5980330133040226,0.00024094301052634794,0.1340527499428975,0.057540141281566544
253,0.10745948957285946,0.8029758192585573,0.0014442034551995708,0.05997629467366532,0.028144193039718404
254,0.03133422467162534,0.8557588941630069,0.0006429830279146652,0.09717804446084173,0.015085853676611425
255,0.053245347275759636,0.7852282645656589,0.0005573120462893888,0.12017047639671426,0.040798599715577866
256,0.029134341899488155,0.8658855588645871,0.0004603177028449398,0.09311941226457615,0.011400369268503718
257,0.08938436000644223,0.7812686011822094,0.0004697888575182658,0.09574105177468037,0.033136198179149534
258,0.08670831828671072,0.8565821426133912,0.000513127307225007,0.0333978029573978,0.022798608835275274
259,0.1917732652772149,0.7157518967793143,0.0006479283261578838,0.031491247673524514,0.06033566194378848
260,0.16258444769002453,0.802905012888125,0.0003861382966623126,0.018344626531145873,0.015779774594042367
261,0.13210584773958295,0.8319852281210308,0.0006910971991899456,0.029762466907820508,0.005455360032375829
262,0.1377650702064664,0.8114778712049391,0.0006135542560986304,0.043100164997679005,0.007043339334816729
263,0.03460080380771475,0.9494116540070616,0.006027189800287169,0.005246992109339348,0.004713360275597045
264,0.06025914134564853,0.8976193965389284,0.01813827892084466,0.004759483779293165,0.019223699415285272
265,0.02146599060131224,0.9542561601295731,0.020196562999944257,0.0007715901955950636,0.003309696073575508
266,0.07824724654975994,0.9066381567299028,0.005835228445421731,0.003830034149045786,0.005449334125869652
267,0.03544710097015566,0.9539899309878026,0.00477124028992052,0.0015199268645969507,0.004271800887524285
268,0.005983234612267739,0.9033066809563538,0.08772209859474643,0.0005634861550109288,0.0024244996816209646
269,0.016829977717046626,0.8872403831007527,0.09026726352904062,0.0009442227983834788,0.004718152854776474
270,0.008235584965176105,0.6890222696352583,0.29768640344685066,0.0003860160581105905,0.0046697258946044
271,0.014719837262753749,0.8933945664821239,0.08521063050220301,0.0006745871128841714,0.006000378640035217
272,0.01446955741693156,0.7400713624750126,0.23972539029765846,0.000420428216823968,0.005313261593573317
273,0.004087853458826581,0.636539155749138,0.35724778137682534,0.00026464840098833306,0.0018605610142218303
274,0.0015118050225622123,0.3965489090971531,0.5988052974593179,0.00025992130518336353,0.002874067115783284
275,0.005127666405332673,0.6286610965969549,0.3619073207909447,0.0004967856711973999,0.0038071305355703174
276,0.0018353978732743473,0.2319543868674725,0.7620759546554495,0.0005571505773781311,0.003577110026425499
277,0.002001367175579149,0.5258449428677725,0.4688036865929807,0.0007469333772904705,0.0026030699863771353
278,0.0015655247408511578,0.3411039953755546,0.655417205125319,0.0003431450382837599,0.001570129719991614
279,0.00028969766373765994,0.08057294605493749,0.9184209624131064,8.383629839744014e-05,0.0006325575698212036
280,0.0009674503056528077,0.1807944818042241,0.8163283531296375,0.0002574106910771484,0.0016523040694085746
281,0.0024288990597478685,0.3391150937854475,0.6553784177094983,0.0003236626762736374,0.002753926769032415
282,0.0019745960806575496,0.13079560224173417,0.8654021624181477,0.0003268019611369421,0.0015008372983236215
283,0.00112424140082484,0.11809640936416581,0.8792840731284656,0.00013351596884008751,0.0013617601377037525
284,0.00160934800143905,0.13467711608285443,0.8614644268863483,0.0003098404800426709,0.0019392685493154734
285,0.0013479545121244663,0.09692548734064903,0.9004510695333061,0.00019923317567590137,0.0010762554382446469
286,0.0017471384986263614,0.12482954688302832,0.8713962388527527,0.0002738637872317994,0.0017532119783606988
287,0.0006080467595235526,0.09148488797011023,0.9070459427855678,0.00010418530093843958,0.0007569371838599685
288,0.002941813491279603,0.21016707643253432,0.7784687171034762,0.0007143103165104591,0.007708082656199332
289,0.005846321568876481,0.23452954274190554,0.7542135482268523,0.000764485750829345,0.00464610171153636
290,0.0022694657370175117,0.16413619749493322,0.8289885865295671,0.0005277400118938858,0.004078010226588267
291,0.0011536136835800148,0.10084688769228713,0.8955732546190697,0.0006364314363551134,0.0017898125687080782
292,0.0004597726600744522,0.041231801018001196,0.955601428266303,0.00013831706811201684,0.002568680987509299
293,0.002208176544597105,0.16602711615975213,0.8246271245967524,0.0010647498065083844,0.00607283289239007
294,0.00035031488357678206,0.0697627467667751,0.9281373247095396,0.00020271298532707792,0.001546900654781343
295,0.0003006759733236655,0.07645280856893878,0.9216939449606614,0.0003089762145959898,0.0012435942824801142
296,0.0010472845534161648,0.05057091176700484,0.9413159117137739,0.0010588214448959586,0.0060070705209090795
297,0.0028060948337400356,0.1632994785946246,0.8206793168335839,0.003450335233998008,0.00976477450405357
298,0.0037466345243375274,0.12491794058008988,0.8649035445247122,0.002430866311797763,0.004001014059062652
299,0.003087828443528172,0.11416694192656737,0.8758921556250164,0.0015412793015318566,0.005311794703356175
300,0.01240854556414925,0.13621105183486806,0.2497496228014905,0.006658472167130888,0.5949723076323613
301,0.1216019652341479,0.171596687032671,0.13973835247193786,0.016201145149914976,0.5508618501113283
302,0.11859061196307046,0.13011030008126856,0.023028590461963063,0.004723534875324367,0.7235469626183736
303,0.37471672050207305,0.3555047726182013,0.037299129003378256,0.00663744022587312,0.22584193765047417
304,0.11631655528504625,0.6406980598958603,0.149266551833588,0.00573543372483485,0.08798339926067052
305,0.2504645784953905,0.6420432572486959,0.04099104409069352,0.012484755922893505,0.05401636424232648
306,0.1444849335116042,0.5267240851349464,0.07498287648067122,0.028875239727139908,0.22493286514563832
307,0.1750675067893299,0.6995976454384789,0.03438258031221754,0.0445743055761904,0.046377961883783486
308,0.07697527718673952,0.7645723810650273,0.11235764276379795,0.02009563470269696,0.025999064281738052
309,0.17121815418705286,0.6074832362361918,0.09717790724390946,0.035500596502380466,0.08862010583046541
310,0.03849461934277607,0.600780574813581,0.30419236526590887,0.019583590250123826,0.03694885032761019
311,0.08693392697311848,0.753535674858632,0.10264364169908453,0.029190903342394384,0.027695853126770413
312,0.04389547045774258,0.737472851516038,0.1729804520352436,0.012812228938480958,0.03283899705249479
313,0.1424706354740617,0.7483718775601351,0.029974833574944244,0.03951574911684269,0.03966690427401614
314,0.07052886001681362,0.8093526344814498,0.08286937292152803,0.01717316393817549,0.020075968642032916
315,0.10236242644868211,0.7218129238655655,0.0988893485640972,0.023557293781247157,0.05337800734040802
316,0.025923784335688243,0.7534502467533818,0.203110724134641,0.004882186411778308,0.012633058364510568
317,0.08119194670743249,0.7988054493333699,0.08228271624345566,0.01089640578092748,0.026823481934814493
318,0.12011125524556522,0.6089826237503674,0.11465226727458573,0.02487969440262546,0.1313741593268562
319,0.05180328671113135,0.2656933905717872,0.04290602755335691,0.0032789288758220928,0.6363183662879024
320,0.005448370418865231,0.010544115466022737,0.0031642993659712596,0.00043864232373050756,0.9804045724254103
321,0.478971076698657,0.2845068750239012,0.00316338553065328,0.0077917458494491856,0.22556691689733935
322,0.4891023078209058,0.2505665925253416,0.014870610431632346,0.0050314249698164715,0.24042906425230384
323,0.16973737995440558,0.22220344134883874,0.006996339185050706,0.002735589012271999,0.5983272504994329
324,0.2060833919319639,0.515754364718558,0.0171434317984926,0.02518685475311997,0.2358319567978656
325,0.3083155915681572,0.46541180100297974,0.021187456886842742,0.045608149225404106,0.15947700131661627
326,0.3439983735747258,0.25825990635002716,0.028469235670797784,0.07867526744093467,0.29059721696351437
327,0.0659865914780417,0.0939406880831702,0.021322891501252585,0.0239223957355741,0.7948274332019614
328,0.004308705861607054,0.001643479948770735,0.0014866205143166946,0.0011483173665675077,0.9914128763087379
329,0.05586279210057599,0.014584604912090795,0.0006960179253446399,0.004414482513081722,0.9244421025489068
330,0.049107940802159245,0.004569087215932384,0.0007663504440042734,0.0020802389445891724,0.943476382593315
331,0.04130150120776926,0.005274324619764242,0.0034039237441954233,0.0018456460085283623,0.9481746044197427
332,0.6376781214897687,0.11338286462418604,0.002020004799331518,0.01390222739536473,0.23301678169134904
333,0.3833979574315567,0.5006015208065784,0.0073173285999512455,0.006228802660236819,0.10245439050167691
334,0.1543856751810665,0.6795895859313175,0.08600112839251663,0.010196953971599636,0.06982665652349981
335,0.23055198678545022,0.6861587772109079,0.008955752248952831,0.05528230580017053,0.019051177954518658
336,0.03627745792753355,0.8997413450454134,0.04973286590504429,0.006993825725789195,0.0072545053962197285
337,0.22458147806096043,0.6588991025526592,0.011805156579070778,0.012375224876129692,0.09233903793117999
338,0.39957113647423587,0.558473598811016,0.005377345929195794,0.018910095034374047,0.017667823751178355
339,0.14608448192805276,0.8171864670203861,0.01039070683056433,0.009898625523114572,0.016439718697882192
340,0.18235863441841824,0.7842871923621172,0.009374386557365874,0.012874145745035924,0.011105640917062887
341,0.05597122395983815,0.9343699883747079,0.0009481555503473858,0.004326729669593022,0.0043839024455136055
342,0.06376921935916728,0.9261590349423345,0.0029089001580347167,0.0038701058143866805,0.003292739726076788
343,0.011915972699241868,0.9511308400813325,0.032744496959866434,0.0010835938493097782,0.0031250964102491332
344,0.036133175291277145,0.9525126045842014,0.0035421601821634366,0.004159315780517864,0.003652744161840193
345,0.011541919403536188,0.9741084813781894,0.009852813559671233,0.0016276338664464518,0.0028691517921568704
346,0.010007783818508795,0.897497946228471,0.08714707871596945,0.0029593882811471814,0.002387802955903723
347,0.0076905327416052225,0.7760066107314335,0.20308119364449037,0.007757435944941298,0.005464226937529716
348,0.05068823552228843,0.8743914702370424,0.02575419803137296,0.03824415216159567,0.010921944047700671
349,0.03491858954377619,0.8168855327601539,0.03428530818325937,0.1070283803070744,0.006882189205736247
350,0.02641162715025719,0.8956407580457149,0.028727786230055057,0.03271809450372321,0.016501734070249848
351,0.10919858975246602,0.7517808889874312,0.0015835122722017713,0.02665385654268307,0.11078315244521793
352,0.10309098401810872,0.7972360395605845,0.004822807260986428,0.025606565634472063,0.06924360352584827
353,0.13517675337345164,0.7123451163970342,0.005621475681460369,0.04489987208844099,0.10195678245961282
354,0.13884590083651097,0.6552221708663796,0.002362043951229549,0.010728847645526441,0.1928410367003535
355,0.05560706530865643,0.901552261140659,0.0007830865765793803,0.014008846122388395,0.028048740851716717
356,0.11324414101697716,0.8155739862649085,0.0005015311601985729,0.036348813223070875,0.03433152833484498
357,0.27348358422089875,0.44727617279363335,0.0004753723993911252,0.14998241002106105,0.12878246056501572
358,0.13610000492191737,0.5505690149084144,0.0005002479468687921,0.17463481984960672,0.13819591237319287
359,0.19150623358149124,0.12049005326463506,0.0002774369245055093,0.18502604801641573,0.5027002282129525
360,0.14951596230799383,0.10750747621605787,0.0003981688641183508,0.1864620685499683,0.5561163240618616
361,0.16114031126138495,0.032555842208555306,0.0005575202932236915,0.29374526344921786,0.5120010627876183
362,0.3622641828325602,0.03192006399648678,9.921882317677053e-05,0.2965497518604753,0.3091667824873011
363,0.25555141344900706,0.042464022397767975,5.491432864807222e-05,0.15229515776333713,0.5496344920612397
364,0.19660259327022359,0.03345320163367705,4.1666689044797135e-05,0.1395509229809975,0.630351615426057
365,0.3412678979306226,0.04279198648580479,5.6500115758467405e-05,0.39737669717274354,0.21850691829507055
366,0.30755250605831985,0.05253957884021644,0.00013378884022613314,0.29870200639231453,0.34107211986892316
367,0.3558575225153535,0.027796939323117168,0.00010827722704265132,0.4201512093323394,0.19608605160214723
368,0.06637340202287234,0.015307295181019408,6.253168295028532e-05,0.503228390012603,0.41502838110055484
369,0.18863991988715467,0.012957133108780189,7.890503054046481e-05,0.300068823000056,0.4982552189734687
370,0.3403517169902138,0.014648589500323661,4.489839764899237e-05,0.3657822168473238,0.2791725782644897
371,0.33266460768313666,0.010760524120009794,3.7364713054062935e-05,0.14871832930537668,0.5078191741784227
372,0.4572981066445053,0.011155060634193257,6.444203550684209e-05,0.34111826379641236,0.19036412688938226
373,0.31620248922776917,0.01159449184760064,3.635019641058437e-05,0.4763560116312721,0.19581065709694748
374,0.24202579462916204,0.010470444979606947,3.237156275361153e-05,0.5578945000008491,0.18957688882762833
375,0.17306893162105796,0.009789217624010972,3.775328355729449e-05,0.5693876163622775,0.2477164811090962
376,0.04615832998036332,0.00858938007783265,3.7360962863507114e-05,0.311083555777178,0.6341313732017626
377,0.32782056239530966,0.005365067181795925,6.912343463647766e-06,0.14663743171684238,0.5201700263625884
