epoch,N1,N2,N3,R,W
0,7.720010114030554e-05,0.008836216682100726,2.233798356836149e-08,3.3542364020586928e-15,0.9910865608787721
1,0.00018387418321578602,1.8383064181455496e-05,4.779934847472342e-11,0.0001760771110722243,0.9996216655937312
2,0.00010639413216861123,9.580794333389776e-06,7.666250874782058e-06,2.6113274178948302e-05,0.9998502455484444
3,0.0006663105141800942,4.240124699666242e-05,3.7915909472093096e-06,0.00023751330471100248,0.9990499833431651
4,0.0020495493119586806,0.00032919445956254605,1.1738356508836585e-05,8.103093074453697e-05,0.9975284869412255
5,9.989050583451113e-05,5.56907366232213e-05,3.7612441555203614e-06,7.327415671623766e-05,0.9997673833566705
6,0.000312802366993536,0.00031332711855044584,9.313329991978418e-06,3.9871906990193276e-05,0.9993246852774739
7,0.0015957197576061172,0.0013175865140562341,0.00011152630763600302,0.00017736094899745389,0.9967978064717042
8,0.0007102551391233393,0.0013209629586398923,3.711993372050723e-05,7.673018951574444e-05,0.9978549317790005
9,0.00020982643598392367,0.000379732019284854,0.00012760917257931026,4.625438788436308e-05,0.9992365779842676
10,0.0006018742989144579,0.0011180554952023567,7.82812243397582e-05,7.981620802492348e-05,0.9981219727735186
11,0.0029262955026400283,0.0015791456196459807,4.7114294873375896e-05,0.00011211456356766391,0.9953353300192729
12,0.03532307406962563,0.004119443681930336,2.985559162714695e-05,0.00046746151690415545,0.9600601651399128
13,0.013272963918044237,0.0020210405831858733,3.764283384319633e-05,0.0003135576576145537,0.9843547950073122
14,0.004906058642310155,0.0017213903076350472,0.0009288277373842989,0.00035629555717200343,0.9920874277554984
15,0.049488127662086455,0.005070802303504986,0.0008061751185285433,0.0007935608099955069,0.9438413341058846
16,0.07092255892639457,0.004307233184748383,4.9509602759507044e-05,0.0008899781686316815,0.9238307201174659
17,0.24909092266527058,0.015441061734312636,6.946934918112749e-05,0.002543477618805251,0.7328550686324303
18,0.20457978962751147,0.00509464981318756,0.003286304817275349,0.0006500164418328351,0.7863892393001928
19,0.13737149661354886,0.011491501279589063,0.002275275998115946,0.0018579016103485117,0.8470038244983976
20,0.11918586904795693,0.010799526566774619,0.0001726670430617512,0.003752876561299396,0.8660890607809072
21,0.22094826897326972,0.024832374549768818,0.00025878130437255437,0.006676217892472358,0.7472843572801164
22,0.29728741619316745,0.0787819080312478,0.0007525135408690651,0.006959630129550803,0.616218532105165
23,0.22313690971425146,0.049112645906917905,0.00019578665605382247,0.009616172566369185,0.7179384851564076
24,0.39682519559674617,0.1031720899748962,0.0005838520526375103,0.01092370833696879,0.48849515403875127
25,0.37581229955228285,0.12389767968162399,0.00020656665767793838,0.012108206771473895,0.48797524733694136
26,0.33118009376088314,0.1729880882938157,0.00018803369577533534,0.008173451461707755,0.48747033278781804
27,0.2522201034016442,0.09294495852119278,0.00012730271191548978,0.018354067603647016,0.6363535677616005
28,0.23667949725385948,0.20717794563368647,0.00025995772163995255,0.006372469655889394,0.5495101297349247
29,0.20711108447184906,0.29114083276321084,0.0010411655981978315,0.008616169725620015,0.4920907474411222
30,0.25999344518753753,0.10640738018225329,0.0038258052248038737,0.0055188508734065065,0.6242545185319988
31,0.11344478680671781,0.18427762648172027,0.0007592365025277789,0.009727371152005086,0.6917909790570289
32,0.027219803365954646,0.008713868782614272,0.0002858755360596721,0.000717609788531095,0.9630628425268403
33,0.011323295414098222,0.0019264372150052385,2.8317397955556136e-05,0.00024771159242857247,0.9864742383805124
34,0.2382061412992623,0.07007162742324444,0.0017924422160839986,0.008544300002357291,0.681385489059052
35,0.032049317463423106,0.013698151304966188,0.0012805838247930575,0.000791788492172865,0.9521801589146449
36,0.05796240736834434,0.08023258655620555,0.0026597048010490376,0.0020837125214304758,0.8570615887529707
37,0.09128759369072444,0.24869036135958023,0.009385954662468266,0.003146943008255988,0.6474891472789711
38,0.03726929074769239,0.5257719312208977,0.061803449951257604,0.0013461101552948477,0.37380921792485744
39,0.07684292104662181,0.15067168999950165,0.006446161605574573,0.005125131284070982,0.7609140960642311
40,0.06621623011743613,0.4436831766269315,0.012740774695190837,0.003447908017467579,0.47391191054297377
41,0.09730370459034632,0.14263302878909412,0.010251161701940233,0.003028871006786516,0.7467832339118328
42,0.2663904158214546,0.21615404087028595,0.0015961010929847856,0.012255732483186533,0.5036037097320881
43,0.1753212817695949,0.5467639072696492,0.010612722782173605,0.0033124021234896737,0.26398968605509254
44,0.26527009659956563,0.27015394094322565,0.0071140454436209866,0.005441044350856683,0.4520208726627312
45,0.035728038214134505,0.7795745506831067,0.06428123081291832,0.000352066205387046,0.12006411408445355
46,0.07254862736818439,0.820157213258916,0.030668581273878535,0.0007909923403966356,0.07583458575862466
47,0.10667591935705188,0.8082730524356989,0.005018073533596506,0.0028722704148519303,0.07716068425880067
48,0.018796001315266583,0.9035753048152289,0.05655234972258166,0.0004243467312770039,0.02065199741564595
49,0.0450949284510287,0.9020437538502392,0.028260681785582054,0.0007978166166983668,0.023802819296451914
50,0.07151087713400302,0.8278810568180113,0.06263352054646475,0.00045807527530967627,0.037516470226211386
51,0.014700489917258521,0.790361242519495,0.18941039983672392,0.00010201552666785424,0.00542585219985493
52,0.009827150979373395,0.8051351158073273,0.17685707589355384,8.007475008354701e-05,0.00810058256966181
53,0.020761984538395728,0.8990994281955151,0.06975484088645346,0.0006032406086643367,0.009780505770971448
54,0.00969870551078687,0.806736075318347,0.1723248169209293,0.00021875550852766066,0.011021646741409052
55,0.022088834770886894,0.7974316322454419,0.16863651118691653,0.00021206774121307643,0.011630954055541733
56,0.012381382644708202,0.8303285514025708,0.13662877375297205,0.0002255345835389766,0.020435757616210172
57,0.11078759222141597,0.41487029603077386,0.04275766601453478,0.0015338459875233932,0.430050599745752
58,0.03949626714636785,0.934572403266035,0.014798141757924953,0.0003557559641228125,0.010777431865549235
59,0.09802820525756326,0.8381565091144105,0.015562527133405191,0.0008983425035561716,0.04735441599106485
60,0.17477919541333867,0.5582380956829771,0.009234264013716324,0.0006847446274800627,0.25706370026248787
61,0.05225248329170666,0.9117750144730954,0.01702297255536123,0.0007262678829387239,0.018223261796898097
62,0.06489868349027322,0.9136038173003022,0.005409404067896363,0.0005219386900700809,0.015566156451458231
63,0.02533107153734441,0.9634011398548145,0.003319318281660732,0.000244804177944765,0.007703666148235689
64,0.011154969070222088,0.9368957562012075,0.04834539016114938,7.204469295398361e-05,0.003531839874466928
65,0.008830778567910121,0.8590467924732638,0.12944538976687633,7.693637509866363e-05,0.002600102816851173
66,0.005977454061899316,0.8621842651344229,0.13030027364311975,3.2844508551396143e-05,0.0015051626520067004
67,0.0069320696421205485,0.7402402038388651,0.25063084923954393,2.711630440573855e-05,0.0021697609750645323
68,0.006975682261320381,0.6949081924595064,0.295466825808104,4.115406006093421e-05,0.0026081454110081764
69,0.010896284887777276,0.7647659813881842,0.2222452464665807,3.5694912403977106e-05,0.0020567923450538713
70,0.007062438657232928,0.5608730991697445,0.4304673414408956,3.0168994138638913e-05,0.0015669517379883662
71,0.009215746384187332,0.49458850195321863,0.4935208224721675,6.582137856214626e-05,0.0026091078118644813
72,0.009130333941162654,0.31820080865548517,0.669620648600207,7.068545400981114e-05,0.0029775233491354976
73,0.008955157620000945,0.4849363757044912,0.5019652186094842,6.118517380507098e-05,0.004082062892218518
74,0.009580476758288142,0.19101504153285445,0.7974312038301038,0.0001226647056039478,0.001850613173149563
75,0.016181603847311158,0.6174324548657976,0.36170705520052404,0.000357514353296808,0.004321371733070468
76,0.0034573922359550087,0.4578993382894893,0.5370473133120517,9.196148194110109e-05,0.0015039946805629843
77,0.005129852431308041,0.4787594237060205,0.5135433857806855,9.015279906358456e-05,0.002477185282922438
78,0.0071852779599826935,0.76574770881848,0.2250572061963334,7.373536550321966e-05,0.0019360716597007633
79,0.00466026514481,0.2002951000829061,0.7939098521787197,3.343111518841367e-05,0.001101351478375773
80,0.008018027785247328,0.33874638721852063,0.6509261283495588,0.00011218765470848891,0.002197268991964942
81,0.002822627710322604,0.27700923920421283,0.7189303532684737,5.998106161173815e-05,0.0011777987553790621
82,0.0011441252990010392,0.23325861715893553,0.7641148521220607,3.755934708372269e-05,0.0014448460729190428
83,0.003320546409445423,0.4031840271934959,0.5924736869528381,4.193367165920209e-05,0.0009798057725614196
84,0.0020444105307446214,0.17781708915084768,0.8192807343055096,2.1387499427223502e-05,0.000836378513470808
85,0.001657399173039013,0.1943331904841158,0.8032747100235065,4.612072955980964e-05,0.0006885795897788687
86,0.0010871689438109499,0.14858982368914148,0.8491044348116511,0.00013984931062789488,0.0010787232447685043
87,0.002693745622077164,0.1243643519457911,0.8716337094168374,0.0001201975746067386,0.0011879954406876553
88,0.0007513472984085802,0.061810094421301344,0.9365033638339656,0.00010936038645317673,0.0008258340598711938
89,0.0013156890635415705,0.11216886169309567,0.8856332476737712,9.444368466599252e-05,0.0007877578849255884
90,0.0009595312352789562,0.10133083811059995,0.8971437065603712,8.21230736693707e-05,0.00048380102008046194
91,0.0013108137731955146,0.0887421628152584,0.9087549837291996,9.668043250985916e-05,0.001095359249836746
92,0.005402065665867285,0.2719955497338407,0.7206610462819827,0.00014369675195685292,0.001797641566352465
93,0.0009790063686400954,0.07598184636521581,0.9224927618635814,4.4053570207159437e-05,0.000502331832355514
94,0.0008043215624545166,0.10597687092545717,0.8926473056355206,6.805944992536054e-05,0.0005034424266421755
95,0.0015707569121742346,0.14013327752210933,0.8574308121203918,9.460075610905999e-05,0.0007705526892155925
96,0.002515751203280848,0.1998148570796382,0.794438530842067,9.383670437825292e-05,0.003137024170635866
97,0.00045317549424232274,0.07883630425286199,0.919931045393291,3.6690222655283604e-05,0.0007427846369494219
98,0.000714803152695664,0.0742168180984919,0.9240977636628872,2.59579717705727e-05,0.0009446571141544746
99,0.0008767337184700915,0.06579081091356084,0.9322769379438655,7.330247583000543e-05,0.0009822149482738491
100,0.004140150954573626,0.11484940852150413,0.8778626958333922,8.540374829856609e-05,0.003062340942231665
101,0.0011213566411760803,0.04447530482892017,0.9530930848063317,7.360269574771036e-05,0.0012366510278244297
102,0.0014714194231397186,0.0433852887998312,0.9538633975100566,0.0001358182622129822,0.0011440760047596995
103,0.0030093943080284906,0.11137514057825708,0.8818186374650046,0.0005079713101440846,0.003288856338565762
104,0.0017171520709382672,0.0912228741655305,0.905988406272702,0.00019256606554057178,0.0008790014252884538
105,0.00038276153147535083,0.04139287865577296,0.9575695384023153,9.201999640767912e-05,0.0005628014140287571
106,0.001640769589477547,0.11133743340435169,0.8856495670565842,0.0001953591725757307,0.0011768707770107836
107,0.00032800703449565314,0.05435198184795753,0.9445887159949602,9.033664868978662e-05,0.0006409584738969866
108,0.0003134034449433223,0.02722942555144839,0.9716675407652665,8.134339191511723e-05,0.0007082868464266525
109,0.00040167253578181697,0.04444650016967062,0.9540947705379345,0.000124232127079769,0.0009328246295332655
110,0.00041907293072711494,0.11489270577433375,0.8836797670504158,0.00010197883306557436,0.000906475411457691
111,0.0003889954768429228,0.06519683096670675,0.9332424876559873,0.0001402249705740064,0.0010314609298890337
112,0.000301813040778542,0.0371771812295706,0.961679436541877,8.459451195684618e-05,0.0007569746758169283
113,0.0004422699801699616,0.05947374833288607,0.9391272729782878,6.414526945205549e-05,0.0008925634392041969
114,0.00138680691663129,0.05962454301310853,0.9379730660826566,0.00011025516352478671,0.0009053288240788277
115,0.0005131733029169118,0.052219419266363185,0.9461409466348593,8.199493939350928e-05,0.0010444658564671147
116,0.0011748407560201216,0.08716562204772746,0.9104446551181609,0.0001000666060363077,0.0011148154720551026
117,0.0016898572897794519,0.05938661611674325,0.9378969646145985,0.00021784109698272041,0.000808720881895915
118,0.002161251069977077,0.14402638889313318,0.8521402537260675,0.00028056947825738475,0.0013915368325649396
119,0.0008616973536808942,0.08904597680724892,0.9088915635275938,0.00018271396349119163,0.0010180483479850836
120,0.0007145875766763932,0.07238715181489279,0.9260309833816307,0.0001082829236739408,0.000758994303126177
121,0.00023762715117684334,0.047774119136852894,0.9513212050629372,9.13374872124384e-05,0.0005757111618205967
122,0.0003944182984191494,0.0940650945677792,0.9045739560420234,0.00012302620300821425,0.0008435048887701007
123,0.0004391242995743105,0.07082814245155535,0.928092080323976,7.81853907166378e-05,0.0005624675341775498
124,0.0015961945125761527,0.08301151210866937,0.9145694154783989,0.0001076600833590804,0.0007152178169964597
125,0.0018499929187412976,0.07587691455996681,0.921126497085065,6.577756929149691e-05,0.0010808178669354847
126,0.0006305631588766177,0.03905396098217838,0.9598654729125548,4.7763060200134635e-05,0.00040223988619021695
127,0.0021384516578314503,0.06362915572360935,0.9335258530481944,0.00011538967437035406,0.0005911498959944255
128,0.0008692880913113289,0.06697087503591882,0.9317069931168785,8.821059489193668e-05,0.0003646331609992142
129,0.0007795778647510695,0.05146980745476698,0.947431766575829,6.225773312115643e-05,0.0002565903715317823
130,0.002104433613028317,0.06994673486862506,0.9270034579408204,0.0001193589412800227,0.0008260146362462408
131,0.005759333885643218,0.20112030656863802,0.7914853734527221,0.00039093640888835843,0.0012440496841084581
132,0.008962114124811193,0.26481491921288325,0.7202339818856934,0.0005179378720662056,0.005471046904545903
133,0.012657879375373068,0.5042655827257766,0.4810960631211259,0.00032482883935956806,0.0016556459383647952
134,0.01075681120748885,0.525122118936814,0.46223847752691244,0.0002870792686077032,0.0015955130601768791
135,0.0035466787741126175,0.3032902260428619,0.6921175237239944,0.00018445562833408217,0.0008611158306971749
136,0.004421135518406799,0.27372938865957436,0.7205106639158014,0.00039130679141068515,0.0009475051148067259
137,0.0017084899526718115,0.24492755788278608,0.7527059912629498,0.00021120809148162731,0.000446752810110767
138,0.002318272387412719,0.23448829114577477,0.7625658621152893,0.00014130489952576356,0.00048626945199732054
139,0.0021570236405096376,0.13347420653154798,0.8634708245713288,0.0002332459883653648,0.000664699268248091
140,0.0026302621355824636,0.10726946765677954,0.8894052203119545,8.82618490519699e-05,0.0006067880466315989
141,0.03737262820737791,0.29507110422737215,0.6568186045675177,0.00034488947823503976,0.010392773519497047
142,0.035112783080133575,0.7604994532926252,0.1930376866575286,0.0013722108338364682,0.009977866135876331
143,0.015708686384800913,0.2830745943853775,0.6967459215339928,0.0009911867252922102,0.003479610970536461
144,0.009607841863518785,0.18695383966292461,0.8011798131392525,0.0002713851448258973,0.001987120189478164
145,0.005996658734005986,0.23321072636716092,0.7600224349851844,0.00031692777273135774,0.0004532521409172464
146,0.005558891308566013,0.21874132023454787,0.7745312821891109,0.0006102220379791802,0.0005582842297959959
147,0.005956398743880959,0.25993792113816466,0.7324583012355239,0.0009943857816175497,0.0006529931008130603
148,0.005464055306680147,0.5938018579670826,0.3974185181501076,0.0014142666758255452,0.001901301900304073
149,0.013486069759162472,0.9352833534211498,0.047816952808343034,0.0006335093337036755,0.0027801146776411582
150,0.02621022869442363,0.9494853629184868,0.019840902592176083,0.0005788209769660213,0.0038846848179473455
151,0.026686606585181374,0.8752876204626141,0.09287742339283624,0.0006573031337950257,0.004491046425573211
152,0.1065354093808044,0.79905578579904,0.04781656851672115,0.0013959349290383935,0.045196301374395995
153,0.04039796914240514,0.8671092254795266,0.08540075966594723,0.0012746947609783839,0.005817350951142555
154,0.054967058777301674,0.8793277255551061,0.05208693557433634,0.003818308499445874,0.009799971593810203
155,0.0456139263174679,0.8987201351119356,0.03190348267015249,0.006429064918586178,0.01733339098185782
156,0.06501177534285398,0.8874533866995971,0.03494369543296004,0.004142041431560338,0.00844910109302868
157,0.1770909055379053,0.7820856320911741,0.011964410494241863,0.005708074884701614,0.023150976991977202
158,0.06696832823138721,0.8457156852598675,0.07708536950331736,0.0033103047867479025,0.006920312218680009
159,0.037446362422960316,0.8471925973365041,0.10126825227325056,0.0033248012405615156,0.010767986726723543
160,0.09772429895607573,0.8354576983801282,0.021081020807058818,0.004565259713362566,0.04117172214337455
161,0.0669146794648484,0.848491659150191,0.0613060022364361,0.008240195343523857,0.015047463805000676
162,0.08201146721273142,0.8233775362229765,0.023603307989159123,0.009135790937598351,0.06187189763753465
163,0.03513336468292038,0.8798382361411192,0.07156714233477855,0.0029328469500373424,0.010528409891144185
164,0.03639659088988266,0.9003546257032526,0.04042986047401351,0.0024463473627066128,0.020372575570144436
165,0.14766800594328183,0.7196543107393945,0.004882975763453338,0.004962434175869017,0.12283227337800137
166,0.11055496816182468,0.7949989633779629,0.016031849598901794,0.002394213418486029,0.07602000544282451
167,0.06939685761398173,0.8190892023854086,0.10334586099635999,0.0007023111139137793,0.007465767890335893
168,0.12577124552500726,0.7881647204003079,0.06879647421748608,0.0009417429248655972,0.016325816932333096
169,0.05591099102988683,0.8148156323771009,0.11455896944565704,0.0009850121682585962,0.013729394979096945
170,0.12867490444961016,0.7455123587508596,0.05030515130575828,0.002433772606734538,0.07307381288703726
171,0.0753556913192519,0.7227662370072772,0.16607118899322504,0.002852372105338755,0.032954510574907114
172,0.031972923750781146,0.89138880207229,0.03174580753904445,0.0029050899272123443,0.04198737671067211
173,0.0621666957859885,0.8794880611397945,0.032148816285874716,0.004051156377056446,0.02214527041128545
174,0.006147626022055284,0.914011160734626,0.0753396554245316,0.0009004719269919915,0.0036010858917951954
175,0.05850561360141383,0.8155282519463761,0.0693763575822144,0.004050587152230318,0.05253918971776557
176,0.05601987883303,0.8511050177534522,0.07865781271303766,0.002467199322507242,0.011750091377972846
177,0.1815927677147187,0.6310136741424701,0.025751884657013446,0.006827944529700817,0.15481372895609688
178,0.061211430837437124,0.8914118406716636,0.02015779322785375,0.0040405591777118435,0.02317837608533372
179,0.06924243775794456,0.7793929978363382,0.015060035328883649,0.004132228051141367,0.13217230102569236
180,0.17528047561527094,0.6909504600512137,0.013886624900768372,0.01338180529227732,0.10650063414046951
181,0.1472357749397712,0.2186034192413065,0.007308448896936707,0.011686933162605256,0.6151654237593802
182,0.108435374085657,0.2526761726874893,0.005340111128495018,0.023192713066669295,0.6103556290316894
183,0.27009453671413236,0.2130628674878899,0.0036295484028839816,0.11337971546632582,0.399833331928768
184,0.18228891474570805,0.3190414925345255,0.0014690922815429265,0.29681516250849244,0.2003853379297311
185,0.22904304513316026,0.3509834133460058,0.00040644086283313333,0.35449759349751714,0.0650695071604838
186,0.2058030568665526,0.22123652033314523,0.001343856983848426,0.1373515530827286,0.4342650127337252
187,0.3010689691602407,0.19842006212050037,0.0017766296353227125,0.19196532449568843,0.30676901458824785
188,0.09515583120949349,0.19222934049618456,0.0016013074597135593,0.40840426484872966,0.30260925598587873
189,0.08238973320649556,0.07400795926284448,0.0003947745892884859,0.5223315565246964,0.32087597641667504
190,0.12176155720004113,0.11625488321121569,0.0012439492663198835,0.6232991678128966,0.13744044250952664
191,0.09053973108197516,0.1548783931502839,0.001955823285289158,0.22691282168270654,0.5257132307997452
192,0.18527916461878233,0.20803698276955512,0.001683651026846547,0.2658251290525078,0.3391750725323082
193,0.17290021292391147,0.22858687344396106,0.0011061295585990912,0.3369097812910417,0.26049700278248666
194,0.13267286139844733,0.13222314808829785,0.0016521165722676418,0.07820107819743698,0.6552507957435502
195,0.2861910861211383,0.20402430434169752,0.0005177553848463969,0.37097589570562345,0.1382909584466944
196,0.3992003938288386,0.13024110245969836,0.006375470459635548,0.18024619042021045,0.28393684283161696
197,0.261573746582809,0.123771362042168,0.0002903848863947337,0.5975747329429577,0.01678977354567063
198,0.18150221218559376,0.0532724765743609,2.7338884955299563e-05,0.7500694514668931,0.015128520888196927
199,0.23252124716509656,0.34184175992130283,0.0024496938468957807,0.3123158041336458,0.11087149493305905
200,0.27425952386849256,0.17314549776483348,0.0011999742147267645,0.22033001623523163,0.33106498791671557
201,0.2556746538883376,0.11931034274003324,0.0011985068283931336,0.3851878785967402,0.23862861794649584
202,0.08876191629400593,0.2018359541082143,0.001366895898720763,0.6787414959924,0.029293737706659054
203,0.22674270210562483,0.3422170916545079,0.009146408986804572,0.2368539887263358,0.18503980852672688
204,0.16991199873680307,0.0935989862158072,0.0009680226508754352,0.7185724290785805,0.016948563317933683
205,0.060294992083089714,0.05123825609509579,0.0003871316462095655,0.8699335512377578,0.01814606893784709
206,0.1126101427449795,0.11204990128902628,0.0012942536315720947,0.7014141036135204,0.07263159872090166
207,0.0622043770876559,0.05240924113822106,0.0003790806996379469,0.8561186302138362,0.02888867086064901
208,0.07894470768889414,0.04996399970457885,0.0004886359591950296,0.8078614412720857,0.0627412153752462
209,0.1350253990949115,0.11820010180623923,0.0026172515024264916,0.4661353059374152,0.2780219416590076
210,0.1093003559487134,0.08962179358506872,0.0034002828489291936,0.5166769231500684,0.28100064446722034
211,0.1574710664076893,0.05351424158927063,0.002614902173909274,0.5247341684057509,0.26166562142337985
212,0.11242026141660046,0.09931907527490029,0.0009709662686225848,0.6075207366758967,0.17976896036398
213,0.14151605728220257,0.06673640877800677,0.000642067160627578,0.5465029081541017,0.24460255862506142
214,0.028878260510514734,0.025807681155451446,0.00023145809565704975,0.8278982398895978,0.11718436034877909
215,0.13975091118946345,0.05513365141789252,0.0010306572444856543,0.5899812136240378,0.2141035665241207
216,0.05645717313011779,0.023550531305235677,0.0018338261922148148,0.7409089519662319,0.17724951740619985
217,0.07000156884899122,0.046049715360321916,0.004232893678560672,0.6329831565994125,0.2467326655127136
218,0.051212247550737805,0.0394588471493814,0.0006131575286535822,0.8167669818025592,0.09194876596866783
219,0.06331296330239304,0.03437064952292958,0.00042370774903505127,0.7538703332408092,0.14802234618483315
220,0.09302688770151987,0.1496418976686382,0.005950142300731567,0.6224117149873367,0.12896935734177367
221,0.0822475138925113,0.046038158399498985,0.0033011537171551957,0.29304668481579843,0.5753664891750361
222,0.05556446678705643,0.050577624376816406,0.004150000877737599,0.7644356147656445,0.12527229319274508
223,0.06358271385338636,0.06355413650000852,0.004228808592037953,0.26492071230260994,0.6037136287519572
224,0.0604709252067677,0.013907318952642111,0.00042119628957160957,0.6559914144818371,0.2692091450691816
225,0.002406112104817889,0.0011949532752706083,0.0005365383452396383,0.0048577997062707705,0.9910045965684011
226,0.019680021171243477,0.004055049917901765,3.3114557673813834e-05,0.008155461382424418,0.9680763529707566
227,0.15634741547766395,0.07231561682333694,7.556151388129879e-05,0.07739423704163022,0.6938671691434876
228,0.27889510115757876,0.029442863854252,9.140692229501031e-05,0.09066984184479432,0.6009007862210798
229,0.449777893859668,0.09362538531541932,8.356281816230646e-05,0.1413163330711545,0.31519682493559575
230,0.17676924554188034,0.04544521951554521,6.1007332184103826e-05,0.0352113696249786,0.7425131579854117
231,0.2045470172669188,0.15809420371437527,8.694303366036884e-05,0.04653155827217155,0.5907402777128741
232,0.0028215608099751606,0.005684021385856398,0.00035301652095490996,0.007177587711878997,0.9839638135713344
233,0.15095450975345112,0.06518224225068756,0.00038399112759996876,0.021538675572941767,0.7619405812953195
234,0.2007014117682152,0.23459037649028683,0.00041354384650757107,0.06386637988763484,0.5004282880073555
235,0.17338263932994757,0.3713625517342466,0.0007614157402351532,0.030023277309651573,0.4244701158859191
236,0.20460438784763657,0.611917868152366,0.0013969348404166777,0.10625188966249223,0.07582891949708843
237,0.04748839783670728,0.8793405329099186,0.0014943792512952302,0.028789722716499332,0.04288696728557957
238,0.01655747829796424,0.9189074625257198,0.003460809788839643,0.03780916200020809,0.023265087387268315
239,0.020092417914131196,0.9250611897533474,0.00033320108193258445,0.04622787302201789,0.008285318228570931
240,0.04706863685071288,0.8352943124781981,0.0004020149994472413,0.08677940389511345,0.03045563177652824
241,0.01715597248316204,0.947586451098112,0.0009174781320915018,0.024871324811122957,0.009468773475511673
242,0.06256244018092473,0.8131017527072508,0.0005806713288152044,0.09523015025279975,0.0285249855302095
243,0.0961218785940459,0.6891572188113912,0.0005893368506099488,0.12162643807102612,0.09250512767292678
244,0.05019567019556149,0.8964215110666183,0.0006007880933769211,0.03148030931152369,0.021301721332919517
245,0.011465813359228026,0.9733860053486593,0.0022799433986869797,0.004923216162164551,0.007945021731261366
246,0.025088976968404546,0.9426096713805889,0.0036187244648654858,0.015067144445655737,0.013615482740485595
247,0.08449854669441853,0.7731816966806878,0.0028285478944656216,0.05789850555011271,0.08159270318031522
248,0.08000545474868882,0.6898807924777942,0.008631311002664156,0.030984344865952782,0.1904980969049
249,0.14533855144147406,0.05654608842419597,0.00024844361860692685,0.04157657448789884,0.7562903420278241
250,0.22575976494932168,0.49217312428642446,0.00036088555481363283,0.0445459750798933,0.23716025012954692
251,0.07736022057860706,0.8517529054770054,0.0004862626160347955,0.012567700114404771,0.057832911213947916
252,0.154286069020503,0.7548746041295248,0.0025950445214726102,0.020050471770472873,0.0681938105580267
253,0.05118216609521505,0.9001774674180174,0.0020934167300424803,0.01472857644900013,0.03181837330772479
254,0.03248104829900669,0.9277377005902481,0.0018829793657894683,0.028497718881270936,0.00940055286368483
255,0.007919211326280153,0.9485457701645914,0.02497202420353528,0.014640977997351904,0.00392201630824137
256,0.0160757173115992,0.9435481555448031,0.0017512158727238647,0.02848397353804241,0.010140937732831545
257,0.013929998544486708,0.9272809212297402,0.04154070544048689,0.01350831868221235,0.0037400561030740847
258,0.015416107128235415,0.9511271395099027,0.01929052373531412,0.004658068270885659,0.00950816135566204
259,0.010593786308722774,0.9450141229802129,0.04171217720000702,0.000517133759927059,0.002162779751130327
260,0.007349434985665534,0.9558736304015213,0.03526624311787616,0.0005142075309946446,0.0009964839639425244
261,0.010512643993740379,0.9558557770701958,0.029703832536438376,0.0004372876595048075,0.003490458740120497
262,0.005222907552991724,0.9207705011825257,0.07230301673823684,0.0003171553964544707,0.0013864191297914953
263,0.007421821857684549,0.9789691167937669,0.012246054527426912,0.000316492849339735,0.0010465139717819277
264,0.007158561976599982,0.8245169398783451,0.1657716378834224,0.00019506806717384205,0.0023577921944588575
265,0.012837612791434118,0.8236160225120451,0.16175262511768856,0.00035448426152416947,0.001439255317307989
266,0.008661498402562444,0.8197249879483485,0.17005180392548006,0.0003526240629339747,0.0012090856606749591
267,0.002945316929333129,0.7419360666529438,0.25203116718891855,0.00021576818044857703,0.0028716810483559846
268,0.0017921748498800436,0.41012610538500044,0.5869547385325331,0.00020489825498587978,0.0009220829776006521
269,0.004719111884059154,0.5761296706098096,0.4162291915584985,0.0003901379356829709,0.002531888011949692
270,0.005737431829211112,0.7544530484213422,0.2371518806250746,0.000461051486135448,0.002196587638236603
271,0.006338848357470352,0.5742119490563586,0.41784551018731975,0.0003780498697658823,0.0012256425290854095
272,0.0008339863928760239,0.08514852935971086,0.9131812287721874,0.00016787136375526857,0.0006683841114705092
273,0.004208637429312047,0.423328795141735,0.5704144687905958,0.0006555120800025357,0.0013925865583549286
274,0.003585373148452598,0.22634726900312338,0.7676383249302923,0.0006859810695859114,0.0017430518485458926
275,0.007087466952938859,0.3141823509180925,0.6763187599256978,0.0007102040908076189,0.001701218112463277
276,0.0028292457262203935,0.10856590933713715,0.8863534727325518,0.0003854633507163548,0.0018659088533743132
277,0.007590645426550163,0.3377106723217141,0.6517268911951313,0.0008581869205456588,0.00211360413605889
278,0.002246172795097771,0.22044760954904283,0.7754332124043877,0.0005005491730368125,0.00137245607843487
279,0.0063029541938924285,0.2558026705601594,0.7341189772115054,0.000961775497770455,0.0028136225366723494
280,0.0024039877678367,0.20631222066190474,0.787526471129538,0.0005803664469994887,0.0031769539937210366
281,0.0011231685453778563,0.18084387190869716,0.8131328462436488,0.0007349698870692836,0.004165143415207101
282,0.08893591176495351,0.5644629224287345,0.23983389613616435,0.0037307953729384348,0.10303647429720922
283,0.5950972211934984,0.24981922221619535,0.10931784002812336,0.0023254699593723105,0.043440246602810574
284,0.06577790400164084,0.5145250591950014,0.3729500684806601,0.004283445962743182,0.04246352235995438
285,0.030509732094414665,0.4526799719413678,0.4422046928340074,0.001813677580397434,0.07279192554981279
286,0.007242434218377451,0.6412413147772099,0.349218723815035,0.0005509523243049098,0.0017465748650729177
287,0.0016753429049723766,0.3213061030225493,0.6757561874765516,0.00021137258768284323,0.0010509940082438682
288,0.0037693860275453683,0.3684065680902887,0.6262029841822743,0.0004875653085874519,0.0011334963913042096
289,0.004020926929937127,0.12679670289798076,0.8659109758486981,0.0003720386826960542,0.0028993556406880176
290,0.0016324101803428224,0.13735185716345988,0.8584127600276418,0.0004549764092431336,0.0021479962193123865
291,0.001049470339198666,0.17650452782328083,0.821029895073232,0.00046814796860275267,0.0009479587956857083
292,0.0015285776877018247,0.08939305861265665,0.9072597798544987,0.0004423886949246919,0.0013761951502179039
293,0.0011958046885591988,0.11902650791043548,0.8785503781280294,0.00034443069756701653,0.0008828785754087711
294,0.0018864644097295244,0.20207833256187907,0.7947060753783575,0.00040944960352839993,0.0009196780465055579
295,0.00114962374319388,0.10018037753926486,0.897777202771825,0.00032349059314584517,0.0005693053525703392
296,0.002450994939207065,0.16004811897160395,0.8359974054859555,0.0005590155342869459,0.000944465068946589
297,0.0005189502898042509,0.07593738152881205,0.9230144065874271,0.0001757105064175327,0.0003535510875391481
298,0.0017613373387174698,0.15676832637840377,0.839834229853197,0.00041425944045109876,0.0012218469892307025
299,0.0022087402370699546,0.17240602392446422,0.8237705291621861,0.0003904138000912981,0.0012242928761884958
300,0.0016840496917623754,0.07542465561312739,0.9211187310921836,0.0006075975872627111,0.0011649660156641106
301,0.002091042192514829,0.15256640632938495,0.841776269910758,0.0007618904740834692,0.0028043910932587404
302,0.009180824170635402,0.1777381750975958,0.8051999489713131,0.0021932091397458523,0.005687842620709867
303,0.0024883683076985016,0.11032281391359718,0.8832462385928823,0.0008597614059050225,0.0030828177799169664
304,0.23562566422911416,0.3920883238546333,0.07503006251034511,0.01598926996479309,0.2812666794411144
305,0.048070164429204754,0.6980076777109824,0.22161552173070037,0.00417555050280253,0.0281310856263103
306,0.30174955961531563,0.4974497917238073,0.15626405970645713,0.008646424291941098,0.03589016466247874
307,0.1600288411954954,0.550972504550515,0.1625552556186252,0.020582937216740146,0.10586046141862403
308,0.049360302175200724,0.8791465712782216,0.038159928735034626,0.010447298977803844,0.02288589883373922
309,0.07433750978764721,0.8363879384333077,0.04804637293959407,0.014059181789220755,0.02716899705023009
310,0.07172904381623406,0.8601340646589561,0.05812597388668327,0.0031582871125762427,0.00685263052555025
311,0.07179091468619848,0.8022479367730033,0.10791215481896334,0.0033964734222953793,0.014652520299539534
312,0.07073169471414575,0.8799055855410628,0.01745022453588429,0.008637906271156688,0.023274588937750498
313,0.0325424868336822,0.8935988317589146,0.06786766702117292,0.0011780288271478444,0.004812985559082455
314,0.25262787909038215,0.6636967761685948,0.024259128477684338,0.009626381715354543,0.04978983454798402
315,0.06763250004406027,0.850749144061088,0.05515114878446367,0.0030422791592114268,0.023424927951176733
316,0.05123568008071742,0.8560642630469726,0.05051561275662884,0.0026302907828691375,0.03955415333281214
317,0.07079316969154392,0.7925730858821284,0.11987126963050918,0.003930086076338783,0.012832388719479768
318,0.023842425550886052,0.7776098209822517,0.19563610533734377,0.0012914835667593228,0.0016201645627591484
319,0.009936960538864177,0.7854301711413874,0.19939940289258345,0.0010263632496161571,0.004207102177548866
320,0.02467926460861969,0.717362336287432,0.2549672380479125,0.0007346600587296493,0.00225650099730638
321,0.028708834419537362,0.7689739858767983,0.19769535075124836,0.00038123317402052534,0.004240595778395372
322,0.006711729830234772,0.44818483618547145,0.5421772082814398,0.0006074822509155709,0.0023187434519384223
323,0.008158897175740967,0.34702806725507085,0.6426162573460694,0.00034389630752230856,0.0018528819155966259
324,0.003062548944335782,0.12249484776283906,0.8722787688080865,0.0005290480898421132,0.0016347863948966749
325,0.006523340070072954,0.19094793737899615,0.7962149425911145,0.0009457304758776377,0.00536804948393866
326,0.003888924841827215,0.18798482623360374,0.806424878474282,0.0004650772626146668,0.001236293187672235
327,0.0036907457888580852,0.2922405248626388,0.7021347368059908,0.0005228168522210401,0.0014111756902912562
328,0.008163757948240926,0.4865587059463129,0.5000965341359155,0.0008720390831024738,0.0043089628864282446
329,0.0019201068537101247,0.14288776865004615,0.8526555424151749,0.0004752159562475529,0.002061366124821174
330,0.002161523245122273,0.22538119720097124,0.7703185090508369,0.00036727374724413597,0.001771496755825563
331,0.007077064253004693,0.3882331280520757,0.6017062730205558,0.0007322515059337662,0.0022512831684299854
332,0.009655234119253009,0.35183217888186763,0.6354081523175648,0.0014557529955647691,0.001648681685749905
333,0.0015657553385463924,0.157523461325368,0.8381230165716925,0.0007729643396840548,0.002014802424709201
334,0.003063703169692329,0.14389588442884896,0.8496950134895632,0.001098764399816672,0.0022466345120789213
335,0.007342539513247815,0.21651272401722887,0.7714556087778588,0.0011204609118251787,0.003568666779839344
336,0.004380016287513446,0.15847490256959224,0.8337686924239397,0.0007748876246146779,0.0026015010943398133
337,0.00843297862818992,0.1932496682297578,0.79303632663736,0.0016712761699838503,0.0036097503347083375
338,0.004023935043807451,0.20300911310285502,0.7875522326457959,0.00240902810408534,0.003005691103456252
339,0.0012652457185344705,0.04151926531614083,0.9548100056445241,0.0009962112904878416,0.0014092720303127868
340,0.023258371068057695,0.3075404589859615,0.6469277211045235,0.0026915039681578924,0.019581944873299558
341,0.009119942200945369,0.3744068566677828,0.6118122925641007,0.0016464450522711068,0.0030144635148999263
342,0.07235306078933326,0.44164974050826455,0.4572614690539312,0.005300827254987909,0.023434902393483
343,0.03138479726848226,0.42003116042307675,0.536363520515792,0.0020321878893248945,0.01018833390332415
344,0.04671325483190067,0.4592981677899832,0.4625912067772346,0.0028988866900819606,0.028498483910799628
345,0.0045046961727760815,0.41996024881028726,0.5728640951983026,0.0007517365760801339,0.001919223242553954
346,0.012913707772599061,0.3445786869221625,0.6389619073316133,0.0009080493392415491,0.0026376486343835984
347,0.06361107916966216,0.5013965884878022,0.4156772631359507,0.0030400049224966995,0.016275064284088203
348,0.005798816720412985,0.2586820284278644,0.7330125765129025,0.0006015470142843508,0.0019050313245356084
349,0.019681429246711964,0.35938454516498586,0.6151521435059598,0.0016022516139431837,0.004179630468399142
350,0.007272243483321711,0.37465384783427863,0.6154850319185676,0.0008537982805712587,0.0017350784832608755
351,0.002925693396066516,0.20308479804317808,0.7916885878165766,0.0009207935149695537,0.0013801272292094384
352,0.007012983438141063,0.1484545439097008,0.8423420418783018,0.0008314057642456951,0.0013590250096105474
353,0.012645803333642042,0.36193541527441986,0.6214136553109275,0.0013971607533301684,0.002607965327680399
354,0.018763728564989344,0.32146638487907775,0.6459065008594668,0.0035451278489988356,0.010318257847467363
355,0.030063298637600586,0.7076349047106969,0.2531969897672417,0.002991256674373779,0.006113550210086847
356,0.020142883685961586,0.6468354316540846,0.29716940536758424,0.011429515831194888,0.024422763461174446
357,0.024949289445650478,0.9031954095329576,0.05116388775982379,0.011386354996896319,0.009305058264671828
358,0.08075436776849838,0.802078470523627,0.0890641011048984,0.018924725548536914,0.009178335054439307
359,0.18432297899116915,0.7536859124691284,0.012295499897410106,0.040699301119045954,0.008996307523246422
360,0.17457057514060667,0.6351667265023521,0.022561551719754377,0.09923523526789088,0.06846591136939602
361,0.12236004519747805,0.19438108041516763,0.0069259063961248065,0.6317773301581945,0.04455563783303487
362,0.1370131265865269,0.2574829762977618,0.008018782424252949,0.57567364188693,0.021811472804528338
363,0.18258292670309112,0.3007012860300385,0.0018226698949833115,0.4310006839450838,0.08389243342680335
364,0.15028493736244447,0.21606898183100573,0.0014020685096230196,0.5493191286521091,0.08292488364481765
365,0.19381976221157615,0.20553108880632603,0.001367591015887028,0.5535472511337565,0.045734306832454316
366,0.40479656862695174,0.13010998461429324,0.0003128643223616118,0.4347022544651282,0.030078327971265476
367,0.5784783113679596,0.16710800694735378,0.00029816865857572073,0.0550550360345535,0.19906047699155746
368,0.39587975354627386,0.2306662861125066,0.001027019020545285,0.12134691036640045,0.2510800309542738
369,0.45908699827663574,0.2737310521579425,0.0008824707623786757,0.13021276974667806,0.1360867090563651
370,0.24232055146227188,0.25737423981248686,0.002010933189751903,0.09726086618846358,0.40103340934702586
371,0.21759019403972824,0.15643704641777115,0.002284964441456576,0.18764564632845607,0.43604214877258785
372,0.3568570118131252,0.1271262448846989,0.0038608814807118506,0.23526265089217038,0.27689321092929364
373,0.16240810183507673,0.21870019620149506,0.006494661072857809,0.2934585999568775,0.31893844093369283
374,0.1982318014493463,0.35434090854460837,0.0016416594556976107,0.37924450656068937,0.06654112398965822
375,0.39967150198010526,0.13342923645175775,0.014893713226551156,0.24530951891836258,0.20669602942322315
