epoch,N1,N2,N3,R,W
0,0.00012910660221075685,2.723511097899927e-05,5.743508734315017e-05,5.943659754989087e-06,0.9997802795397122
1,4.1923492214539857e-05,3.0843495939635756e-05,5.327806427897572e-05,7.638197722922935e-07,0.9998731911277947
2,0.00011897292324352042,7.520983029699254e-05,7.42428018688923e-05,3.7281586179802783e-06,0.9997278462859726
3,0.00012567394026963754,8.25253290119767e-05,7.646191043533565e-05,4.260890064486901e-06,0.9997110779302186
4,0.00042337177268011295,0.0001859272746759403,0.000307088114556609,1.088125786613717e-05,0.9990727315802211
5,0.0004592912705670488,5.395613780319826e-05,0.0001019184443871448,7.301224256909424e-06,0.9993775329229857
6,0.0014732686715493676,0.000415407009017661,0.00012342639798557824,3.618907536607401e-05,0.9979517088460814
7,0.006682527415805483,0.0016247922581276505,0.00018977276279123374,0.00020609523133535275,0.9912968123319403
8,0.00974687334111732,0.0024546958518931504,0.0002945411253993208,0.0002717187967926593,0.9872321708847974
9,0.001729701765504479,0.0016016844593121089,0.00012072889503575787,0.00014943626856414737,0.9963984486115834
10,0.0033211947308044785,0.001773698581425806,0.00017962436211375866,0.00018766410378364,0.9945378182218723
11,0.008402610247946977,0.0020917856369533964,0.00015059368729247114,0.00013625164594160714,0.9892187587818656
12,0.005083379390894074,0.0026888449438722617,0.0004646196095918599,0.0001991003720804507,0.9915640556835612
13,0.005696741318578013,0.0014859528401272514,0.0003852283925938076,0.0002678430779072904,0.9921642343707936
14,0.019495416010827896,0.0022070815005298034,5.538657494789789e-05,0.0001853431751189869,0.9780567727385754
15,0.0014654401734634805,0.001747036509623981,0.0005228571238107965,0.00021929532232105512,0.9960453708707807
16,0.003821154947224734,0.0014743574560515478,0.0005153836586227781,0.0001169552147249071,0.994072148723376
17,0.0012507249580896757,0.0014420015578125648,0.0006822854086377337,3.6577139490004195e-05,0.9965884109359701
18,0.0005213963383619597,0.0008303921622481779,0.001223364367408165,4.898534034421655e-05,0.9973758617916374
19,0.058608393872624426,0.006759743471270157,0.00026691707453234723,0.0005199898532185632,0.9338449557283546
20,0.016965145083666932,0.007405530479673871,0.0005846843284686672,0.0009288496304743338,0.9741157904777161
21,0.03917976016726625,0.03036079860559401,0.0009789854669402477,0.0004684954330600251,0.9290119603271396
22,0.11816524123020362,0.24628118403443064,0.017372846742308403,0.00043472469211558435,0.6177460033009418
23,0.10734373571248741,0.28094870051265464,0.022431315405775552,0.0008822193955314747,0.5883940289735509
24,0.2757227542267468,0.4446306181856698,0.020829545769513253,0.0021484068110816895,0.2566686750069886
25,0.3300443567212814,0.5812015284764054,0.013934587932719306,0.0014100022544256431,0.07340952461516817
26,0.14411357121555235,0.6480451238766785,0.06405362032874555,0.003182448619194231,0.1406052359598294
27,0.09653240671061131,0.8352623182203179,0.028261988708566495,0.0017127073668604651,0.0382305789936439
28,0.10121361313463978,0.8337164199262247,0.022093327389639632,0.0029757429610754197,0.04000089658842049
29,0.06002164932217331,0.8867119060125771,0.027836361865725887,0.0012263910961405845,0.02420369170338306
30,0.11978639511351041,0.6695720232776842,0.0480627252440816,0.0020904882030881866,0.1604883681616356
31,0.05940851769952613,0.8984557633236104,0.025624436384099322,0.0012445196813691123,0.01526676291139516
32,0.05277553684739334,0.05652494946538955,0.016045096713277248,0.0001526110509073923,0.8745018059230325
33,0.3936099755909474,0.09862018014010528,0.009424177519594481,0.0006964613760902418,0.4976492053732626
34,0.3467360558152116,0.547899783765384,0.010937507892594256,0.0018109256660816721,0.0926157268607285
35,0.32797777231624364,0.6052536221519992,0.02548639551259316,0.00043792646170294855,0.0408442835574611
36,0.03750278937011127,0.9282772597622619,0.022565561942300902,0.0008746983380926958,0.010779690587233227
37,0.1335025571426094,0.3041072607549412,0.009758043877193891,0.00047383662879493766,0.5521583015964605
38,0.0986538491610182,0.4722429341752915,0.08843912555333569,0.0007141020763247417,0.3399499890340299
39,0.2222288746705039,0.6955840862447255,0.009160640329339192,0.0006658205854622682,0.07236057816996916
40,0.19666928303898762,0.7471737552541169,0.009785153968089644,0.0003841615683909278,0.0459876461704149
41,0.4602018030931189,0.4256044218368487,0.0014143984263781941,0.0006040911097151874,0.11217528553393895
42,0.027497690180843744,0.8450957978225329,0.122458865942988,0.00010768991569615626,0.004839956137939281
43,0.08908685706795881,0.808876055473719,0.05394529184751679,0.00012693295990460444,0.047964862650900816
44,0.04129154457859561,0.9288754993529266,0.02531860945826804,9.731412609889384e-05,0.004417032484110584
45,0.0586193041968809,0.890980564951883,0.03651022897160835,0.00025994758416241886,0.013629954295465247
46,0.010573679846705828,0.8976354639627829,0.08883938404211762,6.659083953447087e-05,0.002884881308859263
47,0.03260475462651033,0.8169504106977128,0.09467604188775347,0.00041544745427266554,0.055353345333750706
48,0.02607656743474152,0.7485301952910658,0.2094662579036334,0.00019560275220123835,0.015731376618358217
49,0.013524308875341985,0.5375877877668258,0.4050440679680317,0.0005625833578429526,0.04328125203195764
50,0.0347875827397767,0.6944106852887539,0.18251839777809437,0.0005112713341037692,0.08777206285927122
51,0.14950928947891637,0.5623108132245677,0.08039373515668408,0.001955818900766819,0.20583034323906496
52,0.07912024381493868,0.8570368786808522,0.04654322226762392,0.0013442410939560783,0.01595541414262904
53,0.04326015460337249,0.18544132990170467,0.046574975966947374,0.00026852686577773954,0.7244550126621976
54,0.11087457342640271,0.8287795602374035,0.03477253956397857,0.00037726824752252986,0.025196058524692914
55,0.20782973792823226,0.5962618912935219,0.026255601074609638,0.002085033665927219,0.167567736037709
56,0.09868846980604214,0.8403173249634803,0.04278305208203169,0.0030485204795965733,0.015162632668849247
57,0.022546242238733985,0.8306127521986159,0.1261404677069982,0.0009562746459712538,0.019744263209680778
58,0.01695299510085734,0.8037820501657231,0.15436506731654812,0.0010387228348839078,0.023861164581987535
59,0.028017052269417902,0.8104299630239975,0.10897891569873577,0.0013779758219218466,0.05119609318592711
60,0.057880065300185024,0.029017766841250944,0.008065456489254549,0.0004556422069557087,0.9045810691623538
61,0.6358661759868995,0.2688341955178104,0.002926983224084397,0.0019257165629983245,0.09044692870820721
62,0.675479397080802,0.291076081387383,0.002609555662467698,0.0007540381857814007,0.030080927683565788
63,0.2243183946126075,0.7596136175839349,0.0023449630348675423,0.00022310854747620897,0.013499916221114001
64,0.6702308866263544,0.28307073281593376,0.0004067085401881007,0.004004374426921335,0.04228729759060218
65,0.09552387069596287,0.8775652762879529,0.015098505598779545,0.0014046371942970193,0.010407710223007842
66,0.06993782083198687,0.8775404688709836,0.030587465713298432,0.0013474771862865514,0.020586767397444652
67,0.1414810493632731,0.8305392897473697,0.007122366388278809,0.002167923319468843,0.018689371181609616
68,0.08436831238845283,0.782944023890714,0.06572074673276444,0.0014628857514980315,0.06550403123657073
69,0.1308870113310105,0.7642719925500029,0.035459460067815196,0.0010865610102113214,0.06829497504096027
70,0.05533446258462741,0.7581191097366112,0.09815392423902325,0.0008413357539589206,0.08755116768577921
71,0.1236591457711408,0.7702943633306321,0.046784440971804855,0.0012992850750969584,0.05796276485132534
72,0.20208506476412202,0.7207895484413812,0.007817991433114261,0.0010664707929349702,0.0682409245684477
73,0.027203737373661375,0.9391081964814456,0.027744700842970586,0.00028789603908565815,0.005655469262836701
74,0.11615133251605547,0.5374514244844601,0.0280269394380344,0.00021300046112031576,0.31815730310032964
75,0.04622412174505068,0.851108767482321,0.08049363504154428,0.00017527124000130579,0.021998204491082595
76,0.0326596546447443,0.5265182888064639,0.40554126054691975,0.00013320950076891843,0.03514758650110321
77,0.05603306779569832,0.8913262715398566,0.04225573789725922,0.00028419132628361015,0.010100731440902438
78,0.03553012235331335,0.8634733284707902,0.05852548747150794,0.00027391688312718024,0.042197144821261245
79,0.05242067330798086,0.8299920017838535,0.10842812437455633,0.0004776433446042096,0.00868155718900518
80,0.011035274685626319,0.8057370806842469,0.17653146963919147,0.00041878367405211056,0.006277391316883021
81,0.11889991698627556,0.7901852980993816,0.04548557891280597,0.0020260740215094536,0.043403131980027466
82,0.03366202719169501,0.8156676648810733,0.11082731925904873,0.0006292217385784603,0.03921376692960433
83,0.07693370512002377,0.8962087427049915,0.016677161677516695,0.0010505138943933117,0.009129876603074887
84,0.028422426835543444,0.8374745032624679,0.12345981059173203,0.00019263517614961567,0.010450624134107174
85,0.11394365262588296,0.8500478769932488,0.016869617912504246,0.0011640215921855524,0.01797483087617848
86,0.033511078664996787,0.738051467708075,0.1527288773927294,0.0005035982490308225,0.07520497798516787
87,0.03089973267885384,0.7205862300658402,0.16352155500148288,0.0010862855617987902,0.08390619669202444
88,0.058961098646696734,0.2621394582938425,0.061745266821148864,0.0008393585879000157,0.616314817650412
89,0.025085899094019773,0.8165510997437379,0.14261067181478687,0.000514435341212457,0.015237894006243067
90,0.016938056281241048,0.854437657287076,0.11239065840467449,0.00046044445122896425,0.015773183575779438
91,0.04382370933848669,0.4888628556103689,0.32837925647494864,0.0006756489347923207,0.13825852964140345
92,0.03491631701966317,0.8793331513183105,0.04099501983454607,0.0023430312348623954,0.0424124805926179
93,0.20294361781506745,0.2095276396753094,0.012842963416958848,0.0015715012330926917,0.5731142778595717
94,0.050860214822558994,0.34308787365186416,0.1402136094502518,0.0006820277393061147,0.4651562743360189
95,0.33105422301816395,0.148001649712031,0.0016335724586396014,0.002746517151920605,0.5165640376592449
96,0.0924501208524945,0.8570677809982629,0.02580869151020181,0.0008996812312697098,0.023773725407771003
97,0.09613727283199087,0.2770021866074169,0.01451864603651483,0.0002741364600710616,0.6120677580640064
98,0.09496309868836152,0.7076885412297479,0.0499503084527758,0.00011377629196338476,0.14728427533715135
99,0.13671448019847207,0.6889293686314983,0.0337280366697092,0.0009471396708641256,0.13968097482945638
100,0.039448745366707304,0.7958550576752345,0.12123406841301244,0.0005622602824280123,0.042899868262617775
101,0.020192175364624164,0.07526012120179762,0.49642236591621464,0.0002787807205516328,0.4078465567968118
102,0.18428311178426748,0.18896135447286888,0.06548902600555992,0.0017406763096673187,0.5595258314276363
103,0.0634335565644119,0.752663917497982,0.11643939161454804,0.003236756453152968,0.06422637786990502
104,0.07047792380612436,0.4920699605923917,0.3077632333536373,0.0006350641611469055,0.1290538180866997
105,0.14099595441999743,0.7166658040987531,0.10899713609434686,0.001127198670547954,0.03221390671635455
106,0.1368669529851894,0.6955647781720717,0.06328498173361767,0.0007969464878919411,0.10348634062122916
107,0.011226172064431404,0.7832826383910498,0.19744827168079238,0.000212746922529442,0.007830170941197036
108,0.09093553277275376,0.43846758158659427,0.08174805365925622,0.0005675754112936904,0.38828125657010193
109,0.019075052124989052,0.890310117757818,0.08281167832495889,0.0007904435417952732,0.007012708250438604
110,0.09180976084274697,0.5277027715666156,0.06716795425339148,0.004035091055000112,0.30928442228224584
111,0.012095889750024942,0.7948748750873063,0.18675118403891472,0.001290525990136999,0.004987525133617028
112,0.041220529153956825,0.18622533842333738,0.06308540752179811,0.003861199745368692,0.705607525155539
113,0.022451445917764535,0.809443322248394,0.15030661071911555,0.0029416261049836964,0.01485699500974224
114,0.2808962949506587,0.19911729920303992,0.001768016415481834,0.012826797766761617,0.5053915916640579
115,0.583509072181086,0.3679129469260948,0.003444233772507864,0.006426163673585594,0.038707583446725716
116,0.1271423200974322,0.8423208510641561,0.013873747696670963,0.001356413551384379,0.01530666759035645
117,0.18763349376029284,0.7806286660558385,0.003288025710674467,0.005448062421538639,0.023001752051655732
118,0.03030862155491557,0.12331653716510095,0.017875072010887626,0.0010130396381080283,0.8274867296309877
119,0.5774630927145379,0.13879132674720107,0.0011271747552860317,0.012824230765582596,0.26979417501739245
120,0.1995055091946837,0.16497513904508262,0.0038651036114220974,0.0012373822845717297,0.6304168658642397
121,0.37934890846924785,0.04742529774888145,0.0001368895953133924,0.0005259124494607789,0.5725629917370966
122,0.8607659740901163,0.10886209581189119,0.0003333589238546546,0.0018932066032537334,0.028145364570884002
123,0.6421070854161219,0.2514172458605656,0.0005572988316326303,0.004875512504144515,0.10104285738753536
124,0.041644304563543136,0.04817416023611196,0.0016574652241240794,0.00027541182071214243,0.9082486581555087
125,0.008548894061076772,0.05393200625260249,0.8279695219460597,0.00102449472988227,0.10852508301037896
126,0.009081552698879477,0.020962786259597264,0.019231153999508456,0.001407329236551157,0.9493171778054638
127,0.1350256211386501,0.24055123069598452,0.09143735147144526,0.003226896642319249,0.5297589000516009
128,0.0038763348606005474,0.004727300007891216,0.0011112342674492917,0.0002896421924779059,0.989995488671581
129,0.5768604662398281,0.09599523430314232,0.004461162548009068,0.20384768245084767,0.11883545445817296
130,0.6418431977614835,0.05947108512254787,0.0006310980859599342,0.10971930334663635,0.18833531568337233
131,0.8905443224727967,0.08308379745719667,0.0003636249923458048,0.005384679545342067,0.020623575532318805
132,0.5692916649947728,0.1716548888750383,0.0006037096571636594,0.11319810752336701,0.1452516289496583
133,0.7080970140424909,0.12551271976673636,0.0009198353423441372,0.05673415764053291,0.10873627320789565
134,0.43095940109814224,0.2908397991124844,0.00014592123627971853,0.17501337229467304,0.10304150625842047
135,0.3951219480689354,0.19770163846612193,0.00011234858812383819,0.32485367475476457,0.08221039012205435
136,0.3067123864645261,0.28641044804620935,0.00043980500390863143,0.3180639337411256,0.08837342674423038
137,0.4810519987625236,0.09513123626291461,0.0002169050678300134,0.073033099689443,0.35056676021728883
138,0.311196304260952,0.46163656362946165,0.0035024091502137253,0.04118068597775254,0.18248403698162005
139,0.46269218922143124,0.3293116259536911,0.0009736960150551412,0.04057707438844152,0.16644541442138103
140,0.11100919706190747,0.8043316874923735,0.010817436642116334,0.01229220459452052,0.061549474209082224
141,0.37170444940558806,0.23038430703465732,0.00021337948383090303,0.056857269488363615,0.34084059458756005
142,0.10636471259503401,0.8689129155242614,0.0013263438757226157,0.00902135428490337,0.014374673720078725
143,0.21535152893048715,0.6508951342876399,0.002839088102589476,0.07034721639002363,0.06056703228925985
144,0.05329440091204083,0.05993522263339266,0.001387815267587028,0.01014464181242032,0.8752379193745592
145,0.14341761885166637,0.1011517821006347,0.0004894143609561307,0.02089213219424266,0.7340490524925001
146,0.5649058505683793,0.3315262844806203,0.0008866649283958613,0.05100877301840161,0.051672427004202943
147,0.0352906293205299,0.026667849825272004,0.004047764630362358,0.0011247329433815751,0.9328690232804543
148,0.6940905871689539,0.07469672604588086,0.00023693460771477274,0.043704245981679365,0.18727150619577115
149,0.4383142950425814,0.25932717025091634,0.0016760199597674096,0.21716576135010623,0.08351675339662881
150,0.4917132869928635,0.17322916129628643,0.001072272735517725,0.032849208883664126,0.30113607009166826
151,0.2692959796746346,0.3097655349943778,0.0004674110434699627,0.19469162700989323,0.22577944727762436
152,0.16096940204561605,0.4334935949756058,0.0020583445113180098,0.3474293047364911,0.056049353730969004
153,0.0828046029332126,0.28201879049378564,0.004721478623850307,0.07795623540618699,0.5524988925429645
154,0.18583745838252966,0.13913355999332147,0.0010155440025266507,0.3248568269165922,0.34915661070503
155,0.40221880248158387,0.2720026464883253,0.002141184919419427,0.20007422528049457,0.12356314083017679
156,0.6870271136121713,0.16395687926526356,0.0006290349452246411,0.07674131838657014,0.07164565379077056
157,0.2009835209643833,0.6488746806722211,0.05211875454233273,0.028474701160112095,0.06954834266095096
158,0.4326464457755867,0.20709374357430002,0.0009343044851852667,0.3057837997989646,0.05354170636596356
159,0.3305416699529331,0.29629680723881646,0.0011369742769812177,0.258239871822808,0.11378467670846137
160,0.26922105412474717,0.15975081809340186,0.0009449352578551577,0.34468061165310704,0.22540258087088877
161,0.4417582863768411,0.3896369364856628,0.0009473347599245341,0.13978905114330667,0.027868391234264968
162,0.1729552484955394,0.501420212055671,0.0010619102936362354,0.30913788754372334,0.015424741611430044
163,0.16759183957349708,0.47856570705059603,0.0033398886945349275,0.24089850379942612,0.10960406088194581
164,0.20156016576031888,0.36155551172367917,0.00160715086720311,0.3771908884740586,0.058086283174740336
165,0.11077873231650806,0.5625761706111141,0.003526715168252772,0.2451802643886165,0.07793811751550851
166,0.1649772772513286,0.028668318730201474,0.00012969228720223085,0.012189273951433656,0.794035437779834
167,0.8437507479098981,0.01318697744934244,2.8814471103764613e-05,0.010897503433203757,0.13213595673645195
168,0.578818849361572,0.39407693225416995,0.0008018081898866958,0.009596145335293814,0.016706264859077547
169,0.5648412685937458,0.061868531347725235,0.00011454799274673429,0.027902502975114953,0.34527314909066714
170,0.5329356242325216,0.1962026136649565,0.00035411772964851683,0.17469519617637,0.09581244819650336
171,0.04408303287892,0.7928062795941505,0.0016241737785411255,0.15020388054151967,0.011282633206868595
172,0.36516092879947387,0.03039529639194047,0.00010673228124693474,0.4591765080651234,0.14516053446221522
173,0.1576773759398874,0.23279790857427554,0.0010180181526398889,0.411556208734692,0.19695048859850522
174,0.1522181956145179,0.08343740466317602,0.0003638711133061438,0.2523426620277813,0.5116378665812187
175,0.6552710012745776,0.06000990890328861,0.00017868992905278823,0.18039702822221768,0.10414337167086342
176,0.4546241525565643,0.1353771500669814,0.00022707044967502457,0.31005355472425394,0.0997180722025253
177,0.3776560555208386,0.2582009221929104,0.0005951520432806353,0.22137246919091566,0.14217540105205476
178,0.20674605416339914,0.4541659509874849,0.0007437640993990488,0.2976404337937825,0.04070379695593451
179,0.2931215200674389,0.214451816697718,0.0010573668912124245,0.09201031840968793,0.39935897793394265
180,0.4040181960012907,0.04325175519320823,7.415666723880267e-05,0.052808412143044034,0.4998474799952183
181,0.6586711342634911,0.22481353000857277,0.0003934598844270524,0.07205411284917984,0.04406776299432923
182,0.46501515744650823,0.31937141003674785,0.0025785389116330486,0.026328728005683744,0.18670616559942707
183,0.4614862852270922,0.20626103967029724,0.0003206093978536643,0.2614561307250269,0.07047593497973
184,0.028313391025766424,0.7882660794825356,0.010413584461804688,0.0265389932326319,0.1464679517972614
185,0.39479983319230566,0.1291531397439085,0.00030539670221358257,0.35907950268813,0.11666212767344226
186,0.10696538969455566,0.10618084513208707,0.0014170757178100328,0.11908259890880592,0.6663540905467413
187,0.16533764652507216,0.07184450514000462,0.0005392019888226388,0.026587820334860287,0.7356908260112404
188,0.3088393621377775,0.05082983435388538,0.0001614351291190337,0.0361934478516748,0.6039759205275432
189,0.7114803440620231,0.0824464578049919,5.929872544174217e-05,0.04108419977911122,0.16492969962843207
190,0.7780576709071149,0.11946347062465702,0.00010581702548994648,0.04588295688225285,0.05649008456048535
191,0.7391556772729971,0.1229731893015196,0.00013653138542351993,0.0635327370117618,0.07420186502829812
192,0.2767991340730258,0.5098504374459851,0.0007388972308267507,0.18995254171407647,0.02265898953608579
193,0.3476548221593739,0.15051789591406095,0.0003436297546988117,0.4623659343984565,0.03911771777340988
194,0.4881762352707346,0.17145610566827207,0.00019901141290326247,0.28989472415001716,0.05027392349807289
195,0.06288649725204777,0.7950901725228348,0.002104989878628054,0.12191617770807484,0.018002162638414605
196,0.13358998944779035,0.19356163802551388,0.0006280367608655952,0.4125626224100568,0.25965771335577337
197,0.10574434348224916,0.2772164991878588,0.00047443515719956006,0.5494593765281203,0.06710534564457225
198,0.02659511723081067,0.09745205357096526,0.007145303772861947,0.009033938274268054,0.859773587151094
199,0.06017230586724348,0.011782085903640714,9.82116428134094e-05,0.11737568484237897,0.8105717117439234
200,0.19847446300323052,0.005453370874414429,0.00012264764271193964,0.0613188674056591,0.7346306510739841
201,0.3717669371400517,0.02459314448373744,9.225562765369581e-05,0.15060834445049462,0.4529393182980625
202,0.1561010132876064,0.014666100434413621,0.00010277369551719596,0.09380150550458438,0.7353286070778785
203,0.48223596634348964,0.01317953023308126,4.21909057455818e-05,0.15086097233258283,0.3536813401851007
204,0.36352114039556965,0.016430731193505785,0.00011542273282343882,0.09258216892615743,0.5273505367519438
205,0.5834878548134235,0.0233860690606727,0.0001302561546160017,0.052060821419223725,0.3409349985520642
206,0.5274745083992162,0.07269275935424668,0.0001905601500319348,0.059775757387518905,0.3398664147089863
207,0.8938384137468562,0.03183227755658283,2.620265156050617e-05,0.026666945514739714,0.047636160530260825
208,0.515914990886353,0.04135874798891094,0.0035350776834755355,0.005204296822902578,0.43398688661835805
209,0.6456812058451206,0.23869692192842282,0.0006099793837516333,0.01549876496140569,0.0995131278812992
210,0.38290516877591624,0.575179849011282,0.0010072952933465427,0.019728035673265087,0.02117965124619019
211,0.1969589498245242,0.7279549524124691,0.006928628139014151,0.05593062806050303,0.01222684156348948
212,0.06456894703345689,0.9126442274756091,0.011110623898207944,0.007243923807940626,0.004432277784785496
213,0.007431590124884627,0.9552532204505525,0.027795183287990587,0.0075908960090311445,0.0019291101275410183
214,0.028901261836427192,0.9190564482237618,0.012229850589585593,0.03655252929903257,0.0032599100511928633
215,0.09711746686393444,0.8073928472174629,0.002165578389732543,0.07896277186922357,0.014361335659646797
216,0.028178332386187957,0.9107447770764779,0.0055462167572524245,0.052818839490378806,0.0027118342897029294
217,0.0232843804633133,0.9102934569413411,0.0055421642612729916,0.057947946517976696,0.0029320518160961314
218,0.04702427153166906,0.7488642520947254,0.007552906286777148,0.18727858955093585,0.009279980535892567
219,0.027454961791582338,0.24886566544049332,0.0012363683013027326,0.7188858328458025,0.00355717162081909
220,0.019756503014222212,0.05700789970583591,0.00019347899006983996,0.9213216639861891,0.0017204543036829017
221,0.01918089861773928,0.02724310320463378,5.527235161605806e-05,0.9515542085177293,0.0019665173082817748
222,0.02728587880593497,0.015030735898329053,3.5773216101122e-05,0.9486915002230357,0.008956111856599053
223,0.05397442453379119,0.01161916179767931,4.092379246368014e-05,0.9246929858851825,0.009672503990883414
224,0.06178556054456508,0.03677924786292157,0.0001634144254506143,0.8874808869171503,0.013790890249912273
225,0.035515591151044905,0.03062422516133561,0.00015707510344014586,0.9119487092669425,0.021754399317236685
226,0.0515996584426166,0.015186206868120349,0.0001080735120224663,0.9129245554402569,0.020181505736983865
227,0.02249552028900975,0.01394379353000039,0.00022162508470655582,0.947513289993602,0.01582577110268155
228,0.063762376664773,0.02487857542911554,0.00015719355719192893,0.9030782400201662,0.00812361432875331
229,0.06657945440178721,0.02527961882572437,0.0004431546804101265,0.8995774772643337,0.008120294827744652
230,0.007820900956540628,0.0088966703329019,0.0002520107671286946,0.9804428856516644,0.002587532291764314
231,0.010468566185660255,0.004537375968654409,5.923611354005495e-05,0.9828686019303198,0.002066219801825446
232,0.019160070201117242,0.015378681606627509,0.0008752156345250427,0.9609999135323889,0.0035861190253414555
233,0.011365796137708394,0.007540207838661264,0.0002077086088820492,0.9778989655941546,0.002987321820593652
234,0.012027735746869793,0.012352321659128111,0.0002053287650167836,0.9710564032171474,0.004358210611838021
235,0.013699348856821648,0.01174786052712142,0.00025304834936262544,0.9690311666101585,0.005268575656535872
236,0.008939813925706239,0.008290360037172172,7.746801676495161e-05,0.980436084101173,0.0022562739191836437
237,0.012855986172584934,0.008044963756036054,8.348006769050483e-05,0.976655861014158,0.0023597089895304917
238,0.01836481007886825,0.015441478312434807,8.907251294420955e-05,0.9601473086837579,0.005957330411994924
239,0.017460707087013562,0.008860451317407248,2.5928049335720506e-05,0.9708831866952105,0.0027697268510331113
240,0.03586778555546966,0.040192492825746384,6.308171345626316e-05,0.9180169343592169,0.005859705546110701
241,0.09504088836784749,0.04298209331786892,0.00010534485473025154,0.8443792823186449,0.01749239114090856
242,0.1725794919113868,0.07527326078200572,0.0001676119435183852,0.7231024775025662,0.028877157860522883
243,0.3566181750224182,0.11938331167761222,0.00015665375487295728,0.4843994964946919,0.039442363050404806
244,0.5981161805580886,0.155624169651686,0.00021835897217503236,0.044972408861356374,0.20106888195669384
245,0.5965998298773714,0.18174873473601183,0.0003616357158397997,0.20268081051725464,0.018608989153522274
246,0.5879331741913841,0.15962642469814542,0.00022992980409458684,0.22708688419401601,0.025123587112359985
247,0.12980755330612728,0.7577575969581142,0.000997943388569468,0.10207244144798217,0.009364464899207017
248,0.07707972099880711,0.5746985869313255,0.0006997417116840245,0.3423137572672014,0.0052081930909819605
249,0.11114214306863064,0.3433956619924374,0.00048816457117105373,0.5327481872048142,0.012225843162946677
250,0.09471071408707375,0.18433800005305676,0.0003912416065737895,0.7085145844141558,0.012045459839139893
251,0.1168916527710902,0.0959446357357079,0.00029045766890215625,0.7644615166734116,0.02241173715088818
252,0.23700351780769788,0.18021014524402595,0.0004193705800811407,0.5021033052796652,0.08026366108852986
253,0.1441538384655374,0.06498848982543018,0.00030307973189530835,0.7840142660567198,0.006540325920417433
254,0.1358780300781981,0.07468335663590736,0.0005925997543873066,0.7839113645660771,0.0049346489654301835
255,0.029838245913146617,0.02728187806231103,0.0002557790200361774,0.9348521921658873,0.007771904838619002
256,0.010740856742867098,0.011983491958395773,0.00010048710490219564,0.9738802507632176,0.003294913430617506
257,0.014003167454463039,0.00928444764619403,5.867362033154896e-05,0.9722565951764446,0.00439711610256678
258,0.019987254869783824,0.01293867733205651,6.830810370488643e-05,0.9616305582788744,0.005375201415580436
259,0.021780444408284125,0.02838141960208948,0.00011341367887499376,0.9450953732143605,0.004629349096390901
260,0.060983445479121344,0.022716362765421994,9.506158537542334e-05,0.9039399135130125,0.012265216657068636
261,0.10253661182795741,0.12186790128329446,0.00023472469151526992,0.7628773653020946,0.012483396895138044
262,0.13789823856600492,0.10754788093187478,0.0002196820525486582,0.6966851714022984,0.05764902704727326
263,0.4052606541373842,0.18899247796163068,0.000180913714067443,0.3684177227023132,0.0371482314846044
264,0.5319767749092631,0.2261377730792806,0.00012594692637349732,0.2079119896327871,0.03384751545229572
265,0.6084134879713313,0.3056312916765815,0.000259213133436374,0.060629083908900365,0.025066923309750293
266,0.5784189749757805,0.27737143111166485,0.0003265089648510407,0.12306778679134278,0.020815298156360733
267,0.4135314307525363,0.5558652536181613,0.0005274760376908479,0.01831095833731995,0.01176488125429161
268,0.08954832930105339,0.9019044464043273,0.0015647303721024442,0.003827478179366127,0.0031550157431506176
269,0.05885440515181542,0.9338052008047453,0.0023742154430933344,0.0020480251961234094,0.002918153404222597
270,0.013070393380434399,0.9573376905175351,0.026316398349800412,0.0004977878927723251,0.002777729859457914
271,0.04112682244570058,0.9496458517745621,0.004637941171151688,0.0011936325281202598,0.0033957520804651794
272,0.012059895665994878,0.9790295769340027,0.006884790510377068,0.0006880256368460398,0.0013377112527791282
273,0.008643421285175527,0.9772709925298193,0.012169515206475504,0.0007408263162564078,0.0011752446622734143
274,0.021582552703215314,0.9625488150284155,0.01271689881259635,0.0008250742545640124,0.002326659201208716
275,0.03739939691509969,0.9340761152583903,0.019668161096374592,0.0011016450729856775,0.00775468165714955
276,0.0196506264383997,0.9693493855249969,0.008085121861504813,0.0007856674294102659,0.002129198745688277
277,0.008993514548179198,0.9762700667494804,0.013548224372639731,0.00022332408330534115,0.0009648702463952585
278,0.008925896217679079,0.922321469884152,0.06717474233137993,0.0002238038660154583,0.0013540877007735554
279,0.007905090327874148,0.9484340503450346,0.040798457699216334,0.0003314200920636525,0.0025309815358113023
280,0.004720102350436306,0.907823841523364,0.08546242904930933,0.0005251460442230387,0.0014684810326671504
281,0.01162625944227813,0.921507862357143,0.06276567214382364,0.00037437785549650736,0.003725828201258698
282,0.023265351054361144,0.9420030221284471,0.030938196540348652,0.000741401640042641,0.003052028636800435
283,0.038612214980325944,0.9449578044298296,0.012766644086232997,0.0003629171345133279,0.003300419369098078
284,0.01300723073100015,0.9586712762302347,0.026795627746844623,0.00032749340307040934,0.0011983718888499589
285,0.0025347147766052553,0.825860563477677,0.17055307004910344,0.00013131363086945252,0.0009203380657447608
286,0.008921106925956653,0.9391908629481103,0.05042795623059686,0.00028201996698758375,0.0011780539283484388
287,0.004720392185866458,0.8658036477936308,0.12798516590688894,0.0003346416687757275,0.001156152444838064
288,0.005228733297326312,0.9195060800175712,0.07396870615691598,0.00022481505964864633,0.0010716654685381025
289,0.0033196298591444185,0.7116656205694647,0.2818406362659285,0.00013634443077367513,0.003037768874688928
290,0.004379562275218477,0.7828616765953947,0.21131445766919038,0.00015005189558152382,0.0012942515646149192
291,0.00241951854854039,0.7375120765018023,0.25888205644646517,0.00010185231498032946,0.0010844961882117221
292,0.008548280649604879,0.6338877527971064,0.35507932707679213,0.0002482401866886441,0.00223639928980798
293,0.0034513426125997114,0.7077781974048468,0.286344584454744,0.0002279791685800116,0.0021978963592295033
294,0.00691242071576838,0.7496794213423482,0.24184312950995285,0.00018321563006097887,0.001381812801869613
295,0.002158214004978195,0.5440439891848128,0.4526552257258207,0.00011180725515274693,0.0010307638292355033
296,0.009939122497257572,0.4367682761741578,0.5472338927395648,0.00035476936006077883,0.005703939228959147
297,0.007151648506823506,0.7024029081902847,0.2881241898824045,0.00021980460929399857,0.0021014488111933244
298,0.0017863349888535532,0.37020869488363223,0.6267903249211425,6.508351967488304e-05,0.001149561686696841
299,0.002667329441464589,0.5499725469461956,0.4459987606921816,0.00011106760204611343,0.0012502953181120356
300,0.005306651762149617,0.45716769732496154,0.533845889144981,0.0002144340855643347,0.003465327682343498
301,0.002643654230216161,0.2811273055994209,0.713939907025857,0.00014549863369685772,0.0021436345108092098
302,0.0031217662995921386,0.6557718029017423,0.3391109382025314,0.0002819129855996003,0.0017135796105346931
303,0.0041752791974086064,0.5616182559404657,0.4322415840451436,0.0004035843479542438,0.0015612964690279905
304,0.0007628308091784756,0.18213551055012767,0.8159038742077482,0.00017140362373302404,0.0010263808092126495
305,0.0014213142753299489,0.25663380012918885,0.7402495505153185,0.00046310680883425854,0.001232228271328457
306,0.0054914841380924485,0.5416202432222902,0.44076301106653526,0.001292246966192581,0.010833014606889593
307,0.14233154887523378,0.4124183978440332,0.03099444504791963,0.0017735026332640696,0.41248210559954923
308,0.04077769207051399,0.7157400989851532,0.23747653278353748,0.0008446371465454214,0.005161039014249977
309,0.1276053548519841,0.7562791148372099,0.10748673196776806,0.0009483817906303497,0.007680416552407654
310,0.043578293979213,0.8811317005158215,0.07213286998747775,0.0003726761788610114,0.002784459338626762
311,0.005942492695442446,0.8696293487445285,0.12211862452522247,0.0004066710098496651,0.001902863024956906
312,0.002738829671940827,0.83295457084802,0.16248170502279177,0.000301673499491687,0.0015232209577555969
313,0.004082545105282531,0.7193371897127977,0.2733815800687756,0.0006845934303754468,0.0025140916827688527
314,0.0014652982742445646,0.5399900884913001,0.45644622875811525,0.0002413929456996861,0.0018569915306403287
315,0.003240333956126961,0.5385478243485534,0.4547923654110983,0.00046923405077060843,0.002950242233450739
316,0.00263721033014733,0.19486199857718423,0.8003625554013496,0.00018946478184520007,0.0019487709094736024
317,0.0033996608004537433,0.45435490446147025,0.5407482095353726,0.00018381236263342735,0.0013134128400700813
318,0.009490939893078278,0.6107939692273413,0.3768664009027081,0.00034648216810021437,0.0025022078087721484
319,0.005246304094659283,0.31243837149380826,0.6788907277436259,0.00021164168925221437,0.003212954978654184
320,0.004475334007099444,0.5092601376573387,0.4853319276590186,7.865119151004102e-05,0.0008539494850332621
321,0.003609371528313309,0.5494548051954686,0.4458848762550238,0.00011197471781613404,0.0009389723033780209
322,0.002045364244315373,0.16344199140212495,0.8332561554977996,6.934999647090522e-05,0.0011871388592890962
323,0.0015996285993759986,0.31720458434439225,0.6795474733180368,7.561233458998017e-05,0.0015727014036049224
324,0.0020512132334429803,0.5672966883038956,0.4296572520478981,8.26359615226724e-05,0.0009122104532405791
325,0.002616937276914226,0.28966678553556124,0.7068308773041118,8.694289772258965e-05,0.0007984569856901907
326,0.0028263546636026304,0.4225609191380343,0.5737185411652941,0.00011154340205053635,0.0007826416310184985
327,0.0006402143842589752,0.33099077673098437,0.6679516121370059,3.1858732486346153e-05,0.0003855380152643403
328,0.001020094072534691,0.37924353051505777,0.6190446269550592,5.217054961002743e-05,0.0006395779077382466
329,0.002097963391994277,0.28662081960859115,0.7101453513850058,6.414212662098109e-05,0.001071723487787768
330,0.0015590839976751029,0.16716266554989334,0.8305102352106876,4.873560547049255e-05,0.0007192796362734454
331,0.001700632082571202,0.30944424390962727,0.6880116604335863,8.129050387361662e-05,0.0007621730703415504
332,0.001764288924616417,0.26242036680246966,0.7349680937093543,8.604024122359242e-05,0.0007612103223359702
333,0.003790418887941366,0.3900671064416176,0.6051080170746742,0.00012113031048669327,0.0009133272852802553
334,0.002324588755782959,0.09529662231011655,0.901601753054391,6.208935274766704e-05,0.0007149465269617547
335,0.00267461819441634,0.1546601797895994,0.8416003753171191,0.00010571106275139953,0.0009591156361138818
336,0.003565308155210295,0.25633904101646,0.7389626937851802,0.00010681000590681965,0.001026147037242632
337,0.0028626263951728203,0.34453729440918435,0.6513758062914463,0.00015717165966970263,0.0010671012445268707
338,0.0020632094358240677,0.2257742341791481,0.7713233020489039,0.00011141169230858427,0.000727842643815295
339,0.0041554956916215946,0.35201868090615374,0.6422390328374734,0.00021529533727952124,0.0013714952274718785
340,0.002241335342234485,0.2646798098450381,0.73210130412386,0.00017996454231368873,0.0007975861465537256
341,0.002005054132211411,0.2665072672986205,0.7305758691950209,0.00010679283341374695,0.000805016540733461
342,0.003925414005566089,0.5344636496257381,0.4594083200956121,0.00031013889835628715,0.0018924773747275075
343,0.0024254811996528756,0.19157169552706388,0.8049999785416764,0.0001255119553092593,0.0008773327762975754
344,0.0041465401755917865,0.4564010110650241,0.5382558505578561,0.0001362162389144414,0.0010603819626135854
345,0.0015355998390066594,0.1291109833596595,0.8685520651240694,7.082839855279798e-05,0.0007305232787115984
346,0.0012313203604422697,0.3058463116553097,0.692298041723567,7.636078228421875e-05,0.0005479654783968001
347,0.004890605297009935,0.3100301686677508,0.6813614453554954,0.0005270261977534624,0.003190754481990428
348,0.0014968598660357495,0.19964988325429964,0.7980537327417817,6.178891921705275e-05,0.0007377352186659743
349,0.0035468794059606724,0.4620963759766247,0.5328050469324211,0.00019185130628501286,0.0013598463787084117
350,0.0036215641972631232,0.48675929814809205,0.508129219168072,0.00024296008956315953,0.0012469583970098168
351,0.008389572796060464,0.3928893614055547,0.594128383854198,0.0009173586254143724,0.0036753233187724653
352,0.006039301206746536,0.6094352838987708,0.380320849266348,0.0009224117442419748,0.003282153883892862
353,0.019764742063456544,0.5125821672924543,0.45320826917623025,0.0009520296740131061,0.013492791793845868
354,0.07488301597890137,0.19485321099787206,0.05517554101799338,0.0018086843543484285,0.6732795476508848
355,0.13700218328432942,0.7143902952217805,0.10613612363348912,0.0022491656809803975,0.04022223217942063
356,0.1389368896325584,0.6960498088590129,0.07603873350458804,0.00171376164137354,0.08726080636246726
357,0.11495555986320949,0.509807140860247,0.11582256808393558,0.0025703198513249534,0.25684441134128283
358,0.118514276555226,0.8422165078960223,0.02036160861420639,0.003935286474725731,0.014972320459819534
359,0.043464579932830816,0.847512254741758,0.09400854740338524,0.004429090688068655,0.010585527233957425
360,0.054153391035662767,0.9325238127614741,0.00883723156034385,0.0014185565777515155,0.003067008064767768
361,0.033092266318730974,0.7785856990338302,0.10246423594225229,0.0021624317094903365,0.08369536699569627
362,0.06009116152984585,0.9115489370297973,0.008699312013630747,0.01050823095739131,0.009152358469334746
363,0.0848654120612491,0.72380174723075,0.028731349288813084,0.021720947117041364,0.14088054430214653
364,0.17637815118488123,0.7821797715138085,0.0065750303528445695,0.018948534408715852,0.01591851253974987
365,0.12994911008307372,0.5999259995796093,0.026758260833730122,0.046615947017043954,0.196750682486543
366,0.03585995897997898,0.03876801593809631,0.001350360834692909,0.004906959224657517,0.9191147050225742
367,0.4749744901721795,0.1332336517252984,0.0009879346190766068,0.046512480840196574,0.34429144264324896
368,0.5812777606654584,0.2863547275454603,0.0017883912417321311,0.03213290136515887,0.09844621918219029
369,0.7657037114504209,0.17390102371525154,0.00048726520959522314,0.0223181790799875,0.03758982054474478
370,0.2395153764410153,0.542993513135458,0.007087261694555944,0.041986592042135465,0.16841725668683533
371,0.31550840203536984,0.6119379927306557,0.006130549665711803,0.05100451093553695,0.015418544632725559
372,0.07275059168350914,0.8671868817016621,0.025024207506451863,0.015039034749103324,0.01999928435927352
373,0.053257594380972814,0.22910259523095383,0.03706888166248025,0.019423887376078457,0.6611470413495147
374,0.45693709521285597,0.4470275676872068,0.006011585112697331,0.0787795604904886,0.011244191496751241
375,0.21438245203094836,0.716104540974379,0.005244416180973968,0.0471065891406482,0.017162001673050434
376,0.35215817160248053,0.54361005780113,0.005386048418139213,0.07025666828102617,0.02858905389722406
