epoch,N1,N2,N3,R,W
0,0.013682431198767823,0.06691891086527396,9.132581062525047e-06,0.0003052831912034825,0.9190842421636921
1,0.00203269273525587,0.00025845087510582165,1.9199589549590082e-05,6.307967004020474e-05,0.9976265771300485
2,0.005506467837155035,0.0005742119425268073,3.429779734211485e-06,0.00012133511949134193,0.9937945553210926
3,0.00844482383604482,0.0008197706386349454,1.2978621437803907e-05,0.00011616088173708723,0.9906062660221453
4,0.11345103919026972,0.005332599673739175,4.261425140326274e-06,0.0007369611610405699,0.8804751385498102
5,0.4167181605245547,0.004184356321590982,1.066774496659287e-05,0.0004321151416408979,0.5786547002672469
6,0.4563833279677862,0.027801695743590607,7.969815365111198e-05,0.0004244543460982441,0.5153108237888738
7,0.40903923585686425,0.030888938967551852,0.000929441416413151,0.0005329107363192888,0.5586094730228515
8,0.1666007264029768,0.10738688860524143,0.008407033554633172,0.003956077556207665,0.7136492738809409
9,0.35398769240779665,0.15630195701940042,0.0016619405416892475,0.05202849812846485,0.4360199119026488
10,0.31279648678367084,0.23311142010844116,0.013997952486688055,0.038592732850396876,0.40150140777080306
11,0.46994079526583,0.25357500645581493,0.020728889469486204,0.013681561217835217,0.24207374759103367
12,0.41323472579544324,0.41417745668804057,0.019714808168477208,0.004197263915378023,0.14867574543266085
13,0.32827519679498207,0.5694901941255165,0.02984071756493607,0.002015335782605034,0.07037855573196035
14,0.27311556901997713,0.5135123798559487,0.04825121149130425,0.005650128354080951,0.15947071127868884
15,0.17413383061635854,0.7518120411153709,0.03277978237747445,0.0008160624846347308,0.04045828340616117
16,0.058333528337951135,0.7828185981409254,0.09795643063995466,0.001255230126846126,0.05963621275432293
17,0.04855755913685018,0.6652404275391989,0.2142960018127854,0.0006756307124810108,0.07123038079868456
18,0.05670163451179049,0.8568136214031605,0.07366008981948424,0.00024975803085545354,0.01257489623470911
19,0.024582544033102116,0.4673260688372707,0.4783548864088423,0.00047771767639169044,0.029258783044393263
20,0.012382336477873394,0.4774767526584152,0.4533771999938309,0.00040022660048814825,0.0563634842693923
21,0.064201115055506,0.55013401917654,0.20325499256780757,0.0006411599719611422,0.18176871322818525
22,0.017744747802685618,0.49802563294811575,0.2203698255404142,0.0003424119890052823,0.2635173817197792
23,0.006219725666158266,0.009106547609839257,0.004135984044167964,0.00011277896927101323,0.9804249637105635
24,0.0020822372618113927,0.0020282150627158953,0.001198329945509195,1.334940956168731e-05,0.9946778683204018
25,0.6736029525584091,0.019338398654677603,0.0001568902850011854,0.0006747536258543029,0.3062270048760578
26,0.556976703826328,0.1643634258867265,0.002389303662679547,0.001383643114950641,0.27488692350931526
27,0.44551856870967865,0.21330083214458168,0.0003662910351751431,0.0026400646054869246,0.3381742435050777
28,0.17975848673480121,0.7664549625420687,0.0015593678291918518,0.0011256551203249995,0.0511015277736131
29,0.13096373686981358,0.7576589898792129,0.028884984515586867,0.0008413940526786787,0.08165089468270798
30,0.14968417477835055,0.7907972025480527,0.024886307386798284,0.0007111831436372361,0.033921132143161
31,0.07153981132451995,0.8962369539974213,0.01319639847449607,0.0009374215864498615,0.018089414617112748
32,0.011477421743646868,0.6202722672697533,0.35862944208496966,0.0005326944179668995,0.009088174483663254
33,0.015431875375837798,0.827589360339768,0.13161470156144678,0.000925718171947856,0.02443834455099941
34,0.01747176238360585,0.7488953779350662,0.2216973391230248,0.0011909734474450475,0.010744547110857866
35,0.013036082357791325,0.5633381713155763,0.40017552786596783,0.000560183530848251,0.022890034929816307
36,0.027918331588268026,0.4901914007482666,0.4546919395533294,0.000525115197003893,0.026673212913132037
37,0.026893280792661026,0.3822246536538731,0.580800375229383,0.00045462370231818026,0.009627066621764926
38,0.015650075894745923,0.2677204290644022,0.6980111078013679,0.0006377172102025288,0.01798067002928148
39,0.030649567214296604,0.2018237627235312,0.7482948441669331,0.0003042862770791598,0.01892753961815992
40,0.005578969394931533,0.1028147641825008,0.8813811508589192,0.00018356805086323726,0.01004154751278541
41,0.0010544163918257976,0.03562178493303763,0.957047584186192,2.9188829651043164e-05,0.006247025659293524
42,0.00043219666698165256,0.027401524695653882,0.9696561716440562,9.424641667040269e-06,0.002500682351641242
43,0.00015023420922172088,0.014474991786906326,0.9846126399596365,7.773965135621538e-06,0.0007543600790999033
44,0.00016181554943302595,0.014983363431348708,0.9838890110774313,6.827762074176526e-06,0.0009589821797129207
45,0.000193171328966972,0.018915897092091526,0.9800191939951834,7.532469323356423e-06,0.0008642051144346346
46,0.00020341415876982022,0.015598801413379668,0.9833879282648147,6.427199117526939e-06,0.0008034289639183311
47,9.402947757463283e-05,0.005799772399894542,0.9937185955198884,4.350177101565407e-06,0.00038325242554084746
48,4.8987070232588514e-05,0.004653946612851954,0.994999831286489,1.5934775965949688e-06,0.00029564155283007265
49,5.814130302335671e-05,0.00475460277679884,0.994765027936235,2.3159209126878896e-06,0.00041991206303022046
50,6.995770853762608e-05,0.003830905098146538,0.9956306511741712,4.374031626702705e-06,0.0004641119875179646
51,4.811019914762183e-05,0.002575554772505628,0.9969538752409763,4.197067551110839e-06,0.00041826271981931925
52,0.0002057858680610809,0.009081453589851336,0.9898564027955085,5.751371096701034e-06,0.0008506063754825279
53,7.892336561939784e-05,0.005472097149931981,0.993973576640691,2.9007396857030084e-06,0.00047250210407189723
54,0.00012107187000186388,0.007111878716506369,0.9918166069434077,7.690540840898e-06,0.0009427519292431269
55,0.00014191879777749876,0.006225461192561811,0.9931283955697969,2.6900451890842446e-06,0.0005015343946748369
56,7.089669615608512e-05,0.003525833192389575,0.9960666817254721,2.9079913782228614e-06,0.00033368039460395063
57,3.817816882630432e-05,0.0028750472306028436,0.9967122545953198,2.5764029058280046e-06,0.00037194360234524694
58,6.603722900695938e-05,0.006403610124380724,0.993119176777849,6.329451855397449e-06,0.0004048464169080122
59,5.784872761823711e-05,0.004474349216937691,0.9951784575366324,2.4251052514706983e-06,0.0002869194135603172
60,6.0748895026675646e-05,0.004063579090744629,0.9954614151822081,2.166141151831757e-06,0.00041209069086884254
61,7.076854527282786e-05,0.003187673397424487,0.9964668954402265,2.1707385889590997e-06,0.000272491878487183
62,0.00017046195143818072,0.006455538387299549,0.992934315021328,3.994975772115787e-06,0.0004356896641619796
63,0.00014208267374837745,0.0075663321830887215,0.9918788789462483,4.2137260645009434e-06,0.0004084924708501788
64,0.00010987646859226531,0.003832799997100558,0.9953986434129639,2.3112074652076415e-06,0.0006563689138779877
65,0.00027426747445174614,0.005431379276868839,0.9937120616520888,3.1401557350898364e-06,0.000579151440855561
66,8.450679747921817e-05,0.002673046160960759,0.9967843784348925,3.8268985003037365e-06,0.00045424170816724926
67,0.0001756565462648871,0.0024148162789448765,0.9967108440620185,4.901397016879108e-06,0.0006937817157548207
68,0.00011681665910244168,0.0035186884345205444,0.9958350004741597,3.944623661802819e-06,0.0005255498085554541
69,4.6391040652671594e-05,0.0026324288945210384,0.9968987271766298,1.820667150251324e-06,0.0004206322210464711
70,8.623956296428943e-05,0.004821304324310139,0.9942934078636846,4.093636499683937e-06,0.0007949546125413335
71,5.471417054058859e-05,0.0009171184058275841,0.9985508748378917,1.9629408733803223e-06,0.00047532964486681205
72,6.15888407062891e-05,0.002707143128754147,0.9965282294931781,2.3828936637598026e-06,0.0007006556436977919
73,8.534829886346444e-05,0.0055371734578314995,0.9937971248897279,2.413243945656862e-06,0.0005779401096314912
74,5.905025809963812e-05,0.002211508807087272,0.9971572611367029,3.1032573914029833e-06,0.000569076540718697
75,4.6178922251682247e-05,0.0030935580048374197,0.9966583037721216,1.3098430696699037e-06,0.00020064945771944677
76,6.219159283662516e-05,0.0015293218253244068,0.9977765304362559,4.90587288227889e-06,0.0006270502727007971
77,8.016510927800567e-05,0.0028061824838647785,0.9959853149088732,8.794840699663758e-06,0.0011195426572843724
78,3.86883508324369e-05,0.0016481752428180903,0.9979378272410857,1.7641054866932878e-06,0.0003735450597771524
79,3.0110774079419898e-05,0.0010394122598934334,0.9984945336230898,1.7978774332548567e-06,0.00043414546550410275
80,3.9940038346153544e-05,0.002575680141480802,0.9970878794983536,3.913576519727336e-06,0.00029258674529987505
81,5.109810135660557e-05,0.001999072443336403,0.9974334895960342,1.1835903934815335e-05,0.0005045039553377453
82,0.00016335822320698155,0.003954134065364121,0.9952798530389527,1.129097568254382e-05,0.0005913636967937423
83,0.00016759532409080452,0.004919857336486511,0.9940898628782091,2.1310933748783207e-05,0.0008013735274648563
84,0.001498283605629796,0.02453773101337839,0.966067778247682,0.00046181634539800136,0.007434390787911867
85,0.018868771617047368,0.1422951993400592,0.5116468229463557,0.0010636240508509111,0.3261255820456869
86,0.020876790551508973,0.04840559007664056,0.034695478978710156,0.0011574986051835785,0.8948646417879568
87,0.15928683965958104,0.2574663746015627,0.11459925194539877,0.0021584032867217415,0.4664891305067357
88,0.4359344445389157,0.5143822630801604,0.008649786939476576,0.001736490903022901,0.039297014538424456
89,0.18167200596611394,0.7423662376030914,0.03215105327506235,0.0010042706466563075,0.042806432509076
90,0.055200121435506865,0.9021644026752107,0.007500221571305794,0.0023181091607328954,0.03281714515724398
91,0.04351070320547779,0.8642418481162729,0.02938615039691144,0.004723656570052206,0.058137641711285847
92,0.03054294757568564,0.9017022560104473,0.003413377506027892,0.049577831775493186,0.014763587132345971
93,0.008554407096377012,0.8972221899868268,0.08244194787344673,0.004612768298639452,0.0071686867447100415
94,0.019326396188355525,0.9237942938810043,0.02800449819417635,0.017737549934787527,0.011137261801676275
95,0.01988646716486119,0.9456373163720494,0.018338608832938353,0.007306682035500599,0.008830925594650561
96,0.01704530798911525,0.88658812081873,0.07774099128303541,0.004555490394999504,0.014070089514119725
97,0.013163099381390238,0.9113652447363799,0.06807836945857532,0.003206176538369904,0.0041871098852845215
98,0.010843408953172526,0.9171232123688615,0.06551928656052894,0.002700510785582594,0.003813581331854446
99,0.010733400556828117,0.965975621723755,0.01484826161461848,0.00437213504801814,0.004070581056780297
100,0.005749123599211603,0.8519977530835083,0.13786435375096895,0.0014052138422184764,0.0029835557240924762
101,0.030153084359505547,0.952092128402697,0.008821775472734258,0.003540228437451476,0.0053927833276116565
102,0.034157402777634016,0.913290461063323,0.03389591488644818,0.008358882545294663,0.010297338727300164
103,0.038613327565234536,0.8136239537218305,0.13132168713373524,0.00821352057918336,0.00822751100001631
104,0.06649086943555327,0.7744910032972717,0.10473141305741757,0.00667698152019573,0.04760973268956168
105,0.04371298049433275,0.9175781921177967,0.019915274061148562,0.009030234568961333,0.009763318757760528
106,0.08810864180791796,0.7287613172863123,0.009977651939601909,0.0033169577720934713,0.1698354311940744
107,0.1547535070301547,0.795563112141537,0.0028777691684926856,0.020332604438184826,0.026473007221630818
108,0.02638431823850506,0.9236861907670757,0.04625524694700305,0.0011506118457523327,0.002523632201663573
109,0.3197349521257239,0.6119145194829511,0.005281970971609839,0.01983535765803028,0.04323319976168497
110,0.10146105117195495,0.769996579343178,0.04423123692645876,0.001408140143070961,0.08290299241533734
111,0.17452627303628473,0.4566062344709378,0.008242920765515405,0.00417400888270216,0.35645056284456
112,0.25450083817308344,0.7111931110846343,0.014801582177813919,0.0022109711300733383,0.01729349743439498
113,0.19156375306635406,0.7657964580296576,0.009309552221528284,0.0037494858933794575,0.029580750789080495
114,0.060758756732271386,0.8774379530936031,0.048185399795492315,0.0018947092204932656,0.011723181158140025
115,0.057077786260427886,0.8535926699113626,0.04340550812543619,0.007947091995556406,0.037976943707217097
116,0.07640576565571935,0.7842835732989221,0.08824956340772935,0.007013862687685241,0.04404723494994395
117,0.11091403303486805,0.8011079822700641,0.05399474032793828,0.004526164932625755,0.029457079434503753
118,0.06525037081866848,0.852930332230094,0.057980345589217615,0.0018336955314556904,0.02200525583056424
119,0.4192231902010178,0.40346628623939984,0.014072605030538051,0.006811454216665191,0.15642646431237903
120,0.04799807233938074,0.9238013913311806,0.016568065395117956,0.004684217640680347,0.006948253293640372
121,0.0244810530899763,0.8769293545692721,0.08845036000167546,0.0009423437124540619,0.009196888626622228
122,0.24875349017371215,0.7062217628352044,0.02667691580814163,0.002125300345238459,0.016222530837703312
123,0.012717778673520698,0.8909525262907776,0.08105681565212089,0.0019816322923122687,0.013291247091268417
124,0.1266705727771835,0.7287672207786532,0.0824484746674292,0.005710973724827041,0.056402758051907205
125,0.02780935218500908,0.8294567826715796,0.13309618204951773,0.0018046610862485963,0.00783302200764491
126,0.05856434323145226,0.8325167607652014,0.07667821959132394,0.004646423497081095,0.02759425291494131
127,0.036553190624879835,0.7669304681607118,0.18453604829414785,0.002364727965582988,0.009615564954677597
128,0.008365500530402437,0.4936902784912146,0.49050375960155773,0.0009004187225395195,0.006540042654285786
129,0.03899122226852,0.3464439346895642,0.08421117158564809,0.0016737878782522213,0.5286798835780154
130,0.23596067107498092,0.4441208745812987,0.0034196116160933234,0.0014762409752667278,0.31502260175236035
131,0.3505005950125607,0.5722086585680245,0.05379799063441943,0.0007242059675011541,0.022768549817494193
132,0.09222832422926823,0.7868120899365635,0.11335569824954184,0.00022956827226398464,0.0073743193123626
133,0.17779462718572722,0.7553218248859733,0.02166239901012301,0.0017564875843198255,0.04346466133385653
134,0.04119447303885857,0.7074115675973125,0.2414328616006368,0.0012870730265330595,0.008674024736659165
135,0.10664279636474105,0.7364454241616737,0.12260602993427237,0.0029380626608108713,0.031367686878502124
136,0.06988367109533564,0.8238249465463171,0.07676675163826423,0.0058328673024862845,0.023691763417596923
137,0.03017158081410213,0.9103125082950323,0.037691965807102254,0.0026154172212341353,0.019208527862529155
138,0.0492648455721982,0.8475831140924529,0.0872346448418097,0.0027303494074602894,0.013187046086078706
139,0.029630502094597447,0.7630771498519077,0.1942827557396609,0.003605994245754507,0.009403598068079446
140,0.010408477102002572,0.8854939738387012,0.10004152087271252,0.0011648638805059786,0.002891164306077883
141,0.03019236882485541,0.9430472943880344,0.014412339542045748,0.0072916451387058726,0.005056352106358433
142,0.016592690156959976,0.8888497734896712,0.08153477932989212,0.0036848839547478193,0.009337873068728807
143,0.01386573028616781,0.9146896411038189,0.06375375379046268,0.0026900702755267795,0.005000804544023937
144,0.1411842193609194,0.7558504551328272,0.05920149877224121,0.00727295211228226,0.03649087462173011
145,0.0959733752623124,0.8245587582714591,0.04249091604216506,0.007353906341749534,0.029623044082313886
146,0.04651864206947629,0.6504699047753226,0.18807064771106405,0.0012585305002898726,0.11368227494384715
147,0.0022095441050263872,0.010990278714993522,0.004982377168039157,0.00030691311227842475,0.9815108868996625
148,0.23047398542860426,0.2383269164102422,0.00787746712810078,0.023730818028442947,0.4995908130046099
149,0.3834480495884371,0.09854685552555215,0.0016486738610051498,0.02367028573530212,0.4926861352897035
150,0.2309031205525526,0.664099176386274,0.0022705758086710268,0.02311175057998293,0.07961537667251933
151,0.12041904357789024,0.09959449457861311,0.002041385930335533,0.008985219392015997,0.7689598565211452
152,0.10342385232242388,0.27544351929096805,0.008866166077949073,0.010737367033521045,0.601529095275138
153,0.13010774183054186,0.3015771342513425,0.002596235101438153,0.020650611129315304,0.5450682776873621
154,0.23238054507897113,0.33863752578132184,0.011617525741954349,0.014903764603668258,0.4024606387940843
155,0.27361376545973515,0.08928316594518122,0.00395850074152856,0.06509614025139646,0.5680484276021586
156,0.34156095181256163,0.21752092041338092,0.0019279622150938976,0.0824178878246682,0.35657227773429523
157,0.3757713266971167,0.22132159575329438,0.004318556939329157,0.22636066633956406,0.17222785427069567
158,0.19965605855508597,0.34608457146073257,0.014524312124594582,0.06210543644079623,0.3776296214187906
159,0.04896067638779817,0.04155088336562815,0.014777598516239663,0.0020150894922012722,0.8926957522381328
160,0.60724686019785,0.29175867415430884,0.001209587416692767,0.02774413422664517,0.07204074400450312
161,0.3007903275302951,0.6784525221452177,0.004507764056500125,0.009106173628949422,0.007143212639037744
162,0.28109637128067994,0.647803539253592,0.0367565434581068,0.00510281636289629,0.02924072964472488
163,0.0103046103884736,0.8492218145242818,0.1385863826582063,0.0008034024880254556,0.0010837899410127715
164,0.0321296082509587,0.923684756214523,0.03087192318088007,0.004197063937883675,0.009116648415754441
165,0.12899294918121945,0.8158989258016968,0.003913859818569883,0.017215864521972237,0.033978400676541516
166,0.18273162650147462,0.6792632802982,0.06424042107262805,0.011515454474186365,0.06224921765351075
167,0.18768935025333416,0.7729924457653959,0.013214802506744287,0.008664901477736528,0.017438499996789102
168,0.06814629226558974,0.8909757608802271,0.026130523594448306,0.007093599656269634,0.007653823603465112
169,0.0323054207705031,0.8580831468607666,0.09179814941093797,0.006029302559730438,0.011783980398061954
170,0.05495657147736236,0.865147302926114,0.010961879458018835,0.038263887561028116,0.030670358577476783
171,0.1735111690968965,0.3779407181957807,0.027118436617124465,0.04729730182892049,0.3741323742612778
172,0.13230331693171246,0.6655012518656529,0.010972416051505384,0.0684406533223586,0.1227823618287707
173,0.11643892536734556,0.06644315716677875,0.0034045453715531152,0.07673740587336562,0.736975966220957
174,0.46536180511758174,0.12221430139215088,0.00030150601328761775,0.21961729604503627,0.19250509143194341
175,0.4216354816132423,0.14863267456935608,0.00028896231644344635,0.2746828595811018,0.15476002191985638
176,0.07253718995298618,0.020220256497106025,0.00018387917186904172,0.019004818131594662,0.8880538562464442
177,0.17359457081901772,0.013215001790858761,4.205570204964397e-05,0.0586110986423944,0.7545372730456794
178,0.17232566836777088,0.036376104213990526,6.677855713185964e-05,0.027124671992233725,0.7641067768688731
179,0.08538448334255014,0.005833567549879721,3.188120809070056e-05,0.006035294030329327,0.9027147738691501
180,0.2828645516730964,0.03671255244396412,3.764108583618608e-05,0.06757148674426317,0.6128137680528402
181,0.20508795550515954,0.042453219129626026,5.264759633404948e-05,0.042187036826491144,0.7102191409423891
182,0.12638291400268062,0.032778181166372024,0.00015735160076764908,0.03222831218277834,0.8084532410474013
183,0.15918715891906232,0.02392947160534187,0.001531079593524655,0.02484300233928501,0.7905092875427862
184,0.17679890714192228,0.028789089149474246,0.000838190983133156,0.05460128347180362,0.7389725292536666
185,0.12394649186084587,0.007524172463580831,0.000665963431047225,0.047138340569903896,0.8207250316746222
186,0.10554348821486485,0.008366139809163573,0.0006129181417650419,0.0489513010736701,0.8365261527605364
187,0.08663625749514045,0.016982283781010483,4.314322691202921e-05,0.0913866390742809,0.8049516764226562
188,0.18248749037386125,0.013027186480275331,2.4109211271547697e-05,0.05715175601485093,0.747309457919741
189,0.4292147262037048,0.0162499929111194,0.0010143813652270647,0.0917001461938378,0.46182075332611094
190,0.3760939476366664,0.018170165246192128,7.038807871267088e-05,0.061197454340728936,0.5444680446976998
191,0.11177475967402553,0.01337708393676395,4.122064194032375e-05,0.029178544924869577,0.8456283908224006
192,0.05225773752277573,0.04075444002557229,6.247577547480376e-05,0.042581327199686415,0.8643440194764906
193,0.033338640712309436,0.18813352427826488,0.0008143536995086431,0.014396432005418791,0.7633170493044982
194,0.04365209946344166,0.02806543057554428,0.0001023520601744222,0.04207763222925844,0.8861024856715812
195,0.08773726691225008,0.4080918248631987,0.000704689935406937,0.14988463966383583,0.3535815786253084
196,0.053406471043935866,0.2838882652093019,0.0007828234963282122,0.09228628467820692,0.5696361555722272
197,0.289870760785118,0.42975834548962466,0.0009377473723894819,0.10455657239063698,0.17487657396223077
198,0.07343847420150686,0.8108004736368163,0.002452654136967797,0.03258929287326971,0.08071910515143926
199,0.03554628381009269,0.8424738396175903,0.0020654201498358444,0.013853213588376576,0.10606124283410466
200,0.13919419826232482,0.6332444989163318,0.000603288880313088,0.15188023766511602,0.07507777627591417
201,0.05729899464658211,0.7817956587939224,0.0021507682201366944,0.03308294038044966,0.1256716379589092
202,0.08892164504864604,0.6224393323199001,0.00909312493276825,0.03673220252238178,0.24281369517630375
203,0.08905132565703515,0.8616518349304447,0.002569814151491864,0.025762209941540586,0.02096481531948761
204,0.05024442321138568,0.9024365460016267,0.014860886333453921,0.014013453339846405,0.018444691113687194
205,0.07531747748495454,0.061484340451973984,0.002408934994612772,0.003514859264800748,0.8572743878036578
206,0.1571081383860154,0.8181116010881034,0.0006446934800688255,0.011435098295166007,0.012700468750646426
207,0.17072533342762852,0.8052237900406611,0.002074605128180162,0.008118886820191004,0.013857384583339266
208,0.04407977423137592,0.9455671112675008,0.004523274688892045,0.003323041174157192,0.0025067986380738674
209,0.04148920573658355,0.8998541837454005,0.0010607891421814395,0.042758695668491956,0.014837125707342498
210,0.04272702843860314,0.9103975296733919,0.0017278133134832725,0.03849745292467552,0.0066501756498463455
211,0.01568243371083054,0.9629845196948147,0.007963946097658974,0.011045116941115419,0.0023239835555804566
212,0.2517266518693027,0.6473943816013327,0.002402255824897301,0.07703039310570538,0.021446317598762057
213,0.18198192717399725,0.7832386469284751,0.0049366391276418654,0.01912477711985341,0.010718009650032357
214,0.0814206133390915,0.8840948861968493,0.014966102317476767,0.006792958901289791,0.012725439245292522
215,0.18111867901627043,0.7402591003280742,0.06431346871273715,0.006524547380874725,0.007784204562043499
216,0.04072359834198572,0.870500697882111,0.08073832977880667,0.0026125423893063326,0.00542483160779023
217,0.03115435182052149,0.8689720781382423,0.0876978239762147,0.005114240923487316,0.007061505141534189
218,0.021064063234464966,0.9041601838900499,0.06874060976528108,0.0016976568920023096,0.00433748621820166
219,0.01637009790266225,0.9212859381694416,0.05380650535253056,0.002410415904984283,0.0061270426703813555
220,0.03065432207053397,0.84692783973488,0.10580294250100135,0.0056820977933563395,0.010932797900228126
221,0.07653630631860604,0.8280544356614451,0.07785613557361305,0.00634973741626357,0.011203385030072071
222,0.009434968080975152,0.7771698265709409,0.20556126205794695,0.0030239397847064177,0.004810003505430568
223,0.00960813547059629,0.6392552456668955,0.3462112372415056,0.002035164042491949,0.0028902175785107
224,0.041202397668461864,0.7778969328757939,0.17143055478938812,0.004499646863474597,0.004970467802881645
225,0.0068470983371208645,0.7142271913277272,0.2739348074236217,0.001437000844643749,0.0035539020668865265
226,0.0017071691414013452,0.32280866235482497,0.6725444156042192,0.0012501154404433786,0.0016896374591111036
227,0.016262679262382684,0.566583400442025,0.4100077657383916,0.0038584876772338648,0.0032876668799667174
228,0.005428080805688594,0.3337249920858755,0.6566699454822179,0.001459632510579696,0.002717349115638283
229,0.0033617352054831555,0.4853463893982653,0.5081778908659977,0.0014509828135743168,0.0016630017166795424
230,0.005663656800217044,0.23272421383858216,0.756208152042295,0.003580545151861494,0.0018234321670443868
231,0.00277653326382703,0.18755296620890544,0.8068244165823837,0.001819342063827495,0.001026741881056457
232,0.0006865661676612508,0.0796286787859869,0.9178954483084553,0.0007647708494846689,0.0010245358884119328
233,0.0008562248347651766,0.0960379166909641,0.9014908931018061,0.0005616068472518695,0.001053358525212753
234,0.0016803759727596595,0.1254380301172137,0.8709850155614856,0.0007258653409240096,0.0011707130076169445
235,0.00331193463574049,0.12445309741873949,0.8686757682369276,0.002163868895221219,0.0013953308133709832
236,0.0006664936435933239,0.08114416063324696,0.9164112113691828,0.0008079238270861254,0.0009702105268909199
237,0.00027372345534088,0.06090145362137769,0.9379590671255947,0.0002629413615097305,0.0006028144361769563
238,0.00034843925809491434,0.05418138238914078,0.9444736761976269,0.000304544795813189,0.000691957359324124
239,0.0005701400294859651,0.057976867932564506,0.9402141725601568,0.0004133636167804448,0.0008254558610123131
240,0.00032372742492908096,0.07197862107660442,0.9270745315931631,8.578592984177582e-05,0.000537333975461656
241,0.00016854316308361522,0.034621661317107595,0.9648255724769468,4.7049196592187146e-05,0.0003371738462699235
242,0.00014491338363733312,0.0217973208461946,0.9776900310549143,2.874606734124915e-05,0.0003389886479125741
243,6.145544734268218e-05,0.019180203137889502,0.9806254199040743,1.5051430194395964e-05,0.00011787008049894694
244,4.1543014521298855e-05,0.016715240730402463,0.9830446164770988,1.7085176603619468e-05,0.00018151460137371298
245,0.00025764188543823014,0.028680480364109848,0.9706056165329588,4.7909787062641994e-05,0.00040835143043064154
246,9.45347840837123e-05,0.014399835456235629,0.9852755592226671,2.3606797105971778e-05,0.00020646373990731073
247,0.00017019546718832534,0.010380798987307614,0.9887572533055737,0.00016392770515839312,0.0005278245347720141
248,0.00013210043073399284,0.010724247077478807,0.9885682988271814,0.00013765827518997126,0.00043769538941595547
249,0.00012507327135086573,0.008450669425359816,0.9907836592031297,0.00011092609140330039,0.0005296720087562396
250,0.0001382593408498467,0.011460637150589884,0.9877787436760276,9.53377517889739e-05,0.0005270220807436855
251,0.00041787186825447705,0.02081909671102424,0.9771023938753042,0.00029332435116533046,0.00136731319425173
252,0.000299456007297855,0.01796986307024393,0.9808767864212184,6.490451882503357e-05,0.0007889899824146882
253,0.00017366352174639197,0.017365933905208006,0.9817025831985324,7.158310322378802e-05,0.0006862362712892787
254,0.0002170250891182854,0.014842756223355418,0.9841711125750296,6.726196883755114e-05,0.0007018441436590557
255,0.00036089072988476455,0.033375272006985784,0.9642977697560419,0.00013831459976916237,0.0018277529073184012
256,0.0003099381837936377,0.012967499167425615,0.9858337811859118,7.181442062219388e-05,0.0008169670422466392
257,0.00012139187802634998,0.00973692564963498,0.9891927816968342,2.631998429355364e-05,0.0009225807912110538
258,8.592945581743022e-05,0.010383795340743279,0.9892024051181364,2.5317240944012258e-05,0.0003025528443590512
259,0.0002355545696499153,0.019557925784344878,0.9797042045898608,2.1844083480399422e-05,0.00048047097266393376
260,8.696642408661768e-05,0.006541307808612112,0.9930256800904186,2.7888663136250625e-05,0.00031815701374662055
261,0.0001437950348921318,0.012315719389700016,0.987056542352256,4.6760640596397264e-05,0.0004371825825552191
262,7.04769171642605e-05,0.009453574117643073,0.9902559774663913,1.6654109062296293e-05,0.00020331738973887887
263,0.00013174832571460348,0.009397086580705328,0.9901215975913734,3.878324832246684e-05,0.00031078425388417495
264,8.473734597664927e-05,0.005963055703030788,0.9934933035834503,2.0026713198398743e-05,0.0004388766543438566
265,7.753462387087496e-05,0.009342984159291873,0.9903066211208303,2.611921273654451e-05,0.00024674088327024456
266,8.793833875442277e-05,0.00925845204017271,0.9902628916228632,3.987279934297462e-05,0.0003508451988667163
267,8.06302426143405e-05,0.008447201597702337,0.9909866358683405,3.521029663315972e-05,0.00045032199470965357
268,8.830408431409757e-05,0.009158564928079298,0.9905147905498319,3.2585254806959895e-05,0.0002057551829679248
269,0.00010182631332146788,0.008241910974018262,0.991101895744695,4.5052666753705126e-05,0.0005093143012114086
270,0.00010046940158495742,0.00892096802017815,0.9904064862487065,5.1945933310758916e-05,0.0005201303962195189
271,9.462430161346673e-05,0.007943458009864833,0.9915202916904413,4.742311136098712e-05,0.0003942028867194564
272,0.0002834783573476648,0.021441264745674433,0.9769802273746534,5.4339748217663244e-05,0.0012406897741068892
273,8.345377072135128e-05,0.007952649669171984,0.9911943644321007,4.2154701287360245e-05,0.0007273774267186678
274,8.449681645474664e-05,0.008875441500844494,0.9904989833327916,2.8854403386991486e-05,0.0005122239465219984
275,0.0001570089239227603,0.01251889902656009,0.9860687420980098,7.770088313553502e-05,0.0011776490683718245
276,5.529215723772008e-05,0.004018244677870163,0.9953432808851386,3.117591919343826e-05,0.0005520063605600742
277,0.00010978476670322756,0.011292372511076705,0.9880116954707295,3.8242320484669474e-05,0.0005479049310058326
278,8.97590194333321e-05,0.0055511810038143565,0.9939460109184111,1.4153593962194078e-05,0.00039889546437886503
279,0.00025481436541637036,0.011442467865739912,0.9873781274177259,9.446814142471184e-05,0.0008301222096928487
280,0.00010708098954223686,0.010488237051867072,0.98881500062462,4.960562078889899e-05,0.0005400757131819954
281,0.00011494068050097281,0.010391603824342075,0.9889653099898984,3.9988260260897866e-05,0.0004881572449976465
282,0.0001849824718595836,0.02329411893564551,0.9759896592469631,4.8457974613145376e-05,0.0004827813709186273
283,9.602115089567904e-05,0.011139863836863254,0.9885124140415216,2.8957426478798353e-05,0.00022274354424063904
284,0.000148546557368265,0.007469936904153256,0.9919699064981814,5.6011217958507236e-05,0.0003555988223383956
285,7.45252361692889e-05,0.00712473719275947,0.9925020544324212,3.62921744638722e-05,0.0002623909641863038
286,0.0001074487769542337,0.008939214725345175,0.9903178937755015,7.923522521916508e-05,0.0005562074969797627
287,0.0001386233518816177,0.011012257543854135,0.9880951158176863,7.590199556663693e-05,0.0006781012910113405
288,0.0002527626979384586,0.011172857477333077,0.9866552120064389,0.00012338032563875733,0.0017957874926507217
289,0.00022050001071653385,0.012996359902971428,0.9849389758625428,0.00013332265747504254,0.0017108415662943257
290,0.00010500014956378846,0.008401643883662886,0.990804679655481,3.314355208064397e-05,0.0006555327592116481
291,0.000553652137850267,0.02427913504007367,0.9737786968986899,7.275126659236987e-05,0.001315764656793715
292,0.00025000354225291656,0.018424051141555237,0.9804279522510769,6.0357379455691144e-05,0.0008376356856590566
293,0.00020438934742235686,0.010140814985797093,0.9889498599813409,4.966744463962896e-05,0.0006552682407998057
294,9.667387907333383e-05,0.007436590901759444,0.9921465003855678,2.4453589924072056e-05,0.00029578124367529013
295,0.0001034286377695764,0.004832660209955875,0.994648897441756,2.3565876335282158e-05,0.0003914478341831416
296,0.0001023491479844332,0.010391126803417614,0.9891905448338085,2.233145533543426e-05,0.0002936477594538677
297,8.154390498747026e-05,0.007366229532336842,0.9922889183141729,2.790299919195769e-05,0.00023540524931078962
298,0.00015723046459044994,0.007706144307312707,0.9916499749975625,4.0903024041269414e-05,0.0004457472064931656
299,0.0001957083509180132,0.01127435072524451,0.9880769622663197,4.355513184064645e-05,0.0004094235256772194
300,0.00012428041271433005,0.006443606498525013,0.9931312988116112,3.481677826598207e-05,0.000265997498883473
301,0.00010322981022690867,0.007820151626898718,0.9918504379246607,3.076339858539671e-05,0.00019541723962827564
302,7.077110094531606e-05,0.010508764952470821,0.9892235699433141,1.8312473670442116e-05,0.00017858152959919716
303,0.00028180408973066813,0.014143014973133094,0.9848465743777127,0.00011013385484814898,0.0006184727045753862
304,0.00025005270754556756,0.013073070777873317,0.9861609514140852,6.326556990784953e-05,0.0004526595305879495
305,0.00010041764314191376,0.008534078696506802,0.9910777461085746,3.3800945431691575e-05,0.00025395660634504774
306,0.00046958634715143995,0.022680361573840326,0.9760678107033145,0.00016055942239221024,0.000621681953301529
307,0.00011896569025139918,0.013057182738157239,0.9865442321008684,3.57855065392329e-05,0.00024383396418362787
308,8.077074014156234e-05,0.010015244550092211,0.9895726344373204,6.284364768292523e-05,0.0002685066247631376
309,0.0001649791406734293,0.01547154000397603,0.9838026593571403,0.00011556835158850568,0.00044525314662168506
310,0.0002101973649977801,0.014074392776298347,0.984796090755939,0.00015150932324293727,0.0007678097795220474
311,0.000438203988519949,0.028670381679455008,0.9695634673911002,0.00025553470806726625,0.001072412232857469
312,0.00010422362199199957,0.012908454609666978,0.9863287121731827,4.4934968182340994e-05,0.0006136746269759277
313,9.944312013408512e-05,0.01610225964484483,0.9834187920112948,4.67525385656342e-05,0.00033275268516071637
314,0.00022612266104604276,0.013427751434728321,0.985426792550688,9.987942147189731e-05,0.0008194539320657388
315,0.00011741356894158024,0.011812966946379998,0.9875286885121941,5.840917510688826e-05,0.00048252179737747175
316,0.00011736547649795012,0.010460329515884985,0.9889425577668973,4.4980902044634625e-05,0.00043476633867517954
317,0.00023132894817271422,0.01700092838582701,0.9819733881775501,0.00010659696050927423,0.0006877575279407899
318,0.00015252463966521486,0.010816355767329505,0.988492010312465,7.591768318587167e-05,0.0004631915973545379
319,0.0002709138145016916,0.01721301468309264,0.9818217405012786,0.00017055044790657668,0.0005237805532206199
320,0.0008369903828022551,0.019206175571538604,0.9787167404098571,0.0003083950137516956,0.0009316986220504011
321,0.0003281641184668646,0.022002548625012476,0.9768002266570308,0.00015863240738071355,0.0007104281921088608
322,9.372141292851402e-05,0.014185062072897051,0.9853847132527163,3.634371016636844e-05,0.0003001595512917184
323,0.0005453567529309575,0.05391089496401254,0.9445267989744456,0.00023186843006009074,0.0007850808785510036
324,0.00015509379443177227,0.024083871440406076,0.9753254470469663,7.355079011355181e-05,0.00036203692808247555
325,0.0005186834499143889,0.049154345356079175,0.9483704397345856,0.0008412522867884368,0.0011152791726325448
326,0.0005333464742627338,0.029128764531430908,0.9683289889670258,0.0006290526731587753,0.0013798473541216391
327,0.0007048867397047834,0.04824302964084679,0.9489588202177776,0.0008643292969478591,0.0012289341047232191
328,0.0005497035043167554,0.04744709788066373,0.9490531160797046,0.0012878633942081613,0.0016622191411067569
329,0.007382076706779917,0.3827997413175946,0.5926433295204638,0.00946910260853957,0.007705749846622068
330,0.08737733732321282,0.525543535936334,0.15328360810311623,0.18325232438202388,0.05054319425531315
331,0.10711984711469344,0.5234355132340678,0.061668481497574104,0.24583538150428602,0.06194077664937872
332,0.06230469869283151,0.33775530019948974,0.047885485975784264,0.505310314835,0.04674420029689444
333,0.11500626820706958,0.17156585119964027,0.005777282710530995,0.6316069783933133,0.07604361948944599
334,0.047647560608280626,0.12339386417334677,0.0036967084400958286,0.7878612681304685,0.037400598647808134
335,0.13284904815123355,0.051233975189972566,0.008259519669614334,0.595262750338747,0.21239470665043275
336,0.04408113272533895,0.036015554240585446,0.00029484593339339655,0.8737569015944595,0.04585156550622276
337,0.10928957536344476,0.04565765351570699,0.003506528966345397,0.48937020590543284,0.3521760362490702
338,0.15733880314902166,0.03678799216766713,8.087951491495857e-05,0.7812689576543654,0.024523367514030597
339,0.16224541943289622,0.04047720255378579,0.0007516395038149184,0.34549675889134723,0.45102897961815575
340,0.1712869030753875,0.023622223802837843,0.000586405493604959,0.7166838274034768,0.08782064022469281
341,0.03720231828325006,0.09902084733829779,0.0005140795042778531,0.8377671532151562,0.02549560165901803
342,0.04532819356532352,0.02702518062846608,9.087183849968768e-05,0.8973547415448854,0.030201012422825118
343,0.051959076637222316,0.08519017227878772,7.637915655431772e-05,0.8538997592703096,0.008874612657125995
344,0.0642246206788574,0.09859951263044889,6.282959028147517e-05,0.8221403497778257,0.014972687322586366
345,0.07223599515249289,0.23797891674952815,0.0005653611402373969,0.6005874022211201,0.08863232473662151
346,0.03861884045032143,0.08609052819287048,0.00024113158124973203,0.8035326151555341,0.07151688462002437
347,0.04672215249874783,0.058778158376160954,4.251530550123641e-05,0.8689395151207464,0.02551765869884345
348,0.035244568767655096,0.13096628216352482,0.000158670947095575,0.7694433165272684,0.06418716159445605
349,0.05389368686503686,0.12390373902761995,0.00014669914266504422,0.7653531484267612,0.05670272653791696
350,0.05027139819863164,0.04114588894066419,6.29933870838865e-05,0.8592321555429806,0.049287563930639613
351,0.03960574612431727,0.096335897481373,0.0002303482284809954,0.5910659208988079,0.27276208726702084
352,0.0876380055422072,0.16662499233083403,0.00015992014668845042,0.6510810157108627,0.09449606626940757
353,0.13563397074004535,0.08038777990470398,0.00011562106283100855,0.6078007684678429,0.1760618598245767
354,0.2830330803380628,0.06059412825392927,8.174116122146003e-05,0.5235987666355051,0.13269228361128138
355,0.13752919772949562,0.21363223573002496,0.00033389521065060006,0.44237485766150125,0.20612981366832758
356,0.11326633800233707,0.6473902139970387,0.0004753431101599958,0.15390549161092265,0.0849626132795415
357,0.05012202528366427,0.7467500986613093,0.0006444183582903884,0.1425857322451077,0.05989772545162853
358,0.09730481421364619,0.6180147386183649,0.00039026367751696713,0.22773965119169487,0.05655053229877716
359,0.06513417188000349,0.7462797658849442,0.008754405886471858,0.11698743606029305,0.06284422028828766
360,0.11959872358910476,0.4498939779244113,0.0004961971721852202,0.3264381815927452,0.1035729197215535
361,0.08826164841404299,0.8083227953223822,0.0006694717796080171,0.08507026512532359,0.017675819358643194
362,0.042279413416397196,0.888255783048456,0.0006018034774734713,0.05960905338592346,0.009253946671749806
363,0.07454800681961907,0.7899482697804775,0.001216766580993697,0.11118716040548038,0.02309979641342931
364,0.023247903878037716,0.9604159230165831,0.0006378510646250543,0.01364738777332631,0.002050934267427906
365,0.03771258014521779,0.9322442443741671,0.0007080621314204548,0.026980314884598736,0.0023547984645958236
366,0.08938387105273993,0.8557876831949494,0.002948718508255654,0.04682868750236269,0.005051039741692485
367,0.012539528415951988,0.9627038007017444,0.0015300348630111348,0.01922384210014761,0.00400279391914483
368,0.024881315889691825,0.9157969798395302,0.0008338709236172651,0.054231271079520915,0.004256562267639568
369,0.047966190235120665,0.853672541966564,0.0026599262474373275,0.08016909102963378,0.015532250521244325
370,0.030077810994020918,0.9241190209907403,0.0037428940337709635,0.032244080572047994,0.009816193409419824
371,0.08373025273537464,0.06652971151107295,0.002596841414218082,0.014477395801681253,0.832665798537653
372,0.08438754804024687,0.8768304649011684,0.001406390635310022,0.02822629305587959,0.009149303367395016
