epoch,N1,N2,N3,R,W
0,0.000654408328058261,0.00017887654952993405,6.501629460725712e-30,9.056919995690497e-06,0.9991576582024161
1,0.0011951974120848936,8.757615277629008e-05,8.83300443206713e-06,1.98833213611604e-05,0.9986885101093457
2,0.008922253171108167,0.0004012026843786178,2.56791988195502e-06,0.00037828737976037353,0.9902956888448708
3,0.003505361241616216,0.0008311787454196882,1.0749055446536387e-05,0.0001212912508441377,0.9955314197066735
4,0.0007353210899930902,0.00017016421735821494,1.3803758894057826e-05,2.1273633254293558e-05,0.9990594373005004
5,0.002910977823395403,0.00016873500404552234,8.68483016388567e-06,2.6445831698168226e-05,0.9968851565106971
6,0.02713707151457208,0.0038978597249603865,0.00013651495755527781,0.0006195517452199097,0.9682090020576923
7,0.00016172423037733133,5.312427891910066e-05,5.835711837110963e-05,1.0942643198601225e-05,0.9997158517291338
8,0.009073266752607119,0.0012632829460113846,1.5907665405170134e-05,0.0001696748257082085,0.9894778678102681
9,0.04658466005064861,0.010765704929914782,0.0001505534487189361,0.0016141490000941795,0.9408849325706234
10,0.04897060858801543,0.0702119985544922,0.001292361516039682,0.001513506168079576,0.8780115251733732
11,0.03233167716648401,0.010292765964984917,0.0001646578726720178,0.0018255159171141602,0.955385383078745
12,0.03173269603926887,0.0157342614678934,0.00024804265392313013,0.0015466719581244306,0.9507383278807902
13,0.025181382969078864,0.0028227320232729943,1.3009494010601993e-05,0.003137470809196081,0.9688454047044415
14,0.1301300741498853,0.06810211283191334,0.0003009001849951098,0.0069942766115045725,0.7944726362217017
15,0.21150596362766236,0.15435366788208915,0.0008582126077557388,0.004752433573919327,0.6285297223085734
16,0.10803596303742442,0.3427280725360892,0.0027687228442786977,0.0031886358765918837,0.5432786057056157
17,0.13327884763567288,0.46684512758070124,0.0012369668073346361,0.011019575908997506,0.38761948206729374
18,0.020984655035869153,0.022127450176678515,7.815689185957427e-05,0.001101221585886935,0.9557085163097059
19,0.11904444072398962,0.040266297057891386,6.802190705432719e-05,0.006805867498689909,0.8338153728123747
20,0.1108898510239451,0.5371990670123769,0.00396550758316001,0.002475992446500597,0.3454695819340176
21,0.1863551227039968,0.5145158631774986,0.0019691265784359327,0.006358242495616172,0.29080164504445244
22,0.2692512605743134,0.1871161219237559,0.0005647354985106841,0.010975169145328225,0.5320927128580918
23,0.08532547389662232,0.7693901312427345,0.005608782410683951,0.0024131594571402608,0.13726245299281897
24,0.24407399995117815,0.5091506195312002,0.0008358929197659451,0.08276759174365793,0.16317189585419778
25,0.21664682036408162,0.43724819804994053,0.0003472702314579509,0.013315436644367044,0.3324422747101528
26,0.21283743774535502,0.599436115000805,0.000646367451874629,0.010724407737934304,0.17635567206403108
27,0.15095744274045553,0.7887342242397987,0.0032237106973149513,0.003111539318558578,0.053973083003872206
28,0.2993160506708207,0.6193438085283338,0.004361858170205389,0.009296181540971497,0.06768210108966848
29,0.16528626159691828,0.7682936836152646,0.0075024615190640714,0.010146659607956488,0.04877093366079651
30,0.14435404884277858,0.7816136246479434,0.0044205648692317995,0.0202314512785187,0.04938031036152766
31,0.08783378630470412,0.8737118202384138,0.004442237483855253,0.015887571159428363,0.01812458481359865
32,0.07701497772442623,0.8739726988218453,0.03473491039021246,0.007553700407914184,0.0067237126556018625
33,0.13898134890761205,0.8040776613949234,0.030518701371603094,0.008562361958141942,0.017859926367719325
34,0.08255096194246815,0.8825311453399622,0.02138775339200151,0.003880090480313356,0.00965004884525464
35,0.07553625360006222,0.8233957201033566,0.08097531121680103,0.0059665226905305626,0.014126192389249533
36,0.03456875141105483,0.8245133345548314,0.1273242427405785,0.0021089911715913316,0.01148468012194376
37,0.07207996941925976,0.7472269679472797,0.16670180717514269,0.005468911741171441,0.008522343717146412
38,0.11237452090545284,0.8008619970147851,0.06923186327126515,0.0055453505249789415,0.01198626828351782
39,0.06323725972695626,0.785967340839393,0.13502449938946362,0.0032301610448865993,0.01254073899930057
40,0.05818917403139165,0.7484049120482116,0.18253065584457737,0.004127530834347731,0.006747727241471544
41,0.05534150911059303,0.7476639795756809,0.1817645081234274,0.003773114285781651,0.011456888904517149
42,0.06495027690712435,0.664433263736796,0.26474073388250896,0.002113277175074035,0.003762448298496567
43,0.044231893363367844,0.6391595533582427,0.30910012308393275,0.002266702951458476,0.0052417272429981995
44,0.03123740612102702,0.6234198284776387,0.3414928109443014,0.0014725213459239113,0.0023774331111089623
45,0.08188909151332559,0.6971587133292229,0.21487749389920296,0.0018550165715158495,0.004219684686732586
46,0.1144964257696138,0.6686186447922744,0.20732575771322131,0.002976880844146859,0.006582290880743649
47,0.017504740749748924,0.6337708733123616,0.3443711305764695,0.001377324288904909,0.0029759310725150636
48,0.05834957758058656,0.5931116296308625,0.34247211337294187,0.0013940471648602511,0.004672632250748837
49,0.026314445821342427,0.5862371065397779,0.3830195217743167,0.0011151884615836338,0.003313737402979248
50,0.03429969504747549,0.5543161063344726,0.4068237775801409,0.0015784392929751694,0.0029819817449358702
51,0.018167913986972015,0.5895416412473292,0.3883986086550442,0.0012474833355036459,0.0026443527751508814
52,0.03826575751959058,0.6282094641193869,0.3299999175629437,0.001147798980886458,0.0023770618171921796
53,0.031638446322503726,0.7358391908090867,0.2176022195133963,0.0029236904308974957,0.011996452924115733
54,0.05212380767327504,0.6341195861351188,0.30511843048886556,0.0014781339924685771,0.007160041710271869
55,0.017474932102600513,0.5611664657877556,0.41357560117633585,0.0010295230613716537,0.006753477871936476
56,0.08193795693031199,0.5083284676782686,0.3979076327929455,0.003941297551422497,0.007884645047051445
57,0.08541407235599377,0.563518157577802,0.33957262485666423,0.002789970974954736,0.008705174234585148
58,0.021820594378106847,0.6902016442862572,0.28125136553341623,0.001096450140553323,0.005629945661666349
59,0.02669367553871985,0.7060518629349255,0.25775393598310475,0.0011638593763374301,0.008336666166912407
60,0.02274948549305457,0.5403821416052954,0.4321808416167041,0.0005808237428110076,0.004106707542134945
61,0.014699507709817358,0.5259895505960004,0.4537411230392945,0.0004495357599026568,0.005120282894985161
62,0.022083714747512306,0.5094709438139503,0.4552372619124315,0.0012250740171782023,0.011983005508927743
63,0.02710896246499766,0.47408886605050443,0.43784700459498044,0.0014906156615356045,0.05946455122798196
64,0.06009517016941917,0.559434633294568,0.3204587736537464,0.0016350352379881042,0.058376387644278264
65,0.1054323612995155,0.6470239974928647,0.19246269962034795,0.005188116475529234,0.04989282511174265
66,0.1845725227601851,0.5171029374145153,0.1546347840770731,0.011551207018054812,0.13213854873017172
67,0.09400600547395391,0.4703603537183849,0.044911379939588957,0.007911462503627379,0.38281079836444487
68,0.020298080848361363,0.02592275736902493,0.0015881129898202252,0.00032438338331939215,0.9518666654094741
69,0.08435298460074989,0.021527564435242137,0.00022590986106986723,0.0007429161316359345,0.8931506249713023
70,0.5030696142763005,0.18850660075012157,0.001352974706368203,0.004246763020215138,0.3028240472469946
71,0.23570613210095784,0.26294774053740794,0.0014956678711714223,0.000814490937278932,0.49903596855318383
72,0.23046945522891946,0.5469294791293456,0.0031901387454544078,0.004091979331846987,0.21531894756443354
73,0.15578994947301997,0.5995380232877546,0.011169085218829778,0.004360923740783401,0.22914201827961225
74,0.27645868312939026,0.669249755833367,0.015285498758152381,0.002067904037799557,0.03693815824129073
75,0.1730981953364229,0.766874706348101,0.017489998877524855,0.016972049414115672,0.025565050023835707
76,0.1408462018509831,0.7521959570328616,0.08218221635458776,0.0081387818173705,0.016636842944197084
77,0.09154753494365368,0.8178208799383505,0.0764131811797493,0.0060951230230889475,0.008123280915157686
78,0.07002490663242336,0.7544994825508184,0.16588072206571228,0.0048940445516678305,0.004700844199377948
79,0.08725368874541885,0.8354697004202112,0.0600542504304279,0.0057808983487461826,0.011441462055196024
80,0.08383686934099742,0.8440420308484669,0.05942305551482801,0.004566853658395061,0.008131190637312638
81,0.06309158658391839,0.7755106168880022,0.1410775044644179,0.004104681054002905,0.016215611009658633
82,0.10743932920650537,0.7362631868284706,0.13728288127774482,0.005257260584291812,0.01375734210298736
83,0.1399490330230975,0.7031844315612563,0.13933731980438774,0.0029123791759802877,0.014616836435278086
84,0.022379489684397364,0.6855597452598998,0.28669301414823967,0.0008781567317843734,0.004489594175678569
85,0.08607547718458408,0.6756122953376537,0.21674553162745622,0.0036011926525522683,0.017965503197753852
86,0.06047268115900576,0.6790363575153103,0.2524709678631511,0.0005904092455243243,0.007429584217008654
87,0.12095212625134646,0.6729360965033835,0.19750754645165483,0.0010640381544072966,0.007540192639207961
88,0.09706239471045501,0.5331006776549041,0.35296511854195284,0.0027206573986347637,0.014151151694053246
89,0.1343960163026184,0.5773004940119776,0.2703894192511196,0.005135403907491182,0.01277866652679338
90,0.04665119851656753,0.4846781939592362,0.4556129569861755,0.0034043926963477403,0.009653257841672957
91,0.024445233638685813,0.4878785786470804,0.46764137309334375,0.004482854535480509,0.015551960085409626
92,0.016569401400940948,0.3119936270316146,0.6591671743060399,0.002888866876971214,0.00938093038443339
93,0.008089118405245867,0.16303186465961794,0.8232345316584659,0.0009841931422576832,0.004660292134412602
94,0.018840275710302303,0.3171105508593032,0.645609914659072,0.0037233730438624743,0.014715885727459924
95,0.045764860328670116,0.4825850135993978,0.43567340544326305,0.009062769042754578,0.02691395158591442
96,0.0166646526099501,0.21378571373199165,0.7577833122159053,0.0036981320222286714,0.008068189419924158
97,0.02162894205418381,0.302633975983039,0.654864735271617,0.0063091403996938175,0.014563206291466405
98,0.024426705807518115,0.29609022779948635,0.6621493739822124,0.0050624041684194255,0.012271288242363846
99,0.021605574757320348,0.31653961255099045,0.6447211759878713,0.006219128434134995,0.010914508269682925
100,0.01118654156724893,0.16911654960714617,0.8117881197229085,0.003302760211626682,0.00460602889106972
101,0.01896429675468982,0.22655661844863823,0.7436792494593327,0.004366828941235998,0.006433006396103266
102,0.01284905562379025,0.17451658962450323,0.797277998316058,0.004439757014280332,0.010916599421368139
103,0.011211405864358873,0.15551857875833033,0.8244682934769361,0.003963447925108806,0.004838273975265982
104,0.007051429811454985,0.08686907856428253,0.8997398982168623,0.0025752538130284683,0.003764339594371711
105,0.008788240250437639,0.12141663719286455,0.8629276066750103,0.0027912972025803183,0.004076218679107075
106,0.019312678397263174,0.24469003086349522,0.7210914554440649,0.006063401680139404,0.008842433615037202
107,0.0166683326846038,0.2514124121903127,0.7198572389641011,0.003985155553133314,0.008076860607848966
108,0.025421727252233035,0.294331787043796,0.6471422984331016,0.008024233078672434,0.0250799541921971
109,0.005441091205525087,0.06611189859714077,0.9239648171965928,0.0015024921178492894,0.0029797008828918053
110,0.014856784788340727,0.211423799743244,0.7532068737131269,0.005743902971210177,0.014768638784078232
111,0.012872305521442803,0.12395332484219374,0.844000913995961,0.003929777502354133,0.015243678138048387
112,0.025752625942271477,0.3542588011302057,0.593029105971859,0.007643749252175855,0.01931571770348793
113,0.00977844796702072,0.14326030446930293,0.8337906000013278,0.003929770038069281,0.009240877524279392
114,0.020164038209314228,0.2806260757490646,0.67145229590934,0.008265499586042398,0.019492090546238777
115,0.010235790546366294,0.16469859961690655,0.8144171151419224,0.0025579159253607967,0.008090578769444023
116,0.014742333738159384,0.1929769860280043,0.7767581114746543,0.0030629053014758546,0.012459663457705885
117,0.011266191354791311,0.12003678139758954,0.8575133367998992,0.0024670593219341466,0.008716631125785922
118,0.011593718981753248,0.14433542844641126,0.833005381421892,0.002306647459853843,0.008758823690089679
119,0.00676740800008644,0.07455292618065783,0.9156108628392972,0.0007269774284869191,0.002341825551471544
120,0.010117996758084067,0.16007339823020603,0.822703814963201,0.001680040788485909,0.0054247492600230755
121,0.0051729504409544665,0.06698399843163252,0.9245035551430235,0.0009353887133074582,0.0024041072710822924
122,0.01052075278233292,0.13923411507413347,0.842358604374051,0.002095880088432931,0.00579064768104973
123,0.004885121577579505,0.08357261426367439,0.9078197579115184,0.0007588368162427566,0.002963669430985069
124,0.008264102282435822,0.08463970796370464,0.9003595839912628,0.0013075318464949044,0.0054290739161018875
125,0.025175244335212305,0.22606870596007825,0.7336251540919894,0.0035324821605616993,0.011598413452158441
126,0.0029400943318871604,0.02717069455637432,0.9680537772401594,0.0004443070448452922,0.0013911268267337888
127,0.01028561754057003,0.09182767378252961,0.8936639863604807,0.0010929033279698816,0.0031298189884497304
128,0.011093236143107916,0.1429504417444709,0.8403543697863503,0.001923694750225328,0.0036782575758455014
129,0.012038127145086406,0.11184970235586897,0.8703678053211615,0.0019558732457029973,0.003788491932180055
130,0.016645092571435028,0.176824495727977,0.7982642984026297,0.0026445780910364608,0.005621535206921801
131,0.012456855435508844,0.09521302111964085,0.8826177950935526,0.0031012144042689145,0.0066111139470289215
132,0.01974709506809546,0.1963326544143085,0.7715875157994191,0.005349834912649462,0.006982899805527448
133,0.028432689416567236,0.17909882518622217,0.7769787138300028,0.006751362797318547,0.008738408769889338
134,0.011077678109895683,0.140036586081691,0.8391507064606076,0.004879238740452793,0.004855790607352873
135,0.009207165049210595,0.1451206953893713,0.8380283464414305,0.0038436521017046026,0.003800141018283068
136,0.011777172658162515,0.15867798576664136,0.8189293508057399,0.00481364563491424,0.005801845134542011
137,0.01824493200843149,0.21703619526868326,0.7490642930884601,0.006663007365755296,0.008991572268669756
138,0.011883995056697816,0.17481286389997688,0.7999405211388341,0.005104523585116742,0.008258096319374561
139,0.012467496660796398,0.13010160908690113,0.8462181955791853,0.00489535260405001,0.006317346069067119
140,0.0025754378584996163,0.05122691296994576,0.9413898925616859,0.0012544663571776727,0.00355329025269108
141,0.009687021463258033,0.1163245627489731,0.8681408249391916,0.002576218407083699,0.0032713724414934705
142,0.01908561363654831,0.221814180781394,0.7473801793879331,0.004357182850501181,0.007362843343623277
143,0.009581705865080602,0.1275749097888396,0.8565322042665018,0.0027451516200828596,0.0035660284594950633
144,0.012320493785551575,0.1490681962693548,0.8325711250916706,0.002748013713242545,0.003292171140180508
145,0.009003966393157278,0.11207486301418419,0.8722035269069912,0.00263197332816736,0.0040856703575000005
146,0.01930900597846762,0.20056666499609296,0.7697236539313174,0.0047575250394062026,0.005643150054715699
147,0.015311549960815544,0.1725514526750529,0.8041515276513337,0.0033786534043834995,0.004606816308414335
148,0.04560703921448346,0.2684614012526829,0.664116221069515,0.007958462957042065,0.013856875506276551
149,0.02415654063116851,0.18090340119799816,0.7836014173972125,0.00446804264420627,0.006870598129414693
150,0.16059497971075384,0.2787843766842086,0.4217548117386185,0.012346495871529329,0.12651933599488965
151,0.17945775267437322,0.2708320768709386,0.5032631381888771,0.012854781680025613,0.03359225058578547
152,0.0957599340126897,0.16516040720421268,0.7231894863932627,0.006974370156664768,0.008915802233170041
153,0.10089708043192192,0.21314684090590544,0.6617675384269209,0.00981874268290601,0.014369797552345525
154,0.03277678625514025,0.3706132375345688,0.5796498867449661,0.008094798570499275,0.008865290894825522
155,0.013675805350209354,0.1761077980816023,0.8017600919175201,0.004109412268700428,0.004346892381968052
156,0.010558702553532518,0.1289781959249884,0.8527499426022744,0.004102965418350744,0.0036101935008539623
157,0.02466840605944986,0.34660876407580016,0.6128181639129252,0.005581987732177746,0.010322678219647049
158,0.015246191075436401,0.1639076282902559,0.8114012147289639,0.004275578078576687,0.005169387826767148
159,0.02163135917451662,0.31564816021955444,0.6467365298802359,0.006175571625046186,0.009808379100646825
160,0.07902328728217228,0.5032731401564479,0.36271726197227694,0.010488271096239003,0.044498039492863864
161,0.07201178105330905,0.392745412933677,0.5034116172940146,0.010171266478638493,0.021659922240360924
162,0.02894537426940558,0.35335758188024097,0.5958062756556496,0.004795117409792668,0.01709565078491132
163,0.16319691940835898,0.45857210384577585,0.30432317533556585,0.026403265212572007,0.04750453619772734
164,0.20522530470307215,0.5960792758827331,0.07214227243867419,0.03255684360962792,0.09399630336589253
165,0.2893986331142492,0.3058392985099187,0.03675221345086589,0.03750246496382614,0.33050738996114004
166,0.14225034077304072,0.37481377395832843,0.018707864428590137,0.041985077775531975,0.4222429430645089
167,0.2897293522343378,0.3005042056065473,0.012636662432247791,0.03785349058094975,0.35927628914591736
168,0.3263993487616136,0.29656677301393497,0.0012194016485082516,0.08935450421002546,0.28645997236591764
169,0.19750398837369326,0.5848418369760336,0.005034728298247948,0.14836650055632497,0.06425294579570014
170,0.22441374771176373,0.22364248938552195,0.0007391075001349802,0.29646762322544756,0.25473703217713184
171,0.14863352200148258,0.1680815908120715,0.0001572577525415166,0.5994962228080525,0.08363140662585192
172,0.14061859819654962,0.25444768457544387,0.0002672825674429678,0.4588326845251802,0.14583375013538344
173,0.1332412515250826,0.32109183199404095,0.001445257410776274,0.2613312900305149,0.28289036903958525
174,0.10720919416002309,0.06623525245941797,0.00010651681616695018,0.675829754036718,0.15061928252767415
175,0.11597419303751166,0.0795206440888563,8.758572168743962e-05,0.4930691473532314,0.3113484297987132
176,0.10846484105243946,0.07993946893881977,0.00013829177246604967,0.5333842744064347,0.27807312382983995
177,0.08318480324794922,0.0937064538533493,0.00011359223536518233,0.7324406112924569,0.0905545393708795
178,0.07078780435356376,0.05613244118172884,9.265563714817787e-05,0.7130186715049447,0.15996842732261463
179,0.0448680272220312,0.04222291470777677,7.028704077587875e-05,0.758167324473282,0.15467144655613438
180,0.0834463043768305,0.11054744070341059,0.00017500236523049253,0.6599256330318519,0.14590561952267642
181,0.12513544995001444,0.11154566627627985,0.00027574867178275006,0.5234875844858622,0.23955555061606085
182,0.11618130007776231,0.08199157893735218,0.00013049415153216812,0.6877762537110813,0.11392037312227203
183,0.12622036348960725,0.13568631698203165,0.0004352436811114501,0.572234484222293,0.16542359162495676
184,0.10562104865438911,0.09602229196013744,0.0002069406733333707,0.5825634769319675,0.21558624178017255
185,0.07811177236940382,0.10126272137558526,0.00010805627311176687,0.7289822597097178,0.09153519027218159
186,0.08786892790481461,0.12413774230480458,0.00010657532253977352,0.6918956523892827,0.09599110207855822
187,0.0908158445118856,0.146876342496448,0.0001328741008959668,0.6058565236005806,0.15631841529018992
188,0.07414121922477698,0.11552093612240895,0.00018007400147609023,0.7048793353561086,0.1052784352952293
189,0.07849429064130757,0.14382836143467997,0.00035125728161486793,0.41485485467681893,0.3624712359655787
190,0.044767259502943406,0.06691991385132513,5.4012593968122846e-05,0.6960264926650384,0.19223232138672502
191,0.06377161936152637,0.05276144398117314,6.297046394950799e-05,0.7706882664992755,0.11271569969407562
192,0.06050996863015427,0.031071777359595334,4.8323168397508426e-05,0.7443739268759271,0.16399600396592579
193,0.11766010017778988,0.06197591185792705,4.7527490713236275e-05,0.6016085735177797,0.21870788695579002
194,0.10696433472706103,0.04106683915033738,7.281674306170136e-05,0.39382673689902803,0.4580692724805118
195,0.11499652203511655,0.1387687513232715,0.00017841006600531804,0.43669828638961306,0.3093580301859936
196,0.0745869825891665,0.1080968381663579,0.00015701337889589497,0.542291177047386,0.27486798881819374
197,0.08816415613830668,0.10741052292056173,0.0001879617154395385,0.4391206764534109,0.36511668277228115
198,0.08771883071420278,0.09674109654697521,0.00015994108338463552,0.5456246846774732,0.26975544697796416
199,0.08147423726619342,0.05257202298579094,6.595594788818522e-05,0.6422980080437368,0.22358977575639066
200,0.12129902896513468,0.09544312439373459,9.845495424904941e-05,0.5151068384165962,0.26805255327028554
201,0.10671667512558954,0.10795483860160716,0.00015453847335814458,0.5934577505296367,0.19171619726980854
202,0.1428299293208943,0.08767173432698563,0.00014348176616555859,0.5389197669542569,0.23043508763169754
203,0.06632943961821271,0.13932995601014858,0.00014768298214033146,0.6811421457765986,0.11305077561289976
204,0.10062631664559749,0.13494708093512928,0.00015575552348209162,0.4061993560354372,0.3580714908603539
205,0.07287888165816592,0.2181365822704053,0.0001386133151165763,0.4690118062262533,0.23983411653005893
206,0.10308805053871561,0.09032481315866636,0.00011434368524245098,0.5829641485106449,0.2235086441067307
207,0.09938787609672896,0.16289495462855574,0.00013815275905168148,0.44924403847191,0.2883349780437537
208,0.07521854561188875,0.16033343234952346,0.0001377097757348933,0.4329353156716552,0.3313749965911977
209,0.07108640722909211,0.11446118253115309,0.00016444452473255333,0.33020549231351026,0.48408247340151195
210,0.06283388195158057,0.09489867926882813,0.00012065148379630249,0.07933933088804646,0.7628074564077486
211,0.15115906349839345,0.10458026479374265,0.00010677507439580964,0.4525310526004949,0.2916228440329731
212,0.10271316782758734,0.06565205086494877,0.00018631021146540906,0.27635115747707856,0.5550973136189199
213,0.14706558490741925,0.10072534924754166,0.00010305642896971227,0.37264363895599756,0.37946237046007186
214,0.13838791668544265,0.21389220839039433,0.0003804765180390574,0.4011161023961641,0.2462232960099599
215,0.16014614211821931,0.08274405937848864,0.000288095640406004,0.36761472473378703,0.38920697812909893
216,0.13645956610574347,0.09755548446418086,0.0001290309584156217,0.5304324047073506,0.2354235137643094
217,0.11200773610842352,0.073063818494121,4.6809764920122094e-05,0.4727745837887545,0.342107051843781
218,0.1654479602529779,0.21885812532081295,0.00039787013646683467,0.4845129174435456,0.13078312684619678
219,0.1460695946451354,0.19343728546253994,0.0009287709739939796,0.4775402485040195,0.18202410041431127
220,0.15331377218581346,0.15488272939768125,0.0007964046777778526,0.525858597753906,0.16514849598482131
221,0.16576114209950307,0.20048431536808903,0.0006757481148114161,0.46371282815556614,0.1693659662620305
222,0.14155679419239395,0.17917451132501158,0.0003941669465775601,0.5535476011324528,0.1253269264035641
223,0.12343811729726564,0.09258608566596326,0.0001509601592797605,0.5769041179132315,0.20692071896425987
224,0.11184836985133449,0.13616912757020047,0.000621608335358686,0.554116011677757,0.19724488256534936
225,0.09394680833642352,0.07720987418926951,0.0002066908701318241,0.5956034326694559,0.2330331939347191
226,0.10785648414660737,0.1053721268217992,0.00015396964906877177,0.5889108985293494,0.1977065208531752
227,0.11210195141893818,0.19301252342982572,0.00018721625898288812,0.4491725247606483,0.24552578413160484
228,0.09220793567523967,0.1576406303464319,0.00019783319639122434,0.35809122464426385,0.3918623761376734
229,0.08108080735638168,0.049710034893248274,4.886538281706119e-05,0.3005609348902498,0.5685993574773032
230,0.12116517703380024,0.1576881793556566,0.00015235488678479612,0.4746391022325851,0.24635518649117316
231,0.10998432380258623,0.05782693301730699,8.648132396449831e-05,0.5377721259057114,0.2943301359504309
232,0.09120547443386119,0.0631777416243033,0.00011609681076254394,0.5343171622763997,0.3111835248546732
233,0.08660722773893242,0.039353353832310985,0.00011669490345623989,0.5126103202885766,0.36131240323672376
234,0.10998094764241359,0.0615014933915111,0.00019359651957466517,0.5846611167788099,0.24366284566769073
235,0.09929702318592631,0.08228285917323716,0.0002743574505628224,0.4214734524498268,0.3966723077404468
236,0.12098958479195224,0.22295306365317905,0.00035554374227318725,0.3337690333658725,0.3219327744467229
237,0.0995104000614402,0.0646452126141171,0.00023541268852349527,0.6205170061569318,0.21509196847898732
238,0.09527410397994097,0.07356336581687897,0.0001411255270968143,0.6820571690384354,0.14896423563764777
239,0.09840991036203069,0.11239655512781425,0.0001182922493819814,0.7012357120147703,0.08783953024600266
240,0.14451538309428646,0.056346789304840085,9.029706739475086e-05,0.7203017902577372,0.0787457402757415
241,0.19637394260758953,0.2585748664486117,0.0002818773579431713,0.3568051784358662,0.18796413514998936
242,0.22845721543179648,0.07861566684121737,0.0002455926764322948,0.5945647048032582,0.09811682024729569
243,0.2849002665770467,0.10996720182819615,0.0004950827227467211,0.5025933754633516,0.10204407340865884
244,0.2517603546311785,0.20539902349576822,0.0005001681388790369,0.44768970590221424,0.09465074783196024
245,0.42225908822240343,0.0881697861432437,0.0012391639870563084,0.09016815544961658,0.39816380619767994
246,0.20823783125296683,0.4047592496428302,0.0037934519508700253,0.04667615849321604,0.3365333086601169
247,0.3613219867681412,0.19584445580965187,0.004023094202500268,0.05056641061389099,0.3882440526058157
248,0.22494673132007315,0.17986137168798505,0.004767123899376875,0.025193233980879262,0.5652315391116856
249,0.14478683618742444,0.6091648848287623,0.014953002339814203,0.023299256009530974,0.20779602063446825
250,0.10679436152968497,0.16787789585024201,0.0072595895618767555,0.01964954810015334,0.698418604958043
251,0.007033142705607646,0.005640504512912025,0.0005926443332455168,0.0011558088945874368,0.9855778995536475
252,0.014540033656224355,0.0050839573451560835,0.0009852469685986348,0.0011389473611430497,0.9782518146688779
253,0.03809259483744314,0.00735055309730796,0.0011335497711360745,0.002875641874567458,0.9505476604195454
254,0.03069619344026407,0.014604854854499456,0.0013295651305143344,0.001131759733575357,0.9522376268411468
255,0.06705494113381981,0.03787931962672519,0.0020500744827809526,0.0022370497055636935,0.8907786150511103
256,0.05716527321858048,0.059028234595965644,0.004440230397820202,0.005666376050307801,0.8736998857373259
257,0.0416719610808212,0.1754536718960034,0.005007100973885381,0.007635967537065897,0.770231298512224
258,0.1325803767813123,0.5582023356273107,0.014534200702748436,0.018674277171883042,0.2760088097167454
259,0.13373437861084628,0.7627641277016205,0.015925684586745065,0.01528363218213403,0.07229217691865429
260,0.04025715462283233,0.19697959228038533,0.007082081167901216,0.007498761764229121,0.7481824101646519
261,0.17404582484164705,0.6014543364033583,0.02123590623893066,0.01202355517651457,0.1912403773395493
262,0.13822819242530335,0.7850246280559536,0.015941315085795684,0.013808688617549497,0.046997175815397724
263,0.10111233879175482,0.7977865955371954,0.043410684237722624,0.019402895319708804,0.03828748611361838
264,0.13036856068626562,0.689859282127294,0.021679203357706206,0.03632676906466763,0.1217661847640666
265,0.22366765510237968,0.5635334526156184,0.016778203448107307,0.03712602680355274,0.158894662030342
266,0.15085005659295395,0.6926044332020191,0.03454602756939859,0.033010137593790644,0.08898934504183771
267,0.17575774093369856,0.668143330120378,0.018045570079672224,0.037059990054140304,0.10099336881211098
268,0.1611385700366094,0.7082905370707078,0.024317857872625092,0.028946755197514232,0.07730627982254369
269,0.15989566458952661,0.7139070812398924,0.01639948871604833,0.03483846366516498,0.07495930178936758
270,0.04921119163608634,0.044739000474993094,0.0008095024637123686,0.0041833775297378546,0.9010569278954704
271,0.3837295321071771,0.38225259230078806,0.007635948294257512,0.02719523445883431,0.1991866928389431
272,0.35151231440048836,0.3975699596658647,0.011789430566697694,0.03069514621683059,0.20843314915011865
273,0.1781788780233786,0.7087845154714859,0.019653381824802838,0.014552489164140005,0.07883073551619255
274,0.2174356720178302,0.4225980365075154,0.012377755748320817,0.019058564560200972,0.3285299711661326
275,0.10609819292153073,0.5624324876941463,0.015759992604949796,0.017382887697069044,0.29832643908230416
276,0.14730835122906058,0.615136118304264,0.029202740578145075,0.03740067966153049,0.17095211022699996
277,0.20295855712834757,0.5523160993988766,0.03798579985545344,0.024652494211870848,0.18208704940545156
278,0.03049986717432678,0.02662637213454511,0.0006777075074262834,0.003513397867850277,0.9386826553158516
279,0.040560608700422704,0.010130011066790161,0.0008037289198025661,0.0017828166028234923,0.946722834710161
280,0.020041390684610656,0.007391582117015019,0.0007337931926856161,0.0009324780566795255,0.9709007559490092
281,0.08043310753848486,0.027821258558618406,0.0018803202497635204,0.0029334899246254644,0.8869318237285077
282,0.029961178821044966,0.01687612878018113,0.0007350743307970275,0.001214740475616063,0.9512128775923608
283,0.23493782917635922,0.1268118344979023,0.008568848919401446,0.01843478744852516,0.6112466999578119
284,0.16960345825788628,0.13862178540050676,0.005098857854361822,0.0061892379274315346,0.6804866605598137
285,0.09040227414273853,0.08405525582160064,0.0021060991813989546,0.006739406093749555,0.8166969647605125
286,0.298210715166116,0.5676762434152,0.01197364130741418,0.012003864426585485,0.11013553568468439
287,0.155092938315871,0.3766315108703321,0.007009969986527102,0.02121418466216769,0.4400513961651022
288,0.16106306150715913,0.599515784188269,0.01025822465847258,0.012970515007148116,0.21619241463895136
289,0.31270291831397656,0.5248393772872106,0.01425167214234812,0.04367534315647464,0.10453068909998996
290,0.14980841466577433,0.7729895835951816,0.02447203946838083,0.021212702470731926,0.03151725979993138
291,0.12790747376505532,0.7336498781015776,0.01737871570599887,0.03906560978171352,0.08199832264565476
292,0.06502785251231766,0.8530677542020756,0.05051896190681292,0.015303838426049918,0.01608159295274397
293,0.10421316123138552,0.820412656025855,0.017098914257221577,0.01992647397232472,0.03834879451321346
294,0.12433470272255591,0.7717247751907942,0.020319664141006496,0.04260371250417346,0.041017145441469914
295,0.09012385722991058,0.8136825973902513,0.029987927721531603,0.0328191805724111,0.033386437085895504
296,0.10450960197825082,0.8029534204996326,0.01639435247109706,0.04404534355314213,0.03209728149787762
297,0.06339555432244375,0.8390240218466509,0.045142574684563196,0.03619171593359125,0.016246133212751018
298,0.11207079993939925,0.8322077709487318,0.03673419184860532,0.009532400676083831,0.009454836587180085
299,0.10087172729764225,0.7791231680039398,0.05959295447265818,0.03755428763747921,0.022857862588280497
300,0.09952540494284845,0.80249851196566,0.05344050935715581,0.024726667823194125,0.019808905911141664
301,0.09007992240358251,0.8236311551210999,0.04993446115272623,0.018841955549206695,0.017512505773384715
302,0.11330625376459393,0.8235959320715744,0.04021951363452845,0.012919619357395386,0.009958681171907695
303,0.09550501006620521,0.8271923791960325,0.04137614934501692,0.024223630441158137,0.01170283095158729
304,0.08256808089613758,0.7901764419414816,0.07953896165070543,0.031036980411661835,0.016679535100013444
305,0.0511587949106948,0.8582531743085106,0.07817613706969473,0.00363335713100902,0.008778536580091069
306,0.13855869031934775,0.7458572244482072,0.06077171936624913,0.031017807208612826,0.023794558657582957
307,0.13494943832530573,0.6909588978906241,0.12413174990777819,0.03349343636510421,0.01646647751118789
308,0.15899374483029843,0.6544901996039549,0.13222851076422315,0.03543556448174715,0.01885198031977631
309,0.04661306660869888,0.7259300326861328,0.20870560701790006,0.010915000345997685,0.007836293341270464
310,0.06356928845081791,0.5943923634603953,0.31445829494579647,0.01918125721492458,0.008398795928065885
311,0.048688973524229094,0.5957330788741521,0.31894786404264636,0.025674564645829373,0.010955518913142984
312,0.06749919652804857,0.6229706342361103,0.2675490090452342,0.02970281101950429,0.01227834917110241
313,0.032386768138988456,0.6687727168145119,0.26058420116595227,0.027708096360401908,0.0105482175201454
314,0.04915537234324231,0.6647639212968451,0.2208763402619565,0.05071424414132515,0.014490121956630833
315,0.043208344710646954,0.7358716278914794,0.1868513771833523,0.026554496488563083,0.007514153725958529
316,0.06773703246743902,0.6943862078731922,0.17378288579094522,0.046327106372578426,0.017766767495845225
317,0.050672102146553,0.6765271614646107,0.23287685075304443,0.026889918051991295,0.0130339675838007
318,0.07142561545809063,0.5550342130142867,0.31843993241555374,0.010082206614036622,0.04501803249803222
319,0.27998926432318116,0.6344670197111301,0.027149768593708996,0.013588624160265489,0.044805323211714265
320,0.25556949205623714,0.6614924437517056,0.01996770675152331,0.009290083887925911,0.05368027355260798
321,0.12856369929354067,0.8307523263005797,0.025869295926871188,0.00409013525330119,0.010724543225707083
322,0.11133260175955054,0.7835060024771777,0.06470747263853116,0.016083749261079524,0.02437017386366106
323,0.10669736239070304,0.08095778113236556,0.0012424254728270157,0.007685943299792869,0.8034164877043116
324,0.21850331352209462,0.4591238537324051,0.007200719599151341,0.012159701673061216,0.30301241147328767
325,0.35297473567961707,0.3857193896407532,0.007668046873418909,0.021232305172725514,0.23240552263348535
326,0.32443914680191877,0.3545321528639815,0.01092352028211611,0.013877672638705471,0.29622750741327813
327,0.19248314029734603,0.6357984780695027,0.030130791470553156,0.027425006154744642,0.11416258400785337
328,0.14753597772603966,0.7677479922799477,0.02174021577358512,0.020828512613751654,0.04214730160667571
329,0.26002749307297834,0.5298170859518974,0.01653685716377416,0.03073253701283752,0.1628860267985127
330,0.08089398734126997,0.849239413805629,0.04102429931859797,0.010779748519771202,0.018062551014731778
331,0.09830467629629516,0.8057619581942906,0.024312198758218915,0.03492755077402426,0.03669361597717099
332,0.07382676440671829,0.8777387726058823,0.03266840085293012,0.005893576514774318,0.009872485619694851
333,0.09548473834608348,0.7962307143157719,0.047035190365816514,0.03950055511586292,0.021748801856465105
334,0.05449793203470707,0.8213415476811481,0.06817519321875411,0.03700729903005676,0.01897802803533383
335,0.048656587310224,0.834709668455013,0.05947945645183119,0.028985542873395914,0.028168744909535966
336,0.10119416204783122,0.8369110436264356,0.023737392098798396,0.020476447149514992,0.017680955077419697
337,0.06489783930060752,0.8416922931779833,0.057350498828857725,0.015589575709186714,0.020469792983364668
338,0.06344033053736299,0.7856327853088702,0.12453011256006961,0.016977423624420146,0.009419347969277141
339,0.05804585135665006,0.7995789590835131,0.12748547405913482,0.009967091376588784,0.0049226241241131586
340,0.0660193969775748,0.7268210823365512,0.13379780631423135,0.049265034062729036,0.024096680308913477
341,0.031876971857547294,0.5162839689100616,0.4258635557773786,0.01743498846377642,0.008540514991236184
342,0.037599668167620906,0.5950507314254216,0.3131906418726563,0.039609412392438315,0.014549546141862754
343,0.04070532996065346,0.5729887264742081,0.3424745495671248,0.03031251786632562,0.01351887613168814
344,0.03717119978324422,0.6066558231260252,0.3105148502933007,0.03298499972511465,0.01267312707231524
345,0.03109685456967872,0.49510596245168365,0.4283268794544598,0.03270674203582379,0.01276356148835403
346,0.02690652884605749,0.46694240618814636,0.46407742998841545,0.033214114412393345,0.008859520564987398
347,0.019552829576324666,0.4307839957754398,0.522630810469771,0.021037475260652368,0.0059948889178121694
348,0.01922795153819256,0.4460397818736763,0.5180843307372794,0.012801651091288576,0.003846284759563101
349,0.017865685571674523,0.4456029664380766,0.514433571565383,0.017308616654718015,0.004789159770147808
350,0.022902305187463102,0.6038760601975292,0.3340306926844917,0.030550286615533315,0.008640655314982716
351,0.009459722314911552,0.327052534577493,0.6541070274823961,0.006120811395533013,0.0032599042296660636
352,0.010854275621983628,0.370173365561759,0.596374247498867,0.01798286767743603,0.004615243639954313
353,0.012661362083042067,0.3761589081087174,0.5826315382740702,0.02275653309621847,0.005791658437951783
354,0.018929060524099962,0.5965745538949543,0.3447169304509377,0.03070928390047795,0.009070171229530043
355,0.018386995752584335,0.38284580893715076,0.5605220966694838,0.03174644191723029,0.006498656723550814
356,0.013198686151538096,0.3699807868123256,0.5854805069172726,0.0260484844091096,0.0052915357097540324
357,0.00880204304561021,0.23093548100319028,0.7370274660684313,0.018436647991300265,0.004798361891467878
358,0.00825696539142637,0.23747965398753523,0.7321097995615332,0.0185049056603332,0.0036486753991719877
359,0.02537076272214955,0.5037729654241546,0.42239473239655484,0.038967237805212177,0.00949430165192871
360,0.016617979753637914,0.5533157427992751,0.40165501910703244,0.02315602756835655,0.0052552307716980575
361,0.016521164021547387,0.4362340168707364,0.49687479332448004,0.04138122061736741,0.00898880516586872
362,0.031648058571343486,0.5751698577783027,0.314212090470372,0.06547189020111663,0.013498102978865176
363,0.009751717653367669,0.1601193643482438,0.8056956879796415,0.020240155536262776,0.004193074482484317
364,0.02112695424971856,0.4622993034318941,0.4803283700226733,0.028957831263998247,0.00728754103171588
365,0.012127675332946843,0.25119791707245737,0.7123978531585877,0.019328992659990853,0.0049475617760172
366,0.011732604011219425,0.2267839454315367,0.7402698089240197,0.01677732632300531,0.004436315310218802
367,0.02148098906327528,0.40497329052642983,0.5258063008336447,0.03776577921300886,0.009973640363641291
368,0.02443958243918622,0.4677379818127705,0.46900571833681354,0.03198128818434255,0.006835429226887172
369,0.044808669431010244,0.703819538246668,0.16402242286528473,0.07515149859802848,0.012197870859008614
370,0.065514476245152,0.5804597776915865,0.2703144136921943,0.05489488770946244,0.028816444661604587
371,0.051309715611520326,0.7004985620601464,0.19031650347330356,0.030723527683885424,0.02715169117114439
372,0.07427290291174642,0.6908974743509264,0.13330911614458152,0.04413907167192108,0.05738143492082463
373,0.10870904989103823,0.5829392085517867,0.17415785580035362,0.05570492043774675,0.0784889653190747
374,0.34072403388384015,0.30631137941015074,0.006102548847689328,0.10313740212502696,0.24372463573329267
375,0.008657300366185686,0.013139211149600814,0.00011718620246068693,0.0017972638383502075,0.9762890384434025
376,0.022143319737813645,0.016127430570526003,0.0004406699123554059,0.010632854744202428,0.9506557250351024
377,0.07332451411696897,0.011392849833720228,0.0026197279699430196,0.014291537095546047,0.8983713709838218
378,0.02881984050948451,0.008675354483783256,0.0015350007996214803,0.005026516283834201,0.9559432879232764
379,0.03346555537016765,0.017071523902551032,0.0009108492926555167,0.005667323170399936,0.942884748264226
380,0.057668958440758485,0.024413620587599015,0.00011396233896155447,0.0010019939487087835,0.9168014646839722
