epoch,N1,N2,N3,R,W
0,0.08473119177556604,0.015522882024993138,0.00015515983183366335,0.006417696415287986,0.8931730699523193
1,0.16026854716050848,0.031140502664153583,0.00025066683624507154,0.008832686311403664,0.7995075970276891
2,0.11968231889287455,0.011967963772181843,0.00012418343170576636,0.005505602567585225,0.8627199313356526
3,0.04051388328726859,0.017980349457380865,7.940797646731078e-05,0.0022715988941809594,0.9391547603847024
4,0.12509998227566724,0.014125116150217871,9.277112831895093e-05,0.004204923234387082,0.856477207211409
5,0.05368206698721777,0.005896870821964967,5.636935757779589e-05,0.004302289795389959,0.9360624030378494
6,0.041732576427366955,0.006708980343330045,4.972985889101302e-05,0.0021091220023968143,0.9493995913680151
7,0.07880169805288745,0.02269256262540615,0.00012989074189471658,0.007091609382680617,0.8912842391971311
8,0.021159527002001906,0.004259942196412643,5.256250470501808e-05,0.005332068801284339,0.9691958994955961
9,0.08126858452025819,0.009787415089919673,9.98717541586869e-05,0.006648703892952966,0.9021954247427104
10,0.2297026926303402,0.02346760920834965,0.0001671101223317006,0.013453517511363092,0.7332090705276154
11,0.17259883345000715,0.02797258151047548,9.753894614064492e-05,0.01426726252999367,0.7850637835633831
12,0.05060753940954167,0.006593762190328107,5.3046631168047596e-05,0.0023680768622418268,0.9403775749067204
13,0.1826597100571043,0.01701150451551298,0.00013514510726031246,0.013305285779269357,0.786888354540853
14,0.09770633427926213,0.01592559224523939,0.00012182026504899169,0.006777652657268451,0.8794686005531811
15,0.17912654092194022,0.05827911411800357,0.00025135917643074517,0.016049434161682228,0.7462935516219432
16,0.14354411467098702,0.18863615758779104,0.00045236830443955877,0.01187258383437762,0.6554947756024047
17,0.00676929227885458,0.003705511576924648,3.578449328500265e-05,0.0009659802080070251,0.9885234314429288
18,0.07167344129775863,0.027984580753274414,0.00011467776421174208,0.00495919501241819,0.8952681051723369
19,0.12340568747218007,0.048435987441476834,0.0001598005403778688,0.0031471317180571555,0.8248513928279081
20,0.4602262947619236,0.13918698651629366,0.0006425438200885573,0.03125258858411021,0.368691586317584
21,0.10553761330787399,0.01628945078101966,9.907669093538822e-05,0.007593453426439954,0.870480405793731
22,0.1908084772320115,0.2636342994123239,0.0008251479412762359,0.02301748655026007,0.5217145888641282
23,0.127306194052897,0.4251104262548145,0.0012309675583999221,0.04335325197107759,0.40299916016281084
24,0.022905934135610838,0.008779617880326926,5.420976749912494e-05,0.0009833109274959434,0.9672769272890672
25,0.3508629000017887,0.21716124842804102,0.001289875953708213,0.04086451800400176,0.3898214576124603
26,0.1984356118134072,0.657910855466657,0.0009364552038848861,0.04294115181732121,0.09977592569872984
27,0.0855338097639779,0.8437397636821948,0.0017018718523785252,0.015478312541422075,0.05354624216002668
28,0.08199946857662962,0.8574437175011114,0.0014011824299821284,0.010644025384036231,0.04851160610824058
29,0.04352692792039965,0.880674162377933,0.000849120464501496,0.008310010023327822,0.06663977921383815
30,0.13549282323081793,0.6246328716784042,0.0009409727596562281,0.03125662149450954,0.207676710836612
31,0.016068414135787905,0.9411462384561852,0.0014434626582438801,0.002289703800339331,0.039052180949443835
32,0.06394820311497769,0.07893991578108733,0.00014213900248492313,0.0033727916015495905,0.8535969504999005
33,0.20467574100598918,0.3289887286268013,0.0005233960720694982,0.00463287866247134,0.4611792556326688
34,0.29302985201518367,0.16783172927048667,0.00025537189258221035,0.002402380583363474,0.5364806662383841
35,0.18633112817306366,0.6765212914879419,0.0007228927893468818,0.0017244986400782158,0.13470018890956914
36,0.17701019000059526,0.6398523539640315,0.0013223764555222784,0.007313652737309585,0.1745014268425413
37,0.14068667146944028,0.6910663243431616,0.0012836197744516666,0.01682989228390959,0.15013349212903687
38,0.12739953102685675,0.1976246648046322,0.000344787585926751,0.00621164202403849,0.6684193745585459
39,0.12467301292501574,0.6312400704336865,0.00024661486866687946,0.004929459656307078,0.23891084211632396
40,0.00619746451038145,0.0038900433675351093,0.0011035320905770256,4.843568168260918e-05,0.9887605243498238
41,0.004487260003511333,0.003832437952838251,0.00025913698121216564,4.029363995199423e-05,0.9913808714224862
42,0.03806877110280126,0.015771830251070526,0.0002354857141705531,0.00039000973061356864,0.9455339032013442
43,0.005735090863852757,0.009587269844978005,0.010913859694682138,0.00010267046233068122,0.9736611091341564
44,0.010084116357630287,0.00680094336845833,0.0004245686803475215,0.00013174573468086213,0.9825586258588831
45,0.0561884864333898,0.004124564905897261,4.714348587950506e-05,0.0012155972190985608,0.938424207955735
46,0.08974568405343736,0.011568263831269823,5.952619921068104e-05,0.0011847589350364675,0.8974417669810456
47,0.0676331018006661,0.009811352788843465,3.9609007747632464e-05,0.0006013517510507193,0.9219145846516921
48,0.21831690196729464,0.012015586669863897,6.444049899616986e-05,0.0012931883685965968,0.7683098824952486
49,0.27238062045285116,0.01378938341067333,0.0001149853742825887,0.0019379260246851079,0.7117770847375078
50,0.19665758838536151,0.011282348689733903,0.00010705075748244871,0.0036073567994866365,0.7883456553679354
51,0.22441330029417347,0.014385853057679672,0.00011250463994348426,0.006422047012900732,0.7546662949953026
52,0.1936893413123928,0.014597589419287056,0.0003719708933259221,0.007636587268862098,0.783704511106132
53,0.06597669811621858,0.006263066149588229,0.00011352871714409225,0.002446044517678096,0.9252006624993709
54,0.07714100464733589,0.010567125587238805,0.00011150307573347806,0.00414172436788885,0.9080386423218029
55,0.06295927312603979,0.009540947880455251,0.00010675913825305691,0.0036343875953723293,0.9237586322598796
56,0.050973979872786755,0.016408053957682484,9.717234676238111e-05,0.003724760519786216,0.9287960333029822
57,0.053513468512475564,0.011119315343534199,6.957813903642245e-05,0.0036460709062394207,0.9316515670987143
58,0.05224937264851,0.010416545356849273,7.69578894565736e-05,0.0026689389843418975,0.9345881851208422
59,0.010009516166038514,0.009408185761807979,4.204065042582069e-05,0.0008795255651773017,0.9796607318565504
60,0.03300276402797165,0.0030287328841589493,5.023874818390948e-05,0.0013000461690172423,0.9626182181706683
61,0.028704860349876363,0.003250062799410817,2.737709717873131e-05,0.0006043075999799452,0.9674133921535543
62,0.0666049015815548,0.007597442498894586,5.565783715442732e-05,0.0015653759550283953,0.9241766221273677
63,0.014937102021578389,0.0017464310217814604,1.785505337275743e-05,0.0007371158417404384,0.9825614960615269
64,0.004215428658280656,0.001273226913496701,4.76251712772646e-05,0.00011299094385110644,0.9943507283130943
65,0.10802264147973532,0.026382871229324218,0.0003226325104595128,0.013554690377689742,0.8517171644027912
66,0.07351883738944621,0.013367414026041748,7.849907873005856e-05,0.010564141290289587,0.9024711082154924
67,0.3001268005783403,0.012963577621624402,7.835814586166321e-05,0.011039639695940105,0.6757916239582334
68,0.034469033701023326,0.006416996050969576,0.0001042680511607994,0.0011259943198344002,0.9578837078770118
69,0.06427857539838078,0.012384369340257129,0.00013128603416412134,0.0021580128193796786,0.9210477564078182
70,0.09244505558585342,0.060687554901316144,0.000633094722719923,0.00812191407329908,0.8381123807168114
71,0.13370651872450695,0.013178604598858844,7.460390055705303e-05,0.004617399048717897,0.8484228737273593
72,0.012898832345911833,0.006489425613378362,0.00028510503679058275,0.000143898308191329,0.9801827386957279
73,0.15491232471000044,0.010285819803051913,9.715733479897945e-05,0.002663279392642359,0.8320414187595063
74,0.005367489274795094,0.005587319155179746,0.003450756923661029,4.0836928471650055e-05,0.9855535977178924
75,0.1965150220438618,0.015185693558201043,9.78732181457869e-05,0.002464173824737284,0.7857372373550541
76,0.255170265927704,0.02793449298731702,0.00028478805397799987,0.007915342599957215,0.7086951104310438
77,0.08581815330851005,0.008826747277511558,7.542224314643784e-05,0.003560695173655638,0.9017189819971764
78,0.09373797211527159,0.008542184387442536,6.217910865974459e-05,0.001998310671898151,0.895659353716728
79,0.06789288831607862,0.011730917059350322,7.444499668931158e-05,0.0016396561608852073,0.9186620934669965
80,0.005756515181479825,0.0015501447895792959,4.441069321550189e-05,0.00043470181049879114,0.9922142275252267
81,0.07753434468837776,0.005565826280257518,7.293624088230863e-05,0.002485386126057078,0.9143415066644253
82,0.10823060163941711,0.013697926090461514,8.800891286678631e-05,0.0054087634179241055,0.8725746999393303
83,0.016825427572916152,0.004800665698538797,3.0123414440480506e-05,0.00045177166448117815,0.9778920116496235
84,0.08656055597159362,0.0055050010618536895,5.836623361653818e-05,0.0022189490976421175,0.905657127635294
85,0.019653280618986253,0.006558345862131252,0.00046789312397950314,0.00048634554780803115,0.9728341348470949
86,0.09163063238463065,0.04889428061520587,0.0005400653017028222,0.0024665635232330677,0.8564684581752277
87,0.5351612394603247,0.09053902342213975,0.0002202649743679206,0.02078458910586262,0.35329488303730505
88,0.5622523121698462,0.08724630252027629,0.0004977611536668698,0.02122809516474097,0.32877552899146956
89,0.5577770305142645,0.2485561824057156,0.0011271022639782488,0.016789460703836724,0.17575022411220492
90,0.5494854662610595,0.37984917808747237,0.0012647149456219498,0.01998676547163681,0.04941387523420934
91,0.1579263469530022,0.8039780889339014,0.003873555152417912,0.012876713938879177,0.021345295021799198
92,0.10536720842003089,0.8428560638373467,0.0015922766110618998,0.04401241832481371,0.006172032806746648
93,0.015804541072812792,0.9679014986945892,0.0023743224854824744,0.007537342226668186,0.0063822955204476395
94,0.008140990169570586,0.9564826278968224,0.013306234013376135,0.003447812925501596,0.018622334994729206
95,0.011246761894944668,0.959339471375514,0.008820052579013176,0.004624587950306472,0.015969126200221728
96,0.07135852430285489,0.7543847817392859,0.04125912408625798,0.01068897122705808,0.12230859864454297
97,0.063048455367797,0.401677319904941,0.048193110398720616,0.003841927028201646,0.4832391873003399
98,0.03050673759415153,0.04036812581321672,0.0001706991483121689,0.0053517039703749065,0.9236027334739447
99,0.1296823795039611,0.08751631018913573,0.0038913920178270545,0.002045356568279354,0.7768645617207968
100,0.0327061392051943,0.009223704304904323,0.005157741986601441,0.0008869205424796784,0.9520254939608201
101,0.10549308967243923,0.019509310011619495,0.00015999124861067654,0.0016123320271356706,0.873225277040195
102,0.05209898177959242,0.016966217970361037,0.0007586219318823447,0.001103911172375935,0.9290722671457884
103,0.5208646920903881,0.20222799249025317,0.0014283288943776203,0.010922472233236608,0.26455651429174437
104,0.32436073759900547,0.5827766549011243,0.0023088006243366654,0.011537193460630445,0.07901661341490308
105,0.06994557677542236,0.9201026035650501,0.0008132537595314575,0.004125633586888806,0.005012932313107264
106,0.01973499723656836,0.9515471433904894,0.0040879775157412175,0.005310448800540632,0.01931943305666046
107,0.016766778012247383,0.8659396361885671,0.09291531910748772,0.002540100883392078,0.02183816580830566
108,0.004487589194893059,0.9759909109037127,0.008335760904106912,0.004185882375002339,0.006999856622284992
109,0.013006939420181914,0.9707919189279199,0.008384110884718146,0.005728303774582551,0.0020887269925974994
110,0.004667620261083657,0.9665282876059273,0.019990431119355827,0.001342221517931544,0.0074714394957017165
111,0.002661866506478619,0.9552618989292386,0.037828185042892135,0.0004792443790254433,0.003768805142365154
112,0.04195529539538309,0.8820386128840272,0.04722887783377515,0.000966607402440978,0.027810606484373567
113,0.014216236199616048,0.9646808756554841,0.012847482114098915,0.002004488991230953,0.006250917039570083
114,0.024491236850185786,0.8831329926899619,0.08039469323649284,0.0007159261166351244,0.011265151106724353
115,0.04034067489873578,0.9137669140171968,0.02806033943649009,0.003384042304469162,0.014448029343108107
116,0.02285450248626544,0.8978291796637194,0.07225040583802943,0.00041306095611393464,0.006652851055871819
117,0.01090422239124383,0.9298161865366873,0.04881627452847946,0.0004943182871139185,0.009968998256475509
118,0.004551504206606058,0.9156878618184724,0.07559792553973184,0.00017726197748173212,0.0039854464577081
119,0.006677407145345179,0.9326794457210692,0.05146600971564659,0.00012852064468943681,0.009048616773249694
120,0.019559735509134597,0.9210127415783423,0.04146683106846247,0.00020542483957522025,0.017755267004485153
121,0.028425353982766136,0.6157552874205463,0.32432974761820194,0.0011125199422185894,0.030377091036266995
122,0.05141759000321143,0.8074434036363626,0.0780699197195228,0.0014849690344992505,0.06158411760640418
123,0.014066374959173211,0.8996475108270514,0.07866415509585958,0.0005671815308964241,0.007054777587019434
124,0.015092989136135201,0.6111505836667299,0.3620857967039885,0.0008039821073399471,0.010866648385806353
125,0.0287928805144047,0.484546655987536,0.4656986131803549,0.0012922470357864967,0.019669603281918028
126,0.007026158159529682,0.4519247563084283,0.537370141250062,0.00021645208912031237,0.0034624921928596026
127,0.016502288555739764,0.5186088083938969,0.437375662038809,0.002550408681235835,0.02496283233031845
128,0.017789892786422276,0.3658274314513251,0.5683327180643287,0.0019519917291013836,0.04609796596882236
129,0.013106690661080125,0.296712710696289,0.6153108002801095,0.0010982125990317059,0.07377158576348965
130,0.014475198446576593,0.346933774292321,0.5774229446809045,0.0012817112277686339,0.059886371352429295
131,0.012682106734913169,0.26573634073235225,0.6750512452184937,0.0012860525274613088,0.04524425478677951
132,0.010505041854844228,0.3154882411470107,0.6429373501894038,0.0013029083420458523,0.029766458466695494
133,0.03306689346529863,0.6138307807689443,0.21216242064281166,0.005008269871603473,0.13593163525134197
134,0.01634815624233838,0.21995768453325465,0.6786532783059288,0.002419085871645627,0.0826217950468326
135,0.06736145832299059,0.46375756451903866,0.33027529710708176,0.004514160955992922,0.1340915190948961
136,0.04404020657330954,0.40076444347188356,0.28697499249850594,0.006546206132334685,0.2616741513239664
137,0.0614920945030441,0.581242455163636,0.17073411332315996,0.00867669631839786,0.1778546406917621
138,0.3302877378613903,0.10913695247101876,0.0030583763001171133,0.0037605151591933316,0.5537564182082806
139,0.4069022722433355,0.475913755341874,0.022340830102469074,0.008195645275417439,0.08664749703690387
140,0.31602209344586674,0.4096855132587834,0.04639285794500875,0.005962544310419154,0.22193699103992193
141,0.08187612406825533,0.23358630679043826,0.012119134283678093,0.0060636967367717984,0.6663547381208565
142,0.09413148918124943,0.09019941335181522,0.022196507820567934,0.0034683602745923673,0.790004229371775
143,0.0774992933765018,0.6736928949907017,0.10464484912992243,0.0018404205655729363,0.14232254193730112
144,0.058396911330357876,0.8461308938958017,0.06974939944707874,0.000583948862148018,0.025138846464613927
145,0.01641902405536343,0.6829147689851411,0.2789787009330735,0.0007519864519262896,0.020935519574495683
146,0.051771902985128626,0.8290383144820196,0.09262991956495172,0.0010873554720178902,0.025472507495882042
147,0.06722101457276734,0.30705591649267666,0.06843278623028254,0.008139446787145791,0.5491508359171277
148,0.29314098704256075,0.4237561310241271,0.024627989801041354,0.007019524789880032,0.2514553673423906
149,0.07479226402724598,0.7710215098832771,0.062128409889211936,0.0028793174934915273,0.08917849870677347
150,0.03891563807394088,0.9057765545676779,0.0199360414057825,0.004172961858301739,0.03119880409429695
151,0.0787896944677703,0.8389685179906631,0.0678080659860773,0.0009956999276110295,0.01343802162787818
152,0.056932034399538374,0.8175405208862513,0.10407556006677943,0.0016380817344474985,0.019813802912983524
153,0.028165670641247986,0.860568126965089,0.0967171074105333,0.0017297241167524367,0.012819370866377475
154,0.13968858019639277,0.6056857014419991,0.08783032256006372,0.006442257624243501,0.16035313817730082
155,0.37551309967507907,0.36028730099595935,0.004640142827979993,0.019722973215733908,0.2398364832852477
156,0.1425617030025251,0.7657655507857576,0.04785168708990702,0.003756877731656715,0.04006418139015349
157,0.19014567264884524,0.4780184309233802,0.08167618149316093,0.00881694048831205,0.24134277444630142
158,0.3410235761460893,0.4233511008698744,0.021108553900412316,0.005308770238823023,0.20920799884480096
159,0.03101673236923356,0.9036916943497028,0.051533098202891564,0.0013343639156566639,0.012424111162515461
160,0.0315027428256877,0.8123087021277556,0.12217811867503016,0.001161131061705772,0.032849305309820616
161,0.07481627479041886,0.6640004747499976,0.14363057210092187,0.006246989356665654,0.11130568900199614
162,0.09895329164406054,0.7067458064789217,0.1241731050103202,0.005264973958589377,0.06486282290810828
163,0.01923859004133468,0.4855543107266165,0.4736834765873265,0.0011201378567337577,0.02040348478798865
164,0.02916055950986253,0.8819286525309535,0.06275514554224472,0.0021594651621148877,0.023996177254824294
165,0.039368803051585195,0.6060745686669512,0.25921879061282427,0.007130856439365028,0.08820698122927442
166,0.07311298387939597,0.6440182878921388,0.12635181236326287,0.009991804460572129,0.14652511140463031
167,0.051461274021892926,0.40875746843110466,0.4029770773140291,0.007442919695351167,0.12936126053762195
168,0.20415230354725802,0.6622707729414896,0.06003927767464021,0.008271124935280264,0.06526652090133189
169,0.02001229799301347,0.26483171290178287,0.6987673099671596,0.0010492146167743058,0.015339464521269703
170,0.0645878733623073,0.44152576490163076,0.4473141115661788,0.007982286458483225,0.038589963711400034
171,0.06068695115284894,0.38916213238776975,0.4825676225749842,0.007478865913604243,0.06010442797079283
172,0.06436036855245518,0.586975891112056,0.16881785745465377,0.01379246452463943,0.1660534183561957
173,0.13589228326530955,0.5962554019655304,0.13722172083692186,0.018638095828076955,0.11199249810416112
174,0.032815511454608925,0.6329641454357253,0.24499346612673162,0.03240756282102238,0.056819314161911626
175,0.05825358683952334,0.5816384927545033,0.23653435151580327,0.08836819536161086,0.0352053735285593
176,0.09609476556039132,0.5180716280534722,0.01116218592696206,0.16234399235590727,0.21232742810326727
177,0.10171632999415248,0.6518459187634277,0.048299573353854215,0.051496719309342485,0.14664145857922323
178,0.18961831372303453,0.31884004361275226,0.01553133134539676,0.11821842419326019,0.35779188712555626
179,0.1282834229257226,0.1339354536086015,0.016016962950816456,0.3064430324365802,0.4153211280782793
180,0.05997508345524608,0.04609343864402456,0.0003446554451024951,0.2870458418036175,0.6065409806520093
181,0.08450834422214809,0.07834591241835152,0.0014665610286544752,0.45504408054681406,0.3806351017840318
182,0.052208761680428,0.05587300526292824,0.0019661615826847365,0.7508060786233814,0.13914599285057758
183,0.07631364511123133,0.09041101021718728,0.0030751337965512454,0.24410282894599672,0.5860973819290334
184,0.0641179625480552,0.08234506865950875,0.003485555328978209,0.12554118697391844,0.7245102264895394
185,0.08230577845217132,0.1782055904719099,0.00990674828781062,0.19341619548784186,0.5361656873002663
186,0.05495564575594711,0.05837285856843821,0.008840670970282932,0.3052080121397712,0.5726228125655605
187,0.028020042585925317,0.05391012633463974,0.0042320206791630005,0.33860669213505207,0.5752311182652199
188,0.027848790217138628,0.03293002751030112,0.008115905769336787,0.4096737896591639,0.5214314868440595
189,0.04344098863746052,0.04224417099199244,0.000703873023164398,0.5360508837724184,0.3775600835749643
190,0.07396271566537786,0.06369925242481882,0.003304480146600718,0.28178907249684687,0.5772444792663558
191,0.1695618688731514,0.086337608746994,0.0031366100784390107,0.4834997617928232,0.2574641505085923
192,0.06582938177076275,0.1066293113912333,0.002475442092976504,0.3876259416890652,0.43743992305596213
193,0.1898642962942886,0.17065876485901613,0.003443103134984923,0.4359923054090031,0.2000415303027073
194,0.1589558032839103,0.09072302743537256,0.016186200714630068,0.04327035742179078,0.6908646111442963
195,0.14322703367257392,0.06724339840249544,0.004060810796928002,0.12910283473868403,0.6563659223893187
196,0.16237860250902983,0.04546095465386629,0.01685466678937795,0.13184207917061205,0.6434636968771139
197,0.10636173308786734,0.08636961165601247,0.013744140825450075,0.17384101702390858,0.6196834974067615
198,0.08845656903723718,0.03613199352646357,0.0088447539206054,0.04248783193787892,0.8240788515778149
199,0.027269945215731825,0.012917319212847325,0.004069984545824311,0.023234933761102278,0.9325078172644943
200,0.4274248998612292,0.0836981920845801,0.0115239691425627,0.06807094535424847,0.40928199355737954
201,0.23878335413037888,0.06489803934276592,0.3003542631019855,0.09730609616117196,0.2986582472636978
202,0.051150007861911206,0.038962043263417845,0.4608466260124697,0.0360575681865203,0.41298375467568105
203,0.08895064786403649,0.0326879001010165,0.008491221399227181,0.06395067464806979,0.8059195559876501
204,0.05468279352229523,0.017142977975063197,0.0041162894455608594,0.05642381857780182,0.867634120479279
205,0.20275769445617198,0.04622791137225343,0.0014824073638017201,0.42054198587530744,0.3289900009324655
206,0.1664983129060385,0.07110844258166574,0.0003818044032764222,0.4924332053427289,0.2695782347662904
207,0.18795808946599254,0.06116958138045976,0.0003473954604041895,0.3121400891064486,0.4383848445866949
208,0.43141457998071764,0.07373144822682957,0.0098273063745235,0.1594174780532404,0.32560918736468886
209,0.13563541942419474,0.10788173295247379,0.006687077111462004,0.1997045129978935,0.550091257513976
210,0.2185553687048552,0.14022549796325753,0.0018936011519930685,0.51604377686981,0.12328175531008424
211,0.06604506818125701,0.056772892435919875,0.003593040034877341,0.3758266748956673,0.4977623244522785
212,0.10264059873244219,0.06660938327077236,0.006502120728887682,0.4217501006909173,0.4024977965769804
213,0.05143422268131049,0.028935496321844206,0.006598965191943705,0.5203151701707286,0.39271614563417306
214,0.08604917143171996,0.051770023676203536,0.0023396617798530383,0.6001363718697461,0.2597047712424774
215,0.11548580738770065,0.06575739119489456,0.02279860935267333,0.4348864851531928,0.3610717069115386
216,0.10691018704511611,0.05606118893574282,0.008218585349390507,0.1227592832018054,0.7060507554679452
217,0.2943518521253972,0.09146549727253994,0.0010165538310281717,0.25025898925872947,0.36290710751230526
218,0.3871989695928855,0.09355982871293397,0.004098925847559985,0.29253856344922835,0.22260371239739207
219,0.18949574579740772,0.1412668476637684,0.0023880354177293088,0.39148503820996583,0.2753643329111287
220,0.21475150461810158,0.11194261791330735,0.012364400492641144,0.09182282152154456,0.5691186554544052
221,0.10507326946796001,0.06682519519725781,0.0011848855914757873,0.4154343995038685,0.41148225023943785
222,0.08301657504980296,0.0416777543835749,0.00036392655302794043,0.254968471557835,0.6199732724557592
223,0.08732010489878073,0.022044554904241353,0.0011710695240016288,0.08097016051070849,0.8084941101622679
224,0.2492651997754916,0.03695199676552523,0.00026727097723886276,0.06834836222471823,0.6451671702570261
225,0.08993316664615163,0.02582709104442356,0.002836323123327744,0.10690812071515556,0.7744952984709415
226,0.13317580168636844,0.010365418144005252,4.2043601220049295e-05,0.013850912970928877,0.8425658235974774
227,0.28824288923471775,0.0518278047263778,0.000560677753145493,0.11731414876818536,0.5420544795175736
228,0.07199947489171807,0.01582468360510541,0.00016606702209783552,0.06400551466121747,0.8480042598198612
229,0.2822186848474755,0.03428059671468851,0.0003261996841536724,0.36443012334993424,0.31874439540374816
230,0.27507893084457913,0.040494110672693186,0.00030695273286793684,0.3742774956691047,0.30984251008075503
231,0.30563221476893804,0.0726589297449548,0.0002718985904979463,0.39672128707499577,0.2247156698206134
232,0.2121985050627747,0.052462110027174616,0.0003487348493536766,0.3255939242709015,0.4093967257897955
233,0.21649286519781036,0.08091525974778924,0.0010641054684943805,0.2669807751095256,0.43454699447638045
234,0.22809803946238327,0.06632398215963181,0.007240224171189564,0.12199811873049961,0.5763396354762957
235,0.12962708963643388,0.07916741765053133,0.003693316193472625,0.3536946991623187,0.43381747735724346
236,0.10919064313034692,0.052985319253777356,0.008050726414152509,0.24176961312824483,0.5880036980734784
237,0.24999979820377433,0.18029374596720193,0.005908479023748067,0.417364728439487,0.14643324836578875
238,0.16519814123328075,0.5277923651692162,0.03872742966801909,0.17038441213064415,0.0978976517988399
239,0.5042043352592731,0.21301645699156796,0.019360326840167363,0.10949072488423685,0.15392815602475465
240,0.4237634454587671,0.35501248795680057,0.037277377385937484,0.05264976554379315,0.13129692365470166
241,0.1621296130914366,0.43297320548630963,0.09146748192318983,0.1715579648819255,0.1418717346171386
242,0.15691146398609546,0.33541681135627005,0.037512523931119084,0.19904609214349814,0.2711131085830173
243,0.17056239453173488,0.6788716683059695,0.006825897082363546,0.09420723366606529,0.04953280641386701
244,0.0846148613619168,0.7693079943564659,0.060675053886955425,0.01937373030636368,0.06602836008829822
245,0.11012152594391585,0.4708877007682588,0.12225153317774143,0.017952700138071934,0.278786539972012
246,0.13124556685220012,0.15889415533267096,0.008719873699124829,0.006334245629388359,0.6948061584866158
247,0.37483656449433417,0.560326649210093,0.023505714054947342,0.017928905951476833,0.023402166289148707
248,0.11385294684414617,0.7710484678578388,0.05914159413523445,0.0057078316751435374,0.05024915948763703
249,0.031108213865336114,0.9155504059954183,0.02671447539833594,0.0035210134284497092,0.023105891312460075
250,0.006941179356861511,0.9623476639778984,0.023547630746522108,0.0021961563956262903,0.004967369523091606
251,0.04197323371741729,0.8866268865788073,0.05215623659363419,0.0036628207654566527,0.015580822344684537
252,0.04497452779899193,0.9000416765101944,0.04119049371681195,0.006178867114094387,0.007614434859907394
253,0.20221413130208052,0.6734510041038774,0.09973862195905796,0.005335578371343702,0.019260664263640453
254,0.07327584264580929,0.8994536000802102,0.010503988923881696,0.005245272675722322,0.011521295674376422
255,0.07088470549874946,0.7965480134854988,0.12624831614688095,0.002898792169992356,0.0034201726988785023
256,0.04101817126237461,0.8731565329761507,0.05866183792355093,0.005521427165436586,0.021642030672487062
257,0.02171670467436445,0.8953999720211016,0.07357501105947156,0.0026521615523659226,0.00665615069269644
258,0.016233074031754974,0.956763673503116,0.0214075557502507,0.0025650957560172096,0.0030306009588613337
259,0.0920091271202218,0.7567256630437221,0.07216542366795942,0.028937268995522927,0.05016251717257367
260,0.016180725603412004,0.9553590955349439,0.022947322536626145,0.0030760637787974735,0.0024367925462204496
261,0.02125200798776636,0.9541066372840901,0.01705183943089177,0.0029893453029458577,0.004600169994305726
262,0.0052107696643247554,0.9515479165720122,0.038188311397192864,0.0016460235981632038,0.0034069787683071204
263,0.0018135762711887903,0.8777660475133838,0.11866030872638682,0.00046633324932266113,0.0012937342397180756
264,0.006709421558781652,0.9362636968581038,0.04947132697645495,0.0009246435061159802,0.006630911100543452
265,0.009144708282669308,0.9142266787045452,0.07185783039652548,0.00041825940440667507,0.004352523211853275
266,0.00788868549489279,0.9575716329790087,0.03161403984743983,0.00042710137513016856,0.0024985403035287347
267,0.00980721996747122,0.9130934193699121,0.07164520629333239,0.0014758200212014558,0.003978334348082805
268,0.034869566600149844,0.7243590083270764,0.18167273904948425,0.006135884069795035,0.05296280195349433
269,0.015296833582110989,0.7723436664099218,0.19936434807042458,0.001921623545615834,0.011073528391927042
270,0.010263015112512845,0.6920215195348773,0.28877361170526944,0.0006838864441678438,0.00825796720317249
271,0.024035482008206557,0.5805441827821405,0.33387234148038253,0.005687837117206874,0.0558601566120635
272,0.019421460469369184,0.5655868335860259,0.3465923988947286,0.005123930642569995,0.06327537640730634
273,0.018683788714606187,0.4201586957051893,0.49163173845997865,0.002997193078365762,0.06652858404186013
274,0.016616768159343594,0.4977043323966348,0.4050360797882651,0.00483679589444769,0.07580602376130872
275,0.009609677641296948,0.3817311665692846,0.5645573585117639,0.003305193789909803,0.0407966034877448
276,0.010635416752930126,0.4614637860996726,0.4693951103056873,0.0027990799835619635,0.05570660685814811
277,0.018934151976676042,0.6450253445673133,0.22039674517838423,0.006066421641330062,0.10957733663629649
278,0.009850134708788611,0.3425609523968566,0.5731655542313892,0.0032878972386703098,0.07113546142429526
279,0.004458749257687009,0.21906550939174005,0.7648157806115038,0.0008380627127135999,0.010821898026355572
280,0.010545072063657929,0.4910140090862572,0.41195378295247137,0.005257333126792276,0.08122980277082124
281,0.0058799967107199405,0.31633669603086695,0.6709934524423817,0.001593538058877709,0.0051963167571537835
282,0.012326590615688887,0.4296778908256726,0.521174498005937,0.004060798047292516,0.032760222505409047
283,0.0031355289159928855,0.2069262815993638,0.7849342216465703,0.0011132233994582364,0.003890744438614558
284,0.026528310777918448,0.6539732140080615,0.26666733043268087,0.008485847690955025,0.04434529709038407
285,0.02019064877203553,0.5386295525134176,0.3888311551417679,0.00775151126825798,0.044597132304520976
286,0.01422939631636793,0.45740438697902425,0.4810300744053009,0.010199692285179819,0.03713645001412721
287,0.03563024835447335,0.4156315302405482,0.47516446815200236,0.007023574568174826,0.06655017868480127
288,0.018165641410061644,0.6424969443988202,0.3180630614698955,0.003835794797431336,0.01743855792379128
289,0.015901914932421282,0.8044253680724617,0.16938687868731125,0.0013642724056772836,0.008921565902128524
290,0.016300891247118417,0.6321350712469364,0.3243425128281984,0.005950246810486072,0.021271277867260793
291,0.008095240324423065,0.5259418302618301,0.45832802219167995,0.0037040372915459053,0.003930869930520942
292,0.014358837121255769,0.5871829448357747,0.3583945850135017,0.014671260693845466,0.02539237233562238
293,0.01230750357664742,0.43494233049756514,0.522190765495103,0.008368596295333404,0.022190804135351103
294,0.014968018588373317,0.5377378989472267,0.3984937745787654,0.006454644010184735,0.04234566387544981
295,0.0013301762935163924,0.10287831886960312,0.8944786721871201,0.0004135455447416246,0.0008992871050188194
296,0.012673703298845044,0.34209666781976167,0.6099579452617305,0.005073633699444694,0.030198049920218125
297,0.015538657403329229,0.48286086990285493,0.4758178312681668,0.004411872320633697,0.021370769105015452
298,0.01541925990529656,0.4316388591792305,0.5222750841413183,0.0031911282681435903,0.02747566850601109
299,0.01666662256667381,0.4510836483045074,0.4879832762590403,0.004058461042265624,0.04020799182751284
300,0.009216360857183269,0.3533737740466539,0.6192676269082438,0.002491207608800429,0.015651030579118576
301,0.012730518810112746,0.38136418926810256,0.5866633292020192,0.0028665918660608666,0.016375370853704534
302,0.017386295933166974,0.5134742578948955,0.42947030107236056,0.003964230455191426,0.03570491464438559
303,0.01188564129135097,0.2542812397778987,0.6924160014855644,0.004275698603600885,0.037141418841585144
304,0.017492385882669163,0.41127503150189,0.5324291851092547,0.004243436621415103,0.034559960884771035
305,0.004322948191124433,0.11707813009482718,0.8656205053477871,0.0014536044694146795,0.011524811896846591
306,0.009682976708125941,0.23279216059727076,0.7374858914405618,0.0027695147222142765,0.0172694565318273
307,0.003191658151132767,0.21717650502369967,0.7759867412935073,0.0006952074333836037,0.0029498880982767313
308,0.009463035571306205,0.32570590287340395,0.6403248715967989,0.0029060820351751444,0.02160010792331599
309,0.01565809295639451,0.35986130804448285,0.5819059804749052,0.0033978975975726936,0.03917672092664468
310,0.0027652120022455366,0.09697454958891781,0.8956626016855731,0.000917736209263998,0.003679900513999719
311,0.01376763535293148,0.3737232855239812,0.5720653725088847,0.005600608229087477,0.03484309838511537
312,0.011112888037841676,0.2891563239591922,0.6565897997561123,0.002549015848798223,0.04059197239805556
313,0.01358356522879339,0.40597077722068087,0.5294645055275129,0.0029528544813072367,0.048028297541705685
314,0.014333933218463452,0.324198597821255,0.618592094682107,0.0037709193364541807,0.039104454941720546
315,0.023125082115529556,0.5402893237595464,0.37271421037774644,0.005449510933635775,0.058421872813541796
316,0.02281711450950484,0.5323435605395105,0.33137754220696897,0.006534354199396877,0.10692742854461883
317,0.004375333183584054,0.11866237288870334,0.8549033426004433,0.0015723198503787138,0.02048663147689044
318,0.011266697210776559,0.28677949544744247,0.6546644746443939,0.0033471490835692346,0.04394218361381768
319,0.013725482812688697,0.3011139108630288,0.6298594733205801,0.003478803063146172,0.05182232994055615
320,0.00452322250362005,0.13592837323590137,0.8467293350525799,0.0012466652065958182,0.011572404001302768
321,0.010497921564883545,0.21694361483591645,0.7282063887116719,0.004576226462041552,0.03977584842548658
322,0.01069362440795192,0.2378111938753421,0.709087485066913,0.004188955592651962,0.038218741057141146
323,0.007938737586454666,0.2306761094315697,0.7098531679453938,0.004190840482828021,0.0473411445537539
324,0.010348835575112809,0.2685530802419709,0.6820849987778782,0.0037266229340635944,0.0352864624709744
325,0.007602423595655064,0.21124440000233619,0.7424180217191174,0.0036154663507747473,0.03511968833211657
326,0.012518856271050973,0.26625097395749575,0.6510668408295545,0.00487674345878811,0.06528658548311063
327,0.014391888080516897,0.3467658165289969,0.5854789854946016,0.003894371220360035,0.04946893867552459
328,0.01677404309385738,0.48015847218034874,0.4426652593515261,0.00456112800003419,0.05584109737423363
329,0.010357019498366806,0.3243932402184727,0.6140923197886533,0.0034023936351055247,0.04775502685940174
330,0.028059788443413197,0.4718395132196397,0.3962443035570641,0.0069904870468866145,0.09686590773299641
331,0.026750562194760144,0.516858764548689,0.2791716692019617,0.008323292407114788,0.16889571164747455
332,0.009353984448888231,0.2714595844627719,0.627156268646427,0.0034153714382450353,0.08861479100366779
333,0.010707211604809006,0.32166688853279995,0.6042583101974222,0.0024615670249607396,0.06090602264000808
334,0.029018159170584475,0.5332367982347324,0.317748436564342,0.0053400342551786955,0.11465657177516249
335,0.007880245724504685,0.23258454797241718,0.7097703160462886,0.0025633065438678345,0.04720158371292177
336,0.007397260437617215,0.24686251203728013,0.7151910561233351,0.00268015713493903,0.02786901426682852
337,0.009317744285921399,0.29956016988807577,0.6608033232678105,0.0032025428945947334,0.027116219663597528
338,0.006353025465054023,0.1969398413071121,0.7700496444368018,0.004000405696782099,0.02265708309424992
339,0.02121409602498546,0.4273854477024644,0.48517038068086754,0.007957148935100947,0.05827292665658174
340,0.02354547055011166,0.5808416640653392,0.3129203540125233,0.013509868768136833,0.06918264260388911
341,0.0034213262026775012,0.15510270852642988,0.8362740331840226,0.00156945704191477,0.0036324750449553845
342,0.01924491443436056,0.5562868144611605,0.3156007443154741,0.009084026933383609,0.09978349985562134
343,0.018065663330609546,0.38099703822570835,0.5188398732262219,0.0100934757587301,0.07200394945873008
344,0.006701036130298422,0.27036079570035504,0.7101602436043813,0.004229881129302401,0.00854804343566276
345,0.0037323163613430742,0.11198873294012653,0.8751301423233225,0.0033752845963117796,0.005773523778896212
346,0.00990529143642137,0.38362906848726136,0.5615739437456645,0.013758236533072737,0.031133459797580226
347,0.005294557350165539,0.22404472440222611,0.7519028611899026,0.009559161342158394,0.009198695715547425
348,0.013849744814040086,0.38832611527924393,0.5300905878363303,0.02003969959525208,0.047693852475133656
349,0.00586671095972532,0.252951471791659,0.7308682317255587,0.0033125616569993316,0.007001023866057645
350,0.02064313362643893,0.4702414418207013,0.41677224821211806,0.020471932625581203,0.07187124371516056
351,0.018515059973087254,0.3162914870036003,0.5936961436658645,0.021432428914201572,0.05006488044324616
352,0.013065894361344683,0.2991793103685494,0.6440441934413325,0.013421457168362681,0.030289144660410765
353,0.009234098705716226,0.26501407056159354,0.6844989278833232,0.009926848872501252,0.031326053976865685
354,0.025083283074579965,0.6181098279593925,0.2689510458459946,0.014732779441286287,0.07312306367874669
355,0.009979215544138458,0.2804877163925939,0.6965122911163413,0.004998643779024478,0.008022133167901851
356,0.01939026736889941,0.3960355900732238,0.5243053451779138,0.006617653163008806,0.05365114421695423
357,0.002459771287300601,0.06735812245622555,0.9190535286231027,0.0007586634761350175,0.01036991415723607
358,0.01573038974719999,0.28899073141681914,0.6185854717404773,0.0056443773022553856,0.07104902979324816
359,0.028074527180345484,0.6161802468285792,0.22740131456153928,0.012789318180230883,0.11555459324930514
360,0.014759087578481845,0.438493301483821,0.4803346862560697,0.006775371199558259,0.05963755348206914
361,0.010017407899726499,0.2448307562243697,0.6842737017617698,0.0053171611055810725,0.05556097300855294
362,0.01326501654143107,0.2143376752209564,0.7274069872526184,0.006958844297138103,0.03803147668785601
363,0.012553532197604527,0.2957277906085348,0.6261765883665423,0.009449390842586532,0.056092697984731904
364,0.011830597482109864,0.25506264200536966,0.6566148077602832,0.008712769542015875,0.06777918321022136
365,0.003427124613587968,0.09141179661167602,0.900990809364325,0.001201367885563209,0.002968901524847754
366,0.02065238559749442,0.4701229872523847,0.4636092422977015,0.01527820459972641,0.030337180252692955
367,0.005005888239929267,0.1402344661280133,0.8414162971928839,0.008749310299227778,0.0045940381399458795
368,0.008428630916292442,0.1665829848756309,0.815059792702004,0.0045823561556162795,0.005346235350456252
369,0.0021859650597307197,0.11872164592043269,0.8778452863943295,0.0005271709933963665,0.0007199316321109076
370,0.014453653304461932,0.47752823885067586,0.5006095340116946,0.0034162065814679248,0.00399236725169972
371,0.008265007027536742,0.2722398466820633,0.7115678567563772,0.002039333037049011,0.005887956496973741
372,0.007934870322939292,0.37990404133659705,0.6074835983353939,0.002115860088679648,0.0025616299163900118
373,0.012451186386656236,0.44974510182999483,0.5182395279740826,0.012706247959803785,0.006857935849462599
374,0.01720268626678385,0.5058049731148113,0.4232386783439171,0.021667371298704535,0.03208629097578314
375,0.015825263747193785,0.4502459096247122,0.4969725724923021,0.016326600868007236,0.020629653267784695
376,0.014746379983846683,0.38597128874641307,0.5418900909159055,0.011176112727851779,0.046216127625983094
377,0.012042382882588415,0.30731891786352294,0.644484005079262,0.011559503769965087,0.024595190404661665
378,0.005921970764077825,0.23076636587021002,0.7508904139682017,0.004326145710809549,0.008095103686701069
379,0.013080959524477711,0.34787466552528523,0.6061980841979421,0.009577458360331675,0.023268832391963375
