epoch,N1,N2,N3,R,W
0,0.17583882526805708,0.0334047198936292,7.752332287503938e-08,0.06356369131925405,0.7271926859957369
1,0.0826312309089608,0.005539104293745646,2.002802125803669e-08,0.005244225900111569,0.9065854188691608
2,0.09733220515254667,0.016233914801436593,2.0876755820246364e-08,0.006427795850252793,0.8800060633190082
3,0.0287244536841561,0.0033724763635939706,6.997133630095194e-06,0.003079630162826982,0.9648164426557929
4,0.11913565757429079,0.00819566124129707,3.946967254120411e-05,0.0037354291805716485,0.8688937823312993
5,0.05365919150096468,0.018974728988474698,0.0003405271950249928,0.006732069238695316,0.9202934830768402
6,0.05446261448323927,0.015686261464745176,4.387302547743737e-05,0.008579429878230972,0.9212278211483071
7,0.06389807997738078,0.017714501088374073,0.0003376830583792901,0.022152962707693236,0.8958967731681726
8,0.23631743010334666,0.032721747134871956,8.013541523960838e-05,0.04384666078702554,0.6870340265595163
9,0.4348246176110601,0.06430911148965468,0.00010714062907631678,0.09129861913980818,0.4094605111304009
10,0.15029356056278675,0.07953534462031733,0.000937750461464176,0.062335999171931084,0.7068973451835007
11,0.19996576605797958,0.02783409436047653,0.00010183169164074374,0.07633072660530393,0.6957675812845991
12,0.11097460835589099,0.06656472237603418,0.0007758093022750366,0.05286561126805918,0.7688192486977407
13,0.29777184304850657,0.0635859042536117,0.0003062131050543196,0.17008037489646172,0.4682556646963657
14,0.020565794467122162,0.002914043047517204,0.0001041903770311228,0.0025010202544072224,0.9739149518539223
15,0.03252392717579072,0.01485895451725588,0.00019826967812926942,0.0013855924634008515,0.9510332561654232
16,0.6045182382256271,0.03238071795742064,0.00015504666096757632,0.07461589408197179,0.2883301030740128
17,0.48007814282732625,0.11208170997749041,0.0006878446732738337,0.024764192197440422,0.38238811032446907
18,0.11047772161336784,0.10919691685898411,0.0014043249981482223,0.03065045305303122,0.7482705834764685
19,0.08530803199913244,0.07345620896661281,0.0008040672985487791,0.28874633711356035,0.5516853546221456
20,0.1028525496323781,0.10817954077496608,0.00017391363630337911,0.24299917815088476,0.5457948178054676
21,0.11244140505535459,0.09917953792769138,0.0001951444031603173,0.1390405417633392,0.6491433708504546
22,0.014108662002337838,0.01695227260878713,0.0001981751684250831,0.002338064053379166,0.9664028261670708
23,0.16367714069189443,0.07023425346360569,0.0001471165355770362,0.11226274513403169,0.6536787441748911
24,0.16294572905983973,0.08393858661642521,0.00012102521886762478,0.050234355696942644,0.7027603034079246
25,0.2682082064416521,0.05610231047215292,0.00016351369810492408,0.013847539594956448,0.6616784297931335
26,0.10719851673867294,0.05375242447852213,0.00018152124200513677,0.014361744472270725,0.8245057930685291
27,0.3205225360169156,0.12277892467041757,0.00031950283727520917,0.09212076555616848,0.4642582709192231
28,0.26360166373109284,0.09046095349546845,0.00037562877236669537,0.04056712339960919,0.6049946306014629
29,0.2471608466382589,0.08362745096166645,0.00030092601300428685,0.027781802584605133,0.6411289738024651
30,0.06624661523458308,0.08027298613459838,0.0010797200783171168,0.011787710715621335,0.84061296783688
31,0.22690164803833612,0.1091953034976256,0.0006982219462375342,0.02433398910390726,0.6388708374138934
32,0.40750842483786426,0.35303886451793864,0.0011230427901539942,0.0857071999560008,0.15262246789804237
33,0.18646718145912483,0.673428432524303,0.015693613588881987,0.014339583927068201,0.11007118850062189
34,0.4143411924123738,0.4571422863318881,0.0014578613384785607,0.040374547039327406,0.08668411287793203
35,0.13316748133453568,0.8308155131118183,0.01111591108270618,0.006635749836403724,0.018265344634536093
36,0.06824272945616411,0.8991340647992744,0.015943682128524775,0.004698361813292187,0.01198116180274455
37,0.11583821811481133,0.8054397586630617,0.032885177609254856,0.011041035800416774,0.03479580981245545
38,0.11455186242022931,0.826889278459129,0.017126245750898866,0.017738241882026867,0.023694371487716005
39,0.03594929051087534,0.8288335725044266,0.12111125574815856,0.006464843363264134,0.007641037873275106
40,0.07432399758966854,0.8706181281110065,0.025376013313954438,0.008746429580715712,0.020935431404654724
41,0.02117351537951748,0.8778149137837127,0.08223094097253762,0.006501333925839058,0.012279295938393173
42,0.08592050972527164,0.8271888372239617,0.04077270617915633,0.00941930725409976,0.03669863961751064
43,0.054873445812098444,0.8869732666618905,0.027887715312873432,0.008991773687444811,0.021273798525692843
44,0.019187443831238264,0.8421603125692985,0.12050371710766282,0.005286909528562632,0.012861616963237916
45,0.09320522006147298,0.43306682058965257,0.07153885546532839,0.005300546547856359,0.3968885573356897
46,0.003044485614513999,0.007032708535136726,0.002471836699807279,0.0011327269630888072,0.9863182421874531
47,0.02672949158402375,0.02048074410930943,0.0004050101321587148,0.0011072144399832486,0.9512775397345248
48,0.04004299561125581,0.012699134189762117,3.084261807202201e-05,0.0027156734220254385,0.9445113541588845
49,0.11585776164282469,0.0289958555581315,7.90892818987401e-05,0.006575714794023962,0.8484915787231212
50,0.2941460669703081,0.054648862935955354,0.00013782569393579956,0.0021270498892993956,0.6489401945105012
51,0.06056687059592289,0.009839699823368589,0.00019333372838906463,0.0005296346867868985,0.9288704611655325
52,0.07752451716706475,0.043458482196941726,0.0016943194101863093,0.0012748888736820092,0.8760477923521252
53,0.05933343530856058,0.027912302268791735,0.00033873952087907453,0.0014862242475037627,0.9109292986542649
54,0.14910368336948543,0.045045894549148466,0.0007292365444398358,0.012396213108914587,0.7927249724280117
55,0.13502925344504274,0.12790121343493374,0.0040836917707945085,0.006441940538120409,0.7265439008111085
56,0.3883852390136604,0.1726330657060941,0.00023883011909956272,0.024277203302056884,0.4144656618590892
57,0.3582636227955657,0.4383334064689331,0.04044171734778126,0.006031661095727024,0.15692959229199283
58,0.14040106106218436,0.18926387543194645,0.012466753542929105,0.004918854516590749,0.6529494554463494
59,0.24396383414907596,0.27048554642384715,0.049341342238765865,0.007435685823785604,0.4287735913645255
60,0.038323173232383566,0.2538090722270355,0.060434691459450345,0.008856115912124714,0.6385769471690058
61,0.07625385158863343,0.15425192715778738,0.01572518739088598,0.012485298770325854,0.7412837350923672
62,0.0942236601348594,0.6136453978036402,0.07874500242872808,0.024912656037084174,0.18847328359568813
63,0.034253906506788646,0.479814264580629,0.06196033713579276,0.00516181090171326,0.41880968087507636
64,0.10312945185788126,0.33356369917662115,0.0047104102305795485,0.007979821885686071,0.5506166168492319
65,0.04882121483758095,0.08068684766311467,0.006285837399451583,0.0018662781782731253,0.8623398219215797
66,0.025437954382587738,0.11193973802419459,0.014644760536250963,0.0011487725361954402,0.8468287745207712
67,0.02512160593377834,0.045600779600323965,0.0037747668321452704,0.0042626376679146104,0.9212402099658378
68,0.0146443961582065,0.01800262042924392,0.00040446707681216296,0.003003240860076472,0.963945275475661
69,0.03190609637236645,0.014402167000231576,0.0002369086278149119,0.005739004412277924,0.947715823587309
70,0.013952088242255833,0.01473046808256974,0.00022098536850599106,0.0012266148647253996,0.9698698434419432
71,0.01976095682368461,0.011632391704186755,0.0002803985983750182,0.0011825550284357545,0.9671436978453178
72,0.050143035079439964,0.061858719771270415,0.0015855567024695314,0.0037095203698790727,0.8827031680769409
73,0.05244279058972363,0.05542316415331155,0.0009170069805139047,0.002210699690484024,0.8890063385859669
74,0.1925201926578862,0.0608885586172425,0.0016107809481191184,0.004220853581338863,0.7407596141954134
75,0.08499510574977961,0.22345757301886285,0.035156194776245764,0.0045192623713927365,0.651871864083719
76,0.542514676978202,0.1793833002053205,0.0004299804150708134,0.013655906196036554,0.26401613620537007
77,0.23812796472455353,0.6922149936334168,0.00661771431686263,0.02557984115386473,0.037459486171302306
78,0.15097623704787397,0.5583657046691939,0.03059734138094582,0.016115923614640773,0.24394479328734553
79,0.1361859900699124,0.47060580791683576,0.014795840517583104,0.01214945317411548,0.3662629083215533
80,0.04681773230494076,0.836527881508667,0.07397197833621408,0.00844911519838789,0.034233292651790335
81,0.025036448875044578,0.2581173921092652,0.047949857617756816,0.0031692323398308246,0.6657270690581026
82,0.08333021057987872,0.18551847171022512,0.0008794049441432985,0.007506265697120154,0.7227656470686328
83,0.08032595766172544,0.17363374760224598,0.006481060322932691,0.006003279248380002,0.733555955164716
84,0.047771698879215646,0.01821393076204451,0.0025682663299939194,0.002962084908359425,0.9284840191203865
85,0.07772762794560113,0.012959679971884176,0.00039426402980441097,0.001278253139261497,0.9076401749134487
86,0.2325800523956362,0.011521827655053267,7.079868888285925e-05,0.004574111875383239,0.7512532093850444
87,0.2438168065966773,0.01629590614856068,8.675362575357756e-05,0.0027859173834134787,0.7370146162455951
88,0.07832405521358596,0.03268213662964625,0.0003976504361601223,0.0004996326066900168,0.8880965251139177
89,0.11491100323719106,0.11377186239631197,0.0014509247621608263,0.0024684632224273653,0.7673977463819088
90,0.17508124625820998,0.27605487434001447,0.013553742869552146,0.0022560546250497623,0.5330540819071737
91,0.1946653273251324,0.18122446155771232,0.006158429631806116,0.004904151751205196,0.613047629734144
92,0.03397354301245738,0.07095019793612674,0.009514809686652888,0.0025798410828463407,0.8829816082819165
93,0.12143647022914839,0.144034989282729,0.001391007029848615,0.008379889647358434,0.7247576438109156
94,0.4505361945786658,0.28828897942838255,0.001826284153970026,0.017101383164983146,0.24224715867399838
95,0.20025658464317658,0.3839286591767956,0.006366575184863035,0.0066721525352760325,0.40277602845988875
96,0.18375411570639505,0.3073376687465049,0.025870646772603752,0.015843239827292462,0.4671943289472038
97,0.3244511542486703,0.29371201350976894,0.0006713812527248528,0.051911876011744115,0.3292535749770918
98,0.1934462756352499,0.5101121746847509,0.01421710741211243,0.050799930445319434,0.2314245118225672
99,0.08533605419854678,0.09441586163353508,0.02159643695618153,0.002696779189733293,0.7959548680220032
100,0.31174483001264564,0.251368290326444,0.010274892448115032,0.005588341227425409,0.4210236459853699
101,0.21424602916483743,0.29195161827487937,0.007565699553853385,0.015397156014331384,0.4708394969920985
102,0.3201414300646482,0.466454123075408,0.03947439688098311,0.018185251811051944,0.15574479816790873
103,0.08595896259545817,0.46835558016006523,0.05641790151241863,0.04755436276062925,0.3417131929714288
104,0.08528518228369687,0.49993371738903675,0.14122418373724213,0.08796241420923612,0.18559450238078812
105,0.1752610504351435,0.5214612208937475,0.18400828388102952,0.032748373328668465,0.08652107146141116
106,0.057608496648496,0.6983909202347294,0.12269105880665696,0.030472009413442535,0.09083751489667517
107,0.015654653989775346,0.21488742684718382,0.12496759334600445,0.005605756309531381,0.638884569507505
108,0.04400920295624547,0.5417355506263866,0.04785973372389208,0.008766446163389296,0.35762906653008664
109,0.010521307758186611,0.024330026378082226,0.0012210900523471548,0.0021724828078671043,0.9617550930035169
110,0.057557162202086044,0.07676783778109103,0.0048256050188862564,0.0013556701314341064,0.8594937248665024
111,0.027730465694742877,0.05036237701898727,0.0019281319386541932,0.0008275481430235984,0.9191514772045921
112,0.07502949235976054,0.18532388091544658,0.005511014931126255,0.0015037002255590488,0.7326319115681077
113,0.12838537880043002,0.054666163698005345,0.001215442500155857,0.0023385375231940553,0.8133944774782148
114,0.0749028773040064,0.1271659397361948,0.03353159052629069,0.0044771639644081655,0.7599224284691
115,0.14974221581006686,0.6974596965143656,0.017116877901602153,0.0034819870284283315,0.13219922274553692
116,0.05878363550555075,0.7903939707986399,0.040489361749719524,0.0039362485690174675,0.10639678337707233
117,0.04261768962935093,0.31940444871610807,0.022831563735279482,0.005217268760290748,0.6099290291589708
118,0.2701458187087993,0.624822943521324,0.0017383114917679725,0.05931695152060478,0.04397597475750386
119,0.0903117642054225,0.48004729211964753,0.06047423629758766,0.006801797831102818,0.3623649095462395
120,0.19207703024434952,0.5218403570120916,0.017398925748438442,0.015045265384379565,0.25363842161074085
121,0.08794377303896361,0.8292859739356939,0.023033689419051373,0.014296759239930583,0.04543980436636041
122,0.05049306369320713,0.8411183035554933,0.02964449382979666,0.012450423248865746,0.06629371567263713
123,0.11392550959184349,0.40424952990183327,0.029209878787011104,0.05250141643892957,0.40011366528038267
124,0.03960783299932474,0.3268686680330501,0.02577958409834433,0.015603251443947351,0.5921406634253334
125,0.07246728821868864,0.3239485530642433,0.029169194452722147,0.017502019200362127,0.5569129450639838
126,0.01240064407344858,0.03606525517054802,0.0022012177039736464,0.004728146846376571,0.9446047362056531
127,0.01865246339141314,0.040419762003139174,0.009548410409328025,0.008274598566665809,0.9231047656294539
128,0.14040338561116236,0.4065760556035209,0.01202638447742774,0.04640630027259318,0.3945878740352958
129,0.10565126926854178,0.0832596314171039,0.00279788150623394,0.007643745336104475,0.8006474724720158
130,0.1109760149818052,0.16253682108758993,0.01071756748076759,0.006024922219400047,0.7097446742304372
131,0.4596770154213263,0.11657855526537268,0.0002830920473090845,0.027101160400819026,0.39636017686517294
132,0.1051727673077009,0.14055590167073295,0.010569292296826164,0.003172832686737729,0.7405292060380022
133,0.1930103035840485,0.06609914688584059,0.016047634247011906,0.010236688480533097,0.7146062268025659
134,0.17539211822438364,0.6456543823618532,0.014321768844827406,0.016520439101765025,0.14811129146717059
135,0.14651197439724525,0.32917476960699427,0.02244131627895493,0.017992830644555348,0.48387910907225024
136,0.00826599701579896,0.01013378222888723,0.0015511070504962091,0.00131001115328495,0.9787391025515327
137,0.22829842292179378,0.1633644875221025,0.0015952750839221983,0.010341340166474807,0.5964004743057068
138,0.08836766483238723,0.8026002849810857,0.07913971290527083,0.004781156884966136,0.025111180396290095
139,0.11137466779252052,0.7422418025617936,0.11733139414718177,0.0027702620851058693,0.026281873413398146
140,0.03546962453549328,0.5971718917815437,0.3520121284914717,0.003157714291473318,0.012188640900018019
141,0.033399723384871655,0.8366041856536186,0.11008216248168019,0.005113342609125542,0.014800585870704161
142,0.02028580275510186,0.743702501425691,0.22703577407580539,0.004334839809299977,0.004641081934101701
143,0.03997310404777078,0.09920791541622352,0.025783238160025052,0.015767554508425045,0.8192681878675555
144,0.3454050041323537,0.20485096280517964,0.03317621978015811,0.0457691167731495,0.37079869650915903
145,0.3164579131337082,0.3934626239174944,0.01039241254874712,0.09702680546150942,0.18266024493854083
146,0.21766624239200197,0.09785817795510279,0.025787444438873847,0.010483295563337892,0.6482048396506834
147,0.27845817392533795,0.1670008438243827,0.0034595215409547104,0.03343568448796745,0.5176457762213571
148,0.2682470079398064,0.3419954840482311,0.007051238911223051,0.04411555487286642,0.33859071422787296
149,0.08568531148812655,0.11930875813776798,0.0033590408862710286,0.0029175639625102405,0.7887293255253243
150,0.3105996374381526,0.5115929045495632,0.003939199793979417,0.008526194118754485,0.1653420640995504
151,0.1864119740500905,0.4402511458069975,0.028559078965889325,0.009978935686920706,0.3347988654901019
152,0.13364758144683647,0.327402465492966,0.0331345714619626,0.0023643703212308095,0.5034510112770041
153,0.1090702590067544,0.30955970387840326,0.08429237707145341,0.002282185303449586,0.49479547473993934
154,0.08069183999308838,0.2017737744385317,0.02302962435267215,0.0014643734427040123,0.6930403877730037
155,0.6081588236578546,0.360864150444354,0.0019378896476046398,0.004522826178781547,0.024516310071405156
156,0.03422179342120567,0.910776405446067,0.04197910421034238,0.0024486930155437295,0.0105740039068413
157,0.02820103661427063,0.8012107236218439,0.16098295351051592,0.0012535518587208376,0.008351734394648848
158,0.03918147718765473,0.8241369517706056,0.09269496299782097,0.011333127166342268,0.032653480877576475
159,0.030766457731224012,0.6500837494980607,0.09058217567048149,0.003146305995119292,0.2254213111051146
160,0.03870995392766781,0.16850003117713805,0.010040920389960191,0.002144535139674382,0.7806045593655595
161,0.11762995392301889,0.3170446432356942,0.010843713085966935,0.0009385269452499422,0.55354316281007
162,0.21781333203195108,0.6047246563416625,0.007060309387012937,0.0011057008685488165,0.16929600137082462
163,0.20610205233094275,0.6207317108381347,0.007499694313831828,0.001239921908259164,0.16442662060883168
164,0.19483799119514084,0.5874412942292351,0.01703527872642928,0.0029725576584953193,0.19771287819069958
165,0.0748453174185788,0.8301543812324849,0.059541140725826655,0.006061738306964897,0.029397422316144815
166,0.06966446455840583,0.8028059316454222,0.10838466953431874,0.007915922827839282,0.011229011434013952
167,0.029954560728237697,0.24002868649465345,0.017609942577706955,0.012916510465550115,0.6994902997338519
168,0.23051503694817535,0.6567897986247793,0.0031564077960812374,0.008584347383051492,0.10095440924791281
169,0.04354984156981617,0.8815763420713794,0.0693697574835946,0.0016900955832505678,0.003813963291959259
170,0.0411417473051296,0.8225711055592893,0.12881344952752208,0.002543214125911603,0.004930483482147473
171,0.023173765014693926,0.5630171790628579,0.40798186704639183,0.002642790793040957,0.003184398083015589
172,0.006557112722525393,0.47726019426627725,0.5057104122596335,0.006281008446955089,0.004191272304608763
173,0.07090318367613811,0.5788308947104274,0.16511534086391275,0.032766493016217695,0.15238408773330406
174,0.048330480121534986,0.15036196481950487,0.030532138726688442,0.026292879960498658,0.7444825363717731
175,0.07176429934466474,0.17067599035917538,0.04880425999702743,0.053528053848154566,0.6552273964509779
176,0.1050165026147314,0.6758452487560738,0.042501149149026966,0.014010818888398106,0.16262628059176956
177,0.1239773513585621,0.6091671110679913,0.024343442337832154,0.010632532277437285,0.2318795629581772
178,0.026062913041318348,0.8791689313881843,0.034507978504558785,0.01273680994040479,0.04752336712553379
179,0.14568588072086716,0.34512084604997173,0.010806170280311772,0.05579794549719712,0.4425891574516522
180,0.15156393105651367,0.501697467686717,0.012221920556319984,0.029828460882883125,0.3046882198175662
181,0.08245845394602397,0.5706554720582151,0.017940841459612084,0.025290314636487846,0.30365491789966087
182,0.09898445949694819,0.7006351180959606,0.015042412376795324,0.019637222836298863,0.16570078719399703
183,0.11990370405839464,0.45621722399257864,0.008572714290048255,0.019331094348913246,0.3959752633100652
184,0.06897200981282776,0.3900090219364825,0.023025754472325438,0.007666313856186293,0.510326899922178
185,0.08896623407528201,0.6041512621045642,0.05147970497479169,0.005703283053483554,0.24969951579187857
186,0.06943783119129716,0.7739401595207797,0.042507594467928574,0.002184664959506667,0.11192974986048788
187,0.010412349257083606,0.057158616882909526,0.01956233834073857,0.0017966360908745055,0.9110700594283937
188,0.00938678575350242,0.05698270103218268,0.03004928440659299,0.0007337071892370319,0.9028475216184849
189,0.15475490708679185,0.39082381232588037,0.06513973727613814,0.0019187391575429416,0.3873628041536468
190,0.02136570319628643,0.12942251233090865,0.021769456682590897,0.00097286129387502,0.8264694664963389
191,0.12371340336772298,0.8112311371020131,0.01608246303099737,0.010048906896020086,0.03892408960324646
192,0.04222612028436555,0.5440095992935745,0.019595792645217255,0.009967294091000525,0.3842011936858421
193,0.09973373400997226,0.7208668704981636,0.06166293992018925,0.010329150947175141,0.10740730462449988
194,0.010239749713145759,0.12740148915504632,0.05306125777088337,0.003655036170823499,0.8056424671901011
195,0.0646588548412021,0.08771442146335909,0.0008352726405984298,0.009733995990661841,0.8370574550641786
196,0.2947625977859768,0.4749261763654046,0.0031372036255205163,0.04653175814652579,0.18064226407657233
197,0.09851529185485479,0.08907030060893717,0.00391442013222533,0.010603334985920226,0.7978966524180625
198,0.12733610617074703,0.1746819821058291,0.022850167122536725,0.005525380821308725,0.6696063637795785
199,0.1855898072311431,0.613568776656727,0.025739769466368356,0.024780205523676692,0.15032144112208468
200,0.020172011877984404,0.06982565894475816,0.018197315399090884,0.01722764550894527,0.8745773682692213
201,0.08299023516441513,0.41722900759310616,0.02218739192905141,0.03204484677480141,0.4455485185386259
202,0.01646876446660502,0.0862978681561066,0.015454139751283945,0.002931789338155513,0.878847438287849
203,0.00745782257498115,0.029036802695012198,0.005109003014979003,0.002351640040253585,0.956044731674774
204,0.09744314312399846,0.4908590300296258,0.026735930793244652,0.033692166010190996,0.35126973004294004
205,0.10335420680249187,0.5311817341218984,0.02151269032175803,0.015305030105967057,0.3286463386478848
206,0.09508130824416333,0.6849033917531241,0.019139545445828736,0.02506096123312389,0.17581479332376
207,0.0057580328810966745,0.01557360918869583,0.0077725134662083,0.002700227826424583,0.9681956166375746
208,0.05626049581473861,0.14981229766730308,0.005616134868349815,0.01014264270194544,0.778168428947663
209,0.05825754996251663,0.2704529189844088,0.00701000523592641,0.010802626980373384,0.6534768988367748
210,0.11327331177015798,0.09221953417280318,0.00217389162482879,0.014114981282688477,0.7782182811495216
211,0.3137834016217787,0.47784450295939074,0.0008120522111348793,0.14979551943247416,0.057764523775221455
212,0.1343805997494051,0.5301015875617938,0.0035206222082449635,0.04423305129691467,0.2877641391836415
213,0.11162726759142172,0.09633314374391964,0.0008836975867839092,0.06678266711018847,0.7243732239676862
214,0.14059055448634752,0.053833742515781664,0.004653639634424199,0.551000030360844,0.24992203300260254
215,0.03742844536100855,0.025352959131143236,0.010221447681556667,0.34532980509816225,0.5816673427281293
216,0.029592738202996377,0.010622684670325453,0.00025936722502335047,0.03871164027468393,0.920813569626971
217,0.03949553767031769,0.07767042072498218,0.0019289409551389415,0.2096183720265268,0.6712867286230344
218,0.03736763291126955,0.01685471722373275,0.001124188318018104,0.02048745551402367,0.924166006032956
219,0.3574679895053172,0.3971830772179675,0.0011119156483687727,0.07394049457220407,0.17029652305614246
220,0.17726798083305978,0.545286331481972,0.02186779949263633,0.0426665109213724,0.2129113772709595
221,0.20174357014907257,0.04290452778626073,0.002822761946142065,0.012754729270098642,0.7397744108484261
222,0.20926421898705574,0.06371190180016643,0.011624240779747204,0.018602221071824538,0.6967974173612062
223,0.27220205781763046,0.17073125248071258,0.009058466970306179,0.054589824137308895,0.4934183985940419
224,0.26337112811381697,0.17521709660704474,0.013962888385523986,0.020514690624715913,0.5269341962688984
225,0.1492169278877514,0.808218742093381,0.0029967429242027015,0.008745462628897365,0.030822124465767695
226,0.05253022083551005,0.8177159839663631,0.10835496890801788,0.006932771662711948,0.014466054627396988
227,0.01654079821441645,0.9002597476778609,0.06265802586592613,0.014012605564498066,0.00652882267729848
228,0.04996589356891682,0.8154875699932623,0.05456679673036777,0.043165531915558164,0.03681420779189503
229,0.16306288134947391,0.232052789594268,0.01874291714217125,0.012485146913914565,0.5736562650001723
230,0.3819028163736834,0.5820656174774272,0.002561853772869357,0.018005763236170744,0.015463949139849135
231,0.28321654531082574,0.5769796176771625,0.06573662418165696,0.0032496273817268456,0.07081758544862787
232,0.13189445753139353,0.8116805772222071,0.04050031687254981,0.009128868571877181,0.006795779801972375
233,0.035421667363178845,0.9063613865160659,0.04211916429630504,0.011184116746969177,0.004913665077481123
234,0.019657688736611563,0.47130422140451567,0.48790513071246927,0.012669167107608613,0.008463792038794948
235,0.0031325497189847035,0.21270449915001374,0.7547242626926192,0.005012692797450384,0.02442599564093188
236,0.03080854773644165,0.6138529803228047,0.22885781495609855,0.026665737529280854,0.09981491945537417
237,0.14586282527117955,0.5036885788294676,0.05090656237712298,0.24527538697862036,0.05426664654360947
238,0.07590894557835015,0.7519429657471949,0.04104095189041781,0.06301644460614694,0.06809069217789003
239,0.054794780457166674,0.8746697533904993,0.006469957542375751,0.04018555255444108,0.023879956055517196
240,0.09517839185468197,0.7684513853575895,0.016443537300284576,0.01137312965525899,0.10855355583218483
241,0.06722487572498576,0.8574697225770517,0.008663416804137819,0.030998302137709408,0.03564368275611514
242,0.1591352952881339,0.534817866931973,0.005528365909296261,0.21075737819657547,0.08976109367402135
243,0.0944819872241229,0.7690415387640273,0.018924137037206877,0.056747473798356804,0.06080486317628632
244,0.04903655135394692,0.889130218440492,0.0065504340497168426,0.03966986228527566,0.015612933870568488
245,0.03790507846000112,0.8484131081877018,0.009315443354088786,0.08474633934189386,0.019620030656314475
246,0.06885573882211525,0.62221681495947,0.015130566448541381,0.09223778522381826,0.2015590945460552
247,0.11901956118518339,0.707879201203162,0.004444139780797456,0.11497439776081494,0.05368270007004229
248,0.10047349810951932,0.6706020255064682,0.0029956383302613193,0.18879318271181714,0.03713565534193406
249,0.23347242349747235,0.5803346571258152,0.0021985202337674124,0.1267701844566446,0.05722421468630049
250,0.05762204579955885,0.7678877876309699,0.0074046087379288535,0.13458869910141177,0.03249685873013071
251,0.10657854892402246,0.5006248295296948,0.006004022211951552,0.17734140168028817,0.209451197654043
252,0.10336308527583196,0.2745266356798664,0.001484629906479884,0.10536447767234365,0.5152611714654781
253,0.13917396402590382,0.32495772443809445,0.0014003645885706769,0.469146696716016,0.06532125023141512
254,0.13868461266356716,0.6194797471963406,0.007313116613754626,0.1359983504734504,0.09852417305288709
255,0.3496966572229756,0.13635644824967733,0.001779795979246698,0.29770087383032257,0.21446622471777776
256,0.307499972791055,0.22372458560945224,0.0010358370898904449,0.18412276425341995,0.2836168402561823
257,0.3625430994561634,0.2964581648039182,0.0005184997865509901,0.29203919556854296,0.04844104038482444
258,0.23807108390350962,0.5197307997441858,0.004636890057197617,0.20977597102175055,0.02778525527335635
259,0.1829640045234151,0.13327526549378277,0.000971964153074712,0.6690565234772883,0.01373224235243923
260,0.14483655103402612,0.24702920547611434,0.003124807510890229,0.46312058007766543,0.14188885590130385
261,0.20623315599339753,0.3006033943471914,0.001278701904684668,0.39144606464348014,0.10043868311124629
262,0.12715093366408425,0.4588585309323732,0.0022042077611763022,0.40474527148050143,0.007041056161864776
263,0.1926537305925871,0.4915911425382307,0.0023045671514602627,0.2915436057598974,0.021906953957824576
264,0.19650204400515403,0.34263795120373575,0.0006125566148257056,0.4497512863353597,0.01049616184092487
265,0.29820025073676076,0.2351330384930681,0.0010867892433744754,0.42690016927213403,0.03867975225466254
266,0.3088090323355089,0.07910843653187127,0.0016401963766856955,0.441434971727639,0.16900736302829528
267,0.290874870238936,0.18359536325442655,0.0009969984951257076,0.5172724626914675,0.007260305320044258
268,0.23807185612593426,0.30705507247087593,0.0026939955213188564,0.42619571247624727,0.025983363405623634
269,0.34346595777846467,0.4834718362038583,0.003267358220045242,0.11371879079046275,0.05607605700716908
270,0.1873299012631268,0.5769772615234121,0.0032228207414554673,0.21978817346373922,0.01268184300826643
271,0.07414356580682963,0.6729023762624468,0.09138147660947589,0.06834907867209399,0.09322350264915362
272,0.05330921080771612,0.820092810410051,0.034954114216761444,0.07984543952648428,0.011798425038987235
273,0.2631453776425951,0.350718652453899,0.006045772205744897,0.3017662678850549,0.07832392981270606
274,0.19148132667621837,0.6742473475148154,0.016409676473555335,0.10730915465546371,0.01055249467994718
275,0.2572122698557442,0.4129611128753736,0.01204095251698012,0.1394399317208439,0.17834573303105808
276,0.17546401811813525,0.25994011233147807,0.012393858121602342,0.0468094516784026,0.5053925597503818
277,0.3906828426447417,0.4857971588529617,0.010431461941853242,0.029125427308947287,0.08396310925149626
278,0.2718685467684427,0.6065694570579795,0.01228733853211503,0.0175537483438,0.09172090929766273
279,0.26045960465606444,0.5861688221107175,0.012503896164392236,0.09179688155365585,0.049070795515169914
280,0.12463619740785604,0.7227136522616425,0.023169740215171448,0.02637794074358307,0.10310246937174697
281,0.37792995345847025,0.1462972746666996,0.004290897060019887,0.1364671352806286,0.3350147395341816
282,0.48754354847379083,0.2948081079424068,0.004140293870037481,0.12083117101187393,0.09267687870189088
283,0.3168094507211153,0.41546061492875425,0.042605804008133484,0.038717413431383976,0.1864067169106129
284,0.41595621024219354,0.49561851220297043,0.0064740425993540344,0.05911425848813269,0.022836976467349286
285,0.3076686461263341,0.4140018384909289,0.009965586875489143,0.041048916744340136,0.22731501176290783
286,0.34062600225084627,0.45242883180585725,0.011597287255885007,0.07408992741535032,0.1212579512720611
287,0.139854962791147,0.6574546099621814,0.040043002443430724,0.0690179169784958,0.09362950782474497
288,0.10183337264560188,0.07533789218882928,0.002093763046502867,0.01471132277089341,0.8060236493481726
289,0.6016056728693281,0.2780832224206192,0.000964950924398262,0.0767895026245514,0.042556651161102924
290,0.1538065487709329,0.7825624701128722,0.015966345487034298,0.03035937178341014,0.017305263845750454
291,0.3972526089657665,0.427616489921125,0.04390113991314888,0.02948212325065642,0.10174763794930318
292,0.1148976112846852,0.6998589038143485,0.08864373793204938,0.028500604318112,0.0680991426508051
293,0.018999539759019933,0.7201741530613,0.24941647722395865,0.007853689929676205,0.003556140026045237
294,0.0114734322693178,0.20493432319228966,0.717396666808258,0.021625341009075462,0.04457023672105908
295,0.0037910282540461557,0.12520106919214508,0.8624962007655841,0.004245206244953915,0.004266495543270751
296,0.0403960595020871,0.32544717333882717,0.21584263274662857,0.055627454122407285,0.36268668029004986
297,0.10873355508402954,0.3771092124192658,0.06392069490266783,0.1397426963257784,0.31049384126825835
298,0.20114572961020183,0.5703917963310384,0.04596503533303232,0.03025981487629358,0.15223762384943385
299,0.15463658813638373,0.415322681447941,0.05685051562642725,0.01074844938780493,0.3624417654014431
300,0.3828705250843128,0.4982224328991869,0.0644659568107917,0.018891106707208012,0.03554997849850054
301,0.040437891049618396,0.7776942567215234,0.07922950218436621,0.027426202995176487,0.0752121470493157
302,0.09971198175649494,0.18694710052768898,0.009142623081117005,0.0948148077636799,0.6093834868710193
303,0.05802416515942028,0.1758632319836244,0.008168664194069983,0.03487672510829061,0.7230672135545947
304,0.3970168329113813,0.30653872247064046,0.013739279006951353,0.08821725234705147,0.19448791326397533
305,0.1022464206071174,0.10863488605608877,0.02943585989277639,0.11540814113756186,0.6442746923064556
306,0.08628856175467743,0.08816616453731173,0.0033963258608268347,0.035363643935998335,0.7867853039111858
307,0.03324894633055076,0.017611100469732577,0.0004673034551003885,0.006530254467890712,0.9421423952767255
308,0.3707300829007251,0.038321099510136715,7.056715876578407e-05,0.032697654932247126,0.5581805954981253
309,0.37772132413939213,0.3961958758149424,0.001314099066069781,0.011347007419772443,0.21342169355982324
310,0.32062976800966514,0.574287422166633,0.0036425134355365717,0.02583559937305551,0.07560469701510994
311,0.28484643624976275,0.6136394187256168,0.005705629860999384,0.03422057093206021,0.06158794423156075
312,0.16892818264868145,0.7704310336788783,0.009791841964864689,0.031093241622361795,0.01975570008521379
313,0.2611285541089497,0.49347531440821135,0.014337607339144107,0.041511894312488765,0.18954662983120607
314,0.10754082048926061,0.8435306545992334,0.013164491070007124,0.026481632234437318,0.009282401607061522
315,0.07089555389814432,0.8372934498707757,0.04556383071739152,0.020541535306291554,0.025705630207396923
316,0.111922355330432,0.7325240984711172,0.055007091345333436,0.03856978950039022,0.06197666535272713
317,0.04290966536334656,0.10736619755314315,0.037629100286549595,0.03883950168823764,0.7732555351087231
318,0.13810897829918528,0.5985377183405053,0.05424461879168453,0.03553211284908726,0.1735765717195378
319,0.19692432776912233,0.22840494266087172,0.02005916775987753,0.048284339321748276,0.5063272224883801
320,0.5287997329633085,0.33298996772384415,0.029409828583365306,0.04187659404127819,0.0669238766882038
321,0.24305509826173963,0.2078003919701793,0.027038788980170644,0.1746509923557503,0.34745472843216013
322,0.27787816956916317,0.19178433519811391,0.010147765451962196,0.11681920510427445,0.4033705246764863
323,0.24608933823857845,0.09515767105396047,0.001219606890629105,0.03811296170975913,0.6194204221070728
324,0.4416726384559073,0.2852251465215222,0.011169245994879574,0.046471041708168744,0.2154619273195221
325,0.43943027944284013,0.44313620449233876,0.024384297613112043,0.02718515039623927,0.06586406805546957
326,0.17907468781519245,0.3217468986819742,0.10580271828573418,0.08912884559744365,0.30424684961965553
327,0.11656189418155412,0.5750251611198814,0.18659368409959423,0.02038953613833897,0.1014297244606313
328,0.03905818328761113,0.564681984641302,0.15721087240357182,0.05439261264244628,0.18465634702506864
329,0.2709059881338213,0.4864278254545473,0.037334433469187724,0.1071246356132198,0.09820711732922399
330,0.06218078204826754,0.5179114690468334,0.2162799037260553,0.04416330709109986,0.15946453808774405
331,0.1343788376440463,0.4941295671125101,0.07698600688195814,0.023062045259980596,0.2714435431015049
332,0.09040686410017047,0.6716745027769325,0.1321010970726665,0.02039237508969476,0.08542516096053576
333,0.07515629866834676,0.6902045233440184,0.1202476468515973,0.013664146083254274,0.10072738505278332
334,0.0636900553359802,0.6681384220595452,0.11599176243714794,0.08000242080581234,0.07217733936151442
335,0.030058427313463795,0.7647817717298798,0.05520488960665026,0.053726291299675516,0.09622862005033059
336,0.016621995201249847,0.08756927388791112,0.01992769775159454,0.10981789764291129,0.7660631355163332
337,0.05079110517465699,0.43855380460350973,0.04295594105176167,0.2364981427665334,0.23120100640353816
338,0.0334781798588428,0.09713318590287166,0.016148096615225684,0.3096094231780664,0.5436311144449935
339,0.025530630320935187,0.40065346379827316,0.3788708157140778,0.14809182758579592,0.04685326258091785
340,0.016212866933704204,0.12138531193920914,0.012176092091953557,0.06692791480677672,0.7832978142283564
341,0.02003529720283751,0.025582422126330034,0.001295304999082191,0.04612790583062532,0.906959069841125
342,0.11785464324257496,0.1522371457304015,0.0007839516045591149,0.05531696219957034,0.673807297222894
343,0.06474900748328592,0.11378081943194328,0.07155498257367639,0.056977511783370426,0.692937678727724
344,0.04324570273815504,0.08473726078320537,0.009509126405968262,0.013673441328188162,0.8488344687444832
345,0.0854948055231854,0.13747490339804794,0.0017695466003139707,0.05104174624119244,0.7242189982372603
346,0.1855500371015438,0.26442490522588014,0.0014961377761770354,0.23299766773765773,0.3155312521587412
347,0.18366385989100723,0.4560792986750043,0.0172024233625437,0.0713423753638164,0.27171204270762833
348,0.20027560535036545,0.494002226648365,0.017531303828688144,0.07191988211883087,0.21627098205375053
349,0.12328455090090742,0.724130378743869,0.02642111897586249,0.020810911243000753,0.10535304013636011
350,0.10549167703024569,0.8129034169069824,0.028134753022615144,0.0366739296598286,0.016796223380328164
351,0.024206323258395838,0.6890548201592152,0.24990737907719865,0.029410589030980837,0.007420888474209532
352,0.05789588821473346,0.6827633592362212,0.1508992141841924,0.008043138886074353,0.10039839947877856
353,0.020653824480633232,0.1982774906764316,0.07622229841071208,0.004290746767658839,0.7005556396645641
354,0.10642079850009428,0.2629598068944539,0.049766762095704284,0.10631396709457594,0.4745386654151716
355,0.2079526733862485,0.6300013282506489,0.05281779517751044,0.05741135520070861,0.051816847984883535
356,0.026846835946987217,0.22158113758734346,0.023327109834133112,0.044229824488480216,0.684015092143056
357,0.04021848478510154,0.37366460032597004,0.2514160367559261,0.03630907387404887,0.2983918042589534
358,0.02640499330793454,0.2690310530162669,0.03139305207561811,0.041488598007353654,0.6316823035928268
359,0.01454483427790861,0.2061788726430293,0.06669202825308262,0.03771791599403743,0.674866348831942
360,0.054085592753868275,0.27557700873925817,0.05423882764220893,0.01601441448770415,0.6000841563769607
361,0.2691426776419986,0.5466452505315246,0.014758955765379497,0.06073956398373841,0.10871355207735892
362,0.12708770402987693,0.3999724260564704,0.049099046884985856,0.027781412774099012,0.39605941025456776
363,0.06163376505229404,0.4270839309389398,0.024520000263631388,0.006823227362601502,0.47993907638253336
364,0.6032735339408752,0.35662992890049405,0.001549831173619697,0.014531924931334657,0.02401478105367629
365,0.08543817556868509,0.7837329141927589,0.12443607319795714,0.0008312310091080222,0.005561606031490991
366,0.0548169329304567,0.8880969677384092,0.044935216252216456,0.002316005224990112,0.009834877853927379
367,0.014151227187391846,0.509184602862627,0.4698546835051826,0.0012093786126692273,0.005600107832129321
368,0.030657760230779964,0.756897727405944,0.17659575077481526,0.00540061681797378,0.030448144770487084
369,0.004734235565333129,0.275380387096841,0.7173226466359678,0.0006931483929122303,0.001869582308945971
370,0.002831301920442038,0.18354539969897296,0.8115000945453944,0.000527643936508894,0.0015955598986816398
371,0.003318212621631887,0.20977756204855733,0.7851770024700654,0.0003060340425232444,0.0014211888172221548
372,0.0006798209030356322,0.12048132304280497,0.8776520567343516,0.000183508728347536,0.0010032905914603622
373,8.133858096433432e-05,0.023693247392790287,0.9757420828035609,7.683089615310835e-05,0.00040650032653104934
374,0.00016850439876339214,0.03257996827182498,0.9664158173398084,0.00010735622483878418,0.0007283537647643287
375,0.0006042918960481874,0.03316956931533461,0.9651520512785344,0.00013207163373005993,0.00094201587635283
376,0.0003937948995013951,0.050167517366472035,0.9487373850842142,6.047974928469429e-05,0.0006408229005278371
377,0.00045000500802075237,0.12511751958914621,0.873126824167991,0.00030143134448809924,0.0010042198903539733
378,0.005005001425396293,0.49045434482925093,0.5001415264053043,0.0012270328244621714,0.0031720945155864614
379,0.002265277250190834,0.49313996301473745,0.49802022853838285,0.0010122559346230104,0.005562275262065875
380,0.0015701677924769679,0.554606318595086,0.4408583830806475,0.0009746763421488956,0.0019904541896404566
381,0.0021813197642850963,0.4505837871376198,0.5445310237372651,0.0007061820714253034,0.001997687289404634
382,0.013295462727348061,0.6888329446555405,0.28710724501024626,0.005678241867790756,0.0050861057390746076
