epoch,N1,N2,N3,R,W
0,0.0007917547264903817,0.00014754430891973422,1.0552590577622332e-48,0.00031581251529055063,0.9987448884492993
1,0.0010087620218425855,0.00026328865489807796,1.8133246924336434e-05,0.00018927966360748208,0.9985205364127275
2,0.0012641491611463619,0.000192842237617585,7.215066445962451e-07,0.00010523956245550154,0.998437047532136
3,0.001793999998681544,0.0006706802943716178,1.3438537488443629e-05,0.00033420117010278007,0.9971876799993555
4,0.010380489096314094,0.002471994339850479,1.6415442346535426e-05,0.0002454255295603202,0.9868856755919285
5,0.0008970356875687177,0.00017697039521988273,6.219712360543782e-07,7.587717043937273e-05,0.998849494775536
6,0.0010193153658308663,0.0002914903363601846,1.3998345093133726e-05,0.00014513096799111293,0.9985300649847247
7,0.0031686325734980817,0.0006746742712140112,1.6166460791554823e-06,0.00018349163685345423,0.9959715848723552
8,0.04327720125436412,0.0011398239806700164,8.381122367188935e-06,0.0002585622594939463,0.9553160313831046
9,0.1455160061237685,0.0037348852502058767,5.2129340783785084e-05,0.0006438966210156324,0.8500530826642262
10,0.5076963723582167,0.05184597938805774,0.00016012132667431558,0.006575479248330732,0.4337220476787203
11,0.29241346910449234,0.1829094954205563,0.0004035839688612635,0.020317044054734654,0.5039564074513553
12,0.3437642575635093,0.2521663540898273,0.004903211742228159,0.010414382604616107,0.388751793999819
13,0.1259479858596885,0.028879676699894618,0.00030094002279216966,0.010283155417739772,0.8345882419998849
14,0.36656995134775605,0.4137962206767614,0.0036022939489805316,0.02607723488597342,0.18995429914052855
15,0.14811772014581495,0.6262924854237905,0.022716431334731366,0.016979916511291385,0.18589344658437174
16,0.08473479506431959,0.15632752875129208,0.0015726071307148827,0.005646552057440079,0.7517185169962334
17,0.08953686647566877,0.6733052491747255,0.006244336177334543,0.013434321630374516,0.21747922654189664
18,0.014299873330765205,0.8977441763381692,0.054319260013776884,0.0026406931914534806,0.030995997125835402
19,0.04630561692532941,0.7116078238965409,0.06364344389247296,0.009428223852465084,0.1690148914331915
20,0.06519888654197978,0.42993313522089777,0.010942227321795724,0.01121224469976349,0.48271350621556325
21,0.01662483819958025,0.06901884610259028,0.0004182979910395879,0.005770642362824824,0.908167375343965
22,0.14442140689506103,0.05568409821557679,4.7764308761032304e-05,0.016327441153656395,0.7835192894269447
23,0.1819552019222994,0.1843054905726966,0.000716948159464982,0.005386091842274688,0.6276362675032643
24,0.09671497953040865,0.04169431643511894,9.556918029065908e-05,0.0032048915971323003,0.8582902432570494
25,0.0035644166187086116,0.0073927215335958425,0.001977358555658883,0.00015510208522322714,0.9869104012068135
26,0.00024964436628601707,7.65568828882454e-05,0.0008639190397521173,8.793054244226043e-06,0.9988010866568294
27,0.0006680512440195764,0.00012469015540869405,0.000245646210878634,2.71680855117544e-05,0.9989344443041813
28,0.0006881865085290321,0.000649162200161283,6.23498802210872e-05,8.583132254737372e-05,0.9985144700885412
29,0.0018736952541461528,0.0002606914864026157,3.377849281906299e-06,0.00028420446923914383,0.9975780309409301
30,0.000980585551076273,0.0008092951269290314,0.00020291920929485025,6.0669168482290326e-05,0.9979465309442175
31,0.0028830673445220207,0.0012244180881269351,7.004194276690931e-05,0.00021875527341296057,0.9956037173511713
32,0.01596048907133733,0.002422681128482319,5.308038157987026e-05,0.00010870223803676268,0.9814550471805638
33,0.0010046007515376759,0.0009131135240636293,0.0001574145538956616,2.535020351128537e-05,0.9978995209669919
34,0.0013000162089196554,0.0007583989749410743,4.53862299275038e-05,6.835982838766818e-05,0.9978278387578242
35,0.0002199072277223064,0.00011729055954669775,0.0002182737154163794,9.247059642047606e-06,0.9994352814376727
36,0.00010979482487527647,4.5084575369265304e-05,8.064052406312048e-05,6.463286168331148e-06,0.999758016789524
37,0.0005152701552592077,0.00014033728337902102,1.3709589960711326e-05,3.0162992195227922e-05,0.9993005199792059
38,0.0018767560029074478,0.0001925504875766927,5.686196098696355e-06,6.270650359300652e-05,0.9978623008098242
39,0.0003175279989921092,4.026851481352995e-05,6.912669766899548e-05,5.131730015357346e-06,0.9995679450585099
40,0.0026723593355494307,0.0002847815936330048,7.556511586669202e-06,2.2613019821053617e-05,0.9970126895394099
41,0.0009577695253916368,0.00029242726712910947,8.695798130464814e-06,4.567253331101232e-05,0.9986954348760377
42,0.002059344084729229,0.0003345708974156518,7.715129062584824e-06,6.004743050206989e-05,0.9975383224582904
43,0.0020240267215159455,0.0002999192355581617,0.00013454118042282868,1.1578112033491432e-05,0.9975299347504696
44,0.0007121561494375602,0.00022821945169132005,5.292787263857682e-05,2.6969613258387474e-05,0.9989797269129741
45,0.005486803422019077,0.0035059214632174747,0.00016159146922933135,4.9473573615685535e-05,0.9907962100719185
46,0.0011171214775379055,0.000412522629374946,0.000252476493363499,9.429658057762955e-06,0.9982084497416659
47,0.0016610602839760129,0.0006964140647186454,0.00023574285468283988,1.0212348665293414e-05,0.9973965704479572
48,0.007129275070607819,0.0037887564315293625,0.00017187481138235895,4.315588265098334e-05,0.9888669378038294
49,0.004133671302896456,0.0034279406916933462,0.0014744742676647687,3.194491208326708e-05,0.9909319688256621
50,0.011549860384071473,0.01723929490068591,0.0015306756018877664,0.00021035619425510522,0.9694698129190997
51,0.011932605964817662,0.009130844027851295,0.0024250612637028127,0.0002671582466939369,0.9762443304969342
52,0.024767895272986565,0.00965535643663844,0.011608046682448225,0.00023046900007282707,0.953738232607854
53,0.004057651153568179,0.0012741919772966855,0.003103005642215152,3.795543198676391e-05,0.9915271957949333
54,0.008914267433139654,0.0033008022897484013,0.00592086249639732,0.00013986803016641442,0.9817241997505483
55,0.01615913013706259,0.009448528452935402,0.004172761032290812,0.0005788802702504363,0.9696407001074607
56,0.0032701693505287734,0.000983183589358474,0.001476121011822224,0.0001594018856063419,0.9941111241626841
57,0.014354495229347456,0.0018681151179675063,0.0019311113796343486,0.00023197412334099405,0.9816143041497096
58,0.011372838025098907,0.0033835189567091627,0.004449314739285985,0.00013270215973096625,0.9806616261191751
59,0.0828707673187922,0.026675604510510587,0.01621316220796377,0.0033695865383768834,0.8708708794243566
60,0.036769123156496386,0.04414947602551068,0.005701688592422684,0.0012334327112475069,0.9121462795143228
61,0.113613243048151,0.14292476887622252,0.03275458046089101,0.007311881670814684,0.7033955259439207
62,0.10357259994607734,0.05676571367365208,0.004340854644876388,0.0017001944051432626,0.8336206373302508
63,0.1025955905047815,0.13813548038810294,0.036176849517610736,0.0015048196419290192,0.7215872599475758
64,0.049193528387886536,0.09472127548491222,0.03324671587537863,0.003365136980093224,0.8194733432717293
65,0.029037516593475917,0.06052160116381959,0.04598098522795031,0.002768519716210236,0.861691377298544
66,0.028866643593423055,0.029256806779636352,0.0046583238840001255,0.0011396616295970227,0.9360785641133434
67,0.007991474133450107,0.002839794156513836,0.0003099570372278655,0.00021694979906587228,0.9886418248737423
68,0.01113204622707149,0.01744221699961599,0.0014881721796876908,0.00015721832975194898,0.969780346263873
69,0.022446537085760988,0.013246345224646986,0.0015158150897424101,0.0001887066026168961,0.9626025959972326
70,0.018788700532608157,0.01148171239921421,0.002189427174712052,0.00025847148984416905,0.9672816884036215
71,0.04515664746416864,0.006768138855835421,0.001692852047923579,0.0002665651503348357,0.9461157964817375
72,0.02086410808800063,0.005734580472655985,0.0043203559181318255,6.433964031340846e-05,0.969016615880898
73,0.006487372875291569,0.003992256934009281,0.0029746120874493487,8.765332547005651e-05,0.9864581047777797
74,0.004089573870169625,0.0033513919496948198,0.0016697361767983453,6.645446793001983e-05,0.9908228435354072
75,0.0024699262904810033,0.000775083596336368,0.002171792589215369,8.77070179706149e-05,0.9944954905059967
76,0.011209681216628268,0.01781263487264558,0.0017929004221390755,0.00019469426534681993,0.9689900892232403
77,0.01140637711940996,0.009874770738786306,0.005614148217880425,0.00022893377722194898,0.9728757701467015
78,0.0035376117888224414,0.006221620036192331,0.0007411299893519111,9.124498656420028e-05,0.9894083931990691
79,0.0014011749435107646,0.004759045874179858,0.0002770804489517059,3.2477813128040466e-05,0.9935302209202297
80,0.00228300361713504,0.0032130921462077554,0.0008590978677114868,4.403504027947618e-05,0.9936007713286663
81,0.00045849500041649345,0.0003521280762147862,8.63576270578612e-05,1.2085028206817231e-05,0.9990909342681041
82,0.0009528196934568199,0.0019509561599068256,0.0005142208194093684,6.90180483117717e-05,0.9965129852789152
83,0.004161826569073705,0.007748397381943997,0.000660221209522343,0.00019686834870266865,0.9872326864907572
84,0.0040629521159850045,0.004444226751521058,0.00027486146696727973,0.0009225338116855217,0.9902954258538411
85,0.0030089520969289398,0.0016975512977951018,9.10288475325716e-05,0.00023110573675960225,0.9949713620209838
86,0.008936322218266889,0.004757892762203071,0.00013489797468898806,0.0004313211973812671,0.9857395658474599
87,0.0017905045915430173,0.0019769136499667443,0.0003160643837118362,0.0001333624779566645,0.9957831548968217
88,0.04371552144900876,0.014198032210164673,0.0017396433610479584,0.0004962977778780447,0.9398505052019006
89,0.0034064034720519714,0.001730635961096501,7.995826547209211e-05,0.00031474658087175003,0.9944682557205077
90,0.029541931658525734,0.02532884220175386,0.0018679508812636677,0.0004963810596897493,0.942764894198767
91,0.03002279709223537,0.046947102183815564,0.0011148323100290648,0.0008902280145495325,0.9210250403993705
92,0.044586226860279965,0.07637129820011127,0.004757479177322117,0.0006370393773626206,0.873647956384924
93,0.07486840352241997,0.22907581217507225,0.018904103827320197,0.008844438712616066,0.6683072417625715
94,0.08214984058554824,0.6517952512675642,0.009870478947680901,0.0294613190983002,0.2267231101009063
95,0.15768635539210102,0.38082525435767445,0.006606643419671509,0.038901457777392776,0.41598028905316037
96,0.16879403256782774,0.27315401750410834,0.08702363010274754,0.010643775424758237,0.46038454440055815
97,0.11438037634236897,0.4352224077767001,0.1997987559291632,0.017370193650191493,0.23322826630157623
98,0.05535872331474441,0.5735239211512692,0.20081609425615132,0.015531368745857694,0.1547698925319774
99,0.03756294610302697,0.7381267117282,0.13906977781240218,0.01017824438032423,0.07506231997604669
100,0.07143645404419671,0.4317124038764496,0.016245947319210103,0.00829739912052101,0.47230779563962255
101,0.04087888746330275,0.8208719998678379,0.0751770527870211,0.0016514676819874515,0.06142059219985071
102,0.04258589142644881,0.8807698931218837,0.056380115693752314,0.006080285988894311,0.014183813769020753
103,0.02829103652617222,0.8544530204181788,0.09954740207672044,0.0027865669905492094,0.014921973988379496
104,0.04439965521363487,0.6175318088152627,0.13515774750600326,0.009622273809914993,0.19328851465518423
105,0.04685596881870798,0.17285626863398443,0.02274146349059312,0.003210524786833224,0.7543357742698813
106,0.05305849851234695,0.8105760164766632,0.0707724116911347,0.002454102146934109,0.06313897117292107
107,0.055052580484788144,0.49282780555748423,0.027304357322047536,0.0015900208009914521,0.4232252358346887
108,0.06027140948350875,0.6790133264721118,0.10880295082318524,0.002896215960711353,0.14901609726048282
109,0.07213589566691543,0.13711060874428546,0.010943474245240156,0.002523852531080891,0.7772861688124781
110,0.19314014796560808,0.7108110676940577,0.034046168306783454,0.0031376019414566967,0.05886501409209406
111,0.05680795225703449,0.8960800195522268,0.03321589193230856,0.001704814752048982,0.012191321506380972
112,0.022629966568334107,0.9226856767189011,0.048770145837669206,0.00043695678217860006,0.0054772540929169805
113,0.04466177874148987,0.9330596583313356,0.010576887439358477,0.00172105400963877,0.00998062147817725
114,0.026197339523553693,0.889791937420086,0.0729289630617041,0.0018214946291496238,0.009260265365506759
115,0.12435239995517083,0.6385615592690979,0.03920497970280399,0.0030846822788746296,0.1947963787940527
116,0.06331701066629257,0.8650890241310306,0.06571169698555164,0.0006037681909317529,0.005278500026193552
117,0.047656550956868875,0.7944584465004559,0.1366301349913343,0.0008654667639822878,0.020389400787358708
118,0.015066783548157204,0.7490375639154896,0.232141801027603,0.0002366927319234682,0.0035171587768267985
119,0.004237462781902199,0.5911075035643711,0.40028365040346986,0.0001862228066223221,0.004185160443634406
120,0.00449194949911079,0.6032689728475418,0.3881931950493297,0.00026284942922417747,0.0037830331747936434
121,0.002499711385323166,0.5427413197480764,0.4504118502918169,0.0002225087787027145,0.004124609796080809
122,0.024638243913836066,0.9002589379390188,0.048090897872555244,0.00045445093407489275,0.02655746934051489
123,0.023399825269163715,0.8859868805169313,0.06836642585153262,0.00043103722744381313,0.02181583113492865
124,0.011432955376271897,0.6834717708064836,0.2962866461219904,0.0003106388245172601,0.008497988870736946
125,0.007424610325849751,0.49845927768663456,0.4798174017308533,0.00041537929741349087,0.013883330959249044
126,0.12191337881545511,0.810988276125631,0.04367169618480293,0.0012702867126252696,0.02215636216148587
127,0.014126913288849434,0.7546659928696826,0.21609316021115924,0.0006661747774999328,0.014447758852808685
128,0.014977806635560883,0.7880304534007194,0.18898447896738862,0.001103028108332836,0.006904232887998132
129,0.012499412282605092,0.8333800814718118,0.14186222872596774,0.001571147319881675,0.010687130199733897
130,0.018049247292083518,0.5279543181039901,0.39828340613818247,0.004313887474961789,0.05139914099078215
131,0.035421163821522966,0.8263357998769919,0.1271356267358441,0.0025629624727620923,0.008544447092878833
132,0.03944801676440564,0.7821419161145521,0.09721992601076343,0.0037763834444731604,0.07741375766580556
133,0.028084331734556066,0.8358936673907137,0.09600827269151518,0.0035619379773987503,0.036451790205816424
134,0.1512356827396665,0.7577934662772162,0.023987221822389843,0.004488338667214903,0.062495290493512684
135,0.015799307842426738,0.8633715132247599,0.10591236543192305,0.0017010747504447173,0.0132157387504458
136,0.11880529575269344,0.7949429312755886,0.03697046294489729,0.005363503990808259,0.04391780603601235
137,0.019354493058976872,0.8203064067440023,0.136277265077867,0.001682399855511507,0.022379435263642316
138,0.005612480295847234,0.3869242773513095,0.6027266966153767,0.0006008138489255341,0.004135731888540898
139,0.019108382607444126,0.39131474217000434,0.5396165670547186,0.0029798953862135644,0.04698041278161939
140,0.04564673653973089,0.5833053101011058,0.021784777677451853,0.010704566074082324,0.3385586096076292
141,0.03246511233660385,0.2578164552889239,0.04524836412260607,0.003295134367277949,0.6611749338845883
142,0.017974313364596168,0.03643266771221303,0.0011363610013026243,0.0015579821498178986,0.9428986757720702
143,0.01756108415470757,0.02858838331825427,0.0012310760661287203,0.0005445492656443318,0.9520749071952652
144,0.01949123942482325,0.006502293937741811,0.0020905749309030955,0.00037144101526704357,0.9715444506912648
145,0.0027059839952308685,0.0004814271214305865,0.0007731973539907942,0.00010349200895512241,0.9959358995203926
146,0.007146992657534426,0.001635677137438057,0.0010585640004664653,0.0002913151416744123,0.9898674510628865
147,0.020441276180144657,0.004014085649716695,0.0021008149991985194,0.0015143111420320204,0.9719295120289081
148,0.0017071782388830762,0.0009347093214500504,0.0015842150901958442,0.00017994379945101698,0.99559395355002
149,0.006008261758626105,0.002762211678146217,0.0001484013951788528,0.0007002031221500928,0.9903809220458987
150,0.012903633986666673,0.005832523036630833,0.0002758008537909392,0.0010886501442996046,0.979899391978612
151,0.02813489278372455,0.021261939239716775,0.007732006037454482,0.002294389353330847,0.9405767725857733
152,0.05107033578965718,0.06264378657683914,0.0768573446305226,0.002532305718095358,0.8068962272848857
153,0.009686638507373401,0.007128989866532568,0.0020704050010257754,0.0007571077071264211,0.9803568589179418
154,0.00965305211672443,0.011683698696025263,0.00036847062861121595,0.0011759167582953125,0.9771188618003438
155,0.020155884125513,0.027234933447417918,0.006865433158755744,0.002201441380360705,0.9435423078879527
156,0.004956392942399326,0.0016009580023831395,0.0003100996856767914,0.00040687813987491444,0.9927256712296658
157,0.05115696632259473,0.018639455883355093,0.013619331242137786,0.002543865369364159,0.9140403811825483
158,0.014919916010087825,0.006824703425730011,0.0011390317666919128,0.001039331239753853,0.9760770175577365
159,0.012433540964774241,0.005935149305831969,0.0001055841218343152,0.0006564685097674905,0.980869257097792
160,0.03721574005828939,0.031039235787509764,0.012848950807762018,0.0008042760889226845,0.9180917972575162
161,0.020738701668790268,0.015483356756526482,0.014098934315088177,0.00018304282092503594,0.94949596443867
162,0.006926561722549069,0.0035072379483987058,0.006536057076039266,0.00015511989668813187,0.9828750233563249
163,0.00378824158809074,0.0048247585066671424,0.00033726363010721985,0.00039565334770612717,0.9906540829274288
164,0.010692605206210327,0.012445132589112977,0.0012329418155354788,0.00160712766049344,0.9740221927286479
165,0.011569863126245169,0.0043615057976430565,3.0290701658392175e-05,0.0009156677102730084,0.9831226726641804
166,0.016001597919717423,0.009549777495241822,0.0013602955486388285,0.0011759423900045112,0.9719123866463975
167,0.06601876377581561,0.015968173582135026,6.047838199424665e-05,0.0019825964299126342,0.9159699878301424
168,0.03669951997024642,0.011587899970498965,0.00043301622674634456,0.0009660640669128981,0.9503134997655953
169,0.0505424704081721,0.01927026219610149,0.00019474207638744842,0.0021003924024223207,0.9278921329169165
170,0.07064688892448413,0.07990013628162503,0.038865053681198344,0.0016180475984743084,0.8089698735142182
171,0.008643098881359208,0.004170663698873281,0.0038304633282535763,0.00017643593637435424,0.9831793381551396
172,0.018395110278474434,0.018239013991515805,0.011494293231348245,0.002229435677198471,0.9496421468214631
173,0.01691077471587259,0.02125064404935724,0.001540499290221607,0.003412228927938466,0.9568858530166102
174,0.020052012981476457,0.0106937191475574,0.004678066832510818,0.004036691203623131,0.9605395098348322
175,0.010581427150465995,0.023417142210540157,0.002235293755011393,0.0029650400723052633,0.9608010968116772
176,0.04383669956638105,0.038455878583892204,0.006455844769728277,0.006208668470013165,0.9050429086099854
177,0.0141022259481018,0.026208186025881815,0.00023471102123001134,0.0034508891981542473,0.9560039878066322
178,0.028485964951453925,0.07081517110428119,0.0016381144534024193,0.010978445902324954,0.8880823035885375
179,0.006940429744824093,0.010094021494882248,0.00018719991964269268,0.001269960803622791,0.9815083880370283
180,0.29547100355687045,0.03834552169167264,0.0001357845527459604,0.0060026367098788645,0.6600450534888322
181,0.32530288900233584,0.07140636308767882,0.00043281595650627785,0.019132483066694263,0.5837254488867848
182,0.08608791727962024,0.08128493472075812,0.001697313422112678,0.011256351744637346,0.8196734828328717
183,0.03451497097569199,0.056983682720180936,0.0011826043201267123,0.04576086713217928,0.8615578748518211
184,0.35149817346880374,0.2648438619985467,0.0030973345839074825,0.059641714804491534,0.3209189151442505
185,0.16425368579243455,0.556948372305022,0.003461563384067063,0.04246677772181669,0.23286960079665975
186,0.19631789285959914,0.48685775959137223,0.002782358232642115,0.09257250435811522,0.22146948495827135
187,0.16539115078789474,0.62186565198233,0.014316804877186836,0.09977256430772234,0.09865382804486608
188,0.10371913016203639,0.5087351944043451,0.006617013132268932,0.33143037293049304,0.04949828937085646
189,0.09721395062270752,0.5736471677130885,0.03902967627906273,0.14464088044726695,0.14546832493787426
190,0.13606647645910988,0.4498459107955031,0.003984992459893222,0.3795221571611977,0.03058046312429597
191,0.0941236626996347,0.6999002065958227,0.010560720661664906,0.1768951302580559,0.018520279784821757
192,0.12217102708848525,0.7665759785898717,0.026189331220533074,0.0364961387711321,0.048567524329977865
193,0.056533265585245664,0.8968938554233616,0.01484979516203774,0.025193966568549168,0.00652911726080557
194,0.0638150128956157,0.8661236747048224,0.013014554918883961,0.04681996427863935,0.010226793202038403
195,0.07596713159607969,0.829074539733307,0.06651190199213841,0.01247918389767461,0.015967242780800202
196,0.01729008949608745,0.9228378594159083,0.044053987691348225,0.011988291737676078,0.003829771658979946
197,0.028455642097940267,0.8904034732022337,0.06579958471422193,0.00888228829984082,0.006459011685763407
198,0.027338155820554128,0.8563183968369029,0.10183682990591128,0.008104979605878937,0.0064016378307527695
199,0.06429472792835134,0.8917058340129129,0.006438022571367967,0.027290795319484817,0.01027062016788273
200,0.014748686971081369,0.8865037764652812,0.08832516760905518,0.007225274534063814,0.0031970944205183603
201,0.07547581155472075,0.8498508554140324,0.051510694470289387,0.006322464136617888,0.016840174424339573
202,0.05092442236098442,0.8903154791250247,0.04893969264177871,0.003992307237057148,0.005828098635154992
203,0.020335900466753085,0.8985828038989853,0.0758999275714403,0.0020887205761858704,0.0030926474866356337
204,0.020433426899473407,0.9594441221064942,0.016361728135948952,0.0018596021957213197,0.0019011206623621027
205,0.018603673288281046,0.785488981010551,0.18881446405025862,0.003311104176220745,0.0037817774746885485
206,0.005191590498468903,0.8907599611335559,0.10064812887419881,0.0016395994937606262,0.0017607200000156996
207,0.023226818255875765,0.8746041617947715,0.09457080217611855,0.0018941011338111506,0.00570411663942306
208,0.007690694006054877,0.8370680388066605,0.15191218230775191,0.0011554480926468304,0.002173636786885883
209,0.0159066570338541,0.8311354529805276,0.14699467321746204,0.0008813889169333484,0.005081827851222738
210,0.006675708159463341,0.7263267798262427,0.26364774806476415,0.000530674836579955,0.002819089112949948
211,0.003035206046911814,0.6219642978837514,0.3726423449668052,0.0008379757989188268,0.0015201753036127809
212,0.008563894551458638,0.7105882648541064,0.2768331741069577,0.0008264850016154938,0.0031881814858617783
213,0.006494239008920021,0.5831845118913473,0.4063183621562785,0.0005598431074228792,0.003443043836031273
214,0.0012070557966453407,0.33800063311839207,0.6593019781893996,0.0002633671185149344,0.0012269657770479629
215,0.0014211051027816612,0.2649434878297415,0.7323057317451884,0.00018938161598382945,0.001140293706304428
216,0.0033872252638843013,0.2691375908911705,0.725738836976647,0.0003799660917832977,0.0013563807765147725
217,0.0010642348705420352,0.19426513530535386,0.803412380015542,0.00018176204609613976,0.0010764877624658557
218,0.0017685109952963484,0.2509829163984901,0.7458235689482821,0.00029023956737377743,0.0011347640905577912
219,0.00202561796645027,0.2090016342990287,0.7861513399484767,0.0003065162188966254,0.002514891567147525
220,0.0006187527593248149,0.14765836711309488,0.8510307509028742,0.00013867889575745485,0.0005534503289487923
221,0.0005489843638981516,0.10821194538692745,0.8903999269416448,9.743707676801611e-05,0.0007417062307614119
222,0.0006125258315649992,0.17515996989843038,0.8233927321672005,0.00015184730776500625,0.0006829247950390702
223,0.0003110079094919409,0.1145463867646183,0.8847606102921863,6.872291866624893e-05,0.0003132721150371549
224,0.0005517101714452141,0.1607659157972544,0.8375639664264476,8.514522460535294e-05,0.0010332623802473946
225,0.0004381579842776781,0.12467974750066019,0.8743089277659742,7.939580255017139e-05,0.0004937709465376944
226,0.0004524732929391393,0.12958428402844563,0.8692705402589134,9.390127752340867e-05,0.0005988011421785293
227,0.000295979538720181,0.11190729140696101,0.8873964332536453,4.113669706543348e-05,0.0003591591036080149
228,0.00019473977406909415,0.08914439846787577,0.9102127049584788,3.236930223335327e-05,0.000415787497342985
229,0.000314882735151589,0.09854083986614394,0.9004595361493237,5.226107371833719e-05,0.0006324801756623328
230,0.00028605235074689856,0.11663184457474621,0.8826372614611705,2.9758197849077205e-05,0.00041508341548741076
231,0.00038240478296181895,0.11703389793214783,0.8820463937556978,3.705037059432868e-05,0.0005002531585982741
232,0.00022687853553565837,0.11853618741788884,0.8808439307803008,3.780644548921492e-05,0.0003551968207854257
233,0.0002278829522982764,0.12560258683006326,0.8736639889130697,4.248096305823208e-05,0.00046306034151065727
234,0.0009008786746385299,0.11375929863383281,0.883707836378974,9.283200240102127e-05,0.0015391543101536667
235,0.0005798765659357337,0.20820145786156918,0.7905576328118961,9.576535797966311e-05,0.0005652674026194271
236,0.0006010913696544465,0.15549417751097167,0.8426500943456285,0.00012758575434547196,0.0011270510193998626
237,0.0002842272341630606,0.1382810396197857,0.8609950094864277,6.479329268227908e-05,0.0003749303669412552
238,0.0003167058845443405,0.15550121860893176,0.8434809880309375,6.101526203613066e-05,0.0006400722135500842
239,0.00039465083956408153,0.0994324483001297,0.8985708271258784,7.073367264319912e-05,0.001531340061784545
240,0.001528712071439006,0.3193490529641723,0.6749476784056668,0.0003300411566713128,0.0038445154020504634
241,0.00046329773657124046,0.17049643430514966,0.8279903608524718,0.0001539552114442875,0.0008959518943630773
242,0.00039400013949502044,0.14999707690335656,0.8483390838051433,7.324057262304194e-05,0.001196598579381955
243,0.0006268072643698538,0.1856211799686626,0.8130126541891389,9.601061867991348e-05,0.000643347959148704
244,0.0004380498892099941,0.1472277691921035,0.8512118639550433,6.516100444326234e-05,0.0010571559592000134
245,0.0003174312698548175,0.14351242237472897,0.8552314048418708,3.307894323742832e-05,0.0009056625703082157
246,0.0007357384393312922,0.139096766484262,0.8592292996544137,7.340464631183146e-05,0.0008647907756812335
247,0.0007945982216667438,0.22388869999769678,0.7739894389684683,7.954441823528809e-05,0.001247718393933027
248,0.00015287504573019382,0.0883249584333863,0.9109226553981423,2.4067984102235864e-05,0.0005754431386389712
249,0.0006134349031747049,0.15225906443393714,0.8461584971508689,7.133625325772383e-05,0.0008976672587613824
250,0.0005113694399328303,0.18234117557237903,0.815587161239264,0.00012338150316401289,0.0014369122452599576
251,0.00032047011184103486,0.1312812397997334,0.867711432727023,5.676498017509828e-05,0.0006300923812274172
252,0.0002745648670436946,0.12099365133414385,0.8779152863224915,7.100465863977911e-05,0.0007454928176811054
253,0.00026108173668656757,0.1115108914162428,0.8873520855779409,5.241357153776306e-05,0.0008235276975920328
254,0.00033229548103557485,0.0775519250993204,0.9209214859572774,3.912944408142819e-05,0.0011551640182853211
255,0.0001552807634305323,0.07876222697307002,0.919783879723661,2.7526050001987174e-05,0.0012710864898363484
256,0.00027568585998221496,0.0922142414619225,0.9061719801592959,7.002640249815968e-05,0.0012680661163012611
257,0.0001708455275466295,0.1279994553870774,0.871153984625498,3.316129564561748e-05,0.0006425531642324112
258,0.00027099360325826834,0.11454988548677643,0.8838536212245154,6.657600693569291e-05,0.001258923678514362
259,0.0002897315611043531,0.08729115698766811,0.9118312590166658,3.090816403256381e-05,0.0005569442705293145
260,0.0002712769277110584,0.10414128271058838,0.8949768880430511,4.0151182889439543e-05,0.0005704011357598824
261,0.00027585284808911054,0.10373291874360906,0.895484152973172,4.645592841177792e-05,0.000460619506718003
262,0.0003143812512191453,0.10302371593601274,0.8963638480350311,2.9494880287205636e-05,0.00026855989744971597
263,0.0005912228956729526,0.12352452196488892,0.873419943997842,0.00013003794137212863,0.002334273200223912
264,0.0004557756369559992,0.1674452993823368,0.8311706373220263,9.077473839080635e-05,0.0008375129202900514
265,0.0004448292391753397,0.0904850556704496,0.9080384247342211,5.704175878726616e-05,0.0009746485973667515
266,0.0004346126797744988,0.10813676374925352,0.8908302564616428,4.325589796234815e-05,0.0005551112113669404
267,0.0002481462737140983,0.1103891058169242,0.8883752339859067,4.436673653219989e-05,0.0009431471869228353
268,0.00010451526129040324,0.06322596543889668,0.9361379431893093,1.959963771076852e-05,0.0005119764727928124
269,0.0007064652930012207,0.20443902825587126,0.7934898036527761,0.0001802812926759547,0.0011844215056755055
270,0.0002592895706474934,0.12314747608145897,0.8757931832520611,5.480018276542889e-05,0.0007452509130669266
271,0.0002252591854105074,0.12096134839248777,0.8779630157125909,5.578344145177077e-05,0.0007945932680590318
272,0.0005803160563080525,0.15271208184675922,0.8457158906897,9.582061783524689e-05,0.0008958907893974529
273,0.0002984412452952468,0.1321561749903776,0.8661362834627017,5.715995126716466e-05,0.0013519403503582102
274,0.00028073192513846035,0.11287123724799902,0.8864244264572886,5.074461655954116e-05,0.0003728597530143195
275,0.001088927313712905,0.19038221336404448,0.8060627699948351,0.00029731784391990196,0.0021687714834876587
276,0.00025604191397852474,0.07201742204091127,0.9270945931407092,5.764920708250308e-05,0.000574293697318588
277,0.0005282541106445057,0.1319642948115161,0.8667971717139167,0.0001313578924668893,0.00057892147145584
278,0.0013164113725461322,0.1630713529125011,0.8343616047042448,0.00018726909645646347,0.0010633619142515086
279,0.0003781842139234649,0.09024917457643541,0.9084550553488948,6.233882925335854e-05,0.0008552470314929805
280,0.0004464950988701706,0.11665303874538387,0.8822975633042497,6.912675711089202e-05,0.0005337760943852881
281,0.00018168731280057725,0.10634408750013156,0.8929714626667368,4.829832873610738e-05,0.00045446419159486103
282,0.00034275715265833607,0.08209037294563958,0.9170439492052662,4.638601007377128e-05,0.00047653468636215936
283,0.0011479488227456713,0.15675017110054393,0.8408531642556828,0.00017637676850995756,0.0010723390525174186
284,0.00040231881811048233,0.07467417020125147,0.9242993573263341,4.702727499645101e-05,0.0005771263793075024
285,0.00023527017265035158,0.1022972034079996,0.8969663377573817,4.572351624200949e-05,0.0004554651457263726
286,0.00031492137220886276,0.11008674542415348,0.8889691629667927,9.62565807151182e-05,0.0005329136561299521
287,0.0001854058255384264,0.09432976104876509,0.9051537109461956,3.3674021837723656e-05,0.0002974481576632381
288,0.0005402460219151629,0.13292944695964026,0.8660235664109447,6.29482745825549e-05,0.0004437923329173885
289,0.0004026455867144739,0.11592831532510312,0.8822720268858046,8.665670408056241e-05,0.0013103554982972668
290,0.0009213536988487784,0.14698154493159762,0.8490192235156794,0.00026922468141760933,0.0028086531724567675
291,0.00048104092897019007,0.1291695023278304,0.8690210325340378,0.00020570257890557603,0.001122721630255923
292,0.0008401459455153647,0.12080711038236919,0.8759550510993498,0.0005365403950773461,0.0018611521776883025
293,0.0009546509033554149,0.1976735295101929,0.7972486058630909,0.0008737062320169364,0.003249507491343908
294,0.0008086988341294874,0.16801961441503238,0.8282978068440733,0.0003652353003132684,0.0025086446064515487
295,0.020142655416418232,0.2466196904218534,0.5146064754300922,0.007907714675497484,0.21072346405613868
296,0.024583639575238726,0.1803662529681255,0.5921138708031528,0.028418809066246754,0.17451742758723615
297,0.06402677199882656,0.4400713789376625,0.26713022770588013,0.014128063843994475,0.21464355751363637
298,0.16321067167299383,0.623018035835947,0.15604442348472763,0.00794867839521352,0.0497781906111182
299,0.07031376853897608,0.6592845155295807,0.22536981079128365,0.011261124226930512,0.03377078091322895
300,0.1130048068095573,0.6572840897138804,0.06803092249768378,0.019731578578276385,0.14194860240060186
301,0.1636274716222869,0.5475549592630387,0.005847765686236527,0.2702973348822088,0.01267246854622918
302,0.07848176056439062,0.7112551037157256,0.013412680259097831,0.1856846037400073,0.01116585172077862
303,0.11250973780686023,0.6315594106122759,0.03464286032867008,0.1950053948234567,0.026282596428737023
304,0.09163507626451257,0.39457330281975767,0.0012984546626782746,0.5012906921355066,0.011202474117544924
305,0.07471520393936061,0.4975241891689175,0.002471826133231875,0.4100857868812723,0.015202993877217765
306,0.06333510373584686,0.6208682772218481,0.0015082389612146897,0.30458387376844315,0.009704506312647182
307,0.18508398263723727,0.26036267033856214,0.009455448170816682,0.32058851487117074,0.22450938398221307
308,0.11657607510359942,0.4102630746951309,0.028385124149630705,0.37968821483161996,0.06508751122001884
309,0.1594276166797502,0.14439279667347057,0.0002455377609329404,0.6737202167791595,0.02221383210668692
310,0.12363910220871675,0.12062232841774845,0.0005750237411092662,0.7287347632313301,0.026428782401095235
311,0.056249874244938707,0.045417076409898,8.545892870119275e-05,0.8845216070024718,0.013725983413990239
312,0.07949672310212712,0.09227892021672926,0.0003915021614710405,0.8140565312161764,0.013776323303496167
313,0.050151213719187474,0.2102611493272338,0.0004368908092572001,0.7306899697074162,0.008460776436905407
314,0.037809084291051114,0.08112165460850834,0.0003866042624631934,0.8705152020092533,0.010167454828724101
315,0.02876054072217587,0.15870664170938384,0.001980261964157265,0.7976991120305041,0.012853443573778897
316,0.03948633937314346,0.07560127655775561,8.631646628137548e-05,0.8761218687008512,0.008704198901968363
317,0.06446391238309859,0.11693822454812713,0.0002408234472328263,0.7981824646641776,0.020174574957363748
318,0.09258932403460704,0.25222755357823307,0.0026000738150888073,0.38039183050559916,0.2721912180664719
319,0.2820852463963995,0.10158543216335646,0.0002197566694482088,0.42467314592531114,0.1914364188454848
320,0.28262901030918897,0.20256661188973346,0.0003713213748784339,0.489938488739221,0.024494567686978108
321,0.37272398092595943,0.16540053057049145,0.00012101603250336226,0.43130644055206374,0.030448031918982092
322,0.2587498640122139,0.1635209918180256,0.00021746087805991747,0.5192344076976856,0.058277275594015014
323,0.11858953258640506,0.15901663102739813,0.00544339528946273,0.30440314414374486,0.41254729695298914
324,0.07501280348011684,0.08815999436793329,0.004916782877098982,0.11847343239117905,0.7134369868836717
325,0.19240207548483074,0.1304383017945094,0.0019154520669419077,0.2804893701682563,0.3947548004854615
326,0.2363841373818551,0.19292972073526748,0.0008502542102659803,0.5426837339987581,0.027152153673853128
327,0.23050141480829617,0.07811600360755155,0.0001615853681000902,0.6326443247361997,0.05857667147985237
328,0.10018083874813956,0.09917151467891581,0.00011330693833552484,0.7853927610961974,0.015141578538411728
329,0.046472017338283496,0.05169577069889291,6.355139163472919e-05,0.8947422169532928,0.007026443617896026
330,0.05540813692819198,0.12329297076592002,0.00024360938536681457,0.800364404067542,0.020690878852979343
331,0.031990970147014776,0.06398049995201686,9.801068360938722e-05,0.8965358184795144,0.007394700737844748
332,0.02472829287759923,0.025746417853933265,5.83525427275256e-05,0.9442849666975843,0.005181970028155821
333,0.0369591349236082,0.02042472361451218,7.32403312039451e-05,0.9345105213860961,0.008032379744579684
334,0.04132839722743412,0.039025250499541475,0.0001148982205531135,0.9049618611890333,0.014569592863437763
335,0.0525795965000198,0.1295867511787624,0.0004249929834397188,0.779790648095975,0.037618011241803036
336,0.05805224973835141,0.047101995415424154,0.0004030143917552093,0.8772565463697644,0.017186194084704908
337,0.03076058879689499,0.04803089193665224,0.00016429963620180488,0.9160704940349688,0.004973725595282211
338,0.04156224369745,0.035586664388279766,0.0001001091889617795,0.905816069377017,0.01693491334829162
339,0.04242326145470475,0.04961640990697896,0.0001603662126947679,0.8998469336961922,0.007953028729429414
340,0.03751020381895285,0.02598040343431157,0.00010863225803672422,0.9262738233760391,0.010126937112659768
341,0.044918175948086086,0.04382473549597708,0.00013617913691923894,0.9019665922783215,0.009154317140695891
342,0.05193241078084737,0.054807238811650935,0.00022957276237879723,0.883788974576352,0.00924180306877086
343,0.04199685227840088,0.03851164236484047,0.00016213703445829808,0.9106669621149239,0.008662406207376502
344,0.03768357877179309,0.051155570453904974,0.0001280323717511247,0.9010176497708586,0.010015168631692137
345,0.06073639051625284,0.06461508085317991,0.00013376301508148997,0.867097264007299,0.007417501608186581
346,0.08230187559772115,0.07226029473000661,9.834999742485457e-05,0.832353605805551,0.01298587386929642
347,0.15576577894886862,0.09442998040349404,9.221644545826023e-05,0.728538279396021,0.021173744806158003
348,0.08202326343285828,0.10507394866862929,0.0011158918392868225,0.34006673145846866,0.47172016460075683
349,0.3628700719391201,0.1105626071180131,0.00015859328897558183,0.4911435794004355,0.035265148253455496
350,0.45464072742661077,0.09962982863427222,0.00010466884733442174,0.3900809317530545,0.05554384333872799
351,0.3498115869418464,0.11230531602537117,0.0010252382785219875,0.27531161809581584,0.2615462406584445
352,0.48042095623119535,0.13532466882304267,0.0008273007396230874,0.10769300849261312,0.2757340657135258
353,0.4140621760333872,0.3126796419656732,0.005073104547950079,0.10810503236565143,0.16008004508733803
354,0.18873734807094641,0.4181573402330268,0.03166309986842091,0.20953385972249125,0.15190835210511472
355,0.13595748872311436,0.3874832627440436,0.06990436719963966,0.3719754746135363,0.034679406719666184
356,0.08727537917233869,0.47932138773837,0.025916031755055698,0.3758361806835979,0.031651020650637865
357,0.0712754162199564,0.4682592088954774,0.045182289526870756,0.3937335051762625,0.021549580181433062
358,0.03335107731717496,0.6266793402229023,0.1535760005361821,0.17409442781436923,0.012299154109371574
359,0.0421382459887643,0.7941979793980415,0.02715381948264131,0.12431986578570402,0.012190089344849034
360,0.04330025959466652,0.7405302098990875,0.10203138868674792,0.10066792686615725,0.013470214953340791
361,0.04193497807107121,0.9029960990130815,0.014315612525287886,0.0305915611774726,0.010161749213086572
362,0.0466616265213111,0.8550932007933767,0.03846235247341072,0.04789529438764787,0.011887525824253582
363,0.06540346617067448,0.8560619993001188,0.01951840929112984,0.041609018437878495,0.017407106800198347
364,0.06119333182345519,0.8298309509026979,0.034715824000327,0.05625409600362135,0.018005797269898666
365,0.04951438435882237,0.8176863541261055,0.03629005213813465,0.0764453312888112,0.020063878088126225
366,0.1452255603242138,0.5197714808751501,0.03221000033928516,0.061148824840070615,0.24164413362128023
367,0.09377683366415536,0.3030845143722294,0.0183432142729995,0.023877962779670345,0.5609174749109455
368,0.08661813033012014,0.5996984694890077,0.02373462073538638,0.015760187541061555,0.2741885919044242
369,0.3645199128793134,0.1395023776705515,0.0020928586392933925,0.012681505435931668,0.48120334537491005
370,0.26042551230865385,0.561045866076108,0.0006410827275099157,0.01858853023401053,0.15929900865371774
371,0.1285653278744171,0.8093663452260842,0.0017009601808675298,0.012717435268284923,0.04764993145034625
372,0.05789520273846715,0.9127817727108029,0.0022941602565798424,0.010142520756469148,0.016886343537680783
373,0.021120214380803793,0.9471705636384562,0.004385555136186369,0.020712339377686188,0.006611327466867601
