epoch,N1,N2,N3,R,W
0,0.009967374687992905,0.008228478137040718,1.845802228464678e-05,0.0009432234780687138,0.9808424656746131
1,0.3788852826418854,0.03766757481288108,2.0809591110670418e-05,0.01683317519523732,0.5665931577588855
2,0.007720608690023253,0.021050227577915234,2.3747887743681716e-06,0.005677019568964988,0.9655497693743221
3,0.05793220179960494,0.01130109031492284,6.381705209287264e-06,0.012541633623377853,0.9182186925568852
4,0.0028349543385284416,0.001154054163707416,1.4258561421403476e-05,0.0005973778903564256,0.9953993550459862
5,0.004912179628436389,0.0029406744550605954,4.33424415850562e-06,0.003315657530158335,0.9888271541421861
6,0.02278892432257966,0.005437961478872995,2.2784259670339033e-06,0.0029719789575962255,0.968798856814984
7,0.15929335240208586,0.019466625244144675,8.336576089382618e-06,0.010755320852213226,0.8104763649254668
8,0.04234001924163695,0.020169402411111745,8.536658472814907e-06,0.012186420792324619,0.9252956208964539
9,0.11441489989759437,0.030942944397858586,2.335670239822724e-06,0.009026887800631524,0.8456129322336756
10,0.4120759685771966,0.06375420576930829,2.3767698805629313e-05,0.03661205921132872,0.4875339987433609
11,0.22888923241293233,0.04231933827042128,2.1371461486105795e-05,0.016010725680684703,0.7127593321744755
12,0.38725096652272734,0.04804237580103091,2.9103585281406923e-05,0.03165125808310499,0.5330262960078553
13,0.5354155707035273,0.06972655406275279,9.651639345697685e-05,0.016354002951631013,0.3784073558886319
14,0.5502105527171516,0.08050817219280874,3.700074492414484e-05,0.01147763887502161,0.35776663547009385
15,0.6530578401154692,0.08013048973812223,9.227964438872066e-05,0.009901751687879223,0.25681763881414066
16,0.502006565351739,0.2147473853808503,0.0002088693545554245,0.03224842646231779,0.2507887534505374
17,0.2399438274016517,0.24130797494100084,6.480745858198435e-05,0.029946696251572005,0.4887366939471933
18,0.3569954199077555,0.22927940066839628,4.0401210137322e-05,0.0482710807462833,0.3654136974674276
19,0.5380333184313977,0.12709341182994416,6.196419971443006e-05,0.04410667743539944,0.29070462810354425
20,0.39738913774550183,0.18282050556790883,0.0001070593112554806,0.045522783065806705,0.37416051430952707
21,0.3443800344818266,0.11580928656413604,0.0024405954295484266,0.027009261228250855,0.5103608222962381
22,0.1706936353180412,0.33535280941625056,0.0001165533823260801,0.04425067609450322,0.44958632578887886
23,0.12764052989650265,0.1965450288371358,9.263572278580691e-05,0.03517246522887556,0.6405493403147003
24,0.10987254975067665,0.09381948001598618,9.623211738096139e-05,0.042750594695284035,0.7534611434206722
25,0.018757431728113214,0.007310965977456622,3.491321106961206e-05,0.000906033359086372,0.9729906557242742
26,0.023742730775453816,0.005791044767362619,9.72356011102024e-06,0.002605209697804042,0.9678512911992685
27,0.01759276690987063,0.0019855498299086406,1.3937521613216769e-05,0.0006631738624926718,0.979744571876115
28,0.06447382172118082,0.00952216036677295,1.0245683167438796e-05,0.011613773838728369,0.9143799983901505
29,0.037119720515644036,0.018244067449935935,7.870388027620796e-06,0.017895377943167964,0.9267329637032244
30,0.13137736420343804,0.02301773234557025,1.3734720218850568e-05,0.021782689006535134,0.8238084797242378
31,0.11024633290191828,0.02548661032095645,6.049852906781052e-06,0.001965497606422723,0.8622955093177957
32,0.5327793047839414,0.017371942552234166,3.067553043271493e-05,0.0032027904168768604,0.44661528671651485
33,0.6055457614984254,0.12663006931970516,1.1779445465531987e-05,0.0032239942063501848,0.2645883955300538
34,0.6973404904653927,0.215330253180765,6.39666823127859e-05,0.0037896476400133875,0.08347564203151604
35,0.20441767111172804,0.6683835931919885,0.0020617095811197458,0.035599574050449896,0.08953745206471381
36,0.19484520565727417,0.7397364566341642,0.0005677826518052654,0.015346355313715174,0.04950419974304119
37,0.027858476918556755,0.9509165773132423,0.000505582513221797,0.008627835677784529,0.012091527577194526
38,0.02545842697297633,0.9467725918672265,0.0027644614819722912,0.00777865386367383,0.0172258658141511
39,0.008196156441170504,0.9746875042289529,0.0002440034124473447,0.006894698959943416,0.009977636957485695
40,0.021961754832350563,0.9603581096755314,0.0023474852550603663,0.005941741630907337,0.009390908606150114
41,0.00936522823965839,0.9794085734960736,0.0015938749472052959,0.004936739049559156,0.004695584267503741
42,0.01237859131262525,0.9728555533832889,0.00115228305036695,0.005798919737169314,0.00781465251654957
43,0.011877260986370479,0.958478389365595,0.015023164599108015,0.005496231690561039,0.009124953358365549
44,0.011076413709255684,0.9815364210919095,0.0020396596942099964,0.0017756655494985142,0.003571839955126288
45,0.03181270482913393,0.9378985241264013,0.009251394565948116,0.004061856864904737,0.016975519613611968
46,0.02049419807247143,0.9401145836968461,0.032513690676381185,0.0014408534101611938,0.005436674144140111
47,0.023739119360226355,0.9223746669457538,0.04506801933842627,0.001837005350712186,0.006981189004881405
48,0.01845418732938443,0.8372763855030573,0.12215584203496468,0.0009091687078857512,0.02120441642470783
49,0.05828290240097035,0.8138926375671711,0.11552714978140664,0.0011473649453139262,0.011149945305137965
50,0.015112546732302976,0.7687556940992551,0.20630395491904172,0.0004223531288695238,0.009405451120530777
51,0.047453187798860645,0.5800903259398289,0.35128124861477517,0.0009720763863108827,0.020203161260224464
52,0.018434893377176336,0.6615669331687608,0.2988009730916336,0.000716652739658423,0.02048054762277097
53,0.021854074158471362,0.543718871757644,0.40554366366515393,0.0013352203460395239,0.027548170072691162
54,0.008868123304703962,0.4106576576704642,0.572793717887063,0.00020217749369320744,0.007478323644075643
55,0.012345960097748136,0.30199237822685265,0.6774520627805546,0.00048561005740048793,0.007723988837444037
56,0.016967534572450704,0.24616706168009816,0.7302401491168872,0.0005843840332378541,0.006040870597326167
57,0.0029309053156247006,0.12654713934526984,0.8668708121157198,0.00029063578017070546,0.0033605074432149417
58,0.017485551069604994,0.28050460707834307,0.6939454430029466,0.00029069185458575436,0.007773706994519519
59,0.01090892845757926,0.20137081842817894,0.7802721408028361,0.0007654810550523732,0.006682631256353535
60,0.002444949206921417,0.08062466145680779,0.9131469822056372,0.0003310522246626407,0.0034523549059708226
61,0.00533997667294448,0.12146884321817197,0.8708016847663705,0.00020428933241353856,0.002185206010099631
62,0.0021928873267566774,0.14786600182676155,0.846649757632302,0.00015579992307106804,0.0031355532911088134
63,0.000863292836372479,0.10451330876222406,0.8935208291415083,0.00011362291365256152,0.0009889463462426024
64,0.001106262946238469,0.17353009208202733,0.8245903230266297,0.00011466963058828832,0.0006586523145161164
65,0.0007177669948230988,0.09651972083448403,0.9018950080080603,0.0002109821779089639,0.0006565219847236443
66,0.001169888295417484,0.10946602123981078,0.8886376224992342,0.0003072218586980433,0.0004192461068395718
67,0.0008636549087634288,0.07978181556410407,0.9188116690026297,0.0001206419062313458,0.00042221861827164756
68,0.0010412687326099158,0.09876776471257219,0.8992792991289758,0.00022894488258839543,0.0006827225432535371
69,0.0015482368032237975,0.15230074742746919,0.8448570867638536,0.00051425160979989,0.0007796773956532955
70,0.0017487283753527044,0.13159386097211329,0.8641596859070788,0.0009276464559994105,0.0015700782894556848
71,0.0011637518893631417,0.07182593043775848,0.9248520849645506,0.0011698819759070344,0.0009883507324206814
72,0.0019218005390984605,0.10857258867542728,0.885025833602387,0.0002900053706403196,0.004189771812447051
73,0.0413212675861921,0.4107258511820125,0.5136390342881753,0.000648661162925755,0.03366518578069446
74,0.017871746745073174,0.22900801528229178,0.7451242450749084,0.00016682223839748424,0.007829170659329253
75,0.06396246327174279,0.4927675766440967,0.43551656591584226,0.0006228547957909692,0.007130539372527291
76,0.0159241744382842,0.3032734047187574,0.6791079534999047,0.00021069851031657008,0.0014837688327369667
77,0.011366844711004423,0.28901619124743266,0.6977155304947648,0.00023054523759999377,0.0016708883091981603
78,0.006638012303938217,0.3362771025014673,0.6548338748692611,0.00045068610433273267,0.00180032422100048
79,0.007719319917515071,0.23861164406622107,0.752188095100806,0.00036042013012475604,0.0011205207853331664
80,0.008939394914010102,0.22698043937861415,0.7619599236631889,0.0008396854106664959,0.0012805566335203744
81,0.013213277738173159,0.21029974339419363,0.7741825813242648,0.0011213663344989133,0.001183031208869358
82,0.004009525860592614,0.21208116138964733,0.7826568565943501,8.737034923562608e-05,0.0011650858061742994
83,0.0055946275043921015,0.3139999066133748,0.6698612004640068,0.0012336594696770288,0.009310605948549265
84,0.006969160831333492,0.3352644078031423,0.6525414715848334,0.0011881119690349492,0.004036847811655765
85,0.009818661329779177,0.43628435740772653,0.5404507314071959,0.0018001747053873868,0.011646075149910954
86,0.00548364641995397,0.28255542388848875,0.6993547786594562,0.0005978890226018109,0.01200826200949936
87,0.031016204259128495,0.5452184793653477,0.3931086562006269,0.0024465968181475025,0.028210063356749242
88,0.008854006277928561,0.30323637253342345,0.5835513521372357,0.0019879577933635314,0.10237031125804885
89,0.07738547033217216,0.359749083504657,0.014022207786013749,0.0009283863298101269,0.5479148520473469
90,0.21321290592475575,0.6656503981607221,0.058839549233838544,0.0008589344799452909,0.0614382122007382
91,0.1456968019832393,0.7600387858525492,0.07901015005221032,0.0004389851152057133,0.014815276996795364
92,0.18456807961202387,0.7158013906999134,0.09159922248585965,0.0010868770882835074,0.006944430113919531
93,0.028934360870258642,0.8915492849987062,0.07063090503101697,0.0020629255168749883,0.006822523583143199
94,0.040719556867437647,0.7541040295538638,0.18923758184433231,0.006505228914047747,0.009433602820318463
95,0.03207101901395474,0.7386375422166003,0.21764444275216216,0.003407258595985781,0.008239737421297159
96,0.022631716191026538,0.7622551641085246,0.207767272145622,0.002076375684836781,0.005269471869990138
97,0.02301294785633253,0.8082701919408561,0.16256860316830132,0.0027747500001670702,0.003373507034342745
98,0.0348717153346786,0.8384817967345903,0.1109010169056456,0.002791756351896518,0.012953714673188966
99,0.021386869403299667,0.840158848383318,0.12788285543883784,0.002418413395761123,0.008153013378783344
100,0.07263383208071478,0.5926413255086438,0.3140159079123015,0.004343797507159396,0.01636513699118055
101,0.008501605481208036,0.5651984545721843,0.40670497266939276,0.0015180148403983215,0.018076952436816743
102,0.010261622825308583,0.7107335629819052,0.2643278110679073,0.0031022731871805124,0.011574729937698423
103,0.0068909299226951985,0.5688734142856063,0.41901689424011096,0.001297973327307439,0.0039207882242801384
104,0.05489390893133095,0.6199841326082207,0.31714515557635875,0.004203442675041979,0.0037733602090478215
105,0.023760014564903603,0.5195532949321352,0.4526657901390862,0.001973656514819224,0.002047243849055673
106,0.04226630532955047,0.6143549320016123,0.33253091451390343,0.007284074181156458,0.003563773973777288
107,0.027696018459225077,0.509404189465239,0.4547731177268019,0.005784930187193436,0.00234174416154067
108,0.021061441147019352,0.5609968945432391,0.4037855838019126,0.00668282193300189,0.00747325857482702
109,0.010475611469396394,0.312776856208212,0.6696350750521212,0.0028837287939251837,0.0042287284763451675
110,0.002932274782793065,0.23029820404662574,0.7654178851365471,0.0005963161247836176,0.000755319909250489
111,0.007099138111533903,0.30354063583800317,0.6867734713730332,0.001254808439299226,0.001331946238130545
112,0.004009690673009292,0.23007133177707006,0.7646858443000053,0.0005050317996285551,0.0007281014502866173
113,0.009896548414804496,0.3017875795678149,0.6857050265688287,0.001210375717431899,0.00140046973112005
114,0.0032373148902312106,0.1382025557786649,0.857286742679894,0.0004376456719205274,0.0008357409792893413
115,0.005663082815937166,0.21470686018204554,0.7758179228133358,0.0015096305908814023,0.002302503597799993
116,0.005721397878993224,0.10858154347626524,0.8803351634402212,0.002398035849023787,0.002963859355496437
117,0.006139745217635536,0.09849085837805642,0.8930173409344049,0.0007702941175805647,0.0015817613523225569
118,0.003610996914797566,0.07415117053108118,0.9207209995564536,0.0004735821021197698,0.0010432508955477483
119,0.002304917854560418,0.0507006501453356,0.945479615592545,0.00046518729187128803,0.0010496291156875926
120,0.0025500791810640993,0.13189648821100547,0.8644043091647816,0.00026193949495940055,0.000887183948189509
121,0.0022703095169138705,0.09326139635580082,0.9024977183746351,0.000737887730676402,0.001232688021973848
122,0.0033976102643925436,0.10369720798345719,0.8899331864080307,0.0008381317093826652,0.002133863634736748
123,0.003909258054539135,0.0946751472869728,0.899966650035359,0.00037425787733971197,0.0010746867457894992
124,0.0017161897901170858,0.07915151931679076,0.9170465333689721,0.0011061113681116687,0.0009796461560084694
125,0.0012886153654325608,0.04691545684493979,0.9508616789609441,0.0003031795183436465,0.0006310693103399271
126,0.0011772283571353517,0.043134870173298236,0.9548825102114897,0.00024091402575176027,0.0005644772323248768
127,0.00034354876330848136,0.011319549806594595,0.9879492502286011,0.00019755671673517565,0.00019009448476063276
128,0.00033612242923444107,0.008867325918274006,0.9902913513881526,0.00021454683246241262,0.0002906534318766683
129,0.0004740985613638018,0.0187829121489789,0.9803526861407874,0.0001191110788767153,0.0002711920699931243
130,0.00047972141850001796,0.010805591255759238,0.9883288994228454,7.70259981851858e-05,0.0003087619047099627
131,0.00031548510922491276,0.011704406696334055,0.9874307012583751,0.00012876302936002106,0.0004206439067059878
132,0.00023229892869298724,0.0117337387901584,0.9876232899595444,0.00012268749466403314,0.00028798482694013803
133,0.00034065452958598945,0.011803739117380823,0.9871514934276706,9.002496324319483e-05,0.0006140879621194455
134,0.00029949629566712734,0.014204314566862603,0.98516449878282,7.736026551247983e-05,0.0002543300891377953
135,0.0002771554138681903,0.009152543320326462,0.9901815167311343,9.882318628019423e-05,0.0002899613483908988
136,0.00023077014409833254,0.00616748688445821,0.9931353795878444,9.384131599651201e-05,0.0003725220676025349
137,0.0003014088034574155,0.009288566288341979,0.989756276818328,0.00018110682558738914,0.0004726412642852045
138,0.0003129083970105138,0.009360620953969164,0.9894056824469676,0.0002758332451475791,0.0006449549569051962
139,0.0010174873669421913,0.017493968003878813,0.9798842669837867,0.00033127054292085193,0.0012730071024715337
140,0.0009640743755203417,0.014475139184137557,0.9832264284155408,0.0006618840425842218,0.000672473982217384
141,0.0015272585869437925,0.034737544750492864,0.9614480579550055,0.0013360506680148913,0.0009510880395428372
142,0.002665813462434929,0.04514651504927249,0.949528067240495,0.001707746126719238,0.0009518581210782811
143,0.05876542783059508,0.2567898304070408,0.26644996030915913,0.007268289219599452,0.4107264922336055
144,0.07675941619576623,0.1586627716078641,0.04368268502173939,0.002218130051131947,0.7186769971234983
145,0.3405180738901875,0.44275614069438735,0.20117515937613542,0.0023680342063990742,0.013182591832890618
146,0.2922420294356189,0.4403923335511835,0.2561589253487672,0.0028772667827510114,0.008329444881679233
147,0.34202261506011106,0.5323328946239104,0.11671702701524865,0.003965162208513629,0.004962301092216186
148,0.08789428612866232,0.7443915260114089,0.11920738953983843,0.04367288363087967,0.00483391468921063
149,0.05245462670480142,0.611914102294001,0.16448179848157543,0.15766447972848724,0.01348499279113478
150,0.03460111787602171,0.6238500868339156,0.03778513685017048,0.28168660714438704,0.022077051295505253
151,0.05114684094420581,0.7624660611522687,0.0886371130755342,0.06900165183162532,0.02874833299636609
152,0.10354186108794411,0.6596833735518939,0.0679245033132967,0.11541846133167238,0.05343180071519302
153,0.17004423846330552,0.21076280563041766,0.02172530623827652,0.44630213755531534,0.15116551211268506
154,0.233985831917157,0.1930600098190659,0.01399897477203035,0.20253347136612979,0.3564217121256171
155,0.1704393834727298,0.16216954503265002,0.006934713751366573,0.2890705412625239,0.37138581648072966
156,0.11166580074361325,0.058812323177710936,0.005504599079659308,0.336232651057583,0.4877846259414334
157,0.2617688586770152,0.13321210344039844,0.001534042752469766,0.14934177584064898,0.45414321928946755
158,0.25368258536596355,0.13253016295910688,0.002259292413605127,0.43343959618022027,0.1780883630811042
159,0.23409931881461388,0.05001355652781422,0.001194879086755635,0.6039080450093518,0.11078420056146449
160,0.4590255531743436,0.17422398727121352,0.0027594957949963585,0.08185136123961596,0.2821396025198305
161,0.3272707297305099,0.10970437756411619,0.0001805655724853665,0.5076749241439849,0.05516940298890376
162,0.5251580837411682,0.15728817037758683,0.0033944780637315927,0.09633820435325509,0.2178210634642582
163,0.1915450662934612,0.06951824389538212,0.010035965261768243,0.3346278835444528,0.39427284100493565
164,0.25781738987913666,0.06102309876083677,0.0004947057036363253,0.6600599605855338,0.020604845070856363
165,0.23243038085420223,0.10969095859029614,0.001835387379705307,0.22424924123863052,0.43179403193716587
166,0.18737440878060704,0.04018493029050872,0.00021566334469115436,0.7587725001655895,0.013452497418603424
167,0.10566708735824823,0.021338122117890414,0.0025245868009158325,0.627456071974188,0.24301413174875755
168,0.30974930964186054,0.04093478959293072,0.0010509418109327874,0.3673578179735697,0.28090714098070624
169,0.12819134520001174,0.02981658401761166,0.0005439703541162166,0.5703186970721033,0.27112940335615715
170,0.12275320149461408,0.04365335792630159,0.001266429542623172,0.385875783854772,0.4464512271816892
171,0.29817555589825084,0.12650320873021847,0.0019238099468086032,0.31349610286969054,0.2599013225550316
172,0.29891932883266137,0.08803637115472532,0.0016856788180751815,0.3858909352723363,0.22546768592220173
173,0.13482120345153867,0.05776599208423979,0.0005439461619517118,0.7536539594382666,0.05321489886400317
174,0.25922106746082885,0.10604445466314878,0.0020365226678794555,0.30637086527594637,0.32632708993219656
175,0.2961640823611726,0.1304658220761929,0.00405769457427935,0.29185489153118577,0.2774575094571693
176,0.3619795067791408,0.10291664354061844,0.0010487766681027983,0.35950276325489433,0.17455230975724367
177,0.1682399488126687,0.09984792613149972,0.00032575597286341467,0.6552038020588091,0.07638256702415903
178,0.3223981000617137,0.09819786768382613,0.00024271307096613914,0.5414138263226447,0.0377474928608494
179,0.03497524437196112,0.01848425664312571,0.00028845842396952546,0.022352797289864886,0.9238992432710789
180,0.2856298314742233,0.14851473902823056,0.0038054724122087943,0.022688234672775497,0.539361722412562
181,0.3796235486385623,0.39025587247343907,0.007805535184615079,0.025648522696223024,0.19666652100716048
182,0.26036202942421827,0.6141654094443334,0.009720433322761506,0.018351280759051892,0.09740084704963492
183,0.1308962902455246,0.6058414655345895,0.019767978360077553,0.11304061443029463,0.13045365142951376
184,0.07676095806214712,0.6902444834073194,0.018944686703877833,0.16769446312537245,0.04635540870128317
185,0.08385625041165012,0.8110450097872642,0.018996049124518345,0.059483154811273836,0.02661953586529329
186,0.03939648012368925,0.8365619873761865,0.03657060095238851,0.07406047295068367,0.013410458597051964
187,0.16604992509279604,0.6853201268975788,0.0258726562174502,0.07991892218727373,0.04283836960490134
188,0.15326804847626777,0.6890573415564432,0.020375889403424587,0.11818738841042893,0.019111332153435516
189,0.11380873201996841,0.7874199975604717,0.04506745584939741,0.0364474133478746,0.01725640122228788
190,0.14025239371751097,0.6703384760007557,0.06842073897958434,0.09840730442562136,0.022581086876527674
191,0.13066632864909872,0.7631208986734191,0.06586895315438984,0.020583042396925145,0.019760777126167164
192,0.06325835278994715,0.8356128319491751,0.08126467963861063,0.011422572462215093,0.008441563160051934
193,0.14805740057038347,0.7780943380437906,0.04283266392731133,0.013207105914050691,0.017808491544463966
194,0.06346534170476496,0.8567211145218212,0.058687093571730624,0.006747514189322773,0.014378936012360543
195,0.012835049993970084,0.9140213825054371,0.06101808188441316,0.006005501411784471,0.006119984204395303
196,0.05089872813666228,0.8980070515353169,0.0362045945423083,0.007854704483428832,0.007034921302283575
197,0.019513987421482786,0.8994194734785798,0.06646113168608316,0.008921206706579593,0.005684200707274612
198,0.010453222041504317,0.9518450365702091,0.02237836668392832,0.008132967024664038,0.0071904076796942855
199,0.10543635846939066,0.3642231677828521,0.00788994089758063,0.0074729510115753,0.5149775818386014
200,0.31483002049430625,0.506767563362924,0.006336040690797665,0.010953439218279109,0.1611129362336931
201,0.14427772665590835,0.6689309881573317,0.008854291547536544,0.007152248091578715,0.17078474554764478
202,0.22775993829417168,0.671370119819822,0.005874326023080499,0.005564048136421367,0.08943156772650446
203,0.05524376552170164,0.8841092652507414,0.014831478920350607,0.004784681639324973,0.041030808667881426
204,0.02967521890031977,0.8544199804361711,0.030227456123353858,0.0057824699436252285,0.07989487459652987
205,0.06862008566207918,0.15430801606258118,0.04973405352836058,0.006152429562457326,0.7211854151845217
206,0.11355800065052843,0.04549879709924689,0.00013572988467998177,0.00481968683037598,0.8359877855351687
207,0.07310611385626456,0.041936604774007485,0.0036381527076318567,0.010382946950285276,0.8709361817118109
208,0.427003769513089,0.3258757559001211,0.0395756103297948,0.009049202933964703,0.1984956613230305
209,0.21333185498565754,0.6601957798325186,0.006209687637164439,0.007164882051212905,0.11309779549344644
210,0.09102544541068347,0.8381426378109703,0.02097657114467445,0.014964667057652623,0.03489067857601896
211,0.07253260210352715,0.828717905795751,0.03287729201816201,0.03141183629643879,0.034460363786121107
212,0.055535673042009126,0.8736678664291039,0.03483926276689043,0.012417811926822135,0.023539385835174405
213,0.04563178691126042,0.88315348749036,0.036107903831698214,0.013076158412832554,0.02203066335384867
214,0.044450307634065045,0.8880632259250074,0.030004300085463176,0.01899522830391998,0.018486938051544406
215,0.09140073766389209,0.715854623225412,0.15377221452930204,0.012194488036146277,0.026777936545247558
216,0.071885991427253,0.8343650611570315,0.048881412151500485,0.023550637460956054,0.021316897803258884
217,0.06108469163464192,0.8564682707405505,0.06197414934848041,0.010972670272381024,0.009500218003946109
218,0.05796310991032044,0.793357109411305,0.12380514805667266,0.014890685849356806,0.009983946772344944
219,0.12049697338867481,0.6964301819118248,0.04852289007865385,0.019110739809392353,0.11543921481145435
220,0.07212441305064979,0.8804735421140675,0.02552030522467636,0.011763872741505104,0.010117866869101433
221,0.0678637361674531,0.8582148393000315,0.06466041384532256,0.0013861998831253882,0.007874810804067744
222,0.0240736175521885,0.9069606536008142,0.062023948760600404,0.0012921837020275025,0.005649596384369404
223,0.040204226237779264,0.8930679115964508,0.04953727286668232,0.005318064600365428,0.011872524698721909
224,0.01854859339462846,0.9088158834931768,0.05886754516569636,0.0030665380520811057,0.010701439894417252
225,0.027260606545609894,0.89084229711207,0.07073239574292671,0.005241450454753845,0.005923250144639451
226,0.021001056467251682,0.8981669757138226,0.06854841470782429,0.005904595261057227,0.0063789578500441976
227,0.007214632651872647,0.8959502287457529,0.08677395277378183,0.006417560251591241,0.0036436255770013154
228,0.031029363921756054,0.9188599385935755,0.038652800089933506,0.004112731088751188,0.007345166305983871
229,0.04446986800411108,0.8912616402386188,0.05258762075817752,0.004996196141775592,0.0066846748573169005
230,0.02908114919673758,0.90760106702918,0.05313844921019332,0.004849060224326972,0.00533027433956205
231,0.052725360926020294,0.44482491962726767,0.07330666747531835,0.003197048311931465,0.42594600365946217
232,0.031237737355401245,0.8850393684475857,0.05030718208886999,0.0006147891342145988,0.03280092297392854
233,0.10437562826099903,0.3317943859222389,0.0119679486766897,0.0009530588631847894,0.5509089782768876
234,0.17634214034375237,0.5180553308490625,0.015456748611399129,0.0008072798022858463,0.2893385003935
235,0.24466209672138897,0.680450894250699,0.026460430958601445,0.0021613709818651874,0.04626520708744547
236,0.26151600459189217,0.6822458577672085,0.025207276091509925,0.00155797723126119,0.0294728843181284
237,0.04217792965345317,0.882673014266978,0.05314062830606581,0.004668171257643257,0.017340256515859735
238,0.01731917540103337,0.6929668818836819,0.2708118986959658,0.005560322763967923,0.013341721255350943
239,0.04445885339253314,0.8990723172122406,0.034011505153084154,0.010493031862329227,0.011964292379812879
240,0.027362326055399643,0.9159818065133934,0.04879102857552142,0.0030628511759637246,0.004801987679721699
241,0.042738046916058106,0.8965288769743331,0.052037784370423876,0.0047719283102119845,0.00392336342897289
242,0.043869753686186605,0.904399879673567,0.04008266183131997,0.0024405161935042493,0.00920718861542226
243,0.03024624765156291,0.9347597319973596,0.028482060513146622,0.0029866149504742907,0.0035253448874564977
244,0.0393737995880029,0.88470394370469,0.06497117247321045,0.004724669966168135,0.006226414267928597
245,0.08074465637898573,0.8625946796488729,0.047397888755027234,0.005418211122389509,0.00384456409472449
246,0.09880900585778234,0.866407680319362,0.023112376203674165,0.006918319544146332,0.004752618075035306
247,0.049373333356517744,0.9136242780931288,0.02625248055957844,0.007492777439265065,0.00325713055150975
248,0.01851568820849116,0.9463515900080653,0.025307614000054036,0.0026115179740224996,0.0072135898093670815
249,0.013784441469065234,0.937643113858684,0.043146113839892454,0.0014876034448581977,0.003938727387500057
250,0.018308143032096356,0.9098009935060819,0.06379959231237413,0.0018591651777303119,0.006232105971717178
251,0.02020234092210119,0.8662184637153449,0.10511180700877734,0.001498686022525366,0.006968702331251117
252,0.033430606839280945,0.8233513773048463,0.1338010175668124,0.0013803064717760368,0.008036691817284222
253,0.040826862671630215,0.9017950807561089,0.04132297765253301,0.0030989848191893266,0.012956094100538374
254,0.0591576611386425,0.8589028571022228,0.05414732937907283,0.005336271541886479,0.022455880838175252
255,0.04347446755557017,0.26214417243179744,0.031451022713989404,0.000931360155804595,0.6619989771428384
256,0.054826350452878043,0.8133295434755567,0.08206195946411456,0.00030369038007959276,0.04947845622737108
257,0.11497809395707531,0.8192861603283599,0.039326739519363885,0.0012433261035421058,0.025165680091658878
258,0.19985359076202044,0.7607797973334696,0.030820398950907185,0.0008442018347902888,0.00770201111881265
259,0.060806077817877544,0.888114097653061,0.044018658621804874,0.0019341976903672654,0.005126968216889234
260,0.01627911439568043,0.8244796506073262,0.15460672481634535,0.001251334661724494,0.0033831755189234172
261,0.05318148556667608,0.8945589362655298,0.0399981176442379,0.003985232646046523,0.00827622787750947
262,0.016784846105634098,0.8893971793110883,0.08812242498839637,0.001927743563839582,0.003767806031041507
263,0.015672014226792867,0.7879692103675732,0.18901730778909195,0.0027306107229714753,0.004610856893570522
264,0.02848514398817584,0.9215190686561237,0.04279279330675335,0.002423589694820524,0.004779404354126741
265,0.032518531166857406,0.8885545779981648,0.07039163502693378,0.0046814513435549975,0.0038538044644889865
266,0.01874628614192035,0.8992358387307419,0.0718656797618375,0.003838770027776644,0.00631342533772355
267,0.0234492160341994,0.8892346674297612,0.08175409525028543,0.0024549946014054587,0.0031070266843485016
268,0.034394375232829906,0.8218048976109644,0.1329010222853865,0.0055094074914845866,0.005390297379334587
269,0.013354524750547594,0.7069126485330274,0.27288411861398715,0.0017438585363440456,0.005104849566093773
270,0.012736772240275697,0.7887948863130093,0.19015094113358394,0.002868732090534691,0.005448668222596308
271,0.01924209090542286,0.8147013362917473,0.15666245110585397,0.002436612318866257,0.006957509378109669
272,0.008371081870610881,0.8279572437902541,0.15886637889288796,0.001830581935554029,0.002974713510692929
273,0.009613634774321832,0.8884815574241008,0.09478765083109544,0.001630956669245099,0.0054862003012367275
274,0.007703736126572044,0.7599022455672477,0.22824238071368746,0.0019038786713518174,0.002247758921140936
275,0.019478630092104997,0.8784931972082103,0.08972468877158817,0.00590131083349342,0.006402173094603284
276,0.02160680911610201,0.7799511561240025,0.1856681264396837,0.006540685415308865,0.006233222904902942
277,0.02239148025258522,0.7012637175114481,0.2602304916270961,0.005080570993695875,0.011033739615174676
278,0.014772898417668314,0.5225554516347357,0.45563383433197585,0.004445880448474948,0.002591935167145043
279,0.004958921636978231,0.5043430240846439,0.4886069886437508,0.000879067434131032,0.001211998200496087
280,0.012173025933528054,0.7220884261074192,0.26043676945671873,0.0027988831245418047,0.002502895377792185
281,0.011920498681911381,0.7375619034557818,0.24247925500364642,0.003680416209645127,0.004357926649015353
282,0.0147511997681815,0.8210425830279126,0.15975407197143193,0.002302288531496832,0.002149856700977155
283,0.010320025492779999,0.6106981185643379,0.37304288665583907,0.0039496316538555854,0.0019893376331874407
284,0.01993766078393186,0.5830243516507091,0.38803886505498764,0.005853559181625002,0.0031455633287463783
285,0.018340661752707908,0.6132687089275648,0.3575550671005703,0.006924072663106879,0.003911489556050256
286,0.013250666862193745,0.48462300822764753,0.4965182827301127,0.0035618803978687166,0.002046161782177431
287,0.004497244858467572,0.5131875113826871,0.4790123848435644,0.0020347916696571286,0.0012680672456238781
288,0.018168871493750554,0.6112612612767132,0.36490731664845744,0.002617762234125974,0.0030447883469529244
289,0.007708118254303704,0.6507399014846461,0.33835099483345776,0.0015602187893220554,0.0016407666382703824
290,0.004920211959500833,0.4849667944249474,0.5075522325862103,0.0015860538042334258,0.0009747072251080668
291,0.0035871240528850164,0.32259252530551014,0.6719379910863844,0.0011091308086126229,0.0007732287466077294
292,0.00300189868404057,0.33470976745879655,0.6603503962230857,0.001100881203496213,0.0008370564305809658
293,0.007003454289278102,0.39497080316507943,0.5948928625760186,0.0015910176260564251,0.001541862343567555
294,0.0024945108886579377,0.23717440929876943,0.7586585242748445,0.0011144573248935744,0.0005580982128345252
295,0.004350272745875555,0.2862877921806724,0.7071384858208459,0.0010650627532527068,0.0011583864993535596
296,0.0025677740398911612,0.1617570675440834,0.8343569813026301,0.0009523040160147382,0.0003658730973805311
297,0.001768916334530902,0.20989783795253383,0.7866900477401175,0.0009966839443640366,0.000646514028453531
298,0.0032971141680291018,0.23862544001819097,0.755883600201426,0.0011196669538882187,0.0010741786584657538
299,0.0014830403777659595,0.20806399673622575,0.7892157681184877,0.0007041928622501317,0.0005330019052704714
300,0.0025505857466924598,0.18991608358052742,0.8022918582544102,0.003470158493107379,0.0017713139252626498
301,0.0013870394488522321,0.07954108968676966,0.9164521223040613,0.0014677908735904667,0.0011519576867263356
302,0.0007232014244105034,0.031908055265544154,0.9661236164332304,0.0007156266132782111,0.0005295002635368328
303,0.0013021660620069473,0.06060314404204433,0.9355099467586078,0.0013450850357024505,0.0012396581016386556
304,0.0008341687344585655,0.04025793226212082,0.9577481560825437,0.000490268450358006,0.0006694744705189892
305,0.0006837892349669465,0.051659627775205594,0.9462890531051038,0.0006061731949028262,0.0007613566898209037
306,0.0004010579952941569,0.06598283156670032,0.9329021182906257,0.00025685279679750174,0.0004571393505823897
307,0.0003467668571959781,0.033463094038550245,0.9654390387961128,0.0003179965196122239,0.00043310378852862364
308,0.0002571923776096842,0.024472175377795488,0.9739224153736142,0.0005253404550917505,0.0008228764158890594
309,0.0005752478359626253,0.031157116746860045,0.9668677976921616,0.0006034696196706788,0.0007963681053450982
310,0.0002471683274885879,0.02002724819965817,0.9789869936842966,0.000375515777777796,0.00036307401077887217
311,0.0004904542398590788,0.042692406231282044,0.9559566851273424,0.0004086468704574217,0.0004518075310590425
312,0.000810622079804268,0.03497948832822134,0.9623265161046705,0.000816590857098775,0.001066782630205333
313,0.00036376743978818295,0.016557356968572745,0.982210651520183,0.0005291232353133476,0.00033910083614268585
314,0.000539962234646555,0.03707136688965444,0.9618236582619644,0.0002935518358703704,0.00027146077786432054
315,0.001245458221248214,0.039229164713134285,0.9559543836848289,0.0013271292798271803,0.002243864100961437
316,0.0004749228220665722,0.027848637464286303,0.9705719269315193,0.00036993190145284265,0.000734580880675133
317,0.0002269731767382254,0.011651951188242889,0.9873549388310964,0.00028328894745890634,0.00048284785646353167
318,0.00028397762182391206,0.013644201331702957,0.9851787595770323,0.0004189820584761081,0.00047407941096477125
319,0.00026835498809128907,0.01615645146436926,0.9825924569935064,0.000560640467148987,0.00042209608688411726
320,0.00041495715641418334,0.032786148347827115,0.9658843358835302,0.0004388567993522782,0.00047570181287627137
321,0.0004804160406118008,0.03591261611319884,0.9625277685724999,0.00039257071751804695,0.0006866285561712323
322,0.00044479000603339696,0.02540419995836281,0.9729326154790112,0.000643599896397812,0.0005747946601947522
323,0.0013046737511373417,0.04258303986510697,0.9539190414707932,0.0014297814287770787,0.0007634634841852669
324,0.0031696647381499834,0.1488511817563871,0.8415586911284141,0.0041092240594615415,0.0023112383175874227
325,0.001748990315674344,0.0809522050182482,0.910370031216163,0.005382005309796047,0.0015467681401183922
326,0.003073970827496032,0.14616117811996365,0.8448221506853314,0.004292481579836815,0.0016502187873720518
327,0.002277393557610368,0.09388390287604763,0.8918438219002178,0.004435578392933749,0.00755930327319033
328,0.0302441257044616,0.14554205781542098,0.06606694198565526,0.0061486043237972045,0.7519982701706649
329,0.05864952253217725,0.13070753591065898,0.07289475972623312,0.009065560861793602,0.7286826209691372
330,0.007404578157057772,0.05317525581350503,0.00913922220266265,0.0015505606461636754,0.9287303831806109
331,0.016978752408168745,0.06776521593449215,0.010890727563428472,0.001350769873739844,0.9030145342201708
332,0.014782250827970233,0.16394034102938676,0.0035596961786245724,0.0011109932167421386,0.8166067187472763
333,0.223879409952292,0.41882602299684535,0.09750899970682832,0.025796076692486156,0.2339894906515482
334,0.16678666073389012,0.5562962278609318,0.12817014888891712,0.023474554716154974,0.12527240780010607
335,0.19876065543429192,0.5080958603197153,0.05453605603816841,0.034523949882805695,0.20408347832501858
336,0.03908257419574265,0.05222641279237788,0.014425581405810937,0.023585798606250652,0.8706796329998179
337,0.04693087426816386,0.07267170218234459,0.01108749300136235,0.005088686644853201,0.8642212439032759
338,0.026112464549533396,0.013439117342999494,0.0021948050120667376,0.0025466248192626247,0.9557069882761378
339,0.01423238888218564,0.023113256922554292,0.00019526429174994094,0.003003733551275712,0.9594553563522343
340,0.0030013438040650776,0.00455908081576562,0.00011837593304147445,0.0007418431638456299,0.9915793562832821
341,0.0056821799704048,0.003963536709693053,3.430433157042244e-05,0.0003549761170030966,0.9899650028713287
342,0.08940504527356365,0.004388742386517293,4.2505724375085014e-05,0.0004832972326132054,0.9056804093829308
343,0.1252955359845946,0.027732508154933916,0.0029811146445157502,0.0188297909248842,0.8251610502910715
344,0.21220997594083046,0.12875357325450054,0.00016682360840719984,0.022939849273871684,0.6359297779223901
345,0.5749315538613344,0.1892980535083188,0.00024444828415304335,0.16127345040616234,0.07425249394003135
346,0.21626186343806728,0.37136957473960713,0.0004570649372913688,0.18818574139192928,0.223725755493105
347,0.5175927475420602,0.13132237699345736,0.0016831831647622917,0.26072461784363965,0.08867707445608057
348,0.06697346491932778,0.2125564122328998,0.0003609046633211672,0.6995884969249355,0.020520721259515724
349,0.05666058763571162,0.19626640453945482,0.00021360961074214015,0.7312651930692263,0.015594205144865233
350,0.08981101368814372,0.09954710758231884,0.01715380268444314,0.7545686782424027,0.03891939780269174
351,0.025435872401233652,0.05171342149976145,4.3163194424469654e-05,0.9167758597831397,0.006031683121440856
352,0.07009706969272123,0.047232040257408875,0.0056608757564748135,0.8596636180245838,0.017346396268811275
353,0.03798836783717384,0.09379724605994441,0.00020327627093903828,0.8625549902767019,0.005456119555240776
354,0.07657408269836162,0.0345221375470234,0.0052329701792034914,0.8634456937304539,0.02022511584495771
355,0.013720651025120281,0.014201588558085801,4.122141489654393e-05,0.9687978854702985,0.0032386535315989014
356,0.06251282812184478,0.040689971237588156,0.0008387647199654054,0.8798164551407986,0.016141980779802934
357,0.08997067173628413,0.026628928298842232,0.005406757796490083,0.8568112604178759,0.021182381750507597
358,0.04327444397821352,0.017717825730967033,0.0012738112520056773,0.9152525071692171,0.02248141186959666
359,0.09194678262197156,0.035344511135983976,0.00606678936542577,0.8074374993263019,0.05920441755031672
360,0.030680257089398456,0.011655575045717079,0.0003509484378182049,0.9501924423803005,0.007120777046765754
361,0.18725372955871428,0.03492678519997011,0.004255014941231667,0.749413226635992,0.024151243664092017
362,0.16461659656256794,0.04444402357930848,0.002104729988834875,0.7234409253510563,0.06539372451823232
363,0.2070877542919579,0.07068769824593381,0.0047101182830607755,0.6586669969230292,0.05884743225601817
364,0.12780844536492447,0.10096026298628247,0.006453923904138065,0.6689667816389963,0.0958105861056587
365,0.07191306784790917,0.02268502411890289,0.002673220381663214,0.8708785356812592,0.031850151970265674
366,0.08993949179852902,0.021897846639016928,0.009182665329471446,0.7966142765348906,0.08236571969809212
367,0.05325639963051427,0.038975547272055135,0.0012979700996314232,0.8763805790495329,0.030089503948266205
368,0.15257668220585305,0.03195977494810089,0.0003045484419031644,0.6300406979071361,0.1851182964970067
369,0.06625276652044375,0.022485041464049914,0.0001483856594783382,0.9014636169793853,0.009650189376642816
370,0.10571692884443154,0.030736383186497553,5.804111615373568e-05,0.8186588196851746,0.044829827167742635
371,0.17522785373120114,0.02396853664179439,0.000687580784647321,0.7001608400111817,0.09995518883117535
372,0.10836823612435896,0.028442067476094766,0.0013887340778125845,0.2847353717265009,0.5770655905952329
373,0.10099692136993786,0.0927990624149069,0.0006531027303272507,0.7761120300044488,0.02943888348037923
374,0.09324784669939867,0.043379042990310986,0.0003755182818902871,0.8231219902007292,0.039875601827670984
375,0.1909384079427262,0.02556656777506451,0.001252695975138743,0.5737708354789618,0.20847149282810876
376,0.1792203193134369,0.0233991116271411,0.0009640827011144506,0.1267349024339597,0.6696815839243478
