epoch,N1,N2,N3,R,W
0,0.11298579318357638,0.0018370655926842506,0.0,0.0006548893991783062,0.8845222518245611
1,0.07765103414979768,0.0009623677839951201,5.590095400314479e-06,0.00034843156784497857,0.921032576402962
2,0.026893150147042844,0.0005919731648264388,9.333714167028958e-06,0.00014573742188641505,0.9723598055520772
3,0.030801962489869415,0.0009179909114915176,1.6047922896907876e-05,0.0001840538852538099,0.9680799447904884
4,0.04324141202404577,0.0019491103060639702,0.00016831246100138393,0.00020670598647601172,0.9544344592224129
5,0.017766224998424125,0.0012876013466797734,8.23631751089761e-05,0.0001312724100104271,0.9807325380697766
6,0.0027735861161337673,0.0005981599052339375,7.571272794022598e-05,1.819091024568334e-05,0.9965343503404465
7,0.004655138401289976,0.0007375446900231163,3.623500521315254e-05,5.646984990053994e-05,0.9945146120535732
8,0.014670125741619277,0.0005108798508905893,3.61687381478857e-05,0.00011362233025011533,0.9846692033390921
9,0.02961555867985093,0.0007946541575415318,1.8612112306497815e-05,0.0002896244033414246,0.9692815506469595
10,0.003946350385647786,0.0001622126269205729,3.01860796705121e-06,0.00010246121545893922,0.9957859571640055
11,0.04123473902488579,0.0009748175722535965,3.0710843748083053e-06,0.00020965919721909482,0.9575777131212667
12,0.08419724435309167,0.001238870140244877,1.0086798267836357e-05,0.00014658033685766632,0.9144072183715379
13,0.04100782160886781,0.0015988916223391688,5.037642980657707e-06,0.00019518523146978747,0.9571930638943426
14,0.017498577923124373,0.002516784313432711,4.308271990752131e-06,0.0003015242032908071,0.9796788052881614
15,0.04146120007505284,0.0015834825845478379,6.885234052636505e-06,0.0003273019032334303,0.9566211302031132
16,0.06007386476224196,0.003873759538086672,1.1977569401544833e-05,0.0002507750441466731,0.9357896230861232
17,0.04442189228695697,0.00951304335359223,4.7202720092792374e-05,0.0003120906942688806,0.9457057709450891
18,0.01398525914992614,0.0013391476439932055,5.419099675881732e-06,0.00017007189368500208,0.9845001022127199
19,0.08108014652953294,0.0008688735943853653,0.00021744422201077087,0.00012792125894625295,0.9177056143951247
20,0.004773513133346906,0.0005465510644445747,1.64219655531125e-05,3.72040892724234e-05,0.9946263097473829
21,0.007564312270133912,0.0005036654439119009,8.642905806353594e-06,0.00012423634658012306,0.9917991430335676
22,0.03572827261640347,0.0016840837672885498,6.318685200205189e-06,0.0002731897713448848,0.962308135159763
23,0.16168563151750107,0.0022972266136032354,6.510954339907647e-05,0.00014007545435151524,0.8358119568711451
24,0.008844176781895738,0.0009116643040779871,5.682632026860935e-06,5.355757559668809e-05,0.9901849187064027
25,0.031391843595708915,0.002196439078333539,8.572607649902425e-06,0.0001432301864018985,0.9662599145319056
26,0.014944852451987962,0.0008142208836536673,2.9377480531226664e-05,6.216717744782505e-05,0.9841493820063794
27,0.018631109477972706,0.000900259513794529,7.857247310797846e-06,6.568489554305278e-05,0.980395088865379
28,0.17064522118638786,0.005860014134870969,4.088454287478431e-05,0.0006605967489653169,0.822793283386901
29,0.04182474563976551,0.0037302946116137894,1.977002531890078e-05,0.0004260708235512562,0.9539991188997505
30,0.16218909191815414,0.008476215393296363,0.00011518196724199615,0.0010960533190272227,0.8281234574022803
31,0.12380254361613674,0.006879086842094436,6.151738981608834e-05,0.003204843709578532,0.8660520084423741
32,0.17555845073216025,0.011298730728771309,0.0002162538518444339,0.005928482149017947,0.806998082538206
33,0.15672962580401784,0.005452981089111427,9.014253633247788e-05,0.007106351072867839,0.8306208994976704
34,0.16405390233821665,0.014920763564670973,0.0005286308565786757,0.0037019487859458926,0.8167947544545878
35,0.07482006425155924,0.004031636713544226,0.00029541012557136534,0.002020126110610543,0.9188327627987146
36,0.023214574358127137,0.0018127822868674141,2.6814102329166165e-05,0.0022635322953590484,0.9726822969573171
37,0.19424417576071099,0.0073756521323899375,7.5748783680534e-05,0.004831672913737529,0.793472750409481
38,0.07363655823354218,0.00468106629682915,3.684125728083735e-05,0.003981333579816241,0.9176642006325316
39,0.10478241399549683,0.009634328406156025,4.510653787983677e-05,0.006825000608808388,0.8787131504516589
40,0.13746183834618228,0.011952699687194928,3.623994745889205e-05,0.006930728449620505,0.8436184935695435
41,0.0608961383478781,0.016183076656701288,4.736357225473558e-05,0.00878185832204222,0.9140915631011237
42,0.039609910555223754,0.007679606868058165,4.112949130564974e-05,0.0021176076691792767,0.9505517454162331
43,0.19192374891644254,0.0121357192527788,3.1012998127124206e-05,0.008466423557729646,0.787443095274922
44,0.18649545838410295,0.04245748408406895,0.00012750573378835214,0.006912189186630357,0.7640073626114093
45,0.05945846809047648,0.022536440108171716,6.639414912647563e-05,0.004020931190966337,0.9139177664612591
46,0.18684391382695958,0.03048654559186719,4.708114122053273e-05,0.003495390156919454,0.7791270692830332
47,0.20948514692361536,0.10155107165861436,0.0006589756922533566,0.0031989056942048418,0.6851059000313121
48,0.18566756909771545,0.0577992932550035,0.00020960523443803582,0.0017281377614610104,0.7545953946513819
49,0.10668685187289817,0.3480953719656267,0.0006221107270182077,0.002491107444562804,0.5421045579898942
50,0.23948551626094464,0.23112479019502358,0.00020906363647182837,0.005832245978046798,0.5233483839295132
51,0.22138932283227458,0.078695945066282,0.00019355673538046326,0.003574215153444535,0.6961469602126185
52,0.30984666337399813,0.17607351022519813,0.00035473346391704094,0.00417761749712231,0.5095474754397644
53,0.2482057031554238,0.17373967194493523,0.0008082321725901887,0.0043832585435436625,0.5728631341835071
54,0.07667323129420475,0.19938470339353662,0.014287511174917323,0.003689441701819093,0.7059651124355222
55,0.18077964614331693,0.116552780088911,0.0003715681636521296,0.0097269131715191,0.6925690924326009
56,0.12225730679308912,0.27777252515841955,0.002791882561311328,0.006998191467574965,0.5901800940196051
57,0.07770936626721518,0.09727530912665097,0.00028746868349775517,0.013291085467920745,0.8114367704547153
58,0.3855214315512591,0.11544555884623849,0.00031380398252157867,0.024892172373208305,0.4738270332467725
59,0.06811746599636007,0.05730728891220438,0.0003138620152435507,0.0071877225925185825,0.8670736604836735
60,0.42467762816746707,0.193689629462442,0.0004259995730033652,0.018663168123451576,0.36254357467363607
61,0.45107359116921936,0.2850796037460411,0.0008727012267414353,0.03153549770887924,0.2314386061491188
62,0.2398421500887746,0.38054048291953807,0.009276109773480498,0.031072457173005153,0.3392688000452016
63,0.2606545637196793,0.3523943366324672,0.001190055832985839,0.054561162587745,0.3311998812271226
64,0.3361117337254207,0.2970094528540587,0.0011149645344138675,0.018248621712708808,0.3475152271733981
65,0.4304364655479049,0.23018336115801474,0.0010623399251124936,0.039487274783952094,0.2988305585850158
66,0.3684389331840829,0.20897763920901913,0.00046114536259325614,0.008234688012800678,0.4138875942315042
67,0.08426746417813362,0.10140872672377652,0.00508400222037964,0.0010777296060554746,0.8081620772716547
68,0.7881063698744154,0.08562561978267388,0.000646444467878571,0.014051699818362412,0.11156986605666955
69,0.4040327392605191,0.14678250195277254,0.0037103280906538826,0.011690040709064669,0.43378438998698987
70,0.13465885932390154,0.43250152489475163,0.06560729083476463,0.0032306534620791917,0.364001671484503
71,0.15960034873751436,0.5172707845100291,0.03081064485611965,0.006116277994766982,0.28620194390157
72,0.06631282382785894,0.08927144459950456,0.0013271289351420824,0.004140500822493052,0.8389481018150015
73,0.296303922685394,0.04347621582875668,0.0004779706794266411,0.009227676741900687,0.6505142140645219
74,0.2249865606201465,0.06815921010694531,0.0006738234674542416,0.0035218325853948926,0.7026585732200591
75,0.5898670394969158,0.025481501633985337,0.0005730948584206221,0.0020519762033745573,0.3820263878073037
76,0.6934411002588333,0.09604710471484518,0.0006658069343675867,0.006098886637567296,0.2037471014543867
77,0.1972902609315031,0.05311392988052638,0.0009885246264219123,0.004670513593078827,0.7439367709684698
78,0.07481607361154341,0.3533545318507904,0.046861948577164074,0.008433576950538254,0.5165338690099638
79,0.09598303895144009,0.06348505379319042,0.00394963314042686,0.005591368265895478,0.8309909058490471
80,0.22417857672771727,0.22260400467143382,0.0035710385825887185,0.029521763218958982,0.5201246167993011
81,0.17934492835275223,0.2997446667239681,0.02252714754367152,0.022684551491982667,0.4756987058876253
82,0.07590965846183947,0.32027928687034185,0.00450586647668729,0.023574902449698544,0.5757302857414328
83,0.07920978905629966,0.07527365797226576,0.004526316512983503,0.004952110653606518,0.8360381258048446
84,0.01062508628091942,0.0137002651153859,0.0014624737105483768,0.0014583625001532363,0.9727538123929932
85,0.04386480157946335,0.03176718942839753,0.0009463721392591519,0.0031545982983256864,0.9202670385545542
86,0.12016080849327282,0.1213530233009082,0.0031823571533223976,0.0038711054445565406,0.7514327056079401
87,0.09203231207596328,0.023003175492106887,0.0010347820968524231,0.002972819183388622,0.8809569111516887
88,0.024486640106221074,0.01707465013202647,0.00039271918983680007,0.0013723266291263156,0.9566736639427894
89,0.10394737937248251,0.02432555830449873,0.00021386958147259923,0.008691116667737597,0.8628220760738085
90,0.11532874946803341,0.05606080091728574,0.000244728590187097,0.011515485104148558,0.8168502359203451
91,0.26694123160460653,0.05869753738728697,0.0003658484376154835,0.029210806808770952,0.6447845757617201
92,0.12147240123785402,0.014970905091404014,2.5876852425861876e-05,0.03233406972448852,0.8311967470938276
93,0.17406231632777233,0.031202523001468554,7.426039623084852e-05,0.017201643759349242,0.777459256515179
94,0.30358177590182434,0.022549866320709933,5.683082990185172e-05,0.032850618680586724,0.6409609082669772
95,0.6405422298165406,0.05542694230686594,0.00010521744024896577,0.034817263718416876,0.2691083467179276
96,0.6282145064884539,0.13183260492942914,0.00015784773643445082,0.10606817098074867,0.1337268698649339
97,0.5346170436757323,0.15927032989791548,0.00011140192198592015,0.05439167075350743,0.25160955375085886
98,0.3325047871833762,0.4248196147970959,0.0028983395507898206,0.048925574262094776,0.19085168420664322
99,0.2267203934677021,0.5370952560076029,0.002997133123339314,0.09652726004842714,0.1366599573529286
100,0.17812997791301546,0.6508264292393499,0.01125252805011096,0.03639821524346941,0.12339284955405425
101,0.15802783785946148,0.45716517844128124,0.0025231115335227626,0.034006077258980374,0.34827779490675403
102,0.08784963982240024,0.682754861614554,0.06718240378335362,0.006587001433613854,0.1556260933460783
103,0.21806886646633244,0.4326890978567926,0.001955696206794165,0.11343621550737283,0.23385012396270782
104,0.04986509077031741,0.18080496047010586,0.010946876997595462,0.0038995255927582254,0.7544835461692231
105,0.057588114811025444,0.02115178978331093,0.00016339467041308215,0.03286965627155625,0.8882270444636943
106,0.5037667584028577,0.0539258628919979,8.780699363796624e-05,0.03559436754068788,0.40662520417081865
107,0.16734949444365324,0.422462685421354,0.009343876501120476,0.009114157552847023,0.3917297860810253
108,0.3608490794771127,0.47082783321750704,0.000879498719168119,0.047364933508580336,0.12007865507763182
109,0.2653149545250148,0.4030756865165861,0.0011747044050240292,0.06060941835561157,0.26982523619776344
110,0.23046859283384796,0.45451891238186415,0.0010501509109962818,0.08347687892700868,0.23048546494628294
111,0.2333233961805344,0.5036490175815377,0.00040004041256736905,0.09943909445561294,0.1631884513697476
112,0.5241748936763351,0.18169955986944597,0.00028923937654559744,0.05249168462878666,0.24134462244888671
113,0.5413635976002036,0.18755225905713074,0.0004077365215419474,0.010424555411204023,0.26025185140991963
114,0.13641818515688825,0.8086126236609178,0.008053181471546433,0.0016802232606183299,0.04523578645002916
115,0.2615615951426152,0.6217224456686624,0.03209939702449748,0.00356290202088456,0.08105366014334052
116,0.03514997456760031,0.9244777505357867,0.01595622699117091,0.005014879164302111,0.01940116874114
117,0.03472635713514508,0.881578397085504,0.03547577765816841,0.004873554646939912,0.043345913474242534
118,0.054385512365405037,0.8663589444785909,0.01595494511051224,0.003204192448168828,0.06009640559732315
119,0.021319574581964432,0.873349216806644,0.09149736071365694,0.0011813979683064863,0.01265244992942796
120,0.20706417334836327,0.7638349875116005,0.00865875310502187,0.0039991222146695616,0.01644296382034487
121,0.09028656912462275,0.8874775260814025,0.0074544704424408794,0.0013251369741160161,0.013456297377417785
122,0.01343703571816917,0.7695280866855848,0.2139645728089232,0.0003892249550896087,0.002681079832233231
123,0.04817494740670627,0.7534328940283364,0.1784538430491664,0.00024246843573902277,0.01969584708005187
124,0.26232305896034397,0.7012916653501288,0.01971054182605213,0.0010448639094455417,0.015629869954029513
125,0.014936829656346502,0.9310037437467269,0.0509115998207433,0.0006752621978959126,0.002472564578287308
126,0.0011195493773562151,0.15596459363289134,0.8420816978310027,8.140961026299742e-05,0.0007527495484866317
127,0.0031988564602281654,0.334121776561223,0.6596744665364778,9.500642531567738e-05,0.0029098940167554713
128,0.009852038011571133,0.687850641995722,0.29735144807340413,0.0008911480618084265,0.004054723857494271
129,0.001414511435934646,0.2561018685952558,0.7406649887531316,6.418111884698098e-05,0.001754450096831002
130,0.002194901389797139,0.545141392894142,0.45045632288886,7.568163083581643e-05,0.002131701196365076
131,0.000574344770488659,0.0826773082926446,0.9157425332557843,2.5359117307917512e-05,0.0009804545637745736
132,0.04263621951120788,0.6148058457748342,0.3310289022692097,0.00046658470946301777,0.011062447735285235
133,0.003485540876210584,0.2870820663991152,0.7070121114511912,8.07637430443288e-05,0.0023395175304385626
134,0.0010395492970814175,0.0680331409521246,0.9297570983584168,6.661883877280342e-05,0.0011035925536046248
135,0.008979129083327153,0.22884936698851224,0.7529375904208956,0.00014409616058830475,0.0090898173466767
136,0.002987921093558881,0.13065532213370173,0.8590699805287192,8.748728188242769e-05,0.007199288962137618
137,0.030032756665314072,0.7328788189776907,0.22903844637660914,0.0008007010819955435,0.007249276898390672
138,0.0010859018890733933,0.1373418514441671,0.86019078071264,5.428911479846774e-05,0.0013271768393210601
139,0.024849757282203604,0.6924904935025195,0.2764279359608413,0.0002179087359526434,0.006013904518483158
140,0.0037249794818105383,0.24050381759102388,0.7526081165710122,0.0001380751913500851,0.0030250111648032763
141,0.0071116691803692275,0.34299423158258646,0.6447347452025706,0.0003595866723824249,0.0047997673620915025
142,0.007232445171255874,0.40920168689842706,0.575503248168284,0.00019342845887675167,0.007869191303156317
143,0.01004402916034227,0.7595606737929695,0.2259240615176687,0.0007335116403141204,0.003737723888705452
144,0.008757390249918886,0.6784816732800095,0.30777780468998683,0.000715275551380219,0.004267856228704406
145,0.012339886689493039,0.7728964633407649,0.2091163170972711,0.0017487016739166311,0.0038986311985544026
146,0.004782806906270087,0.29556791527442716,0.6940124656348691,0.0017112991029730885,0.003925513081460639
147,0.035819329607305814,0.6301668764293771,0.2793644801398163,0.039986380789396654,0.01466293303410418
148,0.07750201386358795,0.5213486684078006,0.22651807722477657,0.1426066947075453,0.032024545796289695
149,0.07818298423778773,0.36179775325622265,0.09864980502640512,0.05107460546078871,0.41029485201879573
150,0.10467836314123467,0.012697026565322997,5.5262884151447856e-05,0.047517089154252276,0.8350522582550386
151,0.33245445447579386,0.03470653697940274,0.0002470354815240777,0.23770692445913258,0.39488504860414675
152,0.3485834595132191,0.11336661961029028,0.0001589646822984322,0.18639319310281613,0.3514977630913759
153,0.45454602111744014,0.048937525655050475,2.64979434334299e-05,0.08394459405424243,0.41254536122983365
154,0.3726201362968589,0.1501534649358588,0.00029327477392969697,0.33520713851123113,0.14172598548212154
155,0.24456845056013055,0.14256477399191692,0.00029894323354412656,0.45289015816350753,0.1596776740509009
156,0.32796181756245935,0.20297487106045706,0.0012899975210667598,0.24814000901262587,0.2196333048433909
157,0.17930953163321578,0.27115174321714824,0.001219025026520209,0.42396044820969314,0.12435925191342267
158,0.19920686147994346,0.5206484869640504,0.0020062229480817474,0.1624810109161193,0.11565741769180503
159,0.18783153121592325,0.4853749749934529,0.0010726867701600121,0.25918359165038585,0.06653721537007799
160,0.16139148699483702,0.5800211931061173,0.0008947000878569358,0.1281887707608969,0.12950384905029183
161,0.08063196068826112,0.8847416358536793,0.001103877327682662,0.015808969317617272,0.017713556812759684
162,0.1990985468620645,0.7027311276320823,0.0013711049922816333,0.05074176985824297,0.04605745065532866
163,0.044120126487219205,0.9154927384683035,0.013304833024527821,0.015320608960781721,0.011761693059167903
164,0.05583588981075899,0.7216140808678471,0.1438944523609469,0.05365993620788019,0.024995640752566974
165,0.3629878073770207,0.16367594371906427,0.0002827141367326968,0.30114492843565144,0.17190860633153093
166,0.15337415652740757,0.6407240689636128,0.004152520489503322,0.1828083169151403,0.01894093710433601
167,0.12524492413328905,0.7876225219491877,0.0074185050040688795,0.062137581843758304,0.017576467069695848
168,0.2855710955055785,0.6098857216175915,0.0006166624477220905,0.0867225330067616,0.017203987422346106
169,0.058663011623634326,0.891982082113761,0.023466203766227482,0.020008840161106836,0.005879862335270316
170,0.1945956890153372,0.7397883718872859,0.013408415138641371,0.007729150189673552,0.044478373769062225
171,0.1876620755014798,0.7726028638935195,0.01058244765311748,0.010437178178593541,0.01871543477328978
172,0.10485119518182964,0.8062320214702196,0.06457955268713782,0.0060080853163593274,0.01832914534445364
173,0.18370291216210183,0.7586658903749416,0.02468885781661532,0.01994915377253706,0.012993185873804202
174,0.023586802404412757,0.8706979786151523,0.08304993414009602,0.01880820031301385,0.0038570845273249088
175,0.21630761982458604,0.6743606933711557,0.011295497215551132,0.028085614614942557,0.06995057497376449
176,0.05781149981357731,0.8533436853924709,0.013403794609537013,0.06685064147931681,0.008590378705097998
177,0.09347892840513972,0.7360601177966498,0.009214046603784292,0.15269927947323358,0.008547627721192642
178,0.0962286814398192,0.7594396315324191,0.008078016578804845,0.1209721214033075,0.015281549045649379
179,0.02478979425356885,0.7827885007475123,0.014373097648947659,0.16665397202869514,0.011394635321276035
180,0.06159976410250648,0.41814734391482555,0.006216299686587721,0.34868790211128114,0.16534869018479906
181,0.04561798459163121,0.013498091727241231,0.00015395436763760171,0.21755037139490405,0.7231795979185858
182,0.16254919864739723,0.016453172735608073,5.0654866762170806e-05,0.632815249370473,0.1881317243797596
183,0.3491851074475888,0.010523933918925046,3.681252458032452e-05,0.16343898074662563,0.47681516536228025
184,0.5740082522804272,0.022213322614871495,5.8432279916470366e-05,0.09015650781419694,0.3135634850105879
185,0.4669082914316624,0.11940376804180773,0.00012086019781277716,0.3704331190987286,0.043133961229988554
186,0.32850201167844884,0.061298710290024684,6.937725830675242e-05,0.585914894688914,0.024215006084305803
187,0.08297227605726046,0.2609262072303064,0.0007428085327286329,0.6427001306966824,0.012658577483022133
188,0.041251111177802516,0.21964018017404194,0.00042938471453816734,0.7250657015816636,0.013613622351953762
189,0.027041038272198524,0.09139003535154047,0.00029975143554762033,0.8764845270353618,0.004784647905351541
190,0.04550458782020699,0.11445718268641347,0.0002691900410786755,0.8171686957903328,0.02260034366196814
191,0.13425376179267165,0.10023212002483728,0.00017223662947583488,0.7523852466915307,0.012956634861484496
192,0.3435328533455558,0.22705161820614161,0.0004562562666893448,0.4115317188989179,0.0174275532826954
193,0.07126367404404196,0.8195939440303177,0.021602198348763302,0.08334871058737033,0.004191472989506824
194,0.06765070430751205,0.7707624729769981,0.018630124571376278,0.12903811258069164,0.01391858556342186
195,0.11822224833474591,0.344222410066828,0.0006061036338245974,0.48845039236092874,0.04849884560367284
196,0.09792600262076918,0.44516878095732976,0.0013463613496007682,0.4429519046780051,0.012606950394295128
197,0.017537378290219487,0.8862395337246972,0.0676109831348023,0.023898176572231075,0.004713928278050062
198,0.2422038400383319,0.5333255459888366,0.002607366552766601,0.1550192088754436,0.06684403854462131
199,0.07563305150399328,0.7247248885983931,0.011944593612325272,0.17447911889233142,0.013218347392956936
200,0.17652583340341932,0.3850308568997759,0.00834430045235336,0.06674505583322779,0.3633539534112236
201,0.5287665540820302,0.1542188581673018,0.0006925428968132043,0.07054327417877605,0.2457787706750787
202,0.4432048311709296,0.4476032905947749,0.001087344688316244,0.06546632199472381,0.04263821155125555
203,0.6048507733488205,0.24733083000899664,0.0009027567811741102,0.10282945038093767,0.044086189480071154
204,0.06562852984480715,0.8695417907544836,0.004227220775176052,0.04739498418266016,0.013207474442873221
205,0.06010893787737647,0.15521451534302788,0.009654570741314936,0.009404127281648234,0.7656178487566325
206,0.2912660495146413,0.04414700727507142,9.788636516175336e-05,0.1342520613692987,0.5302369954758268
207,0.5444965164150982,0.11325069791861493,0.00047579778304456487,0.1328586763089766,0.20891831157426563
208,0.580459716220313,0.295981062575482,0.00031323560591759006,0.08960585583547936,0.03364012976280812
209,0.19859153924713216,0.7310563465009692,0.0012032728938115409,0.06299294820738581,0.006155893150701351
210,0.06734929637866496,0.734226876052992,0.0035156221508759852,0.17885606377278274,0.01605214164468439
211,0.09395889975657025,0.460146731054984,0.0002681178228649341,0.43739423027688973,0.008232021088691166
212,0.20358821887625628,0.09625439770889821,0.00010575702681121724,0.6724674746738137,0.02758415171422059
213,0.23003033865240594,0.6301344140477397,0.0008127800909805303,0.12406475150077442,0.01495771570809958
214,0.13317027735155051,0.8238223806884263,0.0054211332985355425,0.022364973322217277,0.01522123533927057
215,0.12164494382539318,0.7781987929323168,0.002812163049173224,0.08757939716581481,0.009764703027301945
216,0.020398348246011954,0.9098926892245827,0.03756753844137414,0.02680085120171214,0.005340572886318983
217,0.3110567904453454,0.5374647916493362,0.00044625642635109106,0.11315466394082242,0.03787749753814477
218,0.07621128706408126,0.8578816669011241,0.011553128075341961,0.040079374552546905,0.014274543406905866
219,0.08370221246573627,0.8807635779658459,0.0033344585949744124,0.025762623479614267,0.006437127493828957
220,0.02895637327559083,0.9274978837681475,0.03362735307913532,0.007411524950975897,0.0025068649261503445
221,0.10854041578159428,0.8654266768270185,0.0018171260538540298,0.017930850709140553,0.006284930628392831
222,0.0770953238748285,0.8935425835278893,0.007654762396651521,0.012637751801726743,0.009069578398904076
223,0.06451327465743473,0.9180200535598864,0.003746320326256398,0.0073225456234813045,0.006397805832941362
224,0.03819983389385102,0.9353935548003248,0.017631869724608496,0.0041869153524573995,0.004587826228758272
225,0.0036386497582548668,0.5698029923030712,0.4240307661742967,0.0016653853051364878,0.0008622064592407789
226,0.003413908805727436,0.6425612692071523,0.35064103127860924,0.0023212119872138186,0.0010625787212972845
227,0.10577850043957009,0.8226538385491349,0.02210693202652071,0.006677391586843927,0.042783337397930464
228,0.019358663447350766,0.9153859970500818,0.06026628006251577,0.0023041111869242003,0.002684948253127384
229,0.0032859903850116865,0.8134171844634429,0.18156586491354362,0.0005317316958378002,0.0011992285421640926
230,0.005532748685499456,0.7706930653857711,0.22159301846177024,0.00022176239290768436,0.0019594050740515128
231,0.004337165816749344,0.7933989325592402,0.1999984122686736,0.0005488131193709414,0.0017166762359659314
232,0.002076582018679112,0.5219123695230645,0.47433699793149736,0.0005185570201460945,0.0011554935066128492
233,0.008340261606952306,0.7440119267943018,0.24373707250960466,0.000645726815909762,0.0032650122732313415
234,0.003934399271525414,0.4362048129225117,0.5575770202320759,0.000502267854381811,0.00178149971950518
235,0.018438038509305112,0.8051397762919578,0.16952362300845306,0.0019298681978882086,0.0049686939923959785
236,0.004701822830362958,0.598107050250741,0.39434866587702055,0.0007494618349041977,0.0020929992069714668
237,0.019729999348850297,0.8857438277000268,0.09043402451648441,0.001624013352413115,0.0024681350822254753
238,0.007753010698561651,0.6538897489512275,0.33480423801458536,0.0009205865752855422,0.0026324157603399927
239,0.001656629159409116,0.7688181221660317,0.22778827086875822,0.000739638125203312,0.0009973396805975669
240,0.05306973598390719,0.7318277308485541,0.20125403145834775,0.002023000927994041,0.011825500781196749
241,0.04651550839478687,0.9330856023904598,0.013866946674071451,0.002006592585202154,0.004525349955479808
242,0.039489782892077906,0.9127429393107006,0.041689034164285196,0.002487656402542776,0.0035905872303933477
243,0.011129933708185687,0.8700314909834743,0.11584505192306513,0.0010746228682408532,0.0019189005170341638
244,0.009826392775306133,0.8128068922565956,0.170192491466074,0.003696319525853649,0.0034779039761706214
245,0.009036762631116954,0.6131411633997428,0.3483582884300178,0.024854740887770836,0.004609044651351601
246,0.13022346352909542,0.7346476445099054,0.013074828560839455,0.057300687252532484,0.06475337614762719
247,0.35271833003908054,0.39131319941344683,0.002222386764291695,0.18595202417820508,0.06779405960497586
248,0.6237988817944344,0.27144601036574706,0.000527839322998291,0.060079066913153706,0.044148201603666455
249,0.5865203764914407,0.3810063006498276,0.001246300192275688,0.007453031646864459,0.023773991019591455
250,0.17142446893113025,0.8109477001245664,0.006520958979002033,0.005021525288482092,0.006085346676819212
251,0.3902622973059776,0.5844140248220955,0.003720548646781281,0.011615927081210538,0.00998720214393504
252,0.0035595094638470955,0.3952816852783813,0.5999069821406231,0.0003027297301729988,0.0009490933869754444
253,0.0018481991203328735,0.33768898217960225,0.6587095345082142,0.00022022014966954404,0.0015330640421811752
254,0.005916930719732417,0.48642431687306814,0.5041887297888128,0.000775134981219916,0.0026948876371667933
255,0.020988827409737537,0.5559127699438077,0.41279350213025395,0.001399092729054946,0.008905807787145933
256,0.02988628823840526,0.7713601632800342,0.18108940688955086,0.007343562660838093,0.010320578931171503
257,0.019907147607214456,0.7373010808931121,0.22991510359993983,0.00404343860317909,0.00883322929655464
258,0.11963995221447044,0.1704667154404995,0.06399930881689106,0.005821857472822564,0.6400721660553165
259,0.6748148979486962,0.11369454472862583,0.0007945548608075563,0.021313763024548286,0.1893822394373221
260,0.15530242176823927,0.8062649904642573,0.007929353254686132,0.0038146332072764915,0.0266886013055409
261,0.349345642836543,0.6249567995164753,0.004503978391780777,0.002791936060672574,0.01840164319452834
262,0.29057935101273313,0.6524589368833845,0.006548832093989229,0.015915611643777892,0.03449726836611514
263,0.1381341645494022,0.7387093194160629,0.0012445460967786806,0.1096204120799531,0.01229155785780313
264,0.049279149022035444,0.9147685816777036,0.006816720619465103,0.020090001061028543,0.009045547619767485
265,0.12938298999625392,0.7495285566375551,0.015536214258862622,0.07764217892222446,0.027910060185103905
266,0.09519749710766329,0.6988708035176311,0.016085704221626924,0.1698362861178372,0.02000970903524147
267,0.17908444419917685,0.4219436903082727,0.0018763901957510947,0.3591383072182003,0.03795716807859913
268,0.14978189720054924,0.6412491907115355,0.008238405482247088,0.18191823559829662,0.018812271007371602
269,0.2027681935184482,0.6298920938077064,0.0056269159734206806,0.15163107860792183,0.010081718092503009
270,0.09049104839282571,0.804354576772894,0.010427861081622612,0.08361781369746871,0.0111087000551889
271,0.02766801930346409,0.8498056600805649,0.05720149067352048,0.06289921930142953,0.0024256106410209793
272,0.00959924709768209,0.7389681133665739,0.23416946387972298,0.014130052027997215,0.003133123628023795
273,0.26549368389692685,0.21401638501476336,0.0012971513455279093,0.42543611647983337,0.09375666326294863
274,0.05666477531618402,0.6854118513787676,0.016228650767863836,0.23082617509216433,0.010868547445020199
275,0.17291272205838273,0.4635730430355944,0.0009572473457453963,0.34841849682095205,0.014138490739325408
276,0.10150351081653136,0.8158211387433079,0.0012348634398848591,0.07615023287372966,0.005290254126546384
277,0.008707001799729537,0.9482500147596006,0.025078901209266147,0.016459766726276078,0.0015043155051277179
278,0.281183720971138,0.22147838124590524,0.000360161667631682,0.4347675120718064,0.06221022404351881
279,0.13357661527628897,0.7318561514528327,0.001177161655137258,0.1224798890283425,0.010910182587398481
280,0.24970127575331508,0.5473750142771537,0.0020255902881905464,0.17198330451112714,0.028914815170213375
281,0.0718599423504427,0.907806763766667,0.0034422248133406147,0.010421902033539179,0.0064691670360105796
282,0.05169310893154431,0.9142295483733176,0.0011791404238609754,0.029745790893466854,0.003152411377810145
283,0.018035255997295378,0.9620399718681186,0.0030854900515310175,0.009817195304138883,0.007022086778916119
284,0.08775946442385624,0.7900967058146501,0.0008451416203584804,0.10974006197496695,0.011558626166168191
285,0.006868735240142539,0.9590938696435546,0.021110855473589263,0.009811913315595234,0.003114626327118515
286,0.08978433626089356,0.4651436591737237,0.01019075694741487,0.03721893583654761,0.3976623117814203
287,0.32324917341571724,0.056404302277526616,8.920635805554669e-05,0.210109811335472,0.41014750661322863
288,0.4662493614753217,0.10237954533201808,0.00023161430617866372,0.2835473621832229,0.14759211670325872
289,0.6362428372574385,0.10809140136208951,0.00023589865724506874,0.19593933641811656,0.059490526305110425
290,0.4033550473249932,0.32066893241635286,0.0002394680651937239,0.1333493122835783,0.1423872399098819
291,0.3133243481927046,0.35725856511992177,0.00020989382983745044,0.2601052918939866,0.06910190096354948
292,0.40729888100042977,0.30203861244774033,0.00030282397953585686,0.2476626907488809,0.04269699182341314
293,0.07513547390710065,0.8735105148557907,0.010298450197833464,0.027413151523734705,0.013642409515540495
294,0.33270687436837554,0.1609580027552795,0.00015481941189880415,0.44196351179925825,0.06421679166518789
295,0.17135021305976258,0.501406409432185,0.0013172342627489745,0.3089365572232223,0.016989586022081143
296,0.37819448689617186,0.40596239291549746,0.0008635040951922567,0.19065653506181296,0.024323081031325577
297,0.18362414257838588,0.7617833309783342,0.026813055119147753,0.024066479332279622,0.003712991991852674
298,0.05053807243563368,0.89865402838615,0.03258602861563588,0.011500237805800118,0.0067216327567801775
299,0.019280575649770336,0.9494670936115885,0.02504787031359232,0.00447253952352404,0.0017319209015249617
300,0.01051737209867162,0.7985792267152508,0.18631272500744123,0.001473395799632351,0.00311728037900415
301,0.08710862101735048,0.8516470973595357,0.04195058619841478,0.009106719679942898,0.010186975744756216
302,0.01069883323416172,0.7512197154123719,0.23326606223019497,0.002359570043382787,0.002455819079888689
303,0.07448410370883565,0.865410594007742,0.040985601240481194,0.006523721357227639,0.012595979685713507
304,0.011333502804446768,0.7999762412577652,0.1798460802383709,0.003099855209189623,0.005744320490227419
305,0.1997113356758189,0.7140973155561839,0.00616294486683714,0.027534654173611273,0.052493749727548715
306,0.053781312258761385,0.8320549680223931,0.08486129852225063,0.012475191631105635,0.016827229565489224
307,0.21853454015971308,0.5052884559507675,0.016918142526304733,0.03733315451632538,0.2219257068468893
308,0.26904890743899673,0.498781285126704,0.003763231932157487,0.07865835075236625,0.1497482247497756
309,0.21545943723472266,0.5098093672659535,0.041183377019149904,0.03309489680987937,0.20045292167029466
310,0.1479156754318851,0.00999945697279775,0.0001776464225425435,0.07864646711862706,0.7632607540541475
311,0.5977311525976139,0.015192168106391991,0.0003862184675314515,0.08021501268714734,0.3064754481413153
312,0.42859396655328175,0.011590405090076323,0.0003372055905328416,0.27179974250033473,0.2876786802657743
313,0.3842192992978963,0.05223735752481172,0.0006229172431137384,0.5345387508856086,0.028381675048569675
314,0.08791961270390342,0.39061516813050506,0.0010845178528259127,0.48372208432306485,0.036658616989700805
315,0.02825278649754417,0.17380525387913848,0.00014601502285022954,0.7725533192263565,0.02524262537411062
316,0.03246513011861308,0.07804026219041442,7.510685383566768e-05,0.8688644222219862,0.0205550786151507
317,0.027715570372943196,0.01873435101041341,5.201721255269225e-05,0.3462389474871592,0.6072591139169314
318,0.13281744300937748,0.012451107613819677,5.307580632538653e-05,0.5345964870692058,0.3200818865012717
319,0.30932741622576293,0.027234286681957237,4.822598067387429e-05,0.428447526431578,0.23494254468002798
320,0.3633080017446146,0.02201078114193329,6.678670024079252e-05,0.21501888493437857,0.39959554547883275
321,0.4981997312274474,0.1170018477928502,2.2801592918307206e-05,0.291297085504286,0.09347853388249797
322,0.2302825673802438,0.4472278230560442,0.0008293658333848275,0.1852562997194232,0.1364039440109039
323,0.24020444060888532,0.08320446255548446,0.000106209547704617,0.13703162161318388,0.5394532656747418
324,0.5397693379867027,0.19693712470264607,0.0001404429840433626,0.10266135328803845,0.16049174103856959
325,0.21222112094891776,0.7606651304686437,0.0006814090855552529,0.01825227115519201,0.00818006834169129
326,0.06188670372161741,0.8985085634890027,0.016453052753037913,0.019102910661753486,0.004048769374588588
327,0.02172045577163468,0.9163805442971423,0.006140936536427205,0.045874480641970146,0.009883582752825824
328,0.08187526129588266,0.3943771773261517,0.0008916396081051159,0.5014751464837733,0.021380775286087162
329,0.04434347930762926,0.7600658175831464,0.002689534852154751,0.18444975988484935,0.00845140837222013
330,0.014647495335530603,0.8269461871253295,0.07106193656998454,0.08497778462759831,0.0023665963415568664
331,0.06134040255696796,0.1156584754904936,0.0003054111431166928,0.3105089545926985,0.5121867562167232
332,0.07062031964995295,0.04171954855368308,8.91993896504264e-05,0.8157056860073195,0.07186524639939405
333,0.08943492108460477,0.07621186409808282,0.00015316116497842932,0.750666127248428,0.08353392640390611
334,0.21228873401139464,0.15510963565157376,0.0001258472876969633,0.4825696493042016,0.1499061337451331
335,0.04464636266014804,0.03882147024925483,5.207650830270413e-05,0.22630862466655774,0.6901714659157367
336,0.10533059216750788,0.0251909689610223,3.5571200617618894e-05,0.5390273085280997,0.33041555914275256
337,0.16979487993715286,0.05766608338713583,6.986167178585622e-05,0.3545894364781728,0.4178797385257527
338,0.022599995315302,0.0065392472552339995,8.361320767294363e-05,0.10105728651635916,0.8697198577054319
339,0.027413360814019926,0.004050836807667638,0.00013497625864530697,0.045068773114377125,0.92333205300529
340,0.012533965743658818,0.0008233968497406275,4.1536016991996455e-06,0.012963165790879359,0.973675318014022
341,0.017242578206972097,0.0006531743316044333,1.7019279240315749e-06,0.016507802729808514,0.9655947428036908
342,0.01693446106962173,0.00155344979517372,1.3790321396576987e-05,0.04312385428542279,0.938374444528385
343,0.04315996931187881,0.0033999427732685785,1.2189437856807833e-05,0.19568292721164746,0.7577449712653483
344,0.10689492975150035,0.004930037495131396,1.3047637603454754e-05,0.3241194117943215,0.5640425733214433
345,0.16426591772894078,0.008127422091695837,1.2045298185330437e-05,0.48522803684887045,0.34236657803230763
346,0.1483501186721733,0.006402040621018369,1.411086626453304e-05,0.7860031354980199,0.05923059434252388
347,0.0933509760695483,0.013122809009405401,1.6160569309204252e-05,0.7687007209000295,0.12480933345170753
348,0.13801927067469513,0.0175592673631931,2.473419695237694e-05,0.4742119329787687,0.37018479478639077
349,0.08565784315348846,0.011625000119200509,7.070859987369017e-06,0.759540509996061,0.14316957587126256
350,0.07418691010407642,0.01866501110151641,9.287281436410022e-06,0.8802922694889086,0.026846522024062187
351,0.03878972860674849,0.014271316628443045,6.587022721544141e-06,0.7007747953573131,0.2461575723847738
352,0.07302019984470495,0.014303536633992748,1.5349772798470468e-05,0.8683949421566385,0.04426597159186547
353,0.16598934596227316,0.020550202667540658,1.850859051294078e-05,0.7324356205752378,0.08100632220443553
354,0.13423244129209522,0.04490042338699272,9.666530858982696e-05,0.802920416919951,0.017850053092371157
355,0.21025042909838498,0.14490285842436348,0.0007295988154260584,0.6220822328794223,0.022034880782402972
356,0.08422347284144231,0.04558335002793376,4.1861192128113486e-05,0.8555752126911217,0.014576103247374215
357,0.042167610429194834,0.09659625281719526,0.00021708893003449364,0.8508198689157208,0.010199178907854637
358,0.18169278868635447,0.027627944121076872,7.8981513686312e-05,0.7085736961963955,0.08202658948248676
359,0.17447846235646228,0.42165771706246097,0.0008480756453495072,0.3924844973999811,0.01053124753574606
360,0.23576567014974065,0.05930886213939891,0.00010739182172605051,0.6705823051768004,0.03423577071233396
361,0.13081470590244287,0.6945489898678427,0.0035510072675166925,0.15876286472288378,0.012322432239313924
362,0.10182993332304485,0.1101505808124761,0.0003044635189836363,0.7664746242634916,0.021240398082003772
363,0.15838116171986738,0.6520217855573626,0.0006962898514649049,0.18104543781580493,0.007855325055500188
364,0.14612505872829912,0.4696494196410267,0.001193862269407366,0.3643286643720153,0.01870299498925175
365,0.24250556879793395,0.5387967167753076,0.0011597604452890625,0.20370371757019218,0.013834236411277193
366,0.019253015314787097,0.8429137149941736,0.11329873077298555,0.020925505363541003,0.0036090335545127398
367,0.17954991211219154,0.5358106074155473,0.00302194142688643,0.26675435455547225,0.01486318448990245
368,0.08484786907706998,0.6210318358634015,0.11365845740490028,0.010544323807378176,0.16991751384724993
369,0.4764106560597334,0.03395876139051092,0.0001247074121242112,0.037081138339580454,0.45242473679805106
370,0.4584388049164834,0.45882017159181826,0.0006670688135878589,0.016234315746628696,0.0658396389314816
371,0.3905413438687096,0.5703942446170427,0.0009771884796786164,0.008367619670049307,0.02971960336451989
372,0.40442478373779805,0.5577831000832413,0.0005300907038835767,0.017386203530777748,0.019875821944299224
373,0.015825687471122712,0.9456445812826579,0.03367998118107681,0.0017930594816791567,0.0030566905834635404
374,0.040078248793057755,0.8887874894320655,0.05520908612766443,0.0066407798823680895,0.009284395764844283
375,0.025847351930012117,0.9002261900503523,0.05725109269125891,0.0021511216832373007,0.014524243645139575
376,0.6327343642153522,0.33556350157503756,0.0023904336230134247,0.009660731975682745,0.019650968610914137
377,0.007316975965687334,0.8495661533495993,0.13575947329561924,0.0005592465920877368,0.0067981507970062095
378,0.00866960394473853,0.703043046414111,0.28366491653589204,0.0007290138406967951,0.0038934192645616763
