epoch,N1,N2,N3,R,W
0,0.0017585510982171112,0.00018940106565946927,3.4628204595648536e-06,0.0001276619640814699,0.9979209230515823
1,0.000634059463940794,0.0002837150560843673,6.0974485606331774e-05,0.00010935601293971584,0.9989118949814288
2,0.00047541038256857177,0.00021549650787131087,4.477192454053595e-06,3.599909293190556e-05,0.9992686168241742
3,0.0012263973008878781,0.00030755349971706256,2.5675101830622385e-06,8.439939922009446e-05,0.998379082289992
4,0.007392037175313474,0.0005208268182190193,4.056479182808098e-06,0.0001564884438155284,0.9919265910834691
5,0.26518181267207536,0.0026972129908751793,5.278467332382518e-06,0.0010806001984058472,0.7310350956713112
6,0.2901451100831555,0.009590981056648053,1.8667027514512176e-05,0.0038269667500366107,0.6964182750826453
7,0.042920873995167357,0.0020900375967406576,1.1403653141642505e-05,0.0010400351375526383,0.9539376496173977
8,0.5834959238391942,0.06622165141051496,3.1373290153906895e-05,0.04183613566355064,0.3084149157965862
9,0.6026830223503049,0.03730389802284036,6.520392798553112e-05,0.05925378877026521,0.300694086928604
10,0.21983899805680446,0.13640066732753395,0.0005186076748682989,0.4427127031655342,0.20052902377525902
11,0.11957883616204269,0.3124277185444701,0.0011182490773973717,0.1436676264690133,0.4232075697470766
12,0.045628644144381995,0.10111543536487166,0.0001557697346352025,0.7684307244399138,0.0846694263161973
13,0.08043947455163468,0.41985916510541,0.0008620156532433482,0.32970261794595557,0.16913672674375643
14,0.044837591416675336,0.2351259765025073,0.00013577313651669707,0.6425699548230576,0.07733070412124314
15,0.062136855313730956,0.21866849552861148,0.00010894718455028311,0.5314158668041811,0.18766983516892627
16,0.08541258910217132,0.5069688064869843,0.000596274220482622,0.2458888828942333,0.16113344729612833
17,0.09333293103810872,0.5222780492426773,0.0015468777793020978,0.2784740262094434,0.1043681157304686
18,0.053316146629361884,0.035417237343243396,0.000177906260802351,0.10025627674391878,0.8108324330226735
19,0.3005706921184068,0.14107283029341094,0.00026938622524669476,0.43104821090895795,0.12703888045397776
20,0.2620783345193548,0.4623144852733112,0.0026077158911573177,0.15262198696427826,0.12037747735189848
21,0.17396357469357823,0.48319528728026606,0.0020153868435807587,0.1917521380854429,0.1490736130971321
22,0.07439299989102391,0.7322302476950965,0.004413103343890616,0.11670405127732093,0.07225959779266823
23,0.11272411758676927,0.5902331489464487,0.0014807073031636287,0.22262734691729066,0.07293467924632771
24,0.057334498209973175,0.789544429735841,0.008823643401649033,0.049016741186661536,0.09528068746587523
25,0.06036497804611626,0.823576909638152,0.008046614010596607,0.0470591060210502,0.060952392284084854
26,0.1354682794910336,0.46167405570013864,0.0016187416575985135,0.04592229954015521,0.35531662361107397
27,0.35616923174754733,0.4337221916241167,0.0008949001016516078,0.13360142949809628,0.07561224702858807
28,0.06304256062935644,0.8921882309054227,0.010951701766016017,0.009805848120587029,0.02401165857861805
29,0.14047161913436684,0.805519667565786,0.0029058521384113505,0.012717323141985372,0.03838553801945031
30,0.039216610431811585,0.9077815349578318,0.014985966245859206,0.003059815963168012,0.03495607240132942
31,0.06969117062782855,0.7726192244217236,0.021221764339440154,0.008307682870397133,0.1281601577406106
32,0.0663854909011225,0.8677002665551216,0.019897987943304017,0.004091215718544048,0.0419250388819078
33,0.06436958612468734,0.8863068014058694,0.004064150811287994,0.0036703862926420814,0.04158907536551297
34,0.032931078124478985,0.8322450228526749,0.04666604517282763,0.001406126685258724,0.08675172716475982
35,0.005967680053879529,0.026364717028671825,0.0042695473166637085,0.0004396650007124412,0.9629583906000725
36,0.026265321485360225,0.017151210625821717,0.0001483663384268943,0.0016355644051645587,0.9547995371452266
37,0.19619108570003052,0.12455048572595609,0.000733272446588492,0.005539805309856852,0.672985350817568
38,0.021998078014594205,0.0048653510010899705,0.00016536605759885658,0.0009388766171743055,0.9720323283095426
39,0.03953369268841849,0.005916646717382374,9.355877191035755e-05,0.0008355772391824057,0.9536205245831064
40,0.2993323842301342,0.016072632202750667,0.0002010169191667277,0.0025650530976009073,0.6818289135503475
41,0.7658579482703683,0.04514482444782075,0.00028856328869398493,0.004354556107105132,0.18435410788601186
42,0.3325063135633108,0.05403665085983491,0.00018232523461926236,0.013671719866241121,0.599602990475994
43,0.23742345645069876,0.16544735608622294,0.00045615404909529213,0.022900180334841716,0.5737728530791414
44,0.5974597987438409,0.19488143851898312,0.00045593237549571935,0.1300565995559023,0.07714623080577804
45,0.6120959308646289,0.08761937827232921,0.0003347349869635818,0.0237140187880895,0.2762359370879889
46,0.4378606778913707,0.46737346894506093,0.002516584972718954,0.04243880044623471,0.049810467744614645
47,0.2980600644074463,0.5834056865691937,0.0057554260999795525,0.06952999652652266,0.04324882639685788
48,0.16498298450471507,0.7159807146779344,0.01867214723105028,0.020178447892198807,0.08018570569410143
49,0.024559912365712713,0.9261969653768986,0.024580203669036096,0.009453192331034154,0.015209726257318363
50,0.08026266200717919,0.8402464796403251,0.029204196473346575,0.014256204606252635,0.03603045727289656
51,0.017343682760466585,0.8295068318028609,0.13138756859512507,0.0017728860276624413,0.019989030813884968
52,0.0925915813700562,0.7603636986525545,0.0675466638659668,0.006105590964554474,0.073392465146868
53,0.047766394457489925,0.7720411919894968,0.145290405100315,0.004274631816991875,0.030627376635706326
54,0.06933602391720559,0.8787269343527383,0.02104268206357438,0.004083828517879746,0.026810531148601987
55,0.10854949186094023,0.8325084851560963,0.036814943217156205,0.003528464700516081,0.018598615065291247
56,0.055428952693616015,0.870827186505716,0.05643284113032819,0.0018691529379219344,0.015441866732418071
57,0.034620351993119615,0.7534836435455782,0.18856049325132654,0.0019897258701188445,0.021345785339856926
58,0.01551889211698172,0.6615730781747226,0.30662385648207263,0.0019958444606729036,0.014288328765550012
59,0.03603885474376238,0.7609696717752618,0.1671682451667431,0.0054402074903049345,0.030383020823927825
60,0.24358620221380586,0.7039325642106999,0.009042022562810855,0.014803872607538297,0.02863533840514517
61,0.02770070667825106,0.7004002193570597,0.25804996311222966,0.002835023651582084,0.011014087200877381
62,0.022397279770008018,0.6800949821317125,0.27021971601732864,0.0016290377684677001,0.025658984312483108
63,0.01568374387408372,0.7468339393388684,0.2273199822925356,0.0011064052268682616,0.009055929267644074
64,0.07389326947810365,0.723867909779543,0.151192629935994,0.0024738820718372976,0.04857230873452212
65,0.0191631849240355,0.6033947073981786,0.35172666018641474,0.001869294360230832,0.02384615313114048
66,0.02067536062222385,0.5047377114316522,0.39878332212364165,0.0014684304459057296,0.07433517537657662
67,0.06318959909688945,0.33527836432342717,0.03851393349477195,0.0038422530564314003,0.55917585002848
68,0.06043387691649757,0.7871652791849768,0.034899365912478324,0.005734618647484742,0.11176685933856267
69,0.015167315738844696,0.8839517168932136,0.03498418578407282,0.0010892013744723472,0.06480758020939666
70,0.002819075295759725,0.012202114297583373,0.0007844234792130619,0.0002951420379170727,0.9838992448895267
71,0.0031984333968617627,0.010365284032125277,0.0031655285373818278,0.0004410544890889508,0.9828296995445422
72,0.003296037917439504,0.0011460126611623422,1.0869463332862195e-05,0.0003062797088288005,0.9952408002492366
73,0.00559306869364173,0.0013114523094850225,1.3335280241297724e-05,0.00013683361599372177,0.9929453101006382
74,0.00281802143318482,0.0005868751752229395,4.475435531874118e-06,6.336276345257483e-05,0.9965272651926077
75,0.00763934528561148,0.0006697643050346125,7.965660181495318e-06,0.0001601434502390024,0.9915227812989335
76,0.0012918303856168688,0.0006007551773417893,5.648640764075212e-06,9.40453214439219e-05,0.9980077204748334
77,0.0016858727318230953,0.0021539366905232523,2.9901030471391314e-05,6.681655907615949e-05,0.996063472988106
78,0.0006736651276693123,0.0011251733389894948,2.277079188272299e-06,9.682321514384648e-05,0.9981020612390091
79,0.000988102351158531,0.0014296310295674123,5.341147410121911e-06,6.980562633645906e-05,0.9975071198455275
80,0.002546943724484639,0.0035419985101427793,0.00039932920479995984,6.936876550463645e-05,0.9934423597950681
81,0.0032434579328363623,0.0007402987980415847,7.664342273282696e-06,1.6871321186431934e-05,0.9959917076056624
82,0.0001248482646900979,5.926612090346807e-05,6.983206521676325e-06,2.3497697207266507e-06,0.999806552638164
83,0.0001695216248744656,0.00013867357968089914,7.608091554069768e-09,4.729864130125135e-06,0.999687067323223
84,0.0001242811853493242,0.00022217046753260984,1.5155644439221436e-06,8.35682586685224e-06,0.9996436759568074
85,0.00010996484047676561,0.00019994242383929116,1.9583982168444474e-06,1.0560078652112396e-05,0.9996775742588149
86,8.831300852773484e-05,0.0001318106084178559,8.643647497698496e-07,7.760881747033529e-06,0.9997712511365577
87,9.533456673275912e-05,0.0001319328591906704,8.777170900736197e-07,3.6763254298521673e-06,0.9997681785315568
88,5.829451447097847e-05,0.00010967303015635351,5.844029502967064e-07,2.685368933790491e-06,0.9998287626834886
89,0.00012553720241780078,0.00018267559098989356,1.3141459721429158e-06,6.150679632901659e-06,0.9996843223809871
90,0.0011536154236456268,0.001210510903244449,4.5598265232231576e-05,3.0777952854287796e-05,0.9975594974550234
91,0.0013859366940641444,0.00011688692460321114,6.712590912493989e-05,8.807219531798912e-06,0.9984212432526759
92,0.0005993477861151767,0.0001972785767431336,5.170681388774493e-05,1.1920302170319534e-05,0.9991397465210835
93,0.0002729893701688975,9.610418646725062e-05,4.079988615071717e-06,1.1961816695261387e-05,0.9996148646380534
94,0.00020619960903989928,0.00024088659991143932,4.159884864107899e-06,1.5654785327415856e-05,0.9995330991208571
95,0.0002965137030671964,0.0001278155360519568,1.513474305466197e-06,4.314855108981015e-05,0.9995310087354856
96,0.0005311864380443181,0.00026904334593445405,2.937075244345961e-06,5.734434805922974e-05,0.9991394887927176
97,0.0004094850599711378,0.0052980796440201625,7.713296154690168e-06,7.35131339733421e-05,0.9942112088658807
98,0.0005368655341941615,0.0002976163851595067,2.3058595603724587e-06,8.761022827662778e-05,0.9990756019928093
99,0.00035556919449882977,0.000250029824855905,1.9862604262518726e-06,8.662237144373022e-05,0.9993057923487751
100,0.0007108744531630064,0.0003516739256924983,7.308607603546254e-06,0.00013827123896220146,0.9987918717745788
101,0.0013436436904251548,0.000579125482900576,4.2278790652255144e-06,0.00021512658250786833,0.9978578763651013
102,0.0010457270513402953,0.007568416213765024,1.50294965909838e-06,0.0001629851544408351,0.9912213686307948
103,0.005640365225587954,0.0018594574422522016,5.024695072438211e-06,0.0005422291992685805,0.9919529234378187
104,0.0012998855102183437,0.0005547946462483753,3.887338760087766e-06,0.00015298899973839272,0.9979884435050349
105,0.001541719548365981,0.0011841945319948598,1.2735230924145458e-06,0.0002507405710336349,0.9970220718255132
106,0.0020289720871694322,0.0008786567196060124,3.147927653776156e-06,0.00039325478984480805,0.9966959684757261
107,0.024747608696340274,0.0008834580574991995,4.4641788195205796e-06,0.0010865859212446758,0.9732778831460964
108,0.0062231428342261865,0.0007939303297198144,1.9375930786291096e-06,0.0005059854370467118,0.9924750038059286
109,0.03494373924004269,0.0007638736121066043,3.7148622838014243e-06,0.0022603123454706673,0.9620283599400963
110,0.5697092099881731,0.009781419542151773,1.7666938159129707e-05,0.025291015928482888,0.39520068760303306
111,0.5457218354246252,0.01673599427177546,0.00010629405519382422,0.03816333246232363,0.3992725437860819
112,0.49035719897553937,0.20473797055967427,0.00017859467155710587,0.1963271499031854,0.10839908589004388
113,0.1434035486907165,0.03389677137544705,0.00014096173353742768,0.10500981708289338,0.7175489011174057
114,0.2992814846579648,0.20799436648355102,0.0002823603051106007,0.47403015973151447,0.01841162882185908
115,0.11158450652504509,0.34211665703448063,0.0011280671164298956,0.5140845983394049,0.031086170984639495
116,0.07305222361159168,0.4612494206394132,0.003128980115090209,0.41311868839398913,0.04945068723991578
117,0.03702329567971783,0.7337068554891458,0.006308300962473289,0.20183970978474225,0.02112183808392089
118,0.096528305913508,0.649908131403858,0.0024173544810809247,0.21635071780551743,0.03479549039603554
119,0.05753270195739097,0.8279396963001128,0.0035736016026128837,0.08842773371527039,0.022526266424612956
120,0.04243732561453692,0.8866680045325266,0.0012154212238450622,0.05408926613825208,0.015589982490839132
121,0.06805697210787488,0.8624187461789414,0.0014326671699707038,0.0559809215499015,0.012110692993311342
122,0.06088574640680095,0.8894531553757739,0.0014206770910917606,0.0331811888986404,0.015059232227693268
123,0.026189195971182373,0.9423212673035174,0.005278254692563319,0.01700604331269464,0.009205238720042324
124,0.034869192833179574,0.9353594140759977,0.00041808504263843484,0.022457014887952764,0.006896293160231589
125,0.011398567968986424,0.9744615209828108,0.005798739045580136,0.00405124628300816,0.004289925719614548
126,0.03703394509948104,0.9415119658561725,0.002165598848968761,0.011393232215210611,0.00789525798016704
127,0.022498373829963537,0.9640926688931171,0.001610981737319752,0.0061787701323896185,0.005619205407209895
128,0.020276671367847034,0.9388713676276508,0.025476798384704596,0.005511843860578387,0.009863318759219123
129,0.015904356709006546,0.9471805089554519,0.02369938934497834,0.005837719598799874,0.00737802539176342
130,0.03175901573309887,0.9456516507136155,0.006742173941548623,0.0038153458757611038,0.012031813735976008
131,0.05700275646521002,0.9137046282531563,0.0018794924875023935,0.01605085478673273,0.01136226800739851
132,0.030258501126419056,0.8707567047836051,0.08572363738593759,0.005076903477125526,0.008184253226912946
133,0.08698842799565078,0.8223889023590606,0.04508091568323873,0.005177034971864937,0.040364718990184914
134,0.031164474844487623,0.8958534006211458,0.0589207098462874,0.002799043924766522,0.01126237076331272
135,0.026669158508425543,0.853319129169091,0.1064096843898951,0.003171915494846763,0.010430112437741645
136,0.03193949184814854,0.9039641192432738,0.05064245944963317,0.0028510981879563842,0.010602831270987847
137,0.00875297402846422,0.8056296877636521,0.17465323124267768,0.0024322474019194368,0.008531859563286524
138,0.010458826376105975,0.8973662828063598,0.08417384012692906,0.0026729475484070253,0.00532810314219823
139,0.017123106033865403,0.7429679561011848,0.226394727059453,0.002594457490492328,0.01091975331500451
140,0.005663395180002461,0.5587377711631,0.4306067483099788,0.0007514822504526321,0.004240603096466117
141,0.005702934814051962,0.5544167204154826,0.4354753717277412,0.0006560673378824285,0.003748905704841839
142,0.0022195891226407054,0.24145327024468285,0.7536654820992732,0.00011475415552282692,0.002546904377880377
143,0.006266022798549925,0.3358414168781826,0.6514603368955356,0.0005771356776155591,0.005855087750116274
144,0.0019361991961272522,0.20167043282032687,0.7946768862319566,0.00014599565751157912,0.0015704860940778719
145,0.0013284094481295957,0.1525137305626682,0.8439225396952571,0.00023324332935834138,0.002002076964586771
146,0.0028563530744053576,0.20017199600135507,0.7952520260421256,0.00012592448009762794,0.0015937004020163395
147,0.0008073648896729543,0.11623309978005956,0.8825058953013034,5.945850987097828e-05,0.00039418151909305534
148,0.001274396637378804,0.10915562263687086,0.8885339360246118,9.667529191361824e-05,0.0009393694092248449
149,0.0005045235023706433,0.061895942218712106,0.9360269036980261,3.219373826923637e-05,0.0015404368426219608
150,0.0008112293306057273,0.0753307284481348,0.9228004710673502,5.25948695597082e-05,0.0010049762843496717
151,0.00028061904753704317,0.036481071988878046,0.9625687618191685,2.422309705503843e-05,0.0006453240473613912
152,0.0007969428817584191,0.04646975235060629,0.9520272740531724,3.662953994649503e-05,0.0006694011745162368
153,9.851733703765329e-05,0.017066683261403502,0.982622340946767,8.776682699463981e-06,0.00020368177209233147
154,0.0002230347144429612,0.03342637458533293,0.9660006806390365,2.5214972100100038e-05,0.0003246950890872562
155,0.0002136511319257113,0.03138034368375503,0.9680809941361925,2.6848096639387747e-05,0.00029816295148721685
156,8.439865546460768e-05,0.016710132255142326,0.9829560982834072,1.4964516669543593e-05,0.0002344062893164093
157,0.0005102432565176417,0.036600063162076917,0.9623116194037239,4.7917739104281936e-05,0.0005301564385772155
158,0.0005654832563703064,0.06761119773183673,0.9297296531767223,7.073611419648495e-05,0.002022929720874158
159,0.00028968234825299413,0.0618101991732646,0.9372207939527024,4.29478269077681e-05,0.0006363766988722906
160,0.00047475009385526543,0.0413105618204959,0.9573038045382821,6.25289298781877e-05,0.0008483546174885585
161,0.0003142091138790615,0.08700667960844402,0.9119057215540081,4.160834266376623e-05,0.00073178138100498
162,0.00023937421997492374,0.04630020418062852,0.9529387230405408,2.825105184867193e-05,0.0004934475070071686
163,0.0002659378198904935,0.032054006391587994,0.967071998803869,3.931835868408692e-05,0.0005687386259685085
164,0.00018045468341986725,0.03484498921928416,0.964507136855605,3.2376693326307685e-05,0.0004350425483649342
165,0.00013259400954617127,0.027218801115261187,0.9721856997518218,3.681390910240591e-05,0.00042609121426832
166,6.636169367952685e-05,0.01358369439046723,0.9861187464899596,2.11474712001675e-05,0.00021004995469336017
167,4.9394445812417176e-05,0.007832875780662323,0.9919797552305369,1.1445969473921313e-05,0.00012652857351435893
168,4.2897089285987694e-05,0.00718285164960614,0.9925727958587843,1.4128337621800787e-05,0.00018732706470189618
169,7.059150861093271e-05,0.00807691833986519,0.9915216687643594,3.362521515459461e-05,0.00029719617201009557
170,6.06518189174142e-05,0.005682746720604655,0.9938635637327778,4.00618086451956e-05,0.0003529759190548572
171,0.00011255139951655691,0.007766702204073255,0.9913901485482697,0.00011238531577070752,0.0006182125323700361
172,0.0001426406352012133,0.011849802606258536,0.9873573525193804,7.457634953287608e-05,0.0005756278896270367
173,0.000653416109696354,0.027381648036384917,0.9706621041970704,6.514122604102999e-05,0.0012376904308071372
174,0.0011930125980318528,0.026967177231198375,0.969902066041776,0.0001533127615427284,0.0017844313674512688
175,0.00028905429978479233,0.014180411896830366,0.9847813908595661,5.9002216353993594e-05,0.0006901407274645433
176,0.00023985734674198425,0.021697242445124915,0.9773517207540318,6.29357642653998e-05,0.0006482436898359012
177,0.00010414039638508524,0.015253964194521592,0.9839985536147501,4.287503387601119e-05,0.0006004667604672063
178,0.0002916432496584419,0.01844604140825881,0.98037644642283,9.124761553414976e-05,0.0007946213037188126
179,0.0009749120313282212,0.024713549219753793,0.9724562508790854,0.000215787697447088,0.0016395001723854379
180,0.0004592199468294181,0.022213941148621595,0.9761525658924399,0.00012132902310099551,0.0010529439890081076
181,0.0007563234524767487,0.02294428041625169,0.9750504179716383,0.0001825246126440211,0.0010664535469893611
182,0.0009862099154628215,0.030133024093828027,0.9659895514834502,0.00038315942876064965,0.002508055078498323
183,0.0005120998698349083,0.026941468229197813,0.9699389487036256,0.0006749648104726014,0.001932518386868949
184,0.0015512305449206594,0.04937345013374115,0.9447230101586427,0.00035954364605364194,0.003992765516641995
185,0.0027147723337788503,0.046541184243141055,0.943767493997341,0.0002550396840052378,0.006721509741733958
186,0.14141418622284288,0.4018400513650465,0.34545921300000465,0.008664353968408419,0.10262219544369759
187,0.12023699954050872,0.7799416333989703,0.04990460040289433,0.033880768795967894,0.016035997861658685
188,0.22226443129093024,0.4585073163686483,0.03826549650794944,0.014238191048858225,0.2667245647836137
189,0.16419546931187362,0.7548879756689184,0.027817962777211644,0.012087285737642317,0.041011306504353987
190,0.08360990140926318,0.8669267398760078,0.01942577065217994,0.019442393648563185,0.010595194413985947
191,0.11081164020420006,0.7209046455230049,0.0735288926416153,0.018588375062412583,0.07616644656876734
192,0.10361223590148151,0.8077480779586681,0.04883003680255589,0.024084216239689274,0.01572543309760532
193,0.03521609012246069,0.7923347383747491,0.09951130995583983,0.04416180359112238,0.028776057955827952
194,0.0832364006360942,0.8187735499035572,0.03661093442469592,0.02502670912003885,0.0363524059156138
195,0.07026724772528337,0.883244406143859,0.005963676977752774,0.022348319606258736,0.018176349546846153
196,0.02639368751675673,0.8733062379922196,0.07516462053622677,0.0126533625600086,0.0124820913947882
197,0.0398879983458268,0.9029403911998302,0.011820544014244292,0.024501663760678038,0.020849402679420724
198,0.013355926818505925,0.8832556510028531,0.08743048606074942,0.004975552917443272,0.010982383200448293
199,0.03937256465281089,0.9067910802291755,0.011306172196799047,0.023012516481490296,0.019517666439724198
200,0.02630684464355553,0.8446932655857116,0.0684693059265314,0.00678068550988373,0.05374989833431772
201,0.011856159847903463,0.01832916661159218,0.0011498951027574824,0.006600975070343561,0.9620638033674033
202,0.5532350990900917,0.22079613979017013,0.0005254916585794716,0.06780603636211101,0.15763723309904756
203,0.3875739735288008,0.46522405934489397,0.0034567588250136016,0.020497763356336206,0.12324744494495542
204,0.11063342653330926,0.7363353354759772,0.003942896992802805,0.008733216059134314,0.14035512493877636
205,0.16406049006515222,0.5194712771650255,0.002357469944873483,0.18110698884604723,0.1330037739789016
206,0.07275515612223918,0.7634422790477231,0.005411460231780551,0.10859527180661158,0.04979583279164563
207,0.06322341488560086,0.8131293379600181,0.003787304589388512,0.06292392557896895,0.05693601698602359
208,0.03190295082491696,0.9146266649830163,0.005706235404579307,0.024841240638507463,0.02292290814897994
209,0.030913554288885425,0.8919981926854093,0.0027937793171207296,0.0585927373297762,0.01570173637880843
210,0.039969273261228996,0.8611111109886074,0.00424305817576206,0.07565725304278437,0.019019304531617154
211,0.03394592100835839,0.8710004638847455,0.0027054842676584763,0.08029834276773866,0.01204978807149888
212,0.04133257694942367,0.8626811849852285,0.003010519556758844,0.07475931778236852,0.01821640072622052
213,0.07926914582629054,0.7947622902328539,0.0005245378665323469,0.10794284543064656,0.017501180643676686
214,0.10847124240499606,0.42335382971134256,0.010975792531318158,0.08255067213231262,0.3746484632200306
215,0.04927926138474742,0.9136555221310763,0.0034517154005017873,0.023253800137681913,0.010359700945992716
216,0.040539639803945954,0.9254191322542689,0.006329518818384562,0.010627976828903287,0.017083732294497306
217,0.05204847442566467,0.9124121722659909,0.012544731413145356,0.01040334693973959,0.012591274955459522
218,0.012884748489772327,0.9684069156015407,0.007875075729845523,0.008524350612101238,0.0023089095667404363
219,0.030444726324739844,0.9466375455622973,0.001029567562407779,0.018792523902663002,0.0030956366478919746
220,0.019878043166442334,0.8597827546609126,0.10555831150066612,0.00931565925097922,0.005465231420999599
221,0.02904184154964073,0.9420108792671915,0.020388843623804904,0.005914356535983224,0.002644079023379537
222,0.031884251611362865,0.9343397014469945,0.018625807149208085,0.010124708305642176,0.005025531486792474
223,0.0201601450346815,0.9256397149197474,0.04437794897848301,0.005326299323243943,0.004495891743844194
224,0.005025021697812397,0.9252723365629767,0.06330803756580426,0.002475255927227202,0.003919348246179561
225,0.016298383701884727,0.9046320637510376,0.06619099838208975,0.009904488717103827,0.0029740654478839037
226,0.02499512760224713,0.9252662661640909,0.022972719670419667,0.014130480093445447,0.01263540646979687
227,0.013876392555243262,0.8359565149773441,0.11758056490977942,0.025099159435546442,0.007487368122086693
228,0.011992086029461077,0.8234266207312214,0.12015981810918276,0.0358855030318305,0.008535972098304506
229,0.026867733736076385,0.8463170507765251,0.04534931000477302,0.0714181152286459,0.01004779025397956
230,0.01845793323014081,0.896404229422203,0.057269253493063624,0.01980670201480091,0.008061881839791604
231,0.12118445848331247,0.6323930919533063,0.020411240010591806,0.09990283786854486,0.1261083716842444
232,0.06005687021791408,0.425800901228878,0.0013185644870990637,0.47430253451210297,0.03852112955400571
233,0.13698897230557727,0.15780458938569586,0.0003253718544437081,0.6518269766283323,0.053054089825950945
234,0.20807914240743308,0.07864024046447121,8.179477975521615e-05,0.6763239721643391,0.036874850184001357
235,0.13361275552165458,0.07387192674342485,0.00014308330321359007,0.7782562067464889,0.01411602768521802
236,0.1470677474199975,0.06694947943568096,7.8423552187067e-05,0.7609447242549924,0.024959625337142098
237,0.010163782430838948,0.004284434134042387,0.0012375368986641629,0.00591300338188177,0.9784012431545727
238,0.11784180026559425,0.04800058311355797,0.000255430787987944,0.19080764483685808,0.6430945409960018
239,0.329150477394272,0.08725614424589676,0.0005110200183313766,0.45870655146790423,0.12437580687359577
240,0.1888064135311733,0.05966108861588488,0.0008800536274458029,0.39546218999404864,0.35519025423144734
241,0.0594935708228726,0.01592890151260721,8.913855616700117e-05,0.9092689152747168,0.015219473833636397
242,0.022037255430648016,0.011207159017727415,5.516494094578259e-05,0.9617005196970452,0.0049999009136336954
243,0.017938805228414106,0.008648605294035223,9.196121542277098e-05,0.9670351956395503,0.006285432622577714
244,0.011634753881108066,0.004371987831541495,1.6044529382228955e-05,0.982081387277172,0.0018958264807963027
245,0.00546140725404819,0.006848890537396981,2.6912212375984873e-05,0.9866089035990149,0.0010538863971639586
246,0.00791603989192941,0.0027995929429803536,6.438616724091237e-06,0.9826311047470399,0.0066468238013262255
247,0.01605235296514899,0.007476041010595449,1.6891881832657424e-05,0.9733928606989859,0.0030618534434371306
248,0.009129718899077642,0.009217853640351324,2.551966793601589e-05,0.9786561713212721,0.0029707364713629117
249,0.024025241774540077,0.004963825971457044,1.4352351615333753e-05,0.9690460893054372,0.0019504905969501812
250,0.012567965782845981,0.005937959278903472,8.582692387654442e-06,0.9710100575808764,0.01047543466498648
251,0.0071171824695683405,0.005703812806837073,1.8447674865949756e-05,0.9837181116030701,0.0034424454456585653
252,0.0159651125758571,0.0030492349696415537,1.3561086279171827e-05,0.9783507881715656,0.002621303196656571
253,0.013317953803572365,0.002759849769705347,1.404764691281704e-05,0.9794613200478294,0.004446828731980069
254,0.01210317460535575,0.0031866062610493803,1.345958540658446e-05,0.9757453257101459,0.008951433838042257
255,0.03825233396833221,0.005755977687220951,2.8146256506933262e-05,0.9058033172769636,0.05016022481097618
256,0.07051800909966559,0.012083349486937456,2.8487875843052757e-05,0.9092468332717087,0.008123320265845134
257,0.04943165010396967,0.01100478912283461,2.1091617109837455e-05,0.93650700895073,0.003035460205355805
258,0.025187395572881792,0.0051812617394197775,1.5059247290253093e-05,0.9669382650463523,0.0026780183940558213
259,0.012662357192037241,0.0037046936024770897,1.020047857372918e-05,0.9818006081339944,0.0018221405929173724
260,0.021011671654232674,0.006519837749045902,7.950424802075282e-05,0.8234186720462299,0.1489703143024708
261,0.10094262425918328,0.002570731191844403,1.666991989538725e-05,0.889730439116338,0.006739535512739018
262,0.08703402251021054,0.009822021349533623,2.017294630022493e-05,0.8975306885927653,0.005593094601190285
263,0.1309133803496639,0.00660723876918085,3.3652071083633855e-05,0.8491963029797277,0.013249425830343881
264,0.02962681441631565,0.00557401116187233,2.5780559089064565e-05,0.9620697911506705,0.0027036027120524646
265,0.02320047771382044,0.005605363975478066,2.9428583501690986e-05,0.9691162843180439,0.0020484454091558753
266,0.01657956355352758,0.007639780813173748,2.3475252882937563e-05,0.9736879721102585,0.0020692082701572576
267,0.018507737966913233,0.02335228518034187,6.66882474885309e-05,0.9554008275033641,0.002672461101892422
268,0.006709728294451767,0.006798190975483717,3.691621197706898e-05,0.9854220974866454,0.0010330670314420128
269,0.00590935221005459,0.004658079569044536,1.6913881022169453e-05,0.9882268039975712,0.001188850342307434
270,0.009178199091065525,0.004083650777882189,1.9617334166321905e-05,0.9834150879970427,0.003303444799843406
271,0.014696635776866073,0.0065235800030271985,2.0170972473072066e-05,0.9769894773365073,0.0017701359111263373
272,0.026444429464864447,0.011083443159387377,3.51159945137612e-05,0.9602087075940935,0.002228303787140932
273,0.032969137329023665,0.04599021972116276,8.758060176746615e-05,0.9141883230547225,0.006764739293323565
274,0.023890559982566055,0.010005188144878389,2.118094031254509e-05,0.9462520005809923,0.019831070351250715
275,0.04144751308426817,0.03126004526939063,3.921830068791279e-05,0.9121357450562037,0.015117478289449713
276,0.08758263854435983,0.09789907523257253,0.00017517079003776374,0.8016993186362792,0.012643796796750683
277,0.11398095126512864,0.4227031750018185,0.001702772791200209,0.4152250283438659,0.04638807259798677
278,0.0680572784734145,0.6315933982856526,0.00156848955153654,0.2743767849051545,0.024404048784241756
279,0.04023032416033914,0.48080454929296595,0.00047572733294161114,0.4718241156571637,0.00666528355658965
280,0.015659835187160208,0.8520960904710809,0.008255924271203294,0.10813149697760742,0.01585665309294818
281,0.018683613066573374,0.8922007765152169,0.0030784788484378134,0.07510442566402384,0.010932705905748125
282,0.054831899214908456,0.6296807837978238,0.0002447140779795835,0.30784797342139647,0.007394629487891477
283,0.012913992331825474,0.9655356010619409,0.00590166769184617,0.01100017274697066,0.004648566167416744
284,0.031535591757461894,0.9201561045770139,0.0002781737871424293,0.043440619425053735,0.004589510453327915
285,0.04895848855830119,0.9147782949946056,0.00033386775499736644,0.028753521122839715,0.007175827569256008
286,0.07562550200930744,0.8919680616202046,0.0011877087533307081,0.024969721962391583,0.006249005654765735
287,0.035109157977773864,0.9488359496148316,0.0005892403275640078,0.009627856249214056,0.005837795830616238
288,0.01832381999633135,0.9749270657047685,0.0005916863379172817,0.004041386501716815,0.0021160414592661207
289,0.04990465235133665,0.9325890052905428,0.0008680770684504448,0.008220769992807903,0.008417495296862237
290,0.020854093418107723,0.959881304173903,0.011776124325527623,0.002530359491104772,0.004958118591356989
291,0.03635182017155203,0.9475836004326161,0.002049914484102034,0.005606998650419694,0.008407666261310051
292,0.02122971311969424,0.9218146783117916,0.042033167961266764,0.0018274016039957976,0.013095039003251523
293,0.01504198566737739,0.875845932809387,0.08893151449248018,0.003222811189170773,0.016957755841584658
294,0.03734826484082385,0.9371179999402772,0.015370635824977158,0.006011917424346207,0.004151181969575543
295,0.009492317304483,0.894822060438461,0.08300946294605863,0.0027641563809629147,0.009912002930034363
296,0.018968163997024876,0.937554178575636,0.03140041217598904,0.002940500430593626,0.009136744820756318
297,0.009367615706944004,0.7083430441581041,0.2765179695262558,0.0016207001859687472,0.004150670422727447
298,0.011433535049376631,0.674850063859945,0.27931861241215006,0.0010262208134209302,0.033371567865107366
299,0.0021302688665565217,0.4599453805978356,0.5354761991295379,0.00035283243276200486,0.002095318973307973
300,0.006954444100850766,0.42888195832151965,0.5548958638655087,0.0006778348471168116,0.008589898865004084
301,0.0018231993997034335,0.21759852595789614,0.7793294193021769,0.00017863428755467226,0.001070221052668722
302,0.0026380689636881127,0.25264776042959497,0.7413186478306757,0.0002201932562448411,0.0031753295197964144
303,0.0024920961021136618,0.217966767613635,0.7761087015567467,0.00031881505888587997,0.003113619668618587
304,0.0012122939454786983,0.12414898290491472,0.8732583754943012,0.0001012495664677539,0.001279098088837767
305,0.0006683031829776445,0.13676787680567332,0.8614575183201388,0.00010999211547943197,0.00099630957573077
306,0.003019238265737574,0.2782679363922226,0.7139208242285442,0.0003785715425623565,0.004413429570933123
307,0.0010710626562034154,0.10351327903980793,0.8938342311407267,0.00011828029970512686,0.0014631468635567656
308,0.000575720426575531,0.13863068871154993,0.860035163846565,7.945018922773566e-05,0.0006789768260817947
309,0.0006015788503946275,0.07731311692758396,0.9207478533446591,7.51072826912805e-05,0.0012623435946710014
310,0.0008375899348129229,0.09612295531062415,0.9016909388400842,0.0002119752839827282,0.0011365406304958536
311,0.0006810749369107493,0.05373589954985965,0.9446808145657912,0.00030769001798667715,0.0005945209294517014
312,0.00025966627150298023,0.050806857207088905,0.9478509645068118,0.0001830255385624124,0.0008994864760339347
313,0.0010821533407969534,0.08234027007981792,0.9150064574029354,0.00034980405621678297,0.0012213151202328121
314,0.0002693036291198254,0.03841239044021212,0.9604949957472502,0.00015848249660972238,0.0006648276868082729
315,0.0012993202663402902,0.17939190174626474,0.8137573940734765,0.0013112403163103887,0.004240143597608061
316,0.0018189184968180063,0.10842954510400538,0.8852232043385861,0.0008961018958290325,0.003632230164761579
317,0.051232286461646855,0.13837423665677104,0.07218271948788464,0.006001663256364198,0.7322090941373333
318,0.038974645579556697,0.6663910465863758,0.2529338196377151,0.0025488449625167666,0.039151643233835486
319,0.10283665220704435,0.5394243669621755,0.17747204407031403,0.008390403940850005,0.171876532819616
320,0.1279933588069766,0.8125407391791915,0.02757642564961155,0.003950063490613281,0.027939412873607048
321,0.060317372808787684,0.9205524914748604,0.007289999015717864,0.004595629442612069,0.007244507258022233
322,0.03827836005143821,0.899204436074218,0.05625726706449741,0.0017877837749200843,0.004472153034926528
323,0.0106059948483214,0.9325895227568751,0.05269355010593123,0.0013235972822437366,0.0027873350066285277
324,0.020436826273592987,0.8320212941452263,0.12325121159441767,0.002048427033449579,0.022242240953313574
325,0.012310033101323429,0.974209483001841,0.008255034752070265,0.0015303645123197539,0.0036950846324455703
326,0.01731068935857375,0.7526311804204778,0.21471387281838658,0.0043767887130080185,0.010967468689553818
327,0.001944992847049466,0.46600759803420666,0.5306352395292024,0.00038397902192244856,0.0010281905676189367
328,0.010604485643952853,0.7171938649622546,0.2645000622786561,0.001970024505688911,0.005731562609447483
329,0.0022364725061651486,0.19670899572493655,0.7995180262921365,0.00028810310419211555,0.0012484023725695917
330,0.03188098343083135,0.4205396287010003,0.35564850455358316,0.0015186667519667529,0.1904122165626186
331,0.0332592938969137,0.4903165594761468,0.36913428425173417,0.006708327420262708,0.10058153495494261
332,0.05249447775852493,0.5492257909382703,0.10603736824750756,0.0031411475430568243,0.2891012155126404
333,0.020516205468885877,0.8494807251889238,0.11158282249903981,0.0008011519794627657,0.017619094863687856
334,0.014540977245996655,0.9081082001251339,0.06636253579541969,0.0007215628763081905,0.010266723957141512
335,0.03166467802799307,0.9355219842700238,0.025852255843948804,0.0008557081912626137,0.006105373666771875
336,0.019448982893859202,0.7711061175513995,0.1880885457787104,0.004012055258840632,0.01734429851719023
337,0.053831967358996424,0.9047570067071463,0.012714725146861589,0.01772953910389355,0.01096676168310209
338,0.014636537579370775,0.975725372683296,0.0036800601612339097,0.0038474856068442705,0.0021105439692551617
339,0.05938645634428189,0.9258960462336667,0.0014615677200355945,0.007846487418869959,0.005409442283145803
340,0.02075999380106594,0.970456498606723,0.005432933743149523,0.0015478949251237608,0.0018026789239376873
341,0.01011793611562287,0.9666252472012834,0.01962741900115668,0.0010031732288325668,0.0026262244531045967
342,0.0063195826308833246,0.9091579363123978,0.07899454513730672,0.0010721303797115729,0.004455805539700395
343,0.004515870924182258,0.6741531481231401,0.31424395893918233,0.0015543832210627513,0.005532638792432537
344,0.00532145504397308,0.6297147479529629,0.3591717845432518,0.0010188566412662244,0.004773155818546031
345,0.003166339799907965,0.5737613799424667,0.4177444317100735,0.0006674202817265372,0.004660428265825439
346,0.0014217980368670972,0.2937971738387446,0.7036472284603073,0.00019830406796543745,0.0009354955961154715
347,0.0014871629246811574,0.15796127693737883,0.838039467444942,0.000268159450189329,0.0022439332428086656
348,0.0020922642521439996,0.26763720927614487,0.7273087570231644,0.0003195084193642672,0.0026422610291825933
349,0.0005733621006125761,0.1383696339372358,0.8602033371702846,0.0001062426610321887,0.0007474241308348138
350,0.0008179763421473958,0.09853980484129726,0.8996892514562297,0.00010338331558355492,0.0008495840447423089
351,0.00016367511656431726,0.07554649244452567,0.9240245454874524,3.3989068707124404e-05,0.00023129788275046923
352,0.0001681376235536133,0.048208814647115274,0.9513193573466291,3.7626250779825036e-05,0.0002660641319223355
353,0.00026045273985139005,0.06873949633265869,0.9305757840001083,5.382431567088924e-05,0.00037044261171060303
354,0.0001878617124912831,0.03920870884460914,0.9601768695823608,5.417784792753339e-05,0.00037238201261130706
355,0.00019057465628034568,0.04111219896602806,0.9582841577143923,7.672506717279027e-05,0.0003363435961262883
356,0.0002246365463520372,0.03833295003920003,0.9609848994281616,0.00010566470017612186,0.0003518492861102932
357,0.0003936354696456113,0.09437801281714814,0.9043876250772428,0.00015827135765295549,0.0006824552783105823
358,0.0001122492932826168,0.03177449491520255,0.9676621074117687,9.281478745144931e-05,0.0003583335922946744
359,0.00010851228673706479,0.028923596420600148,0.9706870181891256,6.031699406049838e-05,0.00022055610947645062
360,0.0002342275935740437,0.06716147786654361,0.9317680354357624,0.00010952623721586272,0.0007267328669040957
361,4.475541431938352e-05,0.02430175481145281,0.9753937436204595,6.736061992809117e-05,0.00019238553384012092
362,0.0004773974995886975,0.1150981228571514,0.8834146103355116,0.00018497339169609855,0.0008248959160521447
363,0.00015356909968512416,0.030708214298714984,0.9686147204237486,0.0001387363136724671,0.00038475986417890756
364,0.0002775930577167328,0.04410653985084783,0.9550171516398038,0.0001203626054741144,0.00047835284615766
365,6.583857491696053e-05,0.0251470919759318,0.9743072121786351,9.885617376736656e-05,0.00038100109674871717
366,0.00011127072874401291,0.032264269365085085,0.9670585347411558,0.0001067490071801191,0.00045917615783488817
367,5.54825922196459e-05,0.022566348688299886,0.9769429123525775,8.765658319286239e-05,0.0003475997837100546
368,0.00011822968307054325,0.04435161789627657,0.9547615459906769,9.672590811189923e-05,0.0006718805218640363
369,9.431965474948376e-05,0.027413961381720694,0.9718333747448843,0.00012370532147830494,0.0005346388971672921
370,0.00017453268245338295,0.028830901807019787,0.9702751309684654,0.00015491481152454947,0.0005645197305368594
371,0.0001594385332834209,0.023060877585734982,0.9761566379088636,0.00012842546056559436,0.0004946205115522779
372,0.0002868120023995021,0.026254795915846636,0.972582580132026,0.0001352552509082755,0.0007405566988195778
