epoch,N1,N2,N3,R,W
0,0.0005498137374914198,0.00018322616531536414,1.1650208426186805e-05,1.0618142424851414e-05,0.9992446917463421
1,0.002410818736392754,0.0015355336145345972,1.386232321400854e-05,4.2129032630566654e-05,0.995997656293228
2,0.009144093834507126,0.00617667458529182,1.639121725723808e-05,0.0003146691004662755,0.9843481712624775
3,0.002061502811821813,0.0010957872122064208,1.5233549480090981e-05,0.00019467016983914945,0.9966328062566524
4,0.0008832014543393223,0.00035456405575303167,3.6423399108338995e-05,9.607477887089501e-05,0.9986297363119285
5,0.004381379430574809,0.0013082925559121578,0.002008379550140316,0.00012101843729622652,0.9921809300260764
6,0.0008127186552020213,0.00045388608373207403,1.2314771104884754e-05,5.380366473023413e-05,0.9986672768252308
7,0.06831783129614276,0.015674205922991933,8.54311649118009e-05,0.0003261359118193732,0.9155963957041341
8,0.024843369221680175,0.006542965368654545,6.500849387680956e-05,0.00022851502669372768,0.9683201418890948
9,0.013378035546060658,0.0026668598664417193,1.916942673637359e-05,8.722383567588986e-05,0.9838487113250853
10,0.002283280843082509,0.0007206170969622844,1.194521177052276e-05,5.717670291621887e-05,0.9969269801452684
11,0.002000561169613845,0.00033105432706055237,4.207555491273463e-05,4.941552423920261e-05,0.9975768934241737
12,9.807757136344766e-05,0.0001039871631963685,9.391375955070098e-06,3.299396450592558e-05,0.9997555499249792
13,0.002188627743708887,0.00024797642639701114,0.00033104739440833683,0.00010242140543419754,0.9971299270300517
14,0.0023743506367987425,0.0004550470227039795,0.00041379615035584645,0.00016996492691376773,0.9965868412632277
15,0.036963379174347645,0.0013264138987741634,2.965013064958538e-05,0.0004640204525599353,0.9612165363436688
16,0.09366062732531331,0.01115622756453052,2.765823854652924e-05,0.0036243723631250303,0.8915311145084847
17,0.2685280801793142,0.007927869807084485,3.123039857292993e-05,0.007514482533985764,0.7159983370810427
18,0.21458046295684055,0.010984060064827715,5.7212030814321655e-06,0.01800591694773187,0.7564238388275184
19,0.18781318011827663,0.09212116140546892,4.0869190053978636e-05,0.12155362810701367,0.5984711611791866
20,0.14961054496985085,0.18736130250634955,2.2141086087615874e-05,0.24082478631884888,0.42218122511886313
21,0.041418267338147886,0.3896900550282223,0.0002991671502217455,0.06764354791142956,0.5009489625719784
22,0.0507583575607992,0.32285530370820625,0.000309501769738167,0.2886798264668562,0.3373970104944002
23,0.04637171576889499,0.7639809910265665,0.0018963730958245454,0.036998315860087845,0.15075260424862613
24,0.040229439784205095,0.8578362669245778,0.002152681976695495,0.03926191037210931,0.06051970094241226
25,0.019031025257912823,0.9388540815010598,0.0007535580220892136,0.009167964923124735,0.032193370295813276
26,0.008647212116485394,0.9477731892006267,0.003676902368789081,0.0023260267692868457,0.03757666954481203
27,0.06827202457288532,0.8392464654302498,0.000696223249224852,0.028435216129817125,0.06335007061782293
28,0.0365047167850078,0.916772258067592,0.001090851384770904,0.011843463502090004,0.03378871026053943
29,0.006819962383135286,0.9761075467334,0.0007912836720953588,0.001967042666941064,0.014314164544428352
30,0.007316752070184967,0.976408057465525,0.004615133310195005,0.0005782758089060154,0.011081781345189003
31,0.003984784509749038,0.9904850618570448,0.0008628265839759344,0.00036845512221484123,0.0042988719270154255
32,0.018051213151501894,0.9599998802389148,0.00038778527309847035,0.0049006500242103415,0.016660471312274612
33,0.013850590294266931,0.9794938286268913,0.0006303406940146191,0.0008995974721876878,0.005125642912639559
34,0.01859176408997995,0.9620916409918867,0.0022305711644614043,0.0005445632017906322,0.016541460551881194
35,0.029941032477534813,0.9296646940806418,0.02374105605811707,0.0006545908304327356,0.0159986265532737
36,0.05506680824638998,0.9091246740430974,0.002622054584842297,0.0036399606077512922,0.029546502517918984
37,0.025933298141563886,0.9128394766033845,0.017867202079989257,0.0004774009893321905,0.04288262218573036
38,0.031325276213071594,0.8473926606570024,0.0695962556781802,0.0004763612027714733,0.05120944624897433
39,0.01602918022300316,0.661601506301989,0.2699765125658283,0.0004493542904716522,0.051943446618707784
40,0.0035051969365333577,0.6427419792100897,0.3399698226806146,0.0001450159520589279,0.01363798522070346
41,0.0057385035275252065,0.6227353475097727,0.36234491324853124,0.0001850653184897176,0.00899617039568137
42,0.005265257749068014,0.5990801869383262,0.37943571235829937,0.00011903222107591733,0.01609981073323032
43,0.004213532701999287,0.6179444371035129,0.37443576018821184,0.0001439703713659145,0.0032622996349101095
44,0.0034056896274421732,0.37993352470569436,0.6112994250388669,9.715241867237043e-05,0.005264208209324209
45,0.003496979923229792,0.4009147977462011,0.5884983779311144,0.00011241767430611537,0.006977426725148527
46,0.0026346449260212512,0.3383215938946386,0.6526351949552738,6.31043129062546e-05,0.006345461911159967
47,0.0016574734079887181,0.19775818109949372,0.7948589004950615,4.415728757194561e-05,0.005681287709884048
48,0.0019599496068764826,0.31485982066468343,0.6761163641438074,5.193526849793375e-05,0.007011930316134843
49,0.001810531857063813,0.14177057341227822,0.8508834439514422,3.447630405076351e-05,0.005500974475165026
50,0.0014062211866357627,0.07923604671013042,0.9172484064333928,1.572546827626817e-05,0.002093600201564727
51,0.002725327771301426,0.2495003644450064,0.7419749892433788,3.313068643336243e-05,0.00576618785388012
52,0.001050389418503213,0.08809811588060219,0.9092971693871241,1.1750575485611636e-05,0.0015425747382849689
53,0.0016780635940538498,0.18148089409187207,0.812572165760102,3.190162164243307e-05,0.0042369749323297075
54,0.0013370987870666294,0.1943619917693058,0.7980702081025337,2.550474284713033e-05,0.006205196598246741
55,0.0002513247810087838,0.042789562882678094,0.9551960540456225,8.57723113636397e-06,0.0017544810595541767
56,0.00023276517052725173,0.012902299554232496,0.986009769743587,4.395239644799034e-06,0.0008507702920083675
57,0.00023366806736427033,0.01609722263099585,0.9821225412359319,5.9666879849520214e-06,0.0015406013777228631
58,0.00021366154890469915,0.03266449276197745,0.965545797997421,1.151608630984076e-05,0.001564531605387055
59,0.00011125455936310724,0.008246190575853608,0.9911794332276709,7.509844705282159e-06,0.0004556117924071473
60,0.00015884212468318307,0.01861797754177171,0.9804172329808195,7.98395114174829e-06,0.0007979634015838541
61,0.00017175959006777687,0.02745252565859531,0.9715084595465876,8.8364843609751e-06,0.0008584187203884045
62,7.742167993092583e-05,0.00978562522811125,0.9897357441075919,5.472241308014965e-06,0.0003957367430578046
63,0.0001983830857282181,0.013267884332965392,0.9855535287490104,6.118826818424727e-06,0.0009740850054776202
64,0.00043078659922033145,0.02501848183658173,0.9730431308639634,1.2237371141401996e-05,0.0014953633290932038
65,0.00017153267300537618,0.014238209681822801,0.985085712121759,8.390589744814382e-06,0.0004961549336680463
66,0.0003068143650695476,0.013029598824298199,0.9862342541234347,9.070321429252838e-06,0.00042026236576831036
67,0.00018162461709277,0.014558879474107087,0.9848013294838978,1.0493936461356986e-05,0.0004476724884410076
68,0.00013241709951498552,0.010743289824089277,0.9887026153980425,7.3511245131954724e-06,0.0004143265538398752
69,0.00015240080148997188,0.011444867605065218,0.9872835365016531,1.0302355746382579e-05,0.0011088927360454982
70,0.00020028356050336377,0.012415974115371717,0.9864477449247089,1.0254231698971975e-05,0.000925743167717021
71,0.00029475901095260933,0.024812798176005967,0.9727956408954181,1.8109719610428814e-05,0.0020786921980129837
72,0.0001844680590910474,0.017850773540740758,0.9810317763328287,1.53343247308286e-05,0.0009176477426087934
73,0.00037412175823230387,0.01724849850969135,0.9810867827617618,1.0568561056055072e-05,0.001280028409258548
74,0.00029463926337631595,0.017428523333596065,0.9813871825513852,1.1768960903296688e-05,0.0008778858907388402
75,0.0001497436190143749,0.019965020718208923,0.9793297461228332,8.488356239241423e-06,0.0005470011837043819
76,0.00013685276256353117,0.008625991210140689,0.9905545413346526,6.459432792600331e-06,0.000676155259850596
77,0.0001366522353216442,0.008371711634546301,0.99070571041576,7.903015191650703e-06,0.0007780226991802875
78,0.00014620155807591203,0.007797477115904845,0.9913949803998509,1.110889785655076e-05,0.0006502320283119102
79,0.00035107736096550904,0.011970353922096815,0.9867570179377416,1.3528645849199052e-05,0.0009080221333469827
80,7.123985306035083e-05,0.0057843951504012985,0.9937485155964909,3.18752415520269e-06,0.00039266187589233337
81,4.7152598136480624e-05,0.003042870777732694,0.9965271021480197,4.525356623275972e-06,0.00037834911948801165
82,8.232134149755395e-05,0.003981040542910448,0.9955993185196822,4.687542236641467e-06,0.00033263205367318067
83,4.820086256063094e-05,0.004265435742940936,0.9953486040284302,3.97492260535025e-06,0.00033378444346273523
84,0.00011004830013877455,0.008183098375161166,0.991061351939149,7.195779495846811e-06,0.0006383056060553458
85,0.00011696421945590329,0.004275276880018529,0.9952881828047188,3.4238951161296875e-06,0.0003161522006906389
86,0.00012555887952628826,0.005152968612527323,0.9945080786643856,3.5184191054719932e-06,0.00020987542445534201
87,6.086934650724362e-05,0.003517768944079199,0.9961609801635772,2.1888728830879567e-06,0.00025819267295325196
88,3.7828655430484224e-05,0.005170334790392418,0.9945697617470051,3.3576178095700256e-06,0.00021871718936266205
89,7.39608907351017e-05,0.00567351798234736,0.9939770145355841,3.4341885836613966e-06,0.00027207240274981217
90,0.00015164949911131693,0.005326293869864173,0.9941501342890658,4.674112106799194e-06,0.00036724822985190967
91,0.00010515305985751607,0.004205531840605361,0.9953977725874958,2.386383582990265e-06,0.000289156128458401
92,5.578040247181317e-05,0.006840357557908467,0.9927683303471626,3.256348624467215e-06,0.000332275343832567
93,6.912629064426435e-05,0.0034708501946426893,0.9957560702260778,5.295185778378245e-06,0.0006986581028569097
94,6.840480459962731e-05,0.003937124612869768,0.9954908059378332,5.628901364152164e-06,0.0004980357433331308
95,0.00010371108783202602,0.013690721139397198,0.9854322070323518,7.346462113413338e-06,0.0007660142783058052
96,6.190188923817007e-05,0.005533560588880594,0.993972100320652,7.0846895072240456e-06,0.00042535251172201734
97,3.965765171292364e-05,0.0072254035404669195,0.9922579590124622,5.470727650895621e-06,0.00047150906770706944
98,7.48145076502391e-05,0.004826867076368969,0.9946141412080293,8.138088759377854e-06,0.0004760391191923322
99,4.641880142957404e-05,0.006866257624757455,0.9925937052902186,7.376420602480066e-06,0.0004862418629919663
100,6.688370078136751e-05,0.00527811167799865,0.994204864546223,8.813294105777921e-06,0.000441326780891111
101,9.238456216842974e-05,0.006241479740774781,0.9929371596786722,8.787926488514916e-06,0.0007201880918960308
102,9.151878534679502e-05,0.00848749398238782,0.9908673623498206,7.675466207596313e-06,0.0005459494162369494
103,8.571955253582109e-05,0.003923875647059544,0.9951617560672577,9.499928199072877e-06,0.0008191488049478398
104,0.00019045407231886672,0.00936158361546518,0.9892695796058597,9.064778969684366e-06,0.0011693179273865617
105,6.544647709132692e-05,0.005786662840203425,0.9935720863816788,4.511689176458099e-06,0.0005712926118498859
106,4.679571426540422e-05,0.003158540348869754,0.9964950342708012,2.8391760712699096e-06,0.0002967904899923643
107,7.202633042728648e-05,0.002435389180338378,0.9972258724241125,1.7229035002987513e-06,0.00026498916162150815
108,3.9942358587813324e-05,0.0016604715352893542,0.9981347332903009,1.1443933785590493e-06,0.00016370842244317892
109,9.30877152623194e-05,0.005740767469533663,0.9938198636206499,5.073714877636514e-06,0.00034120747967645047
110,7.545917044832615e-05,0.002249039239021208,0.9974385914260162,2.042929484541534e-06,0.00023486723502993747
111,2.9394741779275564e-05,0.001243707776872794,0.9981290806717541,2.3384234229040924e-06,0.000595478386170921
112,5.20917958220832e-05,0.002370734578016479,0.9973583261839594,2.0828027249986276e-06,0.00021676463947706254
113,0.00011078994202839449,0.007924987417810428,0.9915416285970634,6.573488129705287e-06,0.00041602055496801546
114,3.349615703690423e-05,0.002876160203835618,0.9969109717708972,2.900487088015396e-06,0.00017647138114220939
115,4.112653967020647e-05,0.00439562804473639,0.9953504519493716,2.299360252159675e-06,0.00021049410596977376
116,4.501958368844799e-05,0.003962332978066017,0.9958069293187096,4.0467398047845275e-06,0.00018167137973102972
117,7.044705039880413e-05,0.004181154467671123,0.995483267350775,5.724259961783074e-06,0.00025940687119307374
118,4.546585878932073e-05,0.005160995091533068,0.9946018775201627,4.2806831851503185e-06,0.0001873808463296959
119,6.530898440351296e-05,0.003362124859508024,0.9962710348307017,6.954219022332701e-06,0.00029457710636450853
120,5.294262637362315e-05,0.0054864587657281975,0.9941616330391785,5.883266471483823e-06,0.000293082302248374
121,2.1447765093019057e-05,0.004310071868454398,0.9954524725768679,3.5760059037559545e-06,0.00021243178368095356
122,4.61963934490444e-05,0.0031759732367874862,0.9965478428488593,3.312494421819729e-06,0.00022667502648217216
123,0.00017438668957165388,0.013453535492276784,0.9859130412629414,1.0384323316628355e-05,0.00044865223189362454
124,5.5761681197977444e-05,0.005005785821755419,0.9945633559273586,1.2312889477740406e-05,0.00036278368021036306
125,0.0001048924635549749,0.007407743127290532,0.9920310599232722,2.2711451554656944e-05,0.00043359303432763505
126,0.00019144512462225543,0.016536197098430322,0.9824151296776612,2.4142942427260383e-05,0.0008330851568588446
127,0.0003742475581392098,0.013907785996302425,0.9848589392506729,2.4368746051938958e-05,0.0008346584488336315
128,0.0006635827453628781,0.04187781264187183,0.955492801982076,4.916950979336586e-05,0.001916633120896047
129,0.0004623064953560426,0.02844768765216837,0.9700014944414126,4.895086107756427e-05,0.0010395605499855867
130,0.00025995355121682484,0.027072662386615275,0.9717442354013215,7.645939749433673e-05,0.0008466892633519385
131,0.0011185896242581195,0.04513648628192441,0.9516254159822636,0.0004104626383363727,0.0017090454732174678
132,0.0025899457678479213,0.07439471584840722,0.9139545810589943,0.0027004203949761115,0.006360336929774474
133,0.04623129964301413,0.738147546034974,0.10271333051067856,0.07062071720617193,0.04228710660516137
134,0.13138049398772852,0.6738297232422396,0.012464754649154306,0.1624985285307236,0.019826499590154048
135,0.15150476226396117,0.6932347813589665,0.009847719663669508,0.07660106183162267,0.06881167488178024
136,0.09342578644763132,0.7067455754391794,0.011113344179173243,0.16305402926622478,0.025661264667791325
137,0.03325666782610552,0.46131028605196506,0.002000734169032082,0.4973713389809041,0.006060972971993355
138,0.047817124759287906,0.24834839474233786,0.0007784407330583493,0.692241419269242,0.010814620496073905
139,0.0526758362439252,0.24602826173034187,0.0008551316873737653,0.664507946227637,0.03593282411072217
140,0.05770344504958406,0.19686446830801152,0.0002640193840320524,0.730283706093943,0.01488436116442943
141,0.1911122517937852,0.13306832711114372,0.000321187160471088,0.6515453074650605,0.023952926469539504
142,0.08987855030441297,0.284002128734956,0.000909153737603937,0.5913748693275316,0.03383529789549552
143,0.050950190341492216,0.4601225566668952,0.0016710266618082349,0.4189023754597268,0.06835385087007766
144,0.11489204218735295,0.09543040625051948,0.00016127890429832188,0.2197584718920979,0.5697578007657312
145,0.14777807264762852,0.023829071791304977,9.957999431050046e-06,0.10813440243364136,0.720248495127994
146,0.48681419517942204,0.3384942265735942,0.0004449120985805914,0.06197608801579097,0.11227057813261224
147,0.5325623956081001,0.38603502935714534,0.0010524743060769419,0.03409616383383063,0.04625393689484702
148,0.14893745990745605,0.7453178846861263,0.011371052246028983,0.027221826728310958,0.06715177643207763
149,0.011817433426916255,0.9552908578879392,0.005491827126745941,0.02357481667436309,0.003825064884035605
150,0.006615917151294415,0.9605120251144013,0.020545375890102496,0.010194974950695077,0.0021317068935068012
151,0.01571470376704418,0.9426597410801649,0.00514394514727906,0.030100522719109193,0.00638108728640266
152,0.024259318218379462,0.933156598326382,0.005370777591643887,0.029098922731893316,0.008114383131701418
153,0.007665143605155246,0.9719552655850412,0.0057408337137909715,0.009709864793161447,0.0049288923028510635
154,0.0104310611900829,0.9605868583820395,0.004358956003588882,0.015920849879145556,0.008702274545143052
155,0.006993340838638561,0.9735544312206142,0.008637122521014779,0.007885305880014504,0.0029297995397180375
156,0.011848792755800714,0.9667026853018496,0.010717114863970553,0.005720198514154704,0.005011208564224601
157,0.014215745227304953,0.9576933408737308,0.014890271080968213,0.007041722026673798,0.006158920791322034
158,0.007917243050785982,0.9628093823256143,0.01789854191832179,0.004436792806267829,0.00693803989901
159,0.03263947961960397,0.9037975736151889,0.041392679568758264,0.007845886510515085,0.014324380685933719
160,0.060439398219025234,0.8954605953240633,0.01207314002843079,0.020759250345977746,0.01126761608250279
161,0.01953450049248053,0.9231425446465505,0.03603320995580625,0.01188911300309506,0.009400631902067738
162,0.035961122999242465,0.8615365242059534,0.07165085588625947,0.016594372082697244,0.014257124825847308
163,0.01681961576975168,0.9155472750899115,0.0559310170306107,0.006126341973232558,0.005575750136493686
164,0.009153217227796155,0.8025424969184962,0.1755520720221076,0.008317927833394068,0.0044342859982060365
165,0.03207974934621862,0.9196541207466745,0.011176939700589292,0.026691190869988116,0.010397999336529426
166,0.0442122357230266,0.8905863350551836,0.015194352334370203,0.0252653196798946,0.024741757207525094
167,0.017657708643374202,0.9158492432577853,0.04994770299880927,0.011994410764054199,0.0045509343359770036
168,0.019597751126190128,0.9473005113969315,0.02189018356290582,0.006103971461104397,0.005107582452868043
169,0.03649245352445732,0.9277687498574404,0.008747499732105765,0.01636901717744404,0.0106222797085524
170,0.013673573852248657,0.9640672421519666,0.012487458809282351,0.0047967877730501745,0.004974937413452177
171,0.021971440093777907,0.8386294356815827,0.06967275218145105,0.006896907447925326,0.0628294645952631
172,0.01160887986161046,0.9642210560665715,0.013856421517928841,0.003524256799861766,0.0067893857540273425
173,0.030179107586459863,0.9302194680146568,0.020128166465008486,0.005002224881220938,0.014471033052654089
174,0.08030301066778192,0.37979104192025126,0.018383915127066507,0.0015254961176871073,0.5199965361672132
175,0.07215117697724538,0.8863222372276526,0.010924709834513794,0.001379391080540847,0.029222484880047476
176,0.047031658632312234,0.9358831721590049,0.006536821352721071,0.0002869258852739327,0.010261421970688057
177,0.11833822747133906,0.8474177443810458,0.006022941393866787,0.0007334515865774316,0.02748763516717106
178,0.009888680415543116,0.9616640145908879,0.024685420064259715,0.0005254629019159666,0.00323642202739323
179,0.013370514427125592,0.9669246985687848,0.010030588654983501,0.0011642890666504458,0.008509909282455597
180,0.009380097319818637,0.9340582278984313,0.04830946419799486,0.0007237816364407105,0.007528428947314349
181,0.007892373732962955,0.935895242874368,0.033798285655101463,0.0010334882471978095,0.02138060949036981
182,0.009263153980667918,0.8732087210453303,0.03248561818755007,0.0010161744736915579,0.08402633231276019
183,0.0042115456243824395,0.8871466195866266,0.06367614226644853,0.0007627421723494647,0.0442029503501928
184,0.00279494888873114,0.668585262287979,0.3198893773337729,0.0002576879938121116,0.008472723495704998
185,0.008130941965850175,0.5676901053108899,0.2766481322385595,0.0007980770774587764,0.14673274340724163
186,0.005260262930081991,0.7402607336838785,0.13847222635764536,0.0008801467943968997,0.11512663023399737
187,0.01523017774706224,0.6360829082253951,0.27939463659136554,0.0007185679781306206,0.0685737094580465
188,0.006845981037684995,0.5061775989016591,0.41936565370292067,0.0014763340251712838,0.06613443233256391
189,0.006451350731559202,0.49814870285739526,0.4679920079202455,0.001160313511890487,0.026247624978909624
190,0.033527105122301865,0.5733904265357609,0.23652888184143672,0.0014329123431068703,0.15512067415739375
191,0.022790202986551832,0.48630191029020525,0.4135977686981673,0.002405515650199536,0.07490460237487612
192,0.005292761543163631,0.44042290090775815,0.5378409985503833,0.00071824446258198,0.01572509453611316
193,0.005405394132457259,0.2510590872646571,0.719517763828642,0.0006929063148016473,0.023324848459441952
194,0.0020426748420665185,0.19490273918916415,0.7827722515777912,0.0004557872321257907,0.01982654715885232
195,0.001909985220456566,0.180719353284446,0.7987657654928676,0.0005496572477237672,0.018055238754506143
196,0.004359982480695487,0.2647169035323958,0.7098171199979385,0.0009518956266516512,0.020154098362318615
197,0.0021445398116108393,0.1418661490805855,0.8480049101419768,0.00037743055683634244,0.007606970408990527
198,0.0007944730484092602,0.14805404396379201,0.8385226900340572,0.00027513964925222624,0.012353653304489114
199,0.006801145546149849,0.2685834861176326,0.6915954447532904,0.0012392559360871194,0.031780667646840136
200,0.0012126522205694976,0.1468227644177403,0.8343633443414,0.0002813634245464675,0.017319875595743703
201,0.0023353673178674516,0.22850636681550607,0.7605923548881693,0.0004481341898949883,0.008117776788562105
202,0.0030038490433589734,0.2845671192434206,0.6887159078938654,0.0008286695638398298,0.02288445425551522
203,0.0018857229971421432,0.20524133880444187,0.7823109740889135,0.0002691905500272224,0.01029277355947537
204,0.0004404239816013816,0.09698856470953844,0.8995518513501849,0.00010560954827018968,0.0029135504104049466
205,0.003547084679840887,0.14561606347393677,0.8379839249275332,0.0006757235083069405,0.012177203410382273
206,0.0013716660870821626,0.05902883923308705,0.9362098127139986,0.00016371836327739507,0.003225963602554984
207,0.000821935938282525,0.10856702262448305,0.8833699776643927,0.00033731382800229005,0.006903749944839624
208,0.0007149817018508252,0.08146328256055536,0.9156577576947333,0.0002986254604708705,0.0018653525823895845
209,0.000517179805863989,0.07445009972634402,0.9210708591997693,0.00043049511532640395,0.0035313661526963727
210,0.0009663246815507767,0.1155114208680262,0.8805027600084436,0.0005504213498719846,0.002469073092107314
211,0.001607224385007411,0.1270692016069485,0.8664109101310649,0.0009531518431304117,0.003959512033848896
212,0.0007647728581229281,0.09567486933829822,0.897288791808257,0.000989287386724849,0.005282278608597154
213,0.05441388980337089,0.15145642077306912,0.051709572479831455,0.015729272651771667,0.7266908442919567
214,0.020656673932987767,0.5277247161133717,0.4364192715300429,0.002453762863949096,0.012745575559648722
215,0.05245166755747951,0.5724059742579312,0.3055147787747468,0.003233107278225441,0.06639447213161714
216,0.03473325858865314,0.7519793419473578,0.1679031629257735,0.0036384644527618624,0.04174577208545382
217,0.009941767541540195,0.6251225293189646,0.3501440724988368,0.005955837261638458,0.008835793379019952
218,0.009537478841935138,0.461432144993719,0.5198648617041954,0.002832009041264335,0.006333505418886113
219,0.013633797075455022,0.511919138304819,0.4609508875869965,0.004415899326846863,0.009080277705882591
220,0.01986488185106808,0.7986188674441775,0.17255466894727792,0.002337035316503222,0.006624546440973085
221,0.022386084324594026,0.8085072870957781,0.14428755566804422,0.00847804126903333,0.016341031642550248
222,0.022414897316612906,0.7719321997073142,0.19717395043206942,0.002181369183385985,0.006297583360617485
223,0.013729816107234713,0.4253848376478622,0.5328395546254177,0.003276400605980559,0.02476939101350489
224,0.01775968735491121,0.711551691781112,0.23946419825699367,0.013927897899900142,0.017296524707083122
225,0.006503755525825092,0.6980626257977087,0.27926483560500137,0.003432407206884822,0.012736375864580115
226,0.005749314936575753,0.4393277089012329,0.5439237193924228,0.0033289469229234986,0.007670309846845072
227,0.017413792467781603,0.894990499941584,0.07803642166385039,0.0021419791110096897,0.007417306815774362
228,0.022787478169363766,0.6936977010209592,0.27037237109908235,0.0023582154913594218,0.010784234219235385
229,0.026770139647353575,0.9313256726986554,0.03212767969765624,0.0037731105481464146,0.006003397408188499
230,0.0358647318021649,0.9115698426185807,0.035468306352053135,0.006432677631979836,0.010664441595221437
231,0.00908837021033165,0.6481863204700942,0.33219135034416764,0.0024833246488933096,0.00805063432651317
232,0.027944017918898556,0.7502189130819727,0.16572559730340447,0.007605255455864408,0.04850621623985965
233,0.022990847561715166,0.8068682271513903,0.1451082285381756,0.005026355683683175,0.020006341065035807
234,0.009987589653475449,0.9277067863043387,0.0520732726051108,0.0024891144985000977,0.0077432369385751045
235,0.007880589807483343,0.870973625004307,0.1139207819742808,0.0023136681244655655,0.004911335089463598
236,0.020766653510582506,0.7503397489229734,0.20535745136966557,0.005161178386438514,0.018374967810339943
237,0.010856945517650148,0.7423637813204155,0.23478333953027825,0.004216930759255296,0.007779002872400792
238,0.014313348076295451,0.843489121764228,0.12780858567950712,0.0038082244317169454,0.010580720048252414
239,0.015765788847325258,0.7778308909484692,0.19524061407659069,0.0025965366024809154,0.008566169525133853
240,0.0507779937292786,0.6808465682868781,0.2467416238732536,0.005503364844278303,0.016130449266311433
241,0.05216822261402481,0.7454005684291503,0.18527865825815923,0.004119805742648711,0.013032744956017105
242,0.011869048104048523,0.7124991219107695,0.2668205064741936,0.002432083451690663,0.006379240059297822
243,0.015380221673004714,0.8513846236790209,0.12489436590674514,0.0022973345639357235,0.0060434541772933625
244,0.018905369519069026,0.8013161949175541,0.15660617954316924,0.001985432438651915,0.021186823581555825
245,0.018600155490876392,0.7108458564032545,0.25184337984455174,0.004223393467466351,0.014487214793851021
246,0.02319053574823527,0.7763709038943798,0.1864181665964454,0.002895131317739499,0.011125262443199974
247,0.04958702055037383,0.802461364731554,0.09694830437615022,0.005460246382260133,0.045543063959661484
248,0.06156319644173853,0.8510298601982976,0.06549818060992599,0.002931415299087143,0.018977347450950807
249,0.005855981868496892,0.7648227080759924,0.21653411706230685,0.002522403415247425,0.010264789577956455
250,0.015136809686524484,0.6039239654982643,0.3643965251456069,0.0032332361851567185,0.013309463484447618
251,0.022834074563154984,0.8819912190247835,0.08147181754072241,0.003763928674516258,0.009938960196822774
252,0.021226125819821542,0.8099143932093584,0.13704883140677848,0.0018254191314663166,0.029985230432575158
253,0.009917629244237872,0.388165628171244,0.554461908589852,0.0014071842565568542,0.04604764973810919
254,0.02329189205625808,0.5268895653171531,0.3867710758269222,0.003580591857312235,0.059466874942354274
255,0.014567847490551187,0.053125128479918515,0.002566714366428843,0.002670425576920637,0.9270698840861809
256,0.24843105419940334,0.5080195105097396,0.019984116436563264,0.02462656716934915,0.19893875168494454
257,0.19718692240453653,0.5127276537681545,0.01609041612400637,0.01283733195691948,0.2611576757463831
258,0.1722529547597455,0.6174514995486231,0.007613298071481855,0.012667414407891703,0.19001483321225782
259,0.02601528397474315,0.858963467647202,0.02444193746648312,0.013301898420479696,0.07727741249109203
260,0.10890235111467533,0.7462197179700519,0.013802895672938924,0.010705648529526988,0.12036938671280664
261,0.16911378415757566,0.6359065702412319,0.013468114226038178,0.01678292875262035,0.16472860262253392
262,0.02585874199051543,0.9253800030545131,0.010990672477008264,0.004533593831959989,0.03323698864600322
263,0.027492006386211215,0.925596620902479,0.02468467245413577,0.002688765868484804,0.01953793438868946
264,0.03353629106737635,0.8932547509410239,0.011113139032057073,0.003805539621756535,0.05829027933778604
265,0.04850013924189472,0.9221241212727449,0.008520550402464388,0.0013360854280507037,0.019519103654845476
266,0.029580800830066516,0.91762599532297,0.03503979303910483,0.0010144899632941254,0.01673892084456449
267,0.008732426195695487,0.9379828640268155,0.04607844882456096,0.0002682613235289596,0.0069379996293994
268,0.01691414629579976,0.9227176163603432,0.05296626275793853,0.0010743957744230506,0.006327578811495462
269,0.010280943725298168,0.8816385420009484,0.10316013097572314,0.00045993907616692566,0.004460444221863488
270,0.004610052031152594,0.8187955933264651,0.17048528983941874,0.0006196017520215688,0.005489463050942152
271,0.0032207568404016207,0.7335738596182965,0.2573135208236801,0.00046674216284988323,0.005425120554772
272,0.007318748635125476,0.8795723441318468,0.10317224220712769,0.001405444102992636,0.008531220922907395
273,0.007614612240926853,0.9529754083887516,0.03413293094969465,0.0010101949492294824,0.00426685347139744
274,0.003912322255892607,0.7814019826609281,0.20799780317931005,0.0010233476727568565,0.0056645442311122314
275,0.008159734583019168,0.5825176590032808,0.40109089474612397,0.004389790421055054,0.0038419212465209975
276,0.016471247043794313,0.9234174624053044,0.04234187546839681,0.007678201061108432,0.010091214021395633
277,0.015434651812385444,0.7559796305615213,0.18689766188401272,0.027438863002916872,0.014249192739163691
278,0.024099131436580913,0.8758027366780744,0.02559383297206797,0.06439187279071378,0.010112426122563035
279,0.08473082388067366,0.4393264708762873,0.0026543157922388106,0.4412137623920032,0.032074627058796934
280,0.053112182265749625,0.1896459238055766,0.0006013634200193906,0.7494279820282959,0.007212548480358507
281,0.028649392935675477,0.05321083160167803,0.0001417328826665442,0.913584745367093,0.00441329721288702
282,0.03630942624072789,0.05177229246534028,8.995219696772129e-05,0.9090183919864194,0.0028099371105447246
283,0.048461649700979846,0.02124286771254599,0.00022351779815387885,0.8993436949508005,0.030728269837519813
284,0.01364637382684677,0.007996722243524143,9.941783277517925e-05,0.9629629966835762,0.015294489413277742
285,0.03204101192127447,0.010255189444088665,4.6885471222319183e-05,0.9516219033062115,0.006035009857202945
286,0.019524415590204902,0.010189944656592764,4.95920997621413e-05,0.9626357729032015,0.007600274750238579
287,0.03654943859082863,0.02486756034432734,0.00010594991593940887,0.9148657695861532,0.02361128156275134
288,0.10577662956047243,0.01656641755415454,0.0003844708980120308,0.847546249755065,0.02972623223229618
289,0.023633755409032977,0.009489263574194884,0.0001982818959141595,0.9488747515661902,0.01780394755466768
290,0.019585391243469093,0.008955728128907332,3.202539891897967e-05,0.9621806540442903,0.00924620118441448
291,0.022891980993761257,0.012192754126833114,8.239644634771542e-05,0.9477266377132202,0.017106230719837655
292,0.025090017028781386,0.006350956410903721,3.3711402425185944e-05,0.9649284318407435,0.003596883317146354
293,0.018408123353722272,0.011121274483496379,5.4798314310093793e-05,0.9612816942486967,0.009134109599774445
294,0.02228903135938499,0.009845419887492093,0.00018818511218187303,0.9651897800005905,0.002487583640350522
295,0.021566327562376836,0.01142671407889954,0.00019678565920618136,0.9613407925760423,0.005469380123475175
296,0.013883674199879948,0.00579695915592485,0.00021473877161953388,0.9763109882779513,0.003793639594624329
297,0.015767100452388216,0.006204274091847536,0.000187328509573324,0.9735994426220953,0.004241854324095799
298,0.03584191024700104,0.00546040839703903,0.0008142675157907644,0.9522418670819419,0.005641546758227236
299,0.01446532801352148,0.004213032073591049,6.616685532140119e-05,0.9798015867029798,0.001453886354586294
300,0.07399642554531888,0.009167192443516357,0.0014935960945903198,0.9054348736103666,0.009907912306207916
301,0.007415448829647594,0.0026186467042209095,8.347305080530203e-05,0.9886022513731162,0.0012801800422100097
302,0.006022158890688001,0.0043232320191739695,0.00010453300277969723,0.9877157552072615,0.0018343208800968736
303,0.006790023510241724,0.0018733034679919514,6.80009761130851e-05,0.9885641822598569,0.0027044897857963364
304,0.02127093767053847,0.003458496468504025,0.00010014519454431273,0.9719598646747168,0.003210555991696375
305,0.018214879792164625,0.0026959290421456894,7.451093221863938e-05,0.9769164280398385,0.0020982521936327176
306,0.01678898655353781,0.013229709557784172,0.00029034914845407696,0.9673798366349883,0.0023111181052356826
307,0.0696465408481952,0.009590868107556754,0.00029770518045667797,0.9122457922080683,0.008219093655722926
308,0.007506594473316323,0.009501688442816873,0.00015974847007176515,0.9809204616343385,0.0019115069794564457
309,0.006684139190628406,0.007562081034390727,0.0001792040646768513,0.983710403437939,0.0018641722723649495
310,0.0064511619698007375,0.005131713099786319,8.268344404794924e-05,0.9872179401253331,0.001116501361032005
311,0.010617331201114202,0.02711783493086986,0.0007005149395994913,0.9585679611878465,0.002996357740569812
312,0.017197585284865112,0.011380917866229077,0.000275473018283858,0.9667434472457355,0.004402576584886371
313,0.011183457593581369,0.003344592526983946,5.5390178796894956e-05,0.9830654975154692,0.002351062185168459
314,0.007080061696972567,0.0034904341080085315,9.631639053176752e-05,0.9872096467342072,0.0021235410702799542
315,0.02545428004103481,0.00854072267948488,0.00026478757195793365,0.9624547995806791,0.003285410126843177
316,0.018044340169172123,0.004465325697541547,9.199448627321695e-05,0.9745761135475549,0.002822226099458257
317,0.010324269675410554,0.002731445942902983,4.5559470193360215e-05,0.9855557659710203,0.001342958940472869
318,0.014081988471467131,0.008046607552974077,0.000168079526749766,0.975509006690127,0.0021943177586820502
319,0.007232514456072412,0.0022514171752060362,0.00011908991275513312,0.9892001584942101,0.0011968199617565368
320,0.006359658845713754,0.002378564858272882,0.00011201786819457035,0.9902083059841328,0.0009414524436861774
321,0.007275948060495166,0.00356706081580771,1.709709253903686e-05,0.9874032890394095,0.0017366049917485573
322,0.009944078113724296,0.008603465922682102,3.71062365817175e-05,0.977462550868025,0.0039527988589868
323,0.03484055079897031,0.013911054271076619,0.0002536264320214409,0.9408703896918453,0.010124378806086408
324,0.013610108851264192,0.00806965961874793,4.877990907899687e-05,0.9734603043004236,0.0048111473204851315
325,0.01691693824013308,0.03147433037736355,0.00011588453557112124,0.9451271511090648,0.006365695737867531
326,0.008120053039683602,0.008980735179674256,4.8980107861777454e-05,0.9811864790889331,0.0016637525838474508
327,0.007973431571563244,0.003942975486956728,1.7572657369441495e-05,0.9858169620273248,0.002249058256785667
328,0.013396403648556824,0.004878059472851714,1.6284928415503946e-05,0.9780798816125817,0.0036293703375942926
329,0.011490230939282966,0.014008462767963121,2.453036488074729e-05,0.9720829319157956,0.0023938440120776327
330,0.025043930051155603,0.01660517305865781,1.7355078562437167e-05,0.9533874132403705,0.004946128571253855
331,0.04614978006919698,0.01127258447913985,1.1142770176574591e-05,0.9357078327032344,0.006858659978252124
332,0.06458449493680006,0.08688398150375165,6.107346505393216e-05,0.8411205459432707,0.00734990415112372
333,0.06359705444215205,0.20048102455908962,0.0001775002511720904,0.7293652476180121,0.006379173129574115
334,0.0362341828686695,0.6589173158978586,0.00046180591688919773,0.29817260508621907,0.006214090230363536
335,0.019914632260761657,0.8416316227022101,0.0010823059035062076,0.12822051457759623,0.009150924555925642
336,0.006924581443108759,0.9469132303127005,0.001599553776454379,0.040241016359068904,0.004321618108667327
337,0.038770078904124886,0.6240684793967384,0.0006376204144346804,0.32689450555604654,0.009629315728655533
338,0.01832151829746741,0.8209122979555478,0.0011174468000349218,0.15407446170202535,0.005574275244924385
339,0.007935547505596418,0.9590746234381242,0.002519167740360555,0.024861008334704122,0.005609652981214681
340,0.023296408125768987,0.8456284660996461,0.000684899296140055,0.11500591321234951,0.0153843132660954
341,0.03309235180264282,0.7200291139398354,0.00042402049178099206,0.20141849651389232,0.04503601725184856
342,0.07032087194352413,0.4260713494982762,0.0003072320200012318,0.48288584219353187,0.020414704344666853
343,0.044905694191546,0.8348966253254946,0.0011486923053306026,0.1031363670195267,0.015912621158101943
344,0.02326750857289616,0.9311181898180619,0.0013948649525974642,0.030313328783367906,0.013906107873076458
345,0.016519328099636174,0.9091690346219168,0.0012265989809954723,0.0528318292383712,0.020253209059080263
346,0.01124388595618106,0.930832511537544,0.002460235302865269,0.043217645318252715,0.012245721885156938
347,0.02999838293448453,0.7327639555823735,0.0011455317688504098,0.2133517832038398,0.022740346510451783
348,0.05015275226890671,0.7962262379105073,0.000612680634667175,0.10046935006290832,0.05253897912301063
349,0.017748123484481446,0.9001215282158715,0.000483415195711677,0.0701097303222846,0.011537202781650897
350,0.011304361386785701,0.9594440161695533,0.0036496117477328536,0.013138129528757626,0.012463881167170406
351,0.0372193387331109,0.8992431313513328,0.0004164195178800645,0.05089673973943944,0.01222437065823671
352,0.010456018972413127,0.9604211266380939,0.00024948207668020606,0.020625588083353713,0.00824778422945916
353,0.008886688419905938,0.9773120093136806,0.0015824659033495917,0.005972500939563184,0.006246335423500765
354,0.011802895458508865,0.9773076070530613,0.0023164932425879044,0.002784229631821738,0.0057887746140200935
355,0.005770456836487863,0.9883167593313305,0.003147227845076979,0.0010910666314519915,0.0016744893556526893
356,0.01747382737433806,0.9727142604679987,0.0008768769740704297,0.003450122469128149,0.0054849127144648
357,0.020122216712575414,0.9694032541312493,0.002281492495339885,0.0011896431841172004,0.007003393476718582
358,0.003187639680971558,0.9823739866556668,0.008741330164188687,0.00039405048550517454,0.005302993013667722
359,0.02330622490882384,0.9641826369441943,0.00206369923330102,0.0009386214960162384,0.009508817417664682
360,0.0025348926680887384,0.9744372409376741,0.009945006413177715,0.00033187894215044823,0.012750981038909178
361,0.0075439018394683225,0.9444401194157633,0.04263399816060748,0.00047381828761410775,0.004908162296546643
362,0.006229755768895893,0.9550632199168061,0.014637523557230294,0.0018397417506783441,0.02222975900638933
363,0.006260400809691324,0.8076759119361836,0.1447276046134099,0.0006993403527145944,0.04063674228800056
364,0.004294701626982949,0.8233138524792526,0.14370599626834482,0.0010544007352544101,0.02763104889016534
365,0.0022638564132911668,0.6310862021742482,0.3509777120164616,0.00025637439257356325,0.015415855003425617
366,0.003058863481195604,0.5800381400688835,0.3591259140951234,0.00041022225270842023,0.05736686010208887
367,0.002459836482188491,0.5731946170071701,0.36879948446820704,0.0002805118591886943,0.055265550183245665
368,0.0009186702168874984,0.2620233001032946,0.7329651663584144,0.00011317376982443324,0.003979689551579141
369,0.0035339521894890242,0.3948784406285796,0.5920411167399633,0.00024189290223060035,0.009304597539737603
370,0.0007505849894519404,0.2570408198360479,0.7381005325214653,0.000100015146647182,0.004008047506387505
371,0.0011191868748300254,0.22046880977675917,0.7733811795288973,7.556684026195313e-05,0.004955256979251552
372,0.0015104397210780292,0.1523522794536296,0.8403073063867489,8.815113372153858e-05,0.005741823304821979
