epoch,N1,N2,N3,R,W
0,0.00220202640302327,0.0011535287261428468,0.0008505992807626417,0.00021716080952374533,0.9955766847805475
1,0.004144188104420525,0.007540835017537377,3.4414834758607084e-07,0.0005172191632855151,0.987797413566409
2,0.004208640594401465,0.0037492743291774448,0.003116196831501578,0.00047687027008435647,0.9884490179748351
3,0.01659379430509154,0.007072933643379976,0.0008899207698225831,0.00046125350510462036,0.9749820977766014
4,0.002983521357655995,0.0037553138457165377,0.00014737981430233124,0.0002398114980129769,0.9928739734843122
5,0.007492152066170383,0.00410826658319378,0.0027599700933146737,0.0007011150323581542,0.9849384962249629
6,0.001733978865682236,0.0024565161462463928,0.0003855035106065905,0.00016614750284043436,0.9952578539746243
7,0.10004026019042178,0.04116465559185772,0.0002906944291052726,0.002302005964802257,0.856202383823813
8,0.15803603704338257,0.07169174073393114,0.00022358679932268287,0.00567781037466183,0.7643708250487018
9,0.024625246056196697,0.01226286391094291,0.001021980432752052,0.0007609913288024078,0.961328918271306
10,0.018535200070963636,0.025071921623710892,0.0028716786598656113,0.001280297466159641,0.9522409021793002
11,0.012506829002490458,0.023092910353586793,0.003773898310496109,0.0012356236040500413,0.9593907387293766
12,0.0034195984196398166,0.004795852051505095,0.0009948476657179698,0.00037676306683308487,0.990412938796304
13,0.0019334181172342964,0.006661193468212425,0.004179135674155813,0.00045830986692408277,0.9867679428734734
14,0.011224835734618686,0.011879339919234375,0.0005149623342734219,0.0015239749028397706,0.9748568871090338
15,0.06884082324473785,0.02965259800535319,6.08217441775102e-05,0.0025276026856085776,0.8989181543201229
16,0.09609338987435471,0.00960566448825529,1.664926447717831e-05,0.0014284403381062754,0.8928558560348065
17,0.029986699506377525,0.019214838224497478,0.00022691516695577408,0.0015211395872298087,0.9490504075149394
18,0.04851337892686304,0.012967493577174366,5.1097374791999135e-05,0.0006047628153015694,0.9378632673058691
19,0.14065598656383674,0.014723757683782975,4.123978842259663e-05,0.00517356489809972,0.839405451065858
20,0.16690665410585712,0.01668481182010589,2.295405655749803e-05,0.005907306708294692,0.8104782733091846
21,0.0014027191948122312,0.0011321112239180624,0.00020058389230959443,0.00010745574995311231,0.997157129939007
22,0.01073059033248664,0.004656455197188473,0.00031327922220249053,0.0011918315210924604,0.98310784372703
23,0.03204917826700729,0.004767480880822274,0.00014171841831161548,0.0008184333807406706,0.9622231890531182
24,0.002298176856532898,0.0031493467464535365,0.0004513986616265994,7.333128198755587e-05,0.9940277464533994
25,0.03281271259534552,0.004636166164558268,8.425640615886452e-05,0.0004685625754630078,0.9619983022584744
26,0.06279099952060237,0.006695482750081577,0.0002608321617460401,0.0002791603915285853,0.9299735251760415
27,0.5346498982358903,0.09101146728547821,0.001683426667824351,0.0011039848604165346,0.37155122295039056
28,0.41676103716573315,0.2850088259102561,0.005551206486138164,0.004319485106297731,0.2883594453315747
29,0.2870484428731066,0.5412839649849441,0.03195402420525932,0.009582865279434454,0.13013070265725551
30,0.0980653521849551,0.7109500025844541,0.10334974187855153,0.004793708297499072,0.08284119505454014
31,0.027906200504224467,0.7559266809559755,0.1697568868595025,0.002327810634944094,0.044082421045353426
32,0.03281990576602045,0.7992961766788903,0.12958869254258787,0.0023917308973068563,0.035903494115194494
33,0.029208800748934498,0.22109242283514052,0.017059284180461733,0.0014657501727624869,0.7311737420627008
34,0.038883890972009484,0.05131035701083797,0.00078995576044585,0.0008496500183496284,0.9081661462383571
35,0.6233304673322442,0.1544270800797165,0.00016038525978592766,0.001589172363390194,0.22049289496486318
36,0.37453619731614973,0.41924629379246536,0.012868121729133583,0.0008962266891628305,0.1924531604730885
37,0.41885229194636353,0.43451665447674753,0.0039090676796680055,0.0007395728225060113,0.14198241307471499
38,0.30783943585561124,0.3890150678215288,0.07877532808663688,0.0014105985200408607,0.22295956971618233
39,0.0848083775290571,0.6955606416423492,0.1411477397879336,0.0015147152013608141,0.07696852583929932
40,0.07724633817431044,0.8098178853511504,0.04550019633846404,0.00459491908666105,0.06284066104941413
41,0.17059224276361934,0.6427933669807354,0.12107200574467646,0.008448124638385075,0.057094259872583604
42,0.07635725954896423,0.6720962241143063,0.23472789691828072,0.0017111225110108326,0.015107496907437814
43,0.09599155237035842,0.7272342314317911,0.14920164188195292,0.00315001224601642,0.024422562069881037
44,0.035277274221868674,0.6574571760007326,0.24875537146249302,0.0020384235304990194,0.056471754784406414
45,0.044888136366353526,0.6289080924102841,0.30569858938889133,0.0015137989228113052,0.01899138291165968
46,0.08920319399184219,0.7481922124030604,0.14263921215129538,0.0029085484456809465,0.017056833008121164
47,0.02347466600357647,0.6062243362133163,0.3583543035112416,0.0011117707445166504,0.010834923527349173
48,0.06227926754161924,0.614504179915682,0.2940423008716325,0.002375089740295686,0.026799161930770515
49,0.06500264797423266,0.7043569462027293,0.2076302131822473,0.0014652691667621741,0.02154492347402856
50,0.04102973742945842,0.6245031883890036,0.31942703029998865,0.0011568187856427136,0.013883225095906618
51,0.03788190215291565,0.46095342528081423,0.4870235489997609,0.0012956629855157473,0.012845460580993458
52,0.020757507019025734,0.47417719476542003,0.4941967332198645,0.0006859410973292561,0.010182623898360454
53,0.037369851235454964,0.4892744472652358,0.44441265139088004,0.001521685551991517,0.027421364556437688
54,0.04729763941968576,0.48798357916062796,0.43622478038664525,0.0018689142221824978,0.02662508681085849
55,0.04779014416503552,0.37390541606001965,0.5407114492686964,0.002478330449387552,0.035114660056860945
56,0.017403542770365127,0.23288071022056356,0.7268131022790612,0.0009420331264694153,0.021960611603540757
57,0.011915416687010402,0.2875607725942712,0.6867950104703552,0.0005959616824776678,0.013132838565885615
58,0.007483623201301614,0.16875529742035525,0.8104152910450282,0.0003655120562057236,0.01298027627710911
59,0.014699111746197499,0.49734963548514993,0.42708636254884286,0.0005215952872450621,0.06034329493256468
60,0.0068867305328619835,0.21896424079631802,0.7571043434467908,0.0005827616167854198,0.016461923607243734
61,0.003328317879670274,0.09963069107166345,0.8863403392047837,0.0002544465498658116,0.01044620529401697
62,0.007045376995203572,0.1735176603005325,0.7979185747727761,0.00080967096687878,0.02070871696460917
63,0.00494807882810341,0.12245366535522317,0.8574280017028042,0.0006467637328869529,0.014523490380982362
64,0.005422659159062389,0.23913487925371749,0.7430806590377861,0.000618305571125744,0.011743496978308298
65,0.003399896226300931,0.13756839234089963,0.8447339546986138,0.0006341998227300604,0.013663556911455672
66,0.005118114725418642,0.16501266761981934,0.8112375312522072,0.0009896775985655346,0.01764200880398927
67,0.008211658726714968,0.17823325577072455,0.7857403101261035,0.0012814162299022102,0.026533359146554733
68,0.002723958381608377,0.12014160860449517,0.8665105383911419,0.0004977212739594808,0.010126173348794967
69,0.0034175445738251283,0.15007683244766706,0.8405707624387576,0.0005072000819745231,0.00542766045777581
70,0.006000296894156326,0.16596653024841818,0.8108881458376892,0.0010269674245889464,0.016118059595147203
71,0.002827945702474733,0.08445301128064457,0.9064082159781498,0.0004874273387352693,0.005823399699995559
72,0.0024598703716625136,0.10656029182084197,0.882976723104524,0.0005132045491459098,0.00748991015382548
73,0.0034034308757193844,0.09505448813582995,0.8851953777734494,0.0013095756777176336,0.01503712753728359
74,0.0023143504444958856,0.0760746548641239,0.906587961382537,0.0013465281156348962,0.013676505193208153
75,0.005899744752716566,0.11489541587381329,0.8603679585871437,0.0012454103398876857,0.017591470446438745
76,0.003952102320710877,0.1142285518735684,0.8676638335611484,0.0015628335894538555,0.012592678655118348
77,0.004291621747433555,0.10808676292752249,0.8775224160653232,0.0012602679067246834,0.008838931352996213
78,0.0031834550356593235,0.08827480454256918,0.8998545178470764,0.0008649159771222711,0.007822306597572779
79,0.00483314836579345,0.08888539184890713,0.8947859293432572,0.0007594066609119686,0.010736123781130402
80,0.005961292076263005,0.15963842477225645,0.8135423246083943,0.0012692630035329585,0.01958869553955321
81,0.013043777650084477,0.160054179055508,0.7779868523757453,0.001912087070473678,0.04700310384818849
82,0.01583064265443884,0.20974144821845048,0.7494948681061152,0.0019410278205264071,0.022992013200469168
83,0.007492611545569729,0.15307119030833188,0.8202158306021734,0.001177363960541667,0.018043003583383274
84,0.01661408927092871,0.321715723883292,0.6495163169299935,0.001673454820400785,0.010480415095384995
85,0.0388488389333569,0.5589683524456452,0.3817362707986024,0.004116672582186846,0.016329865240208612
86,0.016575694503385627,0.3186659999400159,0.6533483210005794,0.0017407302188718365,0.009669254337147182
87,0.015389653332509854,0.38302420229867523,0.5860578508255737,0.002283199899990557,0.01324509364325085
88,0.025630433505318857,0.306958935743092,0.6349437720889286,0.0062042514460480215,0.026262607216612364
89,0.018972266255715325,0.2583703657485131,0.703865398027455,0.005443251648596229,0.013348718319720386
90,0.016839861981506127,0.4464554656429711,0.5205343791797644,0.003670901290933751,0.012499391904824672
91,0.012159403870933312,0.27232651429372917,0.676254546540594,0.003553580341320117,0.03570595495342331
92,0.037077523742317,0.3825091867044927,0.5429990702671409,0.006870314260158961,0.030543905025890536
93,0.034486420902290725,0.32963881560115643,0.6075944156487192,0.004615251206444006,0.023665096641389605
94,0.025355832956811125,0.4297865156396891,0.5263279551778589,0.003952806283864282,0.014576889941776631
95,0.017708831535210596,0.23400093747142434,0.727751899083282,0.003829956839023541,0.01670837507105947
96,0.023362744239500355,0.3976049284711533,0.5442499399118148,0.006627911537633186,0.028154475839898184
97,0.044731527473159116,0.39741860398225765,0.4934284428864694,0.00979441180596979,0.054627013852143955
98,0.07153507763762945,0.45719576099726006,0.3977126763092133,0.00878986117921173,0.06476662387668544
99,0.06673400432126095,0.5379845942361713,0.3552748539196264,0.008839107443456824,0.031167440079484608
100,0.08984016032352689,0.7823334189559135,0.09207686605479043,0.01724115184187287,0.018508402823896517
101,0.07231748904470936,0.45451487146317826,0.44061481424914434,0.009303090269066122,0.02324973497390189
102,0.05237730144564946,0.3596666513163078,0.5421910327016395,0.008344699010402455,0.037420315526000815
103,0.04704261977767054,0.3663525683824149,0.5424553024254485,0.007118684044974427,0.03703082536949159
104,0.04978755740476581,0.4388562584104436,0.46804548518525113,0.01218645578548255,0.031124243214056747
105,0.043591015430679655,0.5571343482472737,0.3504094333096516,0.011046266332533273,0.037818936679861866
106,0.026990139375342587,0.5241204095904266,0.4056953087458025,0.007412885216012538,0.03578125707241568
107,0.02811792869076368,0.3710508642197766,0.5491788585925313,0.015130148609677704,0.03652219988725064
108,0.05855508161109019,0.511740379313142,0.34107456526601,0.01391338666557398,0.0747165871441839
109,0.068566613943674,0.6587197024418678,0.18058893161437065,0.022555888529406747,0.06956886347068071
110,0.10132076497873947,0.6919570481253347,0.07602380865836351,0.04100621059012245,0.08969216764743983
111,0.0959876856889575,0.6579244444695939,0.0977653097219212,0.00891388591590719,0.13940867420362021
112,0.08057623423459029,0.732151793003038,0.10180650449880634,0.014225607190567214,0.07123986107299825
113,0.1416697873221298,0.6321620410408969,0.11891644374248425,0.0186032128633453,0.08864851503114374
114,0.10543932793526432,0.7485269946425611,0.04460107604376202,0.04890055638911538,0.0525320449892973
115,0.09575691810647186,0.6448813330488867,0.09801376751160405,0.05417007195661913,0.10717790937641829
116,0.18753805388843284,0.30585357639075383,0.04446539318903416,0.0360470596487334,0.42609591688304577
117,0.03684694257630398,0.08628167766348178,0.018609691725446808,0.006996438280199338,0.8512652497545681
118,0.010318280893480795,0.012850535641264519,0.0024763475456645095,0.0007117414615455137,0.9736430944580448
119,0.024380020226326616,0.04553859294691057,0.006666389628617363,0.0026973191526598016,0.9207176780454857
120,0.005562736529065394,0.01143592640393417,0.0022109446705838765,0.0011173244372476034,0.979673067959169
121,0.029854294432407485,0.04126080101692312,0.012978407014311369,0.006552045694733546,0.9093544518416244
122,0.008475298297171809,0.04191186516470936,0.020948722472550595,0.006147201757732175,0.9225169123078362
123,0.0647179445894753,0.06644110305186975,0.04424041534106113,0.040123746922597306,0.7844767900949966
124,0.16098687065060194,0.12562325168329777,0.11620750151870432,0.06911382864376993,0.5280685475036261
125,0.048040087920439616,0.13460665351559756,0.03236662853214765,0.048140986294513174,0.7368456437373021
126,0.0304306570657981,0.11788919133003926,0.04503286617699851,0.026299184852129336,0.7803481005750347
127,0.02100021362999049,0.15200796614959475,0.1250300062425924,0.05769744586727469,0.6442643681105475
128,0.06454080329307728,0.22761065248886894,0.07868976937051268,0.03660711767989563,0.5925516571676456
129,0.09281014677498886,0.36444099246297507,0.08694491494321292,0.04842173165353929,0.40738221416528386
130,0.23065537596025365,0.3314928502185346,0.037867635493747935,0.029432881955999236,0.37055125637146474
131,0.13398775954713388,0.47079866172740403,0.03347284800722077,0.015692621278912303,0.34604810943932895
132,0.1435691148363035,0.2931537400277011,0.026692856567307667,0.01837306866810457,0.5182112199005832
133,0.08648342258050228,0.1864215427280638,0.018416718668378754,0.015590030541989604,0.6930882854810656
134,0.06909725538105252,0.024205620863656248,0.0022994613883443784,0.004794662688801849,0.8996029996781449
135,0.03578887649920884,0.004898970193409041,2.834204626581749e-05,0.0015380874147377785,0.9577457238463786
136,0.011675593188652965,0.004733721743076419,0.0031354145044046023,0.0005808173746033997,0.9798744531892626
137,0.015914757130924877,0.00283453302610388,1.869924937093251e-06,0.000695253012231133,0.980553586905803
138,0.04858452738045218,0.009150358557060327,7.343562056688037e-05,0.0014773336208134355,0.9407143448211072
139,0.5390982320224722,0.05417124147555673,0.000244714108423336,0.008055152752780096,0.39843065964076774
140,0.37367725385808936,0.028286856347544884,0.0007963941295621225,0.005855278690188968,0.5913842169746146
141,0.33319378266069605,0.11254652859682944,0.0011732444311226345,0.053629190991599913,0.4994572533197518
142,0.06523670816501873,0.051472217238646506,0.0009245671622691647,0.014635238671739884,0.8677312687623258
143,0.01574396895437886,0.028750078111963666,0.009700777071929761,0.002506354064119409,0.9432988217976083
144,0.01461265507189809,0.0320943869176716,0.008615939688997622,0.0032748822306929767,0.9414021360907396
145,0.014300268780477212,0.010077365004658485,0.00010096268165075938,0.0022745914144648273,0.9732468121187486
146,0.14853711372978556,0.04978799874869218,0.0006779389603694589,0.01167375712028491,0.7893231914408679
147,0.2854529528282662,0.16059445725441018,0.001110192881970595,0.009915818831998118,0.5429265782033549
148,0.1288182709174048,0.16988521837700346,0.001754132354168696,0.010478763127657432,0.6890636152237656
149,0.37225361084569936,0.26862031433021843,0.0021416473701080484,0.04317894921616861,0.31380547823780564
150,0.2678995375743967,0.3572273336936657,0.0019686378333821403,0.052950176607773354,0.319954314290782
151,0.2602776879891946,0.26236500740101637,0.0004953707159375725,0.05118534024310288,0.42567659365074856
152,0.316014834909636,0.1656573824339493,0.000765651771121418,0.07921468687197179,0.43834744401332154
153,0.4557828551478429,0.22017714312816802,0.0003480677177010086,0.0750346063964623,0.2486573276098257
154,0.43772129322031245,0.20982063114134727,0.008424987286397779,0.037857513588380035,0.3061755747635625
155,0.02531876847639061,0.04262965887943131,0.028384978141575458,0.0021556921771274558,0.9015109023254753
156,0.06357073148694929,0.06025895157410308,0.0067439150059746406,0.0028545900748318627,0.8665718118581411
157,0.4858997008488511,0.3990766754260688,0.0006917133605482551,0.009685189105371828,0.10464672125915989
158,0.3745475141718425,0.3691782332306765,0.009975724433310797,0.004874003321369158,0.24142452484280108
159,0.48581469706419034,0.27331139746086397,0.001004521552837747,0.018627400842194754,0.22124198307991308
160,0.12618085945541577,0.3730808557163911,0.003641065577477423,0.09622659551476187,0.4008706237359538
161,0.07719932858803179,0.6022922110537006,0.07370175343430063,0.06710661455333448,0.17970009237063267
162,0.2801284187331717,0.42609417510364267,0.0005078592954510564,0.2017120825875575,0.09155746428017707
163,0.49953108504988003,0.09504044031126815,0.00016407755042871202,0.1642953420540883,0.24096905503433477
164,0.4230090241188777,0.42264956234987994,0.003941484915021675,0.10774494539591194,0.042654983220308744
165,0.3378894318094722,0.5588174676604196,0.0019273556785910503,0.05387533249238194,0.0474904123591352
166,0.09456252919697267,0.7937530926196693,0.012356211209772268,0.06507649623701454,0.03425167073657126
167,0.026264051357101397,0.8819038212278661,0.026542793142036974,0.022347349778695184,0.042941984494300034
168,0.04565105873122651,0.2563122086604392,0.029078856668590416,0.03384727255097918,0.6351106033887649
169,0.04451791564557095,0.16764676375640955,0.010055975477968536,0.008866352797610602,0.7689129923224404
170,0.02382634918382138,0.02121867276848829,0.003900017646175539,0.0014611342397016277,0.9495938261618132
171,0.09408565699191715,0.07857212145046798,0.003744242355133911,0.004470423641212556,0.8191275555612685
172,0.04609021916041111,0.056248324130260915,0.013330015865054329,0.002004632032345211,0.8823268088119285
173,0.23029032992611298,0.09072184231194201,0.008803282301011954,0.011373012191674036,0.6588115332692589
174,0.029441924430940944,0.09536037324964604,0.025725703097893297,0.008881228588278821,0.840590770633241
175,0.030524395458560626,0.09239104194639275,0.007580775811249775,0.009806339847076854,0.85969744693672
176,0.05189815077715904,0.041541674124281024,0.0013573092415703186,0.004940867941188824,0.9002619979158007
177,0.1028784880793548,0.022418655346433343,0.0001605657748358674,0.0030326794911355753,0.8715096113082405
178,0.6770125812758924,0.08106198104565464,6.329010027503223e-05,0.0032894247996820987,0.238572722778496
179,0.8495570729811694,0.05932461309391225,9.088151214735103e-05,0.0041946153022943255,0.08683281711047662
180,0.7028694304951822,0.17457335111304925,0.000775970927011447,0.018939636036458308,0.10284161142829881
181,0.6349509358262388,0.2320449148909561,0.00027814427346556614,0.08135390521402938,0.05137209979530999
182,0.3035448288574874,0.5844609769751667,0.006192647103143761,0.07749346923872662,0.028308077825475623
183,0.12613809209378715,0.7883479671727055,0.011163641507747357,0.05486053289840207,0.019489766327357765
184,0.06142556055777212,0.8034473475174131,0.10907393493730366,0.019338244553805825,0.006714912433705255
185,0.038815232616381055,0.8516411612506335,0.09874090462862337,0.0073794692916376095,0.0034232322127244566
186,0.014719506455052598,0.7652615475463842,0.21066161474576142,0.004595210158062074,0.004762121094739736
187,0.006432107713135423,0.7772299043294346,0.20828102510075777,0.0031785607269862867,0.004878402129686068
188,0.04697812640139686,0.9285094318518524,0.010348368254095151,0.010666211690851779,0.0034978618018037724
189,0.028487017153867682,0.9391883313890343,0.02335872810404652,0.0056279237010781425,0.0033379996519732427
190,0.009034306994881097,0.9548747749066531,0.02855348326216644,0.0041050243580756955,0.00343241047822368
191,0.03297513640174631,0.9157165654039552,0.03711851054400853,0.005405237527107456,0.008784550123182517
192,0.06933783861009256,0.19729620895759986,0.020163823965513927,0.0018325879729946617,0.711369540493799
193,0.5942941127406235,0.19061113318830902,0.03443597210291402,0.004849459117934159,0.1758093228502192
194,0.5117320277533832,0.3725066235821828,0.021829423215562263,0.0054958410806197535,0.08843608436825194
195,0.4442791635803217,0.4679013860876878,0.06889007420928848,0.0028707581567374144,0.016058617965964795
196,0.08922672684863837,0.5950842188925414,0.29299157106005946,0.004069590566399617,0.018627892632361247
197,0.14104165363909896,0.6618644005429632,0.18014639609440555,0.010488895475820811,0.006458654247711376
198,0.02543548894744692,0.6508138126447142,0.3136688517674154,0.005783183339741558,0.004298663300682004
199,0.02835382675691129,0.7564540669581814,0.20278816480079925,0.006908975997992654,0.0054949654861152514
200,0.03546807312597822,0.7925258707228333,0.15893413966648495,0.009450220681108361,0.003621695803595162
201,0.041560190362908644,0.8896185154863485,0.0489264857876981,0.014190193585876858,0.005704614777167758
202,0.04565213115504781,0.7918556272967898,0.14038537643934834,0.014240819214483882,0.007866045894330225
203,0.022274825240556337,0.7861257131788768,0.16914467518186957,0.013873709317362553,0.008581077081334735
204,0.05518322959270727,0.8616165142542014,0.030410075087929953,0.027379315878634,0.02541086518652729
205,0.0314361277817304,0.28671881395510285,0.027314751799866213,0.012472323709274436,0.6420579827540261
206,0.03861374087452752,0.10036703667175856,0.024987676445588712,0.00935175927772694,0.8266797867303982
207,0.09395266567952588,0.0651981393194167,0.0009618779589396075,0.010986661868180229,0.8289006551739375
208,0.1512815194856862,0.29091167915416855,0.0007083193529562633,0.009980677356549249,0.5471178046506397
209,0.01640449881785409,0.03813086541357135,0.005913112656148402,0.0027387242301277546,0.9368127988822983
210,0.028935953356958994,0.06258408522668728,0.002922848062825454,0.008265168727103304,0.897291944626425
211,0.03430748033848,0.02582240370009148,0.00023319309852366156,0.009971788211863447,0.9296651346510414
212,0.011035252246137425,0.008612075871639317,0.0008720585611449696,0.009301199806773937,0.9701794135143043
213,0.028063310128366294,0.01906891165729301,0.0045394038217904395,0.0027169421816380115,0.9456114322109122
214,0.10617123621652229,0.027333701881207016,0.001106465308651403,0.006040854502999666,0.8593477420906197
215,0.019704047060247736,0.01261479679067927,0.0011213205629951584,0.0008896544010415677,0.9656701811850362
216,0.05454172789869607,0.0067606880383499195,2.749050118776768e-05,0.0022462368897237404,0.9364238566720426
217,0.03226969715666997,0.01512346303148332,0.00034470008153593315,0.0009879565222139332,0.9512741832080968
218,0.06920404837542209,0.05595077792508924,0.00284602284542863,0.0012169219204850046,0.870782228933575
219,0.011459061138317862,0.09808749590703145,0.009723857405320451,0.0013399564586842382,0.8793896290906459
220,0.0032755112682468484,0.005129068265122102,0.0002786907977006662,0.00010403140968555576,0.9912126982592449
221,0.0033953986946516023,0.003224526190658375,0.00018031336845313864,8.268486711504587e-05,0.9931170768791219
222,0.0018763481724464663,0.0014646271032730301,0.0001047912668412484,8.7611859677911e-05,0.9964666215977613
223,0.0016842928009751083,0.002858673861188278,0.00010984625320949895,0.0001796049493209537,0.9951675821353063
224,0.0012472240247833344,0.002011998803883408,8.474892492176267e-05,0.0001049731785590078,0.9965510550678526
225,0.061030573429186136,0.07714517313730689,0.013415867139717444,0.000607866336824675,0.8478005199569648
226,0.014675660613571945,0.014210674262668647,0.0036340034412268222,0.0005861186584994689,0.9668935430240332
227,0.027160666468501012,0.0109979475007583,0.0020613419848008923,0.0007064831830532587,0.9590735608628864
228,0.00300549061408421,0.00886768456254386,0.0012912185272839988,0.0006207278820837466,0.9862148784140041
229,0.012650593001000819,0.026227393256968497,0.003177493583323947,0.001310184742735999,0.9566343354159706
230,0.005654201447264468,0.011783577097559625,0.006993695797972899,0.000661670004560594,0.9749068556526423
231,0.007235510090921548,0.004718219854799624,0.004244317015332004,0.000825298017266869,0.98297665502168
232,0.04178000801004994,0.013993679927375328,0.0033611534993995794,0.0034511481807322736,0.9374140103824429
233,0.08321815380165708,0.03649981862444204,0.000975370779264552,0.0049159041798082686,0.8743907526148281
234,0.01503364047395819,0.013024901950694293,0.0056595266853024925,0.0012897997817469386,0.9649921311082981
235,0.02953652706491077,0.022619012920679166,0.001571804793590193,0.0019653305229703536,0.9443073246978495
236,0.01581104354553897,0.016940428123718636,0.008599047303132911,0.0015501532075657535,0.9570993278200437
237,0.026475926491029988,0.038986952338452834,0.02183866639331029,0.0016405947366231206,0.9110578600405836
238,0.017720413323659416,0.010634648110935362,0.004365551368507727,0.0016328224378274385,0.9656465647590702
239,0.015836558954784866,0.006901563180120755,0.0023066957120161853,0.00419996836038519,0.970755213792693
240,0.03302754708849917,0.018350694823518702,0.0004037169944672102,0.004712782039885756,0.9435052590536291
241,0.03425375710612609,0.053469675694870315,0.013405449343078902,0.014906384436630914,0.8839647334192937
242,0.021318659227854878,0.03838573085103102,0.012542770711694079,0.005882337792747208,0.9218705014166728
243,0.09397801372486968,0.11530097774267735,0.0007278527128937534,0.016827484543881804,0.7731656712756774
244,0.01450381989205254,0.04013968767566195,0.002968450642231647,0.008036529368746893,0.9343515124213071
245,0.05938346808007868,0.1050824769872485,0.018303660613863914,0.023926999274230035,0.7933033950445789
246,0.02863128984688274,0.027001367605491954,0.0059362854641180724,0.01283118076173378,0.9255998763217734
247,0.028010113488461254,0.027112986930695648,0.002274466017050862,0.017959215820992,0.9246432177428002
248,0.03265337119988523,0.14766007841750248,0.03666206163559336,0.028481823512988676,0.7545426652340302
249,0.023469716934721246,0.037039891374978436,0.02119696197418112,0.03049316682527477,0.8878002628908445
250,0.02399836154039766,0.046539855747392285,0.002810998985636462,0.02112610308815824,0.9055246806384154
251,0.02375338145095733,0.05650541442405863,0.0007303933166219916,0.024472522686702542,0.8945382881216596
252,0.037336890061368366,0.10420853332869776,0.025063006645812663,0.01600622498388173,0.8173853449802394
253,0.09521145868062647,0.0557409112551933,0.0002575941155394643,0.008567606463761535,0.8402224294848791
254,0.1799888429801535,0.1622336618974001,0.0011874533911219493,0.02464177356463455,0.6319482681666898
255,0.2202539730735755,0.06937286293978472,0.0001608462223894562,0.020785628619375867,0.6894266891448745
256,0.17307582366997593,0.22761844974103404,0.021677883043510218,0.020684680186291857,0.5569431633591879
257,0.10176965548562317,0.04047048696577386,0.0007128636545991416,0.01059452054447962,0.8464524733495242
258,0.0469516512813162,0.02458648747486236,0.004237680482767708,0.009141657766030526,0.9150825229950232
259,0.02235521969431495,0.05015089639876978,0.0034628316038618377,0.015590108712628017,0.9084409435904254
260,0.012900875363266688,0.006456220736774294,0.000440930193579454,0.0051033662819863915,0.9750986074243931
261,0.008269837219513753,0.005608676604326334,0.0005350099928120645,0.006514039355718097,0.9790724368276298
262,0.03683172493377461,0.04787204272558652,0.0005049844964450356,0.006030018673191867,0.908761229171002
263,0.1011720741666093,0.03989919827332835,0.00021600766756058235,0.006386031814723394,0.8523266880777783
264,0.2756794196991632,0.07726854794602099,0.0011224439403164526,0.03185897932609832,0.614070609088401
265,0.5278695972969947,0.09459324619585147,0.00036498320228213276,0.030992872410959365,0.34617930089391236
266,0.45876899293222345,0.09281079456174418,0.00037510518908170064,0.04246881268239604,0.4055762946345547
267,0.48918723706685274,0.07997514052240433,0.00026470938716489543,0.04862322361056306,0.3819496894130148
268,0.4343826376432966,0.1797897517794175,0.002017300788437533,0.1202307994966468,0.26357951029220156
269,0.3576378015183119,0.22996998415607942,0.001330947604074245,0.257583759463145,0.1534775072583894
270,0.2648335954905951,0.23018781811618283,0.0015989615304354819,0.3360966103730866,0.16728301448969998
271,0.1421175194830104,0.31238862850269744,0.008371338364466787,0.20944875471404403,0.3276737589357814
272,0.15950880605043224,0.5034598257411431,0.004138353210258897,0.09644902392694854,0.23644399107121705
273,0.10017090569937585,0.2999011546574486,0.012455329668828369,0.17303484591155915,0.41443776406278804
274,0.1195464250239007,0.4221518921027346,0.004283540292719932,0.1793065994675949,0.27471154311304996
275,0.1300392903191441,0.3932931635097234,0.018622069328950403,0.232454215834386,0.22559126100779628
276,0.0511516907673003,0.3129154606758738,0.01349990841988987,0.15768494006809014,0.46474800006884603
277,0.04699056118900254,0.4550298633583954,0.019295227057378208,0.11847763365328691,0.36020671474193683
278,0.06314135073465109,0.4057525500121858,0.009528204659591817,0.11363015320361554,0.4079477413899556
279,0.10402805427435488,0.5677485583223503,0.0029014141509296166,0.18423446990537398,0.14108750334699124
280,0.08153457295434863,0.3544433352532188,0.0014737906674182801,0.47443695317961404,0.08811134794540011
281,0.08944778520779541,0.19485716195918598,0.0038025839036879075,0.2795651760679597,0.432327292861371
282,0.12281740250556591,0.4016853445529302,0.008438638469752456,0.2955516270705688,0.17150698740118261
283,0.12853573335891924,0.456093311908183,0.015744438723903006,0.2597389199737482,0.13988759603524656
284,0.12300288638163212,0.3463485484635569,0.02261897901261198,0.3737173143842233,0.13431227175797578
285,0.09711775518575345,0.3084180111212353,0.031332941982666736,0.4457940335657298,0.11733725814461479
286,0.05934570146701611,0.3677670367983513,0.019450027634325746,0.4471224365563468,0.10631479754396006
287,0.08344089316476808,0.4068685107441699,0.036806707887525096,0.23143266358801973,0.24145122461551732
288,0.05163952482485488,0.5969074936865392,0.007534112503295688,0.23644307912147774,0.10747578986383244
289,0.08252648940896931,0.5099904984754432,0.05818327284348477,0.13955996990580366,0.20973976936629915
290,0.07328056349107508,0.43363093774882455,0.06425359666372708,0.14178580234788546,0.28704909974848786
291,0.06657447107153255,0.4506209501659882,0.10566676770460606,0.22752277217126873,0.1496150388866044
292,0.06285114715149404,0.22830814942164143,0.09703977735329805,0.3501682721139348,0.26163265395963176
293,0.07001658073932487,0.20045539977021434,0.11209131905529601,0.049206188604671,0.5682305118304937
294,0.10834232206125098,0.25997934442153947,0.23399953142585408,0.08853545321903271,0.3091433488723227
295,0.12219990298907807,0.27997975932724267,0.08119268060951136,0.2140662260491202,0.3025614310250476
296,0.17249222465477376,0.27218267748541636,0.2690596539929324,0.08456984879958516,0.20169559506729223
297,0.09536341556654049,0.16809633885799044,0.08974366049987718,0.062203999904224955,0.584592585171367
298,0.21511983849017657,0.16394392705965308,0.006205063381421665,0.1325264781106076,0.48220469295814106
299,0.11259206704022828,0.13567631415500728,0.02009735623117454,0.04707482953914571,0.6845594330344442
300,0.05188891734220959,0.11779619855578957,0.015587886736295615,0.01076436679614579,0.8039626305695594
301,0.4410715943234233,0.054312655477566564,0.0012634157452760084,0.010773479753070206,0.492578854700664
302,0.4483405573778253,0.20344547061848467,0.019430930868427725,0.02400942658371874,0.3047736145515435
303,0.21220277228168127,0.36598138306289235,0.2885019953385101,0.010645012008498156,0.1226688373084182
304,0.2630139931033109,0.5684672845589288,0.09290242001871642,0.026430580459904488,0.049185721859139414
305,0.08662622936297584,0.7780161157284672,0.06597325907209618,0.02180291868162671,0.04758147715483387
306,0.09731492065241369,0.8401686588169893,0.026111859226571943,0.02329868215421498,0.013105879149810006
307,0.1253399897979988,0.6535676408053143,0.18286111454524703,0.018246559560968417,0.019984695290471522
308,0.0868723295840369,0.8469515318222116,0.03204973828861545,0.028624553859351025,0.00550184644578497
309,0.0712207401681564,0.7955151665088093,0.11220970161131624,0.01235950253453004,0.00869488917718803
310,0.0522006790411948,0.6499150357582781,0.2824368612006712,0.004574037877030798,0.01087338612282511
311,0.05933695707503951,0.5356750179070973,0.3844023223976287,0.006547118605226734,0.014038584015007754
312,0.04439499149316466,0.5363549026645739,0.40915058375708163,0.005577765332558987,0.004521756752620734
313,0.025649416896940433,0.5330680925678858,0.432894376110571,0.005125135402627241,0.0032629790219755013
314,0.02110966349510133,0.4005495577786786,0.5691636158209105,0.005405799769232151,0.003771363136077288
315,0.00806413888342614,0.4076907656245374,0.5764547029318062,0.005165323194775859,0.0026250693654544352
316,0.023631302335223963,0.7501232558274117,0.21828198449601646,0.004463401103667522,0.0035000562376805316
317,0.004282625547458438,0.29395887265540854,0.6985686561497458,0.0015697450787892312,0.0016201005685979567
318,0.00946430524388461,0.30645866560167845,0.6773465694679627,0.0033848227830009644,0.003345636903473389
319,0.012723189462078321,0.4372763474567181,0.5430348049567397,0.003900929642906969,0.003064728481556771
320,0.006946947901990247,0.3521879635492712,0.6332727611305581,0.002596396541922374,0.004995930876258203
321,0.01318208440648257,0.4057903414032383,0.5695835755339802,0.0057827584369320745,0.005661240219367005
322,0.006169227846032397,0.24931480874458098,0.7361719160738117,0.004097770324028498,0.004246277011546196
323,0.005119973138287643,0.3395888977683116,0.6490026708318318,0.0036015010323878333,0.002686957229181056
324,0.0050025515801760834,0.18195197997315812,0.806171686952091,0.002481209590613063,0.004392571903961897
325,0.003524398677103717,0.20023634125531845,0.7875943591354423,0.003854160402730094,0.00479074052940552
326,0.004135096046874511,0.21538373637878747,0.772977718548259,0.0038613857726190483,0.003642063253459903
327,0.006597336797834936,0.36811477762494416,0.6148402686595523,0.00517249473202052,0.005275122185648196
328,0.003644033437603047,0.17693055653103124,0.8149142115947361,0.00193073038158841,0.002580468055041104
329,0.0040150726181086135,0.22804139225783773,0.7636008340216768,0.001975200042462021,0.002367501059914778
330,0.001269833554336033,0.11161240619458085,0.8838742368189048,0.001276013494539205,0.0019675099376391864
331,0.0012809557779729856,0.11523124227775057,0.8797391896435003,0.001379989785720407,0.002368622515055692
332,0.0016475069250945567,0.12473480852382639,0.8687306109226776,0.002617318259842451,0.0022697553685590934
333,0.0023707294414054866,0.16243650189391542,0.830948162596236,0.002131003280621524,0.002113602787821539
334,0.005361564990671381,0.3491789543815783,0.6375853745884216,0.00367722835193976,0.00419687768738898
335,0.0027021926790405117,0.14874373903541985,0.842771343902664,0.0023309474756402038,0.0034517769072356244
336,0.0037449990904745117,0.15229172337623473,0.835047728932089,0.004511081174777484,0.004404467426424266
337,0.0032494641165189807,0.20035166235800894,0.7875380922222533,0.0039822643284115455,0.004878516974807292
338,0.002645792019269887,0.18925654225524047,0.802967945394565,0.0026541032783529597,0.0024756170525716513
339,0.0013822421864964577,0.09491955665992007,0.9002130552137152,0.0018544788606749524,0.001630667079193335
340,0.0024919009667772394,0.12221673554599015,0.867462519628698,0.004394185984206156,0.003434657874328406
341,0.0026971171007378948,0.1432473635390348,0.8470510988293508,0.004186506726778747,0.002817913804097724
342,0.0034623566478547076,0.1431228804807379,0.8443124256798586,0.005002985770546325,0.00409935142100257
343,0.009227804802394256,0.24825437477495688,0.7144785936831268,0.019441167183470526,0.008598059556051408
344,0.0035208435956176525,0.26094353263467335,0.7284123185365262,0.004771647131375613,0.0023516581018071733
345,0.003305307241567008,0.1915654435078138,0.7985366885410546,0.004018689866095633,0.002573870843468983
346,0.005636152774940441,0.18474017787962876,0.7823176314545192,0.020863311228994687,0.00644272666191698
347,0.006616360524588533,0.18799215051034326,0.7881598556300102,0.011418984636298446,0.005812648698759724
348,0.0037986814357788153,0.14601031554978536,0.8391127534569739,0.00749122090322682,0.0035870286542350575
349,0.0054969887554730855,0.135275732846707,0.8468236399841609,0.008392828872877853,0.004010809540781157
350,0.003249464013562095,0.13482417355531756,0.8545435493579894,0.004971490831701282,0.0024113222414297356
351,0.0027806888827473647,0.17516170759445795,0.8151625706896574,0.004317217242155379,0.0025778155909818093
352,0.002149245232890488,0.07869772018318424,0.9101562957905932,0.004830578614181316,0.004166160179150648
353,0.0032269620602692543,0.12707471745636573,0.8536143524116668,0.011748129129553617,0.00433583894214457
354,0.00331507680159218,0.10633638240778948,0.8809614436514992,0.005552037726622057,0.0038350594124970834
355,0.004081974118427052,0.18009954628275834,0.8044693322357702,0.007877398124852492,0.0034717492381919654
356,0.0040874047639605305,0.1441907360629198,0.8334250226366474,0.014622135174760078,0.0036747013617122307
357,0.005422109554843873,0.11893102719037477,0.8578763086140007,0.012407956345094201,0.00536259829568678
358,0.010030384513917657,0.16833156680126252,0.800919361920381,0.010452781016497811,0.010265905747941041
359,0.02965521331817589,0.28009535373626276,0.6686956533079355,0.010889232300342017,0.010664547337283694
360,0.034409800927393853,0.3058339941557851,0.6306407849004594,0.013186693612801673,0.015928726403559957
361,0.027766728807188022,0.27742990719681937,0.6637927909886445,0.007217861851388952,0.023792711155959195
362,0.03504870879360554,0.39122563271142236,0.5253137731572775,0.01651091459658832,0.03190097074110642
363,0.06937707749302292,0.47185061931409344,0.40555553838710123,0.02678049061671623,0.026436274189066137
364,0.08267728985116762,0.36674635818699836,0.06056793545025042,0.10124086113822704,0.3887675553733565
365,0.1538462381737395,0.16605728372323902,0.00619060586260404,0.09979231207436343,0.5741135601660541
366,0.013650911616486157,0.04006839612882763,0.0009275588548804045,0.027466110332826553,0.9178870230669792
367,0.04115478578554454,0.03202852415709907,0.0009130091471129202,0.009297278743802796,0.9166064021664406
368,0.048520656823075305,0.03456818844681426,0.0013823481915369302,0.009611042912603118,0.9059177636259704
369,0.0867705825880172,0.17895082790343622,0.0031610822558324424,0.04318490542446182,0.6879326018282523
370,0.06070279992491458,0.15503187466838925,0.004958041328776272,0.027199921855924174,0.7521073622219957
371,0.02823555501914571,0.04318926069715964,0.0013729738792220808,0.028910640025266422,0.8982915703792062
372,0.008079081857792879,0.013193034447197573,0.0013980155306193322,0.009320012197569304,0.9680098559668209
373,0.02304102885415047,0.040986265339457505,0.003173035560719921,0.03283940974555577,0.8999602605001163
374,0.016981496837658983,0.012215086526935415,0.0011664344785853311,0.009682064858242823,0.9599549172985774
375,0.0046686847107267745,0.029096321313380122,0.001811675884385979,0.010172808805661338,0.9542505092858458
376,0.13897363356844808,0.1424417652567734,0.013970704262138072,0.0603646844650304,0.6442492124476101
377,0.0440375122564221,0.020013311739500834,0.001050973051815811,0.008247938100019527,0.9266502648522417
378,0.11368856755156145,0.03424840541077724,0.0037891711714134312,0.009442272878116702,0.8388315829881312
379,0.13478323385051272,0.04266402331178272,0.0006349634041381442,0.007295367300127989,0.8146224121334384
