epoch,N1,N2,N3,R,W
0,0.0015073761409125995,0.00012526763692750215,0.00023255882386868598,7.135639663333726e-05,0.9980634410016578
1,0.001813961665026196,0.00014295921044238553,0.0007192247555717847,0.00031009579667169306,0.9970137585722879
2,0.002109283337577768,0.00010874667436052015,4.660180076564965e-05,0.0003953297126122762,0.9973400384746839
3,0.004537631399707261,0.00014856781923993365,0.00036889005802169967,0.0007689344688309129,0.9941759762542003
4,0.0015412997449602574,5.548168597525115e-05,0.00041142650796823855,0.0002803406924069718,0.9977114513686892
5,0.014499112050023768,0.00023898183145227629,5.213546366727366e-05,0.0010046829010824426,0.9842050877537741
6,0.003364746947580945,0.0001953249036787876,0.00031625379864609187,0.00023510552116772144,0.9958885688289265
7,0.004371468965837648,0.0003141779335227451,0.001073757088333824,0.00035629386619700555,0.9938843021461089
8,0.0744712235589841,0.0006683698709520537,0.000812845968840826,0.00045243301512953925,0.9235951275860934
9,0.5541633384196408,0.0017333392195960436,2.1957332608780646e-05,0.0008198911320791066,0.4432614738960753
10,0.0536237528819302,0.0035405977569615953,8.377780436711343e-06,0.0008229348299620714,0.9420043367507094
11,0.12608291318379944,0.0036423775716428446,1.2306858197056578e-05,0.0008455667100435342,0.8694168356763171
12,0.20969385816904118,0.026143459569957568,3.1977518411173475e-05,0.002906148421539197,0.7612245563210509
13,0.02578830628998947,0.0017053789906077371,9.69768707546694e-06,0.0004214293581838137,0.9720751876741435
14,0.11307015796150323,0.0048477414565535,1.2850972619012028e-05,0.002263028543318026,0.8798062210660063
15,0.19711412833672096,0.1800167019856958,0.0003983578666415241,0.006339213337351535,0.6161315984735902
16,0.18508582255430855,0.20343599050901207,0.00041011574416973534,0.009739051406100253,0.6013290197864095
17,0.1606425920914846,0.16257882507599158,0.00013541572334179646,0.02939270978359259,0.6472504573255894
18,0.07736134865929932,0.27066896333820045,0.00024948548624347525,0.028595322310533505,0.6231248802057232
19,0.05869315389429645,0.27243268517825486,0.00010223891523317726,0.022284629129009022,0.6464872928832065
20,0.013517723849757078,0.005988371171162907,4.147136354115609e-05,0.0025970857927112823,0.9778553478228276
21,0.37221946805867206,0.022130576254392527,3.886682948241883e-05,0.01686994323320484,0.5887411456242481
22,0.33448519778708413,0.05791030744104108,7.666066119024554e-05,0.004517443906473314,0.6030103902042111
23,0.34417773944652497,0.26654295625447805,0.0003237574117799319,0.004059413492559633,0.38489613339465745
24,0.33060691170339573,0.2613764741714746,0.0002961183152932294,0.021791643274995092,0.3859288525348414
25,0.17785266934550933,0.4158778466213737,0.0008993805934771332,0.012972973892638053,0.3923971295470016
26,0.18384916324258463,0.38534609185656193,0.0007293462177189659,0.03641217348150087,0.3936632252016335
27,0.1968527963214316,0.31540832047365147,0.00017799951978120538,0.014332707006750172,0.4732281766783855
28,0.30105834009089305,0.4697206246729204,0.0007159220238606032,0.016379040512932604,0.21212607269939335
29,0.08429726322754155,0.700562096946354,0.004129169428180773,0.003522886324854363,0.2074885840730693
30,0.0925171016665134,0.5840220533589228,0.0038675082442834897,0.00626264360147073,0.31333069312880957
31,0.1063683269191868,0.6863090145661918,0.007434423654230379,0.004367247697340011,0.19552098716305116
32,0.4277207257943939,0.16165804062098488,0.00031333424820505603,0.01241413356450388,0.3978937657719123
33,0.26070422598448195,0.6371791554839856,0.005507561398382502,0.0027485263026379696,0.09386053083051198
34,0.20530550833069466,0.7024660271955766,0.0006945757923167005,0.0015031948089551876,0.09003069387245695
35,0.08071567270936769,0.8773361054730331,0.009163083253511825,0.0008865443555869485,0.03189859420850044
36,0.01948987104504275,0.9361192842185302,0.012340768083392802,0.0006360865175976028,0.03141399013543665
37,0.047521112778282866,0.8859775551438168,0.03732439277681983,0.00132732876627836,0.027849610534801915
38,0.031948370605970305,0.9306406463909849,0.015369775999999464,0.0010259478579910807,0.021015259145054324
39,0.014215471255677906,0.7933455686676679,0.16953480055060027,0.00048458670340436265,0.022419572822649572
40,0.032311585822743225,0.8947581752454483,0.05228198896157859,0.000705659568710405,0.019942590401519165
41,0.04251775259585107,0.9198698007210718,0.016039350867390896,0.0008514003027850181,0.02072169551290144
42,0.049442273609349704,0.8830553793445873,0.03419269149201569,0.0009981088309722011,0.032311546723074985
43,0.06291760672550795,0.863521957455391,0.0609587430787356,0.0006956200484825929,0.011906072691883035
44,0.024562525776784173,0.7463035094925422,0.21168622888781452,0.0008756466782998066,0.016572089164559232
45,0.029374163261059988,0.850893072174396,0.06264506873502279,0.0014450313714831245,0.05564266445803792
46,0.020093393748684893,0.8076467542801323,0.14047506214186267,0.002044687577503894,0.029740102251816246
47,0.027545660551461192,0.870069456032162,0.06796841297356379,0.0036763604296046128,0.030740110013208366
48,0.30885983481574025,0.43343545541759315,0.00039234033176155006,0.036194336285651704,0.22111803314925335
49,0.25185812455987966,0.6822716753400866,0.0014624965644657612,0.00880526959718443,0.05560243393838359
50,0.46932543741374194,0.42792474462532204,0.003149000907105014,0.0037916098212218987,0.09580920723260933
51,0.2729927964164847,0.7078776607806848,0.003093870123969568,0.0006966835045188111,0.015338989174341967
52,0.08878414331853904,0.8802524388877974,0.011577156138104663,0.0008898288832301345,0.018496432772328764
53,0.060971328678225196,0.9200961805304607,0.008726050058150704,0.001554027858085916,0.008652412875077328
54,0.04088125772269325,0.9083154771314947,0.03403521323410884,0.0009570206636866371,0.0158110312480165
55,0.031119086325350383,0.8905708170189529,0.062340977433937086,0.000535453213084999,0.015433666008674563
56,0.01667422644521258,0.8735863719906964,0.10217333568871548,0.00047105174795526847,0.0070950141274203305
57,0.00806969005242201,0.6384977626713273,0.34386545057436485,0.0003822826553122817,0.009184814046573295
58,0.011689931297459488,0.9540885438393668,0.02031709806705351,0.0003200107274748258,0.013584416068645137
59,0.012639041167120323,0.8898164692952341,0.08338498397248961,0.0008425365178291206,0.013316969047326923
60,0.04494358026513252,0.7976011739507275,0.12465439575430928,0.0012994743146258262,0.03150137571520486
61,0.0131648133648232,0.44961872679208703,0.5307840136396871,0.0004094755273378648,0.006022970676064756
62,0.0026097204507046896,0.16865566969118695,0.8248377621664587,0.00016819411951583655,0.0037286535721336813
63,0.001205300787299979,0.10563459787576268,0.8888128551890264,6.31047611343314e-05,0.004284141386776591
64,0.0005631897071221452,0.05040507052264348,0.946574285675488,4.512859059506018e-05,0.0024123255041513907
65,0.000908578617197995,0.13594197532514232,0.8512350835251024,0.0001299379780415821,0.011784424554515813
66,0.0005768580892460764,0.043286544418974296,0.9519254476130931,3.8156515510438094e-05,0.004172993363176126
67,0.00081435015602584,0.039977274318756036,0.9551239099632782,5.5845403257555865e-05,0.00402862015868238
68,0.0001408500897104947,0.012876666036390922,0.9860178498616915,1.5844399543522984e-05,0.000948789612663541
69,0.0005623247032166594,0.05228493685015535,0.9432406850334151,6.36734121231365e-05,0.0038483800010897817
70,0.0005142211484768027,0.0459063346866119,0.9481112882871935,5.620883221239901e-05,0.005411947045505325
71,0.0002670392073350715,0.029169276273554166,0.9673420429913971,4.228171680252906e-05,0.0031793598109112558
72,0.00011055730927442792,0.018724063398301193,0.9793384880983058,2.1251366937768995e-05,0.0018056398271808377
73,0.0004576878080200783,0.05837783070492871,0.9347696771979475,7.968187854469234e-05,0.0063151224105589925
74,0.00015907309170025614,0.03503935428929609,0.9615848388897956,3.985239784569071e-05,0.003176881331362296
75,7.790677359446012e-05,0.016508694765635594,0.9814520837307255,2.3876239705471004e-05,0.0019374384903388928
76,0.00011043931609935924,0.03244787490678073,0.9638475153582118,2.170962658669812e-05,0.003572460792321421
77,5.7840382404772245e-05,0.009920262050097588,0.9860927938730122,1.2976083133172198e-05,0.003916127611352349
78,0.00011636608797490146,0.019888642208235056,0.9743967514702284,3.260892893563181e-05,0.005565631304625971
79,0.00012342537126927165,0.02215216921011584,0.9719949834564832,3.440524849330946e-05,0.005695016713638247
80,7.46264153816932e-05,0.012077216843432468,0.9831635687385254,1.9014333185076095e-05,0.004665573669475317
81,0.0003599760763589687,0.04928164663212344,0.9424659824980757,6.912183790325904e-05,0.007823272955538845
82,5.480016376749149e-05,0.005408576882072961,0.9920704466855372,2.0102412976614747e-05,0.0024460738556456017
83,0.00022260869820240264,0.0158194762988892,0.977546125250446,5.694049851348884e-05,0.006354849253949023
84,0.0026787655439236423,0.061413643170721385,0.91012978849035,0.0002906816145484387,0.02548712118045664
85,0.0164837316719036,0.22849494308737162,0.6128058870949836,0.00400827029787786,0.1382071678478633
86,0.04557653214753152,0.8474923738246231,0.017406163383781936,0.018462312500284777,0.07106261814377868
87,0.03251773660300467,0.8871059070059072,0.013438809006613515,0.010579805460539516,0.056357741923934966
88,0.1175017039886074,0.34666368757444777,0.0009174399390685818,0.013789205062193983,0.5211279634356822
89,0.3439740241506932,0.5277346522940746,0.0012358927883343532,0.08646704816425341,0.04058838260264431
90,0.051379049727845454,0.8923402908276754,0.012483667137845055,0.004722439856570358,0.039074552450063714
91,0.09276075107141135,0.8161043655874071,0.015218262814402079,0.01884359966840513,0.05707302085837417
92,0.06292459116944385,0.09198400172967176,0.0010185343447747575,0.014768480899162427,0.8293043918569472
93,0.5031494376645899,0.3378209511674446,0.0002034617115015124,0.04729229319716787,0.11153385625929618
94,0.12263077152930837,0.8374495591853224,0.0074829753981327995,0.010148933552774247,0.022287760334462177
95,0.3542064041265139,0.6099131022189378,0.001034035635288776,0.007019891770612984,0.027826566248646458
96,0.018730750661059774,0.9628603403168642,0.004376008546250397,0.004996709881405009,0.009036190594420792
97,0.006774741362364529,0.9362035363471428,0.04932388040217861,0.0031434079437113356,0.004554433944602656
98,0.027271296858634872,0.9374449438989102,0.007924349532722773,0.013544748260650006,0.013814661449082277
99,0.041880601522468135,0.9231968897414251,0.0015805266556191057,0.026793620390759575,0.006548361689728062
100,0.02480367707621,0.9636595334314608,0.002053231093548521,0.004075550279335779,0.005408008119444925
101,0.04545430481353048,0.9400726916782721,0.0069278151010794,0.002446947000095582,0.005098241407022472
102,0.04193162960395289,0.9012449480397947,0.045130187261078474,0.003624974995223968,0.00806826009994989
103,0.026924844861205468,0.9360974977736883,0.0216454105531599,0.009817359373088152,0.005514887438858271
104,0.029481984828305257,0.7170883047004448,0.21074723632403186,0.02994508606881087,0.012737388078407266
105,0.025290378406447062,0.9294974558072646,0.020297135614550574,0.015537026834083409,0.009378003337654529
106,0.01752129576005138,0.9475378473009746,0.02315423335036643,0.005303305734111069,0.006483317854496449
107,0.017483046150281085,0.9613154461337865,0.008139773841793523,0.008805413472697596,0.004256320401441209
108,0.03769101383817291,0.8775370959421178,0.0723510633394192,0.0013537177069910791,0.011067109173299073
109,0.02073751124322001,0.905987811052152,0.0693228688673242,0.000178080034919852,0.003773728802384089
110,0.021064126405025727,0.8149243112822134,0.15833947902038245,0.0002447020168393361,0.005427381275539039
111,0.011140264861415507,0.5190800300544116,0.4639495426728375,0.0005799315926139615,0.005250230818721503
112,0.01332027496602087,0.9602993062083123,0.022078426203110305,0.0003586344745242952,0.003943358148032382
113,0.0052348086062869925,0.7369752553779513,0.2542543406201659,0.0004439020259772426,0.0030916933696184777
114,0.007460087946337164,0.8902255257870747,0.09575626830650191,0.0013511373839939595,0.00520698057609225
115,0.003768794551474543,0.35446010490394597,0.6366630986763913,0.00047729938736368533,0.004630702480824568
116,0.003700949824078692,0.5684060876732095,0.4203065838008936,0.001233774511353601,0.006352604190464456
117,0.004640864147278423,0.7662876127920953,0.220481279382832,0.0010334425944960662,0.007556801083298257
118,0.0018414944861282335,0.3152576167033524,0.6772184897955337,0.00032440023274369153,0.0053579987822419935
119,0.00442378875356873,0.7009208090885259,0.2836233201513408,0.0003809646855007499,0.010651117321063866
120,0.0032713138083798024,0.4508276837415687,0.5413134998212362,0.0003917170744882504,0.004195785554326999
121,0.0021564968027025285,0.4098432219175741,0.5830275891425951,0.00028760812728304696,0.004685084009845098
122,0.0014744868015676004,0.42783278093626925,0.5659999252510968,8.343091214506e-05,0.0046093760989212515
123,0.0026040589651576147,0.3765506328148749,0.6137637106401526,0.0003996891843934647,0.006681908395421414
124,0.0007383732491521795,0.09461859620954377,0.9026549301282358,9.335593426291756e-05,0.0018947444788052048
125,0.0017202261818729254,0.13394705672288257,0.8596430257613592,0.0001505798750468825,0.004539111458838392
126,0.0022207371107268283,0.2789566957983055,0.7083964288249207,0.0002979940305857182,0.010128144235461359
127,0.002653956092789113,0.14388720541856997,0.8469422087811022,0.00034125395451129625,0.006175375753027506
128,0.001706983369863486,0.18753033821644402,0.8033173397512514,0.0002637792958544383,0.007181559366586677
129,0.0011060266011935502,0.17109112379343988,0.8188041587020011,0.0003230853110702843,0.008675605592295172
130,0.0007162121529021538,0.07655891271862715,0.9202936290032204,0.00013761079619584876,0.002293635329054464
131,0.001475060907067064,0.06779183364614273,0.9265057673134147,0.00016891012665244798,0.0040584280067229
132,0.000964009877413826,0.07827344439088711,0.919190673399956,7.83737469945269e-05,0.0014934985847484487
133,0.0003185628983552392,0.026092505627757497,0.9725341170451992,2.8894566343915326e-05,0.0010259198623442033
134,0.00010288157637477796,0.025209796614086368,0.9738267629836271,2.1025161789088575e-05,0.0008395336641226685
135,0.0004382658392591484,0.06297734619620116,0.9337973646892954,8.75121483441267e-05,0.002699511126899987
136,5.997669230571218e-05,0.015624217657305548,0.9837727074647282,1.7544296799437776e-05,0.0005255538888610184
137,5.820349869957001e-05,0.01454130812230579,0.9847464961728324,2.6128604447678238e-05,0.0006278636017143666
138,0.00013688873347219769,0.022447544985292698,0.9761942232361611,1.987956039992942e-05,0.001201463484673949
139,3.114199834085578e-05,0.00830366901935838,0.9910864070498138,8.366023776305448e-06,0.0005704159087106453
140,8.442490616787612e-05,0.013109447144713127,0.9849915873884363,9.228982697076926e-06,0.001805311577985586
141,6.297867090750717e-05,0.01654145950578652,0.9823575163636793,1.5907965031594165e-05,0.001022137494595221
142,6.797552666478492e-05,0.009157799107335314,0.9895169362839592,1.1572843094529898e-05,0.0012457162389460526
143,0.0001068236586280928,0.01669588884099639,0.9823483017887721,2.5905820723212072e-05,0.0008230798908802086
144,3.67565400161008e-05,0.009594180004132966,0.9896322338190929,1.2264639932259982e-05,0.0007245649968256412
145,5.834521775788401e-05,0.012235898818037235,0.9865916616442632,1.1993341802509665e-05,0.0011021009781392178
146,0.0001265905871639806,0.017089302303868095,0.9808260303529664,2.1088246090666225e-05,0.0019369885099106805
147,0.0011680713800314945,0.017937857576825606,0.973712360494802,9.730602170604762e-05,0.0070844045266346915
148,0.002619475756971436,0.06786100157488041,0.9191688955788544,0.0004324802927392513,0.009918146796554493
149,0.03750407807916672,0.7662945690131084,0.10613426219181327,0.019860390413795167,0.07020670030211637
150,0.05740354005810035,0.8625262655104389,0.02590071860524854,0.019839850937356122,0.03432962488885625
151,0.028437797482037976,0.9131595072947005,0.045355771136191235,0.0018838923378351221,0.011163031749234999
152,0.022231091813674934,0.926830093168357,0.04073062146364277,0.0031403341571577736,0.0070678593971676106
153,0.04722581683474646,0.8700937984999643,0.065096126764745,0.004673269442440684,0.012910988458103664
154,0.0600612624483561,0.9039638192693689,0.01207620328402043,0.015263820445026173,0.008634894553228538
155,0.020022976936319294,0.7940298661853237,0.16301754995291537,0.013338834201468615,0.009590772723972922
156,0.022806067329814345,0.9582246252125817,0.005336454827262116,0.008487111309110463,0.005145741321231422
157,0.013210663905091378,0.9637819651561884,0.010719587311613635,0.00694566635601223,0.005342117271094192
158,0.012931768432740924,0.9389270422089714,0.038763039099464214,0.004764892588488424,0.0046132576703349784
159,0.008594673294108677,0.9063074234966948,0.0745257369296544,0.005130271073107051,0.00544189520643506
160,0.005097360396458398,0.8325133913705378,0.15223361885238312,0.007496843454027803,0.0026587859265929494
161,0.004273440307235133,0.48801888865911397,0.49666741477042037,0.00696972087878961,0.004070535384440967
162,0.01369222209135073,0.9320607640471277,0.041876250758427117,0.008065852894492053,0.00430491020860231
163,0.012552831252018904,0.9666680080922797,0.014820849748056326,0.003516581002004467,0.0024417299056404456
164,0.007635863585692601,0.8678110190784938,0.11739759069040986,0.001992331577342242,0.005163195068061307
165,0.004604877543976718,0.623212318492747,0.3680489348986645,0.0007478460756711402,0.0033860229889406237
166,0.002837532033287857,0.5283821588739427,0.4659139848214444,0.00022326353992916303,0.002643060731395986
167,0.0036542433901484137,0.36365671825693846,0.6296751155699966,0.0005107280000115489,0.0025031947829047534
168,0.004475174858502559,0.6217342005627203,0.3677377919841754,0.0009506401622676802,0.005102192432334024
169,0.003590317344707721,0.1848253086257231,0.8082088777091364,0.0003466439983894311,0.003028852322043246
170,0.008720558602176506,0.39356910781754706,0.5913263852174654,0.0011129379981384446,0.005271010364672593
171,0.004096263603812419,0.49571626892627185,0.49516098381525636,0.000507625708820337,0.004518857945839001
172,0.004399182952540061,0.38467949618655234,0.6019642575025326,0.0012034175092053405,0.007753645849169577
173,0.0028537681798335053,0.6002756256714743,0.3889627330431896,0.0012543522129067185,0.00665352089259596
174,0.0026189386252657857,0.5887654280758927,0.4001409599646641,0.001519076244418562,0.00695559708975887
175,0.009129194024331027,0.33638200945449337,0.6425525364249497,0.0027852291380808542,0.009151030958145009
176,0.0030275756155294193,0.6384627320493491,0.3459168606725189,0.0037817977494387246,0.008811033913163822
177,0.006676626156337237,0.49325231675163966,0.4913470560932068,0.0025162024787451706,0.0062077985200713216
178,0.003021314003729957,0.6660812141743697,0.32405750385516646,0.0015646481924169156,0.005275319774316974
179,0.0015472268480055224,0.48512513630398274,0.5096763817622016,0.0006624777658412279,0.002988777319968789
180,0.0029608034312382,0.3013809023459374,0.6918379922489647,0.0008757221005265511,0.0029445798733331217
181,0.002566121015472267,0.2562496443534888,0.7372422808631559,0.0011391059689361675,0.0028028477989468937
182,0.005911924081874577,0.1636596293278626,0.8224965720662846,0.0031633021975014954,0.004768572326476849
183,0.004575706680204603,0.2431557958124396,0.7397648766772649,0.006055423847409898,0.00644819698268107
184,0.026578144037859564,0.5352616011627439,0.4001686983292756,0.012925009186588277,0.025066547283532675
185,0.015564340743852228,0.6801354661410937,0.27723087288966625,0.008571605010055569,0.01849771521533237
186,0.03989589044194485,0.9392104123709764,0.011781190542510847,0.0034919988083742075,0.005620507836193761
187,0.0915499520248063,0.8821986968650161,0.00317410978002827,0.01648801927937875,0.006589222050770339
188,0.013786567932881428,0.8865992898871569,0.08516206653684372,0.009138666048924412,0.005313409594193727
189,0.029004959245440012,0.9408959652857349,0.0030207245866370647,0.02186069041431509,0.005217660467872696
190,0.032903630862206115,0.919192779801639,0.011015491746628853,0.03253936141438762,0.004348736175138481
191,0.022109875095986522,0.9273226949413577,0.0031512156072567615,0.04002845084937743,0.007387763506021592
192,0.018383499832150547,0.941978886278322,0.011061341040857776,0.021246002812849173,0.007330270035820336
193,0.023694568655940138,0.9272642815704675,0.0031891301221587333,0.042672802468150355,0.003179217183283348
194,0.020266216138470055,0.8357535113939809,0.08028709531849144,0.058798880468910776,0.004894296680146697
195,0.02074255311158343,0.9314808337989842,0.0029218314775511,0.041618753332268305,0.0032360282796131176
196,0.017064053216239283,0.9497259513527804,0.005718026358306897,0.024098783522124596,0.0033931855505488196
197,0.012735437681042162,0.9001131991794633,0.06509041763683197,0.016882630194055646,0.005178315308606831
198,0.007165848828163493,0.9476554210616928,0.02975724145262874,0.01309924348479452,0.002322245172720295
199,0.018361194452171114,0.831258063879635,0.09017403148392443,0.054486428775920144,0.005720281408349343
200,0.017568281139041502,0.8901770779371847,0.003735815106872372,0.0835721357207257,0.004946690096175764
201,0.021916714221959944,0.5472420827019873,0.002460228512042783,0.42237980781196616,0.006001166752043946
202,0.019277703069025452,0.2469786334259046,0.0003841352021049521,0.7285330673350736,0.004826460967891456
203,0.008054964133750394,0.032494062551234486,0.0002928639361870129,0.9571725600390746,0.0019855493397534668
204,0.006721088810183257,0.017832391442715898,2.5618081829497565e-05,0.9738954402788567,0.0015254613864147727
205,0.005646223766132147,0.0038625974472302795,2.838569990098419e-06,0.9887720521532254,0.0017162880634220667
206,0.01625147434083478,0.025455631200945933,0.0003108083425837523,0.9540776284238455,0.0039044576917901218
207,0.010278716624524599,0.010242126549649294,4.162636768637123e-05,0.9773578971268867,0.0020796333312530675
208,0.009481728648904423,0.01182563165235269,5.11606987962647e-05,0.9763485857524744,0.002292893247472253
209,0.0034738928497889854,0.00370387201442238,1.431091253880997e-05,0.9915067222312942,0.0013012019919556898
210,0.014950742672999635,0.00838226386605915,7.851129852432858e-05,0.9671935688497612,0.009394913312655696
211,0.006339946053427017,0.0022135838285349996,1.5720030211639975e-05,0.9862485750400403,0.0051821750477860805
212,0.026139412310890123,0.010329676269249586,0.00027148520661291983,0.9481929240969834,0.015066502116263977
213,0.01460494859272627,0.004767424730396662,3.7290155152143144e-05,0.9693854941595631,0.01120484236216176
214,0.04473556586304944,0.005324005658912034,0.0002619729158733236,0.9165454980667163,0.033132957495449054
215,0.07107460214806093,0.009511411303400542,0.0002237034684865744,0.8783278935621252,0.04086238951792672
216,0.03183499229137238,0.003523212787540638,7.413498504293357e-05,0.9501722429291347,0.014395417006909295
217,0.02106308240929526,0.0017257750602955417,2.1384118827711316e-05,0.9505695936756502,0.026620164735931116
218,0.018757943169005125,0.0043116993600812985,1.8353927787487898e-05,0.9725243763534318,0.00438762718969419
219,0.05932437247191436,0.0053436339554042995,5.258384024723838e-05,0.9100647429850376,0.025214666747396433
220,0.06538365151109565,0.007078712067762294,9.808771876639414e-05,0.9035801809214572,0.023859367780918336
221,0.05454068010645281,0.0026631243628949318,6.265466920957803e-06,0.8343348044800291,0.10845512558370242
222,0.121383525532076,0.005228525076063828,1.1157638938876144e-05,0.8408909443464946,0.03248584740642663
223,0.11025899145194555,0.035814788965226454,3.146661430088771e-05,0.8448011889578307,0.009093564010696348
224,0.2083457653909934,0.14896524516301235,1.6198250909114923e-05,0.6096234507595316,0.03304934043555354
225,0.11059655337554822,0.14566151741505237,0.00015022576595665125,0.7248608636730917,0.018730839770351213
226,0.11562723349189376,0.39877828834909157,0.0016231372495334102,0.4447972845696991,0.039174056339782104
227,0.05198142002671114,0.19088197615243546,0.00025827898116600686,0.737833637048787,0.019044687790900478
228,0.024333947692794736,0.08669917058654951,0.0005763926637224874,0.8783991020408874,0.009991387016045914
229,0.024905433613736788,0.48861001604519444,0.012360001984892715,0.424403875963671,0.04972067239250502
230,0.014285906526847181,0.15731539613502687,0.002359250463938406,0.8140809317007549,0.011958515173432577
231,0.01395836247294113,0.22155145119824882,0.0037572943322903,0.7164542520196818,0.04427863997683791
232,0.0134158305468492,0.10806960404829336,0.00021863546692049476,0.8635401100488476,0.014755819889089342
233,0.07058340518709999,0.03660857205272967,0.00023175385637191532,0.806539354871595,0.08603691403220345
234,0.039224936774003565,0.01788921055168983,2.56344261907102e-05,0.8788387591400936,0.06402145910802218
235,0.061155179991123514,0.23388842503939972,3.515429913094042e-05,0.6615579757981019,0.04336326487224385
236,0.09701572724645216,0.1647815893246723,0.00019135671644088882,0.7177938605769771,0.020217466135457607
237,0.05732291269337034,0.42760936606193795,0.0012810971981406275,0.45233679310017993,0.06144983094637098
238,0.047024550597605345,0.05478386706574195,7.281837946901098e-05,0.8803469464169454,0.017771817540238287
239,0.018962744526434986,0.23748411086348525,0.00019122605260237215,0.7150939993674617,0.028267919190015783
240,0.040069583932195174,0.3912944686828779,0.0031075472358317313,0.5469225583843726,0.018605841764722606
241,0.046017666380424906,0.5051089077015851,0.014771217779144261,0.4006570788933887,0.03344512924545695
242,0.02549109892108263,0.07712791319148728,0.00035010203493338824,0.8889703442370096,0.008060541615487183
243,0.012528792696907693,0.026629707014840125,8.591608801917164e-05,0.9547499544653414,0.006005629734891621
244,0.019883373005778644,0.32588461377955635,0.0017643059489454674,0.6406937686925092,0.011773938573210569
245,0.09316003230616103,0.06036931548147442,0.0003270082606033155,0.7787325691022685,0.0674110748494928
246,0.10888918023651367,0.5354376919102584,0.0025570583069489655,0.31609884400527954,0.03701722554099953
247,0.07169134961471106,0.6929638881243019,0.0031189347377782264,0.2182219783453863,0.014003849177822597
248,0.08188096150477346,0.687131414881056,0.003964411559139535,0.21088296106153773,0.01614025099349325
249,0.029000577309198215,0.8438092939113766,0.003901407023018537,0.10742466825580829,0.015864053500598333
250,0.0588203446411092,0.7376178915805135,0.001073405663679481,0.1849353091026441,0.017553049012053762
251,0.02417551225265197,0.9496070547546566,0.0011952945931551192,0.0164320750575251,0.008590063342011017
252,0.04159214964366207,0.922435855748039,0.00300492612899117,0.019303438420231956,0.01366363005907578
253,0.02661873049769564,0.8767522262195759,0.008154976407568966,0.016681567592400654,0.0717924992827586
254,0.01817071896655252,0.9583376325829474,0.007169045409356346,0.004247154086336647,0.01207544895480715
255,0.01794838920656287,0.9234919656960077,0.019092581159771877,0.01232857000529551,0.027138493932362173
256,0.03007247545583395,0.13748675526782445,0.010691214482545312,0.022224011650305426,0.7995255431434909
257,0.1339947962609089,0.04304776987550142,0.0002551554864741884,0.07296661228002328,0.7497356660970921
258,0.33116335560559806,0.22222957037097865,0.00019742820368153234,0.08904316062674565,0.3573664851929961
259,0.11778924770594013,0.7847829506887557,0.0054711445065789375,0.02312546792777598,0.0688311891709492
260,0.09385287569776132,0.8437100463460044,0.0004830013980524417,0.04571740540257736,0.01623667115560446
261,0.09858069821541633,0.7508452485089595,0.0031653228121046833,0.079567221350364,0.06784150911315545
262,0.017473647662088736,0.9464042977353917,0.0015232418127285102,0.027044151948578933,0.007554660841212129
263,0.04732059153799534,0.9222497537402785,0.000752759862731353,0.024253354679695402,0.00542354017929946
264,0.006552474577017723,0.9850487844891451,0.0011288034078292177,0.005719406643401975,0.0015505308826058598
265,0.018773548465890907,0.9645475759453603,0.0009866329117703139,0.01317059783239629,0.0025216448445819863
266,0.009568578199120496,0.9716719726646608,0.0077476576461562975,0.009033270419410086,0.0019785210706522393
267,0.016943793223984593,0.9559776950759141,0.012796073987941334,0.0112275383171679,0.0030548993949919474
268,0.02176653004659902,0.9480411157230381,0.013544894920726065,0.009993596179265485,0.006653863130371362
269,0.01899557163155437,0.9673726883811237,0.0034356772646458246,0.00758742746114286,0.0026086352615333585
270,0.010894045364014088,0.9651315200252348,0.016709903396480503,0.005176735256425609,0.002087795957845201
271,0.032056542751540226,0.9402680363011503,0.006420850431059008,0.015632682957263173,0.005621887558987261
272,0.01802943535634814,0.9641261343663732,0.006673643432796779,0.00600347070650794,0.005167316137974133
273,0.0190152326136012,0.970883950426959,0.0021986745111244516,0.004947378065085913,0.002954764383229447
274,0.008801399748752419,0.9842470990886588,0.0037375603411615916,0.0023481216973371753,0.0008658191240900452
275,0.011398657680407537,0.9698123916747807,0.014937160333816406,0.0017981133786811173,0.0020536769323139634
276,0.10381934693534695,0.3793184840345697,0.05258326527095066,0.008111781324468012,0.4561671224346646
277,0.1480091224407733,0.8154877229058066,0.0026536575135228516,0.008337999986715451,0.025511497153181777
278,0.1353761461415198,0.8387272035767466,0.009822675713760245,0.004643747812109666,0.011430226755863923
279,0.150392545775574,0.8253430627957377,0.00851119067491416,0.00382951297928291,0.011923687774491102
280,0.038655045915857354,0.8832655078379298,0.06740032382189574,0.006790918480625936,0.003888203943691037
281,0.04880951653499453,0.9279264197505332,0.000622375351341978,0.017296043782898556,0.0053456445802317195
282,0.01481025389687312,0.9440296276040986,0.03489028101066649,0.003951113272128938,0.0023187242162328254
283,0.022452942831352348,0.9629405623269979,0.002927331043408891,0.009584346542814174,0.0020948172554267138
284,0.019204684122658126,0.951629186838671,0.023368215975830324,0.0023714953374305977,0.0034264177254099614
285,0.02239750007906784,0.963035210762615,0.007132153589610159,0.005803091107680081,0.0016320444610268593
286,0.007910670341494098,0.9502231679972705,0.03940348830071662,0.0012909594841119594,0.0011717138764067425
287,0.012324729171868358,0.9329758529083823,0.05057064030399253,0.0022041865812558194,0.0019245910345011602
288,0.016325691933005246,0.935808998923846,0.04319537809915185,0.0029870874360101926,0.0016828436079867261
289,0.00782530956075844,0.9691383725210162,0.020764010475434674,0.0013825578360803438,0.0008897496067103067
290,0.008336201599494936,0.9637728741132633,0.025237874612503815,0.0013162575061867214,0.001336792168551365
291,0.004521952663495506,0.9532374860945635,0.040223796177258984,0.0005562542389863504,0.0014605108256958003
292,0.012408613632858133,0.9815511622995862,0.003408302805929395,0.0008130575282311783,0.0018188637333948839
293,0.022940543982396217,0.9464306223754178,0.02544450677912088,0.0013045570695281658,0.003879769793537237
294,0.005497080762403601,0.9379569748672751,0.05370191266877745,0.0010183104467665096,0.0018257212547772392
295,0.0091759930377841,0.9664492500681269,0.021485794168919384,0.0007049679464060482,0.00218399477876365
296,0.01142227529166326,0.9619002891439347,0.02330269227331304,0.0015465844434219766,0.0018281588476669896
297,0.008816883577992048,0.8104633466661154,0.17783035753447937,0.0009813425344775172,0.001908069686935639
298,0.004535394809010944,0.9281734675883581,0.06452052426633613,0.0007485142622559562,0.0020220990740388925
299,0.004509790042341329,0.5989684405438535,0.39273414498114495,0.0019144365815440666,0.001873187851116197
300,0.008344356134348453,0.8770764248997459,0.10821944769320743,0.0025696217898959913,0.003790149482802125
301,0.008101450321128943,0.6873772018103952,0.29629819721177625,0.0025959675801612604,0.005627183076538415
302,0.00963512425586753,0.5881718314856874,0.3948397923541847,0.002893617607096208,0.004459634297164229
303,0.0061071446997045965,0.9711978901668249,0.019758668052182644,0.0011761962376026535,0.001760100843685503
304,0.016676575671922253,0.8076884269260708,0.16911469156101333,0.0021640201305669553,0.004356285710426797
305,0.004744208372277231,0.8877868723600142,0.10398387127002466,0.0007702755773396999,0.002714772420344354
306,0.015331170615402786,0.8448800743527376,0.13151393327832267,0.0005876471729886297,0.007687174580548234
307,0.021698821824829195,0.8351818003531253,0.1361413892423667,0.001585901638467581,0.005392086941211348
308,0.013506257421002667,0.8496159295708826,0.12714378651516625,0.002081238978726736,0.007652787514221848
309,0.006743860645013542,0.9068326950231157,0.08171986308618359,0.0012562432029783964,0.0034473380427087266
310,0.009851063106261977,0.7538002701954567,0.2295815297631867,0.002992996003890467,0.003774140931204013
311,0.009387158252860602,0.7821087293438154,0.2016150279984708,0.003370113138267742,0.003518971266585505
312,0.005210784059009174,0.6148735211758636,0.375484394748708,0.0020422798713844903,0.002389020145034939
313,0.0037267622188685984,0.8504102756352104,0.1419652508961984,0.0015905392368121569,0.002307172012910441
314,0.003679293530966384,0.6485623914824614,0.3419186786240178,0.0018645843759893825,0.003975051986565096
315,0.005292479986078571,0.4022039751498097,0.5863861957043499,0.0020015069633647774,0.00411584219639711
316,0.008724562522603731,0.8046183960376683,0.1823005504787873,0.0017819597473934354,0.0025745312135472213
317,0.014776341353529824,0.8682087463462708,0.1065138434724534,0.0026827140847058765,0.007818354743040011
318,0.00747316505506416,0.7991643937710752,0.1858086441026681,0.003634167344843932,0.003919629726348533
319,0.0037714880960645148,0.4991736851299684,0.4920001546862815,0.0016188534416915446,0.0034358186459939708
320,0.013995152708943952,0.8235256446222955,0.1520037317937189,0.0027238260409552873,0.007751644834086315
321,0.014044672589399818,0.7438503213219593,0.23332503567046062,0.003826023948249743,0.0049539464699306
322,0.008872779240796413,0.6947000885392245,0.2912182100986217,0.0021762992456152586,0.0030326228757422513
323,0.010104502278206277,0.9047438044382826,0.08207621614303358,0.001472074486473741,0.0016034026540036436
324,0.006664584793322858,0.7710521247162867,0.21607103198254227,0.0029063565189447814,0.0033059019889035302
325,0.0047623496715922834,0.980921192465279,0.011252891953033528,0.0011122888157231942,0.0019512770943720767
326,0.0027098296213147895,0.7942960434989851,0.1983616470696213,0.0012627340570009818,0.0033697457530779615
327,0.005263373302379289,0.8727636508615289,0.11748585122437324,0.0019350451826622877,0.0025520794290564016
328,0.03407470646689698,0.10263128052870563,0.049790419023018714,0.005950864542814954,0.8075527294385637
329,0.09456772288160037,0.6001671685886089,0.25713136103114365,0.006007196477936626,0.04212655102071042
330,0.03427670487119683,0.6802891029883111,0.2600398212416924,0.001336411643923073,0.024057959254876575
331,0.03357400797604816,0.4784270001256902,0.46329391523878954,0.0009098886178381429,0.023795188041633986
332,0.09865529813592815,0.7540527090693472,0.12082232699966902,0.007797019198346322,0.018672646596709096
333,0.024158606408164023,0.7805476416763284,0.18187711601500625,0.0020018392915546485,0.011414796608946608
334,0.03563999056414084,0.6566465218278887,0.29674148475032586,0.0016599204025733116,0.009312082455071185
335,0.016695906096001464,0.7071000512697059,0.27100219770064443,0.0012852134361206187,0.003916631497527535
336,0.028816381012048843,0.7838523941798323,0.18164588983361954,0.002493934784335086,0.0031914001901644077
337,0.020316159407705398,0.7532223955432202,0.21865303008578788,0.004286403397162177,0.003522011566124364
338,0.017467589498078792,0.8936630204454225,0.08253334027009424,0.003619451077798729,0.002716598708605968
339,0.010395887335872935,0.566371907413868,0.4170534248443489,0.0022016576369773074,0.003977122768932918
340,0.00863797366252035,0.6869614423603775,0.3000037381883149,0.0013553440659623572,0.0030415017228250054
341,0.009813243908658351,0.7269190359285652,0.25586022058842833,0.003290129011380117,0.004117370562967973
342,0.01318103219981445,0.4728710217490869,0.5050257003383319,0.003436709302243318,0.005485536410523255
343,0.010968548863001332,0.5942147250731769,0.3875849933160095,0.003653788689567174,0.0035779440582451136
344,0.006853210070460146,0.5772892486087859,0.4106795407179188,0.0022811635620114323,0.002896837040823626
345,0.02147941667475514,0.5055605312776885,0.4610764958157448,0.006360922781183619,0.005522633450627952
346,0.009794721900504247,0.4691526364036134,0.5102896725668463,0.004150325180224537,0.006612643948811606
347,0.008464387410312278,0.9622513310438243,0.02307653960621706,0.002715147979586743,0.0034925939600594655
348,0.008963034488240798,0.5677887892458923,0.4147185398248315,0.00503187433390874,0.0034977621071265175
349,0.06608348982715931,0.6087712925151639,0.25312029836339206,0.003480325981624774,0.06854459331265998
350,0.14584586568197702,0.7852841271184863,0.04569687993514012,0.007039287868854263,0.01613383939554219
351,0.1126786864717528,0.8388975885479323,0.03235521911005107,0.005984120091404527,0.010084385778859142
352,0.042906673563944335,0.642453729059632,0.3058941799499335,0.003298248631928868,0.005447168794561187
353,0.05681781288884705,0.9249712767122324,0.007219238011164051,0.005367521524142144,0.005624150863614207
354,0.010944373027648656,0.9288852438063234,0.05388527249422665,0.003809488227584433,0.0024756224442167383
355,0.006326822265008201,0.5438925586462904,0.43983441627958325,0.00675256918941857,0.003193633619699546
356,0.00820438977767385,0.9667306789050015,0.019769049223838216,0.0033823114443065593,0.0019135706491800206
357,0.01026729930112498,0.8785442317423069,0.10357682695528563,0.004568502715666442,0.0030431392856160584
358,0.006997847546758828,0.8033001440990033,0.18425846240998173,0.0029617865592070775,0.002481759385049171
359,0.010107658170421826,0.7725814308485067,0.21219884585253632,0.0017033501039456335,0.003408715024589458
360,0.01492094786772704,0.8830877094971186,0.09283921032686551,0.0038781143882996617,0.005274017919989307
361,0.015919506388967265,0.8865536386132847,0.09215912944337146,0.0020973265369247443,0.003270399017451718
362,0.006982456224092275,0.9547759468771571,0.03569960593721967,0.0011844833518081534,0.0013575076097228126
363,0.007159613200200418,0.8494840325859984,0.13790752613533838,0.002125830367267781,0.0033229977111950346
364,0.004930808448887669,0.8791358525106826,0.1120912600850597,0.0016265077203906876,0.0022155712349794412
365,0.008892623480124932,0.7261960258521647,0.2580214112172036,0.002965772967524472,0.003924166482982269
366,0.01512490176179303,0.600895931897908,0.36909305884462734,0.008068321363895608,0.0068177861317759835
367,0.010435872931259114,0.6497913160326171,0.3266592404694414,0.007543270757272133,0.00557029980941027
368,0.009893407796693168,0.8967796780252727,0.08427092604524783,0.004474181118707841,0.004581807014078228
369,0.006113697450479726,0.9396055849120716,0.04895982688700291,0.0019451077363607586,0.003375783014085053
370,0.011604653067060398,0.8894370824992109,0.09247164067112162,0.0026579523681722404,0.003828671394435005
371,0.012156167210286862,0.9555967470737543,0.02598819260263416,0.0028518216077998582,0.0034070715055249234
372,0.007934832503228389,0.5955728824664782,0.39158855948845134,0.003216226142874433,0.0016874993989675754
373,0.007038876627289788,0.8818409445815384,0.10483574636166562,0.003066095634833316,0.003218336794672873
374,0.006444978349871022,0.7215944495503389,0.26271371261865795,0.004605662721696217,0.004641196759435959
