epoch,N1,N2,N3,R,W
0,0.0013680047377928391,0.0009611033311022355,2.670357428451607e-06,0.00020133796648515593,0.9974668836071913
1,0.010917747525086067,0.010986681985158533,1.3091652615544636e-05,0.0007505071982022017,0.9773319716389376
2,0.0075741620966049885,0.002059360109872459,8.342833944085247e-06,0.0005124092924500746,0.9898457256671284
3,0.017179462294574954,0.016922147296820202,5.2220667027171356e-05,0.004389771629035768,0.9614563981125419
4,0.11940268262023027,0.031916382558261396,9.687648425066324e-05,0.011850074073051099,0.8367339842642066
5,0.05078670541635323,0.035375275550493426,5.8315566681502463e-05,0.010837747831281299,0.9029419556351906
6,0.06541334697012081,0.02799560827303737,8.632466273327888e-05,0.015626924151419325,0.8908777959426892
7,0.005463906650638996,0.0036270803122804324,1.7351419459531613e-05,0.001966611454110247,0.9889250501635108
8,0.4466341007690191,0.08081826176547297,0.0002270465337761957,0.029471604043852545,0.4428489868878792
9,0.21491796783212005,0.46478761893244347,0.00033706679449048714,0.021085195304170846,0.29887215113677496
10,0.1589375032507062,0.09416187388323477,0.0001494257944557018,0.035562170592662895,0.7111890264789404
11,0.2042474649025868,0.250444796419089,0.0002518658945833329,0.09206631434948906,0.4529895584342518
12,0.03780165654348066,0.024439838602879172,5.999181726567351e-05,0.03251807583479824,0.9051804372015763
13,0.21960826941615422,0.10927782172636911,0.00016051193599540394,0.0635371965649985,0.6074162003564827
14,0.25781540848115414,0.26996971187717267,0.00037422147136446183,0.0825910650551028,0.38924959311520607
15,0.4357125551809456,0.1519721461290398,0.00026083475771228884,0.1092763685131129,0.3027780954191894
16,0.5473275063680154,0.17018273373954548,0.00025826212490472647,0.10705298373236498,0.17517851403516943
17,0.16159669964576434,0.09820913615542445,7.038619806904299e-05,0.07294250768835622,0.6671812703123859
18,0.1600601728606153,0.27340204296514653,0.0001616126393733553,0.04500435319774301,0.5213718183371219
19,0.10362438374475096,0.5926373820555401,0.001086533762103482,0.015512004705712552,0.2871396957318929
20,0.010515029231064916,0.021423063102559006,6.528512202811417e-05,0.0017124459917210052,0.966284176552627
21,0.0806220759009771,0.05902638200389197,0.0001454327833278434,0.0022194697062678332,0.8579866396055353
22,6.698209838060175e-05,0.0001027310051882309,3.748932876833471e-05,7.004162642837219e-06,0.99978579340502
23,4.0280036886735034e-05,5.08350382093132e-05,6.199873574481884e-07,1.5221513229657514e-06,0.9999067427862235
24,3.0910899783605094e-05,5.1784795352844624e-05,1.098300401916344e-06,2.331499643803545e-06,0.9999138745048177
25,3.835003552059768e-05,4.108218154973928e-05,8.616900518117334e-07,1.990326910654056e-06,0.9999177157659672
26,0.0007748836822639951,0.0001471224351203607,7.5507799394542984e-06,1.1062414607569544e-05,0.9990593806880685
27,0.007700679349962457,0.0052828305560032535,3.995661688306122e-06,0.0001747337919904062,0.9868377606403556
28,0.003585647813074165,0.0002342965858857225,1.0606961554436377e-06,0.00020645191689146872,0.9959725429879932
29,0.0041944675961721875,0.001537241462646707,1.0546506398286447e-06,0.0007040278840180431,0.9935632084065233
30,0.0007475876249466669,0.0002914044343409994,2.2734171313933597e-06,0.00020389817629114823,0.9987548363472898
31,0.00852464328101757,0.004583559396315083,6.880249029388153e-06,0.0006192329770297648,0.9862656840966082
32,0.004098524790679535,0.004291103464336653,9.896662537011984e-06,0.0007826773473530945,0.9908177977350936
33,0.06645431471019601,0.016233975217046927,2.2672871407880945e-05,0.0014301955210880113,0.9158588416802612
34,0.0009424043579143495,0.0024124891776164045,7.651986983838073e-06,0.00027405014158346134,0.9963634043359019
35,0.5524580657617959,0.15940009983974565,0.00028592243601299674,0.01120588180562172,0.27665003015682377
36,0.05725660218475273,0.024756108111784674,4.1935833017623865e-05,0.0031078491433389984,0.9148375047271059
37,0.5407003593466501,0.054679368811827354,0.00012191756204873217,0.014956574690294286,0.3895417795891796
38,0.392507057902535,0.25261661605189883,0.00026493888511958455,0.054009705484972706,0.3006016816754739
39,0.8057254323054177,0.07120286727117296,0.00026842859793939247,0.04194701306177204,0.08085625876369801
40,0.6865514333688052,0.18796516322003057,9.606333535763221e-05,0.046011276147408665,0.0793760639283978
41,0.5821448218068048,0.3058211313540696,0.0001610853871581286,0.050201855664876914,0.061671105787090584
42,0.32003420372377517,0.585010083039267,0.0012307483286541365,0.062488257517522065,0.031236707390781642
43,0.14935544769716483,0.7851659237707581,0.0006295847481762527,0.03512764095698331,0.029721402826917615
44,0.1775801889569846,0.710440377051025,0.0011453549432619112,0.0708672050625757,0.03996687398615274
45,0.08579220633972594,0.8397636653690306,0.021857081807603238,0.027832314886818154,0.024754731596822028
46,0.10180421985475972,0.7836186299072045,0.004459499717683753,0.07422950929114032,0.035888141229211544
47,0.015020674448976614,0.953553954983846,0.011442192747700614,0.009320969166226647,0.010662208653250276
48,0.10442887701642073,0.76480253670872,0.003373750733528996,0.102685451180049,0.024709384361281367
49,0.02271074871318452,0.9469084844014254,0.011247704926887843,0.008928442565312854,0.01020461939318937
50,0.12222509187546374,0.22844922462868691,0.000142582982397883,0.059565259477171666,0.5896178410362798
51,0.22088207098077073,0.1798028091787086,0.0002137272582673194,0.04624927497980926,0.552852117602444
52,0.40604163049661396,0.44341423231103866,0.0001894510231559384,0.03363772834036422,0.1167169578288273
53,0.7948091734573318,0.10929378168505705,9.753617697361748e-05,0.023657964156294283,0.07214154452434332
54,0.18891387335737517,0.37499062842986913,0.00047897613040042504,0.016006490172148873,0.41961003191020635
55,0.08635005294474996,0.8563141862585717,0.0003738261488263999,0.004941860212225705,0.052020074435626375
56,0.4274090781368292,0.270299274399984,8.255478377098112e-05,0.025270331160858278,0.27693876151855756
57,0.013612254071539378,0.041450864933148146,0.00019924642938811118,0.0011993534265300123,0.9435382811393942
58,0.17995617275224446,0.15387543151920566,0.00016530306381052452,0.00908946810760805,0.6569136245571313
59,0.05268632703328081,0.05236822651162881,0.00011675822920755992,0.001532252667767067,0.8932964355581158
60,0.1330785561093966,0.16332937404797349,0.0001054681895461787,0.0030271866156533944,0.7004594150374304
61,0.0872812994479843,0.2528429340099233,0.000388580615004488,0.00303652831228228,0.6564506576148056
62,0.0013234769079369401,0.016927902423342106,2.118393409271852e-05,0.00016329750539824324,0.9815641392292301
63,0.006382051488465068,0.00899543593915051,1.584205777395052e-05,0.0005027184993375854,0.9841039520152729
64,0.004054084263240495,0.006860984319277611,0.00011044367754050704,0.00015565124007947226,0.988818836499862
65,0.01648803823964057,0.03162234716203622,2.2552418709729608e-05,0.00041743635498522126,0.9514496258246282
66,0.0014786074556099706,0.004149263017895676,2.1403380061548234e-05,5.0075742845873265e-05,0.9943006504035871
67,0.0014485697455732553,0.012827866029058301,1.1484650338109584e-05,0.00019388812026812033,0.9855181914547622
68,0.0031886669649678263,0.003663629456636051,8.052821332430704e-06,8.549665011595598e-05,0.9930541541069478
69,0.0019078784145944024,0.004821264168067615,2.1561502721396408e-05,9.635531331386598e-05,0.9931529406013027
70,0.055162246091078795,0.019355417247982603,4.352052413472203e-05,0.001284683024810822,0.924154133111993
71,0.001211963960159894,0.0015701569234254154,2.094060394877097e-05,8.770483062944218e-05,0.9971092336818366
72,0.030017011326267204,0.013309692840252373,2.6869896689897227e-05,0.0018692663027267025,0.9547771596340638
73,0.004563856283577083,0.005151990363558189,1.946790588672711e-05,0.0003164933761023637,0.9899481920708756
74,0.040771497836440455,0.02274483723651632,4.008348702485808e-05,0.0032866200574949403,0.9331569613825234
75,0.011015021618628785,0.012892327801263651,6.43882428373261e-05,0.0010572011103519806,0.9749710612269182
76,0.0017704125341725754,0.0020132664820628862,1.891955089475923e-05,0.00015902527736657435,0.9960383761555032
77,0.0028355735257082925,0.009826087256644108,1.9096395894683787e-05,0.00174345008714444,0.9855757927346085
78,0.0011832259503813064,0.0011407245639546925,7.105670673667702e-06,0.00014700304769285193,0.9975219407672975
79,0.011843423958285144,0.027898796895945488,3.081702292437863e-05,0.00200814546685202,0.9582188166559928
80,0.001876404021413782,0.0025929910895436292,1.2872323933973939e-05,0.0006790258315957068,0.9948387067335128
81,0.08752113072634946,0.061810330082421164,6.807183012311605e-05,0.005766865428270416,0.844833601932836
82,0.001249317464740483,0.01640551645767942,9.519114883111004e-06,0.0018384421476368388,0.9804972048150601
83,0.0049193603233884265,0.01746073107233755,2.047695562767392e-05,0.003998758302022256,0.9736006733466241
84,0.007901036198990234,0.014357070683740649,2.4943023402396403e-05,0.006238043436607573,0.9714789066572591
85,0.2203049987432275,0.032007121825098975,0.00010259833148275738,0.014572377792166118,0.7330129033080246
86,0.03598305457417907,0.04401124687662501,5.779509742019546e-05,0.022262161902918864,0.8976857415488569
87,0.007161181656649289,0.02402959544962665,2.3067173530185106e-05,0.0104009967380519,0.958385158982142
88,0.0673594680743739,0.025120631461522748,5.62356272805342e-05,0.017038233791722292,0.8904254310451005
89,0.04668671759037023,0.03186507269454803,3.2540753813266883e-05,0.009236070607501404,0.912179598353767
90,0.13215586730661383,0.020372806619219815,4.177842972704396e-05,0.007385357339134303,0.840044190305305
91,0.01118101677403292,0.004004680390408397,1.3046031176319649e-05,0.001869265908800499,0.9829319908955818
92,0.8808020306117628,0.04723048019498548,0.00013298989607905769,0.02345447383496684,0.04838002546220581
93,0.5125490648016926,0.13825060399175448,0.00012321506864156629,0.031651639436675434,0.3174254767012359
94,0.4712216983247349,0.49207298281283757,0.0007071446179370981,0.018030039971385404,0.017968134273105035
95,0.39392243385222536,0.45177667797755605,0.00048510280530728793,0.12886888484682565,0.024946900518085863
96,0.09775601482563707,0.8599785217348754,0.0013290343948177696,0.017492771127186956,0.023443657917482773
97,0.021064255174951297,0.7820292137133419,0.18405504874660386,0.008779076530232799,0.004072405834870079
98,0.1725466577612015,0.6231541276983267,0.00114874290489154,0.14350048430848167,0.059649987327098766
99,0.0501316442822649,0.8793148166317041,0.005321374700177008,0.05928197141348393,0.005950192972370254
100,0.009851981998578183,0.9362873745386883,0.046635981450352394,0.0018919008600531985,0.005332761152327986
101,0.018486921465984678,0.9655237733164951,0.007741368205515972,0.004643562413462225,0.003604374598541831
102,0.12733680694509525,0.8388321013107627,0.008029138092264172,0.015163069629398498,0.010638884022479334
103,0.010297549848056453,0.9613833630519418,0.021600068411585144,0.004012969033544108,0.0027060496548725072
104,0.028260081757654015,0.9471454221431836,0.01590664456548187,0.004480389735329701,0.004207461798350863
105,0.011725848755134204,0.9643462092364509,0.019936088533580885,0.0021008417050463295,0.0018910117697878443
106,0.03223895003501823,0.9543500472108092,0.0058023421353104185,0.0027244182672168733,0.004884242351645286
107,0.014299047877481964,0.9757065064046854,0.004129361070472102,0.002934971054264371,0.00293011359309641
108,0.009300881022604731,0.9569650008260484,0.027467556703860196,0.001569676629004622,0.004696884818482124
109,0.012933910866346151,0.793742067152251,0.15523333813988882,0.0009255338950068494,0.03716514994650713
110,0.01112079062909817,0.8219176708590965,0.09307822005198196,0.0010538269378923804,0.07282949152193094
111,0.04720075671605946,0.7712846277968725,0.0030470202237591624,0.008533450018796539,0.16993414524451242
112,0.0016821702155970955,0.0017043760539861934,6.131173799241331e-05,0.00024145736808750727,0.9963106846243368
113,0.0012989340647586401,0.0005458111457324525,1.2980250916130646e-05,1.92073013963006e-05,0.9981230672371966
114,0.0016117847155725888,0.001598222762869967,3.237097823422748e-05,2.7134023311549944e-05,0.9967304875200116
115,0.0006676379825517525,0.0001273310956888567,1.0505094486889362e-05,6.016217216351047e-06,0.9991885096100561
116,0.0002779232910648359,8.26718826449784e-05,1.7362020222778856e-06,5.806030272369098e-06,0.9996318625939956
117,0.0002825651520378926,0.0001574553677678594,2.439778254802843e-06,8.756744770115744e-06,0.9995487829571693
118,0.006700602524101646,0.00047607812751635355,2.693182161076557e-06,1.847982942488222e-05,0.9928021463367961
119,0.004586864764719705,0.0035448393894954027,0.00030705485031874236,4.6994445671355836e-05,0.9915142465497947
120,0.003371290145433293,0.001765586613839873,1.3036444316501067e-05,5.891550380417534e-05,0.9947911712926063
121,0.004805710264007063,0.0017402640501938326,6.899615465156881e-06,0.00042405801624486954,0.993023068054089
122,0.0010136438907471222,0.0019563195702024905,2.9501221474444843e-06,0.0008988211010757813,0.9961282653158272
123,0.0019539636567399658,0.0014296048840273228,8.243074863325216e-06,0.00043653736276495607,0.9961716510216044
124,0.005109479697352762,0.0016576509122947474,7.447622397914228e-06,0.0008732314950652868,0.9923521902728892
125,0.010924339224126712,0.008303776601659686,1.9504642533916388e-05,0.0015525737118060844,0.9791998058198738
126,0.017949227957046104,0.010192553750288618,1.67129721791678e-05,0.0023493908661247477,0.9694921144543613
127,0.010844797521410177,0.007935359173229245,1.3896881237656136e-05,0.002227444897903511,0.9789785015262195
128,0.016233566747431812,0.007947745842221651,3.401698258531816e-05,0.0025454527834605865,0.9732392176443007
129,0.03491338641439149,0.03622933582419428,3.72113534946175e-05,0.01034984152134377,0.9184702248865758
130,0.1528136143148622,0.05663117172397947,6.712535741834228e-05,0.037194586144384374,0.7532935024593556
131,0.04650397155598608,0.00870107003579684,1.7146500677424435e-05,0.009886386655879029,0.9348914252516606
132,0.004963241042409702,0.008699243070086233,7.197187379426911e-06,0.0015231145860672604,0.9848072041140573
133,0.371369131299421,0.20481837874501077,0.00011944030937435683,0.030828534590903973,0.39286451505528985
134,0.49011757589308225,0.4119365143737311,0.0004253986098398385,0.03690500959759888,0.06061550152574794
135,0.09935607001918649,0.07092951509196385,4.135571692985769e-05,0.01691561474491568,0.8127574444270041
136,0.0218295367425257,0.0806911842564781,6.634788293643639e-05,0.004374868630935094,0.8930380624871247
137,0.006864436789294891,0.011394081915600776,3.437384663409813e-05,0.000738827663066398,0.9809682797854038
138,0.04664141209072995,0.0197714400638649,1.7045039365185296e-05,0.0024226902353801636,0.9311474125706598
139,0.0029426154573411975,0.0035052604588495257,8.832683839274513e-06,0.00017650152016489027,0.993366789879805
140,0.0024505117583224134,0.002868116329629277,7.175724124416436e-06,0.0004094775064721265,0.9942647186814517
141,0.008772246034194211,0.006000247821689283,4.519738325174406e-06,0.00046182711898848215,0.9847611592868027
142,0.0010032468077939127,0.0018214752864751675,3.3773178251956413e-06,0.00024064767067487162,0.996931252917231
143,0.001203653461120291,0.0006752032330209021,4.89476969363776e-06,7.513459355625973e-05,0.9980411139426089
144,0.0019262034650888672,0.0035115100477551456,2.485220836586153e-05,0.00013222783190363138,0.9944052064468865
145,0.003083200914299107,0.001557126542455671,1.9712211908745014e-05,0.00020643796181855852,0.9951335223695179
146,0.006580526306593184,0.007371432557981773,1.7103262331055918e-05,0.0006750397356820517,0.9853558981374119
147,0.0028052244660130912,0.0010535657841077128,2.4973373324911816e-05,0.00017520262458973113,0.9959410337519645
148,0.0020374978882388116,0.004494142605441632,6.021871076427065e-06,0.00041473603069616726,0.9930476016045469
149,0.05188209482104255,0.017700133863904656,2.918597397295658e-05,0.0012903357386449738,0.9290982496024349
150,0.08313407445558292,0.011747742991359514,1.9442580899888546e-05,0.0016254346624104278,0.9034733053097472
151,0.0007842479310477549,0.0015043553306757764,1.0214898322596342e-05,0.0003438608371343808,0.9973573210028196
152,0.0027216006314276947,0.0031588465843948757,1.1685441170721565e-05,0.0003189144284560089,0.9937889529145507
153,0.003054052691608833,0.004806157887076466,3.865079886027087e-05,0.00021873201647147636,0.991882406605983
154,0.002283608760171882,0.0020535372626881614,1.1197350958147226e-05,0.0002857482850037146,0.995365908341178
155,0.005724261631471255,0.006513357251642347,0.00023831380429500265,0.0007068066093528505,0.9868172607032386
156,0.0027766182386028287,0.0010895645384516553,3.88203293615374e-06,0.0004939795105136459,0.9956359556794956
157,0.0016422045404349476,0.0005330224234685036,2.838590943517981e-06,0.00015930116635308074,0.9976626332788
158,0.0027036478022123157,0.0007797816796346169,2.4006849634371244e-06,0.0001664204282392001,0.9963477494049504
159,0.0037246354076395515,0.0028979861149739947,9.21954625461659e-06,0.0008566732177433112,0.9925114857133887
160,0.1125988337045182,0.01471677194733656,3.1847661965438196e-05,0.004822154709051553,0.8678303919771282
161,0.006907408692943815,0.0030300663947686953,6.254719325482802e-06,0.0013435610569989714,0.9887127091359631
162,0.26207392478134306,0.06924874036014042,3.5139400979138196e-05,0.015025424806672405,0.6536167706508651
163,0.005407521052668168,0.006950804051278652,2.623090321265042e-05,0.003135273577103478,0.984480170415737
164,0.532348027485985,0.04685399645910623,5.875490548367335e-05,0.032179298009671044,0.38855992313975407
165,0.3325007089080019,0.5166777501253861,0.0008556434272542086,0.08432456445880603,0.06564133308055164
166,0.351432646067761,0.478213729210249,0.0005444073303428438,0.10067985823968063,0.06912935915196652
167,0.44626638131254004,0.2585160198864491,0.00014304479057381854,0.2170999559607137,0.0779745980497233
168,0.26338073917162086,0.39948829215045173,0.0002805234907390586,0.16776389993004845,0.16908654525713976
169,0.023482286218195793,0.055680053867612794,6.016927716512212e-05,0.009686023229595747,0.9110914674074305
170,0.0014862063513628439,0.005173427513717894,1.1987788033059914e-05,0.0013762094076371864,0.991952168939249
171,0.027940721425436937,0.012517164328910322,3.364365388774632e-05,0.004250346784464505,0.9552581238073006
172,0.1011550664760141,0.03961558388706655,5.8619367700109024e-05,0.00908681693394946,0.8500839133352699
173,0.004583541172169614,0.004379678380828029,8.151639581851445e-06,0.0011757854906569614,0.9898528433167635
174,0.0009707379746057989,0.00488306337206037,7.592088364417324e-06,0.0007908581455147761,0.9933477484194546
175,0.014353706267866325,0.010627718018774606,2.2529337880014756e-05,0.0032764968784439203,0.9717195494970351
176,0.01236326868581081,0.011805405248254082,2.131980961572717e-05,0.00270674551709229,0.973103260739227
177,0.012839376096349385,0.010648522371745003,3.4584738942614596e-05,0.0005752106117949699,0.9759023061811679
178,0.0008249053606805305,0.0038890478805705397,9.190004102224325e-06,0.0004819381760305283,0.9947949185786162
179,0.0012668257730991546,0.0030679605846023945,1.574553003223666e-05,0.0007075201734206616,0.9949419479388455
180,0.0013118161551251728,0.0022117739717976786,2.0145959070271027e-05,0.00045550667501444977,0.9960007572389925
181,0.0016540337569519294,0.001492452706200806,1.684902138198527e-05,0.0026261615279496164,0.9942105029875158
182,0.0018945210617841981,0.0015164387254531294,5.828539030437158e-05,0.0008938772031591035,0.9956368776192992
183,0.002857436312387646,0.0021605721841730856,3.18626396510382e-05,0.0016736297941277243,0.9932764990696604
184,0.0018028324753303472,0.0019148843798473534,1.241178018778705e-05,0.0006409285719056152,0.995628942792729
185,0.0016891423029817842,0.0012162170172433564,1.0933198811055347e-05,0.0004078701253481955,0.9966758373556156
186,0.002842129272350608,0.002718961910407193,8.944475860033838e-06,0.00028482415727050547,0.9941451401841117
187,0.004408523002685918,0.0020692075877143568,2.1722899324423416e-05,0.0007303495738126222,0.9927701969364626
188,0.0008798753191986398,0.0017036377051913775,8.283875737283499e-06,0.0005543187749870801,0.9968538843248856
189,0.000683426628508023,0.0011607333303675163,7.134738794844675e-06,0.00044566421168270627,0.9977030410906469
190,0.0010612642402054856,0.002020464117730226,7.438540720648048e-06,0.00037859089539737164,0.9965322422059462
191,0.002035887318237786,0.0013700864891202393,9.035151997576186e-06,0.0005378045949085155,0.9960471864457359
192,0.0018086586786427174,0.0009844827902481018,6.303353900261649e-06,0.0004065544930921356,0.9967940006841167
193,0.00827878069631394,0.0010155863814934837,4.667504139762633e-06,0.0002844741079426708,0.9904164913101102
194,0.004691051568447611,0.0008571392660763424,8.195608953366961e-06,0.0004012370715191762,0.9940423764850036
195,0.0007757087478856624,0.000494387178333824,5.478286433314356e-06,0.0003934121106085229,0.9983310136767388
196,0.0008612602774111629,0.00018717690997196011,7.4212862298323805e-06,0.00017902609536154181,0.9987651154310255
197,0.0019348118219827538,0.0002545763532898825,2.351066802959809e-05,0.00018734015968260997,0.9975997609970152
198,0.0027020880051760693,0.00039679945556184013,1.566685810333084e-05,0.00019319712690896978,0.9966922485542498
199,0.038157724103843625,0.010103684226631446,0.0015414324174842721,0.000716163149377567,0.949480996102663
200,0.009540454180104185,0.026418759184673464,0.00032753175523866825,0.00013491183092779728,0.963578343049056
201,0.002866843839086337,0.0031664254747946316,7.73338643382441e-05,0.00011702498169186213,0.9937723718400889
202,0.0016467053893683826,0.0036036555444707206,1.2420945516031872e-05,0.00015576894501719707,0.9945814491756275
203,0.0014111516804767412,0.0035068153551196177,1.121333182475719e-05,0.00021532658310303954,0.9948554930494757
204,0.0013702531381613885,0.003128104874659042,1.3511145342072912e-05,0.00012457458727512023,0.9953635562545625
205,0.01211129929467774,0.013725496374468854,0.0015082284563975809,0.0005181068808891955,0.9721368689935665
206,0.0027438064598599987,0.003144751919677531,0.00040837344221411327,0.00021345965609511993,0.9934896085221532
207,0.006491818875803362,0.006832576351374296,0.0013202760719378775,0.0010104386493642585,0.9843448900515201
208,0.014947860034397367,0.015401268956969548,0.0022002683207092712,0.0014532665023364777,0.9659973361855874
209,0.005266029642605464,0.00568995241516586,6.981403493790277e-06,0.0003895241865433418,0.9886475123521915
210,0.0013101992264051554,0.0007406709015173362,3.5344473740677322e-06,0.0003663289583629946,0.9975792664663403
211,0.013311072546382982,0.008245290616737599,2.0700772833907928e-05,0.0019975547222144986,0.976425381341831
212,0.0037349127088325833,0.013997419357513903,2.535183003975312e-05,0.001328993606327357,0.9809133224972864
213,0.025184715418490034,0.056440190000403456,9.400910323714815e-05,0.005209635573159042,0.9130714499047103
214,0.015083989208832088,0.02952851041011865,5.841939984374312e-05,0.007729550452617831,0.9475995305285877
215,0.32586912657942413,0.053073993854199565,0.00016147531128274994,0.027524573298713224,0.5933708309563803
216,0.47713777140680685,0.11888243955578959,0.00022856813941104972,0.11923935950451438,0.28451186139347817
217,0.42409688743447993,0.06064282343565874,0.00011750577684942102,0.22800917954814837,0.2871336038048636
218,0.36230591837682546,0.43327945960301784,0.0005440099705214993,0.18692286751593734,0.016947744533697802
219,0.5226307306609166,0.14811083125346652,0.000192441286788006,0.2924093733213753,0.03665662347745361
220,0.47519045960670225,0.20573466014674446,0.0002734388594541145,0.3051176456346593,0.013683795752440067
221,0.11641020497456292,0.6153957114795046,0.0008307281528188478,0.26222158142565116,0.005141773967462461
222,0.05525478029161263,0.8890438597126803,0.005098740406399762,0.04818097290730643,0.0024216466820008936
223,0.062142899850489035,0.7857799942563318,0.001138226939308673,0.14721631912430805,0.00372255982956226
224,0.013497391485308105,0.9564347339850343,0.003158323854317242,0.023775733139787054,0.0031338175355534515
225,0.08910785778310892,0.8178003096154141,0.0015392362291944141,0.08458935494596126,0.006963241426321271
226,0.09084215890827678,0.8611158660656586,0.005951893623245913,0.03687401308909145,0.005216068313727197
227,0.017339417304170792,0.9391347157575478,0.0069501321798919585,0.034183632532251804,0.0023921022261375125
228,0.014541794282140483,0.9341436064235021,0.01810116105359278,0.031202354154860366,0.002011084085904229
229,0.03773297792063544,0.9010310668825172,0.006931752412221056,0.04961163313290127,0.004692569651725197
230,0.010169495977811891,0.9480160077688362,0.013683000699094594,0.02552401402018087,0.0026074815340766566
231,0.010181152696643265,0.9621987952309494,0.0031233756514598165,0.022565861745011986,0.0019308146759353625
232,0.018269280733777954,0.9493732293990755,0.01072730649015467,0.018725738264732682,0.0029044451122591138
233,0.039317598228491395,0.883002725512729,0.004130015292736416,0.06871163489487009,0.004838026071173192
234,0.010193280004349664,0.954970905805471,0.0016404845837940745,0.03150927949417014,0.001686050112215119
235,0.011911705805647304,0.9618476012868631,0.007982185872993153,0.01602063278735637,0.00223787424714012
236,0.0891283677727895,0.8794624300759166,0.0004176216606848566,0.02558413249207798,0.005407447998531119
237,0.008551589911180131,0.9773068557411392,0.005766169651723816,0.007136265886375831,0.0012391188095812568
238,0.29785149365478575,0.6005993173822239,0.0007660454194034931,0.0456971449702064,0.05508599857338037
239,0.006950960524395851,0.9714934023406293,0.016347366581479613,0.00404048406552422,0.001167786487971028
240,0.0046885980820305225,0.9802401695984855,0.011814917064730755,0.001982044521346536,0.001274270733406834
241,0.007024699950840536,0.9424766257431287,0.046707174484307216,0.0023235933327467526,0.0014679064889765927
242,0.0034632503656657453,0.8841211391792364,0.10620713143283524,0.0039169825525354335,0.0022914964697270464
243,0.07838093959084926,0.888748896569288,0.0015929640129121272,0.014446781667934996,0.01683041815901566
244,0.10440382964094407,0.8408084393870746,0.0043067518477461104,0.029011763168536982,0.021469215955698086
245,0.4751177620705877,0.1294207332325514,0.0008691626204512252,0.017266099566744714,0.37732624250966484
246,0.3293867418159427,0.6273857765967157,0.00022192524371826303,0.012816795990809671,0.030188760352813513
247,0.06911954473886739,0.9066873100269557,0.007147342492167089,0.007089785668499389,0.009956017073510287
248,0.4374562928450344,0.17274266703480498,9.543836944204705e-05,0.032952103785433506,0.356753497965285
249,0.06240428679005147,0.906007962337803,0.0017715313959978235,0.019772169476845035,0.010044049999302597
250,0.09026225537598428,0.7984661823365005,0.0009031148695070521,0.09835177716357507,0.012016670254433155
251,0.1797112357495018,0.6869731533351617,0.0003247677602531829,0.09457256989072815,0.038418273264355
252,0.017648259559612602,0.9113221336278796,0.05765317071256702,0.006578686772349956,0.006797749327590763
253,0.267422907708417,0.1675230662711436,0.000500279380742431,0.1373064990137604,0.42724724762593647
254,0.34460772964137903,0.1415505867689227,0.0010591152953154843,0.13980754705023182,0.37297502124415094
255,0.06686328497665964,0.055534964282717925,0.0008139455585447779,0.01564735775257837,0.8611404474294994
256,0.4599169515406177,0.10413054587294886,0.00019421248214298198,0.04090182695593013,0.39485646314836026
257,0.0390044369074896,0.01595997426741833,0.00013719174415705425,0.005197736076364256,0.9397006610045707
258,0.7458768254700027,0.06505800345220962,0.00011555935762451085,0.031757881560394385,0.1571917301597691
259,0.029302396043169428,0.009111904607952654,4.8589719735293125e-05,0.007255669246803652,0.954281440382339
260,0.010971545614162009,0.005992507315732828,2.7452140364614474e-05,0.0014019881213764445,0.9816065068083641
261,0.07768671248287694,0.044839257855065706,1.6844452248571247e-05,0.009593768831876471,0.8678634163779323
262,0.03584228808705107,0.008993178090266108,1.4654130225390928e-05,0.004107362769774693,0.9510425169226828
263,0.01311989667209067,0.005495415171887401,1.3395110861935383e-05,0.0008536271217135374,0.9805176659234464
264,0.6276330404157037,0.05118946096306567,6.641938487044704e-05,0.02282518286578036,0.29828589637057995
265,0.009085366031024507,0.040779905572899185,4.070806499853991e-05,0.0030462781852970706,0.9470477421457807
266,0.034573172229806756,0.028152158492352176,2.857359705862936e-05,0.004388780283770604,0.9328573153970119
267,0.011208322353396149,0.005716260970685626,6.481592694838847e-05,0.001309103592000096,0.9817014971569697
268,0.0031409375083045264,0.0029410088049077266,0.00011303031803899833,0.00028399306051914874,0.9935210303082295
269,0.6018909125861372,0.22368016914644787,0.0002814026680933984,0.009949202821513929,0.16419831277780764
270,0.17209067985385876,0.04659704332576936,4.56909130417313e-05,0.0042577618668412235,0.777008824040489
271,0.002887626225888873,0.008568738950236101,5.719159702343348e-05,0.0006785389442682648,0.9878079042825834
272,0.05945336115768006,0.05833445897356931,2.9844162613969834e-05,0.008406362865474443,0.8737759728406621
273,0.03360356039723777,0.026047351477911727,2.0407288141182887e-05,0.005321615111350793,0.9350070657253585
274,0.010942594416864047,0.0055013323879462015,0.0009218899998848748,0.0015850238163569949,0.981049159378948
275,0.06225540977726167,0.006705114966286977,1.3673805443729905e-05,0.0017526985194672706,0.9292731029315403
276,0.0032865369499813853,0.002049520539669421,1.8263221476118284e-06,0.00025890713009621815,0.9944032090581053
277,0.0033039366791035953,0.0018500026968609779,5.164290531181195e-05,0.0005804539900014662,0.9942139637287221
278,0.03555804100092616,0.06157312441685973,2.627280274040772e-05,0.001920894266298657,0.900921667513175
279,0.002038366918872292,0.00219887423530512,1.744896154451875e-05,0.0003142122868474638,0.9954310975974305
280,0.00381663927436808,0.004267084268511671,3.806782641002271e-05,0.0004021226106521139,0.991476086020058
281,0.0033901223628486077,0.0034478750861065602,5.254427402100556e-05,0.0005920466749349494,0.992517411602089
282,0.015701895874763377,0.0059798541381039915,2.3287234211117124e-05,0.0005717680505409536,0.9777231947023807
283,0.04644262341847242,0.010482624987599201,1.5634179981845223e-05,0.0014993070305800175,0.9415598103833664
284,0.02665523674081592,0.013070065517371292,2.0868481123442638e-05,0.0012261367821499115,0.9590276924785395
285,0.8099203302656129,0.1434028024801367,0.0003361961603166878,0.020471218503454406,0.02586945259047928
286,0.5844351281151993,0.3487247311019008,0.00035881451785648854,0.05044069056143465,0.01604063570360878
287,0.3103865434082971,0.6220884879121682,0.0003475858626074313,0.04370013553710304,0.02347724727982429
288,0.07723273873186287,0.8956937095403819,0.0138587869155951,0.00973833141360453,0.0034764333985556574
289,0.14886819328261758,0.7896418134648999,0.00292702267153493,0.04395989644769623,0.014603074133251525
290,0.04564823379107372,0.8954398424981153,0.04331530157737563,0.010795889183120185,0.004800732950315269
291,0.0305824690205523,0.9520703039275672,0.0027204547587539366,0.01145325427102511,0.0031735180221015044
292,0.07661955804260658,0.8885092494153306,0.0059906022437787206,0.02253208077060669,0.006348509527677457
293,0.24253988652620875,0.6664617686805339,0.015291590352316371,0.011400380743110944,0.06430637369783004
294,0.015658268334114243,0.82715095610333,0.14975175918067943,0.0011609669353141233,0.006278049446562116
295,0.10604608025542893,0.8698375462972928,0.012538933595911747,0.0021647283811019854,0.00941271147026468
296,0.005898082276238449,0.95401254384726,0.036061312557611205,0.0011754103852546485,0.002852650933636057
297,0.0013507675128625798,0.8861452018178363,0.11140611196296225,0.0004559232691902349,0.0006419954371485871
298,0.013460290563287725,0.9391981350179546,0.04170134872260135,0.0032766561096693185,0.0023635695864872145
299,0.004164021725707772,0.9803571691293786,0.013353341268090055,0.0004965193852787451,0.0016289484915447921
300,0.0021373390680280366,0.2729624584371777,0.7241438527119355,0.0003475441783489517,0.00040880560450987633
301,0.0023235054621063276,0.5953802965435747,0.3998443766168319,0.0013199380779863243,0.0011318832995007868
302,0.0008928160258464843,0.20909840197060317,0.7890815184586984,0.0004770714498428645,0.0004501920950090546
303,0.001140906410178758,0.2653426925686922,0.7313940929317853,0.0011203811674431465,0.0010019269219006676
304,0.001784904043097624,0.6641707209716706,0.33066497332643485,0.001979238777039231,0.0014001628817575651
305,0.006412716587476904,0.5886686956059035,0.39886877520889563,0.0021895119277952884,0.003860300669928519
306,0.007248937208304145,0.9057243010322377,0.08447772723049253,0.0008135355575586243,0.0017354989714071047
307,0.00404020646963824,0.395591300291314,0.5974384944044118,0.000897765102073028,0.002032233732562984
308,0.0045073610880808695,0.6660569931247209,0.3261924489102617,0.001034851706236177,0.002208345170700212
309,0.003281109585473563,0.8615925182251057,0.13272357640376198,0.0006966665731441675,0.0017061292125145622
310,0.0038525780104464737,0.45430555213601226,0.5396146712717564,0.0006198094002073805,0.00160738918157752
311,0.0016495816566822709,0.1340908258266761,0.8631322181749718,0.0003057346825125032,0.0008216396591572908
312,0.001269108173571721,0.1739551813876994,0.8233314345914352,0.0003062984444404572,0.001137977402853206
313,0.0004054267871197332,0.05952732809566106,0.939499203687228,0.00016144177456320274,0.00040659965542814795
314,0.0022291673656359545,0.3892707575474234,0.6050436461322642,0.0009805691400932915,0.0024758598145831036
315,0.001072207821552631,0.1398153318723482,0.8578394769501111,0.00029314558023491976,0.0009798377757529336
316,0.0013640851390807193,0.09465789355333597,0.9023803674016057,0.0003919664444654893,0.0012056874615121278
317,0.0022354371596318284,0.1882245563511117,0.8072289783882033,0.00029011553723329086,0.002020912563819872
318,0.0008572841581840964,0.061410627883182314,0.9367233491473349,0.00026003898674546873,0.0007486998245531855
319,0.0012771173158464123,0.0880754469498437,0.9090726001876843,0.0005555668078557016,0.0010192687387699762
320,0.0031165870403024962,0.24721268924671713,0.7453983538506094,0.00139195198199035,0.00288041788038052
321,0.00623109519793856,0.11753995266425007,0.8693775646659405,0.0038569711515612456,0.0029944163203095902
322,0.018747952419730936,0.8826333458518413,0.055703546271213815,0.036905716806878944,0.0060094386503350234
323,0.006624911134016963,0.8073969012225174,0.16467270116782146,0.014127727033287926,0.007177759442356236
324,0.09750049069112109,0.7944964052319464,0.0255846403283009,0.07223131399876052,0.010187149749871172
325,0.24522883034741388,0.628570314202439,0.001654181771811345,0.06165238848825372,0.0628942851900821
326,0.2728564774477014,0.35164312531026726,0.00046790930727710585,0.025078793094234986,0.3499536948405193
327,0.4568470036816736,0.1583486561622921,0.0004317175207660095,0.3403029911719238,0.04406963146334424
328,0.09802101529168049,0.8044355724038005,0.005486444659858536,0.07351103450182084,0.018545933142839685
329,0.19052451083492677,0.5657596024786751,0.00431489396248099,0.16917528839253604,0.07022570433138106
330,0.03995098189933853,0.7965806446192331,0.002515752814585078,0.15357592050566496,0.007376700161178295
331,0.035872737116640324,0.8261040688637119,0.004090111087165441,0.12543424713027063,0.008498835802211563
332,0.14142862646306448,0.3883650803190066,0.000852507727185642,0.4578511490405761,0.01150263645016703
333,0.12347932437022452,0.2429722416112663,0.00019725012284315478,0.6046026485095167,0.0287485353861493
334,0.17909453065987416,0.43447120541213835,0.00041693463079797965,0.33072114691494214,0.05529618238224739
335,0.40055446435940834,0.12210612314472992,0.0006712566933291585,0.20131852783640208,0.27534962796613055
336,0.46903172465473963,0.10538005020779675,0.00033948102610814536,0.3988314808589307,0.0264172632524247
337,0.3661965008128829,0.243220824923672,0.0006142066160007791,0.3716375285306247,0.018330939116819732
338,0.2847721067494584,0.0919668736051889,9.880136737511395e-05,0.5955213828956716,0.02764083538230609
339,0.10530932662707813,0.08339258240876035,0.00011265098537841862,0.7958654638998784,0.015319976078904783
340,0.11248900197396303,0.06413784551407618,8.146755984339e-05,0.8105316724706801,0.012760012481437344
341,0.16002705113259208,0.19854758842643316,0.00016652064653572494,0.5634318559609325,0.0778269838335064
342,0.18880814701746623,0.17803600304646375,8.665869409193101e-05,0.45367843250175083,0.17939075874022714
343,0.25593519281797955,0.049312088165172685,5.121914891572321e-05,0.6106222500001793,0.08407924986775266
344,0.3337415440310969,0.08074262187443637,0.0002587998781684812,0.5699648548611761,0.015292179355122284
345,0.15206661320662826,0.03399412717805427,0.00023003960816343291,0.8031581926824592,0.010551027324694776
346,0.10062133615217819,0.04186499284660938,0.00030814275270811726,0.8457241404429816,0.011481387805522823
347,0.06057367076269195,0.08584800341597836,0.0023109941195077386,0.8378197484201405,0.013447583281681372
348,0.014169503748309397,0.02736627803268143,0.000638641962745768,0.954627496480359,0.00319807977590432
349,0.015200287431070148,0.008064432202211615,2.4877576975506312e-05,0.9719224114918353,0.004787991297907373
350,0.017782702520653716,0.00792855113621572,3.5098767211784386e-05,0.967424416699078,0.0068292308768406924
351,0.02708521517798588,0.016956184399697895,4.0364745868261205e-05,0.9499584024989204,0.005959833177527756
352,0.04614870740087577,0.011381439598461426,8.65953465655605e-05,0.9385959198835323,0.00378733777056498
353,0.049355919615798244,0.015759472483775214,6.246298102786112e-05,0.9270766231655155,0.007745521753883034
354,0.0639770363964048,0.01555288951879899,0.0001557056199726131,0.9130967335238885,0.007217634940934969
355,0.031045074560739468,0.010820987254921581,0.00012446746862966251,0.9525874216077698,0.005422049107939479
356,0.023853071158186412,0.01374845783476294,9.345385799485751e-05,0.9583754289081152,0.003929588240940509
357,0.03136122343732073,0.0190576785652652,0.00022950472706151763,0.9436695904375175,0.005682002832834917
358,0.02516714406498439,0.02686182036324601,0.0004925683889662517,0.9417248227718303,0.0057536444109730295
359,0.020281645580056802,0.03789741577787285,0.0007369086996273476,0.9356600311120024,0.00542399883044076
360,0.016425281417780754,0.02642520788586376,0.000750696606791223,0.9502254140064087,0.006173400083155505
361,0.006369186495163821,0.01631515478356218,0.00041702438105083953,0.9740298870057648,0.0028687473344583022
362,0.006639821881055661,0.01145629330366444,0.0003289633627275794,0.9795684603872635,0.0020064610652887113
363,0.01208236038641725,0.008292567072418962,6.16964098553065e-05,0.9738606461075695,0.005702730023739005
364,0.008649476250958184,0.00757197068301,2.2203857116484006e-05,0.9820344333991631,0.0017219158097523176
365,0.010974601493064244,0.007618288747515008,6.382312369519856e-05,0.9791524990683392,0.00219078756738617
366,0.017569715248585648,0.00874652576196811,4.683964861511659e-05,0.9706488972510494,0.0029880220897816876
367,0.030360693396601066,0.01650120975496643,3.3460429462151146e-05,0.9439862337028536,0.00911840271611662
368,0.03024504566042284,0.012120288822361687,3.863698481705543e-05,0.9540125447746418,0.003583483757756547
369,0.03128060096963345,0.01847052294297552,0.00013639627303878594,0.9467306460229198,0.003381833791432626
370,0.02777621934805692,0.018359008120794107,5.7324388593426516e-05,0.9509144370351327,0.0028930111074226927
371,0.01666886313450837,0.02201099158787628,0.00010358970049476753,0.9577195832798227,0.003496972297297877
