epoch,N1,N2,N3,R,W
0,0.0009356064160436426,0.0004834276384833976,3.414162216632607e-05,0.00038558365594716746,0.9981612406673595
1,0.02305498239564365,0.0011644277201494676,3.828366384389286e-06,0.0022688244511510974,0.9735079370666715
2,0.00906750549328085,0.0011615529061468673,3.940424953354629e-06,0.0007985860718230845,0.9889684151037959
3,0.006708835969362471,0.000316865705723611,3.5618994466573247e-06,0.0003837954301661405,0.9925869409953011
4,0.02025230524799364,0.004235578861119858,9.214553510081363e-06,0.0005971649244208579,0.9749057364129555
5,0.00430755729302395,0.000353241552763874,6.244874709072484e-06,0.00013009757565024427,0.9952028587038529
6,0.009281059819276185,0.0011735680859798832,3.099192492930827e-05,0.00017587537152517535,0.9893385047982896
7,0.017080666788116778,0.0006337624557105891,4.555124896568767e-06,0.00025772845919249667,0.9820232871720836
8,0.001980936007692033,0.0001512808959260391,2.9898238582881687e-06,6.103083859416847e-05,0.9978037624339295
9,0.0026881847869705713,0.00011348544782099772,1.8747042843491193e-06,5.556407260993296e-05,0.9971408909883142
10,0.02766697560985817,0.0013790782144760866,2.788159078005635e-06,0.0002160821302808122,0.9707350758863069
11,0.011305222958111693,0.00017375095238487354,2.684345344322575e-06,6.766901667583014e-05,0.9884506727274833
12,0.07286551888973927,0.0040839541748276965,1.6760982083837805e-05,0.0005879507563983658,0.9224458151969509
13,0.07206138303556887,0.007445178302947223,2.4041840009957696e-05,0.0011844494965474863,0.9192849473249264
14,0.027511860916031052,0.028322025863186273,0.0003510243295606112,0.002001184106602033,0.9418139047846199
15,0.013711885323611752,0.012559741352155747,0.0012844962094798438,0.0014831065953186306,0.970960770519434
16,0.00039946516667955405,0.0005327764664900542,1.2819373656804928e-05,9.052347060349298e-05,0.9989644155225701
17,0.0016698263488665328,0.0012454872089037975,9.765900360890428e-05,0.0003272851366646344,0.9966597423019562
18,0.04898420897806812,0.00650459729285762,7.722412901869786e-05,0.0007828111629662967,0.9436511584370892
19,0.2734697435536048,0.03331204650007171,0.00013438647127711551,0.0017475644077709165,0.6913362590672754
20,0.1583822027367379,0.012009611549840996,2.4989210990083973e-05,0.0022215993740353963,0.8273615971283956
21,0.0315666428675152,0.033388249306323954,0.00038113745158449347,0.0018791554607826629,0.9327848149137937
22,0.047906183267123134,0.031009830320959376,4.483554690591973e-05,0.00557073786000998,0.9154684130050015
23,0.08387027535201064,0.022300827639224172,1.4795804490192475e-05,0.006114312928901393,0.8876997882753737
24,0.04481950290224797,0.012882352573180846,2.3267109287448634e-05,0.0024797502891163005,0.9397951271261674
25,0.29055037814954976,0.1093581125442062,0.0001765577536438329,0.008254387427812373,0.5916605641247878
26,0.16290465064549406,0.0809544081189407,5.1003188714241593e-05,0.006305140445465942,0.7497847976013851
27,0.2742764929702999,0.25528001919038723,0.0004898334293495061,0.03247635315068816,0.4374773012592752
28,0.06422172052218554,0.2149292311583814,0.005613833609081607,0.006693661171528658,0.7085415535388228
29,0.0020011047430470294,0.00292662711228907,0.0015428087120650834,0.0006667341164517989,0.9928627253161472
30,0.059195165278807096,0.03438429621370982,4.248536458311068e-05,0.010483289193904654,0.8958947639489954
31,0.058395320682926216,0.14071386564324578,0.0006591975716571509,0.005131428183725686,0.7951001879184452
32,0.043894652586468505,0.055333990259408036,0.0005852092475845234,0.002492870233220962,0.8976932776733181
33,0.004695625609443837,0.0037132852724782736,0.0004146561489545521,0.00034810140648959596,0.9908283315626337
34,0.002475984258444025,0.0007512083138860932,0.00020422972626747297,0.0001938170184091273,0.9963747606829932
35,0.014766719904126176,0.001379486989587658,0.00019909524443225318,0.0001051400385611447,0.9835495578232928
36,0.0534759783163815,0.002166944206036978,3.623079317776339e-05,0.0003586383528780905,0.9439622083315258
37,0.6979758465256161,0.04903114314163299,0.0005662485415359073,0.0016962494929076667,0.25073051229830734
38,0.7373573823382468,0.10676955824523168,0.0005245044478439964,0.0030365918380901957,0.15231196313058734
39,0.4493270523847682,0.28440581890324884,0.005557207076484814,0.004393511224482902,0.2563164104110152
40,0.1114089178273272,0.7307716904452215,0.06148422538652414,0.004859502221487758,0.09147566411943936
41,0.09408762721607469,0.8580831608798888,0.01585770134801819,0.005506415682234606,0.02646509487378347
42,0.07843382166766498,0.8695241133380371,0.025005900452991024,0.0069392140855262805,0.020096950455780558
43,0.027308801304363275,0.8433875260274428,0.11966585181054178,0.0010683599404006136,0.00856946091725145
44,0.033515833469428644,0.8435164599016838,0.11523898165555475,0.0010144993992000808,0.006714225574132688
45,0.020720404484396045,0.8522367500259035,0.12082456764464425,0.000839134928991976,0.005379142916064154
46,0.0300440221167874,0.7920542891220119,0.15523887559478866,0.001255529472763995,0.02140728369364804
47,0.008991496181122247,0.7986222456275215,0.1879991561940767,0.0010162846415486663,0.0033708173557310144
48,0.01662870461976548,0.8778850455870234,0.10125027539082508,0.0007085874743831457,0.0035273869280029366
49,0.00990621230086615,0.6888950801555543,0.2920649488552861,0.0015456014490206084,0.0075881572392727465
50,0.005548683136869777,0.862276108212252,0.12723293461026003,0.0005556455666750992,0.004386628473943051
51,0.01168663897691343,0.7858857194335538,0.19230297218378833,0.0009354641850436269,0.009189205220700807
52,0.0031875802836263283,0.6936437493826828,0.29701911293844924,0.0005369693583897409,0.0056125880368519026
53,0.005466635843996331,0.5626846618553565,0.42447267225746527,0.00042157932272392386,0.006954450720458034
54,0.0041080528959719755,0.4309780856230073,0.5606117809084921,0.00014864863017066611,0.004153431942358027
55,0.0020878975133698965,0.30249711641958543,0.6934611031421613,9.592626256418498e-05,0.001857956662319276
56,0.0012221071533525933,0.31381848691149183,0.681200176655232,9.254316907287629e-05,0.0036666861108507055
57,0.0012068901522282122,0.15220018503928676,0.8454766679754492,4.7530024471545315e-05,0.0010687268085645249
58,0.001632873586347003,0.20725475419091294,0.7881408588132099,5.098219624492088e-05,0.0029205312132851158
59,0.0005408348948361144,0.17863907236030382,0.8185701061454902,2.5063309142804153e-05,0.002224923290226995
60,0.0006462722195679484,0.12614756697866483,0.8711447465483112,2.4130654896597687e-05,0.0020372835985594975
61,0.000688227311975626,0.14094987180261567,0.8554094890208965,2.992833372819456e-05,0.0029224835307841935
62,0.0006607330980616205,0.08603449725186071,0.9116972347440321,1.7772625215478726e-05,0.0015897622808300081
63,0.0005088143626449664,0.07664066907392801,0.9218342615828597,1.2211514524474913e-05,0.0010040434660427288
64,0.0006060827454684285,0.09510743409155624,0.9032679572761706,1.5842975718022876e-05,0.0010026829110865358
65,0.00033169503504633504,0.08028667395153818,0.9183811051560038,1.195791742578748e-05,0.0009885679399857937
66,0.0003751403693884903,0.07212652917197021,0.9263252557580468,9.837707418520348e-06,0.0011632369931759373
67,0.0003267266199131215,0.06221075312942407,0.93597286988664,1.2245082080997295e-05,0.0014774052819416365
68,0.0002765139029810935,0.07366812791330873,0.9243492529247173,1.3829464071147883e-05,0.001692275794921896
69,8.270197767191956e-05,0.03674785266899752,0.9621799294592153,9.591828267118942e-06,0.000979924065848206
70,0.00011156027073882976,0.032386556748364353,0.9667774280196992,1.4345814925080837e-05,0.000710109146272474
71,0.0019499003456716834,0.07215899278357592,0.9203772824595083,0.00014833460565283156,0.0053654898055912545
72,0.004190262261389507,0.12904332470418398,0.8578179750124357,0.0003669229651248188,0.008581515056865842
73,0.0003420712459433839,0.025227980651420696,0.9718014672318938,4.0861219548686916e-05,0.0025876196511934175
74,0.0015350404096650795,0.0564024870482095,0.9342881055767296,0.00011921017817506722,0.007655156787220794
75,0.004566575594252912,0.08063884548343987,0.908045169050291,0.0001453785997912811,0.006604031272225057
76,0.001912293365513393,0.04878317484226388,0.9464308298788137,5.395086010060046e-05,0.0028197510533084502
77,0.0060622409729655545,0.26778802256332357,0.7135668533144904,0.00024384818559086788,0.012339034963629656
78,0.004529471811521198,0.142584389669737,0.8295839051560139,0.00020949516102656104,0.023092738201701386
79,0.008228376791375794,0.22232913148885403,0.7450834053744353,0.00021866364985522512,0.024140422695479672
80,0.014426663789834824,0.25499283373173,0.7003819135681405,0.0002482785268202893,0.029950310383474534
81,0.003585350101855455,0.07711714492137013,0.9046035140755554,0.00010886259747187517,0.014585128303746996
82,0.00541147348724138,0.19806140658023874,0.7714112065441338,0.0002511475362159624,0.024864765852170068
83,0.002774170053584686,0.058747992565446376,0.9336259267015279,4.763294072226246e-05,0.004804277738718624
84,0.0033264060528904672,0.08367462304406609,0.9038919244499175,8.758426014925787e-05,0.009019462192976807
85,0.0019484651378775262,0.03811870106887755,0.956420211002477,3.748379633423105e-05,0.003475138994433895
86,0.005666242552990798,0.1190788035763614,0.8596687973971993,0.0001553781636217942,0.015430778309826781
87,0.006925654376266033,0.1409064494410045,0.8284098046695986,0.0002842806815991821,0.023473810831531713
88,0.0034611512578807437,0.06871926805950306,0.9163292742088559,0.00014693833338371822,0.011343368140376493
89,0.003767815799898552,0.07902629261664529,0.8992971811302096,0.00020356182075798564,0.017705148632488663
90,0.003981858433359147,0.08554241896552703,0.8986902196816874,8.542688145424467e-05,0.011700076037972301
91,0.0024338509046335738,0.06026232815406708,0.927951511466135,7.469670128805724e-05,0.009277612773876141
92,0.005311769047536135,0.10116471626007029,0.8826802844704552,0.0003358234432743558,0.010507406778663858
93,0.002380062761318221,0.07284095152766888,0.9193540009184685,0.0001860274308730595,0.005238957361671447
94,0.004714433885365889,0.12373117465811524,0.8604387987602741,0.0002900646178626759,0.010825528078382069
95,0.005326502669235218,0.14548209634826045,0.8408021498717079,0.0003024378901043692,0.008086813220692143
96,0.005507523308114827,0.19255429205091437,0.7830956182488807,0.0007376670734892698,0.01810489931860078
97,0.006078867906422011,0.15454407029241704,0.8212764320713483,0.0006743064321911074,0.017426323297621598
98,0.00157412732597561,0.06422536015549647,0.928325773902176,0.00020005202735786021,0.005674686588993952
99,0.0067757015510996905,0.14708732952833406,0.8355951525027296,0.00036368177157792116,0.010178134646258628
100,0.007158908693668412,0.1158146370747365,0.8713947196702264,0.00028500728572717764,0.005346727275641365
101,0.0013392905656459373,0.051944946627513686,0.9444046829188952,0.0001311106771876749,0.0021799692107574383
102,0.0028387398680731466,0.07458619972930458,0.9196072672632276,0.00019079165436562055,0.0027770014850289943
103,0.0026394037073710656,0.054588054356648666,0.939373765837089,0.00015691531597213969,0.003241860782919336
104,0.002356793018879831,0.051923807298531716,0.9417030618907415,0.0001433779066282815,0.003872959885218721
105,0.0006722183346794789,0.045282323474801475,0.9520676456683216,0.00011902073819576948,0.0018587917840017516
106,0.00015883670473277537,0.015790493015675013,0.983110846637499,6.602517636991461e-05,0.0008737984657233761
107,0.0010890618266352753,0.0704593311803976,0.9225774772151091,0.0003159195068983886,0.005558210270959465
108,0.007709424320147961,0.19421561754044422,0.7925008360006226,0.0004914960730743772,0.005082626065710868
109,0.00468867732186497,0.17633529951586274,0.8130077291512512,0.0010076369493545825,0.00496065706166648
110,0.00025546545308149373,0.057738301484767024,0.9405266873899403,0.0003537770106226351,0.001125768661588481
111,0.013933396776660348,0.4184143649382897,0.5374241183334435,0.006315990936391988,0.023912129015214535
112,0.1357436600537735,0.34298548505085696,0.0748980969641077,0.04310889143847929,0.40326386649278273
113,0.3548852363614344,0.5021703625928587,0.02953792457206277,0.013249479229562603,0.1001569972440814
114,0.1805139751889732,0.628434128564265,0.11839084652798855,0.003335969708509203,0.06932508001026409
115,0.13979920686064626,0.6509484042158441,0.18205236179456058,0.001221725370838262,0.025978301758110774
116,0.06006742539151814,0.6742614480774637,0.2547477730185902,0.0013191814642168754,0.009604172048211094
117,0.06098731200162777,0.8274408289081666,0.0996341928631984,0.0009737454319416384,0.010963920795065387
118,0.06857732502416676,0.8852665980587193,0.03432000052850944,0.001762297044999304,0.010073779343605033
119,0.014195203428661889,0.5717778118621679,0.40660874798816554,0.0008751157350533069,0.0065431209859513435
120,0.03209385286627605,0.6465941531013845,0.3119735863383109,0.0015462020041413656,0.007792205689887425
121,0.007138567212667384,0.4089458866301658,0.5800221398255698,0.00032637867170741175,0.0035670276598895904
122,0.011410624112612025,0.5311416395212212,0.4536803168870594,0.000581018242895041,0.0031864012362122713
123,0.01718247636015305,0.7392518586404431,0.23789645551667257,0.00046611406971818327,0.005203095413012966
124,0.0180290388709278,0.5316311989757194,0.44246356575015877,0.0003024260666832748,0.007573770336510759
125,0.007811678023831814,0.5483760395302478,0.4420268260134983,0.00011235499910113912,0.0016731014333209225
126,0.0046575801220811825,0.36674685080675445,0.6205122285352128,0.00015011325476653358,0.007933227281185052
127,0.002122620094407353,0.2834194159774804,0.7102090562214216,0.00010815451231066189,0.004140753194379892
128,0.001638120419234921,0.19220459653059632,0.8002547509215923,0.00010937463943331144,0.005793157489143194
129,0.001973312695115311,0.2681617466854877,0.7276571673709192,9.61323931808214e-05,0.0021116408552968196
130,0.0018037984352397198,0.24675416131248384,0.7475889513572715,9.402045518218919e-05,0.0037590684398227385
131,0.0006896341781852463,0.15257352218591635,0.8452498847563071,0.00010748646132358875,0.0013794724182675424
132,0.0025456648370789,0.2280922158870694,0.766516477289112,0.00013804784767478746,0.002707594139065021
133,0.000516052473751933,0.10734107014296503,0.890907674851505,9.998033869195893e-05,0.001135222193085943
134,0.0031171265518716127,0.3295219635282942,0.6628933198823634,0.00023707891176214668,0.004230511125708599
135,0.0007883086394956184,0.17844496154746878,0.8184186709843241,0.000240323312338477,0.002107735516373095
136,0.0075380565656513856,0.2827000029561507,0.7051097012651515,0.0010765758422399412,0.0035756633708065645
137,0.009995286301527143,0.35544698853894535,0.6214625555319131,0.007507025843495576,0.00558814378411872
138,0.02182827623521125,0.37532655629103345,0.5822028265019923,0.011093628764510324,0.00954871220725272
139,0.1160169273844685,0.41571394531057176,0.1570552538033823,0.023842004416730934,0.2873718690848465
140,0.36998835029902927,0.3769203722645012,0.059036368286152295,0.052182579367483224,0.1418723297828339
141,0.3350718757403271,0.4661354933553965,0.028993868708770864,0.007015232359336838,0.16278352983616867
142,0.19030581855371553,0.5935509259641855,0.029916631124946233,0.007818246804824834,0.17840837755232794
143,0.20111247966683662,0.7554970452743678,0.015255221338108069,0.0034136913078143868,0.024721562412873058
144,0.0718190908861214,0.8001394099881469,0.11130294379484561,0.0022578742093161837,0.014480681121569909
145,0.044785073923902276,0.7905327927775421,0.14995449422057272,0.0025713342626534135,0.01215630481532926
146,0.03030219438711824,0.7805380376317036,0.17442508771241474,0.00458811554703489,0.010146564721728575
147,0.0250237378066194,0.7007130926210914,0.2542636394496772,0.005840286568963265,0.01415924355364865
148,0.12995989072600642,0.7677854845417375,0.05392102162233475,0.017975458823617094,0.03035814428630407
149,0.022130885973758913,0.7694107100524913,0.19416080096572463,0.007494397509685531,0.006803205498339677
150,0.018424361743446416,0.7992632845607904,0.16476484867228186,0.008866971109355571,0.008680533914125677
151,0.04117850812174529,0.8256539691578719,0.09940258954372441,0.024731359043674923,0.00903357413298347
152,0.014325727317180249,0.8912748113669161,0.025155523013724795,0.05968633223351842,0.009557606068660568
153,0.059846656118470225,0.38183790836095177,0.0013621859773700177,0.5489293855450312,0.008023863998176731
154,0.07532362553172063,0.03495173837855195,7.357324883986233e-05,0.8642836352046964,0.025367427636191268
155,0.24124239019465962,0.1500579334071792,0.0007334111343203537,0.5737416943076387,0.03422457095620219
156,0.21906479187644767,0.5163585170956295,0.0008525009643628719,0.2207633921735199,0.04296079789004016
157,0.1274833532226796,0.5000990653582104,0.00939789990463733,0.32780677596922286,0.03521290554524989
158,0.1391437331133633,0.09989730540660569,0.0007275005689516777,0.6551421142136595,0.10508934669741984
159,0.08913205135084976,0.08839220777151599,0.00043443036149290335,0.759247883259386,0.06279342725675521
160,0.03760664776726706,0.051931462467192206,0.00014189994030132318,0.8875877877733114,0.022732202051927962
161,0.02762493771508139,0.039235276296490484,0.00011103072206891386,0.921209060543892,0.01181969472246718
162,0.02992267472199592,0.0752065565916394,8.269961455266217e-05,0.885468608755371,0.009319460316441004
163,0.09442119988323554,0.08526585101504269,0.000106483708971715,0.7701334429298841,0.050073022462866
164,0.03398425946730331,0.025382370757093355,4.509346385151483e-05,0.9306936495258289,0.009894626785922952
165,0.04135540237048929,0.01901086977867356,4.263238597743686e-05,0.9214035690654718,0.018187526399387848
166,0.031324072018633436,0.027441993610134358,3.4102636290902034e-05,0.926636027861414,0.014563803873527277
167,0.047114152115857434,0.01946583007504529,6.012173795845876e-05,0.9186421999812727,0.014717696089866247
168,0.046945102951096204,0.022754207652328027,4.1474217674429964e-05,0.9151341914327868,0.015125023746114526
169,0.04625008487292265,0.021874929196120784,4.7784857067267866e-05,0.9085683470397451,0.023258854034144273
170,0.0491127531990499,0.058963342873853956,0.00021121850958756664,0.8132761402752168,0.07843654514229187
171,0.2021022729712086,0.03796336748247283,0.0001385399942029218,0.48803855150895414,0.2717572680431616
172,0.28077725561797,0.04543175551306878,8.15151644572652e-05,0.5735360501232512,0.10017342358125278
173,0.36474410566633425,0.05925666955659322,0.00014049763780149793,0.5241613019516901,0.05169742518758096
174,0.1413259169966883,0.06378049862089259,0.0002930703347654697,0.6857907573855317,0.10880975666212184
175,0.04550617520836254,0.027321042299711516,7.948815066064129e-05,0.8777203933037938,0.04937290103747136
176,0.036247052263045886,0.022452749673806116,7.951187485738453e-05,0.8978487617989229,0.04337192438936753
177,0.026102501969480055,0.034048478553796294,0.00025107912011743734,0.9148337868940011,0.024764153462605333
178,0.008653413774042785,0.0086962787386217,8.134823522189492e-05,0.9271685477445745,0.055400411507539146
179,0.017877424472489016,0.009971233669134813,4.340377392828223e-05,0.9563331144545945,0.015774823629853378
180,0.022412581852776666,0.015419603125447266,4.6282006508157486e-05,0.947132667027642,0.01498886598762585
181,0.02130762624773271,0.021481730758102262,6.715329154218002e-05,0.9416321385058863,0.015511351196736337
182,0.024252521317731313,0.016847550371354488,3.277482175040582e-05,0.948768222899853,0.010098930589310676
183,0.050409439474229344,0.03292280708784264,0.0005646142641641248,0.7798651601633569,0.13623797901040705
184,0.04477428686674754,0.031725619957604305,0.00010234749575151258,0.9071317392151853,0.016266006464711404
185,0.07045669050669903,0.03720995844950673,0.0001339350152453191,0.8569753829880274,0.03522403304052143
186,0.07862718438215914,0.0848898232564801,0.000689991319610795,0.7489745970392354,0.08681840400251445
187,0.03188152031688492,0.03025235017696196,4.302470468541368e-05,0.9287650926628686,0.009058012138599166
188,0.043846314794681984,0.03759430487991907,6.676166237557062e-05,0.8843701632476726,0.034122455415350646
189,0.032929822361236816,0.035202882968019225,0.0001013720042184087,0.9138175247568714,0.01794839790965406
190,0.06677056924226075,0.046705443736925756,0.0003816135547097174,0.5693485038197497,0.31679386964635414
191,0.07775668409089581,0.038987827450228364,0.0001963611186593268,0.6384312305142718,0.24462789682594463
192,0.3217454651749194,0.06035005181435041,2.0451731229011218e-05,0.559843308681019,0.058040722598482204
193,0.3167667842387541,0.02226472941642551,3.360551543821547e-05,0.6218029648385452,0.03913191599083698
194,0.3259362897342584,0.01786953769240328,4.248379091100254e-05,0.6361247819276946,0.02002690685473268
195,0.1439111832655845,0.027668745666054408,6.278760266956419e-05,0.8039678364550079,0.02438944701068358
196,0.05648665543334774,0.019937351350867247,2.6420082075153502e-05,0.9189995092741005,0.0045500638596095095
197,0.0429215298949157,0.02031798234377977,5.604790196943208e-05,0.9279475813343185,0.008756858525016472
198,0.025744462997314227,0.017240867561370117,2.806728127318898e-05,0.952062160899906,0.004924441260136252
199,0.033994301409773484,0.011963347973228058,0.00024991794461946224,0.8703734537832453,0.08341897888913367
200,0.024969754915815726,0.006838821367571464,1.4941000476222407e-05,0.962478081581782,0.005698401134354676
201,0.048395964903758255,0.0073365838267568225,2.3651777900955817e-05,0.9348917935202313,0.009352005971352608
202,0.058808394446970315,0.0225028378928377,5.8229202376911915e-05,0.9088511756434067,0.009779362814408504
203,0.14187604626262018,0.04745094575619623,3.255658727281136e-05,0.7957378333189465,0.014902618074964296
204,0.1450113997895686,0.05111767403700526,0.0003298035386856146,0.7733478760324423,0.03019324660229825
205,0.033091929356224195,0.04597098114649354,0.0001170639690409863,0.9124428663622213,0.008377159166019894
206,0.03731658722664635,0.018678152471856932,4.320204932785424e-05,0.934991280556445,0.008970777695723764
207,0.01499646089959738,0.01107469758270123,2.328352534982387e-05,0.9689617530174108,0.004943804974940713
208,0.01660070475598749,0.01122284256310507,1.581464500504803e-05,0.9691192576228773,0.003041380413025071
209,0.02743513463544737,0.01639520215832759,3.016810567835291e-05,0.9468003713764889,0.009339123724057829
210,0.01729496217317982,0.020051082870517278,3.133908702966642e-05,0.9579096069095854,0.004713008959687847
211,0.028800209860689763,0.06630981320230234,0.00017746584202804093,0.8829661730747776,0.021746338020202063
212,0.038183782930954376,0.04425476308509308,6.513889957290121e-05,0.8951285886698963,0.022367726414483535
213,0.046132970478140314,0.050969406380663,0.00012359627505048224,0.8843209272749047,0.018453099591241355
214,0.03852254356576258,0.09442061188638146,0.0002678637682049225,0.8498728977708496,0.016916083008801343
215,0.04402881444038109,0.04982517665121395,0.00016716579552472413,0.8940967651366228,0.011882077976257259
216,0.032542934236371245,0.16624286591644394,0.0006797958169682253,0.7885311386180259,0.012003265412190661
217,0.03589700410189399,0.28694205128707545,0.0041094280633451555,0.6422195372252987,0.030831979322386655
218,0.030162414073465416,0.07475389734284565,0.00023724124144191563,0.8832048214719821,0.011641625870265042
219,0.030380416111580433,0.06401402157668916,0.00014185582718457832,0.8920209949837477,0.013442711500798062
220,0.024247371260230775,0.07055392446038684,0.0005393633092638969,0.8838948437622738,0.02076449720784477
221,0.053809063588671394,0.18618239669858397,0.00030331726265475374,0.7386275494010388,0.021077673049050987
222,0.054097976307614586,0.25697901075526786,0.00019671548489493185,0.6688506455642727,0.019875651887950006
223,0.05296360425172719,0.09182663325379227,0.00015944650767865787,0.8468427925203178,0.008207523466484042
224,0.08158448247954109,0.09503381405751841,0.00011231828303349323,0.8088027336521013,0.014466651527805671
225,0.05737511611026676,0.09900822871127139,0.0002262378400197698,0.8130415895774024,0.03034882776103964
226,0.03446835269841757,0.027378877929890244,2.474598852246219e-05,0.9326704568040136,0.005457566579156033
227,0.03563618300696366,0.02206897240199058,5.501052345032026e-05,0.9355121461675264,0.006727687900068928
228,0.02493657002269307,0.017106620373951397,4.7853906625612066e-05,0.9547955372762572,0.0031134184204727132
229,0.026724078586780768,0.02026564848494749,5.461208981004699e-05,0.9494054342120631,0.003550226626398485
230,0.029598558053516754,0.02595000291989711,4.896731208810171e-05,0.940420682661467,0.003981789053031135
231,0.030281604276213014,0.016624576101151343,9.054081594067551e-05,0.9344565238896642,0.018546754917030867
232,0.030594315187865505,0.019376980715495817,5.5321090722317924e-05,0.9416294711869525,0.008343911818964002
233,0.025906024555268622,0.029056556596158984,8.836981801433236e-05,0.936224070880165,0.008724978150392991
234,0.02762649422520821,0.043799705578718054,0.00012844380868952827,0.9235034120096615,0.004941944377722737
235,0.026595703541019495,0.037057879250974965,8.61294525536659e-05,0.9306355201234349,0.005624767632017004
236,0.03171528561025385,0.03353736773988343,6.663259594324395e-05,0.9268773736386585,0.007803340415260948
237,0.056688777233215165,0.029115832286744605,4.340957888797781e-05,0.904703241143414,0.009448739757738174
238,0.10353663151492624,0.04160179437740343,0.0002528570803697411,0.8411955005357042,0.013413216491596314
239,0.10051975031085635,0.0599455563885019,0.00019199340146124053,0.8304334734231189,0.00890922647606163
240,0.07516889515798666,0.08625031653838915,0.00014765844726158573,0.8300590720015956,0.008374057854767022
241,0.07538392024644841,0.057804838591391336,5.463979249168526e-05,0.859852720318786,0.0069038810508824594
242,0.10043121644660735,0.06630832001228898,4.505463808448081e-05,0.812951532442162,0.020263876460857328
243,0.12498257791711435,0.5570217142542306,0.0077081819886576485,0.26975215152519877,0.0405353743147986
244,0.2561239867965424,0.32237159210880967,0.00036916605645797337,0.39973670647821324,0.021398548559976485
245,0.2817518151302202,0.1955887964647683,0.0002350538245885271,0.4954431932671636,0.026981141313259495
246,0.26418430693963274,0.3688528268619734,0.0008515006167486113,0.3244382037224611,0.04167316185918412
247,0.37103915247916236,0.142655198917456,0.0009462189370975246,0.14205472426190027,0.34330470540438385
248,0.23504792905943303,0.7031234333539184,0.0018447358262117391,0.01816491510923979,0.04181898665119715
249,0.14675918904853344,0.8278929999021991,0.0006603792446326492,0.007063091299980998,0.01762434050465372
250,0.10395273482263052,0.8773222615480331,0.007946385352975992,0.0017661067802481258,0.009012511496112239
251,0.02429737489881954,0.9592989459300626,0.010370256282400004,0.0025920371744704383,0.0034413857142473817
252,0.016909335197489522,0.9581468415116885,0.020365376167990702,0.002067550087412636,0.002510897035418828
253,0.029756635277979095,0.9576625058219924,0.005802802902224473,0.002385409456687652,0.00439264654111622
254,0.0026918488929392258,0.9103513922065712,0.08557090304373256,0.0005380848669137902,0.0008477709898431876
255,0.011123933704811781,0.9679904007126524,0.01747772989656334,0.0014431274103157436,0.0019648082756564588
256,0.03716430262691861,0.774769819115459,0.17645235772204798,0.0016497451840375812,0.009963775351536716
257,0.005609307980392172,0.9086979777178502,0.08287032673064358,0.0007808137196484548,0.0020415738514656663
258,0.010423679320026332,0.8487746220254753,0.13725115801097604,0.0011980127455057641,0.0023525278980163628
259,0.014489971683443952,0.8215434947728466,0.15883624974721236,0.002388529721119184,0.0027417540753779317
260,0.009170144159280117,0.7861280684928934,0.200804091809161,0.0009385707583780501,0.002959124780287611
261,0.0038147320116232136,0.7639854202481295,0.22910569338527653,0.0012621483633264764,0.0018320059916441607
262,0.021492366840656616,0.8486821870629885,0.11987659453989809,0.0030255254748062176,0.006923326081650677
263,0.00880964069045788,0.6881248172982822,0.2977160209518637,0.001756956171146592,0.0035925648882495077
264,0.005368224008087556,0.7082844716435579,0.2824860392163874,0.00147782745987726,0.0023834376720897918
265,0.005335903756351976,0.4662133425278347,0.5263045377651944,0.000661745192153375,0.0014844707584655535
266,0.007981026436254954,0.6549632803458378,0.3306692278248548,0.0010710533830548157,0.005315412009997619
267,0.004154360178491116,0.6354337557292551,0.35842832094625654,0.0003240961601869781,0.0016594669858104529
268,0.003593813737594048,0.5552654529132305,0.4362889547508167,0.0010525800618375338,0.0037991985365212213
269,0.0067457790977649415,0.6804948566263371,0.30886769866081204,0.0005713282087106993,0.003320337406375181
270,0.005594817536438105,0.5318258476141172,0.45883100021331413,0.0009904855871148233,0.0027578490490156307
271,0.006333953022763559,0.5163951719069363,0.47414641256765516,0.0006560638482083306,0.002468398654436716
272,0.005626233252583127,0.5749354200982866,0.41571223233024024,0.0007466896046404455,0.0029794247142497583
273,0.0017826671335957178,0.31663303416935135,0.6806469654753826,0.00018101654277725607,0.0007563166788931084
274,0.0031789717198310538,0.37329868773249086,0.6225897200160709,0.00019995573372122725,0.0007326647978859128
275,0.001776033900765338,0.22988054972835817,0.7667923210785587,0.0001277168105729679,0.0014233784817449938
276,0.0016915266380825777,0.2495483513560513,0.7472918931873018,0.00019218077140708742,0.0012760480471571355
277,0.0018110206936813671,0.33974830917630183,0.6567622982606311,0.0002707165320387173,0.001407655337346864
278,0.00146453361408961,0.2542118168814353,0.7435814975653381,0.0001102955283544952,0.0006318564107824832
279,0.0008284795222870255,0.2341956291357696,0.764471996014325,6.225670715862869e-05,0.00044163862045982767
280,0.0013141055907920603,0.1961366816124043,0.8018447226981621,9.306177996631333e-05,0.0006114283186752453
281,0.0007073898606447081,0.14956801471328363,0.848867541579452,8.753694290315521e-05,0.0007695169037166639
282,0.0013774780219682834,0.25632434834614265,0.740777648087963,0.00024790393150643536,0.0012726216124196766
283,0.0022423741109960237,0.2601750731395532,0.7356058355522515,0.00033779110571946453,0.001638926091479893
284,0.0020549449897163804,0.2565969974281171,0.7392609637930533,0.0004749515183307469,0.0016121422707823729
285,0.001241392478991322,0.4209869234682347,0.576311921744482,0.0005399043386852796,0.0009198579696067253
286,0.004587998072681,0.3223146296607007,0.6681906090005117,0.0030662046759781397,0.0018405585901283097
287,0.007424384170243852,0.4111947549987474,0.5765444405036914,0.0018954203008103281,0.0029410000265070366
288,0.007904859329563581,0.5718617868949698,0.41044247927419136,0.002551029976147731,0.007239844525127404
289,0.11777961769589171,0.2716685159418904,0.009869792709087312,0.016402441213767504,0.5842796324393632
290,0.18976710694003965,0.43202018481094273,0.0011375579806164587,0.05468240329119438,0.32239274697720693
291,0.20180900193777063,0.10623601446805551,0.0014362301518491324,0.053515756062844665,0.63700299737948
292,0.3052883249356245,0.25395803390949495,0.0004068141897111121,0.10380387775850253,0.33654294920666705
293,0.350505456563683,0.1866964684610994,0.0016803682241977556,0.1832603650402884,0.27785734171073156
294,0.32192215852678685,0.3474893877832178,0.001768941536916774,0.21483802820648706,0.1139814839465915
295,0.19113154337994545,0.5128797213738344,0.005063036922071456,0.1372278414054522,0.15369785691869653
296,0.23283309351349468,0.4634758203662679,0.003212082617504179,0.27597044250228364,0.024508561000449628
297,0.14998537206810383,0.6527257775304479,0.03589237674147673,0.0889406141136306,0.07245585954634076
298,0.033037371312942286,0.9226983606836708,0.008568003090359684,0.030303831202532817,0.005392433710494251
299,0.1843505364291803,0.663411062164554,0.022150331391215597,0.08931260960010712,0.04077546041494299
300,0.06802208325612867,0.9028778918107047,0.008523891836971846,0.012505808368265394,0.008070324727929467
301,0.01574855779254912,0.9769518117637679,0.0022931136877136337,0.003162733209638443,0.0018437835463306269
302,0.034721731191562646,0.9517545685402322,0.009790321328528891,0.0016775861637753394,0.0020557927759008257
303,0.019992263669479326,0.9333189225173959,0.03970815212704924,0.004147569831099925,0.0028330918549755875
304,0.0321425031114856,0.8607295994208451,0.10158456607111567,0.00240309918510312,0.0031402322114504745
305,0.00777249794948233,0.9118515431874603,0.0784586192629739,0.0007106081288762985,0.0012067314712073637
306,0.0039032301188468023,0.8768208685134808,0.1171139272874941,0.0010519958438057475,0.00110997823637262
307,0.012529269290369285,0.9309456329663067,0.041863493070705304,0.006725216236515999,0.007936388436102464
308,0.006533270240484116,0.7976424308073079,0.19055410858225896,0.0033399883260566946,0.0019302020438922724
309,0.009636551076167711,0.8985252617119049,0.08749876992746138,0.00226765313390078,0.002071764150565117
310,0.006239012299368845,0.4917808043744141,0.4984718282609037,0.0021565379291780323,0.0013518171361351211
311,0.014984052617266446,0.5987516572722209,0.3765311385366443,0.0028262916251862035,0.006906859948681971
312,0.010453998193171764,0.7682981810182774,0.2136180445145865,0.003925005175582995,0.0037047710983814357
313,0.008785258004277732,0.39821366978493133,0.5887329109148474,0.002444929637849062,0.001823231658094431
314,0.003920991296118055,0.5604756301829714,0.43179855938074824,0.0014471142438320802,0.0023577048963302175
315,0.006482018832310938,0.6521697840784203,0.3368273131021336,0.002153236559158525,0.0023676474279766355
316,0.0037132525994251694,0.7190599904874064,0.27454798736613706,0.0013917622365770606,0.0012870073104543785
317,0.0033492733167603417,0.4516572795005665,0.5433781770759768,0.0004631498177592269,0.001152120288937181
318,0.00459503559027663,0.6399353493357262,0.35091139339249217,0.0017245921277946796,0.0028336295537103933
319,0.0031100890678848474,0.43655502600784496,0.5577248020127422,0.0008944413321023418,0.0017156415794255435
320,0.0032820893792233703,0.3958177836152345,0.5985164855709261,0.0005663861380547502,0.0018172552965612548
321,0.0025116630201140622,0.5034423680022118,0.49158212783286986,0.0007712658106576693,0.0016925753341465249
322,0.0036300027805103528,0.43592487021730675,0.5578747859889628,0.0008147637636745406,0.001755577249545475
323,0.003140820797826548,0.5270984241947954,0.465965287978991,0.0005997083853803504,0.0031957586430065724
324,0.0018858600736455704,0.43414356786648245,0.5618684632808465,0.000586181396366711,0.0015159273826589345
325,0.003198105107903979,0.43682467325657964,0.5565527329698154,0.0009703196359562878,0.0024541690297446533
326,0.0029278988873204,0.3555555521174397,0.6400239967125297,0.0006187240263187635,0.0008738282563914197
327,0.002284492774440864,0.33214350930076025,0.6629652800664232,0.0012314776311192902,0.0013752402272564585
328,0.0015732786135075534,0.2352330718982843,0.7613251393094742,0.0007932170000165592,0.001075293178717384
329,0.013122496452008837,0.3625464489518343,0.5923617650636798,0.002971278774904405,0.028998010757572842
330,0.013730701714765913,0.5988098003187725,0.3801518650514304,0.003279778916944726,0.004027853998086625
331,0.007717302691620913,0.849850973030521,0.1386378871460894,0.0012971990886989913,0.0024966380430696696
332,0.008398888848810784,0.550278678813036,0.43748919467089503,0.0012183407422867469,0.002614896924971537
333,0.007009554044852428,0.5814068530172708,0.4082029439712345,0.0012452258152593875,0.0021354231513829097
334,0.008503682522578701,0.6935409150004267,0.29338267422330294,0.0011902812722044082,0.003382446981487247
335,0.004250045886893669,0.7306507469472624,0.26168430009147403,0.0006231939317998978,0.0027917131425698252
336,0.008577328705553788,0.7383866409603331,0.24861011196026953,0.0014270519953160457,0.0029988663785274873
337,0.019644056956660307,0.7354233482398389,0.23630240885862816,0.0028732188621497937,0.005756967082722773
338,0.011740278219942814,0.7510901904880304,0.23031859290171539,0.00223848654494856,0.004612451845362841
339,0.01400696746922762,0.7110757765501412,0.267148621510411,0.0034995472660309702,0.004269087204189141
340,0.007684600191068252,0.6321695193326055,0.3545444854159095,0.0019175261814746388,0.003683868878942039
341,0.004857518589328209,0.5766936520523999,0.41345019627282464,0.0013921754986794721,0.0036064575867677403
342,0.005726068920458452,0.3862887506303378,0.6046622881717646,0.0010024809944415727,0.0023204112829974984
343,0.008806606399826007,0.42149767376730923,0.5631900018337609,0.0015933623934139278,0.004912355605689975
344,0.0041815180060556624,0.4188778897619865,0.573041753039294,0.0015186312013469963,0.002380207991316801
345,0.0012859611753695955,0.4089783627009008,0.5870438528871845,0.001036953147826492,0.0016548700887185996
346,0.001958711886702337,0.3026707404921741,0.6930139132244314,0.0006366374315548759,0.0017199969651372647
347,0.0018826679369344016,0.319581833715849,0.676791754870527,0.00023192249482002005,0.0015118209818696386
348,0.0008588068647121669,0.3682246339078216,0.6293106942916149,0.00020098020684953199,0.001404884729001622
349,0.0017788114852794665,0.31131250648736747,0.6856833409490852,0.0002296028611009736,0.0009957382171668088
350,0.0013313839716670947,0.24608880565604827,0.7514424801065945,0.0001738223490659018,0.0009635079166242459
351,0.002022859071200882,0.3218237165955485,0.6741337463118522,0.0002740114287218039,0.0017456665926765713
352,0.0010781977184106692,0.2430799223933709,0.7549575904903327,0.00017082348762082974,0.0007134659102649767
353,0.0024465359728824635,0.43097451449637475,0.565124144777944,0.00036122722275088034,0.0010935775300478772
354,0.0026723656004671403,0.3128101348369312,0.682630187326412,0.00037623661802039913,0.0015110756181691872
355,0.0020896240475891115,0.20551768304186294,0.7913926589011087,0.00018555868543041203,0.0008144753240089415
356,0.00263180709051943,0.20865104303825258,0.7873907824643116,0.0003420058766262972,0.0009843615302901627
357,0.0008890781295519187,0.10537045097580244,0.8930115426696514,0.00016091213337094052,0.0005680160916233033
358,0.0013010077973136906,0.1070294819010217,0.8902316979503765,0.00023226614913034933,0.001205546202157935
359,0.0014730489479573667,0.11866888881939906,0.8788104122297549,0.00019495457720849913,0.000852695425679966
360,0.000972095937052223,0.2057849302103563,0.7923411108887406,0.00015269726594960813,0.0007491656979013286
361,0.0016271606764611771,0.1729456844548849,0.8238099648165541,0.00028175664328036884,0.0013354334088194403
362,0.001366100071628676,0.1179507789524536,0.8796049563021232,0.000221208470874056,0.000856956202920303
363,0.0009651301165422946,0.11017788395148852,0.8878402348980328,0.00016681104387869077,0.0008499399900578661
364,0.0008396796994658655,0.18380734477651356,0.8142620670353995,0.00018355451060045859,0.0009073539780204817
365,0.0026863236815108694,0.2324939181509483,0.7630833067366614,0.00034293837165495956,0.0013935130592244932
366,0.0013368894695045665,0.2569857419584243,0.7402709484283032,0.00031527585120254785,0.0010911442925652863
367,0.0011912521323601411,0.4943868602418304,0.5027422485636373,0.00033406031855748606,0.0013455787436147796
368,0.0031289269695779845,0.3735877717947504,0.6210583773043132,0.0003937914893647994,0.0018311324419935568
369,0.0014685676349177799,0.19182888219055536,0.8054440603971444,0.0002570661312698775,0.0010014236461126516
370,0.0015146551248119851,0.20170609945723197,0.7951012473759382,0.00027789198149177403,0.001400106060525978
371,0.0022135459899119345,0.20612729710603903,0.790109237308095,0.0004318854402434188,0.0011180341557106939
372,0.0008314092105678467,0.2066767673837979,0.7909760370293021,0.00032749697552780175,0.0011882894008044223
373,0.0004895670756003611,0.07849922820296498,0.9191731660024782,0.0005339424059626355,0.0013040963129936668
