epoch,N1,N2,N3,R,W
0,0.13045731400757274,0.00018691995829974312,2.9801135043946766e-06,9.274235415603067e-05,0.869260043566467
1,0.01752554414727164,3.4915478350186115e-05,1.2266093225280147e-06,1.1295858401864587e-05,0.9824270179066539
2,0.0011608990140443338,3.428059171076253e-05,1.8168673879539186e-06,0.0001321236924327151,0.9986708798344243
3,0.0016576098810263495,4.0187132550004535e-05,9.367358525948506e-07,6.845617755238063e-05,0.9982328100730188
4,0.11362173019094572,0.0003449582040978901,5.04485052268709e-06,0.00026599585034736895,0.8857622709040863
5,0.1936748394408393,0.0029638207227307652,1.3657542260687541e-05,0.0005609991701767693,0.8027866831239924
6,0.2165737513889206,0.0007895915799816269,9.309597205261713e-06,0.0005778556990506624,0.7820494917348418
7,0.290872873845332,0.0023084974793849663,5.137466080995096e-06,0.004258707725428365,0.7025547834837736
8,0.6726053287834916,0.0031806896040964244,2.963056969380167e-05,0.03038600224931349,0.29379834879340466
9,0.5988087221814642,0.009319742855839027,3.113892725603789e-05,0.02600580059751751,0.3658345954379232
10,0.17789620398472747,0.2395673196706166,0.00022400925160013559,0.34916083792691927,0.23315162916613635
11,0.11453079759782925,0.048447794422131533,7.221545021390173e-05,0.5479121024212769,0.2890370901085483
12,0.2026433126559303,0.0880169859923438,0.00017173145399328426,0.46435496378658925,0.24481300611114326
13,0.17672062562650878,0.2768751289617691,0.0006900372579203771,0.32669737846908153,0.21901682968472025
14,0.22176962145529225,0.2028669843636465,0.00010661366908168463,0.15688386972484947,0.4183729107871301
15,0.08660318266874803,0.015141963161643969,7.94966003416476e-05,0.026633432165914142,0.8715419254033522
16,0.17224092452733364,0.5431811020122892,0.0014151276904508206,0.04886574166556302,0.23429710410436333
17,0.35611766945694734,0.3976551590567543,0.0004557479005079001,0.06297975655346695,0.18279166703232358
18,0.12379678034381328,0.03410104724747861,4.0580781090672164e-05,0.022460241451482503,0.8196013501761349
19,0.19224932651340548,0.3926053073311026,0.0007139502481990344,0.2800897161011512,0.1343416998061416
20,0.4346087280923999,0.1935739281446709,0.00045413937024161547,0.14255563182258174,0.22880757257010576
21,0.4436774359238838,0.3059378601665364,0.0005186677131615422,0.06647606653621588,0.18338996966020235
22,0.12626217913415153,0.6102201299028148,0.0012228244968210868,0.09409896736207733,0.16819589910413524
23,0.28451674163711543,0.24323929391823643,0.0007555548925159589,0.22601435799614547,0.24547405155598676
24,0.1621957158633708,0.5437250063693955,0.0013184207366795082,0.12999502285056844,0.1627658341799857
25,0.11763820855375755,0.010541781811164304,5.831405546167001e-05,0.005664667097101685,0.8660970284825148
26,0.7062427051912976,0.18570908017193782,0.0006928613980551179,0.010455339680393647,0.0969000135583157
27,0.7892272686970324,0.12750086688038093,0.0003273178254244256,0.03267376661204175,0.05027077998512056
28,0.19917646981567902,0.7696746907229749,0.0024020965883564294,0.0013181554243154878,0.027428587448674095
29,0.2461599404680992,0.6360654812477997,0.001820140264858947,0.04442511205137117,0.07152932596787123
30,0.039457236894528826,0.9306604165538023,0.0018221992262846185,0.007991671733222336,0.020068475592161978
31,0.24441227475473187,0.6727097683647212,0.0009719553258744839,0.01809876664082418,0.06380723491384824
32,0.12837196441843465,0.848782706315582,0.0023763052305339214,0.0032103284363198207,0.017258695599129695
33,0.027667653683595705,0.9623546805561746,0.000784145687449999,0.0024932604355872153,0.00670025963719235
34,0.02206214440251747,0.966601599753302,0.004875838426579621,0.0015990487630474462,0.004861368654553718
35,0.00485556225980329,0.9782222471961218,0.01212169529984508,0.0004350113625250307,0.004365483881704811
36,0.006839921350335705,0.9736695525233512,0.011255419900295171,0.0007440557922601598,0.007491050433757855
37,0.002274920262759839,0.9715279919978297,0.021326836503185544,0.0009330262964117314,0.003937224939812903
38,0.0017393317816784572,0.919621241080035,0.07205679576796511,0.00047024588706549804,0.006112385483255983
39,0.001673955332133765,0.7853392642111566,0.20146468820937885,0.0011162362990116568,0.010405855948319087
40,0.009706404209661793,0.7804690131498488,0.16139319209997977,0.000990964326768676,0.04744042621374092
41,0.1041684754476598,0.7723085337201508,0.012603329175970486,0.012506631339387526,0.09841303031683123
42,0.03362991891384869,0.016834895653044777,0.0001756706836636571,0.00123043376401343,0.9481290809854295
43,0.8471339484036611,0.031782541116102035,0.0004069584040972578,0.0011009687258994824,0.11957558335024004
44,0.9220991940768177,0.03672770838237845,0.0002799479255541457,0.0004489005227004469,0.04044424909254916
45,0.9276040204033071,0.06509950359695267,8.215507527311984e-05,8.981514124245564e-05,0.007124505783224589
46,0.022728062778235886,0.971978191324936,0.002424205417049175,0.0001759411928812403,0.0026935992868977006
47,0.014764131583840904,0.9757554813403064,0.005503907187838434,0.0005690216190325948,0.0034074582689817175
48,0.0030677605183977497,0.953961615755815,0.039386581870953855,0.00029006244645478574,0.003293979408378755
49,0.00043458022653296746,0.9104164643044436,0.08792373536700698,0.00012920251024384387,0.0010960175917725547
50,0.002524433199867599,0.9431518430810234,0.051146077852197394,0.0003051475905099252,0.0028724982764015143
51,0.002383429188111566,0.9691054339857708,0.02575832576459779,0.0002568803940028101,0.0024959306675169423
52,0.0005610730077256424,0.7190854132373671,0.2775096423262169,9.025567241154053e-05,0.00275361575627887
53,0.0006908952845434713,0.7711856990588957,0.22500296974319828,4.488323368116514e-05,0.0030755526796813135
54,0.0007314176323062177,0.466676206545054,0.5277768394122558,6.0485951684026995e-05,0.0047550504586999455
55,0.0009192728401372518,0.6533386845248776,0.34096910759159765,5.0494003959722715e-05,0.004722441039427698
56,0.00043114450745463507,0.09915569467769358,0.8963068128829964,1.106827765851397e-05,0.0040952796541968515
57,0.002288088976053625,0.7045999247668698,0.28574558463704053,8.811497108707274e-05,0.007278286648949032
58,0.00017436512356524558,0.06825019470145065,0.929766667982762,7.246624781123544e-06,0.001801525567441193
59,0.0010752794615536377,0.7203124556244213,0.2689552299770497,3.1290174972724745e-05,0.009625744762002621
60,0.00015176939155620562,0.08869993002141748,0.907247918332989,1.050251744172732e-05,0.00388987973659565
61,0.001027442689388111,0.29753216869022614,0.6980402012411892,6.105877339712955e-05,0.0033391286057994646
62,0.00035423686418973894,0.10374791991563168,0.8939072570371873,1.221498845958327e-05,0.0019783711945316083
63,0.00022662152571467019,0.2749596312651864,0.7218401999657195,1.9503883208539574e-05,0.0029540433601708367
64,0.00020966067081795264,0.23086203630492824,0.7656835257406842,2.5007859805032933e-05,0.0032197694237644987
65,4.0117887753812284e-05,0.03250950894396735,0.9657707421591156,6.984065653855853e-06,0.001672646943509308
66,5.048548947125447e-05,0.030450702571689515,0.9679991245327655,7.353754978981287e-06,0.0014923336510946335
67,0.00020790311556538585,0.11673148133653216,0.8790907295859853,1.455489276149357e-05,0.0039553310691555245
68,0.00034192395472329765,0.21677169519519035,0.7754573597129942,3.0600050695163736e-05,0.007398421086396962
69,0.00013308016098180145,0.04905852631542768,0.9479506581100247,1.0257040372212416e-05,0.0028474783731937603
70,0.00044394449550399,0.27699121509436736,0.717839131111176,4.0263629184422753e-05,0.004685445669768316
71,0.0002067907099657114,0.0772560287959803,0.9212312416492443,1.107338736180174e-05,0.0012948654574478431
72,4.110010012421771e-05,0.02446466787843845,0.9747866574522305,2.55528838856597e-06,0.0007050192808185873
73,5.112901339713352e-05,0.031102204748970012,0.9681662206026387,3.867471269400486e-06,0.0006765781637247848
74,0.00017441132109962063,0.12041683826785664,0.8778499069255136,1.0476563962297834e-05,0.0015483669215680088
75,6.354836323987558e-05,0.02337723151612546,0.9757941687227448,3.6345632760351587e-06,0.0007614168346136463
76,4.430763731070414e-05,0.028704967534078744,0.9690194149818487,4.184257917934613e-06,0.0022271255888439427
77,0.00015635922474323364,0.11352906876115693,0.8848902699132611,6.953696960861807e-06,0.0014173484038776856
78,0.0006141688118612623,0.2726986526239841,0.7236620881890624,3.847380993495988e-05,0.0029866165651574
79,2.7887996622117443e-05,0.01327094623075878,0.9861604399502861,2.9001452122047635e-06,0.0005378256771207224
80,0.00029195376328174365,0.1900554560411215,0.8078735994432459,1.651493720421446e-05,0.0017624758151465513
81,2.7081960686095972e-05,0.008655537265587073,0.9908215214570801,1.489800591303365e-06,0.0004943695160555134
82,8.012728312525183e-05,0.023966559581343555,0.9745620282379862,4.31397653315787e-06,0.0013869709210118833
83,0.0002813253554038216,0.14466363730886794,0.8531269534762392,1.4724058776765898e-05,0.0019133598007122581
84,0.00022071055571771066,0.03480765489605739,0.9626646669648122,3.5938787509302787e-06,0.002303373704661758
85,7.575463578101962e-05,0.024653637484447977,0.9742406608995778,2.31528348586592e-06,0.0010276316967073047
86,5.875114209672091e-05,0.03163406017140969,0.9668758558359306,3.3210548512261414e-06,0.001428011795711618
87,7.791762595979228e-05,0.036797907228454586,0.9623172113896266,1.8758402273563781e-06,0.0008050879157316996
88,2.647450177365758e-05,0.017492910502602935,0.9820532270188077,1.4264759507547475e-06,0.000425961500864888
89,2.019270169615107e-05,0.012169651774563169,0.9874530632117667,1.997480990756161e-06,0.0003550948309830475
90,5.139412233323821e-05,0.03451603291275734,0.9639892119712996,5.023805445878869e-06,0.0014383371881640122
91,8.071312030769024e-05,0.026009924083137147,0.9730336298290727,1.8328574253325262e-05,0.0008574043932291109
92,0.0003011036376926385,0.1811007604593264,0.8135664650880087,6.265453062467606e-05,0.004969016284347461
93,5.79921807823352e-05,0.022321201907766354,0.9764359929260004,2.9609653208738527e-05,0.0011552033322421165
94,0.001699547522586757,0.16209564684918512,0.81759053197418,0.00018678545706149997,0.018427488196986676
95,0.006305903943846727,0.1440836072160556,0.4435693926992608,0.0003007913486114539,0.40574030479222534
96,0.031082376012251643,0.33113385407656865,0.024860438874959874,0.0010684992198845892,0.6118548318163353
97,0.1631394392976337,0.3849676581525609,0.008108690367397508,0.004525994740128709,0.4392582174422793
98,0.06869994784159279,0.6388323833993245,0.005596343423082153,0.0025502146587222897,0.2843211106772784
99,0.15973436023706183,0.7383170297517313,0.0028559902170067967,0.00872397764191744,0.09036864215228282
100,0.03715492682064679,0.9238418288177986,0.006164828254555162,0.0013186520605491558,0.031519764046450294
101,0.04591238032646348,0.9184257930149899,0.009346682351401665,0.002968054441182306,0.02334708986596254
102,0.01888016968305665,0.9576022264482349,0.011578193072788007,0.0020338431905687774,0.009905567605351686
103,0.012210635447015086,0.9274714544701883,0.04789407141049538,0.005053111755056885,0.007370726917244373
104,0.012641861930138602,0.926927970731627,0.047349830041323905,0.007884067648026951,0.005196269648883648
105,0.007533109133082558,0.012248042689703819,0.0025288983374801718,0.0006289484567903082,0.9770610013829433
106,0.6737638967974673,0.26952705206174465,0.003868423473132132,0.02094687872881189,0.03189374893884421
107,0.1937206542727063,0.7427931392240522,0.00845868966357186,0.008880364647710087,0.046147152191959626
108,0.44827973148141187,0.5101515902991032,0.006246654713109637,0.008808982328446048,0.02651304117792935
109,0.09489611213838613,0.8069138657727595,0.008892808828708272,0.07832801903043396,0.010969194229712211
110,0.03473493723191638,0.9130825447923854,0.016936352367116828,0.030024293871359426,0.005221871737221786
111,0.03379019761065579,0.8880227316300285,0.005181998383653087,0.06764129384208592,0.005363778533576703
112,0.059867436416949874,0.8086341828080343,0.0051071443043710744,0.11944194817353766,0.006949288297107141
113,0.08429031578331493,0.7116409181352528,0.004987868554489052,0.18912092152598167,0.00995997600096167
114,0.055449276584666224,0.8443432807044151,0.006879150303223296,0.08611615988732868,0.007212132520366654
115,0.044903458111349284,0.8941695306943628,0.00632835781130147,0.04711706725954229,0.007481586123444141
116,0.12403767322303834,0.6698325833015465,0.002258453812207237,0.1916556625226957,0.012215627140512334
117,0.032216129480109164,0.9050850484712363,0.004635736868580025,0.05395969227109627,0.004103392908978102
118,0.039083795452671315,0.8775735859313349,0.002795187512982655,0.07449030309809991,0.006057128004911147
119,0.05288727838691614,0.7745824487653781,0.002723187811396253,0.1616106772680096,0.008196407768300237
120,0.03708255094401919,0.7899202332087238,0.005529536559930995,0.15717995619092942,0.0102877230963965
121,0.02510402919516302,0.9310425501481366,0.001970987085820246,0.034217565421979124,0.007664868148900771
122,0.008060741239534657,0.9471905253532881,0.02263458013299727,0.01686534920251075,0.005248804071669199
123,0.09953738554673874,0.7801922901260413,0.0026851116178807826,0.07824988981513248,0.03933532289420663
124,0.02005844487909279,0.004325640633909222,7.587824805236705e-05,0.001108501716554307,0.9744315345223914
125,0.7824515835201832,0.08371085901602697,0.0003619428668850662,0.004281336640701379,0.12919427795620347
126,0.42577400170648133,0.5505273869594398,0.0005280957610985785,0.0011553165773147045,0.022015198995665678
127,0.3133856462748087,0.6662547248994011,0.0003365040579341616,0.002569129152085627,0.017453995615770393
128,0.07100146362996658,0.8768340806893865,0.002914410055712592,0.00763381542735816,0.04161623019757609
129,0.11448785403429078,0.8528523584930977,0.0013933240640189005,0.013222851445814077,0.018043611962778473
130,0.06461046399005886,0.9239511675116447,0.001082095492851214,0.0033292485229835292,0.007027024482461758
131,0.01706820678809771,0.9475774041655511,0.01697159956174713,0.0022271838844504744,0.01615560560015349
132,0.10187793347615173,0.8561054317753516,0.001999047466673889,0.022322041756644574,0.017695545525178182
133,0.06501795225687497,0.9143702564095343,0.0010160941646955865,0.011376262332090065,0.008219434836805027
134,0.09209569920732995,0.8832071895677174,0.0012363084951556406,0.010607234072993289,0.012853568656803635
135,0.004644776120822334,0.9881222890335477,0.0019416233574915246,0.0022415828949022562,0.0030497285932363162
136,0.03727271516255477,0.9286807863027441,0.004977243161721671,0.017012197104322745,0.012057058268656695
137,0.10607095952135018,0.7302460849429125,0.003932394000791756,0.09136730251879521,0.06838325901615026
138,0.02405804241019525,0.9443869352811012,0.007201713520385515,0.007898027613819062,0.016455281174498924
139,0.18016545717704682,0.3026613437019109,0.0031541053374944663,0.035133239645027674,0.47888585413852025
140,0.6638868361722268,0.10618718103128155,0.0008766528764231029,0.08794184149616523,0.14110748842390333
141,0.26830974497852417,0.06363013794794044,0.0004847930043429344,0.06888452141203412,0.5986908026571585
142,0.6722865027057288,0.14386604575060877,0.00014216699894658682,0.09205356049288574,0.09165172405183006
143,0.41838066776438926,0.20057676649156322,0.0006509492470492061,0.09216245296318912,0.28822916353380934
144,0.3820836859108727,0.4496199141623234,0.0007784725612061869,0.0638174992602868,0.10370042810531088
145,0.3415080959046942,0.37495568663119383,0.0006045914088476434,0.16769116544049387,0.11524046061477046
146,0.09514550547226522,0.6619137573021224,0.007939586049435583,0.022993362600994622,0.2120077885751822
147,0.3481328451952162,0.44818835685884406,0.0018831404276394286,0.04449449979200282,0.1573011577262974
148,0.16962737378673498,0.7666870704110458,0.0070407291212450235,0.02135639694008599,0.0352884297408884
149,0.4120981475631435,0.34392484391899236,0.0021493091612599224,0.03671225117112808,0.20511544818547608
150,0.2548546458952302,0.6653564399553118,0.0010437401993558062,0.04439152269140669,0.03435365125869562
151,0.03553249798255676,0.9280782404803077,0.0027326561678402356,0.02309780212925061,0.010558803240044648
152,0.022775126615670806,0.9131398938956838,0.0036525894187617826,0.05224031536796412,0.008192074701919579
153,0.07054503199872342,0.1229336936239989,0.0003604346811215573,0.7624424254182588,0.04371841427789725
154,0.040112680923528814,0.11695967661995645,0.0002914989832294034,0.8167478870628007,0.025888256410484856
155,0.06216177533057557,0.0172556567756642,3.770857629793823e-05,0.8596231175538844,0.06092174176357791
156,0.0825551694907012,0.011871222047237917,0.00013040435420614367,0.2957359896379844,0.6097072144698703
157,0.17413334802727426,0.012363332961932332,6.434595948344847e-05,0.4695161442116874,0.3439228288396225
158,0.35306331490836285,0.006277090344137634,8.851790605631553e-05,0.3569376816977592,0.2836333951436841
159,0.14259170851723352,0.0020687232430894402,5.217163148406368e-05,0.528108829724751,0.32717856688344193
160,0.016817530516987252,0.002943275901092479,5.8480081022340607e-05,0.9430038749535884,0.03717683854730944
161,0.015838471997297758,0.001325802981141904,2.6779526776782272e-05,0.5219122560534933,0.46089668944129014
162,0.10100999172079957,0.001648644929157362,5.9301456707831845e-05,0.6120525324676567,0.2852295294256786
163,0.030660555867178564,0.003423461601835571,4.4468108589628244e-05,0.9408853904448735,0.024986123977522704
164,0.16828675368508375,0.0028287402162186113,8.551612676800503e-05,0.5865560413729322,0.24224294859899753
165,0.02219817083841876,0.002102160460357909,8.112986344466667e-05,0.8889951314894106,0.08662340734836815
166,0.010474587098532759,0.0037854696654569925,5.7762679283630843e-05,0.36377892373665355,0.6219032568200731
167,0.08406591764466656,0.0034259043647383914,7.382131922464766e-05,0.6551867502821117,0.2572476063892587
168,0.1251730838399677,0.006006042944750502,0.00011452364574709489,0.683525100578274,0.18518124899126087
169,0.45440683727110737,0.005610078111082779,0.00013595673117361605,0.29915097380695516,0.24069615407968112
170,0.18246628726518113,0.004354285175320506,8.55264614636469e-05,0.6919184672067128,0.121175433891322
171,0.22372076377337075,0.007954375421285954,0.0001626365055823216,0.44953184535769547,0.3186303789420655
172,0.16439237338090892,0.0072343553208803054,8.387048332252897e-05,0.7351658933500279,0.09312350746486035
173,0.11477294115706603,0.007045241895369094,0.00011267911964993717,0.6810964767822268,0.19697266104568814
174,0.17087270373983166,0.00646953472921648,0.0001006006235956094,0.6581494276614996,0.16440773324585672
175,0.3670302773846086,0.017013263171852765,0.00011411146588880795,0.4486350850413994,0.16720726293625057
176,0.4230317446379322,0.02019710464891296,7.835015293372363e-05,0.4672068545630316,0.08948594599718951
177,0.2687920259903572,0.3001088889740569,8.237585523112336e-05,0.23857391581808526,0.1924427933622695
178,0.39358063898278195,0.13451304579358694,0.00025631605490177543,0.42955026555581,0.042099733612919396
179,0.183487582775749,0.44561605763197293,0.00023803583330847444,0.23836129218296945,0.13229703157600026
180,0.17318615007409088,0.4934808194683233,0.0003623464335952642,0.3108175028526032,0.022153181171387343
181,0.0731170028567219,0.7685912732608093,0.0007204702500687439,0.14324029510712674,0.014330958525273383
182,0.303798954089011,0.2517635459910273,0.0011644569346550692,0.08545365097977009,0.3578193920055366
183,0.33953185201204833,0.5924150335878392,0.000252856322048776,0.03017764040399704,0.0376226176740666
184,0.26768040439848556,0.7063024374104447,0.000312762452984279,0.015609468977270294,0.010094926760815024
185,0.6849146885299833,0.2522946005808531,0.00013061387013042726,0.018433573488742416,0.044226523530290926
186,0.04143391423345938,0.9261930138616962,0.0006422759679663636,0.0035108130835164353,0.0282199828533618
187,0.04033109456325889,0.9445096641549492,0.0003239967852056819,0.007589768950174526,0.007245475546411653
188,0.09140010895574807,0.7680991609609159,0.0019947430598693566,0.004514423272021065,0.1339915637514454
189,0.1187097823105203,0.7693400480471907,0.0005655769610074469,0.007668314514933987,0.10371627816634756
190,0.04383003034935109,0.9307412560164215,0.0015944083642615316,0.012040377832307193,0.011793927437658848
191,0.07413588184387337,0.7477206489079665,0.002182735060145457,0.0036675337899385596,0.172293200398076
192,0.23721869792353104,0.3181591545147682,0.00019728483003511444,0.020233120432193615,0.424191742299472
193,0.13709735935481454,0.011805287705504755,2.1942311122402853e-05,0.002598476141654904,0.8484769344869034
194,0.9038515825520078,0.04799945304730438,2.7296337385001428e-05,0.0012963354563808372,0.046825332606922065
195,0.6455471772527337,0.33367375879320266,5.241054106942583e-05,0.0007524148887971373,0.0199742385241971
196,0.10611288586797936,0.8886322767190302,7.756105866646249e-05,0.00037272323702944543,0.0048045531172945044
197,0.003397214639336875,0.9940369126851718,0.0001830018397652263,0.0005193882677525307,0.0018634825679736242
198,0.0040844621872127415,0.9935995210860599,0.00032510535050512667,0.0005335605663392359,0.0014573508098830064
199,0.0012569736417923651,0.9944679391795592,0.003368110048333829,0.0001615262130883313,0.0007454509172261203
200,0.0027631716404141605,0.9931545615272017,0.0018981141212644954,0.0010048022445149712,0.0011793504666047234
201,0.0022001856048700567,0.9921355569415725,0.004813172655624036,0.0002014442696221046,0.0006496405283112402
202,0.0028702290833435102,0.988563911233979,0.007449831913896359,0.0004215477684565151,0.0006944800003245449
203,0.002589641056078667,0.9764389426760111,0.019750334539071254,0.0005500142301771889,0.0006710674986619211
204,0.0010647225857514729,0.9612039014525403,0.03633642466159622,0.0010009218948553312,0.0003940294052565248
205,0.0008930373728111644,0.9505072403194234,0.047553106882235664,0.0006198942018500085,0.00042672122367979807
206,0.003028415603282241,0.9622751716807609,0.03221442012572388,0.0013715958381498128,0.0011103967520831926
207,0.002235058064697509,0.9841375350865146,0.01238409935555716,0.0005376487651947735,0.0007056587280361365
208,0.0004959072470384681,0.7613281333476184,0.23708783137218292,0.00027322806354608406,0.0008148999696142957
209,0.0018491921885227473,0.8795828163508012,0.11680609613131872,0.0005984409860936049,0.0011634543432636015
210,0.002076196730092293,0.9076467221787824,0.08812715515634134,0.0003656189548585644,0.0017843069799254661
211,0.0009281916367077077,0.9656494697000408,0.032383697859693514,0.00014117367697484372,0.0008974671265830814
212,0.0009907672034026656,0.9150777464635644,0.0827537458553938,0.00016130111988152214,0.0010164393577576896
213,0.00024582137957131,0.5437445740794303,0.45509382448342417,5.0335415815241185e-05,0.0008654446417589496
214,0.0003562518051350861,0.4905136667467887,0.5077510305362097,0.00010951910931622338,0.001269531802550258
215,0.0005899019807291561,0.4322512336093308,0.565924049791681,8.17340740537951e-05,0.0011530805442052383
216,0.00015087839427395237,0.24089377856907945,0.7583085207169977,2.1799404314103372e-05,0.0006250229153349004
217,0.0008508791435557398,0.5619227978793294,0.43521677422503263,0.0001475516179477918,0.001861997134134353
218,0.00017980816063609803,0.5285103207884589,0.4705592612561879,4.451764620688301e-05,0.0007060921485101862
219,8.702801798955523e-05,0.06243944131484377,0.9372664575630386,1.500326354363293e-05,0.00019206984058430435
220,0.000521286862680595,0.46565485455410704,0.5328468025763896,6.240265858540048e-05,0.0009146533482372187
221,0.00018909028155222323,0.3197433007938399,0.6794918061712725,2.6080143107110978e-05,0.0005497226102281746
222,0.00013982314260780314,0.33222984995580973,0.6669651928017489,3.5378551928490527e-05,0.0006297555479050931
223,0.00029001482592289735,0.39193392226362916,0.6070877954157528,4.970898123078258e-05,0.0006385585134645683
224,8.574086730521544e-05,0.11110512150254227,0.8883645651349772,1.7657287291644942e-05,0.00042691520788349675
225,0.00019620234987104005,0.20076373157020772,0.7985200143827033,2.4687062622821878e-05,0.0004953646345951937
226,0.00019461189910990076,0.10774722604606295,0.8916190242038441,1.9185392185143634e-05,0.0004199524587980394
227,0.00010611982431714699,0.19142946512827616,0.8080901375792617,1.7418303421128397e-05,0.00035685916472378133
228,6.386841772715672e-05,0.055797348464360796,0.9438926891789142,1.3554492683065402e-05,0.00023253944631476716
229,3.673528821126531e-05,0.03523686770422513,0.9644976298082225,9.160376038339258e-06,0.00021960682330287803
230,3.7579506818141925e-05,0.033881997619600916,0.9657687081421124,1.2201098867931668e-05,0.00029951363260075954
231,0.00011623322758819201,0.10106916219159033,0.8983291869261971,2.866551117560854e-05,0.00045675214344869503
232,0.00014216471431040435,0.12008986586511364,0.879212629238482,2.2460052647475397e-05,0.0005328801294465444
233,2.2716523894954996e-05,0.010796212930002783,0.9889943000027269,8.429758067789041e-06,0.00017834078530753073
234,7.054868146179081e-05,0.08441698091522627,0.9151067837642979,2.2475912123022725e-05,0.0003832107268908193
235,0.00014822186106305357,0.10270666375584803,0.89637440222457,8.588460426938589e-05,0.0006848275542495314
236,0.0001353208284233464,0.07242247169602445,0.9266043923144356,0.00014567334414915348,0.0006921418169672664
237,0.00023183396771661965,0.09910475772359201,0.8999128709032281,0.00011412561142551193,0.0006364117940377184
238,0.00011471533580081343,0.043620883575490994,0.9555108050963625,0.00012204933434115133,0.0006315466580046443
239,0.0225917775328663,0.3671801863419383,0.3720650785929606,0.00546202213232047,0.23270093539991415
240,0.023410111117925635,0.4039066302265298,0.5159995499199275,0.0070120706035484166,0.04967163813206857
241,0.02018279840076455,0.7997971093676121,0.15298115573855692,0.007448443331278961,0.019590493161787688
242,0.040708035830599724,0.7850798150393863,0.13700907467838028,0.015104137850958738,0.022098936600674947
243,0.08029726293333853,0.7931787110418305,0.0761189477645475,0.023631634163287597,0.026773444096996026
244,0.03476834302656552,0.8567878943672088,0.0780889883351369,0.015544828983684067,0.01480994528740449
245,0.06048279652577315,0.5837775563776015,0.05409040328727183,0.027083909126238627,0.27456533468311484
246,0.0854622669324414,0.7899159166264759,0.026262633702654057,0.059962417254807686,0.03839676548362089
247,0.054303576428378,0.7188772438078288,0.008445586282426453,0.20339960677732724,0.014973986704039467
248,0.12687217616472848,0.5776203600052351,0.007411571315747175,0.27747664449729886,0.010619248016990277
249,0.049454138418265806,0.8312262806965839,0.007686935493160896,0.10026199431120679,0.01137065108078255
250,0.02540746900156503,0.9120532839088938,0.007889874071011452,0.04412281146219503,0.010526561556334663
251,0.09242734667796573,0.4419871785185432,0.002848376801072903,0.20549850464448743,0.25723859335793087
252,0.05300784884543876,0.020648896354438197,0.0006506420603555629,0.0029100731571391975,0.9227825395826283
253,0.6654752289041426,0.2581996266303718,0.0013543216005854255,0.01067542359179109,0.06429539927310916
254,0.8505339375053415,0.08082482857271556,0.00013826889690973868,0.003599584485333993,0.06490338053969928
255,0.27785953399109686,0.7080437422995286,0.0006095250048585362,0.0021848830616877594,0.011302315642828277
256,0.12448337942130917,0.7961149839677112,0.0005873126756120967,0.06820598754339972,0.010608336391967602
257,0.06593046941892566,0.8880718923969809,0.0017592575381554004,0.03870451676049985,0.005533863885438143
258,0.01736983301024692,0.9571071378230862,0.004369297539633906,0.01567613794310496,0.0054775936839281305
259,0.01487562318871309,0.9730974954324241,0.0014387301705816242,0.008204713822160759,0.002383437386120499
260,0.08552326309138997,0.7955907434010532,0.0035138570324046805,0.018328764282565784,0.09704337219258627
261,0.1421880644391391,0.831056233537632,0.002503974175105184,0.005554891826902326,0.018696836021221287
262,0.03410435692414488,0.9531743505104237,0.0038674819847413313,0.0014504670184878647,0.007403343562202578
263,0.0841032865722369,0.9040955473933946,0.0015605256863861939,0.002910519538000367,0.0073301208099819
264,0.054951689365045665,0.9333374277398917,0.003435787504321635,0.005621849331387048,0.002653246059353792
265,0.05279044372997238,0.9309070117414885,0.0006499279633126879,0.0031541515181951183,0.01249846504703151
266,0.05063136817545613,0.9338094448793614,0.0023532361772868686,0.0028519535104704436,0.010353997257425258
267,0.10854005462444663,0.8803373359859218,0.0012107373475550357,0.004921417878947914,0.004990454163128411
268,0.1045108707675081,0.8868192225391501,0.0015108992798783033,0.0016486076023818042,0.005510399811081502
269,0.022694988736369912,0.9710948246043352,0.0010593713945121583,0.0008120001065902031,0.004338815158192697
270,0.044244732225430135,0.9422712795777173,0.003088449755550898,0.008408175033455189,0.001987363407846514
271,0.17854471311371684,0.7415909810898513,0.0008705352693244687,0.006343936318759299,0.07264983420834811
272,0.08706546606630118,0.9040301795852367,0.00023023914364426806,0.004264159293599852,0.004409955911218086
273,0.06755719015560384,0.9158638145677485,0.0009743721052848227,0.008141930881392973,0.007462692289970021
274,0.15614658596989683,0.8176403871933381,0.0008767012516516322,0.00614080062370615,0.019195524961407216
275,0.011627181448729203,0.9833679495006474,0.0009619457912976098,0.0020369437226937176,0.00200597953663201
276,0.03480123438724634,0.9535309099503575,0.0013231037233086438,0.007382413786099347,0.0029623381529884332
277,0.40398334467392116,0.43876390994868203,0.0007087729949047117,0.020322220797380015,0.136221751585112
278,0.02660675991105715,0.9664381322571598,0.0003326216856380186,0.002639185510428473,0.003983300635716625
279,0.28245787122480775,0.6843965018766208,0.0008851569592079998,0.022345458793189183,0.00991501114617418
280,0.04798474499505613,0.9447210500524479,0.0003265708898510376,0.0025237625252742474,0.004443871537370647
281,0.0788224894392253,0.9087564349177801,0.000528541640937238,0.005975617910455379,0.005916916091601844
282,0.15212219425174026,0.8204505256522622,0.0007502898065057629,0.01893208618492528,0.007744904104566424
283,0.10243601573829227,0.8653077885733902,0.0016576252394899288,0.0036446770094994444,0.026953893439328306
284,0.24245075895931217,0.7305890559720591,0.0007375753532317862,0.012102885572021065,0.014119724143375985
285,0.22220579059249693,0.743836863520999,0.0004066078450027173,0.008664567372290483,0.024886170669210773
286,0.1016096628449876,0.8795634179962076,0.00020643327988752587,0.004980557179893801,0.013639928699023423
287,0.009130561620714777,0.9856780278818317,0.0014435841750030873,0.0029375256483562587,0.0008103006740942476
288,0.05204507438189296,0.9141301088062952,0.0010333003247502287,0.003081177762212914,0.029710338724848857
289,0.3101286900538134,0.504868378436133,0.0003506324623521104,0.01132163131203524,0.1733306677356661
290,0.4572150010988195,0.5123609807148563,0.000564328825806686,0.009373988997956058,0.020485700362561476
291,0.3076871053713012,0.6742856727144014,0.00011036927630571786,0.006034952796185858,0.0118818998418058
292,0.26434962796837463,0.6851367306903012,0.00011632124630097752,0.00589933616996176,0.04449798392506147
293,0.01227060838779438,0.9825778005878827,0.00023370159986838639,0.0038163257332562255,0.0011015636911983896
294,0.24269779901766905,0.7053922624573778,0.00038895240258591586,0.015645103330839783,0.035875882791527425
295,0.0438030566158508,0.9495259207471537,0.000192798855090676,0.002233037457526126,0.0042451863243787
296,0.07294020432005897,0.9145884432594059,0.0007748109672394421,0.008388090380959272,0.0033084510723365777
297,0.11245347856579237,0.8651360381747654,0.0006891862378560592,0.005757617299637159,0.01596367972194912
298,0.02514545696412263,0.9687890841288227,0.00043802448028657784,0.002777023923831707,0.0028504105029361726
299,0.18906320861520773,0.7538505209188703,0.00023079400040868124,0.05211148893154693,0.004743987533966476
300,0.1167666915706,0.7928176476450342,0.0006985478468016321,0.04170841356496225,0.048008699372601944
301,0.01964007648830877,0.9540589518522163,0.0022715073594057117,0.01732563598397453,0.006703828316094591
302,0.19954815173829218,0.5457851115044762,0.0004451007823195802,0.22850512560395275,0.025716510370959504
303,0.12034816697687699,0.42107996061680025,0.0009264888675618081,0.4319365855776519,0.025708797961108993
304,0.07977313602664021,0.12680852543640084,0.00010619328017726534,0.757372733358529,0.035939411898252865
305,0.12333510203020802,0.28784234943178244,0.00010143577017066054,0.5531633623408121,0.03555775042702678
306,0.15368700633174592,0.06966867606732527,0.00014922231864030925,0.6721214266746112,0.10437366860767733
307,0.41418841055564914,0.09423199265508017,4.9659545909738455e-05,0.361227687916262,0.13030224932709897
308,0.3157668095360377,0.050221093719830245,0.0001194291306254799,0.4087119294911584,0.22518073812234807
309,0.39048121608361486,0.03287682979712852,5.3433564158080984e-05,0.5340914606429784,0.04249705991212013
310,0.2817095291374223,0.044687365719912865,4.200474813819582e-05,0.5874611084124847,0.08609999198204213
311,0.06767157820669134,0.03793558076972739,7.105136482865282e-05,0.8728471195140104,0.02147467014474216
312,0.013766192695086454,0.0045767170272256385,8.756324600559726e-06,0.9702237582468111,0.011424575706276226
313,0.02887986765208483,0.004250642768927176,1.903894189511953e-05,0.9278198986718046,0.03903055196528833
314,0.01833069196847241,0.004878452836551488,2.7270475325732243e-05,0.9573383428909424,0.019425241828707883
315,0.01998249311525033,0.005754781129572108,2.7245287521337984e-05,0.9564162892933133,0.017819191174342833
316,0.01787986612446437,0.003503280143629727,1.7231340988659236e-05,0.964275834468781,0.014323787922136235
317,0.02490112630937252,0.0025569108304607695,1.269745190533821e-05,0.9681786546814948,0.00435061072676661
318,0.03482134494101006,0.003687216802861723,2.2875228401467668e-05,0.9481655731144847,0.01330298991324206
319,0.056573487283653,0.0029159034210433014,1.405141840233765e-05,0.8964405928543111,0.04405596502259022
320,0.10222652175041516,0.015084821463801953,5.312219762735586e-05,0.8210124545129754,0.061623080075180164
321,0.15148951928065238,0.008212306525231491,4.9644606777979324e-05,0.35237067007681516,0.487877859510523
322,0.7327013123043294,0.010034377151466739,3.282525707241517e-05,0.22402830398000312,0.033203181307128286
323,0.31415805084163645,0.11071571282165633,4.217930990188811e-05,0.5514647090275772,0.023619347999227987
324,0.20777871495162664,0.006639814635004708,3.343416590630078e-05,0.7521978117915958,0.033350224455866356
325,0.051219796706363445,0.010261001025150674,2.8459439789671402e-05,0.9295775974590668,0.008913145369629458
326,0.08242310709826145,0.032005674938735455,4.842095349450614e-05,0.8412454926932759,0.04427730431623277
327,0.10238807337753764,0.016483552685834176,8.74529369514732e-05,0.8402829464942143,0.040757974505462403
328,0.062130571571368434,0.012331774439969382,6.005865515602224e-05,0.8662699537737053,0.05920764155980098
329,0.08661047495630764,0.011416014766461048,3.709733471162734e-05,0.8206368116498984,0.08129960129262126
330,0.1158440964974853,0.01181956765913739,3.450466239594522e-05,0.7398255419550643,0.13247628922591692
331,0.19817238343603813,0.012082089574931724,5.710375617776417e-05,0.7506387561404438,0.03904966709240851
332,0.18600199971276332,0.02228014004993937,5.431606664354898e-05,0.37718215832883867,0.4144813858418151
333,0.02363247349870982,0.0011040417699916898,9.564310551816503e-05,0.0015101809757914276,0.9736576606499889
334,0.8476885661975881,0.0034843701044209936,2.8642857163907057e-05,0.01472074598752863,0.13407767485329833
335,0.8053281652020129,0.045781843775397485,0.00011901745779551417,0.01892157939796724,0.1298493941668267
336,0.8397941670504256,0.04055820462309894,8.554825712862806e-05,0.03337253745688213,0.08618954261246455
337,0.06866699801608117,0.7086807718247319,0.0002654722672115465,0.18835187754160335,0.03403488035037198
338,0.1224837806761195,0.6275056854276837,0.00019831170155979168,0.1807394608954433,0.06907276129919379
339,0.23571791073475676,0.5727412836468951,0.00037638466935591066,0.03837319367508196,0.15279122727391017
340,0.12312555219137515,0.8644310697413417,8.184705850541298e-05,0.008325309105095035,0.0040362219036825945
341,0.043691830995868895,0.9514176919287353,8.004068230075448e-05,0.00301662601390042,0.0017938103791946137
342,0.012837516339374624,0.9849617813573271,9.740909228965162e-05,0.0011954074847033188,0.0009078857263052836
343,0.004190128918607238,0.9944747960508371,0.00012552476087892048,0.00055745695081336,0.0006520933188636256
344,0.0009901161969226892,0.9982505906272497,0.0001255086012595321,0.00028244460279905164,0.00035133997176921744
345,0.0008898298472614403,0.9981015930938657,0.00018400056469222457,0.00046130785213999793,0.0003632686420406503
346,0.003422651757501076,0.9948043522414524,0.00019731709317467785,0.0007255425706223585,0.0008501363372494706
347,0.003102374356879891,0.9951603992742474,0.00011923779493240512,0.0010759776620842489,0.000542010911856306
348,0.0029112305219319767,0.9946583646454746,0.0006183869541237823,0.0011718468630603242,0.0006401710154092302
349,0.0071868710709253126,0.9884502425149596,0.0009718918701229727,0.0024146501310071144,0.0009763444129852081
350,0.005163795578184528,0.9915371808122749,0.0012702021397808904,0.001019749980671104,0.00100907148908841
351,0.004879765357674082,0.9910956176322229,0.0017996204770783651,0.0012943678216208521,0.0009306287114038492
352,0.0031923668104342287,0.9894449511816724,0.005415951824934901,0.0009931297184007904,0.0009536004645577798
353,0.0038852243651295837,0.989814284721789,0.004406497754337513,0.0010372760483463414,0.0008567171103972162
354,0.0034272750427410434,0.9859324045321951,0.008253618997815479,0.0009798551306704336,0.001406846296577794
355,0.0015335097704598825,0.9933481276864223,0.0029653400210247786,0.0013038292911348298,0.0008491932309581247
356,0.001519959828065267,0.9941677896375039,0.002304154460790933,0.0013684546585418153,0.000639641415097922
357,0.012033464439652721,0.9810370102686595,0.0022060651926216444,0.0029950126842882697,0.001728447414778019
358,0.0011437784752272924,0.9664163337882615,0.03133209436270847,0.0003998934874722059,0.0007078998863306799
359,0.0012761638903366881,0.9775927229724269,0.020100986663625364,0.00040793584336647204,0.0006221906302444434
360,0.000944785766166942,0.9307541346973894,0.06662259240186567,0.0008798579515479037,0.0007986291830299148
361,0.005059034540804724,0.9376719396450456,0.05230909216524213,0.003232370654025724,0.001727562994881761
362,0.007237826106079608,0.9528842240708467,0.035338961732855834,0.0029278242302372844,0.0016111638599804997
363,0.008702083096207444,0.9287893543621141,0.05343047998593217,0.007018382707385112,0.0020596998483613776
364,0.014276349607073177,0.9423461679501105,0.03151404519660746,0.00854670885989087,0.003316728386317908
365,0.005881676259150357,0.9573414082276794,0.031729057504507024,0.0034690314287266683,0.0015788265799367605
366,0.015937839027627576,0.9496215938159162,0.024148635995440735,0.003364523329375593,0.006927407831640093
367,0.04351083941991847,0.9441296289622244,0.003592952738277855,0.005143319289550332,0.0036232595900287986
368,0.113015312964589,0.8740456379662743,0.0031464431224010013,0.0010280465954191182,0.008764559351316547
369,0.01959069085865576,0.977885937517025,0.0004211264963349263,0.00022521724903824027,0.0018770278789459458
370,0.0016901908848395084,0.996916206948012,0.00047544949557619366,9.311827419361711e-05,0.0008250343973788913
371,0.001522591398035723,0.9967233334717985,0.00112283862809204,0.00013673583107152556,0.0004945006710023204
372,0.008906516560177243,0.9567575338414509,0.023281939495050818,0.000864433788275763,0.010189576315045195
373,0.09992882579260493,0.8172223387504662,0.004475460525352118,0.006076905206038508,0.07229646972553828
