epoch,N1,N2,N3,R,W
0,0.0011419444721267795,0.0008509317950632515,0.006087768465960213,0.00025676696501368334,0.9916625883018362
1,0.0017829871923310645,0.0004079935668558349,0.0036862111964428494,0.00014202164218754233,0.9939807864021828
2,0.001586048340413168,0.0008595756547051842,3.193226637582058e-05,0.0002861016426433889,0.9972363420958623
3,0.003134298210965059,0.0020145926070300013,5.7777690215465456e-05,0.0005415790628183262,0.9942517524289712
4,0.005679598451309796,0.002546128345985664,4.914072996867348e-05,0.00148490547986066,0.9902402269928752
5,0.010238040085407695,0.006761399358586989,1.6318530859299975e-05,0.0023041756826263746,0.9806800663425196
6,0.006973860401412433,0.004178069023428557,0.00016816556279854964,0.001869008473014087,0.9868108965393463
7,0.016501480422355334,0.019491892750773673,0.0002203301531627916,0.0022666785435674045,0.9615196181301408
8,0.03054894482787544,0.024625812923280442,8.857616622400533e-06,0.004063863068324995,0.9407525215638967
9,0.04585054872228799,0.055535633938302756,0.00015536710700890028,0.0030959682728343638,0.8953624819595659
10,0.19027551988033753,0.21955966809183522,0.0002054974326655081,0.006539928697741752,0.58341938589742
11,0.11389401346765195,0.26592759556397855,0.0005397414650936315,0.005628424503701046,0.6140102249995748
12,0.14438152698963777,0.33725701965020144,0.0013184219718979447,0.004823289244577277,0.5122197421436856
13,0.0788785729962919,0.2300219213805074,0.00967846102793412,0.004702858695364379,0.6767181858999023
14,0.07166808823108488,0.25772187131580154,0.0002693136569280886,0.0071539413531320145,0.6631867854430534
15,0.03953605973777848,0.12076273846911284,0.0001894994607136348,0.0023864133709520265,0.837125288961443
16,0.06661926744377175,0.19848224378462212,0.0015663688450056024,0.004203919504357373,0.7291282004222432
17,0.05765304824838441,0.13269516428369474,0.0018169620603689326,0.006807021199513047,0.8010278042080388
18,0.024917926065028476,0.10861716245975882,0.0013305828147065655,0.0031287493078719455,0.8620055793526342
19,0.0081379433487131,0.005475406151305792,0.0002962852596344292,0.0006113890819356253,0.9854789761584111
20,0.010577682048565724,0.004844565438446666,4.5616734123058986e-05,0.0008980200498234035,0.983634115729041
21,0.020612500185592023,0.02679909661820288,0.0009032367088494921,0.0007405236187830367,0.9509446428685725
22,0.04746208795119645,0.027049111036847134,3.8721991507468296e-05,0.0039841655719223225,0.9214659134485267
23,0.034981281423032896,0.06287625138343217,0.0003381001156643157,0.0017657611836967544,0.900038605894174
24,0.0326463210485936,0.05355585205397916,0.00044059746330388347,0.0037194051235864916,0.9096378243105367
25,0.03374049904849323,0.1511443530246425,0.005321303809169648,0.003076901299947151,0.8067169428177475
26,0.07713803502031794,0.28107010490284345,0.00057933786790425,0.00470918787353142,0.6365033343354028
27,0.1735257080375289,0.21128135316762484,0.00034235208750708153,0.011260813636793068,0.6035897730705462
28,0.04364493277211579,0.49355870083438397,0.010741985549548293,0.0029687102370494593,0.4490856706069024
29,0.04851891270392775,0.4654236419529589,0.013055980558150758,0.0029938416904447414,0.47000762309451805
30,0.10965040017161203,0.4291573498704392,0.0014625047576810248,0.0031924560152326543,0.45653728918503517
31,0.08780560522151021,0.338694212815739,0.016609548861675018,0.005492095671338764,0.551398537429737
32,0.08924804695599173,0.3106035086662598,0.001726781935116068,0.002078170501681276,0.5963434919409513
33,0.05501424526866788,0.4937547978536291,0.01237358640336016,0.003535047582722759,0.43532232289162004
34,0.07837150043296544,0.2816164716501089,0.006264458167583398,0.0040459675567070625,0.6297016021926352
35,0.07303627931227898,0.39175136532707094,0.011152760579881687,0.0038652552678039446,0.5201943395129645
36,0.033972754847591886,0.14335373998881928,0.00973596238368461,0.0021546998332135294,0.8107828429466908
37,0.06663306085103479,0.48629544010811293,0.03370543462360452,0.006395919881173033,0.4069701445360748
38,0.1429883621775615,0.4119611392767252,0.016473352062902364,0.008459164214785415,0.4201179822680254
39,0.0699059386429404,0.4988493316496434,0.06651327805405728,0.003611096875149001,0.36112035477820986
40,0.10006015783720386,0.7395251670996003,0.021611687306536544,0.005273181007040335,0.13352980674961912
41,0.06547780623874153,0.7918515449458383,0.03294474013038516,0.002561580863585466,0.10716432782144945
42,0.04747677367546849,0.6460264124045837,0.07222151292830185,0.0041395963021915875,0.23013570468945424
43,0.048348952213085154,0.831561470309806,0.06582150446269044,0.003573451712832405,0.050694621301586126
44,0.16167505770595844,0.6625835517055176,0.014415581821785832,0.007156349437886358,0.1541694593288518
45,0.04244435508946563,0.8319866117697217,0.0498482979960358,0.002859018573273424,0.07286171657150335
46,0.05361871477967973,0.8019890951902469,0.06461202081076663,0.00526889830208274,0.0745112709172242
47,0.17493374503333523,0.7290422506885152,0.003938942547693877,0.01099973333219428,0.0810853283982612
48,0.07636455465474096,0.7421629225159763,0.037858248515507356,0.007034272639845824,0.1365800016739296
49,0.10440589863292798,0.7239419710823702,0.0429037925652767,0.008364605200596993,0.12038373251882802
50,0.07698430722815129,0.7819852026952218,0.04131988167744812,0.003789145073426924,0.09592146332575183
51,0.06518513577738234,0.8303779064134692,0.03761955650360255,0.005424712049138883,0.06139268925640698
52,0.0632689905015919,0.727605032628772,0.039883086454080376,0.00436721091562358,0.1648756794999321
53,0.05058720994348034,0.8217146146530829,0.02627126160461333,0.0027865072024468446,0.0986404065963767
54,0.03721887226137915,0.7238140142479084,0.04777734422567134,0.003103439548640849,0.18808632971640032
55,0.04855737934099242,0.8153528243501806,0.040645574520479455,0.0017809587973322894,0.09366326299101527
56,0.039872344277861044,0.7215636916909702,0.05750330196155013,0.00302063860468203,0.1780400234649367
57,0.0726447097142648,0.7127756020101511,0.0441936434743991,0.003102624330613272,0.16728342047057188
58,0.06702364111197906,0.8195627202639456,0.01867734237704677,0.0014862892241471327,0.09325000702288128
59,0.048657742434651895,0.7680726649814623,0.04798459993758954,0.0013920208912786827,0.1338929717550177
60,0.043976435812905154,0.8535582109013072,0.04465774859416196,0.0011835746167860575,0.05662403007483945
61,0.041324128699235484,0.8968770580556861,0.02400583793865972,0.0015729423498952123,0.03622003295652359
62,0.07244647660817538,0.6333728538783253,0.08087888236193273,0.004311188445071979,0.20899059870649472
63,0.04030635818829579,0.8783484339844214,0.02673407605182841,0.0020201617880997906,0.052590969987354796
64,0.07091129797200364,0.6868003942204862,0.12613895692303395,0.0028425344955838204,0.11330681638889242
65,0.08368268588677333,0.7544239044346152,0.02524773412677023,0.008797843005356009,0.12784783254648535
66,0.05950984896725288,0.7939597098353526,0.022617134968107744,0.001927947362853498,0.12198535886643302
67,0.07763433907805364,0.7644339267133508,0.028992813766135567,0.0018028540398242997,0.12713606640263556
68,0.0968972412292864,0.686385924647667,0.03229467037620442,0.0030825773179583493,0.1813395864288837
69,0.11798793501301665,0.6921097562575942,0.00834977413132721,0.004109340133492284,0.17744319446456963
70,0.1605964085012381,0.5916543529791027,0.019189856984982833,0.006249885988560853,0.22230949554611557
71,0.09988763497542245,0.73115067864573,0.024834198152761167,0.00257752514006471,0.14154996308602166
72,0.17758036167529517,0.5622642496180122,0.03193763700017677,0.003355640799373193,0.2248621109071427
73,0.06661860424883778,0.7299331891558909,0.04069128048901071,0.002948172591180554,0.15980875351507995
74,0.07044512554322643,0.8485995676551739,0.019732604762730244,0.0023099968771877915,0.058912705161681615
75,0.08392926680469237,0.750750872663331,0.07191010387247629,0.004923786222302611,0.08848597043719776
76,0.051185359897391564,0.8325355644972133,0.059760880943312944,0.00408578985438135,0.05243240480770082
77,0.03508629949030349,0.8750605204707437,0.059097070937584296,0.0073532259865760115,0.023402883114792442
78,0.058433780732918675,0.7372786215360935,0.14076210202329056,0.010121270545007612,0.053404225162689584
79,0.12307268155394119,0.7104801486195852,0.04543068245746688,0.016016801946304764,0.104999685422702
80,0.07551675850689497,0.8094611690458491,0.08587281921638786,0.010535120570469535,0.018614132660398592
81,0.07161004710068598,0.8102390809475397,0.03437041794060375,0.010612445410197992,0.07316800860097267
82,0.054353236435608916,0.6871649741971124,0.12099191405065458,0.0068123728379215955,0.13067750247870238
83,0.03795340189708703,0.775025310442009,0.15094254920053998,0.004879464907525223,0.03119927355283874
84,0.05973089011424735,0.7230567984519277,0.09216388534775875,0.015418624406410042,0.10962980167965626
85,0.06182166270875478,0.7211902779564615,0.10361562019278123,0.005858365416280311,0.10751407372572212
86,0.07227990721184586,0.7750404107970461,0.0902452290006155,0.009629515484084559,0.05280493750640806
87,0.058195506315021454,0.7652203820762876,0.11061652240639962,0.004977144532258713,0.0609904446700326
88,0.05383694487314676,0.6389523729035939,0.1665674868218656,0.00701539633185927,0.13362779906953468
89,0.05763443848583508,0.8276165216377271,0.05650992160866292,0.006219220846725626,0.05201989742104916
90,0.11657465970023209,0.6877231627123936,0.07755430672021146,0.014445286980280008,0.10370258388688296
91,0.04928519691472421,0.8028563444435652,0.06449775523144408,0.007957886985134818,0.07540281642513177
92,0.1271438894960694,0.751460607333555,0.06974879893145268,0.013051263194558396,0.03859544104436457
93,0.07413484110843241,0.7969510739275139,0.08824493643686437,0.013235330348026805,0.027433818179162805
94,0.043661442701664145,0.8214893768395715,0.057984289176878305,0.00634053075334836,0.07052436052853756
95,0.058992821761073656,0.8423624435175622,0.05234396631297509,0.00744572632044953,0.03885504208793974
96,0.07455324364162699,0.8596957157608727,0.01506129994676445,0.0086741444094404,0.042015596241295465
97,0.06017387817476079,0.8522940105853459,0.04118965182304158,0.008372865463781501,0.03796959395307013
98,0.07795372966960123,0.8110391590969013,0.06836389414477495,0.008271238100711176,0.03437197898801149
99,0.09052282155088287,0.798462256505227,0.060641557504845775,0.010132692390551316,0.04024067204849305
100,0.024095576430333266,0.8184945738589551,0.12077611849727315,0.00814389392359408,0.02848983728984448
101,0.037067578956506496,0.8158799285627376,0.10243399242479417,0.005657792804036991,0.038960707251924555
102,0.03312475230810579,0.7102105423884603,0.17724420275107325,0.007740471314486904,0.07168003123787392
103,0.04275673360638673,0.658909456030623,0.1003546837446288,0.006073527653884311,0.19190559896447704
104,0.08617626228464816,0.5906737171375068,0.12054564776730198,0.012617604225289451,0.18998676858525348
105,0.04112631260817466,0.741443705165175,0.09495929381886777,0.006858941848033059,0.11561174655974951
106,0.12354459250357658,0.7259361930008176,0.06089567037400838,0.035461881084682026,0.05416166303691532
107,0.034078832469076184,0.7816215888502588,0.13809422743067276,0.006521552749820101,0.03968379850017232
108,0.04837084251930416,0.7773729162332235,0.07699843951725319,0.012404795490733351,0.08485300623948581
109,0.11860117940234778,0.6874872737181986,0.031176368216599207,0.020322642576579567,0.14241253608627466
110,0.06325712547649964,0.5842105062763352,0.04776918312968635,0.0038390934168540565,0.30092409170062484
111,0.13185217595553797,0.5688748640990834,0.09477974195192201,0.005402714778816543,0.19909050321464009
112,0.088971604602212,0.7714379124887812,0.03838401387782484,0.009655549896996447,0.09155091913418566
113,0.09859615617821653,0.7687901613325849,0.03418016815181823,0.007853731332130845,0.09057978300524945
114,0.10022225050794273,0.6074774818016917,0.04284871635092479,0.012933827593095065,0.23651772374634575
115,0.08386778389590281,0.6660930764328477,0.05824974054109146,0.011558185913882012,0.18023121321627594
116,0.07449900239026548,0.42700421863125787,0.04191413215629491,0.011183086788356594,0.4453995600338252
117,0.03969799813067152,0.4065725082217938,0.08159142457626006,0.007349956680721294,0.4647881123905533
118,0.004887770798595369,0.006318458353853981,0.002075071480625725,0.003108925726749649,0.9836097736401752
119,0.0019034902455198066,0.0036002637844793736,0.00010141706644992944,0.0012228896002085786,0.9931719393033425
120,0.0032199729759009314,0.004772931209599695,0.00019032379457018317,0.0016414498471209768,0.9901753221728081
121,0.060282581433045934,0.037178689416483154,0.0008804994346827704,0.0073992536270756646,0.8942589760887124
122,0.02112748680423313,0.04296412952321909,0.0012431655068709465,0.0031413942001614625,0.9315238239655154
123,0.0411357836116794,0.08758302458393359,0.0013615965946952384,0.012579791616435533,0.8573398035932563
124,0.032294110398404664,0.11906109591409951,0.012424591276045819,0.00883696702851418,0.8273832353829358
125,0.01613063588789867,0.02937595786935302,0.0002941577037682344,0.008835643237648442,0.9453636053013317
126,0.05229987604496813,0.04209766985803404,0.0005668782656874481,0.018981924914851178,0.8860536509164593
127,0.12562643418000255,0.10214189463142775,0.0080462020958456,0.021952798326934374,0.7422326707657897
128,0.08604684794663392,0.04053727797774367,0.0019491735467436265,0.010337389333114686,0.8611293111957642
129,0.14628944369719554,0.16834804388559887,0.0015655811443884562,0.016826533467943636,0.6669703978048734
130,0.20202315923216352,0.1695812616117884,0.011517541668551502,0.05183759035054413,0.5650404471369525
131,0.28677909095634957,0.16589231277737382,0.03299708681294881,0.20622018280217744,0.3081113266511504
132,0.39556970773404193,0.18281972900333435,0.0020011015864698748,0.13935899155398984,0.28025047012216403
133,0.20355719827643975,0.47752879615491034,0.017640699572971586,0.09015239250524075,0.2111209134904376
134,0.3309898092350775,0.19140123515611215,0.014173088939088488,0.22442039709031944,0.23901546957940245
135,0.22838953636607884,0.31399853348566387,0.01953856883434579,0.17013375988142937,0.267939601432482
136,0.11408084993428724,0.6317634760220874,0.045437906306981794,0.06644258562732967,0.1422751821093139
137,0.08657748299451158,0.2530129729885092,0.06493862239463834,0.040785198152087906,0.5546857234702529
138,0.16679385813650743,0.5822461089039528,0.01599779621998528,0.07370262978307057,0.161259606956484
139,0.13128128524901417,0.49203368590619384,0.07103944992189694,0.09711823356456155,0.20852734535833334
140,0.12485476231497862,0.672804512622936,0.03761741255450755,0.042932968018918216,0.12179034448865973
141,0.2551744006789101,0.544502296608404,0.02606246886049599,0.09227555763711773,0.08198527621507215
142,0.11158321559869445,0.6564651074864244,0.11530201497192238,0.06192834215362893,0.05472131978932991
143,0.107447443116211,0.6988587180830853,0.049884693902510956,0.10175608125916853,0.042053063639024085
144,0.1319709950776128,0.7091163814166308,0.0670762607947976,0.04619933203360399,0.04563703067735488
145,0.11846361852281702,0.7401013030274837,0.04644353655955638,0.034974566056288535,0.06001697583385431
146,0.05157578603199741,0.8574244828046084,0.07117117077025296,0.005382378590497105,0.01444618180264418
147,0.125795511857019,0.7531331829955513,0.06359336129503437,0.00886268828640412,0.048615255565991215
148,0.10056014995530083,0.7184344336466559,0.08675475638351869,0.007203122981638521,0.08704753703288606
149,0.06016993785219642,0.7967482143377593,0.11693465037614785,0.005609977935495934,0.020537219498400497
150,0.0541844122948525,0.7285410486006854,0.19231927746008493,0.009395011020555356,0.015560250623821763
151,0.1130149888957945,0.6941576236197449,0.17061376437456927,0.008328284694266415,0.013885338415624872
152,0.15367149312927064,0.6171380740155242,0.18589361268083032,0.025969961990317005,0.017326858184057835
153,0.13123634632437228,0.7263837028416049,0.09592419564354555,0.02316288719180113,0.023292867998675974
154,0.09045233115947802,0.6037328385746078,0.26016626354011974,0.02321339761203352,0.02243516911376099
155,0.09420841760046915,0.6623605518081948,0.18952497449056468,0.013691941136506272,0.040214114964265205
156,0.16315637940535385,0.6095073999831859,0.17792540205933347,0.023996097017147357,0.02541472153497948
157,0.03262164494402932,0.4807617036513924,0.471016565477649,0.003328053332259394,0.012272032594669807
158,0.07726311095339942,0.6527860478181597,0.246956858305673,0.004172409883028309,0.018821573039739425
159,0.10110691553659058,0.5966465946951239,0.2700865250941043,0.016410234672755288,0.01574973000142587
160,0.0704553244934153,0.6189960566241691,0.28968574190334156,0.004662265615551557,0.016200611363522546
161,0.06717680140469966,0.4913742399508736,0.42900206240120076,0.004332462729185912,0.008114433514040103
162,0.065377641856982,0.7917170845444633,0.11959826133216751,0.008098642434921192,0.01520836983146602
163,0.044660537731707486,0.5133326036818713,0.40559869877215177,0.004668361539291704,0.03173979827497772
164,0.023584052608457143,0.45608052391919673,0.5063990627833084,0.004586243404626323,0.00935011728441149
165,0.0761348676316107,0.7020293039285237,0.20877637230762494,0.003797482007582198,0.00926197412465849
166,0.04128486988166739,0.6125167875196087,0.33435397151831486,0.004489351249497693,0.007355019830911346
167,0.050694079740047325,0.701021138981429,0.23173531050748677,0.005767043784305632,0.010782426986731033
168,0.04461230000179909,0.4658767318496108,0.4793102170410182,0.003043688263672859,0.00715706284389887
169,0.035183987545311116,0.35893746055237835,0.5883423502871932,0.007876834014450282,0.009659367600667289
170,0.011695565456520647,0.14204279338818732,0.8370289322395124,0.00425773478203738,0.004974974133742434
171,0.012257996669692905,0.233310149222677,0.7420862094451053,0.003639328767068814,0.008706315895455941
172,0.019313329435601302,0.46213036389969603,0.498874317555295,0.010452554612480703,0.009229434496926802
173,0.022949801180103514,0.2857296021707041,0.6697414844490035,0.00900919144297955,0.012569920757209446
174,0.01343540549494058,0.2444901689775681,0.730162959975753,0.005190850868255535,0.006720614683482889
175,0.005329669074414328,0.10677341340959923,0.8795573911205347,0.003399953959237542,0.004939572436214251
176,0.01597122050472551,0.3766883993171198,0.5971165760092498,0.0038324389394628435,0.006391365229442016
177,0.011305675591303197,0.22886842802059806,0.7497467211960971,0.0052405462854930125,0.004838628906508888
178,0.02437221338237406,0.46576280754650085,0.4894198939595878,0.00944597062420272,0.010999114487334462
179,0.023293844998299448,0.47847275196013656,0.46862391842101114,0.018814149885437566,0.010795334735115387
180,0.02636109494783206,0.47973116835340834,0.47048466060594185,0.013262193727705136,0.01016088236511259
181,0.014846243694396157,0.3067941506744655,0.6589214568818702,0.00982998413721221,0.009608164612055858
182,0.012664419130419952,0.18040032128208308,0.7979123827537089,0.004908883189573186,0.004113993644214828
183,0.012226410315605042,0.2694430382312288,0.711630444579252,0.0030564018129306415,0.003643705060983642
184,0.030476564763163277,0.4279366869494203,0.5160535279791363,0.014699027432324305,0.010834192875955884
185,0.04166757263036636,0.625063777510471,0.30934730728913684,0.010614257926931329,0.013307084643094295
186,0.020928885889882662,0.4443987295303606,0.5224105493715974,0.005476405789266824,0.006785429418892485
187,0.04196597627290699,0.5240097716475315,0.3924866687543909,0.03105621337186027,0.01048136995331049
188,0.05967748631475069,0.6598101794288462,0.1933679237152711,0.06809570809629081,0.01904870244484121
189,0.03545629977964501,0.39708576915162475,0.4855383601498611,0.053167704905451,0.02875186601341801
190,0.08231428057768407,0.5285603468483804,0.2571792076818972,0.07087314064287126,0.061073024249167024
191,0.05700530794516482,0.3219102043517824,0.39568456920893613,0.016009671727963807,0.20939024676615295
192,0.12239864440010582,0.4936827093373041,0.05463363452055483,0.04619387356274062,0.2830911381792947
193,0.07369322272593598,0.18167347330704667,0.0033075192321421597,0.043823021432017266,0.697502763302858
194,0.21651860466865772,0.3299469920144747,0.004695077223917318,0.08770861697817323,0.36113070911477707
195,0.1307203735990146,0.07285873573926425,0.0033006998136546973,0.30133495618818684,0.4917852346598795
196,0.20166760200472755,0.19252860284283738,0.00044242104569488166,0.3721462079054383,0.23321516620130178
197,0.13633284857810796,0.2982451145705935,0.0014341263472864491,0.37797070155766793,0.1860172089463442
198,0.12825177569535226,0.09665952796767537,0.0014486714831671707,0.3961936336576226,0.3774463911961826
199,0.10381232515895865,0.10120986804761102,0.001436020009023767,0.2984040549235719,0.49513773186083476
200,0.0981896217618698,0.06691779320155128,0.00011416340681123984,0.74632181017812,0.08845661145164763
201,0.14859657678470944,0.08033832934219345,0.0001482953001277279,0.6067432054188269,0.16417359315414257
202,0.21376176394750046,0.1683496538361325,0.0001828343145203526,0.4596108205957038,0.15809492730614305
203,0.11582893203204984,0.057063935850449485,0.00012472801101941214,0.16389279090549494,0.6630896132009862
204,0.2599287622233818,0.1287761273669579,0.0002261450423300691,0.360061413702179,0.2510075516651514
205,0.24942137013721033,0.10364192839075914,0.00021819237861094934,0.26785594317889977,0.3788625659145197
206,0.3315973154097311,0.19479133747993616,0.001477057935578754,0.14607812119941743,0.32605616797533643
207,0.15229007414407808,0.048601265863223005,4.403883245389525e-05,0.23342773253635846,0.5656368886238866
208,0.127348346014757,0.1909967202848708,0.00010429942568652071,0.06865365834664418,0.6128969759280415
209,0.2879760647112072,0.12321127786747496,0.00021252490409226117,0.3444365118109455,0.24416362070628023
210,0.40995022560629274,0.08663351090961735,0.00024295761713869523,0.18658715900917017,0.316586146857781
211,0.19861951970153122,0.3239196747096404,0.0005855939886236939,0.194533185857291,0.28234202574291367
212,0.23204066623473046,0.15457497832967093,0.00038132923875004417,0.28546298170571344,0.32754004449113505
213,0.19487178861689755,0.38681415451747536,0.002910692051742494,0.19317800959994552,0.22222535521393913
214,0.13937435263196207,0.32234703678291754,0.0019303904861767732,0.2743401643659296,0.262008055733014
215,0.15893292305514248,0.33580835961981614,0.00030704556755363716,0.4367457258501169,0.068205945907371
216,0.11245695910481844,0.17885670443030624,0.00014963810110025098,0.6313460285545113,0.07719066980926388
217,0.16987682301460602,0.07717449939553131,0.0001792385279260855,0.6922715354839454,0.06049790357799112
218,0.19890540762473147,0.3366652603968549,0.00041385139376200837,0.31700773709989527,0.1470077434847563
219,0.0679763873869467,0.3360015018278462,0.002029881997588909,0.049037133810272644,0.5449550949773455
220,0.11465647914812759,0.2164901803174496,0.0020203899064408937,0.07702061657352176,0.5898123340544601
221,0.30403201981961414,0.32909600178464876,0.008813286872254876,0.10833810093938805,0.2497205905840942
222,0.13196129369465245,0.12441211315572955,0.016658624213401814,0.05734917269623564,0.6696187962399806
223,0.2471227317761779,0.3543838108058498,0.02549119652324933,0.18935542334906286,0.1836468375456601
224,0.21497276783687103,0.20743706857430955,0.03375532400766567,0.23806217777329486,0.3057726618078588
225,0.254204712794649,0.3172237338264832,0.05949837567951478,0.21394290525546564,0.15513027244388747
226,0.14728361671065998,0.304770216152117,0.28087989814835923,0.18248043985253276,0.08458582913633096
227,0.1832723093888646,0.49510997627637215,0.05564772627259629,0.17212968087787303,0.09384030718429393
228,0.16719522369350012,0.5659531318560095,0.04919409765374305,0.12795788263687363,0.08969966415987374
229,0.17392335594685784,0.5334480255210574,0.03428375288569488,0.2221230509246958,0.036221814721694064
230,0.2075732891798371,0.5082764124477435,0.11105817192061153,0.14546628656704133,0.027625839884766534
231,0.114519519474086,0.5732898120676837,0.12640788620977012,0.1597251559422735,0.02605762630618666
232,0.09417162604896279,0.533081931107726,0.20292782649795404,0.14480983044010748,0.025008785905249742
233,0.12846649374966193,0.5814481809763391,0.1682556770846653,0.10899034975089733,0.012839298438436548
234,0.10021713342172324,0.5504107836420552,0.17570175187479087,0.1583992544364347,0.01527107662499593
235,0.11095394646636363,0.455429439260717,0.2578222043908525,0.15963023287030215,0.016164177011764837
236,0.04911578258348539,0.4545244062971956,0.39099839213024334,0.09627293816874909,0.009088480820326606
237,0.041000897486650166,0.4282855941920939,0.4527187087849102,0.06489411231079215,0.013100687225553678
238,0.026362113766371275,0.44868918603547686,0.40990944405881913,0.09153626368844102,0.023502992450891807
239,0.12488801758724383,0.6578613361367626,0.04451415654370266,0.09924510410792609,0.07349138562436477
240,0.06537546254559008,0.4277915805617489,0.39191861963240876,0.08379484687154806,0.031119490388704218
241,0.0511802345579134,0.3230059968183739,0.5405469341997113,0.055438508831909025,0.029828325592092395
242,0.04081675432544528,0.26176178673758277,0.6276348071147058,0.05454945774346717,0.01523719407879892
243,0.034450016238123556,0.4302269084699456,0.454997053085046,0.06180175081017529,0.018524271396709487
244,0.031646004802741635,0.4227956468910481,0.43008028512154917,0.08823827572484408,0.02723978745981686
245,0.01798093495678604,0.30332902154240876,0.6215254092954606,0.04492707628820843,0.012237557917135931
246,0.05207965358959578,0.47911219427465024,0.41890104076300766,0.03192920707645274,0.01797790429629351
247,0.03869376527495991,0.4199308154211576,0.4381942807955183,0.06850802279590693,0.034673115712457125
248,0.027506821536187453,0.2142811302710925,0.7270060384292791,0.021547388799961303,0.009658620963479697
249,0.03129508801729718,0.23757269040612697,0.6551621510727138,0.05137668683632923,0.02459338366753279
250,0.021848389312734123,0.19522760830695451,0.726254342758364,0.04170716077105243,0.01496249885089502
251,0.01670804367122241,0.18450039347809907,0.7410195196050811,0.04119037157116967,0.016581671674427787
252,0.029864765035885615,0.3921571873076666,0.5292427117773284,0.02943170425265205,0.019303631626467484
253,0.01708214181027591,0.28333816521175864,0.6738784722211116,0.016518418606738312,0.009182802150115636
254,0.002837269866199151,0.07391246140348033,0.9161751489925547,0.003095302822283789,0.003979816915482245
255,0.013235089022778427,0.22033002060790294,0.7474836164175674,0.011163455154452004,0.007787818797299169
256,0.01795283566108188,0.28534047404610646,0.6732100785738132,0.015083030217004127,0.008413581501994314
257,0.018703874299017306,0.3229069753130967,0.6238848515110029,0.019322323405647615,0.015181975471235513
258,0.010826406615178358,0.12235285843676522,0.8530785429000551,0.008465206454629216,0.005276985593372073
259,0.010230925612628663,0.1729898635614619,0.8068803192878375,0.005947306633738781,0.003951584904333193
260,0.010065979006902257,0.1352664002325362,0.8422180884211831,0.0074665167906719215,0.004983015548706739
261,0.012172440548635467,0.27279580520645696,0.6964660283216454,0.010864154550422557,0.007701571372839595
262,0.012678875588543933,0.22848701760827456,0.7417318196697893,0.008349476178327308,0.008752810955064926
263,0.005100919190623193,0.08783385248348519,0.9005029958522469,0.003464562623123733,0.0030976698505210815
264,0.004861396437596599,0.08437674487224762,0.9055557306002037,0.00270960674535151,0.002496521344600605
265,0.002604824869988672,0.033512433320521735,0.9613474521623865,0.000996082662142894,0.001539206984960054
266,0.004081216568170183,0.06137395451718707,0.930367207142833,0.0015892584826416756,0.0025883632891680916
267,0.003510501409747372,0.0315230494863714,0.961853018770437,0.0009502779811467251,0.0021631523522974813
268,0.017600907681425144,0.15195072244857982,0.8187530743940569,0.004414855998931535,0.007280439477006729
269,0.002374844775485368,0.040321229211235265,0.9548953053683038,0.0009922488979321757,0.00141637174704367
270,0.002196095570670823,0.039961955281882705,0.9547857954555687,0.001102268305639335,0.0019538853862385874
271,0.007368205724595719,0.12123893852348788,0.8635871572996009,0.0031430641920874814,0.004662634260227775
272,0.002043973142933079,0.028191446031340498,0.9660399233294483,0.001341128208050496,0.0023835292882276762
273,0.0029713133138860397,0.04347565380305703,0.9491436025852231,0.0015910393203559354,0.002818390977477869
274,0.0017286631223417672,0.02560891561607877,0.9674558858238755,0.0023172193243580627,0.002889316113345841
275,0.001089266317230882,0.034840927031271965,0.9573516583479069,0.0027717436434841433,0.0039464046601061795
276,0.005719314028564411,0.05796581050295146,0.9175903618965,0.0056636714035743765,0.013060842168409881
277,0.018006558188577916,0.16783399839862176,0.7799669278954963,0.013378360778074699,0.020814154739229276
278,0.1737696802437927,0.38167022811404394,0.2081355841481303,0.019661029539259346,0.21676347795477371
279,0.20349055593639648,0.3296505599026643,0.06227803366822883,0.008354629944423682,0.3962262205482868
280,0.27511130677801593,0.4789683076072957,0.12828721133589407,0.021104781824257277,0.09652839245453708
281,0.29237811248806156,0.47093714382999746,0.1657758464339203,0.013294717618245265,0.0576141796297755
282,0.12948302151941113,0.5686529520509057,0.23852547637783128,0.020389773743308658,0.04294877630854328
283,0.06372194246506974,0.5989677123756714,0.30988047386616535,0.01010048711313004,0.017329384179963356
284,0.06950681576934269,0.5747889405594702,0.30870369286923494,0.02218713679035307,0.024813414011599304
285,0.056348825554001634,0.6142721388758017,0.30296789674865315,0.016793413178613863,0.009617725642929738
286,0.042555439397884975,0.6595038466360182,0.2745397567304832,0.011414593159708566,0.011986364075905132
287,0.05056107316046454,0.7573731604593061,0.15497875957847962,0.016283958664020604,0.020803048137729232
288,0.05638195894675445,0.5219677711660543,0.3916770674804934,0.018411014483316883,0.011562187923381024
289,0.053460545409749795,0.5235296216618277,0.3434078404979074,0.003951538863476429,0.07565045356703853
290,0.04902660363213756,0.4960170405995412,0.41732339633853016,0.021051197174345945,0.01658176225544501
291,0.06680811325700602,0.5808383095814222,0.31069726145767623,0.024695519273607885,0.01696079643028758
292,0.056613203747678496,0.5754092329990098,0.3254962334216866,0.02420426041496463,0.018277069416660477
293,0.05369759839577922,0.4960351325056883,0.4101353310749574,0.019685618547123963,0.02044631947645112
294,0.06303897901130119,0.6675459575053537,0.21109599816459593,0.029544543913379035,0.028774521405370145
295,0.27220937470646295,0.4352016052378492,0.026901203101321755,0.018793964221928326,0.2468938527324378
296,0.11891181114828009,0.682690312396159,0.16411874926391762,0.004028730652367429,0.030250396539275852
297,0.10850574477554584,0.6563523691242565,0.19382297614382044,0.0014630257405910817,0.03985588421578632
298,0.10458718176076297,0.6659999181645706,0.20774791487949168,0.0032176587520536073,0.018447326443121054
299,0.0959142465355181,0.7026047725875161,0.15565165908324383,0.017050444536055757,0.028778877257666185
300,0.08026397319588051,0.7702230271139456,0.0846295738493301,0.011583133037596333,0.05330029280324737
301,0.06575776570912537,0.7573038450283374,0.09879570154974515,0.0096282753890813,0.06851441232371075
302,0.08333311802016018,0.3069191837792954,0.016209436027122617,0.006776081856588564,0.5867621803168334
303,0.09063033040646586,0.4844642274611977,0.0495328516375455,0.0032433043245474105,0.37212928617024343
304,0.2086362644651154,0.6575099196352624,0.04761130186323588,0.006592593633985729,0.07964992040240058
305,0.1173921684079531,0.7608370477100712,0.06241865961408558,0.009312800366297766,0.050039323901592415
306,0.12231519916576407,0.5957982498796411,0.09509380132347968,0.009304096933166334,0.1774886526979489
307,0.04142350121899213,0.481357497408373,0.018668786015460032,0.005839988404147536,0.4527102269530273
308,0.03512058910234282,0.11206210297522745,0.004947062159319316,0.0018772250305807239,0.8459930207325297
309,0.23286930373910977,0.540117939204504,0.03275730970225004,0.005606397729321087,0.1886490496248149
310,0.1937457203296193,0.6895667927975342,0.01732624030773511,0.00428266623412065,0.09507858033099076
311,0.09363005670524306,0.8079789975829585,0.0546781023938815,0.005228222545363647,0.03848462077255326
312,0.144520285225033,0.73125398671284,0.03484554196783937,0.007075845370744801,0.08230434072354284
313,0.09619481490516561,0.7746211819957538,0.07232802100624496,0.006463704553734495,0.05039227753910122
314,0.10045442901229873,0.5964147909457743,0.024334508412468578,0.003998638245600286,0.27479763338385793
315,0.0884128840521444,0.4011753523919963,0.05865329297533713,0.0013888299782143668,0.4503696406023078
316,0.08650414626389487,0.7545919278040522,0.1286401703294671,0.00231976596886531,0.0279439896337207
317,0.08714410590650513,0.7833792930631326,0.09466106837368184,0.003959623281075711,0.030855909375604763
318,0.0738069344410939,0.8098819083276054,0.09205409995511125,0.0019113251168713934,0.02234573215931789
319,0.10417458765593755,0.7505020640537733,0.11381521561342972,0.006072650411614212,0.025435482265245064
320,0.10250248887575976,0.664203167153531,0.1903244674099309,0.0034098061398923785,0.03956007042088616
321,0.09744807296668778,0.6173739842766732,0.1632646756239815,0.00581640405043303,0.1160968630822245
322,0.11517705683845676,0.7934163521339975,0.044588230970586236,0.012489827074966741,0.034328532981992774
323,0.10681032884472308,0.6936355773201333,0.14726866652762732,0.005724661202125573,0.04656076610539074
324,0.21758936270064913,0.626374442477009,0.030829393826838667,0.007416147175289935,0.11779065382021324
325,0.13751090562768425,0.5698592717806014,0.027271760925356832,0.005413418770570245,0.2599446428957874
326,0.17953288918241472,0.7222187905938515,0.060556830669037005,0.006021188224393342,0.03167030133030345
327,0.17280129838686029,0.6618048338708529,0.1228874343434407,0.0026088819158859695,0.03989755148296017
328,0.15510445936803544,0.6864359546870399,0.12303160620738829,0.00586187651985391,0.02956610321768244
329,0.08671966623800928,0.5442831180608542,0.07591908566076333,0.003059978497243431,0.2900181515431298
330,0.12924535756093777,0.6972590290089689,0.14117529994631262,0.004273371450620443,0.02804694203316014
331,0.13528634690054653,0.6401922711868843,0.1801998462272262,0.0022406000106539713,0.04208093567468912
332,0.07151613873502716,0.7465567237985539,0.10805307325994981,0.004261987985133706,0.0696120762213353
333,0.07633552493857589,0.7788538413919195,0.12127504670453307,0.004943843652681873,0.018591743312289376
334,0.08343167409416559,0.7535384501726082,0.13147033976141598,0.005764627917965955,0.025794908053844254
335,0.07871493764549092,0.7528390582096971,0.14579200543214216,0.004051438782416437,0.01860255993025343
336,0.09310809844501762,0.6805484182187024,0.20505975845318505,0.00484192280275979,0.016441802080335306
337,0.12282230893091514,0.7362774130300233,0.10365343062533793,0.003484853068849146,0.03376199434487464
338,0.09653618990017984,0.6951645396724971,0.17677628366694528,0.007447917605378639,0.02407506915499926
339,0.1466597194810831,0.7057062638367134,0.08351897578739013,0.006826094876352454,0.05728894601846101
340,0.11282273529139597,0.7126446848885603,0.13622324047566003,0.008276709010884495,0.030032630333499247
341,0.0981232971248539,0.5563261289657133,0.0822393499540563,0.007919110248305517,0.25539211370707093
342,0.13417477252258803,0.525497772587131,0.08868821279875078,0.0035051687976133928,0.24813407329391668
343,0.2123664644814272,0.6471935211762145,0.0547354942325588,0.005425983767873253,0.08027853634192611
344,0.19919051692436576,0.6320147381559207,0.10464743225875292,0.00325481978623554,0.06089249287472518
345,0.13036203856917258,0.7746163376282137,0.041223865164849105,0.009890437968983609,0.043907320668780996
346,0.16972402269973427,0.6643104087595387,0.08535025748606805,0.00430553981704527,0.07630977123761357
347,0.12199073846297881,0.680213172676754,0.08225636095711487,0.008859892284743345,0.10667983561840906
348,0.11164980751715733,0.6724759206627263,0.12700851940393293,0.002202177696733056,0.0866635747194505
349,0.1139533148808136,0.7046847374817905,0.09130167411370001,0.0045551063165367904,0.08550516720715916
350,0.1069317938074495,0.624352087702748,0.02992424239049064,0.0059939564730878345,0.2327979196262241
351,0.10125430805564259,0.7469931073436444,0.11721140924897681,0.006553433543512778,0.027987741808223353
352,0.10486535705211895,0.6938165250337363,0.06985105524456525,0.00893984543538919,0.12252721723419027
353,0.0949379009845599,0.6130065658536693,0.18663187559978722,0.002798944922908908,0.10262471263907463
354,0.07351635293114554,0.7847153098808903,0.09088080722993204,0.011835059910465578,0.03905247004756664
355,0.13139979709835306,0.6612613011783258,0.10714176600253174,0.014995008659103996,0.08520212706168556
356,0.14094235608700287,0.6691767548750513,0.14121057663487663,0.008141784746426768,0.04052852765664254
357,0.08855788334302948,0.729349013288054,0.08824915094401345,0.008392979318557587,0.08545097310634561
358,0.15726972031256098,0.6294025028114498,0.155163437288254,0.0076965527861827445,0.05046778680155233
359,0.21319293464456276,0.5068766631496233,0.04581366578080789,0.013978953287597061,0.22013778313740895
360,0.12489707988763488,0.3505099751329948,0.04097452580046184,0.006300106678045564,0.477318312500863
361,0.02923086113083481,0.2950733200743913,0.029559448742224718,0.0011786110876761992,0.644957758964873
362,0.11217600650871908,0.32979359110814277,0.022678249575324994,0.004574543745319528,0.5307776090624935
363,0.2279003165437809,0.5788246236055069,0.13477411850330878,0.0035051872121385154,0.05499575413526488
364,0.13052445381150068,0.7408676309292213,0.08283501219536883,0.005798639624605996,0.039974263439303166
365,0.16139444792819627,0.5696287259537921,0.0679495614455714,0.008608224270812793,0.19241904040162752
366,0.13688835205982375,0.723950760200082,0.0609551122106837,0.01598265807779141,0.06222311745161918
367,0.07686293935495718,0.7883770548892539,0.08131556323446204,0.007525407158986227,0.045919035362340536
368,0.11733862046927694,0.6811582742006066,0.03155031054564427,0.023483044700695135,0.146469750083777
369,0.0662625822220515,0.7498516241062775,0.12355987925811865,0.012514464208005328,0.04781145020554722
370,0.1300526075317361,0.7120444574452657,0.11562486238847512,0.01087855731144937,0.031399515323073834
371,0.17581373412901824,0.7059395045941941,0.0772674364988634,0.00890840614428326,0.03207091863364093
372,0.15741213648314148,0.6554784439176411,0.13811450063052175,0.03019875395269423,0.018796165016001468
373,0.12360975723907727,0.6876550288737028,0.08364161877451325,0.07608508763498525,0.029008507477721438
374,0.146437258064734,0.6288991371085124,0.12693152046347514,0.0433555303020026,0.054376554061275846
375,0.3464181243408652,0.45422278182270653,0.024636163241137918,0.02651507812558624,0.1482078524697042
376,0.4889748040999789,0.34925919445282516,0.040402413696089885,0.07801932517770692,0.04334426257339917
377,0.48978824004135413,0.3305783651401732,0.029867302096745096,0.10174329010170181,0.048022802620025805
378,0.3470394260443071,0.5664627073260134,0.035993157412918725,0.023633667138399202,0.026871042078361412
379,0.24509890009133117,0.487443868161763,0.084989641881821,0.1358993927297864,0.04656819713529852
380,0.10956100514701515,0.74688497157259,0.11556251899722977,0.011287252330907216,0.016704251952257672
381,0.0820324602956813,0.7352925812091612,0.1403798697587946,0.021610097369603783,0.020684991366759168
382,0.10443111331387751,0.7376574304314485,0.1251936653913849,0.005595390718732666,0.027122400144556358
383,0.08406617541370251,0.6285446117181709,0.2524323672462432,0.025908070422180934,0.009048775199702508
