epoch,N1,N2,N3,R,W
0,0.06453506444603523,0.011028854020211544,2.497353940565475e-05,0.0025680603032659653,0.9218430476910816
1,0.03191742712304334,0.004021670116945397,7.526927791851576e-06,0.0034614567251177895,0.9605919191071015
2,0.07782268035696133,0.005600370444204606,1.1664556166779825e-05,0.003613619891867204,0.9129516647508
3,0.22150221960437885,0.011548678841470334,2.0538168048954634e-05,0.005352210006328468,0.7615763533797733
4,0.05048194755380725,0.005625942375300872,1.5885578590184567e-05,0.0011760374333239418,0.9427001870589777
5,0.5562051538331628,0.027609350974527203,5.4731715905923574e-05,0.013097587630904295,0.40303317584549975
6,0.542909882049053,0.0635352143303433,0.0001475778799602389,0.009499441904615867,0.3839078838360275
7,0.499694762836049,0.32221215276489573,0.0029504183815690184,0.019678256472589088,0.15546440954489713
8,0.6776145077696416,0.10125463312136623,0.0004719553817031599,0.065457870096012,0.15520103363127696
9,0.2700442625934107,0.6378479792255812,0.002966273624415123,0.015022643941090813,0.0741188406155021
10,0.23206511738698962,0.21089253594407742,0.0022904663831272844,0.035104424229618285,0.5196474560561873
11,0.2249692638242777,0.6814032246315974,0.009538362702929943,0.003976214517421699,0.0801129343237733
12,0.5055288180617344,0.3704694917604851,0.003158102170428172,0.019654298647895297,0.10118928935945695
13,0.09053297632083322,0.8887595917415583,0.001778250934680232,0.0015412214732067689,0.01738795952972138
14,0.287322517519994,0.653678388751645,0.0030061315552694337,0.012545484768332072,0.04344747740475954
15,0.03557030069464318,0.9475156828802495,0.004322080947804788,0.002904111117546384,0.009687824359756025
16,0.3041770096788334,0.6195093818788306,0.0017052003027776198,0.023861193958918187,0.050747214180640196
17,0.017833652565080054,0.9529661618414806,0.019020614906983372,0.001435150810180753,0.00874441987627508
18,0.33477719489555763,0.42759562838787385,0.0013631119437669008,0.02371997369201364,0.21254409108078798
19,0.13055643963478267,0.8382006248139298,0.0036103841433102967,0.007330260693510939,0.020302290714466445
20,0.07908254076524798,0.878611304485959,0.008940088006120577,0.012217374842137396,0.021148691900535168
21,0.11636353185060579,0.6900750870191834,0.00039362287548233175,0.003973352052745928,0.18919440620198263
22,0.2587655089928773,0.664691442079321,0.002161468251392654,0.011411160032596462,0.06297042064381259
23,0.1401828896869074,0.8325732967149095,0.006589174086882263,0.003956786212683375,0.016697853298617397
24,0.4519286841766105,0.5140211311701606,0.0024869470175716405,0.010898222388766348,0.020665015246890968
25,0.08269775858856718,0.9004460640249853,0.0020132917616561387,0.002783925673357929,0.012058959951433306
26,0.513063374230316,0.4212342277151443,0.001431770413077301,0.011940131938229638,0.052330495703232824
27,0.04742188834096032,0.9159446839738198,0.0238358382978193,0.0006103987704033036,0.012187190616997242
28,0.12150318363196348,0.8324440788549707,0.02949228645341013,0.000914707793297284,0.01564574326635844
29,0.0636224834209884,0.9031312669467539,0.01796775498249752,0.0005036439382252914,0.014774850711534993
30,0.006712831151789776,0.8713378819115225,0.10670591914788753,0.0008799945444685195,0.014363373244331802
31,0.017177507637199784,0.865015574146979,0.07131772549663028,0.0006812768836788897,0.04580791583551199
32,0.013407168643694308,0.7407703238595952,0.22137781773437917,0.0003478077752138385,0.024096881987117492
33,0.009250917680253308,0.7613956893298972,0.19348622644394986,0.0002799092766197185,0.03558725726927978
34,0.012341177367516104,0.7042275291062896,0.22132330878110062,0.00020576058168734118,0.0619022241634063
35,0.012651623681119405,0.7315801189239273,0.21840194299755622,0.0002819090017437646,0.03708440539565339
36,0.0026112087225430027,0.3510846215565384,0.6295006992721873,0.00010251196161344952,0.01670095848711774
37,0.0026077665095604542,0.2029153110274086,0.7783373513900714,0.00010056769239508345,0.016039003380564337
38,0.0011396989880040713,0.07770667678370798,0.9073809830880077,2.1025484076903253e-05,0.013751615656203314
39,0.0010443658473844354,0.13870911854048343,0.8511823967966078,3.380181403187453e-05,0.009030317001492504
40,0.0006890354827857562,0.04778331734110354,0.9471777185076996,2.3574989174046216e-05,0.0043263536792370995
41,0.0006295169333273466,0.10040038787830648,0.8938438306715205,1.9949559776095528e-05,0.0051063149570697314
42,0.000537347852830989,0.1635870117839894,0.8307285342894989,1.711195387395894e-05,0.0051299941198067215
43,0.00031831967941464126,0.09185006299264406,0.9053628163882277,1.0883379008467257e-05,0.0024579175607051633
44,0.0005564117818209215,0.055189586740241534,0.9409853005747281,1.3092848254873092e-05,0.003255608054954462
45,0.00029763565445713414,0.16003810378651687,0.837040024514208,9.920346981106033e-06,0.0026143156978369795
46,0.00043188431010500385,0.13066412340612077,0.8660118653687986,1.855771883607124e-05,0.002873569196139554
47,0.000771082109174333,0.10672685572757394,0.8899966680726785,1.0325797907246248e-05,0.0024950682926657745
48,0.0003666526320513831,0.13887008369369874,0.8587263496214422,6.440078607166912e-06,0.0020304739742004964
49,0.0005806171261278971,0.11723628108245922,0.8798104282211391,6.908106410429284e-06,0.0023657654638634873
50,0.0001383092808418526,0.018099014667338504,0.980863419983793,6.291907576034383e-06,0.0008929641604503554
51,0.0001207039277440638,0.011046785050904664,0.9875624781308029,4.938182976074602e-06,0.001265094707572499
52,0.0003898006623327489,0.0399027732031161,0.9555311497026927,1.053441670823105e-05,0.004165742015150333
53,0.0003577738081753551,0.08624895522011738,0.9102883424661862,1.2380052766665085e-05,0.0030925484527544764
54,0.00032740462582943883,0.04191816399405778,0.9525215329877212,1.6042301922970352e-05,0.005216856090468468
55,0.0009910963051194574,0.22212368308320704,0.7697035219836738,3.822241205786e-05,0.00714347621594179
56,0.00019459373633468613,0.024741027562626555,0.9739140328489267,4.311065289499402e-06,0.00114603478682269
57,0.0002897138050966383,0.1192617550475987,0.876984693464662,4.420180935479529e-06,0.003459417501707239
58,0.00023032805390562036,0.04725655556413773,0.9504795542159393,2.924224032995033e-06,0.0020306379419842025
59,0.00026958097592648064,0.0553360948314457,0.94231542760544,2.8599062114631315e-06,0.0020760366809764908
60,0.00016548035115975288,0.01965722797181466,0.9788290132754023,1.2563927452393416e-06,0.0013470220088779925
61,0.0003859368929977887,0.025322997022072993,0.9689762216130618,3.5492201202594436e-06,0.00531129525174713
62,0.00030511148192572047,0.013119332099916023,0.9821200676354881,3.932012271154786e-06,0.004451556770399084
63,0.0013735610182613097,0.1471286784148428,0.8434910617156234,1.714131116941844e-05,0.007989557540103163
64,0.0009264549943482039,0.02630341212758201,0.949628344544914,2.973194851172856e-05,0.02311205638464388
65,0.0012116031080501573,0.06095859274671156,0.931186427838661,5.04162908045402e-05,0.0065929600157728615
66,0.0016673839061281523,0.24057079556341482,0.7446757001289687,8.543383850486577e-05,0.013000686562983442
67,0.00138676820659193,0.0463488070242882,0.9444184297101619,0.0002006044689020537,0.007645390590055951
68,0.01729759675553497,0.3865983614062843,0.5575628612946315,0.0018417034790369055,0.03669947706451239
69,0.015708608274953618,0.22302357850739474,0.7315358748866155,0.0023658816010107544,0.027366056730025335
70,0.04414583349244693,0.06687064012560351,0.026486671404823338,0.0030763616992854938,0.8594204932778406
71,0.11536682803238671,0.018997139538972085,6.851737728159866e-05,0.004708494210076815,0.8608590208412829
72,0.7733649607126448,0.06192754960204484,0.00040696563654523933,0.01623598475111362,0.14806453929765134
73,0.7801913276810268,0.1001443875039803,0.0004087982026297776,0.0024787072290064637,0.11677677938335651
74,0.8195628910940583,0.11173734026394969,0.0014864330565584978,0.018416706678060567,0.04879662890737285
75,0.10543458570936368,0.10529934798715336,0.0004388193210181198,0.0021030605496945663,0.7867241864327702
76,0.817703390432171,0.1347610054558146,0.000772301116257347,0.010222546802133225,0.036540756193623854
77,0.2563759082583837,0.6994356672559928,0.0035561329821214727,0.006117154121844174,0.03451513738165783
78,0.7906183135855768,0.14632104736909168,0.0004338501055118505,0.016527497860151882,0.04609929107966767
79,0.0663926756299283,0.9127819959718942,0.0017528978896136267,0.010310320713973514,0.008762109794590144
80,0.35561827297971665,0.5251818070724155,0.00047959182270184786,0.09464809520057445,0.024072232924591666
81,0.14885322646577678,0.7787110422866579,0.003552808967341653,0.04674491266106762,0.02213800961915602
82,0.1456409585965228,0.8185070193927542,0.0024179719279143817,0.024158659554709364,0.009275390528099406
83,0.05536833032805151,0.9227645504677494,0.006617922225436352,0.007907187518881911,0.007342009459880643
84,0.04301498472050749,0.9433076272857853,0.003952623461266373,0.006894379230497241,0.002830385301943687
85,0.09686372465420155,0.8831454448762581,0.005641820287160988,0.0075758035929628575,0.006773206589416415
86,0.09209959352699473,0.892105233040461,0.006631713467929467,0.005251646434838838,0.003911813529775994
87,0.007269645628878132,0.9746412843193686,0.015485624187353778,0.0008939000241880783,0.001709545840211365
88,0.20161208180504397,0.7681312591225906,0.009939547291784732,0.013288929883479034,0.007028181897101755
89,0.03170420438326866,0.9552962794384836,0.009148671009915434,0.0014317313424387903,0.002419113825893451
90,0.012667428325013603,0.9104906431304834,0.06951065573461851,0.005525144313665033,0.0018061284962195112
91,0.005641077546718378,0.8883496869014973,0.10055012272646147,0.0036346862705021695,0.0018244265548206875
92,0.14910936646295017,0.7919620206197531,0.012439605908310676,0.03834872758307449,0.008140279425911634
93,0.03732417398794218,0.9245197900099991,0.01664738025532871,0.015895996422701175,0.005612659324028822
94,0.19785341787571314,0.7439116958162963,0.009585616800266391,0.04028146063222246,0.008367808875501741
95,0.11118236839270476,0.8730641903329873,0.006479158008253337,0.0043680660581727395,0.004906217207881879
96,0.14781113268056836,0.8263764911604592,0.005761035463315972,0.013721999705956802,0.0063293409896996115
97,0.05794139425946296,0.9289741540723935,0.0042577329041758325,0.0049575736447368636,0.0038691451192310535
98,0.0880738953659288,0.8985494285338852,0.002411726349149474,0.006106962359315754,0.004857987391720891
99,0.050791703799059666,0.9342363345475441,0.0024678316759076556,0.007696512257372091,0.004807617720116252
100,0.10817267152915962,0.8614145104067018,0.002060514117942441,0.02274521919634526,0.005607084749850822
101,0.08991895623131395,0.8917493274084999,0.0017556119976712215,0.012301759438801334,0.004274344923713599
102,0.12766460656029127,0.8379732433864321,0.002643377238641301,0.025796399738669876,0.0059223730759655185
103,0.07711780918456022,0.9089922073857228,0.0028033390460537604,0.007864610809018586,0.003222033574644618
104,0.0063526409228652665,0.9570841887369868,0.0328525967727026,0.0021124298939598387,0.0015981436734855694
105,0.26235157082592275,0.6720579719915533,0.002141287660388553,0.04813938102419324,0.015309788497942137
106,0.026548906692038417,0.9579751935681583,0.006779044821309866,0.005278072960889952,0.0034187819576032624
107,0.028632758134705668,0.9545817428812309,0.004857250520142329,0.007968280389007487,0.003959968074913447
108,0.029375044970519668,0.954678095497369,0.005958521253547493,0.006707435014238156,0.003280903264325686
109,0.019436316497404363,0.9329650045807394,0.018372058416584895,0.026007865522011862,0.003218754983259404
110,0.16119261765999396,0.7433849083096694,0.002546733354725648,0.0451910527497353,0.0476846879258758
111,0.10528474158972334,0.8319710615275803,0.005254899417491365,0.04719857187179142,0.010290725593413673
112,0.2722962433459255,0.32613505487455974,0.0012716496448841538,0.06486495065100291,0.33543210148362773
113,0.5473692981422854,0.311787875148772,0.0008225363078320111,0.09688264242538366,0.043137647975726855
114,0.1341835786011881,0.7864005542918112,0.0013592124642894127,0.06182930826533838,0.01622734637737302
115,0.5470841864454866,0.1378878796924825,0.000604506276418982,0.21974836667635916,0.09467506090925272
116,0.14574995253137768,0.09722765571571858,0.0008014933057681146,0.041942311343436005,0.7142785871036996
117,0.3470134543644709,0.22661477763169782,0.00013210413513757788,0.11923725607052105,0.3070024077981728
118,0.5529149221420613,0.10574668717331259,0.00012787450989477277,0.19342614848049902,0.1477843676942324
119,0.5242601705139823,0.0702657682419775,0.000179539879369824,0.26923820258627024,0.13605631877840008
120,0.19139571211388012,0.17395404355038194,0.0001466460148398142,0.2849515477246735,0.3495520505962246
121,0.13915244381283653,0.0363091009864379,0.00010702036348390258,0.5887927025649815,0.23563873227226018
122,0.22289287316921638,0.06546093723226806,0.0001605444030687337,0.509296971348867,0.20218867384657985
123,0.08716084154619891,0.014306893475798655,0.000119786638677365,0.7248072596566946,0.1736052186826305
124,0.08110294256968081,0.03285793061455341,0.00038742755166868776,0.728298397674444,0.157353301589653
125,0.08888058613987994,0.010831578195172331,0.0001435050077042634,0.7111924181171038,0.18895191254013965
126,0.06519247990692346,0.01173172781995274,0.00018363435774914323,0.7983835994056006,0.12450855850977414
127,0.04455137060445051,0.011947065176205232,5.599488178008436e-05,0.880322204239807,0.06312336509775722
128,0.05837598673598495,0.01032349337835896,6.993024508677113e-05,0.8729804989285578,0.05825009071201145
129,0.05811742519339094,0.013443467383438925,9.739317442638801e-05,0.86622963230801,0.062112081940733914
130,0.08442872982144747,0.028156721671226313,7.543186759198117e-05,0.857017336412875,0.03032178022685924
131,0.04596066473856195,0.007830236912097457,2.637815671577065e-05,0.9251147684995807,0.02106795169304403
132,0.06708422121702905,0.03275005363933498,3.124241787106592e-05,0.6228699549361872,0.2772645277895776
133,0.11072280358241704,0.009266624056529539,5.927219260562848e-06,0.08877012391767536,0.7912345212241175
134,0.6938321576621742,0.034536500541140214,5.023035142543397e-05,0.23206184585487727,0.03951926559038283
135,0.5061552415725092,0.03169977691164379,6.086340695416097e-05,0.4219574486173747,0.04012666949151825
136,0.22080012385613834,0.013580193787065415,4.6021369781803484e-05,0.7282722442301091,0.037301416756905466
137,0.0919390631275018,0.0185081183105976,7.27311696467634e-05,0.8620383783976141,0.0274417089946397
138,0.11688804237176818,0.04728264211415893,0.0001471029973703328,0.8032486130475688,0.03243359946913379
139,0.10185242639682089,0.03604797375573279,0.00010593117186347572,0.8302237360284141,0.03176993264716857
140,0.08454608130279181,0.023129695512546306,0.00012349734857201451,0.8044048123186273,0.08779591351746252
141,0.03049212680388582,0.008655525504321665,5.467390622478169e-05,0.9446128839669337,0.0161847898186342
142,0.03787735409981281,0.01067200002635642,4.7176672214530056e-05,0.927802299378728,0.02360116982288821
143,0.09675556821872322,0.01855558936603013,0.00018163138369993513,0.8535038940844216,0.031003316947125034
144,0.08200335056222446,0.0231340809080985,0.00027497667510154207,0.8061211182556085,0.08846647359896691
145,0.04883059504173736,0.008301892783726485,9.722720955757493e-05,0.8406824841820054,0.1020878007829733
146,0.05749067522453944,0.011064563929967979,0.0001650261870267533,0.7396910900720206,0.19158864458644523
147,0.08746708442336183,0.01589581947587523,0.00023419063204474053,0.6782129323292949,0.21818997313942315
148,0.06964795064828182,0.01778953815860014,0.00022468051496070138,0.810528557169504,0.10180927350865346
149,0.05624630103907944,0.012505924459127273,0.0003320449004565298,0.7741322290698361,0.1567835005315007
150,0.01985169031730388,0.005279465259615533,7.829725476037783e-05,0.9496052330610111,0.025185314107309217
151,0.018211344283147118,0.014504577607570035,3.0001772316540496e-05,0.9343820249774087,0.03287205135955749
152,0.08558868942567668,0.03604757925479434,0.00040327667198274673,0.8120617152490741,0.06589873939847213
153,0.04991781438008665,0.01906851494586198,0.00011638499341440124,0.9059411190560112,0.024956166624625787
154,0.06322424861193228,0.025124727200436844,0.0002533240781129259,0.8427900465321224,0.06860765357739548
155,0.024209558488463578,0.010963858328184995,9.649695141654913e-05,0.8645652262573134,0.1001648599746214
156,0.04845665788307582,0.01986353436993639,0.00013111235273914206,0.8807659104273895,0.05078278496685924
157,0.04998225459861522,0.009360979214865072,0.00010289970076771833,0.913114584060004,0.02743928242574791
158,0.10420327173743776,0.015902142586379647,0.00015768783699726834,0.7612232227964381,0.1185136750427472
159,0.22941881772691416,0.0482126188256496,0.0004621301211501952,0.6015847815574724,0.12032165176881357
160,0.06435696721652588,0.06260176180797969,0.00013657461335353534,0.7806866863564685,0.09221801000567217
161,0.06530775074929741,0.03840213015465272,5.7542814618554374e-05,0.8678207054765332,0.028411870804898143
162,0.12007148404459236,0.09863066546698988,0.00010066950574025911,0.7377951329686234,0.04340204801405404
163,0.17590029931163645,0.12087123047638752,6.394909532115346e-05,0.6377851246781778,0.06537939643847712
164,0.15715458812739624,0.0523404592376469,8.215719905577614e-05,0.7162809715770192,0.0741418238588819
165,0.1733325756057913,0.19318602019078968,0.00016844768770542105,0.5349779434638776,0.09833501305183585
166,0.1740582931702426,0.1147544167698219,0.00010071993642284128,0.5984811208782248,0.11260544924528787
167,0.143323261842785,0.1462809528085176,7.15123001531865e-05,0.6654395264335196,0.044884746615024854
168,0.1199403960360254,0.09817704447911298,7.039988042346974e-05,0.7261899663117177,0.05562219329272037
169,0.12400204466681178,0.15422459199137636,9.632598351575081e-05,0.695988843362012,0.025688193996284008
170,0.09615882778671458,0.062027365441168256,8.36043214175973e-05,0.7973331242368374,0.04439707821386221
171,0.10610527824977517,0.02524587951243664,4.5389066874353306e-05,0.8338515782684238,0.03475187490249014
172,0.0915957616541072,0.04113346180970489,7.071047762934293e-05,0.8157112236145304,0.051488842444028037
173,0.08757997447880432,0.030389308506735088,7.054994429235334e-05,0.8027395383743837,0.07922062869578449
174,0.05296916066093471,0.020794107567233017,3.78031500485096e-05,0.8560699446709573,0.0701289839508265
175,0.08409241284202408,0.03112553924327631,3.49062097603367e-05,0.749798275821849,0.13494886588309027
176,0.10897066582514361,0.12832041206724001,0.00012841880539797007,0.6341468059836637,0.12843369731855472
177,0.16663977324631454,0.03417534789998521,0.00010824690846533832,0.7228529524354029,0.07622367950983193
178,0.1199030123652502,0.040625371087581956,8.074803964935927e-05,0.7944522523453801,0.04493861616213839
179,0.06824233065397929,0.017757797864149178,6.183570435112053e-05,0.8706568390624981,0.04328119671502221
180,0.07112195702980495,0.021496699305474785,8.294855935749728e-05,0.8672514843672814,0.0400469107380815
181,0.07191207427592566,0.01998784851419952,8.388949857265566e-05,0.8453949422364317,0.06262124547487033
182,0.07851391877782679,0.02674886933518897,6.826822925283707e-05,0.8614058620450058,0.03326308161272559
183,0.08090275889737898,0.05306273089643175,6.612567759657432e-05,0.8487168157637075,0.01725156876488531
184,0.07304109871565397,0.046612180892351134,5.954248346061627e-05,0.8627468203567179,0.017540357551816356
185,0.16377316915277076,0.03991016932597134,5.2540092150595695e-05,0.7152380353860482,0.08102608604305903
186,0.18612502565707864,0.06700113365895281,5.4676020074809677e-05,0.6843544489745959,0.06246471568929788
187,0.425688017403676,0.11119345199052924,6.368485740664158e-05,0.34096850292988395,0.12208634281850421
188,0.0997124197505307,0.5482660889017779,0.0008153250390315743,0.25288563712029943,0.09832052918836058
189,0.2474340110086557,0.03328905410729324,6.805151789790096e-05,0.39634442629492883,0.3228644570712243
190,0.5145036019719442,0.06791769837372814,6.645378966534621e-05,0.32550229861531277,0.09200994724934958
191,0.16502058715068357,0.560380899546305,0.0005753672781407988,0.25302398178455504,0.02099916424031556
192,0.3834315786914778,0.3448977151769846,0.0003246447963600459,0.2536129858653147,0.01773307546986295
193,0.3423885796341458,0.18568005723769543,0.0001895508595889247,0.4313405461855255,0.040401266083044444
194,0.0874570376378565,0.7607998729638428,0.00047333344356894724,0.1444825995681994,0.006787156386532331
195,0.1657630955074013,0.5768121359641295,0.0005046955977997258,0.24538877813715562,0.0115312947935139
196,0.3166326419002783,0.26918748602015663,0.0002951263205877232,0.3948674976957933,0.019017248063184083
197,0.48249140785114275,0.17072856207316278,0.00019546493481560216,0.31804328422268974,0.028541280918189072
198,0.46740876935486697,0.3721501504704824,0.0004980089780387744,0.1527672789254758,0.007175792271136114
199,0.22058668505808676,0.667210692473324,0.002071185198317365,0.1028622398720176,0.007269197398254348
200,0.2871497191785327,0.5805162208959216,0.0008997753302980086,0.11593165587421252,0.015502628721035163
201,0.09755168746530299,0.8007418587740501,0.0014201181916259373,0.09649155412506737,0.003794781443953446
202,0.05990093318029678,0.897822713587345,0.0028614616459738,0.034469719938774276,0.004945171647610168
203,0.07601747202662046,0.8664405826430639,0.006199582127276912,0.0447215361313509,0.006620827071688
204,0.01906484964911255,0.953129291240273,0.005693235792248471,0.019120612505521946,0.0029920108128440653
205,0.02691513681503758,0.9193927182382442,0.016743476409588013,0.025439893498440305,0.011508775038689897
206,0.0941533092317283,0.7825462476512264,0.0070600570381854685,0.10768423721172518,0.00855614886713478
207,0.1324651099052552,0.7945716841241038,0.0037472350527352604,0.05908402720087237,0.01013194371703334
208,0.14871203648949188,0.6418754478454528,0.0026530646748153617,0.19263723253831494,0.014122218451924975
209,0.08734687320789443,0.8468971959463565,0.003189005150912849,0.03932849327471975,0.023238432420116674
210,0.19567618498162484,0.7167330863851619,0.0025461656136509356,0.0750736613435984,0.009970901675964044
211,0.16859719433540657,0.7496319104633292,0.0025831549620286783,0.07285801853033284,0.006329721708902798
212,0.17935554789279148,0.7693580095366888,0.0017342920877225717,0.04092947884203317,0.008622671640763984
213,0.08022434254503415,0.8483679321549015,0.0048095248000638606,0.06305081625993647,0.003547384240063933
214,0.03348120973564635,0.929922213749456,0.007530087255466011,0.02717426764883421,0.001892221610597518
215,0.03781100797779128,0.944662395539837,0.003870942412750444,0.010701770311869446,0.002953883757751871
216,0.053158935689192735,0.9248558226871153,0.003980450786964183,0.014069668061586433,0.003935122775141315
217,0.041293048218863766,0.9338479988969124,0.010232992091194897,0.008775222644819548,0.0058507381482093375
218,0.06770838659904055,0.9091463616575105,0.007470300727287329,0.01255681943305408,0.003118131583107551
219,0.12503888328552235,0.8267695587617274,0.004852238603969299,0.037445668618457634,0.005893650730323346
220,0.07360643501633996,0.8788721527541147,0.007257192026255925,0.030196458746450522,0.010067761456838834
221,0.13858066502496919,0.7856938790600548,0.006539698143006143,0.05972283139905515,0.009462926372914578
222,0.05496405360420773,0.8980545802712498,0.004487286657388008,0.03647948685729289,0.006014592609861413
223,0.13033939792476398,0.7721612499810119,0.00509730244065483,0.08220944507647701,0.010192604577092416
224,0.0829043122096289,0.8518413606858443,0.0029205526310175063,0.0562680952228335,0.006065679250675624
225,0.13521650608620858,0.8119183435986935,0.002981919440772743,0.04140619323167671,0.008477037642648653
226,0.09239019541484311,0.8807645976780224,0.002049118219501688,0.021623075392337047,0.0031730132952957563
227,0.1487762412128359,0.7967391664599747,0.0032526327432721705,0.04487428588204139,0.006357673701875808
228,0.09650959567723175,0.8613733510822831,0.003238100515367772,0.030737242130624103,0.00814171059449327
229,0.03357586261260794,0.9393224050892528,0.002900388393540556,0.022319456950341085,0.0018818869542576214
230,0.08579685677061613,0.8336198347112553,0.0034922722121526685,0.07168925409685056,0.005401782209125401
231,0.02211535466356057,0.9309679976799461,0.0222138830132256,0.021063571769143426,0.0036391928741242334
232,0.026888480699483647,0.9215540149334428,0.010976959408776545,0.037137114847094636,0.003443430111202099
233,0.043189654224843055,0.8967865102887042,0.007340465247724882,0.04569376446033263,0.006989605778395314
234,0.15085168714923228,0.6334251868756017,0.003988654806364407,0.19970108863125657,0.012033382537545179
235,0.11120741821323236,0.7868857553475316,0.004023505136969939,0.019281488527399363,0.07860183277486668
236,0.5140351113063425,0.41651864339845196,0.0013330519879278082,0.03860707735629762,0.029506115950980003
237,0.3246717019696513,0.641949777304811,0.0013736217050526053,0.021844585156436423,0.010160313864048769
238,0.4639222146010482,0.5002221370627312,0.0011078957641775993,0.02710192104030009,0.007645831531743104
239,0.2350430029707287,0.6946317086710536,0.0010977526859000384,0.063448776708353,0.005778758963964715
240,0.1660586077821643,0.7650245323312839,0.0019197653967303863,0.059356779417738814,0.007640315072082584
241,0.042234570454707035,0.9339669451885684,0.003399916955734513,0.01837646541746078,0.0020221019835292165
242,0.04122830465954456,0.9206070627708424,0.003637612142420247,0.030955695330087758,0.003571325097105359
243,0.06644496507333011,0.871515832523699,0.0033913957041684763,0.05464869882342248,0.003999107875379827
244,0.024110135248958667,0.9293823493739252,0.0026382055841145933,0.04149235757306356,0.0023769522199380212
245,0.05825360633056156,0.9026870525817499,0.013585167460553021,0.019270571799284972,0.006203601827850297
246,0.24056002123159925,0.7194244146036856,0.002741642771904419,0.030330156372333585,0.006943765020477225
247,0.13189897497722428,0.8448421389798496,0.003184541979921851,0.01710288715058464,0.002971456912419756
248,0.19503190131231832,0.7736090350364927,0.004214275114367908,0.0240774564730702,0.003067332063751021
249,0.03839141603453528,0.9291138583164815,0.002365903811130693,0.028468403346343596,0.001660418491509039
250,0.12589906602423273,0.7795060925778221,0.004638223184748239,0.08397654745785811,0.0059800707553387565
251,0.02076467657457376,0.9467348547433089,0.016871279313187354,0.0111899342772494,0.004439255091680459
252,0.0735588039098367,0.8900868441722566,0.010497936094722122,0.020017567326678216,0.005838848496506305
253,0.11955019426879468,0.8531984631164008,0.007144344447952733,0.013810370087405625,0.006296628079446345
254,0.06370691408566838,0.9054097463278347,0.01299503363269198,0.01335154453164132,0.0045367614221636906
255,0.029576516583613686,0.9472441865781586,0.009907708892028298,0.010738727320746825,0.0025328606254525275
256,0.028935088551568684,0.9455562295689455,0.012188407126266416,0.011223924770284376,0.0020963499829352106
257,0.03133042999984424,0.925560840979235,0.028730215482134596,0.011971761790226076,0.002406751748559985
258,0.02073439055162007,0.9343242975206254,0.026727974700128044,0.015544095655523131,0.0026692415721031254
259,0.10254553366379562,0.832986787453207,0.010866256229592,0.04786609955959464,0.005735323093810859
260,0.029633903082261076,0.8963988734872421,0.03740387751744315,0.02986881114988875,0.006694534763165045
261,0.012239631961502273,0.9211170478615226,0.04238363564986147,0.014655725878256216,0.00960395864885738
262,0.11653944043589355,0.6150516493228046,0.009327459461278888,0.020985945343910364,0.23809550543611266
263,0.20888500106190472,0.6574047746979267,0.006232201911873304,0.03741891994950902,0.09005910237878628
264,0.2964208982660609,0.4880957302488407,0.0030892199810844917,0.027580987848197625,0.18481316365581643
265,0.6062699091788144,0.2000013257921126,0.001076777197518722,0.03873682140413276,0.15391516642742156
266,0.5074975867753673,0.2975502707337298,0.0002341849507284082,0.11606701200625208,0.07865094553392231
267,0.4801426938882217,0.38555241745985647,0.0004586357732779679,0.10213745508279108,0.03170879779585259
268,0.10368954874914142,0.8042235122586655,0.003639054027894466,0.01850856609651095,0.06993931886778765
269,0.2907934917194402,0.5024388380644311,0.0012539144395929975,0.13526902913618039,0.07024472664035536
270,0.2227443904853591,0.6395299199690943,0.0005485235583381047,0.048391340995019946,0.08878582499218882
271,0.46157294884609235,0.3828996451206202,0.001087134517665189,0.13005667645141666,0.02438359506420564
272,0.4222828908540642,0.38008897863787067,0.001382383740323524,0.18454297699733754,0.01170276977040415
273,0.21098793219196457,0.624605091803946,0.0014893994911300416,0.1509116116658497,0.012005964847109673
274,0.1792261080510094,0.611056770437974,0.002455365116508162,0.200098074327142,0.007163682067366428
275,0.16728046957884868,0.6509584132380696,0.0024594895141692775,0.17229908667075944,0.0070025409981529846
276,0.05720624942483955,0.8516594254665312,0.004914215669830217,0.08418346603233601,0.002036643406463273
277,0.071154749480897,0.8054346285169274,0.02326367772197692,0.0933103142894757,0.00683662999072289
278,0.20702562037657377,0.47516451179475505,0.005062812617259857,0.30712766617539566,0.005619389036015738
279,0.10910010531682371,0.7705006048628833,0.005109629429943635,0.10838042986474038,0.006909230525608796
280,0.22699253409860745,0.49995050780208616,0.0029827265577451866,0.2641351413512499,0.005939090190311398
281,0.07116126416479421,0.7673731717809598,0.005374874399444465,0.15250640872163576,0.0035842809331656923
282,0.09528160577791771,0.7460862675249617,0.00864548389037358,0.14648427922798546,0.0035023635787615032
283,0.06606777322453532,0.8449435889186158,0.007512721844457238,0.07866638705025104,0.002809528962140672
284,0.08076908041123128,0.8204425334973143,0.010246152643313982,0.08315614601226942,0.005386087435870881
285,0.15464038708222563,0.7395004597878829,0.0051047580317362005,0.09213762280191397,0.008616772296241389
286,0.2152613318290876,0.7113782794944967,0.005498360016051368,0.06257775314849139,0.00528427551187282
287,0.17595125373207324,0.7831235546819268,0.009497787677538366,0.017442937967483148,0.01398446594097842
288,0.20601186064501553,0.7312604320427125,0.011927020998525127,0.0158196305956619,0.03498105571808488
289,0.2403911040165983,0.7294179953634661,0.012507919433592857,0.011975117064573472,0.005707864121769361
290,0.03992008081054499,0.9210904476167096,0.0295290095733136,0.0056669368186693415,0.0037935251807625654
291,0.06662483461215599,0.8744052665537371,0.043293389204325725,0.007663872313486536,0.00801263731629462
292,0.05903327789873497,0.8671020546692316,0.05038399538288118,0.016870059424618566,0.006610612624533668
293,0.06056061887701645,0.8658992820768739,0.06234871415836837,0.004185706175711147,0.0070056787120301115
294,0.038536840225490955,0.7988832676274904,0.14572701055817155,0.002375962713584353,0.01447691887526274
295,0.0385945740712806,0.8580704194044454,0.09049918151373615,0.007068943137375083,0.005766881873162737
296,0.09799065979455585,0.8397741751596202,0.04375533156366502,0.011278945800170621,0.007200887681988346
297,0.06564806272724726,0.8510043851511646,0.05336109701806666,0.019420195281059496,0.010566259822461808
298,0.01238300059715064,0.9084362453387022,0.05854942838113595,0.006775881129473041,0.013855444553538293
299,0.10002890507363998,0.8262925670747755,0.01456075276921768,0.03535902642965279,0.023758748652714084
300,0.158180153406847,0.4413065237734023,0.013933172768355323,0.006651959603548889,0.37992819044784654
301,0.4516816364042029,0.3454399380769064,0.013949091079940855,0.030227336599215393,0.15870199783973454
302,0.620805414558701,0.29400055232321637,0.011648696776595182,0.014635493524656842,0.05890984281683069
303,0.24131248077799433,0.6786587089883082,0.011622128595942782,0.008134069697903031,0.0602726119398517
304,0.5514427408022405,0.3725136962226509,0.0006863021513383662,0.054933086687901714,0.020424174135868434
305,0.6155536604513909,0.22389416875815266,0.0002290039913522835,0.0937327377549682,0.06659042904413588
306,0.6449306743205047,0.2095971193719197,0.0004024411219195495,0.11536810022820565,0.029701664957450528
307,0.47674511829203725,0.31726507882950056,0.0005341817307105062,0.16263851128607237,0.04281710986167931
308,0.5791235986088352,0.18504667223762755,0.00045834276864101594,0.20840598311812195,0.026965403266774206
309,0.42607353666428804,0.2873192781107037,0.0009556494519300745,0.2109912715940238,0.07466026417905439
310,0.31043379278816935,0.39096054273079267,0.010055679614302364,0.15731767172095767,0.13123231314577788
311,0.4298800295368131,0.39317352358680246,0.010052044483589888,0.14170602097404236,0.025188381418752303
312,0.14690698625057882,0.7117435701424005,0.0402681031046716,0.061940425651793585,0.03914091485055541
313,0.25214805576189103,0.5102803841080908,0.008873922939383985,0.059317295896158764,0.16938034129447535
314,0.25968697913528904,0.5478251518189967,0.004332465065734634,0.08557193159555283,0.10258347238442676
315,0.23474413065993285,0.15357742143676284,0.0032824250693022916,0.017361618121218454,0.5910344047127836
316,0.16483984813035268,0.026638086068567875,0.000283291136300287,0.02187097096236237,0.7863678037024167
317,0.6649276465714986,0.17771618328848796,0.005550421021280501,0.04665065054714371,0.10515509857158936
318,0.1130790949299706,0.05118041095238922,0.012482763894927381,0.01095560514817369,0.8123021250745391
319,0.12421398404502354,0.012332157241742596,7.655992209002925e-05,0.007543609979596774,0.8558336888115471
320,0.7482631478865892,0.0392830512737208,0.0002868013845740441,0.027833246572418948,0.1843337528826971
321,0.7053395978721994,0.058921602909336304,0.0003139619697389369,0.01923018740966624,0.2161946498390592
322,0.7050058617171796,0.2011287206038797,0.0010337701952425472,0.04831852535402522,0.04451312212967303
323,0.6127876518283168,0.31672524059467966,0.0010537749390869687,0.027897931626099454,0.041535401011817165
324,0.3275609302839137,0.6351175575792414,0.0027076251177613818,0.01346283762614927,0.02115104939293419
325,0.13649038469060115,0.7562431517778668,0.007081310475359857,0.03165076214057922,0.06853439091559298
326,0.23864704786917532,0.6044756555081239,0.010421676533262293,0.09765761863145016,0.04879800145798833
327,0.2753332092127577,0.6282489991495107,0.0039883293663835325,0.046564200035075665,0.045865262236272485
328,0.1792255040140483,0.7425923958278443,0.006010741484139856,0.05333022093375174,0.018841137740215678
329,0.15349809550301935,0.7485147215199451,0.003863258375095087,0.07795771148353023,0.016166213118410364
330,0.3489957961787785,0.4645169631158951,0.0013626544707977077,0.15192624037848015,0.03319834585604853
331,0.11442941381930001,0.8382255166605036,0.002365317929230165,0.033301768363525004,0.011677983227441171
332,0.0604164063784223,0.9192918059352096,0.010164321732335103,0.00398021302719828,0.0061472529268348985
333,0.251077500045052,0.6664913288897171,0.007709040796117413,0.06381335621267167,0.010908774056441913
334,0.11921004694916379,0.8100446571898305,0.009529243105485833,0.05388921287045627,0.007326839885063468
335,0.1180376193883723,0.8225903552684543,0.011160671287010116,0.04080832951385805,0.0074030245423051255
336,0.05500392643039145,0.8923374348247282,0.01839353684073833,0.029206193453374833,0.005058908450767334
337,0.11112526620926194,0.7745844070385177,0.013036282944327026,0.09185882030519496,0.009395223502698325
338,0.02825467228449099,0.9164611343421039,0.033803056779193444,0.018458417482351865,0.0030227191118598552
339,0.06596009040021376,0.8760715115795648,0.022199410457678835,0.029668452262067293,0.006100535300475592
340,0.11658480664622176,0.8298229364742346,0.01756740699385278,0.029813499959914763,0.006211349925776066
341,0.07228619647143708,0.9048665459986762,0.010742887915927432,0.007707905781442797,0.004396463832516396
342,0.09996821908844294,0.8630079426141302,0.017865735820396574,0.015768806821020064,0.003389295656010308
343,0.03668648397499369,0.923712912621199,0.029380903545684508,0.007963661812300205,0.0022560380458226787
344,0.027823080351647614,0.9279958360765937,0.03489371723616326,0.006146445660065509,0.0031409206755299017
345,0.06826202885202312,0.8753123481520847,0.036193181043714766,0.013179361418902477,0.007053080533274849
346,0.0671707583223996,0.8747175698864635,0.03568213194539715,0.017534506514989723,0.004895033330749985
347,0.060715833760966,0.8813950029426754,0.03534344329602647,0.016955902885021,0.005589817115311302
348,0.06852895137382294,0.8790168938285352,0.03287578823636415,0.014554263723782912,0.00502410283749482
349,0.06504551534443076,0.8501476413195332,0.06303184014276957,0.014953440945669519,0.006821562247596949
350,0.04750225922810593,0.8093891729689082,0.12152064585532008,0.009464061965406374,0.012123859982259313
351,0.07556593218270324,0.8278420311595187,0.07248963063252362,0.014881391892317313,0.009221014132936946
352,0.03382783077277807,0.8589587853464482,0.09379478796638212,0.00882210925781582,0.004596486656575838
353,0.010217830788512653,0.6849464984766973,0.2992875470451565,0.0026464703397263245,0.0029016533499073315
354,0.01410722271587845,0.8098027972096962,0.15385905841183778,0.01688811792161708,0.00534280374097046
355,0.02383286523019733,0.7318250296078724,0.21382171654499374,0.02447823524341192,0.006042153373524546
356,0.014753462616678332,0.7635647980020842,0.207353149390711,0.010637171122561318,0.0036914188679652116
357,0.01324638087546965,0.4788862192847153,0.4974494446419629,0.005132449788949795,0.005285505408902421
358,0.006033265971799436,0.4872492882077263,0.4972348535320673,0.004362323577255395,0.0051202687111514345
359,0.006804251575124628,0.20700456317817495,0.776503201664549,0.004013884566023423,0.005674099016127779
360,0.00800169200425993,0.30721415976029337,0.6704349562391194,0.009124956674685807,0.005224235321641575
361,0.018073972612234875,0.4790889156386142,0.47504278131601546,0.018483329216741506,0.009311001216394063
362,0.00715068426363641,0.27462905074616745,0.70499995650247,0.0062409323977410305,0.006979376089985092
363,0.005312760667565126,0.23197710276687747,0.7506908704321713,0.005813277108192454,0.006205989025193602
364,0.005500392708939771,0.1462867003759409,0.8397037505222484,0.004305928810269803,0.004203227582601201
365,0.010295880588855184,0.3064875895249401,0.6657295155008015,0.00901569601384702,0.00847131837155601
366,0.011842278920453258,0.2223690567674069,0.7577455471455359,0.004128613060541034,0.003914504106063006
367,0.004286185039958393,0.08688405847365381,0.9044264885340976,0.0017185133848229201,0.0026847545674674555
368,0.03192895878395505,0.207804355941479,0.740454199669485,0.010698517428976947,0.009113968176103932
369,0.008323240360535007,0.15173000235339099,0.8327744297062365,0.001338245423636887,0.005834082156200541
370,0.0034909737927886555,0.10151767362158333,0.88045244755866,0.0027026405960929867,0.011836264430874996
371,0.010248436784802023,0.18269273915936854,0.7817627004318588,0.0047830173624165235,0.02051310626155414
372,0.020115221285199547,0.2206174819892529,0.7267126965120678,0.005312616826651838,0.027241983386827873
373,0.004293668353536395,0.1720001173864296,0.8054836155726606,0.0022040379572581884,0.016018560730115147
374,0.00835742599824495,0.25838689952510957,0.7198969938425384,0.0015054684585971568,0.011853212175509924
375,0.002950013484283538,0.1020362991173816,0.8797969816012707,0.002065801530900932,0.013150904266163018
376,0.0023513969270955322,0.08529559245274215,0.9026166033630035,0.0014273498635688012,0.008309057393589836
377,0.0032805512092037316,0.12745784025408688,0.8603861750626433,0.001737673985663358,0.007137759488402672
378,0.0035414715262738353,0.31223891813373145,0.6757399472672001,0.0010946540370834555,0.007385009035711182
