epoch,N1,N2,N3,R,W
0,0.0005168776196467086,0.0001342182400279334,1.6825075600473372e-06,8.625889513611626e-05,0.9992609627376292
1,0.0036069757696519057,0.00019031294676571136,2.3196567347981155e-06,0.00022702012641812727,0.9959733715004295
2,0.0002643246664547571,7.500968025042143e-05,2.270614264453707e-06,8.488654285012687e-05,0.9995735084961802
3,0.0013659441178664668,0.00024393220290727698,5.309804352438108e-06,0.00022348923647793841,0.9981613246383959
4,0.0008815918111343907,0.0001330903340016752,2.118528680905621e-06,0.00014823620729358594,0.9988349631188895
5,0.010280337745518899,0.00031667101323446174,1.916937047701096e-06,0.0003373948262694208,0.9890636794779296
6,0.0008826609548232302,0.000127059870861438,3.139747864821557e-06,8.470843327247371e-05,0.998902430993178
7,0.10056714633125538,0.0024077849084050175,6.725469676101823e-06,0.0032816267490583216,0.8937367165416052
8,0.0564422050909202,0.0015106936383287289,6.926684467382064e-06,0.0036819949707072763,0.9383581796155763
9,0.005287334858603765,0.00045714747423818906,2.902868887631764e-06,0.0005793675258329319,0.9936732472724376
10,0.03672302736174988,0.0013151591359867,8.764777278067147e-06,0.0015097536585965189,0.9604432950663888
11,0.5214857464745882,0.031478041754922824,4.627740355240861e-05,0.010296487662834508,0.43669344670410193
12,0.696888065834875,0.05340818605791517,0.00010898617067443977,0.046273321665803974,0.20332144027073162
13,0.42492543740068833,0.17374066067664745,0.0003072138800689621,0.07200788177805824,0.3290188062645369
14,0.1272519178664938,0.47500010965117456,0.0009719604213491496,0.05850777747474577,0.33826823458623684
15,0.1038397949054573,0.7409145737154544,0.002108441885685377,0.05943795199786242,0.09369923749554071
16,0.23748689143152896,0.376265932500424,0.0005723336006490243,0.18270840565435564,0.2029664368130425
17,0.2038636016250041,0.4729785509632702,0.00039679632991562394,0.1371256405238196,0.1856354105579905
18,0.0482033927640749,0.9183472439364001,0.005254173750484866,0.0035783063235913827,0.024616883225448822
19,0.10966419271942861,0.8222054408765983,0.0008416082312390243,0.004227854256232079,0.06306090391650199
20,0.014122854674176077,0.9097795057058461,0.059435410016894154,0.0010361526517494012,0.015626076951334358
21,0.05732237097394854,0.9098835740282993,0.006018756112787688,0.0074361155500033685,0.019339183334960982
22,0.05193729699727953,0.921368728541864,0.0031189394135887985,0.0077497956509854785,0.01582523939628214
23,0.01228991827228109,0.9733839764640239,0.005555943184733855,0.0008073607690672047,0.00796280130989381
24,0.017068326309637605,0.966997760707885,0.005170467470683734,0.001382689042265479,0.009380756469528233
25,0.008238002540396062,0.9628721878162994,0.02028484927872326,0.0004890017459304364,0.008115958618650889
26,0.007962800839834755,0.9748346913537169,0.002414242274885771,0.0005952892078100286,0.014192976323752604
27,0.007694247550105215,0.960878169449636,0.02207709755312661,0.00032402469972125084,0.009026460747410966
28,0.004578929850989489,0.9146506342662127,0.06608464429948814,0.00019103822473425663,0.014494753358575401
29,0.004099049549316847,0.8908989305195593,0.08887741310068008,0.0003639568291765218,0.01576065000126742
30,0.0016718784288034237,0.6716169011610121,0.30717529946418,9.591986224325579e-05,0.01944000108376115
31,0.004285104887985197,0.6992661210166937,0.2845510013370394,0.0002262893362653001,0.011671483422016479
32,0.0028812860047403295,0.6922052673082336,0.29626471343586075,0.0001672879091794037,0.008481445341985817
33,0.001705300003405452,0.4928426290438446,0.5012133411354257,0.00010670338499686136,0.0041320264323273
34,0.0016876005684414034,0.5961068809589978,0.396103336487647,0.00013350587290769623,0.0059686761120061205
35,0.0015440884867960413,0.4881671875070762,0.5038616582344396,7.754315987811117e-05,0.0063495226118099385
36,0.0005804122943979027,0.29391830043572,0.701132771045257,2.86101781478009e-05,0.004339906046477436
37,0.0010431031538895204,0.4434096933513229,0.5493525708293515,4.32274547741126e-05,0.006151405210661908
38,0.0008531087239773237,0.2602579882544949,0.7255121142509074,3.0993748740589806e-05,0.013345795021879728
39,0.00061595936874907,0.18481348647985468,0.8068739422439766,2.2617169109901166e-05,0.007673994738309668
40,0.0017640561564069024,0.28455252502088113,0.7075696987493856,7.586593449314368e-05,0.006037854138833148
41,0.0015446038097226824,0.1961455076380639,0.7935558744476803,5.2392292615272964e-05,0.008701621811917692
42,0.0009374536426192316,0.2144187667315554,0.773422525415756,3.575037027607376e-05,0.011185503839793162
43,0.00036740053538741597,0.13862051929779093,0.856547300998032,1.4669583106601058e-05,0.004450109585682992
44,0.0009801513916661315,0.2702296228726471,0.7180397367171172,2.330014486140601e-05,0.010727188873708233
45,0.0004747120156147814,0.15983546102847243,0.8358873538001154,1.2307590069099946e-05,0.0037901655657283854
46,0.00043375963447350957,0.12019227356550272,0.8748004834603117,9.197805795957464e-06,0.004564285533916051
47,0.000636526980000702,0.2615471543183448,0.7266712914655019,1.9894145380019397e-05,0.011125133090772453
48,0.0003196746210602075,0.0882992115727434,0.909705373528783,1.1106980534066722e-05,0.0016646332968793935
49,0.00047370659271725956,0.1473732632569836,0.8456208389320323,1.61843672554432e-05,0.006516006851011226
50,0.0002423351304440217,0.10284656841175799,0.8950945117986691,7.561151763674953e-06,0.0018090235073653146
51,0.00031614372845288657,0.12151397249437981,0.8732914489744559,7.073432981522113e-06,0.004871361369730012
52,0.0003590092486723941,0.10915337461138169,0.8867700060153494,6.1672961749086445e-06,0.0037114428284216114
53,0.0003422718998948563,0.11279713020265643,0.8824984160418539,6.913953843679745e-06,0.004355267901751157
54,0.0004928579670397696,0.11812945041298305,0.8778144721845667,8.020776179238117e-06,0.003555198659231092
55,0.00023692002461073508,0.07656797261018193,0.921129680475722,4.870011917833273e-06,0.002060556877567362
56,0.00025708584129281096,0.10170328302997506,0.8957736564072951,4.450578195811855e-06,0.0022615241432412565
57,0.00015036684066383228,0.06731559052188185,0.930904013994484,4.811823144339715e-06,0.0016252168198261465
58,0.00014196864760262527,0.06282434824090444,0.9352810745119717,5.93890853382983e-06,0.0017466696909875024
59,0.000457299544012021,0.1403983564559824,0.846763100451269,1.2976338639943168e-05,0.012368267210096616
60,0.00023817838629048421,0.05976327286508028,0.9384520104968428,5.788730680515947e-06,0.001540749521105807
61,0.00028578824652915585,0.09046974203536952,0.9066643178068562,8.867937422453735e-06,0.0025712839738226503
62,0.0004047220706497157,0.1432790904629478,0.8525059302821505,6.127530362640218e-06,0.0038041296538895
63,0.0002059213818535774,0.0795068222051867,0.9187367190072235,4.264822096293439e-06,0.001546272583639904
64,0.00015964166307392706,0.09749227221783188,0.9008389779675485,4.859033028570073e-06,0.0015042491185171052
65,0.00012130789978286431,0.06426830337370192,0.934404710554277,5.56651470909809e-06,0.0012001116575292776
66,0.00045214801477612757,0.11678612402529782,0.8748481966714392,1.23170770496536e-05,0.007901214211437267
67,0.0002141976172516531,0.08379201147007792,0.9143418320408293,6.920104423114612e-06,0.0016450387674178796
68,0.0001976023394362188,0.09042299317837335,0.907536594894134,8.399307042227569e-06,0.0018344102810143202
69,0.00015743141783467312,0.058590150062837444,0.9399285086480963,5.883428075781636e-06,0.0013180264431558036
70,0.00017303582546333997,0.07529007575895469,0.922984120813809,8.400267219148313e-06,0.00154436733455387
71,0.00015681496398315789,0.08819815990587122,0.9098167288629403,6.376588754744508e-06,0.0018219196784505798
72,0.00017096391927065298,0.06601106320090376,0.9327796771617616,7.3325535224238295e-06,0.0010309631645417743
73,0.00012211340246766567,0.06810591189404841,0.9308469762239737,7.384598657883323e-06,0.0009176138808523996
74,0.00015986681927620676,0.0820339291034099,0.9168341990691576,1.0522078626024127e-05,0.0009614829295299812
75,7.676368099895931e-05,0.046089248227627895,0.9527186591401179,5.613446475991338e-06,0.0011097155047791823
76,0.00010139219277158994,0.05130713747281958,0.9477634270194023,7.240546036518121e-06,0.0008208027689699672
77,7.228989670399124e-05,0.03834342391057136,0.96062608197667,5.472056741149283e-06,0.0009527321593134718
78,8.006722406177943e-05,0.041260613558069,0.9568636366384449,5.405081407444832e-06,0.0017902774980170198
79,0.0002889887694241828,0.12371528954911634,0.8737367960354925,1.8048623890558387e-05,0.0022408770220764336
80,7.94040690132314e-05,0.037650849473950275,0.9611600978530581,7.413616634269864e-06,0.001102234987344005
81,0.0002084362479334414,0.06780255158141066,0.9311769119903227,1.2656566155610775e-05,0.0007994436141773293
82,0.0003579325079018083,0.0947147498228806,0.9029138335633423,1.294882674629968e-05,0.002000535279128799
83,8.274436888316646e-05,0.049231883046152974,0.9501237460288823,8.364014019436094e-06,0.0005532625420620603
84,0.00021486404818375985,0.07034324690885661,0.9282232650462419,7.138587559025755e-06,0.00121148540915869
85,0.0002481180920006863,0.0665506779421638,0.9320716517536705,9.837845456602467e-06,0.001119714366708288
86,9.290929330370445e-05,0.05147844107369124,0.9478684777814937,1.1458940018148603e-05,0.000548712911493104
87,0.0003221971031499688,0.07391231554561406,0.9246886063950557,1.6955455420312677e-05,0.001059925500759966
88,0.00016358800666438293,0.04140076348040408,0.9578670198798399,1.5606198819090077e-05,0.0005530224342725622
89,0.00011294059653649692,0.047868809866215827,0.9502417013821932,6.833524094650303e-06,0.0017697146309598438
90,0.00010151417136250644,0.0547919151408803,0.9444687281929212,8.0918542381012e-06,0.0006297506405979289
91,0.00010569232417394056,0.052084676923998645,0.9465075055113187,7.041528440019681e-06,0.0012950837120686682
92,0.00016014622737959696,0.06121972619541311,0.9371754931627572,9.121237327630819e-06,0.0014355131771224682
93,7.771745251998813e-05,0.03738884935240582,0.96120721158429,5.463336525890769e-06,0.001320758274258441
94,7.351838304460838e-05,0.033265255648546,0.9657261316774145,4.467976315987553e-06,0.000930626314679046
95,0.00021408797569458143,0.053674293863872145,0.9425786095727241,1.3928774131150387e-05,0.003519079813578069
96,0.00015028440483575413,0.04740896184242421,0.9500676670632222,1.6544036026999983e-05,0.002356542653490797
97,5.569140444880914e-05,0.028144776497300034,0.9708327695648761,2.1418828856958244e-05,0.0009453437045183088
98,0.00020041005702327373,0.050921328231604564,0.9467876630640168,5.421018293385046e-05,0.002036388464421368
99,0.0002632562978892791,0.05694213240183512,0.9396175871214055,6.697945004495785e-05,0.0031100447288251606
100,0.0005114866222038717,0.0675047642070339,0.9297378572300853,0.0001376283118579248,0.002108263628819136
101,0.0003966894767744871,0.05173013307862709,0.9450204920534856,0.00014511639825864355,0.0027075689928543144
102,0.0015521558686093688,0.0027599645805034424,0.0018306511783468282,0.0002061394071837072,0.9936510889653567
103,0.21675786383763543,0.5009821541053169,0.003326661401333485,0.03938061493900324,0.239552705716711
104,0.13941943432616982,0.09475188197336157,0.0013227700687022542,0.013494944253460055,0.7510109693783064
105,0.22715807121895112,0.027964890297730968,0.00016184271514357496,0.004093590007556583,0.7406216057606178
106,0.2692870598120818,0.647163162125681,0.0015408863254709898,0.0439043362563581,0.03810455548040807
107,0.1687549010611587,0.7432566035134589,0.00873935401070665,0.015887979238663322,0.06336116217601262
108,0.14919565589232317,0.05767831802071029,0.000871425890884863,0.022174272218814746,0.770080327977267
109,0.39442829290907877,0.1263279479821858,0.00010866900047103441,0.26525528046599245,0.21387980964227202
110,0.5976841632779135,0.16910121923115484,0.00029450971241687027,0.17146324544702252,0.061456862331492196
111,0.168023839451458,0.7525546250886023,0.0057327858744359314,0.023043898263967293,0.05064485132153658
112,0.11199446781207922,0.8123864305597953,0.00035441532854081924,0.06881239172891683,0.0064522945706678115
113,0.02554321516495859,0.9289022021983286,0.00020059607846555536,0.038316096579693947,0.007037889978553442
114,0.043942708111543057,0.9352888453791208,0.0008824118741513282,0.012619859085258534,0.007266175549926313
115,0.014058719446304874,0.9730148376896224,0.0062546167680435525,0.002671860681461462,0.003999965414567889
116,0.016475534953296858,0.9778522141975452,0.0006433834741855514,0.0026209486143148456,0.002407918760657735
117,0.01772827644556602,0.9721770093247951,0.003479570730748925,0.0023793177437698375,0.004235825755120056
118,0.01120330089064712,0.9815012632685544,0.0029728053784064826,0.0021158646685028887,0.0022067657938890668
119,0.017147753317564227,0.9550906269578721,0.009724496785436604,0.0019583205217087053,0.01607880241741855
120,0.04918598510619291,0.9304021965814909,0.0041942577045171615,0.004926615387510368,0.011290945220288664
121,0.007225957034103962,0.9886066645467106,0.00046212461713173673,0.002203871227456055,0.001501382574597499
122,0.005797457827010345,0.9890119423169356,0.0018303945083291927,0.0008842439941578445,0.00247596135356683
123,0.014866718744067756,0.960302510145731,0.019936665934814576,0.001081130273940309,0.0038129749014465973
124,0.06188068474582285,0.9229395218346303,0.00117029916740316,0.0062777716125766644,0.0077317226395670745
125,0.0164168366843675,0.9770750692392555,0.0005905581225515437,0.002015779611623187,0.0039017563422022975
126,0.04796236930860672,0.9417036977438309,0.003232677318597231,0.0024669291052512587,0.0046343265237139665
127,0.0031520252659244584,0.9800512006676054,0.01575492910534456,0.0003722622636415631,0.0006695826974839285
128,0.011321165044434083,0.982742523891813,0.0012539912091700585,0.0014282505759203878,0.003254069278662291
129,0.014631366923478018,0.9798721514750307,0.0006906116104795998,0.0033233101675586153,0.0014825598234530133
130,0.007678223997218442,0.9843734269389629,0.005151927139417211,0.001166421478647293,0.001630000445754096
131,0.010433619683314944,0.9798152715309456,0.004012995609803551,0.0036754140567619178,0.0020626991191740984
132,0.01627768373933541,0.9726570041837851,0.004296534485252837,0.003224745731933593,0.003544031859692946
133,0.01336992766890269,0.9761202689688376,0.004259341181004848,0.0040440217214024595,0.0022064404598522366
134,0.010271926392476123,0.9612564401685345,0.021975708694817967,0.0031978804571122284,0.0032980442870591893
135,0.006035608352354753,0.7246104710494943,0.26395965185682624,0.0012403692794061962,0.004153899461918552
136,0.017844479458849233,0.9640153881998429,0.007760464983485277,0.004506722782266431,0.005872944575556158
137,0.012408051927727416,0.9735025447189337,0.0075577968231941356,0.001916846905974555,0.004614759624170316
138,0.002987568984806836,0.7404667838387116,0.25304989088274704,0.0010188451857568329,0.0024769111079776594
139,0.0036918779043427566,0.9772263349421598,0.015568133611989976,0.0009420464165562459,0.0025716071249511155
140,0.0030287852991222894,0.9562833822807673,0.037212611132476314,0.0009328121519200348,0.0025424091357140123
141,0.003056644664402876,0.9348018313069146,0.05702733694714591,0.0009391407456515152,0.004175046335885153
142,0.0032580176936862293,0.8885132303655372,0.10435180448592808,0.0007918482905031654,0.0030850991643453373
143,0.0038737314434991047,0.8048866813541468,0.1812859785522103,0.0006857442404220547,0.009267864409721847
144,0.0038972711850956345,0.9228146789543025,0.0699504336360192,0.0013792553092262661,0.0019583609153561335
145,0.0046617199279967,0.8096293173497243,0.18269334160907008,0.0009227204040705543,0.0020929007091384047
146,0.003359163320203611,0.5719270785027479,0.41832731215193486,0.004122928239965226,0.002263517785148529
147,0.00344497920334569,0.517857683916925,0.4709421259751861,0.005651639455141898,0.002103571449401299
148,0.004948551214594272,0.8810509899875517,0.09579754420863235,0.015600331695663942,0.002602582893557733
149,0.04027920402220034,0.859050681643952,0.004045783364904691,0.08855130565303931,0.008073025315903362
150,0.03399183646223441,0.9407278629748306,0.0020085559785730013,0.01965403553028449,0.003617709054077579
151,0.13987377421041736,0.7545749677728321,0.003095138041763872,0.0699049124009049,0.03255120757408189
152,0.09496041747024307,0.8101925766752931,0.0007282280056332461,0.08088133134185219,0.013237446506978322
153,0.09098176211930474,0.04005007408970923,0.0010450107928465732,0.007749591854929245,0.8601735611432102
154,0.6647379374393046,0.2093139736918085,0.000967044906085171,0.06230569039296725,0.06267535356983459
155,0.16907640593988343,0.7970035453477801,0.0024368158736833953,0.02002251825447744,0.011460714584175781
156,0.03209260571707557,0.9051291818138739,0.043647810966109195,0.007978624681730056,0.011151776821211089
157,0.0633271861763446,0.8027987439365503,0.002422262596299691,0.12039570060507661,0.011056106685728949
158,0.02208250279872435,0.935548634922838,0.0008926185952113776,0.035882906255111514,0.005593337428114805
159,0.009062141834927531,0.9703970153713422,0.001319732951094721,0.016977983327637555,0.0022431265149979907
160,0.01471813314653812,0.9650115530455737,0.00048331493924314543,0.01721023881737501,0.0025767600512700416
161,0.0867982344096575,0.8276159286668905,0.0009243507402244971,0.07027671450755751,0.014384771675669828
162,0.02736389288239066,0.9345587863149201,0.0011660491344206922,0.030881940761894374,0.006029330906374112
163,0.009806139459565242,0.9683871664449726,0.00616730031699229,0.013041809648432035,0.00259758413003803
164,0.031652898497334374,0.8287850315075524,0.0007881923552897091,0.13432674980616463,0.004447127833658945
165,0.07228675565479892,0.6750526011469374,0.0002483123453043596,0.23541652571135147,0.016995805141607954
166,0.034040044983592394,0.8179560709519466,0.0005574129442570864,0.13938189983312424,0.008064571287079679
167,0.020871825898847732,0.8954414895149037,0.00025260270485144337,0.07966239607544681,0.00377168580595053
168,0.012394290968492606,0.9213229684522786,0.003954299796535826,0.057253703390137155,0.0050747373925559836
169,0.05839094967338484,0.5875226974250941,0.0009802506181878523,0.2711261100002669,0.08197999228306631
170,0.038329098264997655,0.14640778323305823,0.00015052041542531558,0.801906147823092,0.01320645026342664
171,0.04536246597829797,0.10229322649917998,0.00019904196323632564,0.8367545458723038,0.015390719686981894
172,0.034092366414860076,0.05497207931532101,0.00011005275926516708,0.8982941096521353,0.012531391858418466
173,0.016970989999973183,0.015616867019695502,2.069741134263222e-05,0.9632542813419048,0.004137164227083939
174,0.024946998060335093,0.013375569396949142,3.2488909957495074e-05,0.9552337579318706,0.006411185700887716
175,0.03850669113908608,0.011443445132171777,3.340584224567178e-05,0.9443084052425271,0.005708052643969436
176,0.016755495249737924,0.004921941418265978,9.285747500975038e-06,0.974768665106687,0.003544612477808116
177,0.02943059760105107,0.012885826131048573,3.0025495072734813e-05,0.9518789134560218,0.005774637316805628
178,0.029544417741998473,0.005706905575547689,2.754196703353943e-05,0.9215380097836503,0.04318312493176996
179,0.05445909401684751,0.014559442509436464,4.176265995475556e-05,0.9203727296088645,0.010566971204896683
180,0.03648193567207498,0.006280529907214033,2.0952415975837372e-05,0.9366352267713636,0.020581355233371484
181,0.061853026285812795,0.010721130023854693,5.172354792997262e-05,0.6554281806208742,0.27194593952152823
182,0.06364588712725319,0.011296484739326191,1.3946992853650685e-05,0.8916788028895646,0.03336487825100227
183,0.0720980376455455,0.008788173652420399,1.687213971310499e-05,0.896272952766167,0.022823963796153996
184,0.05010508230644675,0.011009703947659828,3.1199843977465135e-05,0.9275084681211326,0.011345545780783261
185,0.018223118199908076,0.0041054766128817395,1.1122602564283166e-05,0.9708366796754364,0.006823602909209472
186,0.014475032753404811,0.0029799415472430116,1.4772820201869866e-05,0.9662149477501869,0.01631530512896335
187,0.011263151633260245,0.0030739307233545233,1.334291502147827e-05,0.9760812930547996,0.009568281673564048
188,0.02793916580988826,0.027472840159801226,0.00010618610953493854,0.9336411832189673,0.010840624701808355
189,0.03857554435950237,0.01599597794253923,8.181979093298588e-05,0.931889520458872,0.013457137448153423
190,0.020125570151211587,0.018324710476292125,5.382815239712123e-05,0.9494507367519148,0.012045154468184334
191,0.026697062226969735,0.016408512320694523,4.160613063416095e-05,0.9387080179549792,0.01814480136672234
192,0.06999621651406616,0.04824154532770553,0.0001600436961664727,0.7098027427776263,0.1717994516844355
193,0.07454318602249686,0.03037740900629051,2.4402539711117e-05,0.8483708393786883,0.04668416305281308
194,0.09771277689702547,0.05799634490817704,0.0001650549194270278,0.7666826508885355,0.07744317238683489
195,0.14521127004258277,0.1981001721517087,8.002542493476474e-05,0.636863953307756,0.019744579073017743
196,0.14214996819493317,0.558776936197643,0.00041746377541100545,0.2722951611400828,0.026360470691930073
197,0.12127263344324085,0.11240446957018961,8.786050294379757e-05,0.7495113544666463,0.01672368201697957
198,0.03257610186384624,0.8664852386913738,0.0020327429488233182,0.09081896044867385,0.008086956047282707
199,0.04103570099485613,0.7958575220881932,0.0007426833482193872,0.13733394678538707,0.02503014678334403
200,0.016559547860076747,0.9529902830252419,0.00025602029762640733,0.025808889378900926,0.0043852594381539305
201,0.00685088471056924,0.9748177601516729,0.0004966651036632817,0.015727429313481908,0.0021072607206126526
202,0.02949627320617433,0.824353679169232,0.0002626283035981109,0.13344563712940738,0.012441782191588468
203,0.03551058587824632,0.890679819931404,0.005554453206943249,0.01209585487101958,0.05615928611238689
204,0.2970558574718524,0.4338225864482669,0.0002655480127537817,0.22096518984261207,0.04789081822451493
205,0.05921559800364883,0.9023733888301052,0.002568988728083172,0.02216650665783324,0.013675517780329783
206,0.037640889066104674,0.9455926061513005,0.0004349976525931917,0.013613706410803726,0.002717800719197805
207,0.010267352230126436,0.9779073878533563,0.0011508974608960042,0.005577142228766492,0.005097220226854933
208,0.008357793294357348,0.9816321634115144,0.0003705275464378123,0.007706592735960725,0.0019329230117297782
209,0.025135213893044146,0.9490993707093078,0.010125208049954057,0.006997044593411033,0.008643162754282913
210,0.09226148299070452,0.8369047270688019,0.0014109745644758922,0.0501792558065611,0.019243559569456562
211,0.00849991199454434,0.9808043037272988,0.0006396245152656789,0.0061784795157247925,0.003877680247166781
212,0.009539913893324231,0.9808019071060692,0.002107065226855984,0.0033377835915815775,0.004213330182168966
213,0.010737016053317556,0.9810135144592826,0.0014705279159405343,0.004127787387132914,0.002651154184326628
214,0.010538530997232112,0.9763120323276678,0.0019234978065570752,0.0068942117543452945,0.004331727114197933
215,0.0074701298339413785,0.9804882457030575,0.0017539496637116526,0.0033775953585989233,0.006910079440690762
216,0.006290563857786532,0.9661297676611247,0.021137480224864807,0.0025376036022288504,0.003904584653995289
217,0.006250175464622593,0.9831097194595997,0.005746456940813776,0.0023789029072692315,0.002514745227694902
218,0.009826290146918852,0.9512806972600409,0.025797154958995615,0.005665932968617331,0.007429924665427379
219,0.008694123687800414,0.9315751722096546,0.047953145360338664,0.007279541007447505,0.0044980177347588145
220,0.017499225860535032,0.9483160283848135,0.011676979072376303,0.009105561418870292,0.013402205263404642
221,0.012728590949701673,0.9454498471405521,0.025512004043721132,0.005479893988618471,0.01082966387740635
222,0.0032672779081085544,0.9044668239060203,0.08712503874200755,0.0030642691441771733,0.0020765902996863783
223,0.006099119865026429,0.9273361862747969,0.06085053522406683,0.0027296952955059395,0.0029844633406040186
224,0.007452640585524852,0.9275642992242231,0.05837657828985327,0.002374157036413571,0.00423232486398494
225,0.03416109566940999,0.49908643602699654,0.02130340618644483,0.0032027626413814268,0.44224629947576727
226,0.1526461601971441,0.7180822714028767,0.03308620709526638,0.003682723895232245,0.0925026374094805
227,0.20891180743434296,0.7684439632983898,0.00267965486610674,0.002131457909768787,0.017833116491391597
228,0.07161996989967277,0.8441884454890424,0.05847929243549629,0.0007785021387619567,0.024933790037026633
229,0.02981577957134495,0.906856068958036,0.0511640018993203,0.0015316855056189207,0.010632464065679732
230,0.014887939801306035,0.9808777179120614,0.002217915349865909,0.0007600420933708656,0.0012563848433957319
231,0.014565853674465007,0.9790146503170722,0.0023728191977751265,0.0013927758851907989,0.002653900925496795
232,0.013282296178447985,0.9582601593843173,0.021618361773162037,0.0022946382169339308,0.0045445444471388045
233,0.007344129889372226,0.9642889016039238,0.02463341884113719,0.00138754998150226,0.0023459996840645907
234,0.005722085723617573,0.9517026360458902,0.03815689944801432,0.0022232376065752105,0.0021951411759027614
235,0.007100379012468258,0.9518312666505948,0.03529629557004967,0.0019165957485296858,0.0038554630183576083
236,0.009275589511528584,0.902139486481584,0.08343749402991484,0.0025153572332127895,0.002632072743759626
237,0.0032685939857548026,0.7410410971380894,0.2531516005155467,0.001456724620020921,0.0010819837405881753
238,0.0047740400491374105,0.8735205031975635,0.1173106671143385,0.0026240037495580916,0.0017707858894025629
239,0.0019249203413788398,0.7047249155373815,0.2906819029678386,0.0008791006770216505,0.0017891604763793374
240,0.0019216311857185669,0.6681163302431743,0.3252707488251476,0.0014783570092225429,0.003212932736737083
241,0.0019361854663163924,0.5332800667494799,0.46103968772671994,0.001824157406906484,0.00191990265057729
242,0.0014111893985919361,0.5431133238125677,0.45253156310674525,0.0009207563102936021,0.0020231673718016647
243,0.004413960951309133,0.6576135314345063,0.33321807897377986,0.0007354186902172746,0.0040190099501875
244,0.003646744065808643,0.5725826919583266,0.4200590640848926,0.000648640712143828,0.003062859178828458
245,0.00433869286217526,0.6377796748505538,0.3533256013890565,0.0012036033789412325,0.0033524275192734223
246,0.003100856406382098,0.6183253075886218,0.37557985065760324,0.0010309787825254553,0.001963006564867557
247,0.003101752709552153,0.5493774984558255,0.4438815951206721,0.0008680487957819285,0.002771104918168247
248,0.0005387413341830926,0.31688598757980996,0.6811834655297296,0.00024852375502156323,0.0011432818012557695
249,0.0010454353107763967,0.43852018911476287,0.5582576103519773,0.00043967635244431674,0.0017370888700391721
250,0.0012260598971605677,0.5605537855203674,0.4351110022145858,0.00035880211603244697,0.002750350251853935
251,0.0014448884051296593,0.4513124810218621,0.5451916634030081,0.0003822316728243626,0.001668735497175894
252,0.0010538041630929306,0.49417246177944457,0.5033060505395398,0.00020973327014598884,0.0012579502477766214
253,0.00028147433305317037,0.26081506681559286,0.7383652415842809,0.0001170283308364663,0.00042118893623668716
254,0.0008072544926924655,0.456051801924484,0.5416226933012511,0.00031394138026819853,0.0012043089013041935
255,0.0014541178412109232,0.5286664903797037,0.4679442377593359,0.0005576750310001403,0.0013774789887493271
256,0.0006581216884745392,0.26199626739757903,0.7363814565659861,0.00023466105191797564,0.0007294932960423933
257,0.0007713967181723852,0.3891244818000562,0.6086575939950917,0.0003281349198871976,0.0011183925667924354
258,0.000533894956393121,0.31334824520745935,0.6851644014172944,0.0002032873916400956,0.0007501710272130505
259,0.0002706718932604792,0.2754609781042051,0.7235713636551074,9.42813620584303e-05,0.0006027049853685046
260,0.0007051941542029595,0.28465035915357156,0.7135754521021196,0.0001153269065823595,0.0009536676835234859
261,0.0003127809639960888,0.19845744971702298,0.8004854553915751,7.189672043090687e-05,0.0006724172069748556
262,0.00014264135867928613,0.11399529367856258,0.8851923579631353,2.9682416041870434e-05,0.0006400245835808559
263,0.00020502049909320853,0.15538584290764693,0.843629354696819,5.8468652162588496e-05,0.0007213132442781817
264,0.00019883536697259957,0.10434221251903865,0.8947794583701195,5.389829820165739e-05,0.0006255954456676091
265,0.00010774025214798689,0.10451243780784238,0.894445195852483,4.441222791212866e-05,0.0008902138596145344
266,0.00010348589734312484,0.06559626836204364,0.933709639179094,6.29127450550604e-05,0.0005276938164641374
267,0.0003580694805881016,0.11721814845528498,0.8814877212432964,0.00010997536552770521,0.0008260854553026624
268,0.0003095804181819313,0.0931410450202553,0.905775668513519,3.874769871592397e-05,0.0007349583493279001
269,0.0005643166305319823,0.2045240777065743,0.7932085535693804,0.00011160400975165575,0.0015914480837616633
270,8.191109310074477e-05,0.049609382695544345,0.9498511517196098,3.4485062991383424e-05,0.00042306942875388915
271,0.00020749090961688846,0.09556186405025364,0.9030375828985188,7.001830739841649e-05,0.0011230438342122579
272,7.406074933802583e-05,0.045306039752958646,0.9542623381883677,2.4060195976292818e-05,0.0003335011133593212
273,8.057626818250144e-05,0.03910053529177628,0.9603542337355614,3.533267106624776e-05,0.00042932203341367004
274,5.695405823734456e-05,0.03132877418518703,0.9682904205606856,1.6729196061666365e-05,0.00030712199982846805
275,8.339600775612299e-05,0.04340546682239054,0.9560352305845273,2.4747094664720448e-05,0.0004511594906612891
276,8.334454361245451e-05,0.02779039042795455,0.9717659263711638,2.2182106485429515e-05,0.0003381565507837405
277,0.00019848674509297194,0.07844403944917044,0.9205458856075786,6.461365269513515e-05,0.0007469745454628088
278,8.573326895925561e-05,0.04102797693805242,0.9581015530288026,2.6903113719683663e-05,0.0007578336504659463
279,0.00013728644337725955,0.0673839383333395,0.9317607605109092,3.0790839379671714e-05,0.000687223872994111
280,0.00011104120968012347,0.05578859071974412,0.9433892082949467,5.6195370724621845e-05,0.000654964404904656
281,6.905388542177605e-05,0.05911691378385352,0.9404095065707359,3.267017317600637e-05,0.00037185558681272546
282,7.332125135913564e-05,0.047356698167549,0.9517321719524563,3.0976331883366285e-05,0.0008068322967519986
283,0.0002371995317785348,0.12268089414758343,0.876394724473438,7.400091910432964e-05,0.0006131809280956316
284,0.00011145950423205184,0.07179692805357281,0.9275960101904951,4.7756721664522196e-05,0.00044784553003550474
285,0.00015506904268159264,0.03690892394787804,0.9623411803129772,4.116256630508253e-05,0.0005536641301580309
286,0.0003692244197088561,0.09067197194143993,0.9073102680760372,7.085248945946966e-05,0.0015776830733544558
287,0.000283785660964479,0.06780135679719483,0.930863259147892,5.432742512147422e-05,0.0009972709688269835
288,0.0001775799838201794,0.06772516093542214,0.9313489951578489,8.431065047730651e-05,0.0006639532724314666
289,0.00042956791846585253,0.06831249959238467,0.9304856087838649,6.826222886599323e-05,0.0007040614764184962
290,7.402884638071504e-05,0.037260280768485775,0.9623017069666634,3.8510605710820424e-05,0.00032547281275929643
291,0.0010094092044709842,0.10242260238351364,0.8951724536751542,0.00018657781990881513,0.001208956916952317
292,0.000217360521692881,0.04849951136112705,0.9504541522773102,7.275549960347932e-05,0.0007562203402663911
293,0.00012649930260064498,0.05222179847570056,0.9471240217523142,4.343565764249902e-05,0.0004842448117421244
294,0.00013534025974047095,0.0564557399496542,0.9426152812786784,4.904354131593246e-05,0.0007445949706107577
295,0.00041553791642934853,0.06393335171810773,0.9346106405487696,6.653204900650328e-05,0.0009739377676868853
296,0.0002102128464518272,0.05298955963811846,0.9456908791023458,5.487739315912244e-05,0.0010544710199248092
297,0.0010393085030622803,0.11632432936250811,0.880597935449298,0.00012508594577150518,0.0019133407393599818
298,0.00044569291187192966,0.05144682191253966,0.9464040390693335,9.143937271019657e-05,0.001612006733544651
299,0.00011444888066122813,0.05844549572293446,0.9406024039086189,5.223718576576025e-05,0.0007854143020197223
300,0.000666990941240739,0.08060021552345564,0.9171373835058974,6.283017944921507e-05,0.0015325798499568357
301,0.000256194348746741,0.08530610250021656,0.9130074737585068,6.092251810088965e-05,0.0013693068744290477
302,0.0010904344430466431,0.1070963477816273,0.889456460951074,9.645509989324199e-05,0.0022603017243587333
303,0.0004261353639254949,0.10617401988087789,0.8914616629600423,8.267545139509452e-05,0.0018555063437594146
304,0.000300865207732391,0.07173609238377433,0.926619627122327,7.509657658530099e-05,0.0012683187095810845
305,0.00012008368993399528,0.039424255259174854,0.9592213821367263,6.322481060743426e-05,0.0011710541035574935
306,0.00012319475161888966,0.036368138351944246,0.9625614888701299,5.323821379819693e-05,0.0008939398125088932
307,0.00033479287976300457,0.06288320364194107,0.935711267801194,6.895872299928792e-05,0.0010017769541027209
308,0.0005292756366325823,0.057688741958623675,0.9406652912282308,7.890446888408237e-05,0.0010377867076286984
309,0.00036000752318552287,0.05842196726692741,0.9394696857834544,5.178527294128633e-05,0.0016965541534915444
310,0.0007785174451087698,0.13753453448132807,0.8601398850211377,8.630364962741527e-05,0.0014607594027979053
311,0.00013189469277928933,0.04520570501998593,0.953863948078518,3.946746372492183e-05,0.0007589847449916829
312,9.73401085168023e-05,0.04263550103525863,0.9564603583685739,3.971926040962178e-05,0.0007670812272409579
313,0.0014213068518595408,0.15967869548265387,0.8369044150257553,0.00013093290011295227,0.0018646497396183402
314,0.0004157149681376135,0.08989656935249041,0.9085022741044355,6.639100008971473e-05,0.0011190505748467406
315,0.0004580840234469576,0.07706923733316637,0.9211864236311399,8.502434632176311e-05,0.0012012306659252207
316,0.0005809322490318912,0.08807992413068048,0.9103029975043273,8.520371155653101e-05,0.0009509424044037004
317,0.0006422178291745015,0.07682581752705038,0.9212436023474927,0.00010362999047839537,0.0011847323058041565
318,0.0005749593080007745,0.067424065513238,0.9310304235339572,7.443413738067583e-05,0.000896117507423423
319,0.0004665911984564048,0.04486825627680607,0.9529103994690751,0.00010286250954698024,0.0016518905461155242
320,0.00039065961971828446,0.048126989518522095,0.9504618890618056,0.00012928259833853967,0.000891179201615478
321,0.002702984663010363,0.12228028231720559,0.8711954009374258,0.0006934415276702957,0.0031278905546880003
322,0.0014819489011889085,0.05789924981388283,0.9392201682402759,0.00020341093720872415,0.0011952221074436004
323,0.0016502452693391329,0.10224206327621235,0.8944853304654004,0.0002000192062856215,0.001422341782762597
324,0.0039152413491574745,0.10642490649978545,0.8864032137955604,0.0005205530033818995,0.0027360853521150603
325,0.0008657282266190481,0.07084819136726622,0.9270961833453425,0.00013698034375534863,0.0010529167170169758
326,0.00218413288803826,0.12388114327603174,0.8718216229222525,0.0002574523422521311,0.0018556485714253236
327,0.0027142563275926197,0.16624768734856946,0.8259250169895094,0.0002807321551398996,0.004832307179188715
328,0.0006875682577727881,0.08433607594276567,0.9122807099010597,0.000151733046115486,0.002543912852286415
329,0.00046041679863703157,0.06363239565457572,0.9343938771520232,0.0001152965481965164,0.0013980138465675078
330,0.0008037008084737529,0.12276783728356065,0.8750521235795131,8.913720238978211e-05,0.0012872011260626072
331,0.003624634213179526,0.23148058397851673,0.7611901426903461,0.0003423081708390467,0.0033623309471186146
332,0.0013305245708558444,0.1469064198519868,0.8499384966726589,0.00017164371154369763,0.0016529151929547642
333,0.00022598836986862357,0.06276242537075707,0.9358401071723993,5.900219906368986e-05,0.0011124768879113922
334,0.0006342722341657466,0.06499593591667187,0.9323896062054617,0.00023589976335646834,0.0017442858803442336
335,0.0006012075081233095,0.048043393278206226,0.9502139241727413,7.964289992524337e-05,0.001061832141003892
336,0.0004318984346457575,0.0935339333710153,0.904574050017723,8.504584758569343e-05,0.001375072329030375
337,0.0005669398857773387,0.10757112333668181,0.8902775588411406,7.761925819598935e-05,0.0015067586782042518
338,0.005442157444390943,0.1678951581771264,0.8196617679971683,0.0005404652552880552,0.006460451126026226
339,0.0031666603358957157,0.10118717283144069,0.8933490715209561,0.00025826002337176786,0.0020388352883357686
340,0.0018964911330125467,0.06915035158069881,0.9266628473377229,0.00020524085476453856,0.0020850690938013596
341,0.006741618515011832,0.18785701394101748,0.7993310859410875,0.0005890406391157303,0.00548124096376742
342,0.0006841877412418451,0.044337115357697986,0.9524959627303147,0.00040411977160211845,0.002078614399143287
343,0.00041959711029554317,0.045484506198685944,0.9525816828113833,0.00044170886571227473,0.0010725050139228196
344,0.0007549925795455467,0.0992716968937998,0.8972242052784545,0.0006797253924622688,0.0020693798557377976
345,0.0008158661764868443,0.16740740516000882,0.827637451553655,0.0010360333276687003,0.0031032437821804423
346,0.002317760720591532,0.10701218111009353,0.88438021997712,0.0032248357525621156,0.0030650024396327593
347,0.002261032366912707,0.15114065428851847,0.837050731303555,0.0039358373283557456,0.005611744712658026
348,0.1542159661381332,0.08410202571004351,0.0017618149441918024,0.03850094250674662,0.7214192507008849
349,0.45823111132237687,0.331849992967751,0.002070847542349926,0.054627143091445285,0.15322090507607697
350,0.4537138437330317,0.4550634187694485,0.009461490246835702,0.0116104165327055,0.07015083071797845
351,0.42815938878477694,0.43259511643531506,0.0039016216203398564,0.010281427170400495,0.12506244598916766
352,0.40901287211995546,0.4164733810054415,0.004172192374522208,0.03228094891133055,0.13806060558875038
353,0.09659913187481371,0.8467764410999965,0.006388177185386315,0.014708211457096028,0.035528038382707516
354,0.1262919835556909,0.8031648935446093,0.028535435449940253,0.012970859310530497,0.02903682813922899
355,0.05044009376210614,0.8671386328122399,0.031868041109828965,0.028810568339520018,0.021742663976304828
356,0.0525971044022029,0.8127760778795564,0.002130055783503611,0.12484233564193312,0.007654426292803893
357,0.05181971892378596,0.7118059825607025,0.006921647691411045,0.21018155190966106,0.019271098914439476
358,0.06816410896200473,0.4517624604331556,0.0020891305222728272,0.46525224055020736,0.012732059532359426
359,0.06990265263006666,0.5672258027016113,0.0021321918390562397,0.2976943409487137,0.06304501188055223
360,0.05025851513144693,0.14668376130871538,0.0009299391348794278,0.788010078524104,0.014117705900854354
361,0.08974408056919006,0.12429356894345277,0.0002507838369620418,0.7629556549228002,0.022755911727594978
362,0.12399107292911667,0.05947115390391377,0.0001421141983848225,0.7712080047452841,0.04518765422330066
363,0.09671841600348645,0.2529583284378544,0.006894126296256254,0.5437861115997459,0.09964301766265707
364,0.08768778321180326,0.27351917740486564,0.04160246584211264,0.5694929656561935,0.027697607885024917
365,0.16670029784605814,0.02388367668718256,0.000742677019476787,0.6406296444030413,0.16804370404424127
366,0.422009345527155,0.13355922290398853,0.0013529604175988095,0.40026641028185006,0.04281206086940759
367,0.46700198092567546,0.08846302341170204,0.00016293381679028583,0.3702023849236452,0.07416967692218704
368,0.5683617053716691,0.07473266201463491,0.00015022158409201995,0.20700458864127066,0.1497508223883334
369,0.21534126804238835,0.10423167580849112,0.00018859347563567356,0.47881551400902295,0.20142294866446178
370,0.19153284845164373,0.09453732247804217,0.00016254758990935124,0.6648674196406476,0.04889986183975711
371,0.05596769401063846,0.7592585320145627,0.002063238616742315,0.15332607756971783,0.02938445778833858
