epoch,N1,N2,N3,R,W
0,0.05347467929421156,0.004824444466588127,7.588604979487157e-06,0.0007172332319131104,0.9409760544023078
1,0.06101426738891736,0.0008638140612816572,1.699339004635545e-05,0.0014970496370747032,0.93660787552268
2,0.10682455774053158,0.0025300790466893813,2.5864174049670227e-05,0.0034219181811662386,0.8871975808575631
3,0.1806585993638681,0.0034184787602353655,4.2061203743834246e-05,0.004943436553143169,0.8109374241190096
4,0.03731778588821912,0.0010335421264890756,1.4660022606690308e-05,0.002793080970777047,0.9588409309919081
5,0.09791268676966199,0.0014361506130822453,2.3550302455948446e-05,0.004567048790202669,0.8960605635245972
6,0.17299815046532943,0.002414638461801777,2.1501682607763672e-05,0.006023029868847577,0.8185426795214135
7,0.4899147404159023,0.010228227886774759,5.521001998340382e-05,0.010304075876982942,0.48949774580035654
8,0.34199808886425603,0.015760851208113148,4.20407814492523e-05,0.009998209288151257,0.6322008098580303
9,0.3380931433026018,0.015635730240613748,4.956989158376305e-05,0.010993315347575638,0.635228241217625
10,0.7312443030915607,0.02837366181835371,3.1664361684978585e-05,0.023293190593098964,0.21705718013530173
11,0.7824465070537653,0.12031578419774182,0.00011646743980757193,0.019649663250548798,0.07747157805813654
12,0.4890890726304596,0.28927707126294516,0.00022893600060614312,0.1375936679376057,0.08381125216838342
13,0.3144864896669967,0.5651550911727866,0.0026171773551020247,0.010402651278084596,0.10733859052703007
14,0.28757689836000044,0.49112776391640905,0.0009036300295099481,0.10114099594585826,0.1192507117482223
15,0.16872666413797452,0.6523239473153832,0.0039904395234240985,0.005221529185658747,0.16973741983755955
16,0.10885008118505586,0.7158581320894488,0.011090371599114223,0.007172401354799293,0.1570290137715819
17,0.1143522242911112,0.8234256294845241,0.007252395666013199,0.016823141153669206,0.03814660940468229
18,0.12210884009733784,0.8299197807924822,0.012190319426268052,0.00625555629269018,0.029525503391221793
19,0.06649953608829047,0.7959717537510306,0.05919791368674539,0.0020053371932065053,0.07632545928072702
20,0.055817577764347925,0.8905720602777125,0.028619267756495405,0.0013374976786198372,0.02365359652282459
21,0.03812474601449972,0.636432025301529,0.27156361029973214,0.0006845266510936458,0.05319509173314562
22,0.07196760775282926,0.8235903160667823,0.055286327037349856,0.000836980997913148,0.04831876814512539
23,0.020248920677509098,0.4568389100463332,0.4363157503995173,0.000368630634192548,0.0862277882424479
24,0.050456238155908474,0.6160120342768897,0.12559116645559334,0.00113802457654377,0.20680253653506475
25,0.027861645030824042,0.48991073933708046,0.3306205053519847,0.0005226323258330968,0.15108447795427773
26,0.01924335319009406,0.3166796677675159,0.533327444783258,0.00041646215340450875,0.13033307210572756
27,0.02342953423807579,0.5407616707530675,0.3927791183688854,0.0005583062533061597,0.04247137038666511
28,0.02552372812311029,0.3444546138029832,0.48952702487782596,0.0007081360796717095,0.13978649711640886
29,0.03386637264090085,0.4980209362958809,0.40427015003192074,0.0006465035308371783,0.06319603750046034
30,0.018460993832647134,0.2559029551783563,0.6472370741729583,0.0003833972369835879,0.07801557957905474
31,0.03092658267008445,0.5991256046856811,0.3131355184585304,0.0004403743626388711,0.056371919823065
32,0.02842696332291395,0.28265049172619094,0.6157019023085508,0.0003300180485266704,0.0728906245938177
33,0.01851036472675354,0.34848723686845146,0.5424819026121085,0.00045787494875289486,0.09006262084393357
34,0.012414292820203692,0.4413341867657973,0.5156838478275623,0.00040694347319831815,0.03016072911323847
35,0.015169360797361777,0.7407315973617143,0.20958305570697422,0.0005475683809564729,0.033968417752993266
36,0.022528779711253548,0.5562328452223816,0.3741533520552276,0.0003873268388930901,0.046697696172243945
37,0.009801825482378526,0.31523300776773117,0.6414790785645696,0.00029294418362371834,0.03319314400169707
38,0.009400643527173671,0.37940400736062957,0.5956994143215204,0.00025520287216024404,0.015240731918516194
39,0.03148181446143541,0.6018842171599976,0.33478709914129007,0.0005126864293346871,0.031334182807942326
40,0.009081458451085307,0.26389196385833713,0.695215236941676,0.0005506423275184438,0.03126069842138308
41,0.011243914245201124,0.3422807073333372,0.6294746523026695,0.0004277625052932607,0.016572963613498876
42,0.024524482382397465,0.5179697514125108,0.39345839493645907,0.0005955129676557326,0.06345185830097698
43,0.057210150261242064,0.44785766209897054,0.38672996059323733,0.0008041139229794128,0.1073981131235706
44,0.03807129613595321,0.7076787359386814,0.22653782626373514,0.0004150829892773973,0.027297058672352815
45,0.025036682967653615,0.3409838750708196,0.5403802741340773,0.0003708945121523319,0.09322827331529711
46,0.01199817362185295,0.3251124784391539,0.6361858281838937,0.00018963382990112954,0.02651388592519818
47,0.008798078109054083,0.23892465107398084,0.728452120989182,0.00021468479140415315,0.02361046503637913
48,0.008907732622826238,0.30349268925029727,0.6428630750802099,0.00043877268224077037,0.04429773036442587
49,0.007734309543801576,0.17084845552240718,0.7975097606113908,0.0001347409016015809,0.023772733420798955
50,0.0036813881802354046,0.19229304497081773,0.7859065052817101,0.0001436810790562695,0.017975380488180565
51,0.010053497675623548,0.4459277162829656,0.5010301563504523,0.0003753057888327209,0.04261332390212573
52,0.02105625258817488,0.4539225801314403,0.45710248253562935,0.0006985113993449266,0.06722017334541047
53,0.005522481588944822,0.17804625429470933,0.8024233922939101,0.00010419182687526018,0.013903679995560603
54,0.008767025291162857,0.23364085912059607,0.726952660342215,0.00024108182640708096,0.030398373419619106
55,0.007639817299625211,0.23317641324586302,0.7422847002846406,0.00019510413564301012,0.016703965034228285
56,0.004597150603886754,0.1500023044243762,0.8304107620754545,0.00022918884407897508,0.014760594052203575
57,0.006461955782064851,0.38190849528829307,0.5824259352778997,0.000300413085687395,0.0289032005660551
58,0.02640172628963463,0.290663917947826,0.37036020594566565,0.0014673349588947607,0.31110681485797903
59,0.0749723667201408,0.6072567610208764,0.12446163469619687,0.0017243863195426441,0.1915848512432433
60,0.052418066821342556,0.762530003313753,0.06949628340128804,0.001306541109417701,0.11424910535419877
61,0.08561683042363974,0.49290746658211476,0.06736384629148762,0.0013476652709014647,0.35276419143185656
62,0.08799852058801351,0.745518264621103,0.03686798724383046,0.0018734541139593683,0.12774177343309373
63,0.14925959608497116,0.7707259201498609,0.040633143781157885,0.0022571780570052177,0.037124161927005114
64,0.07639644501380517,0.6144384115417478,0.17876845463825083,0.0009953718968623028,0.12940131690933376
65,0.059066551124157006,0.7494759745491896,0.11440438423403752,0.0021744165168722275,0.07487867357574365
66,0.08470923596615078,0.6290925502008733,0.1494548449282961,0.002200430053750276,0.13454293885092947
67,0.06392031144036506,0.7249046900914253,0.09451388251591844,0.0017451594347523774,0.11491595651753878
68,0.048714980087497174,0.700911124102334,0.1872561805561526,0.0019213997949957277,0.06119631545902052
69,0.07461640644754566,0.7799961368255973,0.11860895143365609,0.0015268293700095694,0.02525167592319157
70,0.0407277075337323,0.5372996128144348,0.38100495384577865,0.0011401733421186173,0.03982755246393555
71,0.021163217771299432,0.5585185370258854,0.37864802734235187,0.0006208052409564337,0.041049412619506835
72,0.009303795614079922,0.3683070472641618,0.5920616848820133,0.00048119445831734073,0.02984627778142767
73,0.04606131933621155,0.6511565113007202,0.20900835709816754,0.0017772757345282375,0.09199653653037257
74,0.033622778596670774,0.5564594208100245,0.29787503856037045,0.0012802868075912333,0.11076247522534301
75,0.007188560912357543,0.23760347188081712,0.6967276495371113,0.0004814756014628834,0.057998842068251164
76,0.003802173873165,0.16969044288211746,0.8180746532049792,0.00015483635722445387,0.00827789368251392
77,0.028648715292239956,0.35476684976251094,0.5578310689990305,0.000842753601003169,0.05791061234521553
78,0.0037342854953004477,0.13341515175613972,0.8556841457716768,0.00016280729930477855,0.007003609677578205
79,0.005075070861125803,0.10694048652469207,0.8734827222919729,0.00028967787340954923,0.014212042448799903
80,0.014894765492653016,0.38768186341578803,0.5678403184315919,0.0006860739403123231,0.02889697871965475
81,0.002951927570218159,0.10727066768110854,0.8826176742139171,0.00014057655440407381,0.007019153980352203
82,0.002609877889555732,0.08006078096431227,0.8977697605281244,0.00021968164882726172,0.019339898969180255
83,0.0012943898530861854,0.09963332723830143,0.8875342384741908,0.0002020243297229552,0.011336020104698434
84,0.004932682632130626,0.16273967970061237,0.7494810933735675,0.0012253066356428697,0.08162123765804671
85,0.008801342803438373,0.12194945599826597,0.8192015964939001,0.0006791683464712224,0.04936843635792441
86,0.001605455067321553,0.06621977165359202,0.9255984553648817,9.83409620955211e-05,0.006477976952109134
87,0.0011685930487084523,0.045107252868076105,0.9411557302066339,0.00010886117842106888,0.012459562698160533
88,0.0014098232625808615,0.053840242538482866,0.9288989911985815,0.00014074181216582808,0.015710201188188853
89,0.0007115526312556541,0.03939138397110556,0.9467916599375599,0.00011324580539636026,0.012992157654682547
90,0.002087870483398264,0.0714144739050553,0.8994231788282792,0.0004104519297490819,0.026664024853518167
91,0.0020578581614127765,0.07261771808505399,0.9168929004756233,0.00017080117231815068,0.008260722105591806
92,0.003309456427010678,0.0857614497978526,0.872609490061468,0.0006788432070160576,0.03764076050665256
93,0.003018582212658719,0.06641314855755423,0.9189563190353651,0.00016630367886918114,0.011445646515552741
94,0.0025109811213487676,0.06965382895313967,0.9127014527832696,0.0002266914854223819,0.014907045656819624
95,0.0006046305899116928,0.03902718069100528,0.9559808818554578,7.551986894186529e-05,0.004311786994683377
96,0.0007483484511283563,0.03559942164269405,0.9598877881162468,9.051303998425377e-05,0.0036739287499464833
97,0.00041010116369082637,0.02501252496970326,0.9699370903785227,7.289607067926771e-05,0.004567387417403763
98,0.0017772687752867977,0.05773524515680902,0.9237556485332041,0.00020962041441593103,0.01652221712028415
99,0.0007379370876334388,0.029313349980651358,0.9645290154479303,5.8079258578043564e-05,0.005361618225206824
100,0.0010153751065870656,0.03147278389503813,0.9605962127051508,6.291875678775004e-05,0.0068527095364364085
101,0.0011365525505800536,0.028107171598320463,0.964804317585928,5.654934398835573e-05,0.005895408921183305
102,0.0012148557711031361,0.036907045719094235,0.958302203339127,5.0145830356682754e-05,0.003525749340318806
103,0.0012752728061923245,0.04409979841316636,0.9421019725220143,0.0002034492048407939,0.012319507053786111
104,0.00138458511210197,0.045149182513378246,0.9434159383998997,0.00022204246916164482,0.009828251505458265
105,0.001009946557560335,0.03887167161258184,0.9551344740731352,6.22147136931867e-05,0.004921693043029507
106,0.0011220065284501318,0.046986630789786266,0.9411306616387078,0.00016353082544755287,0.010597170217608245
107,0.0009524730076565704,0.041202647075667995,0.9518364903418074,0.00012861355306310066,0.005879776021804887
108,0.0004559844019231249,0.02151689255841611,0.974759865507088,3.850563270117568e-05,0.0032287518998715577
109,0.0009583170753216266,0.039047431235642936,0.9520732209779967,0.0001668462899571934,0.00775418442108135
110,0.0003763136262132955,0.01709517101088713,0.979958845801874,3.05999073008982e-05,0.002539069653724637
111,0.00047268647930833894,0.023307100306869735,0.9723369465127755,5.4973568384478796e-05,0.0038282931326621378
112,0.000875460625041557,0.034540546182126944,0.9510970858342893,0.00011037184651753047,0.013376535512024385
113,0.00031600165737914103,0.009629039039432604,0.9866324659794554,6.123707734138092e-05,0.0033612562463914246
114,0.00037124689998708935,0.018765046918812443,0.9728554446527738,9.208596404924007e-05,0.007916175564377306
115,0.0004123127907417274,0.016199215899308776,0.9794000898480824,2.958217735481249e-05,0.00395879928451235
116,0.0010391131157124651,0.024272375237997405,0.9619364790058342,0.0001230130797695643,0.012629019560686421
117,0.0008805875596061933,0.027029817447181373,0.9621064791647045,0.00015836968679359585,0.009824746141714505
118,0.0009089808978379018,0.029810267167968255,0.959282866959292,0.0001847647575820708,0.009813120217319697
119,0.0017635927616727832,0.04287114824617802,0.9423787497117391,0.00022013441438934768,0.012766374866020684
120,0.002497701328821444,0.053562059743888765,0.9281203031236349,0.00032331012945871707,0.01549662567419609
121,0.0022477223813797947,0.05118047522428116,0.9426724183211861,0.00016542238821999348,0.003733961684933129
122,0.0017586417987779524,0.07771431331186439,0.9102529172456207,0.0002932713559498384,0.009980856287787254
123,0.0012317572575538456,0.045735995038506665,0.9493354480370895,0.00010017025496119326,0.0035966294118886513
124,0.00100860897890866,0.04298047367924321,0.9514529821839822,0.00011560437345758746,0.004442330784408338
125,0.0011612296745179159,0.04880406177032962,0.9455623949648074,0.00021295088050864841,0.004259362709836374
126,0.0003438847689952006,0.020276619327308697,0.9772124215680519,3.606500115437417e-05,0.0021310093344897637
127,0.000705356980538643,0.020530091333653674,0.972738563523744,0.00013755570941716432,0.005888432452646692
128,0.0015289813255855089,0.04336652979441681,0.950104871239388,0.00015666469315081896,0.0048429529474585875
129,0.00048662647172248707,0.03351598837727593,0.9629342712950925,8.083667097542623e-05,0.0029822771849336775
130,0.0014954590664066113,0.05139066439621911,0.93490736300045,0.0002854716330534337,0.01192104190387086
131,0.004615104979922584,0.09583044897415521,0.8910724485678524,0.000632089862556294,0.007849907615513622
132,0.0033364345884235674,0.04622412677090888,0.935671303121909,0.0011447521832766406,0.013623383335481663
133,0.008065353442702776,0.13116992076671302,0.8341946738240996,0.002723595701474577,0.023846456265010016
134,0.07277679459790463,0.3193836341784684,0.48369198670944824,0.0070904904786905755,0.11705709403548815
135,0.255688986065064,0.5406667476741236,0.07560469475825411,0.025361888654682883,0.1026776828478753
136,0.20589662731756056,0.5148008390704657,0.030072492054971433,0.04558275897380325,0.20364728258319906
137,0.2026901897350969,0.3961905115734982,0.006609360026621349,0.026481126384718334,0.3680288122800653
138,0.1601137107560627,0.6639816422074173,0.020427910497898837,0.031988839641447046,0.12348789689717414
139,0.14748560139606598,0.6297956356418913,0.018643138780442266,0.016496308175822445,0.18757931600577799
140,0.3198654569798978,0.5480754521048096,0.0030356318356067726,0.03697808752930359,0.09204537155038224
141,0.20116748072829596,0.7081644453812592,0.011571598271169447,0.028282474255559083,0.05081400136371608
142,0.24837258794190975,0.4765100023734215,0.0016019195425584069,0.202907514565827,0.07060797557628336
143,0.12424521482413604,0.5667584216355391,0.0017235697819750829,0.29479294979580417,0.012479843962545572
144,0.12161983673118598,0.5468279358222646,0.009506321422964883,0.2861137153290316,0.03593219069455289
145,0.11267004620536099,0.619289964141802,0.0021919296786830533,0.23610763103559074,0.02974042893856302
146,0.11106929938846972,0.47152929594759835,0.0017231860788143377,0.39960209031121174,0.016076128273905897
147,0.14040205117687424,0.6687033810554389,0.0015576535015562251,0.14934704497187307,0.03998986929425756
148,0.12797770421391252,0.2852736717981242,0.00040235249795751824,0.5576959290495633,0.0286503424404424
149,0.11263113445218606,0.6176573280845096,0.0018192538843995005,0.20659166029205672,0.061300623286848224
150,0.08024389417938507,0.2962265334615309,0.000410975158214195,0.6118293746054818,0.011289222595388065
151,0.11314810858819795,0.11696124906766714,0.0002547555995382555,0.7504373745564578,0.01919851218813882
152,0.14969275276823713,0.5834349040835268,0.0009768002203280797,0.20304887009459335,0.06284667283331473
153,0.10691313924132265,0.6098578412112793,0.0016323405809427433,0.16059762632609192,0.12099905264036347
154,0.1641534275871611,0.5722298868016897,0.004948733604652626,0.13119438570395234,0.12747356630254422
155,0.20912674120741123,0.4173753609337249,0.0009439952567521278,0.3377163536994999,0.03483754890261184
156,0.22496882198239526,0.3430706961214269,0.0008347119282176594,0.24554667865724705,0.1855790913107133
157,0.08710206496145957,0.7531205188159207,0.0033240760871040857,0.12395534438545741,0.03249799575005803
158,0.18949038924230266,0.5207930493131522,0.0009665855919094328,0.24027885063616633,0.04847112521646936
159,0.40115199594555007,0.21123625763696943,0.0012868062956851412,0.24745205249934857,0.1388728876224467
160,0.14472301025018044,0.44898349740686694,0.012416093491230594,0.12590267998725324,0.2679747188644688
161,0.211137488475735,0.46802767565437847,0.005769098156631306,0.1890003874872482,0.12606535022600707
162,0.14905692105060464,0.6925865674946265,0.015984819211330364,0.0984806866421489,0.043891005601289446
163,0.2856626445962743,0.17223954986058088,0.0015606040699036013,0.1774431682057349,0.3630940332675063
164,0.2702375790489832,0.12424560340268244,0.0002901950072571876,0.4637749317941399,0.1414516907469372
165,0.19313967739780244,0.2885971513526064,0.0034636504444030833,0.22487143715682997,0.2899280836483581
166,0.2270451959565485,0.26611445776407855,0.0021052791751582176,0.42966372694176724,0.0750713401624475
167,0.07076691428052027,0.13472615365144114,0.0004830402836809467,0.780500177928184,0.013523713856173592
168,0.06510139262205702,0.037616312238501266,0.00017079678278590624,0.864549133063672,0.03256236529298392
169,0.08366455640905231,0.021003533597685184,5.789575303089885e-05,0.872047528436819,0.023226485803412487
170,0.10207686029671602,0.0358525271365421,9.52702354300116e-05,0.8473374621946285,0.0146378801366834
171,0.30360959997023657,0.03964810670387526,0.00011007502098224253,0.5275227754952748,0.12910944280963102
172,0.11916231747874649,0.03255653231310524,0.00020466118200149073,0.7301338268292666,0.11794266219688015
173,0.23990820318937062,0.04603425069963963,7.814896389442291e-05,0.3416970109446463,0.37228238620244897
174,0.25920085754260636,0.03578830455705959,0.00010915631004265118,0.6857896941360078,0.0191119874542838
175,0.3953510374422172,0.022367136606389098,0.00013641057523670726,0.49353520850969057,0.08861020686646644
176,0.26192312158835307,0.10853258442323982,0.00035584462737714976,0.5896714193553384,0.03951703000569149
177,0.22005015365854716,0.03983444590636975,0.00015924220163586524,0.6714464862319619,0.06850967200148522
178,0.32652351416410424,0.08427853325808916,0.0003882716659835889,0.48147147541895324,0.1073382054928698
179,0.18358719868550977,0.060203560949409596,0.00019699613383931684,0.7111017850015893,0.04491045922965214
180,0.21192831778209043,0.1415143252999796,0.000347360693156329,0.5958964588621969,0.0503135373625767
181,0.08043671532814269,0.043622032126663685,0.00015473850146514273,0.8585538567396321,0.017232657304096486
182,0.0669633630130837,0.028687887617042294,0.00011453976251988165,0.8803391896197525,0.023895019987601625
183,0.06672350216084767,0.050751473736854555,0.00017233414619081638,0.836977959635653,0.04537473032045391
184,0.08976245275918467,0.027229418476893197,0.0001655360172486935,0.8539280957072017,0.028914497039471743
185,0.08455743777118395,0.05185627764463925,0.0002710627119943453,0.821267724515145,0.04204749735703749
186,0.043541351752832504,0.025432912324604044,0.00013308341869704664,0.9124737599033098,0.018418892600556593
187,0.06951044064408433,0.025341276464631832,0.00012266204210439034,0.8748491761463237,0.030176444702855708
188,0.10329104223082311,0.04614278527817215,0.0003438881485512718,0.7918890251333018,0.058333259209151576
189,0.10383141404625261,0.04228687952570216,0.0002088400600368775,0.8000965315946333,0.05357633477337507
190,0.15524714329192085,0.04623644539328495,0.00013114241337196093,0.775330576687763,0.023054692213659092
191,0.14453962646154073,0.25375601921032515,0.0003356272929861275,0.5789777240686942,0.022391002966453834
192,0.13828477885248694,0.14718628531528286,0.0001543437154777951,0.6972500276412545,0.017124564475497716
193,0.16080523212945796,0.07304696686860401,0.00013187392268951126,0.7500511563683291,0.015964770710919323
194,0.09070683335285426,0.38742559566763946,0.0003626732638637899,0.5000800937612594,0.02142480395438313
195,0.07799396157917696,0.6240067866044753,0.000878103959518162,0.2791259246683314,0.017995223188498204
196,0.1965396566129377,0.1756120388553109,0.0003010372584039236,0.5787635505294939,0.04878371674385357
197,0.111297168297422,0.5712272549574197,0.00046556266693985077,0.295688432776193,0.021321581302025543
198,0.12313185933328374,0.5556549018743255,0.0013477772322419799,0.2946494949362519,0.025215966623896757
199,0.28046367855727344,0.28116169168277966,0.0012966358083699632,0.2693230574442293,0.16775493650734766
200,0.33391280234753995,0.14109391745930527,0.0003052723878441891,0.5125357634491928,0.01215224435611775
201,0.19725907489968814,0.4760056946788626,0.0007314654096491381,0.3053085513136156,0.020695213698184608
202,0.1423556948346486,0.3383956766505053,0.0006130574683967645,0.5073359485958309,0.011299622450618543
203,0.08115154752123581,0.6295065818043015,0.0006390239338410112,0.2771720203706695,0.011530826369952344
204,0.07223045661164644,0.4742372061767023,0.000662364350327729,0.439486096515971,0.013383876345352394
205,0.09447011406258174,0.6572739923905839,0.002455875411879457,0.18542210513248464,0.060377913002470245
206,0.15056940164488403,0.6007798984044679,0.001939389249333087,0.1763037555320165,0.07040755516929859
207,0.14158650677215565,0.6055604771129163,0.0019491835487011203,0.16406698629950603,0.08683684626672104
208,0.0763356696525868,0.12002237322024585,0.005211854250129998,0.02059373591044146,0.7778363669665959
209,0.20770786419070064,0.2250732232116241,0.0006643695111879477,0.06211827122001951,0.5044362718664679
210,0.36413983745040174,0.15188487347993898,0.0008237824412665793,0.062053149936640864,0.4210983566917517
211,0.2431578966927547,0.267198000314971,0.0009625613028929706,0.03290863669515805,0.4557729049942232
212,0.3061845814123002,0.48936446763735025,0.0008916413383885282,0.14137029339059107,0.062189016221369825
213,0.3182437700775019,0.3506195443643874,0.000638834471154655,0.17079565033893615,0.15970220074801983
214,0.15253916868031653,0.5007114465105149,0.0034482965702579012,0.11890786310940957,0.2243932251295011
215,0.20994695037481131,0.33780723722633016,0.0011908196906663645,0.40792520438113616,0.04312978832705601
216,0.03689207772394901,0.16927361844980465,0.006758733292881521,0.020753594139136883,0.7663219763942279
217,0.26636867818668125,0.4126726694132295,0.0020554903717623016,0.2349375067263713,0.08396565530195568
218,0.20756080035187843,0.5037282305326642,0.002510000968725649,0.2632358804134427,0.022965087733289036
219,0.06784690589319035,0.8313297772835467,0.02532704805218227,0.034071289689615925,0.0414249790814648
220,0.07495270254435416,0.8483562842682039,0.009158965957475224,0.03870947616844018,0.02882257106152674
221,0.162907599730492,0.7344722986775364,0.0023724060860274487,0.07955265962819359,0.020695035877750564
222,0.1854471909958279,0.74019546546414,0.0027039034927306077,0.05245539190309391,0.019198048144207412
223,0.0911794682886392,0.8648003591203046,0.006999417623003747,0.014459514044770626,0.022561240923281912
224,0.23281241768003344,0.6508184816534781,0.004942458950156836,0.09634699349764335,0.015079648218688279
225,0.07551359457678747,0.8263770126111171,0.027462330533777023,0.014498760008160475,0.056148302270157914
226,0.16725041556667358,0.8031772148670591,0.005730444923043464,0.009647805622548532,0.014194119020675175
227,0.06878326397929764,0.8988665257974078,0.009940577173008908,0.005176425799956868,0.017233207250328838
228,0.05613656927252426,0.8214713596730155,0.06217281209781904,0.004512936701498497,0.055706322255142805
229,0.3159683376315435,0.6465644284293284,0.003343639015879359,0.021588533926847005,0.012535060996401693
230,0.1349939008736309,0.844866608478815,0.00428505464344034,0.006193888200504159,0.009660547803609554
231,0.045298386188798154,0.8557773075500101,0.07269239059199557,0.003152013162299449,0.023079902506896906
232,0.06587425752213792,0.9108371758994768,0.006660551659699286,0.0033064997968943986,0.013321515121791631
233,0.08450855135828254,0.886177058229505,0.0063617312664847065,0.004116618230422107,0.018836040915305583
234,0.027316222644908572,0.9475282328259197,0.013185380110674433,0.0011745523138049375,0.010795612104692308
235,0.026031976542829575,0.9384285334744737,0.02548261471484352,0.001570749183633214,0.008486126084220046
236,0.06417477959206505,0.8918692651136325,0.03411822805103216,0.003717720859785556,0.006120006383484602
237,0.02041355782759185,0.8902628597208461,0.07217602425993119,0.0020748021684082562,0.01507275602322277
238,0.021994272700024804,0.782699919480749,0.1807867070034805,0.0020043549597704765,0.012514745855975293
239,0.029462774469673242,0.7553794185930077,0.17160889144822167,0.0031712692655006362,0.040377646223596755
240,0.03645904492322348,0.5511587250067378,0.3635850234956077,0.005048283032104291,0.043748923542326706
241,0.09622402545362448,0.6399404015383023,0.1122560349827343,0.013715556115801289,0.13786398190953766
242,0.20314204165457464,0.6424110908864201,0.015754168033858408,0.02835950324959148,0.11033319617555544
243,0.35985669126542164,0.5155839277116634,0.0030665290592085006,0.023242272794595717,0.09825057916911077
244,0.15383984538341905,0.8190431525273317,0.005394023274916419,0.0075208478290476,0.014202130985285055
245,0.07927200936165528,0.8964274433202472,0.005690489739167307,0.006321979864506181,0.012288077714424158
246,0.1378385262496751,0.8340042756978236,0.011400895678646113,0.004797897553511063,0.011958404820343969
247,0.08573399127247243,0.8811890283436468,0.010763572273049622,0.013680107438821537,0.00863330067200972
248,0.0787065184518637,0.8850822348640243,0.00922130034890633,0.01719703097165902,0.009792915363546843
249,0.04937599061812159,0.7676097220743655,0.14444251290322407,0.005599601778110256,0.0329721726261786
250,0.12342327465631413,0.8176016220318238,0.020888635939068066,0.008524857165032504,0.029561610207761428
251,0.04507369543103448,0.888262678178714,0.04977041915905186,0.0031874267875507453,0.013705780443648808
252,0.03978438615852323,0.9085715842364577,0.03551980613041126,0.0017855755770026834,0.01433864789760508
253,0.03472187185595538,0.877732112952758,0.0666611510393877,0.0026028713126862125,0.01828199283921255
254,0.04342616902024935,0.862312036237673,0.07736253164276348,0.002933508338580135,0.013965754760734124
255,0.02055412572683831,0.7709619481579132,0.19361634370225295,0.00162976574781335,0.013237816665181963
256,0.02329745532403569,0.6082379821495797,0.30641986330045096,0.0030960754248293364,0.05894862380110443
257,0.029536603739310656,0.7159809442101014,0.23547563499815216,0.002773434711931415,0.01623338234050448
258,0.018196761811081482,0.6220495324008541,0.33520512575571515,0.001939297615578606,0.022609282416770706
259,0.028716746760261414,0.8379341999493519,0.11002923970476534,0.002157242347408067,0.021162571238213312
260,0.025128368717964613,0.5725975251287515,0.37883948106304066,0.001729049285601165,0.021705575804642007
261,0.028421987905334015,0.4320169183087542,0.50843294757686,0.0015518383709622935,0.029576307838089438
262,0.025985892137448334,0.678039697596681,0.2630929376789537,0.0019432075951830291,0.030938264991733754
263,0.06774770356240616,0.5598878885083404,0.3013910070725011,0.00545672052983026,0.065516680326922
264,0.0118907047647447,0.2999207805506787,0.6787608554078638,0.0010521254448355233,0.008375533831877327
265,0.03546674631067635,0.48188086219988535,0.4347290944945007,0.00483891099764026,0.0430843859972973
266,0.05451363016904775,0.6065063053694187,0.27105793973602427,0.008482837419173833,0.05943928730633543
267,0.017819118808132955,0.5697056566639452,0.3905161204430513,0.0027317599476056006,0.019227344137264894
268,0.030104402864271358,0.36509378033984263,0.5750952335938961,0.006915361968957033,0.02279122123303293
269,0.03381189417720737,0.3623938990469786,0.5390687885712573,0.006043756145018324,0.058681662059538425
270,0.029955246546701984,0.33060933646044993,0.5850461046424126,0.006046578069500219,0.04834273428093524
271,0.002479023047870783,0.09306859366932764,0.898366979809744,0.0008533647709578115,0.005232038702099603
272,0.010371329884125669,0.17707730617316556,0.7894322692195566,0.0025788186028136563,0.020540276120338635
273,0.0009266075256959217,0.038826872909942065,0.9565733019001236,0.00028241144481341423,0.003390806219424948
274,0.0004250363415987469,0.019715695774037124,0.9767682882965575,0.00019106321486030256,0.002899916372946395
275,0.001440866401459634,0.06057301306350271,0.9334701132428632,0.0004909736597505447,0.004025033632424031
276,0.0004887977452066355,0.03278832296468098,0.9586976376778034,0.0005046252735903395,0.007520616338718815
277,0.00028707973806594677,0.024382007211182367,0.9734543598316059,0.00012583954691555168,0.0017507136722301477
278,0.000500023170465737,0.0363334041819698,0.9604793932092377,0.0002629451607018201,0.002424234277624958
279,0.002409155280028617,0.05309646086721266,0.9412110815475562,0.0003560068823035501,0.0029272954228988257
280,0.0002704709645458759,0.015138693428946469,0.9826645534955865,0.00010601604681001957,0.0018202660641113498
281,0.0004973639409351053,0.030432412444977096,0.9642834400631343,0.00034733391210286157,0.0044394496388507195
282,0.0017587058088604922,0.05518049017688186,0.9259089854301437,0.000897915971345712,0.016253902612768132
283,0.0011260149681337002,0.04406078540939992,0.9465839537089664,0.0005030180186895699,0.007726227894810381
284,0.0008722520681549821,0.03962766150111842,0.9526660136104664,0.0005819188113900916,0.006252154008869978
285,0.0004021850142577064,0.02091251946368117,0.9738964863022627,0.00023634887673761412,0.004552460343060773
286,0.0003872243927609293,0.029407509326156957,0.9664738138355353,0.0002559222427773695,0.0034755302027694173
287,0.0022593548747274635,0.06872416196215837,0.9180534662493968,0.0008894834388160723,0.01007353347490127
288,0.002101220279675458,0.05349127589545395,0.9321303762771406,0.0008897167708632162,0.011387410776866726
289,0.003475009337794745,0.11842225623102387,0.8612888049265932,0.0015403108545660584,0.015273618650022235
290,0.005332084548737207,0.12003366338300289,0.8497364705678474,0.002002550029066903,0.02289523147134574
291,0.005136146995473382,0.09912108294256844,0.8785919408489204,0.0011672275728565097,0.015983601640181252
292,0.0017444227676191154,0.05226697983906861,0.9360627568543403,0.0008122181736180998,0.009113622365353955
293,0.007605023378344492,0.1384863366592352,0.8149998261266359,0.0027509578882326776,0.03615785594755175
294,0.0025735862377434353,0.06255765258254474,0.9162753270913311,0.0011462187964664994,0.017447215291914384
295,0.0023557286348742912,0.1391058962624574,0.8448848582385584,0.0009076126588740129,0.01274590420523591
296,0.001216608543914183,0.06613008172900646,0.924970620351918,0.0006449119768157123,0.007037777398345633
297,0.0011912604961134157,0.054725599448579715,0.93383913732614,0.0007926292382719727,0.00945137349089491
298,0.0016350997404264514,0.061426733623304156,0.9231875933518373,0.0013483751757475476,0.012402198108684514
299,0.0018515744574680356,0.0724871471335676,0.9131818453509312,0.0010089414822643196,0.01147049157576907
300,0.003986696030133888,0.11254063411305143,0.8411188416738584,0.003521775613629518,0.03883205256932678
301,0.000763419399762886,0.0611584410112541,0.933253532286239,0.0003749028753133193,0.004449704427430679
302,0.0014411431965209943,0.05587451837870332,0.9352672466741206,0.0006189655138470369,0.006798126236808043
303,0.0013655470355547876,0.04609708756836522,0.9398087291409531,0.0007054650632812895,0.01202317119184552
304,0.0012581761380002783,0.04849039497940151,0.9469182854724582,0.00029118109201302714,0.003041962318127103
305,0.00035671669471587557,0.021978090509881563,0.9756816353663983,0.00016988375290565168,0.0018136736760985676
306,0.0012893585333108705,0.05141406663249485,0.9411824001909732,0.0005691846885524021,0.005544989954668456
307,0.001663180714493748,0.08306414857507567,0.9084271252951782,0.0006254256226007253,0.006220119792651692
308,0.0007695063373847366,0.03673832137858003,0.9598486579352042,0.00031764985905834235,0.002325864489772431
309,0.0012046460147447197,0.06722472818133911,0.9282108039378263,0.00042981704676839876,0.0029300048193214643
310,0.0015933736664953226,0.06138764662282734,0.9243977144220483,0.0009209691461752124,0.011700296142453609
311,0.0010726237988030205,0.07802859600059882,0.9135833414956345,0.00042325498298246764,0.006892183721981115
312,0.0012231098489223513,0.07120554412293786,0.922207228992056,0.0004667167737032503,0.004897400262380539
313,0.002370119809003417,0.06064963343907028,0.9131992583374609,0.0012044188481338646,0.022576569566331525
314,0.00098565698655314,0.04241205098758838,0.9453809650833681,0.0009444105096306722,0.0102769164328595
315,0.0029706077139481936,0.11612705811596623,0.8626279530396999,0.0013489585691850035,0.016925422561200682
316,0.011313521529744032,0.1060879667518114,0.8559345727808793,0.0012721694644859827,0.025391769473079542
317,0.0022698748973583424,0.10465309181382482,0.8837314156767854,0.0014426998559874363,0.007902917756044065
318,0.0003498213545558073,0.02481242084013273,0.9728153570595252,0.00028635563247357494,0.0017360451133125326
319,0.0005672120295403516,0.031189672256934687,0.96182256934857,0.001067445243510177,0.005353101121444831
320,0.0010484541282497748,0.05012228580751449,0.9417969606157568,0.0014498195797517336,0.005582479868727168
321,0.0014834144611200115,0.06882942962760073,0.921953549994438,0.0015471728153460859,0.0061864331014950535
322,0.018429112572451577,0.4113575949868526,0.4591912978258801,0.008740213716130742,0.10228178089868502
323,0.23798675897236116,0.3948038980016958,0.03313249079267241,0.057449701021738867,0.27662715121153175
324,0.2938537485971815,0.4528933198041078,0.016604548970092788,0.06750185268411267,0.16914652994450513
325,0.08552037789789088,0.710252172961927,0.09420230172282587,0.01804046494145409,0.0919846824759021
326,0.07499095262841182,0.6023652391584239,0.14486080541849664,0.032258051014935084,0.14552495177973257
327,0.16318783450627866,0.3037541205020278,0.08562675338241127,0.030009799466347773,0.4174214921429344
328,0.3332068127130036,0.3471558683720609,0.003712592844408436,0.027828844038155685,0.2880958820323713
329,0.17215043420136672,0.45514540038322093,0.0355238521084172,0.023705673169419655,0.3134746401375754
330,0.21994035848539265,0.6009315979650248,0.03289754391664552,0.01602466306261017,0.13020583657032678
331,0.17097035077265174,0.5297338390973162,0.05544736410975638,0.010618241778251917,0.23323020424202365
332,0.13041409453056244,0.7261915263580065,0.014356132334935035,0.011203558280959319,0.11783468849553662
333,0.18724659902489124,0.7044629560683954,0.009804979846438482,0.020531489320700924,0.077953975739574
334,0.14787080875965816,0.6626266906517992,0.08215703116595192,0.017580277203622773,0.08976519221896807
335,0.11952355530162927,0.7163500548652224,0.10966225435580351,0.00824973807814926,0.04621439739919554
336,0.40157478521678,0.497156287726933,0.029857100103823,0.045215529822151816,0.026196297130312386
337,0.3338379550350232,0.5613770101868055,0.03186958917956865,0.058521418558639314,0.014394027039963385
338,0.10512250605233246,0.6965301440629682,0.10972241883113756,0.059747502886614984,0.02887742816694676
339,0.0921282104863896,0.7411602927104272,0.04842202061145149,0.09468960584982272,0.023599870341909076
340,0.06926097198322127,0.792596512289521,0.08934360922860292,0.01966333157163179,0.029135574927022893
341,0.4496308774984773,0.3695730454868477,0.015650380502167164,0.0700689215651273,0.09507677494738058
342,0.4077934187594653,0.09710933498292365,0.0009158991993015377,0.025769425420955377,0.4684119216373541
343,0.370645117794084,0.4089171437043864,0.01727600028427844,0.019714348530355703,0.18344738968689542
344,0.5311564456463642,0.3638330854032224,0.00950750102363003,0.031250879658645585,0.06425208826813762
345,0.21760724797881437,0.5075832955115464,0.14103731437218775,0.01423642483298199,0.11953571730446948
346,0.1473297783571769,0.6814191871544519,0.08715601279344724,0.04569412784670752,0.03840089384821646
347,0.07570387928408141,0.7757852668545467,0.0925039667723377,0.025447425333582914,0.030559461755451135
348,0.2215428061143766,0.5755471673152192,0.00659331499579123,0.10665128216339533,0.08966542941121779
349,0.09590738920171364,0.5171198242694592,0.0033148015184752723,0.3557248608989613,0.02793312411139034
350,0.1655679100159889,0.27845845892631066,0.0008362151722339045,0.5229761188542565,0.032161297031210095
351,0.08669176120279456,0.16127845726144632,0.00036536950105223886,0.7440768518752257,0.007587560159481235
352,0.05966698741575559,0.12778965866878855,0.00022655660944239725,0.8041040194667652,0.008212777839248111
353,0.0479510770957576,0.0692841409311005,0.00011263768916760954,0.8749735803586204,0.0076785639253540774
354,0.06104720646878362,0.05917220580919852,0.00010667412878826761,0.8698765597518672,0.009797353841362415
355,0.08320410405302749,0.09191535518034374,0.00013457342133592958,0.8000005362048224,0.024745431140470574
356,0.042674193341433735,0.05797912664861608,8.924821696102397e-05,0.8908776534798398,0.008379778313149379
357,0.0406846357067523,0.01901858288966055,0.00012361231037386972,0.8865942276710476,0.05357894142216575
358,0.14897833015441225,0.029871165224193738,6.865004812524979e-05,0.8081193724715271,0.012962482101741635
359,0.10086087112337944,0.027612480039942044,6.0341397841423695e-05,0.8616881766255797,0.009778130813257388
360,0.1338148593699251,0.021376663196497673,6.756515484318306e-05,0.8298149936322944,0.014925918646439582
361,0.13312531775916372,0.09148200611465385,0.001293495877388816,0.6178396096110108,0.1562595706377828
362,0.15810774907958813,0.0307405862481486,0.00018484194733703509,0.5261146044959071,0.28485221822901907
363,0.25402238165677693,0.01889018201535832,0.00014196362314047354,0.5439433022076705,0.18300217049705372
364,0.2911011925793108,0.03818618096718167,0.0003176131363309044,0.6408468932217046,0.02954812009547201
365,0.2583276077834975,0.03338003950461572,0.00010931954158542813,0.4949312656401283,0.21325176753017294
366,0.23923948390390803,0.04271086985403939,0.00010194330570325845,0.6831890231297996,0.03475867980654986
367,0.1226782435391899,0.08228714177416979,0.000185882870891004,0.7642110714794608,0.030637660336288605
368,0.19520570221715727,0.0397394655197895,0.00011059058690180634,0.7260683463511253,0.038875895325026055
369,0.14167639551154823,0.045543642589231194,0.00019524658679680222,0.7728151551730841,0.039769560139339674
370,0.13385033788354744,0.06552765669947344,8.193969675472274e-05,0.783360450239109,0.017179615481115296
371,0.05364413213203133,0.07958740136706928,0.0009066980936952233,0.3206652783094617,0.5451964900977426
372,0.24516678699824312,0.05140529172426515,0.00011646052264811517,0.6269780284219485,0.07633343233289507
373,0.3772801534501729,0.042588448916032064,0.00012550172793477081,0.3162468683604352,0.263759027545425
374,0.34109571891087326,0.160880592953467,0.00027086629836704893,0.47294999147454136,0.024802830362751372
375,0.22225522387304034,0.05142862101395009,0.00012056725193900479,0.6881256466073493,0.03806994125372127
376,0.12612055851266266,0.1305346146233305,0.0002366768635552468,0.7331661863032713,0.009941963697180247
377,0.034067504389177314,0.08287483649953084,8.39690121400415e-05,0.8783042865200231,0.0046694035791287605
