epoch,N1,N2,N3,R,W
0,0.0087551063237315,0.0007966814637843227,1.1574394594713683e-05,0.00030079950872231615,0.9901358383091672
1,0.0056224099979928005,0.0021584652341228227,1.1658670465094782e-05,0.00034084753293890603,0.9918666185644803
2,0.006601583384278212,0.0015249306844604313,8.070578424388308e-06,0.0002512274792488451,0.9916141878735881
3,0.004375068827251247,0.0011677805803279743,9.173882081391746e-06,0.00013171853182440335,0.994316258178515
4,0.007193703588207246,0.0010766142154449185,1.0326710822003238e-05,0.0001893121462442071,0.9915300433392816
5,0.006780251847942533,0.0010077419144070032,6.842470180031859e-06,0.0002308544099854115,0.9919743093574851
6,0.0005913744779008565,0.00010697788945012892,2.908934518729994e-06,3.3488517013739846e-05,0.9992652501811166
7,0.0014754617814476932,0.0002131092627459337,2.4376706741116457e-05,0.00016570225958531206,0.99812134998948
8,0.028851478513145346,0.0015061827573109934,9.799624830438463e-06,0.0005553952768031924,0.9690771438279101
9,0.004602248959393174,0.0004750744573498096,2.7269748073308806e-05,0.00015317043047552737,0.9947422364047082
10,0.04923405938311047,0.002408185707705166,1.548279426384601e-05,0.00153279532586932,0.9468094767890511
11,0.00702885879798471,0.0018537317764293036,1.6743205553676824e-05,0.0013127193947803705,0.989787946825252
12,0.01565227895480646,0.007979622621295009,7.899232991927886e-05,0.0009564708108477571,0.9753326352831314
13,0.054541967880553405,0.007273291047412339,1.736757877452749e-05,0.0021083040129137084,0.9360590694803461
14,0.20299089459335656,0.22159531514468925,0.00014546187585782084,0.014804027845203844,0.5604643005408926
15,0.2139908193220561,0.12090564212363765,7.160398071819838e-05,0.01567048028896653,0.6493614542846216
16,0.05441149376738854,0.2395945563122811,0.00022379363770216746,0.03254269791950892,0.6732274583631194
17,0.08547234812948656,0.2600232997069458,0.00024784413330728984,0.0669158946259393,0.587340613404321
18,0.06158125468954022,0.6453985036952468,0.00022876029535567728,0.027629241583443764,0.2651622397364136
19,0.08710343577826857,0.5790152354561982,0.00030519996748589617,0.030858694674427964,0.30271743412361946
20,0.07093500770779128,0.6323447945154693,0.0006273047072941396,0.04771168991175081,0.24838120315769444
21,0.061962899156671705,0.7871262633462645,0.000301354448384724,0.03366122888442456,0.11694825416425458
22,0.022619221754112573,0.07606469863356054,0.000267340620039903,0.007224039894953599,0.8938246990973334
23,0.004752438558227126,0.06729443354284254,0.0007724425127294261,0.00045376627693636656,0.9267269191092645
24,0.025034858150181964,0.15450215724364,0.0005360701268474226,0.0012963942837819693,0.8186305201955487
25,0.11870560775360173,0.3004987104715851,0.0016081204666238233,0.0023897339005476276,0.5767978274076417
26,0.1537569625998698,0.14806437172425177,0.0006657563820239067,0.0009896135445224673,0.696523295749332
27,0.19591379780657828,0.3985883069796092,0.0006749592544720919,0.0015824989426218333,0.4032404370167187
28,0.14534014422757063,0.47182498359212977,0.0007928112656356404,0.0012465171995557525,0.3807955437151082
29,0.10201812946061237,0.6813158784248778,0.001426268286879835,0.0011206264232052176,0.21411909740442478
30,0.13550464252695923,0.597685258745273,0.0006859665573744827,0.0031161570130535023,0.2630079751573396
31,0.041595801733009884,0.8663351687975552,0.0021471837367026585,0.0003534036267498976,0.08956844210598246
32,0.036340162694455745,0.9223294732437384,0.0015968144174377877,0.0009535064916070296,0.03878004315276083
33,0.026469790929500532,0.9341956629826526,0.001899388301263088,0.0004836918598235448,0.036951465926760234
34,0.014070685105751738,0.9432229493140729,0.024386956658686558,0.0003742658625574569,0.017945143058931422
35,0.04938847042180693,0.9087225079543434,0.011858437232127315,0.0018826587847137724,0.028147925607008753
36,0.01883355540727629,0.9285831482581821,0.03783975030077573,0.000360870130743903,0.014382675903021986
37,0.01812343178205029,0.9211542100745543,0.041351843433518505,0.0006035836686057817,0.01876693104127131
38,0.024887187875486518,0.927975350186229,0.03454930977563104,0.0009704268942022246,0.011617725268451218
39,0.06462827097669224,0.8906525802783956,0.026835348847520566,0.003133390988061191,0.014750408909330453
40,0.015475987928292561,0.965084301728323,0.009013276061138047,0.002845412161580886,0.007581022120665291
41,0.00880640061230309,0.787008256919317,0.19697730449990547,0.0018442471501679762,0.005363790818306454
42,0.009256169535196212,0.9364907886465665,0.04703983538429663,0.0032827318450073454,0.003930474588933308
43,0.018774441458943594,0.8866495181256938,0.07941368371755426,0.0067620631150070165,0.008400293582801435
44,0.008891538544066345,0.49694339515719477,0.47737468545384315,0.00511428664932921,0.011676094195566379
45,0.007970901721243007,0.40855806406295164,0.5671210776492223,0.003234758394750426,0.013115198171832614
46,0.028651215380448406,0.10075358685384075,0.023924227480932113,0.001739754557586423,0.8449312157271923
47,0.11694081308660058,0.6362767130694952,0.0020741977793689048,0.003654294472881876,0.24105398159165348
48,0.1531534165313866,0.6972157490525165,0.006910354100068024,0.003083337440779847,0.139637142875249
49,0.12996927483974755,0.7113104250531637,0.023354626936182087,0.0007498956479303427,0.13461577752297638
50,0.040104180504438695,0.6284803314477349,0.013119311119893614,0.0012438869725202326,0.3170522899554127
51,0.04822694895586954,0.2700540226961181,0.10020248398818303,0.002118789381760463,0.5793977549780689
52,0.04255311269404793,0.5581693561298569,0.134491498408176,0.0017271532592275079,0.2630588795086917
53,0.0024338541797225386,0.009120736751603362,0.002126458880204048,0.00010476612497302308,0.986214184063497
54,0.0020831496976756003,0.0022406277550994164,0.0003758529709906758,7.685254452804196e-05,0.9952235170317063
55,0.30108274711232025,0.15084719856566184,0.00016693338057573347,0.00038489105936052404,0.5475182298820817
56,0.1361444059980973,0.801545855509818,0.0025240369684831647,0.00018210718381807148,0.05960359433978346
57,0.4900481611069729,0.43176621666881665,0.0017345135997157226,0.0010985666418819222,0.0753525419826127
58,0.0320172156191978,0.9534429934387001,0.005894964573177627,0.0019773903413779826,0.006667436027546707
59,0.06591576767026447,0.87056851691951,0.012076473432037223,0.004294850151808197,0.04714439182638004
60,0.018096555723868604,0.9570550155894654,0.010741407462846754,0.0022117255475316917,0.011895295676287502
61,0.014555355450734098,0.9427767375336024,0.035667623284716794,0.002419775265852729,0.004580508465093965
62,0.04723305309302268,0.9183430060153969,0.015821740217706194,0.0020821867248997043,0.016520013948974552
63,0.007261415236153614,0.9579366843117976,0.03046600794813509,0.0004045049376330188,0.003931387566280686
64,0.025860262693095725,0.9427507585849693,0.023995099771797486,0.0009591037719392155,0.006434775178198208
65,0.01127749182928588,0.8847321921774962,0.09968539146029792,0.000596288025843221,0.0037086365070769407
66,0.004128250968018233,0.2593545752440828,0.7299323169621604,0.0007038438950681254,0.005881012930670358
67,0.00827999238669395,0.7289567004500009,0.2575503599289452,0.001230429722419165,0.003982517511940876
68,0.0019327930400679372,0.30906298104867785,0.6858959304539397,0.00034328716472002615,0.002765008292594391
69,0.0021064233702934552,0.6576486107292654,0.33655856660413697,0.00039739141934464183,0.00328900787695964
70,0.00236027914457579,0.5744994246261718,0.41988694882969013,0.0002410024568699277,0.0030123449426923245
71,0.0020135529832244797,0.6481254283172837,0.34687778512245443,0.00022815946926947115,0.0027550741077679497
72,0.0016527271596290859,0.26343838173816025,0.7321251557679541,0.00026438669731622714,0.002519348636940298
73,0.009444765022184014,0.36951567948464076,0.6140284975086665,0.00114188135008623,0.0058691766344225235
74,0.002225635505334655,0.33159675900501984,0.6613984676106314,0.0007106820818149295,0.004068455797199227
75,0.034041298195934856,0.6329553323371208,0.30105146977198605,0.005572161965851605,0.026379737729106772
76,0.020122386531951805,0.9099480428651622,0.05393785007366023,0.004560247180504474,0.011431473348721325
77,0.020285228826339763,0.8247877982703476,0.14091243539379567,0.007156632057273944,0.006857905452243041
78,0.01843443036197314,0.8455581962576043,0.11781387352738332,0.003621720315344234,0.014571779537694923
79,0.04673788931182986,0.7417905558451364,0.08866580732751163,0.00885293605817146,0.11395281145735069
80,0.03003830318070951,0.6134355004281548,0.01115693630932051,0.005996384646613937,0.33937287543520134
81,0.047163308828710136,0.4310161900787971,0.022031442054173147,0.009516921648728928,0.49027213738959063
82,0.01833942196476924,0.6806063758706347,0.005674733678322871,0.006573668653559271,0.2888057998327141
83,0.11211305124677719,0.12651725270080005,0.001052124662523816,0.04313414095565953,0.7171834304342394
84,0.0038171952885382374,0.014496920055855157,0.0027389532636766765,0.0007667169050871606,0.9781802144868429
85,0.1891108973692254,0.08405033630147433,0.00031412584031737184,0.005437515025742037,0.7210871254632408
86,0.4512020103946775,0.21367812918471224,0.00025736818017543306,0.006800837685990835,0.3280616545544439
87,0.23725628010538824,0.19628638920120228,0.00022738519551030793,0.017251112891063455,0.5489788326068357
88,0.003591613808682739,0.009165735797628171,0.0008133950069041882,0.0009324837315407963,0.9854967716552442
89,0.23620131635042804,0.0525681551454637,0.0003551572709110091,0.013003473848577798,0.6978718973846195
90,0.39193253749541684,0.12385504564851413,0.00024786145484784796,0.0066401641088643494,0.4773243912923569
91,0.6653106617387499,0.07316264962764661,0.00019755811810135202,0.008299011082880087,0.25303011943262216
92,0.13723229249390048,0.14290966199295824,0.0001988937029376432,0.13215728115368372,0.5875018706565199
93,0.14727903282838695,0.27808497380835223,0.0005612040284110419,0.29622177293210483,0.27785301640274507
94,0.09673706682755367,0.2875278563416233,0.00024244454675346,0.16401715726679952,0.45147547501727
95,0.1929167126688496,0.07639028433856553,0.000367103892380604,0.10985910430383887,0.6204667947963654
96,0.22575321077210966,0.07791458161184664,0.00023222640941470706,0.1707307322936776,0.5253692489129513
97,0.20156369197211826,0.5360739652317396,0.00020711850863075145,0.21642630883935102,0.04572891544816039
98,0.0561157362213949,0.6856405733669299,0.0001802023838955007,0.23592148103664004,0.022142006991139943
99,0.12079514957992012,0.5135004840079124,0.0002735739185018701,0.3364646174359917,0.02896617505767404
100,0.03810801541104297,0.6921060548296805,0.0004738642665818628,0.25690554137786387,0.012406524114830852
101,0.04920776637823303,0.4289816286410479,0.00026637339579460166,0.5021993347526829,0.019344896832241616
102,0.02110316212807465,0.676854154860637,0.00036838911182443036,0.29439649058282175,0.007277803316642094
103,0.014045616718534394,0.7978542045693034,0.0005921181887468309,0.18173516630559333,0.005772894217821995
104,0.05063811190162366,0.538867839412826,0.000311647890845532,0.38527814753436523,0.0249042532603396
105,0.08582979258378046,0.45544304878971836,0.00023211387420983136,0.40681959452875227,0.05167545022353892
106,0.07179222888016659,0.6818678896944032,0.00026745264068228,0.18976157447454314,0.056310854310204765
107,0.11408500413491257,0.6090744083016678,0.0005134660624441443,0.11821344153008483,0.15811367997089076
108,0.03255914631965712,0.022160900073356995,0.0007606026282605118,0.002655343267802054,0.9418640077109234
109,0.4806306819403944,0.18178508875983626,0.00018851888526382496,0.028130306589770865,0.30926540382473466
110,0.11005006205995799,0.7740826831280885,0.002279332867364064,0.012101933069898188,0.1014859888746912
111,0.09410512554112532,0.8014091774523125,0.0008360813884095593,0.029997817500628205,0.07365179811752431
112,0.03909454338953959,0.5955830384533242,0.001093151701375851,0.0373736026235933,0.32685566383216713
113,0.012234731679331498,0.017137873011618936,0.00018119744365765802,0.005360503224842334,0.9650856946405495
114,0.017111722595649092,0.023017405615531793,0.0003838511995474399,0.007149245651624961,0.9523377749376467
115,0.2829522051946949,0.038638281605485006,0.00010225557698652371,0.017799844346324888,0.6605074132765085
116,0.32735498463428436,0.08910077048496755,0.00010780188417999095,0.01766528405768083,0.5657711589388874
117,0.3936228362311262,0.20208673007307737,9.882405520125157e-05,0.01768714010626361,0.38650446953433165
118,0.20817631638375084,0.3157199365786456,0.0005285250000797501,0.012169346968005772,0.46340587506951797
119,0.09480256226484124,0.8750814262279678,0.0007087336323599089,0.005017156232639521,0.02439012164219154
120,0.05776579962769553,0.8804351108875155,0.00027975110863726044,0.03268358908980076,0.028835749286351037
121,0.19524569098255212,0.6856315322759206,0.0001792159765494782,0.057343480091558034,0.06160008067341992
122,0.0032610952803504576,0.9909772355972362,0.0013729331889762084,0.0026989075101087755,0.0016898284233285879
123,0.004642040275259213,0.978392654725812,0.010141396845969791,0.0045774980861543,0.0022464100668047127
124,0.0032593303072589543,0.9808697524498713,0.0068691495373228995,0.006788334870282168,0.002213432835264569
125,0.004935413471933137,0.9718944677650756,0.006810732389692041,0.013534212929295967,0.0028251734440033517
126,0.003954448099758216,0.04738326764729131,0.0017950248008253373,0.0010414804889659441,0.9458257789631592
127,0.15710864143544168,0.08278045015849564,0.000242265501594814,0.008439903137920058,0.7514287397665478
128,0.11964790119544262,0.8568031124055654,0.00031349533384958275,0.004471972661890958,0.018763518403251335
129,0.2223143048400515,0.7608408284028702,0.0003542966183283934,0.005096792395378582,0.011393777743371376
130,0.14328425175444806,0.7496195278714612,0.0004540834592392091,0.06897452075675624,0.03766761615809507
131,0.008458452088579994,0.9457175539406809,0.00038952811495338946,0.028217573100785126,0.017216892755000473
132,0.006336440389756718,0.9839215541100366,0.00045616790122530445,0.005697798940046611,0.003588038658934749
133,0.012096279633969,0.07543705360077457,0.0033831629362555517,0.0013389183777107207,0.9077445854512902
134,0.15983084069894843,0.23984914602848997,0.0007154549521254766,0.01597188460534716,0.583632673715089
135,0.2574919222453002,0.48783032658752407,0.00048670831378862483,0.04334712159989265,0.21084392125349452
136,0.2733504922124548,0.455224499534632,0.00048617734005629087,0.0036043495885755704,0.2673344813242813
137,0.14566199104813823,0.5047222687974331,0.000413205664788333,0.05831277878501837,0.290889755704622
138,0.1950343869442245,0.6760938069438094,0.0008360738677318994,0.02315143904427286,0.10488429319996152
139,0.08107389925953298,0.8177079564788552,0.00018071793208634788,0.08523974428365147,0.015797682045874013
140,0.06167145018733184,0.8240837267774177,0.0004174367092470484,0.08963105516535612,0.024196331160647476
141,0.07472845713819914,0.8554801006977586,0.0002791905626908673,0.03685960025992678,0.03265265134142462
142,0.12598118175751274,0.7820140188207589,0.0009379503255431222,0.020706556569974673,0.07036029252621054
143,0.08549701658408783,0.8086636958923543,0.0003014542175645669,0.05037410122587182,0.05516373208012144
144,0.044888643958958245,0.9364113521315754,0.00045355631429378656,0.005702079053720987,0.012544368541451462
145,0.13685429905354476,0.828568491128069,0.0006256607707566519,0.008137398592715592,0.025814150454913948
146,0.0856208637292084,0.4528709781386916,0.00223590311655195,0.00098511272372348,0.4582871422918246
147,0.09040123038695844,0.08553938272890403,0.0003997094936681998,0.00017505524788608668,0.8234846221425832
148,0.15562456790199972,0.6946188937134158,0.1303945001766369,0.0006013140692326824,0.018760724138714935
149,0.05780217489920711,0.7839733730835937,0.14514072476488177,0.0006971761055372371,0.012386551146780151
150,0.028295306303935116,0.9593052321418933,0.004707173776291146,0.0010851294035253939,0.006607158374355145
151,0.010131116092045539,0.97291423576878,0.005530170032026053,0.005226692678157755,0.006197785428990675
152,0.008434799032245253,0.936456438668578,0.04944961107178716,0.0016517088880967051,0.004007442339292749
153,0.017042558206164897,0.969402484779307,0.006778242181071356,0.002314171537252931,0.004462543296203801
154,0.0029983489680717344,0.9839640675888854,0.01058854322826466,0.001025988423031586,0.0014230517917467166
155,0.0028366654089578827,0.6961254543302872,0.29411202308470824,0.0027166697126599776,0.004209187463386827
156,0.016685071988296264,0.8720074315409161,0.09471450668609588,0.011701261595915165,0.0048917281887762626
157,0.009816647522508196,0.9137352967829692,0.060006486407227035,0.013169667997612771,0.0032719012896829385
158,0.06806979309571097,0.7121178520847947,0.017396248252360705,0.16492287781263743,0.037493228754496066
159,0.029122979508109426,0.8652655895058726,0.0020745981367672477,0.0966711728213549,0.006865660027895687
160,0.06853165545256866,0.6681244147490181,0.001933458530398845,0.12197839631335214,0.13943207495466206
161,0.015924157234813392,0.044064215892285694,0.00279294338464301,0.010922185950905161,0.9262964975373527
162,0.23520196863627912,0.12672312301810287,0.00024978608127598735,0.11252248068739758,0.5253026415769444
163,0.3862896490137238,0.09484640656184666,0.00010012210448045249,0.33387222067336786,0.18489160164658117
164,0.505984742812031,0.1209870489803609,0.00010653143814919855,0.3438843708090568,0.02903730596040207
165,0.03391868883222204,0.34983660635881036,0.0001386296737295739,0.6118500506400405,0.004256024495197505
166,0.061300231059642746,0.07510881900574055,9.68736808618262e-05,0.855578302228144,0.007915774025610911
167,0.029802561777625594,0.06083082083009001,0.0012820598727515259,0.06050613647281089,0.8475784210467219
168,0.21833980294042715,0.1666130380541147,0.0002226287648638553,0.5659862448880484,0.04883828535254589
169,0.062093434490125235,0.25065631211028466,0.00010128529146580058,0.6823994679986728,0.004749500109451515
170,0.28070498678027617,0.083175844446662,0.00010337679301323442,0.5902613571604852,0.04575443481956352
171,0.02765837988699067,0.16381699537054262,0.00011941824318094083,0.801572264707173,0.006832941792112752
172,0.02306595865315911,0.023472142749847744,2.6598933384948205e-05,0.9468620925747538,0.006573207088854488
173,0.017413325852107846,0.4530933224002842,0.0002717469241586209,0.5241413456207721,0.005080259202677192
174,0.008084632135445689,0.6453525958604396,0.00019894850270279712,0.3404488092737177,0.0059150142276940074
175,0.043194138074434084,0.018398107084967488,0.00012890836841713307,0.5991982676433218,0.33908057882885945
176,0.06684530083050329,0.05122400819061214,0.00020853933498681725,0.5636068639758326,0.3181152876680651
177,0.03584693563775462,0.01108449582943532,0.00018035152455090267,0.14853528847761602,0.8043529285306431
178,0.4328015243415127,0.033995703069993534,2.7821637231148453e-05,0.3192006152054996,0.21397433574576294
179,0.2623781495332063,0.12919458252476906,0.0003775807618448096,0.34150316324471364,0.2665465239354662
180,0.07315114140925574,0.07191382967962945,5.6506953755119374e-05,0.16445826915212958,0.69042025280523
181,0.009294933905863535,0.03841999446753265,0.001967255109944044,0.016011463873386603,0.9343063526432732
182,0.01733617524450663,0.010236965020380177,0.00021494948045844788,0.013960344957497145,0.9582515652971577
183,0.08854566900753294,0.01977740522895711,0.00034111935594606816,0.04033554956605499,0.8510002568415089
184,0.004526944551708651,0.001326718343381987,6.383579432273908e-05,0.0022925786143099935,0.9917899226962766
185,0.0009260577342208365,0.0006365769733442509,0.000200059912715162,0.0005496213722497261,0.99768768400747
186,0.0008655450805080369,0.0002618815329269118,7.182224582301654e-05,0.0004050160753494565,0.9983957350653926
187,0.000858132120630357,0.00018405734844930137,3.609716600902143e-05,0.00018480409638105245,0.9987369092685303
188,0.0007140622686013661,0.00015195017643577455,1.5187453456931474e-05,0.00025451586859607655,0.9988642842329098
189,0.0004099351012778564,6.630603227874116e-05,1.3082514459874191e-06,9.624524177831919e-05,0.999426205373219
190,0.0005844049161994602,0.0001009348987061168,1.212456144653383e-05,0.00011319695686365831,0.9991893386667843
191,0.0018433576586910792,0.000268948731312383,4.293402559867051e-06,0.00021572284509051293,0.9976676773623462
192,0.0031887563204138166,0.0006246854244173511,3.706062554765059e-05,0.0005890749391905168,0.9955604226904305
193,0.0014973065029310383,0.0007575385808009732,0.0003584689121009465,0.00039925754145440033,0.9969874284627127
194,0.004286674754518009,0.0008949416396157562,0.00023666679034539128,0.0004437659644153271,0.9941379508511055
195,0.0019348942718863324,0.0014249877807340117,1.6030525803782246e-05,0.00040481972214484826,0.9962192676994309
196,0.009637179574323708,0.0009104737563029156,5.275593588140412e-05,0.0007095661117802735,0.9886900246217117
197,0.0025360575202474363,0.0010309194412603296,2.0867083367866655e-05,0.0008179033505433206,0.995594252604581
198,0.00182853295621624,0.00036439935933521507,8.38232485491839e-06,0.0005129092491017251,0.997285776110492
199,0.00254063377002897,0.0028661990258697797,0.00046555108981228416,0.001124587931869879,0.993003028182419
200,0.007171143098767059,0.002249190909012314,0.0005414901215679164,0.0012105832740263627,0.9888275925966263
201,0.0033429766992367996,0.0008138906370717102,3.848254137633789e-05,0.0019570963204503097,0.993847553801865
202,0.005791645792043481,0.0018555253896691292,3.745195298979917e-05,0.000925906859637981,0.9913894700056596
203,0.003106298836690846,0.0008889647989708889,2.526392763214201e-05,0.0008826914018383535,0.9950967810348678
204,0.0024335584757544646,0.0005225921961548751,1.0649411986867121e-05,0.00060066253104476,0.9964325373850591
205,0.0049142044375142385,0.0013500550851242542,0.0002784599154174347,0.0008352681869662269,0.9926220123749778
206,0.000556747713496147,0.0018974803810525237,0.0005906335137619523,0.0005775705655113006,0.9963775678261779
207,0.0011121526506789956,0.0007448886498214884,2.0442487156922463e-05,0.00040674346329540523,0.9977157727490472
208,0.0012835660309482861,0.0006420316902534547,1.3997325110685807e-05,0.0005402078319377376,0.9975201971217498
209,0.00230257900910747,0.000436136854317887,1.5804413956478054e-05,0.0005217569316496663,0.9967237227909684
210,0.00739355052511922,0.0006653833124926011,3.063598704146898e-05,0.001431976237424278,0.9904784539379226
211,0.017150100118265753,0.0020264406805598685,3.560371699519683e-05,0.0027839006868456695,0.9780039547973335
212,0.004494360572229915,0.0019088691112079802,0.00020568919365504784,0.001225176324520624,0.9921659047983865
213,0.0006384972312793245,0.0010761462766668791,2.5630275001940755e-05,0.00017561668147827593,0.9980841095355736
214,0.0033900541219065053,0.002405789715413805,0.00029007465987943904,0.001263540378145909,0.9926505411246543
215,0.004536809965171171,0.0010213992637720874,0.00033887049343941776,0.0006519819892500143,0.9934509382883674
216,0.006337463290895272,0.0017071403370458038,0.0015364129699768096,0.0012633613731622435,0.9891556220289198
217,0.006904418638079751,0.003988402099889808,0.001167980395022745,0.0044626227236630595,0.9834765761433446
218,0.010313324225860357,0.00914246238422938,0.0015494076692450839,0.006155604167045637,0.9728392015536196
219,0.004683169169703865,0.003475032159195608,0.0009688087604190621,0.007660553369120571,0.9832124365415609
220,0.004654877502092805,0.0017429668379392107,0.00024126168853179323,0.001783042279600005,0.9915778516918363
221,0.0052316907883277475,0.0022341350507094487,0.00018143197999028596,0.0018546561874531328,0.9904980859935193
222,0.010768706437360519,0.002876990256244787,0.00033159926695993443,0.0031745676379021856,0.9828481364015325
223,0.010716017239765757,0.003102201498527203,0.00029589838594009846,0.0015428551752835653,0.9843430277004833
224,0.013860843452219128,0.004951545298255228,0.0005863009135369951,0.0020077441208895745,0.9785935662150991
225,0.005403830748814831,0.001624654562508964,0.00063336742578601,0.001378365914105447,0.9909597813487847
226,0.006741722711489018,0.0019122398598841396,8.022482259066976e-05,0.0011536958636193066,0.9901121167424168
227,0.002528054343113423,0.0014408466637678618,9.750175266409849e-05,0.0011929873860651984,0.9947406098543894
228,0.0023455536548802644,0.0010070674086733753,6.239669996253011e-06,0.0010917503167479992,0.995549388949702
229,0.008649206344914022,0.00880407605077977,0.001844014274367939,0.006078440590225516,0.9746242627397127
230,0.008843942891435473,0.007048543055999883,0.00010081866154194451,0.0021191954113941283,0.9818874999796287
231,0.0072867253439703435,0.002574339151696857,6.24979423066859e-05,0.0018726294342951894,0.9882038081277309
232,0.006630247276975645,0.002628982594826846,2.6289036000409703e-05,0.002117909482440843,0.9885965716097562
233,0.004206625307582193,0.002067022826796268,1.4627285708827532e-05,0.0021230578904548013,0.9915886666894579
234,0.003755337196294219,0.0008520259950838168,7.156809718275683e-06,0.0009750053093492637,0.9944104746895545
235,0.0017230303702113548,0.00037279841304487573,3.0350438448795005e-06,0.000576456145744108,0.9973246800271548
236,0.004450357734921158,0.0008858385726535306,1.0349329973591657e-05,0.0011950230147620164,0.9934584313476897
237,0.00294285951433557,0.0006433813455126267,6.398852376555461e-06,0.0016070288083011904,0.9948003314794742
238,0.008838308676530347,0.0013684798039701068,5.455859276962447e-05,0.004835127856843994,0.9849035250698859
239,0.0015019645040727319,0.0003595022073911254,6.452101819957449e-06,0.0014883441314723113,0.9966437370552439
240,0.0024403585342643395,0.00040329844147251513,6.467519191271216e-06,0.0021820156832476744,0.9949678598218241
241,0.004443253054028272,0.0005770930549271919,1.0350051543734784e-05,0.0014804468012701434,0.9934888570382306
242,0.0025319918684115783,0.00040676647367195016,4.3396233864258185e-06,0.0007349094239631991,0.9963219926105668
243,0.0019308074674155064,0.00029181143512728685,8.289110193433091e-06,0.000961652570237802,0.996807439417026
244,0.006118504956286502,0.0010284238896951787,1.845479960018401e-05,0.0020928953175115184,0.9907417210369065
245,0.004549171291756318,0.0007591653518479927,3.3060884457702413e-06,0.0039528113679746305,0.9907355458999751
246,0.006619422942792312,0.0009587796042593692,3.338489198316488e-06,0.007615821590661158,0.9848026373730889
247,0.004440828895478149,0.0006997585269813186,2.796973375033106e-06,0.0019018174265602985,0.9929547981776051
248,0.002607251404863883,0.0004656928233774188,7.652602426442348e-06,0.0013993049178664372,0.9955200982514658
249,0.0007622293215185037,0.0005516981260335588,4.865372631798147e-05,0.001924161951367179,0.9967132568747628
250,0.0017121008717765392,0.0005357563236624869,1.9803063216686765e-05,0.001062001436742772,0.9966703383046015
251,0.001078704871894685,0.0006570678091064566,3.4604768672555805e-05,0.0009327711091732944,0.997296851441153
252,0.001902325687531373,0.0010553125410331197,5.5520964204137855e-05,0.0007489968608378107,0.9962378439463935
253,0.0019034260918923426,0.0009115423525503864,5.6475801977810425e-05,0.0008043257638222648,0.9963242299897572
254,0.0018096349160495963,0.0006677681002061759,2.1761671821460615e-05,0.0008341188259206629,0.9966667164860021
255,0.0013056462341195778,0.0013621504466117033,0.00030247876151093104,0.0005994169245195863,0.9964303076332381
256,0.0020478599453652648,0.0009220391429754219,3.7664740602943065e-05,0.0011297518537279818,0.9958626843173285
257,0.0012076550206855357,0.0008601724706844464,4.798282677964149e-05,0.0012185804214881711,0.9966656092603621
258,0.0024760462947554618,0.0006497051320809625,1.921703369578104e-05,0.0011839582813285576,0.9956710732581393
259,0.004365788497807131,0.0011022620182488706,1.8594031481622168e-05,0.0027535824119393343,0.9917597730405231
260,0.003407703314868343,0.0024995487925667903,0.00024722669445300267,0.002529946597748272,0.9913155746003635
261,0.0072065142231687715,0.005298945117856304,0.00045773792026214166,0.0023953693656841957,0.9846414333730286
262,0.007149243409532485,0.0016002940673946848,4.9487345130835324e-05,0.0009996752606742402,0.9902012999172678
263,0.0037271343894421647,0.0016711416687571238,1.669402774350935e-05,0.0011020496506978998,0.9934829802633593
264,0.002994029131244575,0.004907539621837692,0.00011612106859223101,0.0014400614652036628,0.9905422487131217
265,0.0010363810305883646,0.0009140821099636565,4.385739862162957e-05,0.000868067813010283,0.9971376116478161
266,0.006503583554105664,0.0019919575011693113,1.9328611986877677e-05,0.00239009237574906,0.989095037956989
267,0.002482490547188167,0.0007023353615732885,9.10922198346578e-06,0.0018995941235193364,0.9949064707457357
268,0.0010514427248738654,0.00036327996155492595,4.915558391370694e-06,0.0006500519078171391,0.9979303098473628
269,0.0019000071947159263,0.0006355435688949279,5.925364748242073e-06,0.0007812877233317521,0.9966772361483092
270,0.002834027705450626,0.0009060952061540255,6.927072624052039e-06,0.00041856865924453426,0.9958343813565267
271,0.0058845887596324625,0.0018076388099191906,3.34908128625608e-05,0.0017623318738723027,0.9905119497437136
272,0.0034604574922685893,0.0005181872551528966,8.964292511560593e-06,0.0009042740735954622,0.9951081168864714
273,0.00510846890337145,0.000750060665449479,1.1865731155793808e-05,0.0015471257397768447,0.9925824789602463
274,0.0076795407514971496,0.009748897766904387,0.0009382376656511005,0.002447360871434627,0.9791859629445127
275,0.0028640634977811553,0.001456168149780212,3.8662655025289404e-05,0.0013757048326668076,0.9942654008647466
276,0.007632731474472552,0.0016094165951134416,6.203633137809871e-05,0.0024468144595570346,0.9882490011394789
277,0.0071442658076051125,0.009779414810778988,0.0017049937402201848,0.0013409358241004993,0.9800303898172952
278,0.0023029272233318866,0.005318852484368388,5.5185799553528435e-05,0.0031282826381985878,0.9891947518545475
279,0.006844200798909719,0.005740552897827653,6.563268631280022e-05,0.0050401213477657735,0.9823094922691841
280,0.01932312614787574,0.009617476039478684,0.00012126421242699538,0.008456042232362362,0.9624820913678562
281,0.007603079714312335,0.0022636935114045895,1.2734057530552134e-05,0.0021352226099832397,0.9879852701067693
282,0.01429986003141658,0.003153411810135144,9.366500835626042e-06,0.002510781832398204,0.9800265798252144
283,0.01619388410771759,0.002555508780793355,1.2655660189383638e-05,0.010146352604420858,0.9710915988468789
284,0.030122279902443105,0.005423729019455736,7.440075974448106e-06,0.01385622736457779,0.950590323637549
285,0.020188890616239477,0.0024630819891956956,3.4296158681861047e-06,0.01369477415525627,0.9636498236234403
286,0.013129829252668188,0.0025978113803034153,3.4122995754214643e-06,0.009756529280158539,0.9745124177872945
287,0.013244933891725404,0.0028562942325651847,8.82561264853952e-05,0.013512331827473571,0.9702981839217504
288,0.03294667206937332,0.010079052449089578,0.000157225466331464,0.015219871194467528,0.9415971788207381
289,0.016599661759676775,0.0035731859475567444,1.6418368817446907e-05,0.009907057150846476,0.9699036767731024
290,0.06921123859533623,0.00561541092233461,2.5969148906135362e-05,0.02231364531408967,0.9028337360193334
291,0.1156715446036044,0.007716610136653491,2.0569624091275907e-05,0.03364411122173989,0.8429471644139108
292,0.020836203377863394,0.004752617777512263,9.689751776246144e-05,0.05648508917344682,0.917829192153415
293,0.09189971034160144,0.005213741376747076,5.3330234785757275e-05,0.16046040827531863,0.7423728097715471
294,0.05260204718711581,0.0022838164600598168,5.932708830206964e-06,0.10953241047851069,0.8355757931654835
295,0.06582028965461968,0.0015622089129112982,6.594142207644065e-06,0.14935483477502876,0.7832560725152327
296,0.16835720428363465,0.004264312738594255,1.1746492105861874e-05,0.2789215841483302,0.548445152337335
297,0.26070646936995107,0.007579530874138719,1.5238658177767794e-05,0.2905895961507713,0.4411091649469612
298,0.3352603167632917,0.007329154937103126,1.9909149192203922e-05,0.4977483447478372,0.15964227440257572
299,0.11456283297967639,0.032630001242697396,0.0001581111738777143,0.6852500903792099,0.1673989642245385
300,0.05728841665900137,0.00500254332580036,8.70083407666205e-06,0.8755232389919645,0.062177100189157085
301,0.06613603776241928,0.0046502360065065725,2.304368294902889e-05,0.9105716589711534,0.018619023576971733
302,0.0920511821187143,0.010988172062168197,2.0625743059197292e-05,0.8221997059534949,0.07474031412256346
303,0.12332441943864329,0.012382171221106351,1.957996596197748e-05,0.8385387382031398,0.025735091171148458
304,0.06684431944332227,0.01534001504678539,1.8178631329942214e-05,0.904457787368928,0.01333969950963443
305,0.1041398995614274,0.011942156198713345,2.2507769160400552e-05,0.8734202860965357,0.010475150374163234
306,0.05232834829669151,0.009872975038491614,2.266445803236434e-05,0.934535589705834,0.00324042250095045
307,0.026228658378346172,0.01687216798020383,2.1075356692752734e-05,0.9546545070959744,0.002223591188782995
308,0.030817547670915595,0.06117265750107768,0.00010455513933520199,0.9043274362333955,0.003577803455276053
309,0.09490693342961551,0.2443587780841779,0.0009162578710079727,0.6524805840903033,0.007337446524895272
310,0.06025876056929585,0.46809389382666466,0.0005271198250200783,0.4656912589422899,0.005428966836729658
311,0.018656625023468022,0.8620817891423996,0.0008143748258296766,0.11628793356349082,0.0021592774448118213
312,0.032089880460973316,0.8956141632495482,0.0011847267734444397,0.06851831778353197,0.002592911732501994
313,0.01228674995372883,0.9794285796164257,0.0013451284257845243,0.005105433583162331,0.0018341084208987066
314,0.0031753371924544546,0.994000404437462,0.0004989019555045516,0.0012340389740493369,0.0010913174405295933
315,0.002234403721431717,0.9946728531913884,0.0017054873353834709,0.0008018202436225478,0.0005854355081736301
316,0.004330911255394286,0.9924699806920715,0.0006992948933545289,0.001806743917991187,0.0006930692411883728
317,0.00579524402711129,0.9908084334764019,0.0009396945879758528,0.0016147853630153989,0.0008418425454957425
318,0.0013669871156995717,0.9952578051679196,0.0023827740460765235,0.00044233418118246477,0.0005500994891219184
319,0.003005015095079112,0.9946472870292076,0.000854145273907214,0.0006347045444076332,0.000858848057398528
320,0.0034456276486582883,0.991445243297702,0.003656558955352451,0.0006796514130058365,0.0007729186852814013
321,0.0012611148503867645,0.991825197979317,0.005680920570188454,0.0003172179496015462,0.0009155486505061304
322,0.0015375389429904019,0.9934604951460035,0.003821778844425583,0.0005515939741697843,0.0006285930924105173
323,0.038650278133843814,0.9319351877663647,0.0011842622009336477,0.0012325815164379015,0.026997690382419927
324,0.006625007882592798,0.9911935687791541,0.000546066773806273,0.0003935446613352739,0.001241811903111717
325,0.0018456915327235114,0.9958566705416956,0.0012244844622589157,0.0002944512649226047,0.0007787021983992234
326,0.005011725949123195,0.9926451383817103,0.0015803124926921002,0.00018372027857754494,0.0005791028978966893
327,0.0009822257322717218,0.9686938015178689,0.02948303035111295,8.493791078427206e-05,0.0007560044879623386
328,0.003464577912953445,0.9810805541745871,0.01389090293519417,0.00043746474975772323,0.0011265002275075737
329,0.001200817315022513,0.9926331908175492,0.004950810824913049,0.00024051895170597388,0.0009746620908092068
330,0.0010302744162590583,0.9817746068512676,0.015869380942500868,0.0003744217000121063,0.0009513160899605537
331,0.009026438867987112,0.9641015806519079,0.02425751440523362,0.0009614538948870304,0.0016530121799844496
332,0.0011839062967401938,0.9665231586394026,0.031109328333515658,0.0003315989795117139,0.000852007750829625
333,0.001323669747134753,0.9727153840944749,0.024648966037320388,0.0002245760113827876,0.0010874041096871686
334,0.008462893186620475,0.948685209827148,0.03830710322515367,0.001814644706388318,0.0027301490546894824
335,0.002186629786961098,0.8006273320845031,0.1948495020360824,0.0008538048574367881,0.0014827312350164795
336,0.0036204292383168126,0.9222177985333169,0.07071734139380954,0.0012685362792953954,0.0021758945552612236
337,0.012175053293741894,0.9431415263109028,0.03810755626593986,0.004361697610323275,0.0022141665190923356
338,0.0025079957732471185,0.9748255325990869,0.020371068486733507,0.0008630148094839681,0.0014323883314487182
339,0.0015170121890508807,0.8910375067130855,0.10636969908856792,0.00035561323214166555,0.0007201687771539533
340,0.007707517531620665,0.8143798773293115,0.17221895270269552,0.002613444150856945,0.0030802082855153332
341,0.0012672310799266926,0.5353665199627027,0.4607074806442168,0.0006597475650521806,0.001999020748101547
342,0.005506218343534237,0.7099746670759631,0.27964973710830554,0.0013068065115937081,0.0035625709606033687
343,0.00799276962307154,0.7988576253450804,0.18734684095919432,0.002869234534279805,0.002933529538373784
344,0.0024161448506234747,0.6913988690959972,0.3005451607240214,0.003004220175159016,0.0026356051541990043
345,0.003993647705669089,0.4012887263188232,0.5828961234480399,0.00687318400045391,0.004948318527013882
346,0.0028439112736953686,0.7825432967682894,0.20617790849331166,0.006050698160149814,0.002384185304553742
347,0.022877831091902497,0.6673283748327837,0.2767804462029821,0.027591066616295786,0.005422281256035959
348,0.033857089845657884,0.21817315323687905,0.023995118777827472,0.029953275578998264,0.6940213625606374
349,0.3602218552951079,0.363088091310066,0.0009697735266948628,0.05640294106960168,0.21931733879852963
350,0.2516118721692132,0.6572694593187245,0.0006283112546838372,0.011565152565954693,0.07892520469142367
351,0.4289703601495418,0.42511219205316547,0.0007181490540765433,0.002914478821281705,0.14228481992193434
352,0.14398447986468896,0.8472020320906349,0.00022180652098372067,0.001922899159896408,0.006668782363795923
353,0.02446810951909323,0.9664228403011229,0.006763537233038069,0.0005572768976809379,0.0017882360490645954
354,0.0029544528635300814,0.9935127528818596,0.0021035769774942715,0.00025427185120154304,0.0011749454259146622
355,0.000971695395788609,0.996051179446123,0.0017620957431999367,0.0003772201819211812,0.0008378092329674672
356,0.0005823417731281969,0.9913992167390296,0.006474006729646914,0.00031439950849279673,0.0012300352497024798
357,0.0013489063122309364,0.9267962890425924,0.06923539596939897,0.000857252480549941,0.0017621561952278673
358,0.001047383950362681,0.8341106391455883,0.16303560042452778,0.0006854060811992592,0.0011209703983218163
359,0.0004771370626184106,0.5343762773208734,0.4635637526453117,0.0004512955642661792,0.0011315374069302006
360,0.0009394832435115184,0.6732036525503416,0.32464743322133355,0.00024902093634824164,0.0009604100484649107
361,0.002961355625948661,0.5723268049934708,0.420737828299879,0.0008647111418646024,0.0031092999388370366
362,0.001334470692459592,0.30572153254483897,0.6909140682990276,0.00041478928537831906,0.0016151391782954524
363,0.0011130818397524665,0.29643085794723173,0.7006697041676697,0.00042710787303455137,0.0013592481723115521
364,0.0004077262147701056,0.4393694081209743,0.558987340316242,0.00025413295666702084,0.0009813923913466684
365,0.001020059195987683,0.306086951677669,0.6918375799250595,0.0002073637515699095,0.0008480454497138811
366,0.0005175507228864125,0.21401915804889005,0.7846289786095831,0.00011907996728248748,0.0007152326513579951
367,0.0010372099966867799,0.3623567027945867,0.6349404300557036,0.0003024710521387925,0.00136318610088422
368,0.0005371155822162182,0.2029647316127968,0.7954713592119403,0.000162292371719958,0.0008645012213267812
369,0.00033440040339587226,0.1329664831411465,0.8660180711868897,9.794676258853078e-05,0.0005830985059794501
370,0.0006032452871023489,0.26831729196568177,0.729700426946907,0.00017320451416177464,0.0012058312861472694
371,0.0003266196871049002,0.18086952914672408,0.8176906476148809,0.0001488532772759758,0.0009643502740141325
