epoch,N1,N2,N3,R,W
0,0.07345447578932694,0.007635151361929363,2.5076395330840054e-08,8.907894589628834e-05,0.918821268826452
1,0.048346217651164335,0.0073151145898935135,0.0007374709990572354,8.726602591588066e-05,0.943513930733969
2,0.011149416808315108,0.004551713251634301,0.00044229564652107896,4.739663352317899e-05,0.9838091776600063
3,0.046491027724487745,0.010137219664041932,0.00014106603317272641,0.00013848666083386208,0.9430921999174637
4,0.25143392768142553,0.03230426506426034,0.002175695287272951,0.0004461289452362187,0.713639983021805
5,0.07249872918937787,0.06433034064584321,0.0011339949191062875,0.0005280460956823804,0.8615088891499904
6,0.12722802192369131,0.15720948316465233,0.005420388035521437,0.0010574409211511512,0.7090846659549838
7,0.21545729526170354,0.0812268131993046,0.0018762615216106828,0.0006835278968604964,0.7007561021205206
8,0.08204694324961329,0.03802112423233677,0.0011600690965581318,0.00043628594674832965,0.8783355774747436
9,0.14117647739047218,0.05438070041189542,0.0010596390176877636,0.0004589376626315379,0.802924245517313
10,0.009639091317117281,0.00288813646004699,0.0006546877012066415,5.442824406760013e-05,0.9867636562775615
11,0.046044086124478564,0.032167646515869015,0.0022884867472977542,0.00025690637889832916,0.9192428742334563
12,0.08953232622307294,0.1152780069838468,0.007407855679313238,0.0005343321768903412,0.7872474789368766
13,0.06994220113206745,0.03503716217865378,0.007236141786334765,0.0002579402026700696,0.887526554700274
14,0.2870502059877035,0.09879743142289918,0.026790630727395758,0.004276428159859533,0.5830853037021421
15,0.151130131987055,0.13185049437232715,0.011677205420580764,0.000795697201909437,0.7045464710181276
16,0.20358882567142,0.16082785624829096,0.007950017339938624,0.0031617486266279932,0.6244715521137224
17,0.24334665278278966,0.4922550597979104,0.0340233802496757,0.00357354572523699,0.22680136144438726
18,0.080956775538188,0.5950909131514067,0.03486956643875136,0.0020442324656265126,0.28703851240602746
19,0.2176429493188887,0.43794962053371994,0.028512954519332966,0.004045433515891024,0.31184904211216746
20,0.1231320784340967,0.24883911618509655,0.01836064716476178,0.006704997254681754,0.6029631609613632
21,0.09425547353339037,0.6799965144265445,0.021983034748867872,0.0018494559174174557,0.20191552137377977
22,0.09170522835135442,0.6272463957749397,0.02751047062576539,0.0028375496759525144,0.2507003555719881
23,0.02906151674428705,0.7442020191269846,0.03256576495869144,0.001100988150539601,0.1930697110194972
24,0.07541187591518511,0.8054993976160116,0.05361375118383242,0.0024645797021313515,0.06301039558283952
25,0.07490465291787626,0.7941409972697248,0.0663611136438434,0.002963830820909761,0.061629405347645994
26,0.09199620443111357,0.6638235579095958,0.01654263087956964,0.0029275161681895753,0.22471009061153138
27,0.07953598619173408,0.059954442148882583,0.009184270477059142,0.0014342905603108504,0.8498910106220133
28,0.502798960610423,0.25763721660668937,0.03297458056873065,0.004447566337669304,0.2021416758764878
29,0.13502829983359688,0.2827006379527434,0.062454995737860515,0.007180975662000632,0.5126350908137985
30,0.12863398209314064,0.6410495756444661,0.051445223913574395,0.005547349512000698,0.1733238688368181
31,0.17994599279333387,0.2692708590626468,0.04045245590848665,0.01275014413430534,0.49758054810122737
32,0.20576186237192415,0.5061981907629665,0.035812400765913605,0.009387157349985489,0.2428403887492102
33,0.17683654771158552,0.5398309227034215,0.1507435658105272,0.008241169539283982,0.1243477942351818
34,0.34825174456164254,0.3476441262938081,0.027333897203452272,0.003693930784313033,0.27307630115678405
35,0.20527190469891438,0.5698779769309372,0.06144967252697548,0.008004870125209614,0.15539557571796325
36,0.305533236381362,0.44051207931650865,0.038119621616136724,0.011413579376582769,0.20442148330940982
37,0.3675942093116706,0.423609532498664,0.021025551804165137,0.01016921189169941,0.17760149449380086
38,0.13148596972725296,0.5751464558399745,0.12034717971342469,0.01066554373990282,0.16235485097944513
39,0.06815506142389136,0.48329558074610446,0.31034290627231853,0.00667050534899073,0.13153594620869502
40,0.1687618423378061,0.446551933905444,0.06582426243586265,0.020212159929493576,0.29864980139139363
41,0.21359555179984888,0.3947628648805871,0.023052336508264885,0.014321730321766965,0.35426751648953214
42,0.19568518215683806,0.5803276442628716,0.03070998740880494,0.004637595531333025,0.18863959064015243
43,0.34865500219671997,0.2988688027221387,0.03893129353500932,0.001370048918317986,0.3121748526278139
44,0.5390452612360025,0.3240947539253472,0.0212570284616682,0.0012538299370887772,0.11434912643989315
45,0.2762930014073157,0.6414972831568406,0.04572755845078969,0.001285156965530455,0.03519700001952363
46,0.14332113196064142,0.8065894839880589,0.03629353599101545,0.0018810876231985614,0.011914760437085649
47,0.052448239198154,0.8817237282216914,0.05698195787625891,0.0014323102206039182,0.007413764483291749
48,0.035837302120031736,0.9012821822628644,0.05587520228249326,0.0025132445010878834,0.004492068833522853
49,0.026831078016093392,0.8949089682584572,0.06883302466670137,0.0030835478133707287,0.006343381245377194
50,0.04999496007524375,0.7850808443505035,0.15304664093064463,0.004839653215689462,0.00703790142791891
51,0.03594334541632808,0.8088879678982966,0.14256514004225507,0.0038547142095744884,0.008748832433545562
52,0.14477273560578305,0.7337727874006388,0.09750870920501135,0.005867625324292436,0.018078142464274458
53,0.027026943753210245,0.810935453383325,0.14528383943618411,0.009705447427511688,0.0070483159997690985
54,0.04950329365315842,0.8131438149203373,0.09834215466917316,0.005589174691730987,0.033421562065600235
55,0.026918875093440868,0.7829110672129349,0.1764903749764431,0.008270257634384959,0.005409425082796124
56,0.032812032528559576,0.8324387550892026,0.12431541816566308,0.00267047896455853,0.007763315252016214
57,0.01721355286347854,0.5704271956625017,0.4095568694595445,0.0012102060912485427,0.001592175923226725
58,0.051610297807781924,0.6625705147347406,0.27724578678843104,0.003150550021221655,0.00542285064782476
59,0.016677720444175603,0.5534094497694846,0.4242217267251768,0.0013278502751757273,0.004363252785987233
60,0.00702101468653696,0.4165623204883891,0.5658503503815101,0.0012983904336910485,0.009267924009872903
61,0.007147631927259601,0.22775831440038974,0.7599422970426232,0.0016866851966921316,0.0034650714330354015
62,0.0027341671218836573,0.13171703435499718,0.8636834152597838,0.0005509200370319856,0.0013144632263035214
63,0.004021204298895193,0.25816328077855855,0.7336672446453402,0.0006786499847097625,0.0034696202924963705
64,0.0014553835690476248,0.10776656318832314,0.8889152210579369,0.000281731789765548,0.0015811003949269327
65,0.002606105667858718,0.20015012720306888,0.7925106850860089,0.0018123211216747464,0.0029207609213888425
66,0.003377731794431024,0.1552072746318445,0.8385569555506769,0.0007145236141712285,0.002143514408876385
67,0.0073118753468842165,0.2568505568160728,0.7298316856063122,0.0021071460858825483,0.003898736144848387
68,0.007182249861160851,0.25007302419269534,0.736848519045358,0.0009061906282845084,0.004990016272501423
69,0.005505089162039147,0.2434207577852068,0.7418232464982508,0.0013188118227313774,0.00793209473177193
70,0.002488608098875687,0.15951539410983248,0.8286442964611185,0.0007670845366624008,0.008584616793511086
71,0.0016331787139983532,0.07500305970889712,0.919891574605785,0.00040376693030761085,0.00306842004101197
72,0.005962374846426468,0.20354984981638613,0.7700440032049827,0.0018228557861036951,0.01862091634610093
73,0.005113913382530446,0.13534001815447136,0.8495818800372751,0.002757973839203402,0.007206214586519835
74,0.005428419501062896,0.17883879048785378,0.801606787817365,0.00509256824386988,0.009033433949848449
75,0.03137869370797738,0.4551761687208616,0.45592902282644465,0.001811319635346501,0.05570479510936969
76,0.03888972444885468,0.42541716489476333,0.5235925584957426,0.001359070313313997,0.010741481847325356
77,0.07233748320554755,0.8154588873331714,0.1021687545745914,0.0008495326958661411,0.009185342190823554
78,0.04360884305394806,0.631381521017521,0.32224290618192203,0.00021985731649544946,0.0025468724301133806
79,0.19570749579731633,0.5398118139079197,0.2436068971528213,0.005643283565125469,0.015230509576817354
80,0.04699525434515866,0.47429582223300654,0.46728177929626863,0.0016572239407842584,0.009769920184781879
81,0.013057306611711039,0.37870210280036976,0.6023341322817845,0.0009430822152273966,0.004963376090907474
82,0.0018003376185109386,0.16794399902385276,0.8264490094903209,0.00020366872082129423,0.0036029851464941622
83,0.0026418968546812406,0.1288908561338695,0.8634065438501062,0.00035300278666414343,0.004707700374678849
84,0.000819087162139057,0.07058953125647778,0.9272330995257765,0.00010008217794142739,0.0012581998776652282
85,0.0013580469309440804,0.08292127858767405,0.9138194880461918,0.0004909099072180934,0.0014102765279720504
86,0.0008459742732522839,0.054933674977595444,0.9422252096705493,0.0008728962614093894,0.0011222448171935402
87,0.000502559521460206,0.03051073782070137,0.9647740740943035,0.001087903326432027,0.0031247252371026752
88,0.0006794181990978203,0.03505373117446773,0.9623914432671312,0.0004889844394888043,0.001386422919814637
89,0.00043419858535491656,0.0207659749112439,0.9766998202619406,0.0006444621095154012,0.0014555441319451198
90,0.000922152435627693,0.036623108819217286,0.9603959257229537,0.0010154148382840863,0.001043398183917251
91,0.0006834329854196469,0.037981526992932106,0.9596484674432311,0.0007987911201577312,0.0008877814582594099
92,0.0011694606158294079,0.053876174106860644,0.9431667549241769,0.0005608122497438259,0.0012267981033892694
93,0.0005351779471229827,0.04476262092113941,0.9536352353751365,0.000210746404481321,0.0008562193521197174
94,0.0014124655484593367,0.11224783993992055,0.8819201213540493,0.0016956277393085984,0.0027239454182620827
95,0.0012656412137052409,0.09116292361133743,0.9048350884422068,0.00143720568103494,0.0012991410517156435
96,0.0016634858151984328,0.10567583893824099,0.8890834323915379,0.0015436413441890472,0.0020336015108335676
97,0.039409345519337065,0.35634830254328415,0.48239254800254455,0.0036112585389689346,0.11823854539586538
98,0.048109409950947646,0.44212750796432104,0.4841747214602419,0.002912337767805549,0.022676022856683818
99,0.030031617693635486,0.4065158280850396,0.5545703368618655,0.0005311513863714025,0.008351065973087983
100,0.14029733114397105,0.466701634644403,0.37265973708090117,0.0003994436926393446,0.019941853438085445
101,0.04209818759565267,0.48974760455282734,0.4633736621319298,0.0006028917443830805,0.004177653975207024
102,0.032823145874990405,0.5701502673759828,0.3867767147470457,0.006508084808289546,0.0037417871936916616
103,0.014717398134975952,0.4816080456625216,0.49350658006864967,0.00754582022745911,0.0026221559063936794
104,0.027690516673764563,0.6254558095787358,0.3045976113092857,0.03614035255543589,0.006115709882777901
105,0.014033510991660421,0.5790565876594543,0.38504385643180844,0.011997042957096584,0.009869001959980231
106,0.03444786329457759,0.6597946490774723,0.2935819540626637,0.009600351578868844,0.002575181986417534
107,0.0652404921793748,0.8143296239521338,0.10229028597318848,0.010928835529182501,0.0072107623661203215
108,0.05902344928354618,0.598610736708575,0.30463180039343724,0.029246961683068375,0.008487051931373293
109,0.04805308696015885,0.664290729169827,0.2635050272083601,0.013209604755536541,0.010941551906117434
110,0.01568781683054773,0.5904757221883765,0.37929423161297693,0.008487765115660153,0.006054464252438831
111,0.04115022194711407,0.5750149491369705,0.2636694353335449,0.09578014084186154,0.024385252740508987
112,0.026401318798547995,0.5840886769592448,0.36810122189749944,0.018118507813258546,0.003290274531449107
113,0.053084357510410386,0.5649873934568287,0.32506447725488974,0.04636325772755496,0.010500514050316335
114,0.02128902265769861,0.4856430204080886,0.4720902887701622,0.016524845088256867,0.004452823075793584
115,0.07918005979848637,0.5709159489876671,0.3135455142540579,0.03277077628729854,0.0035877006724900407
116,0.024286255115172156,0.5377648471102286,0.4253362894465334,0.007659417865755789,0.004953190462310102
117,0.010172518783919013,0.5075159188856794,0.474011989077247,0.006081628068470275,0.002217945184684321
118,0.011969529972421377,0.5146592124261484,0.418380792819008,0.041195052023921666,0.013795412758500608
119,0.015413017301082417,0.45658735204080403,0.5054722712776332,0.014463122102976437,0.008064237277503883
120,0.009854530698872902,0.3563923466624962,0.6158095950045976,0.0058832420997087685,0.01206028553432436
121,0.10885747746488086,0.3623006542161444,0.3632583507518811,0.01270461973585496,0.15287889783123873
122,0.20140784217726804,0.6916276161153224,0.045145752214388137,0.009976614404638599,0.05184217508838275
123,0.055144771596252695,0.09228340426867332,0.0255954749216445,0.0024343623461851745,0.8245419868672442
124,0.311019903235757,0.40257101897875,0.12620713946117756,0.0016529315259161406,0.15854900679839928
125,0.3338980535290605,0.3413436042442048,0.18291943676631678,0.003949672168308458,0.13788923329210945
126,0.17386005428719611,0.4133826336878301,0.05027649431070857,0.0022256761389198936,0.3602551415753453
127,0.4081363961822105,0.31421020949546696,0.08535718708628631,0.0042982109113024166,0.1879979963247339
128,0.13453509780390244,0.6855191089868471,0.07204740985032423,0.006276961390997053,0.10162142196792905
129,0.12898479444783906,0.6666375800945992,0.0400236353029824,0.005506131183149222,0.15884785897143025
130,0.22944191996096894,0.4061862265639184,0.018151596305167886,0.013516596332378332,0.33270366083756653
131,0.2889953854317424,0.6492333002405596,0.015453606838998773,0.004716572278653165,0.04160113521004598
132,0.29216968179149166,0.6061880163508861,0.08155003018092928,0.0051523800402085655,0.014939891636484268
133,0.35271114604263615,0.5813312716936047,0.04570463340776271,0.005234856079277773,0.015018092776718723
134,0.19318129696385444,0.7671147333301646,0.02760469816959539,0.0054751688906048545,0.006624102645780862
135,0.0716594060238162,0.8831184215299429,0.03886450383406524,0.0026197705194855544,0.0037378980926901077
136,0.20955566734160022,0.7254984018278862,0.04336409289385728,0.009363287462953297,0.012218550473703084
137,0.10659499875993352,0.8503920879806395,0.02818075655074624,0.010872252623913661,0.0039599040847671674
138,0.13828713812463592,0.7702741939749901,0.03293943600297627,0.04965206388505106,0.008847168012346553
139,0.13195817760644918,0.7596559780593217,0.05393488310833647,0.048657053738621704,0.005793907487270996
140,0.11703145544230543,0.7954909647336463,0.05643819885587923,0.019459020154221927,0.011580360813947076
141,0.28872336977629476,0.34929650160422454,0.0006452939117620991,0.16036136864334463,0.20097346606437397
142,0.5246265689218076,0.10521175560059678,0.0011904683189490992,0.03270347363712426,0.3362677335215224
143,0.5928072482209954,0.09498541277556123,0.0029991461503899395,0.05369769370348783,0.25551049914956553
144,0.6048977841719271,0.18286230919701404,0.004147807096965195,0.0112149904129192,0.19687710912117445
145,0.7784973615076345,0.15306747677182497,0.005669993754794829,0.01043061440919844,0.05233455355654736
146,0.27371447607664084,0.5654968872833813,0.01660067199760373,0.01926553295683911,0.1249224316855349
147,0.12214170742492074,0.5880691083556816,0.0019107235537306733,0.10624226381085214,0.18163619685481486
148,0.19230445654798425,0.05595060237590444,0.0028293252041077495,0.03182422137230748,0.717091394499696
149,0.39144641446005923,0.08575245628105008,0.0016819279604763761,0.18115566107455264,0.3399635402238616
150,0.1384455430418684,0.221050163851616,0.0009446632269521926,0.36012343116132517,0.2794361987182383
151,0.1463854905482548,0.09337738554470838,0.0044009560096475876,0.041239138490828164,0.714597029406561
152,0.13286501545710722,0.11743322587764289,0.0006093353785811122,0.24990604652342072,0.4991863767632481
153,0.05757451418573701,0.01863659687225696,0.00023011954160497157,0.01759281208596619,0.9059659573144349
154,0.14059293930025846,0.07463700030236468,0.00034750205682143863,0.07826728958740126,0.7061552687531542
155,0.3420447532087184,0.0714298911283721,0.00012163214695856256,0.20162981624479567,0.3847739072711552
156,0.15500154112125542,0.02204433537841926,0.0003585632189992495,0.019105740155423365,0.8034898201259028
157,0.09944248414242157,0.04128056294653607,0.0001672524367305944,0.0452685963243748,0.8138411041499369
158,0.25914910576006,0.022493083356726413,4.177011129787512e-05,0.3774696585962816,0.34084638217563407
159,0.13710086848661704,0.013938763195963022,4.6968233381132685e-05,0.16034247671169477,0.688570923372344
160,0.06899181784735602,0.006179116168709907,3.525416441759339e-05,0.023143580441241568,0.901650231378275
161,0.020481912977951114,0.0034028221251244614,7.776321643567357e-06,0.010679644585007506,0.9654278439902733
162,0.36915521522591516,0.005984943919681986,0.00013270512790976855,0.012722707081654495,0.6120044286448386
163,0.18448482787490553,0.03343007941796223,0.00015585031820923839,0.13594061316570538,0.6459886292232176
164,0.09325666761668727,0.02055041110532927,0.000248967290233248,0.01472063123481951,0.8712233227529308
165,0.2953845201111815,0.33046200935577613,0.0035483139045915492,0.024946889330946243,0.3456582672975047
166,0.024279274555669958,0.015913401921734193,0.0002119902477914142,0.009441372202236613,0.9501539610725679
167,0.11682667765049913,0.43531871119506466,0.011354722797741378,0.013047143025703607,0.4234527453309913
168,0.08513984732157798,0.28020216141100446,0.010220044258119999,0.004510464484927376,0.6199274825243701
169,0.0862049134900779,0.2128517392060132,0.0040069943538480245,0.0044648686878281905,0.6924714842622327
170,0.22346699822182986,0.3759796098774161,0.01796734681046542,0.004434296920073902,0.3781517481702148
171,0.4654858805118603,0.42979563391934317,0.044968449019642455,0.0013779523407404237,0.05837208420841371
172,0.22773044370751766,0.6066785045856277,0.05554767726861245,0.008175019153168575,0.10186835528507375
173,0.18038145058054958,0.614514156642809,0.014115667575570772,0.0178172694960744,0.1731714557049963
174,0.08764075863916844,0.7144714557883259,0.06445445062115476,0.0049057964035208205,0.12852753854783008
175,0.11386776507857141,0.71530326384467,0.026879689267119988,0.010651156829875852,0.13329812497976282
176,0.008759821214175933,0.011805291417072388,0.0007899979116753427,0.0010404754727744302,0.977604413984302
177,0.12873170118787902,0.05006267755650215,0.0028559800326595827,0.00283146363718131,0.815518177585778
178,0.3178127321860799,0.3743388995379527,0.026351947672037423,0.0032201349457503347,0.27827628565817963
179,0.0016258201728579862,0.0012993806126665446,0.0003614262078834275,0.0001700071066061687,0.9965433658999857
180,0.2850198095558429,0.13381824402714151,0.0051626868885167355,0.004924396165150366,0.5710748633633486
181,0.21500012958995227,0.3532562705567583,0.010664455419467058,0.005174634905452129,0.41590450952837027
182,0.4226631075794242,0.44366196100942973,0.05675974625182896,0.0026182817201079486,0.07429690343920917
183,0.2608834070101261,0.5416278522152065,0.056236199236585266,0.01660208686729473,0.12465045467078754
184,0.108373277911007,0.7714912379576451,0.06700628465230926,0.006686662676231896,0.046442536802806876
185,0.09250211862507497,0.7561280733554546,0.1106513454070117,0.010023008550561324,0.030695454061897425
186,0.048212884643632006,0.7568281406446201,0.17144092593746407,0.0008881542866721194,0.022629894487611695
187,0.06520522368705277,0.4625356253288572,0.0370248170219495,0.007110282006104285,0.4281240519560363
188,0.17732044112529363,0.5551187913697505,0.04193245905254591,0.004937211562662667,0.22069109688974733
189,0.2975599077844491,0.5616571562757233,0.028157709721382998,0.007428326680693425,0.10519689953775127
190,0.14292666490595524,0.7335307271296314,0.045742474249193005,0.0028655578166270857,0.07493457589859337
191,0.07315790067845636,0.8463726483643854,0.06511071175278375,0.0015140486648641447,0.013844690539510188
192,0.12489749487112002,0.8194212765758647,0.021624426477284513,0.020742532549802614,0.013314269525928216
193,0.05166835606164158,0.8653840655935442,0.02127132899237702,0.00972787285546619,0.05194837649697103
194,0.06518637728576045,0.8398939447662496,0.02573678302075961,0.006597678196959101,0.06258521673027112
195,0.23574955118635288,0.723075298828164,0.010274575168387094,0.007703719615610381,0.023196855201485615
196,0.18019284228422774,0.7829361609415381,0.02370873541385743,0.0037117553389724657,0.009450506021404372
197,0.06439859200190232,0.91472928908245,0.012641426387539097,0.002943382836915623,0.005287309691193086
198,0.0863034197503283,0.8827550458395498,0.015123977982510028,0.01039803827586923,0.005419518151742414
199,0.18733651205922064,0.777786205096537,0.018738535615438638,0.0051015407125702475,0.011037206516233675
200,0.14671560399501332,0.3443658882687003,0.021663163715740064,0.007261494195363362,0.4799938498251829
201,0.18396581365746106,0.7850958637317266,0.02351180042416218,0.0016582118694755022,0.005768310317174712
202,0.27036481876021506,0.6756490757351581,0.03984056885861432,0.0019047096064581963,0.012240827039554317
203,0.07146539614144587,0.8527245949536628,0.06580278853029005,0.0009352818059569525,0.009071938568644227
204,0.028209723334537574,0.910886727996215,0.05497718423195538,0.003766542222681445,0.00215982221461066
205,0.15556002215910927,0.7552277833008209,0.07154477720659363,0.004335691885717454,0.013331725447758635
206,0.1434410616205746,0.7707717265646513,0.0701525428291212,0.004397064244799738,0.0112376047408531
207,0.0197409232264844,0.924664569020041,0.04532331357063526,0.004204524238614831,0.006066669944224681
208,0.03437762509904772,0.5419748302582476,0.04124022942741722,0.00472691369171516,0.3776804015235723
209,0.14463275068110182,0.606291455152166,0.02333882849172577,0.02198893254567788,0.2037480331293285
210,0.16003155354735035,0.4721254839640351,0.0436282411849141,0.024465394632638315,0.2997493266710623
211,0.12858290168680456,0.6802601842848336,0.08527047466742065,0.00484508034010212,0.10104135902083897
212,0.01927340660093065,0.026073306945694538,0.001479803759498886,0.0020867965898058115,0.9510866861040702
213,0.3668690599615038,0.4756611659263331,0.025663144481951474,0.010860027100271834,0.12094660252993977
214,0.1869628237326146,0.7039978908351135,0.09197525490943478,0.0026061226573030746,0.014457907865534055
215,0.09169733347190223,0.8312253708724365,0.06276021801615211,0.003163188943209165,0.011153888696299944
216,0.08819962920061329,0.8158170838019978,0.031162070487768388,0.054051226007375275,0.0107699905022453
217,0.04005867441610533,0.8567495679043057,0.0776512805181925,0.018004536869678112,0.007535940291718609
218,0.021992995818370664,0.8868467721179017,0.06575358929266112,0.020364589427873468,0.005042053343192993
219,0.01769112226316705,0.874604392463609,0.07887051273871644,0.026693928782812678,0.002140043751694805
220,0.12081709680721305,0.7482058000458272,0.08155159059245988,0.044954891931082507,0.004470620623417502
221,0.04418451011058872,0.8092831338604255,0.1213591082105697,0.023499163079986,0.001674084738430085
222,0.030690549098369876,0.8510850467742904,0.10416450403381412,0.01174792060692117,0.0023119794866044126
223,0.024858375201275672,0.8419935544723864,0.11217981499219958,0.018282200633911186,0.0026860547002271877
224,0.019320078027869586,0.7891445402712405,0.16729553986735624,0.02110319513913904,0.003136646694394562
225,0.012982097712814536,0.6584614628529187,0.3118230046641075,0.01115648655183265,0.005576948218326486
226,0.0115464783665392,0.6477685480692484,0.3329595976270192,0.0063544217192324495,0.0013709542179606374
227,0.011305563275858795,0.5346013331489856,0.41920156035316325,0.03208568380312949,0.0028058594188628398
228,0.009176242761108615,0.45255436019880707,0.511331125013421,0.024925838728567188,0.0020124332980960328
229,0.008118894284013922,0.32001661709148016,0.652160426706713,0.018509144430627938,0.0011949174871648443
230,0.010854428099083158,0.3592777803556807,0.5904386257122287,0.03503549143660122,0.004393674396406092
231,0.006462131701823093,0.3500571168824853,0.5970432014550825,0.04117128029281546,0.005266269667793798
232,0.007326471279634852,0.2757831005748501,0.7024741277134467,0.010056203021264762,0.004360097410803558
233,0.005363224512474952,0.2710218565592042,0.7070535956148701,0.01242153257117038,0.004139790742280485
234,0.003342295972269469,0.19448457560002477,0.7965930617330664,0.004148338408224949,0.001431728286414205
235,0.0029166698483031155,0.23551537310072188,0.7520991644208628,0.00751957678380022,0.0019492158463120118
236,0.004003987068954415,0.21797746486222205,0.7564954618979916,0.016664559521620152,0.004858526649211781
237,0.004586979453173319,0.27751883645408126,0.7085083414488113,0.006789808115360578,0.002596034528573667
238,0.0029059173600662147,0.19244139041781905,0.7877654325226827,0.01193142082095116,0.004955838878480864
239,0.0024200108541775076,0.1815001542949436,0.8101867270274249,0.004398153102872343,0.0014949547205815499
240,0.001728860357871736,0.14471518146166085,0.8479644622748695,0.004250525038325438,0.0013409708672724176
241,0.006373395383138238,0.28920236668363375,0.6836747806622383,0.015323547184651056,0.005425910086338617
242,0.004686180772731142,0.15342434529201496,0.8277362141956942,0.010601224246654007,0.0035520354929055764
243,0.0018293325449929808,0.11233113264655668,0.8808078251920504,0.002744607088466402,0.002287102527933471
244,0.0006868924770575992,0.07337297591363172,0.9227332923004015,0.0021322472844298697,0.0010745920244793516
245,0.0009040559019750517,0.04608950998913452,0.9478294041675331,0.003556084991533367,0.0016209449498239398
246,0.0007197426948368147,0.05066445684435353,0.946142032052003,0.0014562183671588238,0.0010175500416479079
247,0.001120552211102437,0.09279963033850229,0.8981249287191143,0.005728516300873654,0.0022263724304071903
248,0.0019244008091893895,0.13765764762449778,0.8452614800807736,0.01052824723039925,0.004628224255139996
249,0.002051728903430242,0.09531960873828169,0.888731619804198,0.011099808810073842,0.002797233744016086
250,0.002458636752567505,0.0801938281867676,0.8991490031082884,0.012739522408193944,0.00545900954418264
251,0.004640409052639028,0.11017687924710763,0.8448750971929007,0.028988759039739884,0.011318855467612889
252,0.056559297991926855,0.4553965224772935,0.34166423927678274,0.07748384227903128,0.06889609797496556
253,0.13918772516409153,0.1387550050501676,0.0009910626328307342,0.26087124929160144,0.4601949578613087
254,0.09623653640959821,0.01545636019883682,0.0004984604777751637,0.152785973400742,0.7350226695130477
255,0.5560817310348084,0.064303330019831,0.002174960462067693,0.10196440114025286,0.27547557734304007
256,0.22137366894479418,0.027229979757234707,0.00016405918704890345,0.1316674944871644,0.6195647976237579
257,0.05563376911394495,0.024108706379917688,0.000629917020723046,0.09773624103909107,0.8218913664463232
258,0.1089508229619049,0.0334981503288822,0.00034344411132072004,0.6368675277162267,0.22034005488166555
259,0.09089918476216471,0.023657625018115937,0.00016530829887479785,0.8215366462011336,0.06374123571971088
260,0.12142189701984506,0.03984032136703267,0.00015409241617856328,0.7643902580547608,0.07419343114218285
261,0.19191808107698996,0.11664658249553088,0.00019754555457454179,0.5921251337736906,0.0991126570992141
262,0.30360253800520237,0.13767423020956743,0.0005980243373284348,0.43679936832892274,0.12132583911897918
263,0.15627648692477905,0.25183364884547876,0.00010034167953669506,0.5142476931828354,0.07754182936737004
264,0.3684163363938872,0.15168358911160407,6.767666435709356e-05,0.41228313215381873,0.06754926567633279
265,0.43833731307871787,0.2385744431139623,0.00013436163796567028,0.2629422583421799,0.06001162382717441
266,0.3323687696510892,0.17662161247373456,0.00017451110845591674,0.447093978743125,0.04374112802359527
267,0.5052997302386816,0.15645876668684147,0.0007639230164515842,0.19845972863791445,0.13901785142011105
268,0.34910275693136555,0.1061894168752546,0.00015104882872330502,0.15774972032329204,0.38680705704136453
269,0.27597203661401143,0.12040489964387865,0.00022401499068014485,0.4480466944482697,0.15535235430316005
270,0.23390185213172796,0.10957137255381655,0.0001396518612335029,0.27392932030551953,0.3824578031477025
271,0.2382191782045199,0.11928924680299628,0.00011824622146714027,0.3340572849817122,0.3083160437893045
272,0.1614687728081978,0.04896113342307523,0.00026515688950258493,0.13468283700054767,0.6546220998786766
273,0.17990857003160562,0.053592079918840324,0.0001606053572723477,0.2230093773369903,0.5433293673552914
274,0.33444169569305665,0.02191920641221616,0.0010719879202319088,0.09185693134817459,0.5507101786263208
275,0.3051953817777759,0.12476709718622228,0.00045912708365023673,0.3155980719885537,0.2539803219637979
276,0.23607788907201838,0.0599391345413055,0.00014216371326875523,0.3317065696504488,0.3721342430229585
277,0.20313602901305353,0.09112244787118642,0.0009134498738122939,0.3471425506011628,0.35768552264078496
278,0.3047496794630022,0.29787232241894424,0.00016735463356657446,0.2843715440103423,0.1128390994741448
279,0.37777219999641876,0.29204810847938156,0.0002137393979965961,0.26249657520397923,0.06746937692222395
280,0.43740518473807494,0.21531018708118918,0.00014804620550650413,0.30216392205137105,0.044972659923858196
281,0.405553697781254,0.38126891956572395,0.00029918855787980136,0.1688219974645485,0.04405619663059372
282,0.4855551850350162,0.18618557805796512,0.00033254626807721356,0.27084669245936466,0.05707999817957686
283,0.2695917271202413,0.43606348697013925,0.0005627418165120941,0.2712938619591251,0.022488182133982362
284,0.3322374761431996,0.3006932946919224,0.00026685806217465185,0.3440735921624498,0.022728778940253477
285,0.47970083073589576,0.1387537456772935,0.0006316609951714193,0.3456067618923393,0.035307000699300116
286,0.2592180790524198,0.11415240471161195,0.00029883584803757306,0.5980050259196389,0.028325654468291862
287,0.56344742511341,0.13005740226367166,0.00031821070346613173,0.04213913942833863,0.26403782249111346
288,0.4758550088568017,0.3236411014513448,4.607654900437563e-05,0.14425452538252312,0.05620328776032605
289,0.513435001397893,0.30712299800162973,0.00014713904211340612,0.10804244589233458,0.07125241566602931
290,0.412024506485998,0.20924884722429085,0.00030463634719633484,0.1446790156253888,0.23374299431712592
291,0.45206361407763107,0.10601658278063839,0.00029070572625869217,0.32102516716328716,0.12060393025218448
292,0.38603680996991036,0.13824391367175495,0.00010190644855872143,0.3748421025989002,0.10077526731087567
293,0.4622430343278399,0.09653377519664223,7.193745380521315e-05,0.15992939582486762,0.281221857196845
294,0.1514618392175449,0.0595408699734891,0.006049771298985264,0.1117553049484531,0.6711922145615276
295,0.17543933404283044,0.044089295922234116,0.005244546082443148,0.07880979552851503,0.6964170284239773
296,0.319247453133218,0.03667254478504278,0.0007312019001381233,0.2857754983659401,0.357573301815661
297,0.36028923468391166,0.0527578217186648,0.0012790341229496148,0.46554262864231244,0.1201312808321615
298,0.14997741779859414,0.025992614310244293,0.00016172623723712342,0.3855240546596569,0.4383441869942675
299,0.1408577215031574,0.038982053684981074,4.213745639895938e-05,0.5792633293768847,0.24085475797857783
300,0.1333049603459443,0.03665189981215498,8.823544295028916e-05,0.28114740902128543,0.5488074953776649
301,0.22800163095705633,0.033316327700093344,0.00012497877393204484,0.4665428017017374,0.2720142608671809
302,0.14085828748721604,0.048798137086072176,4.661006770931376e-05,0.6934485212389422,0.1168484441200603
303,0.1347355097645605,0.015522333170244451,1.9846392954112066e-05,0.6163348757609124,0.23338743491132852
304,0.09496550873200399,0.012906526573796916,0.0004793951357143732,0.3831320811895323,0.5085164883689525
305,0.0630840558808065,0.011981471029369178,0.00041373179697884644,0.0730620540719619,0.8514586872208836
306,0.08128371379033508,0.0030589418105724485,0.001082153872057689,0.0353667836331882,0.8792084068938465
307,0.23329299345595497,0.0991882008302721,0.0036572040353868717,0.13654586764159538,0.5273157340367907
308,0.3159550716305138,0.030809045320617824,0.001165282913111885,0.2971055898243772,0.3549650103113794
309,0.39685887968173095,0.014825035521917971,0.0004814307088685711,0.5273498523502714,0.06048480173721116
310,0.21572920309266955,0.02818755080644774,0.001064328758724247,0.46606437792702227,0.28895453941513627
311,0.5927991895183644,0.03566577057990473,0.008990429529307436,0.230025749431566,0.13251886094085744
312,0.34984448877686425,0.04678174975794763,0.00383925844636037,0.5104035868074243,0.0891309162114034
313,0.47717675902570156,0.11005766568712905,0.005026865165534404,0.22919198803300248,0.17854672208863243
314,0.2899709284913107,0.2793779347185139,0.029451344227803253,0.08707604726099928,0.31412374530137294
315,0.288401838713025,0.3288755344081174,0.03263505575687007,0.16198225003616554,0.18810532108582195
316,0.09547932713116447,0.21735664815292569,0.036174539325239674,0.01061061401993348,0.6403788713707367
317,0.11802607561977244,0.5068797101946196,0.1373562851011604,0.021606582640901453,0.21613134644354598
318,0.1953809907118487,0.1942738048419316,0.1851367809682689,0.014547861079651472,0.4106605623982994
319,0.13517466509139922,0.04878174145409403,0.016880402975770124,0.007354773327418537,0.7918084171513181
320,0.5479641956108473,0.22820285710638477,0.016554986725172888,0.016225994674606167,0.19105196588298887
321,0.23480562150761117,0.6039653746990464,0.07972911660669314,0.0050727713000272194,0.07642711588662193
322,0.2950442892820219,0.491198431191674,0.1706302347149854,0.011151608729530964,0.03197543608178788
323,0.10695253523915182,0.8250596450622993,0.04689691258591088,0.011899077998406893,0.009191829114231161
324,0.07930079984986425,0.8184040547097234,0.07593333300602177,0.018530135367183065,0.007831677067207263
325,0.07362617581803442,0.8105950440210962,0.07668878836391287,0.025220165554339737,0.013869826242616949
326,0.052516091455995756,0.8516883996225747,0.07901000982390254,0.007003911704651008,0.009781587392876078
327,0.02870457479540097,0.7527025332607082,0.20892256972808904,0.00517384150227722,0.004496480713524429
328,0.018544280144262043,0.8865919738200105,0.08658788332901526,0.0018920206249708118,0.006383842081741511
329,0.04300813614570069,0.8739265870073305,0.07321571188049664,0.0035751851148975397,0.006274379851574732
330,0.06745729952281414,0.8709056832954943,0.05272598222585196,0.0038394319989953937,0.005071602956844213
331,0.03615750038615029,0.6023128909610724,0.3509223006696024,0.005796688232838792,0.004810619750336101
332,0.01820976963603242,0.5565502134961596,0.41845236648056594,0.001772236379146734,0.005015414008095327
333,0.04076000788741374,0.7588132089497169,0.18401144418146825,0.009595256976631049,0.006820082004769888
334,0.028758620394542404,0.7481912423726198,0.21396733949836694,0.0057396209602381815,0.0033431767742327814
335,0.02360164789186502,0.7795571576326414,0.17664365659357184,0.013969016639350044,0.00622852124257165
336,0.01293794413850505,0.7996679125630732,0.18092759791162785,0.003606807323220107,0.002859738063573699
337,0.02301062145175558,0.8087694686914475,0.15831689616894287,0.007833478171138268,0.002069535516715751
338,0.01666625190128969,0.890683087353626,0.0831955104516533,0.00684481396360448,0.002610336329826647
339,0.02682544726327766,0.825336412804431,0.13775420202051028,0.008228014791700367,0.0018559231200806997
340,0.015629110628750997,0.8559010515416294,0.11896220786474435,0.00678520933876343,0.0027224206261116457
341,0.026125759626814623,0.848711897512551,0.09190090379162073,0.029078604187583883,0.0041828348814297875
342,0.028676130378994743,0.8255553323456911,0.12223850569350711,0.020673255512517835,0.0028567760692893972
343,0.007721702863551077,0.8608715011295597,0.12233614188586663,0.007036740085012229,0.0020339140360103405
344,0.02469580973696058,0.7576272278908811,0.1557581386556742,0.060051454972610635,0.001867368743873424
345,0.020152501309101706,0.7982174118346634,0.16087809286641544,0.018730317644424507,0.002021676345395013
346,0.12318731229830626,0.4835112882739985,0.14829000699421738,0.16727678991792147,0.07773460251555644
347,0.1417918756807894,0.7138098040887566,0.052785499474901056,0.08701130598094385,0.00460151477460916
348,0.15631198995550769,0.7302357498845427,0.034435281293406096,0.07540928958984142,0.0036076892767023484
349,0.24143781285734886,0.6352891553644358,0.05181108519783134,0.06526195639507315,0.006199990185310971
350,0.1206719037924815,0.6972374284754101,0.08793354535046101,0.09296106286620011,0.0011960595154472942
351,0.027891317350223262,0.641397595563498,0.2557390395492977,0.07355639005316683,0.0014156574838141223
352,0.019675035589370372,0.5786650266502033,0.34366294447763845,0.05711807616209399,0.000878917120693869
353,0.014913997990269564,0.6003823346078568,0.36682408556289564,0.016822544276839758,0.0010570375621380653
354,0.006566767027424416,0.4383559700214256,0.5394978684629799,0.014324882259531366,0.0012545122286387797
355,0.005098697638917537,0.40622785472533546,0.5664604558227152,0.020002006769541617,0.002210985043490125
356,0.0069907297647850645,0.3528445613772279,0.5993455132884257,0.03893605587988176,0.0018831396896796487
357,0.005115438220813007,0.38962520072216383,0.5761187308339284,0.026561657489528913,0.0025789727335657556
358,0.003430162060445572,0.2822549798132579,0.6956227311535489,0.016421451633087822,0.0022706753396598196
359,0.0035933199547311585,0.33153338360528767,0.6377068074117577,0.022704239749886886,0.004462249278336603
360,0.0013491553467841,0.18122288503748135,0.8044543774943159,0.011386092116811084,0.001587490004607596
361,0.002834214370517699,0.2575201606985419,0.7112082812731357,0.025208149412598153,0.00322919424520654
362,0.018579978787515605,0.6437720502724269,0.16079402386684846,0.04555579165958616,0.13129815541362275
363,0.14323641874739096,0.5843174826679086,0.1412793529305277,0.1016080219719982,0.029558723682174597
364,0.15279301702303014,0.6086754619362755,0.19942579318720532,0.02865917372426221,0.01044655412922682
365,0.28757648986695244,0.4648557719835073,0.2195144499461251,0.019835996357373986,0.008217291846041223
366,0.09512729157471336,0.661696178654045,0.15532913097380446,0.08383557065023642,0.004011828147200857
367,0.12190895111080827,0.5930905324148986,0.07427295326886835,0.20728759259699975,0.0034399706084251506
368,0.04772945168036341,0.6604973662055695,0.1463223527487935,0.14259433085893541,0.0028564985063382646
369,0.04046779253972509,0.49430129566643405,0.1409279300056756,0.31878762712316955,0.005515354664995487
370,0.07233273636986441,0.45661600637764527,0.20762294627473452,0.2553812093588974,0.008047101618858505
371,0.04699611373022291,0.6253637193693002,0.1760837274724853,0.147296693431612,0.004259745996379415
372,0.01148680855678749,0.3957721880174535,0.2833368779910044,0.30010786109917537,0.009296264335579448
373,0.015292977989514688,0.443035475007315,0.4227402553016845,0.1136277565158129,0.005303535185672918
374,0.01540864784032153,0.3625943325377963,0.512379584982683,0.10540917032073685,0.004208264318462339
375,0.0081329674170114,0.3141675942058033,0.3571906448135067,0.3139934833676193,0.006515310196059388
376,0.006379242616416072,0.2718429052847379,0.5462803633313247,0.17143296133718497,0.00406452743033647
377,0.004044239429226234,0.19068568451232784,0.7499738815305428,0.053258211590285376,0.0020379829376177467
378,0.006396287804883181,0.2257321476910715,0.7431968850142812,0.02300910337368836,0.0016655761160759275
379,0.007521258255500539,0.40004868130331295,0.5345415383013868,0.05327117894390517,0.004617343195894551
380,0.00571231684670418,0.44311318743641515,0.48476899032533216,0.06067120434061485,0.00573430105093373
