epoch,N1,N2,N3,R,W
0,0.12663819036205576,0.022151156402692686,3.205511604095982e-05,0.0038739576674404435,0.8473046404517701
1,0.26477648293960343,0.0673661636685738,0.0001571429030944752,0.0042977697860772405,0.663402440702651
2,0.13819868654318837,0.19017662725073803,0.001477464980675882,0.0015502789234981829,0.6685969423018996
3,0.4412019576120986,0.2651235344540618,0.00023853317465321211,0.0033016990267058424,0.2901342757324806
4,0.3484978851376475,0.367246029621211,0.0013579905106111494,0.001837595960437734,0.2810604987700927
5,0.20592797538440857,0.4362074919768854,0.0238935081743088,0.0034712923499842156,0.330499732114413
6,0.2760794166911577,0.4122278131682495,0.004315228634187405,0.00616353908551246,0.3012140024208929
7,0.19481475622469085,0.6589723028872084,0.026055443559262228,0.005067512732628311,0.11508998459621006
8,0.07652067483809365,0.8468105520275195,0.003218105230614738,0.002018660834279821,0.07143200706949226
9,0.10333511324667789,0.6387420484341246,0.02075492241492132,0.0032177470375655062,0.2339501688667106
10,0.1945000167122763,0.40204394334661964,0.00770516377179114,0.010205461568859348,0.38554541460045355
11,0.29418363187027724,0.29159206488728007,0.001053650498462072,0.012377600580522317,0.40079305216345834
12,0.07376939855758025,0.3445638811802069,0.023826707465357456,0.0034233807641053907,0.5544166320327499
13,0.011051273174655455,0.012630174666246967,0.0006296824497598757,0.00032386542732178544,0.9753650042820158
14,0.027697288945342388,0.011303962508412329,2.622201784642349e-05,0.0031549092320678606,0.957817617296331
15,0.012012409825975227,0.012157070126995191,2.3159890314449304e-05,0.001005831033638726,0.9748015291230764
16,0.01019826045024168,0.005275842333292291,0.0007140582377426081,0.0012632936666561278,0.9825485453120673
17,0.026712087319266376,0.002092546219915626,8.382218545787318e-06,0.0005633725299367577,0.9706236117123355
18,0.004226863820856355,0.001604788892175295,0.0003847215667015926,0.000844014793346377,0.9929396109269204
19,0.002666958126068378,0.0004975255097187793,2.5201975545710682e-05,0.00033059040705920234,0.996479723981608
20,0.017932504187469802,0.007871658234140742,0.0004975813771183118,0.0019748878827022215,0.9717233683185689
21,0.014518577208178984,0.0016087984763811282,1.2592163250695074e-05,0.00026700195811759443,0.9835930301940716
22,0.04616352832367369,0.0014865842480316646,7.372396375274128e-06,0.00018975740182999198,0.9521527576300894
23,0.0584489680357381,0.005898394330450333,1.3668747762292627e-05,0.0002583939813175895,0.9353805749047317
24,0.49747517076994924,0.007274965538330642,4.23641084157361e-05,0.00031019763482475804,0.49489730194847953
25,0.6887028857907618,0.0310184020158518,9.338370618537402e-05,0.000467042518658225,0.27971828596854276
26,0.6255633242323719,0.2167440652833197,0.0008442025276655607,0.0018887743948220541,0.1549596335618207
27,0.40150807768810315,0.3635683996304524,0.0011806729221107654,0.00693372776463382,0.22680912199469988
28,0.2349288610157245,0.6235528604634836,0.009795547621376903,0.004701154423782809,0.12702157647563228
29,0.17355007947936038,0.6945176021856259,0.02203978139786087,0.0034904913494734863,0.10640204558767938
30,0.14320183759248917,0.7616418023227797,0.01677150619773664,0.0034812595436450404,0.07490359434334952
31,0.09268690967328502,0.798563010853315,0.02518955763886981,0.001164370757359817,0.08239615107717033
32,0.08575258144708597,0.8182387691742762,0.016225256039552848,0.0014688142875466641,0.07831457905153832
33,0.09005466756860028,0.5942463703778518,0.053480223559954625,0.002405161695761335,0.25981357679783185
34,0.02569407910157777,0.008267953393015639,0.0014147820635047896,0.001165220778856183,0.9634579646630456
35,0.09623720588097495,0.05498169628507387,0.00042213979822382306,0.006627946311262058,0.8417310117244653
36,0.09967593124324095,0.08275498088891244,0.0007039850568049866,0.0034955170871258617,0.8133695857239157
37,0.006250391714132539,0.003974159378334278,0.0005352256956081037,0.00011064257686194241,0.9891295806350631
38,4.2290169873373096e-05,1.4829000579318657e-05,6.583537807875438e-06,6.921002456262946e-06,0.999929376289283
39,0.0020581001608384296,0.000445041604096776,2.5025177343268443e-05,5.417937777646482e-05,0.9974176536799451
40,0.0024824362507975587,0.000449053522902855,6.639582067966685e-06,0.00016700363979150766,0.9968948670044402
41,0.034037755270430445,0.0015681225678612464,6.24506216899546e-06,0.0002675990375131786,0.964120278062026
42,0.00206021505618962,0.000252271335042501,2.2978527224344056e-05,2.2592017762028688e-05,0.9976419430637815
43,0.0077868664059894096,0.00027565627267429286,0.0001579412439873372,2.1715226831496113e-05,0.9917578208505176
44,0.0061907482312061925,0.00024190325151086158,1.0196363382314673e-05,3.09288167999041e-05,0.9935262233371007
45,0.05099786180255798,0.0014623228736930995,8.0057238392326e-06,0.00019201430226124745,0.9473397952976484
46,0.28170157860467554,0.0033513652173958208,1.523042980911311e-05,0.0004637558546768906,0.7144680698934426
47,0.002637382424428839,0.0006836838313894812,0.003656079992698677,6.523913527537145e-05,0.9929576146162077
48,0.006075136623589064,0.00018153051712002202,2.7401283191722572e-05,4.745869827580622e-05,0.9936684728778233
49,0.542558244821785,0.008906617194737239,0.0007137896103692269,0.0002569354268212258,0.44756441294628735
50,0.3089524420579594,0.03718198892040217,0.0013016084843631543,0.0011633019757912985,0.651400658561484
51,0.4562842572528226,0.09720216728237158,0.0011860523381402484,0.0020462865746005165,0.443281236552065
52,0.24564798552079278,0.3264839007847723,0.011209882768380157,0.00477465270021568,0.411883578225839
53,0.2255722629679649,0.5270055933350386,0.01717528556784209,0.005756854804768126,0.22449000332438634
54,0.013574010974716087,0.00599994609607464,0.0005414339093156685,0.000824411560668482,0.9790601974592251
55,0.11538373493860499,0.019262471012486976,0.0011967791174170078,0.0014859618569069012,0.8626710530745841
56,0.3925479654768571,0.050097191588141785,0.004161264912252651,0.0012648021394627144,0.5519287758832858
57,0.041887121260637226,0.0048151072950408215,0.0036795379110789684,0.0006536460968253192,0.9489645874364177
58,0.7909906509578373,0.05961407932680979,0.012319784204679798,0.001029528380369772,0.13604595713030335
59,0.23970090685183285,0.1671076722354676,0.2897476721323588,0.00118765035105734,0.30225609842928336
60,0.19774746562927648,0.03072556715564016,0.0050972341248519785,0.00037136180566541276,0.7660583712845659
61,0.1269192220560697,0.6558911213384283,0.07482564587275053,0.0010066751898341188,0.14135733554291743
62,0.08884057949893852,0.04488740183293544,0.027480367871434,0.0006677080796311857,0.8381239427170608
63,0.159191003139675,0.3384343508967715,0.06731838544768864,0.0008886741735184122,0.4341675863423464
64,0.09444035387494867,0.4491392107004411,0.19861704256060123,0.0010144086140333399,0.25678898424997565
65,0.09759246497111772,0.6617507453293463,0.044290309210035635,0.0013840770981818293,0.19498240339131848
66,0.014453616276406433,0.7684215138589793,0.18057107041954612,0.0006162198868879513,0.035937579558180104
67,0.028652807568865207,0.5716384065794862,0.11809539964933223,0.0018258404263270947,0.2797875457759894
68,0.07787997774799975,0.7230254302510613,0.020318384298455387,0.00386335966995406,0.17491284803252968
69,0.08144064297744998,0.12473517224327144,0.0028261619275177477,0.005042980684570173,0.7859550421671908
70,0.020050849611075134,0.013207857884992187,9.070182673533774e-05,0.002453892484522431,0.9641966981926748
71,0.05695175712539525,0.02024173146534271,6.851666683790243e-05,0.003792958014898775,0.9189450367275253
72,0.02228984517902682,0.004425457850407484,0.00011670821783828758,0.00030619246603190404,0.9728617962866954
73,0.4004285567767556,0.050932949835125266,5.2301416612336995e-05,0.0014836837861598872,0.547102508185347
74,0.05166240526124155,0.004321263920451406,3.0218679393970943e-05,0.0009324401480138115,0.9430536719908993
75,0.04894326961144964,0.007550552798952381,2.977920281252661e-05,0.0007457193199077245,0.9427306790668777
76,0.06650400868541921,0.015839248478073262,0.00012076400704329794,0.0010724160159917067,0.9164635628134726
77,0.11542611021382922,0.06572688099302622,0.00026765498183604165,0.0031454448251281224,0.8154339089861804
78,0.36674140161595703,0.3103042530621116,0.0007776283456905135,0.011412430084454148,0.3107642868917867
79,0.384483875202217,0.334145746305761,0.0020608782632462954,0.013549203724522734,0.2657602965042531
80,0.293235261115384,0.5228627282232751,0.0012720633570868045,0.012397563496197549,0.17023238380805664
81,0.2144952608702454,0.5381548616071035,0.002172977754882722,0.005955598745019359,0.23922130102274905
82,0.2819410185240423,0.6826536673933454,0.0038216841835687063,0.003086589796086523,0.028497040102957123
83,0.2309431699161438,0.7374732703409532,0.0039635637744111,0.0032106848968214883,0.024409311071670457
84,0.21336288460786507,0.7006602496206298,0.0423659091028138,0.001362138175713216,0.04224881849297833
85,0.1395039353922733,0.7916118056599021,0.0295689553294798,0.001809294837492875,0.03750600878085172
86,0.09854853637868292,0.8688141306648819,0.02245178887298181,0.0011032599373813979,0.00908228414607191
87,0.014974524776819606,0.7444856782698713,0.23362852110239904,0.00033146088612888696,0.006579814964781189
88,0.032976597822488,0.791963238761561,0.15482794279267956,0.0006657019796214259,0.019566518643649854
89,0.028421212155500992,0.779671223081938,0.18113149834966139,0.00024769012831864153,0.010528376284581023
90,0.006616922118829525,0.533241179060901,0.45610193751802375,9.221646943193069e-05,0.0039477448328138955
91,0.004202775268884138,0.3935742723052555,0.5975667297542353,6.149335626174713e-05,0.004594729315363204
92,0.006100041495784101,0.35154016873248883,0.6386627604894333,8.188212342055569e-05,0.003615147158873159
93,0.006756309470629328,0.34503399733048945,0.6449334619211247,0.00010595139304817746,0.0031702798847084808
94,0.0040466375353705175,0.30977469621975784,0.6836178710743017,0.00016197138627674796,0.0023988237842932315
95,0.0046084984787680945,0.27474893525847355,0.7185949845120003,0.0002119384459582681,0.0018356433047995843
96,0.0026993409245180122,0.132237535139701,0.8624087604015629,0.00011519042443569362,0.0025391731097824596
97,0.0017262060893780255,0.0770569266415232,0.9191489811478681,0.00010973639001479866,0.0019581497312157687
98,0.0044284057509413775,0.15686464840537623,0.8366257331459275,0.00016059101574595,0.0019206216820090041
99,0.006295675002709884,0.18437675777164667,0.8062352496114317,0.00018527572758481883,0.002907041886626948
100,0.006292045610667281,0.13609500097725055,0.8539767649923525,0.00017091442326928563,0.0034652739964601024
101,0.004565177858488925,0.1353191838509106,0.8588723516267045,7.746948381637549e-05,0.0011658171800797428
102,0.008695788267144079,0.1991238098261661,0.7901172599524097,0.00011583415631975811,0.0019473077979601983
103,0.011072427399561349,0.2235327575409361,0.7627347998554926,0.00021016830102124333,0.0024498469029887097
104,0.0029827969212498145,0.12223563718121742,0.8728505858840848,8.933222216868658e-05,0.0018416477912793507
105,0.0029182667268379805,0.08923344583665546,0.9052139682231095,0.00026053270715752346,0.0023737865062394012
106,0.005725727950193234,0.2991720212248875,0.6900666847033713,0.0018915393941579541,0.003144026727390027
107,0.003969681718243773,0.07949143436426616,0.9101123987417862,0.001707651606748113,0.004718833568955715
108,0.005922657944619285,0.136233980344965,0.8498179152963118,0.0013796996480019818,0.0066457467661019155
109,0.026179818410080716,0.2407871976962816,0.6975949559989981,0.003703640878531258,0.03173438701610816
110,0.19862276935946974,0.6202214377569392,0.02472706228699442,0.06801219350023378,0.08841653709636288
111,0.21209587759005902,0.19767319883040033,0.0007587458778059458,0.1300023396794527,0.45946983802228214
112,0.24582558339886137,0.14081185493157122,0.00011485197423909405,0.4217576892107989,0.1914900204845294
113,0.2005365020576539,0.09925830246947587,5.390080416708504e-05,0.6420760025811025,0.05807529208760058
114,0.262132925892344,0.18396324749434756,0.00138267133322705,0.05869560312395893,0.49382555215612256
115,0.2806452705278687,0.11800086904649947,3.23582999883806e-05,0.13274494011954935,0.4685765620060941
116,0.3611835779585522,0.17898094884835297,0.0002959979157773101,0.37680579281934357,0.08273368245797405
117,0.19137834209053795,0.5043387282652166,0.0005495062965008306,0.14850884979709197,0.1552245735506525
118,0.2414698373581987,0.28102379959701024,0.00037587645611414556,0.20102112620392862,0.2761093603847483
119,0.19060838284524753,0.25110089318879153,0.00010966107810977888,0.4671235269620243,0.09105753592582688
120,0.1740516291972446,0.3506241959985448,0.00011863395141046269,0.38865694110630744,0.08654859974649284
121,0.35000958370519386,0.32339689466996907,0.00040541037721590606,0.21833328288494008,0.10785482836268105
122,0.1516982284919664,0.0823494739802121,5.039085523381142e-05,0.6988854652242821,0.06701644144830567
123,0.14985102455361043,0.10300318808666593,4.9215568638476233e-05,0.5843983077024587,0.1626982640886263
124,0.2152592172134031,0.12009099771742103,0.00011481510944811168,0.5800336343831385,0.08450133557658929
125,0.22512505827318963,0.16744083406308646,5.090804736752834e-05,0.5267152275791208,0.0806679720372355
126,0.19844498082462908,0.16897921468292837,7.10604405503437e-05,0.5221792334378268,0.11032551061406531
127,0.2853877945016702,0.25691971781931594,0.00013574416773812925,0.3685221349648616,0.08903460854641414
128,0.22947309750047212,0.16433713639787972,0.00010312056019709555,0.47123663963723644,0.13485000590421453
129,0.14821581474032808,0.16541755032328284,0.0001772538182216412,0.11637107698731304,0.5698183041308543
130,0.25112526514979444,0.21364881114814757,6.548833139222892e-05,0.4819854005470585,0.05317503482360731
131,0.32397158797423314,0.12572097833869644,5.474444080048545e-05,0.360322037966648,0.18993065127962172
132,0.21230370715663952,0.2653143495670449,0.0003665181401839371,0.1543754663320057,0.36763995880412587
133,0.21067424051040437,0.11558070434898779,0.0004207947097412121,0.11531208314361661,0.5580121772872499
134,0.25427370937878263,0.20836824033701196,0.00020814285064417375,0.35792023183061256,0.17922967560294858
135,0.18859323362613994,0.1604749224545516,0.00015696405710412188,0.5961352559848901,0.05463962387731424
136,0.22428386793407998,0.2823748217492906,0.0002578750631220108,0.4151115249174293,0.07797191033607806
137,0.22891734621510856,0.12378248979103637,5.438026302267407e-05,0.5724906938766555,0.07475508985417696
138,0.2068363562721544,0.1427285027800787,8.726939862333858e-05,0.4932383382624781,0.15710953328666558
139,0.21510246366962546,0.2578861977482471,8.512529711479594e-05,0.4784614645913702,0.04846474869364241
140,0.2173898169324249,0.4026784544329817,0.0020594934808908167,0.2923243095592087,0.08554792559449383
141,0.20894614659411193,0.29256047374706473,5.726512169422979e-05,0.4172888444265227,0.08114727011060624
142,0.14439388344596543,0.3770934918609537,0.0009083943801669832,0.38899001518999077,0.08861421512292299
143,0.1390875000436773,0.3571179645417835,0.00010891534762521434,0.3451920153961841,0.15849360467072998
144,0.17075825896541963,0.23476820771938237,9.238172028642406e-05,0.46350343821425505,0.13087771338065649
145,0.13876056192043665,0.15095957757066572,4.015106997541822e-05,0.5871320329714714,0.12310767646745084
146,0.2343821934303387,0.15424573649924078,5.614381457754375e-05,0.5086617425093445,0.1026541837464985
147,0.1933721248781924,0.13612893703515927,8.539288229562905e-05,0.6233470212451541,0.047066523959198706
148,0.08830585831346552,0.0286614322932323,2.105902905135151e-05,0.8581612510703822,0.024850399293868584
149,0.19222366968229548,0.061866697157787094,2.9041474691893952e-05,0.6447919923489142,0.1010885993363114
150,0.11256357495533002,0.09440315853039918,2.730986979129505e-05,0.7497591491967321,0.04324680744774727
151,0.07985877747496078,0.03793552751379785,1.8718781725090692e-05,0.8613553758413699,0.020831600388146396
152,0.19768371672603893,0.10249050482470763,5.014788804646533e-05,0.6745429830502355,0.025232647510971477
153,0.1929503761698309,0.059815116160034196,4.724044567460689e-05,0.6803538551527591,0.06683341207170117
154,0.23372501816540836,0.10543782817989507,0.000143989081442538,0.32548470144418534,0.3352084631290686
155,0.37323382185089576,0.29409817047181896,0.0001333794816540655,0.260646645003141,0.07188798319249035
156,0.4700136970988892,0.24175657650594196,0.001246578266518122,0.2059009847243734,0.08108216340427733
157,0.24813649709424052,0.5292391239711914,0.0007755237481758421,0.1739068261748209,0.04794202901157139
158,0.3511397701688283,0.37883354336223096,0.000131993919798242,0.23200147313893663,0.037893219410205826
159,0.32386340972148636,0.4472591067730899,0.0037106616791159047,0.12246611234172988,0.10270070948457793
160,0.22266373120055905,0.7013380730711266,0.0008342922588637164,0.051731147941455155,0.023432755527995314
161,0.1677130069154926,0.744985855356106,0.03604919867233129,0.016853791455051937,0.03439814760101819
162,0.07106062833496174,0.8890305902140985,0.02652482722786185,0.006926509187287559,0.00645744503579033
163,0.08686282411546448,0.8184945230343366,0.08223066872512859,0.006578017792757761,0.00583396633231269
164,0.044627085808425816,0.8059874917671547,0.11048078085506428,0.005082803952870408,0.03382183761648489
165,0.047973547610999756,0.9047095957834472,0.03159600187340266,0.009643072973370314,0.006077781758780247
166,0.03806761744506983,0.8670803866706056,0.07869657636385337,0.007121232662305038,0.009034186858166303
167,0.030441911119871577,0.8916989605508934,0.055996594995870994,0.014185166772675556,0.0076773665606884225
168,0.056076127395684267,0.705565918730547,0.18153724807316948,0.020056569095464227,0.03676413670513508
169,0.07057088973913635,0.09705378706170811,0.015607357248975447,0.010319562523395191,0.8064484034267849
170,0.4396287601956914,0.45315761206508165,0.004811878294220267,0.022476758409655472,0.07992499103535118
171,0.2597567878021681,0.23944507114282573,0.009411575666450725,0.003179027318306772,0.4882075380702486
172,0.46546269160348797,0.19303292688708423,0.009025024827330839,0.005397244520121139,0.32708211216197586
173,0.19666593695425766,0.24466634865328935,0.0027442887027105635,0.00256420220464633,0.5533592234850961
174,0.3286793057361777,0.4773079025220842,0.00842971300469786,0.0036321468852960333,0.1819509318517443
175,0.34671632450073564,0.5252563967966558,0.023595544033871492,0.010901536280322748,0.09353019838841438
176,0.13787897164189256,0.6969112099561162,0.06185018558187212,0.0032008135332619145,0.10015881928685728
177,0.07799989015920795,0.5015955158107871,0.058672163862674466,0.005341151314882832,0.3563912788524476
178,0.1910454295063666,0.6525810144313172,0.027735447169359672,0.01375758706822936,0.11488052182472717
179,0.12321755356110543,0.63389079724639,0.06833168499715706,0.005528235229426264,0.1690317289659214
180,0.21155371974498352,0.5422167874259427,0.016244740422563624,0.020714621811517817,0.20927013059499233
181,0.29701101286347753,0.6034306137506793,0.014687792188459807,0.021785153518363878,0.06308542767901941
182,0.17454969299949524,0.7055003016582815,0.07497422084073233,0.014703843170086684,0.03027194133140437
183,0.24553147890321383,0.720997376161065,0.004491920963206728,0.004893683338625345,0.024085540633889204
184,0.22635674823423044,0.7188077375327641,0.005404189203125255,0.02999276135522555,0.019438563674654855
185,0.16087721989632311,0.7372332734257818,0.011442790817042676,0.014659242517275498,0.0757874733435768
186,0.12125816438917258,0.25015589068015376,0.01738937711474541,0.011039401717731887,0.6001571660981964
187,0.12885935994065476,0.6148330705461844,0.06471897463181221,0.006896065115553207,0.18469252976579548
188,0.17666445703437486,0.5096836284430086,0.10752114868648868,0.01322259802140501,0.19290816781472275
189,0.06986120114409096,0.12247389823278773,0.012127160002258958,0.007972544499840088,0.7875651961210223
190,0.12524579960418192,0.3600634447802513,0.019564053989360147,0.013212765612594891,0.4819139360136117
191,0.12003164613124728,0.4635812110151168,0.022596219653882123,0.01920994568192226,0.37458097751783137
192,0.17884250486612202,0.5437152320658317,0.020238340027856707,0.030121620767635457,0.22708230227255402
193,0.08977073487506891,0.21209415978653773,0.023459799960802073,0.003668183701102016,0.6710071216764892
194,0.1426698673417141,0.6896210034842072,0.018000922283308015,0.0018442303522296093,0.14786397653854116
195,0.08640796640602555,0.6153213145811935,0.015038240566220515,0.0070566876253381,0.27617579082122223
196,0.0699118912482824,0.27952792885725625,0.022490004520414403,0.004954102550380212,0.6231160728236667
197,0.0729460937626028,0.12104748954697228,0.002211186308946142,0.024122297963869253,0.7796729324176095
198,0.10592889688784285,0.3988703554417391,0.002593015989228488,0.03176848382400991,0.46083924785717956
199,0.024255396167140876,0.08385808857944456,0.0012764524868951643,0.007714659732438644,0.8828954030340807
200,0.18484596370230097,0.27129791672979764,0.0013008041796137401,0.02234190401787571,0.520213411370412
201,0.08166957272636409,0.2112039122462353,0.0016395646180765418,0.02426665896106376,0.6812202914482604
202,0.031689074049816655,0.034416893910657144,0.0020798220641439114,0.011181204701698335,0.9206330052736839
203,0.12040318523347646,0.09036249586781307,0.004280559948057161,0.03405792018407682,0.7508958387665764
204,0.12186241285979604,0.0652120163420555,0.0014796046934598647,0.04932108083671263,0.7621248852679761
205,0.1990466444287076,0.031665370973325814,0.001114243021353268,0.08345228322257593,0.6847214583540374
206,0.08392561494025168,0.04498916145099523,0.0008692932599755391,0.03330653759881298,0.8369093927499645
207,0.026817161994606924,0.03057534288710631,0.0015831460622829808,0.061590844358274895,0.879433504697729
208,0.03631138545893585,0.049219973119079594,0.0014892667680947904,0.045919445345884366,0.8670599293080055
209,0.018813670946297604,0.02419429214589919,0.003687593245455079,0.038805932419215414,0.9144985112431328
210,0.06535982855987464,0.11571934531230273,0.006817418646058996,0.10847337176355701,0.7036300357182066
211,0.16633309973958818,0.19655152867750364,0.0049735214141074765,0.16155804627165676,0.470583803897144
212,0.13532998232547055,0.2975148770699829,0.005973312501359525,0.1975880548574968,0.36359377324569003
213,0.15901930802506434,0.29928372559944283,0.0035951650725502536,0.03592523008404413,0.5021765712188986
214,0.10614420215795468,0.32450963140807376,0.017669449477530703,0.011638643857286114,0.5400380730991546
215,0.4121168981682245,0.43908896571852263,0.009784117979091027,0.012059897235581462,0.12695012089858046
216,0.2114690732563398,0.5640073361557091,0.005910426318699826,0.01258375992451798,0.2060294043447333
217,0.21055380865061654,0.7400838113707169,0.009684648469720808,0.006548371419435895,0.03312936008951
218,0.20582944497283812,0.7407468491434132,0.017887923842060355,0.002284616330640367,0.033251165711048136
219,0.1561846664760778,0.7381539461632909,0.04854007288419888,0.0020772470921772987,0.0550440673842551
220,0.17046521264724546,0.6530276962783965,0.048696205947714094,0.0016160263635864726,0.12619485876305747
221,0.05293105095366861,0.7341492912721775,0.19566869567980613,0.0019644925779061812,0.015286469516441612
222,0.052843714148687215,0.7936494431743746,0.1380529877554532,0.0024632010886025896,0.012990653832882408
223,0.03483131794958461,0.8545749585497308,0.10346623766397978,0.0018729399410314315,0.005254545895673613
224,0.020737806159813122,0.6983887576572192,0.2728632047874154,0.0022754511190712827,0.005734780276481019
225,0.024201949473238688,0.7713047786386508,0.19742774034057622,0.001674297881914709,0.0053912336656196025
226,0.01609981800520466,0.6816507201419119,0.2896683951508385,0.002317551950105172,0.010263514751939928
227,0.005647266115043037,0.3528561002826501,0.6333915723378879,0.0012547754361364935,0.00685028582828244
228,0.023769890152905274,0.5791138375317701,0.38557542382500865,0.0026994847049386975,0.00884136378537724
229,0.006713921804197739,0.16562359902348991,0.8182922361942491,0.001866985009136128,0.007503257968927108
230,0.007649690499035766,0.30078418466620965,0.6730429634420882,0.01477298038793348,0.003750181004732821
231,0.004936093345483494,0.2548983342447145,0.723605042482731,0.012924482413337369,0.0036360475137337026
232,0.015200504767602168,0.41487951823669805,0.5232044217511302,0.03643719987689761,0.010278355367671889
233,0.012399817376984841,0.33684793197620544,0.6171677150426682,0.023542916676655777,0.010041618927485611
234,0.030411970775599047,0.4842000770669507,0.4526330352762347,0.025838396818678788,0.006916520062536822
235,0.020812788835549226,0.2846390884624859,0.6432662471349573,0.032221559078614834,0.01906031648839284
236,0.010752205437598587,0.2913453444403474,0.6689473581037249,0.018573719162533052,0.010381372855796107
237,0.00562802203339038,0.259191272555097,0.7208972163899766,0.01163808142274828,0.002645407598787723
238,0.006998737596137065,0.2390451494735211,0.7371035530715878,0.013160610416368394,0.0036919494423855695
239,0.007106919635224588,0.3046248392386258,0.6692828692260567,0.016079650172599068,0.002905721727493842
240,0.003780717030400927,0.13207672843734122,0.8494072380642643,0.010973811530330016,0.0037615049376634783
241,0.011431151716521218,0.23555529948264864,0.7191088693074986,0.02785926276136101,0.006045416731970434
242,0.00650362928729354,0.16525292757188642,0.7944703235412663,0.02239226076416521,0.011380858835388292
243,0.01067933433560056,0.12589990673510426,0.8203504361149261,0.03767209292696467,0.005398229887404416
244,0.010576678058069718,0.2197452657684703,0.7402160235433723,0.025467238540837583,0.003994794089249978
245,0.009657986096381885,0.201592535420627,0.7587733096379703,0.026646489147861656,0.003329679697159159
246,0.014748637474387089,0.18255755110934827,0.7561711762742055,0.04079792170731977,0.005724713434739167
247,0.007036186660110669,0.0973086105565355,0.8554349956605936,0.036114485345273985,0.004105721777486303
248,0.004717659259178928,0.07939766754177664,0.8749801996627141,0.033567892022849384,0.007336581513481092
249,0.009266300217063138,0.158738234534117,0.7579510684219073,0.0678501559476192,0.0061942408792933735
250,0.009534257102941817,0.07870435340843955,0.8059853509114744,0.09641585069937603,0.009360187877768204
251,0.018236756595334514,0.16868219585166225,0.5107264685050936,0.28102616642024564,0.021328412627664
252,0.04144057486386413,0.15244614338693369,0.13962064875027574,0.19585808805928745,0.470634544939639
253,0.0631641660839137,0.1546472134888004,0.2654414779747301,0.14776265426868407,0.3689844881838717
254,0.11290374328369362,0.4360165076827981,0.28174231478443595,0.07088346566256175,0.09845396858651055
255,0.0908442463890186,0.4979532026280459,0.2030014103668581,0.019202755081554227,0.1889983855345233
256,0.04161556889806351,0.4274962837223427,0.09375657534896079,0.016170461215996204,0.4209611108146367
257,0.09063732140994717,0.3530038589466062,0.22357088085339488,0.018417144560226584,0.3143707942298252
258,0.10975446578808538,0.6210109980900702,0.12414059003015097,0.01215370458894226,0.13294024150275122
259,0.06562449402327213,0.6308884382469147,0.08736554257848844,0.011096660817393243,0.20502486433393183
260,0.17067105037664568,0.6349067567743024,0.03967467832412664,0.027631451627435185,0.1271160628974903
261,0.12600291658932586,0.6166494901025735,0.013112834563137303,0.12524322495751575,0.1189915337874475
262,0.24807758172751826,0.4275508565593732,0.009572854898738919,0.1437868529269211,0.1710118538874485
263,0.2229097294061164,0.11216586743261595,0.004782585714146664,0.05225548261091407,0.607886334836207
264,0.4136309311893839,0.2516454638149234,0.0025126438550979475,0.09259860053556165,0.23961236060503316
265,0.4957727326535149,0.2650972097143631,0.00204804413819368,0.12746462701572286,0.10961738647820529
266,0.4536472468067597,0.3474695722429351,0.0016402931209903748,0.07069297959895231,0.12654990823036252
267,0.23836370754913577,0.5668955644691369,0.006294031019529824,0.14963177992423254,0.03881491703796485
268,0.30568530052644294,0.441120801591755,0.004053223065278304,0.21421948747576108,0.0349211873407629
269,0.3246219871299175,0.45721899289500323,0.0016407690169231177,0.1584756671384357,0.058042583819720356
270,0.22426140896839136,0.1730501897496529,0.0015395811320215256,0.1578266227345171,0.4433221974154172
271,0.2831780427098544,0.319340399429509,0.0010936075759227207,0.10775726677917932,0.28863068350553456
272,0.5712642896326554,0.13417042298066967,0.002412104829719371,0.14630487011926446,0.14584831243769109
273,0.18465827043917205,0.5489761188725544,0.0054136458036509304,0.054776064076570194,0.20617590080805248
274,0.26086677881693093,0.2858334227265568,0.0005511848781524634,0.08750676672252475,0.365241846855835
275,0.402499058826561,0.41948728628620224,0.003577437143543664,0.06379473376385524,0.11064148397983768
276,0.4629838071685473,0.30660590671576726,0.005660842804240967,0.1088635846684767,0.11588585864296784
277,0.40360313449454804,0.46558818470202257,0.019537543251604936,0.0646735879048072,0.046597549647017185
278,0.22146184161878132,0.27436678247054086,0.0029583435861952603,0.042750816018536725,0.4584622163059458
279,0.3080465928159061,0.3191731109938044,0.008133922253999388,0.05908235556891424,0.3055640183673758
280,0.457453234279491,0.2605522117828199,0.007589792170450523,0.07838665002868882,0.1960181117385497
281,0.3778380560826381,0.26914090725642864,0.015528471625036361,0.03293485379339499,0.3045577112425019
282,0.10544176695513847,0.6360561330428599,0.009364219009088392,0.020550757683977613,0.22858712330893552
283,0.221301771687427,0.6278885186124807,0.005067880264983909,0.06828022983896934,0.0774615995961391
284,0.21051779681322344,0.6426150716141478,0.01882587417325985,0.04321625854553389,0.08482499885383513
285,0.11393099522118195,0.5958964718423069,0.04516881511008937,0.040522023333785614,0.2044816944926362
286,0.05076092377032261,0.7872842058880389,0.029938078315772654,0.01905032755083876,0.11296646447502719
287,0.05407697384613845,0.41580295416389473,0.0339547771016242,0.029446741386462794,0.4667185535018799
288,0.007727873970902666,0.014912178164662131,0.012233485108027214,0.002569294284024055,0.9625571684723839
289,0.0315414754176567,0.056901604347243055,0.002241096128081592,0.01651501518712232,0.8928008089198964
290,0.03021131641806683,0.049080399752012185,0.003778160017019134,0.016130854914813073,0.9007992688980887
291,0.20019493851567116,0.048838610106859116,0.001166268873004926,0.01584114663670084,0.7339590358677639
292,0.5503845690158577,0.32126676589791237,0.003831821520776254,0.021033403396420902,0.1034834401690326
293,0.13171656264523296,0.5839163448911999,0.01482257673921833,0.013534388799814199,0.2560101269245347
294,0.3282056596250186,0.37156682386193773,0.0029657887239016747,0.018166231853094454,0.27909549593604754
295,0.4734423517885382,0.43387064010051685,0.002065457603035627,0.01075564456926793,0.07986590593864135
296,0.1427903053339334,0.7777806017137747,0.0014081913925482142,0.004936119185768585,0.07308478237397509
297,0.09374262932913704,0.853290651189552,0.034864113545694686,0.006917175930384798,0.011185430005231332
298,0.18172694580988297,0.7805194742736826,0.00293960249434643,0.022387876910930103,0.012426100511157714
299,0.049278214775016975,0.9217218504316285,0.010006807071908512,0.008561640691788573,0.010431487029657216
300,0.1343464361205228,0.8081909100929452,0.0033354373583448643,0.04287119773269602,0.011256018695491185
301,0.024136288332130645,0.9380887402196001,0.022716236052758732,0.008018497410721503,0.0070402379847888125
302,0.028708952384721164,0.8094566528888156,0.1222603571723099,0.03135465977814979,0.008219377776003501
303,0.10984787545720077,0.7632696572922772,0.009854672137856495,0.06308653679031959,0.05394125832234582
304,0.05540439874343856,0.8287265322737104,0.05174007091722063,0.03664790692852868,0.02748109113710192
305,0.34478825735068813,0.45317285710284844,0.006558761151232994,0.07578125017351525,0.11969887422171534
306,0.13694596276948554,0.800290785105293,0.004082368695120053,0.04380219262098316,0.014878690809118323
307,0.32253805005601477,0.6176417297593302,0.001979903989720691,0.03695768858510249,0.020882627609831766
308,0.09146107952829671,0.8467537210753668,0.03234914997083016,0.015576749288566788,0.013859300136939397
309,0.12480634545611088,0.7510613446051998,0.05455429970293359,0.03212461002585591,0.03745340020989969
310,0.2028252734512776,0.6619865835352616,0.01701836655592228,0.07164169453667485,0.046528081920863516
311,0.03473214939608224,0.907726895236522,0.03653289108512039,0.015292344816846878,0.005715719465428596
312,0.06345936193784105,0.7208707066606007,0.12057059026000666,0.013097455201077244,0.08200188594047442
313,0.07127756582761671,0.8576682026620484,0.023576104968878436,0.02388400009516058,0.02359412644629575
314,0.011498305566683301,0.8395456048320445,0.14053061508418768,0.0064600418629046485,0.001965432654179884
315,0.05795254334694048,0.9068326055290454,0.01425077722178223,0.017167298035449422,0.0037967758667823838
316,0.09251554936125055,0.7992133875815824,0.03359306693934552,0.0556236158142358,0.019054380303585566
317,0.025637839221735303,0.9183130042360896,0.036525510861613555,0.014318672044940695,0.005204973635620672
318,0.2608950540782811,0.6293163278913644,0.006404669662507419,0.09083015392208009,0.01255379444576715
319,0.03138861153365628,0.7588164589632058,0.17895173422264707,0.018180331283655798,0.012662863996835033
320,0.04714614761964723,0.8363983616439736,0.06110821892260985,0.04587607611715686,0.009471195696612221
321,0.11463022672583295,0.22568250354027705,0.007529829339545173,0.01915747191249056,0.6329999684818542
322,0.02152254602858651,0.9480253639959888,0.01621289288080649,0.010466041358971199,0.003773155735646862
323,0.10947117682115193,0.7785683750727623,0.028860470033969434,0.046231495819506266,0.03686848225261008
324,0.23752369847777494,0.6036599806518791,0.016935868316365687,0.028433587816264344,0.11344686473771592
325,0.07356057663016634,0.8347413539008351,0.024209197710311964,0.032747961377437705,0.03474091038124876
326,0.15204350404245595,0.796703423294512,0.004420382203650125,0.02918626730281386,0.01764642315656808
327,0.04091323127192492,0.9011946535045183,0.03764252121612149,0.008767289276419296,0.011482304731015958
328,0.21654671683448973,0.7076148698730665,0.0012431864364935076,0.04589556028893139,0.028699666567018917
329,0.039549365594053275,0.9209524830754109,0.02686573804970075,0.006900379331396177,0.005732033949438825
330,0.08220105394877965,0.8492170609310619,0.02339244245175854,0.021125814998371815,0.024063627670028103
331,0.04708495588797615,0.8438249809548691,0.06743921818526652,0.008931091209495663,0.03271975376239244
332,0.02996700138880812,0.8926781656718588,0.06537582011577875,0.005784990004924181,0.006194022818630192
333,0.005416232957307478,0.6827366394990761,0.30929233960903707,0.0010154142978227555,0.001539373636756472
334,0.009399139071133805,0.6740280952501052,0.31475129376445643,0.0006108016041691988,0.001210670310135203
335,0.004124847407433055,0.5544795119106665,0.43779221618009606,0.0005257750534704338,0.0030776494483340197
336,0.004117405848235139,0.4271111861223015,0.5656985149686715,0.0007705562193061901,0.0023023368414856154
337,0.004939999374388011,0.5554333310875218,0.4365172948813368,0.0008775321891999271,0.002231842467553665
338,0.0045570625488688425,0.2530653381521262,0.7378745524157371,0.0008769206859263053,0.003626126197341637
339,0.0032853371530481785,0.26321185871449904,0.731145030088829,0.00041815103108550804,0.0019396230125383416
340,0.009375813877632469,0.6766637591750185,0.3089720862126267,0.0013354664341303714,0.0036528743005919168
341,0.000859465072859202,0.4152579771353626,0.582771303057635,0.00023026374887214618,0.0008809909852711486
342,0.0009593012233618442,0.25456480917662383,0.7428057393918645,0.00035098502073823155,0.001319165187411508
343,0.020721914935625,0.8500377681674983,0.12245455089051245,0.002754480910892701,0.004031285095471669
344,0.004794646093451835,0.592979183252822,0.39847669503308536,0.0013451614341856413,0.002404314186454984
345,0.0030371544858386326,0.5829166499825369,0.4121000854667587,0.0005442262931618024,0.0014018837717040353
346,0.006596344938157305,0.4852963545589563,0.5061057944063897,0.00031317403423858164,0.001688332062258169
347,0.0013036944316219524,0.30051835457172626,0.6964734573447721,0.0004244939861993717,0.0012799996656803212
348,0.003218774416377782,0.277301062560031,0.7155573429601356,0.0011747997805210291,0.0027480202829345234
349,0.0008560526252924163,0.30461339097855733,0.6930259396206638,0.00037706579331720636,0.001127550982169149
350,0.002514538230294136,0.17349689661148854,0.820780546430806,0.001223709754104556,0.0019843089733068307
351,0.0035620090282587123,0.24570351413764518,0.7453061541955742,0.0015356261279273868,0.00389269651059445
352,0.0008398922179628305,0.18668336371712022,0.8111334077737168,0.0002722480000785402,0.0010710882911214993
353,0.0036824422860816464,0.17834815885161334,0.8153973112485179,0.0006064621545309527,0.001965625459256223
354,0.005016973931324896,0.30622664846921405,0.6834449200994424,0.0017467026601730468,0.00356475483984565
355,0.0020867354179573546,0.13433224695725657,0.8602046222478836,0.0010840175213334034,0.002292377855569156
356,0.003023133609081967,0.3442746584470253,0.6472648128135998,0.0014317460936448811,0.004005649036647814
357,0.005617241979260326,0.24885219781063034,0.7354810670735572,0.002799677663831349,0.007249815472720775
358,0.05810942878142602,0.19520597446920895,0.07418646924637218,0.031630331965985574,0.6408677955370071
359,0.6128704548518837,0.2734177507204378,0.007865036682521146,0.04530055421825766,0.0605462035268998
360,0.08354243445449674,0.5344776516074881,0.269070993445911,0.030548513607387886,0.08236040688471641
361,0.6129196345926556,0.3169078451981469,0.0010004227490379143,0.03057177099329038,0.03860032646686925
362,0.14832457952442063,0.7628879517603787,0.021662643625016888,0.03076160458029118,0.036363220509892616
363,0.2352464667195778,0.596488059856922,0.007381305836872798,0.07445780800085636,0.0864263595857712
364,0.46446634104810575,0.2843388517849131,0.0002817179847427877,0.22591875023806063,0.02499433894417776
365,0.04112861693989794,0.8956320523392608,0.01332686767076831,0.033636133029781586,0.01627633002029132
366,0.1215301104425926,0.08564735126476307,0.0005659182127325952,0.05843826356502406,0.7338183565148877
367,0.36206308107597435,0.4635738797948657,0.0002898384561050724,0.13717063173588462,0.036902568937170394
368,0.12437342103656217,0.7925367149253827,0.013309090043971163,0.049440365089154774,0.020340408904929476
369,0.3510541541171905,0.5814186831922843,0.000790658928935271,0.043386017783396146,0.023350485978193815
370,0.09984449608026776,0.8669823173391537,0.0012469695282089296,0.02735432353168596,0.0045718935206837015
371,0.039745977293053965,0.9275837977975718,0.007295005521134401,0.018068280600857422,0.007306938787382428
372,0.31735489589642246,0.6013866084220912,0.0043290329278619566,0.049167738003035595,0.027761724750588766
373,0.07209341264367258,0.8413446990786995,0.06274614914251092,0.01455357121049695,0.00926216792461998
374,0.07991999164581877,0.8716849216231004,0.010860474184812422,0.031049262037115544,0.006485350509152895
375,0.0384352464093913,0.8954052996248504,0.05471633068260665,0.005127568137412581,0.006315555145739047
376,0.04306489948233442,0.7647013042421025,0.18169002386191485,0.005754427559837589,0.004789344853810643
377,0.12864436082434733,0.7956111664096763,0.03684228307838714,0.024495461899111767,0.014406727788477553
378,0.005883605852753821,0.5516863110190874,0.4397581211551644,0.0009942454849789495,0.0016777164880155584
379,0.0116385446789595,0.6350109603104821,0.3382221707774253,0.009478751745854688,0.005649572487278361
