epoch,N1,N2,N3,R,W
0,0.05791580866200072,0.00964984366826907,2.4930149636186122e-05,0.047962660134746295,0.8844467573853478
1,0.03804515493620992,0.001521924105295876,3.065629382403836e-06,0.007324967576320499,0.9531048877527913
2,0.08601287450969507,0.0007697719890221101,3.312006664255547e-06,0.008032192387325719,0.9051818491072928
3,0.04995535950478897,0.0009190345835237967,1.8577150398398904e-06,0.0032380507396570124,0.9458856974569904
4,0.5802044602353491,0.0033721572065818196,6.117985093327171e-06,0.006165025201084236,0.4102522393718916
5,0.14148029970087656,0.0044413482780066675,3.3759815369963475e-05,0.0055680530740039435,0.8484765391317429
6,0.7462787837761169,0.08072198629884862,8.03528310976793e-05,0.024322770998830574,0.14859610609510615
7,0.6922517861332877,0.09886127737191241,6.392397087758475e-05,0.04615907728454499,0.16266393523937728
8,0.4790451054945309,0.4170866496179973,0.0007761105183263858,0.017713458028772434,0.08537867634037287
9,0.015890115931675153,0.9618544120673996,0.007650685089115481,0.002502965712399862,0.012101821199410145
10,0.05669131861678527,0.9238498016462453,0.006140272127587874,0.0019557418536469066,0.011362865755734704
11,0.03430368341480242,0.918133666189329,0.030816637932208898,0.0012791984262194502,0.015466814037440263
12,0.04030834338573221,0.9266705610539685,0.011324112242553827,0.0020897456382752092,0.01960723767947047
13,0.04360993367408741,0.9328787060039783,0.012503015752910998,0.0017247720599678975,0.009283572509055654
14,0.04479979559168585,0.928591819723019,0.012748451517458109,0.001020191952190159,0.012839741215646867
15,0.0058381190690040075,0.9458833758772253,0.038843640345475675,0.00025267843260112484,0.00918218627569395
16,0.022313900305665938,0.9463465774709937,0.021370477112148432,0.00048731389121045793,0.009481731219981426
17,0.009745211758850812,0.943550021003096,0.031527791769181114,0.00030741785879511726,0.01486955761007683
18,0.007633588359047699,0.9174129526836557,0.060890561727125106,0.00016794531297997884,0.013894951917191577
19,0.012545158452468813,0.9076509128273635,0.06299416667598004,0.000210838687237764,0.01659892335694997
20,0.0070637903168708676,0.9096074689977938,0.06387167791309897,0.00025905135015789405,0.019198011422078748
21,0.00995653735166062,0.9197823726086526,0.05394980928547191,0.000387719065797478,0.01592356168841733
22,0.007892798531756626,0.6028739841484483,0.3760620523088928,0.00022332572123383456,0.012947839289668512
23,0.02340968199241868,0.886981379769304,0.06747874292259394,0.0017735305358057302,0.020356664779877815
24,0.07305627207302441,0.7403402490470546,0.08856313249242488,0.002942474759838686,0.09509787162765743
25,0.008312101497142302,0.6981212988569533,0.2748047380010819,0.0005219968161956402,0.01823986482862674
26,0.05907976583293655,0.8930793744187793,0.020620617136104847,0.0014417738289890108,0.02577846878319044
27,0.02797822747726433,0.9074707571613917,0.04516146103153495,0.0013773747503098717,0.018012179579499243
28,0.021966078914295677,0.9391196045741429,0.02603921784460184,0.0024777033578064597,0.010397395309153179
29,0.005504239759603392,0.7935820696732808,0.19169766486035836,0.00019528302447540332,0.009020742682281813
30,0.015530208653336723,0.9350578628501495,0.03399992893356096,0.004875981158998419,0.01053601840395452
31,0.0031491123756650936,0.736844883051181,0.25266338293347146,0.0017608548096810425,0.005581766830001326
32,0.038345879591305296,0.8931787553880925,0.023237218982750094,0.024541824458856158,0.0206963215789959
33,0.0041751005034116875,0.7914319711194254,0.18009297728196041,0.013468179628472429,0.010831771466730051
34,0.032294192315489564,0.7697203488031347,0.03764211057051109,0.11989586076192182,0.040447487548942854
35,0.02098389594279183,0.8682783651036305,0.05124524280756802,0.024504066910619956,0.03498842923538982
36,0.0708413362473315,0.02688817130778521,0.00015940646790104163,0.03002122589739717,0.8720898600795851
37,0.29482515436348516,0.03163587926600043,0.00017188014902127442,0.03391011390553964,0.6394569723159534
38,0.7097984259993749,0.07571961968921664,0.00015054195487744187,0.043039091505079445,0.17129232085145155
39,0.1038256329492306,0.01714015683502278,2.8719296436973415e-05,0.0030931001610808085,0.8759123907582289
40,0.29877316304992163,0.005619089720429368,1.1260124562188295e-05,0.004483377518112655,0.6911131095869743
41,0.03443205199072559,0.0033098799314426035,4.442798883168824e-05,0.00025045238646261556,0.9619631877025374
42,0.9015903197986361,0.048798745051189814,0.00010323968678125087,0.0023732766228697724,0.04713441884052304
43,0.7982465344311678,0.10142454377349239,7.167739955306357e-05,0.0024632031422051766,0.09779404125358175
44,0.8065470683361016,0.15193803359278638,0.000407735050748814,0.004782936608594934,0.03632422641176833
45,0.07841815922586912,0.9105810470683188,0.0024850794691974928,0.002818713991435176,0.005697000245179319
46,0.00981488911623839,0.9765595986262758,0.010191084604631341,0.0005874208166381941,0.002847006836216009
47,0.01901320813785261,0.9672746026316693,0.008019568477836372,0.0006129135639123518,0.005079707188729486
48,0.010549945358212087,0.9718396423457347,0.012954946935987819,0.0004870123997469277,0.004168452960318401
49,0.008848352777249336,0.963164304034054,0.024267425762634288,0.00036032558373120426,0.003359591842331094
50,0.004615316613747592,0.8910693548277209,0.10001038100681792,0.00010964950953047754,0.004195298042183152
51,0.006006177212020733,0.9272515978959258,0.05996655495339738,0.00018013637340640994,0.006595533565249523
52,0.004565027120472287,0.8547094731410882,0.134655614519673,0.00016039336155005866,0.005909491857216299
53,0.008193985893262283,0.9192543522740847,0.06559381757171857,0.0005788068282306657,0.006379037432703986
54,0.00298319654023425,0.7270083855520995,0.2643356864074406,0.0001493425858535345,0.005523388914372178
55,0.003314707792341167,0.8436222809478043,0.14894148457803635,0.00010210349715092715,0.00401942318466708
56,0.0018692531928511183,0.45500891418933914,0.5409126481274226,7.597219483247572e-05,0.0021332122955547033
57,0.0013649448198278043,0.4280154431055315,0.5664373064251573,8.722346414810828e-05,0.0040950821853351985
58,0.00294539782204211,0.5610442766378312,0.4284171190058113,0.00012846169030661806,0.007464744844008613
59,0.004031909329905217,0.5672373821577816,0.42244522699205644,0.00018963792495149453,0.006095843595305392
60,0.003070098535301192,0.35114409469273344,0.6390043386722785,0.000349198676927216,0.006432269422759789
61,0.014922172466048276,0.7739861124835946,0.18662274217741992,0.001974418620439261,0.022494554252498064
62,0.09063007004137008,0.7554093451636291,0.08938336866460389,0.019959072526196206,0.044618143604200626
63,0.2865174152851736,0.5406998038236996,0.011234110627553959,0.043427420191545635,0.11812125007202727
64,0.45813476886656024,0.2398443419455158,0.0007297553387679984,0.1377252950790496,0.1635658387701065
65,0.5962030321487738,0.2997083563380492,0.0016694655472889444,0.06435694700780746,0.03806219895808053
66,0.26250166134975195,0.7052629592031813,0.0010753410035188344,0.02359709382006229,0.007562944623485463
67,0.6311675664973202,0.2558951070770314,0.0005230903694482228,0.0885834917916827,0.023830744264517496
68,0.020730594491648553,0.9432315225934994,0.006960126857457576,0.023435093779555813,0.005642662277838685
69,0.3812075087230103,0.23905158358195258,0.0017885189060507616,0.3236164758495176,0.05433591293946874
70,0.013310019872279089,0.928774284834505,0.02362460954851855,0.029733750107215687,0.004557335637481722
71,0.4825038459237715,0.14746311624909753,0.00028233476000513085,0.1510964729651434,0.21865423010198246
72,0.07146071921061942,0.9081885203145766,0.0014057159516503311,0.016141722103553472,0.0028033224196003332
73,0.21708191665813026,0.7503466948068798,0.00021248708057174613,0.00843487213251927,0.023924029321899045
74,0.09353936758980326,0.895212667977583,0.0045318813116285404,0.0035192616496464687,0.00319682147133881
75,0.012914155942885478,0.9667599447998769,0.012519733688723193,0.005226358525934035,0.0025798070425804946
76,0.09885470889188004,0.8870688848034759,0.0041564048785169005,0.005974432413553009,0.003945569012574055
77,0.018468978661587098,0.9554448662443983,0.014809079389003782,0.008757454468613195,0.002519621236397843
78,0.0665682010346707,0.9173068359567987,0.005884302533057294,0.004114524314635579,0.00612613616083759
79,0.02129758963584724,0.9504465571634604,0.024766633395467728,0.0017081532299718805,0.001781066575253068
80,0.012746179396404444,0.9637066636443798,0.01864365886541601,0.0025937603717300886,0.0023097377220693935
81,0.009297658053086293,0.9348652774905367,0.0502071324777218,0.003310338577253856,0.002319593401401362
82,0.029957191839054036,0.921164517853452,0.02963053553997479,0.012946667019145527,0.006301087748373729
83,0.008934471376709444,0.9473141336361224,0.02403729193760622,0.015303912447924378,0.004410190601637331
84,0.11262650100924838,0.8524252365487061,0.0072432626113340635,0.022348036258645818,0.005356963572065704
85,0.017447144504570824,0.9642729521169973,0.00878110086471775,0.0030443413116044643,0.006454461202109854
86,0.5491752123902355,0.3645421333459821,0.0009467237761500016,0.053080359242967404,0.03225557124466489
87,0.027641441124933195,0.9601617461216498,0.007883289832217385,0.0021510716466656508,0.002162451274534166
88,0.02275528651645638,0.9684858509514058,0.0013737058119725305,0.0008627021985878006,0.006522454521577557
89,0.2939490494497585,0.6835937382597801,0.003584355000909324,0.0064144509061973,0.012458406383354617
90,0.10045859256810381,0.8854055891041117,0.0009302081275196022,0.0025458512083135643,0.01065975899195135
91,0.05005925098710451,0.9415483137143172,0.003780672402160635,0.0016579200273033519,0.002953842869114151
92,0.02570453681829314,0.9679011803388443,0.0030550615054542258,0.0016875481936281331,0.0016516731437802217
93,0.06641512590954342,0.916108632181647,0.004608858054943533,0.008710179797395043,0.004157204056471233
94,0.00462388935188133,0.9553347276865661,0.03203510454393774,0.005900465655001051,0.002105812762613785
95,0.04431987536339282,0.8998940728270955,0.010600083654315607,0.04121674534381245,0.00396922281138386
96,0.007591539301021158,0.9340824425157516,0.04168520886078868,0.013180638291078572,0.0034601710313601464
97,0.1387236059359765,0.7795774437071308,0.00629554178209776,0.06630011730322023,0.009103291271574951
98,0.009711716426084196,0.9630926432479846,0.003721144208286307,0.020707367238578998,0.0027671288790657453
99,0.1949086361119736,0.7363248289564273,0.001919452517886164,0.05429526488883407,0.012551817524878887
100,0.011016690120314733,0.958060491670175,0.008653306993907173,0.020080686502952107,0.0021888247126509767
101,0.25630608934446325,0.6045723302387728,0.0015549478105619362,0.12126115115028827,0.016305481455913772
102,0.023504463960351833,0.8916973271793353,0.01428703413357893,0.06642942594004152,0.0040817487866924755
103,0.15007474206762106,0.5565780319592141,0.002277726199243862,0.24257326010108313,0.04849623967283777
104,0.017563772775529635,0.9405373940228978,0.006780026952585445,0.020052129156941004,0.01506667709204597
105,0.03698545666652253,0.8307273071563439,0.0016690481713412747,0.05579918224910039,0.07481900575669172
106,0.007039362561538074,0.0035419624996930977,2.5398520585751007e-05,0.010546519030737504,0.9788467573874455
107,0.0030224024425550135,0.00036372154828278485,3.3072292503956223e-06,0.004617102120656215,0.9919934666592555
108,0.0017044723198573557,9.877825039569095e-05,1.2722361240731805e-06,0.00042421670561359305,0.9977712604880092
109,0.0017438653118939742,6.414094925510913e-05,9.549508354990255e-07,0.0004864280898460305,0.9977046106981693
110,0.001758181276098633,9.188474132041204e-05,3.4939594271484026e-07,0.0009661068128208678,0.9971834777738173
111,0.020881594954157486,0.00013787924197522885,1.7363450205138278e-06,0.0007506187219731727,0.9782281707368736
112,0.19680193386091296,0.0006528246245986241,5.4062210491480415e-06,0.0016355985403613325,0.800904236753078
113,0.5787051669936838,0.02325922456621597,3.8838972248642126e-05,0.017254186288325948,0.38074258317952564
114,0.7885799779568748,0.06913753585750577,0.00010714138279330577,0.0713661112477831,0.07080923355504301
115,0.3037079205620175,0.3549077473407975,0.0002966755184275986,0.24452416510372327,0.09656349147503403
116,0.28030488222425337,0.3494575763612807,0.000583734041425216,0.313959561329515,0.055694246043525464
117,0.04521163202553086,0.8728964127862564,0.0010278222764119015,0.07674947767557078,0.004114655236229849
118,0.27484327005133263,0.42909686911922124,0.0003175310618786196,0.2637920336878403,0.031950296079727
119,0.05629081885515744,0.8486184640618502,0.0008898123042075227,0.08911744713072585,0.005083457648059195
120,0.172898971897449,0.757856402648503,0.0005950444432385123,0.05232005218251299,0.016329528828296372
121,0.10567092290430316,0.8654978806298127,0.0002993755948195256,0.020482105902605477,0.00804971496845917
122,0.018013389720721636,0.9687222550907623,0.0013732695478851946,0.009634046777944856,0.0022570388626861533
123,0.27926747706897526,0.6133629850345885,0.00010438841184187402,0.019507951005625003,0.08775719847896932
124,0.02379812156765717,0.969313353829882,0.0006453659374154553,0.004140835292554295,0.0021023233724909644
125,0.06045175034791914,0.9268894012871927,0.0008509968505913698,0.00982818715842761,0.001979664355869194
126,0.2825942695334464,0.6944364791537353,0.0005702410712238736,0.012285554779683903,0.010113455461910403
127,0.029698077962191947,0.9621511997996204,0.0014053212529452287,0.005300583471620004,0.0014448175136224596
128,0.020039528423587336,0.9703042310327648,0.0009230704532083688,0.007226354717319651,0.001506815373119707
129,0.027144598324267556,0.962248610370119,0.0036714886153613843,0.003819684378229855,0.0031156183120222484
130,0.03290848685181557,0.9481258720152379,0.003651988656405208,0.011898436399353163,0.0034152160771879518
131,0.01828673215912106,0.9572011897283297,0.014150269842672002,0.006151907992141709,0.004209900277735514
132,0.02123870477281795,0.9262751615146971,0.030887898673604235,0.01531576438439039,0.006282470654490528
133,0.0946656000489025,0.7704226533060925,0.00345120041033175,0.12417560319163973,0.007284943043033688
134,0.012488368535881183,0.8528574980406995,0.07764098227219596,0.04503955385322842,0.011973597297994942
135,0.0698010623533713,0.6717574805389639,0.007086787591680724,0.22234719179659876,0.02900747771938539
136,0.05181763551732666,0.42555680866419004,0.0038531298047083324,0.4732300391145583,0.045542386899216844
137,0.05397565222121891,0.18172971165445737,0.0010632225767471196,0.6865160259329736,0.07671538761460289
138,0.04273340927874982,0.02582719547120585,4.0851169951821244e-05,0.34659953173864755,0.584799012341445
139,0.16297875957384328,0.015085911710740644,9.00360394824349e-05,0.6942807208188662,0.12756457185706754
140,0.08988798286429424,0.015915971703847433,0.00020832205700232947,0.4326271044899481,0.46136061888490776
141,0.032619153664758184,0.0031714595849412002,8.497798486406694e-05,0.1350973679421543,0.8290270408232823
142,0.0618524500606711,0.0023235188336158366,9.473310528539598e-05,0.382565837604357,0.5531634603960707
143,0.11339604873388902,0.0029475612144179483,3.156136617030408e-05,0.5791199516811345,0.30450487700438816
144,0.08523689780313987,0.002227456131232185,2.4671280341451172e-05,0.5368809905893849,0.3756299841959016
145,0.13849003321487177,0.0037299004042863626,5.059916084820065e-05,0.4105396809960671,0.44718978622392647
146,0.10164227406305715,0.0128065620031445,6.76758617191983e-05,0.6788056144802574,0.2066778735918217
147,0.04624023360601485,0.007350605981033776,8.36442867960287e-05,0.9107676464256861,0.03555786970046941
148,0.055737203225142716,0.007117551008062728,0.00012468064964587077,0.8733789383150242,0.06364162680212461
149,0.02037804184623886,0.0009965656213446158,2.146267642125561e-05,0.813548726240387,0.16505520361560838
150,0.04232842349645006,0.0014934244445631256,3.1369802059670847e-05,0.856193036450127,0.09995374580680023
151,0.16489975036345028,0.005363974966422308,9.711393041427624e-05,0.719179221129298,0.110459939610415
152,0.24264613724340553,0.01074025253195316,0.00018648902170185757,0.6498447668253591,0.09658235437758038
153,0.06187065570231259,0.003287032282005532,8.980317147604724e-05,0.6826323103865964,0.2521201984576095
154,0.07647101122436924,0.004365947190204512,0.00016574589095093214,0.8265033608925135,0.09249393480196184
155,0.041153249225488,0.0018429121085750603,0.00012179902349199015,0.912019412450186,0.044862627192258975
156,0.039852162696616435,0.0014630856943286554,3.070420242561076e-05,0.9419366506752151,0.016717396731414143
157,0.01646808953485126,0.0011514825159213199,1.815970246315177e-05,0.9718877802469971,0.010474487999767168
158,0.05115539495931464,0.0015621347389532657,9.10323975675835e-06,0.8680762411395571,0.07919712592241833
159,0.06842094844163912,0.0017475923702492948,1.0425762854512255e-05,0.8601538931599587,0.06966714026529829
160,0.060817896550700384,0.0019916383557319474,1.7119017336315702e-05,0.9066993752927697,0.030473970783461642
161,0.0662075532536813,0.0013138388708040251,8.401011612222243e-06,0.7301068998194846,0.2023633070444178
162,0.04496385951880365,0.004798601331389341,2.5764617129411022e-05,0.5309496365619925,0.4192621379706852
163,0.07046623717052324,0.010153156444625288,4.0190195410226886e-05,0.619257583702257,0.3000828324871842
164,0.16662552438825734,0.003312376773488461,2.7112078360280233e-06,0.7607884581693124,0.06927092946110587
165,0.05172755174287444,0.0031800635801591997,4.5894410253748075e-06,0.4789051340921373,0.4661826611438036
166,0.1259501988113296,0.0022010243424955573,2.190697672182286e-06,0.3406352648544261,0.5312113212940766
167,0.01760272547024336,0.0013495243359531763,6.359139138046646e-06,0.11283544342600098,0.8682059476286644
168,0.3862588991457185,0.01744710962054186,4.9943638576991774e-05,0.38745158943150343,0.20879245816365918
169,0.3195857232534959,0.031185933223900137,8.373178043462666e-05,0.5871916926004762,0.06195291914169304
170,0.06892096840035676,0.015355337257311702,5.437264042383696e-05,0.36681155838521406,0.5488577633166936
171,0.18493147062236062,0.014224236493460036,2.3674832798717046e-05,0.5043306042296141,0.29649001382176654
172,0.2906624212377005,0.09532878986298751,5.976464984582382e-05,0.5404670195173242,0.07348200473214202
173,0.5659410500440072,0.06885874344906548,5.53299982693231e-05,0.32178632908245236,0.04335854742620578
174,0.30056063806479083,0.13500339330600325,0.0001083345768031566,0.48946294342137847,0.0748646906310242
175,0.10075299044706774,0.3886615491756592,0.00023559539462448815,0.5037053770860118,0.006644487896636708
176,0.10008787126513476,0.19653411412708618,0.00010911912384423375,0.6456497884618005,0.05761910702213432
177,0.13134087968519198,0.20581169287229575,0.000235092772574461,0.6508742921309344,0.011738042539003284
178,0.10247467523445532,0.1178997996962175,0.00011245587065484142,0.7202616268278202,0.05925144237085196
179,0.3246613797660072,0.13536496309026114,0.00020525673947580577,0.502799345127608,0.03696905527664775
180,0.1099384026039137,0.6136205529826763,0.00025135441706571786,0.24460740962359773,0.03158228037274645
181,0.5931953113157425,0.08254128241463993,0.0002596886454372509,0.29460369819726184,0.0294000194269184
182,0.12086761432403122,0.6588977235989183,0.0008942566474981565,0.21305542915764913,0.006284976271903091
183,0.28972199911674945,0.23468610405702783,0.0002926668958267916,0.45310086911325675,0.022198360817139193
184,0.055137013198761006,0.8187772912206511,0.001626393226093229,0.1208329808454214,0.0036263215090732
185,0.24931301645499343,0.10775030547496936,0.0002311420643890271,0.5911726694233588,0.05153286658228941
186,0.08727456996731266,0.8570089910924656,0.0005254864307991449,0.05054501231247516,0.00464594019694753
187,0.4420264688130049,0.2285796269188367,0.0004049935428798886,0.3026549153854292,0.02633399533984942
188,0.03881576697539876,0.941254856176556,0.0008768661629249306,0.01754191634860972,0.0015105943365105675
189,0.39643974204580834,0.40017561565165666,0.0008469936997927762,0.18890601416738134,0.013631634435360805
190,0.025098731627976302,0.9462270223999067,0.0029616089788133157,0.0238928360046907,0.0018198009886130836
191,0.18479089017702818,0.6351955758166757,0.002111437082490144,0.16906590391291906,0.008836193010886834
192,0.01192589097001602,0.9569611877656666,0.010471272504028345,0.01902015344833895,0.0016214953119498918
193,0.33046269340966644,0.341312301281988,0.0007594650228398858,0.2959396713408131,0.031525868944692476
194,0.024022684289671716,0.9122009434780645,0.00398358690783931,0.05798853740536758,0.0018042479190569956
195,0.3518161860600393,0.12090942994111227,0.000513212624511554,0.37680957589563707,0.1499515954787
196,0.07108677377776719,0.8792347041788576,0.0012084327591066846,0.04579093134433065,0.002679157939937836
197,0.19218694569805575,0.44609978096574987,0.0013603449502018617,0.343492384315547,0.016860544070445488
198,0.06669640662337618,0.7974670697416193,0.00193990099529277,0.1309333154214027,0.0029633072183091105
199,0.1329159195805864,0.410320917528517,0.00252807094817918,0.43494225920619617,0.019292832736521225
200,0.03944406441805443,0.7880908793174392,0.0034169265850027834,0.16666455226801696,0.002383577411486492
201,0.07439477053918223,0.40766212519172673,0.008407984290921827,0.024296267040848345,0.4852388529373208
202,0.558571995211729,0.07915998027662895,0.00045365188827815596,0.2001860642231715,0.16162830840019257
203,0.11393240640942705,0.8373355459380741,0.0008576219263158004,0.041874719519920715,0.005999706206262332
204,0.607222455779463,0.10175550650213872,0.00021009050638936587,0.02326948057893926,0.2675424666330696
205,0.3697623361122164,0.6042469282010297,0.0005860287633910938,0.018041334627616177,0.00736337229574672
206,0.04235652742365149,0.9477509022090602,0.0012932291791462873,0.005498002602936781,0.0031013385852054357
207,0.5220439771110934,0.4327761633277152,0.00042208640423742447,0.01009293471586151,0.03466483844109254
208,0.03357188079000026,0.9545556970802107,0.007061981531134804,0.0018646919977500077,0.002945748600904259
209,0.09259007852858357,0.8979895589042153,0.002447916058482567,0.004022946132396402,0.002949500376322175
210,0.017940216127488483,0.9679343611119868,0.012095268457577925,0.0007740216324527268,0.0012561326704941607
211,0.0528616488878041,0.9359493325972866,0.004560720452951543,0.00152193030486663,0.005106367757091092
212,0.004926285335760964,0.9515764051213957,0.041065638929146595,0.0008558304727647586,0.0015758401409319113
213,0.013155240615983641,0.9134814943415877,0.06679291041739986,0.0037576075582894442,0.0028127470667393788
214,0.5046544506762315,0.44645960974533216,0.0035350046446451177,0.006937530550764037,0.03841340438302706
215,0.02442451050539951,0.9633882177381727,0.009152305652618044,0.00145990056948007,0.0015750655343298127
216,0.06139138432324287,0.9184594038085758,0.015178325347549768,0.0011819676695917077,0.0037889188510400627
217,0.007784508390341822,0.9661115308918112,0.02436483781704891,0.0004669803585177217,0.0012721425422803864
218,0.040533778791995274,0.910524571564697,0.03880023063054897,0.0018662902575327356,0.008275128755226017
219,0.007201641267810326,0.9502063004937323,0.04025991613560102,0.0006795991839369863,0.0016525429189192845
220,0.002610147448987321,0.9479917443564302,0.04761591805404327,0.00046932171278611103,0.0013128684277529572
221,0.004564142390359028,0.8643631936877614,0.12932275955154748,0.0004190272293852756,0.001330877140946902
222,0.0032390222239202745,0.8870739331038189,0.10734350869549283,0.000527235383499122,0.0018163005932687129
223,0.0008349014743715702,0.6370959878111859,0.3610533683226576,0.00011686015204781759,0.0008988822397369264
224,0.000883581264064217,0.4222946433827975,0.5755420293665782,0.00015054560562446467,0.001129200380935664
225,0.0005418245426171549,0.3761943974169979,0.6220305507939301,0.00018128485157654854,0.001051942394878284
226,0.00014117056063625612,0.0388329708387334,0.9607103724598607,5.015479425571366e-05,0.0002653313465140239
227,0.00015699321435035986,0.23157803685778622,0.7675806580254021,7.851973119201913e-05,0.0006057921712692911
228,0.0016355162553542241,0.02823560886943337,0.9672213655757805,0.00012104564631858972,0.002786463653113372
229,0.0007675309065174812,0.20667509919401508,0.7896317448803292,0.00010293463996396711,0.0028226903791744723
230,0.0004748082540250455,0.03161058341709603,0.9669197189918045,5.9243672306176044e-05,0.0009356456647681829
231,0.0011249250253455001,0.06953295740248583,0.9278114939508532,0.00011940403594312784,0.001411219585372347
232,0.00014222293877629594,0.03210223813884172,0.9672727662031783,2.8159024718223517e-05,0.00045461369448553134
233,0.00013448419871797213,0.02537312970135635,0.973781947883357,4.1053130172816335e-05,0.0006693850863960549
234,0.0004272668935805251,0.16261637260495646,0.8357460930183673,0.0001182612337184577,0.0010920062493772298
235,0.00017400133808066138,0.018496683122516434,0.9806084164883526,4.5652582888397254e-05,0.0006752464681617066
236,0.00029220541980622816,0.14126542675875478,0.856605798772684,7.087890625044621e-05,0.001765690142504534
237,0.0002584334303646598,0.029116918885246566,0.9694562551602999,6.041699987465419e-05,0.0011079755242142811
238,0.0006403904043794223,0.18889409610726304,0.8034437510795814,0.00012959464932152536,0.006892167759454524
239,0.00033255374989211246,0.14175501187626338,0.852969064415185,0.0001191722387876388,0.00482419771987176
240,0.0008725105614170321,0.052172897835928385,0.9427395394217593,0.00010813876186423995,0.004106913419031217
241,0.18866576004172586,0.09247676020504517,0.3881664312153595,0.0010399895896633603,0.32965105894820607
242,0.08330494664008979,0.04271952366521214,0.3567425223939114,0.0010274319340201838,0.5162055753667665
243,0.3966092550297785,0.10285601620744439,0.40836976004734493,0.0006839547376875616,0.09148101397774468
244,0.010611738274188744,0.22557012893166015,0.7332651337041448,0.00042912568069717856,0.03012387340930909
245,0.016842680951941816,0.11308540390039898,0.8182610973011919,0.0004807838524583342,0.05133003399400881
246,0.003992055671703153,0.11198528947700914,0.8783428144861529,0.00030428276188872763,0.005375557603246059
247,0.00018421792312459898,0.025859448314211872,0.9730286421413793,6.0990747157693785e-05,0.0008667008741265463
248,0.0003177530294616368,0.04738727421702276,0.9508054051750231,7.161533573192888e-05,0.0014179522427604477
249,0.00010905960071028926,0.011138986672462577,0.9880291253931017,6.935083863393517e-05,0.0006534774950913193
250,0.00046331431538574073,0.11081368666962273,0.8870667180072909,0.0001666717390300376,0.00148960926867069
251,0.0003598703741334152,0.07588728874279803,0.9224044145356917,0.00026963345956071546,0.00107879288781617
252,0.00042377830368197446,0.05852647445244965,0.9398205179240003,0.00022862972165554646,0.0010005995982124798
253,0.0015749074781606634,0.12012780350555229,0.8756525245818131,0.0002806672275829555,0.0023640972068910875
254,0.003030120235687522,0.5828884086711068,0.41021517464627044,0.0009158748563367219,0.002950421590598533
255,0.011065941164901808,0.8349757523533216,0.14638426428073545,0.002364427905584704,0.005209614295456513
256,0.01446893214719935,0.8629912559381814,0.11359637541762889,0.005271350200316737,0.0036720862966737417
257,0.06342581955358938,0.896163799474484,0.020186063443812425,0.015384243642296312,0.00484007388581817
258,0.005054816897082053,0.9676499058905129,0.023435573633512438,0.001972967228217401,0.0018867363506752898
259,0.0038525128733209843,0.9163415239783249,0.07618539280546989,0.0018055629961003263,0.0018150073467836883
260,0.0023265182042042517,0.8526733396566675,0.14244989046614462,0.001093342734679009,0.0014569089383047785
261,0.0020114858707066374,0.5314295635551496,0.46454188288529524,0.0005244793286910424,0.0014925883601575028
262,0.0007737079053103962,0.41998437346125705,0.5779893785024507,0.00027382182485579775,0.0009787183061261558
263,0.0021300806850509837,0.7663834766052546,0.22781304243021352,0.0009723399931892552,0.0027010602862915178
264,0.0012201285469856428,0.44538923334126723,0.5512659078875513,0.00042283969423502493,0.0017018905299610618
265,0.0008782547280462213,0.40694598787985764,0.5903827635476562,0.0005665877052078495,0.0012264061392321599
266,0.0002516882661104636,0.06504052856135804,0.9338985636135445,0.00015219367037390264,0.000657025888613034
267,0.0005763249027843435,0.08039850940755565,0.9174274096904318,0.0003161708294795419,0.0012815851697487897
268,0.0006981252890731729,0.27231466598949555,0.7246577385390661,0.0003158369061444493,0.0020136332762208035
269,0.00035880215177959776,0.046759607315611317,0.9513619398234795,0.0001299998856924029,0.0013896508234371519
270,0.0004501505258922957,0.18080718055707945,0.8162263261637548,0.0002756776043321634,0.0022406651489413234
271,0.00020607348628224213,0.022531089707235892,0.9760542304193828,0.000212675415884245,0.000995930971214835
272,0.00036267624047444736,0.09782702030670612,0.9001950832126441,0.0003382478232843277,0.0012769724168910643
273,0.00023684695603908132,0.05706400106138632,0.941547258471217,0.00017576312473411386,0.0009761303866236275
274,0.00017070465817072304,0.07985362687434702,0.9187638061601779,0.0002709024468594329,0.0009409598604447517
275,0.0010014964351480824,0.09025250324808932,0.9056466569437167,0.0016747103161160212,0.0014246330569298207
276,0.0028720808185648994,0.5550540399342268,0.4376648996141126,0.0013917751012034049,0.0030172045318923716
277,0.004923939128918054,0.7543429490479197,0.23578324895215655,0.0023792756720442476,0.0025705871989615786
278,0.0025626871755837512,0.7310338314947479,0.26077177568990084,0.001306557848834722,0.004325147790932788
279,0.012615776608287754,0.9302216178364834,0.05160751070610522,0.0026113351252340304,0.0029437597238896533
280,0.010123490017676482,0.9125402072547658,0.07240784905833184,0.0018964804792103694,0.003031973190015264
281,0.004224777146031847,0.7981087369294099,0.1937884621936445,0.0019491081852062724,0.0019289155457074812
282,0.0030929399351228896,0.8245652371823854,0.1668522823639649,0.002744043063716479,0.0027454974548102866
283,0.0085261813521152,0.8831158835450041,0.0859828106179686,0.019239314992465107,0.003135809492446916
284,0.010816694457727646,0.8267069755462771,0.12170812978056389,0.032460885700653724,0.008307314514777455
285,0.006763069369823131,0.8418736765614638,0.12247632379834834,0.023130230220867378,0.005756700049497198
286,0.18652167349924745,0.5854124565080732,0.007285613755649679,0.1954280156467882,0.025352240590241562
287,0.02190424886366889,0.9093690787789701,0.01456386448458259,0.043810346127216675,0.010352461745561982
288,0.25012044974225317,0.6384322519094442,0.006169382075079675,0.09434698536356706,0.010930930909655717
289,0.07078185041406279,0.8734644509068952,0.0033078715428130592,0.04901481944110179,0.0034310076951272086
290,0.07237372374238274,0.846237676051307,0.003585414411085264,0.07127557801014489,0.00652760778508019
291,0.025870480852627584,0.9302423807778267,0.004376407533084431,0.036102573794602404,0.0034081570418589397
292,0.03991053011547845,0.8681440735157657,0.005849630053978645,0.08161933342665686,0.00447643288812044
293,0.025519867606741447,0.906617615083405,0.006224051155658703,0.05898704356493451,0.0026514225892602015
294,0.08014886897773552,0.7068034551087305,0.005501822217976096,0.19565996143220782,0.011885892263350076
295,0.03420235963213958,0.8520958611416035,0.004030667853004002,0.10635811945506791,0.0033129919181848744
296,0.041343281936293524,0.5637707073570548,0.006075401138841558,0.38129952939437844,0.007511080173431708
297,0.1157641347345256,0.2442201720951631,0.0026545444072322098,0.5990283131625947,0.03833283560048434
298,0.11640170803010932,0.30403728966122556,0.0019491505987594057,0.5634693422272662,0.014142509482639553
299,0.1296807133892849,0.10395002032331553,0.00022934575386596417,0.7560847962460054,0.010055124287528116
300,0.07295445645300583,0.030521903717741255,8.961238967817538e-05,0.891230183112912,0.0052038443266627385
301,0.03533028998714418,0.024720798267300687,4.1006606299129954e-05,0.9343988501500298,0.005509054989226428
302,0.022733759019970566,0.012806081666249542,4.740210747747334e-05,0.9620701988266211,0.0023425583796812615
303,0.01583270081491128,0.0171476937130428,4.899286825088136e-05,0.9645748049483183,0.0023958076554768232
304,0.010379923274703476,0.009964572535268676,3.988672084063182e-05,0.9768561424794167,0.002759474989770583
305,0.007203106695552484,0.008246702380986386,2.3366651982561614e-05,0.9822010609770934,0.0023257632943853163
306,0.006756815962513062,0.003961425675947603,2.1950857212797596e-05,0.9863172099325694,0.0029425975717571437
307,0.010061529410999888,0.009210828394987169,3.459716633913156e-05,0.9753107713048639,0.0053822737228098735
308,0.029382114137973602,0.0033219073301699225,2.1038222045985315e-05,0.9606081984094765,0.006666741900333966
309,0.058388200203999686,0.007496260719343128,2.136683808778562e-05,0.9174649441738492,0.01662922806472016
310,0.07799295341423253,0.011074127213826574,3.155607567606647e-05,0.893555777062431,0.017345586233833865
311,0.1532087982674913,0.015248555740931624,3.170589961668425e-05,0.7891845913574875,0.04232634873447274
312,0.31000631387661975,0.024404254139727674,7.71524914532427e-05,0.6060475359936468,0.05946474349855254
313,0.06528926751446147,0.02551417993565023,1.810182665527329e-05,0.23100372857352555,0.6781747221497075
314,0.17511407452729383,0.01242407733229342,1.919209098752533e-05,0.09703963135662416,0.7154030246928011
315,0.014910184960445893,0.005977888891014175,2.9765912116792618e-05,0.012503138327517871,0.9665790219089052
316,0.7727760166329816,0.011134378124112597,1.957249690402876e-05,0.03294170780678277,0.18312832493921902
317,0.8958960351667805,0.01332704954120631,2.33938147529173e-05,0.032558239843299884,0.058195281633960344
318,0.7551367591036152,0.029244580082868538,2.5963436604606366e-05,0.1796893306038285,0.03590336677308304
319,0.32908349068422604,0.13634494829146557,0.00014433202832051412,0.5207349176155196,0.013692311380468301
320,0.1533677640166445,0.1760270424061511,0.00010552527375080777,0.6439316655194648,0.02656800278398881
321,0.034241271702177216,0.7794410025847178,0.0005049417971849753,0.18037983461856213,0.005432949297357757
322,0.227378200279812,0.07228531894015017,8.32033826593737e-05,0.45473926184724495,0.24551401555013355
323,0.353622774926494,0.20472818323116995,0.0002476141040545625,0.4340830508206405,0.007318376917640918
324,0.3125869196279034,0.4116701994506789,0.00022320720000162264,0.18910300287613543,0.08641667084528054
325,0.26687763600221237,0.6368968500207591,0.000450408567074252,0.08963296620243422,0.006142139207520028
326,0.27909604093635115,0.3383072019441768,0.00031864872755521913,0.33018952590830924,0.052088582483607544
327,0.0874224440525584,0.744464901005626,0.0011057311162346,0.1609258361577562,0.006081087667824735
328,0.2862100150059059,0.26790683150095795,0.0006449671408357044,0.2785413083985667,0.16669687795373378
329,0.35719041201809704,0.27215501091023586,0.00036011579206572084,0.353076265633289,0.017218195646312422
330,0.12999919946960944,0.7551452473784033,0.00016001019610029275,0.08740709814269937,0.02728844481318758
331,0.23617783590579716,0.6232493607976294,0.0002611985909239837,0.12515772695040117,0.015153877755248256
332,0.18088911160686447,0.6924068007328815,0.0002336931768986584,0.0946164072671429,0.031853987216212375
333,0.08599335627282945,0.8408286011849739,0.000271354243876238,0.06893446835699385,0.0039722199413264525
334,0.14348869790266636,0.7200153988245918,0.0001999628673097041,0.10800452014275372,0.02829142026267847
335,0.11605173192697546,0.8118806444339655,0.0003391935698653901,0.06809118217692776,0.0036372478922661365
336,0.11730281115185306,0.7914670612706582,0.00027609968582738547,0.07453831779406032,0.016415710097600948
337,0.3086232061965216,0.48555963993593004,0.00047998604629611913,0.1946978222731194,0.010639345548132758
338,0.0933386194773258,0.8049964067660008,0.0006375655071789058,0.0777305564734922,0.02329685177600228
339,0.043795107376488694,0.9069376422376211,0.00200219941725089,0.044179205782275625,0.0030858451863637897
340,0.2274636477200603,0.43578262274054635,0.00014282342917672298,0.3107477615353061,0.025863144574910582
341,0.17371724257564278,0.6651864166413312,0.0007286161048184972,0.1347609353525845,0.02560678932562287
342,0.2974953010897061,0.32113874117798624,0.00033373486315003444,0.3663626737113507,0.01466954915780691
343,0.029570303126290762,0.9371426977312463,0.0004531933074338307,0.030915674778455478,0.001918131056573484
344,0.41825275788894994,0.08272654615439008,0.00020575427664348305,0.34353072776696053,0.15528421391305594
345,0.016667784707087786,0.9604851550383706,0.000575761510269158,0.020542095564785593,0.00172920317948699
346,0.2457837147981328,0.10545971832504253,0.0003156327334979497,0.4636390604882906,0.1848018736550361
347,0.6387932295355522,0.10543892766417728,0.00012846810057795676,0.18516901678804948,0.070470357911643
348,0.01875562135625673,0.9531572708385515,0.0005087195292232443,0.02506264279373746,0.0025157454822312833
349,0.19741051926223113,0.0722171105301863,0.00020049323706790214,0.05594051384164078,0.6742313631288738
350,0.7025470790193625,0.15241751291393538,0.00012071688072543957,0.06495954897153415,0.07995514221444258
351,0.5539122635692542,0.3806602768227678,0.00020109482434855634,0.05713991975477729,0.008086445028852108
352,0.6544158428688829,0.31382005327246176,0.00015979520270979937,0.01635217741376501,0.015252131242180559
353,0.06233103811929096,0.9242068467361353,0.00043017919045998046,0.011375297591858567,0.001656638362255242
354,0.024959131996755368,0.9601897009039877,0.0034942129363924944,0.010481026630166234,0.0008759275326981613
355,0.05468406177664945,0.92696560068208,0.004551624538109432,0.009017009276704832,0.00478170372645633
356,0.014568299124511285,0.9798279247977533,0.0018618962070343476,0.002648893190750425,0.0010929866799506986
357,0.0240055503219395,0.9570142273039082,0.007737477820240483,0.009012399729264438,0.002230344824647551
358,0.0269681892126794,0.9558456101535173,0.009159253234418935,0.00568793823657043,0.0023390091628139502
359,0.02822764331481133,0.9530439571163132,0.010949613513115762,0.003984747013079811,0.0037940390426801055
360,0.047939986985402014,0.9363693476472146,0.004833476254448516,0.0019805898372090396,0.008876599275725743
361,0.07034227620380512,0.9203815774333037,0.003043011890406977,0.0029663499507946267,0.0032667845216893428
362,0.037539706079719744,0.9541489767481286,0.0029791367971307254,0.0013093403796474769,0.004022839995373561
363,0.03253823872081975,0.9581612112925801,0.004841744568260702,0.0027835958835181114,0.0016752095348213111
364,0.031330496657365224,0.9451633170597858,0.015413882807324785,0.004479065946966896,0.0036132375285574617
365,0.011144365617785756,0.960196802804684,0.025040484693118523,0.002002795267237374,0.001615551617174299
366,0.012219438663842517,0.901632557889904,0.07292086562735843,0.006708350825543187,0.006518786993351889
367,0.10907412031876146,0.815943855470691,0.03151504689139214,0.03258209317094133,0.01088488414821404
368,0.06839352922919009,0.7479547857834389,0.13591430156098705,0.016281369997861835,0.031456013428522014
369,0.12007172353447028,0.07286440837710818,0.0010031907260055098,0.021905521448588563,0.7841551559138275
370,0.08244183131316322,0.052105784505735254,0.0026738993392543594,0.013574734669860207,0.849203750171987
371,0.5146828591992632,0.06277923446571018,0.0002848960502468281,0.012682400644773637,0.4095706096400062
372,0.15697880468106898,0.6940603045456499,0.010903946813605923,0.003895740031957681,0.1341612039277173
373,0.22002496998760526,0.1474035279820244,0.002616124578313003,0.011993731897287686,0.6179616455547696
374,0.09858135907976462,0.01612102276763298,0.00014399285060040076,0.011676555714502573,0.8734770695874994
375,0.6469904162765076,0.2528150877288948,0.0011220527528367713,0.01712060726415894,0.08195183597760188
