epoch,N1,N2,N3,R,W
0,0.057953051857367495,0.040289850863975386,0.00022337713153869609,0.014715018939749358,0.886818701207369
1,0.09512437261296236,0.012098068764468863,9.3011621149265e-05,0.012395448403898226,0.8802890985975214
2,0.14602542966610327,0.030174998430469065,0.00023784465603168196,0.01187641692839079,0.8116853103190053
3,0.2815356706283627,0.11593552361908079,0.0008836490437543331,0.04748939450216053,0.5541557622066416
4,0.05935098057411526,0.00771401070238479,5.616478968361607e-05,0.003370620630083773,0.9295082233037325
5,0.2696993164526764,0.08315568492459746,0.0006351998228531403,0.0421505233066511,0.6043592754932219
6,0.4063398242445321,0.10494008502082693,0.0008665015733310488,0.03214660945873879,0.45570697970257107
7,0.5062963108071113,0.10807479325404364,0.00037418033301122217,0.074544588154787,0.31071012745104665
8,0.18214539936383187,0.6058911543975801,0.0011810853883146791,0.08745333528561897,0.12332902556465436
9,0.17147696605219973,0.37781315619530825,0.005452538711275061,0.041361712715847154,0.4038956263253699
10,0.19239043345772505,0.1724004878088057,0.0018405663958547857,0.07514464525311418,0.5582238670845002
11,0.08497700048519433,0.017363383334637283,0.00021444256586310075,0.013561354100923502,0.8838838195133818
12,0.18593602081951002,0.019281432930578643,0.0001932636266374019,0.014452537408591265,0.7801367452146826
13,0.49052992976562,0.1145763189411487,0.0007117037895419457,0.02273546842149317,0.3714465790821962
14,0.30216953126311885,0.05169323482619779,0.0001785064540837789,0.014505241909413458,0.6314534855471862
15,0.45048790645442893,0.24141501383665692,0.0008852511981365637,0.04093875898494105,0.26627306952583657
16,0.07352346232421383,0.006961164035032505,4.34429526025421e-05,0.017836146563737745,0.9016357841244134
17,0.30816402860224706,0.08538366365931697,0.00028705768341169986,0.031227960315016928,0.5749372897400075
18,0.17284682778192376,0.20847426215352113,0.0010189242106160195,0.019710563443019715,0.5979494224109193
19,0.13505850070953015,0.07653336146686501,0.00046004407155984155,0.011602323330321657,0.7763457704217234
20,0.04977245616864519,0.7581753271053853,0.03115147307837649,0.007594251265527092,0.15330649238206598
21,0.12908984700548634,0.22629543272544034,0.0023387664365234788,0.024746812480071934,0.6175291413524778
22,0.12557908670390602,0.032206941907093785,8.835129994286221e-05,0.01291552548189089,0.8292100946071664
23,0.4139358487695825,0.21207932665877233,0.001374301373090071,0.020162804528095154,0.35244771867046
24,0.4550282574845537,0.22298447110107708,0.004820014138629556,0.0035624697505472207,0.31360478752519244
25,0.30539728238558705,0.5984425113651585,0.0034677806324156114,0.015029471475488401,0.07766295414135048
26,0.13960981207547352,0.30264495902525623,0.014057499072398673,0.0028599163308669576,0.5408278134960046
27,0.14903786501800123,0.6998459126215298,0.04803602917931787,0.006341965044294427,0.09673822813685673
28,0.22605497765605895,0.606861202575821,0.016998841750765714,0.011184114478333767,0.13890086353902065
29,0.10026023553743672,0.7518467374169099,0.034084955566177945,0.00672112897751325,0.1070869425019624
30,0.1261265387966239,0.7450270140326077,0.014071734877897642,0.0060547093840480305,0.10872000290882279
31,0.06813476587704671,0.46298468564784706,0.006054786710698002,0.009476462243353837,0.4533492995210544
32,0.24777335121235755,0.4504315209703478,0.007331027484501765,0.022135000727555795,0.27232909960523705
33,0.10917376701816685,0.6039995758433928,0.07983844936307812,0.002099653933392353,0.20488855384196983
34,0.22311768730317047,0.531045614167258,0.07761247180245609,0.0031416030338930374,0.16508262369322238
35,0.13538702114377524,0.5852014245941279,0.05567627091360772,0.0031845764025421035,0.22055070694594692
36,0.04191499998838725,0.6826139823544558,0.11652960898153768,0.0031331987985586014,0.15580820987706093
37,0.13937304442385678,0.3428319815347502,0.019165215758751783,0.014502860086381637,0.4841268981962594
38,0.06829359552087569,0.5022167094899135,0.0381597932489562,0.00624656849985901,0.38508333324039573
39,0.09867092344881986,0.7338219068953125,0.031258477707089886,0.018404485071389944,0.11784420687738792
40,0.07342008381880695,0.7886044560409278,0.02035364520479193,0.00571351943326219,0.11190829550221124
41,0.06322330785707167,0.6327844784316262,0.0625274438520565,0.010887899035252377,0.23057687082399325
42,0.1607351743281009,0.42993706312503827,0.03704444241355372,0.006833145646325607,0.3654501744869815
43,0.021368532014745548,0.014648092998381856,0.00019606123316983368,0.001001925901732316,0.9627853878519704
44,0.13783215633688403,0.08891040696705933,0.00044652906064028243,0.006520281707546755,0.7662906259278697
45,0.3636439795359938,0.16541454413973153,0.0011854538551776914,0.0031029744971246024,0.4666530479719724
46,0.09840302633659585,0.6678239729381926,0.005338270486198141,0.0023844734585514032,0.22605025678046195
47,0.10658519466695882,0.15947784800889855,0.0026601795248185713,0.014149417012742105,0.7171273607865819
48,0.08953371705574777,0.4680708195887846,0.0064540903185951294,0.017005610919882078,0.4189357621169906
49,0.14857940206741985,0.09112145343638171,0.00037850959007427776,0.03133228010735113,0.7285883547987729
50,0.4389695371321514,0.1304451927533112,0.0007568365725606862,0.050648775349798926,0.37917965819217786
51,0.3930513765457288,0.28276110992454884,0.0009247111966638437,0.10866903336237882,0.21459376897067975
52,0.3638745912888975,0.29501945340916225,0.001533201422412302,0.04138023938910136,0.2981925144904266
53,0.10609238893361622,0.4212274320971367,0.00561879835698418,0.015988280768708618,0.45107309984355415
54,0.0802824589978274,0.04398855442066915,0.0007248556250986462,0.004230924238901104,0.8707732067175037
55,0.2649957824342172,0.03479786740983003,0.00029123489375202993,0.0066743033490109785,0.6932408119131899
56,0.38265287176274987,0.20550986319670672,0.001226386473873572,0.005417145005553636,0.4051937335611162
57,0.44748160118200375,0.19389603186455306,0.0023933889132726175,0.004693117170616273,0.35153586086955435
58,0.6337135241847693,0.255555305157493,0.0015392357770494635,0.0048675346296984294,0.10432440025098971
59,0.21943420993443533,0.6319716510522021,0.015357130760252078,0.008046551367107751,0.12519045688600264
60,0.1341894996106245,0.7214856388512411,0.04434533697961559,0.014033157462555368,0.08594636709596362
61,0.13506548456266168,0.7711120482282431,0.034820907499295735,0.02124829530919382,0.03775326440060557
62,0.027298520801803342,0.8852334415030516,0.06955100019592192,0.006656162001806669,0.01126087549741661
63,0.028329201714746503,0.9156176895782328,0.04161017097812558,0.003060320920225246,0.011382616808669905
64,0.11777039707828027,0.740486607632407,0.021996431530378304,0.0030756997026551705,0.11667086405627923
65,0.059674691746671546,0.8480335690821601,0.07380358774435371,0.002442919928753552,0.01604523149806105
66,0.047954442090277,0.8989627117620037,0.04613708126918017,0.001041024197107517,0.005904740681431896
67,0.09392808173759473,0.8438125142648112,0.045160476230877086,0.0013142064218775468,0.015784721344839263
68,0.024439030080306238,0.6901657606274884,0.27328212698569876,0.0013950659600047936,0.010718016346501815
69,0.07572271476262919,0.8299773657775469,0.0725497793023165,0.002234709623718766,0.019515430533788646
70,0.07326981845065039,0.8760311548176752,0.03416820189458063,0.001368284242986133,0.015162540594107482
71,0.04733665077956416,0.7367029899461793,0.18723455256825272,0.0005611693800391507,0.02816463732596469
72,0.12508114246767946,0.7426269605755065,0.11881808979926584,0.000965883300211066,0.012507923857337217
73,0.038991826978758394,0.6591608192010164,0.28701613410956256,0.00047097815855528375,0.014360241552107245
74,0.03178093302305317,0.8620844323619816,0.09959537455045865,0.000373797975726608,0.006165462088780024
75,0.0040588785697827515,0.7046528651336866,0.28423536517464953,0.00027157837882224866,0.006781312743058821
76,0.00423629552993252,0.41776030320469204,0.5703966473490156,0.0003473574893769235,0.007259396426982848
77,0.002986876315139771,0.3581232654528315,0.6165294889874949,0.0006267376157923347,0.02173363162874144
78,0.00389078587788093,0.36920852600207915,0.6186899775189777,0.0007643013572284355,0.007446409243833791
79,0.0032060235319009574,0.22630441463827863,0.7560449942279007,0.0007444091128460964,0.013700158489073725
80,0.0020588964803285397,0.2237847039624506,0.7627271669476818,0.0007588123177411922,0.010670420291797933
81,0.0046815190657088996,0.14270669111127837,0.8305254425737476,0.0008760614497419935,0.021210285799523183
82,0.02295202389424952,0.46415907295177355,0.47113022728866083,0.0011843063263788538,0.04057436953893728
83,0.03771614062407403,0.5240045970316323,0.4081453377348582,0.0014204757475825233,0.028713448861852797
84,0.012322213116606232,0.4195738063527038,0.5215310808469215,0.0008954690260367304,0.04567743065773181
85,0.04288261703391848,0.4239787120334817,0.4703729170504461,0.0013889608043859605,0.06137679307776764
86,0.060223620583386164,0.7039532301459088,0.1876116730832636,0.004290706579645047,0.043920769607796374
87,0.053427961504705135,0.16638835058163112,0.025223426223266218,0.002951460476431158,0.7520088012139664
88,0.10893447991273558,0.6037057529851108,0.03680323978016116,0.005983818252500239,0.24457270906949227
89,0.03243270854438784,0.05871508110321604,0.002970863343816036,0.0017618584523111853,0.904119488556269
90,0.08635285833951878,0.06188188912811487,0.0004018026109912279,0.0033370255524250553,0.84802642436895
91,0.01656077613571251,0.017411082308637343,0.00011672200591095464,0.0007956517617703547,0.9651157677879688
92,0.011981510240261355,0.004467838049803565,3.835002682716231e-05,0.0005887298744415994,0.9829235718086663
93,0.15761852763591772,0.022668149104238058,5.609122374150518e-05,0.004437308694681606,0.8152199233414211
94,0.00975399152328174,0.006467056077898803,0.00014941902857476595,0.00027437277255678156,0.9833551605976879
95,0.06821211604478108,0.011339042679909987,0.0001503288760120139,0.0010432114391056163,0.9192553009601914
96,0.036455324681819834,0.008665438214349182,3.711864276621741e-05,0.0033982218352920047,0.9514438966257727
97,0.04467143238949325,0.019554229707068993,0.0008123278837109362,0.002234122027929601,0.9327278879917973
98,0.03654743276101568,0.025275975287014862,0.000403804239715845,0.004402321511921639,0.9333704662003319
99,0.060342631887419,0.010040962373386891,4.201400994586729e-05,0.012287222963866366,0.9172871687653819
100,0.014727656064791051,0.0021743378034997547,1.1998051646766976e-05,0.0034974073852030918,0.9795886006948594
101,0.006760324098284681,0.005005873171609759,7.648705707090371e-05,0.0018291609174393927,0.9863281547555952
102,0.005882314174770397,0.0058305293363605515,0.0001841800924479143,0.0013727254992840882,0.9867302508971372
103,0.04788287956006389,0.005045116273809167,6.299915479846526e-05,0.0016138098774885975,0.94539519513384
104,0.021925385829959048,0.004575828756786054,3.2119800587409445e-05,0.0012623648483249103,0.9722043007643425
105,0.04264958989599789,0.01821663052959397,0.0003797988475882521,0.002362209319629564,0.9363917714071903
106,0.02895254591807382,0.0037362693503387575,2.9739638442810573e-05,0.0012898418666034413,0.9659916032265411
107,0.00548887192826903,0.001673201432793077,3.143874134239392e-05,0.0004997669385351073,0.9923067209590604
108,0.009947421707684622,0.001369446164504339,2.2188796498812755e-05,0.000542436384866114,0.9881185069464461
109,0.019001158547242717,0.002728821265216387,0.0008112817179100377,0.000858863743886495,0.9765998747257444
110,0.0019101406681880622,0.0009321166309012626,8.435704655521027e-05,0.0003174762265825075,0.996755909427773
111,0.025167832637536643,0.0025503571239260093,2.103363081977384e-05,0.002625165316839787,0.9696356112908777
112,0.03581428761113852,0.012542361770372261,1.8719811257679623e-05,0.0028366194826123826,0.9487880113246192
113,0.04437093274152688,0.007037471367916351,4.086196452692164e-05,0.012922117909948181,0.9356286160160816
114,0.020022072437356344,0.0048348887168545,2.5099123136017616e-05,0.0039005540325110933,0.9712173856901422
115,0.015663860527177196,0.0020156699112421584,6.26853528994299e-06,0.0040846825992324285,0.9782295184270583
116,0.029757789143252462,0.005265158213668859,7.990185046862902e-06,0.003562412521408862,0.9614066499366231
117,0.017072869662693415,0.003190606009082816,1.1426409433282663e-05,0.0024143945788502423,0.9773107033399403
118,0.21765128459564861,0.023649906080324832,1.8634031926463018e-05,0.020026058810143497,0.7386541164819567
119,0.08599757335555447,0.04782481328123343,0.00013802677365072508,0.0211279645171384,0.844911622072423
120,0.08172616130943786,0.02142590684469681,4.4745347428636214e-05,0.024823719386366686,0.87197946711207
121,0.11838910806481785,0.03225309410731271,3.953826074778413e-05,0.07283754954464661,0.776480710022475
122,0.0024860982392945234,0.0006753520161609302,1.162999974985923e-05,0.003103523507691267,0.9937233962371033
123,0.015413198535564852,0.0038217181897474413,9.005058785998169e-05,0.003134333288832767,0.9775406993979949
124,0.020333358432488804,0.0010056991388526103,5.004946296988587e-06,0.0010272207876110733,0.9776287166947505
125,0.0149454948852456,0.0019724727536199814,6.580197358644383e-06,0.002862171694462201,0.9802132804693136
126,0.038134837510017096,0.0035094475605263148,1.5154326592946361e-05,0.0055664033201261775,0.9527741572827374
127,0.10256774083481587,0.006835612367585919,3.094552246250685e-05,0.009122577805545136,0.8814431234695906
128,0.13406512584715832,0.04259733121912907,5.584141578713574e-05,0.01696952205079671,0.8063121794671287
129,0.11840073069242804,0.08254867443613763,0.0008732891024380797,0.05259125043480006,0.7455860553341962
130,0.07034648065968663,0.014211616370574293,0.00013089688757692908,0.012675497457159238,0.902635508625003
131,0.08104351583523492,0.030994588053395045,9.956228538231756e-05,0.01888220553153779,0.8689801282944499
132,0.08224513823474115,0.09620915500912251,0.00239934534321361,0.014674067537314131,0.8044722938756085
133,0.04770568213639044,0.004844973374802231,7.93254491782402e-05,0.008975997920041369,0.9383940211195878
134,0.2395864032199212,0.04248401038376546,0.00024314959823735764,0.021398553514564572,0.6962878832835113
135,0.06815986886490179,0.009216187586327326,4.0782573857431745e-05,0.012111800110600824,0.9104713608643126
136,0.47732720216347796,0.02151804376390215,6.730519244390995e-05,0.02433805915963526,0.47674938972054065
137,0.17708960260972204,0.025534494152520168,0.00011014374950610301,0.030901503491292937,0.7663642559969588
138,0.1569825822144953,0.008467994040692648,8.628007863307329e-05,0.010815249644284663,0.8236478940218943
139,0.2652278635533712,0.10160534082650702,0.0024237570314042875,0.04123631022617681,0.5895067283625407
140,0.087551651723391,0.0077383569351851525,7.243469955370955e-05,0.023687791716724554,0.8809497649251457
141,0.24556833052093302,0.09388603543458661,0.0003384120586919891,0.038821069063951795,0.6213861529218366
142,0.24035175715949658,0.13375454571505016,0.0005169192768146756,0.11120605932721271,0.5141707185214258
143,0.08386281313137149,0.005627938914470987,0.00012219065939239596,0.022696281923194093,0.8876907753715709
144,0.2976300865810139,0.0647416122620039,0.0008056691664066118,0.09334390641191127,0.5434787255786643
145,0.13353372001783975,0.07118260871405563,0.0005197327491728778,0.04563245448776466,0.749131484031167
146,0.06925993490930535,0.019073360185182565,0.00015493148478795736,0.029801515288248624,0.8817102581324755
147,0.012933053903841025,0.0059778505421964065,4.897427907979329e-05,0.007210058508570206,0.9738300627663127
148,0.13214122400615586,0.019719275612427655,0.00010671118023212503,0.046796293049656566,0.8012364961515279
149,0.02727015858124065,0.004143368370391713,1.728371153344553e-05,0.005099060208056326,0.9634701291287778
150,0.09550309713329795,0.01330526598033061,4.0145182005217446e-05,0.007876066006459919,0.8832754256979063
151,0.23221550588791168,0.047215616129419366,0.00013965364827694197,0.02360190299125438,0.6968273213431376
152,0.04186249940101366,0.09660881871912272,0.002064663814291077,0.0061332511745305004,0.853330766891042
153,0.016144655325669208,0.012675668707912896,0.0002313730024208991,0.0034014831395318586,0.9675468198244652
154,0.019439650366665496,0.009642418458841038,6.534481243405855e-05,0.0033967182236770734,0.9674558681383825
155,0.10298302522999013,0.019212348996231997,5.449233752339269e-05,0.005104498237796813,0.8726456351984577
156,0.06844684133042164,0.005441171567635464,5.282622368077542e-05,0.005291477328855793,0.9207676835494064
157,0.07063359755889236,0.005899154528579135,5.053189191838505e-05,0.01811987133762305,0.9052968446829871
158,0.1562585056800742,0.031056678012706035,0.00028302940258178276,0.057202727241699496,0.7551990596629384
159,0.013185268598632753,0.008560805478669841,0.00030951017687065325,0.010419098613594975,0.9675253171322317
160,0.00596101917605264,0.0021978606363357903,1.623881158439452e-05,0.0027783537312960575,0.9890465276447311
161,0.12713103143729643,0.05923911655619473,0.00012376091265499245,0.0363036590478733,0.7772024320459805
162,0.11785612449091708,0.04986224430233525,0.00014894580845476656,0.016513997179715363,0.8156186882185775
163,0.10904125704355355,0.03577221098915261,0.0001477553238123024,0.01759350959327037,0.837445267050211
164,0.1465338652314926,0.0739185084930075,0.00042868574971348253,0.035610516827310666,0.7435084236984758
165,0.008730246220932275,0.0013607340510759936,1.5366740176989133e-05,0.001749727016695202,0.9881439259711194
166,0.06984251738754277,0.012089878062029484,5.821474302598612e-05,0.020971674475977236,0.8970377153314246
167,0.035944059660158484,0.004230619949309441,5.833489470679897e-05,0.003499014360942226,0.956267971134883
168,0.06441299347408314,0.008905285607911557,4.8608387978955616e-05,0.01157748029135761,0.9150556322386688
169,0.03228575948002458,0.0028370526197164124,8.719972085910573e-05,0.007709733644570509,0.9570802545348294
170,0.08203002841599537,0.022908240891088456,0.0005312559149575634,0.010536569639990463,0.883993905137968
171,0.023903616823178174,0.01532336667404825,0.00027389043511628366,0.0045892086604481476,0.9559099174072092
172,0.03459209700030442,0.0028171133244971045,8.877139219346376e-05,0.00657947115646308,0.9559225471265419
173,0.07132875272451167,0.005073452659116883,6.530005784139585e-05,0.018661948937928795,0.9048705456206012
174,0.12817047603158138,0.028307634849706782,0.00035200249867524397,0.011982953863665505,0.831186932756371
175,0.039746029630775524,0.0039658788331345795,0.000795616396752172,0.0031564632485548594,0.9523360118907828
176,0.1145078492578303,0.04413747702428385,0.00042345226010861585,0.01931451647991596,0.8216167049778612
177,0.11938288142648523,0.07423159101151572,0.00039300506187722853,0.015660039786875884,0.790332482713246
178,0.23417122485562789,0.22260316504851083,0.00261722014885438,0.054982605623150785,0.4856257843238562
179,0.02193758977795915,0.002918759998676513,0.00014922927184658945,0.010799608954021978,0.9641948119974957
180,0.08053270188483687,0.0035776115295609047,9.894591297250185e-05,0.02885059290122878,0.886940147771401
181,0.23848636918046376,0.07699402507433899,0.0014923530487536297,0.06651971162893155,0.616507541067512
182,0.382924747944142,0.2025119106904679,0.003029083915223833,0.10016633136135689,0.3113679260888094
183,0.2267256504885659,0.026695974638402387,0.0002142717949449118,0.09452334407325876,0.651840759004828
184,0.3584493385375169,0.16405814871925087,0.0009577707395757748,0.14951362453652614,0.3270211174671302
185,0.1642069334535446,0.5518164293119697,0.009529550667916513,0.18136275764220672,0.0930843289243624
186,0.4157615130480697,0.12855072846198987,0.00036455619559511545,0.16057606317105977,0.29474713912328565
187,0.05821486303158575,0.8209619630340244,0.015713525163458603,0.07685612720318225,0.028253521567749136
188,0.19845489073831638,0.5321391132166299,0.0005012044096439911,0.13753139678877593,0.1313733948466338
189,0.10551820502274124,0.043710581836001156,7.472173905954438e-05,0.04008946127459655,0.8106070301276016
190,0.201444686602338,0.3864283610609751,0.00031159753837931237,0.06230873158581868,0.3495066232124888
191,0.10787339526198801,0.01012805003540738,3.0399470057253637e-05,0.01449836815546511,0.8674697870770822
192,0.32799232066314565,0.11036243396128619,0.0009992389091956545,0.07454063306998723,0.4861053733963852
193,0.32136497898839367,0.36822453253229076,0.0015283437530795403,0.14721491675248627,0.16166722797374986
194,0.3304346458549967,0.27562930793283386,0.0005061221323247624,0.07660957811261485,0.31682034596722974
195,0.2536722046682304,0.05543606273276312,9.485036898712161e-05,0.06059983876848766,0.6301970434615316
196,0.0955736268987536,0.0178061522905066,3.51948606748005e-05,0.02959498513253117,0.8569900408175338
197,0.06220862879823052,0.014118684439909324,5.079920656828327e-05,0.02483758823123772,0.8987842993240542
198,0.16402433019930857,0.015133155821591901,0.00010045006542672219,0.041885569819407616,0.7788564940942652
199,0.16880194477359858,0.04953082989340312,0.0006939899201312717,0.030840666817279396,0.7501325685955876
200,0.07926017661998849,0.021623739643779265,0.0001473286003921449,0.026547219695587484,0.8724215354402527
201,0.1372679442497634,0.044150203778831436,0.00032597386565456964,0.11217843863756337,0.7060774394681872
202,0.01757564908929335,0.00313023165113524,4.1363679975989994e-05,0.007962472817462617,0.9712902827621329
203,0.02738836785241453,0.0017732453367185494,3.7061779729646e-05,0.0030300597119622573,0.967771265319175
204,0.4214246231113114,0.11604498606426539,0.0008450308741948458,0.04221169785056668,0.41947366209966164
205,0.2530314517980196,0.022726285732436388,0.00019627900132244286,0.029092207040547737,0.6949537764276739
206,0.39242819208997665,0.08833033485345612,0.000413279427088458,0.05369324676404385,0.4651349468654349
207,0.4074298333994377,0.18336470568823082,0.0007671741058790457,0.03668732277746151,0.37175096402899077
208,0.059240552787340285,0.8912755950353561,0.030237877406459505,0.0032752273091338465,0.015970747461710223
209,0.2384142336036559,0.6416198463572741,0.002801559512292101,0.014921303488156302,0.10224305703862148
210,0.23426563682520968,0.645817484451389,0.0020705129946871196,0.02970906299256839,0.08813730273614567
211,0.00756405720631621,0.7171365760016825,0.26470776562916304,0.003532149119041435,0.007059452043797016
212,0.02697950350948011,0.9530418935553886,0.013608016314098314,0.0016383595595536146,0.004732227061479308
213,0.020026536531446867,0.7255121948838676,0.2432751977176716,0.004465579762086957,0.006720491104926999
214,0.028875125396252893,0.8942657445074423,0.060577818926996346,0.003633370802101984,0.012647940367206111
215,0.022614831525585907,0.9048009458468083,0.05975211794118157,0.0019995233820639968,0.010832581304360281
216,0.09870598159985573,0.8700840595903535,0.009962808881282675,0.009167018031730735,0.012080131896777509
217,0.006282146936602596,0.5548404808434303,0.4250519465609384,0.0029312568161811185,0.010894168842847574
218,0.10385433257895252,0.8494734325091436,0.011192603621016052,0.01035536862548434,0.025124262665403456
219,0.02166980188870916,0.8900980657835433,0.07058060163897174,0.0032594552190397946,0.014392075469736074
220,0.0436846109574455,0.8888035241869544,0.03215476348818112,0.005966462641529886,0.02939063872588906
221,0.33835358886840494,0.41131636145327893,0.002531333275388101,0.008194702712908813,0.23960401369001913
222,0.07650277837864645,0.813549647374827,0.07202934973882093,0.007389194301117033,0.03052903020658868
223,0.07699540540621945,0.7820593539011186,0.057832669730068356,0.003041940154350633,0.08007063080824307
224,0.3603146900115017,0.545589658034583,0.008190531309435641,0.01376878326012384,0.07213633738435585
225,0.4443811103941681,0.47802149823678197,0.001110463025486049,0.01241111548988122,0.06407581285368265
226,0.24966858264872197,0.7063237249537787,0.007764053793952039,0.0046947386972935636,0.031548899906253564
227,0.34114540709517477,0.537724419744683,0.002423648266101361,0.014303867822695474,0.10440265707134537
228,0.05651522080426749,0.8457826917387558,0.08737235264522963,0.003128971848825229,0.007200762962921696
229,0.011677885769293454,0.7731550846040955,0.21073397492911913,0.0017040895849608176,0.002728965112531155
230,0.01453612915438859,0.8237175858103755,0.15301825430495458,0.0022503700081959285,0.006477660722085304
231,0.20910013718443912,0.6884142299421371,0.014488756220383894,0.025853163871888657,0.062143712781151335
232,0.03707740522527634,0.8333784507135843,0.11144242934369808,0.004714297125236493,0.013387417592204971
233,0.3040238291104206,0.5527788737611691,0.0036864478273104175,0.004970835550439381,0.1345400137506604
234,0.17436633901933377,0.6774143260085661,0.011869942074985785,0.0020512624690405767,0.13429813042807368
235,0.1949103362110489,0.7350891983926502,0.025156261197658892,0.00298100332432171,0.041863200874320446
236,0.19843973425730588,0.7395124473787331,0.0186590784671641,0.002124787289149171,0.04126395260764766
237,0.298505860482907,0.647884241639071,0.00790956810024395,0.005524010949762234,0.04017631882801587
238,0.026008929383644384,0.5819569105966179,0.3702320180087743,0.0020947305796007475,0.019707411431362502
239,0.1575855427359657,0.5789717963709036,0.12003168366211686,0.007566398602840056,0.13584457862817378
240,0.14438207376398143,0.7786669581296363,0.02034048713317612,0.005758732127416527,0.050851748845789545
241,0.020672598688420495,0.5939998981243253,0.3701221465066023,0.0031857355463618003,0.012019621134290072
242,0.04082569275393677,0.8596861403766745,0.06840015800062373,0.0016989245691434271,0.029389084299621504
243,0.06675341018196913,0.8661658556104158,0.0478224279260365,0.004282238145614596,0.014976068135963918
244,0.3266156092006649,0.21971239091831957,0.0011829541329263814,0.003524612194897102,0.44896443355319193
245,0.4460067249996222,0.44010606374870764,0.0005727363080119341,0.007341541648424479,0.10597293329523379
246,0.12982746632717035,0.8112441055920275,0.015082413109351168,0.0013199046810474769,0.042526110290403644
247,0.1388590334800553,0.7278335777010767,0.006267619642445822,0.0013274337989666338,0.1257123353774557
248,0.03735031635820281,0.7454327414716898,0.17430327134311924,0.0015113824973585974,0.0414022883296297
249,0.19453976125905625,0.7646804637218856,0.009298733395014757,0.008898368576860605,0.022582673047182693
250,0.039540099538231996,0.604134830023309,0.31240537167312166,0.004132028864629925,0.039787669900707374
251,0.30228090324706675,0.64556337146299,0.005208602183457537,0.02126769240297525,0.025679430703510323
252,0.051289879218475845,0.8278452137655028,0.09928831092007905,0.005584689803183171,0.015991906292759348
253,0.1948502880947985,0.7079504306411444,0.014816838100297701,0.016013100355376973,0.06636934280838244
254,0.10079942584074625,0.8407373828037992,0.010262617319689214,0.010951866510747513,0.037248707525017855
255,0.07214877532829618,0.8750026837043883,0.026798447862252408,0.010722790747584117,0.015327302357479075
256,0.07829248646104178,0.8429914335018471,0.05516288144017211,0.008875812514988705,0.014677386081950258
257,0.0340342857929059,0.9017370026746021,0.04378597538844316,0.006577511865217717,0.013865224278831136
258,0.023034316913680995,0.9327980971386323,0.028555938218966914,0.009574648620216331,0.006036999108503741
259,0.07819077987876095,0.7631289036711484,0.13781770540129182,0.00501190383803262,0.01585070721076616
260,0.018293554872490497,0.9146607630773618,0.06036823536620912,0.002558312780351831,0.004119133903586978
261,0.012987949572570918,0.7762286431618517,0.20461131734521923,0.0010666975191909098,0.005105392401167207
262,0.05240655331265944,0.8700101659623484,0.060523477194344165,0.0019751418801203253,0.015084661650527843
263,0.008643743816345945,0.7887267405270338,0.19585799451870461,0.0009753150920638471,0.00579620604585166
264,0.017281469621136792,0.7826594211761753,0.1937334222140273,0.0008519649856484955,0.005473722003012247
265,0.02011329203090815,0.6052321735370928,0.3565400525483323,0.0025515487677567656,0.01556293311590996
266,0.03996127189454836,0.835711291118552,0.11529776060060731,0.002172169133124289,0.00685750725316793
267,0.0069078453856340535,0.7505074125128895,0.23820173828283842,0.0010833832143572965,0.0032996206042805055
268,0.004564384583820606,0.38077520166212797,0.6098909301265192,0.0012620195508146917,0.0035074640767176705
269,0.007355526301252132,0.7828335017589678,0.20079211313185474,0.0006501498962670018,0.008368708911658203
270,0.0023964787678675066,0.3100215560361042,0.6829918741477432,0.0005198751540121622,0.004070215894273102
271,0.010426388134557797,0.7613879277871968,0.22244098923613906,0.000700945558339048,0.005043749283767278
272,0.00227886167159397,0.2461521117523243,0.7471387292468203,0.00038892912301331594,0.004041368206247973
273,0.0012213638282355084,0.09882462812404802,0.896768741766461,0.00024250247088858,0.00294276381036695
274,0.002519381040450847,0.3619375470115115,0.6300886575228204,0.0004996848181995555,0.004954729607017643
275,0.0026942719455503683,0.24450620525903283,0.7484234900868874,0.0008365252574467918,0.0035395074510824855
276,0.0008927793552005483,0.07548079346900498,0.9211783570368636,0.00029483746639829525,0.002153232672532625
277,0.0034826725241003755,0.12834622868689763,0.8541375401797238,0.0011137047383738279,0.012919853870904545
278,0.019898475867775448,0.5540290237001797,0.40274480240704374,0.0034705068114008644,0.019857191213600217
279,0.007027567584152829,0.65619879157775,0.3287357624376379,0.002204137214016401,0.0058337411864430345
280,0.0047893817612011755,0.22697954275162766,0.755430019393995,0.0008611474595895828,0.011939908633586648
281,0.005298150091086731,0.4695117386478487,0.5178112929359487,0.0019894142569681483,0.005389404068147832
282,0.002678887628170605,0.1593218454892668,0.8311489612553947,0.001574391194030207,0.0052759144331376495
283,0.011418291466224147,0.39223223373623506,0.5678550543770309,0.0050155588301725685,0.023478861590337307
284,0.00926264724079501,0.3163646072547536,0.6531218727985667,0.00385489659199101,0.017395976113893694
285,0.03475015608094377,0.42367136727942206,0.463743164508619,0.006503237771753261,0.0713320743592619
286,0.03335315990930964,0.04206999622054472,0.011429246699276462,0.002445176977458401,0.9107024201934106
287,0.20811114132154399,0.04198526430329527,0.00019762404214512244,0.0036710701496656733,0.7460349001833498
288,0.33910614659956373,0.4574954268880855,0.022713524661776462,0.005063908551023576,0.17562099329955083
289,0.36163258983151125,0.4933712672876748,0.006832610245546032,0.00955351896722604,0.12861001366804178
290,0.339259485005256,0.36580831329839764,0.0037104121605306146,0.04390423762442913,0.24731755191138666
291,0.4194010459895524,0.06751080563371585,0.00010029902200085269,0.17006228454916467,0.3429255648055662
292,0.28303784971393525,0.10553896385952363,0.00019272981473420593,0.019942193881774282,0.5912882627300327
293,0.7231239773955176,0.1821959258767444,0.00035808215294659085,0.0469560641194851,0.04736595045530631
294,0.38376100677975966,0.5308064035990439,0.0008161918500502447,0.053494661252897785,0.031121736518248507
295,0.08475519463043783,0.8769664306830393,0.007961328715477072,0.01898371304860383,0.011333332922441793
296,0.029573655322648097,0.8641609740514635,0.04888762035169239,0.04496623922794531,0.012411511046250512
297,0.08433452273315688,0.10094431910300135,0.004722437989754996,0.007757372800350011,0.8022413473737368
298,0.3142641018356904,0.06787232936111778,0.0002068052153545362,0.010340468048611176,0.6073162955392261
299,0.5022560959678976,0.46315039750495357,0.005129471604651906,0.007636377483896237,0.021827657438600823
300,0.5971377146408835,0.32076416888459575,0.011027361580255843,0.004464624374706348,0.06660613051955866
301,0.0588640201290453,0.9081755429726497,0.019865838428554553,0.006540504235237334,0.006554094234513239
302,0.04719196238068955,0.9267296542468763,0.009466629289504425,0.005666379897519205,0.01094537418541051
303,0.22085085627969694,0.7017251411496499,0.0027759241237098925,0.03744140795418974,0.0372066704927535
304,0.008861941217572201,0.7666007219237999,0.21986987868872993,0.0021020398555280516,0.0025654183143696994
305,0.005730688995727622,0.771973919907093,0.2174892588850341,0.0018780369400055769,0.002928095272139634
306,0.0237890215467151,0.9316875121419615,0.03684699582970909,0.003952168304256826,0.0037243021773572735
307,0.22183581387654677,0.668288763855077,0.01996588482776612,0.005084900297875726,0.08482463714273447
308,0.04126266430479286,0.9335059441604854,0.01643670738541013,0.0019006191285258034,0.006894065020785696
309,0.0022069435575222856,0.43191621293034427,0.5623851574222625,0.0003116211290427811,0.0031800649608281946
310,0.014563153913381451,0.8416273698894678,0.13745511516144152,0.0005809092799749542,0.005773451755734078
311,0.0007870405929433842,0.2891697974384603,0.7069886406492168,0.0002561384324852407,0.0027983828868942276
312,0.0019259082052205108,0.25979489664169125,0.7359589769307848,0.00025891948222694255,0.002061298740076579
313,0.0006132901856108347,0.12071385030570872,0.8775288157384117,0.0001100159113715093,0.0010340278588972835
314,0.00242509357520666,0.2307034208841145,0.7635026727162524,0.00044029213464281605,0.002928520689783589
315,0.0003438715903379997,0.2563177946674513,0.7420456139779955,0.00017192599785584024,0.0011207937663592464
316,0.00016326563785411645,0.033117427872005424,0.9662491746576652,3.0887003510038584e-05,0.0004392448289649701
317,0.00038456421940563515,0.044696506466739616,0.9538117190768467,6.505168203128737e-05,0.0010421585549768206
318,0.00022862296049869717,0.04278328700262899,0.9556704979788774,6.451872588402771e-05,0.0012530733321110047
319,0.00033579068271006186,0.06943340566976622,0.9289437529758166,0.00012906069083974358,0.001157989980867255
320,0.00032163384613481433,0.031497369207872924,0.9664196485972076,0.00010768863641838123,0.0016536597123661166
321,0.0007060159786723155,0.06673363237794909,0.9298605947700146,0.00015094050217426632,0.0025488163711896673
322,0.0011564744982438503,0.03806169376662836,0.9573188945304621,0.00014001489882747463,0.003322922305838101
323,0.0014597473875439856,0.06132983589328514,0.9312179277393617,0.0004700984087224132,0.0055223905710869445
324,0.09452290850591408,0.7721757460068316,0.0025664875402577614,0.03333845751039525,0.09739640043660154
325,0.0824320641470327,0.8022769862745485,0.01624079558883547,0.04969606228979652,0.04935409169978694
326,0.14357600760291922,0.6402955056001333,0.01181517931715359,0.17047943261310688,0.03383387486668702
327,0.09025289838739209,0.7652246943030598,0.0059353397185321274,0.11627045621676176,0.022316611374254225
328,0.05687310400820183,0.6514812413023475,0.009049996192707035,0.2614855427046829,0.021110115792060825
329,0.15351920618138468,0.09726048991351299,0.0013706466472664725,0.7007325121911586,0.04711714506667728
330,0.1130211078956762,0.06250273883623049,0.00018337796640389352,0.7665816903660833,0.05771108493560616
331,0.19398283237838077,0.10721008018063095,0.0010655502444882913,0.40469990089499586,0.29304163630150415
332,0.4409105961263499,0.06650077830122103,0.0003586293376270635,0.4612594873295711,0.030970508905230777
333,0.09933506831925888,0.08324894678805708,0.0009902260490644071,0.8057747235140109,0.010651035329608892
334,0.0272039238199518,0.02725484120444129,0.00020323985486095773,0.9422229793075273,0.00311501581321873
335,0.014440199642959296,0.04654352026255671,0.0008513923952014362,0.9291563471982837,0.009008540500998988
336,0.009349576252976746,0.012942034378329196,8.784623891852937e-05,0.9739901790347265,0.0036303640950489276
337,0.007819680122777487,0.013592618049381867,0.00010608411322243598,0.9765443089178574,0.0019373087967606269
338,0.010797948582101346,0.010683365786480041,0.00017461544604874986,0.9752977762126751,0.0030462939726946326
339,0.007101442407389696,0.013959628108431151,0.0006239094445282697,0.976433721686931,0.0018812983527198759
340,0.014170899966788445,0.007000369427400267,0.0007234572942580545,0.9605531699797363,0.01755210333181698
341,0.023765134355822202,0.004922148142081461,0.00011455158668370998,0.9632360371491624,0.007962128766250343
342,0.030269274178948834,0.003407114274544095,0.00013829655374394197,0.961980489912569,0.004204825080194078
343,0.05951664045106761,0.006041188737406785,0.00046806831970467347,0.9259605354376418,0.008013567054179199
344,0.012605733388640466,0.008779979483690845,0.00011512537063424314,0.9743708806270901,0.004128281129944285
345,0.013236977512573017,0.007756978185379646,0.0006909108780373991,0.9700476423805569,0.00826749104345305
346,0.0024480148634218046,0.0061278856930174555,0.00031381699664078614,0.9892740316143309,0.0018362508325889314
347,0.004934110071155137,0.007038581604090953,0.00025994060721220555,0.9860344131491929,0.0017329545683486052
348,0.011021553326092125,0.01314670103631684,0.006652180199179571,0.9329008263101979,0.03627873912821353
349,0.005725727342441708,0.011284435872251603,0.0017572078235368292,0.9771915568973051,0.004041072064464745
350,0.01721678793967974,0.005420275895920925,0.0013744408589533193,0.8488369820952173,0.1271515132102287
351,0.026013256297012444,0.002817888958898636,0.00023817763430159322,0.9634585038921287,0.007472173217658491
352,0.09412393105977729,0.014200963922193676,0.0006686493087702467,0.8666660318413228,0.024340423867935862
353,0.31691051201753473,0.04059844516568937,0.001742658240793953,0.5351336435614508,0.1056147410145312
354,0.1702471027480429,0.05502136169367855,0.0010365715855765246,0.6365418612925148,0.13715310268018735
355,0.0993845661657759,0.20008966297490996,0.0008138629351319061,0.6735585379533757,0.02615336997080664
356,0.11172060993251497,0.09351637413865167,0.0008359346782394183,0.7392867708122765,0.05464031043831758
357,0.06078045414670646,0.16029950804613446,0.001499043979298531,0.7588101493897629,0.018610844438097823
358,0.18019471991929964,0.1345804927437298,0.00599408407189598,0.383792698457229,0.2954380048078455
359,0.26295681903659607,0.03413918141783343,0.00018917378142410703,0.27191829142413343,0.430796534340013
360,0.2500812262693646,0.010340593835634466,3.6482044624834127e-06,0.25057286862151634,0.48900166306902226
361,0.3737243113033719,0.02285522255868529,6.477009798316977e-05,0.1710367274384266,0.432318968601533
362,0.213009174359687,0.535726267181192,0.006465673411769004,0.16146313306126514,0.08333575198608689
363,0.26584806895281404,0.18973240175652342,0.0012620426975164809,0.4320684716704893,0.11108901492265683
364,0.1172498946603161,0.3569892802078316,0.004003432843378754,0.3792003473240528,0.1425570449644209
365,0.06946534801809565,0.4186243639743611,0.008494031346900157,0.29579374517191365,0.2076225114887295
366,0.005860502970587566,0.004268803876079558,4.049884192989851e-05,0.020536663406977514,0.9692935309044254
367,0.005999354022550964,0.0013076309263828517,0.5415909336266004,0.023811111411861027,0.42729097001260485
368,0.005255791088357475,0.001012730233941075,5.006706575606109e-05,0.00048160588062127,0.993199805731324
369,0.005857930506020741,0.0009689972929599692,6.549613745570572e-05,0.0001947885851215001,0.992912787478442
370,0.05277268375853193,0.004532082730917573,1.48535882562877e-10,0.0002648907007786614,0.9424303426612359
371,0.00117111651787993,0.0009437945068385248,4.291182121657338e-06,0.00010798310450208099,0.9977728146886579
372,0.0002755723351084171,0.0009227023994726006,1.6705262599964155e-06,9.61447485477508e-05,0.9987039099906113
373,0.0016279364196788017,0.005436988287972158,1.9194014685756987e-06,0.0005716188662040408,0.9923615370246766
374,0.026409116601166734,0.10075947081820862,0.0007368987198540763,0.002795390391584632,0.8692991234691858
375,0.014424280395251123,0.0029351340112307588,0.8635651709726876,0.008693378269445266,0.11038203635138517
376,0.02444363201600047,0.011697591606609931,0.27555946434773404,0.008856715154987812,0.6794425968746677
377,0.03845324510672685,0.012255339820319526,0.07988292514764928,0.0031837127428812097,0.8662247771824231
