epoch,N1,N2,N3,R,W
0,0.00831773319954927,0.0015164972155576621,3.16370022372199e-05,0.005737552392559657,0.9843965801900961
1,0.0008990580106223933,0.00033928690838245026,2.972533934073814e-05,9.480700720637481e-05,0.998637122734448
2,0.0005156204196511383,0.00020163402901339142,3.736888931751958e-05,0.00010868673962973033,0.9991366899223882
3,0.0019129514122206363,0.0001706466313649726,6.14517060291886e-06,0.00011845549746105141,0.9977918012883504
4,0.0013303579468413908,0.00017044522408096017,5.035013457414461e-06,0.00023099535939493266,0.9982631664562254
5,0.003349883289462639,0.00041928978207027463,8.800066028078449e-06,0.0004058870516660563,0.9958161398107729
6,0.001922464510809946,0.00026171853768665164,7.391877372083441e-06,0.0003339926632106558,0.9974744324109207
7,0.0034647027593233794,0.0003878393445881091,8.684777044307307e-06,0.00038197488136070435,0.9957567982376834
8,0.011385070992960036,0.004567136979518071,4.725594596604246e-05,0.0011281447026797072,0.9828723913788762
9,0.014429586219782846,0.0052821621942314954,7.430800728814491e-05,0.0013129347704395678,0.9789010088082578
10,0.008855005548696906,0.002551293692265015,2.1820902523006465e-05,0.0008727494693034751,0.9876991303872115
11,0.015339053579650243,0.0021671446355233763,3.175061136289835e-05,0.0027634811952508835,0.9796985699782126
12,0.08079675489669795,0.02663370565910831,9.559875384019429e-05,0.008265616768382292,0.8842083239219714
13,0.04812278604632436,0.04231418699494342,0.00014150017813558904,0.003454747666954381,0.9059667791136422
14,0.0975206004907339,0.1023792912688004,0.0002587996315826538,0.021897590960244337,0.7779437176486388
15,0.01957223303741372,0.02000008276877725,7.388648428369376e-05,0.0041683423364237025,0.9561854553731017
16,0.014791275867149524,0.026358517773819555,0.007985731759816506,0.0011971103117166472,0.9496673642874978
17,0.004882556326677778,0.005082205599692905,6.762175043309027e-05,0.0004225960523501945,0.9895450202708461
18,0.003423060327651057,0.011652142215083405,0.008125812511021109,0.0004062002437356167,0.9763927847025088
19,0.004059222555995223,0.004735709207198929,0.0001579610931678429,0.0004286446777725081,0.9906184624658656
20,0.007661992160980969,0.005004104029638429,3.623200288575269e-05,0.0013911240319515337,0.9859065477745432
21,0.001165824468858842,0.0009798866822734963,4.6225211981944055e-05,0.00022259198393355874,0.9975854716529522
22,0.0030890658245607268,0.0029504795628063477,4.28025787487993e-05,0.0008929944758294812,0.9930246575580546
23,0.006898457085138195,0.003556452952107765,0.00019190879537647236,0.0005353900630621209,0.9888177911043156
24,0.016386636368778136,0.0033477414905491165,0.00045549080465316535,0.0013231836786572455,0.9784869476573622
25,0.03307911326812383,0.05238862934174701,0.0009998475982632795,0.00410279764693806,0.9094296121449279
26,0.0088613751373511,0.006500015088033403,0.0014822051385623481,0.0015204634855431835,0.98163594115051
27,0.002406125563219816,0.0013901442633837368,2.9789786984669657e-05,0.0009516789960635746,0.9952222613903482
28,0.004996919430431802,0.002964441591374468,2.8378320116466817e-05,0.0014365773754381026,0.9905736832826392
29,0.0021693175817298982,0.0008081423358555089,5.420621384352468e-06,0.0009820547358354644,0.9960350647251948
30,0.00469286774870484,0.0008024735714662576,4.940492063764574e-05,0.0002582816682445062,0.9941969720909467
31,0.005253249339428542,0.0008502115693127132,1.6773512689028503e-05,0.0001736146536452009,0.9937061509249245
32,0.03939097927010332,0.005629270560611951,4.14746822917855e-05,0.003306185486919223,0.9516320900000738
33,0.005042262392531057,0.0018174737362712944,2.656503630989909e-05,0.00027629172645760524,0.9928374071084303
34,0.005136188403903674,0.0008687705261666374,2.2079002617941918e-05,0.0004949519657563618,0.9934780101015555
35,0.01118915152198318,0.005468542594319249,0.00014159982627126694,0.0009920237958088302,0.9822086822616174
36,0.0034065208562897077,0.0024542538648778733,2.2647698081611067e-05,0.0008172740570908634,0.9932993035236599
37,0.0024670617330134603,0.0029039892110095636,0.0034178090171093395,0.0008287149502756219,0.9903824250885921
38,0.003408957609662745,0.0016151762483068662,1.0916372576042865e-05,0.0028594385012175034,0.9921055112682368
39,0.0034741126589313046,0.0012171212828632255,3.7996829021272047e-06,0.0011152928682560826,0.9941896735070472
40,0.02555692681789775,0.008148079265229943,1.3325319416392713e-05,0.0010729855051433727,0.9652086830923124
41,0.05657083408621519,0.03905517628361607,0.00010778056571820209,0.0013217284946699754,0.9029444805697806
42,0.1667270121434352,0.1445214037858539,0.00027616683777119443,0.0037971879652679208,0.6846782292676717
43,0.32735565146928497,0.23352530202357163,0.0003962461072693085,0.006926696553395625,0.4317961038464785
44,0.2001530651709373,0.5800339135756308,0.004358925116884282,0.001528243712415461,0.21392585242413203
45,0.34005063542744923,0.572306540192269,0.0010859684160501608,0.013847202077403984,0.07270965388682765
46,0.049419873272179456,0.9047084642570381,0.02859837064148368,0.0007959961309110265,0.01647729569838761
47,0.055424521489084076,0.8795110998875272,0.04319716694677827,0.002076653077083782,0.01979055859952692
48,0.00828071733825262,0.7417157410499721,0.24012778372628288,0.00031640884766303965,0.009559349037829432
49,0.05350137334696936,0.8816914615665961,0.04632652709167679,0.0006490873275169824,0.017831550667240664
50,0.13287372502492054,0.7702962751886333,0.0008533274388366379,0.007592761079636756,0.08838391126797278
51,0.04054022050747517,0.8943035560528222,0.037799618619041575,0.0007497873028511652,0.026606817517809914
52,0.013533827009380352,0.7987778817788824,0.1707939948767822,0.00026994645947032194,0.016624349875484633
53,0.0122674161089957,0.8835210263687073,0.09455236035554995,0.00010038173847934597,0.009558815428267609
54,0.04027916302605826,0.8626783142909732,0.06909983551530743,0.00032060634140424984,0.027622080826256782
55,0.02296212146855116,0.8919711545557574,0.07474874326590837,0.0002127790703310046,0.010105201639452097
56,0.023372707876259433,0.8358826730628128,0.12061225856545948,0.0002187339982849153,0.01991362649718324
57,0.05027690480275069,0.9058242796293415,0.032027985975259445,0.0002457339342894184,0.011625095658358758
58,0.0073711757182059945,0.8269108457186339,0.14813947544320202,0.00013880339534524987,0.01743969972461292
59,0.011891640841816625,0.8522883883590631,0.1282929237553711,0.00010099334975011472,0.007426053693999242
60,0.007526787443622488,0.7072154553025501,0.2735349676611194,0.00018947091904778152,0.01153331867366013
61,0.010421352698169887,0.7405057625546231,0.24428021785693013,0.0002987246683218444,0.004493942221955044
62,0.006267880081826161,0.36687505530128656,0.614880733686482,0.0004888208164992524,0.011487510113906065
63,0.01893634755508824,0.827050471372008,0.13349345351283992,0.0012553661166308516,0.019264361443432982
64,0.08552136644231113,0.5091397687639265,0.015520817076847238,0.01640249022118494,0.3734155574957302
65,0.12551880126520687,0.09991558399329604,0.004284612860670958,0.17763273757598227,0.5926482643048439
66,0.2475951919300353,0.2789918197592378,0.001359761955609253,0.03207471326078725,0.4399785130943304
67,0.045613440155733494,0.03404847400805745,0.005024785954612857,0.0019573219966045646,0.9133559778849916
68,0.021243199387808408,0.0057135017024451135,0.00020315832202191689,0.0018224932904498086,0.9710176472972747
69,0.21074007729827013,0.059929745191817894,0.00013780386774905488,0.01865012820770307,0.7105422454344599
70,0.06866498840528773,0.04203527188908085,0.0012405991228186613,0.00813461708849675,0.8799245234943159
71,0.007485152132236531,0.008968288998182914,5.442385154248094e-05,0.0024218568814671293,0.9810702781365709
72,0.04717949933812685,0.02648035262322703,6.081155685671212e-05,0.014705823688861475,0.911573512792928
73,0.01228518764210218,0.012089516845123476,0.0011974211803297793,0.0015540868524565323,0.9728737874799881
74,0.0035895382600413988,0.002575943717712263,6.959070336021536e-05,0.00024269092440635989,0.9935222363944798
75,0.003125902775816906,0.0012094278034268126,3.0265721484373322e-05,0.00019119007002295498,0.995443213629249
76,0.030313752563588432,0.00743599652884627,8.800461474631594e-05,0.001121184769138808,0.9610410615236801
77,0.005794732357938366,0.01068114929439047,0.000484821097974217,0.00045248909477128905,0.9825868081549257
78,0.006863615791334858,0.00695359944628773,0.00048104712311337157,0.0006843985825211912,0.9850173390567427
79,0.002488962764477678,0.0025745209767970394,3.52285903513829e-05,0.00036726650909113507,0.9945340211592828
80,0.0063967221110874046,0.004529083046747053,1.2760147010823948e-05,0.001178394875437391,0.9878830398197173
81,0.009984044996802185,0.006444005338818512,3.3064932857518405e-05,0.0011730397649117378,0.98236584496661
82,0.05274356875416596,0.018918115567931743,6.616574296702902e-05,0.007873912403848332,0.920398237531087
83,0.049989124574220105,0.019682080892992653,2.7846164833735156e-05,0.004935928461222334,0.9253650199067313
84,0.23126511588691726,0.2369676754419726,0.0004430635878824197,0.005884139078264938,0.5254400060049629
85,0.45364984333708014,0.22820718251530345,0.00018671595151783306,0.02535495450212539,0.29260130369397325
86,0.15853351412758068,0.8139707401090478,0.0009994628688632617,0.0033536359384506694,0.023142646956057646
87,0.13860741260144077,0.8177380240891522,0.00660563079036997,0.0036930256542068007,0.033355906864830275
88,0.16018444184874717,0.7865107496146678,0.004401312992545706,0.00779123306439601,0.04111226247964338
89,0.038834868558393285,0.9197723161969802,0.016978078384288105,0.0048297095953241595,0.019585027265014196
90,0.21527830205782905,0.12503182955866174,0.0006926595305904259,0.01638066796825099,0.6426165408846679
91,0.19169156823770023,0.636737917474534,0.0048900329864881055,0.01438813334446209,0.1522923479568155
92,0.3263253969180854,0.616070037426229,0.0012753295956028827,0.040808021166028496,0.015521214894054107
93,0.3299733955156114,0.18119187056137762,0.0028017359136595804,0.01067891208011849,0.47535408592923295
94,0.10710820596573409,0.84107518423121,0.0006051849675915731,0.023199861721369185,0.0280115631140952
95,0.1712012075467676,0.6590772431977429,0.0016310809155934943,0.02379715963776873,0.14429330870212737
96,0.09234999488322222,0.8735657261313133,0.00807788299397431,0.005579436679569035,0.020426959311921095
97,0.13373052887279624,0.5728974607381738,0.012240523825664545,0.006630705070930066,0.2745007814924354
98,0.04576803259868181,0.9262398138224265,0.018713303388459914,0.002929909265157516,0.0063489409252742365
99,0.08309486498119822,0.8953406682195809,0.0028615263263791287,0.007686369657712459,0.011016570815129256
100,0.05936175808127838,0.9158480364295315,0.005812640231196877,0.007199812674117403,0.01177775258387587
101,0.03649545277993104,0.9173644356557432,0.030993318048505532,0.002993626755074821,0.012153166760745293
102,0.10912457603690269,0.714110852639409,0.011910822903327825,0.005095935929064113,0.1597578124912964
103,0.044427348883490855,0.9176561814341113,0.01117988781149538,0.004589249260649098,0.02214733261025333
104,0.06928062158174546,0.18304428229975103,0.012625954503883855,0.014073406164781513,0.7209757354498382
105,0.04860141821081202,0.0640085207687686,0.0005015652089250392,0.007816157171911083,0.8790723386395833
106,0.11080403905431883,0.642731076771014,0.000490372569760871,0.03141740819286928,0.214557103412037
107,0.04517101858950684,0.06692456584219547,0.002354150911472975,0.0053349289599359,0.8802153356968887
108,0.009521411376105737,0.0166827791138778,0.0015559710744074398,0.003711085989216274,0.9685287524463928
109,0.006423661443565627,0.0077124391671253185,0.0006515495113335694,0.0029801326897156725,0.9822322171882598
110,0.012972730145239577,0.00952674389914476,0.0013489093616585897,0.003108490858313277,0.9730431257356438
111,0.033818360907335886,0.013469577491245869,0.00013926058625426154,0.0036457684879909135,0.9489270325271731
112,0.09726753938031958,0.042440725987647164,0.0002715869459777999,0.004596966168124538,0.855423181517931
113,0.15490558048340877,0.07145041657656741,0.00029304505884337974,0.011730024619246803,0.7616209332619336
114,0.25499203242653007,0.4209266190537927,0.0006696283633034727,0.014187460949684155,0.30922425920668956
115,0.2133026411213018,0.6990783547065749,0.014779460280845905,0.008247070037138296,0.06459247385413917
116,0.13585284121751146,0.3875607913500053,0.005904549085494458,0.0047079205028142754,0.4659738978441745
117,0.3944514482195058,0.5254810811329589,0.0011030046083073553,0.019925100390745836,0.059039365648481966
118,0.05638364454375076,0.9256086301361879,0.013306714877793216,0.000998438346380505,0.0037025720958874394
119,0.041008823575227615,0.8900863296816381,0.06059511829217706,0.00026468182099119973,0.008045046629965934
120,0.031303978424679246,0.9138998312884282,0.04734987824449822,0.00025277301753388355,0.007193539024860476
121,0.0026521060720003675,0.6024474871500798,0.38929164611194456,0.00014691221810046804,0.005461848447874815
122,0.00678675610826566,0.8414030300907377,0.14961349911476496,0.00021400566348462084,0.001982709022746978
123,0.0057806682079787446,0.7042294455961495,0.2839972841969759,0.00024460251756390055,0.005747999481331942
124,0.014571106689821924,0.8252949371949037,0.15705629477343874,0.00033824420804680756,0.0027394171337887844
125,0.0011092375078268564,0.22504996543976416,0.7714203880856063,6.447497424031526e-05,0.002355933992562441
126,0.0034008865804721097,0.27280756860644584,0.7204137568347301,0.00021168468134326348,0.003166103297008736
127,0.00266981253137668,0.491194147891675,0.5039794320855252,0.00013096734299272855,0.0020256401484304498
128,0.0013506055144672444,0.14593472747659006,0.8509534868497507,6.42091414884077e-05,0.001696971017703696
129,0.0003975084171547687,0.09161753641708435,0.907166250803998,2.603618800514511e-05,0.0007926681737577255
130,0.003994212750589398,0.6418007406920984,0.3515487491845608,0.00011206890247689459,0.002544228470274619
131,0.00037315766821655386,0.1522895338885844,0.8466198525072166,4.5802508290785404e-05,0.0006716534276917454
132,0.0010719975381364925,0.24254161612700798,0.7548724748558707,0.0001756548330248028,0.001338256645959865
133,0.00044601675039598676,0.10900405267458663,0.8896231471897158,6.500296944503572e-05,0.0008617804158566666
134,0.00041483160544410257,0.06872034638907254,0.9294538142701543,0.00010488352289886524,0.0013061242124303286
135,0.000998688040282865,0.22098422071798632,0.7753149585869776,0.00043641645890613246,0.0022657161958471363
136,0.0003317739462728784,0.0596090525134392,0.9386720949033651,0.0002351266061815407,0.0011519520307414115
137,0.0016923213863970373,0.23322067431923782,0.7576887720258876,0.002155437455681656,0.005242794812795857
138,0.0051209156060654315,0.029916968209098227,0.009264212494341222,0.005788736419840439,0.9499091672706546
139,0.002454558826964656,0.004581990052400467,0.0022758818771294598,0.01140749743324315,0.9792800718102622
140,0.0035376350214373427,0.0019083505575097203,0.00016294001266629245,0.003271777093429248,0.9911192973149574
141,0.005657043925805559,0.0013390949373076689,3.944723486644631e-05,0.01087069207898304,0.9820937218230373
142,0.01558411345958151,0.005167141222911884,1.0261909272767596e-05,0.010438066095565995,0.9688004173126677
143,0.008940767225609363,0.0051899924162897675,0.00012050461636609656,0.00386078902695618,0.9818879467147786
144,0.0112542059889112,0.0041683428901212235,3.095066916111417e-05,0.007304746123333319,0.9772417543284733
145,0.017020994185743224,0.004999324672527853,3.013698008157122e-05,0.0054489134385373944,0.9725006307231099
146,0.0037347934465753008,0.00111613361049722,0.000301944393494104,0.03214495408971365,0.9627021744597196
147,0.008493110433262563,0.003208451715389357,0.0007475853022454368,0.026313246993081924,0.9612376055560207
148,0.005388732326388158,0.0014351555021914757,3.548060685236225e-05,0.007835999628699322,0.9853046319358686
149,0.0030974429328812854,0.001254119589591909,9.671617538310095e-05,0.005326861416737089,0.9902248598854065
150,0.02194292070085798,0.013198395145942156,0.0038320856787443574,0.010082776214110193,0.9509438222603454
151,0.006039227504798439,0.003474636308164431,6.073899732269984e-05,0.0014542503285051142,0.9889711468612092
152,0.02706690054807307,0.010879938253126033,0.00037654830501372704,0.003274476895833102,0.958402135997954
153,0.012020970697865839,0.006732273085758967,8.024588529108114e-05,0.0011236513132258591,0.9800428590178583
154,0.006523961939930426,0.003623980052340179,4.447602175975097e-05,0.0014416552056215489,0.9883659267803481
155,0.009517144184501681,0.0040651996951227365,4.733739951695261e-05,0.0014010798483285786,0.9849692388725301
156,0.003684393731825518,0.005760542363294569,0.006610933576361127,0.0007484131006120947,0.9831957172279066
157,0.0029651010253267094,0.002431253657825075,0.0004005878376592535,0.000616153179609557,0.9935869042995794
158,0.002767340947253896,0.0015908842746985257,0.00014045370893490684,0.00023005179446806777,0.9952712692746446
159,0.0024997213515993637,0.0010590693618730063,9.127739094756348e-06,0.00020557303719645294,0.9962265085102363
160,0.002804136922431561,0.001902657480844524,4.774927501452691e-05,0.000398186525088162,0.9948472697966211
161,0.012851747122038916,0.006487453749628437,0.003599552868949457,0.0007590511082939777,0.9763021951510893
162,0.0023061654075153403,0.0017008426846000615,1.903953199202207e-05,0.0008410841493906416,0.9951328682265019
163,0.0027812525879520405,0.0010813282881650887,4.190308496930081e-05,0.002213958392339199,0.9938815576465744
164,0.0029757554634626026,0.0007814411906894887,1.979154728373023e-05,0.003651238268090731,0.9925717735304733
165,0.004277295214543848,0.0019832335275377683,0.00012120700880841768,0.00438338571708609,0.9892348785320239
166,0.005649166467143202,0.00356904450697565,3.745326460092372e-05,0.009862903513629546,0.9808814322476507
167,0.03157030293234415,0.008355700956278498,9.740484736727417e-05,0.035182870433238304,0.9247937208307718
168,0.0751044212076686,0.013514002487545935,0.00013032064109263372,0.06076241780138248,0.8504888378623103
169,0.23121417349811804,0.04522271697016032,0.0002340312430827169,0.04409983785152169,0.6792292404371173
170,0.43171639864553085,0.32534002648968197,0.0007718612218927247,0.09414076176997233,0.14803095187292228
171,0.3757026932114856,0.12005296699772677,0.0005211289012995054,0.17340236562694375,0.3303208452625443
172,0.19970346071081446,0.582927982400854,0.0012318444556674662,0.1261280210391097,0.0900086913935544
173,0.3130276226239957,0.46352176079190466,0.0011581025752053881,0.11712382194369116,0.10516869206520306
174,0.14401997483899948,0.61709615176499,0.0022570425396892897,0.2098797329395165,0.026747097916804748
175,0.15538848030453373,0.23637872128181556,0.000979362628240421,0.18524539443004184,0.42200804135536846
176,0.21124230265077604,0.5251865213987365,0.0007680642069793227,0.23004282320861608,0.032760288534892046
177,0.20458904507264264,0.5849206302061021,0.0005960582642921348,0.16464453056577327,0.04524973589118995
178,0.13380478523783712,0.7788404112231055,0.001271342767832659,0.03726818664264857,0.04881527412857604
179,0.21893582378993676,0.12888595992498503,0.0005037930265406922,0.13964483927024957,0.5120295839882879
180,0.3071933363992618,0.25653054677767406,0.000803040997758104,0.2806585124099041,0.1548145634154019
181,0.27562314631745466,0.21125450841996074,0.0012310148597890673,0.2500921629286427,0.26179916747415277
182,0.3122542084785036,0.3072556968413796,0.0010614253408735344,0.08883543434563135,0.29059323499361195
183,0.24098966404199268,0.4560960299572074,0.0008878273038408932,0.26387801296481284,0.03814846573214604
184,0.16457187831860462,0.7897362212905773,0.002234434161546175,0.02694355668395984,0.01651390954531183
185,0.30753019971126716,0.5809042659626646,0.004035012231798876,0.04708783356728288,0.060442688526986324
186,0.013326889093234961,0.06258965711362062,0.005068313421873996,0.00871998378424378,0.9102951565870268
187,0.031138718328402912,0.030438674765791103,0.0015322304529661137,0.02105244391116441,0.9158379325416754
188,0.012021907759699024,0.005065746737382436,6.61697620380882e-05,0.021966999440497556,0.9608791763003829
189,0.09203807420229544,0.015682177490334154,4.616427172283587e-05,0.0704681172403748,0.8217654667952727
190,0.16876364672648486,0.08325546770118773,0.00028772575693521694,0.15829303912759263,0.5894001206877996
191,0.008540963400897755,0.017537100199697342,0.00012819425587764084,0.049286933400667206,0.9245068087428601
192,0.01241220861757181,0.018017224886743295,0.000615466070734461,0.02161881155676238,0.9473362888681881
193,0.008046643341254949,0.009714897871697256,1.772338551549912e-05,0.0074637370399500995,0.9747569983615822
194,0.004540555933743401,0.002709857598914572,0.00021884974779585014,0.0024061348299712084,0.9901246018895749
195,0.010130248253627547,0.0045969531292096915,2.9359625019769343e-05,0.0043904595872107585,0.9808529794049321
196,0.010837112925114672,0.007512820074281755,0.00014108709060679862,0.005547400634420505,0.9759615792755764
197,0.008123796590010219,0.012814998624928074,0.00013861271029584366,0.005912228411832554,0.9730103636629333
198,0.011279056329688477,0.023115665544845645,0.0008104261834775435,0.011057949451096484,0.9537369024908918
199,0.01945140971420785,0.009594318678653905,0.00012297803528573304,0.015335015894988193,0.9554962776768643
200,0.006999289846343896,0.009229843371269081,8.295996834528879e-05,0.007438070610901641,0.9762498362031402
201,0.007899733881562558,0.009872036044570265,0.00039047701899526616,0.006310045956299346,0.9755277070985726
202,0.007341928767580031,0.005670299743599849,8.420578675183782e-05,0.006997218479638136,0.9799063472224301
203,0.0053348746266724,0.0051961146924881605,7.073904987377045e-05,0.0035131723269107686,0.985885099304055
204,0.0043283975480240275,0.002512242847002502,4.972818368212412e-05,0.0026630789795833226,0.9904465524417081
205,0.006237315614728069,0.0038493270954134675,4.058978023178679e-05,0.002124411038005036,0.9877483564716217
206,0.005308047499604882,0.005445432912944773,7.684493354941037e-05,0.006617562311485194,0.9825521123424157
207,0.004001700813160429,0.002903678276829601,4.8406163306297064e-05,0.004281312633591136,0.9887649021131125
208,0.027209257436270756,0.02997967433680527,0.0014624338261584342,0.016320720106662006,0.9250279142941036
209,0.0077101265402387065,0.00471263030416805,7.180828464615651e-05,0.004973157831777304,0.9825322770391698
210,0.005317719901952994,0.0019135913399895548,3.36765756795853e-05,0.003416648141244936,0.9893183640411328
211,0.0020342456746330695,0.0018297163692547595,9.179650874054572e-06,0.0030390388135988307,0.9930878194916393
212,0.003477188911171313,0.0029960364992771614,4.08434636911652e-05,0.003562658764963216,0.9899232723608972
213,0.0012705185764754834,0.0015897600291154865,6.345635883682963e-05,0.002200558977255746,0.9948757060583165
214,0.0029967725864740212,0.0017705408691351936,3.4256119912738124e-05,0.0027960835318454353,0.9924023468926326
215,0.005682621371436508,0.003965062456433612,1.914473908652306e-05,0.007427859892270307,0.982905311540773
216,0.009962947671761922,0.005222943698701426,2.7188033806478417e-05,0.007303625555176925,0.9774832950405533
217,0.0679425770830569,0.041394853644943504,0.00018565784517298072,0.020310970628586632,0.87016594079824
218,0.14179834392945903,0.03128552136071074,7.830984523008148e-05,0.03166815929898304,0.7951696655656172
219,0.013086144673294354,0.00805014530285687,1.6473800431439886e-05,0.008768663883326706,0.9700785723400907
220,0.012570525228053736,0.006149008900997028,0.00022050438775222923,0.007908057116697061,0.9731519043664999
221,0.012275907844115256,0.013729186150327722,0.00039199894220588895,0.012443186682489565,0.9611597203808615
222,0.009110589390632308,0.003939966704517501,7.616568948955376e-05,0.012121616753885405,0.9747516614614751
223,0.0032504968364505237,0.001457599793277998,1.5066001035351117e-05,0.0015533256703151711,0.993723511698921
224,0.003698515499237245,0.0014225412633029047,7.4457264500613436e-06,0.0018519694842048075,0.9930195280268049
225,0.004008206472267679,0.0021402377766891532,2.8205056892184606e-05,0.0019342390135149061,0.9918891116806361
226,0.0043562256172328265,0.0021350010245411674,1.1813545806951797e-05,0.002981969292965669,0.9905149905194535
227,0.002713269148517217,0.0011017970239618517,1.3147413402236981e-05,0.0015198706916854771,0.9946519157224332
228,0.0023279421179484574,0.002160855118925104,1.5932072155150953e-05,0.0018662438216711843,0.9936290268693002
229,0.003614557177562967,0.0037392163090604943,2.8814381987650335e-05,0.003222962814591265,0.9893944493167975
230,0.0038720775573504213,0.0024917343227062573,0.00011784329136094003,0.0010638851178781305,0.9924544597107043
231,0.0040662939088790245,0.002609326258253694,0.00020544135551282797,0.0010647114311184234,0.992054227046236
232,0.002723701901611161,0.0025939335040182695,0.0001324306182116335,0.0025510898173971377,0.9919988441587618
233,0.002227512871998546,0.0021008976041305047,0.00011300647937428145,0.0009434625499922907,0.9946151204945044
234,0.005363390818199366,0.005320281463550316,0.00024206377610698702,0.0021890575148087133,0.9868852064273346
235,0.0057881512070296695,0.005778393713316807,0.00012930815095047704,0.003846176583867428,0.9844579703448357
236,0.0244335579770508,0.011038558833467922,0.00019450066763969986,0.009721834255356963,0.9546115482664845
237,0.19310971075394684,0.07308731447865029,0.0006829694096316544,0.023064176245314205,0.710055829112457
238,0.25320843213692107,0.08686109385814135,0.000353246092944822,0.03349732471872182,0.6260799031932709
239,0.20395756740183502,0.36673365908950817,0.0012825708203618065,0.03019640141939191,0.39782980126890316
240,0.232861404174272,0.32800373907196045,0.0008395298601383469,0.11082793934162322,0.327467387552006
241,0.2864919884993326,0.517935005780119,0.0008141595112161794,0.1354933608909387,0.059265485318393436
242,0.1646611869087824,0.7066803761673668,0.0010919015027269971,0.04823740328164886,0.07932913213947494
243,0.05733476105976567,0.8877081859058658,0.0003777923615487624,0.045248199766312495,0.009331060906507179
244,0.19961731607139238,0.6515423323806955,0.0011081307088355323,0.10728813771648732,0.04044408312258923
245,0.013507930978679705,0.21936055915048422,0.011058307281141311,0.008498055085347659,0.7475751475043471
246,0.004708996782219869,0.015955842245933077,0.0005002521737518569,0.00275185048908456,0.9760830583090105
247,0.005007921809781082,0.004262495619288874,0.00011426321597831806,0.0012324255771531591,0.9893828937777986
248,0.007173894490452535,0.002833238413884555,0.00021068675413182903,0.0010176645819495918,0.9887645157595816
249,0.0028158856535258434,0.0023309781925222603,2.76901699521334e-05,0.0010590111623617305,0.9937664348216382
250,0.0034517915542126203,0.0030258928728976275,6.893390968555178e-05,0.002244349363574582,0.9912090322996295
251,0.0014358856086087743,0.0022894357744641116,2.0479059459254098e-05,0.001598132693082784,0.994656066864385
252,0.0026724335724641122,0.0036608747336910933,3.764616973253355e-05,0.0018904361687137707,0.9917386093553984
253,0.032526632354017586,0.12946011842270336,0.04942535603260858,0.028345221620291697,0.7602426715703787
254,0.008556042411144138,0.022414464844812024,0.0008035046633975699,0.010444546273476941,0.9577814418071694
255,0.00893019964918951,0.00748722729946755,0.0002995661900731275,0.006497693239486554,0.9767853136217832
256,0.00640282037752916,0.007228240738344108,7.956930218799568e-05,0.0035230338369644626,0.9827663357449743
257,0.010110568238492733,0.011320197803146064,9.583893249628647e-05,0.002250278365355346,0.9762231166605095
258,0.0014325050571417724,0.0038718702902278664,0.00011495150994499032,0.0019223875959623788,0.992658285546723
259,0.0035377406114886806,0.003478908025108013,0.00010381585470196744,0.0029435550569861103,0.9899359804517152
260,0.0014694227513742662,0.0008668459140484372,2.2650001100284602e-05,0.0015296673471533163,0.9961114139863236
261,0.0020706440399336627,0.00451230147038143,0.00017013143968726524,0.005265138354352347,0.9879817846956453
262,0.00508215517860304,0.0029470971932854455,5.994649482943465e-05,0.0058473603660265305,0.9860634407672556
263,0.006968505542298369,0.004904687629726926,8.414897601199167e-05,0.012897336611098709,0.975145321240864
264,0.022380471309456834,0.008275716451981883,0.00012238701502260282,0.007423363888753598,0.9617980613347851
265,0.16867183887780166,0.12807616637196748,0.001979955653571175,0.009325731181587128,0.6919463079150726
266,0.1859868429400897,0.10887708261303664,0.0006288028640560567,0.042195397031337845,0.6623118745514798
267,0.2589713458983126,0.5301039816093908,0.0006002280160041082,0.07293064882967173,0.1373937956466206
268,0.2908451691484653,0.5439772705737176,0.000806828267465648,0.08829891209138425,0.07607181991896701
269,0.20197127917246663,0.6264187200424581,0.0013130059869620287,0.02227366166831806,0.14802333312979513
270,0.05135943503107591,0.9114544630006927,0.004494201652678929,0.016184475634082478,0.0165074246814701
271,0.09758118683425153,0.79505030277268,0.007643378288278416,0.07638284513043848,0.02334228697435159
272,0.0758987447049913,0.8567825992843496,0.004843721062704072,0.05081955015675012,0.011655384791204966
273,0.0665808295084198,0.8283580803354541,0.0034871887038951653,0.07207913920110345,0.029494762251127477
274,0.01102898270100415,0.9498943582666654,0.010154206476373712,0.021119816225688145,0.007802636330268712
275,0.05417879867232247,0.7324029730477035,0.003544812409261663,0.15342205104740672,0.0564513648233057
276,0.14609574322505126,0.23703725360838973,0.0008395223259336308,0.5183366273376087,0.09769085350301675
277,0.10379115700095831,0.2058666597944142,0.0014388498111371944,0.6077223002169596,0.08118103317653069
278,0.13227939144547235,0.16509255540049625,0.0010447241350668237,0.5944300742579088,0.10715325476105564
279,0.07135074366158246,0.19401449191915257,0.0007904605567595475,0.6680731215805216,0.06577118228198381
280,0.054448540754222195,0.06218320015339066,0.000610248086544372,0.8086086029949172,0.07414940801092555
281,0.06904554452611068,0.04037937850391864,0.000539886527395945,0.8328052362226975,0.05722995421987714
282,0.06354280063246844,0.027546460378636572,0.0003852567359299669,0.835493534411908,0.07303194784105699
283,0.05635790380661319,0.021934816011941548,0.0004072244753993875,0.839702794459379,0.08159726124666683
284,0.0879450401707815,0.07764174017884339,0.0008579218895041043,0.7300560624358893,0.10349923532498173
285,0.07037528342303705,0.04029776402555363,0.00030966054543375053,0.7762083571895968,0.11280893481637874
286,0.09162214783499958,0.10225736430842579,0.0013033348469596853,0.7168081141360195,0.08800903887359553
287,0.10323791883898813,0.12194770366610401,0.0023386351652606276,0.6942706403744168,0.07820510195523034
288,0.0790182909933142,0.3369031636410044,0.002396035127284092,0.4364692789226764,0.1452132313157209
289,0.09113196599796615,0.0606364565480669,0.001201735082338541,0.75759539773406,0.08943444463756849
290,0.08282984333992988,0.12101572625927877,0.001203999816086367,0.7309091145790645,0.0640413160056404
291,0.08420486861008306,0.0835970851909942,0.0008518079464200249,0.7843692488511259,0.04697698940137683
292,0.07255872696179014,0.05055786747688684,0.0009628528711273322,0.8207223993416581,0.055198153348537525
293,0.04128783530804476,0.025094098676131153,0.0002548759170308446,0.6329483295327827,0.30041486056601047
294,0.04889394554858197,0.05386303845363502,0.0008793835428598223,0.846859061332518,0.04950457112240518
295,0.04859912361241991,0.031115716088850567,0.0003912994359795462,0.8588429748585115,0.061050886004238365
296,0.0526506035597337,0.03168076194146124,0.0005140313355853057,0.8755154900464255,0.0396391131167944
297,0.04650017928960356,0.07185628587866001,0.000947342099451407,0.82665753592234,0.054038656809945046
298,0.04834594326151565,0.03640741817291985,0.0004418033060192319,0.878424401916218,0.03638043334332728
299,0.05119504853363178,0.037237466891712215,0.0008888386672347615,0.8534045725480344,0.05727407335938704
300,0.053082468171581174,0.05493540492363329,0.00046483907812737657,0.7994617632148568,0.09205552461180129
301,0.06354815838486592,0.05052736154182319,0.0008105508607263641,0.8195273065558736,0.06558662265671085
302,0.05875310361062558,0.057521618745906056,0.0005179306565930576,0.8470680376919417,0.0361393092949336
303,0.06494294399284277,0.043496231092258364,0.00042880431816616114,0.8383750952592965,0.05275692533743618
304,0.10211862536816253,0.1252085138973003,0.000818204043363685,0.49956576046036805,0.2722888962308053
305,0.048497170846115656,0.042500904895851295,0.00024562919285488097,0.6696762510371025,0.2390800440280757
306,0.12561793590357065,0.06155908835641887,0.00038527922439390275,0.7640252707208239,0.04841242579479276
307,0.13837705999267072,0.10557951884603341,0.0005871010968204796,0.3765169144945991,0.3789394055698763
308,0.14730451006692116,0.20735617163881828,0.0005427410834292915,0.5535923584556458,0.0912042187551856
309,0.06463762670431247,0.20522269667305765,0.0005272046726678425,0.6989425538888384,0.030669918061123486
310,0.06083522393807805,0.09582647311955175,0.0004741631851265254,0.8196895299596292,0.023174609797614525
311,0.0528397212551613,0.0796198882516102,0.00038057887022375207,0.8190511135428629,0.048108698080141975
312,0.0530755017316081,0.19503963024987417,0.0007440808348018401,0.7311500867602619,0.01999070042345405
313,0.04893886009895902,0.05058968512022887,0.00039450165537807913,0.8760749590119853,0.024001994113448777
314,0.057076143525106184,0.14794807878008417,0.0006731053782900482,0.7374662938582693,0.05683637845825019
315,0.053210346453706855,0.07424240858069231,0.00041043556990388494,0.8106905652753488,0.061446244120348166
316,0.0749066242834821,0.258891239938058,0.0005568092205204365,0.5026445537829002,0.16300077277503916
317,0.07971791448117521,0.11207539183021699,0.0008031482545460513,0.6998167702621085,0.10758677517195309
318,0.0640514771386347,0.08179941135035317,0.000622034313490324,0.7681675396118989,0.08535953758562288
319,0.08432533126523085,0.07984051122990996,0.0007167372591557227,0.774900720889552,0.06021669935615148
320,0.07208181624958394,0.12325938017979887,0.0011905984647808837,0.7556325099282085,0.04783569517762781
321,0.06057007271124746,0.06206459433685432,0.0006072838155173697,0.8321672115614678,0.04459083757491293
322,0.06847243032152216,0.04823594762357766,0.0005768210742642789,0.8082655681856732,0.07444923279496266
323,0.06291119491980732,0.07349460194721791,0.000596431278790022,0.7902019357335509,0.07279583612063374
324,0.057473332320282865,0.05802621052755578,0.0006880753769796502,0.8267971013797905,0.05701528039539132
325,0.06525871492826944,0.07684107636309648,0.0007045819282430425,0.8202618434657925,0.0369337833145986
326,0.05557346879822402,0.05997834272097393,0.0005581377630953068,0.8453085137286804,0.038581536989026284
327,0.06958548896485563,0.10597384075041398,0.0007644560367408122,0.7762001163508655,0.04747609789712409
328,0.08245246698353947,0.08535625298362229,0.0006460001495905132,0.7266365844439693,0.10490869543927855
329,0.053280920252244776,0.06005142271012797,0.00042777963361365887,0.7140440420403111,0.1721958353637024
330,0.07586828373569295,0.07424743300804511,0.00035579055034219985,0.8014553928894689,0.04807309981645097
331,0.07778478555234947,0.17022896171113097,0.0008280895559254013,0.6956066215039187,0.055551541676675406
332,0.04502599693226711,0.15710014617502258,0.0004925950943492174,0.7750377993954205,0.022343462402940634
333,0.04041807629638012,0.05053184401186891,0.00022121742137886939,0.8713904793681099,0.03743838290226215
334,0.042748143316554923,0.24020090991853277,0.0012933087162754502,0.6701557898302244,0.045601848218412434
335,0.05541877213235631,0.11007368054797743,0.0003312410332431303,0.8223570441044816,0.011819262181941412
336,0.04553038160165064,0.09893086581236837,0.0005481897322600851,0.8048029261436676,0.05018763671005337
337,0.07662035081047985,0.09292761564674679,0.0009346261611295818,0.7582855507847418,0.071231856596902
338,0.10650204639339297,0.18406700085570862,0.000615881458517163,0.6902362541950957,0.01857881709728549
339,0.0766823175485932,0.30097723887440314,0.0011436089690180105,0.6054290395188248,0.015767795089160864
340,0.13113275776801536,0.20502659014832397,0.0012952383415355047,0.6339528816070706,0.028592532135054423
341,0.07164379195890269,0.3522400399565369,0.0011733876890934725,0.4921814265869508,0.08276135380851594
342,0.09997057086107748,0.38066697239758107,0.0010898492507666131,0.49857185771326656,0.01970074977730836
343,0.10759915258262058,0.4400795594866562,0.0010624807773536315,0.4384183391481574,0.012840468005212156
344,0.07204188069250163,0.6466266701198341,0.0029171821473972254,0.25585849899208984,0.022555768048177074
345,0.07085824284939028,0.3365959351469944,0.0012745950259957757,0.5718832122187396,0.019388014758879794
346,0.0795840192068319,0.4475421509994775,0.0017497830343384583,0.45773793511652217,0.013386111642829846
347,0.13607952361990322,0.3070959539089635,0.0011648194728132591,0.518562128964584,0.037097574033736085
348,0.08304100664931995,0.5706381062690253,0.0011081701274255804,0.3348906125848073,0.010322104369421846
349,0.17352238451750437,0.47544550396287355,0.0020677080573132996,0.2822644463043318,0.06669995715797715
350,0.06126911104814383,0.6635348075898269,0.0023692908621920626,0.2589559406507047,0.013870849849132389
351,0.09171163820700637,0.44730892568790653,0.001108163180433665,0.4469565810726367,0.012914691852016805
352,0.06319435749426072,0.5508318734846429,0.001532578297497872,0.37510905657392246,0.009332134149676017
353,0.06828604663940736,0.5543704147095413,0.0018381715268697507,0.3606706239297801,0.014834743194401418
354,0.07663085045395332,0.7406368036939336,0.002863360908147248,0.16609605448940884,0.013772930454556846
355,0.20910212784910914,0.5857169862046917,0.001657160162327492,0.0870455698109075,0.11647815597296428
356,0.14068141638946727,0.7652347354020278,0.0013671734448675672,0.07042728315791405,0.02228939160572339
357,0.18313984584954848,0.7267912805182738,0.00249933582149459,0.06200165869592355,0.02556787911475953
358,0.1925412854607071,0.6640252245033191,0.0011998279713476708,0.041639107270752596,0.10059455479387337
359,0.042258897701120325,0.9173466119105153,0.009012134760430014,0.02085368010656524,0.010528675521369258
360,0.04394306806822064,0.9332476147277815,0.0033054229607233044,0.013726715640372736,0.005777178602901634
361,0.08710071318443245,0.8782708275154731,0.0030642046558024922,0.022966945827489104,0.00859730881680283
362,0.04128233029975634,0.9423942153548103,0.003029613473755375,0.010644869945915415,0.0026489709257626185
363,0.04596748891854339,0.9214032580415532,0.021557959012089692,0.005958663347385592,0.005112630680428253
364,0.02703989305302576,0.9154937350674903,0.04847177741378498,0.002088439391465386,0.006906155074233529
365,0.028167057634996804,0.8776567217347863,0.08439248790629529,0.0025234330470162154,0.0072602996769053005
366,0.02322271787517334,0.9147843583691816,0.05482439458568547,0.0010859366098557848,0.006082592560103676
367,0.014582715414467207,0.8757254696959196,0.09813898919405997,0.00288764956113163,0.008665176134421726
368,0.002342156618951527,0.3443462540014222,0.6483713380086795,0.000731232541427393,0.004209018829519323
369,0.003954311225769275,0.5126342736781441,0.47841808375692735,0.0017649892708843191,0.0032283420682751043
370,0.0011882705395841774,0.14117901797649832,0.8529121611466167,0.0017402164993444863,0.0029803338379562868
371,0.020247915884700696,0.1251696330177293,0.6354007280290618,0.035620012439231095,0.18356171062927717
372,0.020063448139098397,0.0445145412134472,0.0035754077491747882,0.02180132038372821,0.9100452825145513
373,0.03903851768664352,0.07877140467349868,0.007687629202922501,0.04315755037424207,0.8313448980626932
374,0.014852568335893622,0.011569347941469094,0.0030437443730583678,0.004611010249156606,0.9659233291004222
