epoch,N1,N2,N3,R,W
0,0.016281074220716583,0.000237778799454574,0.0,0.0016103823659210264,0.9818707646139079
1,0.007197536995791647,1.7864536198920565e-05,6.433696281773661e-15,8.886914640257232e-05,0.9926957293216006
2,0.0001876670335604658,5.806780205132396e-06,9.511639059973759e-08,6.664321751868025e-05,0.9997397878523251
3,0.00015788397538432205,1.744252195924044e-06,6.991759805111105e-07,1.3774470177760136e-05,0.9998258981262615
4,0.004994527310034448,1.8919960685339517e-05,1.5122166989023511e-07,0.00018210629597874915,0.9948042952116316
5,0.000688402961870877,9.853166030832932e-06,2.731952131839862e-11,4.741872857544757e-05,0.9992543251162033
6,0.009370641237321335,5.452812081178883e-05,5.487575796802601e-07,0.0003988631516590051,0.9901754187326283
7,0.011162779205071258,0.00021217134871928827,8.999824849021903e-07,0.0005050628462494408,0.988119086617475
8,0.020545615102323073,0.00042044699420539845,3.209451539684619e-06,0.0025161825716480944,0.9765145458802837
9,0.0037543042075212653,0.0005233046370993782,2.844982885166802e-06,0.0006596279855393922,0.9950599181869547
10,0.012151219595383126,0.00020070077518830995,3.694577533213414e-07,0.0003248877770953989,0.9873228223945798
11,0.084848707563402,0.00195645421728925,2.3788102632955917e-06,0.0037421649376479017,0.9094502944713975
12,0.17762622048830595,0.003423143235454048,3.893248758108044e-06,0.00639358078880414,0.8125531622386777
13,0.14618012703146524,0.0026971572025831897,4.046042734381351e-06,0.0052383396646574695,0.8458803300585597
14,0.010028155958070524,0.00347200439167719,1.4489453998886422e-06,0.0015390431404544312,0.984959347564398
15,0.20670337946026596,0.014020281625467718,4.414945663999682e-06,0.00382208182406688,0.7754498421445355
16,0.1972648247359409,0.009218535038232743,4.730404571583738e-06,0.0024776728830261685,0.7910342369382287
17,0.23654212688890558,0.062202311374416265,9.888202955559424e-05,0.008829103175854504,0.6923275765312681
18,0.21818979698287094,0.01531963392729267,8.587754158344729e-06,0.019375720015988956,0.747106261319689
19,0.23900163102072222,0.0633723547062692,8.218735686642354e-05,0.006812688330706177,0.690731138585436
20,0.14278803075915547,0.35875708724514516,0.006973324423546861,0.0033467715071547593,0.4881347860649977
21,0.03691497653015368,0.394658484804998,0.002045247196422229,0.02064459085978755,0.5457367006086387
22,0.0001988574962091621,0.00013520676955431618,8.25423203606825e-06,5.442658834368831e-05,0.9996032549138568
23,0.11385450521569307,0.0015240353774836602,1.1667606634804924e-05,0.0016466761470049867,0.8829631156531834
24,0.5297591758174204,0.031663949901541776,8.983683666063317e-05,0.0023317539469070087,0.4361552834974703
25,0.5145320697170597,0.29602850023745814,0.0017531463993044998,0.0016944744707772079,0.18599180917540042
26,0.36648006456202636,0.5904824230549992,0.022583798595323275,0.001574151733034359,0.01887956205461671
27,0.1231945179636055,0.6192746584229504,0.0003456755622497535,0.03475476933460612,0.2224303787165882
28,0.027015557547700783,0.9429712508409019,0.013435032958885918,0.001298049481976615,0.015280109170534698
29,0.04962618959252243,0.9058919981899521,0.0064046651649485205,0.0011852605760417486,0.03689188647653514
30,0.02398162135620856,0.9600988156167001,0.004336504657800525,0.0003214191277452481,0.011261639241545583
31,0.04512851578095185,0.9284953479363479,0.00170297609934507,0.0033277364060496383,0.02134542377730538
32,0.018721129064103992,0.7528913207653777,0.21806363357913924,0.003670729144845999,0.006653187446533072
33,0.017533754323973607,0.9094359155999677,0.0626028870627643,0.0009016054729992577,0.009525837540294978
34,0.008047399023963111,0.858730596631042,0.12926687083684124,0.0005743615255853714,0.00338077198256838
35,0.002735251755597686,0.6607851151049909,0.3340605151096082,0.00024877031431523854,0.002170347715487932
36,0.008577332652604828,0.9329250947793384,0.054362920241820066,0.0007011153228561475,0.0034335370033805597
37,0.002927770524069754,0.4894379093304731,0.5061297840104375,0.00022576913497808596,0.0012787670000416146
38,0.0064007471832480635,0.5983449344468721,0.3927338152983933,0.0005736791108381818,0.0019468239606484925
39,0.014979252315199471,0.8736097524060469,0.10385924685699086,0.00043780758076179317,0.007113940841000925
40,0.006308596587080805,0.9123729915319694,0.07928739988834434,0.00010590123459491156,0.0019251107580106838
41,0.03973488198816394,0.7491438037030395,0.20423535431131173,0.0003736255960231115,0.006512334401461859
42,0.007205342596030094,0.5759215760351332,0.4145225129317265,0.00020919118291696533,0.002141377254193306
43,0.011121356929568638,0.6726159549052411,0.31021228069095275,0.00018518026457123424,0.005865227209666311
44,0.005179785093634001,0.483578457274852,0.506549003943675,7.856309763368286e-05,0.0046141905902052
45,0.008568037022886759,0.6577902617173974,0.3289495855948884,8.921150702949175e-05,0.004602904157798049
46,0.004394025083187034,0.5258550302663343,0.46608139171027185,5.1766412535972483e-05,0.0036177865276709113
47,0.002531089960114522,0.43670020123822206,0.5568064511427451,4.9177858570299186e-05,0.003913079800348038
48,0.002002187942303893,0.1868728645178548,0.8081618829533542,2.451999595209951e-05,0.002938544590534957
49,0.004611164352278277,0.22187947444102768,0.7666737128379113,4.8488573733570155e-05,0.006787159795049405
50,0.0013000815660409897,0.10755154756201701,0.8870590479759565,2.0691500741883592e-05,0.004068631395243692
51,0.00256940229738925,0.10469674375978395,0.8898363206780956,1.985552207442104e-05,0.0028776777426568765
52,0.0032475000444150675,0.12109611500784687,0.8730866180732099,3.5548084735999724e-05,0.0025342187897922177
53,0.0006164875699041715,0.050203751029655345,0.9483881938796921,1.6510335166630682e-05,0.0007750571855817949
54,0.0013740192732125537,0.08096662151753181,0.9154077317816298,2.9285270261651127e-05,0.00222234215736426
55,0.0004742764245861412,0.030112723941798623,0.9685726649799671,1.942547326446038e-05,0.0008209091803837244
56,0.0042646598757416,0.13647730414419498,0.8555558268365491,7.014966902485037e-05,0.0036320594744896056
57,0.000812477131209404,0.04336232398922245,0.9547354831769391,1.2219503346146384e-05,0.001077496199283138
58,0.0009134072831925582,0.055550183462460954,0.9419829067304655,1.8496747031723543e-05,0.0015350057768492307
59,0.0006286792330581004,0.04755223793776606,0.951049787018848,1.0531763224491765e-05,0.0007587640471032627
60,0.0004669390031477202,0.038671688931595775,0.959961675863604,7.289473446034484e-06,0.00089240672820641
61,0.0014925232259977944,0.043267723888349145,0.9542269962418766,1.6522863980019583e-05,0.0009962337797965193
62,0.0003710039821758229,0.01751630435620121,0.9813192408327953,5.732629628345158e-06,0.0007877181991993532
63,0.0019759015561590385,0.047566114832724514,0.9490722471614972,1.4713478986141311e-05,0.00137102297063311
64,0.0014242075048481104,0.04979227982440676,0.9471182602486855,1.4880416430789318e-05,0.0016503720056287984
65,0.00016178579910943442,0.011592291654557515,0.9876925932488367,4.450497791744714e-06,0.000548878799704438
66,0.00024461899920563934,0.01774735902409958,0.9813165044683593,4.807301510413224e-06,0.0006867102068253011
67,0.00026170596286192446,0.009446065882620107,0.9896733979555802,8.108973865450196e-06,0.0006107212250723276
68,0.00011178172830537707,0.008004790702734594,0.9907199872226597,8.287738847470713e-06,0.0011551526074527804
69,0.0004288055104315892,0.02213587231159873,0.9761069039056144,7.805591792475148e-06,0.0013206126805629065
70,0.00012891226599527592,0.009731651212725546,0.9894652326623227,6.314144985043006e-06,0.0006678897139715698
71,0.002313794090452612,0.05824204057631958,0.9352266080994398,5.0039702230987904e-05,0.004167517531557079
72,9.873120935560024e-05,0.011459524562936557,0.9880073302580739,5.164531301859934e-06,0.00042924943833195134
73,0.00021248587517842818,0.01957442605565868,0.9795617212029734,8.357603554424724e-06,0.0006430092626350207
74,0.000765840860779029,0.02937011413101242,0.9686873447075701,1.97357878661791e-05,0.0011569645127722905
75,0.0001576877938375415,0.015411783065457653,0.9839157658215655,5.993224487570654e-06,0.0005087700946517975
76,5.610668711486599e-05,0.01054741330601783,0.9890526722743922,3.428234111164976e-06,0.00034037949836386626
77,0.000274599282687599,0.013992450975615488,0.9851934340213997,1.1361905107939207e-05,0.0005281538151894382
78,0.0008961778673579903,0.021204178081631244,0.9748575043559847,2.368812277743229e-05,0.0030184515722485664
79,7.607523216876759e-05,0.014688202618717856,0.984596844463193,4.665594839515918e-06,0.0006342120910809502
80,5.977294353093102e-05,0.012956883580794375,0.9864109550356427,3.3422095982126657e-06,0.0005690462304337261
81,0.00013752424351135334,0.011520180554379658,0.9876623383168176,4.6140115239170645e-06,0.0006753428737676716
82,0.00023725788055135898,0.007661589783144739,0.9914897233303765,3.8013762898288764e-06,0.0006076276296374538
83,0.00023694879936146397,0.028067615273270754,0.970490136899379,8.937615658631498e-06,0.0011963614123303191
84,0.000381296783797887,0.018815403624532788,0.9794745156435791,6.434385469266351e-06,0.001322349562620927
85,0.0003305747641558655,0.027193838354591257,0.9712040462580845,7.854328798391022e-06,0.0012636862943699952
86,7.58120225116709e-05,0.005516493021729797,0.9938918349553041,2.7506110073462033e-06,0.0005131093894473098
87,0.0002758085136935863,0.011810298025574444,0.9870427089305459,6.786068718856926e-06,0.0008643984614671118
88,0.0005172506076357503,0.02911829236477293,0.9684589749443945,9.29622013768208e-06,0.0018961858630591653
89,0.0003500118688389065,0.011079228842841921,0.9875582766605966,1.156535796382696e-05,0.0010009172697586703
90,0.001049067426724166,0.030963064604297173,0.9656489736659057,3.473325060287602e-05,0.0023041610524701635
91,0.0003575801838364861,0.015309829118915819,0.9829526147194874,1.5418894138625655e-05,0.0013645570836218158
92,0.0005213282361331524,0.02329265308526529,0.9749644818188223,1.976315336526886e-05,0.0012017737064138872
93,0.0014079725165213595,0.06772881150888092,0.9280769587116704,7.574246305630335e-05,0.0027105147998711435
94,0.004986377844700247,0.06739945748431297,0.9187429293594321,0.0002223432609707759,0.008648892050583919
95,0.016118507277431866,0.1457408638684667,0.7681982929591586,0.0004176712837871705,0.06952466461115547
96,0.019166127884608097,0.1639449338415164,0.794833504582368,0.000462561800553151,0.02159287189095429
97,0.08081132285109226,0.4726083406586798,0.04082598990051821,0.0036699920955261776,0.40208435449418367
98,0.11557629671107347,0.4513297868144823,0.003683533283793854,0.004981819601020828,0.4244285635896294
99,0.08463779928468475,0.4832402855253395,0.00929196357469007,0.004655862620816037,0.4181740889944696
100,0.6653473904027131,0.13029858805236655,0.0002457156748701026,0.014612031075347273,0.18949627479470296
101,0.4300598687903697,0.4026170718634281,0.00045584225213060153,0.005367413067532387,0.16149980402653918
102,0.22384618780695487,0.6679885827751596,0.006398814217949923,0.004462601521904975,0.09730381367803066
103,0.3037780554277691,0.6488504346741186,0.0006157684662117778,0.010360275288656937,0.03639546614324345
104,0.06537571926064942,0.9095327326166611,0.00560321664936554,0.0009981723572023804,0.01849015911612138
105,0.04854773017633631,0.8435355905156661,0.0760786115942935,0.002451301771175625,0.029386765942528426
106,0.10184730980355458,0.8639649421003435,0.009770869958077343,0.004829431627069968,0.01958744651095472
107,0.04784011135329636,0.8417571116790378,0.09918712431282067,0.003490086086361774,0.007725566568483237
108,0.015835854848399823,0.5901079612461827,0.38662805460630767,0.0031400225473868083,0.00428810675172307
109,0.046149232917153435,0.782065501161872,0.14144752499829846,0.017783076121311258,0.012554664801364737
110,0.06043448294956814,0.8724855632471832,0.03553081708088355,0.0232729503945548,0.008276186327810471
111,0.025639919508792363,0.8507317782117322,0.10355654595668974,0.01473968382122327,0.005332072501562544
112,0.012980121799476458,0.818241371653793,0.15242283888995783,0.0032979837372429017,0.01305768391952975
113,0.08733498634882009,0.8472236978247509,0.026140847739760314,0.015752514637699087,0.023547953448969587
114,0.09617408698620868,0.8184260262626334,0.024317514180381666,0.012353227114612593,0.04872914545616368
115,0.35407903510623945,0.5367268761511471,0.0009179804236163489,0.012355192832892261,0.09592091548610476
116,0.22976009007759268,0.736160521928996,0.0012343711126866952,0.01861185429503515,0.01423316258568946
117,0.38598577391078337,0.5620850810817373,0.0011522932938347141,0.011723255311358928,0.03905359640228563
118,0.25563428872370514,0.722198152609633,0.006676276992594841,0.004170178043112916,0.011321103630954088
119,0.08824011249325754,0.8805578695986955,0.010032806815943098,0.013605062569062154,0.00756414852304165
120,0.026436372544730552,0.9327597933289218,0.0213624680036136,0.017333382889966484,0.0021079832327676002
121,0.12158820406196477,0.7908625457717454,0.02583525153767322,0.04930109880761225,0.012412899821004174
122,0.0968946501116978,0.8547350319538872,0.0036700903459203223,0.03867174867466222,0.006028478913832505
123,0.034646158401622246,0.958458809700683,0.002773340758147354,0.001656756642553964,0.002464934496993674
124,0.018825972882900725,0.9220767702779589,0.05683769641848157,0.0008820179744886173,0.00137754244617001
125,0.02321279900764392,0.8918699331528985,0.08111905650714919,0.0011886165653775971,0.002609594766930681
126,0.06936687765021216,0.8710269342416246,0.03397321087587035,0.004418711540797485,0.021214265691495437
127,0.02796726540516502,0.9062206813520656,0.061460161519271916,0.001223602955396104,0.0031282887681014977
128,0.012886990302086251,0.9138344158339196,0.07054098737192684,0.0004612735689158176,0.0022763329231517107
129,0.010725793209411012,0.8847513178075556,0.10175458752962718,0.0005871037835089777,0.002181197669897153
130,0.007759121780596193,0.7965206566968359,0.19251930186691338,0.0005392211827156337,0.002661698472938933
131,0.11267088781996362,0.7252323384827647,0.11747945899645262,0.004254012913859116,0.04036330178695988
132,0.01694128459210494,0.7244821059168802,0.2552213502163994,0.00135454564453415,0.0020007136300811625
133,0.022550572396955286,0.7895472888953636,0.18225166338035154,0.0016616922507264045,0.003988783076603036
134,0.007321207877729705,0.7439275478950067,0.24469177287435104,0.0010644999830918378,0.0029949713698207083
135,0.03731770576823292,0.8914481295270109,0.05271931189973529,0.005829235878514119,0.012685616926506594
136,0.08219419823383037,0.9027257044943865,0.005540166903839072,0.0018080333371637844,0.0077318970307803415
137,0.028036865488643592,0.8963204168741462,0.06948326350101765,0.001341621304834541,0.004817832831358171
138,0.04140129970760466,0.8843680468233726,0.06996077324268668,0.0003572364975322093,0.003912643728803887
139,0.15573736447688494,0.8063448922293375,0.015826459410633348,0.0064116709357944085,0.015679612947349746
140,0.019820987149596743,0.8015022102242415,0.17006226138644154,0.0024854020330545464,0.006129139206665487
141,0.01780364840966864,0.8607455833898863,0.11571596335651041,0.002671222659479653,0.0030635821844550003
142,0.014563329409117325,0.8345460993343542,0.13364036389143538,0.002852263589028789,0.014397943776064345
143,0.02912202981265463,0.702615648995284,0.25684314873369385,0.0024281052800695364,0.00899106717829819
144,0.024973312793566814,0.6866703381176933,0.2107957978229933,0.0037658796795838464,0.07379467158616275
145,0.14402313791435903,0.1879574149418245,0.000549821755742374,0.019053810404026133,0.648415814984048
146,0.10708893768168017,0.1424644473830546,0.004605346719652118,0.010316389907380544,0.7355248783082327
147,0.2998529779700664,0.03552372371081116,9.29010938247407e-05,0.15214589595577588,0.5123845012695218
148,0.446682655270153,0.03085838984250549,4.709433848392502e-05,0.029953256018566608,0.4924586045302911
149,0.04385576453137097,0.009887263065167856,0.00030198610545048067,0.00471780771660584,0.9412371785814048
150,0.3358885193770082,0.005497560753440867,1.2336088075804091e-05,0.00883572322446698,0.6497658605570081
151,0.5656918383633114,0.010582976619334945,3.554660205175524e-05,0.034700721337878035,0.38898891707742383
152,0.6026697269598497,0.005605277848079619,2.914751518456432e-05,0.11272828718635299,0.27896756049053323
153,0.46296001637381906,0.011950603495514037,1.414572180899898e-05,0.2718131438840592,0.25326209052479876
154,0.1920755699855628,0.06482083438337631,6.61896926679279e-05,0.6064068391072952,0.13663056683109773
155,0.3295429106130531,0.09660891209933976,2.2843178957638264e-05,0.5084894105258011,0.06533592358284841
156,0.393995678486242,0.05716667703997453,2.4373633878437768e-05,0.460346568641021,0.08846670219888389
157,0.28176106680203367,0.5281658203961717,0.0007256647328463941,0.13822213989951512,0.05112530816943334
158,0.1446579562128157,0.7829480969715836,0.0014972448324583672,0.05970208032873428,0.011194621654407799
159,0.10278789130009836,0.8636422628372791,0.010325511542264177,0.014355565885978647,0.00888876843437965
160,0.02882705881470235,0.9513703531924141,0.0021173011686378427,0.01498568948695727,0.002699597337288292
161,0.0253309817202608,0.9497193477437966,0.00812303001086527,0.011964091383751778,0.004862549141325441
162,0.013656376809511093,0.9712277603348672,0.0021233653918693017,0.01112135987724582,0.001871137586506441
163,0.023940461527078283,0.9388345436986514,0.02888272546127968,0.005796662501131053,0.002545606811859515
164,0.018859744750478538,0.9724752854581825,0.0024031577656491517,0.0040857236399677345,0.0021760883857221028
165,0.012272430907372543,0.9691679994916578,0.011473293591265504,0.0057824374109895415,0.001303838598714694
166,0.01603859021967976,0.8961595771629336,0.07642597529280488,0.007839851078429654,0.003536006246152134
167,0.009999206725749108,0.7663580714753621,0.21098143395587196,0.010784735405903084,0.001876552437113886
168,0.09660911390066347,0.7371475770641903,0.0009062787228054807,0.1175541472268332,0.04778288308550759
169,0.017008321321388395,0.9107420981979024,0.010361241467543853,0.01874204707330146,0.04314629193986371
170,0.07505684716236949,0.34973771219367283,0.00028474563698528026,0.2257061154686334,0.3492145795383391
171,0.0917741774750437,0.5286435052168498,0.0007721627489848242,0.2655082204437267,0.11330193411539519
172,0.062446586351083536,0.023335233687119053,1.849528762683747e-05,0.2243942300641018,0.6898054546100688
173,0.10244896724440923,0.03605241580589738,2.039143676820979e-05,0.33538794958259166,0.5260902759303335
174,0.21456324554647638,0.014132702306456408,1.97743389173725e-05,0.22380066725905998,0.5474836105490899
175,0.22639598206415337,0.06376195370990248,0.0005632713502912432,0.16411880240883314,0.5451599904668197
176,0.07780616915608099,0.030487410559963818,5.107892644453198e-05,0.10352755050311674,0.788127790854394
177,0.049841818036770826,0.011017736298250891,1.5314675482063925e-05,0.028785271242807282,0.9103398597466889
178,0.0011136857809746592,0.00010142617764296471,1.5377224571651496e-05,0.0012257186744562968,0.9975437921423543
179,0.14599191917723825,0.0009205789787876358,4.7542729190936565e-06,0.009654328989200137,0.8434284185818548
180,0.34091262872355327,0.0013024141350291658,1.0669723851435964e-05,0.005594783484622919,0.6521795039329432
181,0.11389894479886832,0.1837900186063698,0.002620169990742674,0.04152646343708784,0.6581644031669315
182,0.1663944813917785,0.10767953337960023,0.0001043663523642915,0.2575548471225773,0.46826677175367976
183,0.14940088529282086,0.08212658815303522,0.00019626803928037898,0.4669848021373613,0.30129145637750215
184,0.16714169296493414,0.046746033743404754,6.0275328549690195e-05,0.2877063246582863,0.49834567330482504
185,0.40083051015171695,0.14985552474264724,6.552099402246685e-05,0.11916501639083733,0.3300834277207761
186,0.20523053045894943,0.6004537053814287,0.0012456027452216782,0.031217588062390538,0.1618525733520096
187,0.4889505981305697,0.37770082255107507,0.0009354274629036285,0.07081162860458835,0.061601523250863294
188,0.09883734761954474,0.8494247886348455,0.0012482698035281854,0.03885017634966212,0.011639417592419463
189,0.012332283695976337,0.8953079051635603,0.07020061945240574,0.017915099235145063,0.004244092452912623
190,0.01790981247328049,0.9445217601860021,0.009972800526389719,0.020421874364061617,0.007173752450266096
191,0.030801332944453086,0.8804439329829838,0.049226145701564646,0.021702981200417793,0.017825607170580626
192,0.02692983062387779,0.8433193578306359,0.03933376738823979,0.047007165219639324,0.04340987893760739
193,0.0988582970298249,0.36715215557404857,0.002013435493070137,0.4164461678854907,0.11552994401756563
194,0.042307841776861616,0.24187377626080656,0.0001784924128359158,0.5803922017252459,0.13524768782424998
195,0.048254230298128156,0.28936862247712064,0.00020978279791553117,0.5986370931267245,0.06353027130011113
196,0.15151760632627168,0.11140674205357398,0.0001141250402190063,0.6608122858896139,0.0761492406903213
197,0.09442496666260597,0.09806495922072628,0.0001559845870369649,0.7582705121370541,0.04908357739257664
198,0.018154093193581043,0.025436199104652224,1.863170946145501e-05,0.9437132080106165,0.012677867981688778
199,0.018731894744903034,0.05318300793402971,3.105833656286312e-05,0.9107149553444176,0.017339083640086746
200,0.022823286882955977,0.014593316033021171,5.407453875028409e-06,0.9505610769158822,0.012016912714265667
201,0.04368193884037645,0.02418392248814085,2.6558251394055945e-05,0.889781399893749,0.04232618052633968
202,0.02386692704280341,0.016971519638548406,2.09197870196616e-05,0.9290473951084955,0.030093238423132974
203,0.010468985624617488,0.01138214519268969,2.6703382933213694e-05,0.9644713548735784,0.013650810926181183
204,0.006722267808037525,0.008104631696208653,3.1801134749913074e-06,0.9662877611207039,0.018882159261574803
205,0.025209297103057464,0.006546853227567471,3.647828118078636e-06,0.9502224026190701,0.018017799222186957
206,0.035358333347407546,0.014171471514738,1.4586500572435757e-05,0.9391799604304205,0.011275648206861662
207,0.033306087719272535,0.013755999447663017,3.9636135591328954e-05,0.916233135045319,0.03666514165215417
208,0.028752756324732995,0.005947865354104709,4.8125221130244274e-05,0.9333750942526392,0.031876158847392776
209,0.0020182833149735985,0.0017101466399401257,8.219004318676471e-06,0.9917076572460831,0.004555693794684548
210,0.006160853230259092,0.003671627423030403,2.695136152890792e-05,0.9832811951266264,0.006859372858555236
211,0.007243364310080033,0.0025691129126871096,1.6268790958762826e-05,0.9807458116277407,0.00942544235853345
212,0.007411200077077016,0.0031358886968698408,1.1057198830926598e-05,0.9846248658835525,0.00481698814366956
213,0.006211589424981521,0.003609408737456609,1.3950793412462876e-05,0.987670608924637,0.002494442119512406
214,0.011395949001651196,0.0033433073097937694,2.125154599936142e-05,0.9778553159678461,0.007384176174709646
215,0.006974012124936803,0.004299630375183598,7.684901496483223e-06,0.9856228782211953,0.0030957943771877288
216,0.005924494526331033,0.0041273660282560186,9.298308999696201e-06,0.9850229308622679,0.004915910274145324
217,0.012213892902482797,0.004786528244626044,1.1905037913581893e-05,0.9619483792620093,0.02103929455296828
218,0.010407738183131605,0.00322052026605963,4.29403071177171e-06,0.9784204514611906,0.007946996058906258
219,0.05076271408141824,0.006101941255982005,3.7696304639232227e-06,0.9106454680073476,0.03248610702478823
220,0.12266647498995935,0.007504428540883159,1.1955504639875003e-05,0.8381429152929841,0.03167422567153352
221,0.21816339336065677,0.009800686624158615,9.149992823683094e-06,0.4839259453741449,0.2881008246482161
222,0.17322616952457603,0.005773957760354379,1.1845381338332733e-05,0.6249162578481217,0.19607176948560967
223,0.24715291144041684,0.005506796828177932,2.134062967160606e-05,0.5713873503376113,0.1759316007641224
224,0.09253686697968129,0.00943724770780336,1.631732575701585e-05,0.47151843342380445,0.42649113456295384
225,0.1037476867636685,0.011498098266856752,4.496808598836752e-06,0.29008330238941543,0.5946664157714605
226,0.3920247915047233,0.0074733765256038516,3.724059518795479e-06,0.38933774917381686,0.21116035873633712
227,0.4585600458111852,0.005315941888818411,1.9593088939100624e-06,0.291143339894466,0.24497871309663638
228,0.62497376351985,0.02019554502380398,3.030826266655624e-05,0.23256160343381413,0.12223877975986536
229,0.43667790545816554,0.049862151294120104,3.9558939735860014e-05,0.47394889440931565,0.03947148989866311
230,0.28427029955340205,0.13026407780870322,8.142105707598178e-05,0.5601455188419043,0.025238682738914307
231,0.11063597775265406,0.05615670621358206,1.6199006229161198e-05,0.8221498886101469,0.011041228417387843
232,0.10544532063676447,0.03976929890186357,1.9419206837331447e-05,0.8375612094833996,0.017204751771135115
233,0.07034230001784739,0.07134124180991072,3.3401116688580776e-05,0.8376989095471538,0.0205841475083995
234,0.08425373052615684,0.4360830468727643,0.0007198003488414589,0.4629170758831921,0.016026346369045288
235,0.09025597905151007,0.40753830405122615,0.0002973730720699183,0.4801057213462761,0.021802622478917833
236,0.011708517380540398,0.7873598145081694,0.0019973886076916285,0.18833039058354503,0.01060388892005356
237,0.022120830289222154,0.6566535549703215,0.0049478934809892745,0.29873278770585937,0.017544933553607717
238,0.015677823823125298,0.19570723414624,0.00043169716900467704,0.7754287143958185,0.012754530465811546
239,0.012811967114238263,0.1781124939668924,0.000552098385731971,0.7947398894594915,0.013783551073645811
240,0.014153489458589559,0.040784277727456714,5.895500251977946e-05,0.9136380156455685,0.03136526216586541
241,0.033027147450758604,0.08124730757564858,6.634269931636878e-05,0.872008477744814,0.013650724529462302
242,0.020464688152770538,0.10266046363587872,2.549724819743474e-05,0.8634154629234183,0.013433888039735093
243,0.03187233474765422,0.021559640109014643,1.993438087400778e-05,0.9283555821645825,0.018192508597874604
244,0.010871568731867424,0.007639800246083832,7.938712552965932e-06,0.9759962989656468,0.0054843933438490575
245,0.02531704394112254,0.014768731220794275,9.355916013009262e-06,0.9360627124870984,0.023842156434971867
246,0.01266665048276529,0.008978604195275004,1.2234578245253766e-05,0.9713357754577973,0.007006735285917365
247,0.044457074615506055,0.02310876093167139,1.697082218860471e-05,0.9034562669964341,0.0289609266341998
248,0.06431513362505932,0.015995905352372483,4.9271675243035744e-06,0.8949950993870815,0.024688934467962297
249,0.09970009219655163,0.044242560102383824,1.3884198331144677e-05,0.8247207336781186,0.03132272982461481
250,0.20863775557359654,0.06278508040823853,1.3879199001300588e-05,0.7062445478246339,0.022318736994529617
251,0.36002004032056684,0.23106016358264692,6.796315372273638e-05,0.3532756903425413,0.05557614260052208
252,0.3735820619421508,0.0906041916333599,2.9189284959873682e-05,0.4955351023982242,0.04024945474130519
253,0.25769728125419145,0.4367675809502164,0.00020917083551756088,0.2713014599722079,0.03402450698786682
254,0.07920186035884795,0.8325698182058625,0.006519470664291332,0.0515791768303744,0.0301296739406238
255,0.15803035612637373,0.6203206660065389,0.00029979205498173873,0.16784008139616177,0.053509104415943885
256,0.022526540440304502,0.9331374497585209,0.000786318681652249,0.03717816286224313,0.006371528257279293
257,0.05555774479036855,0.8080962991638736,0.0006053726371757852,0.10931168701101199,0.026428896397570085
258,0.03986742872772722,0.9401855187081642,0.0004384304054692058,0.013949180799001164,0.0055594413596382775
259,0.011863974834719602,0.9622820734214964,0.010531257536449278,0.013098540329620639,0.0022241538777141782
260,0.005861148886305994,0.9766191911740902,0.0005310002129866438,0.015110038918693214,0.0018786208079236914
261,0.004667279327683085,0.9639324962868412,0.02292691859494154,0.007044760464873279,0.0014285453256607248
262,0.06274346005755603,0.8239769761868349,0.00031941823896743294,0.099020459012299,0.013939686504342633
263,0.0033493561436398127,0.9928514832918314,0.00036717513077541054,0.0028521735622461784,0.0005798118715074924
264,0.00399577903987543,0.9890889173098744,0.0037833356332287772,0.001810010810192693,0.0013219572068287554
265,0.002058197879822563,0.9921569041742256,0.0045622135813810465,0.0006015445857349757,0.0006211397788354966
266,0.005710365616771355,0.9890985388940929,0.0009603354118664246,0.0024068519600765593,0.001823908117192668
267,0.013747340007460158,0.9805572816272947,0.0014333860849589412,0.00044123428170875695,0.0038207579985776014
268,0.0022474515915724526,0.9103849146683254,0.08653141605450217,0.00011942643078343639,0.0007167912548164131
269,0.0005330065236253678,0.8587331750757038,0.1403928835722625,9.12828234434321e-05,0.0002496520049649356
270,0.0012334565204241415,0.9237866623068364,0.07375420889297842,0.00013614494391088206,0.0010895273358503786
271,0.007131096693435156,0.6362671886770384,0.35332438128640203,0.0010039257381476046,0.0022734076049768935
272,0.004238169314150433,0.8737671015889868,0.12005668712228051,0.00045914496566257435,0.0014788970089195442
273,0.0019007769279636283,0.826394991092221,0.17057765282891937,0.0003517113134642907,0.0007748678374317802
274,0.0019192486996569876,0.5590304845670724,0.4377824195904309,0.00025881165484165585,0.0010090354879979827
275,0.0004258048354545744,0.30894993049713826,0.689996988936512,9.39787010612481e-05,0.0005332970298338545
276,0.0010380283313454533,0.6067786869279835,0.39010613390763016,0.00017225172621060863,0.0019048991068302788
277,0.0007139281042142382,0.2681522853984038,0.7303577567064051,6.3655601962545e-05,0.0007123741890143971
278,0.0010827415919764966,0.25760266580815094,0.7406330048049286,5.481770634932952e-05,0.0006267700885947349
279,0.0004143687306811659,0.17070032911829977,0.8280535317413171,4.737131806614618e-05,0.0007843990916359498
280,0.0003681623763051246,0.09012955605197837,0.9088936619559824,5.7046339151527604e-05,0.0005515732765824168
281,0.0019619094548083806,0.24617156793192757,0.7498943046480075,0.00013830598668748155,0.0018339119785690265
282,0.0016520763010295985,0.22543420533518488,0.7712813631343595,0.00011104589944902857,0.001521309329977132
283,0.002351405236653333,0.09605877246121043,0.9001019663589476,0.00013492927638484158,0.0013529266668037905
284,0.0008026688554655656,0.15761378469695103,0.8407741325447164,5.18312221932677e-05,0.0007575826806737486
285,0.00035536325634284325,0.08802320599493899,0.9110546366196859,3.799704304603919e-05,0.0005287970859864063
286,0.001179244352838715,0.1841350546720535,0.8133374708929267,0.00014155951671523557,0.001206670565465885
287,0.007900312391773,0.1235906762330066,0.8571946296542412,0.0004459923826181453,0.01086838933836101
288,0.009225056673882346,0.34903891971581713,0.6373103576212524,0.0004565229918804618,0.003969142997167743
289,0.0014205206721339802,0.12454772381761021,0.8728110537902215,9.069836840027031e-05,0.0011300033516339464
290,0.003194182412544073,0.2119374207844204,0.7827670714937222,0.00020543605666039432,0.0018958892526529944
291,0.0010503501304355168,0.1207863938245547,0.8771665439902833,8.267332250035421e-05,0.0009140387322261176
292,0.0007651163137385742,0.10000408876310413,0.8980913072974461,0.00013354079651900884,0.0010059468291920878
293,0.0012339531908579842,0.10961109442608213,0.8876889717926225,9.525938405423055e-05,0.001370721206383415
294,0.0023489730677110528,0.11048151886859538,0.884763184039039,0.00030528539930102543,0.0021010386253533827
295,0.00039267745608331984,0.044714803843689664,0.953614539551008,0.0001608696315856112,0.0011171095176335407
296,0.002925617784605373,0.11473034079141206,0.8779312498115179,0.0006560526022963267,0.0037567390101683183
297,0.05799318355761272,0.0628646581494942,0.00836366615672101,0.010731405655988267,0.8600470864801837
298,0.3302782071974642,0.49392967767658463,0.026047573496261,0.017695734500611276,0.13204880712907885
299,0.3664358220824509,0.48379505451704663,0.05206682531755355,0.006107535356573202,0.0915947627263758
300,0.6206828116905606,0.317794497174256,0.005720333113367922,0.00275712868483214,0.053045229336983316
301,0.09635241375247547,0.48853024797488104,0.3759462000865945,0.007682447618413675,0.03148869056763522
302,0.05300470610906293,0.9135607863743004,0.008888981323082005,0.014070877597544993,0.010474648596009732
303,0.05490072021043921,0.8589573663797935,0.0564654769776833,0.011997047183339984,0.01767938924874411
304,0.01497676953265439,0.8398105555106194,0.12607058910653401,0.009425076713306203,0.009717009136885993
305,0.13183975288669447,0.8334329069675787,0.005395766225728328,0.02054778418142195,0.008783789738576749
306,0.004567067618648635,0.9088173383942564,0.08348849245671279,0.001953339570515934,0.0011737619598663537
307,0.040731538392639405,0.925130979735123,0.017977499503995045,0.01181691528863356,0.00434306707960866
308,0.010570169401256149,0.8490006537207766,0.12980287202666255,0.00732108312329793,0.0033052217280066503
309,0.019876404905459586,0.802315899435123,0.15529818618211033,0.013286303333230772,0.009223206144076079
310,0.04659222588804871,0.911289164568234,0.015870539955557223,0.021528605541946758,0.004719464046213258
311,0.01847720403678682,0.8327684256705362,0.13681167892285775,0.0077770036154505805,0.004165687754368776
312,0.012158607818066299,0.8644781849797027,0.11175760363808188,0.00769370089983295,0.003911902664316146
313,0.02268781741894059,0.8976007499496792,0.06452252035146745,0.012538939085209541,0.002649973194702928
314,0.026028395569134465,0.9168675510818639,0.033797451351547256,0.01829363032739196,0.005012971670062574
315,0.13553363060518292,0.7920090068203768,0.0280751672474251,0.021413294889227077,0.02296890043778806
316,0.0461014200411276,0.8819388009876742,0.06343213782448531,0.004717461459635094,0.0038101796870779465
317,0.04088962917454032,0.941633594488374,0.012769313458094107,0.00236390152190811,0.002343561357083349
318,0.021226781432918604,0.9066717262958518,0.07009108242009461,0.0008936382941075827,0.0011167715570273515
319,0.014149714985953118,0.9111656701450039,0.07145001056775228,0.0011724982200813502,0.0020621060812092886
320,0.00339172540132103,0.9013304561814323,0.0938858866176171,0.0006438122509625585,0.0007481195486670054
321,0.008585518734621218,0.7996672136579005,0.18906236374038227,0.0012353590341067225,0.0014495448329893492
322,0.011298723359628674,0.8947529425135469,0.09140544859694102,0.0012982559763480542,0.0012446295535353171
323,0.0032163457127222473,0.9062845839205254,0.08902274721889773,0.0005560726784111455,0.0009202504694436185
324,0.00804862642820237,0.836473272826323,0.15388224983720178,0.0006567185580805989,0.0009391323501922097
325,0.0029107009444006475,0.8805849945344613,0.11513046548444485,0.0003806975508174824,0.000993141485875771
326,0.0057296654145894185,0.6512975735648836,0.3402567967896225,0.001524000481772591,0.0011919637491318866
327,0.01903227885471873,0.7566687124527619,0.21710147491863366,0.003360559975522713,0.0038369737983628607
328,0.008636271819847654,0.7471007221885729,0.24037850587888746,0.0018903852517467396,0.001994114860945159
329,0.01681659111951141,0.7614047228275568,0.217267037540646,0.002422458388287375,0.002089190123998297
330,0.012974888053581636,0.7319338250397127,0.24823522591839345,0.004017344926553417,0.0028387160617588942
331,0.025579375953635113,0.8243381980866548,0.1409183744383544,0.0049431162275685,0.004220935293787164
332,0.02288347815462128,0.9108101203484571,0.05364706519310388,0.0035485571315372836,0.009110779172280495
333,0.124866877567614,0.8060457764758728,0.031207045729362247,0.026727715969800662,0.011152584257350292
334,0.08762792329256572,0.8393378344288155,0.05807390052268212,0.00901638362751505,0.005943958128421559
335,0.09896926414666748,0.8273068739162097,0.06031741821682417,0.0093017170279871,0.004104726692311703
336,0.09753350445254072,0.8049250437936748,0.06172564993241873,0.028404618008788438,0.007411183812577445
337,0.037004571192662546,0.8657211956530789,0.07299437022137,0.019703359226541147,0.004576503706347417
338,0.09496920900210845,0.7837940570413522,0.0741347327519605,0.03329162411990047,0.013810377084678407
339,0.015150861439303307,0.875344136247356,0.10218029813099329,0.004796705547010065,0.002527998635337252
340,0.06869563313776385,0.7218406364414934,0.18036611442154082,0.014269873762628794,0.014827742236572882
341,0.1403613954255659,0.8061947210385676,0.008129897375014817,0.03384044493291806,0.011473541227933495
342,0.02750698078380153,0.8525840470626429,0.1140995217637097,0.002562800233438704,0.003246650156407229
343,0.11412062249315474,0.8466470339677548,0.016636712440743807,0.011127570557257542,0.011468060541089144
344,0.024263933857848426,0.9105359146041874,0.06129663356522903,0.0014666891670772084,0.0024368288056577686
345,0.05347137058664529,0.8343922209455416,0.10556528101437947,0.0029261988847497484,0.003644928568683752
346,0.033083532937674034,0.8503484647910661,0.11065491298872875,0.002856598315488952,0.0030564909670422135
347,0.015812119437565997,0.933583994866491,0.04254358996229407,0.0036547338629345375,0.004405561870714376
348,0.03390229508325893,0.788432705683459,0.17144110912540253,0.0023682727968091302,0.0038556173110704797
349,0.02278698029292887,0.8483805583069123,0.12030401032423961,0.0036314984146188544,0.00489695266130022
350,0.010105821289891265,0.897830043109697,0.08714533540983961,0.0016190669881670423,0.0032997332024050146
351,0.047206794671660036,0.8965170484530022,0.04724351115537536,0.003532018126731749,0.00550062759323065
352,0.015299582935109473,0.8394291864998258,0.13988335745509428,0.0012874749022892306,0.004100398207681245
353,0.01542776508466416,0.6541079847044927,0.3267165496898567,0.0009966053536348844,0.0027510951673516107
354,0.003923996273176749,0.25869799164813473,0.7347753839011825,0.0005961346500558756,0.002006493527450131
355,0.0025821271759962384,0.23763828264504389,0.7573691970791607,0.0008044308229008719,0.0016059622768982186
356,0.02549420359100075,0.7709143542809272,0.1929943768568925,0.005952379280182251,0.004644685990996935
357,0.006661009943811556,0.40733643175030154,0.5824469986184962,0.0018481832081674678,0.001707376479223245
358,0.0100867316839834,0.6430561859107309,0.34306922631226583,0.0019257048813175765,0.0018621512117023963
359,0.00963070393252235,0.6286662780371304,0.3566309444637304,0.0019895996285442755,0.003082473938072539
360,0.012323297994780477,0.37993515837404085,0.6010205874781792,0.00252225431222268,0.004198701840776776
361,0.034304697280170514,0.7629972733640401,0.18464100383206647,0.0118063975969181,0.006250627926804803
362,0.06184665531448596,0.6071451482673308,0.281076682733281,0.03327068152662963,0.016660832158272687
363,0.04999114069747261,0.6676641766250488,0.21782134452727922,0.04276986824422051,0.021753469905978703
364,0.06621135520033013,0.07827825841377714,0.0023584581233002653,0.008100790411150168,0.8450511378514423
365,0.6444057236379722,0.17716875096637819,0.00677270749690477,0.005821126400656313,0.16583169149808855
366,0.3030374357639186,0.6753085791424928,0.007992025387501451,0.0014357631324636614,0.012226196573623551
367,0.07669558356927497,0.8637479522199053,0.04786412863954668,0.0010160278867923436,0.010676307684480538
368,0.04160223222934784,0.8768308848121728,0.07453928920048154,0.004848325348843866,0.0021792684091539796
369,0.003363254708553028,0.7842346908384207,0.20953850935591894,0.001221319551851258,0.0016422255452560285
370,0.0015905935943607524,0.7100524096080868,0.28637030241203143,0.00040402056170681756,0.0015826738238142201
371,0.004921650074457937,0.6977999927169232,0.2946712494027332,0.0005550288991963347,0.0020520789066892746
372,0.0012676862124157858,0.433501938865056,0.5634613467944605,0.0003330035861360307,0.0014360245419315983
373,0.002435333425782639,0.33692441235839005,0.6586050670362024,0.00036169569423699145,0.0016734914853880909
374,0.005952704362074038,0.27076890234714235,0.7186000947995858,0.0009805990356005895,0.003697699455597166
