epoch,N1,N2,N3,R,W
0,0.001491225423619783,0.00033430202395453386,1.9195657712541423e-06,0.00010641040843493033,0.9980661425782195
1,0.0018456716806421606,0.0006076357763019427,1.2011939182840382e-05,0.00026731306004198655,0.997267367543831
2,0.0015757987533914876,0.0004052130750316667,2.5938521685461867e-06,0.00037392028367883023,0.9976424740357294
3,0.001519386882792083,0.0002797757216063598,4.408575008382674e-06,2.613615535581985e-05,0.9981702926652374
4,0.024417810906538148,0.00274308572654683,1.0823587746612662e-05,0.0009599133449644747,0.9718683664342038
5,0.03122286590061588,0.0041029992933515015,2.4207404449791997e-05,0.0006393932145116304,0.9640105341870713
6,0.05958219836340266,0.005881952657765579,7.364421188450448e-05,0.0005091026887421671,0.9339531020782051
7,0.14005565195979267,0.020927564856233937,0.0003759083705599632,0.0023205360568973273,0.8363203387565162
8,0.23298847585808735,0.05673625127963295,0.0003168935333559763,0.003418755693925561,0.7065396236349982
9,0.2618134027921661,0.09758803946021406,0.0014966259234422512,0.006145131638419293,0.6329568001857583
10,0.189086508961841,0.0996329380035758,0.0009736500157548677,0.003101709830110446,0.7072051931887179
11,0.12771274515038047,0.36492638195111843,0.0032871360296900295,0.005584486291351922,0.498489250577459
12,0.17584430108990204,0.2006530428384896,0.0019695197553656857,0.020994378109008862,0.6005387582072338
13,0.05423452630753737,0.08198557450514514,0.0007160818221410014,0.007785866218557837,0.8552779511466185
14,0.012950603573842121,0.007587445203233939,0.0001475614753319417,0.0019550239518431522,0.9773593657957489
15,0.24925498157596784,0.09501186422965899,0.0006241505082252557,0.0132010045536072,0.6419079991325407
16,0.1984898562505761,0.1251785301474001,0.00038387761674530096,0.0030838163913040756,0.6728639195939745
17,0.34103862348704284,0.16611841935920485,0.0002895960501073825,0.03813884125051546,0.4544145198531296
18,0.3067005786587119,0.23489696854737957,0.00016168190807459368,0.07137388538823852,0.3868668854975953
19,0.10374288073511911,0.7126739422535743,0.002459382468565669,0.015551314941327641,0.16557247960141325
20,0.01082899643734405,0.007825929855462205,8.01758409786771e-06,0.004903566979988022,0.9764334891431078
21,0.17618812532916628,0.119215760671519,3.376168821549542e-05,0.07720434630030125,0.6273580060107979
22,0.1397769178053841,0.33435747087819156,0.00020985959626141623,0.014166728623010924,0.5114890230971519
23,0.1875130178999161,0.2831442690911515,0.0002862111627388292,0.013898855067384319,0.5151576467788093
24,0.1337299774212996,0.40467151028174264,0.00043910228163562533,0.008246149717007116,0.452913260298315
25,0.03203816320522281,0.022416009257600237,1.2849822503448153e-05,0.00866321116270328,0.9368697665519703
26,0.0073129246710719065,0.007655253730853378,1.590086688540238e-05,0.001123789353525174,0.9838921313776641
27,0.1756986142606661,0.2712267488488685,0.0006455681029469552,0.0054332364086685896,0.5469958323788497
28,0.015858895399880068,0.005158148037707158,1.0237305826112665e-05,0.0008263056545203531,0.9781464136020663
29,0.08120772067762143,0.036789037780043256,0.0004272916395866776,0.0008214279588636656,0.8807545219438849
30,0.001358925558002323,0.0006388848731869914,8.121801415321492e-05,7.91012122405918e-05,0.9978418703424169
31,0.0011062871121290446,0.00024260045526024564,1.7384691810198447e-05,8.585612011201112e-05,0.9985478716206884
32,0.0006068412308275484,0.00023510566325861144,8.135155668240001e-06,5.378203524055815e-05,0.9990961359150051
33,0.002336796560766194,0.000555670954719893,8.120636379026546e-05,5.84571954255235e-05,0.9969678689252981
34,0.0013194656840556803,0.0006327054977950428,4.857664391430514e-05,0.0001487527045365445,0.9978504994696985
35,0.0008459492274261394,0.0004568465103152658,8.816889175977786e-06,7.682455461797402e-05,0.9986115628184646
36,0.0017969924866925338,0.0012022635405118498,6.429868572907187e-06,0.00039986976949031914,0.9965944443347324
37,0.00022898681787582529,0.0003967153815629711,3.6310621071153173e-06,7.41735652069577e-05,0.9992964931732472
38,0.0006281628331078773,0.0004707574883223161,1.4720253263862115e-06,0.00016329514705514263,0.9987363125061883
39,0.0008868589639178901,0.0005020361316045764,5.311058625099379e-05,0.00017839464404265028,0.9983795996741839
40,0.001521544714662092,0.0006353488592943668,5.288467866023376e-05,0.00013922232234099576,0.9976509994250424
41,0.0009237906778401667,0.0009274021804040239,8.1282964839022e-06,0.00016765796821162422,0.9979730208770602
42,0.0017264984799470388,0.0006211950861350717,3.4778246175007373e-06,0.0002793367941880682,0.9973694918151123
43,0.001230877954866177,0.0010148381862848243,2.0974940765099146e-06,0.00042513887815090077,0.9973270474866216
44,0.0017163598777523896,0.0011997670092872155,1.0408514318637391e-05,0.0001263364951420707,0.9969471281034997
45,0.014692327491019059,0.0019117874876007437,8.522732788709736e-06,0.0009724659254443592,0.9824148963631473
46,0.02387871460567336,0.002786712368577248,4.581834119319698e-05,0.0006218339744089277,0.9726669207101473
47,0.09011381886682748,0.009317865269319082,0.00023571534894138797,0.0009629275786537707,0.8993696729362584
48,0.2605201084910245,0.053726945131594865,0.0006575419719901017,0.003923442139071531,0.6811719622663189
49,0.19793393342689877,0.26354625216185945,0.0015190872506555802,0.004241418858894005,0.5327593083016923
50,0.06736711296588747,0.23568692476562092,0.0029706874067890188,0.00279627922145442,0.6911789956402481
51,0.0038359090367443816,0.010373862062696311,0.0035183775113956923,0.0004398897821245798,0.9818319616070391
52,0.0007051115893191623,0.0006382215940633281,1.63725504583917e-05,0.0001121645498398874,0.9985281297163192
53,0.0008291133114603203,0.0006166432531869492,0.00010797343740658506,4.644050486871891e-05,0.9983998294930775
54,0.0010539480670475841,0.0005765556053216955,6.421525879452789e-05,3.4207482719661945e-05,0.9982710735861164
55,0.0007209751847989521,0.0007671666122108107,5.880296313067912e-05,2.2849039869342566e-05,0.9984302061999902
56,0.000959700322900553,0.0009147259393854736,0.00013564903122041642,5.3217175500174576e-05,0.9979367075309934
57,0.0009438748217106272,0.0006717512245263093,3.2622644440909694e-05,3.4451221199869564e-05,0.9983173000881223
58,0.000864564437486858,0.0009883272072004352,0.0001248957520425936,8.218337870647792e-05,0.9979400292245636
59,0.00047201242602926894,0.000468298705644547,9.0789154571946e-05,5.722539185032076e-05,0.998911674321904
60,0.0023057151309415196,0.0015700954878263295,0.00042129626180820954,0.00010848834552447845,0.9955944047738994
61,0.0011702159494223635,0.0004189766155118909,6.88962633839748e-05,9.614788685637939e-05,0.9982457632848253
62,0.0005965452716173593,0.00048564160312571705,0.00010996160436955061,6.369626426107473e-05,0.9987441552566263
63,0.0005106546940406092,0.00023940358441536022,2.5787895341225482e-05,5.546973207588483e-05,0.9991686840941268
64,0.0015712005712775286,0.00020961623883716994,1.93232976917809e-05,8.005301749478224e-05,0.9981198068746987
65,0.0017366921822935335,0.0001886561561724774,1.0506250591037306e-05,0.00010491120792094394,0.9979592342030219
66,0.0008827800611907159,0.0002973868575903255,2.544542807318011e-06,5.7457767012728697e-05,0.9987598307713988
67,0.0007920800302744283,0.0003567611870255126,8.69590973334601e-07,6.324925748107913e-05,0.9987870399342457
68,0.000987043178556184,0.0005205333307083909,1.5897133821264563e-05,9.512481265583449e-05,0.9983814015442583
69,0.0008798359350668185,0.0003160739061525794,9.488765688831476e-06,0.00010252357759482091,0.9986920778154971
70,0.0015375915487025047,0.00030000128965817406,7.39779319249695e-06,0.0002760747032188787,0.9978789346652279
71,0.0007612235473451231,0.0005153541493574321,3.3107815599641215e-06,0.00022000845046524253,0.9985001030712722
72,0.001000067935443111,0.0005474769427251469,4.3107035218695086e-05,5.75840718078722e-05,0.9983517640148053
73,0.0012113652959143348,0.00041181524640065335,1.0811756924305906e-05,9.511680321444647e-05,0.9982708908975462
74,0.0007349551626745715,0.0005619134899100804,3.4047871356442694e-06,6.165648361602934e-05,0.9986380700766637
75,0.0006192793759734501,0.0003124250175732667,7.4369916057199e-06,6.422815830077571e-05,0.9989966304565469
76,0.00042509390968341847,0.00032203686315553353,8.307837448944792e-06,3.996176253977636e-05,0.9992045996271723
77,0.0006399887843170982,0.00023393889365250968,1.558487233541642e-05,7.057724969627719e-05,0.9990399101999986
78,0.003384164289779247,0.00020118707697567407,1.777325226920593e-05,9.871548948231307e-05,0.9962981598914936
79,0.0003673026624801925,0.0001488330753898863,3.238685174053697e-05,3.340452424746038e-05,0.9994180728861419
80,0.0011385525143724818,0.00037144226988049164,1.5327059545058487e-05,0.00010121313326024764,0.9983734650229417
81,0.0030957709892049526,0.0006753509208032134,3.730286670545636e-05,9.464149395777162e-05,0.9960969337293286
82,0.00135963333911753,0.00019642794279937472,4.333404149023918e-05,3.773526565335833e-05,0.9983628694109395
83,0.0859668831371217,0.005037345439451789,0.00013783767879245576,0.0047427266722004004,0.9041152070724336
84,0.0713246536059732,0.0072914767103400635,0.00015727641379049357,0.0029378328782629195,0.9182887603916333
85,0.1864980538047626,0.01725414341514017,0.00011947475417164378,0.015217077149421367,0.7809112508765041
86,0.11022078334682714,0.008025615210888681,0.00026889453104206437,0.006622601601390128,0.874862105309852
87,0.1556966365213778,0.022546100005899482,0.00026357804446175697,0.034205647348138336,0.7872880380801226
88,0.014257417920714196,0.0035779139683767293,3.230299098144502e-05,0.0011255465969235714,0.9810068185230041
89,0.1444681951780714,0.01494342915213907,6.795035194437211e-05,0.007156722547286174,0.8333637027705589
90,0.1993702306873166,0.018942087724883382,0.00028909574102256846,0.009659312314082989,0.7717392735326944
91,0.06973484190834703,0.019728489875519818,0.00033640850919115664,0.002325950239168999,0.9078743094677729
92,0.19355811185680633,0.037588165199987346,0.0020742232534029727,0.001980847646293274,0.76479865204351
93,0.3648355672383047,0.07621571948143487,0.0013901863126698374,0.009494155572200784,0.5480643713953898
94,0.07615222336344664,0.10353046037381786,0.009321367206275915,0.0034030089951985346,0.807592940061261
95,0.21334285372779188,0.10175444319827866,0.0013545838067046886,0.012151927201971566,0.6713961920652533
96,0.15469678862144318,0.29701779116623017,0.011616925268887988,0.004534518260439203,0.5321339766829994
97,0.08959004473650278,0.7969887203756745,0.0034373941163520277,0.011952656765996265,0.09803118400547461
98,0.021244988612359676,0.037574872419610564,0.004079150486975868,0.002909158990072583,0.9341918294909813
99,0.001632115359498635,0.0016535934632774909,2.239587980549146e-05,0.0006365320119537501,0.9960553632854645
100,0.002395908985937513,0.001263991887078676,4.269244153381367e-06,0.0011111028318923227,0.9952247270509381
101,0.0029791490876296574,0.001694361935583451,1.300702939747536e-05,0.0006154593516213996,0.994698022595768
102,0.0002829098647874891,0.00040413056080518945,5.911092113096488e-07,0.0001239712139174551,0.9991883972512786
103,0.00048717118264281716,0.0005025902097941025,1.686275022572197e-06,0.00017902277397443053,0.9988295295585661
104,0.0005301992573251967,0.0005171577167590905,1.3065019075389601e-05,9.880165079670767e-05,0.9988407763560437
105,0.001332045017691468,0.0016200020280290267,5.1379019271550986e-05,0.0002435408005605596,0.9967530331344474
106,0.0008418795724929601,0.000430087856325812,2.7684442110999145e-05,0.00017368851467056823,0.9985266596143997
107,0.004207085588521507,0.0007937531909086271,3.42362985344259e-05,0.0006137090481168339,0.9943512158739186
108,0.0005358992764665043,0.00035082792813015683,6.742704558038969e-06,0.0004883996489446332,0.9986181304419006
109,0.0019858761231284156,0.000438300284530725,4.823029148698153e-06,0.0001497227369120104,0.9974212778262802
110,0.0028488160250228437,0.0008764493518835846,3.524069538278739e-05,0.00013609982986984758,0.996103394097841
111,0.03583574837434812,0.0061143854999534996,0.00011696860194980605,0.0006734220441565553,0.9572594754795921
112,0.050263592790550066,0.005093726271348623,8.009538202356014e-05,0.0024219022866523235,0.9421406832694256
113,0.005232257131411282,0.003121009517616637,6.013205366624157e-05,0.0006702475553388473,0.9909163537419671
114,0.007629695278705773,0.004786849858243346,6.160681278531673e-05,0.0007683737649294061,0.9867534742853362
115,0.011446838002846915,0.006010917499985691,0.00024110069307284066,0.0006825414666864722,0.9816186023374082
116,0.11871998512294686,0.029786802941750762,0.0005546478796078923,0.003043303263404899,0.8478952607922896
117,0.3853086470119629,0.08557533793715416,0.0015322716424943815,0.012088464237279222,0.5154952791711094
118,0.4392019650137757,0.12077937355823959,0.002311799744795217,0.011702269021451722,0.42600459266173774
119,0.24278763455765542,0.45225629272558865,0.020535928533075738,0.021180088688623623,0.26324005549505647
120,0.016083044641877712,0.010940586030569896,0.0005692064327850933,0.010351459863338117,0.9620557030314293
121,0.42930168067207036,0.07916243517230045,0.0005720504240393588,0.1664168446576271,0.3245469890739627
122,0.33016322012961813,0.3774917826093016,0.0034842890053585246,0.2243516820013404,0.0645090262543813
123,0.4618320552466003,0.20561364532868628,0.00528466493927839,0.029578442759694488,0.29769119172574043
124,0.2890172479101298,0.36858801978524053,0.005158829765490095,0.04661646823770433,0.2906194343014352
125,0.2978830072708641,0.48536124008376275,0.0017899955898561222,0.13651536331197575,0.07845039374354133
126,0.32990430081311894,0.3377484915950376,0.004870681054982355,0.05818602478756535,0.2692905017492958
127,0.20758889875589448,0.22697492424309004,0.002425838608549717,0.03463637343051525,0.5283739649619505
128,0.47376167742747854,0.23910771876834672,0.0010362216227995395,0.013734130270236285,0.272360251911139
129,0.10938423733985722,0.8277155637816229,0.02808341954742084,0.003749759938738019,0.031067019392360787
130,0.12651985159745646,0.81982576663082,0.0034384154239202568,0.014483285893606982,0.03573268045419631
131,0.19937225854949642,0.7040369042099879,0.011711402145431109,0.026798992528166494,0.058080442566918196
132,0.07446069844829326,0.5012752281241145,0.012907579205019358,0.004973908400313056,0.4063825858222599
133,0.34132764422567197,0.48769125919387013,0.0020948717449287254,0.027940429343005252,0.140945795492524
134,0.030990010436643588,0.900665812114762,0.044848389575115034,0.0010584251377235576,0.022437362735755695
135,0.09454597441108949,0.142019734559515,0.0034579290198136522,0.004205368984090108,0.7557709930254917
136,0.011375204608937857,0.01749976073217966,0.001236517438127707,0.0028450097944426513,0.9670435074263121
137,0.001656042035738439,0.0029528278591525086,0.0007824319025207576,0.00023098355055940027,0.994377714652029
138,0.0016011873135353915,0.0028321446464661545,0.0010541612241463034,0.0001736094083712176,0.9943388974074809
139,0.0019228672696263596,0.002628620683283746,0.0001880750918365052,0.0006918502363207683,0.9945685867189327
140,0.0005325616289346586,0.0012801073616222828,0.0009909563826497815,0.0002792300536037156,0.9969171445731895
141,0.0036155983768990326,0.0013215246947730905,0.0004758694274039181,0.00029167800344147385,0.9942953294974826
142,0.001053701336756848,0.0017409039145285952,0.0006281580992861667,0.000560069498380752,0.9960171671510477
143,0.0017724983391634835,0.0027495509029205056,0.00016934806311328038,0.0005007684801800868,0.9948078342146227
144,0.0006486646724915683,0.0007057025746121465,4.1516235050698306e-05,0.0003484080016532995,0.9982557085161924
145,0.001147783106276544,0.0006277033129645912,1.881821360723533e-05,0.0002972536687962416,0.9979084416983554
146,0.0003268927200987184,0.0003971380104138709,5.4366446818902245e-05,0.00021621332545181826,0.9990053894972167
147,0.0006310805237896344,0.0004989270411917605,3.4038084966360923e-06,0.0004255110092252003,0.9984410776172967
148,0.0008448247232113631,0.0005030307151807355,2.5290407503592674e-06,0.0004795420658407051,0.998170073455017
149,0.0010761249458457497,0.0001355140508020589,8.834658805058154e-06,0.0003426586489293681,0.9984368676956177
150,0.0005731394977426373,0.00037571169005454327,1.5734287163028099e-06,0.00023729014908620462,0.9988122852344002
151,0.0004886611259374965,0.00020560099942620755,7.735907963701545e-06,0.00023485005052246063,0.9990631519161501
152,0.002026794305780218,0.0002872885923300051,1.4230079960232374e-05,0.0004474814774612693,0.9972242055444683
153,0.00029147466517312845,0.00011390461148043696,2.152024406585383e-06,0.0002117048703957059,0.9993807638285441
154,0.0012108922166682002,0.0002753703578650022,2.899974784296781e-05,0.0003466345180920861,0.9981381031595317
155,0.0018330841312394937,0.0002576679642087325,2.2596148471296986e-05,0.0003697852583345558,0.997516866497746
156,0.0005598723475663111,0.00018666637934220757,6.368976855202123e-06,0.0002451132733461918,0.9990019790228901
157,0.0003174523114664267,0.00013894676338787953,2.50197631788269e-05,0.00014431853031561612,0.9993742626316512
158,0.00038763280702096167,9.477841411089521e-05,4.724218548201695e-06,9.701459910352396e-05,0.9994158499612165
159,0.0005809160529117081,0.00019082921903012973,2.4505556881228915e-05,0.0001441920189617973,0.9990595571522153
160,0.0009049021664411769,0.0002819332982224708,3.4005587353974475e-05,0.00015797006285147514,0.9986211888851309
161,0.0006268023756936978,0.00024378584262981884,1.7393341672882053e-06,0.0002790994306204705,0.9988485730168887
162,0.000419505920452474,0.00010879795554758169,1.286424151028496e-05,9.365686353590427e-05,0.9993651750189538
163,0.0004943974447011647,0.00017601156957546622,8.642798477739653e-07,0.00017971795017681155,0.9991490087556989
164,0.0005264412026231218,0.00025087850043906666,1.6021583418024803e-05,0.00013047600587769232,0.999076182707642
165,0.0013267071491384482,0.0002412646467486329,1.4055486533945231e-05,0.00024056077237132707,0.9981774119452077
166,0.0013270655981979576,0.0005400747585792306,3.85757964764897e-05,0.00015894220844989788,0.9979353416382963
167,0.0008138936151273334,0.00021870123404650756,2.1532980990515216e-05,7.793948093602984e-05,0.9988679326888997
168,0.0018524430483483963,0.0003867833068253467,7.593550817617475e-05,0.0003065935768744128,0.9973782445597758
169,0.0008219972415503307,0.0006592093525712186,0.0001786684507269189,0.00012469259376421112,0.9982154323613873
170,0.0010844334395106836,0.0003081832509217611,6.765804043075962e-05,0.00011598043769262747,0.998423744831444
171,0.0033080761531221075,0.0004481122413459253,3.8290785835197215e-05,0.0003761092966458669,0.9958294115230508
172,0.015616356589095578,0.0013670239863292765,5.265958298213202e-05,0.002033663058188446,0.9809302967834045
173,0.05057259074670657,0.007106351513241846,5.084111017024951e-05,0.0075361898352810566,0.9347340267946004
174,0.009080008191010092,0.004692757731111533,0.00018201162473123716,0.0013115500000653914,0.9847336724530816
175,0.010777909027779666,0.003694371784024277,8.878923896232143e-05,0.0014567713707663312,0.9839821585784674
176,0.010395588087313808,0.0048925593339468575,8.359740168254398e-05,0.00489757390639047,0.9797306812706663
177,0.07126276438403545,0.03472721322167351,0.0002696537776248862,0.03675509247555729,0.8569852761411089
178,0.18015439143415735,0.044541451210251756,0.00010678574672262189,0.06893822046704703,0.7062591511418211
179,0.41239826502529886,0.0732389378171456,0.00031131727873168056,0.07229025063321037,0.4417612292456135
180,0.4155891133764789,0.3086589972240887,0.0017065084972968877,0.06605852528572276,0.20798685561641275
181,0.22643597826790168,0.4343606497638212,0.002757553657536615,0.06461567515273892,0.27183014315800147
182,0.2442801672979669,0.4742953066490528,0.001314994543371776,0.1116273335453378,0.16848219796427086
183,0.11707326716923862,0.7523171703282553,0.002051565008999539,0.04264049321574401,0.08591750427776247
184,0.19729884996089977,0.6984051727070478,0.0009052944867363188,0.06024239971512321,0.04314828313019278
185,0.09489013266112543,0.8766052721549079,0.0017770967423810474,0.00952129366571321,0.01720620477587265
186,0.034716597937958824,0.9482424671490335,0.003832196255886319,0.0047716788962361015,0.008437059760885228
187,0.0217522116664711,0.9631358727702989,0.0058932082845597885,0.003143195996025542,0.006075511282644704
188,0.01794932837105823,0.9557634806953123,0.007621501550169392,0.003469245258687871,0.015196444124772158
189,0.007577692455132486,0.9370285770020532,0.040193064926141,0.0015208057394490318,0.01367985987722425
190,0.014236013715545956,0.9604216369127512,0.01635506209778606,0.0020802679191651904,0.00690701935475153
191,0.014133148001803172,0.9174546623227627,0.05776078551520503,0.003490932392103273,0.007160471768125741
192,0.010271765346148765,0.9292662208345909,0.05451864620000192,0.00318916462043253,0.0027542029988261896
193,0.00700755048805457,0.755888198319691,0.23346396900994842,0.0018453645752396675,0.0017949176070662482
194,0.025848747348657487,0.8963476775627411,0.06002454671817454,0.0016220379747609362,0.016156990395665857
195,0.10126892217629571,0.8517361502808144,0.01670936193416934,0.005574535972258454,0.024711029636462083
196,0.017420890884828854,0.903704978831742,0.07334682121400843,0.001333156296900633,0.00419415277252005
197,0.042955328123039406,0.915567939857297,0.026393672879125505,0.001275660665418733,0.013807398475119297
198,0.008594828037287817,0.87156173732216,0.11329288787057766,0.0007384704279141024,0.00581207634206026
199,0.007715614608888887,0.6704570658279575,0.3155424521339495,0.0010977126484960154,0.005187154780707949
200,0.0037010013219775386,0.5719004784385675,0.4215031597045366,0.0008349329385213476,0.002060427596397185
201,0.014193429284078324,0.8248983553273562,0.1511155664969328,0.0011588075510278314,0.008633841340604983
202,0.0020506918185507973,0.363928749276486,0.63200065601947,0.0005921472743815603,0.0014277556111116235
203,0.003592704061414134,0.38823602765123344,0.6045332051282397,0.000323807397604027,0.0033142557615086755
204,0.0034046913745542098,0.33007259988354515,0.6628590976688805,0.0004415213538334981,0.003222089719186655
205,0.0009373694878486552,0.11321530934834834,0.8848131178615608,0.00025932650478357826,0.0007748767974586125
206,0.008935443842369668,0.34991293602094775,0.6369799411755463,0.0008336830654564911,0.0033379958956797286
207,0.0018367173922064388,0.1423730154420717,0.8540734765403476,0.00021052384593641023,0.0015062667794379023
208,0.0027081725766762697,0.1506941197490541,0.8431291390126487,0.00044651033840255615,0.0030220583232181807
209,0.002056208673267727,0.15159902080472662,0.8444937666250834,0.00022087415688442865,0.0016301297400376938
210,0.0011439863987583933,0.08563007452700731,0.9120364224323699,0.00012223704932086963,0.0010672795925435424
211,0.0014915899163189682,0.10003511732163374,0.8966075706176639,0.0002484118592982154,0.0016173102850849665
212,0.00027325113393807587,0.04001379624965368,0.9592325643389145,4.444661068696969e-05,0.0004359416668067586
213,0.00039620614542400923,0.04175911048010665,0.9570023777431119,5.38598401851825e-05,0.0007884457911723702
214,0.0004934618759156664,0.030432093049499922,0.9684048468271027,4.1044832999236336e-05,0.0006285534144823216
215,0.00030553979141243907,0.0373952291966734,0.9617521048790307,5.2091270206607685e-05,0.0004950348626768273
216,0.0004559754900171423,0.04050299407072572,0.9582483456153691,7.170848662263245e-05,0.0007209763372654043
217,0.000292811548836001,0.02340886999000954,0.9758678815628624,2.771609422394474e-05,0.0004027208040682454
218,0.00042735671871852924,0.023558521965660197,0.9752311843732633,7.284130332590416e-05,0.0007100956390321524
219,0.0004769568981227332,0.024549310145511937,0.9741208935701775,7.940934966763688e-05,0.0007734300365203454
220,0.00033132143149525417,0.016584583146684293,0.9826181420774575,5.034946665416445e-05,0.0004156038777089105
221,0.0005767159006773267,0.04277509074744187,0.9552778222866882,0.00019421033345891635,0.00117616073173388
222,0.0005698189104478139,0.026613450113086586,0.9712667711724317,0.00015450575492582675,0.0013954540491080438
223,0.003475256586351707,0.17725230103877265,0.8130441087919416,0.0010329394267812129,0.005195394156152807
224,0.000999395735089472,0.07486895391906227,0.9226076214119774,0.00018753747539551304,0.0013364914584753907
225,0.001066498558253772,0.0601392515253385,0.9377613774840995,0.000152994475103037,0.0008798779572050992
226,0.0005015795263480857,0.034122008067887344,0.9646119111980533,0.00014871321337530408,0.0006157879943359774
227,0.00048052409068997736,0.03248274681740348,0.9660979630028209,0.0003167337848806186,0.0006220323042047122
228,0.00397690265832803,0.11180741245334593,0.8804082602323863,0.000727302842306461,0.0030801218136332045
229,0.003444344836581781,0.17320409972856893,0.8123551425011882,0.0013370135824984169,0.009659399351162603
230,0.04879757643452022,0.5552561093602866,0.2479391705414244,0.011875406338515002,0.1361317373252538
231,0.1493048098937324,0.582596708617596,0.019531076874216954,0.022752108558696933,0.2258152960557577
232,0.14676048199740613,0.6648337857147115,0.11764882130158079,0.01482395517366006,0.055932955812641356
233,0.3671222606376051,0.33801552361527587,0.01087316033310745,0.007799713037847087,0.27618934237616455
234,0.3827849044287789,0.48847507616649033,0.008975236988489347,0.008699601772278234,0.11106518064396323
235,0.12278290828314684,0.5246330128171713,0.005479436887675161,0.01060727127678125,0.33649737073522545
236,0.3022722134185627,0.5845845226118459,0.0008506519927488751,0.006066287653544685,0.10622632432329776
237,0.12298401586626624,0.8184646688105298,0.0063571307860898225,0.00731438354446499,0.04487980099264908
238,0.3436039404346071,0.15566745632714835,0.0011495969338044618,0.009483840051092674,0.49009516625334737
239,0.1509790632168271,0.7545786340403566,0.0068964779913852775,0.007569327237071984,0.07997649751435892
240,0.13774687564013885,0.6759140773331889,0.014633657188479383,0.005110003196963484,0.1665953866412294
241,0.26439724166154177,0.6919456724569506,0.002923159943260119,0.00663275367351801,0.03410117226472962
242,0.024820479937921292,0.9168483213798165,0.033640383482122935,0.0013379148861554402,0.02335290031398381
243,0.25055251536865386,0.5811449501828108,0.007017145999167277,0.008954387613126615,0.15233100083624138
244,0.046339131516630064,0.8099609546863831,0.02872191515928541,0.0019319943746598878,0.11304600426304169
245,0.22140565181319058,0.6804594094906384,0.0086673597459627,0.011099275688844211,0.07836830326136411
246,0.018606176892256333,0.7523437616724739,0.21732540875863443,0.001445777745878315,0.010278874930756984
247,0.1519778616738212,0.7358930489883648,0.0014728191232960455,0.0034888728714587403,0.107167397343059
248,0.03722146532551613,0.9170137372366682,0.016798132036011798,0.00219450646479659,0.02677215893700708
249,0.2528583465378837,0.5399165439194368,0.003338110485169153,0.008466225854378534,0.1954207732031319
250,0.2071077397425258,0.5893655811483989,0.008683252384195768,0.004411155231783299,0.19043227149309638
251,0.14801233160510838,0.7976222075447389,0.007582666163514084,0.007608290901227625,0.039174503785410944
252,0.03674435886948706,0.8590625680172381,0.08640665041276606,0.003270195118337738,0.014516227582170865
253,0.02634463858782994,0.252927106706093,0.02984249715338912,0.001781450911481876,0.689104306641206
254,0.3928291922243757,0.09802040314127207,0.0004603193510985574,0.007047776311507514,0.5016423089717461
255,0.36004410180234925,0.33492209543750595,0.004833419846295678,0.003378177229233025,0.29682220568461626
256,0.17261921818110187,0.7052851817435712,0.004816622984680347,0.0008926776509226216,0.11638629943972395
257,0.13843003179323843,0.5485734566996121,0.00302689635144296,0.002016391364945142,0.3079532237907613
258,0.48156482171605236,0.2098752805053473,0.0008117865224680814,0.006171924021566099,0.30157618723456603
259,0.0761362417562015,0.7079953538233004,0.005067874959714681,0.0023111620329367677,0.20848936742784674
260,0.12258853712745839,0.05349620769478565,0.0004759157432837855,0.002167032274314043,0.8212723071601582
261,0.39626676957985746,0.46246921358275184,0.0013994272560647703,0.01575258350471804,0.124112006076608
262,0.10766085305503645,0.8433288124103039,0.015635395499115377,0.006707119680916014,0.026667819354628367
263,0.1800826229441237,0.11472793836542458,0.0017882533216317944,0.013568747564644261,0.6898324378041758
264,0.08622437648293185,0.8469443711220528,0.013691794532623518,0.01732361053920775,0.035815847323184054
265,0.1260222197172149,0.2991573848129115,0.003455986499365851,0.03764676643764246,0.5337176425328652
266,0.09808901093857175,0.05362564599459307,5.6830672446954093e-05,0.016203820451195877,0.8320246919431924
267,0.41002643376634074,0.09939780885252818,0.0006620722137668097,0.027549995263191945,0.4623636899041724
268,0.4543650504554608,0.3958598782600292,0.0011650664335929302,0.004436535190192166,0.14417346966072475
269,0.29311172328558893,0.634489706530845,0.006220827806267066,0.0017237190335121807,0.06445402334378664
270,0.10784524830472217,0.8199674666991295,0.01888312779229398,0.0010681612156921377,0.052235995988162365
271,0.1060962363989231,0.8543404165986286,0.012048498501368458,0.0009013826730660419,0.026613465828013924
272,0.029029398990455056,0.9393370457251929,0.020442254540317995,0.0005988022106975579,0.010592498533336627
273,0.03385424624231453,0.9299144586540327,0.017643630981869142,0.0007601584251527361,0.01782750569663079
274,0.01982937719824905,0.8431511273060458,0.1271048803478225,0.0012055073696311959,0.008709107778251342
275,0.011408208161595481,0.6949766775857621,0.2853215499115958,0.001396800125749402,0.006896764215297281
276,0.01231665394648295,0.8802278591084681,0.09419925001251271,0.001369402888677827,0.011886834043858334
277,0.004476600280021885,0.5304318419588016,0.4622885080240065,0.0006303268637358354,0.0021727228734343567
278,0.0031600763994742405,0.7521034989014703,0.24230684451938386,0.000479056478705482,0.0019505237009660218
279,0.007606327317694529,0.7232784239973105,0.2593558947064106,0.0013535362488266128,0.008405817729757872
280,0.0027656136716216763,0.7565736747599483,0.23775652277904252,0.0009083738181165597,0.001995814971270891
281,0.006655443306159176,0.8187598675973121,0.17013718767764333,0.001385968749156875,0.003061532669728672
282,0.0037246746810335185,0.7468475835147605,0.24389409798058304,0.0009121925953451481,0.0046214512282777235
283,0.00507489722209802,0.6824787257619279,0.30666489320076556,0.002660363381964721,0.00312112043324377
284,0.005850286870577978,0.6315257152610582,0.3567127505632389,0.000988582373903847,0.0049226649312210085
285,0.004808358642880142,0.6963743487851598,0.29471349152945725,0.0016938363748757867,0.002409964667627092
286,0.003882297408582253,0.6565494442742537,0.3372798291462604,0.0008348587989943483,0.0014535703719092733
287,0.004934560862727232,0.5165936348021196,0.4692363193686058,0.003027494556967183,0.006207990409580113
288,0.0024395781802930413,0.34703812953291824,0.6469291180926015,0.001758262491228972,0.001834911702958351
289,0.005037694274389369,0.4534530639937249,0.5347384760128071,0.004140669355424999,0.0026300963636535393
290,0.004976362652855132,0.3638534830521391,0.6238883830804031,0.002863242459418419,0.0044185287551843045
291,0.001057084284549184,0.2399860255024766,0.751653273418188,0.0062680660601262764,0.0010355507346600362
292,0.009335235979394152,0.7882505233960201,0.17491028382883028,0.022471742446302907,0.005032214349452713
293,0.05003292331725168,0.8528794646945737,0.027193502525824937,0.049258209408301556,0.02063590005404825
294,0.10462142174442243,0.6168525488688501,0.003413395110286964,0.21916571559826445,0.05594691867817615
295,0.13301436159879007,0.49036043206559166,0.0016907983919449547,0.2978176285251749,0.07711677941849829
296,0.27427041606736263,0.21864304183113772,0.0032185601238084198,0.4689408298739986,0.034927152103692634
297,0.12524467466148598,0.12129625436251772,0.0006558522426420231,0.7222251893758181,0.03057802935753609
298,0.06823238977529027,0.09861938192270975,0.0008425608186310114,0.8126163804591293,0.019689287024239582
299,0.033353948849054876,0.018347059512270517,0.00014280209813529287,0.932332344894568,0.01582384464597146
300,0.04520560490700525,0.056798623916547275,0.00023665316285748,0.8805346829540767,0.017224435059513307
301,0.04805900869478687,0.044147301946013656,0.0001562506511798639,0.8881366720879538,0.01950076662006581
302,0.16978052514848624,0.08709416247797412,0.01548959157570903,0.5375619345529195,0.1900737862449111
303,0.048472825133425726,0.04689311827015421,0.008255480575376686,0.7707287527851704,0.12564982323587295
304,0.10034072285430912,0.05587257419427406,0.020841179307981073,0.5689504337404465,0.2539950899029893
305,0.021762289492093127,0.020164668483467055,0.0026136353365875577,0.9087109540301337,0.04674845265771859
306,0.016369527897034362,0.006434483628399143,8.21174797831579e-05,0.9531883984395392,0.023925472555244333
307,0.032350574967516664,0.026319223888016247,0.0005007370029651745,0.7991041806109479,0.141725283530554
308,0.0429621695104143,0.019638978320435097,0.00011026500179891304,0.9204088185296633,0.016879768637688624
309,0.21273008645649585,0.04681012824049659,0.0033151321981302645,0.6823427935967291,0.054801859508148316
310,0.0344946368831009,0.01203415099844085,0.0008821164426127036,0.9418719336101172,0.010717162065728323
311,0.009637302421597849,0.009546418877481647,0.0003174709749704205,0.9769019988610587,0.0035968088648915333
312,0.0968704619371721,0.03897562257863151,0.003291183918334738,0.8068176362922367,0.05404509527362494
313,0.16601768629341832,0.07002842483681183,0.012481008150767081,0.7038454734756644,0.04762740724333827
314,0.015565137862509053,0.01995979209707574,0.001166825910348887,0.9538964739124979,0.009411770217568418
315,0.08218103572530178,0.07161702769565018,0.014636495718925573,0.799876287435122,0.03168915342500043
316,0.04368302345918684,0.043129042342056674,0.02437561128786602,0.8537577439330412,0.03505457897784932
317,0.032871007832495754,0.02610111910824713,0.026549848620008306,0.8592319797580035,0.05524604468124522
318,0.010818745534729559,0.009990098156243013,0.005836566605908189,0.9458244218570779,0.0275301678460413
319,0.005778259936545176,0.009835026092825046,0.006249658584308497,0.9629436725517181,0.015193382834603189
320,0.030528034170046577,0.018674771541466604,0.012167583562746139,0.8900751385396987,0.04855447218604184
321,0.07907268195383411,0.025150069852576354,0.021521822346088692,0.762016737250681,0.11223868859681979
322,0.03530697937551968,0.01721707273847201,0.015624026470105787,0.8809845456626605,0.05086737575324191
323,0.03314853253659789,0.011710623531925412,0.0039792081619173655,0.9037632306642749,0.04739840510528443
324,0.002504061256088078,0.003165306664038534,0.0007693970026588626,0.9826104444320154,0.010950790645199047
325,0.018219379953017083,0.011257934318891213,0.005935475210753493,0.9444166643753595,0.02017054614197862
326,0.009539577050640138,0.008142239559374322,0.0031602240167236647,0.9459630590108019,0.033194900362459874
327,0.011781172123892167,0.004522623631117836,0.0002720635265808834,0.9699319377975688,0.013492202920840276
328,0.05686873246860042,0.018687261654146883,0.014115289212187139,0.8812964232699497,0.02903229339511578
329,0.06060675120811336,0.020402672808108036,0.012550570237643553,0.8543549068236918,0.05208509892244328
330,0.10788511446228943,0.023282084185642166,0.00994265795783956,0.8168719849195809,0.04201815847464798
331,0.090830912907007,0.03625656224542693,0.0120108737849133,0.7976147240816734,0.06328692698097935
332,0.03245809618029238,0.013731262810056299,0.00014913929421960407,0.9373472108622356,0.01631429085319621
333,0.01708633056178991,0.006587295996185935,4.5571596097638475e-05,0.9502472500936986,0.026033551752227917
334,0.02698602000718078,0.029496848456883638,7.960347889095752e-05,0.93331280710977,0.010124720947274648
335,0.09228890759073555,0.06574597425132538,0.0002963698052530941,0.7961995768531945,0.045469171499491506
336,0.08663514579993627,0.08307713291369623,0.0005313463420640695,0.7836575679145494,0.04609880702975405
337,0.03351863189750225,0.018716613220401693,6.550877185694144e-05,0.9374093822399118,0.010289863870327327
338,0.07058015965144669,0.04912893926887933,0.00040214629531588425,0.8576683928322495,0.022220361952108466
339,0.1045159732585261,0.042377700358555974,0.0017320429098405692,0.7955779982381421,0.05579628523493535
340,0.01862768272522181,0.006113613398103337,4.736717944432985e-05,0.959324747530197,0.015886589167033487
341,0.12053753174763827,0.07149353245937666,0.001635730363026567,0.696266704848504,0.11006650058145465
342,0.010538238510577384,0.014261711405152965,6.936741810912022e-05,0.9714294035866209,0.0037012790795395013
343,0.0976239973787407,0.03563823296130453,0.0004218190975633859,0.8227600625236594,0.04355588803873188
344,0.14492089986758133,0.050481229070622836,0.00208873996564182,0.7066510303156727,0.09585810078048135
345,0.11582691028504281,0.041534140969134103,0.0007628162328025334,0.8053039242182163,0.0365722082948041
346,0.04357044960871638,0.0254798517570259,0.0002798918206267645,0.9144095679185986,0.016260238895032194
347,0.013036439152497054,0.010187992562527075,8.08368745327584e-05,0.967229164427975,0.009465566982468223
348,0.03088211825944945,0.030526281523923088,0.00018709246309570965,0.9240398899119152,0.014364617841616335
349,0.04582681765520674,0.02956466764126168,0.004638106215811984,0.904961802681373,0.015008605806346553
350,0.020886354711287906,0.01003056356535705,0.0014313836309638372,0.9547909010099759,0.012860797082415262
351,0.067502832882711,0.028683293145985278,0.003883319791543403,0.8801732357832355,0.01975731839652477
352,0.056996750832025156,0.03176677634149416,0.006896618004075519,0.8902004675618054,0.014139387260599887
353,0.04090910093359134,0.01990975606692833,0.0074189062990167995,0.9119830789869794,0.019779157713484045
354,0.011366263783650576,0.00986866958137605,0.0020023482146696667,0.9703561374952647,0.006406580925038968
355,0.004580632726922951,0.007821653236859766,0.002174269834245135,0.9762817345976058,0.009141709604366414
356,0.09487215332064584,0.03354461414914191,0.008150714544951584,0.8071158876985777,0.056316630286682864
357,0.03356130113246271,0.01154592711138501,0.0014713972440831514,0.7033578270589657,0.25006354745310344
358,0.2069177435298533,0.05053051165946409,0.0038297736442164648,0.31009469863103034,0.42862727253543587
359,0.2894613723255572,0.19673291897413792,0.005449660266507769,0.38267571983124493,0.1256803286025522
360,0.2975542216128062,0.04522298901618767,0.00015104416829606206,0.5610481393374888,0.09602360586522148
361,0.11376953405574676,0.2894135613098014,0.0021394512738530133,0.5139972948359257,0.08068015852467317
362,0.20032206374653028,0.3803436882813654,0.002253897410050994,0.35434435964894445,0.06273599091310895
363,0.12258083896972194,0.6560275603775395,0.003792345062600241,0.1553832064555546,0.062216049134583645
364,0.08073381321602574,0.14844406168193852,0.0005581629219459669,0.6433281702506413,0.12693579192944862
365,0.16515864029168487,0.2138888071695599,0.0037277542191393076,0.5387555867942784,0.07846921152533748
366,0.2790183978675827,0.24105026343207916,0.004431765232288815,0.3491944992487497,0.12630507421929965
367,0.25516814791874515,0.2965827518240469,0.004667161647017328,0.4194357729849315,0.024146165625259133
368,0.14072032694313003,0.20933446757635907,0.0031818525034114998,0.4777586810895337,0.16900467188756566
369,0.07855131647311002,0.29716571051280466,0.02154546905012385,0.5240783763588849,0.0786591276050766
370,0.12464658486898925,0.29221476860791407,0.002268775003951686,0.548028710699782,0.032841160819363106
371,0.17369989708485908,0.13474575711342632,0.0008160940067664111,0.4918781028148297,0.19886014898011853
372,0.39413479768499193,0.31342496070309783,0.0014355197764564375,0.11932214757573095,0.17168257425972283
