epoch,N1,N2,N3,R,W
0,0.0006652140857313938,0.00013799611700942798,0.0002444869758256375,0.0004449676194156004,0.998507335202018
1,0.006291884923255566,0.00026219295756499774,2.730168837773011e-06,0.0003654155038570113,0.9930777764464848
2,0.0036393483841760973,0.00036982092619551506,5.022381202423425e-06,0.0003042282073952615,0.9956815801010307
3,0.003534501807175371,0.00018915077592473152,3.1966423654478003e-06,0.00028887463640605524,0.9959842761381283
4,0.006153492687145976,0.0012442236153661754,9.126394207395663e-06,0.00040330580976984006,0.9921898514935106
5,0.006360904639037854,0.00039720740686965126,1.0352905159522094e-05,0.0006400677514650262,0.992591467297468
6,0.01778867928545145,0.000763305545402041,8.866505246048318e-06,0.0006475656475371269,0.9807915830163634
7,0.054568454137704225,0.0011433439927722579,1.1326263653028261e-05,0.001252226182838843,0.9430246494230317
8,0.29790825804733645,0.002744010765181869,2.5823443538120833e-05,0.003378440116956247,0.6959434676269873
9,0.20151035947403162,0.008251407105189347,4.621239885526072e-05,0.0008863945255035264,0.7893056264964202
10,0.16753965669188137,0.020702847480273033,2.9947599809579012e-05,0.021809516538556558,0.7899180316894795
11,0.2114171661858516,0.021721650648602285,7.722333656885685e-05,0.020858510835581972,0.7459254489933953
12,0.11593610422847779,0.11163621812783137,0.0003053850401440844,0.024968934669206903,0.7471533579343399
13,0.19378550296435368,0.10463385269730359,0.0015560035980967486,0.014967408696447337,0.6850572320437985
14,0.15639064379315878,0.10525390373683181,0.00020320579243354508,0.2005932436745588,0.5375590030030171
15,0.05618345596517522,0.5040461222718641,0.002498326202498154,0.10036608195265302,0.3369060136078095
16,0.23536676332751935,0.18073733292709673,0.00033105077004791177,0.1531148595973009,0.43044999337803513
17,0.22207345439510465,0.6010053686978566,0.006797766318972249,0.029416174098231777,0.1407072364898348
18,0.2475801973795743,0.5575316435295018,0.0026359689306306206,0.1127496609081198,0.07950252925217363
19,0.21513964430180532,0.5963655566478061,0.050316761292143825,0.01435597868620535,0.12382205907203947
20,0.18036481036345223,0.6478115459253448,0.002841872381711753,0.0751914642250819,0.09379030710440918
21,0.09446441068028946,0.8509067688087301,0.012304339408307432,0.007992976861239127,0.03433150424143382
22,0.1309094373753472,0.8153034389523958,0.005478058399041213,0.014544633426278429,0.033764431846937525
23,0.07024624396522564,0.8472051067224435,0.051138754944581796,0.0069291574484421645,0.024480736919306818
24,0.01798431794982229,0.8308980273406549,0.13316439886823153,0.0019205272510545161,0.01603272859023687
25,0.023097072111012494,0.757820040917732,0.2081435688233267,0.0013639398570009658,0.009575378290927975
26,0.01737833052578884,0.8322389833097321,0.13411970598611836,0.0017185967031851245,0.014544383475175442
27,0.012955296506164036,0.7766899566126022,0.1997889177661486,0.0006032047602918626,0.009962624354793132
28,0.009880712074738915,0.8115554993920343,0.16176108772169664,0.0007304139243426235,0.01607228688718744
29,0.011451680524061958,0.7991753403490004,0.1809900713563355,0.0009395877169232461,0.007443320053679003
30,0.01028344466390218,0.5960597399045346,0.37857190564177046,0.0008165817717094678,0.01426832801808334
31,0.006379631750325214,0.7335462369131819,0.2524562442518621,0.0002995085027601962,0.0073183785818705495
32,0.005571254169947173,0.7019028426378244,0.2854268111658797,0.00028028038284265064,0.006818811643506126
33,0.008903843152353322,0.7481378211333333,0.23096383559342923,0.0005726646631164761,0.011421835457767763
34,0.008406252709133819,0.809308144340232,0.17649463879292643,0.0003893753949375793,0.005401588762770251
35,0.012462875003568364,0.553206660101366,0.42847610606045666,0.000512420149093824,0.005341938685515207
36,0.0075288214529426415,0.6195609825615281,0.36710847580773376,0.0003828858153706307,0.005418834362424904
37,0.004387749324933289,0.5359509498503315,0.4543109921913804,0.00030866332353622844,0.005041645309818477
38,0.006390978598856046,0.5719666831779462,0.4143726702806143,0.00029526229697105286,0.006974405645612384
39,0.008548250950654954,0.5177224549906304,0.46749643922442996,0.00034606148733174933,0.005886793346952889
40,0.006180929631226436,0.4827590077207888,0.5034608949894548,0.0004026914882739986,0.007196476170256031
41,0.003944403053915783,0.34178146219065175,0.6495252381078683,0.00029315857690295684,0.004455738070661207
42,0.0032865990761623528,0.34752206483472536,0.6427313824847799,0.0004523629704952875,0.006007590633837176
43,0.0023525039063046504,0.32715148743519074,0.6650788327539621,0.00018833985342259872,0.005228836051119765
44,0.0038404618952894726,0.4755152495655459,0.5148430902527887,0.00022141105735640405,0.0055797872290194546
45,0.0029595984795358367,0.3443272248174696,0.6496440617276403,0.000310000199931461,0.0027591147754228887
46,0.0030044469017739624,0.3003264722326073,0.6923354763921493,0.00041860666679014856,0.003914997806679274
47,0.00337972279756744,0.31655027063519303,0.676406277482747,0.000602385468517389,0.003061343615975232
48,0.004207235830274652,0.39369237163959947,0.5958680627861993,0.0005014393896829682,0.0057308903542436064
49,0.0028401880408644212,0.20541430084998666,0.7893931398114902,0.00024799413369823843,0.0021043771639606087
50,0.0024668486940133427,0.20000788697070881,0.7939029448704447,0.00020254977568606082,0.003419769689146941
51,0.0016018594724311348,0.16070520766625862,0.8348427953958666,0.00020847701565029255,0.002641660449793401
52,0.0014345979228515418,0.2036514990406168,0.7923560552796189,0.00014370381082171084,0.002414143946090954
53,0.0012765691151191022,0.14697661629884673,0.8499753870096489,0.00015166078003532214,0.0016197667963500026
54,0.001965177192179298,0.2134140492689321,0.7822634110021036,0.00019967563286996863,0.0021576869039151483
55,0.0011672800927211683,0.14029945991432816,0.8574873606534376,8.256049715633615e-05,0.0009633388423566919
56,0.0006173737704637159,0.12742609719681164,0.8709587149529951,8.598984705986728e-05,0.0009118242326696797
57,0.0010234918933397612,0.14158667249133444,0.8558006192561243,0.0001043369334210252,0.0014848794257806067
58,0.001268109800736107,0.15593688135701567,0.8408971129769517,0.00016188516839535968,0.0017360106969010298
59,0.00101354275052387,0.19521923148275608,0.802002783046987,0.00013648514683790763,0.001627957572894953
60,0.001286969748381626,0.2113878468094588,0.785620304498128,0.00018648255605897384,0.0015183963879727407
61,0.0007770975957944219,0.16300934849215445,0.835260432449647,9.480824503842035e-05,0.0008583132173657812
62,0.002953755695618935,0.20340325529302056,0.7921095167292157,0.0001617444668108301,0.0013717278153338906
63,0.000867950659102795,0.10820215981334555,0.8898128938921901,6.088459389438728e-05,0.0010561110414671643
64,0.0010570891946479997,0.15999363043109177,0.837364996794719,0.0001367409310716035,0.0014475426484697807
65,0.0005940502436850324,0.1464293375089222,0.8519270986610834,0.00010290177738075418,0.0009466118089286828
66,0.0006170518330476251,0.13097016539699594,0.8673813382621393,9.316126180145549e-05,0.0009382832460158313
67,0.0004920243356016579,0.0855938866875952,0.913104846065399,8.791950057546526e-05,0.0007213234108288251
68,0.0003136422108353068,0.07530544961323518,0.9239226180417403,6.177215754032577e-05,0.00039651797664908006
69,0.00026790231886073646,0.0766801549015445,0.9225620664762263,5.543176447560815e-05,0.00043444453889274556
70,0.0002397020003985758,0.07502521752761128,0.9241157751673562,6.007686738885572e-05,0.0005592284372449882
71,0.00022031973462682434,0.06825474365570565,0.9310999628903031,4.430728947746993e-05,0.00038066642988683803
72,0.00035615874370545527,0.08904478210629371,0.9096683678184726,8.099978745049453e-05,0.0008496915440777717
73,0.0002245528667547693,0.04030536165323761,0.9590928720616222,2.6497576622274628e-05,0.00035071584176332986
74,0.0004604227836576278,0.10508665693358238,0.8939492313844091,4.6381961032123376e-05,0.00045730693731870626
75,0.00026944998097410425,0.04744561508296647,0.9518612679603901,3.037524103371287e-05,0.00039329173463558835
76,0.0003965253507989412,0.0891712012851747,0.9098493596816767,8.073605000035505e-05,0.000502177632349415
77,0.00032563435485089644,0.09542868542609977,0.9036345609714188,4.822950034928522e-05,0.0005628897472813995
78,0.00041252143596892714,0.1410270156999909,0.85766586664243,5.222324027332866e-05,0.0008423729813368648
79,0.0001797413379023096,0.0884158288243859,0.9110357543318712,2.6133275975475713e-05,0.00034254222986519707
80,0.00047520974077717494,0.11425797308717282,0.8845656361662082,3.7843036516274945e-05,0.0006633379693257125
81,0.0005072945719349542,0.0799777115908939,0.9184665368793935,6.868605414276506e-05,0.0009797709036349755
82,0.0003474006111981052,0.06145417503469117,0.9375893772643139,2.1288842708810357e-05,0.000587758247087798
83,0.0003460749998725894,0.14253535783600693,0.8564393636727576,2.975528914706387e-05,0.0006494482022157371
84,0.0004496430643657307,0.08147638043251905,0.9173630803243105,3.871335269301201e-05,0.0006721828261120106
85,0.0007051981530031144,0.09026491685139933,0.908340861194424,5.126661243807929e-05,0.0006377571887353455
86,0.0009326462612773342,0.1692189362782224,0.8287418208089185,7.249102775253159e-05,0.0010341056238292647
87,0.0005416005044287247,0.08776089574956311,0.9110555955909088,4.5191178683373024e-05,0.0005967169764158625
88,0.0001374471112216666,0.05426135608945383,0.9451518597283569,2.8132085674245443e-05,0.0004212049852933316
89,0.00041484561962511684,0.11202855289048218,0.8870133587246685,5.92878598448084e-05,0.0004839549053794094
90,0.0008292051447478791,0.15818638927704312,0.8400580998360827,0.00014104262214412495,0.0007852631199819465
91,0.0008904792171700489,0.1861368467756443,0.8118597704112808,0.00018961626884003585,0.0009232873270646982
92,0.0009266392123225454,0.18348426833049206,0.8141193279807941,0.00025716157433641024,0.0012126029020548645
93,0.000480757827784235,0.13157974317742066,0.8670123913087379,0.00015188906387245474,0.0007752186221849386
94,0.0004024865367503649,0.1251505440111558,0.8734883042888739,0.000234992017734813,0.0007236731454850937
95,0.0009890503705299546,0.2050171549318206,0.7923660999983069,0.00026906009048569495,0.0013586346088570124
96,0.0008018273604126213,0.14355413648660784,0.854405860026933,0.0002481574261106703,0.0009900186999359727
97,0.0007971284487088632,0.1405871829959004,0.8577230450219423,0.00020024490837053862,0.0006923986250779529
98,0.000902793129786568,0.1441822373934377,0.8538506993599462,0.00018186465591656578,0.0008824054609129377
99,0.0010369155077227772,0.13893468247851026,0.8590344728987069,0.00023719036702911432,0.0007567387480308957
100,0.0006249686785249316,0.16410626757241148,0.8344141752465117,0.00019857025874840797,0.0006560182438033159
101,0.0014009154795101943,0.23518414201245305,0.76222196825185,0.00023774010960489494,0.0009552341465818144
102,0.0004593530642035548,0.12008009947031245,0.8788713657137059,6.336798586782172e-05,0.0005258137659103391
103,0.00024248656906054254,0.10750895379578432,0.8916265384031005,4.073324918542748e-05,0.0005812879828692954
104,0.00034726488231556606,0.06270081951779019,0.9365339306348048,3.0485100946649352e-05,0.00038749986414283056
105,0.0006342974434005289,0.08368609226253215,0.9149812920443521,7.95146039529907e-05,0.0006188036457622881
106,0.0018299502296180627,0.1445408307118179,0.8522247077494173,0.0001439028996834498,0.0012606084094634294
107,0.0004774269553955858,0.12279955226197578,0.8759936779485519,6.202818860859093e-05,0.0006673146454681696
108,0.00035163406464459613,0.12359710812808049,0.8753541402472147,6.919747193183842e-05,0.0006279200881284225
109,0.0008152412157130098,0.15994082916356425,0.8385243490796526,7.781605635442945e-05,0.0006417644847157961
110,0.002923800777597507,0.1374606061942001,0.8587038033825212,0.00013943550519128177,0.0007723541404898436
111,0.0010853265420475717,0.19138421184820692,0.80655702019809,0.00017192346671719613,0.0008015179449382555
112,0.0014675609507764427,0.2545783718284045,0.7428776024005368,0.00022192598119833806,0.0008545388390839121
113,0.0012542476935500336,0.18001576803844196,0.8177157920225855,0.00018724361262333598,0.0008269486327991047
114,0.0007053527421626559,0.1924383987626771,0.8060709946046476,0.0001278116136717035,0.000657442276840874
115,0.00153245420488964,0.2421453423051686,0.755419185279613,0.00016718025938945784,0.0007358379509391535
116,0.0005222693453198606,0.14144732964277187,0.8575920846768867,8.56133576663404e-05,0.0003527029773552655
117,0.0005679941585501467,0.1854937050171202,0.8134859960489423,5.8160845583688734e-05,0.0003941439298034774
118,0.0019037672853849277,0.2018113569066433,0.7955855560048861,0.0001481883628322374,0.000551131440253299
119,0.0003592219235588187,0.1832873868841539,0.815860614002382,7.59640112031953e-05,0.00041681317870199036
120,0.0008629889323911986,0.30643899146327186,0.6919245905705137,9.866172299177351e-05,0.0006747673108315105
121,0.00039660200173571197,0.14083712913359211,0.8583871411839991,7.050418679624178e-05,0.00030862349387699985
122,0.0002282177074525307,0.1428048636206026,0.8566008096148486,4.471042195959774e-05,0.0003213986351365559
123,0.00034405081353963647,0.11440915776752066,0.88483532833946,4.0348620104666164e-05,0.00037111445937493227
124,0.0006929317547826267,0.1294529546537568,0.8686991014775658,0.00021053958408308557,0.0009444725298116394
125,0.0003519326616136122,0.07637589097054852,0.9229205309609493,3.3847450924927074e-05,0.00031779795596349064
126,0.0003887005559864495,0.07717865458970168,0.9218979264331735,0.00010323973053541645,0.00043147869060301277
127,0.0016227119411189412,0.12529947403399289,0.8722397539650234,0.00012810983852275959,0.0007099502213419327
128,0.0033237038763331496,0.1888622960981479,0.8054535298863716,0.0006499299412970761,0.0017105401978502804
129,0.0031864430721715133,0.36431839339207295,0.6278115051011558,0.0019124274134931065,0.002771231021106666
130,0.0025984315417262463,0.20088888008117467,0.7933456167217717,0.0007465708099724126,0.0024205008453547887
131,0.005000739665106798,0.25039611162121816,0.7371840299846398,0.0015029189019804218,0.005916199827054616
132,0.008288599905910608,0.2765097494587071,0.7008643780430912,0.0013418908352473807,0.012995381757043739
133,0.017998367575469403,0.13589184934737855,0.04707240423147162,0.0011710337254337477,0.7978663451202467
134,0.022150853831561828,0.031799259521943554,0.0048624630699070645,0.0008331709089839363,0.9403542526676035
135,0.05685692989707144,0.15838699757549698,0.00036682906289485284,0.0070371049152450705,0.7773521385492916
136,0.1590439524516331,0.2396820094205994,0.00025458224107032597,0.011241876441354572,0.5897775794453426
137,0.1691888523882177,0.29576249387531883,0.0006567285512161092,0.031452841921141075,0.5029390832641064
138,0.10718374815521897,0.4230368286358917,0.0007702319956492134,0.023738335431110164,0.44527085578213005
139,0.14727694540738265,0.5714506209247482,0.0010102970478692488,0.1492286025380836,0.13103353408191648
140,0.23357740095336957,0.1689706401437737,0.00036449054381305045,0.42091321558260086,0.17617425277644275
141,0.3430986538905628,0.5125402477329866,0.0008835568523727828,0.09086432127844668,0.05261322024563112
142,0.03895818225410895,0.8388878369160061,0.007951293803662246,0.06076213826508713,0.05344054876113542
143,0.03687296411705336,0.8338614655292299,0.007017200958011828,0.07502639827361486,0.04722197112209003
144,0.02801254631750302,0.8526623452157988,0.0506183906925653,0.060950047161432645,0.007756670612700379
145,0.12030787701190071,0.685884604016364,0.01435914557144915,0.16481518954089378,0.0146331838593924
146,0.046170191793432507,0.4237051263106176,0.002434790493521862,0.5218399348149391,0.005849956587488996
147,0.06930961441538791,0.5496720551068286,0.00695081646197097,0.35807035101227785,0.015997163003534803
148,0.0638462083361895,0.2699391247318978,0.0017120117711246394,0.6484797487446271,0.016022906416160946
149,0.08261629985542186,0.4549384738499616,0.025971636170602417,0.4117040581061884,0.0247695320178257
150,0.04138609669410512,0.5437675567223844,0.004104764378202279,0.3978546122665531,0.012886969938754909
151,0.019549711565406105,0.05620039758719152,0.00021828139455610593,0.9126024701398939,0.011429139312952303
152,0.015571843803254411,0.031024518175770375,0.00030832397399807566,0.9485323943481695,0.004562919698807533
153,0.04656971768836026,0.023055440706709736,0.00015430772717698536,0.9200658668442956,0.010154667033457387
154,0.13669759503203768,0.04852086495789355,0.0008591081652013111,0.7700315517496621,0.04389088009520536
155,0.03970136387315802,0.010044954714207247,0.00010397045304070125,0.9328248912344281,0.017324819725165724
156,0.030053763073067653,0.005132599116823754,3.14204778570335e-05,0.942436093194179,0.02234612413807267
157,0.03803559338811035,0.012480391900086334,0.000110019632697559,0.9221074518828922,0.027266543196213463
158,0.0540440559158454,0.005918590944365514,3.1630129096799914e-05,0.8879210391213167,0.05208468388937561
159,0.10404751076591762,0.008875240712572782,4.0161927499716126e-05,0.7879762816854233,0.09906080490858671
160,0.02581103007935046,0.00899925359321849,0.00021105885545849581,0.33966678703569136,0.6253118704362812
161,0.0359803079568718,0.01295787975224919,6.315689587821561e-05,0.6936141069012451,0.2573845484937558
162,0.0553250410658061,0.06171097759671897,0.00032335792422478094,0.6075104741028519,0.27513014931039836
163,0.09750320320118747,0.026441384758134963,9.677930853907671e-05,0.6697221001459819,0.20623653258615673
164,0.11605745329758456,0.009912077026351631,5.235509406090342e-05,0.699236043023284,0.17474207155871896
165,0.051665143881129735,0.03265930024667905,0.00018764670060347907,0.6383742775489603,0.27711363162262764
166,0.09051917028179743,0.012731106360904451,3.6107342790165385e-05,0.730548985380703,0.1661646306338048
167,0.04610562295172746,0.014873910242009895,0.00022891968704738758,0.33059073547682843,0.6082008116423867
168,0.05416562569982384,0.012914939406542814,7.017507532242522e-05,0.6996315575808304,0.23321770223748065
169,0.03233090641084294,0.02049075965233794,0.00011663474312890187,0.8317015289637534,0.11536017022993682
170,0.024324624415246524,0.011666278204709868,5.643718667270069e-05,0.8789881435212141,0.0849645166721568
171,0.03896195728341542,0.017596366720873644,7.863876990714146e-05,0.9165616907570606,0.026801346468743187
172,0.0221606102685177,0.011749457772827501,5.529135779744901e-05,0.9507427033623367,0.015291937238520627
173,0.053532191997475435,0.06338094424604064,0.0002345743787711846,0.8449587626226522,0.03789352675506053
174,0.04188071607995362,0.022821537741504454,0.0001129328863015112,0.9221065468464567,0.013078266445783684
175,0.14170112295597428,0.2608146833206485,0.0012308193533024836,0.5480955722036858,0.048157802166389076
176,0.07026509184895835,0.059980441308543256,0.00015293223585439102,0.8605105068422774,0.009091027764366598
177,0.10375953610472236,0.15508013000306592,0.00023478454928885378,0.711575522794372,0.029350026548550914
178,0.11605879284002366,0.5323310219789978,0.0006169281164691496,0.2844786805631397,0.06651457650136948
179,0.25966634198450805,0.35299935293332846,0.0003691496608502101,0.26254450811725316,0.1244206473040601
180,0.07153392535574288,0.7190580478213267,0.0005554094492565927,0.17720074834180083,0.03165186903187292
181,0.10718462381965459,0.514972039553883,0.0009923403052199034,0.3175526070029378,0.05929838931830465
182,0.15640352087676473,0.16062203877099693,0.0002960682924354469,0.3678082433251277,0.3148701287346751
183,0.09742444488583293,0.8068356625570321,0.0006910142481438167,0.04857030792457048,0.04647857038442084
184,0.0874128856351732,0.8024075014636409,0.0016337681812631575,0.07532904583940739,0.033216798880515506
185,0.08946992491783547,0.8310888839331926,0.000938789195383393,0.04790745457482156,0.030594947378766824
186,0.0674874172040227,0.7517896646364158,0.0008968099013167277,0.14229703243758093,0.03752907582066382
187,0.039976469717249705,0.9076789127168646,0.003002397306448652,0.029864708479833465,0.01947751177960345
188,0.04390102864499825,0.9014743197723156,0.0014093845907847003,0.025882200959305827,0.02733306603259563
189,0.032888501256842326,0.9316630912044035,0.001167840382431638,0.015802946926749765,0.018477620229572795
190,0.026241612312562966,0.9272006627428668,0.0014914784037326555,0.020193077290323578,0.024873169250513937
191,0.03523359987842486,0.9066774915864135,0.0027631981174263904,0.021298970483835,0.03402673993390024
192,0.074859025320036,0.4707023571852522,0.0055662636157577635,0.021983817573697793,0.4268885363052563
193,0.0013420760988044926,0.0012060869273174213,0.00029307176957245996,0.0003960277873482616,0.9967627374169573
194,0.4610365854362043,0.018320140237187896,0.0003172943977289417,0.0197440908685137,0.5005818890603652
195,0.6276343432195003,0.049587616562779685,0.000713985627552897,0.025796988327333386,0.2962670662628336
196,0.2989187201303782,0.3638950904173098,0.0021952053727239264,0.04317829298925445,0.29181269109033353
197,0.33018863018668265,0.23291118134468458,0.0005802491878654017,0.32461271882591314,0.1117072204548542
198,0.18835672098419248,0.5189949574350099,0.0011069453335897086,0.18116418029825848,0.11037719594894939
199,0.04247838564785931,0.8812964167223177,0.00071510054934868,0.060829791553820504,0.014680305526653887
200,0.07501708562240422,0.8232417482679297,0.0012349080733379694,0.08341869709458544,0.01708756094174272
201,0.02052118127038172,0.9530665094933615,0.0014827507227220822,0.01739089834614889,0.007538660167385826
202,0.022989887360985437,0.9648224289004785,0.001154949113706755,0.007521690964834787,0.0035110436599945114
203,0.013472697426878701,0.9654491759937348,0.0010108677377713782,0.016870839851742644,0.0031964189898724244
204,0.01845934623286315,0.965074253775205,0.0013479485090742906,0.012509300208950525,0.002609151273907164
205,0.004736213128897139,0.9884746295902083,0.0020209347816652515,0.0032672083811267293,0.0015010141181024583
206,0.004705672844246081,0.9803216272217434,0.011626583848381842,0.002392487310256327,0.0009536287753725781
207,0.007705883028673606,0.9774217097398338,0.006114061048929909,0.007464636853559195,0.0012937093290034175
208,0.007774976034155348,0.976403873101079,0.007266229585583778,0.006621442695590106,0.0019334785835918523
209,0.007628295964154128,0.9605374811677482,0.0188311230563561,0.009341274711604074,0.0036618251001374127
210,0.02670818402560578,0.8868728861492111,0.00194227555375584,0.07064006391642702,0.013836590355000178
211,0.022939128263494257,0.9183314026807187,0.009308422351483237,0.03534895933626573,0.014072087368038323
212,0.015109610990694574,0.9025097549390462,0.02819535317778652,0.03820928585742899,0.01597599503504366
213,0.0593871019392817,0.07405998675335658,0.00017954931985647956,0.1410296320278079,0.7253437299596973
214,0.34906858630213494,0.065606868944476,0.00025815260307542656,0.2589150743099261,0.3261513178403876
215,0.32068359013633296,0.36875479475415046,0.0005508918928471428,0.11276102104043881,0.1972497021762307
216,0.3306968727557889,0.3040372787339449,0.00026408680166797237,0.14869216494281795,0.21630959676578027
217,0.204405787903699,0.17576754338013723,0.00029999968508160935,0.5429887746315437,0.07653789439953847
218,0.06904472512802,0.7725311036218604,0.0002766301053187255,0.14223699576699855,0.015910545377802322
219,0.08307592928276261,0.7560836369418907,0.0017235662255420127,0.1354516820528572,0.023665185496947374
220,0.046445264351754695,0.7424961833078413,0.004020238841834436,0.1612188826535742,0.04581943084499545
221,0.05281366110208576,0.7229231785294897,0.0011496640934212739,0.20513352476480337,0.017979971510199984
222,0.03529021184937085,0.8974172620922664,0.00579819690775241,0.04982696960471275,0.01166735954589773
223,0.07344860875884471,0.6888330574649927,0.0008246507995343374,0.19687855799344858,0.040015124983179697
224,0.10638207418187015,0.7892868895625731,0.0013574617439450552,0.07499413561803144,0.02797943889358048
225,0.01928691848549564,0.9393696346486894,0.0029945139690831955,0.02248989287442462,0.015859040022307157
226,0.08049956494447753,0.6486962551090152,0.0004062654089424742,0.16167639318458543,0.10872152135297923
227,0.17777998845291207,0.28946058487028936,0.00014673634473313872,0.3473465494557974,0.1852661408762681
228,0.028850231942499915,0.023710684895491697,0.00040392112744123395,0.010180562679471554,0.9368545993550955
229,0.46921967401014014,0.05030394889905207,0.00015135538426617277,0.06685769208890054,0.41346732961764104
230,0.47352723382917644,0.09867114556099742,0.0003134571388552376,0.3540333453239041,0.0734548181470668
231,0.23573331828877975,0.36446080071751835,0.0005695553270313607,0.33470459604304365,0.06453172962362685
232,0.0930234885385485,0.5367775439069599,0.00024443117226499896,0.31730611158230876,0.05264842479991781
233,0.02724676869997835,0.7795134229998781,0.0009352934730281914,0.1458940916588658,0.046410423168249546
234,0.043046095160978376,0.6503718742305911,0.0009309563241383047,0.2676628180597961,0.03798825622449613
235,0.034842189764142904,0.8743820656905892,0.0006439614908047131,0.05934695623797486,0.03078482681648823
236,0.10481158128825546,0.5870085146934736,0.0007275408148137567,0.25696838714291304,0.050483976060544035
237,0.07525730689042869,0.6808667749787616,0.000859529660656413,0.18693683905155029,0.056079549418602895
238,0.24868484696263674,0.48184946930965494,0.0004011906038165042,0.2252825412387343,0.043781951885157606
239,0.03334150448846,0.9375264364740513,0.0008263535710123885,0.018253248656007078,0.010052456810469216
240,0.04309834291313795,0.903078059994764,0.0009604033736777173,0.04615780814464618,0.006705385573774013
241,0.016446492778206343,0.9532784092310673,0.006737826408929344,0.015538745644480777,0.007998525937316254
242,0.012504178668710444,0.9621859640953379,0.0016208266720690468,0.0154234516259678,0.008265578937914977
243,0.17610411089287137,0.5332175527918068,0.001266853263534328,0.25376876062173204,0.03564272243005533
244,0.04655367136165937,0.8326829066926936,0.001002255533654707,0.09777885169649142,0.02198231471550089
245,0.06072916833158209,0.8068603336473024,0.0010985930036581126,0.10581545298713477,0.025496452030322574
246,0.11247090728788664,0.6087802631057984,0.0007092292938257196,0.2501718021312037,0.027867798181285666
247,0.01893184654983634,0.9194456527841763,0.006013569824034277,0.0425932171046592,0.013015713737293984
248,0.03345101556623351,0.8535825144878005,0.004376408091623002,0.06516529681082038,0.04342476504352268
249,0.08586422631553271,0.2960231761964008,0.0005090249664308818,0.5983921730133248,0.01921139950831094
250,0.10567994807079546,0.6768021160509698,0.0012646794043716717,0.19388469206415282,0.022368564409710155
251,0.29483749787595376,0.34684168991217956,0.00023581600217739004,0.11045069890918761,0.24763429730050168
252,0.31099196597243,0.43413153665189086,0.0004230088523088055,0.2297371691909213,0.024716319332449083
253,0.07033630523927778,0.8933354809436959,0.00048757715197972497,0.016445960757022426,0.019394675908024264
254,0.12005009669339237,0.7910381440831122,0.0004937725332285276,0.06024442727863892,0.028173559411627955
255,0.17740017740178932,0.39345723111635345,0.0006505215822156996,0.37899045669565923,0.04950161320398237
256,0.053361527239219594,0.8182036880879162,0.0007778710688128192,0.10089708530415094,0.026759828299900534
257,0.02086220262735226,0.9318778415087701,0.006234434141851901,0.02693074633610055,0.014094775385925396
258,0.050505752481090044,0.7886625457603236,0.0015660382195200736,0.13776033309450086,0.021505330444565485
259,0.02573688827670745,0.8631977511436266,0.0012638020952350807,0.09159819699589226,0.01820336148853844
260,0.11688083308182504,0.2545794604939124,0.00019296875386298185,0.31126178940426613,0.31708494826613337
261,0.13373486704460036,0.033750390690652145,0.0001552805568267273,0.13037963152912863,0.7019798301787922
262,0.17068897404311356,0.0341054396848535,0.00016454859847070736,0.052874617710223795,0.7421664199633384
263,0.14155867554951965,0.24862324944416664,0.00023877918338306324,0.07317353624788307,0.5364057595750477
264,0.10583773069475073,0.7585039858536375,0.0012150281653229586,0.05701106756129935,0.07743218772498946
265,0.26612503873340504,0.19632637102537032,0.00048311400092877554,0.31474711331849525,0.22231836292180054
266,0.02358630116955035,0.848428854251582,0.009173108354842406,0.019660780559021037,0.09915095566500418
267,0.05289823633553866,0.6845814766178854,0.0009229202135653957,0.13277022013477136,0.12882714669823922
268,0.01978978664207661,0.8863612423925322,0.000720576603896448,0.05837430511036414,0.03475408925113065
269,0.022744445771844618,0.894726026027465,0.0008793457159509785,0.0523164490531298,0.029333733431609603
270,0.008637472760882897,0.9272546731994037,0.006762788014572456,0.01442583079255693,0.04291923523258389
271,0.026662461579676715,0.9104976957568657,0.0011715459096599448,0.022809725828509358,0.0388585709252885
272,0.001888754637798771,0.0025453798449651013,0.0006884871486693067,0.0015189248642918294,0.993358453504275
273,0.3657604746605658,0.0631325949032887,0.0006809009992638137,0.12393234135855571,0.4464936880783259
274,0.18364241118934463,0.27137596603535485,0.001105532604141381,0.08481838534538577,0.45905770482577335
275,0.028398405442845668,0.8775936268525517,0.019412079515970463,0.014384252887689448,0.06021163530094265
276,0.134786509808283,0.41562215647988754,0.0011198346554604315,0.14222451607988376,0.30624698297648517
277,0.23561392105303763,0.021577261169654555,9.940073433057942e-05,0.17842756132724796,0.5642818557157293
278,0.3576279864708911,0.1229929319160106,0.0003215371872192932,0.3893938973218061,0.12966364710407277
279,0.37591392506637833,0.45232065851104447,0.0005163002507321882,0.130834455096627,0.04041466107521785
280,0.12053402332294572,0.7599304514913933,0.0023199891775159357,0.1109701781403911,0.006245357867754063
281,0.05904688263209003,0.816037566347279,0.0005576563358191033,0.11091490070686184,0.01344299397795014
282,0.1542348235307662,0.6842158885016738,0.0007596291348462569,0.14414314630354577,0.016646512529167837
283,0.012713366644662567,0.9697769964661552,0.004596330663960896,0.010898898307195586,0.002014407918025756
284,0.0875990577117015,0.8390040260259611,0.0005808898784554652,0.06494649804887175,0.007869528335010001
285,0.009415680711727385,0.9741866268699185,0.006155448038839289,0.009266001013251328,0.000976243366263403
286,0.00428298789953532,0.9759729453422473,0.01451196338527105,0.004506899966314147,0.000725203406632316
287,0.007490482319928215,0.9697215655638087,0.01584151280831989,0.006015563260328229,0.0009308760476150878
288,0.008770324166445638,0.9797377138178794,0.0023521360324965488,0.0071131162395408325,0.0020267097436376786
289,0.08878218536098338,0.7912160109063078,0.0006762493389921325,0.11472357940754134,0.004601974986175383
290,0.01786040640253746,0.9636324622336724,0.0011457348774298061,0.015932212245279805,0.001429184241080501
291,0.018130256055702915,0.9471628782780405,0.008281509322102304,0.02533495341805988,0.0010904029260945893
292,0.02335883285490252,0.8971319658162684,0.054829608436375174,0.02354129419100541,0.0011382987014484005
293,0.05470156285888687,0.8204285941594124,0.035219829319299276,0.07984271102071613,0.009807302641685424
294,0.0677811108659433,0.22315733272775817,0.000781094032037523,0.6868910023055865,0.021389460068674575
295,0.05793683218917692,0.14496741802351076,0.00036158945077702004,0.7824054747514629,0.014328685585072493
296,0.11284816805028165,0.05775118960289888,0.00011917685130228456,0.8070116074882183,0.022269858007298957
297,0.08071625992644187,0.04065712614430869,6.319034317711996e-05,0.8688145193306633,0.009748904255408879
298,0.12003249276012878,0.08458640680150793,0.00013494417159314867,0.7814848005662325,0.013761355700537615
299,0.06974510335852702,0.1294181898895321,0.0004055266001411752,0.7405114532974538,0.059919726854345955
300,0.0599311420639073,0.03034726727911221,0.00022214649823656564,0.6671612361237749,0.24233820803496903
301,0.09570987718788944,0.018639583557489355,0.00012765384139897803,0.7865260472140361,0.09899683819918612
302,0.1179979472377364,0.011181091490795917,0.0001038547405417413,0.5423108994458543,0.3284062070850716
303,0.19519762603388047,0.010645135091851379,9.886583902109028e-05,0.4613179674410944,0.33274040559415263
304,0.35295221196659343,0.010756056588516038,8.266026128419556e-05,0.37780380706568506,0.2584052641179213
305,0.4927234463673533,0.009766553019157003,5.3707411890887174e-05,0.3118772292389811,0.18557906396261778
306,0.42312475539940153,0.011791813680501945,0.000356996541397635,0.37950401338836753,0.18522242099033123
307,0.35007021554432216,0.025706874831198,0.0004653472641214378,0.3232618518122768,0.3004957105480816
308,0.03991164302396456,0.014049774060262935,0.0009329992914057005,0.2668590214297415,0.6782465621946253
309,0.40403512275120723,0.00932543605126294,0.0002622917333376962,0.3043999434219403,0.2819772060422518
310,0.10033065936578402,0.0072600881320875905,0.0005367217677449224,0.17750753917986312,0.7143649915545204
311,0.20663920218429221,0.013984636882966925,0.00015775251111009274,0.44991540223609705,0.3293030061855336
312,0.40856997297479436,0.007907515375695891,0.0004077038539101449,0.3767640500826574,0.20635075771294217
313,0.2180401632591506,0.010360771530894403,0.00037558965920127295,0.6574156298065871,0.11380784574416676
314,0.15189724069295132,0.004409289847917686,1.9002957028318578e-05,0.7527730397051405,0.09090142679696232
315,0.0765884161346697,0.009013046228699311,2.9106211957642625e-05,0.8853249020072446,0.02904452941742886
316,0.05955360473871614,0.005795603616012217,2.5534383435317466e-05,0.9141650909559443,0.02046016630589214
317,0.06596744682045885,0.004127658739899577,3.3427786633908176e-05,0.8856086853342695,0.04426278131873828
318,0.06117281987133435,0.003194550758415588,3.5380433218247676e-05,0.9039443171428788,0.03165293179415298
319,0.05193956145092047,0.002388766358368308,3.454251562306018e-05,0.9115925679991208,0.03404456167596728
320,0.07801728649803925,0.0039100295534634155,5.642558611672694e-05,0.8939424614111074,0.024073796951273135
321,0.048040498726607914,0.003510831578619705,3.061778276238428e-05,0.9349243142884067,0.01349373762360319
322,0.010527615813852385,0.0020835479318614993,4.4983034168904284e-05,0.9510266270808206,0.03631722613929653
323,0.01428810073555114,0.002583954637964943,3.5947944785353e-05,0.9627261622743147,0.02036583440738392
324,0.06302238758472355,0.0037980901132546683,8.22446819925947e-05,0.9031625742373199,0.029934703382709222
325,0.0585867988600958,0.0027053830713172473,6.974548504428797e-05,0.9067701025597551,0.03186797002378746
326,0.057584243868496525,0.006109855938409766,6.48099186407182e-05,0.9096915838665156,0.0265495064079373
327,0.049584999569661885,0.0035366336696078344,2.9253769696499336e-05,0.926373050593773,0.020476062397260734
328,0.05387021624151665,0.003534360431312304,3.5265355202550616e-05,0.9148206537426767,0.027739504229291858
329,0.050624202807093815,0.0034094895246401893,2.1733711178920926e-05,0.9166731659294516,0.029271408027635327
330,0.06367274867260538,0.0038254042030902904,2.773551440497539e-05,0.8882684433779705,0.04420566823192883
331,0.058398385550031386,0.0037042496612737005,2.7132272039919725e-05,0.9118823329522998,0.025987899564355127
332,0.08431772672303937,0.004502943528809178,4.7583626627839375e-05,0.8620367172559521,0.04909502886557133
333,0.0912558466472195,0.0027487305228769306,2.258880772806608e-05,0.8750072960490004,0.030965537973175014
334,0.09361762187420421,0.004721174018728774,7.96214769970135e-05,0.8413475524439745,0.06023403018609555
335,0.07505560795358027,0.0026815924223706333,3.814529646498121e-05,0.9031024149239995,0.01912223940358468
336,0.025441095814138764,0.004243363567382674,6.31677382380199e-05,0.957038985872179,0.013213387008061747
337,0.03842475544511699,0.004206481411604594,4.059980764736387e-05,0.9446041338654035,0.012724029470227494
338,0.058135632302998806,0.005189298125186949,3.751159137022642e-05,0.9228314222862181,0.013806135694225955
339,0.021261792029291827,0.00704934004141455,7.191682703428827e-05,0.8754504485938764,0.09616650250838288
340,0.032474964490342595,0.010786454020670726,5.1437590693380056e-05,0.8689607459201615,0.08772639797813167
341,0.10582276477010298,0.00732836870349903,4.484387903553852e-05,0.8343715450674745,0.052432477579888066
342,0.2216309559253821,0.006051175543846003,5.9255764065262585e-05,0.6644366865706826,0.10782192619602407
343,0.20073217351496292,0.008756924213533844,0.00012934733094749316,0.6759412388622127,0.11444031607834315
344,0.2040928764447571,0.009596901322127704,9.682038320960375e-05,0.7233291300414064,0.06288427180849909
345,0.03566773257967845,0.010820408615064284,0.00010425286212151054,0.8919724696228359,0.06143513632029988
346,0.02237583574039449,0.002406825865942084,3.771377259389575e-05,0.9549921004713614,0.020187524149707974
347,0.08191570545259276,0.0043283631586526795,3.887165481180777e-05,0.8467660942009335,0.06695096553300922
348,0.12642228532953756,0.01300335773686216,9.170729576299985e-05,0.8102220877933043,0.05026056184453315
349,0.25913965251194376,0.005341588691323548,6.617498386007923e-05,0.6853663010831512,0.05008628272972138
350,0.1538476793593957,0.007742229307250448,7.109253271712321e-05,0.7889485908962969,0.04939040790433986
351,0.0346292276938594,0.0059860137704301295,5.1519973642686365e-05,0.9492390516810634,0.010094186881004354
352,0.03416510880347185,0.0045945506690368235,4.191876767997328e-05,0.9386164163354876,0.022582005424323707
353,0.03795907598001951,0.004139369019852701,4.215044529284414e-05,0.9361556142428277,0.02170379031200709
354,0.05522327251750044,0.004758730392261804,4.921297593163455e-05,0.9126521923714808,0.02731659174282547
355,0.031116548927139435,0.005156301739985827,4.729088105118041e-05,0.9464416750666468,0.017238183385176728
356,0.01565706909705181,0.004676158810184749,4.7943813869130325e-05,0.955340467545133,0.024278360733761304
357,0.020478894429654254,0.0077632097126893425,8.201315481268362e-05,0.8533569710468842,0.11831891165595945
358,0.1010320969213343,0.004768149653937763,2.9104724355072107e-05,0.8196318639488677,0.07453878475150523
359,0.16917058036719318,0.006046194098323048,0.00011981477587029309,0.6554782780596377,0.16918513269897578
360,0.1330454284307136,0.006081599629930153,9.221999775070696e-05,0.714489689345071,0.14629106259653463
361,0.17731491077775605,0.0026072414665460498,3.9985760649102235e-05,0.6339322678941053,0.18610559410094338
362,0.1714283745696603,0.0038193262261418046,6.248717477957936e-05,0.7300612198588622,0.09462859217055603
363,0.22408998191346136,0.004730513047801057,5.3275310846102426e-05,0.5980603028561089,0.17306592687178263
364,0.1691725890510787,0.007640540932794161,6.121422025564846e-05,0.754247035563764,0.06887862023210747
365,0.07203874431461604,0.003952613787679862,4.121475830494705e-05,0.8359598128262627,0.08800761431313645
366,0.07911290143368575,0.002918953839922893,2.289230255195397e-05,0.872253179738473,0.04569207268536638
367,0.13077007525107687,0.004611892389384529,2.7061186409112878e-05,0.8125100966984953,0.052080874474634206
368,0.08551463147613382,0.039878182746997656,0.00010017470326918209,0.8199636659181697,0.05454334515542969
369,0.030302679257906154,0.010957416981638476,4.570131868573707e-05,0.9414647805533084,0.01722942188846111
370,0.0546525779010452,0.02032549871246822,4.7254609834739244e-05,0.9117743590526176,0.013200309724034324
371,0.016887308484527852,0.0060926336786427384,3.1508822490067906e-05,0.9396038548959645,0.0373846941183749
372,0.06223878767332065,0.02478447682898214,7.30813144699674e-05,0.8967191428939202,0.01618451128930699
373,0.0683700101901653,0.009352116323462516,2.9317151576853293e-05,0.9110364439836479,0.01121211235114742
374,0.048198694073405234,0.01035939443837551,2.6692189325844784e-05,0.8906169514359549,0.050798267862938465
