epoch,N1,N2,N3,R,W
0,0.002707742426865863,5.477816093987902e-05,1.8315779410457583e-06,4.749431192662573e-05,0.9971881535223265
1,0.007256525988836517,0.00015104217752422394,4.545070086604632e-06,5.692464148292431e-05,0.9925309621220696
2,0.010418795601524275,9.243574678674512e-05,1.5176608441334764e-05,6.232725732383077e-05,0.9894112647859239
3,0.0779834032413351,0.0007866631940804714,1.5156712550593745e-05,0.0003762324327165043,0.9208385444193173
4,0.018785384365757836,0.0004639526395512952,1.789945337191289e-05,0.00017404140281322738,0.9805587221385057
5,0.032332164938729806,0.000621126542588454,4.434184578331001e-05,0.0003284614810571638,0.9666739051918413
6,0.024329176125514967,0.002333401754151606,6.676214939860064e-05,0.00028142318292592245,0.9729892367880087
7,0.021712013335885346,0.002257770605174776,5.748820961011633e-05,0.00042983552252498074,0.9755428923268048
8,0.03830832674331486,0.002318403987045651,3.527863657061073e-05,0.0006773286870906284,0.9586606619459782
9,0.11312956246576485,0.006137599063641136,4.125949536420513e-05,0.0013290713462617931,0.879362507628968
10,0.10228438999103627,0.027216964104300006,1.6687581825179708e-05,0.00298138345093915,0.8675005748718995
11,0.09602356085656091,0.045359079632851865,3.179992765557551e-05,0.005177384999758204,0.8534081745831734
12,0.10604489678935392,0.02142436851895541,4.404162148778931e-05,0.00557883039768211,0.8669078626725208
13,0.3622709154633418,0.07342299851306153,7.654987070431048e-05,0.03604594878685308,0.5281835873660393
14,0.37106074207110024,0.2325688242680788,0.00032176131546625435,0.017637067635494514,0.3784116047098602
15,0.4611267098327747,0.1810710598400292,0.00011550009087917653,0.06006274668348735,0.2976239835528296
16,0.28818474195679444,0.48288006781602005,0.0010575097542348125,0.07014255683030247,0.1577351236426483
17,0.18353855259954766,0.6127928656494567,0.002782253586655996,0.029472502896144864,0.17141382526819476
18,0.31631815063661356,0.5671124792885152,0.001651670216061452,0.07287280618285717,0.042044893675952724
19,0.32491852689312434,0.38390407921343284,0.0012308770276036826,0.1880648062384988,0.10188171062734036
20,0.138027114257344,0.7347432267305526,0.0026120997603474726,0.054166785947579635,0.07045077330417623
21,0.32235202383695266,0.5136793194317448,0.0009570299024191119,0.07049930777410968,0.09251231905477383
22,0.31156871385741447,0.5869769623085402,0.0019876919827122416,0.06256237086383708,0.03690426098749604
23,0.11194864021351204,0.8066450845765347,0.030740783717706787,0.004643964870028558,0.04602152662221785
24,0.20703346659591212,0.6730620146600952,0.0016141390197353682,0.041912742855560306,0.07637763686869695
25,0.1593086332249128,0.776335608407216,0.01257978617006847,0.008468119178765424,0.043307853019037314
26,0.1038453585902577,0.7467591621334727,0.05126224757182266,0.01683621462707736,0.08129701707736961
27,0.0854243600168702,0.8541099389483929,0.015036210244845132,0.008105410424518565,0.03732408036537323
28,0.08551813287886739,0.7532016871690553,0.09177818004310499,0.005607895062926223,0.06389410484604606
29,0.008067705171684291,0.030888326777907434,0.0028496378849183937,0.00023821051947327726,0.9579561196460166
30,0.018537059750536367,0.005014370845586569,2.8592519528555305e-05,0.002043537415432422,0.9743764394689161
31,0.1830407494548132,0.007761414977609257,5.614326032887757e-05,0.012525658092420597,0.796616034214828
32,0.047236619202731936,0.0006771986805129315,9.53690358752556e-06,0.0019183849701094825,0.950158260243058
33,0.6191093405689341,0.002800801461613689,2.3574044021823467e-05,0.0015253137833240314,0.37654097014210625
34,0.8999878904206241,0.014419951421140761,5.3569712086275235e-05,0.0017930566603192976,0.08374553178582972
35,0.8826538286385419,0.0323023064224172,7.224425001846959e-05,0.0036496828405038206,0.08132193784851852
36,0.6296646746366884,0.25889651195454694,0.0003960918174170644,0.013004078219260775,0.0980386433720867
37,0.4001785699978053,0.558153941476654,0.0010100478201816782,0.01647614256934929,0.024181298136009704
38,0.15501458970841442,0.793791770436779,0.02106527438251738,0.012238267581114834,0.01789009789117456
39,0.40426384230914375,0.5027126637462106,0.0013704119434861663,0.04008456737657781,0.051568514624581674
40,0.24759739108347417,0.7117524924034019,0.012525528856186581,0.013310678335409028,0.014813909321528288
41,0.2013922672738873,0.7645701841068043,0.008067411447399798,0.015726245400417883,0.010243891771490723
42,0.1087309192616536,0.8684078582357222,0.010355378435349586,0.0034018425658814697,0.009104001501393273
43,0.07282596439960089,0.8874668385795852,0.024924658121369268,0.006758517648932405,0.008024021250512013
44,0.024424736094793516,0.7914646636761553,0.17815173261503156,0.002300404070354967,0.0036584635436647792
45,0.30753462701740025,0.6503030171095232,0.013031033316763377,0.013528975780966611,0.015602346775346457
46,0.06315393792902714,0.7999171766002027,0.11540841766561584,0.004342338230178761,0.01717812957497551
47,0.041545962963402815,0.7885994694052991,0.15908285603736114,0.0024058046937403123,0.008365906900196802
48,0.034301697206076134,0.7925898542366029,0.15922511842495768,0.00358108153768082,0.010302248594682364
49,0.0715946502830997,0.8756191756986936,0.038291108885634,0.0031549145464783135,0.011340150586094389
50,0.02150693617085949,0.7139839157541749,0.25799548268916367,0.0021463282362898864,0.00436733714951213
51,0.01733029775238725,0.7534028778859734,0.22009863882625286,0.0013724027583712508,0.007795782777015289
52,0.013005244505599414,0.4619841428077515,0.5212835730457669,0.00033717125538687136,0.0033898683854954427
53,0.04518884440569346,0.830916876623072,0.11119787994095467,0.0024224619309775462,0.010273937099302249
54,0.0027496103019669623,0.11340136988779528,0.8819845804890476,8.664455678043246e-05,0.001777794764409656
55,0.01221272103161232,0.7599221906179054,0.21448580526906555,0.0003838907104346306,0.01299539237098193
56,0.003968724781135237,0.20579502001713143,0.7866950050050052,0.000139673785538952,0.0034015764111893104
57,0.006318045674552686,0.42557421678696483,0.5623768075962511,0.0006039424763027691,0.005126987465928539
58,0.009363014516194914,0.5958155907007477,0.3833159980524103,0.0003805903542622043,0.011124806376384848
59,0.004371312464844546,0.36244970041292407,0.6282485585538148,0.0001729891962484433,0.004757439372168266
60,0.020729869707203315,0.6910462294614915,0.25963261126693804,0.0013243080860367775,0.027266981478330374
61,0.011526982758783924,0.34176386404223397,0.6391146374760609,0.00023288092792402262,0.007361634794997211
62,0.04194558392291221,0.6223276053537093,0.31374456282371366,0.0014273525261835943,0.020554895373481222
63,0.015161696418251143,0.21039082766619682,0.7655780239672577,0.0004198627418132958,0.008449589206481098
64,0.02953316713597683,0.6013337756961502,0.3509902859653836,0.002070134696978939,0.01607263650551057
65,0.0031971229287224203,0.20943419352462045,0.7763086234400304,0.0002455659501026529,0.010814494156524204
66,0.29599766646095205,0.05589145690975647,0.00046223869810632943,0.008256211242472273,0.6393924266887129
67,0.4807505151197078,0.41470403847537196,0.00689849594184881,0.014895226459744938,0.08275172400332655
68,0.06282716858617807,0.8650050449300468,0.04687459735505039,0.002259171029589303,0.02303401809913543
69,0.1357005150034866,0.7706772979525478,0.0799581355966792,0.0007462504676172808,0.012917800979669204
70,0.12638102471000454,0.8260029480584618,0.033730248261230215,0.0032148358272709185,0.01067094314303265
71,0.013878087366778336,0.7116025101588322,0.2692591495574284,0.0005956061402466898,0.004664646776714331
72,0.031161428917907606,0.8569420901304721,0.10552241779845258,0.002328150621204901,0.004045912531963056
73,0.00589713743734994,0.7650101383525317,0.2248325663849579,0.0005254036292010141,0.0037347541959594057
74,0.02889890688767394,0.7582034297462283,0.20398315534937814,0.002109586965756631,0.006804921050963066
75,0.018608184524941753,0.8515105111452772,0.12376244464317956,0.001730737729918003,0.004388121956683525
76,0.04752714285471187,0.8291254624274093,0.11059798124611306,0.006046642403356245,0.006702771068409419
77,0.0055546992113649956,0.7736756168357476,0.21491789495505306,0.00111384999861269,0.004737938999221464
78,0.050066807144625185,0.8059680846829729,0.13684269612418867,0.0017433124226344384,0.005379099625578637
79,0.028151427927246724,0.8536729809308333,0.10637286735554584,0.0032275506783716627,0.008575173108002272
80,0.017355795869094137,0.8161148089287672,0.15831449185018528,0.002397453096595609,0.0058174502553579146
81,0.019170983627618036,0.754435521850607,0.21822503779194213,0.0010357805171901744,0.00713267621264254
82,0.010563762665111371,0.5552674929046123,0.4318056124115384,0.0005822785966744574,0.0017808534220635555
83,0.023698892106890884,0.855311844438301,0.11032713977180869,0.0034583942620198607,0.007203729420979494
84,0.002429261221725708,0.3610086542359398,0.6347887436679323,0.00021004426611667134,0.0015632966082855875
85,0.04125089013699965,0.8248150776658555,0.12029815592674922,0.006138522144983966,0.0074973541254118115
86,0.009571291420876121,0.21663005846289476,0.771221500257792,0.00018468601964064153,0.0023924638387964226
87,0.03674919471504048,0.7941101347688414,0.1542152824143762,0.005584832812947451,0.009340555288794286
88,0.004052038559024533,0.10121081600800462,0.8933219003734932,0.00014531110356212558,0.0012699339559155832
89,0.040118410956105036,0.7942789058546335,0.1426289005992476,0.011071666929146318,0.011902115660867752
90,0.022429944822871858,0.7158362076770396,0.25073812150249253,0.0026125822550403894,0.00838314374255562
91,0.05980568413449424,0.8018533648540179,0.11288927161809241,0.015167123166705397,0.010284556226689848
92,0.011831358243273402,0.41598665475906105,0.5688296155719017,0.0006436374145809829,0.0027087340111828645
93,0.07033174542803614,0.7917040008510918,0.10840892259941937,0.017458624106974494,0.012096707014478224
94,0.024586112305736842,0.8115620516113918,0.1485999398705126,0.004123307017146239,0.011128589195212552
95,0.6247588534719064,0.16843089243794473,0.0013578433082786824,0.12106940023577271,0.08438301054609733
96,0.2665261202446809,0.65909200460243,0.005818906864126734,0.03731420171803904,0.031248766570723334
97,0.08878231658704544,0.8817795519541474,0.010887783028185301,0.006495965193577631,0.012054383237044176
98,0.5670995084543274,0.37951787667783116,0.004878350710882071,0.01967948243783052,0.028824781719128705
99,0.22708500005828589,0.723857119384514,0.010434201232328992,0.023142391420744052,0.01548128790412707
100,0.08191669901908881,0.8440624777042034,0.06397460356469921,0.006418916475039003,0.003627303236969745
101,0.1563835752507189,0.7911557358327339,0.021331456776490565,0.021794736011884325,0.009334496128172314
102,0.028310109032095868,0.8394813093184046,0.1250187750969112,0.004930164131013512,0.002259642421574846
103,0.055412828615537195,0.8246992996756676,0.1004714448226092,0.00969705250068231,0.009719374385503814
104,0.023249299056059415,0.6406381161137858,0.33277685388123796,0.0017022604285401941,0.0016334705203767186
105,0.02838788999174207,0.8387049681524766,0.12216374035423934,0.005318750156217849,0.005424651345323848
106,0.004468051058349646,0.5322021200191271,0.4616615947041684,0.0003519547530877086,0.001316279465267146
107,0.01103080831101895,0.7163642751612067,0.2569520315272543,0.0034422063593727162,0.012210678641147433
108,0.005467431085703598,0.2668134187127205,0.7254746484670227,0.0003835581463388726,0.0018609435882143669
109,0.016434199966425072,0.6504038010195534,0.32544751498595165,0.002633346474915914,0.005081137553153974
110,0.02597022337212331,0.7258316466230863,0.2302635314179869,0.005516630288157535,0.01241796829864585
111,0.09296345388268012,0.7212363509628643,0.13170086118165064,0.038189344676712755,0.015909989296092095
112,0.06642122371615891,0.8289568577008036,0.05170977058649703,0.005455802880757939,0.04745634511578245
113,0.5502705462699568,0.4031594003156405,0.01592989110985978,0.01025917899619789,0.020380983308345257
114,0.3465133320123181,0.616890216775753,0.021429285825296386,0.007871045588948617,0.007296119797683914
115,0.12474825890916366,0.7429286105704321,0.12369496144789029,0.0024904286473388508,0.006137740425175059
116,0.0569437093006534,0.7738403672337267,0.16506274428727688,0.0015076438334235935,0.002645535344919366
117,0.02587379446067659,0.5938536908671205,0.37585030801976743,0.001204996177729977,0.0032172104747055334
118,0.011334103250200076,0.4944374196252809,0.49056627150780824,0.001209562245043186,0.0024526433716673805
119,0.021239758702095764,0.6945496716303949,0.27471380621679964,0.0025235961575414004,0.006973167293168309
120,0.015349215630880713,0.6983055948702673,0.2816124533913919,0.0015200889202071311,0.0032126471872528915
121,0.013761127541716467,0.8857240396201986,0.08868847820149052,0.004036176861798647,0.00779017777479587
122,0.008632033204865436,0.5555289186381486,0.4326913108097934,0.000542585985716839,0.002605151361475856
123,0.024339768237943395,0.7518798120730809,0.21347083275920656,0.002437856257175832,0.007871730672593346
124,0.016057713929661082,0.562603963020004,0.41461679853505967,0.0010832653841628486,0.005638259131112289
125,0.00731984829786346,0.5418406408238476,0.4474825924916758,0.0005160826753692366,0.0028408357112438536
126,0.003927042456199669,0.18737236216396747,0.8059052283062803,0.00031982225884698415,0.0024755448147054876
127,0.0005230697962715507,0.13486772925941864,0.8634545305374312,8.755321053254595e-05,0.001067117196346109
128,0.000785705505041728,0.11366699295121095,0.8838873751103618,0.00013578988770824587,0.0015241365456773004
129,0.004169421682421509,0.3558235839250822,0.6351711452247935,0.001703442090091265,0.003132407077611643
130,0.0025183553544513666,0.21725935510465533,0.774822066613105,0.0005991632459643009,0.004801059681824074
131,0.0015154462940309363,0.30895398330331736,0.6843196553954615,0.000453553201476442,0.004757361805713876
132,0.015119475991759786,0.7330803105642553,0.2324922447043763,0.00823931005368966,0.011068658685919039
133,0.005752687723762149,0.37406987475346964,0.6167915876723554,0.0007420727822447263,0.0026437770681680263
134,0.013810426570010472,0.6681677189358974,0.3081958135582678,0.0010582850692056423,0.008767755866618659
135,0.001644390501528401,0.1640921530767858,0.8322984804201662,0.00016279579890456075,0.0018021802026150931
136,0.016043990636694868,0.6446712272470414,0.32313294432536016,0.003737180613379393,0.012414657177524071
137,0.0073633024274910785,0.5979312079863662,0.3864506870263741,0.0013303990405877282,0.006924403519180964
138,0.004657100904592818,0.2818730150282219,0.7106738779619092,0.0005077098819471622,0.0022882962233289478
139,0.019755931383612087,0.7747766366576723,0.19613202850691042,0.0022371103749928402,0.007098293076812404
140,0.10159102956236157,0.744734039317371,0.11313788138851776,0.03152331567180051,0.00901373405994913
141,0.00805307885584637,0.698380072583444,0.2831227887113708,0.0049688685055926905,0.005475191343746007
142,0.05100935049410735,0.7585286313336033,0.17539551986955657,0.0094069589414851,0.005659539361247731
143,0.12403556127087745,0.7409385974776429,0.06106059712930094,0.025166037235816206,0.04879920688636231
144,0.1502532542031979,0.7319942202837966,0.031101475962215366,0.07248264550241228,0.014168404048377919
145,0.46852986930128615,0.39544676647900684,0.004697809884239247,0.09878817215295224,0.032537382182515465
146,0.09459105778189149,0.8577418820269149,0.016248451192560923,0.024145567249553232,0.007273041749079143
147,0.07452345676378556,0.8429250716577679,0.016865197753426698,0.06136960378504766,0.004316670039972193
148,0.06327919935100554,0.8508154766172177,0.04564079988934912,0.03191257801399108,0.008351946128436724
149,0.027767705321352913,0.7209005131895702,0.23834032893578416,0.007704556910166162,0.005286895643126514
150,0.019409934303796946,0.7578399941849647,0.21502775112518144,0.004883409752964261,0.002838910633092609
151,0.0831427585958715,0.7071341301175842,0.1887894139408137,0.012508152892265121,0.008425544453465491
152,0.03289133662888779,0.7299855046231455,0.21076029148742567,0.01968378361272444,0.0066790836478166134
153,0.10171497889863303,0.8256430382376477,0.017908538155711504,0.04556936870891676,0.009164075999091059
154,0.03618606675193441,0.6744480470467347,0.28129853977648867,0.0039780474472635614,0.004089298977578776
155,0.0521493852052014,0.8380239257736016,0.08678470939806121,0.019050932745549413,0.003991046877586343
156,0.08456530930373611,0.8434936017832436,0.053343864958924424,0.014828602391459892,0.003768621562636028
157,0.08346728311065893,0.7459614334484287,0.15145986482882837,0.010573177394544803,0.008538241217539369
158,0.10110128978305669,0.8329502422367697,0.02836013938478208,0.03067070210281276,0.006917626492578921
159,0.05125295117689662,0.8770637503075249,0.05287699646988216,0.015487241422443423,0.003319060623252682
160,0.0692103918989586,0.857339617972979,0.015681038447752458,0.042295972810609817,0.015472978869700055
161,0.020631743764503125,0.9119608687387017,0.05376692110659313,0.008313691346462822,0.005326775043739157
162,0.3226691397203783,0.47631453822315006,0.007600495470882157,0.15490780343333072,0.03850802315225871
163,0.23302605747233537,0.6566546078153377,0.05232755456461336,0.006046926647654712,0.0519448535000589
164,0.07847490069055796,0.014792565273438536,4.328511261887332e-05,0.010007621732228198,0.8966816271911565
165,0.7600266399316254,0.04434425017355843,0.00010510302137512609,0.05260584751272556,0.14291815936071536
166,0.8682563221436009,0.038005109168947594,0.00016370531488056386,0.01947241112059383,0.07410245225197697
167,0.7130332174329035,0.2259045750871925,0.00023574352057818718,0.014433013559842825,0.04639345039948308
168,0.4759610913189514,0.43729336599003393,0.0016129842625961439,0.05326389648761932,0.031868661940799105
169,0.47785255529264387,0.4304031712606658,0.004089342378856962,0.03988293026799123,0.04777200079984222
170,0.2719565821375851,0.6627182975421817,0.03523276584788153,0.00848759043047054,0.02160476404188103
171,0.12143334401396767,0.7750310514450633,0.07728126028026565,0.010724047150325709,0.015530297110377669
172,0.0784073355365624,0.8165754991405442,0.08056356321640387,0.01043483456030853,0.014018767546181015
173,0.026107943263217116,0.8812440920606186,0.07936416556450085,0.005264079616205353,0.008019719495458261
174,0.06839225039147727,0.8855033235689586,0.03722441987441545,0.004052266587781166,0.0048277395773676166
175,0.06715473450499239,0.8763996355951055,0.04367351005968655,0.008238377607812451,0.004533742232403254
176,0.05158186564868401,0.8072100669293978,0.12441469926330555,0.005653198225242681,0.011140169933369911
177,0.019071717834874564,0.570407764609417,0.406884229955552,0.000918317526758191,0.0027179700733981293
178,0.16209462569007943,0.7253787223481148,0.09096827474290807,0.007779798677228057,0.013778578541669566
179,0.023616529906460394,0.6721785404589482,0.2965031671134133,0.0014449681230398698,0.006256794398138215
180,0.017159794778703035,0.7776876524897829,0.19223310503146915,0.0018361739700144778,0.01108327373003042
181,0.013231747423065193,0.6026705508506108,0.37665202623492466,0.000812342927627335,0.006633332563771903
182,0.030144314964444252,0.7310175040156335,0.22010897068104335,0.004974160833559343,0.013755049505319677
183,0.009600346545307914,0.5407073977366336,0.4433160175318744,0.00102499603220125,0.005351242153982822
184,0.029063377980216968,0.8057686138194005,0.14807151436749544,0.0031397325794638425,0.01395676125342336
185,0.0052813977630176215,0.4048600125732381,0.5844815727900377,0.00044378756269136503,0.004933229311015148
186,0.05268143102215838,0.8793309399374101,0.054252530802740666,0.0022955124878537487,0.011439585749837135
187,0.01883926565273836,0.2892097324943798,0.6881771977782686,0.0006341593267249829,0.0031396447478882032
188,0.061807287304642335,0.7437544612112261,0.17758881577553376,0.009146615982490409,0.00770281972610743
189,0.04104536660702179,0.8197824826130943,0.11500673744919948,0.010837711374814301,0.013327701955870259
190,0.02981122608882127,0.7687190570404733,0.18448264760502756,0.009399044782616328,0.007588024483061521
191,0.08921227284869035,0.8318739403140091,0.046390971395364466,0.021221163749531927,0.011301651692404291
192,0.061074754685481,0.8411939552436717,0.06937887010374243,0.024143827141651735,0.004208592825453044
193,0.0832613884159877,0.8362591468882715,0.029178282623833325,0.042762641951901936,0.00853854012000567
194,0.061252089385806154,0.675158576310559,0.2537504567734912,0.005205904046186546,0.0046329734839572236
195,0.35114238761357647,0.4729926485989131,0.004181552871636821,0.10133688149231992,0.07034652942355364
196,0.4267968512319601,0.4633919113706941,0.010274247263455346,0.07998693102187436,0.01955005911201603
197,0.2571612569535559,0.5478805527206204,0.008658873796114743,0.1676863438315217,0.018612972698187163
198,0.2827746519948291,0.40957267803618075,0.002124425946920398,0.2677144280220886,0.03781381599998119
199,0.23454579267560582,0.2904786635679937,0.0010845969674017635,0.39965671861383345,0.07423422817516527
200,0.3638752268277451,0.13461230786260214,0.0006148407644953594,0.3373162737468554,0.16358135079830205
201,0.4092775260457325,0.07398128859057575,0.00039987755647139054,0.42993508053194174,0.08640622727527862
202,0.16301451035137973,0.05564641631658427,0.0002621566949910766,0.6497362848580793,0.13134063177896543
203,0.3233419738251475,0.04268187162702662,0.00018033120720204997,0.30976961771683004,0.3240262056237938
204,0.3417985417073342,0.07817983200902033,0.0003458937855186334,0.5022579678094007,0.07741776468872615
205,0.1903976809883283,0.10489535056918982,0.00035455907371416076,0.4165458215913217,0.28780658777744594
206,0.2656465536751083,0.15842224599722354,0.00047309731817363665,0.37674185186089515,0.19871625114859937
207,0.35186249185065616,0.06641629350340918,0.00013238521290242534,0.4469966444932635,0.1345921849397687
208,0.44308113631683893,0.08527620505790515,0.00014086592189851716,0.2946936450119321,0.17680814769142525
209,0.41426119607851836,0.16190975285291864,0.000505702448518165,0.25671304247246024,0.16661030614758468
210,0.3945363839932433,0.08707724439987673,0.0003739864067701446,0.22437428170984755,0.2936381034902622
211,0.010997210738196915,0.006215941005051105,7.53415457591463e-05,0.008154429989162156,0.9745570767218307
212,0.0092807991882249,0.0037528159097345473,0.0001078431132887592,0.00211539709380377,0.9847431446949481
213,0.22110075796097406,0.014175091071943475,0.00011013749626008516,0.0118106119069419,0.7528034015638804
214,0.3576517194833234,0.0156155693232354,0.00012720059283706218,0.010546863508673603,0.6160586470919306
215,0.14038973435943966,0.02192258088154565,0.00013974816108626255,0.0066013518251317954,0.8309465847727966
216,0.14022732860904527,0.04682398645098493,9.687234936451509e-05,0.04320259134160204,0.7696492212490033
217,0.31150234347985856,0.09030221881051166,0.00039630488990612003,0.19676448827708828,0.40103464454263543
218,0.22257840591705205,0.05858525753160459,0.0002697993311982071,0.03175603573647164,0.6868105014836735
219,0.3019962096062435,0.08211198554972708,9.356645913744888e-05,0.03012998849005988,0.585668249894832
220,0.12778338579688064,0.03249194076680947,0.00018704947190857223,0.016767524453411536,0.8227700995109897
221,0.5877513075017136,0.08875442550172911,0.00041549371884985726,0.042033950953357706,0.28104482232434974
222,0.4253495917575815,0.1222039631226491,0.0004312695248062308,0.17850958031272826,0.2735055952822349
223,0.0337597631284922,0.025327293287165927,0.00010517063339072592,0.017124536542309315,0.9236832364086419
224,0.0010957716839506658,0.004619911282315821,0.001264508076725742,0.0008201591228796359,0.9921996498341281
225,0.07029925687781037,0.04628773825774003,0.000263276944713594,0.018330220134094674,0.8648195077856413
226,0.0007303081096759498,0.001294284426989682,0.0003277217481056754,0.000353306508778887,0.9972943792064499
227,0.001109001256663597,0.0016863864802776527,0.00013599719547183816,0.00047000126873068967,0.9965986137988562
228,0.00779786813451183,0.0035372024313786677,0.00025156627165397037,0.0017311630437256813,0.98668220011873
229,0.01265817938606662,0.007667719149402757,0.0002758579615736885,0.002777754148427004,0.9766204893545299
230,0.08198818309200465,0.04582049486549913,0.000493956897251959,0.017231427330964354,0.8544659378142798
231,0.02270794970724724,0.011601870649255643,0.00017611469554227186,0.003861411294903452,0.9616526536530513
232,0.08659343312784942,0.010765087036459748,5.889837570822652e-05,0.011077865053235592,0.8915047164067471
233,0.18441154282323824,0.059412159988485556,0.00022870700333590556,0.029772304518545994,0.7261752856663942
234,0.35193709676288637,0.07262785459339229,0.00014379936098455872,0.07125167052144205,0.5040395787612947
235,0.3638061194074463,0.16105889451210148,0.0002948697999672487,0.313320770374559,0.16151934590592595
236,0.391930311129787,0.13212504305720513,0.000369005000872896,0.3138606486090652,0.16171499220306976
237,0.320887825426425,0.04407773486687935,0.0002673704383940444,0.2571793315584003,0.37758773770990134
238,0.09252827870495432,0.09662754290540858,0.0010801004622746652,0.29935494197187373,0.5104091359554888
239,0.12507913904185808,0.016041042487879655,6.169394239174138e-05,0.06731394329435436,0.7915041812335162
240,0.0893083490292267,0.017076841920497823,0.00011516585982668443,0.015131363688380806,0.8783682795020681
241,0.010796830818563691,0.0018955351732289018,8.189678693020413e-06,0.0003427561554942886,0.98695668817402
242,0.007030745636992345,0.0007177653494522471,3.322791730009517e-06,0.00024617296146389446,0.9920019932603614
243,0.0009280623510147496,0.00014683308928644078,4.59798627456433e-06,5.956335228199477e-05,0.9988609432211423
244,0.03847836451805011,0.018075892942922094,0.0001847424865780905,0.00047746640222716473,0.9427835336502226
245,0.0011094151945418467,0.01121367091066286,0.00012054279910964559,0.0006580115415023078,0.9868983595541833
246,0.001821767955182516,0.019608887585404283,0.00034648093278313717,0.0027231932227724724,0.9754996703038576
247,0.007602067064107598,0.2113798609271092,0.0023722721729789726,0.003335026081877319,0.775310773753927
248,0.007154875163759691,0.04724163215334829,0.02559339171682914,0.004760000620520171,0.9152501003455427
249,0.009320435689750491,0.05267343661057292,0.012169038743040839,0.006871916356033361,0.9189651726006024
250,0.010329526911149042,0.12933972473895516,0.009508278382101835,0.004612205697311941,0.8462102642704821
251,0.04056188610246468,0.12750402929039184,0.0005449394825741568,0.011427518891191842,0.8199616262333775
252,0.4245060566399384,0.04269651877758461,0.00024155790963061025,0.0473434962853741,0.4852123703874722
253,0.2501613570080653,0.020258495989045593,6.446083450050528e-05,0.06262743216312058,0.666888254005268
254,0.10487025115746614,0.025342175733477034,4.3547660729331364e-05,0.020612143910676867,0.8491318815376506
255,0.019446172895476396,0.0013077018690653254,1.682297971667017e-05,0.003832776081100209,0.9753965261746415
256,0.013479619912992872,0.0006555213719398083,3.865667129515629e-06,0.0030296026244747546,0.982831390423463
257,0.042071326631637394,0.0036474528784194602,1.3896610969441454e-05,0.010350277760677772,0.943917046118296
258,0.02194565197329102,0.0010411838686938883,3.6676745656767637e-06,0.009261455828142362,0.9677480406553072
259,0.026151481043990104,0.0005344549779412176,6.7704873284217746e-06,0.01786842286141759,0.9554388706293228
260,0.06275321779523187,0.0010534228119979776,2.5936523049622122e-05,0.030778418438539054,0.9053890044311815
261,0.017903764184901517,0.0004215405170491329,5.583810584089228e-06,0.009145208943425034,0.9725239025440403
262,0.013838357439513843,0.0008560021905060286,7.343158302817444e-06,0.011609783017427244,0.97368851419425
263,0.09229328176692322,0.0017561563015588695,1.7646605037814138e-05,0.04185608825674333,0.8640768270697368
264,0.060083266100522614,0.0017293424499422625,9.380668103059865e-06,0.029563753547197747,0.9086142572342343
265,0.09043414442631946,0.002877057338272933,1.5232263671319129e-05,0.03933457685237617,0.8673389891193601
266,0.03202619172625101,0.0017134559775065466,2.3562746028652448e-05,0.01714705637386952,0.9490897331763444
267,0.12012486388067728,0.0021356994593209515,2.8818755146138038e-05,0.03834596635633134,0.8393646515485244
268,0.041038127902317284,0.0013765382359174905,3.2947507533005834e-06,0.015575909765626426,0.9420061293453855
269,0.07736238716850588,0.0032635825474844993,1.4608667565430867e-05,0.02759695957455671,0.8917624620418875
270,0.03997443247270809,0.0021247432462043587,8.801365424919144e-06,0.025176621668003555,0.932715401247659
271,0.05808908256386179,0.0028837545370026182,4.002465938710006e-06,0.036790026643465895,0.9022331337897309
272,0.17545993955401365,0.004974185857773248,1.8351739831104502e-05,0.13258857876701086,0.6869589440813711
273,0.023219610992526805,0.0007364704668095961,2.348324649346999e-06,0.03220843519885263,0.9438331350171616
274,0.06319507591193864,0.0015200273234140286,2.921127254279178e-06,0.05576613417775126,0.8795158414596418
275,0.06218402669833306,0.0012394310453166123,4.351309161809142e-06,0.03909853240974917,0.8974736585374393
276,0.016791596262835225,0.0006830841670371668,3.839817376011001e-06,0.025655135186765432,0.9568663445659862
277,0.06578498436209883,0.0011768373053115473,9.406861774855618e-06,0.0480848304560447,0.8849439410147701
278,0.04774810894401928,0.0010144211663300064,6.9857171765508276e-06,0.018989614477406557,0.9322408696950677
279,0.0887765137609463,0.001077066502840223,1.0246470218610309e-05,0.037413559743696236,0.8727226135222986
280,0.08417850208560605,0.004493902926895588,5.853448044375549e-06,0.057616603251647684,0.8537051382878063
281,0.08131622729642472,0.0038250141662070467,3.2964032177889366e-05,0.02093082892427612,0.8938949655809143
282,0.05210520822601018,0.0015844775849854916,7.499600046432444e-06,0.030482480800413124,0.9158203337885449
283,0.08337969866470064,0.0022575731537033154,6.993993248072983e-06,0.05013211312467403,0.8642236210636739
284,0.06979117636518106,0.0030619696001952424,9.62032584279047e-06,0.02199747487562156,0.9051397588331594
285,0.036429221001726096,0.0017984697131639084,3.3004531488510444e-06,0.017855472177558875,0.9439135366544023
286,0.07239783442019639,0.0032802332073948296,6.69621994873898e-06,0.028756441102115744,0.8955587950503443
287,0.04681477508795545,0.0031653931502500982,2.423148802468749e-05,0.01724517325123419,0.9327504270225355
288,0.029161059536263436,0.002031868572154052,1.024345248979968e-05,0.010150781162881801,0.9586460472762108
289,0.06817167873225446,0.003188403455289896,5.8592247438848224e-05,0.009902808004744263,0.9186785175602725
290,0.05981072839667125,0.0015764754160020903,1.1881656210398879e-05,0.012110734959468843,0.9264901795716474
291,0.04762744802061959,0.0020972607980926047,1.079919481147626e-05,0.01016676510897223,0.9400977268775041
292,0.07179817501548587,0.0027143292809567406,7.912268739864848e-06,0.022673377110526582,0.902806206324291
293,0.17116689659756887,0.004261967567727467,0.00010854494188708326,0.03052741061437405,0.7939351802784426
294,0.09973523630957051,0.0026569417153137938,7.118052795117337e-05,0.02291219734117957,0.8746244441059849
295,0.018970408597619542,0.0033945696571003586,4.597306869640612e-05,0.02105168961668335,0.9565373590599003
296,0.017050123229409884,0.0009110329900653993,3.345883437616478e-05,0.006595775939118064,0.9754096090070306
297,0.11065742682995414,0.0023164126377266834,6.172354682759485e-05,0.022834151885852975,0.8641302850996387
298,0.12970884617161224,0.0019827811381172254,2.4603940926264785e-05,0.023272923478569622,0.8450108452707747
299,0.0799004122867933,0.01538779770213006,7.457843595762185e-05,0.03758155831900943,0.8670556532561096
300,0.19513620831603506,0.01579946000319325,0.00018514490103493147,0.09178221838628814,0.6970969683934487
301,0.2259160266151892,0.018273952025743133,0.00020376279641452652,0.10627754480919825,0.6493287137534548
302,0.2829362155559573,0.022736263585958146,0.000127348537435668,0.13185872996768686,0.562341442352962
303,0.4739690639669902,0.018709462732811422,5.199165697080309e-05,0.27262252037253526,0.2346469612706924
304,0.5904206452496765,0.02152712330600403,5.8072752698422886e-05,0.2288014663972076,0.15919269229441346
305,0.28787670434509255,0.19164454272642373,0.00010537582992106708,0.4047252079839726,0.11564816911459005
306,0.16952294230959533,0.37925138915750356,0.0003106414965847198,0.37684279158021927,0.07407223545609698
307,0.1071191037043656,0.06381902843742432,5.304561374725823e-05,0.7890924637473646,0.03991635849709835
308,0.1499201455052693,0.09592745725629089,0.000311829409714085,0.7193376428126903,0.03450292501603537
309,0.10474013635578802,0.051533198807303185,0.00015407794449033584,0.8076252552807472,0.0359473316116711
310,0.11079207107106141,0.17154394921620178,0.002073742054413833,0.2239139762963674,0.4916762613619555
311,0.049489093806993345,0.014582967070590864,7.872663374664277e-05,0.13872643305236024,0.7971227794363089
312,0.11425709136674445,0.02073506104630994,0.00018487980547675018,0.06185154546206965,0.8029714223193992
313,0.6152998730561884,0.011829107437302375,0.00026113255004607864,0.11388230704800587,0.25872757990845724
314,0.7051155522921908,0.04684154255606369,4.5593079939580795e-05,0.06512544411063705,0.18287186796116892
315,0.6331833660325518,0.05503520812944384,6.133794419970718e-05,0.20654512825693694,0.10517495963686779
316,0.17531181916412303,0.266644182579127,0.0005378574693087627,0.4477336521162949,0.10977248867114632
317,0.2927663526697232,0.34365947544540115,0.00047918424136476873,0.2855409194814105,0.07755406816210052
318,0.1335226775201806,0.2532838282787476,0.0005034054617111327,0.5906128658594201,0.022077222879940673
319,0.08997854779491894,0.23644698983318532,0.00033786902109787516,0.6560865171494291,0.017150076201368797
320,0.20346197758271228,0.15652217215268596,0.00042457707103163683,0.6256977854747872,0.013893487718782906
321,0.10221505249359393,0.6056986119476443,0.00041459832901688927,0.2846992485693884,0.006972488660356271
322,0.12326911854991446,0.3478942315073966,0.00022427475656241883,0.47655925418015443,0.052053121005972106
323,0.19035946794595202,0.4206086838471825,0.0006706217459608937,0.378078279300701,0.01028294716020381
324,0.1575230709763742,0.23771171063849597,0.00034038501167018984,0.5834740209939114,0.02095081237954816
325,0.1679060432806074,0.46971571576843024,0.0006336201539083934,0.35593418113694264,0.005810439660111275
326,0.1661727285962346,0.34280165210828256,0.0006739191040265576,0.47186099056605885,0.01849070962539737
327,0.18214666925335493,0.5383626287898099,0.0009104513439940253,0.2686970853476148,0.009883165265226404
328,0.16129391081826233,0.6751770560582885,0.002090365727353904,0.1561171915647615,0.0053214758313336686
329,0.1443367068649328,0.6228384926561276,0.0007977703310895369,0.21957724669294262,0.012449783454907491
330,0.04938947625524351,0.8363562763497775,0.004254719977420595,0.10529034042068217,0.00470918699687623
331,0.06727773929311441,0.5803525930009896,0.003455728085612757,0.34015238725735186,0.00876155236293151
332,0.1406930449215777,0.5333882190793152,0.0019288768780999059,0.3116404739195075,0.012349385201499762
333,0.10134991683594502,0.6840832229987714,0.002913765481273207,0.20497812726578812,0.006674967418222303
334,0.13628085937485354,0.5611402885880069,0.0009691460527163979,0.2890190448265364,0.012590661157886554
335,0.11121353039460115,0.6805346909417186,0.0018371418319226007,0.20108905273961,0.005325584092147685
336,0.1625798895427836,0.624238794569315,0.0009038517776704338,0.19618678222633534,0.016090681883895813
337,0.19523991426757933,0.6598275008815612,0.0015422716255898458,0.13566030914102253,0.007730004084247053
338,0.06488640042760055,0.8566666024912856,0.002785048034397409,0.07182067454298915,0.0038412745037271676
339,0.09669123983300683,0.7928767150814438,0.002413916968123058,0.10228197166883564,0.005736156448590731
340,0.03356764240227148,0.9137092656031066,0.007922039508941924,0.042333572578510725,0.002467479907169325
341,0.10711262037028915,0.7984360590408833,0.002708848030054614,0.08805036180147233,0.003692110757300648
342,0.04099273646562111,0.9175949203970413,0.005898049900179929,0.03328278576393477,0.0022315074732227897
343,0.055908402597540346,0.8217673181778775,0.010580561809831655,0.10933073154682295,0.0024129858679276107
344,0.03697906201904877,0.8998786784797651,0.007251544518033766,0.053651714522798516,0.0022390004603538615
345,0.06532473115376228,0.8447443587737088,0.00861373861876924,0.07709230773807589,0.004224863715683875
346,0.023274081131931877,0.9239784984039333,0.03862273691581842,0.011981627553500218,0.0021430559948162516
347,0.0562038874871287,0.8623951266343479,0.030571114718182725,0.047040581336304815,0.003789289824035936
348,0.032046487091407096,0.9280961111214089,0.024574453356241574,0.01203541881739221,0.003247529613550131
349,0.09845816847993905,0.8275985402749337,0.03190144344122451,0.03882700348965817,0.0032148443142443967
350,0.09868523477965523,0.8448772683586848,0.008265735683087423,0.03593707313692638,0.012234688041645998
351,0.03323425585289993,0.9177175253699512,0.03986640319037403,0.0075348176771869325,0.001646997909587678
352,0.12160995146080968,0.8267252801698446,0.015241706413346715,0.031470562215954304,0.004952499740044845
353,0.032935972248009926,0.9239727970858893,0.035002637938829906,0.005780870914097444,0.0023077218131733286
354,0.026323983669172824,0.9283969043944943,0.03482610386222661,0.009041424303608,0.0014115837704982291
355,0.12128624224684068,0.7334481602870029,0.03127970791099748,0.005336091180322135,0.10864979837483683
356,0.17122596161456138,0.7995713828127082,0.018014547306268947,0.00666192750715514,0.004526180759306281
357,0.29443552902217324,0.6701127110632868,0.020710163161849017,0.008080244903489261,0.006661351849201803
358,0.12898941813424755,0.7793429899289991,0.07672593375203965,0.008419790818045036,0.0065218673666687125
359,0.04794010573444726,0.836465502414035,0.10686543085307958,0.006154798939948265,0.002574162058489959
360,0.018223523164557536,0.7599928626096085,0.21640435026237187,0.0027943965380637023,0.0025848674253984277
361,0.024685931952623388,0.8800835773327104,0.0876027039773062,0.004493380284207288,0.0031344064531526154
362,0.011562435929773752,0.5573256622135013,0.42618661672573677,0.002299304055037602,0.0026259810759505058
363,0.015166481746276009,0.5511738740696157,0.4275844388884876,0.002316914954675273,0.0037582903409454035
364,0.035658353026161854,0.8482813080919538,0.10102357720505432,0.00715608115710854,0.007880680519721649
365,0.017879125899792497,0.6461620586279979,0.3300141828884746,0.0019059359260114198,0.004038696657723546
366,0.025891611422060687,0.7041390111563997,0.26096377755711875,0.004217175879476604,0.004788423984944421
367,0.027582510592825668,0.8032370126935402,0.1586421889535024,0.004686239625577362,0.005852048134554582
368,0.015633978660838432,0.7333729947546708,0.2456617135066074,0.002554645205318856,0.00277666787256475
369,0.030526218337923336,0.7999212797792775,0.15367180777070077,0.006099542985667188,0.009781151126431247
370,0.028294745585365128,0.7916984535023008,0.17245845753650316,0.003247087842813422,0.004301255533017506
371,0.046302956661562034,0.8768931805895596,0.05745035781448366,0.01183780764341846,0.007515697290976258
372,0.04318767631840265,0.8668039836961865,0.08196429634256545,0.005070592871348547,0.002973450771496912
373,0.033504991910482694,0.890495005418575,0.052496917155732646,0.019813812124406898,0.0036892733908027607
374,0.13927807154993427,0.8054700593965143,0.014518840985852766,0.03608241707193248,0.004650610995766125
375,0.013342247417020215,0.9102338397731244,0.06683866746980939,0.00807756915436477,0.0015076761856810223
376,0.14847848454646329,0.7896474792630922,0.009717323640582084,0.03590967149971305,0.01624704105014937
377,0.02294847109897008,0.9492537219712034,0.01957998024272341,0.005302048457992145,0.002915778229110951
