epoch,N1,N2,N3,R,W
0,0.3453468650105914,0.11619698590958054,6.908739044323785e-05,0.049378980365870344,0.4890080813235145
1,0.34445561057851554,0.15138095834064483,0.00011231682450505645,0.12873286709241386,0.37531824716392065
2,0.2501686936693702,0.11715943445954392,0.00015809353602768,0.06886848500752009,0.563645293327538
3,0.16020082874598462,0.04620812652832152,0.00018168493299369163,0.09934278683846458,0.6940665729542355
4,0.21787371620766371,0.07896250240443123,9.301738347930287e-05,0.042746455790032195,0.6603243082143936
5,0.25228854689248376,0.08085604050553452,0.00022441588122423274,0.04688386559060451,0.619747131130153
6,0.17314204151448262,0.11029901683039392,5.317150388640466e-05,0.027535374837065977,0.6889703953141711
7,0.021229596583317085,0.02854884344138807,9.759510917152585e-06,0.001115496052277793,0.9490963044121
8,0.040433095756831176,0.06387611406067933,2.9176441423646828e-05,0.008412924034160931,0.8872486897069048
9,0.17236886025885334,0.11544611112961939,3.646834698672598e-05,0.04505380151409619,0.6670947587504443
10,0.2497915864859491,0.18356451631056292,3.355618701052814e-05,0.0823375617107753,0.4842727793057023
11,0.3015100708038118,0.19204992194156473,4.7340264513708115e-05,0.11395293903595123,0.39243972795415855
12,0.563273640695336,0.17585084047328553,0.00010666913904373248,0.02627792860056592,0.23449092109176875
13,0.2295253057990414,0.3466310183839575,5.212364023721475e-05,0.07086406814563334,0.3529274840311305
14,0.34418175039771065,0.39059423618475236,8.698702555090911e-05,0.034117561790179045,0.23101946460180703
15,0.036659767889166,0.9296812722181683,3.581445774835768e-05,0.006441669043902622,0.027181476391014713
16,0.20816939083987981,0.5840280443122018,5.900608318472661e-05,0.03949120813435828,0.1682523506303755
17,0.12077413128974965,0.7764265394347659,0.00012089427155731126,0.03164407449731882,0.07103436050660825
18,0.15130252223306254,0.6138919745091916,0.00012245797356147433,0.047638844955554996,0.18704420032862945
19,0.25952304960776457,0.586080141403727,0.0002167734783879098,0.0811308697980893,0.0730491657120312
20,0.13926682501744028,0.16666828988266444,0.00015020785450884353,0.039414001924748844,0.6545006753206376
21,0.39915928447015475,0.22073963423123727,0.0003487746339085417,0.12510543229952714,0.25464687436517236
22,0.1947030187633528,0.5111374689273307,0.00045533485881212477,0.06995781153336389,0.22374636591714056
23,0.04116360557326465,0.0022768871595690828,1.595847801952959e-05,0.01095808601644287,0.9455854627727039
24,0.11279198758378631,0.009568576707020033,5.325753507915926e-05,0.0024528745268482337,0.8751333036472662
25,0.18791818693360898,0.009289292515482135,6.986458452121512e-05,0.004564422785223559,0.7981582331811641
26,0.49346895454214523,0.026675510863022008,4.9452723554600146e-05,0.045938738241412015,0.43386734362986623
27,0.13024706162747465,0.032520957292073986,3.4340593073871846e-05,0.01775429073558647,0.819443349751791
28,0.38754565040576155,0.1352369107681115,0.0005298970824951264,0.20686768761046653,0.2698198541331652
29,0.19633532933762962,0.05174535148543351,0.00075558605813091,0.01491094770177545,0.7362527854170305
30,0.2674612778853304,0.15776525786645676,0.0031376960458841434,0.030530202731770137,0.5411055654705585
31,0.13979210822424576,0.03875720468643069,0.0013210257169876077,0.013799508845650536,0.8063301525266855
32,0.2283315439516801,0.4429848785891361,0.0028477526209540294,0.07368665252978418,0.25214917230844547
33,0.23409247300284458,0.06246643779944614,0.0005467806546784514,0.018025292433949763,0.6848690161090811
34,0.49214899827534786,0.18874192939727877,0.0003841501319651926,0.16454609138163756,0.15417883081377062
35,0.4536834539542081,0.14229364297591848,0.0005758599656237455,0.20670773882102197,0.19673930428322778
36,0.3734098075580796,0.15960698089137332,0.0002885840400137397,0.1137999983557586,0.35289462915477476
37,0.30777320731220426,0.1583896366157122,0.0006769565869036529,0.007697592904790603,0.5254626065803893
38,0.03143113086138135,0.0249836994178079,0.0001415741857434794,0.0010181010689605243,0.9424254944661067
39,0.4167565714788946,0.13627621465494327,0.0012154347394392386,0.005340736091125607,0.4404110430355972
40,0.447300798287652,0.13038069562813118,0.0015778980959465381,0.007753061387677652,0.41298754660059245
41,0.2907981312401485,0.13385304991642616,0.0027595475748288228,0.04367554397702862,0.5289137272915679
42,0.3974044684260668,0.1504895658902524,0.000821006090919764,0.11590144526602304,0.33538351432673813
43,0.38636662343697387,0.12590400978467275,0.0007494300610610418,0.3484406625442389,0.13853927417305345
44,0.25687103015283624,0.2236582006698085,0.00023729905616617664,0.4132463194065516,0.10598715071463743
45,0.1300990661357019,0.09004384649098597,0.0001260647909061166,0.1264270785239166,0.6533039440584895
46,0.3352344375328196,0.10866673602351316,0.00018295145367149018,0.216434159114245,0.33948171587575066
47,0.4774166812031607,0.08592465570699633,0.00010327064853939172,0.14025106975512305,0.29630432268618057
48,0.5637476686507358,0.08692286063264022,0.00028700416011190924,0.0808097580596665,0.2682327084968457
49,0.6410431483557383,0.15132444823425426,0.0003035701799737391,0.0917213413621909,0.11560749186784289
50,0.37240647315424547,0.5146810747780578,0.007305247667440694,0.024081792193246587,0.08152541220700946
51,0.35584528678708477,0.5769333245923512,0.011707240178109063,0.011529391411868475,0.04398475703058653
52,0.21438450679297336,0.6407669978155954,0.0328994009537905,0.021086629765273243,0.09086246467236744
53,0.2051339877128861,0.7070212510278683,0.05822849399271431,0.0031490767891780955,0.026467190477353283
54,0.18259250382392456,0.694174638460556,0.09154971890718348,0.004488627975590208,0.02719451083274574
55,0.15865486423833683,0.7051145126760328,0.08704774033233913,0.004659719977476889,0.044523162775814515
56,0.10426387021447989,0.787428463699879,0.09187509775056821,0.0008789924404879963,0.015553575894585106
57,0.171548006480903,0.6700553278282629,0.04308633372661348,0.003578759409034853,0.11173157255518572
58,0.13841608450296725,0.6748652869441095,0.12918045575237977,0.003394758662869784,0.05414341413767375
59,0.17169963694112866,0.6934883025790312,0.08883089278025255,0.0022275473476905806,0.04375362035189709
60,0.11200071973128299,0.7568894085787086,0.0853473738108405,0.0013888812227380884,0.04437361665642978
61,0.21067519583367791,0.6200068920207782,0.08982042279263497,0.0032905682001535762,0.07620692115275528
62,0.07134829228564858,0.78574677125146,0.1075382012812573,0.0015758725624346215,0.03379086261919956
63,0.08251406876018204,0.8069732553074368,0.06815536651321139,0.00046986791842840343,0.04188744150074131
64,0.0811064522010823,0.7487915689626697,0.12854520051242313,0.0024256472539496143,0.03913113106987522
65,0.05144119160447861,0.7744845718368718,0.13932022419526724,0.001148846078356166,0.033605166285026335
66,0.06883218693622385,0.6757199363683912,0.1846905404784896,0.0025380230163241546,0.06821931320057106
67,0.14270435262732709,0.5269322145194617,0.04887852341710854,0.002587467008219501,0.278897442427883
68,0.10334403360593979,0.7020692895264349,0.12266172892658112,0.0019193649675690021,0.0700055829734752
69,0.06554871261567194,0.7459042601098718,0.0955897654571027,0.001935438776097211,0.09102182304125629
70,0.043585367096994704,0.7746316764755883,0.15955093572532733,0.00043915760364640773,0.021792863098443287
71,0.11723292508239042,0.46403548101317493,0.011677061919295425,0.0026914641419100755,0.40436306784322923
72,0.08881698351135474,0.22358937240408547,0.008861127308832652,0.002097579529456386,0.6766349372462708
73,0.2684534235778681,0.3177098053003886,0.007058649408160895,0.002447140833698442,0.4043309808798838
74,0.3621997679213787,0.3482831506398313,0.011210579872504506,0.002056319500288163,0.2762501820659974
75,0.3252141849630783,0.3010440948613789,0.005879517569620226,0.0021572012779948165,0.36570500132792777
76,0.30341746304358685,0.48387027824966866,0.016299128228025005,0.00394422393723231,0.19246890654148718
77,0.22671371898167034,0.5321968002105427,0.009553871922511292,0.0024113923343141892,0.22912421655096146
78,0.30523616842639667,0.5342760846565879,0.02137901525286633,0.004194237254299854,0.13491449440984926
79,0.20798681730960564,0.5441665917118449,0.022598001723337438,0.004239406826430454,0.2210091824287816
80,0.2112095793004876,0.39900014774442,0.0039027450740021564,0.004045713880854452,0.38184181400023587
81,0.21535851642536638,0.3146659558486959,0.005440270859474055,0.006995945585832562,0.457539311280631
82,0.3343743779295087,0.2347181627442868,0.009289600455666994,0.006604195787298616,0.41501366308323906
83,0.22951735262436557,0.24968962582730594,0.018639590036538863,0.010091990794283594,0.49206144071750596
84,0.27014672445692234,0.34372455533382834,0.02657871360070676,0.006368092191457841,0.3531819144170847
85,0.04398117891384466,0.039634821475472204,0.0011928602004655316,0.001967467156165038,0.9132236722540524
86,0.00517779718020486,0.0032568018295381545,8.218540272034187e-05,0.00018765831536620694,0.9912955572721703
87,0.027612210653555302,0.00742783384312752,0.000126344413095065,0.001009964158292102,0.9638236469319301
88,0.0031508070530948534,0.0009864950446444188,5.451025289130494e-06,0.00020563463383168842,0.9956516122431399
89,0.007741678149801515,0.0009246836972616202,8.720384902735145e-06,5.3665949526880194e-05,0.9912712518185072
90,0.03320992723466932,0.0017231444505755001,3.4390955136004794e-05,0.00011099040108867728,0.9649215469585306
91,0.01678836660362295,0.0011587139231098071,1.8744809665590723e-05,0.00024168684045385857,0.9817924878231478
92,0.13341780905540387,0.0018813600002292104,2.1713553984642953e-05,0.0007368379321533631,0.863942279458229
93,0.3872915567074788,0.008227864264672431,3.922447151093807e-05,0.028886353738025655,0.5755550008183121
94,0.4146465092884666,0.022285873676297512,5.8690651241915106e-05,0.051105645653629156,0.5119032807303647
95,0.38718632143605486,0.04629554545149513,0.00010669264198337278,0.26800452076416814,0.29840691970629857
96,0.3038888410797416,0.040932994522020684,0.000175197024015129,0.3850315498125698,0.2699714175616528
97,0.26762571480913294,0.09448459749430428,0.0001588851512842239,0.502261639580479,0.13546916296479955
98,0.2876002097253761,0.03370278840339432,0.00017636050911278868,0.2657024884995931,0.41281815286252366
99,0.40123874696273854,0.05274989986844572,0.00041674428468991024,0.2812277998899541,0.2643668089941718
100,0.48327550867475194,0.060820459943425643,0.00010132783072966208,0.056289980430540086,0.39951272312055264
101,0.43381407236949976,0.10021024548771741,0.0002567508253038555,0.14770162354412797,0.31801730777335097
102,0.4526342116019878,0.26628600760351306,0.0010679858969914247,0.05332560000839246,0.22668619488911526
103,0.25044232741421724,0.5683265675628575,0.010660954305958687,0.03548574649095278,0.1350844042260137
104,0.20096418952971445,0.5289323165297849,0.026256970141720345,0.01086137566682207,0.2329851481319582
105,0.19669053306595646,0.7311878146296941,0.014432664028935607,0.010521542415607906,0.047167445859805965
106,0.2293430619636825,0.5998862440604823,0.012016206204313385,0.014275025085327322,0.14447946268619444
107,0.35380311539873804,0.42668927512980565,0.006024669362846065,0.008845051354531007,0.2046378887540791
108,0.13013273233126676,0.7917319173674412,0.06405239163831947,0.0030085563184442127,0.011074402344528228
109,0.29669916663859597,0.603155198973568,0.012000453398379327,0.005892001764893525,0.08225317922456318
110,0.22017020163611992,0.6857283342274406,0.03143867117618985,0.007580366195645995,0.05508242676460361
111,0.2415910859769043,0.5789464467298785,0.04855185261263854,0.012038628373604355,0.11887198630697435
112,0.18557015177655076,0.6669806421251048,0.04234366688732307,0.005331132275064326,0.09977440693595686
113,0.12067235771167498,0.8019414717361764,0.021194115287072237,0.005103057826232851,0.05108899743884362
114,0.14312867258858855,0.765801906923273,0.02805935822988642,0.005702811734712288,0.0573072505235398
115,0.12399133528053803,0.3776023397005498,0.22322004563786654,0.004832355123656272,0.27035392425738924
116,0.15839700234895057,0.1980436373201924,0.005771162229816544,0.006305126459824509,0.631483071641216
117,0.24608109237225456,0.31027243836803714,0.017682860979699944,0.01123314895324151,0.4147304593267669
118,0.22879988751402464,0.16169636207326715,0.005917684437721084,0.004581032584741821,0.5990050333902454
119,0.06938628577084731,0.049942646204612105,0.000893155530926807,0.003194838510860065,0.8765830739827538
120,0.2536245836250697,0.18871199717767653,0.015625168769029085,0.012281843323946974,0.5297564071042778
121,0.0753709479070478,0.05865024641414418,0.002384850230413561,0.0052583454338085995,0.8583356100145858
122,0.021565985252625635,0.02068153143683808,0.00033375694649351783,0.0003840064797682008,0.9570347198842745
123,0.0022665795668159188,0.0023582543047368605,8.118309000553388e-05,0.00013373171717608777,0.9951602513212655
124,0.016407366875041088,0.001429149366631667,4.4179403107306715e-05,0.0004437133544088324,0.981675591000811
125,0.006880469295274678,0.001007146992050232,4.2169290461402816e-05,0.0004045775917161212,0.9916656368304977
126,0.031128695918575984,0.0013319591869309084,3.8642973846151086e-05,0.00040763402351419366,0.9670930678971327
127,0.011003076939921056,0.0009003160023607331,9.003301245428933e-06,0.003380674597300802,0.9847069291591719
128,0.04045033029358628,0.0017327949990773124,1.6347404291726312e-05,0.008995029426418683,0.948805497876626
129,0.0395873629461756,0.003207196650826661,9.728278436385676e-05,0.010765639639710656,0.9463425179789233
130,0.09217696018365275,0.011752716493967998,2.244122568772163e-05,0.010588872827569068,0.8854590092691225
131,0.15902148164286856,0.020714901183191605,3.87676210255218e-05,0.016251494795325984,0.8039733547575882
132,0.12957789000539766,0.02213276173706378,3.4259937332448175e-05,0.011344774086841744,0.8369103142333645
133,0.2037965516097189,0.03721050454400666,2.225320496502342e-05,0.015357037735393863,0.7436136529059156
134,0.19848020412510398,0.03823951337932736,3.351678567909819e-05,0.01985884393020501,0.7433879217796845
135,0.0700632295317255,0.019182308580625685,1.836479743215349e-05,0.01642315766983796,0.8943129394203786
136,0.09923922761265232,0.01659780688458999,1.1886697468618794e-05,0.015444179180358956,0.86870689962493
137,0.08192624149407134,0.020902536042854327,9.899881569346072e-06,0.042132452137647755,0.8550288704438571
138,0.2807481255621402,0.03647088158917337,0.00023697531834783198,0.3050569448985045,0.3774870726318342
139,0.08097908647083665,0.011559372083039286,0.00012739001071104144,0.031102466799413753,0.8762316846359992
140,0.04304988625549486,0.016927423290523942,2.7214370628058538e-05,0.06390715894675456,0.8760883171365986
141,0.044697952897185256,0.004841428762978943,5.948585951439148e-05,0.005356584753794013,0.9450445477265275
142,0.02875848579250602,0.0043822000903067475,2.8406950217384146e-05,0.016836996027615694,0.9499939111393543
143,0.18865769260419532,0.009627110594097349,2.355739229469501e-05,0.07211190803459513,0.7295797313748176
144,0.03801097951712502,0.003435965683264881,1.4654341305460513e-05,0.008358027033029425,0.9501803734252752
145,0.24090233823411997,0.036224834892290454,0.00016186004558705258,0.07657343083823462,0.646137535989768
146,0.1782203907153602,0.019079054513819197,0.00013852117030992782,0.02378735893496534,0.7787746746655454
147,0.0030560225991759934,0.005655780946065131,0.000581625147888006,0.0014381241530766746,0.9892684471537943
148,0.002963199087681934,0.008671042514340668,0.0010639146708155333,0.00044446491514484184,0.986857378812017
149,0.030974997630194907,0.0020046824839539488,8.331300373369447e-05,0.0003844861942100453,0.9665525206879073
150,0.04618355009564108,0.0009354306499383224,7.149437618862724e-05,0.00022072220181322942,0.9525888026764187
151,0.006318341167712914,0.0006859438095100172,2.6843698761430157e-05,0.0003409740880705515,0.992627897235945
152,0.03636445056107993,0.0023973235597851902,8.615107437868178e-05,0.0011371216431684662,0.9600149531615878
153,0.024966884679964937,0.0020625414574612206,2.9576401656826718e-05,0.0007892388113729534,0.9721517586495441
154,0.03840894326446645,0.002513070496807371,6.333549375121445e-05,0.0018429611350982828,0.9571716896098768
155,0.037891288343653386,0.0027299735658460693,0.00013817609635884045,0.003015193266604648,0.9562253687275369
156,0.03653321140874191,0.007159580277160639,0.00012076062105642717,0.004878850586694709,0.9513075971063464
157,0.0591964838673858,0.005086072550387451,0.0002364909162668351,0.003591958907390235,0.9318889937585696
158,0.08717145148253995,0.010827811625552453,0.00011851751933505668,0.0049205339792064645,0.8969616853933662
159,0.07085424069050467,0.013486380054318294,6.39400516557688e-05,0.007217159154267107,0.9083782800492542
160,0.043725757125646844,0.014059418523386298,5.772940739489342e-05,0.01017172008587957,0.9319853748576924
161,0.02651919178762112,0.006163279421771074,2.9865558513351073e-05,0.004570964214940704,0.9627166990171537
162,0.027302616604644565,0.016671574497781623,0.0072297422205276065,0.005290094411839362,0.9435059722652069
163,0.012358656520013358,0.004641183264812433,0.0004620442569887579,0.002731464855715646,0.9798066511024697
164,0.0491440348288376,0.004486512371247904,7.375132813483206e-05,0.004676443078110607,0.941619258393669
165,0.07916529537577385,0.012512953902561545,0.00010031653444701118,0.00459488864730334,0.9036265455399143
166,0.06590133995268364,0.005299457512624892,6.248631082258169e-05,0.0033142459566557346,0.9254224702672132
167,0.11258367312228557,0.009050761610302868,4.2722456692302514e-05,0.005949321327467393,0.8723735214832519
168,0.10818577982755984,0.010757464387542518,0.00015294089623672276,0.006648631565842035,0.8742551833228189
169,0.1730427574511034,0.019824095145454853,0.00032050864975782095,0.011750965085074661,0.7950616736686092
170,0.0541644311585633,0.013858880223396361,0.00028146785086784784,0.0030117710290937963,0.9286834497380787
171,0.011884908647230052,0.021431870186304502,0.004471589361179951,0.001009457737419312,0.9612021740678662
172,0.022411694852237915,0.011038679646821455,0.002853275881919542,0.0005122898440448214,0.9631840597749763
173,0.0060943513740146895,0.0016567129842451373,0.0007801366415280698,0.0004707181388586322,0.9909980808613534
174,0.05227871125452583,0.008219281338760823,7.23116394947202e-05,0.0065105836199680555,0.9329191121472507
175,0.09067878019028841,0.014182264528411256,0.00014100263178675986,0.012512711189670898,0.8824852414598426
176,0.25008068482315954,0.02300130575394826,0.00015575921352626413,0.029611497057111785,0.6971507531522542
177,0.522468996585424,0.06270874008371473,5.4583487343255136e-05,0.06440920577841824,0.3503584740650998
178,0.42874084411055624,0.07999871313901122,6.923281044773531e-05,0.13364185615012877,0.3575493537898561
179,0.13428844063762496,0.07283924816473267,5.2258889685417155e-05,0.2595323405659948,0.5332877117419622
180,0.08313047028445941,0.031813666608084205,3.5667397318341255e-05,0.25346218793184544,0.6315580077782926
181,0.26801255877982993,0.02422602644152336,6.039198664975581e-05,0.3961796128568159,0.311521409935181
182,0.16485990275352672,0.030786470324408486,0.0001878886445691545,0.16948651416547128,0.6346792241120244
183,0.3237214906203521,0.03324944668742788,0.00016401112634325634,0.38816051192424433,0.25470453964163237
184,0.30605301583414973,0.05069065361936418,0.00020707933034559174,0.4264121402818218,0.21663711093431873
185,0.23724587630263289,0.05893870834331925,0.0001061410984502718,0.4553593162685007,0.24834995798709697
186,0.3309469044048647,0.09778582302024323,7.300620187056787e-05,0.261233106694994,0.30996115967802745
187,0.23367865098090718,0.06508719538709695,4.45063630025669e-05,0.18696648155765577,0.5142231657113375
188,0.06784324079181793,0.011919494887305999,0.00010548393995898279,0.04231108153694802,0.8778206988439691
189,0.20399417698291925,0.02743849843198973,2.2902844205679614e-05,0.08184474702707674,0.6866996747138085
190,0.368888408770101,0.021931847707497922,2.2695679088371838e-05,0.35152628143801146,0.2576307664053012
191,0.2502800041244549,0.0567337932527885,1.5403587053708323e-05,0.2050028020782766,0.4879679969574263
192,0.18288406059510393,0.031173462317604584,0.00010804602729994922,0.10396627206361689,0.6818681589963747
193,0.2210288103169491,0.036087662889235365,6.006260326021767e-05,0.1373725322774468,0.6054509319131084
194,0.09075399939934994,0.01706578592474038,5.171616349994691e-05,0.04501116037791377,0.8471173381344959
195,0.3580347501199573,0.017210616385504477,4.234240582906477e-05,0.08784563162371853,0.5368666594649907
196,0.3792010903799231,0.00698812199401319,4.279285202085248e-05,0.1532937966338673,0.46047419814017554
197,0.06817140710679488,0.005266499081173584,2.9129454397644842e-05,0.039767958760807694,0.8867650055968261
198,0.30852530231502556,0.016659426079522106,8.286947960713231e-05,0.07032916230501068,0.6044032398208345
199,0.5249734870758475,0.029563728774468594,0.00016783194422448263,0.07750464485919185,0.36779030734626766
200,0.54624799533948,0.05103040264117787,0.00023311393205205542,0.09586988584135431,0.30661860224593585
201,0.3820722508617887,0.05491069471599897,0.0002537060989728641,0.15349918359039705,0.4092641647328424
202,0.28567683684435896,0.03273252475431255,0.00029169915498961096,0.03006201192317031,0.6512369273231685
203,0.008900491179161907,0.008436342733311758,0.0009550041807458698,0.00170520652132405,0.9800029553854563
204,0.012091400778706868,0.010534351737232427,0.004412777528501194,0.001997361803172877,0.9709641081523867
205,0.053138775240809004,0.0094162066728005,0.00019920411644578774,0.004128969882757251,0.9331168440871875
206,0.0009837925088011397,0.00042815082952944505,0.00012720411195040314,0.00021440054328034279,0.9982464520064387
207,0.002980005185920534,0.0003519890477177415,0.0002268484815032448,0.0007020121511286204,0.9957391451337299
208,0.010498426840582982,0.0015031627686382806,1.2512697993163085e-05,0.002567987650446247,0.9854179100423393
209,0.0665188794421649,0.004450239755336301,6.919441469643499e-05,0.020829126332860062,0.9081325600549424
210,0.03459338464223478,0.007022037329222096,4.698337597748518e-05,0.013353397085170571,0.9449841975673952
211,0.03504558578449454,0.007410468359408813,9.448513181533538e-06,0.03452231392391014,0.9230121834190049
212,0.2733157178700579,0.020056469745080345,2.9722597402352594e-05,0.11544177864621492,0.5911563111412446
213,0.17634202212176583,0.014349859958821525,1.6226767856155145e-05,0.12733775845247527,0.6819541326990811
214,0.2031142369352205,0.016978723672648945,3.863301269147665e-05,0.2993247874615914,0.4805436189178477
215,0.10851700711557574,0.0235772486988941,0.00017156738196019513,0.24492254044383602,0.622811636359734
216,0.0898143834180798,0.07685730389748985,0.00024696974598112674,0.3253752066958303,0.507706136242619
217,0.11982507392666641,0.017993404961824937,4.663465878548822e-05,0.5310026398182027,0.33113224663452034
218,0.27061356565096356,0.019973971812590082,4.320701367517336e-05,0.575397751152913,0.13397150436985802
219,0.09816751830003609,0.03341196513206874,6.779790778691828e-05,0.6347880104975747,0.2335647081625336
220,0.18341406342257124,0.01565540379017757,4.755135771988878e-05,0.12410418901978008,0.6767787924097513
221,0.08344033452695514,0.015845868671717143,4.1689075591811544e-05,0.1422346996968665,0.7584374080288694
222,0.10949968796802718,0.015888279549010807,4.762310669061798e-05,0.15264474476953915,0.7219196646067323
223,0.23760031061505069,0.05293038110249282,5.289622019980905e-05,0.13763544357564256,0.5717809684866141
224,0.2573752748794005,0.027752786986185142,8.567515870668443e-05,0.29900910698100336,0.4157771559947043
225,0.3206819945850428,0.0431906088314088,0.0001389715899652966,0.4199253444664877,0.21606308052709536
226,0.24989477841347732,0.055459888086026414,0.000104729986932378,0.6198764418015916,0.07466416171197221
227,0.15719575565037888,0.08738641427096357,9.727789504176188e-05,0.6338326794658313,0.12148787271778445
228,0.23326381568434637,0.06524138071094314,0.0004304763378832736,0.6172453464947272,0.08381898077209993
229,0.21988349237994598,0.1203252800347473,0.00016676883993721543,0.5381030272429427,0.12152143150242684
230,0.28302869721314194,0.10180053179672895,0.00010657335951029439,0.5729136717402333,0.042150525890385426
231,0.09526265646205442,0.12604928417896133,6.941733703026783e-05,0.7686397921494281,0.00997884987252596
232,0.2874805953515615,0.17777367768371172,0.00025522022279617914,0.4954528462662074,0.03903766047572306
233,0.15055397167384063,0.2736968444633194,0.00015365403741475034,0.5642104899487651,0.011385039876659979
234,0.032675117457652614,0.8383745466343233,0.0008270211025591157,0.12377356102372253,0.004349753781742387
235,0.07383244315473898,0.6896768702814134,0.0006420871812470829,0.22367390155456796,0.012174697828032394
236,0.04224702078117202,0.7522144364496344,0.0005574433944434172,0.1996718420946575,0.005309257280092613
237,0.023221801943495546,0.859715479312599,0.0005594819424712539,0.11338402533421627,0.003119211467218042
238,0.15587358605223897,0.58336874202882,0.0009053348722887513,0.22339919652778667,0.03645314051886558
239,0.02751849468824814,0.8758281048049842,0.003503421890654967,0.08885007577957685,0.004299902836536049
240,0.05012791931439952,0.8577665441572897,0.0006502624358729348,0.06378429961260397,0.027670974479833802
241,0.019555331492230002,0.9101364242597945,0.0012868909716963373,0.06633331249537651,0.0026880407809026638
242,0.0327139012579839,0.8746355063172582,0.0029197705850388484,0.08399661873092798,0.005734203108791323
243,0.02287530877930786,0.9283243004271959,0.005510999928541255,0.040215783876513006,0.003073606988441962
244,0.09090444757866566,0.746429153678021,0.01606782499831512,0.1244903552597286,0.022108218485269678
245,0.034458252948456086,0.8991386344054123,0.01583974252696137,0.0465388380308241,0.004024532088346402
246,0.03188061711392811,0.8797345512238394,0.049292150330586836,0.03551019729958223,0.0035824840320634196
247,0.09167178679873285,0.8242589936874692,0.02816095849421498,0.04459101717564153,0.011317243843941512
248,0.029165362828689017,0.6845680224997203,0.23940687355047963,0.04103966364993749,0.005820077471173455
249,0.026929328682118805,0.8255656695199134,0.11989619342922582,0.019778201795140542,0.0078306065736017
250,0.009122258422482975,0.6763473518269617,0.3079358074155824,0.0045244367214654115,0.0020701456135075675
251,0.010940030834164768,0.6839171787916698,0.2950492458339162,0.006301090478830365,0.0037924540614188073
252,0.008755009824817361,0.5230222287735762,0.46341925239180193,0.0024076399224777947,0.0023958690873266395
253,0.002677331976322825,0.3164114163758295,0.6797263113809148,0.000333779217341309,0.000851161049591623
254,0.006004751926243188,0.21689885948412554,0.7738916410355897,0.0013382315837240815,0.0018665159703174054
255,0.004209096059490942,0.10411143088854541,0.8888136803779677,0.0008212676393818846,0.0020445250346140405
256,0.0028710209724074633,0.13005211215455964,0.8649845920056598,0.0003588476059551719,0.0017334272614178935
257,0.0026012534759312727,0.05960113354757827,0.9356681636441284,0.0005098684083516057,0.0016195809240105666
258,0.005608427213244125,0.18004987014853424,0.8110558354115289,0.0007823179849252113,0.002503549241767519
259,0.002186263176332957,0.06074286346844648,0.9358274541991543,0.00020707745153954413,0.001036341704526807
260,0.0021809953786098993,0.06960056985261871,0.9262429298180963,0.00034577851767856097,0.0016297264329966528
261,0.0023600972316235942,0.06298387732494806,0.9328584910368896,0.000409735307392063,0.0013877990991466636
262,0.001183432858878299,0.04208404352074896,0.9554669511384725,0.0002840765233260476,0.0009814959585743323
263,0.000608891425973959,0.03381255456703101,0.9649685441930528,0.00011575724543045704,0.0004942525685117555
264,0.0005996157654549132,0.027990300190380187,0.9707866452080962,0.00012863059270689395,0.0004948082433618657
265,0.0006007042845930852,0.02314138153620836,0.9747198263756698,0.00032682426281061374,0.0012112635407182724
266,0.0007717614170187996,0.04324317227203683,0.9547831927441399,0.0001740739229010454,0.0010277996439033914
267,0.0007441623569777928,0.04805039874755711,0.9495946695159809,0.00029802185796647503,0.0013127475215176441
268,0.000771129879469551,0.06006310553958589,0.9373185972176097,0.00032362144903220797,0.0015235459143027308
269,0.0010794599937759047,0.029576866595944558,0.9672752121394987,0.0003080291427338479,0.0017604321280467843
270,0.0011126304856963758,0.05572353941632568,0.9408508728889764,0.00029447926597530005,0.0020184779430260777
271,0.0007900094828488368,0.012297788368544551,0.9855580547026923,0.0001717583179402749,0.0011823891279740641
272,0.0008221903181368986,0.013462998291457633,0.9844105538096476,0.0001733154866250939,0.0011309420941326964
273,0.0006519553355660373,0.028530398363262204,0.9693211777163607,0.00018670329998252401,0.0013097652848287234
274,0.0004166684638310733,0.011082497326536387,0.9878480864626312,7.029510860208874e-05,0.0005824526383992457
275,0.000522260613710561,0.011162069906588601,0.9873481792994122,0.00011556493626891992,0.0008519252440197207
276,0.001578218234675963,0.0224182049735868,0.9749695973927505,0.00015163228365127157,0.0008823471153353903
277,0.0012027807700228748,0.022921255949974458,0.9727079591342949,0.00042029633703901846,0.002747707808668808
278,0.0007026597396205548,0.01187100134231121,0.9860736930326721,9.669981596092475e-05,0.0012559460694351696
279,0.0006195922418599761,0.019789257376332543,0.978235747083631,0.0002140158695781323,0.0011413874285980635
280,0.0008802481491299233,0.030652755456860088,0.9650457868236856,0.0002748352904965415,0.0031463742798276866
281,0.0006605474100660974,0.015069000845932112,0.9817442579338196,0.00019998793642035895,0.002326205873761698
282,0.0006720596890982885,0.026933562567772004,0.9704533290910358,0.0002602632765296908,0.001680785375564078
283,0.0028508941331873688,0.03045476049593486,0.9645890496626652,0.0002785943451000745,0.0018267013631124817
284,0.0013545369589453165,0.023157898414410804,0.9729193081030777,0.0002651972079728586,0.0023030593155932513
285,0.00047829093384056334,0.009185596587965326,0.9894635344497551,0.0001423657659460103,0.0007302122624931208
286,0.002537913108186136,0.024725628333273502,0.9708126948742358,0.0003707194498299797,0.0015530442344744858
287,0.0010274701718714777,0.012911320948171006,0.9843487394107079,0.000232435134859295,0.0014800343343903777
288,0.0016867718406371017,0.021256601109100295,0.973751110021604,0.00037550210953420733,0.0029300149191246244
289,0.0012808477683621164,0.02116249019304032,0.9745338512277352,0.0012284699203291612,0.0017943408905331858
290,0.006205582858982302,0.03571803625004596,0.9477845909958349,0.005362037799366002,0.004929752095770869
291,0.008761722062134065,0.03798738590226034,0.9243586368750311,0.019794616387038617,0.009097638773535945
292,0.033166892146484404,0.16582675834664803,0.6585600681762481,0.054487850096033956,0.08795843123458545
293,0.016544144690066473,0.00894743743090831,0.0014602612975851252,0.0033334291438235266,0.9697147274376164
294,0.013979278014866417,0.010623939584948708,0.00018151733457515097,0.0024416097360358906,0.9727736553295738
295,0.34308024739613635,0.033080318569148344,0.0003374024030323712,0.025510149021319182,0.5979918826103637
296,0.5210090140772741,0.015904750757574342,0.00012877787306885772,0.016891471109992305,0.4460659861820906
297,0.5914320515043087,0.037209940385246026,0.00017832862862311182,0.07497540391678306,0.29620427556503903
298,0.3467893977222064,0.0234038987517699,4.8760152932953655e-05,0.42157539346958,0.2081825499035108
299,0.21064796951853015,0.050589314692245806,4.697305066874926e-05,0.4065553240993332,0.3321604186392221
300,0.09428436980029517,0.015289099462343664,6.657201967695488e-05,0.20473087538346318,0.6856290833342209
301,0.06858612885223231,0.012865275080560902,7.32178647840905e-05,0.42363414161200535,0.4948412365904174
302,0.1875090421397072,0.025312890776570084,0.00010004410936688345,0.6811399263575093,0.1059380966168466
303,0.2613358995399831,0.02979937179279245,0.00011033392858212859,0.5596758330968132,0.14907856164182903
304,0.08997175322056648,0.042119871923135904,0.0001258698948064241,0.7477857056567958,0.11999679930469535
305,0.10530587254330931,0.020230033176787954,0.00012861318405257437,0.4062404665164831,0.46809501457936703
306,0.2297527718604124,0.019910202400206082,0.00011045797557811561,0.4805370194925525,0.2696895482712509
307,0.1275579914349689,0.022409288741240457,8.628893799845938e-05,0.266814716001881,0.5831317148839111
308,0.13169551286797831,0.018893203526843896,5.3586085517893424e-05,0.7159746947907527,0.13338300272890707
309,0.18008685838307886,0.016571848342659564,0.00011891487870610883,0.7186561843444687,0.08456619405108683
310,0.15023503824013476,0.015224867256107118,6.633773258759337e-05,0.5416940578271345,0.29277969894403594
311,0.2114794134362248,0.028341390935131675,0.00011516425402092777,0.6450450568146551,0.11501897455996743
312,0.1432615126080332,0.0410518584479248,0.0001094920934660546,0.5656644134177177,0.2499127234328583
313,0.31858474080169596,0.0413815248089274,9.215569019813277e-05,0.4927313995817267,0.14721017911745182
314,0.40608888336904936,0.07427430046396433,0.0002027959079130925,0.3242410139086244,0.19519300635044887
315,0.36396827975266655,0.36490094355573166,0.0013746640008795556,0.1648316163834061,0.10492449630731611
316,0.21269995825500626,0.07503411528209619,0.0002709258711339424,0.2630849481814807,0.4489100524102829
317,0.26712694170275214,0.13617825701476713,0.008019927966473212,0.41776491425317636,0.17090995906283124
318,0.43901491393100145,0.1014855978992589,0.00834857105727426,0.3050457547057368,0.14610516240672866
319,0.2094338229526432,0.25669237740402673,0.017772911705660973,0.2624041841742775,0.25369670376339154
320,0.24168578883839698,0.2804423643836599,0.03274161877362835,0.08579137791076231,0.35933885009355254
321,0.24919294780515777,0.19665052021537557,0.03363471630766026,0.09907185229956418,0.4214499633722423
322,0.0983523568252295,0.16968721513158552,0.03516268457600385,0.09184735925464156,0.6049503842125394
323,0.03505815216228313,0.03262342113403457,0.0045198599064275565,0.012213768510825247,0.9155847982864296
324,0.1683959820947838,0.08464547690235658,0.013037666511949004,0.03463529563108337,0.6992855788598272
325,0.05296010344914273,0.06743329351015295,0.004887329536621158,0.02036805861736168,0.8543512148867214
326,0.020705659614863835,0.03571918185969688,0.003465801197601809,0.006216073393272736,0.9338932839345648
327,0.009660941052307711,0.03400717735464162,0.00447121794001775,0.004173560355352188,0.9476871032976807
328,0.05561023641221899,0.061440606944865514,0.008764681322555853,0.012620601266484585,0.8615638740538751
329,0.01877993302589424,0.01999273138559491,0.0019688603535983487,0.0060069121799175606,0.9532515630549949
330,0.06291246718500536,0.05492003202313081,0.014629168373236403,0.012484143021552012,0.8550541893970754
331,0.04733442643345366,0.07445722506835023,0.005805337859270898,0.013003163823135249,0.85939984681579
332,0.1283707809009364,0.1636443094172835,0.007003733514479512,0.013874258702328921,0.6871069174649717
333,0.19292279930543463,0.1688636691718827,0.019703506544338893,0.015061091544759058,0.6034489334335847
334,0.35294196181307214,0.28776143807765225,0.0495718542424814,0.046387572865374496,0.26333717300141973
335,0.3280682283151016,0.12264513742419288,0.004577160767916867,0.024075927474738527,0.5206335460180501
336,0.33821605783814346,0.25234687618353085,0.01091310800716142,0.27583733263805343,0.12268662533311084
337,0.3669720794258413,0.3620785078140848,0.011972683448063322,0.18224274120877396,0.0767339881032367
338,0.2608949731193402,0.25802386383060705,0.006076208076503574,0.42572932091703214,0.04927563405651692
339,0.26744886216485975,0.2394473122467316,0.02997556717497546,0.36828941120153325,0.09483884721189995
340,0.33081537434836844,0.36693774679618807,0.05533057393048763,0.22317021796590625,0.023746086959049652
341,0.13810360106093328,0.418389818736255,0.0331745331956291,0.3692702647111959,0.0410617822959867
342,0.121051374139177,0.39061364768899276,0.015447681396710902,0.41603249899782124,0.056854797777298176
343,0.24000674522435483,0.3173106953359751,0.02719588835217578,0.3335435793648646,0.0819430917226297
344,0.10530890999124734,0.5628745036152668,0.021425178829784584,0.26352320477430563,0.046868202789395734
345,0.24544627949055628,0.47499188618987753,0.07886062485559121,0.18007581861310798,0.020625390850867172
346,0.1494433873487104,0.3963758148609768,0.014584678500746578,0.3487091802477613,0.09088693904180473
347,0.13939686929459902,0.6013880120320763,0.04961989593263811,0.15106188632840778,0.05853333641227887
348,0.17190515994948624,0.28369199694550135,0.012969001342885813,0.11558169970253851,0.4158521420595882
349,0.38651123898964157,0.41779226584860585,0.013986827447040712,0.07854391926580227,0.1031657484489095
350,0.2617693367315917,0.5996768796640999,0.058614493676162206,0.06220222204311833,0.017737067885027765
351,0.2657917602744878,0.4852107001345166,0.05442614270452027,0.11493668730536777,0.07963470958110754
352,0.10808776846293641,0.8314184764015118,0.02558819927425015,0.025951713577529643,0.00895384228377226
353,0.14544698169079637,0.6480078624134079,0.007477970047259541,0.13738353630618477,0.06168364954235136
354,0.13309362875093642,0.774686078468237,0.014237495842647836,0.04043068669600546,0.03755211024217333
355,0.12940736744829393,0.7564164004828362,0.034642227457524356,0.03424873726431408,0.045285267347031415
356,0.11903673317739034,0.8069382210432446,0.04743292119668725,0.017993766465872713,0.008598358116805064
357,0.06634389290260531,0.8910933679243306,0.020623681827265497,0.01651454908961842,0.0054245082561802434
358,0.058963589463909595,0.8715405911570534,0.04770455383055512,0.011731203780683555,0.01006006176779831
359,0.0335647898543051,0.9291140535620657,0.014319370198511514,0.011528424413305795,0.011473361971811917
360,0.07558072900397647,0.8294341310287776,0.05740256826010463,0.013878510813206998,0.02370406089393428
361,0.047868454277113746,0.8605080826014173,0.0457894751390827,0.02557393038463799,0.02026005759774834
362,0.08089774232685402,0.8629303129934692,0.028959429395221777,0.01753083548127961,0.009681679803175509
363,0.018138339205874217,0.8653358551686765,0.10200603749862439,0.004736387802543666,0.009783380324281063
364,0.09371665546028453,0.815711978219234,0.04588784893035397,0.014685087507783617,0.02999842988234388
365,0.13108176323397489,0.7844701133745979,0.04516162577342134,0.015988978579083837,0.023297519038921917
366,0.05640519146726267,0.8900863304161047,0.02496728721258426,0.015832634868300048,0.012708556035748442
367,0.038170180089115976,0.9171204940102251,0.03581121780185963,0.0023520880371512213,0.006546020061647999
368,0.02364782368779242,0.8565520592397265,0.10392667785174599,0.006611653749362681,0.009261785471372184
369,0.04582172571918502,0.837260043759204,0.05271235853203262,0.04736626490239645,0.016839607087181765
370,0.04026353350861315,0.8782918489992824,0.040305008812590595,0.031881730165464,0.009257878514049803
371,0.12938035127280997,0.7659574325341905,0.048573921800811756,0.03365142464419536,0.022436869747992583
372,0.02604893007332018,0.8619833953289708,0.09246823171962526,0.01340061900654411,0.006098823871539604
373,0.03256687541873851,0.9097653318304177,0.04512867775541592,0.008051091005241751,0.004488023990186014
374,0.056781428769428745,0.8300696089295343,0.07580420038041542,0.021400751541045003,0.0159440103795767
375,0.011699438654745544,0.9215755567104821,0.05447028685812859,0.007968131719553354,0.004286586057090322
376,0.021077390747998994,0.8399227173198528,0.12781649303879805,0.007050858374940143,0.004132540518410238
377,0.01654786892207607,0.8443628471913737,0.12685634947470228,0.008333462698103743,0.003899471713744197
