epoch,N1,N2,N3,R,W
0,0.00046043965114020294,0.0005752648911541964,1.4239509627485523e-06,0.00035792702240543245,0.9986049444843373
1,0.0006586687228544642,0.00019290679776988684,1.4932089747597175e-06,0.00033065344231415214,0.9988162778280867
2,0.002044690551816392,0.00018695041524014014,2.5920496635766403e-06,0.0003310277990961248,0.9974347391841838
3,0.0012494804128537875,0.0002767991289087381,1.2295057396394404e-06,0.0010194947958494522,0.9974529961566483
4,0.011584565163991936,0.0006383595167490499,1.3625055837195591e-05,0.0005614561661038715,0.9872019940973179
5,0.00637648414469515,0.0005388661963243934,1.1464310366371728e-05,0.000518256128286932,0.9925549292203271
6,0.012932139142608387,0.001083344665599765,1.5612765048422856e-05,0.0006952130456561622,0.9852736903810871
7,0.047683031238263125,0.00794648050182251,3.330833810522388e-05,0.0015523860848300072,0.9427847938369792
8,0.31676817685804365,0.06701969152422046,8.135531933187068e-05,0.007458786422281015,0.608671989876123
9,0.13198272165569225,0.42189525979135367,0.00046870464066109044,0.008616910187603247,0.4370364037246898
10,0.24059602504677197,0.48182836101458365,0.0026903969494989697,0.011762095799616713,0.2631231211895287
11,0.040349116912054575,0.836708679994054,0.03737366905133511,0.0007097039052842513,0.08485883013727223
12,0.05541836837741977,0.8985014813708377,0.018461201889633586,0.0015246700048322285,0.026094278357276884
13,0.0586652094671568,0.8978712907649996,0.015339043563588275,0.0018896558361597726,0.026234800368095487
14,0.03476773151222439,0.8813183927111873,0.06584557937445497,0.001128340130712237,0.01693995627142129
15,0.06895295330994473,0.8835330535639209,0.024490489466372292,0.0066538347475232976,0.016369668912238677
16,0.028183802054516642,0.8967676919852224,0.05478775137443119,0.005311164437315083,0.014949590148514597
17,0.09651231548837533,0.8701822820792329,0.00581847312432845,0.00976684765869414,0.01772008164936909
18,0.23705828273132346,0.13471822674362033,0.00034144686800684497,0.011226947609004542,0.6166550960480448
19,0.3134163610762538,0.6326670088616834,0.0013219807529944142,0.005022520617201273,0.04757212869186698
20,0.21012874462512868,0.7747161611316155,0.0018104643036311765,0.0031761730681170767,0.010168456871507591
21,0.13353350015240303,0.8477544044378641,0.00561948924728929,0.0014955253423946562,0.011597080820048853
22,0.0996105181036761,0.8731517293366655,0.007357368452450634,0.005251362396486727,0.014629021710720995
23,0.07274121326992468,0.8644108858653354,0.019420994113356668,0.017413725564027305,0.02601318118735589
24,0.10774967522137006,0.8285355882244966,0.0029177587115416536,0.0073597989589204915,0.05343717888367127
25,0.43827738931495674,0.2537314482217529,0.0007550632200961056,0.024236521153366032,0.2829995780898281
26,0.2443621008812242,0.656217110738683,0.001147521274698914,0.008189798505658982,0.09008346859973496
27,0.06623889039816436,0.9012377343837646,0.007806236814885681,0.0014700870315604532,0.023247051371624815
28,0.08294174683114428,0.8917273715023715,0.0014067109696969291,0.0008232315065437507,0.023100939190243572
29,0.08645654874655662,0.8405688391180373,0.03821856087710874,0.0026568943162385895,0.03209915694205869
30,0.09284405974381356,0.8507887040622814,0.0020402809454650016,0.004699486371028315,0.049627468877411686
31,0.19489788684739565,0.7416304500646199,0.0013235736235481846,0.01277486759848013,0.04937322186595616
32,0.13229736737049627,0.8326768740504837,0.003196395877018102,0.004364269558280785,0.02746509314372093
33,0.5400867093870169,0.1165215662949827,0.00043101772449962193,0.01288068038328814,0.3300800262102127
34,0.22367775751319985,0.7575965932966634,0.003139130288464434,0.00342420401450793,0.012162314887164545
35,0.06301733456355108,0.9182591021718873,0.009188715551517622,0.0013863130075115451,0.008148534705532342
36,0.31877015399352576,0.6344330682598462,0.000909841265640345,0.003042051447013242,0.042844885033974385
37,0.19235790700736585,0.7516155489320976,0.003584977601447202,0.02673523145231972,0.025706335006769776
38,0.0880365304562041,0.8731162746180731,0.009899947753832088,0.015157509171549665,0.013789738000341134
39,0.45934400713344065,0.33617060910211444,0.0008303004078301588,0.059479502169648715,0.14417558118696602
40,0.055252617761110775,0.8846946613491095,0.010409161573256958,0.034087294609115554,0.015556264707407192
41,0.12723229283206391,0.7847305263143738,0.004405259093634862,0.03388153207184486,0.049750389688082736
42,0.2934094711471141,0.09857583995042518,0.00022417017251265807,0.026201084727011263,0.581589434002937
43,0.44057519892511227,0.4258417946718066,0.0017771294554334953,0.06999590166212355,0.06180997528552407
44,0.10182606240083406,0.8550196479297273,0.01207501413800954,0.011225901811882228,0.01985337371954675
45,0.30346783265186705,0.6484436155937202,0.0008827769840250847,0.006625959848705347,0.040579814921682195
46,0.3737334714828333,0.36942971255097834,0.00046698017101635167,0.005470531576726495,0.25089930421844564
47,0.15979315047615839,0.7688732240508234,0.0007549573786186168,0.0005613278677999052,0.0700173402265999
48,0.13180972839184102,0.858450775388142,0.003642705367584867,0.0003483724187997623,0.005748418433632376
49,0.18132944594499356,0.8117086521957276,0.0012070342374244237,0.0004188819504707725,0.0053359856713835006
50,0.03547452238083031,0.9352035687151473,0.023549533126342816,0.00019797612951827928,0.005574399648161125
51,0.01315908500547284,0.917875892202187,0.06408472298950772,0.00022147002411054167,0.0046588297787217275
52,0.011058054833224753,0.928019703884264,0.05628438799989636,0.0002606203613277753,0.004377232921287017
53,0.015569862828582822,0.9359244008672124,0.043333189273066224,0.0008065239857604964,0.004366023045378038
54,0.004843772678032862,0.7140411075206475,0.27433902710119223,0.0005210521408281545,0.0062550405592991624
55,0.009257618657168362,0.8265137309515407,0.1574173238486519,0.0017329325022897276,0.005078394040349456
56,0.1219576202830118,0.8081835988827683,0.015705107924727922,0.04635669867316187,0.00779697423633011
57,0.1740943820592481,0.7523970719535567,0.010170289297687252,0.04266991657778463,0.020668340111723183
58,0.032242794350216125,0.8637289647354089,0.05410817316660326,0.042188988481874405,0.007731079265897208
59,0.2218519314096554,0.2844404264395655,0.0002718998091136288,0.23876976209195172,0.25466598024971376
60,0.13221840841217108,0.7576831495795238,0.0051778900041090726,0.07319823179158462,0.031722320212611635
61,0.35421161305491994,0.21279743751855046,0.0004194201258375979,0.3225057809358692,0.11006574836482275
62,0.4552469915501175,0.22086259754083237,0.0002641172337672605,0.24844174643860806,0.07518454723667502
63,0.42976895964981066,0.10447560199307701,0.00017910056068952637,0.06099897782359024,0.40457735997283245
64,0.5765855033050991,0.14491571505292222,0.00013537632212329084,0.008559036226581492,0.26980436909327377
65,0.501719859613515,0.4860807777384247,0.00022046712056975176,0.0033577799797203027,0.008621115547770215
66,0.29039452275021577,0.6974063606698766,0.004574301192841136,0.0005515383310601655,0.007073277056006196
67,0.05950535583936735,0.9012064121929527,0.03176766072422932,0.000522166274820581,0.006998404968630044
68,0.017841748418327207,0.9193619619146642,0.05623141672885987,0.0006428424253214307,0.005922030512827147
69,0.005338499943230844,0.9044657452492382,0.07937473769616712,0.0003118172853742595,0.010509199825989796
70,0.007050805027493579,0.8414948705333639,0.13376000106410874,0.0007598071260828755,0.016934516248950874
71,0.007798328150046656,0.780392819008488,0.19488916207677928,0.0017977286664464327,0.01512196209823942
72,0.09467234594400602,0.8156936301176483,0.04227254199780643,0.008678741410627067,0.03868274052991229
73,0.10797584252314328,0.8247116612019688,0.01591922994652491,0.013081464838219087,0.03831180149014383
74,0.005126703702447195,0.7165870637266069,0.20973005919893623,0.0018206462567158562,0.0667355271152939
75,0.020304215147440952,0.09713975810771606,0.04035211101598183,0.001625885420505141,0.8405780303083559
76,0.0010176379299353853,0.0010327348485426264,0.0005608492888545844,9.264907689028643e-05,0.9972961288557771
77,0.00602024606353581,0.0014799425019959523,5.35049765445732e-05,0.0004287745401257121,0.992017531917798
78,0.0029715034269147183,0.0013568362381843288,9.322965064326697e-06,0.0009973251686955225,0.9946650122011411
79,0.002553423647067958,0.0008158150795810307,5.307497671975491e-05,0.0003939755915291418,0.9961837107051021
80,0.0004254404353685121,0.0002877200019965488,4.808404411587991e-06,8.911760585072405e-05,0.9991929135523726
81,0.0013133643442232435,0.0009581633234222644,1.3374249561234375e-05,0.00019335162482145667,0.9975217464579719
82,0.0006072359640338966,0.000199485933921225,1.4157259760148507e-06,0.00014450420799424474,0.9990473581680746
83,0.0008299144869707684,0.0002401702837558311,1.3367833395824362e-06,0.0001684009559834764,0.9987601774899503
84,0.0009615335319911365,0.00042690804882602616,1.3528373386582578e-06,0.00012530005583379276,0.9984849055260104
85,0.001202918956882736,0.0005653422599748621,1.7466001393694058e-06,0.0001350000923108542,0.9980949920906921
86,0.0023326364862216267,0.0006498271062427257,2.16092720510894e-06,0.0007289948501885777,0.9962863806301421
87,0.032221068059815484,0.013920858355239714,0.00014594463256613357,0.0007848952118942683,0.9529272337404843
88,0.003601070849303955,0.0018123095155781412,4.084162317502096e-06,0.0004484402800742137,0.9941340951927261
89,0.0017746295945320753,0.0011434176884271199,8.387040053451987e-07,0.001602012219770964,0.9954791017932646
90,0.0012049665219036945,0.0007465170769630096,5.615746354204346e-07,0.0010464052405345116,0.9970015495859634
91,0.0035574989988434056,0.0006918759546464557,1.6315057702242492e-06,0.001067911588187477,0.9946810819525526
92,0.003050772859299053,0.0003519526405339451,1.0604161223287624e-06,0.00010143732325867964,0.9964947767607861
93,0.0030495294668900037,0.0007154439912224626,2.3138759459841166e-06,0.00018221329726961477,0.996050499368672
94,0.0036022436123771696,0.000644140480663408,2.3465127783352513e-06,0.00014362671518920077,0.9956076426789918
95,0.027556673012578223,0.0020241658308834186,1.7841681355770064e-05,0.0008413808080846671,0.969559938667098
96,0.00998606097647262,0.001558285601496383,2.1042473205563275e-05,0.0012404629809311906,0.9871941479678942
97,0.09426634785568518,0.010746129437863038,7.51359204937333e-05,0.006574263702162889,0.8883381230837952
98,0.09074168882186022,0.025101164005152287,0.00010132051522727583,0.009476634727949447,0.8745791919298107
99,0.10456454435971738,0.019235272786820138,4.903848063007986e-05,0.05115172804419804,0.8249994163286343
100,0.01689844129787009,0.004183694476751545,1.5461056130626866e-05,0.04478542338254773,0.9341169797866999
101,0.09285486115474843,0.013247583545349781,9.192270105970651e-05,0.06900189768682109,0.8248037349120209
102,0.01990532587616299,0.0039536946182933,3.558247906131208e-05,0.03499684715026067,0.9411085498762217
103,0.004879872203579329,0.0025258696603591667,3.581189355815355e-05,0.007422778748841524,0.9851356674936619
104,0.22764607264547185,0.015806052507110285,0.00016520868316777877,0.07283275346104119,0.6835499127032089
105,0.22730872828881654,0.01852396431938346,0.00013346373909508045,0.02439217047394973,0.7296416731787552
106,0.43365291282126506,0.13800833516330221,0.00033136854893109027,0.07038484494151423,0.35762253852498743
107,0.2636212505481258,0.24204548814176113,0.00041815296936978857,0.16608846561493712,0.32782664272580614
108,0.14360855310370618,0.14791134376674217,0.00045412965443896965,0.0814869861646224,0.6265389873104904
109,0.2261878744147757,0.18270312367037772,0.0003113424777406123,0.16282994936971243,0.4279677100673936
110,0.20894009864290777,0.2695206969318941,0.0012229680999891494,0.19908260895161378,0.32123362737359507
111,0.00047184837313024017,0.0005417098424009879,0.00017388756132276695,0.0001222841041760344,0.99869027011897
112,0.0002473720671622772,0.00031807923043887136,0.0001350388732508892,0.0001231626770642534,0.9991763471520836
113,0.002283263356615941,0.0006616431451258358,3.008575694880545e-05,0.00028981898674687264,0.9967351887545626
114,0.00584989866943163,0.00046402060064909404,9.093597625848734e-06,0.0007110592537625926,0.9929659278785309
115,0.0017235898287124732,0.00029979294389404437,2.1395625690568372e-07,0.0009230993088687258,0.9970533039622679
116,0.002093178035692362,0.0004801903354668369,1.727611376909964e-05,0.0001189220050505308,0.9972904335100212
117,0.00033394353722120124,0.000222142095841529,5.037183683253058e-07,0.00010159205427899096,0.99934181859429
118,0.0001597216076029722,7.116821579841201e-05,0.00011185521781076222,1.090589570618114e-05,0.9996463490630816
119,0.00024035384728577304,0.00015562382133927537,9.83397727297468e-07,5.555258863573908e-05,0.9995474863450119
120,0.0002131777169611797,0.00025332460860220333,6.427572369608908e-07,6.151679806005618e-05,0.9994713381191396
121,0.00014052039041256056,8.888162636877887e-05,7.826253152314013e-07,6.661093515178203e-05,0.9997032044227516
122,0.000557417349587374,0.00021331910582169644,1.3996659733402478e-05,0.00016293662388085163,0.9990523302609766
123,0.0005888504612837974,0.00011910287661825134,1.548428793079676e-05,0.0003342164639882247,0.9989423459101788
124,0.0006131772561511482,0.000982601440260936,1.433981905552832e-05,0.00020044296618924065,0.9981894385183431
125,0.0004807293553268842,0.00011436079452545028,1.5985548041145167e-05,0.00018743649072441957,0.999201487811382
126,0.0004881363426775816,0.00012040396151741927,1.8289462539899893e-05,0.00018119057505597573,0.9991919796582092
127,0.0003391539045592734,8.246154109135536e-05,1.3383447023590467e-05,0.00016421373756606106,0.9994007873697597
128,0.00023706748208029816,0.00012606473966838053,7.316735179013583e-06,0.00010636385867052193,0.9995231871844018
129,0.00045986856797273454,0.00016627242437180427,3.875289392540461e-06,9.957269327311441e-05,0.9992704110249897
130,0.000211969826691134,6.632599284418166e-05,2.534815879908403e-06,0.00010633115630694262,0.9996128382082778
131,0.00039153044190510687,0.00010062715785471168,3.1508818305671946e-06,0.0001304237962757881,0.9993742677221338
132,0.0015955592629144507,0.0004766826949232189,0.0005847715169816747,0.0005458755216223461,0.9967971110035583
133,0.0004382516883701537,0.0001300540092903465,8.733239868596309e-07,0.00025192403916317406,0.9991788969391894
134,0.00017040263181369796,9.614790121403775e-05,7.371338342039898e-07,0.0001776763472292204,0.9995550359859089
135,0.00011996015476632487,5.727347097163636e-05,1.0504987784318417e-06,0.00012578042914796077,0.9996959354463356
136,0.0006805008685748397,0.00037002779483853753,5.083598872853725e-06,0.0005041593650439867,0.9984402283726699
137,0.0004579588986253922,0.0001384919672974772,8.884422737647645e-06,0.000349030365666525,0.9990456343456731
138,0.0005532343840643804,0.00019679891662993706,1.0517148842373965e-05,0.0005212078760944048,0.998718241674369
139,0.0013697608957035064,0.00038393997336224006,1.6024839805823317e-05,0.000901893566344213,0.9973283807247841
140,0.0013028805750626461,0.00024012274327970339,8.415651302975798e-06,0.0006199100043751519,0.9978286710259794
141,0.001665259672241952,0.0005862056211210878,1.1239771078225742e-05,0.0011565425190753545,0.9965807524164835
142,0.0018889819413748057,0.0008758985643190679,1.191525261520889e-05,0.001517147637608374,0.9957060566040826
143,0.012020042570535086,0.00200876951371077,3.594678984986702e-05,0.002645500539763436,0.9832897405861408
144,0.001337550700933557,0.0006388087279656246,5.399320987089141e-06,0.0009753606729344226,0.9970428805771793
145,0.0011701008645176845,0.0007357242768670007,5.629997170724589e-06,0.0018486690240020586,0.9962398758374424
146,0.012627784808402086,0.002260270767791007,6.4706437706316e-05,0.005200731266059506,0.9798465067200411
147,0.007322836701906456,0.001316776723107489,1.387611261004662e-05,0.0037495889699732687,0.9875969214924027
148,0.0005604565700586848,0.000575352812703272,2.9706185602795988e-06,0.001230907918334227,0.9976303120803436
149,0.000914906405153554,0.0007868478816420617,5.159204774066615e-06,0.0019419861395805567,0.9963511003688497
150,0.0015733017401254052,0.0010540504879602926,9.642142186217485e-06,0.0016147308719958056,0.9957482747577322
151,0.0023755279227627795,0.00118963964994256,1.7244838988920526e-05,0.001458617859893794,0.9949589697284119
152,0.0019540490935989253,0.0004580086409992808,6.861970604716942e-06,0.0008121702091539055,0.9967689100856431
153,0.00561899749745189,0.001260636479069325,1.694815820311436e-05,0.0014932918584848723,0.9916101260067908
154,0.2444992467294891,0.004443325647702231,0.00013226080253242602,0.002631017798501334,0.7482941490217748
155,0.4491588443532772,0.023490075406892838,0.0003948522833939632,0.010564865920487129,0.5163913620359489
156,0.5501359493005583,0.08218240079515499,0.0002497199936180107,0.07416789486207276,0.29326403504859594
157,0.26801046734762507,0.02351080617057431,0.00014524022554561385,0.14361142248032577,0.5647220637759293
158,0.444894275903157,0.23028296379826124,0.0002863947298253964,0.18186350248892738,0.1426728630798291
159,0.31022486190651966,0.3003282293445808,0.0007181214486360951,0.33196234435400535,0.05676644294625822
160,0.20638176189101584,0.6592635707114547,0.002595236883142965,0.09781742349585375,0.03394200701853287
161,0.09013822150008229,0.84457216134804,0.003944146095598017,0.04925647503878348,0.012088996017496318
162,0.10336811088602806,0.837998361204033,0.0026865139181176806,0.04565957181912866,0.010287442172692455
163,0.44791953119454064,0.22896849038901754,0.0012819561638259783,0.06369992294805492,0.258130099304561
164,0.08954392449593188,0.8903733458192269,0.008854647115918398,0.0035952455685950404,0.007632837000327613
165,0.06810898502355074,0.8750865807243413,0.049547425937652274,0.001675638348813011,0.0055813699656425625
166,0.052914801554381094,0.9276834921437512,0.014075640872315574,0.0008969911117154588,0.004429074317836617
167,0.06322730787860274,0.9210426722485796,0.004057110937117703,0.0010354630033069083,0.010637445932392969
168,0.049337360401471346,0.9281728500968597,0.01596469699785953,0.0019447484939290967,0.004580344009880419
169,0.044841903775647604,0.9169917351713295,0.032480926041212936,0.0016568315851297128,0.0040286034266801
170,0.07840220660135643,0.9100152714693052,0.004538967911479482,0.0026993864657493755,0.004344167552109361
171,0.06413386632353388,0.9072419356437476,0.022240425511566242,0.0023693518761676476,0.004014420644984363
172,0.06511380462107981,0.9234531626509729,0.004903824163772555,0.003806718363963508,0.0027224902002113403
173,0.025635956462644757,0.8851240293048165,0.08319718016149553,0.001985520791776941,0.004057313279266126
174,0.3660366382284047,0.5842778580263587,0.0016672098537207488,0.011742915144805051,0.03627537874671077
175,0.12101553671785586,0.8637162578285473,0.005734847562022822,0.003865726580164505,0.0056676313114094766
176,0.09648052211447924,0.8808522999075455,0.010116589381771577,0.009115453942460636,0.0034351346537426727
177,0.15659655351604143,0.8327936588374347,0.002782497604930039,0.004026572383645457,0.0038007176579482648
178,0.05305920282844707,0.925557592500156,0.008766875089879875,0.010193402891566249,0.002422926689950918
179,0.09158826463698772,0.8847335572788835,0.003684078922567327,0.0144142193909298,0.005579879770631605
180,0.08522517886667791,0.8874993063028025,0.010573032617654379,0.013332918089647011,0.0033695641232181247
181,0.2012062424724121,0.7250394340964192,0.0010177775334935938,0.026105863528720928,0.046630682368954124
182,0.13836693442080458,0.8456693376146164,0.003119546859927941,0.008013704980335512,0.0048304761243154505
183,0.1423594575522678,0.8407883445830545,0.0038687033044998037,0.008491412454456193,0.004492082105721646
184,0.2026851899984761,0.782725038692116,0.001774031671104998,0.006811960927169628,0.006003778711133246
185,0.02004354977555492,0.9653506814426417,0.012200568994861586,0.000710724357975904,0.0016944754289660018
186,0.03558361122835291,0.9571931307016742,0.0042504624684848984,0.0012298411067338901,0.001742954494754115
187,0.01974582138988823,0.945346255443611,0.031066116350741847,0.0012070403217708157,0.0026347664939882194
188,0.04973012409972108,0.9310196874252169,0.011977499267309158,0.003705762873202858,0.003566926334550177
189,0.04178542344945138,0.939635319977725,0.011164409360244104,0.00407358185698417,0.003341265355595251
190,0.0354146688372152,0.9145155556710265,0.041217264716281767,0.004549875432216522,0.004302635343259953
191,0.01901659258964633,0.9580304022945576,0.015711992933894886,0.004270193029480346,0.0029708191524208468
192,0.021547821899481318,0.9434830790667151,0.02277999164721679,0.008654647845558168,0.003534459541028585
193,0.07925088967734226,0.8903962029589585,0.0032965308758455885,0.01626050570563895,0.010795870782214806
194,0.3545397020129636,0.5309506554627138,0.0010189957991799353,0.0952296798726999,0.018260966852442637
195,0.42986371278914337,0.4015790945409752,0.0009999743363136395,0.04048585804255484,0.12707136029101293
196,0.17528476355000633,0.06568085688729208,0.00011731898829737768,0.020396294863764774,0.7385207657106395
197,0.7774786598315633,0.11408560408122079,0.0001345108717945433,0.029313907430364487,0.0789873177850569
198,0.025253252450675747,0.009831069048344491,0.0009678971773681075,0.0006958679732181388,0.9632519133503936
199,0.0010958366294463384,0.0002479179903650245,5.697741826411617e-05,0.0001499220777835535,0.9984493458841409
200,0.0008600487764853478,0.0003262031304715582,3.070626899911439e-06,0.00043170812793871875,0.9983789693382045
201,0.0011723741808835476,0.0002546169510906504,5.222425328719246e-07,0.0003867173928403611,0.9981857692326526
202,0.0008094795213957369,0.00029381879231689075,4.503581869151422e-06,0.00023553489530968953,0.9986566632091086
203,0.0021452054487381,0.00042523428185128155,5.531929015441716e-06,0.0003519486463915242,0.9970720796940037
204,0.0019216132373512792,0.0003623735051375461,3.959784283706489e-06,0.0010559503201396346,0.9966561031530878
205,0.0010322835990847685,0.0002452007420672461,3.3054889148608427e-06,0.0005412161334896577,0.9981779940364436
206,0.0006535464083005254,0.0002206288485043277,4.025719450328546e-06,0.00045089870594455296,0.9986709003178003
207,0.0011588319854251628,0.00041014827037431586,6.01870249680237e-06,0.0014034200235289722,0.9970215810181747
208,0.0010257786316010238,0.00041031984821656076,0.00023841048411951622,0.002232530855485789,0.9960929601805771
209,0.001914914496172272,0.0011392965092789445,0.00016767663246657581,0.003073884979234455,0.9937042273828478
210,0.0020297584659034937,0.0005896149549677477,3.918673967879307e-05,0.004154399924445661,0.9931870399150042
211,0.009605239852308734,0.0013140971052329625,0.005178377328593068,0.016340255631942552,0.9675620300819228
212,0.0008585015021158953,0.00018278631347631928,6.511763242274281e-07,0.0012912034533200708,0.9976668575547635
213,0.0003913475683411886,0.0002658641227663017,1.6470340732158888e-07,0.0007675442730660267,0.9985750793324192
214,0.00028848725704204805,0.00013311332594220795,6.964844008462566e-08,0.0005283757848373632,0.9990499539837384
215,0.0005503511250914082,0.00017615741432039684,2.822573341258878e-06,0.00015879683743813606,0.9991118720498088
216,0.0003524271445173346,0.00012673629166485737,2.6679845775324843e-06,0.0001313005091337887,0.9993868680701066
217,0.0006080660058968246,0.0002870508754110897,7.6291375279971355e-06,0.00028913451336387314,0.9988081194678001
218,0.000566549213645378,0.00016424458631574104,4.472594347674549e-06,0.00028603092335924063,0.9989787026823319
219,0.0008394820136259974,0.00015585134592822103,3.2585163296201777e-06,0.0003790722025586241,0.9986223359215575
220,0.0005296300274380118,0.00012625662296342086,3.459678022683544e-06,0.0003465126983568552,0.9989941409732189
221,0.0008240657072338019,0.0001700712547936633,7.37289804993891e-06,0.0005254749699980847,0.9984730151699245
222,0.0005271927216286935,6.04635854202356e-05,6.169408702276714e-06,0.0003384655074847879,0.999067708776764
223,0.00043066950812260915,0.00015405188446002501,5.684762061304536e-06,0.00040567789974611974,0.9990039159456099
224,0.00042931682643871494,0.00016887565072229498,7.438495927779699e-06,0.00021635190530636215,0.9991780171216048
225,0.001062694986020933,0.00021776656984866336,4.0489164297621066e-05,0.0003845168495605978,0.9982945324302721
226,0.0002915983677901882,0.00010585706302273071,4.899764666866266e-06,0.00012400093355746026,0.9994736438709628
227,0.00039507913232154717,0.00013645199655597977,6.797729241657356e-06,0.00028263961992447113,0.9991790315219564
228,0.0007256437398457994,0.00023248451804107014,7.101296524347112e-06,0.0002682553734609135,0.9987665150721279
229,0.0004630501351794774,0.00012288145228868305,5.909376790149798e-06,0.0003316785248161085,0.9990764805109257
230,0.0010167500370343733,0.00021554042091173777,1.0176558949816472e-05,0.0003615084753421794,0.9983960245077618
231,0.0012148836816009863,0.00023277605022864302,7.999128623147104e-06,0.00021415635305435129,0.9983301847864928
232,0.0007810687560532715,0.001636980461597397,6.159107124535854e-06,0.0002703614469229569,0.9973054302283018
233,0.0007681300810550686,0.00021464556872355085,1.6575546399964848e-05,0.0002449813756166838,0.9987556674282047
234,0.0004513828629848982,0.000287993671842152,1.1915938074464084e-05,0.00036216062348561,0.9988865469036129
235,0.0007693774140945999,0.0020611230158831084,8.705013886432107e-06,0.0008118844553122041,0.9963489101008236
236,0.0006287241735035502,0.0004068563954556733,1.4273254396151311e-05,0.0015857193786684935,0.9973644267979761
237,0.0005732956792328311,0.000147908361647924,2.54757168417956e-05,0.0007452025220025576,0.9985081177202748
238,0.0027541091321980466,0.0004688360006431983,2.934445890338e-05,0.000957744116858938,0.9957899662913965
239,0.0011799651107459034,0.0008842616076369005,5.697661603891137e-05,0.0012802269240694418,0.9965985697415088
240,0.001958052580950124,0.0005708576980407524,4.6239892342437425e-05,0.0018270422621932342,0.9955978075664734
241,0.0007585752694990672,0.00011659681468739465,2.438806961728521e-05,0.0012570707720758107,0.9978433690741204
242,0.001106252570823435,0.00026870905583029135,3.2878353759816294e-05,0.0013245361455729138,0.9972676238740137
243,0.0008433530222149399,0.0002040732615153661,1.676958144517575e-05,0.0009828911343188504,0.9979529130005056
244,0.0007527078913708074,0.00021916021964400812,1.8052350563109513e-05,0.0009012945831753563,0.9981087849552468
245,0.00059147182192716,0.00025735145610815896,1.9316503779129404e-05,0.002113559440367816,0.9970183007778178
246,0.0006833564018786976,0.00038061991222022715,1.352568602574653e-05,0.0019287377442756886,0.9969937602555997
247,0.0010675516693118398,0.0003624680574107253,1.2310043551204791e-05,0.0011657718267292572,0.997391898402997
248,0.002076344766124015,0.0005121770681599012,7.187150405329253e-06,0.0016263778523067337,0.995777913163004
249,0.003071126210798031,0.0007957675767877387,1.2080525725161876e-05,0.0019772441884199745,0.994143781498269
250,0.003979959603542871,0.0010772347488285467,1.7855633267208614e-05,0.0011027941128011285,0.9938221559015603
251,0.0014108090841304984,0.0008568525169448697,3.4277845179332686e-05,0.0018372158731042273,0.9958608446806412
252,0.0027088024430643584,0.0007392182892382011,6.999360209046474e-06,0.0014414794760455813,0.9951035004314427
253,0.0017378327047403986,0.0007318007113036293,1.2250794104380644e-05,0.00147800324454209,0.9960401125453096
254,0.0028403039482181227,0.001764284979529023,5.671669265230903e-05,0.0008999384773412914,0.9944387559022593
255,0.002706817533756705,0.0007420645845192631,3.41145914708299e-06,0.00021073190977492572,0.996336974512802
256,0.0002952801735918417,0.00014480798377756177,2.2432446559904914e-06,0.0003034441529871137,0.9992542244449876
257,0.00037437125515579143,0.0002660701920124589,6.811134734650822e-06,0.0004757702688966834,0.9988769771492004
258,0.0006514941398414705,0.0002461348079584417,2.6013005931330706e-05,0.0009969681855288262,0.9980793898607401
259,0.0014233780148295227,0.0008007797605733907,8.077894139436817e-05,0.0014653126639956517,0.996229750619207
260,0.0011600566053100963,0.0005570833995517633,6.3865094310237e-05,0.0004600202837523424,0.9977589746170756
261,0.0006957416212435265,0.0003205886841726587,6.553301147768279e-05,0.0014615949560599062,0.9974565417270461
262,0.0038766827221432547,0.0009082530466244744,8.677116922326024e-05,0.0019359884562733032,0.9931923046057357
263,0.0124169125384612,0.0015974738691411946,0.00011580304028297665,0.004858324220236722,0.9810114863318778
264,0.0032847127787817925,0.00048086545188430534,8.613964900373159e-05,0.005377726987312053,0.9907705551330181
265,0.06571786064941627,0.007377325634129024,6.471978836196658e-05,0.024915029643754902,0.9019250642843378
266,0.009208806645054165,0.0013228042505086782,1.572549616445451e-05,0.01022860913489461,0.979224054473378
267,0.005069970872805981,0.0015132683094937957,3.664264667578215e-05,0.00858182599961992,0.9847982921714046
268,0.011744534417143777,0.004017368268551078,7.688970413785004e-05,0.01509269367103328,0.9690685139391341
269,0.23052350828725018,0.02424330896823096,0.00025198386345492047,0.039106586605045415,0.7058746122760186
270,0.005588025976270518,0.0014189047900557406,6.371608898182046e-05,0.012529539017686024,0.9803998141270058
271,0.600338176456334,0.0366663924952388,0.00048744984393309917,0.031117215301443398,0.33139076590305055
272,0.09953515094254362,0.016174643065820404,8.249867844534519e-05,0.010974701153368816,0.8732330061598218
273,0.0026242590716354514,0.0021097177582859944,0.00011492843208077625,0.008851764566845931,0.9862993301711519
274,0.0036593506870166125,0.0015826873909607496,5.05100661485668e-05,0.004813995922810349,0.9898934559330638
275,0.006935238162268938,0.002697907060192653,0.00022723098685870053,0.00877501129027518,0.9813646125004046
276,0.6873553128238808,0.026136166121127895,0.0007312333410869943,0.011349740991905458,0.27442754672199887
277,0.7838216054304574,0.10451105120941892,0.0003897743597580346,0.025283859036813836,0.08599370996355188
278,0.5484344139457751,0.15447496289493692,0.00022549581454702156,0.05274059033621559,0.24412453700852538
279,0.42388900432976917,0.4612520900046735,0.0003157686824101519,0.09669034942386454,0.017852787559282702
280,0.26567806294197177,0.06466170784721552,0.0001299884910354711,0.3015503983080088,0.3679798424117684
281,0.3116837171158594,0.24377905025584012,0.00026940806345693275,0.39552427383358124,0.04874355073126234
282,0.051042396009323664,0.03345943530356792,0.00022571851131415228,0.4327426539966814,0.48252979617911274
283,0.2518598020252923,0.562950617132887,0.00033488673231557196,0.17735316505750384,0.007501529052001264
284,0.07709741986205676,0.04293009008669985,0.00010409230481065063,0.3518967628104418,0.527971634935991
285,0.35753580710227395,0.31936563847006955,0.00032095006740512794,0.2806309758647788,0.04214662849547259
286,0.2550534220694811,0.06673166288029543,0.00015828417872684506,0.5925336348893275,0.0855229959821691
287,0.1278464121376118,0.5367221024128092,0.000636627886430071,0.32754637873893994,0.007248478824209091
288,0.13182313324724074,0.03373619524129894,0.00013807588532476346,0.5473532624444774,0.2869493331816581
289,0.15860824458527073,0.0912694460021313,0.00020429138649592218,0.7235313449738658,0.0263866730522362
290,0.06570094372166817,0.03501582531912106,9.155122058462804e-05,0.8922755066416389,0.006916173096987201
291,0.23433565746628887,0.09365324217993042,0.0001622492172513477,0.587664662053036,0.08418418908349337
292,0.05660893269138402,0.3686840099252003,0.0012709930398787713,0.5697703051955427,0.0036657591479941887
293,0.1417051875192263,0.10091090442463171,0.00019135674174006312,0.7415634743131826,0.01562907700121939
294,0.08167224477046676,0.5988614570644742,0.0011224325040980236,0.313974967365111,0.004368898295850045
295,0.14044692173586248,0.13442886483712416,0.00027087334730353563,0.5965476040865093,0.1283057359932004
296,0.13245554244565483,0.5099184835012739,0.0006472301618616189,0.34485198985453497,0.012126754036674485
297,0.18188768701045388,0.2999650849219382,0.0007147164475047569,0.48965458052791117,0.027777931092191937
298,0.15596758892142729,0.765859232521874,0.0009235453309807006,0.06337775691590675,0.013871876309811413
299,0.0744615083024511,0.7896149904647523,0.0020969073768164035,0.12919528625569754,0.004631307600282779
300,0.20368919135628855,0.5679359757821061,0.000710366008024298,0.1916141509812304,0.03605031587235062
301,0.05584368348493942,0.7846692701878353,0.0070915808613543005,0.14825633842956756,0.004139127036303371
302,0.2349717382870043,0.24089118132271364,0.000468009331408622,0.3246486567201527,0.19902041433872075
303,0.13442457809998873,0.45978892939660065,0.0004952519181749171,0.39211669118410974,0.013174549401125852
304,0.11345415821326885,0.6974817648584155,0.0016330177457170593,0.17847169191062554,0.008959367271973159
305,0.28575243310844695,0.43985116374720357,0.0004199158811700743,0.200875622267608,0.07310086499557142
306,0.09629353552782882,0.6615542667557262,0.0029107684253166155,0.23071120527686034,0.008530224014267963
307,0.3134019926971526,0.19609934056274458,0.0002723437552408406,0.41654707568320437,0.07367924730165759
308,0.18816695200325143,0.5723531775130649,0.0009827744249635533,0.2333556834024301,0.005141412656290166
309,0.30744912724973206,0.4350171021185304,0.00047421830687253974,0.23792385258069731,0.019135699744167508
310,0.27605487971066917,0.6170171394163966,0.0015975540692902235,0.09897281991753981,0.006357606886104228
311,0.09464136638440582,0.8250050728716112,0.00680916425617163,0.0653566776604397,0.008187718827371696
312,0.10874874917641972,0.8094177294999905,0.001964085034911067,0.07360188445300037,0.006267551835678357
313,0.14925501534954122,0.7127130328548406,0.002213977373677316,0.12142538525371545,0.01439258916822557
314,0.19049782555253034,0.4954699078631969,0.0006007665337747891,0.29962933790019075,0.013802162150307185
315,0.2366657962962192,0.6254316808105073,0.0005410134003711519,0.10551005393179337,0.03185145556110889
316,0.1410403252374741,0.7493685897318522,0.0005247697638454674,0.10202239574628937,0.007043919520538827
317,0.19824334749567596,0.6563730652262295,0.0003358712783551505,0.13685282886095135,0.008194887138788047
318,0.06496650151767465,0.8635281492835069,0.0010188644151187859,0.06529033252626157,0.005196152257438407
319,0.041589591116626044,0.08541940737458792,0.0002471383778034922,0.040961244857880115,0.8317826182731024
320,0.10210158224779246,0.7340725421465317,0.00020836503130097387,0.1507775476411651,0.012839962933209633
321,0.292298070157546,0.3529292062965581,0.00022517048423237708,0.3030176528211052,0.051529900240558126
322,0.3792728866209329,0.42459348739928027,0.00020843255297777225,0.17659004200110767,0.01933515142570139
323,0.1203820374075265,0.6240177682309402,0.0002648608283842183,0.2494145943752705,0.005920739157878511
324,0.22956787529564918,0.49574092514390744,0.0002557221780957285,0.2027493795339214,0.07168609784842621
325,0.07486202194292822,0.6798948132393443,0.0007664195401935589,0.24148984286920286,0.0029869024083309893
326,0.25155291828099524,0.28065526553732506,0.0002294597959921228,0.2862604177103075,0.18130193867538003
327,0.19037321634650592,0.49714928751617005,0.0004055251720370909,0.30719800525686086,0.004873965708426136
328,0.15154823858369174,0.5054899195535157,0.0003617545396537355,0.33868505193805615,0.003915035385082633
329,0.08224078986051535,0.8794480678604221,0.0003427776989787061,0.03273006112855581,0.00523830345152808
330,0.2514235450248324,0.4202722187078085,0.0003324521606341759,0.3045308642552913,0.02344091985143374
331,0.1435765332269974,0.6513152054047175,0.0005024585029757498,0.17323526364448485,0.031370539220824396
332,0.08698298419382391,0.8270739534541596,0.000495152500878356,0.07823918662260933,0.007208723228528708
333,0.13800028704296763,0.18636586155851062,0.0003523400681888256,0.3505199701071635,0.3247615412231694
334,0.1299783356896373,0.7116751305790447,0.0025013592028780237,0.14374292976000708,0.012102244768432972
335,0.0381007642464168,0.05768343388233999,0.0004778338319032177,0.123434873601683,0.780303094437657
336,0.0065245536775348,0.013978642690127458,0.004421784415358583,0.002910196037419856,0.9721648231795592
337,0.008656038236647203,0.004949490281105005,1.0467705539570669e-05,0.011181973413654542,0.9752020303630538
338,0.022040918272203367,0.0031249179172409,1.4870847372308923e-05,0.004025167435608317,0.970794125527575
339,0.10779248548124414,0.008955401639076965,0.00010916953290423694,0.010364486092970462,0.8727784572538042
340,0.3463948498668036,0.14604794111352357,0.0002649517242514827,0.022697120335507918,0.4845951369599134
341,0.4039732987167413,0.1691598972790044,0.0002820524976919827,0.08431870582408257,0.3422660456824797
342,0.27584286927852064,0.1379840013588383,0.00026660018246582395,0.23146905716223945,0.35443747201793574
343,0.20778864930552265,0.3124001713888508,0.00024016916347795343,0.3555053787804892,0.1240656313616595
344,0.31683735577670646,0.15038431028364369,0.0002507414403970225,0.4048233137412152,0.12770427875803764
345,0.24068863285430225,0.40989900401284896,0.00033812002125053336,0.3139671491770075,0.035107093934590765
346,0.22853354198584508,0.5550473621910393,0.0010870383027491925,0.20449919874738512,0.010832858772981381
347,0.2960261209793507,0.5325359103628995,0.0008016880463442899,0.15791069752199935,0.012725583089406148
348,0.11796188221955142,0.800240333089679,0.0021409820426764137,0.07370966869368527,0.005947133954407864
349,0.0470094698229378,0.9139256860380573,0.012264529544370089,0.023158912930637984,0.003641401663996965
350,0.05452690892713062,0.9167763545037495,0.0033322265376429347,0.020779829277475792,0.004584680754001258
351,0.061254439283304464,0.917580328003647,0.009880096826540915,0.0062271197365522625,0.005058016149955392
352,0.09120239803048634,0.8931989821267701,0.004404704320407773,0.006855615635057999,0.004338299887277711
353,0.04109117675745828,0.9357597805755129,0.01693294508347426,0.002247923327865777,0.003968174255688698
354,0.10776163627272942,0.8745164927666904,0.004798275624914261,0.009630194754740464,0.0032934005809255374
355,0.04898877335974362,0.9355386695063767,0.0027698562997176836,0.008892838117784617,0.0038098627163774914
356,0.06896918066514159,0.8915761769475274,0.011422965706324588,0.024709840009778546,0.003321836671227763
357,0.05064110066984464,0.9110321300825605,0.0017283167366038334,0.0345343755550278,0.0020640769559632966
358,0.07823517618213394,0.8202437390458283,0.001585261879486949,0.09514044913047841,0.004795373762072407
359,0.11826160751033223,0.7308047788021358,0.001258951006116479,0.14015740206952484,0.009517260611890578
360,0.17321611917970864,0.44364389872599974,0.0008748960791381408,0.36847301025726387,0.01379207575788964
361,0.2387208680778492,0.2556181302856584,0.0004806953372525146,0.46325226290790344,0.04192804339133664
362,0.10690971083792114,0.16463575627410904,0.0009712772878845954,0.7108436243641001,0.01663963123598508
363,0.09138009131295001,0.07878136619444294,0.0004829488047528574,0.8070020828329246,0.02235351085492967
364,0.10169246002270625,0.030899212402972817,0.0001573867364820108,0.8390713819813367,0.02817955885650211
365,0.04659493633499868,0.035176711666803966,0.00028664249750006126,0.9037375216203577,0.014204187880339614
366,0.06225150315464574,0.02854503760109069,0.0008193968264785625,0.8834653347936996,0.024918727624085476
367,0.02877875665682759,0.039788845057533356,0.0008243865844610996,0.9179483965737494,0.01265961512742845
368,0.030475550222447873,0.026242973302850178,0.0007356425253522219,0.9232744435594887,0.01927139038986098
369,0.01163784353279055,0.011218568679845874,0.00019122736145318697,0.9721985414064223,0.004753819019488165
370,0.021749017127939627,0.023352534120216047,0.0003848030023297513,0.9405990811535392,0.013914564595975502
