epoch,N1,N2,N3,R,W
0,0.016055731495892137,0.0006706111652746559,3.590806424149331e-05,0.00026218720068793593,0.9829755620739038
1,0.00803236370404624,0.0008251803961313115,1.094202409493398e-05,8.331932646946834e-05,0.991048194549258
2,0.006947204341339402,0.00016618299857170893,1.0388367351629392e-09,9.565920557464754e-05,0.9927909524156776
3,0.005969319100675574,0.0003252774697166626,5.056083234250647e-06,0.00010555418447780353,0.9935947931618958
4,0.08133115400541356,0.0025692942490544175,2.0737573008794786e-05,0.0006495597854201103,0.9154292543871031
5,0.021222901032528326,0.0035099971384515796,2.5812254090853914e-05,0.0002706263987278724,0.9749706631762013
6,0.0794551487363237,0.008724820718901172,2.954091836227404e-05,0.0014562298125521064,0.9103342598138608
7,0.03860138969469385,0.006960629923513902,4.4185012683764606e-05,0.0009283037535277751,0.9534654916155808
8,0.18092509801736353,0.023792007926650063,6.285776240647786e-05,0.006001069904080035,0.7892189663895
9,0.3064803877066831,0.1183699286173661,0.0001707197364128864,0.01228077249857209,0.5626981914409658
10,0.1918990582004997,0.3265964455768424,0.004519205441733443,0.006605771850203318,0.47037951893072105
11,0.2724111200338012,0.27628344129341564,0.0009889826904392063,0.025170028360385562,0.4251464276219583
12,0.19131454045319835,0.16714395190999762,0.000980832966511427,0.016679968991385297,0.6238807056789073
13,0.12289791217726327,0.32700745537885956,0.0007882562176082149,0.020844780918179866,0.5284615953080891
14,0.12546249246236768,0.15837453030999576,0.001074775788644102,0.012976612525395639,0.7021115889135969
15,0.29826445853321315,0.13849205333977127,0.0005070330183158673,0.03702878040520686,0.5257076747034929
16,0.10440486556520587,0.4689112222027911,0.0017327473232791693,0.01044878055444173,0.4145023843542821
17,0.1389462397226397,0.22791915953372716,0.001855655966681467,0.012726442688533101,0.6185525020884186
18,0.35740303277942437,0.1840820043770241,0.0005796890119006958,0.040011235874966744,0.4179240379566841
19,0.06235663972847394,0.1270762268645299,0.0005716117042678638,0.005146707367121908,0.8048488143356063
20,0.10608822239344673,0.5181331305040434,0.005557419804082468,0.004781683013350559,0.36543954428507686
21,0.41908410843022204,0.15129563328926984,0.0005856694604938517,0.02084087130893012,0.4081937175110842
22,0.04226104796229727,0.7857172975932173,0.004981266799133273,0.0014482242501407915,0.1655921633952113
23,0.31076270254151456,0.3230800070799237,0.0011197874662838357,0.013582073923334867,0.35145542898894305
24,0.15226506149485589,0.5381376767729138,0.0030029471645298847,0.0016944779106196463,0.3048998366570808
25,0.10279879553248554,0.69918948565345,0.012591076605878299,0.011011420547724048,0.1744092216604621
26,0.22023141931685153,0.4724320751958451,0.002306796565644605,0.009098129471686901,0.295931579449972
27,0.06380099298023725,0.7207354284703198,0.04725425847961146,0.00196328240258834,0.16624603766724322
28,0.12652591913519287,0.5966307816295338,0.007170682754395786,0.006548312435401505,0.2631243040454761
29,0.1432334412656845,0.6174760619675936,0.006081050384694075,0.00518410822782234,0.2280253381542055
30,0.03480802233044757,0.8140160373361005,0.03955846098970268,0.0013695620349940246,0.11024791730875519
31,0.08913635617084356,0.5296133534120481,0.008995973702406318,0.005205141249949543,0.3670491754647526
32,0.030253709416865823,0.8335439700617296,0.027978799733323217,0.0021744156099182,0.10604910517816316
33,0.04811074627995252,0.9011009624804057,0.019894419755251587,0.0010492201727341779,0.02984465131165603
34,0.07026296789418207,0.8850680152548293,0.023466371505803576,0.0007626220445693735,0.020440023300615597
35,0.056424882142969396,0.8440717411738474,0.04119096892743907,0.0007765001882524418,0.05753590756749161
36,0.03664141755610841,0.8099096474683514,0.1381268658618162,0.0002893220752612596,0.015032747038462704
37,0.022805962648116008,0.7516444180410385,0.20919047328891113,0.0005355466111915156,0.015823599410743024
38,0.005594543532326743,0.7754763625012943,0.21157076154895935,0.00020389908134904732,0.00715443333607053
39,0.008652940579797439,0.5534166019894464,0.4283115444248947,0.00017547519676854685,0.009443437809092889
40,0.03056699233238427,0.8286109893449453,0.1323785124697293,0.0003716038187377758,0.008071902034203321
41,0.0022428730226973746,0.3350467767495349,0.6575650522676135,9.403793984955088e-05,0.005051260020304684
42,0.00518483248534372,0.47679168500116503,0.5104212972064064,6.912812863657988e-05,0.007533057178448216
43,0.0013239359524111444,0.26574605032959786,0.7267033284342331,7.50685896410173e-05,0.006151616694116899
44,0.0008686558313736764,0.25949267792816394,0.7313660080795766,5.2893014363203745e-05,0.008219765146522541
45,0.002208699495795696,0.5239627800733958,0.46691219727555355,8.634010010873142e-05,0.006829983055146334
46,0.0029879235553956058,0.3137568320047338,0.6748005050234486,0.00011270015333305861,0.008342039263089041
47,0.0056020701791393394,0.5435581963727482,0.44450156988354583,9.165427081992924e-05,0.006246509293746819
48,0.006039866520551268,0.6056535111302223,0.38073659244764696,7.486600148416087e-05,0.0074951639000953
49,0.001496636600970298,0.26521215391349273,0.7242183277473043,5.762351713463143e-05,0.009015258221098051
50,0.007311119083136446,0.6413341976370625,0.32590053289160703,0.00014826993555775675,0.02530588045263632
51,0.12226623339010104,0.7018736708206598,0.11468559290451807,0.0007188103669535572,0.06045569251776766
52,0.01127129819610671,0.7683130098485996,0.19956824672702694,0.00020814608636901031,0.020639299141897636
53,0.013970541432664591,0.6703266958864,0.3035092127726006,8.657911461127644e-05,0.012106970793723358
54,0.007705838147036439,0.4111998954201047,0.5685424101705754,0.00010353021434198635,0.012448326047941457
55,0.002183057359603387,0.5477885298930303,0.4428630735591431,6.61278816858998e-05,0.00709921130653722
56,0.001319379579866563,0.47963089726871455,0.5134269000135575,5.864625135378753e-05,0.005564176886507668
57,0.0016795306989410346,0.5212926739745536,0.4711570640305334,0.00011143606763437875,0.005759295228337726
58,0.0006010070095430286,0.14991370115630928,0.8473998946460126,1.9929422484813876e-05,0.00206546776565037
59,0.0014040417614403576,0.27200917571616706,0.7221305407431164,4.767109693040535e-05,0.004408570682345881
60,0.0018070462884048866,0.1326921387980389,0.8530673384873839,0.00011778284144133798,0.012315693584730973
61,0.0017683634181399376,0.12207308962006061,0.8695508594523343,7.267421155363044e-05,0.006535013297911609
62,0.0016456888860308292,0.18755898924096207,0.8033198915905994,0.0001033655794409084,0.007372064702966713
63,0.0021852424254260555,0.18226986873989992,0.8065896935359139,9.460828364480187e-05,0.00886058701511533
64,0.00112613342706316,0.23079942167518885,0.7629485059518438,0.00012975023124191853,0.004996188714662207
65,0.0017199128488399678,0.27577880627462537,0.716852030501742,0.00014502576129497093,0.005504224613497662
66,0.0027592983398174596,0.5676111983941252,0.4226805036604547,0.0002585636204168154,0.006690435985185922
67,0.0015230176669648286,0.3744319134304511,0.6172953176804005,0.00014090637071101516,0.006608844851472503
68,0.0009487047569316076,0.24563875980261607,0.746616687466225,0.00011601198663529312,0.006679835987591932
69,0.0014529241328767842,0.41593507710309113,0.5773175744038523,0.00011498499234105585,0.005179439367838655
70,0.0017107628060533582,0.29974027873306736,0.6908452347103203,7.688189523255531e-05,0.007626841855326328
71,0.0022691695954462346,0.6575315408194126,0.3317852942274871,0.0001729501146741987,0.008241045242979852
72,0.010851387452661423,0.7970787871137905,0.18313456493822167,0.0003340244063979373,0.00860123608892856
73,0.0034249801702720194,0.5078197813140871,0.4812559049505885,0.00022894794776259775,0.007270385617289764
74,0.004038658600189211,0.7331890800781309,0.2495897199328639,0.00021567303842491892,0.01296686835039106
75,0.0017072733688049669,0.4251483770472031,0.5686449805191631,0.00010169113130173045,0.004397677933527106
76,0.004297295608869328,0.5414715080476585,0.4490480125818202,0.0002506218293089653,0.004932561932343098
77,0.0015847367529039104,0.40383945094295254,0.5895383747395289,0.00010351931600160061,0.0049339182486130865
78,0.004654589943762112,0.3983517572728489,0.589589470939235,0.00029653904840175424,0.007107642795752251
79,0.04010476511531651,0.8033501006963643,0.1404421486715248,0.0045631761674310755,0.01153980934936333
80,0.007249448405666941,0.7442857323404937,0.2425320685177959,0.0013875716027307728,0.004545179133312766
81,0.006322807959788381,0.7146264038393735,0.27390489613883684,0.0006882580815368733,0.00445763398046442
82,0.023768028255900058,0.8962033841597707,0.07130744962091823,0.0032509736462956076,0.005470164317115383
83,0.0030396659370160797,0.46751405579700517,0.5222745518181129,0.0005059998938627562,0.006665726554003065
84,0.008698397341984108,0.6649836289185833,0.32020598160397146,0.000683877773915505,0.005428114361545499
85,0.023802291141665127,0.5867442009578966,0.3732680609418556,0.0008920126440841511,0.01529343431449855
86,0.009571677730818542,0.5622392974814212,0.4098573330492602,0.00045224950720342385,0.0178794422312968
87,0.022911814846023233,0.7763702043110013,0.18297823884269832,0.0023934642158691373,0.015346277784408058
88,0.025617930254456973,0.7876192347690895,0.16161801945810486,0.0010556818014457652,0.024089133716902963
89,0.30421753707874877,0.6411417756781725,0.01626957229680555,0.002380222231634893,0.035990892714638206
90,0.023466239399707958,0.8316664451104155,0.12671704297573114,0.00035821924755991024,0.017792053266585436
91,0.04653962079695032,0.8284060988737237,0.10440687750276828,0.0007681889846041166,0.019879213841953635
92,0.020492280389938288,0.8825272188266712,0.08125970570617146,0.001145771086569313,0.01457502399064971
93,0.002332927787214067,0.489069242727698,0.4902209918927476,0.00038217436400259954,0.01799466322833783
94,0.005034546041929793,0.5531491159513807,0.43765923488802433,0.0002579821568092545,0.003899120961856016
95,0.0141207856110643,0.7244791273137281,0.2542544863349673,0.0011618884163763722,0.005983712323863775
96,0.005080053632205657,0.5763818548553803,0.41171665988366335,0.00039219285693083865,0.006429238771819746
97,0.012385847139288812,0.6110509394374976,0.3683537245369503,0.0008489559816393322,0.007360532904624012
98,0.008311229695940744,0.46097527784246267,0.5172322422781257,0.0004930304661926438,0.01298821971727813
99,0.008098260541513852,0.7897233023834801,0.19182630362413752,0.001201027152282602,0.009151106298586202
100,0.00962372264632663,0.7731650175106384,0.20391089434330376,0.0013993116363990538,0.011901053863332145
101,0.006240456958491131,0.4459620042880047,0.537591791800974,0.0008392025902246287,0.009366544362305522
102,0.011192441480947793,0.6049365470125334,0.3749581288775805,0.0011742123243084156,0.00773867030462983
103,0.005280157090384119,0.47747826476411404,0.5116145392941773,0.0014727067533025406,0.004154332098021989
104,0.05042202901758438,0.7895761591698596,0.13466481811445757,0.005700370553529714,0.01963662314456885
105,0.01582202742606776,0.7753407237498261,0.20159722971125954,0.0013498869413062801,0.005890132171540057
106,0.015748616753198434,0.7784159223009959,0.19753196346825097,0.0008951927942760132,0.007408304683278641
107,0.011512997547738863,0.7680302557510122,0.2081118185760533,0.0010516246144990776,0.011293303510696538
108,0.008734095224372766,0.5955677584207997,0.3778819801791015,0.0013279376820892164,0.016488228493636764
109,0.254569006931313,0.6209300783213773,0.06121184706954431,0.002239691042431547,0.06104937663533378
110,0.02266392005740053,0.8199757553759751,0.12918841168112413,0.0007950683960823862,0.027376844489417896
111,0.020414974635124507,0.7462009729705136,0.1943418205621327,0.000909269028534778,0.03813296280369424
112,0.01488577664929128,0.806438388995075,0.1598843988362658,0.0011514943518862921,0.017639941167481625
113,0.025437019803100272,0.8790984056481722,0.07829126448202763,0.006938829334837909,0.010234480731862002
114,0.007701046805893992,0.7830087161119507,0.19940196165184387,0.0012133693033887602,0.00867490612692263
115,0.01237940865973004,0.7267277955169623,0.24745316788309576,0.0010731786093880716,0.01236644933082388
116,0.028419913018024965,0.7238120902713038,0.24122513449813723,0.0007263679314643239,0.005816494281069584
117,0.05101380052916632,0.8761595847803288,0.06112068903679109,0.006738465898060467,0.004967459755653093
118,0.020026334909566186,0.7999918799187652,0.1708182680129747,0.0043483836832432215,0.004815133475450767
119,0.007115943940414504,0.8065692032429914,0.18272944794380994,0.0011527110509467321,0.0024326938218374133
120,0.02478037766976693,0.8681376793247946,0.10022178777905269,0.003669145487852099,0.0031910097385335462
121,0.010347886725197831,0.7156130851030083,0.26751270304147257,0.0014980561572247061,0.005028268973096506
122,0.007483697900371651,0.6774463730515481,0.309128826309634,0.0024159421850891848,0.003525160553357075
123,0.01990186276609444,0.7445769498668398,0.2293870439196784,0.0017761606062537635,0.004357982841133649
124,0.015535607827949414,0.724215012793243,0.25358927251357455,0.0015770259706251023,0.005083080894607891
125,0.03422814223093144,0.8915121286362723,0.06758716998133407,0.0029351626131787776,0.0037373965382836087
126,0.008465027544557113,0.7880045811978502,0.1991263706367084,0.001271294219473596,0.003132726401410674
127,0.07573380155772541,0.886878050342265,0.0276101807798878,0.0029028441202985566,0.006875123199823008
128,0.01940883034812371,0.854303747346401,0.11920607697371398,0.0011576603428679693,0.005923684988893209
129,0.03045314832627954,0.934526252241071,0.030376326433072382,0.001754749519175777,0.0028895234804013296
130,0.018105578815962087,0.8508615999875018,0.12494768206237335,0.0006022959484444193,0.005482843185718203
131,0.014639360176510375,0.7906337180160194,0.18602551693647335,0.001509400943474935,0.007192003927521825
132,0.00655391589710236,0.7615639577545408,0.22614991878237836,0.0005237183824290585,0.005208489183549354
133,0.0021845231677466944,0.1805931178264942,0.8128033596473782,0.00029669080914747375,0.0041223085492333444
134,0.05165336063766957,0.8628525938465773,0.0663052402775887,0.003819813160612497,0.01536899207755204
135,0.004134948613161984,0.5069728125674208,0.4756039188987901,0.000563431938593851,0.012724887982033284
136,0.01488973741822391,0.5556118323125088,0.41246063162302726,0.0023135746108623964,0.01472422403537779
137,0.054469747105571134,0.6120772449222195,0.23737090992043003,0.006787673077752365,0.08929442497402705
138,0.2597753006724609,0.6345373561196591,0.04353390629833056,0.03100771559075357,0.031145721318795908
139,0.16970378842847866,0.4360454359676776,0.015304728919572654,0.005957326331499628,0.37298872035277153
140,0.20316277987960712,0.7517717658056654,0.005507765042048076,0.006424349614219045,0.03313333965846042
141,0.31171032903289425,0.6193714825947709,0.0029178150800354464,0.02277392507658893,0.043226448215710436
142,0.2817769868963047,0.5899798142731014,0.0271832070476317,0.013658297308180196,0.08740169447478198
143,0.08325909023287002,0.8517534570794935,0.012959233056917568,0.015809448637974736,0.03621877099274429
144,0.15418040573427508,0.6888578623836454,0.008904938804399612,0.11524294625462911,0.03281384682305066
145,0.18165085899806432,0.6114297632644285,0.026768348879946714,0.07827753613218469,0.10187349272537574
146,0.5585444786620776,0.07365384220523241,0.00035937752665086655,0.038088582505286774,0.3293537191007524
147,0.6345331654731287,0.25009521855579525,0.0025670552424821107,0.01951258974701819,0.09329197098157561
148,0.6343641831972241,0.14333151074073022,0.005740155955763694,0.05956256509165456,0.15700158501462735
149,0.5900996850975514,0.17180508498694966,0.0014349827681496596,0.16229350315222552,0.07436674399512375
150,0.16227872814392372,0.6239888711036703,0.011855126745109709,0.1271914093893909,0.07468586461790533
151,0.2053756329394676,0.30761020116439913,0.002491649205693421,0.45535750096728345,0.02916501572315636
152,0.18252341035046024,0.6420168322305395,0.010573582707862069,0.12839989044816774,0.03648628426297033
153,0.15535299621771612,0.5450062577774352,0.003334069506818186,0.26195394675020695,0.03435272974782352
154,0.1059707424741594,0.4871336655529323,0.030903888627465844,0.3352532020269483,0.04073850131849415
155,0.07164837066779506,0.1965499201146033,0.00326441542570014,0.7067322935595808,0.021805000232320574
156,0.0535435772558528,0.23181419925158964,0.0016316274835820757,0.6982384758273622,0.01477212018161327
157,0.09313468066187583,0.3006805597232073,0.012968709301983228,0.48657747109451044,0.10663857921842324
158,0.06773782183556748,0.08643740609457073,0.000636011761569176,0.8286540382782636,0.016534722030028974
159,0.058913782582727156,0.1912042129664399,0.002299130937894271,0.7240228775578327,0.0235599959551059
160,0.050754396460861245,0.3150571568006048,0.01001514075125609,0.5897025103992667,0.03447079558801101
161,0.01846168236077005,0.13852933464342862,0.0008732054880802439,0.8149682271371935,0.027167550370527618
162,0.019796513768181378,0.19529449325095574,0.005509512261713447,0.7562040825606067,0.023195398158542813
163,0.027769189906086716,0.039822700090144734,0.00023897336004643027,0.9234618482068669,0.008707288436855231
164,0.07965842038015614,0.14631151562425823,0.0031918547154323423,0.7227700145351642,0.048068194744989204
165,0.04061307493362293,0.14612248663148106,0.0005353810087304684,0.7976388536144141,0.015090203811751527
166,0.06383221789767594,0.3442840109286878,0.0035541144886685637,0.5589283562690148,0.02940130041595284
167,0.0397473762522434,0.06612037380589886,0.00035251347237531507,0.8782631426459403,0.015516593823541999
168,0.03949596131486224,0.38953228395692885,0.0030883708016096576,0.557325202374227,0.010558181552372228
169,0.0913211524652342,0.07454962984125783,0.0003179559059718572,0.8266028953576167,0.007208366429919389
170,0.12384840608937346,0.5625051600376756,0.0522738687345648,0.23191459129238276,0.029457973846003325
171,0.09890688031464685,0.30573573360457046,0.0009277797697099385,0.5815770147731409,0.012852591537931848
172,0.06323800642927034,0.3612746932805451,0.002846484091301023,0.5634738342603665,0.009166981938517104
173,0.1098547778963059,0.24688104250338916,0.0008448506222861333,0.6290839510457369,0.013335377932281844
174,0.09793521979940586,0.8286628696490069,0.006654152425423635,0.05447656300639447,0.012271195119768952
175,0.09566537529138193,0.6333061231337538,0.0007866305276513225,0.24930902902496635,0.020932842022246587
176,0.11397627847074855,0.7619691296202553,0.002807211001927689,0.09035732146959886,0.0308900594374696
177,0.041791769021697144,0.8204212293693481,0.009086047443361814,0.11769869210885624,0.011002262056736425
178,0.1940564246083129,0.42951486447771775,0.00224429261294946,0.3121306797516753,0.06205373854934456
179,0.11179889520834278,0.7852966996330553,0.002909815160867594,0.08081869935140981,0.019175890646324426
180,0.14070864606085032,0.7048054778036319,0.012647959640804056,0.0889822395891726,0.05285567690554117
181,0.40067442055284475,0.4388716775420574,0.001831591223501627,0.11632823409696746,0.042294076584628804
182,0.23770343713384795,0.6090308898936003,0.004837491370459741,0.06967960537467355,0.07874857622741846
183,0.19328426900597895,0.7055330686661326,0.004045340393820056,0.0595012434116416,0.03763607852242662
184,0.1410781464092036,0.7884516156746614,0.011666787535604514,0.0292073143177049,0.029596136062825414
185,0.1217694198702195,0.7996105338577696,0.007902866135840722,0.045913008670263704,0.024804171465906417
186,0.04454341241290043,0.8634672849502608,0.029294195938423646,0.01689560351646412,0.04579950318195101
187,0.07805774496615392,0.7629149746020114,0.05881874861916083,0.005885833876217945,0.09432269793645587
188,0.08807858659613534,0.8275025694687295,0.032108220908682684,0.014833370715474354,0.03747725231097812
189,0.0600432368894566,0.8032261628960494,0.022315508950643635,0.020671644326353468,0.09374344693749696
190,0.11165117685390397,0.8330306817801767,0.015609108062914042,0.0173392036895625,0.0223698296134427
191,0.08565560039911456,0.8654190060797622,0.0044997416058171185,0.03342349537797099,0.011002156537335201
192,0.2940552865389327,0.6228558365006801,0.010282764728862045,0.017541649399648668,0.055264462831876505
193,0.1946177333091115,0.5499544974569714,0.0032866747937489575,0.23491381230609187,0.01722728213407621
194,0.3039865952288449,0.545336099664386,0.0012562496508820833,0.09997837740233784,0.0494426780535492
195,0.3907694489925247,0.4740004242678874,0.0037191313729328323,0.02743458730543892,0.10407640806121608
196,0.26039531446786396,0.6120603055995358,0.008743834257796467,0.05623472153815938,0.06256582413664426
197,0.11107696784797037,0.8368746264544126,0.002610172231569725,0.0237136495696672,0.025724583896380264
198,0.20172153767708606,0.6722927476623726,0.0020011308873485864,0.024360226392376914,0.09962435738081579
199,0.08879045911509115,0.8492811150824601,0.01109936430113272,0.010984205298036077,0.03984485620327982
200,0.39300523004926224,0.45638069173229634,0.0011738752248912994,0.02937817801633048,0.1200620249772196
201,0.09839835534383583,0.8432327649241966,0.02499325437607207,0.007470822217762298,0.025904803138133432
202,0.4919364991226694,0.4304834752568858,0.0004907355569500086,0.039141931781532247,0.03794735828196262
203,0.3512675119930981,0.5563995281508829,0.011099665280908876,0.0034282639631779328,0.0778050306119323
204,0.14388157429056433,0.8225756054692666,0.002456473638104675,0.00405114422520014,0.027035202376863948
205,0.36422160794457964,0.5995121981457255,0.003402591267951985,0.0013467577726951744,0.031516844869047676
206,0.24982385862779496,0.7284934743407165,0.003552621485150579,0.002636493302634279,0.01549355224370374
207,0.08910953474128144,0.8861627774047419,0.014905309914759734,0.002974493354810277,0.006847884584406493
208,0.05534305807281899,0.9210077197103098,0.014206659981494299,0.0038549461146588906,0.005587616120718073
209,0.034735670750244654,0.9365329073945415,0.01701535304052734,0.002867126087188444,0.008848942727498007
210,0.03958760791740478,0.9067814440873097,0.04635695534375118,0.0027096139858462354,0.00456437866568823
211,0.014551608856141752,0.8439017309307948,0.13602064562695665,0.0017432805821548881,0.0037827340039518318
212,0.046019121286278886,0.8762801348130463,0.06735126909115008,0.0022831740661808197,0.008066300743343831
213,0.023445269560128792,0.9223499297247124,0.04723643788362629,0.003346390126425395,0.0036219727051070992
214,0.10126280223075529,0.8477818245918818,0.04087011539970335,0.002284042595621925,0.007801215182037455
215,0.01764261167546163,0.8754151736950978,0.10206590204925965,0.001206841033637543,0.0036694715465434907
216,0.02592393940860031,0.8648048587054524,0.0995071278346198,0.003340397951855627,0.0064236760994718445
217,0.0332079859596856,0.8982971981030792,0.056014675212923005,0.003914071773533892,0.008566068950778242
218,0.014822423496091927,0.7825180572530698,0.19203735518116935,0.0021292555948534612,0.008492908474815633
219,0.004632059243298843,0.7950374160122305,0.19729400560566962,0.0008880173001253438,0.0021485018386755064
220,0.032999098850031904,0.9128616107720059,0.047175136184125034,0.0033890340121493904,0.003575120181687749
221,0.0030587271336472628,0.5996526715601798,0.39373663229370987,0.0003601260562229604,0.003191842956240034
222,0.012091196897695321,0.8905204314229436,0.09374271815776276,0.00141876683675767,0.0022268866848406447
223,0.005390642099632748,0.721470399991936,0.2707276276190912,0.0007070577243611193,0.001704272564979071
224,0.00798704709444607,0.8830615451935222,0.10374206562280605,0.0024972593531692364,0.00271208273605666
225,0.0016194477358537653,0.7156987852363422,0.28071339490032043,0.0007813992993261189,0.0011869728281575342
226,0.004508972590799149,0.710635173325709,0.28064418367704824,0.0016896303983480031,0.002522040008095593
227,0.004792408337267853,0.8290769342587131,0.16301459284806036,0.0011955648464751817,0.0019204997094835685
228,0.013024183840750873,0.8929968353591652,0.08790392277980952,0.002627750557886524,0.003447307462387889
229,0.007631826297941037,0.8191874366237247,0.15899423049861797,0.003181926348504771,0.011004580231211546
230,0.024824936881770544,0.8424554895988176,0.12228529861267173,0.006143643571150223,0.004290631335589938
231,0.02905395745358394,0.3923908304456746,0.5624719237117832,0.00643789870129239,0.009645389687665791
232,0.01830088957209318,0.7379422012385124,0.22315954295892254,0.006359256089352663,0.014238110141119179
233,0.03509849835838239,0.4694350755326698,0.4312742511897571,0.01606347087655884,0.04812870404263186
234,0.20012999342484156,0.5687201979991032,0.05657068345442983,0.009580281326924029,0.16499884379470126
235,0.1429665472426759,0.650002756769654,0.01781410988366473,0.008289077509768856,0.18092750859423662
236,0.30179221741403567,0.6239852054109616,0.015360945860975103,0.013662496740545295,0.04519913457348216
237,0.28128876106698647,0.6828899808103219,0.0071208342698283415,0.0036115732119886097,0.025088850640874686
238,0.048233824656381985,0.9145378269558828,0.029943927982606398,0.000796331738458737,0.006488088666669961
239,0.028984657968760458,0.8748196747655098,0.09283081604919499,0.0006812953235921566,0.0026835558929424914
240,0.010590833378601379,0.8712176989699911,0.11526208480337238,0.0008374328664988301,0.0020919499815360803
241,0.01722197742042964,0.9317954925696013,0.04645104589360496,0.0015646692998670412,0.002966814816496948
242,0.0037414982980458786,0.909653897783328,0.0845175732186013,0.0007994216461893384,0.001287609053835551
243,0.0023390069141367136,0.35380822963796366,0.6417271839962996,0.00036798526802959324,0.0017575941835705252
244,0.002512080613513099,0.46705508626077025,0.5282594312393304,0.0002799993583557521,0.0018934025280305253
245,0.006154452086705247,0.6245625267080231,0.3634207118825136,0.0007936055829703482,0.005068703739787648
246,0.005659999034316736,0.8621200971933078,0.1266575353459538,0.0016390343175392331,0.003923334108882431
247,0.00503366791119836,0.6645534961643015,0.3246160692682905,0.0008664158790206636,0.004930350777189174
248,0.002471350505726614,0.7848272545689652,0.2085098673058298,0.0012572685786303736,0.00293425904084802
249,0.00400090856614868,0.6693776637529238,0.3193703932645678,0.00043539514367365434,0.006815639272686138
250,0.2006661412221405,0.6281787618582301,0.08578404121057533,0.0016830031963513891,0.08368805251270256
251,0.06855785117367041,0.733654509264923,0.1905005023318133,0.00032534020770485416,0.006961797021888354
252,0.06969802408262887,0.7537662002705776,0.1670305231492143,0.0004005624757237108,0.00910469002185537
253,0.05162887834181706,0.7861195350196496,0.15606406524911987,0.0007193050453885854,0.005468216344025031
254,0.0022495618273085357,0.4799724795860902,0.5144938773145098,0.0003820457424499384,0.002902035529641509
255,0.0011275776009830522,0.28834580561680057,0.7070651067701297,0.00032327913166638867,0.003138230880420357
256,0.0015245084388825136,0.5422348880340414,0.45334653689565396,0.0005601011834309939,0.0023339654479911033
257,0.011630338094468617,0.49759451014524475,0.4803631119062014,0.000995489974128649,0.009416549879956522
258,0.0008057710506075549,0.35807738357901175,0.6382884796971958,0.0001463712045317332,0.0026819944686530396
259,0.005094152269439368,0.5811418465163245,0.4096640313824488,0.00021539873999023462,0.0038845710917970082
260,0.0032538687225312033,0.8057788123638358,0.1879536834971871,0.00023359261614962082,0.0027800428002963257
261,0.0007156753513066121,0.497435247232159,0.49999849941880803,0.00011609356914948222,0.0017344844285767135
262,0.002622591609456566,0.5794706827192038,0.41516446476063096,0.0003231435181358644,0.002419117392572948
263,0.0008924458483297748,0.38857138984496853,0.6083038098180042,0.0001791386054467454,0.002053215883250642
264,0.0008013754042927195,0.45665338147688334,0.5407750699472695,0.00016551712345423862,0.0016046560481002721
265,0.0007430863057284972,0.19053169499005335,0.8067274747242439,0.00010655429100307081,0.0018911896889712003
266,0.0006691577574114434,0.1359194567670537,0.8605171832455037,0.00015336222064026483,0.00274084000939064
267,0.0008190022993735446,0.178814547511352,0.8176585318149151,0.00019334375652110892,0.0025145746178382835
268,0.0004270660302618421,0.21806480951592488,0.7789949039255675,0.00019594702401141146,0.002317273504234473
269,0.0009200683695094013,0.2403821102665239,0.7561088152828002,0.0004029602848436568,0.002186045796322857
270,0.0005156350164706549,0.2407940138435884,0.7564903518770549,0.00028738108686126755,0.00191261817602461
271,0.001322278047421211,0.12354194360926013,0.8702618679126872,0.0008785843660904204,0.003995326064540977
272,0.04567027756115826,0.15510045378233758,0.5822495882391515,0.026367885220543567,0.19061179519680915
273,0.21386327333968816,0.3118129209466034,0.20239407388757474,0.01752076125774135,0.2544089705683922
274,0.1993578022653942,0.6840018504394838,0.05719456720000475,0.007077500224995577,0.05236827987012164
275,0.20851070874740882,0.5850090169114743,0.06865227951157989,0.01157365127837875,0.12625434355115822
276,0.27813318504824,0.36216476632977646,0.020612284728928888,0.061230725121942726,0.277859038771112
277,0.1893841659067968,0.18761842199778456,0.004703088121328008,0.024782412460761283,0.5935119115133294
278,0.5930039622761418,0.15325725595908438,0.0009094899053726121,0.049920938793076276,0.20290835306632485
279,0.5224640425839558,0.07348567585306595,0.002845379505897561,0.03646885046142588,0.3647360515956548
280,0.6127231496006564,0.11683923225387303,0.0012800746815349003,0.0665522977973251,0.2026052456666107
281,0.42372482114036697,0.16284449131266424,0.002948621478757821,0.13508194836639087,0.27540011770182016
282,0.4443959021796519,0.3471141162512955,0.0008699034704180574,0.10980533869208357,0.09781473940655086
283,0.3081197243185484,0.053703502762247377,0.0005152873731588698,0.016859245179424685,0.6208022403666206
284,0.3024200715377792,0.49629494489944004,0.00407157132416455,0.025759423645232267,0.17145398859338393
285,0.5080259724229724,0.36657388794686224,0.0010501195322755593,0.039495806602040745,0.08485421349584904
286,0.567044540859066,0.21845757949883157,0.0020286951572845817,0.10381966463931142,0.10864951984550633
287,0.21560347456550374,0.6263074789288279,0.005426266909042083,0.10803849678310827,0.04462428281351801
288,0.2774366971589427,0.5560848743742126,0.007734434721420766,0.14260051513023198,0.016143478615191928
289,0.10021291828199677,0.6520231739197984,0.003380572753665461,0.2201936293028753,0.02418970574166407
290,0.08357519860660813,0.592386458745527,0.0019475292951205202,0.30823798881949943,0.013852824533244977
291,0.12403567480830385,0.6922593076542392,0.004154736175676406,0.1631474964738733,0.016402784887907224
292,0.1884044791868877,0.6459108315337392,0.006224131644397812,0.1412128292531814,0.018247728381793893
293,0.26981072166200565,0.5764103321214677,0.0017907689966165708,0.14569125445086853,0.006296922769041446
294,0.11339135960558266,0.8242694087925874,0.0011238269357957968,0.05817146994875539,0.0030439347172788738
295,0.10035846578291108,0.8522939888389794,0.001804350570151015,0.03855275001289955,0.006990444795058675
296,0.03815709306483946,0.9428592506838366,0.0034033523183997477,0.01257587732063876,0.0030044266122853753
297,0.04325108338993295,0.910830347359839,0.003686402455762141,0.03779217203425162,0.0044399947602141955
298,0.035442774256136664,0.9100366476359163,0.005165113776080366,0.04654711193491256,0.002808352396953868
299,0.06952541518029684,0.8702658902642086,0.01288995618403571,0.04265152302763925,0.004667215343819599
300,0.014900205129459101,0.9667965248627927,0.011797487000370333,0.0051561945172185,0.0013495884901593893
301,0.024684396598356043,0.9450395100038955,0.020853312583843833,0.0077300741356394545,0.0016927066782652096
302,0.03680749763937712,0.838285784841933,0.103011566280644,0.01660861388980826,0.005286537348237593
303,0.047470981858023335,0.9236831608194443,0.015377479113656863,0.007886550953499867,0.005581827255375573
304,0.02647424558974869,0.9064069547169854,0.05068136624459743,0.010978153906793128,0.005459279541875492
305,0.09498767922193398,0.8888586717419809,0.007602787030939679,0.004790514551675926,0.0037603474534695243
306,0.03657354659792283,0.924983775192813,0.030805576422212377,0.0032306490334034306,0.004406452753648238
307,0.021312286893652322,0.743658099645792,0.2236095390977826,0.00434411522911458,0.007075959133658556
308,0.15638476582081143,0.7632664841272105,0.021445534299522256,0.04166866524881704,0.017234550503638674
309,0.046158205963886374,0.7188690034809024,0.15001638981090662,0.07675492359601253,0.008201477148292067
310,0.03802903357534575,0.7279980464389189,0.07656363040173499,0.14717278259583202,0.010236506988168253
311,0.05142782025339649,0.6187799492444105,0.019272968251034684,0.2791986438159484,0.03132061843521
312,0.023367486766543533,0.776736472405021,0.041289032354599124,0.1492207879629303,0.009386220510905905
313,0.027591873482078748,0.7713500746610131,0.03346269326809397,0.1581044387250684,0.009490919863745936
314,0.012081526770148492,0.7786775766780286,0.042435146041460356,0.15781952231640808,0.008986228193954532
315,0.02140088738255022,0.8138839031601953,0.015928047584874643,0.14219255381253948,0.006594608059840284
316,0.03454752827448058,0.7216829722398758,0.009886739395847846,0.21824182195346084,0.01564093813633489
317,0.03920497481845059,0.8134133772516093,0.012282008420599684,0.11451744736095797,0.020582192148382382
318,0.03196993751772011,0.7567674096900203,0.04399189395869892,0.1577731113706066,0.009497647462954137
319,0.06532684666939592,0.6088738987804148,0.04212498649983668,0.24628988481502595,0.03738438323532672
320,0.025201808110257483,0.702691412116483,0.009990050009250056,0.25241393298936227,0.009702796774647046
321,0.02519583187491094,0.6814972512119407,0.014611959217573574,0.26542338875744953,0.013271568938125202
322,0.09016016047569177,0.7437928161051796,0.016901346471571335,0.12901825030689437,0.020127426640663068
323,0.06781604157962534,0.7065747246031984,0.02327914865588075,0.19462507297056705,0.007705012190728535
324,0.06528507290166646,0.8561223140726657,0.007008561932153188,0.06261877275227626,0.008965278341238144
325,0.05029498500785087,0.716570394424382,0.11794576562141978,0.10241340748007267,0.012775447466274679
326,0.06512732666539801,0.879795330170676,0.020609621218582192,0.024394659426257195,0.010073062519086745
327,0.07623464683459248,0.8507876164333639,0.030077053641678866,0.03683988696918559,0.006060796121179228
328,0.01667950682383726,0.7715826342158026,0.08605652434562343,0.11846591188768263,0.007215422727054051
329,0.08858694451116507,0.8344218460223287,0.006834965319307362,0.06445456133961204,0.005701682807586883
330,0.023374253521957312,0.9231826086068875,0.02123987427327799,0.027015454340625897,0.0051878092572512375
331,0.038834318792360385,0.7735224201769795,0.0036432500094035845,0.17556556899738648,0.008434442023870123
332,0.030428350140171992,0.8392641861991944,0.05731122809127021,0.06319244557463652,0.009803789994726902
333,0.03382433618659791,0.8381070578761903,0.02048933454782999,0.10105447786471947,0.006524793524662305
334,0.1357583937312946,0.7149975879839356,0.005765314193786289,0.1341981374098811,0.009280566681102331
335,0.030852232769172913,0.7942665515902927,0.04481846496840807,0.12433200985853753,0.0057307408135888775
336,0.12453313428913082,0.6897577679284199,0.005124897255292535,0.16218143992951695,0.018402760597639605
337,0.042901595950017524,0.7913985224775459,0.02370403164121023,0.13433372930718815,0.007662120624038255
338,0.13502920041285538,0.735764805464832,0.00135616277114832,0.12030155263027666,0.00754827872088755
339,0.048590303494825425,0.6864149909995696,0.020232166249824258,0.23752523771954723,0.007237301536233492
340,0.03694865303217016,0.7712970271164765,0.0023729515280225635,0.18054252244175342,0.008838845881577408
341,0.04018656476597451,0.7971862190397953,0.016290788988119483,0.13676568936074116,0.009570737845369473
342,0.07943008357615042,0.508087368069805,0.0007090735433657865,0.4002134604518192,0.01156001435885962
343,0.05633896123431313,0.8211975184964105,0.0012164958383693348,0.11315821233329817,0.008088812097608847
344,0.08770996706120064,0.6183087182650524,0.0010783887968566386,0.28504529719334487,0.007857628683545377
345,0.1790629884924263,0.6970373299250294,0.0006725411576008996,0.10809518193530375,0.015131958489639557
346,0.03691034850429189,0.8927453050873132,0.004670677146166223,0.05711795037273008,0.008555718889498748
347,0.09486451576361563,0.6794274072191377,0.000622618010388859,0.21751247224369266,0.007572986763165041
348,0.03747424561937647,0.8941863640180643,0.012164047186230539,0.04017086697732613,0.016004476199002575
349,0.11548270982338309,0.793410764220362,0.0013574481853025546,0.07474783429025053,0.015001243480701896
350,0.17947996527630852,0.7572905583461235,0.0013851957649763456,0.05215915660879616,0.009685124003795387
351,0.17190598972801516,0.7847716944536695,0.002136085574194232,0.026409310681366146,0.014776919562754988
352,0.09043752872670528,0.8432284470240925,0.005383422378392583,0.04393697720270065,0.01701362466810917
353,0.05535492668779482,0.8980370877619023,0.00850538903184203,0.01252246506725518,0.025580131451205693
354,0.13001528977701773,0.8041372022719844,0.002504185989433156,0.036928029962478924,0.026415291999085832
355,0.13532183526866107,0.8065495261085049,0.0011776295815232472,0.050817622586278956,0.006133386455031846
356,0.04665803671045733,0.9283867433432514,0.0029536344389891746,0.017005821385232076,0.004995764122069694
357,0.12006426426114535,0.8399112406057495,0.001980280557495283,0.02539615584024395,0.01264805873536593
358,0.017938497742542837,0.9521504811944334,0.008057665260161374,0.012506068978728363,0.009347286824133934
359,0.21348585352778335,0.6514169234823356,0.0015648960240117003,0.10545585683564028,0.02807647013022902
360,0.0762106641080101,0.8529778650291411,0.003920627792431766,0.03392854659565757,0.03296229647475927
361,0.1497499143271392,0.7314634449009444,0.002686704172606624,0.06976713341617802,0.0463328031831317
362,0.2403773087194512,0.6907717001913589,0.0014755287772549232,0.040109805026788896,0.027265657285146003
363,0.07968321295257731,0.8960933435493817,0.002407229171349438,0.01518112322818788,0.006635091098503798
364,0.031047557291854273,0.9507804886272762,0.010843649460110709,0.0039932610071050055,0.003335043613654004
365,0.0396414409497369,0.9491467664214517,0.0025776851310289513,0.004979376344158973,0.0036547311536237444
366,0.019036933471802676,0.9668141090160698,0.006015968547236362,0.005001454035916174,0.0031315349289750562
367,0.010401447040241003,0.9781836536636507,0.0050844776470177835,0.004427701944305133,0.0019027197047851692
368,0.023514871807336152,0.9630296682302163,0.005587452727743419,0.005428913875613549,0.002439093359090684
369,0.02843227298197225,0.9431950599546524,0.018152705251571716,0.005637064193261484,0.004582897618542105
370,0.034783123038088094,0.9305306242264556,0.025694972666581578,0.004458779970218269,0.004532500098656392
371,0.026664151549005883,0.9537230735766021,0.014893773154440139,0.002322891987180476,0.002396109732771426
372,0.08289915563132724,0.8640206786476607,0.030608747041652548,0.005440496927676205,0.017030921751683404
373,0.05606265994665699,0.9242416887152312,0.012154824838889333,0.002672825671336595,0.004868000827885996
374,0.024576561481677448,0.856710440909424,0.08824849877432597,0.0006124069520892149,0.02985209188248317
375,0.04486222217263819,0.9244348339824093,0.014364086675761377,0.005214152002474261,0.01112470516671695
376,0.09599282898023313,0.8054564623864684,0.013181999981935038,0.00899928831291218,0.07636942033845141
377,0.08330932627789546,0.8359300397897539,0.010262672898256343,0.00848083453672977,0.06201712649736475
378,0.42782059488476915,0.5489975623805557,0.0006696286808435196,0.013454032735378244,0.009058181318453403
