epoch,N1,N2,N3,R,W
0,0.0009155177660855596,0.000236208791778942,1.7943195551790568e-05,1.2494763257166194e-14,0.9988303302465711
1,0.001251297444306073,0.0014518282037119393,7.158956746156238e-05,0.00029469831921158965,0.9969305864653087
2,0.0009172105779116231,0.000107595204753333,2.4917696243596626e-05,6.580871413360165e-06,0.998943695649678
3,0.0002390845600237023,5.0133946660127284e-05,5.8175528511984956e-06,7.756032615908036e-06,0.9996972079078491
4,0.0004046901373890313,7.305849255509054e-05,1.187677066161227e-05,8.938155400476275e-06,0.9995014364439938
5,0.002970100608777411,0.00010109722610019557,2.2150627006674327e-06,1.1511165793081079e-05,0.9969150759366285
6,0.020551575647315457,0.003701276910333766,7.236753298768959e-06,0.0001332462115757777,0.9756066644774762
7,0.10798137933429451,0.001550238041803181,7.204868427108571e-06,0.0002166349987181745,0.8902445427567571
8,0.48166844409760634,0.006141004484354854,2.8960053438833945e-05,0.0002766297377025821,0.5118849616268975
9,0.46213693517895493,0.026857989769988662,0.00016223183001463259,0.0007975651164017364,0.5100452781046401
10,0.6097105966653814,0.04031644728826945,0.00017602652918853956,0.0014047135812993862,0.3483922159358612
11,0.4429529045786369,0.08930142700709497,0.0006696021101359979,0.003877821821413748,0.4631982444827184
12,0.2554028074419842,0.1262848815890804,0.007426037558677121,0.010750891374622627,0.6001353820356358
13,0.28876959249803347,0.2142798895230193,0.0035510457362818654,0.05953492383021307,0.4338645484124523
14,0.13936944850122043,0.11743779438881095,0.004027003446252278,0.037979129755494875,0.7011866239082214
15,0.09230937992215682,0.09768961721627534,0.00416238728003455,0.04009695351780356,0.7657416620637297
16,0.09279555651588958,0.005946367240812201,0.0005638768574786513,0.002685757503103892,0.8980084418827156
17,0.1937874228563493,0.12696655375123192,0.015636708044549356,0.014578745847902494,0.649030569499967
18,0.16911956217686605,0.024887084795912555,0.00011905346210911786,0.02242603068523547,0.7834482688798767
19,0.31709676707376183,0.22318697793020684,0.0028757004619734254,0.009667294898366634,0.4471732596356914
20,0.1270375179886733,0.6924136128747331,0.03632640256463963,0.008989824311165951,0.13523264226078796
21,0.483591845591413,0.4073244003917497,0.004130873973028704,0.017344621619016735,0.08760825842479195
22,0.08082140264634932,0.7737494908304305,0.06154398332902345,0.01040095374312626,0.07348416945107049
23,0.047836496663886105,0.8898197373150988,0.028453689772870955,0.009311630572504566,0.02457844567563971
24,0.34042996879798987,0.2602522742691112,0.002090299705713304,0.010130522073481175,0.3870969351537045
25,0.14617739654591838,0.7329958018980697,0.024044849374007412,0.006036816367269052,0.09074513581473544
26,0.07247405260737981,0.7970412495982052,0.07733772408038593,0.003809380662687404,0.04933759305134147
27,0.2506959473870109,0.6699322383872331,0.022149479233736693,0.004102829990749119,0.053119505001270086
28,0.24873948594175607,0.6556988982158193,0.009874174237551454,0.020912448343181005,0.06477499326169223
29,0.21207380120079455,0.6706796562147089,0.021730134819208213,0.010729240624888114,0.08478716714040024
30,0.21143791288421676,0.7081048499980159,0.0291089974642998,0.0064345943370257225,0.04491364531644179
31,0.07959034270091274,0.8848718720349997,0.009929139938898983,0.003130582856584407,0.022478062468604086
32,0.18090213591345117,0.7624871331416455,0.010572093640124519,0.002834201144285113,0.043204436160493825
33,0.16044008611185787,0.7493692082481688,0.0173306271272303,0.0068387703379189715,0.0660213081748241
34,0.12110777556148293,0.8346902333518892,0.010316040078249013,0.005019380807194394,0.02886657020118451
35,0.2934524089747985,0.5935654743171714,0.013828537322818711,0.0026738652330043503,0.09647971415220706
36,0.027930234067276537,0.8182763660731203,0.07528927766881308,0.0006610291412179441,0.07784309304957227
37,0.043304778720091947,0.7285748521212754,0.19987957137331824,0.0006874737945068152,0.027553323990807566
38,0.07724139313112512,0.7449232060860925,0.16246335445437984,0.0006159650053625226,0.01475608132303992
39,0.053636652441994885,0.7066392805296612,0.20899073639081925,0.0006606718219570702,0.03007265881556747
40,0.11506487311886532,0.6691508719535596,0.15288825285761884,0.0013149833668742903,0.06158101870308196
41,0.09535572887078471,0.7808289984966329,0.09511100499237415,0.00022949176048432535,0.02847477587972384
42,0.051766547225846234,0.6764859024566271,0.24504901992574368,0.00017539468400953605,0.026523135707773645
43,0.05322316581703284,0.7723976831979477,0.16408002782955947,0.00016366146530423192,0.010135461690155658
44,0.00514853928659201,0.4762755145996722,0.5137009086910175,3.323317522892156e-05,0.004841804247489396
45,0.006125877721128589,0.3393395082623021,0.6484985466286659,5.145636392028365e-05,0.005984611023983163
46,0.004984091546994731,0.3098039922450187,0.6793791870055436,6.0281108947934205e-05,0.005772448093494972
47,0.007942748484385255,0.40366720568410724,0.582114052323371,6.97333288581396e-05,0.006206260179278436
48,0.0010867390397741445,0.09764125106264053,0.8978213738264815,4.2943984766375994e-05,0.0034076920863372892
49,0.0009020888781490126,0.22677225781249993,0.7691372800757664,3.8540678548502394e-05,0.0031498325550360145
50,0.002023159733809559,0.3173959791449541,0.675004967763825,7.141207352461305e-05,0.0055044812838867
51,0.0005235291540389185,0.0583755351383817,0.9390385117472051,2.049336709038092e-05,0.0020419305932838634
52,0.001970281877201775,0.1330564674135165,0.8595411465905182,4.591571156832158e-05,0.005386188407195348
53,0.0021187854735215546,0.16419717662021938,0.8233844994785893,3.776482167639709e-05,0.010261773605993512
54,0.001643947392326789,0.1552457014335225,0.8360402493724246,3.5303593433026586e-05,0.0070347982082929975
55,0.0009465586627452804,0.08901770838622071,0.9050845279810199,2.5959523153480402e-05,0.004925245446860524
56,0.0004249729020490001,0.04670336540709848,0.9506747229478656,1.1685895795666691e-05,0.002185252847191254
57,0.0019595644302651274,0.073574641632885,0.9138032072911685,4.9663298075267724e-05,0.01061292334760592
58,0.0009676881440072104,0.041056507615315506,0.9530244811429038,1.769931496919406e-05,0.004933623782804282
59,0.0055038790854774694,0.10140660026214224,0.880459562207485,6.113755437312631e-05,0.01256882089052222
60,0.0070192511756587105,0.24697476508787203,0.7399215027055945,4.241897130480282e-05,0.006042062059569947
61,0.0032666928434424026,0.294795631327562,0.6962618549689094,4.094394942657569e-05,0.005634876910659658
62,0.001458219108080322,0.11857054251799036,0.8764607084991716,1.3118376010998954e-05,0.003497411498746743
63,0.0007321392575766569,0.08460876050133088,0.9124482955133278,1.1202736281518795e-05,0.002199601991482998
64,0.0015426474464477057,0.10640848248306009,0.8897147618744549,1.4430119054154499e-05,0.002319678076983153
65,0.000881405072116005,0.08407534507494607,0.9124698349164617,1.2957986112987013e-05,0.0025604569503631853
66,0.00038889400559658654,0.05409508521825061,0.9438071898032934,9.59779742402597e-06,0.0016992331754353
67,0.0007204727363020387,0.039280708179450986,0.9582083710038558,1.2014917636409745e-05,0.0017784331627546939
68,0.0005402668896445312,0.03568572198012436,0.9623481761639792,1.0737076881348167e-05,0.0014150978893708002
69,0.0023432509198531193,0.17823074966843955,0.8153528689508595,4.520861617260417e-05,0.004027921844675307
70,0.00022647075668622544,0.016213953246551418,0.9827259065118376,3.715240079121604e-06,0.0008299542448457731
71,0.0003773965461538636,0.019857148901063798,0.9784126356565093,3.735885122657567e-06,0.0013490830111503337
72,0.000603100848730071,0.024109603411339404,0.973231897820253,7.2854394858773725e-06,0.002048112480191559
73,0.0013111258795594203,0.030138148448351443,0.9638272371081121,8.910035320190304e-06,0.004714578528656932
74,0.0028215287684097666,0.10415986387151885,0.8868770033026108,2.0293958701389075e-05,0.006121310098759231
75,0.005154765135699731,0.07505646566918438,0.9126712857162783,2.453186471141495e-05,0.007092951614125943
76,0.0019950258177804537,0.04062181369667755,0.951350822568862,1.6081374750927305e-05,0.006016256541929092
77,0.003428697165950395,0.05657327545891712,0.9333745004477435,1.626912408325149e-05,0.006607257803305862
78,0.011124196849958351,0.048961003437921605,0.9273448654922459,2.895096632072691e-05,0.012540983253553229
79,0.0016665878289441553,0.035912289273244455,0.9532815832717139,1.2528621270997107e-05,0.009127011004826671
80,0.0029543873027707366,0.050351442093334614,0.7781490781880859,0.15099830219969912,0.01754679021610976
81,0.0018781584270049063,0.06243978108379046,0.9232291597173438,4.486411395744305e-05,0.01240803665790361
82,0.00842891465751827,0.06885359509351048,0.902475320095324,0.0001863273741491988,0.020055842779497814
83,0.09746831358624183,0.23626600199539857,0.5698565026297382,0.0004936906870012216,0.09591549110162022
84,0.14032453384297397,0.6466178535437367,0.1690965051358109,0.0024432793431721613,0.04151782813430632
85,0.07178985900411873,0.6563376683818923,0.2515897858474508,0.0009697440760323818,0.019312942690505843
86,0.339358638513679,0.6079013744532845,0.029179798846954864,0.0030840251963144727,0.020476162989767243
87,0.15737293077646228,0.7249512969162943,0.06971012753274375,0.0018662699745408855,0.046099374799958626
88,0.1363046417716751,0.8169693506298453,0.024900189989495013,0.00501316114919749,0.01681265645978699
89,0.06959736344382929,0.8964091785943697,0.02258252748749495,0.002095968632327187,0.00931496184197879
90,0.10557269496734906,0.8487099652050802,0.027401142513098525,0.007999884269942232,0.010316313044530075
91,0.0795024168818476,0.8506393050730101,0.034236158898277795,0.011164220244818333,0.02445789890204622
92,0.03367186885914744,0.6084404167902788,0.33000728348554226,0.002209372764984099,0.025671058100047404
93,0.05426854570980381,0.8778351253787396,0.05194944238332182,0.00581708204342351,0.010129804484711317
94,0.0801238053352725,0.8637896123079314,0.04451309380011693,0.00113296764725652,0.010440520909422837
95,0.011480832132177394,0.6895670311495218,0.29263497066256816,0.00039740707074654427,0.0059197589849859554
96,0.01936904538631073,0.7595367571404664,0.20915645959718465,0.0004758909189807231,0.011461846957057435
97,0.015536872854007375,0.8003929173569937,0.1776036687413322,0.0005062546397896174,0.005960286407876982
98,0.010313056096517947,0.6108633794916302,0.3688906515956029,0.00041140807053074443,0.009521504745718206
99,0.008047577578249346,0.536570569575613,0.4513913187782822,0.0002939418155242076,0.003696592252331308
100,0.026562902788824044,0.8333322054339213,0.12849878915420737,0.0014530033304689018,0.010153099292578615
101,0.031123589205783786,0.7659432300125387,0.1977428712262809,0.0005013401269427698,0.004688969428453594
102,0.020642541699664386,0.9045364852275191,0.0704223175611362,0.0014023738099362023,0.002996281701744088
103,0.04565088564896335,0.8632071104321856,0.07526747612599465,0.0015100506920183564,0.014364477100838094
104,0.007924697357638082,0.6017643710905615,0.38601580996434914,0.0003415609159258339,0.003953560671525571
105,0.030838230143794224,0.9043612510847605,0.057118456604233744,0.0018352084649523616,0.005846853702259166
106,0.13435597826552473,0.807345806068258,0.0422470639778212,0.002258986790733684,0.013792164897662494
107,0.012789818938368766,0.660277173499425,0.32145167351934434,0.0010226079216582684,0.004458726121203643
108,0.011007324384498675,0.6137047531067787,0.3654804909029191,0.0006180092041205719,0.009189422401682946
109,0.038326884587724215,0.7962786448514906,0.1472034546765394,0.005230066916245316,0.012960948968000607
110,0.14908428274130509,0.7720514281576245,0.03231057217789423,0.01993690712647582,0.026616809796700384
111,0.07763279134705951,0.8393763340728733,0.05063634251577043,0.019603167169895033,0.012751364894401814
112,0.13540230269887502,0.7757396304195681,0.005413229924301106,0.008149575946884646,0.07529526101037118
113,0.4441029058361932,0.4674409589381777,0.0052185243446677835,0.03518509472960764,0.04805251615135362
114,0.3779349270761171,0.4349901023908751,0.003991619736906616,0.05823652654055257,0.1248468242555487
115,0.5147671712286358,0.30937160118950713,0.002255340072129831,0.032549738654619124,0.14105614885510814
116,0.7789853303615245,0.1333125287556279,0.0007102408080987358,0.053222554693145505,0.03376934538160322
117,0.2351955404566806,0.5171441706607914,0.01450658341519451,0.02209777499608997,0.21105593047124344
118,0.506468233084734,0.18707106272475074,0.0002998848000829375,0.05339417560039634,0.252766643790036
119,0.46575868028994044,0.3072862373897568,0.0021269686835689,0.09399634982960262,0.1308317638071313
120,0.31630346439469,0.4331259943503846,0.004971496507731053,0.19765244899636825,0.0479465957508262
121,0.2233644161401749,0.5423859514046666,0.0038367341571671192,0.20024207414770426,0.03017082415028726
122,0.4160860653610118,0.26852918625234135,0.0017247821031062998,0.25203368545395327,0.061626280829587175
123,0.36059918537243785,0.37972786645236506,0.0033201621863068226,0.11533980360193202,0.14101298238695825
124,0.2979669552259221,0.44255584582861235,0.007801383195199492,0.19534205195703658,0.05633376379322939
125,0.300941331557495,0.2354353816549373,0.003144341581635199,0.1957178552121574,0.2647610899937753
126,0.42077456292859855,0.30839775072493364,0.0024946162638460555,0.06330420640395873,0.20502886367866305
127,0.5150585693094806,0.24076354732312874,0.004853143676409209,0.2022989417729648,0.03702579791801672
128,0.5403761817110342,0.28571887936686086,0.0032098816904551244,0.11578026294487857,0.05491479428677116
129,0.3514447333550928,0.14277399965918428,0.0015028833140302922,0.06076639730031694,0.4435119863713757
130,0.19735498183788677,0.21965790493831952,0.0018270443986860864,0.5500720785865831,0.031087990238524488
131,0.3526485563283693,0.33282400439192106,0.005147627995565127,0.26824315602739107,0.04113665525675365
132,0.1909233934088865,0.1209227300230027,0.0007262019279475428,0.6184540105862857,0.0689736640538776
133,0.03478862986129653,0.02738158586287535,0.0005974086550521675,0.012026018262536605,0.9252063573582394
134,0.6727801220356575,0.08212108960793159,0.00011356382421039484,0.10787314009468682,0.13711208443751377
135,0.6842648919628421,0.03870745121106748,0.00010146946828165796,0.18085706359018994,0.09606912376761859
136,0.7200030982196264,0.0440350223979591,0.0001746696240987931,0.17246400050697713,0.06332320925133855
137,0.5650472221339522,0.1090128512941916,0.00017242611559466748,0.23227052596659561,0.09349697448966583
138,0.5082450942700464,0.1741606307461651,0.00035376448472765137,0.22360562771505643,0.09363488278400435
139,0.28452900687471244,0.14065200104002773,0.0001623542031360114,0.46011371444066285,0.11454292344146107
140,0.48621884452730896,0.032146260918713615,9.092032840651714e-05,0.4047173458826159,0.07682662834295494
141,0.2559905714569367,0.22955413730585386,0.00013364969989068383,0.46698157538549123,0.047340066151827453
142,0.30534218790232004,0.18327079457424705,0.00013028138334313837,0.4441066834619871,0.0671500526781027
143,0.2972858626284953,0.19148313073460219,0.0001769773225458485,0.3895199429207614,0.12153408639359524
144,0.2803137816394568,0.19929536701010475,0.0005438341638958718,0.38725957163189384,0.13258744555464871
145,0.019182679557721575,0.038515927940620025,0.0005292992144019955,0.01106514853921757,0.9307069447480387
146,0.16905623698447092,0.021700099716714192,0.00014804897047060927,0.03309031277952758,0.7760053015488166
147,0.23413256380375203,0.08020960508720636,0.00020735859941344427,0.07780577544148244,0.6076446970681457
148,0.06982313384928919,0.015023661610423686,4.00888756514087e-05,0.02017033433528346,0.8949427813293522
149,0.0006776061335072714,0.0015694974084666962,4.937125737638457e-05,0.00018919558712696705,0.9975143296135226
150,0.003220324295418769,0.0007754717589807091,8.147279056394888e-06,0.00023152275680429527,0.99576453390974
151,0.03669326022961226,0.0034264271717052014,2.6222628550480816e-05,0.0005661907762534585,0.9592878991938786
152,0.27734858326289236,0.006198637442665298,4.599888750725559e-05,0.0018574033635482808,0.7145493770433867
153,0.6533366280480339,0.045028252137341115,4.937008077961582e-05,0.010071188719765404,0.29151456101407985
154,0.6221968167300178,0.2569919863950321,0.0001797224869597823,0.04323855328167245,0.07739292110631787
155,0.26256555641425644,0.48123987244020144,0.00048244613407293974,0.12983163435218248,0.1258804906592867
156,0.16510513920452458,0.5227419341882554,0.0017448770601001008,0.2619363860820181,0.04847166346510181
157,0.15784002967402408,0.44592565910308696,0.001002986508198535,0.363337566523113,0.03189375819157755
158,0.33437069097961264,0.37138276722064556,0.0011929005811348197,0.24172226814142247,0.051331373077184446
159,0.07062543355912333,0.8857483852816982,0.010327347006554076,0.010765249782845758,0.022533584369778634
160,0.20188327969769645,0.7112435431080673,0.0037627198208286033,0.03705687507256257,0.046053582300845004
161,0.1345572545454379,0.8287291854702047,0.0016984819652712101,0.0233767804053117,0.01163829761377465
162,0.03844845598165248,0.9469530627013397,0.001730849041118347,0.004639244409539013,0.008228387866350391
163,0.1535910212561791,0.16850198629545787,0.0006963698641014512,0.013004313668486808,0.6642063089157747
164,0.47694807626546387,0.3218634385714133,0.0010235637822282352,0.022459559781254253,0.17770536159964012
165,0.15554211054838143,0.7804804993095035,0.0030951852044132614,0.008647421593411761,0.05223478334429003
166,0.36013878648965064,0.5604757946746731,0.0010815955928018476,0.01113573169915852,0.06716809154371597
167,0.2821994945408885,0.5784622736518957,0.0015927035518282034,0.05188999446582385,0.08585553378956365
168,0.29368548194919375,0.5841807040671179,0.0023884638801152103,0.03579852856579016,0.08394682153778305
169,0.14040440229979678,0.7088553678095257,0.002223814315341887,0.025894144497110944,0.12262227107822458
170,0.12204219660724153,0.7263008080164591,0.00041051003603719536,0.005551558718830206,0.14569492662143205
171,0.39092576464595136,0.4277742358649912,0.0007658034690351997,0.027585454324169253,0.15294874169585312
172,0.27119424254170704,0.6553884790418802,0.0006198053841616134,0.02910518472810692,0.04369228830414418
173,0.1875756936459864,0.7513730265343266,0.0009425364557332785,0.01635482836211245,0.04375391500184128
174,0.20814906683959827,0.7498046300400155,0.0032322871172319315,0.016446689562961688,0.022367326440192417
175,0.32040186151465344,0.601586075200944,0.006314946237173225,0.025469267301387533,0.04622784974584191
176,0.09045311220755921,0.6803331796538676,0.004923484158774979,0.011591741695465445,0.21269848228433272
177,0.07602715645983935,0.7427343811341506,0.007074330224638779,0.004034762422387753,0.17012936975898343
178,0.7118968426127438,0.10502863793524975,0.0003137085139780333,0.012932535958739203,0.16982827497928923
179,0.5118640134289473,0.438682512466006,0.0020462367201441968,0.008779511109446733,0.038627726275455895
180,0.7152745950734907,0.2513769129895889,0.0005321816256675211,0.010374949063596574,0.022441361247656378
181,0.2987326157223604,0.6653520758313767,0.001216362599273608,0.01800698172040914,0.016691964126580253
182,0.24180378351607273,0.6909208283062778,0.0024769651997355335,0.05102104975686295,0.013777373221051051
183,0.2611290964476363,0.6144442868161635,0.00107912671376248,0.026360014581707024,0.09698747544073061
184,0.21554089404305007,0.7353639605358854,0.0017125262129666784,0.037374688547147254,0.010007930660950631
185,0.44539807246017493,0.4541047846195839,0.001770172935226481,0.0335352915308933,0.06519167845412124
186,0.41953949296420523,0.4733672531810535,0.0004935965388468307,0.0838299250726956,0.02276973224319905
187,0.4080473040035098,0.383933750392303,0.0005405119257244793,0.04673140873279421,0.16074702494566848
188,0.2260506950317438,0.723270434407978,0.0010546829537421635,0.04152341817196688,0.008100769434569083
189,0.524143783044849,0.31655779852254434,0.0003757496837350555,0.12537350997971167,0.03354915876916007
190,0.2557206830345633,0.6637562805662086,0.0010246401466527152,0.04431664677885309,0.035181749473722414
191,0.24606646345476915,0.5177542665054126,0.0005447983636080079,0.20987305127630243,0.025761420399907784
192,0.10293541826766597,0.8397901094928306,0.0008185994131110271,0.03484484098574903,0.021611031840643266
193,0.2591588281841659,0.4685096467205301,0.0007940767274054656,0.2413187895580204,0.03021865880987811
194,0.056006446948520625,0.09605565548201916,0.0012582446036187448,0.01925456926881957,0.827425083697022
195,0.6760870455504046,0.07849084837578417,0.0003212879713187133,0.050869686104757325,0.19423113199773526
196,0.7336394935153174,0.1818783600310155,0.0005350161366256273,0.03928632481658265,0.04466080550045874
197,0.10571227820304945,0.03165280070566375,0.00012621800801617577,0.004340505512661707,0.8581681975706089
198,0.3497587928032205,0.0674555832310116,0.0003121989538050712,0.08729199662772229,0.49518142838424056
199,0.14198683011113328,0.0221017318008047,2.727953079209821e-05,0.029395913388818373,0.8064882451684515
200,0.368472423735656,0.013995633835008512,3.620551557887847e-05,0.00645999498932788,0.6110357419244288
201,0.840838638508379,0.06115895352622123,0.00016998695624636528,0.014351513293604843,0.08348090771554857
202,0.5846534872561907,0.2830813704834542,0.0006365779056599917,0.05819620269344968,0.07343236166124532
203,0.3865451238900258,0.39545788219862577,0.0024764574915096538,0.1446177652282424,0.07090277119159648
204,0.1328255553405184,0.7328953427518979,0.007548466931582955,0.08796218646580521,0.03876844851019548
205,0.3337546517899062,0.2544042774658811,0.00060049069630738,0.2842668444110236,0.12697373563688164
206,0.019263257656643155,0.037658013360672274,0.0005596174480688455,0.011803689578266299,0.9307154219563494
207,0.5286861470055165,0.054085439458459984,0.0003902683906300221,0.07106106823666881,0.3457770769087246
208,0.007290847584379687,0.006824482710289989,0.0003159920845365981,0.0009879404395351993,0.9845807371812586
209,0.4288969599703557,0.00899966574587545,5.3810535494506445e-05,0.00567992075970807,0.5563696429885662
210,0.8392928756571434,0.023751857415461056,0.00013648571638277915,0.007414215179133978,0.12940456603187878
211,0.7477634775212553,0.16674190620249504,0.0008496191829778921,0.008500609552021242,0.07614438754125061
212,0.3271108333412201,0.4391781528282552,0.0006547865547216824,0.11133474963999503,0.121721477635808
213,0.2556696091238046,0.49135620272733993,0.0016396346395939362,0.1847839826410675,0.06655057086819395
214,0.20530268308299926,0.6230343356679345,0.007842122471890246,0.07883747746897325,0.08498338130820256
215,0.12884024637689417,0.13227887637044558,0.00033047013922441794,0.022833914125799888,0.715716492987636
216,0.20342130124740643,0.027016676546316183,3.1225431537617645e-05,0.0031364195436257,0.766394377231114
217,0.6158010855593979,0.12456746983291764,0.00012569750298911927,0.0029891500087167646,0.2565165970959785
218,0.3201861371174955,0.6283996006764914,0.0008857828858631965,0.0010323736782913934,0.04949610564185858
219,0.42364022160728837,0.5464380554647282,0.0013153633186069847,0.0028654502762935864,0.02574090933308302
220,0.04135434837264773,0.9484331651539132,0.0021063097319447776,0.0004163583740901345,0.00768981836740421
221,0.033600962473037815,0.9469269220290722,0.012662229579462938,0.0015423057755666915,0.005267580142860113
222,0.15142228670098692,0.8345092039466127,0.003562085029798897,0.0040815558378006385,0.006424868484800964
223,0.04354758017349897,0.9424669269877254,0.007784269994375422,0.002356365348623279,0.003844857495776842
224,0.06967440694550874,0.91580704819265,0.008350067401697374,0.002472988208411582,0.003695489251732475
225,0.02911206782247192,0.9453014041451361,0.021634389193642155,0.0015597832195471124,0.002392355619202751
226,0.02806010357387302,0.9494178724622262,0.017011973596343165,0.002912552826020203,0.0025974975415373534
227,0.07637396457546144,0.9018045359313449,0.011569721923849875,0.0032012316288698864,0.0070505459404739115
228,0.04599937484796658,0.947505315103272,0.0029846749169004237,0.0013444247109168476,0.0021662104209443076
229,0.05177174071207143,0.9318514469968217,0.012585403808590878,0.0007929073238098688,0.002998501158706086
230,0.047894053283168585,0.9307938452540635,0.01737098699964065,0.0010475348318901574,0.0028935796312368842
231,0.005955854492556703,0.9217192285619658,0.0702945564880018,0.00023839458278159998,0.0017919658746939188
232,0.00817987765629714,0.8889448891815485,0.09933928673561469,0.0002220343326621936,0.0033139120938777116
233,0.01667691052415922,0.5256810451933722,0.38526982724731385,0.0008717115911996872,0.07150050544395498
234,0.013364322859613132,0.8769162508396,0.10491283118216192,0.0003927599008535228,0.0044138352177715365
235,0.059227509656736795,0.9032994831433763,0.03322073309529577,0.0009341640912643493,0.003318110013326892
236,0.004508632548613878,0.5520395753577767,0.44079464063348023,0.0002224166537068646,0.0024347348064222285
237,0.11752036479221539,0.8402985596585393,0.0326268971573179,0.0028104493580195563,0.006743729033907802
238,0.10922178985661636,0.856733377062893,0.026365906184126764,0.002681810051478662,0.004997116844885162
239,0.008671468363369357,0.7572491093349508,0.22569883784545647,0.0007889822508762468,0.007591602205347079
240,0.3978824906256424,0.42255025529799617,0.05511443027349272,0.0033685704093058054,0.12108425339356295
241,0.13710547085569796,0.7869552777831138,0.010468842193398194,0.00406404462656411,0.061406364541225944
242,0.026696592999924097,0.8984685688347827,0.050338895895856745,0.0013440019999497522,0.02315194026948665
243,0.34962384796395934,0.49930234709922566,0.004926450584866474,0.027462763077880554,0.1186845912740681
244,0.5146425072632306,0.42396296835083647,0.0019640779960316203,0.02167953726156555,0.03775090912833588
245,0.6526708891963365,0.24357202735219732,0.0005519001950954587,0.01192573357059049,0.09127944968578029
246,0.7076316993094165,0.27143049020828625,0.0004883851205417463,0.007977885151420302,0.012471540210335103
247,0.34853764951112415,0.6396875969834601,0.001295031208606055,0.0038424648526449484,0.006637257444164725
248,0.32894697238687115,0.6441457716655247,0.0024217217495206664,0.004094449272484052,0.020391084925599316
249,0.29357934110499984,0.6831280180522469,0.0013912427776580382,0.013362859401277537,0.00853853866381774
250,0.08244719111320399,0.9062990235721305,0.0017693450828937555,0.006012955602934067,0.0034714846288374543
251,0.028719276568333237,0.9652280698728252,0.0013493578818919757,0.0036523473195744765,0.0010509483573752515
252,0.10111221808903247,0.8816688072296609,0.0015964918415602646,0.011716584557684248,0.003905898282062084
253,0.10271431268704342,0.8640374649744988,0.0027500185497005974,0.020411735873311684,0.01008646791544524
254,0.008751930796529594,0.969008576371563,0.012826831638510809,0.007777871065543893,0.001634790127852962
255,0.2530998075056527,0.6877712431246044,0.0020694030821757797,0.0288383821068212,0.02822116418074601
256,0.15516771004183247,0.7816060472128152,0.0019743623563224506,0.036697442362675095,0.024554438026354805
257,0.06776711613323931,0.9005452406805747,0.0016556714917058681,0.019328882415156186,0.010703089279324084
258,0.533570668871432,0.37998257971801497,0.0002493046374197495,0.030378201806763077,0.05581924496637019
259,0.5214831221495541,0.3419782494810668,0.00036296833665735393,0.09843880329573484,0.037736856736987096
260,0.3311382413403124,0.5666724661017507,0.00016630318143202793,0.05221431543543146,0.0498086739410734
261,0.40124872762593283,0.44864782498414396,0.00056923941310522,0.09916582581071011,0.05036838216610772
262,0.25801576758943984,0.5857045207974189,0.0006559186669238237,0.0908502713565524,0.06477352158966505
263,0.1483866018563628,0.6346932640899842,0.000575276084932537,0.15783073379213555,0.05851412417658501
264,0.041593959643710494,0.1577154369867911,0.00015609181049151984,0.023885315543853543,0.7766491960151534
265,0.012217276592284176,0.02716776411220685,0.0003888865937052461,0.016014505670516377,0.9442115670312874
266,0.24211060192626396,0.020859297259625015,0.00018839886811750623,0.021963745323232725,0.7148779566227608
267,0.11996643132011056,0.009716004715235456,8.648677075587652e-05,0.005050397183923577,0.8651806800099745
268,0.411329268377326,0.035455829891195334,7.927793704760988e-05,0.0070920618345459135,0.5460435619598851
269,0.7225842370134175,0.11795835103628151,0.00012081939357694894,0.018574077164473218,0.14076251539225088
270,0.6120178135526695,0.23048738846196604,0.00015344956602565828,0.0325198367709438,0.12482151164839506
271,0.6183620020480582,0.19160238407041327,0.00020460082364092268,0.1153105327351418,0.07452048032274577
272,0.29159486297136117,0.6682179564659668,0.0025778378681281452,0.02592193956215347,0.011687403132390308
273,0.07377475164082173,0.9183163863393948,0.0021108837221674613,0.0012598964909590275,0.0045380818066570235
274,0.22162364066870419,0.7639964868422328,0.0008187073784147248,0.006672198954681706,0.006888966155966588
275,0.030746987097101552,0.9552345239359838,0.008241802873683082,0.002722301792796056,0.0030543843004353947
276,0.030969058562339672,0.9631205781215815,0.003295180182324417,0.0011610903233603663,0.0014540928103941317
277,0.026104567976698367,0.9429756140757294,0.025511842719665376,0.0011060365512490413,0.004301938676657961
278,0.010406063163776654,0.9754932341250174,0.011228704812385108,0.0010747839602523678,0.0017972139385686102
279,0.03411468772344055,0.9381913357048809,0.019746970187466118,0.003930599289562433,0.004016407094649955
280,0.05104226163126776,0.9029852092654044,0.023697568501880917,0.002698786909657993,0.019576173691788896
281,0.20212626176114895,0.7811538494276844,0.005970422743654045,0.004419553326215734,0.006329912741297019
282,0.04224076215505062,0.9469581303969292,0.005994782217216483,0.0008183299173231692,0.00398799531348064
283,0.02193516496137941,0.9583144199483914,0.015005714163801889,0.0010952650063300311,0.003649435920097375
284,0.029287537599584936,0.9597325864464111,0.006362231830300707,0.00198840523947671,0.0026292388842262997
285,0.1261562037138417,0.8384907891152934,0.007537991955766999,0.01967139555400107,0.008143619661096863
286,0.019864554838541326,0.9376728216740018,0.012966559327066932,0.025096472015652783,0.0043995921447371805
287,0.0979949086853722,0.8141949226058453,0.0022804697256276116,0.08194201259292365,0.0035876863902312393
288,0.039700066963739455,0.8715156065997071,0.004991050260216638,0.07918604089211473,0.004607235284222164
289,0.16766114596744267,0.34282300212795686,0.0011463466343314987,0.47226764118086206,0.016101864089406833
290,0.09447710841383627,0.22340248903588053,0.0007441845447707554,0.6682026397520782,0.013173578253434313
291,0.13418182993145836,0.08302723610679254,0.00017739109973924908,0.7586679731645594,0.02394556969745054
292,0.20251281059068088,0.13684987642862612,0.000256121439612692,0.6487801503721669,0.011601041168913466
293,0.14247826045923623,0.05776977247658786,0.00025405372151880007,0.7827245763062237,0.016773337036433293
294,0.24875267541545673,0.048839723798860576,0.0001547098749276757,0.6322767696257123,0.06997612128504266
295,0.20526099121266966,0.05170541267354253,0.00010910357756517046,0.717922945569101,0.02500154696712164
296,0.21268629397936184,0.10126219432557303,0.0003172799438684755,0.6603729712187879,0.025361260532408624
297,0.16301550901653586,0.05729115023050441,0.00020599498059789139,0.7595437158126309,0.01994362995973093
298,0.1072072962206271,0.04658983993730489,0.00021080250660303888,0.6630429821748806,0.18294907916058445
299,0.2868100537916596,0.023159208496421564,0.0002435808994426716,0.4622163439696748,0.22757081284280145
300,0.4528084738715772,0.03910765057668813,6.993803250713989e-05,0.48788424751351317,0.020129690005714483
301,0.5336866982357367,0.07448362923010646,0.0002298917015696224,0.3676004762505909,0.023999304581996422
302,0.3155170934858299,0.04389316204428716,7.595350673932477e-05,0.6288841727978814,0.011629618165262267
303,0.07432619507405497,0.12047956151821476,0.00010732068078006086,0.777948829094262,0.027138093632687998
304,0.16111098246880043,0.0813307209367835,0.00010292907196985018,0.6650110232230687,0.09244434429937762
305,0.1230118347074734,0.09970023696155633,0.00021972680990553045,0.7596665479144008,0.017401653606663875
306,0.25850682681075143,0.09700207166969192,0.00028175845709413165,0.6303852322483912,0.013824110814071361
307,0.08973005960993082,0.03894227676239041,0.00014723254150781056,0.863816579275633,0.007363851810537987
308,0.010329630712646889,0.019299708661277427,0.0001399150688465408,0.9672279687542388,0.003002776802990196
309,0.008932050148485552,0.028210074044302803,0.0002597217805269743,0.956550097931014,0.00604805609567074
310,0.0317270985841063,0.0397538086298306,0.0006794295820371348,0.901154169883505,0.02668549332052108
311,0.038100516430629845,0.035239992971881656,0.000393066466477765,0.9070848700918936,0.01918155403911693
312,0.0752675596305669,0.009522884285640233,0.00019440196695575082,0.905778583819525,0.009236570297311975
313,0.05230710525645176,0.008823894440543874,0.00013195046130855275,0.9314121886353857,0.007324861206310043
314,0.031183455331637185,0.01640124328637196,0.0001461121895778426,0.9482465755171221,0.004022613675291024
315,0.02953292687986016,0.011206095054666685,9.475998496285718e-05,0.9564084645216688,0.002757753558841613
316,0.04656832019754123,0.010118696776830338,8.18465748713674e-05,0.9339568225443259,0.009274313906431214
317,0.0263352205629174,0.01405937547629563,8.370087594999718e-05,0.9575316950217756,0.0019900080630612686
318,0.04092827750580704,0.007704238572695014,6.404844681184542e-05,0.9479080305369774,0.0033954049377086346
319,0.016577521354257076,0.008330986975498968,5.912610112434875e-05,0.9724329929794171,0.0025993725897024028
320,0.010347319276422169,0.0053883003507268126,0.00029975781198914194,0.9822335807076691,0.0017310418531929009
321,0.012404926282920994,0.012582793670613705,0.0006641473900759722,0.9730278394343193,0.0013202932220700038
322,0.004492420889861069,0.003829529646970827,0.00019861466693358524,0.9904605280900195,0.001018906706215015
323,0.001730160889805171,0.0033896205213899216,0.0004970766107763188,0.9925967682954737,0.00178637368255497
324,0.002077142315470377,0.0014469853551367904,0.00014957701341137097,0.9957222180065803,0.0006040773094010465
325,0.0016952579021391385,0.0016602955083218317,0.00026623988283952196,0.9956834380171317,0.0006947686895677878
326,0.001381912582528654,0.0015926344289911398,0.0003570522365298344,0.9948317713751155,0.0018366293768347758
327,0.002604597441630138,0.002645627229665718,0.00019137969071822544,0.9904488803361203,0.004109515301865489
328,0.006605039643373179,0.0025073210789856625,0.0001544905554465457,0.986909613189054,0.003823535533140519
329,0.01107848101213944,0.003709521706757221,0.00041586139350696465,0.9814892893555603,0.003306846532036152
330,0.00718770520791307,0.002728243526915645,0.00020242096250778447,0.9881751908209644,0.001706439481699098
331,0.006629882976424231,0.0027431088443305297,0.0001926377685424331,0.9885664285831742,0.001867941827528609
332,0.009202726577728608,0.0034350652806173893,0.0002407675350016807,0.9846605982911291,0.0024608423155232768
333,0.02316054960413651,0.0028898320665823843,2.1027659674799995e-05,0.9672064303377104,0.006722160331895808
334,0.01780216496901479,0.004939924308989484,4.1059139827859186e-05,0.9740060082537754,0.003210843328392598
335,0.048173124355797674,0.01889016576555827,5.1389108894758674e-05,0.9159459379781847,0.01693938279156471
336,0.06434357703418103,0.02845379488706639,7.563262377062861e-05,0.8997816806305358,0.007345314824446236
337,0.022522311717794192,0.021808676561849462,7.883044503500092e-05,0.9506506230764902,0.004939558198831209
338,0.030065234502169597,0.011937145317164105,3.7159667875354116e-05,0.9527452943950525,0.005215166117738315
339,0.012281970689402432,0.02031839387863129,7.545935175029681e-05,0.9633279100545927,0.003996266025623245
340,0.01522939353270693,0.028878705873970612,0.00010678571374411505,0.9534155706483264,0.0023695442312517867
341,0.02359054741144109,0.015170345616545317,2.6701991157704008e-05,0.9479010861669922,0.013311318813863673
342,0.05730636617811376,0.02327770939213696,5.817368638144105e-05,0.9096888785909453,0.009668872152422682
343,0.09156666469476124,0.033894944722383455,9.374411381436955e-05,0.8558037002449551,0.01864094622408584
344,0.1416485799009274,0.03147484139317607,0.0003605170475194027,0.07018569977707306,0.756330361881304
345,0.6702711067800848,0.041880581478402956,6.559176238230192e-05,0.2638959715485355,0.023886748430594507
346,0.7795983152812144,0.060424581433752664,4.7447986512153605e-05,0.13626128365441298,0.023668371644107882
347,0.7768533309399321,0.051421966084932436,5.765600278673274e-05,0.15652521569127847,0.015141831281070155
348,0.13201618324087225,0.06713383594416868,6.471941841909854e-05,0.7945611195552166,0.006224141841323357
349,0.043949137978234645,0.06109235427072359,0.0001572586835005033,0.8907740234468677,0.0040272256206735834
350,0.03254089068027269,0.07431998122054005,0.0001501724486904242,0.889368417490051,0.0036205381604456147
351,0.028960337429247328,0.05404726427358064,3.612411108363057e-05,0.9074816875896621,0.009474586596426448
352,0.024307535507901906,0.017987263884252213,4.066463796586364e-05,0.953133934217218,0.004530601752661978
353,0.0916118509116217,0.02571889194678299,0.00025137352868468706,0.8767881758296925,0.00562970778321814
354,0.2246594054056546,0.06166498592637076,5.0499542508199834e-05,0.6851913278801239,0.028433781245342474
355,0.23965158854518404,0.18299249933408432,0.0005839644140518139,0.5394250526732982,0.03734689503338171
356,0.06768763472273615,0.02399090589670656,0.0014685871684091895,0.6689477880503508,0.23790508416179726
357,0.08067623684987119,0.020337344999426032,0.0016941570252022645,0.8210612311932218,0.07623102993227866
358,0.10698277300297138,0.006560576881601649,5.219990506540015e-05,0.7174019681901039,0.1690024820202576
359,0.17057949331846914,0.009213143364179742,0.0007679482018240003,0.7573589130128845,0.062080502102642536
360,0.2299287872464999,0.03266009242327344,0.00027202683274126145,0.6017031074235085,0.13543598607397683
361,0.3272098875392492,0.007788977423124642,2.1262771935750405e-05,0.18168312451736343,0.48329674774832687
362,0.5185155728189449,0.024980233851501298,0.0001294874393135123,0.40531662673802543,0.05105807915221479
363,0.3908301078800284,0.03167743830395439,0.00015472541236945906,0.541321808880371,0.036015919523276735
364,0.12419863762969448,0.05047651334756141,0.0001946686006348369,0.8112640699710456,0.013866110451063703
365,0.07272484256858407,0.03492241509571238,3.799762520479744e-05,0.866551968740022,0.025762775970476798
366,0.06832756591448591,0.06731295960386889,8.667402471452886e-05,0.8434985853722268,0.020774215084704027
367,0.1968966977288105,0.03354308165530082,5.365487765499521e-05,0.7441885055230721,0.025318060215161545
368,0.3986576248920848,0.05707387782600312,7.88341315250115e-05,0.5297616090938144,0.01442805405657268
369,0.4709012884066945,0.04355927060710404,7.141299818211227e-05,0.18171748151812042,0.3037505464698991
370,0.4707032426762339,0.22655890133791828,0.0002885951506044553,0.2775665421880241,0.02488271864721913
371,0.45284372326361355,0.10204164493636342,0.00014810991793562183,0.4212949692670111,0.0236715526150763
372,0.27280146069324424,0.3375449220122769,0.000942261829473807,0.3700134351218878,0.018697920343117288
373,0.09819413457759614,0.19138680283002102,0.00016418839890953323,0.7011319629438996,0.009122911249573616
374,0.11220129324997728,0.18083767805228568,0.0001683957321165806,0.6984673458358434,0.008325287129777063
375,0.09779866465020265,0.5909826437611235,0.0010661954527732885,0.29517174041755745,0.014980755718343066
376,0.18551670196366762,0.4491230309520868,0.00043664362580900386,0.3573005816888362,0.007623041769600399
