epoch,N1,N2,N3,R,W
0,0.004216817163268407,0.00065379358924761,6.547863298543845e-06,0.00013074612345536735,0.99499209526073
1,0.013170504638279307,0.000854107205118579,5.800012544616406e-06,0.000124701998166332,0.985844886145891
2,0.10909401705823321,0.0017252568018375377,7.80670094265097e-06,0.0004447000479422381,0.8887282193910443
3,0.008318470752753616,0.0010920174722190757,1.3375846578887365e-05,0.000164218679040533,0.9904119172494078
4,0.007734606097043203,0.0009544571612734218,8.269522113722126e-06,5.3033016121559876e-05,0.991249634203448
5,0.27253385531650437,0.00367148177887132,9.620892961747098e-06,0.0004819269677229506,0.7233031150439396
6,0.6167751621258163,0.038064010879140034,8.15335080314386e-05,0.0011170711322398626,0.34396222235477225
7,0.19555912920420496,0.31235370924122496,0.008948256241388924,0.0020855059961182327,0.4810533993170629
8,0.11893216964406356,0.5695284849821326,0.017139062672157028,0.008661535893970968,0.28573874680767586
9,0.056227437350552856,0.2761615131173357,0.0008419614096414062,0.020253433620184714,0.6465156545022853
10,0.10711098631136089,0.20998852478966837,0.0007396738960701324,0.029847456569403116,0.6523133584334976
11,0.1028439620527745,0.4410706028088294,0.06172138866439261,0.0010569152731747433,0.3933071312008288
12,0.08696973116531884,0.6075023667321797,0.05545632781823849,0.0015917352975187296,0.2484798389867441
13,0.030351439139868205,0.7527504915238004,0.16469162000489831,0.0008012955782002761,0.051405153753232756
14,0.03639729027687971,0.7493715787341504,0.03002418713940389,0.0022441118328599247,0.1819628320167063
15,0.05771896771783638,0.6693402968270481,0.041326592018096096,0.004125406693000172,0.22748873674401923
16,0.019207466905304595,0.775148291356277,0.1088793416393045,0.0011271544439058645,0.09563774565520794
17,0.017153195031160383,0.9301055345411475,0.012047545310633647,0.0013419461785354747,0.03935177893852284
18,0.017264965006075297,0.9160772747791803,0.01101069788346239,0.001496337640676661,0.054150724690605355
19,0.015228556904821607,0.04106105883907292,0.0034161716307459992,0.0009496166681755315,0.9393445959571839
20,0.010135430031740606,0.00729117010494829,0.00012045171649142557,0.0007067552430718057,0.981746192903748
21,0.007674978995478445,0.0027182551313713024,5.087959217568576e-05,0.0005122895403108984,0.9890435967406636
22,0.16515128818018315,0.0017359665910119657,2.7153904898535795e-05,0.001565963262524943,0.8315196280613814
23,0.1259059231292755,0.003235096298202022,1.0656190542225006e-05,0.0008899765590233327,0.8699583478229569
24,0.415343864612934,0.008828614738702055,2.6887398458238865e-05,0.0031982217638397785,0.5726024114860658
25,0.38379505910362294,0.0347213989848662,3.768315197850092e-05,0.012189535963238369,0.569256322796294
26,0.2009034532704108,0.017655136702908966,2.2658233418393777e-05,0.013044615387098198,0.7683741364061637
27,0.2391910757775153,0.08663084428701993,5.996764929677147e-05,0.03263920407152025,0.6414789082146478
28,0.3633342210310692,0.040600281262683585,3.63872245959291e-05,0.10049062747567811,0.49553848300597303
29,0.22723887632199122,0.39040974521635075,0.0001587386079256577,0.05592818278487623,0.32626445706885604
30,0.14955421223651327,0.7456997858889308,0.00107468687248176,0.022048687123758168,0.08162262787831594
31,0.04338692227985564,0.910540335217982,0.0053014947282540624,0.014320605049890866,0.0264506427240175
32,0.05037940459812047,0.8489161607304276,0.0012088498685099297,0.04994038231370669,0.049555202489235305
33,0.08292312506232193,0.0772925002120327,0.0009864210407848394,0.029869515201179545,0.8089284384836809
34,0.302456356508133,0.08275676942531275,0.00019495655074972516,0.08183923168375286,0.5327526858320516
35,0.2214175579209895,0.21776788278950124,0.00043824267331572044,0.022002737577494363,0.5383735790386991
36,0.006282896958917081,0.0032193855431619004,9.698629842931113e-05,0.0008181752141759492,0.9895825559853157
37,0.00437450779873769,0.003993024322123456,0.00013265083990494746,0.00037567646258200116,0.9911241405766519
38,0.02784007222725169,0.005071721536817041,2.853208573990093e-05,0.0006059573870122799,0.966453716763179
39,0.005506471715206502,0.0033204555684114476,0.00025475563389097135,0.00017311486486586253,0.9907452022176252
40,0.001670385172335842,0.001752610733997434,7.171698137589112e-05,0.00010855086124451075,0.9963967362510464
41,0.002600785649838227,0.0010838500804510138,2.8707814544814334e-05,0.00012316831380116195,0.9961634881413647
42,0.344221821589181,0.006022585214297565,1.7083938473537152e-05,0.0006172230594398274,0.6491212861986081
43,0.2452541373678449,0.004796495567264029,2.0900287699154515e-05,0.0009773369260621476,0.7489511298511298
44,0.8282473249007757,0.01666905503112703,5.3669235556091374e-05,0.0011226764659330272,0.1539072743666083
45,0.622753948776383,0.12455444833310061,0.00013073519347706734,0.0051104846976541395,0.24745038299938527
46,0.7379141882315426,0.09463879925562099,0.00013701789253097336,0.007952834690153066,0.15935715993015237
47,0.23360895103042914,0.7396035029005504,0.0012063916851526649,0.004912435526406149,0.020668718857461556
48,0.12433168341328543,0.8494044617052845,0.0015136275131842482,0.005054340691344496,0.01969588667690133
49,0.027055785771834095,0.9594435062044409,0.006723989555971397,0.0008892498855264166,0.005887468582227285
50,0.08503947434384822,0.8855623230070009,0.00300636149107586,0.012650433630453725,0.013741407527621312
51,0.004657279593966262,0.9656352836567715,0.028022275806218862,0.0001978900519842819,0.001487270891059321
52,0.0017249733813518174,0.9419397561555106,0.05490967743072097,0.0001681589957086923,0.0012574340367079721
53,0.001678205067200923,0.5367855202751808,0.45931490424241944,0.00012206086608250535,0.002099309549116323
54,0.002470224872764412,0.8446648513401473,0.1499157837769756,0.00020811159273986002,0.0027410284173728277
55,0.002813958114829692,0.7793398076659136,0.2119483881966728,0.00021509247375564206,0.005682753548828433
56,0.0019957980210866828,0.3438870556070231,0.6448009600173724,0.0002892352344314238,0.009026951120086439
57,0.0014400818044252263,0.6943340039019755,0.3021121374828434,0.0001724083218788126,0.0019413684888772095
58,0.0006118437422390665,0.2953578737916453,0.7014631461428462,0.0002750211047125288,0.0022921152185567885
59,0.0011657122125514714,0.8156814083888908,0.17598948922791902,0.0005954653017214344,0.006567924868917289
60,0.0007226822626330374,0.3660113474719777,0.62934093276739,0.00033069300785075766,0.0035943444901484893
61,0.0018618635122250456,0.3382562426694258,0.6363383367332306,0.0005251054275966202,0.023018451657522115
62,0.2830206721166754,0.10617844917825184,0.001399230472646021,0.0024038579602195394,0.6069977902722072
63,0.1511717757337724,0.5740803125416891,0.0990857459941485,0.0013432297181343,0.17431893601225573
64,0.06262779218284553,0.8670795919812458,0.05615197878968485,0.000777825316650327,0.013362811729573463
65,0.18669541098034292,0.7669810110298909,0.021296332453773676,0.0011115302856998953,0.023915715250292506
66,0.006371849226904498,0.9258244231900142,0.06354673922152873,0.0010281167876326214,0.0032288715739197935
67,0.29263553165786393,0.5494954406836796,0.0014859265483704056,0.09201683344907742,0.06436626766100864
68,0.14640568754574704,0.8230219211966181,0.003503710328175042,0.008301202059346795,0.018767478870113145
69,0.009666621721676927,0.9597493122957493,0.027628819172576907,0.0010331733228272886,0.001922073487169577
70,0.02309143763971737,0.7961814821444148,0.17749265555952184,0.0008040929502136724,0.002430331706132376
71,0.0028675662231925692,0.7346215215562061,0.25799683469308604,0.001256954221386923,0.0032571233061284436
72,0.03583957116548921,0.9391025846408004,0.006987845369260345,0.005496560004608582,0.012573438819841555
73,0.018452925937917957,0.9555825664108649,0.015597017184930262,0.0013074147574510693,0.009060075708835763
74,0.03495046998973818,0.9503877502509936,0.006511729312674831,0.0010548629464833285,0.007095187500109974
75,0.004783490857685829,0.6695625890591992,0.3215723631801288,0.00019352006064149454,0.003888036842344788
76,0.006959167685905854,0.9620089909058334,0.02814243489864729,0.0003755079763567687,0.0025138985332567713
77,0.002040840136200121,0.4522534525592937,0.5428567691085625,0.0003967176156942006,0.0024522205802494494
78,0.0009223564342857372,0.6564398751007637,0.33959205262436376,0.0003175852313877473,0.0027281306091990823
79,0.0003771151023395236,0.2815666571324595,0.7167296042592513,6.616186893461552e-05,0.0012604616370152002
80,0.0002666849956429635,0.16045789754180534,0.8382921608055068,6.618651624476079e-05,0.0009170701408001226
81,0.0004260173155893961,0.2733270067415443,0.7250391796800941,7.535607726611907e-05,0.001132440185506118
82,0.00024162685351844843,0.0871311853507383,0.9117509564430758,2.136468604390027e-05,0.0008548666666235311
83,0.0005265659384447759,0.14192729660670142,0.8566453576650654,3.8256009637243024e-05,0.0008625237801512336
84,0.00042536505803425576,0.0630556044747518,0.9355685156034141,2.7650492693070493e-05,0.0009228643711067788
85,0.0056091717899161555,0.3687817604905835,0.6164248496573951,0.0004551434048802619,0.008729074657225142
86,0.0022308134191192834,0.34304907614797525,0.6510205808226114,0.00026509546011814386,0.0034344341501759503
87,0.0013796179001359821,0.20252098150578515,0.7941417842792073,0.00013053327966977408,0.0018270830352017083
88,0.0006333714111719888,0.16537067868145852,0.8325688395765819,5.0967120045460275e-05,0.0013761432107421514
89,0.0012686751625116245,0.20100100220268402,0.7940326647666603,7.165780086532264e-05,0.003626000067278757
90,0.0013713150084023306,0.20860803673633632,0.7872511603136031,6.760255977446884e-05,0.002701885381883706
91,0.00846918346026586,0.3840373851762946,0.5963313802545196,0.0002241909351693483,0.0109378601737507
92,0.0037408194421106127,0.4620778596567191,0.5283535598297205,0.00020683013756509717,0.005620930933884629
93,0.001648404921188016,0.23140056696009237,0.7644503574513526,0.000130192395265649,0.0023704782721013515
94,0.0005249241571637809,0.16431635219104487,0.8338657581410002,2.752130368463182e-05,0.0012654442071065612
95,0.000947089512606619,0.19892326049821996,0.7970730884041821,5.446282347357304e-05,0.0030020987615176835
96,0.00038026812829596534,0.02939516244831123,0.9694747018946599,2.5913371131769337e-05,0.0007239541576009897
97,0.00024486565199574573,0.025600670218715444,0.9733455845762835,2.010528327798183e-05,0.0007887742697273628
98,0.0009643044702273342,0.03778079971839684,0.9588566083017399,6.849868345761466e-05,0.0023297888261784934
99,0.000540311379312842,0.08007220301973164,0.917606966839223,5.660581659251088e-05,0.0017239129451400844
100,0.0008248782984608779,0.08933050494245419,0.9085406652757281,4.237761720429981e-05,0.0012615738661527274
101,0.0020953876393825194,0.08671586519427261,0.9057228483010976,8.61818028728192e-05,0.005379717062374602
102,0.006825372955651702,0.8296335340743891,0.15620937862720158,0.0005124850846407463,0.00681922925811693
103,0.0019424911217346631,0.17504427005455217,0.8214355633454641,0.00010085027061820925,0.001476825207630855
104,0.0009876787711722457,0.11204878842914957,0.8857011281774188,3.5363367455507604e-05,0.0012270412548039183
105,0.0014188403612812501,0.15422425196844722,0.8429725811155051,7.065869765443516e-05,0.0013136678571119406
106,0.00021043933495300658,0.05101549105874803,0.9483466100049072,1.1181928253632092e-05,0.0004162776731381883
107,0.0001781906010908873,0.036683693529092475,0.9624742973403533,1.0578089080227515e-05,0.0006532404403830902
108,0.00013034598254921655,0.013638687918298179,0.9856252467792436,2.8320031289412586e-05,0.0005773992886196124
109,0.0001195079611306704,0.013536791903931015,0.9859858401840498,1.0696112661081363e-05,0.0003471638382275314
110,0.00021302094825780465,0.017776108551672644,0.9814161757663246,8.027165350457752e-06,0.000586667568394479
111,8.74363606364885e-05,0.01642222364268464,0.9829038834142673,6.904079285029239e-06,0.0005795525031266374
112,0.00012258775635826994,0.01150124772767731,0.9877539860674004,4.994813774733783e-06,0.0006171836347895155
113,7.149027815881144e-05,0.00868264100887891,0.9908482214439144,5.437503074622455e-06,0.0003922097659732069
114,8.400532154703204e-05,0.015390339489001708,0.9841393313136642,4.522803373800198e-06,0.00038180107241350545
115,8.604956323287197e-05,0.014010792797731408,0.985394359278034,6.268682255536423e-06,0.0005025296787461547
116,5.7766391068791434e-05,0.010918452686529469,0.988723987849699,4.938260083829813e-06,0.00029485481261889605
117,6.193210071627228e-05,0.0172850015146885,0.9822879399094677,6.629698439168616e-06,0.00035849677668831504
118,8.810031781632637e-05,0.008976465761931278,0.9903125697943357,1.2356795406505151e-05,0.0006105073305101667
119,0.00010966049880854897,0.011312723173197722,0.9879792009306803,1.0209569828163808e-05,0.0005882058274852025
120,0.00025217211691632536,0.012103273022590932,0.9869648882621411,1.4463578637637481e-05,0.0006652030197141785
121,0.0001735908622609488,0.008156004591089044,0.991010965273018,1.789967902236613e-05,0.0006415395946095973
122,0.0005014291609396341,0.02707121857352899,0.971842745184388,1.7501927930542752e-05,0.0005671051532128607
123,0.00030207183677896903,0.01866578370960515,0.9802430805486767,3.21748264308299e-05,0.0007568890785082351
124,0.00044070624611089893,0.023203603817236153,0.9755232855382361,2.5448174264718694e-05,0.0008069562241519501
125,0.0006871481505189486,0.046686955841779884,0.9516175481560073,3.727365927988517e-05,0.0009710741924140187
126,0.000497266507520121,0.01929396518383187,0.9791732427627388,4.904749884553575e-05,0.0009864780470637082
127,0.00013118061916307408,0.009279101966288247,0.9901349210547132,2.4335564174748605e-05,0.00043046079566063424
128,0.0011836024773346264,0.031174484374113617,0.9662276124875716,0.0001447062370601794,0.0012695944239200184
129,0.0013881440227848161,0.02776548204669081,0.9680377573303272,0.00016144636961125313,0.0026471702305858875
130,0.02251441376819751,0.5955802170614859,0.22628967215679768,0.0024718667184259547,0.15314383029509301
131,0.21560327601022955,0.22831207796141462,0.0038000349678171254,0.008519470110064804,0.5437651409504739
132,0.06252482145780325,0.039673106248446964,0.0017255865157955322,0.0024888092043010798,0.8935876765736531
133,0.15312854465489148,0.0339530133832515,0.0072621673481450075,0.001226000056552581,0.8044302745571594
134,0.4913597936107735,0.08712112936247013,0.006142753486635247,0.004845955842933378,0.41053036769718776
135,0.5916783618712124,0.14353013498952524,0.005986677522129358,0.005597423733507116,0.2532074018836259
136,0.506292172041711,0.17932711551959912,0.018966005303759786,0.007877663543352268,0.28753704359157783
137,0.04390771994351033,0.007851993713935235,0.001015530127755499,0.0008641060568591671,0.9463606501579398
138,0.22956990741997618,0.028523718264654028,0.0025480338580913396,0.0030212320315304484,0.736337108425748
139,0.5944219735314249,0.1138613535469052,0.008299015212048911,0.005591999119595271,0.2778256585900258
140,0.024790438571461692,0.01246398344379196,0.0013699151299338482,0.001478260310615101,0.9598974025441974
141,0.23240918650273737,0.03825151090799661,0.0033023868785459743,0.004615033876768837,0.7214218818339512
142,0.20386240490268337,0.04496448468804073,0.0011340528420136148,0.003798183956761128,0.7462408736105013
143,0.5808945079829999,0.12167652179992514,0.0031741062759823016,0.007908666696765015,0.28634619724432775
144,0.1839896228172236,0.03215249004301083,0.00046568023480211655,0.006090831840195547,0.7773013750647679
145,0.18405352523797705,0.054654381027405746,0.0006023154080702942,0.014189519960288851,0.746500258366258
146,0.06815420851042402,0.012551844748707566,0.0007820493870370475,0.0020793511952154737,0.9164325461586158
147,0.12499113730787434,0.055883754880912025,0.0009353653113329875,0.0038460388607895564,0.814343703639091
148,0.36466554611803936,0.08247702704194768,0.0007071644904278248,0.009846989582232055,0.5423032727673531
149,0.14086853201098007,0.033536938327440355,0.0002663394720188043,0.004593217595992525,0.8207349725935682
150,0.19843689418626445,0.026296357024423848,0.00011806684911644352,0.006600695350867233,0.768547986589328
151,0.26154465450459174,0.05550700280634269,0.0010697003966153769,0.00895773433381647,0.6729209079586338
152,0.023315961871349163,0.004311992564880232,0.0003854159578363692,0.002354775368782098,0.969631854237152
153,0.07045293315772583,0.006640680139629292,0.00011144794940309991,0.00327882367104361,0.9195161150821981
154,0.06391780635627839,0.008098366295170653,0.000629617115221471,0.0024868469916410297,0.9248673632416884
155,0.31258991468436,0.05658655282844721,0.0035787487829913546,0.020961794750420242,0.6062829889537812
156,0.009839962078067397,0.004950641297503426,0.0006716660166394422,0.002684348939236582,0.9818533816685531
157,0.045147672270243404,0.02588856674906193,0.004753531091341476,0.017988293188617974,0.9062219367007353
158,0.0011767272298090197,0.0011823941359969225,0.00014548695189091641,0.0001817058684285636,0.9973136858138747
159,0.0016059561278637213,0.0008169804077442211,2.544501154393283e-05,0.0004128558240195111,0.9971387626288286
160,0.0017304326751338937,0.00028721394138885253,4.21378452189694e-05,0.00023927864220621984,0.9977009368960521
161,0.002250073838521206,0.0008181697442364432,0.0002102140620149369,0.00042208487408163545,0.9962994574811459
162,0.001254874690503044,0.0007802736532058251,0.000413812378179968,0.0003677319645294647,0.9971833073135816
163,0.0019671051624952987,0.001338309938835462,0.00019538445783875917,0.00026823971124098893,0.9962309607295895
164,0.0018331670814628969,0.001227829656544034,0.0001794488759852734,0.0008587310501501078,0.9959008233358576
165,0.002267977495943423,0.0011496716364627632,0.0003079369739833686,0.00023534840386943401,0.9960390654897411
166,0.008562158653695863,0.0029476807017061036,0.00034519587152812036,0.0005140693480443149,0.9876308954250256
167,0.008073106169081558,0.004075825716012756,0.00013577424478602922,0.000660452859501901,0.9870548410106177
168,0.016355960981706087,0.004184264797895291,2.8800573748934487e-05,0.0012754431760674282,0.9781555304705822
169,0.004602610383870636,0.0025904920999426924,0.0002123186790124307,0.0005651278053772413,0.9920294510317971
170,0.0022671749825669105,0.0017760474967606409,5.1834286063625335e-05,0.000601686194751707,0.995303257039857
171,0.00948070126705731,0.0022876730881528544,2.203988220726845e-05,0.0017901514884688914,0.9864194342741137
172,0.019995139934957544,0.004585057288392342,0.0010756577802869326,0.0007593906647735706,0.9735847543315895
173,0.005859558986262192,0.0019936364732665982,0.00024177715306443858,0.00036449476610953094,0.9915405326212972
174,0.0570202700505937,0.01051783106004777,2.9427479971620345e-05,0.002653290695411649,0.9297791807139754
175,0.03189417412109694,0.003571153718051737,3.2286893667139336e-05,0.0028257732543420467,0.9616766120128422
176,0.6209361865241799,0.04982662320012711,0.0001935786391791813,0.010586709229396946,0.3184569024071169
177,0.7726224018767516,0.07025197876992402,7.140924931237735e-05,0.03515285959655528,0.12190135050745678
178,0.2876952475956081,0.08287025479495709,0.00018827659938115893,0.032288046245357256,0.5969581747646963
179,0.4066761008426915,0.10035502465046917,0.00016693116911244244,0.09499671850561342,0.39780522483211334
180,0.21191798915149085,0.6318364908487123,0.0037813914329299122,0.102766368085753,0.049697760481113906
181,0.1301226281127585,0.6062434717452397,0.005522267725086847,0.23866310513379815,0.019448527283116808
182,0.05089681004744705,0.8393524996654891,0.0023558575848245805,0.10046461416136607,0.006930218540873252
183,0.01843896892644708,0.834023962563243,0.012835732612185326,0.1310457657999495,0.0036555700981749646
184,0.027440286799017628,0.8800577412242117,0.00366732985827123,0.07570969356137677,0.013124948557122647
185,0.029939134442256453,0.8810565849707634,0.007989900596320317,0.07719334742359331,0.003821032567066582
186,0.038548705643893656,0.8547635133286419,0.011487862164816162,0.0755399205830601,0.01965999827958826
187,0.05876422455754115,0.7408449276887579,0.0013115560290124207,0.19498985113568645,0.004089440589002053
188,0.01377465087434689,0.9460781654631873,0.00033963336324482375,0.03810051167262373,0.0017070386265973768
189,0.03827926585274983,0.8723012296860899,0.0017432544488678163,0.07853280558395116,0.00914344442834139
190,0.062032051370238775,0.8000699308155865,0.0052748516530554635,0.10046551755363256,0.03215764860748679
191,0.012794048509691338,0.9198751246647421,0.045362849641838156,0.01795946959199363,0.004008507591734615
192,0.09311173520521868,0.4347731923607439,0.00039920592358357374,0.42692143593460763,0.044794430575846304
193,0.13392167414765224,0.15604961141596244,0.0007828696425678018,0.06570946391921223,0.6435363808746053
194,0.5141539336749261,0.1775168834688515,0.00017982103126894608,0.10148772645063925,0.20666163537431415
195,0.674552219727112,0.27421630092480115,0.0004874045740000152,0.030562292684700048,0.02018178208938668
196,0.39729454399448655,0.5021519424444532,0.001186744776064366,0.07645488060432133,0.02291188818067462
197,0.12339539735257259,0.7955006258525725,0.002410069764076308,0.07079750002659159,0.007896407004186987
198,0.046669433562326106,0.8802403225610385,0.0017198804211366408,0.05624864383553013,0.015121719619968693
199,0.029593376163116362,0.9296482780408195,0.0014238893118747496,0.03532983705508051,0.0040046194291090105
200,0.029418920297567333,0.9442410429214284,0.000873453238287817,0.02182569753030566,0.0036408860124110274
201,0.02331674319539122,0.9605181439907037,0.0015228754674281733,0.011731524449871062,0.002910712896605975
202,0.05001137939901768,0.8759671057149925,0.0017405847496696793,0.06837311625689073,0.003907813879429385
203,0.03495767253884326,0.9319256424054614,0.0012216484878139092,0.02935211424139446,0.00254292232648698
204,0.039492048181828714,0.9291460219904063,0.002031230770935117,0.026241506738713123,0.0030891923181164717
205,0.035408476763402225,0.9370960981453801,0.0009579920751874899,0.02450238130039319,0.0020350517156369156
206,0.04853592671353756,0.9078001000853804,0.0004678463993439352,0.03798547783719946,0.00521064896453849
207,0.10080827133653857,0.8473589019382758,0.0063205876981149425,0.011310553841896992,0.0342016851851736
208,0.09028153773343206,0.854649193847253,0.04162646659105396,0.003165767423549509,0.010277034404711527
209,0.0960979809523662,0.8016514643827427,0.041511887173251626,0.007227679299443284,0.05351098819219633
210,0.05900159363732598,0.8886540559629115,0.008649120536308183,0.0034918869574489335,0.0402033429060057
211,0.02768738150271688,0.913533326839113,0.051313237871223376,0.0014418103303977337,0.006024243456549055
212,0.021265198826307764,0.9203213756600032,0.04891372176885945,0.001172102759487324,0.00832760098534241
213,0.018497692937344618,0.8474861788584381,0.11053975952857789,0.0023809751024384475,0.021095393573200803
214,0.03593472973157246,0.9253864360739581,0.022202046412497164,0.004514481347830894,0.011962306434141298
215,0.009482950180103847,0.8313292975507186,0.1467255008555763,0.002336408559463866,0.010125842854137436
216,0.025058717013845995,0.913710914277676,0.0479820387953318,0.006341857034629068,0.006906472878517298
217,0.006552943277749628,0.8105820063002118,0.17213068380766194,0.0019648653721106545,0.008769501242266123
218,0.01654039526112594,0.8116072362527362,0.13728675510457525,0.018311658734510825,0.0162539546470517
219,0.04127512097818688,0.8503523221844085,0.07421961643519512,0.025966638794510312,0.008186301607699302
220,0.021728289809665614,0.8152184899080506,0.13766258015289687,0.01954105636307167,0.005849583766315511
221,0.02257742319085262,0.8273008193856328,0.11117464389785925,0.02075717812293314,0.018189935402722103
222,0.022784371072648753,0.8954968082520766,0.02492707156740103,0.03070259602092034,0.0260891530869533
223,0.02148903657247616,0.8000690580174823,0.14684958542213639,0.018320719945884207,0.013271600042020848
224,0.02372532924656813,0.04735793423521992,0.00829316938717298,0.004755296543038806,0.9158682705880002
225,0.055541329717883996,0.015285128366505571,0.00010817967437238925,0.003886404322297014,0.9251789579189409
226,0.382516629132996,0.1280017891313221,0.0005530322376229223,0.010847802595159325,0.47808074690289953
227,0.5176812829224553,0.1650468994759759,0.00098378767341607,0.003787703496531145,0.3125003264316216
228,0.28842729151662616,0.6783264810757245,0.0018296486725275845,0.011628916472068106,0.01978766226305383
229,0.2616999419198642,0.6590777262824404,0.003112201718092092,0.0546066115716698,0.021503518507933677
230,0.18933217603327035,0.7129305372652904,0.02168223672930711,0.057015942649368836,0.019039107322763083
231,0.014790657948516986,0.9631089748492442,0.005942734051734548,0.0120671587219664,0.004090474428538012
232,0.017194623042706386,0.9343751522586696,0.02254606959185694,0.02245525768274412,0.0034288974240228444
233,0.00897087141780173,0.9623010607490474,0.019817131198424674,0.004484898493965612,0.0044260381407607175
234,0.01486245801907994,0.9432237305792235,0.03336885489134259,0.006108856039212092,0.0024361004711418253
235,0.008654340731528265,0.9153242172425455,0.06790782672662037,0.006194537578141018,0.0019190777211648751
236,0.01741812218366762,0.9389879325000254,0.004659849859636484,0.012245935644472714,0.02668815981219753
237,0.03265605146047034,0.8840510336986411,0.019634913387807724,0.0170199436474112,0.04663805780566982
238,0.15961997505528086,0.7086608552721424,0.015503959931280389,0.0935495997402924,0.02266561000100387
239,0.12350525779083925,0.7027869047177469,0.004207546785730204,0.02187524033559352,0.14762505037009038
240,0.06650589705957337,0.04005612921596059,0.0018893410790951067,0.0021135874317790015,0.889435045213592
241,0.2886709709571378,0.6771196160782333,0.00781296396544396,0.008228011256988863,0.01816843774219621
242,0.2641727571590083,0.6707874328033558,0.007795823223667221,0.012229460751657371,0.04501452606231136
243,0.2324516280113566,0.7155353305222052,0.0062555341328758545,0.034368424770402445,0.011389082563159987
244,0.008604758716903662,0.9621137007150677,0.007875898106444632,0.019951747265890298,0.0014538951956935989
245,0.009752894197172398,0.9729518472083512,0.005089953445872217,0.01060861908330072,0.0015966860653031957
246,0.009920131927059902,0.9745557204246215,0.001379538969030474,0.013120724168847067,0.0010238845104410968
247,0.010526473783190157,0.9526469955421171,0.027459983217725206,0.006070308971342956,0.0032962384856246
248,0.008886047210112887,0.9620605363419107,0.022508098457269757,0.004368601904137695,0.0021767160865689525
249,0.008293236181689532,0.9163129547256181,0.06968752455048786,0.0037472734615003334,0.00195901108070428
250,0.006437832218049859,0.979716094106058,0.008324119171211262,0.004310773287636496,0.0012111812170445563
251,0.008745398557167397,0.9569439980862801,0.025167508536003913,0.0037695604541357875,0.0053735343664129435
252,0.03204463979610619,0.8632635611333634,0.06184577569669785,0.001945369329880565,0.04090065404395207
253,0.062236744006706056,0.876672290507703,0.02289070937727863,0.00343811031800401,0.034762145790308493
254,0.05591841205239299,0.8461647507386445,0.050954688845405445,0.0022183930448363668,0.044743755318720706
255,0.046121050339777155,0.9073150209646039,0.037830021712733176,0.0021838596374241072,0.006550047345461743
256,0.01150123772203996,0.9727847682234314,0.010719674348062008,0.0014260897161961906,0.003568229990270261
257,0.005950429482698964,0.8137464132753437,0.16896057027709785,0.0009550167607575556,0.010387570204101977
258,0.018501691775119376,0.9308001282100457,0.028521200217668005,0.0028729488269029907,0.019304030970264043
259,0.011069135676471394,0.8875422682294585,0.08148472975355354,0.0019624101157560726,0.01794145622476073
260,0.04731850114523183,0.7919731505105554,0.14817771550417336,0.0012268925894277545,0.01130374025061177
261,0.02755466845604562,0.8466482270995926,0.10716695032773203,0.0025049162747935233,0.016125237841836094
262,0.03699783830394695,0.7023266809431112,0.24395586127220809,0.002388424680898504,0.014331194799835327
263,0.04460581997308398,0.7721538600547173,0.13247224922015632,0.0016063396543914525,0.049161731097650915
264,0.09147484596591204,0.8459675798757226,0.017550027011714108,0.005292258021631221,0.0397152891250201
265,0.014770711607218186,0.6820148218493907,0.28793515590925717,0.0011283337669307334,0.014150976867203175
266,0.026764133321197935,0.7754582881711964,0.1889218465796599,0.0006262386079332574,0.008229493320012278
267,0.04875144001735444,0.8404965127715878,0.08157707105871466,0.0029703171870311437,0.026204658965312
268,0.01689969625065944,0.6279007661665138,0.3392104309721339,0.0013495171408369959,0.014639589469855848
269,0.016424416120620816,0.5905598778873996,0.3768483979680797,0.0018892274410903874,0.014278080582809419
270,0.012052987281647193,0.7257603214269811,0.24236144530466958,0.002062407592867623,0.017762838393834527
271,0.004797430858511231,0.4616609034050625,0.5250181436279472,0.0015231727100892324,0.007000349398389929
272,0.0013963924691600882,0.40779652915095865,0.5845951489748891,0.001042692592356015,0.005169236812636174
273,0.0023819920057783113,0.19222218001400437,0.8028389986337195,0.0008205115918914569,0.0017363177546063926
274,0.00043456210842673487,0.05971320503399745,0.9392846104965932,0.00010402930295415425,0.00046359305802839084
275,0.0018495096487088718,0.16713984611052246,0.8267434816741837,0.0006674511915714976,0.003599711375013477
276,0.0030011046490526303,0.10699751846230801,0.8875767549002437,0.00037445449709537585,0.002050167491300254
277,0.0004924126774859505,0.06035812611965797,0.9377099509804583,0.00025119237904624737,0.0011883178433515825
278,0.0008807358874999944,0.08514733712675096,0.912176078604227,0.00036824100908085765,0.0014276073724411242
279,0.0005407303834837727,0.09688428292121225,0.901401888196415,0.0003271278448473264,0.0008459706540416208
280,0.0012850771016491669,0.06467035079696017,0.9319046681200323,0.00045222025820145607,0.001687683723157095
281,0.0005835559306201505,0.056847424712866836,0.940939025094441,0.0003365812390975576,0.001293413022974303
282,0.001203546731004841,0.07821977079391565,0.9196954902790332,0.00020693398477854822,0.0006742582112677909
283,0.001957782970061018,0.07983888630876135,0.9159961335539877,0.0005238357549496692,0.0016833614122404557
284,0.0001136306630808934,0.022619226373745718,0.9765519445961275,0.00012347580729635128,0.0005917225597495785
285,0.0011431946390135248,0.07735385505966669,0.9193315988204901,0.0004371541360498558,0.0017341973447796484
286,0.0002174469579472559,0.020278102432309524,0.9786247340316102,0.00017702950393903535,0.0007026870741941134
287,0.00017936243510867323,0.018909442925355853,0.9801151167860084,0.00014918518614373042,0.0006468926673832947
288,0.00035301209219871035,0.02425367059933915,0.9747434716180465,0.00012101746949704428,0.000528828220918645
289,0.0002560315805821821,0.03333069585115857,0.9655329566569292,0.0002584084856702102,0.0006219074256598056
290,0.0006646987341663131,0.03032844556713946,0.967561226902486,0.00032735994924141154,0.0011182688469668154
291,0.00047547314970578517,0.06829942998022477,0.9306306616215086,0.00010158166235850468,0.0004928535862022062
292,0.0005070651324362074,0.04203315167238882,0.9568753691817945,0.00011994266584171011,0.0004644713475388679
293,0.0005409032754951641,0.05065040250774594,0.9481638141279088,0.00012065581020623187,0.0005242242786437876
294,0.001485047109545358,0.06862001073041837,0.9258229867548736,0.0007763580534505588,0.0032955973517118523
295,0.0014446454487585,0.04753395841098018,0.9447339012901826,0.0012382135479748354,0.005049281302103856
296,0.07243256400064442,0.8022831694790027,0.0936467488055043,0.007273416529253565,0.02436410118559499
297,0.009779794213414912,0.57145701552919,0.39843456560580454,0.0025173185605841674,0.017811306091006326
298,0.010843553564006318,0.5974898112668983,0.3790818793232718,0.0009056551622297136,0.011679100683593924
299,0.01942083190365375,0.8487850946578887,0.11912151000445396,0.0019012006702387588,0.010771362763764704
300,0.0012726112241885378,0.20178330741131603,0.7916834980310924,0.0005794685126578204,0.0046811148207452444
301,0.029272352152068203,0.7364351736732703,0.20477093356604317,0.0040680397337079935,0.02545350087491048
302,0.06695288552287544,0.7552913860437452,0.14103387301201648,0.007521049575589201,0.02920080584577371
303,0.007684587255379707,0.41618971804379545,0.5595528537245574,0.007665203401262311,0.008907637575005088
304,0.03232180920512147,0.7037646625956014,0.1415289803375532,0.08924279461129472,0.033141753250429125
305,0.1263627943251923,0.7234377305136077,0.003719079346715876,0.11509916004514363,0.03138123576934053
306,0.07770219062736751,0.5924651537928927,0.003359563998732789,0.30742265941613406,0.019050432164872854
307,0.025928426363996906,0.196772219892015,0.000580531206437114,0.7600719965731617,0.016646825964389204
308,0.0348206476479331,0.07426788547176474,0.0002672045905349329,0.8751389234482717,0.015505338841495546
309,0.03172132737313971,0.057396232968892937,0.00040123954941460795,0.9006225039234994,0.009858696185053311
310,0.03255295973274124,0.027744167592148716,0.00027682655015442737,0.9126408686483017,0.0267851774766538
311,0.017608390933202878,0.02551471527862798,0.0002521304873917242,0.949932827157537,0.006691936143240242
312,0.01882793792151248,0.03232138250321383,0.00046380868381455307,0.9383386996877341,0.010048171203725203
313,0.01630790612185873,0.017661187908691162,0.00019108785203410855,0.9565661617535931,0.009273656363822786
314,0.02005057780457834,0.02824297201250702,0.00023915785080054082,0.9350931397398049,0.016374152592308976
315,0.014176224291154374,0.0202190788446929,0.00013868028909857092,0.9567894463801822,0.008676570194871993
316,0.01716201245186227,0.02044770373281199,0.00027305945253522097,0.9324538764263374,0.029663347936453335
317,0.010597704739380015,0.01799356442602286,0.00027394584660028553,0.9514297921417361,0.019704992846260788
318,0.014654255267107645,0.020440931655031955,0.00014446887397711854,0.948160577331228,0.016599766872655082
319,0.010199141471795403,0.01763640328834817,5.4426807502373985e-05,0.962655394687933,0.009454633744421053
320,0.023149131657556707,0.013233502005009303,9.151060895121568e-05,0.9363579475169569,0.027167908211525958
321,0.020029460676652133,0.011575089363957996,8.66169172079192e-05,0.9540924254912233,0.014216407550958734
322,0.012156552306846608,0.009799724119878159,3.2402291829647584e-05,0.9690679214027913,0.008943399878654333
323,0.017128574823609778,0.009625785606942253,4.0584705532111056e-05,0.964023375036051,0.009181679827864863
324,0.013298840380363877,0.004297332942309779,4.250794584720977e-05,0.9532095782077897,0.029151740523689317
325,0.013862138037872042,0.012982204640391098,2.8740848755941986e-05,0.9632988666270758,0.00982804984590499
326,0.013220724892948761,0.014797841200229358,4.371811557131309e-05,0.9584043312092034,0.013533384582047146
327,0.024711003813925735,0.010084647350186505,7.8976396292215e-05,0.9439163949575335,0.021208977482061978
328,0.028230325836941288,0.008664065995403352,4.001789182048274e-05,0.9206982568257523,0.04236733345008256
329,0.027623229038292178,0.027794527968073735,9.211678733868651e-05,0.907909638271981,0.03658048793431434
330,0.03912849215370779,0.010516672709420893,0.0006847339105551124,0.8055009587756069,0.14416914245070925
331,0.041954173429524795,0.015161732375915567,0.0016869941824599925,0.6664440392176031,0.27475306079449663
332,0.016746568397385732,0.005963545269690761,0.00023102771345696535,0.9627621555386233,0.01429670308084339
333,0.019780643607309075,0.006012004659161637,0.00023782281125475104,0.9500224723673979,0.023947056554876573
334,0.012277511736583218,0.006305425182813981,0.0004968355580967682,0.9311741110392132,0.04974611648329273
335,0.028936858683955388,0.02075720986385174,0.0018883867051828849,0.6737268674997368,0.27469067724727336
336,0.01885173007943779,0.008452521863221527,4.840813894187135e-05,0.9551363570593805,0.017510982859018333
337,0.02784548294675314,0.013089617833025086,1.897235310497989e-05,0.9355248694612346,0.023521057405882208
338,0.03809432901333981,0.011433943097757842,6.851244402392414e-05,0.4223065271452862,0.5280966882995921
339,0.051332844946408974,0.012475600357984628,5.2229842061113055e-05,0.2594739867420617,0.6766653381114837
340,0.04642888217672114,0.027573539585870287,0.00015032076550230319,0.060213515602719675,0.8656337418691865
341,0.21636062116595214,0.05748142801313724,0.00012519954712959471,0.26075143206164736,0.4652813192121337
342,0.7616253062712375,0.03234286531535959,5.6326571379773284e-05,0.14133818438625134,0.06463731745577178
343,0.2261613099948538,0.22733558800353088,0.000549927703178247,0.5065964057384614,0.03935676855997585
344,0.1456048823497642,0.04120686259093303,0.0007992350069794476,0.7807551593267366,0.03163386072558684
345,0.08190775961793004,0.16923012861869957,0.0015045822554901717,0.7384999994041123,0.00885753010376808
346,0.08754450208396578,0.14009520577505802,0.005393669690631376,0.6545330053693277,0.11243361708101707
347,0.07941292817844632,0.15729541852370751,0.007075858575815054,0.6914985429555341,0.06471725176649695
348,0.10691828316496153,0.0710938016335407,0.00285095930392904,0.593717468825233,0.22541948707233572
349,0.14069399203552244,0.21742986274842865,0.018409492644843355,0.6002045065319619,0.023262146039243595
350,0.06160045034975692,0.19198907956633482,0.01703845331889221,0.682144010164826,0.04722800660019014
351,0.032196796275597184,0.18494220292635086,0.004624538328123936,0.7669573462172731,0.011279116252654965
352,0.01596075857087018,0.06829641988032857,0.004845710171017144,0.8874519526113243,0.023445158766459778
353,0.021394790505734118,0.10084603207971178,0.0002748764654375749,0.8639704020460675,0.013513898903049125
354,0.037834962440856594,0.051266430398340765,0.0002506656202749641,0.8753602505631877,0.035287690977340046
355,0.0368989257227639,0.0611957472875915,0.0001103564276566348,0.8796524164513277,0.022142554110660195
356,0.03522648250760921,0.1065853773192113,9.496829360787577e-05,0.8449123054127989,0.013180866466772558
357,0.08657738062584083,0.04719405477757357,0.00027793933939352375,0.7473995784515097,0.1185510468056823
358,0.053723532256338725,0.03544700729520871,9.749865431141819e-05,0.6229383764158075,0.28779358537833377
359,0.061605482906180856,0.02948879459107165,0.00041552372808852735,0.6580317747731433,0.2504584240015156
360,0.0662401440238894,0.009089208381661993,4.639575865357275e-05,0.8652837904645552,0.05934046137123999
361,0.0485066819906642,0.01855882088431104,6.093649261486996e-05,0.9001688382038577,0.03270472242855203
362,0.04946310773272275,0.017401736793524154,0.00013417573883963354,0.8817673843030088,0.051233595431904505
363,0.039732818577693854,0.015892277257852784,3.346577509259922e-05,0.9304080537929841,0.013933384596376658
364,0.02423859260255807,0.0248209705454144,8.209304960877969e-05,0.9315064942656728,0.019351849536745905
365,0.03659249588589188,0.030777915408802082,0.0001362942424812668,0.9179276468866227,0.01456564757620218
366,0.02143967914194939,0.029061981102068504,5.4062351391192306e-05,0.9426301574878121,0.00681411991677868
367,0.043200132310295916,0.018451849036375836,0.00017138769753874611,0.8595613143528542,0.07861531660293537
368,0.03901346624813459,0.08607587039720901,0.00018440863583099067,0.8581801442072042,0.016546110511621127
369,0.02124167761633722,0.039648370370756296,0.00013318358352997658,0.9312260331241454,0.007750735305231082
370,0.01878673789576294,0.04231942690683276,0.00019609285358921115,0.9270968525866004,0.011600889757214603
371,0.017829157108284407,0.023101334484813985,6.962793175789904e-05,0.9544388406767029,0.004561039798440815
372,0.02953810890712191,0.028911058491617424,0.00013346516695208506,0.9182445256079246,0.02317284182638397
373,0.03484973048174279,0.07802795399389431,0.00035019921311266476,0.8719645708989077,0.01480754541234259
