epoch,N1,N2,N3,R,W
0,0.003206199570110129,0.0016121000412902837,2.2811253867013365e-05,0.0002973015081279453,0.9948615876266047
1,0.003349547391249224,0.0008202026481012836,6.381397073214026e-06,0.0001789764896225363,0.9956448920739538
2,0.0021067989803404278,0.0004492787337653569,2.9335017487749686e-06,9.573144554852986e-05,0.9973452573385969
3,0.004867179623102587,0.0006213773069868212,6.580136165742171e-06,0.00018929342985796765,0.9943155695038869
4,0.00543185893021249,0.00048439373258068444,2.1230164586837886e-06,0.00040924596315890385,0.9936723783575893
5,0.01837050857585662,0.0008104254806609174,3.027193902744066e-06,0.0007518487984367171,0.9800641899511429
6,0.09918446678880041,0.0026978699732637078,1.4541720189422291e-05,0.001634957040246257,0.8964681644775002
7,0.07830933741822868,0.0029564318991719732,9.556124562272612e-06,0.002256491266737609,0.9164681832912994
8,0.0892507798448466,0.002557253888630541,5.460301841785534e-06,0.0038263951366486037,0.9043601108280325
9,0.11131340146790762,0.013670549738946597,1.6523478593157283e-05,0.019715289721046435,0.8552842355935062
10,0.07332091325410386,0.007153227836132752,2.3650167826885316e-05,0.007884596734917005,0.9116176120070195
11,0.17833212970047418,0.05655076857684034,5.519146675851157e-05,0.06941664265492087,0.6956452676010061
12,0.09205328153840324,0.2887898096517889,0.0012661852172096348,0.04571911531802401,0.5721716082745743
13,0.0850680700545893,0.08703517275255204,0.0001885028812899329,0.13702506280467436,0.6906831915068944
14,0.08315686966344972,0.2375666433408398,0.004520318356499143,0.05585020239073231,0.618905966248479
15,0.0017888532185814708,0.0009677486103100717,3.977586482414554e-06,0.0025589276077499917,0.994680492976876
16,0.04512668497743229,0.007112060251697763,1.1384330028881681e-05,0.013608510277794908,0.9341413601630462
17,0.143663674524209,0.009437347081995158,2.2538525473286523e-05,0.00754976839524216,0.8393266714730805
18,0.5706758869443054,0.11589470296334167,0.00015475004802333083,0.02778612420480484,0.28548853583952477
19,0.5142986882409702,0.12292038703600003,3.1224092578494714e-05,0.0597463633986916,0.3030033372317596
20,0.3407216300342678,0.2807160950513067,0.0011331267994154003,0.11305484058126518,0.26437430753374486
21,0.3239097348846657,0.32617126771073535,0.00025711845379156143,0.18206950319620444,0.1675923757546029
22,0.29244891378776366,0.5526231666673748,0.004830200268317135,0.042963874073067995,0.10713384520347621
23,0.3473048714835738,0.46948012929042143,0.0053428797074044744,0.010854790563843097,0.16701732895475715
24,0.16155028907390218,0.7615253308976642,0.018966575400783524,0.008917888803972594,0.04903991582367755
25,0.0990029261026779,0.8665492889782366,0.007518094186866278,0.006592966746147695,0.020336723986071455
26,0.05030891564797357,0.7852456410601972,0.13656143522198713,0.0007800415442161655,0.027103966525625862
27,0.06903266729683893,0.8071790581966742,0.06798823750100826,0.0008762630790701255,0.054923773926408334
28,0.03165891268716379,0.8314476398418879,0.12271244476472157,0.0005735523600515337,0.01360745034617537
29,0.059008301138530436,0.8501736663364862,0.07588970661730797,0.000968021217793042,0.013960304689882465
30,0.032419875107904526,0.6935654568302481,0.26016647815904453,0.0005757039378319365,0.013272485964971019
31,0.03344745925895687,0.6779979552472624,0.27022142956903317,0.001048681503442153,0.017284474421305575
32,0.04083624508124751,0.8318704856998596,0.1116771247036027,0.002458945464738911,0.013157199050551413
33,0.020772916539219848,0.7594890227544778,0.20832245348943182,0.0004709010758760174,0.010944706140994668
34,0.018101030975718024,0.669854440432134,0.30391096589953737,0.00025179212744995167,0.007881770565160835
35,0.01306314022584354,0.7036181236674883,0.2757326080378545,0.00012926425690940608,0.0074568638119044215
36,0.01895066091619826,0.4052315846560399,0.5648517531761457,0.00018519519256039575,0.010780806059055646
37,0.02464932217876879,0.6207009087157965,0.3445954796433059,0.0002686636204065371,0.009785625841722259
38,0.007804294432332632,0.6674068920251677,0.3177690985108457,0.00016120861174020432,0.006858506419913909
39,0.01549673703779606,0.6152659404606022,0.36166366584341125,0.0003764662673430482,0.007197190390847361
40,0.0072242187324190865,0.335263346660079,0.6489782363774703,0.00024539461065775707,0.00828880361937377
41,0.0061895552139012025,0.2852989288101483,0.7027418166217332,0.00017200654652074272,0.005597692807696791
42,0.01119168164596708,0.26646796706770937,0.7148655215479697,0.00029919375350388847,0.007175635984850028
43,0.007808230087807238,0.44496492132708704,0.5376477338150418,0.0002476841247922329,0.009331430645271543
44,0.008443945857242976,0.28555095824076354,0.6995882726456623,0.0001638948373151989,0.00625292841901592
45,0.003909273345539285,0.14123020081577192,0.8501958904167962,0.0001289746274630438,0.004535660794429555
46,0.00829956277992202,0.17693162326732845,0.8078252912762927,0.00017176090913096498,0.00677176176732602
47,0.005000198093771405,0.20804409565599744,0.7809827125116544,0.0002438149602829392,0.005729178778293644
48,0.0028479098526517925,0.16020226559260403,0.8318983588966847,0.00014229825228426136,0.004909167405775071
49,0.0036825139535024798,0.16986798446654902,0.8211642865494982,0.0001663615549841162,0.005118853475466004
50,0.005196897889369362,0.27554822581635136,0.7138036552701653,0.00019213046359322784,0.005259090560520788
51,0.006389811415607384,0.1626063058593831,0.8234694745378819,0.00011896786313921104,0.007415440323988336
52,0.01119477997830316,0.2745068581325002,0.7045377960752736,0.00026349542480313227,0.009497070389120066
53,0.005251943680961134,0.2885690630781585,0.6994379180390256,0.00013908048670585395,0.006601994715149054
54,0.01076557568637721,0.3639057542750104,0.618631743280377,0.0002578861184437869,0.006439040639791707
55,0.003849978053075402,0.26767557608611736,0.7237721333596828,0.0001229845502125535,0.004579327950911727
56,0.00540510105844825,0.12176480053188658,0.866156278149018,0.00010453008650131238,0.0065692901741459895
57,0.003963757166266034,0.2153251702530308,0.7764176321852005,0.00013239077124239766,0.004161049624260153
58,0.012873772600741356,0.33547979313076637,0.6442382513093647,0.0002787629547267404,0.007129420004400812
59,0.014205049173014832,0.21033686359397283,0.7615582266515932,0.0003463009307676714,0.013553559650651522
60,0.007055600903171253,0.2661835209020285,0.7198177276897225,0.00024939262498860945,0.006693757880089206
61,0.006879806183616094,0.12945738953870314,0.8586441673600392,9.781572595674104e-05,0.004920821191684661
62,0.005062991059337144,0.2084818342998166,0.7802610196777346,0.0001200866636055612,0.00607406829950596
63,0.020899308674572695,0.2662970336923067,0.6983708977828367,0.0004838651917808705,0.013948894658502915
64,0.0035589168416869173,0.10629938271281567,0.8856216833703293,8.419060285828293e-05,0.004435826472309906
65,0.0082362223639555,0.18766822880618358,0.7961215361088623,0.0005139759622017757,0.0074600367587969426
66,0.004749078954991446,0.1755303614883917,0.8135143292308322,0.00020180867737243615,0.006004421648412089
67,0.008822276008432368,0.14623307411622258,0.8377253349138282,0.00018592111256279955,0.007033393848954045
68,0.009049765622834702,0.20300277663402275,0.7774580368491204,0.0002317427287914114,0.010257678165230709
69,0.0031549222297134923,0.08710509152586067,0.9073721302535626,0.00010335306188174318,0.0022645029289814823
70,0.0086528883085561,0.1300439838153555,0.8533385433083377,0.00032420627351306,0.007640378294237424
71,0.0076436293889347775,0.11461592571641728,0.8714512897295618,0.00023401858171521022,0.006055136583371007
72,0.008267770550893179,0.26120030942554595,0.7220690697874439,0.0003949471921695631,0.008067903043947373
73,0.006093273034247111,0.12664055296800997,0.8622330639717092,0.0001667753946317765,0.0048663346314020825
74,0.007042619926654387,0.17207482976157512,0.8153140777002394,0.0003102511303437618,0.005258221481187247
75,0.01090271705451164,0.1534718861931976,0.8308466293582869,0.000298685084162859,0.004480082309840785
76,0.0037187297892314233,0.1737737398275512,0.8176834836722497,0.0002597193950237933,0.004564327315943882
77,0.001542589093951728,0.0750019225108919,0.919802601950739,0.00012196114104560473,0.0035309253033717824
78,0.0038370439461499553,0.11794049662199219,0.869188724702368,0.0002449539307398253,0.008788780798750171
79,0.0036745179386628037,0.0780972523427999,0.913279687947563,0.00023582613498203173,0.004712715635992247
80,0.0064542188325441814,0.13492466046564644,0.853344218435172,0.00036605983336206345,0.004910842433275199
81,0.004897239795021796,0.10496414245636132,0.8863955939115407,0.0002293607368775921,0.0035136631001984977
82,0.005064268090018205,0.10403840443962044,0.8832792881241446,0.0002794463616013335,0.00733859298461543
83,0.013079322064943161,0.17702870041276847,0.7978431362106649,0.001322744840545033,0.010726096471078495
84,0.0877637261768474,0.6069115437112491,0.20597740689908423,0.008788117953761465,0.09055920525905782
85,0.12758504956372185,0.7014818800256469,0.031177618048406353,0.025344267805121574,0.11441118455710328
86,0.260267385580619,0.2030749638680867,0.008707204906488224,0.0031566544775488183,0.5247937911672572
87,0.32140771001520757,0.6397565616054458,0.0055291331372970785,0.0008506588491204873,0.032455936392929076
88,0.1816825812624313,0.7957400934385361,0.0037994610896022146,0.0006175164426552113,0.01816034776677518
89,0.12173190080723202,0.798196183327931,0.06026772663396485,0.0013294436248945422,0.01847474560597749
90,0.05159996010579972,0.9097973093997098,0.0273557786714604,0.003071508867468347,0.0081754429555616
91,0.05039425776824565,0.8940186125300009,0.04687029108528192,0.0015001307423873843,0.0072167078740842765
92,0.04555821604988294,0.7900216688385979,0.14544153976745486,0.0014456328612724547,0.017532942482791664
93,0.04070413314250701,0.6040165838719384,0.34211209832825457,0.0011146636184383495,0.012052521038861773
94,0.03460366555895029,0.6649097291561537,0.2893182428866746,0.0009237419728780597,0.010244620425343461
95,0.021710309495229188,0.5543888637245499,0.41839522233745274,0.0006056196465503978,0.004899984796217784
96,0.01844983956856065,0.5161757455954815,0.46000339824554515,0.0008180344689699921,0.004552982121442607
97,0.009758101723169106,0.3416071325265695,0.6415685660581131,0.0005044501302702506,0.006561749561878057
98,0.0050967897828117946,0.21364085542672012,0.7734306722233324,0.0006440787172596236,0.007187603849876066
99,0.014741938266786537,0.3989988424941818,0.5632211490127382,0.00084160306487131,0.022196467161422092
100,0.008337108527179166,0.43860039530153194,0.544932855196781,0.0005053481808904927,0.0076242927936174204
101,0.005700866602710667,0.2635722761588628,0.7221100923378002,0.0005158726722178438,0.00810089222840834
102,0.003990740050725534,0.20866078829213336,0.7822879366006471,0.0002825887390113322,0.004777946317482435
103,0.010523606954873092,0.32865612008535516,0.6534875540517986,0.0007491586134829513,0.006583560294490112
104,0.006135134850668725,0.261005655929492,0.7296846798383296,0.0005593109530901142,0.0026152184284195562
105,0.011624204106915935,0.3747961153662956,0.6086781867349208,0.0012126960237663171,0.0036887977681013388
106,0.016057200248627033,0.3592532808846434,0.6182196505622972,0.0008243967846441441,0.005645471519788164
107,0.018768117430276607,0.4999764010673083,0.47459558866013796,0.000793031801184349,0.005866861041092856
108,0.012827113444333087,0.32437539857115855,0.659235947918257,0.0005587885749822552,0.003002751491268959
109,0.013190531814166975,0.3792384871362092,0.6030767787632754,0.00047491524573448497,0.0040192870406141196
110,0.0041748013961854956,0.2277165237308502,0.7652947210646656,0.0004190034068756978,0.002394950401423207
111,0.011721416733123343,0.5430340808285616,0.4398863407759608,0.0005301809547449426,0.004827980707609295
112,0.008646332377073167,0.3066062010140779,0.6796869347888854,0.00044978634720708294,0.00461074547275639
113,0.0028674326477804058,0.13210405622559832,0.8630770414641901,0.00014355131451959056,0.001807918347911693
114,0.007108245653031389,0.2054150417090871,0.7844981453479027,0.0002733315277923254,0.00270523576218655
115,0.004668132110182912,0.12233556657250609,0.8708782855188276,0.00019363066420455215,0.0019243851342789268
116,0.004522537984850453,0.32348620672825984,0.6689559598843399,0.0003753789520026096,0.0026599164505470814
117,0.008802599340646611,0.21482202712882642,0.7718044243705275,0.0005869511681498302,0.0039839979918492845
118,0.0027485683936466364,0.18701949457094702,0.8073236767831256,0.0003892205041460109,0.0025190397481349314
119,0.006119496838690875,0.2651880815309887,0.7236631442184361,0.0007102594554873478,0.00431901795639684
120,0.018820008971151384,0.37853661369571223,0.58820782488649,0.0018890740685439352,0.012546478378102497
121,0.021484836703240983,0.6660918786332517,0.3057507446137216,0.0020235950703193016,0.004648944979466474
122,0.020579790020708352,0.4140591199852108,0.5554995971935917,0.0017198359052867519,0.008141656895202534
123,0.050869263426871154,0.4279905561605266,0.49440450166395594,0.002746834038813087,0.02398884470983325
124,0.0547335969942459,0.895255165085196,0.032052061017639216,0.004166726457582386,0.013792450445336652
125,0.04335990791881085,0.679994187565779,0.25386525117149233,0.0033381258563673407,0.01944252748755039
126,0.061591986838650095,0.5557151724610472,0.36425186820805067,0.003447301879854078,0.014993670612397935
127,0.0547803193901617,0.8484679461399325,0.08648565217938596,0.00203444473568722,0.008231637554832593
128,0.026963079565215792,0.7070624873816777,0.25802017485643963,0.0011028294734740421,0.006851428723192955
129,0.027619794756053667,0.7417567871274261,0.22330931248382477,0.002094929213303969,0.005219176419391691
130,0.03166727639280707,0.670084496442641,0.2837069263675302,0.0033497497400249423,0.01119155105699689
131,0.05399316127135132,0.6269566870535486,0.30306376419411596,0.004066245874506328,0.011920141606477867
132,0.04435500107113376,0.5643912401279402,0.3714540884144121,0.005000723577429105,0.01479894680908486
133,0.02013039997261293,0.7315167572784678,0.23759616474787906,0.004978815781756318,0.005777862219284071
134,0.03783984808083891,0.7797697571931502,0.16493474022476073,0.00703014829673779,0.010425506204512531
135,0.03209619545731883,0.7324068593939647,0.2187364464737285,0.006503795600934765,0.010256703074053157
136,0.022183882128746963,0.5830113728784986,0.3692815206140605,0.007709550472043907,0.01781367390665013
137,0.10492875505675646,0.5140255540561837,0.2784488556023137,0.025214195287668814,0.07738263999707747
138,0.13993961195579008,0.3493086077775441,0.2947441701279052,0.025654810659165934,0.19035279947959458
139,0.021858047887020803,0.0179803695196909,0.0001730301754801534,0.003038288074683129,0.956950264343125
140,0.09162847821817133,0.27624770356514633,0.0013695901943946507,0.015683905522847912,0.6150703224994397
141,0.21541165361921122,0.22378483033738253,0.00023629816715084774,0.009075438800316403,0.551491779075939
142,0.39650169565947996,0.49269650752239347,0.0005088304964320474,0.011133088117432287,0.0991598782042623
143,0.2847883198267285,0.2797988394770468,0.0003401417697014536,0.017033957216965972,0.41803874170955735
144,0.4443056299004667,0.4112548942668267,0.0002341057019389544,0.03254263035111357,0.111662739779654
145,0.33363580114325575,0.43263724520713476,0.0009410291474316338,0.08522408415280654,0.14756184034937153
146,0.29270309336531847,0.5215951336188667,0.0020071418700880355,0.13863350302828253,0.045061128117444366
147,0.22423575011670407,0.41326663023035376,0.0010338988889459974,0.2632712622994742,0.09819245846452192
148,0.10644981954185459,0.719965213080534,0.0019081192627623616,0.14108110199405716,0.030595746120791984
149,0.15179693995580937,0.412904875100074,0.0008588307269309033,0.3382035625682125,0.09623579164897327
150,0.20697419604891593,0.2210073549981952,0.0007175873660058174,0.4598622843107758,0.11143857727610713
151,0.2012208383428634,0.16261062506905694,0.0004542925567911226,0.49626122538101636,0.13945301865027232
152,0.18960781278331806,0.28635404411763177,0.0010135496627669272,0.234131493237947,0.28889310019833625
153,0.06085124278951854,0.051809172394892765,0.003529432951148376,0.03111905319108865,0.8526910986733517
154,0.593902034920722,0.083680179879538,0.00017668463735652815,0.18114371234271698,0.14109738821966658
155,0.3088349977974228,0.4680755455660318,0.007234411145769726,0.1227358214013979,0.09311922408937787
156,0.3914786054466692,0.3117734011978001,0.0015675508315641168,0.2199294081944948,0.07525103432947175
157,0.10795319236708123,0.24470161615827857,0.00022059064232260822,0.6289429399762421,0.01818166085607547
158,0.08367717189777957,0.13354124431695436,0.0001555332725182814,0.7696302488339273,0.012995801678820494
159,0.07836134164331388,0.15346106741991505,0.0001784519774763905,0.7590396399397983,0.00895949901949636
160,0.1316005578599338,0.17262265835475166,0.00015738694777787514,0.6747974825459834,0.02082191429155328
161,0.09945420519944442,0.0778931486691709,5.1972711235442486e-05,0.7703413454578872,0.05225932796226208
162,0.1804849449163005,0.10713451998912836,0.00014568360669511786,0.5970066713613231,0.11522818012655292
163,0.05422557188862018,0.019465020112408252,2.1912511598359382e-05,0.9055368763801867,0.020750619107186497
164,0.09883268539395876,0.10710591584153527,0.00016503732636594744,0.7225524226547189,0.07134393878342113
165,0.12430939833202075,0.0321143965603098,1.5878932593537984e-05,0.8006208292080466,0.04293949696702938
166,0.13933495348638852,0.031584561538806094,7.010443120847601e-06,0.7969929152006848,0.03208055933099961
167,0.12146985889652133,0.035729889791680375,1.1513629909855442e-05,0.8156673480268394,0.027121389655049156
168,0.1284332155346639,0.061006817141254874,2.804626481557755e-05,0.7230655745292552,0.08746634653001027
169,0.10272363419124446,0.024688448226795674,7.732653946294056e-06,0.8374207323209596,0.03515945260705394
170,0.12740766868648187,0.060770111033262464,1.6047050256221382e-05,0.7469923958121985,0.06481377741780094
171,0.12127329457868746,0.07756548523144288,8.420000361865868e-05,0.4006614815381293,0.4004155386481218
172,0.17157925705724006,0.07925059504735038,6.39778308807232e-05,0.6962112566858035,0.05289491337872536
173,0.09853214438867103,0.09977790286564824,9.911611944874155e-05,0.36402789252822354,0.4375629440980085
174,0.1711987806997086,0.02403094185228879,4.086765327560129e-05,0.22571758322396857,0.5790118265707584
175,0.25642266178007533,0.12288910975313994,0.0002384652162674699,0.19311417327991848,0.4273355899705988
176,0.38333508591227144,0.06818610425142373,7.073125173347532e-05,0.1343614458858622,0.41404663269870917
177,0.36463622783732313,0.09375211691921685,0.00020819113308431322,0.16478419743361508,0.37661926667676054
178,0.2627632254053152,0.07591934616879252,0.0001254723405625298,0.28270721494940665,0.3784847411359231
179,0.2907380088403715,0.10403975150842142,9.00061643724268e-05,0.17340656308894528,0.4317256703978894
180,0.19451924338220308,0.21295047309411846,0.0001501980175652003,0.40438427907527796,0.18799580643083533
181,0.27936892309069894,0.20223342653570767,0.00021402454049294445,0.24400596509281183,0.2741776607402886
182,0.273320051374026,0.22646566031861273,0.00024523712590510425,0.3014093150866011,0.1985597360948551
183,0.21763860279561556,0.3048930676284492,0.0005024506455179907,0.22413045619975186,0.25283542273066534
184,0.2619567057078444,0.13419755853235607,8.487698683337168e-05,0.17412530629451567,0.42963555247845037
185,0.26758227476789964,0.24621358624607487,0.00018630442764781872,0.28373410423109396,0.2022837303272837
186,0.025747545239785345,0.03134058120382097,0.00011750418020872856,0.004997457066566515,0.9377969123096185
187,0.014457367616601297,0.023142260947824726,0.0005521934265925766,0.006834430895564743,0.9550137471134167
188,0.17616378056022355,0.025439807253728026,5.315896555954963e-05,0.01032023167302588,0.788023021547463
189,0.47488263465884073,0.07672388968375642,0.00015256340581089312,0.030272817052928055,0.41796809519866385
190,0.6047596994828675,0.17761721383893195,0.0001455552498717552,0.06742537814595291,0.1500521532823758
191,0.4592075813604956,0.1342357525966016,8.68449207987322e-05,0.18153193063129933,0.22493789049080473
192,0.39169628098868847,0.16408432325190045,0.0001680380488580224,0.30764259249440323,0.13640876521614992
193,0.14319796019771372,0.20571279319401972,9.391262869695867e-05,0.6152952487234178,0.0357000852561519
194,0.15132981237263296,0.3193181106592108,0.000635826209963005,0.4958914779809009,0.03282477277729236
195,0.12400428702901041,0.11506026511409062,0.00022553182520790852,0.7461291483709633,0.01458076766072781
196,0.10178034124333137,0.2127077639324584,0.0009607515267567443,0.6607955194140042,0.023755623883449335
197,0.1404304223087925,0.22537211720025557,0.0006915714161141131,0.6169092364818468,0.016596652592991035
198,0.27896437946645314,0.15611513659085355,0.0005531822476282114,0.5429901558229425,0.021377145872122628
199,0.1627134193168486,0.22843253886304282,0.00044566608693787785,0.6010132176225963,0.007395158110574497
200,0.20585655470870173,0.28964641826339077,0.001159731625055836,0.4890298690031919,0.01430742639965964
201,0.2350598521823134,0.2803846274975247,0.0011633271086640294,0.47231797445911905,0.011074218752378922
202,0.20609405720052765,0.5143539341880558,0.0028064044410823345,0.2610563322514246,0.015689271918909634
203,0.09696906236301664,0.8080726330440695,0.0027440033416255695,0.08721779835120703,0.0049965029000810434
204,0.07218524937499417,0.8514430039698142,0.007626371813600506,0.06265783864357681,0.006087536198014205
205,0.09842977282710474,0.8404723214091808,0.006958047247363115,0.04512918847542546,0.009010670040926047
206,0.017615921067475913,0.9383034730099528,0.02791596027200393,0.01259191529966657,0.0035727303509009434
207,0.04597838620964124,0.9155174749043219,0.004130958327995411,0.02982046260294501,0.004552717955096547
208,0.04219256640426006,0.908144506628468,0.03119945042056078,0.013577311417886312,0.0048861651288248445
209,0.07165880537083653,0.9033924964345647,0.0052703865115749276,0.01405358090330021,0.005624730779723883
210,0.04850881996609215,0.8907135666314244,0.04629091618821953,0.009963154642491963,0.004523542571772118
211,0.05537259608364622,0.9158004560327753,0.014911399956003222,0.006274395583594291,0.007641152343980902
212,0.12021656781177109,0.8330251314498396,0.02567156085899305,0.008949947584756455,0.012136792294639811
213,0.06499435130145895,0.8879372857677386,0.03393649729200179,0.007239438761213626,0.005892426877587209
214,0.05249795561673554,0.9162997269557074,0.022190443212313286,0.004025699720533263,0.004986174494710629
215,0.039905358875554506,0.8542028353080525,0.09465155014841733,0.004697288992345965,0.0065429666756298506
216,0.031082053770041383,0.874688321749226,0.08386829719060218,0.0038661151139975343,0.006495212176132993
217,0.029253708735986,0.830739405396643,0.130193500500319,0.0039832345027516446,0.005830150864300285
218,0.03125249346838365,0.9222152247267158,0.03850272199547902,0.0037186654315918884,0.004310894377829747
219,0.033191923028758646,0.9315601548354724,0.026511815426186497,0.005411882433717433,0.00332422427586506
220,0.030490327822728206,0.8119120645340082,0.150406562815725,0.0028743253326002113,0.004316719494938239
221,0.022555729042263998,0.8053626923990816,0.16482047570869846,0.002293528552167064,0.004967574297788776
222,0.016097953099923307,0.8113153034783881,0.1670974685539981,0.00203969725516796,0.0034495776125224864
223,0.019236482926770666,0.8093632636107613,0.16375823618979998,0.0027733176682183122,0.004868699604449971
224,0.010416549009220993,0.8187219989647004,0.164836734792581,0.0017905850146750781,0.00423413221882256
225,0.03140676909834037,0.5266868883245174,0.43033255072632814,0.003597285711618375,0.007976506139195772
226,0.009472873332725583,0.7157868581141082,0.26939918243202854,0.0017458496945801359,0.0035952364265576554
227,0.018073713896106347,0.7335200458878828,0.23994112020958996,0.0027700158462030423,0.005695104160217819
228,0.04490426322502697,0.8769149275416359,0.06913296358302516,0.0018271095444013952,0.007220736105910721
229,0.008839240307394775,0.7411154532074804,0.2465263710098254,0.0010965606817224028,0.0024223747935771525
230,0.02257543901388645,0.7908365711174846,0.1788394381222939,0.001613576229101752,0.006134975517233383
231,0.007917941002041249,0.5216786969950552,0.46590907489711736,0.0012176344804260965,0.0032766526253601358
232,0.009489447334414307,0.41698531484352075,0.5665553065471385,0.001301784058028798,0.005668147216897602
233,0.008930424505685241,0.5137770972246142,0.4735932718998325,0.0010554270419314,0.002643779327936804
234,0.010091936167730292,0.5301076005093714,0.45457216580845866,0.0015580132593233855,0.003670284255116283
235,0.0019215022423202618,0.27172358855899265,0.7242606451358462,0.00044652961815342345,0.0016477344446872997
236,0.00861697129615432,0.38237867839200074,0.6055537609134575,0.0009404544941214204,0.002510134904265909
237,0.004478357393268763,0.47756831564895963,0.5150781592673479,0.0005716804997248281,0.0023034871906989387
238,0.0034739831008213824,0.2729235102679469,0.7215474420537219,0.0005734683533993716,0.0014815962241104177
239,0.002610478103140926,0.19880480417820767,0.7961647194272355,0.0004074845888329593,0.0020125137025829858
240,0.0025918831703331748,0.2005928180927029,0.7936545726386081,0.0006268490169757636,0.00253387708138018
241,0.006258609537432215,0.4428061870992221,0.5476664061382535,0.0009011831180088073,0.002367614107083341
242,0.0065760472096676155,0.28454286759513536,0.7052408752193227,0.0009057525344652073,0.0027344574414090144
243,0.009509269066742586,0.645954209269162,0.3381769027220983,0.0021233475600096244,0.004236271381987509
244,0.0055949607576495355,0.2776403223356914,0.7124545134593359,0.0010387886322790417,0.0032714148150441444
245,0.030260044020792395,0.5577864936028256,0.4006865142768792,0.003849164522779526,0.007417783576723179
246,0.009165161262538793,0.42023900098540495,0.5675676053911362,0.0007395418089703715,0.0022886905519497462
247,0.009932784195092524,0.223483747536851,0.7624705564517589,0.0008199106350452173,0.0032930011812522947
248,0.004169331716750726,0.32892476082604455,0.6635787181135245,0.0006857351763795287,0.0026414541673006045
249,0.008344996211684034,0.27010820421245774,0.7173131851304009,0.0007786070344154639,0.003455007411041955
250,0.011030019968898687,0.3742074252593611,0.608892613445808,0.0013523360632612343,0.004517605262670767
251,0.016286392816381834,0.5910652705932167,0.3827317976918106,0.0019454983255725554,0.007971040573018354
252,0.01619392201806068,0.3316703872761172,0.6463878592900566,0.001268207538693851,0.004479623877071638
253,0.02250651577498773,0.561102812061372,0.4101618336205806,0.001886072251298546,0.004342766291760984
254,0.006571028037723241,0.17603197561746728,0.8147142058879528,0.00044369928410351077,0.0022390911727530817
255,0.006966312456128657,0.1915778348685261,0.7982022859938566,0.00048086027414120247,0.002772706407347525
256,0.004580628378553529,0.23449543013171792,0.7586931895556708,0.0005390588705641885,0.0016916930634936268
257,0.001058603668210321,0.17138351969016205,0.8262171604110704,0.0002469381009151093,0.0010937781296420995
258,0.0038098267310646946,0.23532726138680332,0.7579515004962195,0.0008652890043424109,0.002046122381569954
259,0.0016864599636859888,0.10157285276993544,0.895160439973034,0.00038755992107912285,0.0011926873722656222
260,0.005150362931477773,0.3377998993355192,0.6524452198498014,0.0019434198954123684,0.002661097987789319
261,0.002251670368285231,0.11591536555134337,0.8802520278721653,0.00034437857277365457,0.0012365576354323752
262,0.0068597200626141835,0.1299698476573899,0.8588964281279783,0.001016680110252805,0.003257324041764874
263,0.006825500740114246,0.2897288015051755,0.6996822187921522,0.0010846465847553196,0.002678832377802835
264,0.005541610147080834,0.2163048921888506,0.775025592091011,0.0009300635551301404,0.002197842017927476
265,0.0026313962830150643,0.1502888846134018,0.8447841800359782,0.0005007334866460204,0.0017948055809589695
266,0.01204345419157253,0.24429904741258796,0.737519226781666,0.0016680611135243392,0.004470210500648966
267,0.014078187770620275,0.29456813351668987,0.6812424675156522,0.0015850921190414247,0.008526119077996141
268,0.0036889466225402128,0.23707035296880272,0.7561827567438728,0.0008327394237234743,0.002225204241060722
269,0.006835454454443761,0.33960463285876585,0.6480010596521492,0.0009318088585604225,0.0046270441760809435
270,0.005974325170949748,0.18761422554742269,0.8031541465357703,0.001024782573664434,0.0022325201721927835
271,0.009520278472992208,0.2648871829234203,0.7195209655572077,0.0020624851259147753,0.004009087920464968
272,0.006525621646388288,0.3109224894898676,0.6776445983907085,0.0014889551878980913,0.003418335285137702
273,0.005059550027542948,0.2920275637659478,0.6982422179588208,0.0016244062200687413,0.0030462620276197542
274,0.008332177008877185,0.3079954900190427,0.6780891260382674,0.00281720986596453,0.002765997067848144
275,0.00984817506672138,0.42389560634467327,0.5595586179198732,0.002873972332461731,0.0038236283362703036
276,0.00899659009200124,0.35108561532220023,0.6318076503292002,0.0036659074279611556,0.00444423682863723
277,0.011713104990804905,0.3094839234536335,0.6684941848107268,0.005531349641973371,0.004777437102861533
278,0.0033395654503755564,0.34419603687058353,0.6464875990203178,0.002745564696822438,0.0032312339619006173
279,0.020205657625499505,0.3976278544457077,0.5535806132312918,0.00998050644799619,0.018605368249504806
280,0.046308301208263895,0.6132472986363443,0.3115980149858335,0.012910788316961748,0.015935596852596497
281,0.06803615446798077,0.8454685899912137,0.04537105547840267,0.017921369829101568,0.02320283023330118
282,0.04084399428697596,0.7546130910211596,0.1919493904593561,0.005898310516524605,0.006695213715983796
283,0.03333130937664742,0.6075969580601865,0.337051130587071,0.013036171172574537,0.008984430803520559
284,0.07031086580128816,0.3965561709291948,0.40605470998256854,0.049429985763464156,0.07764826752348417
285,0.06949056632699858,0.5508847915515671,0.26548373805815145,0.03507893574700251,0.07906196831628035
286,0.2040385122443947,0.48472331030695015,0.007022364577943684,0.08869286288805968,0.2155229499826518
287,0.08614828239872692,0.7433629224310181,0.07765783528918818,0.03695578540813496,0.05587517447293198
288,0.1718328761448512,0.47560587283021877,0.005644091108007164,0.061154461621438914,0.28576269829548384
289,0.15600684814883226,0.3139192306588157,0.0012745785831496752,0.014583088240486942,0.5142162543687154
290,0.2785458101626209,0.6058834411506974,0.0009879704381956262,0.08329469960994358,0.03128807863854236
291,0.3239730199693861,0.591328661864717,0.0013023470044683486,0.05789597458926663,0.02549999657216201
292,0.4616476584734004,0.45035031772217843,0.000862914304646201,0.05670437221877622,0.03043473728099882
293,0.09898290055162874,0.7297132173961812,0.0012251140387636841,0.15502549148056752,0.015053276532858827
294,0.2566759214527437,0.40761082060775305,0.0003473114596883296,0.30080938580767175,0.03455656067214323
295,0.10393892787580816,0.7495337330388813,0.0021912769908946457,0.1016744311311845,0.04266163096323141
296,0.2645791412759184,0.3686629301264556,0.0010767400770069725,0.33744428253193565,0.02823690598868333
297,0.14805983908393328,0.681190879200049,0.0019781152760026317,0.1533339317148121,0.015437234725203107
298,0.13861409572394992,0.45105520911275676,0.004304309407533907,0.3818159362372609,0.02421044951849861
299,0.09890943665132676,0.31441456033036946,0.0011861728914646253,0.5722706703111706,0.013219159815668551
300,0.09409205513901461,0.31844672270262714,0.00586222270940982,0.5412004368514438,0.040398562597504614
301,0.045665145760975016,0.30303817724807564,0.0008978745542278032,0.6428227606016603,0.007576041835061138
302,0.07745089917395093,0.28650351859263307,0.0025738082594507546,0.5747816445594555,0.05869012941450974
303,0.1515394134316076,0.118415101047792,0.00018141080899551824,0.6597541241009985,0.07010995061060633
304,0.1273390643467019,0.07803463411227468,8.824095865361589e-05,0.7107311593256135,0.08380690125675647
305,0.07608604161629928,0.034130731985329066,3.268768719650663e-05,0.8758514140312174,0.013899124679957763
306,0.1150557898390965,0.03228753371604786,3.659583929264627e-05,0.8325441766194359,0.020075903986127158
307,0.21153107424379466,0.04356627028358482,6.266402872122339e-05,0.7248024059783464,0.020037585465552895
308,0.13513160158946014,0.025714663093624853,4.597347523242857e-05,0.8244694717150678,0.014638290126614854
309,0.11657545854205184,0.02499353864609343,7.265414870577306e-05,0.8374219389708717,0.020936409692277284
310,0.1981252026010602,0.061843233187696744,0.00018757961727889673,0.6349866505765964,0.10485733401736771
311,0.08906256973679434,0.017093002881499605,9.629047806676082e-06,0.8811175131533524,0.012717285180547117
312,0.06508317861675247,0.03421730095098869,3.191849612565177e-05,0.8770576471753618,0.023609954760771414
313,0.10483785253193943,0.026237907601314652,4.2104879108085246e-05,0.8368247538065428,0.0320573811810949
314,0.07869313541177801,0.009943089898815588,6.228178658469719e-06,0.8573374965139531,0.05402004999679468
315,0.1078474242877525,0.022755783654162327,6.647652831742525e-05,0.7886204509456896,0.08070986458407833
316,0.13477708792040055,0.0110135594459245,8.712991740961381e-06,0.7781375201359363,0.0760631195059977
317,0.1581516736358217,0.01677640042113499,1.1660839392344769e-05,0.7644291288756029,0.06063113622804807
318,0.12217168412760991,0.011530069747088619,9.111111593255444e-06,0.8262815726829714,0.04000756233073667
319,0.27110841805337493,0.022819276587782118,2.308767663247665e-05,0.5897091304725848,0.1163400872096257
320,0.2692834777848319,0.02273727390410064,9.072906964654125e-06,0.6707659273826282,0.037204248021474644
321,0.1783654872152942,0.02808709368414528,1.651018710425497e-05,0.7383189980358565,0.055211910877599725
322,0.13058420225590525,0.07499267945484236,4.30030815241535e-05,0.3626044907211163,0.43177562448661194
323,0.06430218599848823,0.04664747950193345,0.0001221636837342145,0.055456050134172416,0.8334721206816716
324,0.12267966313633671,0.0215582017126868,3.785133965175407e-05,0.1073654266860698,0.748358857125255
325,0.3463443990927013,0.055089114772045776,8.202022472452588e-05,0.1277618309885945,0.470722634921934
326,0.3641450674876687,0.03014983241543236,4.266458783329133e-05,0.22579535807338413,0.37986707743568154
327,0.35755834985068957,0.047493562683769405,5.161847973413946e-05,0.43699908318909,0.15789738579671697
328,0.19911731184253315,0.029943906865104033,1.665970734836288e-05,0.7387211337302124,0.0322009878548019
329,0.2158542323878925,0.031547858233265856,1.1681583649823737e-05,0.7008255468327316,0.051760680962460226
330,0.08767958305786819,0.04980407583237258,2.088118696147265e-05,0.7325192081246334,0.1299762517981643
331,0.12098447314632221,0.020545557270748162,3.076357035591841e-05,0.6479705578928608,0.21046864811971286
332,0.23175916168838007,0.029802107908820732,5.52628913608946e-05,0.6540389486394677,0.08434451887197074
333,0.06972444355845742,0.03637836097071872,6.146544801938716e-05,0.15028226859898805,0.7435534614238165
334,0.10428518436693639,0.01623006537747375,3.932426277387508e-05,0.062454395287174516,0.8169910307056416
335,0.30698100881479395,0.04976630824820576,7.198022407042989e-05,0.38564888330158464,0.2575318194113451
336,0.04266520241298024,0.02608884939637221,2.8501150532345334e-05,0.045221872705388674,0.8859955743347265
337,0.30891920672161544,0.05265712321729275,6.503374652043195e-05,0.39251080718020315,0.2458478291343682
338,0.20501627711074888,0.06987294077796542,0.00014591498500461178,0.6675327942440555,0.05743207288222553
339,0.24123316588033966,0.04509798389636592,4.533584492054099e-05,0.5091453219535733,0.20447819242480048
340,0.23789257708372416,0.060256055312686754,6.481092973869304e-05,0.5237687317496986,0.17801782492415189
341,0.16697859177475677,0.10150458932910182,7.604762777861906e-05,0.6519382727334868,0.07950249853487588
342,0.14066949724844655,0.03732256368489447,6.317645352520524e-06,0.7693447085235281,0.05265691289777823
343,0.2955117965805337,0.09240001026088521,0.00011032539911666945,0.2734134927535581,0.3385643750059063
344,0.22139791073589293,0.03883075240757152,1.4955473068751305e-05,0.6447545916135999,0.09500178976986691
345,0.1676334343746982,0.044073747892236524,1.71689933991131e-05,0.5441842842854865,0.24409136445417973
346,0.2995026304950065,0.036161995708911265,3.068859544137736e-05,0.43722632617075935,0.22707835902988152
347,0.21560690415147535,0.08880272413608054,9.451344910938318e-05,0.6036453275710068,0.09185053069232792
348,0.24101172382697247,0.1285550146471428,7.904031971747799e-05,0.4963101615096584,0.13404405969650876
349,0.22142397589586887,0.04712519330377866,4.3865057276810235e-05,0.5553225408805961,0.17608442486247972
350,0.14320425807494114,0.031086581925710687,1.0609779610864976e-05,0.796210146281932,0.029488403937805302
351,0.1122172311172327,0.02312679381690907,1.8201081323532676e-05,0.8381521601959305,0.026485613788604187
352,0.15751376040319462,0.03474574445101825,1.9669350616273334e-05,0.6377746539488497,0.16994617184632113
353,0.19204689497203264,0.0712752176031301,9.658383998434736e-05,0.2871055625951807,0.44947574098967213
354,0.31272992628693974,0.04778863543283344,4.6642646821134555e-05,0.5111554010757197,0.12827939455768603
355,0.2003753080267871,0.09876754230621465,0.0001255886772360585,0.5244200850546146,0.1763114759351476
356,0.22007104062427355,0.05987022415636495,6.204239532142161e-05,0.3329361936570968,0.3870604991669433
357,0.16352400530574976,0.029661704992404166,6.154759128870804e-05,0.5003159077307675,0.30643683437978986
358,0.13605871344154283,0.02379518505101188,2.4516243013831515e-05,0.1923905532624214,0.6477310320020101
359,0.18874315253966922,0.05653417507153564,5.849052824096809e-05,0.13325902584600682,0.6214051560145474
360,0.10950970359786841,0.06649796852053262,0.00013030388193786715,0.8022182058321167,0.021643818167544335
361,0.10209677373638759,0.027804899561577102,4.3158292900225215e-05,0.8352873386468733,0.034767829762261816
362,0.137508316137713,0.05580754219147012,8.916001227423673e-05,0.7237244772252037,0.08287050443333899
363,0.3199272754201692,0.1000684852755944,8.623589792820662e-05,0.41916381565388355,0.16075418775242467
364,0.21099927636710808,0.12049354428076248,5.047473649148012e-05,0.6271502783624743,0.04130642625316356
365,0.20059907881079622,0.08584369271823804,5.927404077898499e-05,0.48901176116094686,0.22448619326923985
366,0.18487406434276854,0.13041759077311652,5.450889665175521e-05,0.6526865882872278,0.03196724770023527
367,0.21873962226764124,0.1954931975101646,4.0755727680510126e-05,0.5571115894029707,0.028614835091542924
368,0.2663503819442756,0.32890626055513755,7.451708018453489e-05,0.33565620929253803,0.06901263112786421
369,0.1546825539709086,0.6547603734142194,0.000305099088550469,0.10473743272231902,0.08551454080400259
370,0.29783805867970053,0.25737950981133134,0.00021906864540767988,0.14045956871611084,0.3041037941474497
371,0.2933990943767266,0.2605454075212516,0.00026936142061797467,0.3210439418904032,0.12474219479100068
372,0.2555952860176863,0.46770911466222326,0.0005261816168608267,0.14288565570797618,0.13328376199525355
373,0.021502918314699058,0.02576123208820095,0.0005047414237525543,0.01786178983968663,0.9343693183336608
374,0.018664640425292728,0.001764563334365578,0.00014859454383027361,0.007428089421345425,0.9719941122751659
375,0.035936381345182025,0.004080594909010036,4.042788302476338e-06,0.0027215766662021727,0.9572574042913032
376,0.2675494952091064,0.010361625984252576,1.034527293291748e-05,0.003114824126146043,0.718963709407562
377,0.42712250711593214,0.029664460023928974,3.494543548156771e-05,0.00991174016201628,0.5332663472626411
378,0.11316196325857567,0.1145258665455944,0.00032045250809365665,0.03879685887409157,0.7331948588136447
