epoch,N1,N2,N3,R,W
0,0.0035494431420962556,0.0018792316166318327,0.0002620310701656475,0.00025708429979711176,0.9940522098713092
1,0.004756148810380131,0.006278227268651732,0.0002384485261239819,0.0009359660209088341,0.9877912093739354
2,0.0017294689213470987,0.0022813935404861793,0.00016800962618120712,0.0008243549485997331,0.9949967729633858
3,0.005009041312013658,0.003576478156040773,0.0005693224693557878,0.001367294813887992,0.9894778632487018
4,0.0026584336120432394,0.0023783567185088656,0.00026116246991224253,0.000997471055572155,0.9937045761439635
5,0.0036819354192099162,0.0013239136275019342,0.00011755065811169539,0.0005346715309012737,0.9943419287642751
6,0.012755284900170897,0.004969082011083788,0.0002690480598151626,0.0010897236074162541,0.9809168614215138
7,0.0052324516040113895,0.0029715446224873204,6.714745976800673e-05,0.0002201951529288448,0.9915086611608045
8,0.004603726592765589,0.0030033905085306532,8.631816914309968e-05,0.0003871785143962457,0.9919193862151644
9,0.0033838235119828296,0.0016276076017763205,4.6721435151664426e-05,0.0005663530901581943,0.9943754943609309
10,0.004020882921137985,0.004305901957051785,0.00020427857655635638,0.0009425992633401408,0.9905263372819137
11,0.003150534235447636,0.0037053654113792613,0.000314447638191626,0.000761390568727365,0.9920682621462542
12,0.01261181288649498,0.005528955913806532,0.0001392461578989457,0.0013930739221410182,0.9803269111196585
13,0.07671020490224943,0.01929277883666036,7.568013566882537e-05,0.004791055144978619,0.8991302809804429
14,0.0052048675715893325,0.004701538431695493,0.0003027011313982881,0.0012622561354208367,0.9885286367298961
15,0.003951671477194521,0.002409766025126393,0.00015060530742685345,0.0006147963623011852,0.9928731608279512
16,0.07120741732479202,0.008938558787343398,6.130270166519438e-05,0.0020471952477944854,0.9177455259384049
17,0.007429597424020704,0.005500437382637582,0.0014832936367284004,0.00024988718037664837,0.9853367843762366
18,0.033212025293315274,0.009871315680865097,9.203596288894743e-05,0.0008562963910801085,0.9559683266718506
19,0.06980827194242854,0.03659728279309138,0.00035927843927978327,0.0015570247396488456,0.8916781420855514
20,0.005083182168041934,0.009835818281459062,0.0015064668014013324,0.00040726887877542544,0.9831672638703223
21,0.0077392322684649946,0.005110215091524153,8.493538774501792e-05,0.000755357767882503,0.9863102594843832
22,0.0586747997342133,0.08775616932458985,0.0021033523741434685,0.0020659132958187995,0.8493997652712345
23,0.0031661370918649357,0.003386018079811394,0.0022087671989453684,7.130225537742671e-05,0.9911677753740008
24,0.020271451897395553,0.03512827552446867,0.0002566248509144337,0.001299046855395033,0.9430446008718262
25,0.0344220900685496,0.05224856518855109,0.005941927973820946,0.0003551989075856509,0.9070322178614927
26,0.005214783403527404,0.013654091981519161,0.005062231441170808,0.0008613308173734282,0.9752075623564093
27,0.020464097171949993,0.02404131815264724,0.0004281777088626255,0.0018696845775557787,0.9531967223889845
28,0.02338907360787635,0.006826110302990459,0.00047211694194163143,0.0001747466628772173,0.9691379524843144
29,0.01056826046716897,0.007201061042342703,0.0028285932448205205,0.0004818257389242206,0.9789202595067436
30,0.007263184200521956,0.007344389483639219,0.00037178207380974057,0.00040320900706393556,0.9846174352349653
31,0.01167547912648049,0.00947737739763092,0.0016579839996894456,0.00023087771433325159,0.9769582817618659
32,0.0025101802958614507,0.007208266872185956,0.0011624450721234567,0.000576959671243385,0.9885421480885856
33,0.004236728171447104,0.005248382822024225,0.00017110009513814407,0.00044244209171182604,0.9899013468196787
34,0.007478039585017621,0.010246938526233528,0.0015469940917474637,0.00032649200107276287,0.9804015357959287
35,0.004607477070551448,0.007468210993503819,0.0012460004753559663,0.0014131092257081226,0.9852652022348806
36,0.006215585732608078,0.008747109874851647,0.00022929363411065853,0.0007939823509074476,0.9840140284075222
37,0.003584206133350333,0.005388218626156756,0.002052164178851965,0.0004914479299443766,0.9884839631316966
38,0.0057465688455263465,0.001953265865625507,5.424426663163867e-05,0.0005453933529819039,0.9917005276692347
39,0.015111223127091499,0.0033498755934814476,6.916805007091263e-05,0.0006158660017843091,0.9808538672275718
40,0.0023109810313512455,0.0025191253539928087,0.0006902446336996778,0.0003301711879589993,0.9941494777929973
41,0.007738687350180054,0.006034874320129284,0.0002843573362338822,0.00043289937446217675,0.9855091816189946
42,0.0061958909997789895,0.008862392497195398,0.0017682296294918517,0.0005812893825940034,0.9825921974909398
43,0.0026561727565885384,0.0033259461617375927,0.0020228505186830124,0.0003716316792164313,0.9916233988837744
44,0.004426184184086906,0.005000318827397639,0.0005613065259575474,8.990248832200284e-05,0.9899222879742359
45,0.0031711740591382808,0.001730835445581534,0.0004069715459913825,0.00013372663183194646,0.9945572923174567
46,0.010019895275997432,0.003207557624101369,0.0003128299282760623,0.0006075611144336502,0.9858521560571915
47,0.008141123738248516,0.0035196605607378624,0.0005651700744848579,0.0002712106787835166,0.9875028349477453
48,0.006743345793797991,0.011046913711986777,0.001408953311856247,0.000543916053450386,0.9802568711289086
49,0.011138919315682628,0.014010967809984285,0.0033927905084623075,0.0002572946920131551,0.9712000276738577
50,0.021368737435581594,0.01364874052673117,0.00027667340121155477,0.0007977861569051525,0.9639080624795705
51,0.13963417588537858,0.07089659423595587,0.0007316831603501666,0.006805219049717455,0.781932327668598
52,0.030900674631960213,0.03418509556679986,0.000702827732179438,0.002726182891848318,0.9314852191772122
53,0.11778726447859374,0.30453134866043546,0.007831967688447298,0.01432029242539201,0.5555291267471315
54,0.14155347118714345,0.63964486747172,0.007324590785894411,0.012309275680497288,0.19916779487474484
55,0.00421620011296319,0.02044350442059555,0.001963582189139329,0.00021047084609957827,0.9731662424312024
56,0.1802101841930775,0.35266790492948896,0.001236016351195175,0.01037942283698367,0.45550647168925473
57,0.014924506695731187,0.021179095243363064,0.005003968573140879,0.000268984590768422,0.9586234448969965
58,0.008337501530001882,0.014598337341958817,0.0018605477813001827,0.0005454170771023504,0.9746581962696368
59,0.003260013894278845,0.010370539236472607,0.0020208003274185264,0.0003599264859836857,0.9839887200558464
60,0.008986195427675502,0.006552229239620771,0.0022199273657553366,0.0003922420492746043,0.9818494059176738
61,0.011423377352955684,0.011647859592028405,0.003357273265331171,0.0001933614467559315,0.9733781283429288
62,0.009462754693256175,0.010683319488155436,0.0019605408155243453,0.00035889953044067444,0.9775344854726234
63,0.005010050490438887,0.008575876564581085,0.0024813031033110405,0.0002950252172707041,0.9836377446243982
64,0.0025217704232017727,0.004988336006127898,0.0006922174037101871,0.00023926053295823753,0.9915584156340019
65,0.004387931418201536,0.005608384459816195,0.003760428836585942,0.001369482157928257,0.984873773127468
66,0.005214837616173695,0.009394261368608584,0.001485909017002453,0.0016053508814298605,0.9822996411167855
67,0.011616160352612025,0.011293893779056808,0.0005188571553502923,0.0015742277122328472,0.9749968610007481
68,0.005772440192722945,0.00647999944577212,0.0008520492533942869,0.0015850565837643225,0.9853104545243464
69,0.0065330992555870555,0.006493354728400669,0.0003417419003729955,0.0009520586060832192,0.9856797455095562
70,0.02537013467415079,0.02247924880626311,0.0015031896899341615,0.000954628005001035,0.9496927988246509
71,0.030402857104230734,0.021479911203333858,0.0008661388829046536,0.0021436964244259,0.9451073963851048
72,0.004075279782267838,0.0036489781371546078,7.273056598403243e-05,0.0004901326704295724,0.991712878844164
73,0.010907427262865678,0.007529373910176693,0.0005114123423372695,0.0005526319790239346,0.9804991545055964
74,0.006479469822023912,0.005918014605804268,0.0003375622120446136,0.0006475078040372814,0.9866174455560899
75,0.021029944731610593,0.009773624362547645,9.944082586244189e-05,0.0008350989074212352,0.968261891172558
76,0.016944026156133645,0.025880302300613205,0.0046215546624606176,0.002916064381739231,0.9496380524990532
77,0.009341148458662964,0.013200552702047145,0.0022029098424180783,0.001442880980439626,0.9738125080164323
78,0.01856485943960601,0.01145184039906455,0.00020698689073837264,0.001870787372209174,0.9679055258983819
79,0.019116954071325493,0.02531132382464251,0.0011771091920266688,0.0015757620587812766,0.952818850853224
80,0.31131246161687065,0.4199345822912441,0.0008529568265322403,0.03535309553523981,0.23254690373011316
81,0.07024796668511864,0.03792579961514109,0.000985377350585409,0.004201712738485529,0.8866391436106694
82,0.14053889889371216,0.06997664303067955,0.001034836011875395,0.009846610607632453,0.7786030114561004
83,0.3804070592353656,0.39869800065575756,0.001302754136889391,0.05755157020638476,0.16204061576560266
84,0.028105998723936192,0.036089134789130575,0.0027992070670714592,0.00048138700985938024,0.9325242724100025
85,0.245035686679819,0.2724433770169069,0.0031871034564796407,0.012401655194664537,0.46693217765212985
86,0.006753716401205128,0.6309640772460354,0.34563223961601325,0.0012022489088445467,0.01544771782790162
87,0.09992118221819882,0.25113494735077074,0.01629370690918962,0.00412770812300304,0.6285224553988379
88,0.021444542731059196,0.9128540995460117,0.006640968105790689,0.028877024116934394,0.030183365500203792
89,0.021294898829023686,0.9287368912157594,0.019758652351390207,0.01272070407459121,0.017488853529235283
90,0.010751861955264936,0.9523978650111733,0.011881184073560098,0.012734500588498485,0.012234588371503322
91,0.008165250351119816,0.9606999601810193,0.006650864858600582,0.010019441048363652,0.01446448356089675
92,0.0051092110635032285,0.8921288408012791,0.07246045967874429,0.005708211752353515,0.02459327670411997
93,0.010758604697401477,0.927396364030146,0.025831116849645206,0.0074459496593386075,0.02856796476346879
94,0.0031777109865688885,0.7340873729985753,0.2394555083839816,0.002773052109569085,0.020506355521305107
95,0.009944487022235887,0.9323643987473041,0.017624194003598447,0.015046371992418702,0.025020548234442982
96,0.00290451220565706,0.9176462731819057,0.06146535856842942,0.004575681831661505,0.01340817421234635
97,0.0052180920933412,0.7573673855661317,0.22184637634607998,0.002408094419525126,0.013160051574921998
98,0.0048047105523492915,0.8317852233291203,0.14512439732722102,0.003267990076484292,0.015017678714825209
99,0.002151280030855299,0.7969773253606349,0.18272322944474834,0.005649756181995774,0.012498408981765559
100,0.0009932358366692678,0.33394326158221127,0.6586110535041388,0.0006219989163635444,0.005830450160617101
101,0.002425975466863822,0.7045700870089331,0.2805144478410489,0.001357730472078971,0.011131759211075192
102,0.001811858040577081,0.7094214444650815,0.2812568803608778,0.0014908871211716758,0.006018930012292038
103,0.0160324310326882,0.33029546407418053,0.6055970317647877,0.0035435518279730454,0.044531521300370525
104,0.002120054580745571,0.25725412859332314,0.7367999313989891,0.00030873185656688163,0.0035171535703753054
105,0.008186991120692934,0.5105896953562743,0.4677417142381177,0.0008866931411729008,0.012594906143742266
106,0.003914020599929171,0.14191458204900398,0.8476872557850517,0.00021050365807372674,0.006273637907941389
107,0.0005141384130725911,0.11071478638766787,0.8863207651232498,7.097100026898025e-05,0.002379339075740594
108,0.004993525594821949,0.2923150728073789,0.6931464482014348,0.0009315230565008907,0.008613430339863523
109,0.0029229545141887356,0.23619172996879623,0.7536016777465548,0.00047783594205907004,0.006805801828401143
110,0.0003150926933221423,0.08759066696178822,0.9099248838940862,6.711515451846779e-05,0.0021022412962848893
111,0.0004908362261777764,0.07003902052581748,0.9241231607696124,8.027438956637731e-05,0.005266708088826078
112,0.01897063977255839,0.5362495879555207,0.4154577250421508,0.002085087484760192,0.02723695974500994
113,0.005618305262971896,0.4240116827697557,0.5426461285694881,0.002404948503724583,0.025318934894059678
114,0.1367939322131853,0.6359770573251131,0.12376748412215197,0.012592374467446817,0.09086915187210286
115,0.012196734118550497,0.8849288739803715,0.07973391988969608,0.0025722916236544636,0.020568180387727442
116,0.002979058261145359,0.21273756053273182,0.7744430689487946,0.0005537684449666205,0.00928654381236174
117,0.020016652540735966,0.4020173839865721,0.5107829529752702,0.00425994609301084,0.06292306440441098
118,0.0054424364880949865,0.6222230877841102,0.3533768906469712,0.0013617604368935151,0.01759582464393011
119,0.0012034913214684908,0.11372953243317503,0.8784275781726983,0.00026460873654324057,0.006374789336115014
120,0.0038981980209736354,0.3315798471306824,0.6529419045589175,0.0006867079046736519,0.010893342384752692
121,0.002114614690172795,0.21530664574214944,0.7737768741034565,0.0007420561880106546,0.008059809276210545
122,0.003681552187970468,0.32954336208605584,0.6617449605348078,0.0007907370089716422,0.004239388182194323
123,0.004959466924542403,0.555014862125268,0.4264351063554949,0.0006818592779215173,0.01290870531677324
124,0.0010260796471746726,0.06503805601156529,0.9321155153365441,0.00010551431572167297,0.0017148346889943858
125,0.002821305577980849,0.1934255504190248,0.7986969375415697,0.0003943614010145076,0.004661845060410017
126,0.0005927486403603786,0.08697554893279245,0.9113142218255814,3.638803457780881e-05,0.001081092566687795
127,0.001603433976913133,0.12242579601363339,0.8731490885739113,7.556016199860084e-05,0.002746121273543888
128,0.00864838290203033,0.2613377012145566,0.7200707234550835,0.00039374541550117,0.009549447012828513
129,0.0013057417258848236,0.17404324257393172,0.822709835295688,8.876539311365695e-05,0.001852415011381823
130,0.0013955993112280793,0.12283741208166044,0.8740161647487023,6.0213267342358125e-05,0.0016906105910669495
131,0.007845321701229459,0.3097949687303303,0.6756487373421771,0.0003745666109862399,0.0063364056152770765
132,0.0021865292155510223,0.2857923320777,0.7073029285532023,0.00016608788278919343,0.004552122270757457
133,0.0017097935148226607,0.11062449801537516,0.8855072011960478,9.496550758784167e-05,0.002063541766166432
134,0.0027190774421541834,0.2627960705693851,0.730990842124883,0.00041722710479242565,0.003076782758785304
135,0.0010324579897318773,0.1928634079636994,0.8045182184157037,0.00012892076265307443,0.0014569948682117404
136,0.00250873089744495,0.21661797057099616,0.7773544106125752,0.00014981216990811127,0.003369075749075614
137,0.0009852209668707074,0.26752979029596274,0.728850009077746,8.84698657316414e-05,0.002546509793688979
138,0.0006857451756495653,0.20348577189836395,0.7947100521129404,6.333864713615834e-05,0.0010550921659096748
139,0.0022813320360522693,0.2699617517945517,0.7255891233047849,0.0001345525330535417,0.0020332403315575977
140,0.0007558151939279761,0.18344351935577097,0.8145261049774642,4.935435557686699e-05,0.0012252061172601098
141,0.0006693878766423434,0.16080771924548015,0.8372250648404558,5.0944033878625984e-05,0.0012468840035431952
142,0.0012139545254758685,0.35364882508375683,0.6428384621631805,0.00015311767427124559,0.0021456405533156896
143,0.0008611354602260516,0.29657691312430934,0.701423592000417,0.00010367070081080137,0.001034688714236725
144,0.0017428020829357346,0.3890616758612968,0.6075107926921196,0.0001280249201157632,0.0015567044435320456
145,0.0009862858373950489,0.37227596244987154,0.6251832699979076,5.79660566868079e-05,0.001496515658138936
146,0.0010633978545300138,0.19926482193170045,0.7979800615204106,0.00013450090783622892,0.0015572177855226192
147,0.0017695074116943045,0.2471571318069905,0.7459496816382994,0.00043969506697340993,0.0046839840760424375
148,0.0007330245826827515,0.0749146799022078,0.9220756687993681,0.00019041577746016324,0.002086210938281113
149,0.004380204719367413,0.32646308371031973,0.6552640677194176,0.0062306473098106855,0.00766199654108444
150,0.10227376638176382,0.6624870839342527,0.014707153007107789,0.15107654877131907,0.06945544790555652
151,0.051549970350036785,0.6116911530411837,0.008892230146346625,0.2973208141734457,0.030545832288987305
152,0.04391816366598667,0.4415572137873853,0.0008036835027250288,0.3130474762343264,0.20067346280957649
153,0.0931464166191369,0.09293476488087149,0.00027908791150462316,0.7502032975682693,0.06343643302021765
154,0.12001826953761739,0.31914598777893277,0.00020502600820958302,0.538944156251795,0.021686560423445377
155,0.2816854848381866,0.26769394449969497,0.003142708271991692,0.14798681179587886,0.2994910505942478
156,0.12998264499826181,0.27129184112228855,0.04671009731243019,0.03265328114544212,0.5193621354215773
157,0.09583589154022207,0.07686560942974713,0.0008814450511667788,0.011639231940670552,0.8147778220381934
158,0.21155622115701087,0.19936185616783259,0.00329787426191145,0.024817739856623576,0.5609663085566216
159,0.11574565542870897,0.18932887920233143,0.010582674847997353,0.01885233092419637,0.6654904595967658
160,0.35366750971891103,0.07082694426240904,0.0006213892938122405,0.07444243368022603,0.5004417230446416
161,0.13342100031982287,0.24808195056593754,0.027205522019281243,0.1942412398574298,0.3970502872375285
162,0.19297029040174243,0.09997255860540466,0.0008956908588806628,0.21288157920373688,0.4932798809302355
163,0.24177343463586623,0.19099929185048845,0.008736064868926226,0.18383163279099118,0.37465957585372783
164,0.0663426797784888,0.13815397716124195,0.004113949571596216,0.21715492266604247,0.5742344708226306
165,0.23604990854109045,0.21672027833372817,0.004712500725536469,0.23769353435993953,0.30482377803970534
166,0.18202072685149762,0.1291881058612007,0.002736113508015643,0.43377332700231946,0.2522817267769666
167,0.13593278811195375,0.1025573940305844,0.0006526896232597887,0.7238088152242249,0.03704831300997706
168,0.07597678733355706,0.1030907149612794,0.0015704922589307327,0.6707073600788346,0.14865464536739817
169,0.12018619270076221,0.7195331810431101,0.042992025978423595,0.07378613797594905,0.043502462301755015
170,0.06067167267279692,0.19031973300851263,0.0011449120396043759,0.5847095155810133,0.16315416669807264
171,0.0422479649705641,0.313194558445883,0.0020614797925341444,0.5914379734937485,0.051058023297270196
172,0.13637221215281875,0.4128895263752359,0.04913999450163505,0.10766804691015679,0.29393022006015357
173,0.03651982880629099,0.40259279414194554,0.007352265204316916,0.5237123725802176,0.029822739267228813
174,0.064902110150013,0.1451635900003389,0.002357356907730288,0.47152621629329716,0.3160507266486206
175,0.03497017528571928,0.1021852945470175,0.0017366220672452668,0.8171651951092687,0.043942712990749234
176,0.03753147847277433,0.4208011371860588,0.02011874288667425,0.40755408438620255,0.11399455706828986
177,0.03137865941970564,0.11054510189013199,0.0014795322314360027,0.8326992052602201,0.023897501198506158
178,0.0658663973359243,0.1310998867499539,0.003312480646668457,0.6582097046464297,0.14151153062102353
179,0.029256103101857864,0.0618991303409199,0.0007475314031082165,0.8708267840501862,0.037270451103927724
180,0.10456722147806513,0.19064844476634035,0.02555763798216635,0.13729246598499917,0.541934229788429
181,0.10005221216336342,0.29676521364501307,0.01486698999271688,0.07083536276829173,0.5174802214306149
182,0.12346756261080401,0.509023703514827,0.02600485700442312,0.036015275745590346,0.3054886011243556
183,0.052267307439692205,0.09687997498719043,0.002402552294393512,0.005505180932686388,0.8429449843460374
184,0.07060354207697717,0.11435319663470203,0.002483256366060692,0.029616957778577587,0.7829430471436826
185,0.023713818354092024,0.043476529949446834,0.0032341847840855788,0.0716875304070282,0.8578879365053473
186,0.11690413148459536,0.0633245249908892,0.00038656167782080735,0.097531527313401,0.7218532545332937
187,0.06449935956991133,0.05441959369911589,0.0005539444551574466,0.07065750761922891,0.8098695946565864
188,0.14253587090454062,0.08002709299009043,0.0004648180576372347,0.3696933699522728,0.40727884809545883
189,0.14808680107584082,0.05978753509575017,0.00016313182331723726,0.6823665356336455,0.10959599637144632
190,0.13447214011412018,0.06392160826941187,0.00025359736843200733,0.6350748213913208,0.16627783285671516
191,0.10510098692268563,0.10046479436696505,0.00022724985094247177,0.7273703852470871,0.06683658361231981
192,0.06953125858416276,0.0330831247895795,0.0006812625762224264,0.3288537066147488,0.5678506474352866
193,0.10813714593499459,0.0970715283454976,0.0011540944006667867,0.34654071008451437,0.44709652123432664
194,0.15870302567082673,0.05342877340761417,0.00013201726064895832,0.7115391096829987,0.07619707397791148
195,0.050764565881728216,0.055289625257420774,0.001602621948121438,0.19679467371347034,0.6955485131992593
196,0.13307234179799005,0.06219048977446146,0.00016102154481798965,0.40197976736161206,0.40259637952111843
197,0.1926058827678489,0.061675172729677964,0.00035326523005527573,0.18872040095217743,0.5566452783202405
198,0.08087700227579195,0.024380994272226248,9.691302944972269e-05,0.025951560291281848,0.8686935301312502
199,0.3847796157288659,0.0708639093398656,7.63090912352179e-05,0.07171241381849643,0.472567752021537
200,0.07864577084716899,0.029509930963707586,0.0006654178513571041,0.016384732989679015,0.8747941473480872
201,0.058031603484608764,0.09418708021925082,0.006689320426808935,0.017984289541427063,0.8231077063279043
202,0.04047942356989559,0.03713837481626365,0.004728857562710656,0.04857771620195744,0.8690756278491727
203,0.014204470707430358,0.02372797881185431,0.0008401220357400341,0.013077788583982848,0.9481496398609925
204,0.010913086936889622,0.016208638759387845,0.0002477319964176561,0.014827132659434103,0.9578034096478708
205,0.02066347843144972,0.051006430431054454,0.0016845039444348927,0.0366184319550481,0.8900271552380128
206,0.022832893370145057,0.03383615022094117,0.005248337327151988,0.034284086554652475,0.9037985325271093
207,0.05354166193957179,0.031894677080164247,0.0004756398595058663,0.05719265085227307,0.8568953702684851
208,0.06319640171794305,0.03953185800430372,0.0004206033680554146,0.10947586722798638,0.7873752696817113
209,0.18083812979129021,0.08779961388195769,0.00026882994731111876,0.5119848932608171,0.21910853311862377
210,0.10523818425277637,0.09929833764994642,0.00026055693472148983,0.694088936936672,0.10111398422588379
211,0.03596063530297547,0.05172934722028514,2.253943077389542e-05,0.8895809173316711,0.022706560714294357
212,0.0709306649447353,0.2783574882910437,0.00013719096419125053,0.61297949000655,0.03759516579347979
213,0.018628160419018137,0.0774727910884113,7.281816595973649e-05,0.8899751129782685,0.013851117348342372
214,0.014557190056228818,0.05410174008578188,8.577285229099721e-05,0.9227292352030901,0.008526061802608098
215,0.006216665788806494,0.10244593799790112,6.92987608067173e-05,0.8876451733950664,0.0036229240574192083
216,0.017591135009234805,0.018115129842954786,1.87424432972645e-05,0.7226369774408801,0.24163801526363313
217,0.014353226472465879,0.16438195627282215,0.00015522348956724152,0.8036514478740897,0.01745814589105516
218,0.012962614680916385,0.20332861972297578,0.0002958347282855897,0.776632959786044,0.006779971081778204
219,0.019334291597127226,0.05663974177629303,4.060534065624994e-05,0.913623619195485,0.010361742090438492
220,0.007526597763839418,0.5441601071771096,0.0013557376339730432,0.4385423230872604,0.008415234337817509
221,0.03384785845911809,0.23524890727840128,0.0028920378766024114,0.7124528823787942,0.015558314007084075
222,0.04605512615063984,0.08460951210239934,0.0001269303409412157,0.8295296524254404,0.03967877898057932
223,0.011250871341026642,0.8006377167359716,0.003861092370492084,0.17856956753532052,0.005680752017189112
224,0.025774320575700185,0.5639138533818251,0.002323269873713018,0.3997161193873692,0.008272436781392636
225,0.04565194075536345,0.6625843321446448,0.0017502448484421136,0.26382284053657745,0.02619064171497225
226,0.012336201158544582,0.8694667471327936,0.003603196469864024,0.10663528587099534,0.007958569367802593
227,0.010839815814547151,0.8955862976911205,0.009615058049239691,0.07831838751119384,0.005640440933898751
228,0.008543339636920584,0.9315858534989964,0.0035957574706300685,0.05194512950990866,0.004329919883544458
229,0.011027811303226729,0.8802693246336681,0.0075196974999962975,0.0927132544473817,0.00846991211572732
230,0.008276543191861446,0.8947532872139944,0.009989001810623973,0.0799671959652874,0.007013971818232858
231,0.02119698537167711,0.8217786487231956,0.0625824205373922,0.07129292892224287,0.023149016445492162
232,0.05075606528120695,0.5085771200354213,0.0030196499386691525,0.4029492535705305,0.03469791117417214
233,0.016690261381145523,0.7957816424452826,0.010382068628419725,0.17058385871288465,0.006562168832267465
234,0.012959718527106083,0.8401375354334064,0.006722217484854558,0.1338855206638601,0.006295007890772866
235,0.026365535171192715,0.775785938932431,0.0019291668786796036,0.18594588512474908,0.009973473892947648
236,0.00925751159687692,0.9463531997757999,0.0020770304068043768,0.037955224259866326,0.004357033960652487
237,0.004095490324663206,0.915321744481199,0.05344936828864053,0.019310931483671304,0.007822465421825938
238,0.014740951612935201,0.9372306235077766,0.00843013175668643,0.029296800207257362,0.010301492915344062
239,0.005609733980971419,0.9135212863097372,0.061410778296599876,0.013241355256588164,0.006216846156103378
240,0.005343476907766807,0.910811868395931,0.06117086133278374,0.014680550323906015,0.00799324303961255
241,0.0020823291897414773,0.8857562822328878,0.09957501688612978,0.008628956081493324,0.003957415609747534
242,0.005094897271198426,0.8516391088344317,0.10828784595864399,0.0225850578887265,0.012393090046999376
243,0.0026248576166697946,0.6614240195389464,0.3223793519780514,0.0076540460416086465,0.005917724824723737
244,0.002894643696824582,0.6051914013105966,0.366271551512794,0.017043777112893718,0.008598626366891071
245,0.0032080769544997082,0.7418796539815165,0.2207674582419578,0.027999604250360747,0.006145206571665315
246,0.0027281302524953567,0.7589552588375589,0.21832105359820078,0.012745123837792553,0.007250433473952375
247,0.0020181010147637467,0.5702315816353551,0.42008483786915224,0.004863880705080422,0.002801598775648413
248,0.0018664578103223882,0.5033820866138945,0.4897284577701562,0.003097372052906111,0.0019256257527207796
249,0.0038127702332705557,0.8792544708884195,0.10914397031581102,0.005071746035013236,0.002717042527485727
250,0.0013078503781801072,0.6867911452254479,0.30847033941194213,0.002029566177689126,0.0014010988067407212
251,0.0006584217555470798,0.3003502277066529,0.696658184688373,0.001331339345132603,0.0010018265042944
252,0.0009922122941143194,0.4250121842416126,0.5716537533242785,0.0010817629823889833,0.0012600871576056365
253,0.0006331507327841986,0.24225097370453624,0.755512845477098,0.00042352067872583756,0.0011795094068557787
254,0.0009465535265704857,0.4317046306144574,0.5653291284096955,0.0006690691427015964,0.0013506183065749488
255,0.0010086899409874925,0.346172783642583,0.6510291737134017,0.0004835696239821007,0.0013057830790455759
256,0.0025178257033027875,0.45649040180705464,0.5381536849370203,0.0005104097316745729,0.0023276778209476256
257,0.0012825405374353206,0.43124243278606333,0.5660592852433811,0.00038461967171499,0.0010311217614051497
258,0.0010210784812329586,0.2967176157109521,0.6999886944698942,0.00014823824960913894,0.002124373088311668
259,0.001134479282402156,0.21102833057043927,0.7862136391625297,0.00010354074655780283,0.0015200102380711648
260,0.0006536906328191796,0.08735109968328121,0.9098162633641549,0.00019436252627674802,0.0019845837934678616
261,0.0015189685970909306,0.2277654175604265,0.7677360208391629,0.0006311804118756277,0.0023484125914440927
262,0.0008124243445050792,0.15808246208940657,0.8385959503007863,0.0009190188457575333,0.0015901444195445267
263,0.0013164896536487596,0.2173182628755201,0.7770654420418921,0.0009254141714825183,0.0033743912574565257
264,0.0013418218685605564,0.15648442172360755,0.8355569319035364,0.001599179684697165,0.005017644819598525
265,0.021320175324641574,0.6457867573319017,0.20323872706324228,0.05617590148637603,0.07347843879383845
266,0.004199074885175603,0.8365393687931227,0.13819504289208068,0.011208358504088915,0.0098581549255319
267,0.004265790819366819,0.6897437944172837,0.290691502544164,0.006114085100805952,0.009184827118379483
268,0.01081267297686428,0.8980741518110424,0.05178036788069955,0.019474615945985745,0.019858191385407967
269,0.0030487799854617393,0.6666320918025636,0.3177329487234558,0.0054280714936826725,0.007158107994836136
270,0.004258260896532638,0.801935796996202,0.17745213517488856,0.008517239206048756,0.007836567726328006
271,0.00534898088951313,0.6411331766828826,0.3211994659615897,0.020265108694490903,0.012053267771523619
272,0.0032415479495217906,0.23160144044715836,0.7594061024738277,0.001312942424943608,0.00443796670454875
273,0.0021127556613824536,0.20814195042714806,0.7836834007138089,0.0019960576683472047,0.004065835529313328
274,0.004243637539199676,0.46815062161939935,0.5157696976121974,0.00519990211657471,0.006636141112628742
275,0.0013547497309470199,0.15328967688249995,0.8411622936745395,0.00045671133457151264,0.0037365683774420256
276,0.0016962465588526141,0.17626525923670655,0.8172851802632228,0.00044949424493627476,0.004303819696281846
277,0.002078245786895141,0.18697270283006207,0.8041286847787471,0.0014517694953146447,0.005368597108981172
278,0.0016017170552501097,0.14963704860527519,0.843530595441491,0.0009749131562366482,0.00425572574174708
279,0.05000911301269777,0.5831922681794828,0.15211928080640807,0.045529012218925025,0.1691503257824863
280,0.01651328018777971,0.5734568050866634,0.3895234405601221,0.011132636120583888,0.009373838044850952
281,0.0040179294405322625,0.4082414073665406,0.580076649835588,0.0030682211444381935,0.004595792212900946
282,0.011414537240246048,0.8209656585767487,0.14683708505248702,0.013649584812708882,0.007133134317809238
283,0.0039377974041495045,0.8603566927536556,0.10018083893219977,0.026481974602826856,0.009042696307168424
284,0.0075700390713163545,0.689825445083923,0.27005412825264297,0.018966901963966425,0.013583485628151265
285,0.013815595112318996,0.8988350783061856,0.02094824874595526,0.050719604760481256,0.015681473075059005
286,0.018185850536506065,0.766736469427574,0.13071404208135984,0.05330080069710528,0.031062837257454814
287,0.019206763108486683,0.36934930304833796,0.5257976672181621,0.04680789909603831,0.03883836752897486
288,0.01970816834600304,0.8556473003302658,0.05023600024504559,0.059421014383345315,0.014987516695340125
289,0.036762138858374885,0.8283636658856268,0.05299175288586198,0.05068750660385831,0.031194935766278253
290,0.019245689896266075,0.4186982354423066,0.5088424247708931,0.020334997487396714,0.032878652403137476
291,0.04751822921819092,0.699934249713598,0.10745194013727694,0.09127511394107952,0.05382046698985464
292,0.032300394769046045,0.6958865261592438,0.19291565025217347,0.041297925210933124,0.03759950360860343
293,0.04862827762965221,0.3114416815495809,0.37601447206151356,0.08728949233705804,0.17662607642219533
294,0.04145314761712965,0.07641345001431231,0.12712587034800796,0.006496668285329543,0.7485108637352205
295,0.23165625696729378,0.3724903982030664,0.057047800948059585,0.03821697071544101,0.30058857316613924
296,0.27704889561011,0.48804848497168896,0.03502934813978898,0.12142073205036916,0.07845253922804288
297,0.2563832706103386,0.5652246649116779,0.019908801339371143,0.10599629898293095,0.05248696415568153
298,0.04676039664164595,0.15016309712492193,0.11933455189094783,0.03648992379530465,0.6472520305471796
299,0.11046581015062852,0.23267767451957566,0.002026994612193967,0.12275930556517785,0.5320702151524241
300,0.17455311301010246,0.28879423045995717,0.0009060853770181469,0.2890817553413398,0.24666481581158256
301,0.06101980605379432,0.14955578013100776,0.020660992384466517,0.19757129448226254,0.5711921269484689
302,0.03586578840212009,0.0518498682466229,0.00029960228756998074,0.8521029623653752,0.05988177869831184
303,0.015917764904921545,0.03600039453228992,0.0002535867369411058,0.9321406538352627,0.015687599990584705
304,0.03897729613429973,0.06912891510071686,0.004813601299617899,0.5483812583378875,0.338698929127478
305,0.016173212765983793,0.027246443186311038,2.7137258480161728e-05,0.7293933650791117,0.22715984171011339
306,0.07602864440946967,0.09717543594158509,0.0037909472676754927,0.3592863942393033,0.46371857814196643
307,0.07946277527666247,0.057596902651077135,0.0004931599389116591,0.5199089704820841,0.3425381916512647
308,0.10306433200576319,0.02720353285261128,0.0001718493473093808,0.4830626068977931,0.3864976788965231
309,0.06989240775852631,0.030803795329224927,0.0003476386087925061,0.1499413185266056,0.7490148397768507
310,0.07772564227659175,0.052701516705982554,0.0002616811539037,0.24243861544227122,0.6268725444212507
311,0.20687315388697425,0.037820129471907195,0.00015670098258601794,0.3699659847982517,0.38518403086028075
312,0.13410784391210254,0.12901638194257317,0.0026604746709866004,0.11401869495801259,0.6201966045163251
313,0.08624324625783959,0.08777664989050675,0.006850222775936006,0.1058844480680347,0.7132454330076831
314,0.0693974572038562,0.04023334898908406,0.0005077168892585552,0.1495552107174938,0.7403062662003074
315,0.04947215523129175,0.03302083668751328,0.0004812518436841622,0.20622646632487177,0.710799289912639
316,0.2713947791908549,0.06961297266453682,0.00034499063909124736,0.2941587210878948,0.36448853641762213
317,0.09231306033834609,0.08351658811666547,0.0012406466212085607,0.2723668616709471,0.5505628432528328
318,0.21334006934947863,0.07214966396726273,0.0003958514751177097,0.2808194685516748,0.4332949466564662
319,0.3216056515300607,0.11712928766342309,0.0006749423878851342,0.20923782782960534,0.35135229058902573
320,0.07088520479812428,0.0756297562612099,0.0007890317456399441,0.16844269372812684,0.6842533134668991
321,0.2961749745345538,0.11952957638369074,0.0007504761171536656,0.2777779317141062,0.30576704125049553
322,0.16557527495904845,0.10465535227994416,0.00265716411406718,0.18967760272199227,0.537434605924948
323,0.05898399345989168,0.06760439422398222,0.0009218264830459514,0.0898632011652747,0.7826265846678055
324,0.22759514728032437,0.337156957408857,0.0008099307485183633,0.3251235788110509,0.10931438575124938
325,0.04715493464271241,0.10391480559444331,0.004337722194678618,0.3075701652628223,0.5370223723053433
326,0.2274623214345293,0.10835614336742369,0.00026027333665266077,0.28933599707993346,0.37458526478146087
327,0.28395859417394287,0.28132239586918917,0.0010570604691770382,0.22212530771565045,0.21153664177204043
328,0.07424423682963709,0.07475576597599047,0.0023488400348798356,0.212840270808642,0.6358108863508506
329,0.1709973082795404,0.12139886926295804,0.0003404382804168586,0.6369578508603058,0.07030553331677893
330,0.11098131833884343,0.10302030471682778,0.0010964555645273002,0.3256498152645146,0.4592521061152869
331,0.15290374384724525,0.09044437962700261,0.00016995837971659836,0.38276023622278144,0.37372168192325406
332,0.04944822826484171,0.06712674315216298,5.308204514873671e-05,0.8628376692806582,0.020534277257188337
333,0.09223159934339516,0.10551182645061329,0.0025339477001041395,0.19582584781213916,0.6038967786937482
334,0.3019224239362471,0.10607507484189625,8.495527234601101e-05,0.4155243441116326,0.17639320183787793
335,0.21038033286213045,0.06356102825375913,0.00014126951407389187,0.495894516541191,0.23002285282884563
336,0.16594001291165134,0.09285385505916342,0.0002034643647171291,0.4244355514264954,0.3165671162379727
337,0.06621961168979651,0.1556061029373994,0.00013550606612324387,0.6346218741544265,0.14341690515225447
338,0.039638788561748704,0.08178173377489188,0.00015977359354242283,0.7865941024136119,0.09182560165620508
339,0.005139926041492991,0.8277153943312298,0.00043914280253024067,0.1634920188328591,0.0032135179918881345
340,0.015670298556652897,0.07708160643791015,0.00010596537057916404,0.8913207597146209,0.015821369920236823
341,0.012713718475229988,0.486231427666324,0.00021180969411070002,0.4949234266598862,0.005919617504449053
342,0.02093263853841612,0.4322862305880543,0.0002622593535300627,0.5373037890538808,0.009215082466118749
343,0.054787235897661726,0.08968110236088486,0.002026034302814285,0.20330485507928125,0.6502007723593578
344,0.02396926252726255,0.15804862074100964,0.00040240292127220485,0.7972691250747158,0.020310588735739772
345,0.043142872224831916,0.1998141897150189,0.0003000998532284274,0.7320909930040961,0.024651845202824686
346,0.0787532324483545,0.08947245460307221,0.00014374996521157333,0.7374023151129537,0.09422824787040802
347,0.014121697424857013,0.8645566778087271,0.0019245724150902452,0.11350542508874907,0.00589162726257665
348,0.07128067660996854,0.41482108749611346,0.025265026948728963,0.27677263397167823,0.21186057497351082
349,0.12253247139646088,0.26208688670153857,0.0030623981092532866,0.45478521752293555,0.15753302626981175
350,0.022315623138809977,0.7607920641493342,0.012484658464228613,0.19568479709992365,0.008722857147703697
351,0.13556431764358082,0.4428053853431413,0.022391866014532216,0.23196232054124657,0.16727611045749896
352,0.026967848709699076,0.5957699429359292,0.0013094609598243555,0.35503458245614256,0.020918164938404638
353,0.013998585157970918,0.7774385687169759,0.09350405241210437,0.10306541743107794,0.01199337628187078
354,0.03531783686906361,0.6686379667628033,0.006261494657321005,0.25453017823939184,0.035252523471420355
355,0.01158169856082177,0.8296142848564947,0.0008269223144432828,0.1521975164006819,0.005779577867558378
356,0.015226440397932136,0.8588773117724987,0.019250533106385654,0.09539261426862751,0.01125310045455614
357,0.0159637740802654,0.8270314977124377,0.0070518426535292516,0.1414342781684014,0.008518607385366412
358,0.030383116838258277,0.6695452091221601,0.029346860769741495,0.22850061002213207,0.042224203247708224
359,0.03710506259045148,0.736136828790088,0.007729351513679634,0.20794857204043588,0.011080185065345102
360,0.008149137643105943,0.9467158140318838,0.003403877009391215,0.038775054385725274,0.0029561169298939183
361,0.09796215572963458,0.7700480450520824,0.043423903910231765,0.0567148252907205,0.0318510700173307
362,0.11094357272722391,0.6986033540815968,0.002079535539338464,0.16118780982690792,0.027185727824932806
363,0.03752231726973709,0.8171725406003513,0.07412341175721013,0.04422544087856924,0.026956289494132455
364,0.15354376438779443,0.1967559282453678,0.022976253752835178,0.028796812472709144,0.5979272411412934
365,0.36259994524430816,0.21425565217563822,0.01616758438089328,0.10962413413791158,0.2973526840612487
366,0.04557278296042686,0.050926676386650244,0.006252150260480909,0.00995356492772648,0.8872948254647155
367,0.38534459765327433,0.06471852072111457,0.0028517009408469177,0.04932289682422563,0.4977622838605386
368,0.2846824312878028,0.11211749734280627,0.003714293108996974,0.026574863180852653,0.5729109150795414
369,0.035993300227362746,0.07957564852826796,0.004842812467979391,0.007298120587809425,0.8722901181885805
370,0.17367103309026655,0.22974718265000063,0.0013105777630050153,0.026378491926228514,0.5688927145704993
371,0.13363353254944102,0.22165927135843655,0.009626212266214691,0.024680548388870953,0.6104004354370368
372,0.04030227115996107,0.11572460244237906,0.017161774096044975,0.018044219799739847,0.808767132501875
373,0.10787799639172639,0.12775222167366018,0.0006356011481766881,0.03257996275643408,0.7311542180300026
374,0.015171976830333644,0.06140942905341343,0.0066570689622562,0.02182082523534323,0.8949406999186535
375,0.10455447762913353,0.11694473385818913,0.0021608953164723066,0.026856605269023566,0.7494832879271814
376,0.06375681509606809,0.15024036513277178,0.007899191959803428,0.06326371687869395,0.7148399109326627
