epoch,N1,N2,N3,R,W
0,0.07049203924072776,0.034713500308764314,0.001025637307265117,0.0016420285946730003,0.8921267945485698
1,0.030717946079138733,0.004739181355809347,0.0028228232029073284,0.0004719765448070162,0.9612480728173376
2,0.1251871470761692,0.012989287728846964,0.0013469822236559122,0.001344545220543546,0.8591320377507843
3,0.04116508812405165,0.004371286964322785,0.0015287998400510987,0.00017073211470593485,0.9527640929568685
4,0.014209863836634069,0.002313589243906904,0.0007460949586318875,7.102678609381359e-05,0.9826594251747334
5,0.09262208119047952,0.004412948267500684,0.001458028173739638,0.0002118686361162572,0.9012950737321639
6,0.20396813337159286,0.008594729261926105,0.0013819542975085505,0.00022431751719551965,0.785830865551777
7,0.021590997453651676,0.005290499450215415,0.0015013610490127519,0.00010000991691639269,0.9715171321302037
8,0.2474796919975329,0.008218524455931717,0.0021342106008604947,0.000222350625377476,0.7419452223202974
9,0.24271198769876617,0.05310659693693171,0.0031666036550948512,0.00046994843825302164,0.7005448632709542
10,0.13748974746984335,0.09383744597346251,0.004470206079342499,0.0006955949914463413,0.7635070054859053
11,0.07929261636119453,0.02571584603153266,0.004809367994742155,0.00024540621375201076,0.8899367633987787
12,0.08913918790567193,0.007272934553180632,0.0014667892096112212,0.00024033256199586738,0.9018807557695403
13,0.054500698243514833,0.005435264571336929,0.0007084220716231635,0.000295589146878382,0.9390600259666467
14,0.033632259102952096,0.0022586640981954544,0.0003287167747221958,0.0003165214862190535,0.9634638385379112
15,0.034347673337560024,0.003119244455830974,4.6831316744046816e-05,0.0003699127205597807,0.9621163381693052
16,0.09611144482888626,0.011209777837242916,0.00031493917045354806,0.0006108089178195965,0.8917530292455977
17,0.11285690387459818,0.004428711362800606,0.0002891195629826038,0.0006656223570244914,0.881759642842594
18,0.44815860422587117,0.02621119513214655,0.0001387573652483223,0.029741739436140675,0.49574970384059347
19,0.40938049567932605,0.028113786734071493,0.0004697430709029121,0.020191658931468248,0.5418443155842313
20,0.41664236159602974,0.08363720204325466,0.0004623899840723304,0.07142663421228641,0.42783141216435683
21,0.5774789189308576,0.10120081284352082,0.00019854479190436163,0.08722067642604989,0.2339010470076674
22,0.3706433503147041,0.17035539592771992,0.000402997512143657,0.10936400878131827,0.349234247464114
23,0.33321167082227127,0.11903683790074586,0.00025390740276668594,0.263903686645883,0.2835938972283333
24,0.1996703490939909,0.182298307166256,0.0004828496128789688,0.36574581221626595,0.2518026819106082
25,0.14416277009526132,0.23542160297391732,0.00048724398537701544,0.4314126995883527,0.1885156833570916
26,0.2907011913133196,0.3078151600322086,0.0020191536067535004,0.06815442019947922,0.3313100748482391
27,0.2049792508649702,0.1920967689219608,0.00241991110214905,0.07843869904155289,0.522065370069367
28,0.11256951398853685,0.023277003789087602,0.011209969399087394,0.030689638671840498,0.8222538741514478
29,0.011938254951260741,0.004815499921912728,0.001105617517045351,0.0013306596584866574,0.9808099679512945
30,0.06951015245506602,0.00364530779717711,0.00058668744263256,0.0012413796883476835,0.9250164726167766
31,0.15841435517442426,0.006563077861896924,0.000635863966220826,0.0019104211678382629,0.8324762818296197
32,0.17562423420231882,0.1272435830560323,0.003518864208988347,0.009489405523479127,0.6841239130091814
33,0.06265682310020917,0.04953426469468833,0.0009559146078215069,0.005015655414293448,0.8818373421829875
34,0.002143118811809286,0.0001534128818685878,2.3928200316967402e-05,4.806145406311191e-05,0.9976314786519421
35,0.2990008021316156,0.03161471316410491,7.371918205661726e-05,0.0057246500806539865,0.663586115441569
36,0.11337116231020135,0.03492989699921177,0.00010844414717132247,0.006967756352349369,0.8446227401910662
37,0.21050609528434397,0.2500280011682125,0.00013060335406236596,0.03348845228985173,0.5058468479035293
38,0.5174837965464817,0.10070314757353764,7.650427039430445e-05,0.16773005483177778,0.2140064967778086
39,0.5012677064897413,0.1599463702982411,5.8476204670049694e-05,0.05854094194843509,0.2801865050589124
40,0.717950328647377,0.14286806093925045,6.562906751715606e-05,0.05757425263041897,0.08154172871543652
41,0.6665149895481203,0.14276300009696619,0.000697856745624624,0.031880924046891614,0.15814322956239726
42,0.4750807822906798,0.23409828282222783,0.0035133131252220386,0.04447937046814928,0.242828251293721
43,0.4261536561996269,0.22564820163689758,0.0066358996293159975,0.03301249558921982,0.30854974694493975
44,0.1874693999883788,0.34759518945314566,0.028724488276870564,0.028183914634720614,0.4080270076468845
45,0.28515035560511,0.5583891332401287,0.015546493082739544,0.020520964080908227,0.12039305399111352
46,0.06588557876425552,0.7712977647510209,0.12874581874877297,0.000856923812405124,0.0332139139235455
47,0.046207817534356835,0.866394355220621,0.06248744121170636,0.0005280146930141755,0.024382371340301558
48,0.08984113603041641,0.7799903530982597,0.09949984425441862,0.0008096518536228442,0.029859014763282427
49,0.034436577711531274,0.8779865926280183,0.07118896548759286,0.0004705543428443269,0.01591730983001315
50,0.028121271102782043,0.8172627222004307,0.1362523224264673,0.00011966932328828875,0.01824401494703171
51,0.03154942027964591,0.7396658571876921,0.21765170140713477,0.0001408480264286843,0.010992173099098546
52,0.02145469853228843,0.6393856656808539,0.3308793802944644,9.397109982388528e-05,0.008186284392569396
53,0.016064378036202275,0.7423567906624643,0.2309458586131527,0.00014401468398377503,0.01048895800419678
54,0.014427472104875728,0.6166637038956844,0.35605150062550556,0.00012759113708302639,0.012729732236851369
55,0.00935648615971613,0.7839867835558205,0.19604144478732788,0.00010142302604028052,0.010513862471095314
56,0.005615483814467329,0.5627815318983582,0.4174012228225921,0.00011347337020869309,0.014088288094373607
57,0.0020506866734076776,0.4173537113712008,0.5691848908703541,6.67180467174912e-05,0.011343993038319981
58,0.0036713276644682854,0.5781180059497785,0.4087902024055418,8.3670183336589e-05,0.00933679379687492
59,0.002981176740506321,0.45267587855065367,0.534043816063174,0.000107428912352958,0.010191699733313145
60,0.002214533077348159,0.17875377483775484,0.8099644194250485,8.063930748842719e-05,0.008986633352360149
61,0.02666938257068029,0.30831109588036903,0.6144890652497322,0.0009938714339042577,0.04953658486531414
62,0.004170931668575278,0.2561791231368406,0.7327683380096318,9.739414414422204e-05,0.006784213040808073
63,0.0041704667456380785,0.49940305496152215,0.4870099944535372,9.802998515080988e-05,0.009318453854151726
64,0.007201213174413897,0.4490431551324234,0.5354316055365487,7.807359019979425e-05,0.008245952566414229
65,0.002331030305592429,0.4402487234281602,0.5501136542502062,8.089689106520802e-05,0.007225695124975914
66,0.0009025621829084583,0.22427950488558343,0.7698005483820013,5.173078757159419e-05,0.004965653761935343
67,0.0019614627032174593,0.19087852060423496,0.8020529772580992,5.775592479072063e-05,0.005049283509657572
68,0.0008723352588852367,0.19392717384062122,0.8008348034767895,4.378304896344205e-05,0.004321904374740629
69,0.0006336185771230709,0.10948652470802064,0.8867981118371429,2.3885132067152705e-05,0.0030578597456462327
70,0.0011620296233658483,0.08114553349234113,0.914584991887961,4.179624610823751e-05,0.003065648750223559
71,0.00036444504584633516,0.07789159673103742,0.919094355544632,2.9021783573055838e-05,0.002620580894911321
72,0.0006648362033247323,0.049250737310548326,0.9474582721003111,3.2441859029942465e-05,0.002593712526785789
73,0.0012175746372819446,0.1569697561365698,0.8378054289845879,5.903113432885855e-05,0.0039482091072316145
74,0.0010933215327169332,0.11928374241594833,0.8773709161170123,5.363159016223736e-05,0.0021983883441602146
75,0.00033776731020846525,0.025840956853291158,0.9726744588641787,1.5350650401100074e-05,0.0011314663219206566
76,0.0005816438613168743,0.1036840643294967,0.8935026373936814,5.886446132433924e-05,0.002172789954180739
77,0.0006980154292503341,0.07493891666526604,0.9221024221511992,2.5269185565906172e-05,0.002235376568718715
78,0.0003444026077926845,0.038216733412998416,0.958556175287538,1.749737389906485e-05,0.002865191317771809
79,0.0003859310354308071,0.05662056992447416,0.9416596334434139,1.7023109618810698e-05,0.001316842487062184
80,0.0007781828666067873,0.11167274949226096,0.8841014053079193,2.6629827798137317e-05,0.003421032505414874
81,0.0010642840636509515,0.11925330432948142,0.8759868424453116,4.66492263380889e-05,0.003648919935218128
82,0.0023004083458343398,0.12867661414469117,0.8657160694658421,4.386823186794944e-05,0.00326303981176437
83,0.0006316820484513714,0.043793294185860455,0.9537846744925571,4.0720875903083276e-05,0.0017496283972278245
84,0.001505753536421926,0.10511530353338287,0.8904614234470412,4.9050836483629026e-05,0.002868468646670499
85,0.00027504809841371903,0.04301334817588724,0.9549265819749652,2.849318859185633e-05,0.0017565285621419181
86,0.0022052252904865006,0.13825303010593448,0.8557673569776375,6.428885668116893e-05,0.00371009876926039
87,0.00021344398797071512,0.03526682950982402,0.9631139248715039,1.8569212357558548e-05,0.001387232418343645
88,0.0008626369019116283,0.06722145373499074,0.9297093700673296,4.7736540868811075e-05,0.002158802754899308
89,0.00048663633432817797,0.03373066597198951,0.9641826257753859,2.5384512336962565e-05,0.0015746874059593204
90,0.0004805116496523784,0.0632939857873487,0.9342444565529665,2.341634404132106e-05,0.001957629665990953
91,0.0004305885373111715,0.04068227790460222,0.9566366500983351,2.424645944669457e-05,0.002226237000304762
92,0.0005771551854595612,0.05594025990403098,0.94079763275971,2.2272095074946555e-05,0.0026626800557243142
93,0.0011062286409671887,0.05534309771226619,0.9408998174538187,5.4403056247077004e-05,0.0025964531367007365
94,0.0005037801292259817,0.028245462224860955,0.9691320464628935,2.3709984191519717e-05,0.00209500119882806
95,0.0011832544673690752,0.11377170164594112,0.8820203436344984,5.1300031779381495e-05,0.0029734002204120395
96,0.0009029663619681477,0.07204480685172711,0.9245038813815667,4.7927766652280766e-05,0.0025004176380858108
97,0.0017288703628324503,0.11798520848760889,0.8770191861697307,0.00011363465085256964,0.0031531003289753607
98,0.0013634540013048547,0.11305977485094014,0.882797836363778,9.966908624317505e-05,0.002679265697733892
99,0.001811705510507275,0.15300337351553456,0.8414757434198127,0.00010410314612309441,0.0036050744080224
100,0.0042112436602195795,0.16573713405915233,0.8092444339409002,0.00047392661142554225,0.02033326172830243
101,0.00296002093193896,0.1046341949326872,0.8850098230231854,0.00018332298973540648,0.007212638122453134
102,0.0019818126407858,0.16728787520507613,0.8272842142442774,0.00010045476630272727,0.0033456431435579842
103,0.0021954166543333626,0.22961894587775236,0.7655076049865163,0.0001112258860024003,0.0025668065953955003
104,0.0015882110439080388,0.17145505620646145,0.8229465601052074,0.00011254513453403799,0.0038976275098889525
105,0.0018272158156814049,0.15768184899039162,0.8360421937329747,0.00014484809113186678,0.004303893369820513
106,0.0006778699228334884,0.10263284407725468,0.8951102233121757,6.887956109097256e-05,0.0015101831266452893
107,0.0010467901017222733,0.11056502371954921,0.8864117606044585,6.55666510399527e-05,0.0019108589232301621
108,0.0009616025977055754,0.11814848436174441,0.8792471070732355,5.374720141049181e-05,0.001589058765903991
109,0.0008500460226079293,0.051753161474475486,0.9459985404958626,5.1748551651923855e-05,0.001346503455402208
110,0.00231906046947279,0.12283196371953002,0.8702485883419833,0.00014114273923433311,0.004459244729779504
111,0.0042220357609161485,0.16042978064908847,0.8322838264825871,0.00015075702454664006,0.0029136000828617814
112,0.001782747029568606,0.12558147305917952,0.868858677004741,0.00014446209927993555,0.0036326408072308003
113,0.0008788706477615352,0.08059161182021171,0.9163322975373122,4.26246348911519e-05,0.002154595359823193
114,0.0008129929752041932,0.05693773781502012,0.940313722561947,3.990117961714582e-05,0.001895645468211494
115,0.0007725851732779531,0.07602466667739229,0.9176154937252937,6.871241565850678e-05,0.005518542008377455
116,0.0037870672578660157,0.15336030311419876,0.835569928883197,0.00010610053802326033,0.007176600206715014
117,0.0005927260027557917,0.05561481544764682,0.9386418267955083,4.494331046256796e-05,0.0051056884436266855
118,0.0007650072014489919,0.047267503233632865,0.9486591765677574,4.740581772257001e-05,0.0032609071794382685
119,0.0017951204912217034,0.0638159488122128,0.9300053658886245,8.102181633546823e-05,0.004302542991605663
120,0.0011893203254149415,0.04257564054468819,0.9533764428252781,3.965088643811437e-05,0.0028189454181806084
121,0.003243471479718296,0.06260592514512422,0.9262045289643033,0.00011809072313173547,0.007827983687722419
122,0.007152144525719784,0.06868638515775635,0.9123998273931029,0.00010730915359202301,0.011654333769828865
123,0.009402171151724129,0.11374755175024409,0.8699657466063858,0.00017448487777213474,0.006710045613873806
124,0.008338529502691394,0.19331598806946937,0.7926923751848234,0.00014865270303779534,0.005504454539977917
125,0.009857010892524701,0.09157718210649177,0.8901088782543907,0.0002211768964938989,0.008235751850099032
126,0.0008723320792354953,0.054931897097759246,0.9413193860333868,8.152885348180705e-05,0.002794855936136739
127,0.0007341225906980821,0.0727962074872984,0.9220174646883055,8.962007020937717e-05,0.004362585163488797
128,0.0018154814495529832,0.09720459065306057,0.8980957082040483,7.872262483690949e-05,0.0028054970685012035
129,0.0008568648260237772,0.07744071617601168,0.9183102282827674,5.483329842650854e-05,0.0033373574167705733
130,0.0007377816878828533,0.05464569136090267,0.9429914767298602,4.593990999738468e-05,0.0015791103113569488
131,0.00044844747983637,0.05546451587819036,0.939877693265744,4.707683408148055e-05,0.004162266542147573
132,0.0016294723985220295,0.12412951914010603,0.8706696933001212,0.00011618923781107558,0.0034551259234396063
133,0.0007382638349205826,0.06162232705317425,0.935048726209616,9.886736596426786e-05,0.0024918155363249503
134,0.0005828936639765927,0.04935414609301371,0.9475333383778648,6.446516483645354e-05,0.002465156700308355
135,0.0024260258493662493,0.2779795464141013,0.7168159591197281,0.00017320936593431027,0.0026052592508700994
136,0.00038478377261948855,0.07093604707050569,0.9274091369231661,4.383954820427517e-05,0.0012261926855044005
137,0.0007867323795334773,0.09291005110900694,0.9045833273535487,6.113891453818803e-05,0.0016587502433728332
138,0.0006319525306785907,0.06559430034511149,0.932705386516105,4.420784340864691e-05,0.0010241527646964292
139,0.0003979120715809675,0.03614321524461337,0.9618895028436898,3.250524824408759e-05,0.0015368645918716769
140,0.0016007242444329537,0.08179075693536729,0.913509980918615,0.00010360798923925647,0.0029949299123455406
141,0.0007781200133249264,0.10045390928987104,0.8950391574495314,9.668298089516148e-05,0.0036321302663773216
142,0.000737295482506742,0.10356406199404258,0.8919356996082748,9.124643940461701e-05,0.0036716964757712027
143,0.0008471754591866978,0.12414890378604754,0.8724816683798272,0.00011200935650756566,0.0024102430184311293
144,0.000677386052670684,0.0799326952895572,0.9148467437740381,0.00019776523442589322,0.004345409649308108
145,0.00030232706958145867,0.07506070133655073,0.9213205238779987,0.0001889018174193725,0.003127545898449738
146,0.007537619376219357,0.3659995472925686,0.6088366655459675,0.0013000130632436603,0.016326154722001014
147,0.012683615389061086,0.11035434558113219,0.737563189362753,0.003846435510906611,0.13555241415614708
148,0.0495326201855129,0.34942834072745843,0.5404931411422225,0.0033112139383335345,0.05723468400647268
149,0.05411255396783828,0.32054236054032964,0.5665350118436776,0.004138809617210002,0.054671264030944494
150,0.0761997968476628,0.486616745156751,0.3896883535708127,0.0035425926779212224,0.04395251174685222
151,0.08087200753722633,0.688165007499157,0.21303725668474066,0.002888436926568231,0.015037291352307818
152,0.017752080790126853,0.5121787835102504,0.45631435601202996,0.005165645938660148,0.008589133748932602
153,0.02944062584823112,0.7298930432079571,0.21968030703116298,0.009008821303161553,0.011977202609487042
154,0.018849074158711177,0.913962139754918,0.05405981782750903,0.003269262237272714,0.009859706021588968
155,0.019403096216599094,0.8442477336289863,0.12370579061346663,0.001956919199996571,0.010686460340951472
156,0.04563677415245553,0.8366913535838132,0.10617357099705411,0.001628324558742495,0.009869976707934458
157,0.01551518516335454,0.9294874489130177,0.050720874849301247,0.0006517917009285326,0.003624699373397819
158,0.03473215184610802,0.8164253220061971,0.05819316636262244,0.0006663475229563771,0.08998301226211596
159,0.09165562538256423,0.81738634506858,0.04321535577572804,0.00022774359906329388,0.047514930174064426
160,0.03792517815660595,0.8825306930174245,0.06249153645041418,0.00018110557859457954,0.016871486796960725
161,0.07840850177884758,0.7543242788600609,0.16128036799717937,0.00011247788237104354,0.005874373481540923
162,0.029593653633249728,0.7203389389668393,0.24403965659200164,0.00025301675685619323,0.005774734051053195
163,0.034933352133002214,0.5651758382003964,0.39134054901621423,0.0020159038236589114,0.006534356826728291
164,0.038663148174575585,0.841001401204511,0.09566367585958839,0.008778759854969818,0.01589301490635529
165,0.01856060934285921,0.8787019187887232,0.0901221127296962,0.00451200225662442,0.008103356882097042
166,0.3246580856458443,0.36798757421068523,0.001457537555568986,0.007499933395835959,0.29839686919206565
167,0.08223344745288572,0.902394458753133,0.007632313390284119,0.0007309434550909418,0.0070088369486064
168,0.18668324480535795,0.7401482940369061,0.06453173903215656,0.0003528968603990381,0.008283825265180397
169,0.13230817798652275,0.7633435801034398,0.09500117891117366,0.0010523621887726263,0.008294700810091043
170,0.036840104673565674,0.838985042465895,0.07961751377164208,0.012536273017285228,0.03202106607161211
171,0.04356220896224013,0.8043024721620629,0.061715519421888076,0.07644411209870777,0.013975687355101163
172,0.06295180528332618,0.8273626852967146,0.0538236433462641,0.04547939074525086,0.010382475328444067
173,0.10597828591121335,0.7750748335863341,0.041871480167297824,0.04951366370164523,0.027561736633509602
174,0.04418617406887215,0.8480242124041066,0.023676826397494796,0.0694758343560571,0.014636952773469426
175,0.11731940435629935,0.6944983329896819,0.015290118100107946,0.16012328403891318,0.012768860514997465
176,0.1225286875782546,0.6077115234479956,0.004441612799013853,0.2518226293991325,0.01349554677560329
177,0.08412723308789886,0.7181794591120723,0.011655974075689286,0.16814532091586065,0.01789201280847903
178,0.10596620483282296,0.6286463720704848,0.002136763028845862,0.2543303810630105,0.008920279004835724
179,0.02936782772462286,0.8383665876963073,0.005268944929112098,0.12252638621798247,0.004470253431975138
180,0.01950354922218386,0.82965133318366,0.007062409565623823,0.1385353323763974,0.005247375652134974
181,0.02471259658733299,0.8363853033962105,0.005454173762912493,0.12631515307778438,0.007132773175759815
182,0.04946811357915543,0.15295011372489245,0.00023841251697971985,0.7864050530272406,0.01093830715173165
183,0.1361187713540547,0.21711064976114464,0.0005124141754936609,0.6267205954839873,0.0195375692253196
184,0.1093167872754293,0.27158055435083084,0.000411566233553373,0.6083558731737929,0.010335218966393573
185,0.061726702148107486,0.17847866305526125,0.0005835004159182482,0.75404475203886,0.005166382341853037
186,0.07553954861100255,0.15352175842152227,0.0005794953867992692,0.7646261585452154,0.005733039035460491
187,0.09150285130239334,0.15500452769950554,0.0007442084992007015,0.7422339177796851,0.010514494719215313
188,0.04844133253288727,0.6548446500399444,0.006254195150527437,0.2808067911604717,0.009653031116169346
189,0.055451807011997055,0.231877124855154,0.0008037072031789797,0.7046515437938166,0.007215817135853601
190,0.04932629251989046,0.13695028168325263,0.0003949361182390355,0.8081303980025326,0.0051980916760850935
191,0.10882422157168643,0.2669612947215659,0.0006028531683003449,0.6117419970706895,0.011869633467757731
192,0.09626599632473687,0.34559323628474053,0.0005432927630284287,0.5476897726992791,0.00990770192821511
193,0.1055819162102772,0.4191208716493144,0.0004570302794932197,0.46939816244895105,0.005442019411963966
194,0.037282289614892945,0.8959403401687739,0.005551233568585392,0.05810200981989416,0.0031241268278536373
195,0.09113068745601989,0.6734138766958441,0.0013223679092759638,0.22829050689109653,0.005842561047763654
196,0.04595238318294193,0.8638785424110746,0.01116639573061566,0.07307108554577196,0.0059315931295957774
197,0.1105668661289508,0.7920585777735777,0.00243561850345565,0.08085698162210449,0.014081955971911331
198,0.07952210718641106,0.8052700990912242,0.001011645458960555,0.09029092642477642,0.02390522183862778
199,0.11312077704406515,0.7052964766264931,0.002206095425149329,0.15018713565569325,0.02918951524859896
200,0.09853588891710158,0.8067272822825725,0.002840993269215927,0.06081274402212443,0.031083091508985496
201,0.07389301591595678,0.8303811286169149,0.0037804102399745672,0.06385312933070132,0.02809231589645246
202,0.13352345638244867,0.7513865381469644,0.0019032967173046513,0.059185080607739624,0.05400162814554261
203,0.0965973927353591,0.8461821530473763,0.002987799929674508,0.03295940460092331,0.021273249686666707
204,0.06799108003842709,0.8787405175582016,0.0025098594109009852,0.0220808113156555,0.02867773167681484
205,0.0864635367750262,0.8372746988907876,0.010282381050190841,0.030379006558303286,0.03560037672569198
206,0.07638319492035904,0.8724573073382055,0.01576220885558301,0.014130963860734067,0.02126632502511818
207,0.09991976750207315,0.8274406777744253,0.008350495170893367,0.021936907639501707,0.042352151913106546
208,0.09289620495064028,0.870586206095502,0.004344844034928269,0.015144360753003813,0.017028384165925742
209,0.02509925961749183,0.9302461499480265,0.014404435180814908,0.0031661572995781836,0.027083997954088904
210,0.054106073673262645,0.9298491671034099,0.0029400804936578102,0.00337725907314987,0.009727419656519876
211,0.026430450731070365,0.9398354350486892,0.02452625310534237,0.0021958493681728196,0.007012011746725244
212,0.01729032613975544,0.9447197916169595,0.01647293400866382,0.0027439294195224706,0.01877301881509877
213,0.02949821088288925,0.9436808558547889,0.016082968300061767,0.0015987336303213834,0.009139231331938792
214,0.009068856914635848,0.954564556918609,0.026193322372563208,0.0007946828316797467,0.009378580962512172
215,0.007640113687527908,0.9594184944024473,0.02124117649353931,0.0007833136611875483,0.010916901755297977
216,0.016328819077798536,0.9560905316904933,0.01752170616657686,0.0006764153230872243,0.00938252774204396
217,0.013808579391536971,0.9461853953741876,0.03222874789325764,0.0006164228481748104,0.007160854492843205
218,0.004949564821080344,0.923891301940373,0.06506317384427736,0.000752649631175629,0.005343309763093722
219,0.0051626260136687155,0.9000889058125231,0.08440348092099723,0.0008700702141894648,0.009474917038621605
220,0.005239731620181589,0.8550965125570787,0.12975547959226102,0.002086545613987355,0.007821730616491239
221,0.005250270220178468,0.9027905320115995,0.08303900645091906,0.0024989589636671824,0.006421232353635779
222,0.00983639694591311,0.9347316010500519,0.0472252283243431,0.0026356011743864944,0.005571172505305213
223,0.022088734005905906,0.9264418259647604,0.041394440967491036,0.003882658376481903,0.0061923406853607145
224,0.004063183312577434,0.8397572044568032,0.1509161103845086,0.0017850626278920864,0.003478439218218847
225,0.004581551089367449,0.8676503643590173,0.11975011615949102,0.0038611716759915636,0.004156796716132564
226,0.00719336381899839,0.7606388747082644,0.22787341485061324,0.0019364967600938505,0.002357849862030063
227,0.016561077135030418,0.7824432225933994,0.19273031470461638,0.003445402950652142,0.00481998261630144
228,0.016812496460388564,0.8217367544369951,0.14714883209520768,0.005735860514801047,0.008566056492607587
229,0.014717879552773495,0.879245377875751,0.09339847489157523,0.0058330710123099825,0.006805196667590344
230,0.00844539091355575,0.764668547293691,0.22373267019991422,0.0008777991790742752,0.002275592413764609
231,0.011875801269586156,0.5882327435559427,0.39416207688069677,0.0007871877999567313,0.004942190493817609
232,0.005887962760677121,0.7365532355284449,0.2514041674385002,0.0015702439711409975,0.00458439030123695
233,0.010060367766938841,0.792920170744247,0.18720464994383032,0.0027028870879801255,0.007111924457003647
234,0.005820210693007269,0.793594579897247,0.194406242293926,0.0014243888824214419,0.004754578233398237
235,0.02880316765160456,0.8014809486770641,0.15834752735983534,0.0013112268349903314,0.010057129476505585
236,0.01143484094112031,0.7588025165276449,0.21810018183454827,0.0016504223255524818,0.010012038371134018
237,0.009871558998002397,0.592612954935219,0.3907608165532761,0.0010672263976108224,0.005687443115891597
238,0.008188021368861499,0.5691012164520698,0.411563713449366,0.0009028247085741559,0.010244224021128446
239,0.010225438754569658,0.680603524836237,0.2993073726248755,0.0013261706877593412,0.00853749309655861
240,0.0024809065191255474,0.5286172887486292,0.46436006097122445,0.0012030716200997578,0.0033386721409209867
241,0.00553471419650782,0.7484768209499555,0.23967270210532884,0.0011225452362062605,0.005193217512001601
242,0.00582631519221949,0.8260175594218786,0.16371982600289653,0.0008112850299627969,0.0036250143530425255
243,0.0067720475210196265,0.6225677501975081,0.362701813195498,0.0014549927332013098,0.0065033963527728654
244,0.00784178146362857,0.8386360389098334,0.14652147126312862,0.001737601318913955,0.005263107044495339
245,0.0015954745387297734,0.459830471935141,0.5360306917656974,0.0004138138431645912,0.0021295479172672624
246,0.003671699200448545,0.5228759481537769,0.4688741823570379,0.0007718179165212232,0.0038063523722154614
247,0.005539547739816243,0.6396283644701108,0.34767894565587676,0.002056251592586956,0.005096890541609035
248,0.0021403718464010914,0.5039351560717541,0.48812046693155203,0.0009319474396448057,0.004872057710647978
249,0.0018003534265843071,0.3806221387053187,0.6066138628236282,0.004825912832383278,0.006137732212085462
250,0.010920817921810056,0.5707423425355866,0.39902422498023127,0.01174847753727004,0.0075641370251020796
251,0.015626995370137495,0.6466320523988786,0.3215302411546079,0.009471792641047475,0.006738918435328505
252,0.051798885422117844,0.19716401206637846,0.40350727783052504,0.004359836983016045,0.3431699876979626
253,0.17303887828937886,0.4681380986616901,0.2811904261275955,0.0038325632850210044,0.07380003363631445
254,0.053251755825938905,0.7575727563968483,0.1642872807257088,0.002895992927620055,0.02199221412388401
255,0.07261206459629756,0.8045112770590208,0.11015629645709192,0.0008200740698016847,0.011900287817787892
256,0.04870900784142527,0.7603906593749262,0.136900591919001,0.01014467078189381,0.04385507008275373
257,0.11281078898691937,0.5561791380489108,0.22934427207865582,0.008685111911948597,0.09298068897356518
258,0.033473784350242265,0.9210906310179483,0.035117964547510074,0.002430110470549498,0.007887509613749698
259,0.10236487539408295,0.8752827432146418,0.008867146680925185,0.0021284063032318374,0.01135682840711815
260,0.04081450117568489,0.927227880975055,0.01590206474438272,0.0013713475813952776,0.014684205523481927
261,0.04107555920142425,0.9382750990899202,0.009950085956747663,0.0036922521495726143,0.007007003602335369
262,0.041414580364318596,0.929724375528208,0.018659564295752634,0.003875105529767756,0.0063263742819530825
263,0.021829068045548967,0.9399586786506995,0.030125242955308745,0.0019092128327485253,0.006177797515694059
264,0.01295923515950693,0.9641582209357193,0.016687870517222425,0.002134317540953594,0.0040603558465976365
265,0.01007341417694584,0.9701989558353112,0.01582028961689274,0.0011967547012996255,0.0027105856695503446
266,0.022733432587107236,0.9270466257279896,0.04494427394902531,0.002154055929830303,0.0031216118060476672
267,0.007210209291811416,0.9141287908811884,0.07171466140332398,0.0016663683126959968,0.005279970110980444
268,0.011875723268464295,0.8889105808906743,0.09601330749649739,0.001576462676186636,0.0016239256681774067
269,0.010327754669052735,0.9202056553176566,0.05563641677961103,0.0068051814262206035,0.0070249918074593316
270,0.023416949823808122,0.8591169729033888,0.09627214142216504,0.013264897784235875,0.007929038066402024
271,0.036322782217123435,0.8888158464672522,0.025975233039694012,0.03443649818324026,0.014449640092690052
272,0.019170528457253602,0.887086828937091,0.07412617136028204,0.00539116146537805,0.014225309779995372
273,0.2275784698308747,0.6958480655925771,0.0029779473134878484,0.03502407461025394,0.0385714426528064
274,0.3478600309920123,0.6143684347160187,0.0018863500902906053,0.020488563682120996,0.015396620519557445
275,0.09198799236980201,0.892716870849409,0.005892477838078685,0.0028340196313686216,0.006568639311341595
276,0.06944952293790042,0.8937699581107467,0.015855272007748517,0.0034211982476125497,0.017504048695991946
277,0.09169001456510484,0.8884874270039995,0.004803375796576736,0.009014508302874036,0.006004674331444903
278,0.010077280633839626,0.977137321243502,0.008731458346189306,0.0018662397971758106,0.002187699979293347
279,0.029820002397224127,0.9489091165877215,0.01526663189319934,0.0019662314486642066,0.004038017673190851
280,0.004520057594977582,0.9107957385124277,0.08235983298420894,0.0004317238416265976,0.0018926470667592248
281,0.013193787541300897,0.9523687883282052,0.02764312955272403,0.002278810122503855,0.004515484455266089
282,0.01861589549976626,0.9383981141606392,0.03394358769356858,0.0024853701436624146,0.006557032502363451
283,0.01605978834122588,0.9322155472675012,0.04159293114587361,0.004850646528241156,0.00528108671715785
284,0.027476796486900133,0.9344302390202963,0.026552359974014162,0.0042558754358000194,0.007284729082989423
285,0.03983344118421753,0.9234727097710591,0.020883910625344164,0.0026802564961820705,0.013129681923197122
286,0.030968631348897133,0.9012657705049949,0.05379985118661623,0.005231719749946838,0.008734027209544937
287,0.030720179464025627,0.9421937203991204,0.020990008228404175,0.002270143111010873,0.003825948797438886
288,0.022733155664181316,0.9134717645887149,0.05355082467668629,0.0034017357719336276,0.006842519298483944
289,0.018136611669462108,0.9185397778995787,0.05672870819430996,0.0021740141816961704,0.004420888054953156
290,0.009637448617376086,0.9402668995483504,0.04304951468645757,0.0017028620686370703,0.0053432750791787935
291,0.013594865876554304,0.9178832233861443,0.05710566953688212,0.0031810845448865966,0.0082351566555327
292,0.007215721588770134,0.945899457932038,0.03653126753130935,0.0013914382134677836,0.008962114734414602
293,0.012641461216068815,0.8867275907945429,0.0948815192213731,0.0018152917980170248,0.00393413696999794
294,0.011539418292484562,0.812695759551046,0.17112796229143273,0.001198869378186606,0.0034379904868500366
295,0.014244503327512934,0.8345012074682328,0.1466228751442424,0.001290552827929025,0.003340861232082962
296,0.012636183417684738,0.8604335283505166,0.1185165689084252,0.0018477274650185607,0.00656599185835501
297,0.005689475002180585,0.8807772170012836,0.10670116821809683,0.0012400336148787941,0.005592106163559924
298,0.013314874292879633,0.9204796936767565,0.05686477871355536,0.001061322865842911,0.008279330450965478
299,0.00709217845104571,0.8953037023515746,0.09344590122915089,0.000752236244559598,0.003405981723669336
300,0.01079598552091264,0.8036076115577356,0.1818763875327598,0.0008592900289784801,0.002860725359613564
301,0.007943895511839962,0.8339637445870143,0.15328347493349853,0.0010181871733804745,0.003790697794266788
302,0.006986610456989014,0.7841605235693582,0.20506808230326365,0.0007452760150676368,0.00303950765532163
303,0.012783935948895266,0.699902747107438,0.2832239019716293,0.0015668117226986331,0.0025226032493388074
304,0.014561883041542954,0.6500007729051294,0.3283093781061073,0.0018700534329843962,0.005257912514236031
305,0.011980533459827362,0.7145963267366039,0.26673914775627683,0.003292049736216026,0.00339194231107576
306,0.009319141940164014,0.5801357618294475,0.407875614465943,0.0009895426907816137,0.0016799390736637978
307,0.00831925245902685,0.7272655153774125,0.260684116404098,0.0010129191739540174,0.002718196585508845
308,0.003931153071399114,0.6682643854407142,0.323022603799669,0.0009378904654543615,0.0038439672227634047
309,0.006002603679611782,0.6498829430284349,0.34082351795319993,0.0008655982723200724,0.0024253370664334573
310,0.004788964566579594,0.4933086277082585,0.4976688054732445,0.0005545587116948631,0.0036790435402227054
311,0.0112389828372991,0.47902146378461047,0.5057899873301284,0.0007987650641096113,0.003150800983852404
312,0.006463266388785974,0.519668146199801,0.4706729989747355,0.0006297816625676183,0.002565806774110038
313,0.003901899491442326,0.3957187511181308,0.5971024470472323,0.00034731657589613614,0.002929585767298413
314,0.0023172610727527684,0.25708650364460794,0.7382748761501097,0.0002764337935106215,0.002044925339018817
315,0.0033389072874920986,0.2869852431918637,0.7070863219916136,0.00022818395055090212,0.0023613435784796814
316,0.00243063874579772,0.33192302734247847,0.6631139445587279,0.00025590729039636444,0.002276482062599571
317,0.002006262806514815,0.3346073370887855,0.6603202353730352,0.0002442227010267739,0.002821942030637674
318,0.0012244197376190579,0.2290612917429955,0.7671899229404172,0.00020390017164426035,0.0023204654073239505
319,0.0012959239598875297,0.25219295968056976,0.7430874244825325,0.0003472482113774921,0.0030764436656328417
320,0.000848403107689971,0.18833344365077706,0.8081007221595995,0.000188833399077325,0.0025285976828562555
321,0.0018041233163121075,0.2633654951567387,0.7307117932038238,0.00045813484149928693,0.003660453481626024
322,0.0006663436982075267,0.14054653804002065,0.856217938195906,0.00021403266582224251,0.002355147400043541
323,0.0010288135753850226,0.2711565861660801,0.7245914587562354,0.0004399201996377133,0.0027832213026616585
324,0.001996994764778357,0.2194118187840737,0.7729159641288227,0.0006135811453592592,0.005061641176966004
325,0.0008056309094045205,0.1311463160516193,0.8664738125692253,0.00020233056710879314,0.0013719099026420283
326,0.004852165842432625,0.293224288189137,0.6978835124802493,0.0004418935338953703,0.003598139954285594
327,0.0038643542865902415,0.40275315467699163,0.5908840267525326,0.0003298819609769522,0.0021685823229084917
328,0.0013458684032992012,0.1904645561515821,0.8053463532809382,0.00039052511368714023,0.0024526970504933437
329,0.0017866541933313734,0.23599389741369386,0.7604792546561242,0.0001940506318971127,0.0015461431049534327
330,0.0008464786633846895,0.27549243458740047,0.7217638310692996,0.00016954564924288,0.0017277100306723355
331,0.0014168281419108819,0.2162709702079376,0.7801433074598466,0.00023952233298182217,0.0019293718573230212
332,0.0021102738195443445,0.34702769310092696,0.6467045930343289,0.0005297566494454384,0.0036276833957543707
333,0.0015831075610130228,0.13613631789370695,0.8591448583203946,0.0002937666986480694,0.00284194952623741
334,0.0007710227331417809,0.15169219155988334,0.8457128325275414,0.00020544662499871497,0.0016185065544347945
335,0.0023290194896473456,0.19168507428895465,0.8033754299322917,0.00030005173024913304,0.0023104245588570463
336,0.004280070583138148,0.26122925112544165,0.7319169165478503,0.000394653993840935,0.002179107749729121
337,0.000602724932460817,0.08889238823461773,0.9090748541281691,0.00023038247128391468,0.0011996502334681856
338,0.0006225898886814756,0.11819428390511474,0.8791398781117448,0.00018221453952110996,0.0018610335549379027
339,0.0015569003705353383,0.16593982730948623,0.8298867674002576,0.00044769760328354724,0.002168807316437161
340,0.0035311520838231035,0.28150262932941417,0.7105353036169315,0.0007976740115182945,0.0036332409583130273
341,0.004190194150255623,0.4218859382878452,0.5710632877460416,0.0005373815869634886,0.0023231982288940065
342,0.002104926480390925,0.19159697960209787,0.8035390857928298,0.0004935858515676345,0.0022654222731137395
343,0.0025849849116519443,0.1993317184648969,0.7949890551912846,0.0006115558348282457,0.002482685597338366
344,0.0015445700596145727,0.21370022773950603,0.7824788083529671,0.0003521575311270767,0.0019242363167853475
345,0.0013563313063610373,0.23764867792447128,0.7586526773874365,0.00029908974491984434,0.0020432236368114285
346,0.0011989823159173987,0.12769860341286704,0.869570400143971,0.00017330989606441482,0.0013587042311801773
347,0.0014368408822739728,0.0959999679361495,0.9001724540237169,0.00037188887831399663,0.002018848279545653
348,0.0004986617642736786,0.09166854770880863,0.9068514001029848,0.00017221773480176553,0.0008091726891310405
349,0.0014419777697513047,0.19217894699580745,0.8040516208146261,0.0002756261957673614,0.0020518282240476315
350,0.001457742056724543,0.15421911165281765,0.8416710930816672,0.0003369362421663182,0.002315116966624253
351,0.0006188752241339229,0.07330014096668092,0.924288495858852,0.00012799269077505776,0.0016644952595581233
352,0.003292147776785562,0.28174058102518285,0.7100302849376073,0.0004342174218665539,0.00450276883855761
353,0.0006780711223759406,0.16106600896420042,0.8364567417265468,0.00012685697177756294,0.0016723212150993444
354,0.0006987096128180662,0.06679775470018827,0.9312002387363671,0.00011764675718850887,0.0011856501934381727
355,0.0028868209679887608,0.14641581100961928,0.8418610096044904,0.0016925417411571416,0.0071438166767444815
356,0.002089967025447171,0.21167010304525233,0.7822158335946526,0.0002731091399150696,0.0037509871947326787
357,0.0005253528869040891,0.08545309246684586,0.9122430157139195,0.00016181509048814537,0.001616723841842266
358,0.0021645701943259427,0.1300383234651741,0.8608814432262303,0.0004556090843718673,0.006460054029897811
359,0.0037243176703639636,0.27734492167318164,0.7143926863370783,0.00045213637019395287,0.004085937949182305
360,0.0005366292364808645,0.11702700775727809,0.880751423439002,0.00018501891651350917,0.0014999206507256878
361,0.002132134385267988,0.20488922939536935,0.7894765969001093,0.000570476145507976,0.0029315631737453674
362,0.0009157983447273117,0.14237362579626417,0.8548667853944011,0.00028297100703563236,0.0015608194575716626
363,0.00043344607195367553,0.061187765110964035,0.936520563929289,0.00014167144420327497,0.001716553443590043
364,0.001848658416179406,0.09738191978098144,0.8951822399175066,0.00042414556576561503,0.005163036319566918
365,0.004239727377188952,0.1737403112336696,0.8159722686752571,0.0004981793906912035,0.005549513323192936
366,0.0018795352663609482,0.12409714622328476,0.8707779745064862,0.00031163066611967084,0.002933713337748617
367,0.000784076741220605,0.14282316616154886,0.8533403976688728,0.00012064130517578017,0.002931718123181926
368,0.0016208831845679905,0.2190169060808707,0.7735493888730159,0.0002490488352077276,0.005563773026337646
369,0.0011971586468674954,0.24227599591285387,0.7528600852291092,0.00027374953224750426,0.003393010678921965
370,0.0017958067291364256,0.1615119126123565,0.8323143914001669,0.00025268450378918944,0.0041252047545509265
371,0.00031737760328854616,0.0800977742064801,0.917112078658945,6.96397592617094e-05,0.002403129772024631
372,0.0008284224382796146,0.19360412580731423,0.8029548898901733,0.00010724059153113817,0.0025053212727018876
373,0.0008264302281989874,0.1747048303374322,0.822194749838851,0.00016247576346568502,0.0021115138320522064
374,0.00012835701961517093,0.07410998863986387,0.9239465403419928,7.086410449246384e-05,0.0017442498940357133
