epoch,N1,N2,N3,R,W
0,0.0011495119868138576,5.110850785071413e-05,1.1274310743659808e-06,1.1250060101836552e-05,0.9987870020141592
1,0.00014564405329435063,2.5755961445560894e-05,4.246988546498978e-06,8.397344948828354e-06,0.9998159556517647
2,0.0010563122426715315,8.50506733548227e-05,1.8543392612475783e-05,0.0003217044724177296,0.9985183892189435
3,0.0006500554228182298,0.00018873544811937945,2.766166872205429e-05,3.399540505208583e-05,0.9990995520552882
4,0.0001341985808102931,2.462800326642896e-05,1.00321820852891e-05,1.115212528407276e-05,0.999819989108554
5,0.0021088984373651668,0.00014860063675449728,2.662327433835685e-06,5.666200911523526e-05,0.9976831765893313
6,0.10824750110331349,0.0015980253050161103,2.3584479174163937e-05,0.00016069039718193912,0.8899701987153142
7,0.42500908486898076,0.007488610205409405,4.157572650090949e-05,0.00022083886336134707,0.5672398903357476
8,0.33426515056410316,0.004808924269164898,1.7026776074345625e-05,0.0006486763271623496,0.6602602220634952
9,0.6423462411396185,0.23453089527780085,0.00015366716838168692,0.0023225183784274946,0.12064667803577159
10,0.24892667248603412,0.6394391061838669,8.22528332671712e-05,0.012890134376201994,0.09866183412062988
11,0.10103982544949645,0.7952266497828213,0.00025542698933949624,0.006010301461582416,0.0974677963167602
12,0.0468205402777687,0.8278295813110162,7.607977371279494e-05,0.014268309172833296,0.11100548946466912
13,0.09041048217457798,0.7024774527972116,0.00011289116377020316,0.02092191898254462,0.1860772548818955
14,0.05678949859817476,0.8272664237256075,0.00042298093506625944,0.002278586868003101,0.1132425098731482
15,0.0877057753457909,0.8429838496890135,8.71072526756744e-05,0.005415057305148791,0.06380821040737095
16,0.1812616711169921,0.7134210237947157,0.0003195989706407847,0.00929985779455971,0.09569784832309157
17,0.19039645265435576,0.5997815755019951,0.0004266612701327684,0.0049754511975093245,0.2044198593760071
18,0.03579155331493681,0.9257494123407446,0.00019239596483106686,0.00124746445011254,0.03701917392937515
19,0.10813411872397002,0.8046461686477591,0.0011820375182641986,0.005120980149089838,0.0809166949609168
20,0.1262232890165224,0.6763767153855688,0.00018081426834137292,0.0084629874152312,0.18875619391433607
21,0.045696142372775514,0.9154553182412508,0.0012023194515021823,0.004393049572781209,0.03325317036169039
22,0.21980915515664484,0.7075203443331705,0.00036733021384983646,0.018314002811132386,0.05398916748520239
23,0.04084612357602307,0.935248102154531,0.0006978605339452438,0.005537150985294271,0.017670762750206483
24,0.12339008673408573,0.7912628195706134,0.002514852632524166,0.004994142493057528,0.07783809856971911
25,0.12544862617444527,0.8344914575374546,0.0033716082619960623,0.005374780126717652,0.03131352789938642
26,0.03573820341156846,0.9432499588956466,0.0010872585882923716,0.006159297405616316,0.013765281698876393
27,0.10868223316398773,0.8531465518900229,0.002022094616590594,0.005569351776557462,0.030579768552841387
28,0.05122007691978883,0.9234660084877511,0.001415474015063802,0.002450925237864499,0.021447515339531757
29,0.0454707627565835,0.924242886315855,0.00388360460374725,0.0018238220507088999,0.024578924273105367
30,0.013484188438326493,0.9742972514069673,0.0017678210816820918,0.0018264816350376813,0.008624257437986572
31,0.017497630085087954,0.9612352838733308,0.0015744665216226228,0.0012636759402089642,0.018428943579749637
32,0.012743800900119697,0.9671398528071281,0.0033176533102452807,0.0011478251459740017,0.015650867836532967
33,0.01055650138707494,0.9543899733366122,0.011579994743307353,0.000870828504322994,0.022602702028682548
34,0.015931785903477387,0.9644674387162754,0.006287708437905501,0.0007276776216398271,0.012585389320701917
35,0.03120368133136656,0.9441455386175632,0.008801585239778921,0.0012465950138817936,0.0146025997974096
36,0.03857353851443354,0.931349139585827,0.012308647063700945,0.0009715268019944415,0.01679714803404423
37,0.04010356596964865,0.8342809964226627,0.0923646050042472,0.0005912922430967417,0.03265954036034471
38,0.05409030188014103,0.8868713753880336,0.03531747539676498,0.0005088959074207354,0.023211951427639488
39,0.023573077014666148,0.938044324404131,0.019138258463902425,0.00029082401532105055,0.01895351610197951
40,0.032277344619255376,0.9229094499585561,0.025445284587858295,0.0005733734668064343,0.018794547367523843
41,0.0062825619976242305,0.563112065610056,0.40999843819273013,0.0002012192212463965,0.020405714978343082
42,0.005607139399984953,0.9173612349240675,0.06120724105107092,0.0003563373247089675,0.015468047300167539
43,0.0045128512831389715,0.9472576634765099,0.03698345903627924,0.0003384953042971872,0.010907530899774608
44,0.014180231458924187,0.6694421259513343,0.2892569662195812,0.0006745735159842454,0.026446102854175906
45,0.021880684410493415,0.8889789301282024,0.06819021584194643,0.00037129539268619823,0.020578874226671578
46,0.033044029098301696,0.8477953761959711,0.1032948692359222,0.00045409008182333455,0.015411635387981758
47,0.021598254289060197,0.8463211534116362,0.11697266497998877,0.0002966481264847403,0.01481127919282997
48,0.024990029800462627,0.8175951411827148,0.1375568554828261,0.0003921046024807251,0.019465868931515688
49,0.011707318066777791,0.7105068207962587,0.2656208859530953,0.00017097566111613723,0.011993999522752057
50,0.02565450251612033,0.8853345313228428,0.07461740309358815,0.0003486837950323597,0.014044879272416311
51,0.006510762611004779,0.8513123321206492,0.13463244780626812,0.00012751476301659558,0.007416942699061444
52,0.006974170927794026,0.8512804143585999,0.13339371319717738,0.00011590363662895934,0.008235797879799743
53,0.007224870052618187,0.7756537128310717,0.2068094498394928,0.00010022474746242115,0.01021174252935488
54,0.014405928451914579,0.8156046790373731,0.14680476998769668,0.00022474801504745147,0.022959874507968086
55,0.014122353929752684,0.5964452804553445,0.3774712630592819,0.00022813300281697736,0.011732969552803986
56,0.00414329705648524,0.6887980170922545,0.2968341320659132,9.68422726627246e-05,0.01012771151268435
57,0.006157650915891381,0.4936232100110499,0.4901891694197857,6.921295780351054e-05,0.00996075669546941
58,0.001397524770705881,0.22947531881359012,0.7618174673128814,4.665098019738347e-05,0.007263038122625077
59,0.0029099536602343085,0.22925025490111034,0.7577012069046356,6.011344730692063e-05,0.010078471086712788
60,0.012317102562196933,0.6079520705285871,0.3487108695003847,0.00012567773444470805,0.03089427967438645
61,0.0012214437696532912,0.32257837966941316,0.669861442528854,3.380325193395622e-05,0.006304930780145466
62,0.0043096928365042655,0.8209156947635511,0.16392455840058465,9.23982893257608e-05,0.010757655710034106
63,0.0012923774390448258,0.21093071824229706,0.7830342581927369,2.100572968321682e-05,0.004721640396237996
64,0.0010311891118515357,0.27050484954737214,0.7213792763135201,3.4651559402131636e-05,0.0070500334678543055
65,0.0017940754619903394,0.2876076254503696,0.7049485121022468,4.948646031887771e-05,0.005600300525074293
66,0.007602083586537508,0.6315437367930935,0.3499726883116883,8.553599746846138e-05,0.010795955311212338
67,0.006745270459585347,0.6043205320896639,0.38156420870170465,6.296983186998269e-05,0.007307018917176185
68,0.0011510731613928592,0.3055831243581824,0.6872763234181396,3.097568966731696e-05,0.005958503372617874
69,0.001697697081541548,0.3201140108598901,0.6726225289685928,6.488096156599004e-05,0.005500882128409552
70,0.0010469830704889107,0.21557878941677414,0.7760043102859466,0.00028525487860417404,0.007084662348186201
71,0.006039751464829909,0.6474610681218019,0.3293802084952311,0.0028919168795916604,0.014227055038545195
72,0.0021671529130607493,0.13095433995390918,0.851066883609957,0.00493590021603005,0.010875723307042912
73,0.1674347654578296,0.28638492274107474,0.013151110098245947,0.11864271777106167,0.414386483931788
74,0.1414048633939156,0.2019710364503314,0.001494140329309821,0.22182589832284494,0.4333040615035982
75,0.26225572239764006,0.24985090061735518,0.002353694699778912,0.09965406332397944,0.3858856189612464
76,0.14307785214334612,0.030094421797981483,0.00016533127341566766,0.03192156514181408,0.7947408296434427
77,0.2160715738425261,0.2507140149102661,0.00021946499611135104,0.018620680218305503,0.514374266032791
78,0.01175411515560867,0.013194702945594144,0.0035378871269818378,0.0012889316744285483,0.9702243630973867
79,0.025781048795111845,0.0023257202060937942,6.998582153800584e-05,0.0007503668887589596,0.9710728782884973
80,0.0955409578104127,0.002715083476551429,6.683653307720924e-05,0.0014782198440470348,0.9001989023359115
81,0.3173212345879458,0.0043600292933564985,8.18745964177575e-05,0.0021267906649051174,0.6761100708573748
82,0.15441568223971194,0.007560028163280622,8.501285013842533e-06,0.003661381663033268,0.8343544066489602
83,0.22719093442790075,0.010553066778410392,4.3601170314457956e-05,0.01233408693439986,0.7498783106889745
84,0.1927070910944185,0.01076651322930472,1.7249471199264523e-05,0.02139525968274771,0.7751138865223298
85,0.20194337976389456,0.013701897434284073,4.360001823394863e-05,0.10568888472425915,0.6786222380593282
86,0.3611028084341516,0.01614948986545902,2.923758968236173e-05,0.24488232167487758,0.3778361424358295
87,0.2269062624486464,0.06299079044554323,3.467328758558309e-05,0.2162796950422052,0.49378857877601956
88,0.1365579918656691,0.016161733756871452,4.911124097773573e-05,0.022970984548237643,0.8242601785882441
89,0.4561006811014984,0.04514597363727095,3.20317440660893e-05,0.08113674720268167,0.4175845663144829
90,0.17540450463627413,0.39347370707495843,0.0001254947455517075,0.09025111350030403,0.34074518004291177
91,0.2232610833594518,0.020722464875131113,2.4623130652936147e-05,0.03755831891148263,0.7184335097232816
92,0.12432005204893078,0.11438105976987316,7.762600232046896e-05,0.039079031954189394,0.7221422302246863
93,0.18075428485604833,0.035144723442517796,4.057658177332383e-05,0.030034725970601424,0.7540256891490592
94,0.15713890482272277,0.1958448721334333,0.0001392480248212193,0.023672643275272187,0.6232043317437506
95,0.0016079484223707943,0.002307614156153792,9.648965753294868e-05,0.00014279922231658982,0.9958451485416259
96,0.01783116917188734,0.00390876202532444,1.965989386709191e-05,0.0007500166839527002,0.9774903922249685
97,0.14115915021591793,0.00868397924861791,2.9833873997755455e-05,0.0053515454095371656,0.8447754912519292
98,0.15994035719226216,0.005937089238017553,3.6326135609474e-05,0.006554332521113272,0.8275318949129976
99,0.13833267107624722,0.05641148385102003,3.6499843547136694e-05,0.02406640764552838,0.7811529375836572
100,0.11309085481201901,0.014735558283496366,2.1394973331917037e-05,0.026425035298615063,0.8457271566325376
101,0.041079396270657174,0.01719665452318107,1.629291116580115e-05,0.008485134260884106,0.9332225220341118
102,0.0013164947411011979,0.0005755814370420183,4.126472656760709e-05,0.0006094079823439055,0.9974572511129454
103,0.21159134874300317,0.0018297755811935218,2.1438016096360776e-05,0.005895959591641806,0.7806614780680652
104,0.41414159472256823,0.010678298318361246,3.537030115735155e-05,0.012381385201366566,0.5627633514565467
105,0.7539681688387458,0.0063909417822541805,1.7192779706329707e-05,0.011956663774928097,0.22766703282436573
106,0.2789827245449681,0.054968386207798065,2.928833036098472e-05,0.0706013383064226,0.5954182626104503
107,0.1355303832542045,0.1365494727213596,0.00019290714107599445,0.16913468970178172,0.5585925471815781
108,0.10732262371789514,0.05632022856639776,4.779595583464463e-05,0.11619650041959458,0.7201128513402779
109,0.13491917113173335,0.011085228696760811,1.9214948191512143e-05,0.044080208631018934,0.8098961765922954
110,0.035133857649815,0.0031838644671078878,9.534689119428317e-06,0.03052187660234705,0.9311508665916106
111,0.3598181634735424,0.02316806323617803,2.6513449550583108e-05,0.030455398753842112,0.5865318610868869
112,0.05525901655400407,0.014111498426813517,6.541647546637229e-05,0.004541043581586938,0.9260230249621292
113,0.30824688898291214,0.007984180166425865,1.7257917068348453e-05,0.005140167507097813,0.6786115054264958
114,0.2717014828462271,0.1038562556566403,4.626758958632838e-05,0.029303255631987747,0.5950927382755586
115,0.04465326788383293,0.20731244940384155,7.215216695806686e-05,0.012762324521007614,0.7351998060243599
116,0.014492767781451466,0.005136426466483915,1.8114321943356336e-05,0.006289207363337164,0.974063484066784
117,0.01892808342465917,0.004663208193245309,5.025652200485619e-05,0.0016669948387276529,0.9746914570213631
118,0.23361717493531411,0.007287303875785135,1.700722201636288e-05,0.009093133015096786,0.7499853809517876
119,0.444336774454518,0.025996916340535074,2.829637811643393e-05,0.012923774576247432,0.516714238250583
120,0.5537102693160797,0.01509255687311018,2.0792424725493474e-05,0.016350540220565726,0.4148258411655189
121,0.4524619716635702,0.09871266895038543,6.613980804452446e-05,0.03524462055088056,0.4135145990271193
122,0.31782839539319335,0.26324776225170876,8.309011966645274e-05,0.08464134355197087,0.33419940868346054
123,0.2657376115752932,0.34257095070605686,0.0001754758785477661,0.07123709284162809,0.32027886899847413
124,0.4310498733362109,0.09819882303642455,0.00011513911363513015,0.11264989475724502,0.3579862697564844
125,0.016754670833488066,0.9333958046563263,0.0002471029674462189,0.010918643908998,0.03868377763374144
126,0.11687623349631376,0.0648663132952385,5.269255595968904e-05,0.024752706377661308,0.7934520542748268
127,0.3073628203929079,0.11758693844520733,5.5351874279703706e-05,0.019147390789148306,0.5558474984984567
128,0.0860747089717296,0.8603284004273187,0.0008506187652379736,0.019272800853709256,0.033473470982004504
129,0.2898033808176157,0.3993554105748304,0.00010814902927667044,0.08770406438105487,0.2230289951972222
130,0.07247618332917666,0.8272965324738506,0.0003094646903402769,0.050862105257033385,0.04905571424959925
131,0.17712607986554174,0.43307117223847735,0.00018243230020376645,0.3235922931740006,0.06602802242177654
132,0.15601163061083453,0.32452892275499845,0.0006369487804768827,0.38562769357757704,0.13319480427611305
133,0.060389797056689475,0.014533925191756626,3.793413490543326e-05,0.18546584544023312,0.7395724981764155
134,0.05081850701334949,0.007992705141303942,6.131295763692767e-05,0.33860299468762667,0.6025244802000831
135,0.10145279737229453,0.011698145098184258,0.0001070601720518684,0.297949733690723,0.5887922636667463
136,0.2271269932267512,0.01333598721993005,3.3302196435069403e-05,0.3681359819536549,0.3913677354032288
137,0.029445053994408027,0.008237443876550423,2.4993160397570174e-05,0.6872608469525932,0.27503166201605084
138,0.05040593362646114,0.009809458989156918,6.186145779399763e-05,0.5727654996867567,0.3669572462398312
139,0.028668290172525365,0.0018379138725826418,3.8613811763313244e-05,0.7052313207402386,0.26422386140289006
140,0.033842196927509435,0.0031411218390802113,3.698903379119467e-05,0.6213603815701372,0.341619310629482
141,0.04069875731008485,0.005618814060398385,4.967856458885643e-05,0.8740753196253644,0.07955743043956345
142,0.03735877041617249,0.0029309858185768032,0.0001280508620841321,0.7178023409790838,0.2417798519240828
143,0.03389467434184217,0.0022024518015871107,2.4062658548829778e-05,0.8357768701003984,0.12810194109762366
144,0.029595880488575553,0.0029767807453177273,2.0586418937107907e-05,0.8224837150644647,0.14492303728270478
145,0.01650872417716452,0.0029399880831474257,4.172106670007514e-05,0.6750831361153425,0.30542643055764557
146,0.015391804235546726,0.0019789517584725158,3.5211829540139615e-05,0.5857109769438822,0.39688305523255846
147,0.0362992690278169,0.005152256236628196,4.363432798339784e-05,0.6642291287592051,0.2942757116483664
148,0.049367630010004944,0.003356895503127892,2.107184525339104e-05,0.7455443754343217,0.20171002720729195
149,0.24035204862125004,0.006223536473059185,4.385273215840665e-05,0.46454801511179644,0.288832547061736
150,0.14107692770414496,0.0034413966833683252,9.729363675243096e-06,0.7284304425310189,0.12704150371779271
151,0.08787832677079939,0.006179047381446437,4.912901000419964e-05,0.74778229885479,0.15811119798296
152,0.04000520453296934,0.003461047880273441,1.0084484252700243e-05,0.9131987028937464,0.04332496020875829
153,0.0534662165347657,0.0034349677010672803,1.0142520885306654e-05,0.8847804085458202,0.05830826469746166
154,0.016132766391070395,0.0018524228386759918,2.7068302590162347e-05,0.9455768331041132,0.03641090936355019
155,0.012888467598040526,0.0014150476832319708,4.4429256260824224e-05,0.9418182731327036,0.04383378232976304
156,0.0136394313916884,0.0019121641644796713,3.5625132644816455e-05,0.9003262063863943,0.08408657292479302
157,0.015236866617394615,0.0015476824381527327,3.0075776596391675e-05,0.913194035856596,0.06999133931126031
158,0.03315196798107493,0.0037114338239340504,4.696309160685437e-05,0.80745610769703,0.15563352740635414
159,0.09002646261362411,0.005428031937903266,3.629315532299439e-05,0.8005466045437364,0.10396260774941314
160,0.08202496994080227,0.01530090776158206,0.00015377323037296846,0.8000079650759911,0.10251238399125143
161,0.02605999125889472,0.00272132190290199,5.599399667618348e-05,0.8961528092359456,0.07500988360558165
162,0.02842696643993684,0.0024906567347097544,3.390905158701276e-05,0.8556824561902937,0.11336601158347284
163,0.027388486011510713,0.0019770153951452654,3.196798261714536e-05,0.9106957149966106,0.0599068156141162
164,0.0983631442534534,0.007431204837429751,2.8979585565283048e-05,0.7710952729546156,0.12308139836893606
165,0.11892921790331087,0.009284123805212478,1.8129468914620256e-05,0.6954047784301258,0.1763637503924362
166,0.08730339463393837,0.009627089028111996,2.3332524741505466e-05,0.7995089965975296,0.1035371872156786
167,0.05677256961632183,0.017272666753426282,8.512857553764542e-05,0.8083765604878921,0.11749307456682202
168,0.06641874322226682,0.006931422129798379,6.214416137183651e-05,0.8267899756617858,0.09979771482477731
169,0.047516438551153464,0.0048587875697557485,3.215735455906613e-05,0.8509693301629873,0.09662328636154437
170,0.05172021088691456,0.006928659019794492,2.915888089091777e-05,0.8562308283265695,0.08509114288583065
171,0.05502551255648909,0.00570063120272961,4.5226800830862945e-05,0.91446317871948,0.024765450720470355
172,0.1229586279822272,0.02893494740044377,9.807069363244726e-05,0.6696470498549273,0.17836130406876932
173,0.10998636405767999,0.016411286313276246,2.1689968779744958e-05,0.6420984136822484,0.2314822459780157
174,0.18319175251947337,0.01809839698711249,1.823342370563183e-05,0.6651252181814952,0.13356639888821348
175,0.32079324787477603,0.034283254846784836,2.2915380504018508e-05,0.6064567267177086,0.03844385518022663
176,0.37784043926640626,0.01872965548814706,6.639078371222185e-05,0.34685142119875395,0.2565120932629804
177,0.23925026397632376,0.04867178369315363,0.00011888146880931815,0.6640453176517771,0.04791375320993618
178,0.09924965693757128,0.04739361024683992,5.865335390681161e-05,0.8149997866733463,0.03829829278833573
179,0.252375046024617,0.05607689960708537,9.808918802599511e-05,0.4671038562257352,0.2243461089545365
180,0.20943911005195906,0.06137115529984527,8.895393807400571e-05,0.6694983929146632,0.05960238779545856
181,0.25472911852363406,0.10765453132069253,0.00013041417628803658,0.462896305955495,0.17458963002389036
182,0.22672987304703304,0.17304161470830848,0.0001078811580700209,0.5196590597293965,0.080461571357192
183,0.11807678643971398,0.41550487982495893,0.00019636799335920874,0.41292071346037607,0.05330125228159174
184,0.08192105329482699,0.7285157081940243,0.0001819143701799624,0.07835718469176622,0.1110241394492026
185,0.2861717421127718,0.36995058084722204,0.0002545937566369001,0.20406642315729198,0.13955666012607734
186,0.09124967167946003,0.7928273568662388,0.0001908395054132465,0.04096757681139857,0.0747645551374894
187,0.310252731248503,0.5775780049000244,0.00014613711572826734,0.0619022111682564,0.050120915567487816
188,0.09565610848887218,0.863496409908611,0.00011265944491113276,0.019839039373167233,0.020895782784438516
189,0.07090694115582866,0.906703525668041,8.152736459321573e-05,0.008101015736422511,0.014206990075114407
190,0.1929177271816417,0.7479203440277132,0.00018563875657730847,0.027083924228586128,0.0318923658054817
191,0.12333790437764999,0.8504948157424982,0.0007083891998431284,0.00796716445626107,0.01749172622374767
192,0.04264584590403647,0.9360937976571524,0.0003837717250349832,0.010254745776178555,0.010621838937597643
193,0.17613614724265675,0.7192872046372674,0.0003983119641056733,0.07169233645672474,0.03248599969924566
194,0.08413058210474501,0.8668032596808419,0.0003457282371949048,0.024825442003284483,0.02389498797393354
195,0.11226790930037253,0.8406652640018938,0.0004905460719313491,0.03213044158025904,0.014445839045543134
196,0.29844917113959546,0.6004800391137152,0.0003484543409755887,0.06060472420789705,0.040117611197816774
197,0.09432826347680656,0.8761926374298696,0.00025357022635555106,0.01822315982245989,0.011002369044508211
198,0.13420831572722056,0.8398986617112623,0.001514244741030392,0.012423499953856835,0.011955277866629949
199,0.19451581396890102,0.7511781355058565,0.0005888578732059573,0.036158272178115305,0.01755892047392123
200,0.07727191200925501,0.8922148140336205,0.000770611727267156,0.0184347469781963,0.011307915251661235
201,0.17723780413550674,0.7429776994645261,0.0016206648671196464,0.06246203354682977,0.015701797986017677
202,0.03519375055727355,0.9555454455366219,0.0007403469965260143,0.0036629439734493577,0.004857512936129208
203,0.11292402637175676,0.8575649027221081,0.004008801023071766,0.011026205854096591,0.014476064028966968
204,0.10172971125228236,0.8412406937771857,0.000983512149417033,0.02492200751032597,0.031124075310789024
205,0.007837964746041173,0.9650728144638849,0.0017264094655457262,0.012713468297120155,0.012649343027408042
206,0.055064241619307785,0.8701020776335792,0.0017446402667091615,0.06403345803199463,0.009055582448409136
207,0.09958477721167172,0.786817220372385,0.005848877660956725,0.09160442195966761,0.01614470279531865
208,0.020822024773806982,0.9212690179226155,0.025447142280061164,0.02113150799525355,0.011330307028262664
209,0.019383158692575862,0.023079321409184624,0.0002087646017965406,0.003259749302752516,0.9540690059936904
210,0.3900813929130503,0.05311768795614626,0.00017582598845847098,0.07220342407324117,0.4844216690691039
211,0.42918241265817103,0.4125657237920977,0.00018720152853943483,0.06087290732285279,0.09719175469833911
212,0.7353214534720725,0.16281136462279516,4.534893485391539e-05,0.07775793206147025,0.024063900908808465
213,0.25818936256227043,0.1706003224850042,9.067598475713227e-05,0.14185907108411183,0.4292605678838563
214,0.18066730920266752,0.3197869304515924,0.00013090247930317074,0.35364886752125857,0.1457659903451782
215,0.2967094980669822,0.14715982924518153,9.22467459733665e-05,0.19998265541974283,0.35605577052212006
216,0.4969957888186816,0.31770960905661205,5.898083703794906e-05,0.10740522411843921,0.07783039716922921
217,0.34694411977735345,0.33742651384309214,0.000207280968398206,0.10553685612861528,0.20988522928254094
218,0.38445066995714333,0.18923354163082357,4.9458074652789484e-05,0.029469596634871503,0.39679673370250884
219,0.4366610844001117,0.4701603700509183,0.00012352171435402932,0.027470869649890556,0.06558415418472541
220,0.1478565025947198,0.8177456943104229,0.00025207027670764157,0.00835236768416254,0.02579336513398728
221,0.05401157497635613,0.915810443473119,0.0017363804756290234,0.014187388456351285,0.014254212618544307
222,0.034358426427111725,0.9413268222398834,0.002435966869214368,0.009806968960078379,0.012071815503712176
223,0.2427383411659356,0.6979914916612654,0.0005805821259615957,0.039044945130898685,0.019644639915938747
224,0.24837488452483536,0.6088575246101692,0.0007824123663545735,0.042696160051381195,0.09928901844725972
225,0.2834900572666672,0.6453373570761988,0.0006234386705459703,0.015217296970264558,0.055331850016323486
226,0.19552407361221338,0.7799250133892003,0.00013345026919532919,0.009893744109999587,0.014523718619391512
227,0.03020191209190154,0.9635287387275849,0.00022712764586893218,0.0027901493211655542,0.0032520722134791458
228,0.07659842941395656,0.8945035242301987,0.0031002753502002247,0.004212928484517479,0.0215848425211272
229,0.1015709127541796,0.8611646986047491,0.00851626627313264,0.013141994288656707,0.015606128079281936
230,0.024918954246529235,0.9302151794818877,0.026983638862679692,0.008054935630849365,0.009827291778053866
231,0.15781750087971086,0.7427132875576758,0.004241976917174505,0.07212214851286368,0.023105086132575097
232,0.022750480613107603,0.9245733624987832,0.015424200162564196,0.02716872211086525,0.010083234614679748
233,0.19675945869991532,0.6844966261189794,0.007984150495025186,0.09356897277856446,0.01719079190751559
234,0.018235003421963825,0.950897520009667,0.0016713629565090905,0.02469341379076749,0.004502699821092665
235,0.1367355718441085,0.8054075330310273,0.007202608472754065,0.03277185930284523,0.01788242734926486
236,0.25373742160503965,0.6551193508267529,0.0036035553032706907,0.05499592392384508,0.0325437483410917
237,0.04491695696977161,0.9169867840668019,0.01450745773960015,0.012140375881984734,0.011448425341841735
238,0.159413459748774,0.7996119696361904,0.001319200938768022,0.027194415980936748,0.012460953695330792
239,0.04541638357803598,0.9283638972011824,0.016307539966303623,0.0042803192990260456,0.0056318599554518465
240,0.13694460762286392,0.8289554499189803,0.007829832272960689,0.01962387752688087,0.0066462326583142176
241,0.04237152445959963,0.9225922520416185,0.027947882366345364,0.0028871127701155823,0.00420122836232108
242,0.045380717610854215,0.9240828558238315,0.016302600623698392,0.004332677852533279,0.009901148089082528
243,0.0876296595243463,0.8774453693156637,0.018475917623096062,0.0022525789654596843,0.014196474571434225
244,0.040143285609622374,0.9295348873408603,0.024486798482005714,0.0019605092521303947,0.0038745193153811182
245,0.009217843561609124,0.950023177291292,0.03811021427940696,0.0004516078143031531,0.0021971570533886697
246,0.0206940903888198,0.9604294859609456,0.015620669163048474,0.0009379438394657464,0.002317810647720449
247,0.004680224229808088,0.9219087543183547,0.07008827711981659,0.00027087850781540133,0.0030518658242052383
248,0.034482971624471885,0.8963527224787835,0.05993511395853728,0.0005784001479131857,0.0086507917902942
249,0.002807468006710817,0.7630559808526951,0.23128353981731403,0.0001346191385666876,0.002718392184713354
250,0.004259851539780027,0.9290482890420027,0.06289733733536342,0.00013934092494504626,0.003655181157908753
251,0.017521020549958185,0.7608496774440271,0.21394083850987564,0.000525647618182334,0.007162815877956696
252,0.023328785677785194,0.7446615235515983,0.22593909137111973,0.00040960080379992515,0.005660998595696864
253,0.017056863100626055,0.9512483876482749,0.024032988071967104,0.0005751956976661355,0.007086565481465833
254,0.019649060755899603,0.8850768607311776,0.08780518811275469,0.0011055536065828877,0.006363336793585151
255,0.008276067609538845,0.7853833813753456,0.19671172044141422,0.002036545465000616,0.007592285108700667
256,0.015340028549667742,0.9187249285616244,0.05747582177301674,0.0019392944205463291,0.006519926695145032
257,0.05210802319186228,0.8319736200181076,0.09138500971821366,0.011728658304526046,0.012804688767290164
258,0.12800764267688056,0.8145530335876675,0.015605672614251834,0.027735948166510514,0.014097702954689614
259,0.10894347014308742,0.6976324975076738,0.08957468718671899,0.012435882960194945,0.09141346220232482
260,0.025142789936053393,0.9088295834731579,0.017992418196145835,0.007724852984785827,0.040310355409857127
261,0.002510572411152606,0.005944641503489806,0.0007437165041590598,0.0005248174828488247,0.9902762520983498
262,0.00518591177542904,0.0012105626775235417,4.1169552210135486e-05,0.0010293239727076158,0.9925330320221296
263,0.001176692904723672,0.00043865811734409877,1.4587737936228758e-05,0.00020491367363711506,0.9981651475663589
264,0.587491824950494,0.062027893428920795,0.00010464669141417388,0.005143863242310829,0.34523177168686014
265,0.032947122962893975,0.02111198026199492,0.0015914242532010297,0.002512436530414106,0.9418370359914958
266,0.02081962621135506,0.05403157360613236,0.0012366732327415515,0.0015312466500380627,0.9223808802997331
267,0.021662166138313364,0.03733673565222995,0.0021536499331921643,0.0065957498042438275,0.9322516984720208
268,0.0034404738944291877,0.004717957595370821,0.0012338321999842263,0.00442448371524182,0.9861832525949741
269,0.672098357379971,0.03248500309112383,0.04474958206098187,0.007135934947258799,0.2435311225206645
270,0.009605566676396235,0.0004284958118423707,6.084396561485197e-07,0.0005159504251613105,0.989449378646944
271,0.1893224855684027,0.0034951062768504267,2.7385842076881125e-05,0.01580214588740124,0.7913528764252687
272,0.012343568772318294,0.000830856322842963,2.8169826407774725e-06,0.00869888555394522,0.9781238723682528
273,0.016633247249211166,0.002119552163042682,8.520594018994092e-06,0.0008886419099442579,0.9803500380837828
274,0.06097040240262668,0.001996688764999532,1.0068701904094941e-05,0.0032794413420185902,0.933743398788451
275,0.43702064899940535,0.01221725201913604,3.373531588831866e-05,0.010881052733888048,0.5398473109316823
276,0.5445601238248412,0.04002102761426245,6.573112312962432e-05,0.062263898625512376,0.35308921881225436
277,0.011581958784386935,0.041270926230432034,0.004585506554802209,0.007542566892256381,0.9350190415381224
278,0.07735096447064593,0.025548578268742347,0.0007487805750258024,0.011683448793722686,0.8846682278918632
279,0.6560944761727339,0.029457152025613092,0.00020162693523692992,0.01568442357263161,0.2985623212937845
280,0.8309103397872722,0.04891525584803584,0.0002913623807228876,0.020244974944794894,0.09963806703917427
281,0.3964126446416883,0.4312535782506762,0.00038004962045761956,0.09702759260550126,0.07492613488167656
282,0.17803753954119908,0.3583105429831162,0.0002571890727626765,0.4508237085632131,0.012571019839709038
283,0.11020633132979128,0.45385119591959633,0.00013049292279069462,0.3998069322298894,0.036005047597932355
284,0.222844611292537,0.399905833884108,0.00026397648732927694,0.32129705586672686,0.05568852246929889
285,0.03453182324164792,0.9263501674889218,0.0011661488352791717,0.02923620537220122,0.008715655061949906
286,0.2198012376598773,0.4250649375841307,0.0004299427058675913,0.28810829184590236,0.06659559020422198
287,0.05961025283547911,0.826772216471465,0.0001479317317026422,0.0979326363814069,0.015536962579946413
288,0.048538884998089483,0.5989985554380328,0.00032140034597132375,0.31562246999507687,0.03651868922282941
289,0.07591079430897683,0.7084048018727019,0.0010306704289265735,0.2017867635483695,0.012866969841025252
290,0.11511597807353707,0.20633706394108767,0.00015320664322141984,0.6524755572137702,0.025918194128383587
291,0.05223700228318096,0.4815992325832525,0.0006225900596567068,0.4375506753184229,0.02799049975548681
292,0.08706252679005863,0.1339855121824929,0.00018721082219056419,0.6231316727579197,0.15563307744733818
293,0.1271216740721419,0.07707693782284103,0.0004003064038247195,0.13008468347668364,0.6653163982245088
294,0.5163995345709778,0.14630102189303051,0.00010775473501650584,0.10724738250824692,0.22994430629272822
295,0.50089476152331,0.2588771051055342,0.00016542432452210155,0.1602128104885275,0.07984989855810617
296,0.2972885129267675,0.4000806419267689,0.00024297159668853284,0.19332317601821072,0.10906469753156443
297,0.07828954028834792,0.5697896582096704,0.0004148091501579963,0.1749316118447556,0.17657438050706806
298,0.17882208234843036,0.22625990574284807,0.0004631124664245524,0.42536661577701884,0.16908828366527806
299,0.002100753130652917,0.0049601144933731,0.0010169253263516446,0.001195200949415633,0.9907270061002068
300,0.12834835389565744,0.01839215620825435,6.767153447477471e-05,0.005414306482262145,0.8477775118793512
301,0.7878882955236536,0.04472611438632958,0.00014255329991585218,0.015283147447835335,0.15195988934226573
302,0.5039420938750893,0.38490046970137703,0.00019996075197684573,0.007075470371178538,0.10388200530037839
303,0.6340935610448257,0.07966212035894533,0.00010672341879051382,0.06072163119641941,0.225415963981019
304,0.3770338448994098,0.48259676413024305,0.00020878401527584824,0.08437124646533253,0.055789360489738815
305,0.4752509698557349,0.2796602639595385,0.0003231678635849689,0.017524493050605838,0.22724110527053587
306,0.4489788843765418,0.4130776385902686,0.0001998644736659797,0.03052147456846378,0.10722213799105973
307,0.04136681877889335,0.9371936950019513,0.0003118925798096256,0.0054002537491018385,0.015727339890244035
308,0.12096411798646836,0.8510192690943252,0.0001926400155357948,0.010547441540156426,0.01727653136351411
309,0.08572349700034586,0.8573780327321833,0.0015969739058129444,0.014544579642941867,0.04075691671871616
310,0.010819588046228882,0.9792601223962312,0.0013419254916837676,0.0022622333923196826,0.00631613067353654
311,0.01837738075190853,0.9539198838663044,0.014093274608650768,0.005346238749069483,0.008263222024066912
312,0.026770485674307485,0.9576418506840698,0.00436725160045666,0.005994970554560036,0.0052254414866059066
313,0.049189047466337905,0.9287670061976955,0.006649040961830125,0.008250685136966465,0.007144220237169979
314,0.14486140028922967,0.8141066400272872,0.006028231629506521,0.0245560338261165,0.010447694227860222
315,0.04414314631808125,0.9390331352767017,0.004884225672665314,0.00570116757096409,0.006238325161587708
316,0.03141614506523259,0.9479710046841092,0.01239356716496047,0.003936933891867746,0.004282349193830037
317,0.013911418215319628,0.9744077347618048,0.007320550467444917,0.0012853836478131327,0.0030749129076178103
318,0.010732677082420452,0.977154748337527,0.008173550686559772,0.0006975012414056788,0.0032415226520870607
319,0.0210808137532644,0.9516347057352194,0.0195656452148006,0.0023477469905273758,0.005371088306188371
320,0.006994376759339806,0.9708199053796908,0.01874481601133997,0.0009570198270560844,0.0024838820225734216
321,0.012297161521253736,0.955658083437563,0.026482168647446156,0.0014482209911416972,0.004114365402595581
322,0.019316622992142023,0.9674519106935869,0.007924925363044974,0.0015841324666481746,0.0037224084845779663
323,0.022672208944483595,0.9458514773173486,0.026798542972661602,0.001553641743214956,0.0031241290222909996
324,0.00726626146679501,0.6777602440888765,0.3096259504079539,0.0025594864897946585,0.002788057546580029
325,0.031736444315542144,0.9184733265563457,0.03308216926688099,0.00787716454154061,0.008830895319690743
326,0.02634151270543408,0.8822235738353816,0.06644720670527136,0.008438057878384676,0.016549648875527966
327,0.07313611246809645,0.7943024107956649,0.048923893762411616,0.05804596398206306,0.025591618991763963
328,0.08614352922609017,0.6940582750075164,0.10802554090554672,0.021270301948777732,0.09050235291206912
329,0.05240999224444336,0.046331154744684994,0.0017745030855743627,0.003479667838629632,0.8960046820866677
330,0.42816861633855163,0.1479193057367232,0.00044912348550171815,0.021321732149250212,0.4021412222899731
331,0.47650550792008634,0.3862777370734162,0.010845623614437243,0.00706845269862755,0.11930267869343272
332,0.3751751078389837,0.29141173217212735,0.0049123509381730395,0.0022058714151233704,0.3262949376355925
333,0.44527307002763256,0.43722607578513956,0.01446797482193867,0.021354211043053326,0.08167866832223572
334,0.4324070711768073,0.3181530463913613,0.0013537107986599092,0.021793936851915403,0.22629223478125612
335,0.06678639752984504,0.8587340962965082,0.00023464821272957504,0.010322640260107945,0.06392221770080934
336,0.3066995921410905,0.6271997537568956,0.0009904981238328275,0.030166419654335343,0.03494373632384565
337,0.23870559893969684,0.7206366871424379,0.0007582476638608817,0.014619393027997057,0.025280073226007553
338,0.14507951073891256,0.7951459850259279,0.0002714247125071946,0.00836941353483696,0.05113366598781533
339,0.02081066848307632,0.9742472786594857,0.0003479599277916201,0.0007086141781010814,0.0038854787515451286
340,0.1602110960898834,0.8264115136595086,0.0013477377994559133,0.002610808513456082,0.009418843937695973
341,0.020599539117301516,0.9660971527185583,0.00047638192402880037,0.0006917896999975012,0.012135136540113759
342,0.25928133161094574,0.7056530037103712,0.0008326260680085652,0.007393337459586818,0.026839701151087744
343,0.10643248644360291,0.8851352095628144,0.0010487969095715024,0.002925054895566304,0.0044584521884449635
344,0.0235628613256994,0.9727341104225069,0.0005047263249531175,0.0007209050228104513,0.0024773969040302233
345,0.012926322941604814,0.977631280460931,0.005405351517414768,0.0019351418789941108,0.002101903201055413
346,0.013572072040881133,0.9788391428856166,0.0020483053680627676,0.002166075505524155,0.003374404199915449
347,0.02433524934535473,0.9128664945021051,0.036276699238783926,0.018600139113617638,0.007921417800138721
348,0.10466417981133187,0.8504337356499099,0.0047508779817759875,0.02339434399755623,0.01675686255942621
349,0.03130717082901386,0.9597573988523266,0.0022463076832628113,0.0027655592525466953,0.003923563382850321
350,0.013603414784919594,0.9793338227247689,0.003171088769827829,0.0008218024432148522,0.003069871277268696
351,0.04621869736981956,0.9222900230329528,0.017954864043177525,0.0044899429887993595,0.00904647256525087
352,0.09198255854779704,0.8765870955945154,0.012971726288811975,0.007118115242122241,0.011340504326753306
353,0.0401698419780432,0.9341541794670788,0.012390023457161134,0.005211417629267231,0.008074537468449655
354,0.022996849964251616,0.9509472619067851,0.007990557491422372,0.014378581394193112,0.0036867492433476532
355,0.02707077170085903,0.9270302950774564,0.025778063338984997,0.012222984106210387,0.00789788577648913
356,0.03384514938079378,0.8525283303866673,0.039435468015617765,0.06383366538615352,0.010357386830767671
357,0.09077234797554073,0.7073251252810474,0.023782638055075654,0.053981870144645505,0.12413801854369068
358,0.3083272888469371,0.39980933122163853,0.0021791971082007902,0.20693593037857988,0.08274825244464358
359,0.06277838252053969,0.8943696551717926,0.005044112209158542,0.02204824450797327,0.015759605590535863
360,0.24536998441569652,0.6737898409642398,0.003820115615322322,0.04158387928457407,0.03543617972016727
361,0.2472329056735443,0.43697487691577547,0.004764086730191956,0.24819941230796122,0.06282871837252706
362,0.10747278679893389,0.8170120810974603,0.005186622751670265,0.051031152829544506,0.019297356522391215
363,0.12151178209867819,0.7878227849042524,0.0023580579695507663,0.0728844008667255,0.015422974160792921
364,0.1368312101576563,0.7324342932849469,0.0024241865660528223,0.0955025743789952,0.03280773561234875
365,0.14900331528048247,0.7143207782768772,0.0006186299842074018,0.10712327947841745,0.028933996980015295
366,0.014541548236847661,0.9552885073213028,0.00570841446961016,0.01803324224054675,0.006428287731692651
367,0.20652111515815638,0.6856394971658206,0.0003627367524581216,0.08264083257586198,0.024835818347702928
368,0.09295081366800376,0.8798436774556672,0.002572442567184877,0.013378741174807524,0.011254325134336617
369,0.17126154601912258,0.6943425563556888,0.0036301267204935845,0.08158095943394679,0.04918481147074812
370,0.048344934147675954,0.8600582957911485,0.00037457299021259735,0.04794141759137736,0.04328077947958559
371,0.06797901751157244,0.8072579069974499,0.0010613266276903986,0.05535290935295141,0.0683488395103358
372,0.21069240148216428,0.2139979750446339,0.0019177611721176511,0.12079358868980171,0.4525982736112824
373,0.15455879111506338,0.6444810978044797,0.0020637657640016544,0.06990874769196861,0.1289875976244865
374,0.00784892455907252,0.017150707371056804,0.0006460819611817581,0.0008296798431162434,0.9735246062655726
375,0.025353279196252996,0.004152156090966834,3.3849304475329146e-05,0.0007489717385352931,0.9697117436697696
376,0.2999115206416824,0.07389436862080065,0.0001393657401141318,0.002644974827778675,0.6234097701696241
