epoch,N1,N2,N3,R,W
0,0.0006448929851967109,4.51373589709158e-05,1.3344393844696842e-06,0.0003353526534212454,0.9989732825630266
1,0.0032807563313039623,9.395268531758156e-05,2.3164532903643783e-06,0.0008677745199426131,0.9957552000101456
2,0.0006872116436319252,4.1162366784549676e-05,7.971732119516183e-07,0.00032381513121967285,0.9989470136851519
3,0.004196037711351747,0.00011215622151289714,1.6338279012393065e-06,0.0003940576444195561,0.9952961145948145
4,0.01098398169225496,0.0001915243924055251,3.1892074382774655e-06,0.00038743069379183157,0.9884338740141093
5,0.0056752021768883346,0.00015703434527017005,3.071350234608141e-06,0.000291682827678053,0.993873009299929
6,0.025838671312755346,0.00020376433973791778,4.470138539930699e-06,0.00145452984400804,0.9724985643649587
7,0.04289549381583898,0.0005189146274823513,7.5484342892072366e-06,0.0018280617902484849,0.954749981332141
8,0.11697437852967042,0.0013766100716249069,1.74790206200402e-05,0.011154307206193684,0.8704772251718909
9,0.150894646952835,0.08464446397846656,0.0001214139398585238,0.26630843601497833,0.49803103911386165
10,0.0952388676200607,0.2510662567713784,0.00014086757898777358,0.17461857683755103,0.47893543119202203
11,0.07987246187573929,0.28378086763306154,0.00014863216497357028,0.20905717025865433,0.42714086806757123
12,0.026134848557606397,0.009881902086324602,1.4052373148919714e-05,0.014826928501018174,0.949142268481902
13,0.04045197168536609,0.019499503785994285,3.45827521815739e-05,0.01742626238183859,0.9225876793946195
14,0.31590941050802274,0.08764560082791584,9.446922042002416e-05,0.06188418249452882,0.5344663369491126
15,0.3579733690111029,0.448448649522454,0.00013247512697680825,0.04307337399019181,0.15037213234927455
16,0.20413720609095676,0.6144409097581686,0.000366215137264128,0.02981900627271574,0.15123666274089487
17,0.05941314003793962,0.9154739541068553,0.0004173034616344874,0.003372218844886219,0.021323383548684384
18,0.05137215356408673,0.8975143619653071,0.00038017944379506756,0.0019183845033346617,0.048814920523476406
19,0.1426120742885352,0.8207077270309054,0.00021106290942954445,0.003532970184481024,0.03293616558664877
20,0.024823924417185846,0.9534257260236391,0.008044954332693269,0.00048221530583616453,0.013223179920645606
21,0.036258257934058784,0.9464346350254507,0.005007573154051771,0.0011300529418833887,0.01116948094455504
22,0.023689537970449485,0.955770468100725,0.008576481299575838,0.00038536746809260733,0.011578145161157037
23,0.022974427492174328,0.9385022359501998,0.01779179533637901,0.00040272309005797487,0.020328818131188885
24,0.019435000521841897,0.9504885023074444,0.01889788857775156,0.0003114999106874998,0.010867108682274786
25,0.03049910679731164,0.9420520489448846,0.01143776228520642,0.0002928515219566125,0.015718230450640858
26,0.12318360852095708,0.8501984353155477,0.00521167486567009,0.0008896572554803411,0.020516624042344642
27,0.04548269200106309,0.9338943690653687,0.009219001213820542,0.00019223211991010314,0.01121170559983759
28,0.044569560902614304,0.9217304490450634,0.01941080089375176,0.0002338144604741862,0.014055374698096354
29,0.09544537369555715,0.8820179554578198,0.0034623555236717204,0.0003501198114807472,0.018724195511470518
30,0.03917546591320689,0.9396976353883854,0.011445282165112761,0.00016897946287926062,0.009512637070415685
31,0.02582351064753073,0.9032123459041403,0.06082967596401963,0.00011748825015894125,0.010016979234150434
32,0.07658322722967831,0.9008794811779941,0.012394763265585106,0.00022802338391589633,0.009914504942826394
33,0.026898096056367525,0.9191549038081278,0.04732614463278175,0.00011492794417486696,0.006505927558548131
34,0.01019803494246922,0.8019509767465883,0.1807663083420346,9.006479352250455e-05,0.006994615175385123
35,0.06010604117341572,0.89837137401226,0.03178955788218053,0.0002796114609278227,0.009453415471216099
36,0.010418291607744068,0.6628630518890237,0.3194022619708916,0.00010726885349148645,0.007209125678849015
37,0.006698969327766589,0.3999976704467132,0.5812516662568357,0.00021130821879218034,0.011840385749892338
38,0.010002797913091542,0.7869963245521324,0.1943548728524531,0.00026745695401905186,0.008378547728304025
39,0.01740099332101366,0.8168264850008876,0.15157782719610075,0.00038590321620316366,0.013808791265794922
40,0.007651499623342101,0.6376237352031746,0.348241871306137,0.00034257385373488887,0.006140320013611419
41,0.008457593379224826,0.8398250613906989,0.14298444819820205,0.00038360660056782153,0.008349290431306312
42,0.008889038274754912,0.8937338227927942,0.09084503747317377,0.00043485658953896036,0.006097244869738065
43,0.001866590561125669,0.5091015462835712,0.48387059932050674,0.00016163475567234655,0.0049996290791240365
44,0.00388770397660013,0.7635062574274014,0.22622783161314894,0.00024969570468037484,0.0061285112781690985
45,0.018258278364663344,0.7552340032773182,0.2172714134142692,0.0003163773223048025,0.008919927621444567
46,0.02142032114003958,0.7222702312730535,0.24164770778720154,0.0003397065863792781,0.014322033213326195
47,0.007922700835470394,0.909608781936162,0.07567411433762108,0.00013368883005978984,0.006660714060686731
48,0.004088205563036082,0.6492932683636055,0.34157242012835437,0.00013855294476934084,0.004907553000234767
49,0.0023901881673617687,0.6308677341010289,0.35999033709480743,9.151611252001401e-05,0.006660224524281839
50,0.003526293291750821,0.6367495420311315,0.35057095487440265,0.0001111026120917374,0.00904210719062319
51,0.004036093875136997,0.5033198086949436,0.4865032273971914,0.0001538408183490311,0.0059870292143789335
52,0.008492719538365001,0.8338038564458482,0.15032124927624593,0.00023600029809180508,0.007146174441449158
53,0.004825035446809928,0.7648682252760196,0.22553766469911524,0.0001968309842853706,0.004572243593769744
54,0.005046888551788361,0.5766342795114842,0.4122770795515644,0.00020109837741093782,0.005840654007752188
55,0.0051727213224274735,0.7853069635650956,0.20405713298521028,0.00016458298536207305,0.0052985991419045855
56,0.0019036012638019041,0.4325909365400985,0.5595521470667453,0.00017195016957502376,0.005781364959779449
57,0.0057377742352205585,0.8141026935917147,0.17543141500808668,0.00021753117135566122,0.00451058599362243
58,0.004707284010873041,0.6167295021535647,0.36790744837237793,0.000149828581425829,0.01050593688175853
59,0.012633461644185,0.9361950578382799,0.04018103749653001,0.00029844173265888027,0.010692001288345989
60,0.0016318233166646846,0.2978637183805134,0.6871099625295833,7.95656901712453e-05,0.013314930083067375
61,0.003362431219007762,0.5529148352562966,0.4300681571194472,9.161277082863594e-05,0.01356296363441974
62,0.13049772197849033,0.43509034444742395,0.1166948953878945,0.0004904635118020813,0.3172265746743891
63,0.09390890823143724,0.5316619274259062,0.215660627578603,0.0002125441220026333,0.15855599264205097
64,0.00943371265381652,0.854037394600153,0.10449151004612443,0.0005447068628634915,0.03149267583704247
65,0.008028824516898299,0.6129373075326053,0.34258169739077543,0.0003807729996355465,0.036071397560085296
66,0.00800046836410941,0.7070572220672532,0.2746587939843,0.00017285334975339188,0.010110662234584162
67,0.002983870196464435,0.7169351132879392,0.2755353699673347,6.33642725214515e-05,0.0044822822757403435
68,0.005467213692573385,0.7332778269840248,0.25662280090131206,0.00014544081128534095,0.004486717610804378
69,0.006153081534569081,0.8182998869432433,0.16841105715341761,0.00013773188643543107,0.006998242482334567
70,0.005026249688753969,0.7066351374670283,0.28169035631618117,0.00011320169097568137,0.0065350548370607464
71,0.003161997715734904,0.7207086228561227,0.27235588652559084,0.00013830944797722422,0.0036351834545744603
72,0.004571871515185538,0.752741952428696,0.23900506962210336,0.00010111483014537254,0.003579991603869617
73,0.0037285080543277478,0.7804167122858464,0.21198230421509953,0.00010111658609363296,0.003771358858632767
74,0.003293295569506105,0.6444372269802713,0.3440817713428678,8.485468606514634e-05,0.00810285142128952
75,0.0011925999043271036,0.45779325328522213,0.5381576741728106,4.267258512942926e-05,0.002813800052510848
76,0.0006645947120037731,0.3014326358037865,0.6952663125533192,2.8761115655762465e-05,0.002607695815234738
77,0.0017351060204803363,0.6069187731333989,0.3870622598878626,5.3345010809940635e-05,0.004230515947448288
78,0.0009439397524903388,0.3532591674504096,0.6407518287683104,6.467394255525579e-05,0.004980390086234545
79,0.001385335659793373,0.7306007763028766,0.2650623220786888,6.300966309820528e-05,0.0028885562955430263
80,0.0017096441138545267,0.2700347391379092,0.724848288900558,5.54698236969281e-05,0.00335185802398132
81,0.00154312330510363,0.5268582236688383,0.4690800482875614,6.238568393144592e-05,0.002456219054565226
82,0.0004602818112897223,0.31717910668291927,0.6799484381836302,4.8682486952682854e-05,0.0023634908352080353
83,0.00044128147953358045,0.18573275011753168,0.8122137466026386,5.061947225487402e-05,0.0015616023280413914
84,0.018668110775192398,0.916369597163706,0.05900708668884081,0.0008348384473607882,0.0051203669248999755
85,0.0011438316628767313,0.6163978888886394,0.3800949794642429,0.00010460464732128856,0.002258695336919572
86,0.0011698411642675156,0.39385405520868727,0.6036643381676468,7.855111738710167e-05,0.0012332143420116018
87,0.0010333075563308917,0.5627842333666103,0.43477779372695446,0.00010778379134551174,0.001296881558758772
88,0.0025878993784518986,0.4580016014961631,0.5362975554959419,0.00022489169274556635,0.0028880519366975142
89,0.0018737605510218108,0.7611069057868903,0.23487188547457236,0.0001717643509647048,0.0019756838365508375
90,0.001311331634894224,0.5095497127491683,0.48767499115925705,0.00013503287809828784,0.0013289315785822587
91,0.0009990291946815413,0.33900473995754216,0.6586012175362697,8.640463265917633e-05,0.0013086086788473667
92,0.0015626797866561911,0.37449877473187426,0.6222836427753686,0.00012081125711245584,0.0015340914489884003
93,0.0007879542821225331,0.34209656495562335,0.6562637407223668,5.6552263300069204e-05,0.0007951877765872189
94,0.0006876761012012209,0.2994735672403816,0.6989061497606651,5.9239746144137923e-05,0.0008733671516078431
95,0.0006313536026743654,0.08290584581518455,0.915316706164024,4.9003659688086084e-05,0.0010970907584288922
96,0.0008509646853294077,0.20763772592361818,0.7898785314894295,8.9721784194694e-05,0.0015430561174282304
97,0.0008932582469636586,0.14333874976290198,0.8543737083285704,8.533521716826178e-05,0.001308948444395617
98,0.0014066215564169635,0.3162671899774889,0.6807031880497907,9.805500671201566e-05,0.001524945409591343
99,0.000979927499683512,0.18827927590247698,0.8094955912305705,7.91958625839535e-05,0.0011660095046850925
100,0.0010491878438251858,0.2867133430735142,0.7109032082790794,0.00014530796539108013,0.0011889528381903304
101,0.0045028041759877955,0.5775070688637373,0.4154652811591596,0.0004133542798977823,0.0021114915212174052
102,0.0025317504264477735,0.5489255505032087,0.44637736513028453,0.0002600069176748159,0.0019053270223840905
103,0.0012354786918057378,0.1962965382705598,0.8013987640136421,9.374051608907521e-05,0.0009754785079033869
104,0.0019050872803862556,0.2744755535560945,0.7218614199997953,8.721126280237017e-05,0.0016707279009216054
105,0.0014286783543906105,0.32458296261595154,0.6727107471460043,7.280968191801189e-05,0.0012048022017356523
106,0.00219876123265214,0.45915865545023343,0.535825863718752,0.0005350285813262032,0.0022816910170362498
107,0.006527949008124417,0.7130442589651581,0.278054742728466,0.0003855195965549839,0.0019875297016963504
108,0.001672610968148185,0.46976186327210073,0.5271776790302263,0.00011997469587471488,0.0012678720336502113
109,0.0030450537501255973,0.4797781051806926,0.5157662514813937,0.00022841198434093667,0.0011821776034471585
110,0.0027384775662182242,0.5626394505831255,0.4329065933327625,0.00026300881285391787,0.0014524697050399315
111,0.00428471566201572,0.3606593588288694,0.6323785083576884,0.00046591061313411546,0.00221150653829234
112,0.002891639093068808,0.29193757040499974,0.7023498838697314,0.0005723605845061094,0.002248546047693997
113,0.011685312597456966,0.6940916716791856,0.2849238456434413,0.002172287068815301,0.007126883011100791
114,0.004496026070162179,0.31436324841053825,0.675303442182034,0.0008710239652082574,0.004966259372057435
115,0.014822552788897313,0.7717521685693135,0.20555381196638012,0.0011359278582403858,0.0067355388171689585
116,0.014105151958406155,0.8094376999951551,0.16834342058866722,0.0014096890207503517,0.006704038437020957
117,0.033679590527989016,0.7914013296923298,0.16511899777040798,0.0018476555256327373,0.0079524264836405
118,0.010869207188371968,0.5948485699821843,0.38862313743247034,0.0008507419083387587,0.004808343488634381
119,0.05999279652622781,0.887260706499211,0.04313666691369826,0.0014290909225494447,0.008180739138313603
120,0.010992897516346151,0.6176269578080353,0.36649683876949163,0.0007651269333488692,0.004118178972778081
121,0.0142774892931326,0.8963846623615711,0.08417853711949479,0.0007403497802830384,0.004418961445518464
122,0.03200429483231255,0.8860543023267348,0.07665830006219448,0.001580155745782672,0.0037029470329756967
123,0.014026161446657286,0.8935268788683718,0.08650543922407522,0.0010499020180113686,0.004891618442884416
124,0.011755143913375699,0.5391159502049896,0.4442783588934274,0.0011236726461704622,0.0037268743420368483
125,0.050256860366579725,0.8533369419677003,0.08330895631217657,0.003553101561835797,0.009544139791707668
126,0.00864483171738578,0.6932210714810604,0.2942221761759248,0.0009890137873903814,0.002922906838238776
127,0.006227285303722538,0.8687031616044788,0.12158069227278602,0.0007141072122984638,0.0027747536067142136
128,0.0024033666237055287,0.3523737898911991,0.6423551363876975,0.0005872527045615744,0.00228045439283635
129,0.00504768766130406,0.7017816895342142,0.2887025425347133,0.0011868699788035787,0.0032812102909648357
130,0.005889811938865784,0.696731368284325,0.2926988606990574,0.0017888208677824277,0.0028911382099693693
131,0.004131279944067532,0.37915444437761314,0.611752527682006,0.0019278438610053847,0.003033904135307892
132,0.005696193902770996,0.37548164925488237,0.6127858046299796,0.0019125565628022967,0.004123795649564667
133,0.027194712280790553,0.7967966957958886,0.16674563770283743,0.004980191944046578,0.004282762276436778
134,0.005828708370143754,0.557609838857736,0.4339024405383241,0.0009379737759211547,0.001721038457875064
135,0.0037725684744198606,0.44004552214945847,0.5542251389112051,0.0006404505186296415,0.0013163199462870405
136,0.009489430377758894,0.408099699474079,0.5729800916628767,0.00269645156618015,0.006734326919105382
137,0.006875418531521436,0.6088040174090078,0.37897979482734623,0.0016308223289442161,0.003709946903180354
138,0.013051634927635771,0.49241253125564954,0.4890208350117494,0.0010019759081978448,0.004513022896767333
139,0.011685829410067683,0.5637139488469433,0.41769698969501884,0.000898950125394594,0.006004281922575598
140,0.004653161928803189,0.491261826497776,0.4992584474072171,0.0010324449930783246,0.0037941191731254115
141,0.006000033993319567,0.35941134398252356,0.6310245891239488,0.000705185360797197,0.0028588475394108795
142,0.005671133913129992,0.3312946445866069,0.6596789343256853,0.0005069182901773317,0.002848368884400532
143,0.007821136939411897,0.30057014762132767,0.6866017620524975,0.0008744777257897062,0.004132475660973261
144,0.0031462737773609983,0.22772144554601984,0.7649610195686245,0.0007834903713550223,0.0033877707366397713
145,0.013806120484916792,0.5793453439299664,0.3996753669471511,0.0021989691332222104,0.004974199504743403
146,0.028888959486213422,0.629675531078912,0.3288579565618129,0.0056983565735996295,0.006879196299461979
147,0.015131620553531547,0.5718051416682116,0.3992275776235804,0.004713270282815492,0.009122389871860911
148,0.027804728443409015,0.6468357693869992,0.28754502026147893,0.012001662450089068,0.025812819458023707
149,0.03462148870832164,0.6217077352502475,0.3160068372780611,0.00962254182637411,0.018041396936995663
150,0.03143397190937068,0.6588570667438464,0.28017419609072924,0.01235918871417414,0.017175576541879574
151,0.024411374412604644,0.575384882975267,0.3865131377863853,0.006773867302787994,0.0069167375229550266
152,0.12039605596611185,0.5892050792881943,0.24681551981047162,0.009265479534201529,0.034317865401020616
153,0.30493929746722764,0.5960497508367945,0.016326812043304037,0.04355277357635187,0.03913136607632193
154,0.11985018430428039,0.803120852014609,0.04103295887644689,0.00938475975553526,0.02661124504912848
155,0.15273737732426038,0.7554305131112312,0.04581466166195391,0.00665999821914681,0.03935744968340762
156,0.02154095128559775,0.6762189216344509,0.2918350834455099,0.004887356706564648,0.005517686927876903
157,0.1820000962818272,0.709471206741851,0.014413651271478235,0.05928306514768284,0.034831980557160726
158,0.0796983418807633,0.8339228698537325,0.029011921263964048,0.035616931886632994,0.02174993511490688
159,0.1280420007632699,0.7385308844057045,0.009203678292563593,0.09870459798519085,0.025518838553271108
160,0.11945861293852177,0.6791630919263335,0.0023808124545773727,0.16220161030261712,0.036795872377950276
161,0.19537822375084418,0.40448479994523034,0.0008290642747510323,0.3486507087207184,0.05065720330845592
162,0.10481792382177037,0.1208527031700188,0.0003956580561103396,0.7372321950739014,0.03670151987819916
163,0.0878865659030166,0.03973604069704349,0.00010175287630733271,0.8491198302845896,0.023155810239043055
164,0.06104242243756505,0.11612017098021027,7.365112037461241e-05,0.8173876465762145,0.005376108885635552
165,0.09297564442609944,0.06848507302582456,3.6641784110977276e-05,0.8131677914719704,0.02533484929199469
166,0.07208591134517879,0.06970184268259741,3.8905499181097493e-05,0.8337156885451978,0.024457651927845016
167,0.064687608893942,0.08320422599270708,5.612513814007554e-05,0.8119853858313534,0.04006665414385752
168,0.11092009624708024,0.11273419020216958,7.732482582091994e-05,0.7328615732505711,0.0434068154743582
169,0.11561069499863229,0.052139947070123024,0.0004251660487924715,0.3917939628907579,0.4400302289916943
170,0.25564979893316636,0.03150353630727602,6.75248174708564e-05,0.5907244977447745,0.12205464219731228
171,0.139777037284605,0.0780186988149624,0.0008006920843773301,0.4802523856029753,0.3011511862130799
172,0.14363536905228008,0.04986098331382641,0.00011993514625634708,0.2795547143372509,0.5268289981503863
173,0.15596205341287891,0.05080028083054671,5.266259465680423e-05,0.761144410350437,0.03204059281148061
174,0.08099032325235087,0.1740147067525234,0.00024715433168040235,0.6325303175728489,0.11221749809059633
175,0.0821614432768011,0.025732771193804942,3.7686808993879493e-05,0.8535467473948362,0.03852135132556377
176,0.055273189167455904,0.024875939718218294,4.529926780389841e-05,0.8855036330629324,0.03430193878358952
177,0.03386042095444463,0.011276951975831636,3.485354701738472e-05,0.9385661727372159,0.016261600785490493
178,0.034698638959838934,0.011404017046007138,3.154936574244005e-05,0.9310946737993662,0.02277112082904527
179,0.0314757378469641,0.01795989523249058,4.084048651375585e-05,0.9261996109129572,0.024323915521074203
180,0.029404025428048406,0.007774620245772428,2.125465123821728e-05,0.954597316030387,0.008202783644553827
181,0.04241023677604573,0.013323909986367226,2.7285801609866353e-05,0.9309680686796848,0.013270498756292357
182,0.03603348305149549,0.021931624449417833,3.921285391603198e-05,0.875637786793073,0.06635789285209748
183,0.06739026659693886,0.00916445195412999,3.951627578003109e-05,0.8822722698436577,0.041133495329493314
184,0.02478898867683028,0.022691615865408278,2.9799412291743888e-05,0.938345561562304,0.014144034483165738
185,0.03968798283715381,0.0154166529216203,1.7961955049922613e-05,0.9348022918709733,0.010075110415202723
186,0.026253776098928587,0.01099729937975668,1.2455747914113114e-05,0.9578417258508853,0.004894742922515316
187,0.034286419658490504,0.036226504334033634,1.9966080831289746e-05,0.9228923407511284,0.006574769175516267
188,0.031257497901399395,0.015376228315071298,1.1788728813603241e-05,0.9363138616770318,0.017040623377683837
189,0.0404050074504623,0.009515590244537558,1.03678318862171e-05,0.9356205831726664,0.01444845130044747
190,0.052256216230404176,0.011353668305670353,1.604693992786421e-05,0.9219731672237972,0.014400901300200409
191,0.1168223592244265,0.013135458044262523,2.174050595128102e-05,0.8582902963458465,0.011730145879513152
192,0.06227853810231479,0.008054185933338053,1.2306582607328579e-05,0.915951053766164,0.013703915615575893
193,0.03742528013742657,0.023933087610027794,1.582980997532572e-05,0.9312760255551213,0.0073497768874487305
194,0.0388177870627119,0.01121893051012212,2.3957182948216683e-05,0.9355870341314921,0.014352291112725664
195,0.05153281466697042,0.03380782123339705,3.401111616933077e-05,0.9032200044934678,0.01140534848999545
196,0.0388337316096219,0.007005729174915623,3.315791297161647e-05,0.9387984646371366,0.015328916665354153
197,0.053758201660154305,0.029443088934050107,3.3441957508081985e-05,0.9090741926881079,0.0076910747601796215
198,0.06042126703314694,0.20088567658435572,4.38089246449961e-05,0.7039780017811632,0.0346712456766891
199,0.13731873710964754,0.13620491598964632,4.825866654911951e-05,0.7046234729237144,0.021804615310442473
200,0.11974365945106635,0.44414872351285895,7.8718833618772e-05,0.41764574820909217,0.018383149993363778
201,0.10032433874038402,0.22610861219590378,0.00015392786209108812,0.6315545990463167,0.0418585221553043
202,0.3156786440915578,0.11887747790089398,0.00012243723109507692,0.5224194528277305,0.042901987948722596
203,0.2968427425962907,0.24389653482536552,0.00014050854143773738,0.4195674777080865,0.03955273632881945
204,0.19469784538583257,0.6054526278265078,0.00022420014640889892,0.17530920816182807,0.02431611847942272
205,0.5024165475223961,0.2097953326800914,0.0003032357302454517,0.22226473955639986,0.06522014451086719
206,0.23830004349112052,0.532447494733827,0.0005272536244368704,0.20807096529940078,0.02065424285121481
207,0.27108687061620096,0.46206540548775515,0.0002797321849590737,0.21510710696594015,0.051460884745144736
208,0.20781343164105767,0.45195885215990267,0.0018977652075334004,0.13040743062678017,0.20792252036472597
209,0.14304297981194683,0.46408567447807547,0.0006265521800670289,0.13792938043796457,0.25431541309194605
210,0.22289870886486396,0.2391103940911265,0.0004163832734540082,0.1265827438447916,0.410991769925764
211,0.0017397656179749673,0.003397553870095474,0.0017900018949229596,0.0015452739087308898,0.9915274047082757
212,0.0011400401565200822,0.000875651299059031,0.00017413154946234273,0.0013186239310105914,0.9964915530639479
213,0.006168688914995522,0.0004139024963288157,6.390423559651935e-06,0.0005909555967879716,0.992820062568328
214,0.03637218950424147,0.001221921176549242,2.84008519552281e-05,0.002038050808386014,0.9603394376588681
215,0.03772542417794688,0.0017652082626438551,1.3579652820951892e-05,0.0018977785684740677,0.9585980093381143
216,0.006093279868998115,0.0007230102422988219,0.0003751915082273565,0.001019878285806322,0.9917886400946694
217,0.00561503462753857,0.0008915114501921081,2.4219978894100378e-05,0.0022657465736976323,0.9912034873696776
218,0.016878415101362905,0.000705454111256521,5.14346618538075e-06,0.0011222507836270987,0.9812887365375682
219,0.005689735611045796,0.0010308289782668242,2.935085548727241e-06,0.000709622932079595,0.992566877393059
220,0.01660590046126433,0.0040166855351140155,2.887842375969154e-05,0.0015679996117905436,0.9777805359680716
221,0.5991834547642854,0.016072434966373787,5.7626760185578026e-05,0.013641519358152063,0.37104496415100313
222,0.27139482417306515,0.009952666077616192,3.2798556546405444e-05,0.011853951720566086,0.7067657594722061
223,0.4786346318394545,0.0917481433804779,7.519347716153049e-05,0.04738386634445088,0.3821581649584552
224,0.4395358792348452,0.16807741457182532,0.00013208402094304266,0.06362805428173252,0.328626567890654
225,0.4100472935844616,0.39821101010472976,0.00022662641655208244,0.09956588001678429,0.09194918987747222
226,0.16853589834291466,0.3808178081724837,0.00017774143536274637,0.42305911031057447,0.027409441738664487
227,0.12220701999755582,0.4329365939100204,0.00015913899756634384,0.338799183188095,0.10589806390676251
228,0.10452454490711757,0.6709951605800593,0.00018208238437836762,0.17885032045737656,0.04544789167106824
229,0.061373886394612505,0.4268678952306622,0.0012817312465652785,0.05787875214064809,0.4525977349875119
230,0.05300250091638058,0.03257603604098751,0.00025264884030796233,0.06528055794376088,0.848888256258563
231,0.21989603923962914,0.010270517502125666,9.47187910769678e-06,0.037538214844675705,0.7322857565344618
232,0.5765405862865518,0.2643420666979332,1.6861519362767606e-05,0.033017293581951074,0.12608319191420123
233,0.643912024229683,0.20415354021312065,4.262694563528658e-05,0.053769820460868555,0.09812198815069251
234,0.7507579356995492,0.17434191470887497,4.4439360721175246e-05,0.051353761183940166,0.023501949046914668
235,0.3322194975445696,0.4498640298590597,0.0002989552219907627,0.19732565883839037,0.020291858535989464
236,0.1947694245780871,0.545478080020798,0.0002538172123655795,0.24659814972192773,0.012900528466821578
237,0.3429221682166359,0.4501623705189551,0.0006377843007083056,0.18742143779819684,0.018856239165504007
238,0.2594569631997015,0.6684486550868033,0.00030902664800336197,0.05405061151932017,0.01773474354617174
239,0.09780458006253151,0.8779190998382908,0.0010095426035361108,0.018151537296503307,0.005115240199138427
240,0.19714639487776123,0.7664062129963629,0.00046008565576166063,0.026157212946319074,0.009830093523794978
241,0.10001278535394473,0.8632236308453248,0.0014420146255349304,0.029070555147807972,0.0062510140273877015
242,0.08471893441058048,0.8710800711240522,0.0013421621603488716,0.029798617328023795,0.013060214976994736
243,0.14251339626628426,0.8337703579686992,0.0009450812832557281,0.012134437201940122,0.010636727279820702
244,0.09920515708545248,0.8782363566789703,0.0008487504858756937,0.011286785722665973,0.010422950027035794
245,0.04393687720865579,0.9466613819170575,0.001973185349114026,0.0018954687541677994,0.005533086771004959
246,0.20221497297870347,0.7684319863145743,0.0010313698876512813,0.019975772283622593,0.008345898535448483
247,0.09258182505604716,0.8844607489328831,0.0015223732341179202,0.013017078290741859,0.00841797448620974
248,0.053396428940247584,0.9344394666346135,0.0031184998359242615,0.004188252714409552,0.004857351874805172
249,0.07345715967068461,0.9106253715828724,0.0010121157706054506,0.009259023455908549,0.0056463295199288424
250,0.030732545451926656,0.9526702574118996,0.002535296700540431,0.005439775551375056,0.008622124884258502
251,0.02607084334234271,0.9113494170942776,0.01677768042784467,0.008957434564375175,0.03684462457115971
252,0.028398890083061148,0.012714694761800868,0.0014070699043525318,0.00427149138561341,0.953207853865172
253,0.07288255336322873,0.016262753527569212,7.333506162026148e-05,0.002615354072205154,0.9081660039753767
254,0.49996840183488894,0.3044621356907823,0.0003108336843197843,0.010477650112110375,0.1847809786778985
255,0.49329710164100243,0.3576723694567116,0.0001956599416274271,0.00512566286160031,0.14370920609905805
256,0.15128406388055768,0.10146331014827233,0.0025734059463800476,0.005799046880575324,0.7388801731442145
257,0.38103623119543223,0.4830776555091188,0.0005321814548518237,0.011473539866292525,0.12388039197430456
258,0.482002498934776,0.45242863193927724,0.0006178886820505944,0.00850270431153745,0.05644827613235872
259,0.2748860983643998,0.6805063821094606,0.001533190491205219,0.007879353220518725,0.03519497581441562
260,0.22975526215884193,0.7232612384840849,0.001407890140647496,0.028712832787018,0.01686277642940787
261,0.1741413671666314,0.7852080176707924,0.001293284150021864,0.03091553885423324,0.008441792158321014
262,0.1081668495769658,0.8031097492264287,0.002003110173855196,0.07783258556401042,0.0088877054587398
263,0.1600545722024107,0.7626164116223623,0.0018575228038832054,0.0639531515105485,0.011518341860795325
264,0.08848723674936987,0.842342579622257,0.0032742764383912985,0.05914919058869195,0.006746716601289848
265,0.1289742730399855,0.7868307532899921,0.0026278249077246207,0.06737467786609189,0.014192470896206075
266,0.06680242658123423,0.8961234619600909,0.004386361346849461,0.025122744372315774,0.0075650057395097205
267,0.03972787057740371,0.9382349209304793,0.006847542999825345,0.00949497631247541,0.0056946891798159835
268,0.09109171337927414,0.8752140136363507,0.0083095476052088,0.011597006198670148,0.013787719180496144
269,0.021007435362810682,0.9388305389848125,0.0320220731114266,0.003977614224846197,0.0041623383161040325
270,0.0545843806284936,0.9125164003382492,0.01601867200857649,0.00918155628280828,0.007698990741872377
271,0.023275684023817085,0.9184059223431932,0.04744771257624245,0.004799450491752558,0.006071230564994878
272,0.014438655624235876,0.9493636723016273,0.02636618511437473,0.005155079684383682,0.0046764072753783135
273,0.05057668189217509,0.8802036361232791,0.043820647458450775,0.014094800443715725,0.011304234082379393
274,0.07098371320805807,0.8982282097945955,0.004568834613169066,0.016350907329205366,0.00986833505497202
275,0.02835203286532043,0.9221750827596824,0.03594974994847195,0.007903184369713786,0.005619950056811382
276,0.02250041840315025,0.9548168905197211,0.010535513941428749,0.0037274111732437795,0.008419765962456098
277,0.026981490048186202,0.938094331950953,0.020400540484304508,0.005001665207576133,0.009521972308980053
278,0.08583901734176942,0.8929472929441334,0.0029785164417187957,0.010713519969164703,0.007521653303213482
279,0.10085953999473064,0.8664333965665589,0.007063573283030605,0.011181494357930536,0.014461995797749065
280,0.11815993724357088,0.7835743206784136,0.022253028654624665,0.013051597577017095,0.06296111584637387
281,0.05108907247826022,0.8792325534650833,0.029383851086967352,0.011539012121567738,0.02875551084812128
282,0.0490863793261826,0.8995702113715497,0.01969632264557239,0.013683311009599191,0.017963775647096333
283,0.15973444762079014,0.19507527355343562,0.050943483712409046,0.042821964314959444,0.5514248307984059
284,0.025808988870836838,0.005371068071597202,0.00011626447376487776,0.005327867760820809,0.9633758108229804
285,0.015201291616827147,0.009312440652910772,0.001945822107805841,0.005258008364392996,0.9682824372580633
286,0.021141643118061635,0.0017831768469729397,9.278212834524593e-06,0.0021822296907558288,0.9748836721313752
287,0.010421242600829484,0.000746326786579931,3.0325866355060762e-06,0.0007056572070440855,0.9881237408189111
288,0.06939399656307726,0.005559539809295807,0.00016044795789433943,0.0022939219669667237,0.9225920937027658
289,0.47007021806339233,0.036763700658059895,0.000766729383399823,0.008119476068295127,0.4842798758268527
290,0.14801039360823076,0.029780312301048623,0.00020515996815897834,0.00642037515964947,0.8155837589629122
291,0.5269630802187689,0.15849392500500398,0.000451996008812724,0.015458142412597202,0.2986328563548171
292,0.3235903476599372,0.5016089885694619,0.0007697580959308201,0.02975586890705629,0.14427503676761375
293,0.21723874902295565,0.6014478472905467,0.000874808452889352,0.09853399541086429,0.08190459982274394
294,0.25363597897118956,0.5756091045380018,0.0003151117184995482,0.14316369676470705,0.02727610800760196
295,0.38365363462379687,0.49969743767293057,0.00019193667865859674,0.0706169641803428,0.04584002684427126
296,0.30278327860670906,0.6130985667937003,0.003104728514082046,0.04743581504246492,0.033577611043043555
297,0.14988484316174275,0.8170655877377424,0.0006328243845022708,0.021727411672911763,0.010689333043100659
298,0.14671334053556334,0.8298793861089309,0.000950095047534037,0.011656784330255316,0.01080039397771631
299,0.3006222994472781,0.6333319742100553,0.0008282831951290223,0.046014013458029045,0.019203429689508576
300,0.04066236911690439,0.9499396805275905,0.0012951621594466105,0.005962194195663253,0.0021405940003952255
301,0.08749704146032188,0.8756888397766965,0.0022919773627508595,0.02323453584270207,0.011287605557528758
302,0.11050513724934052,0.857709722542707,0.0007476501259066294,0.016022776786136467,0.01501471329590944
303,0.04933242022099318,0.9217871489997209,0.002564361410724043,0.021469225246903815,0.0048468441216579184
304,0.05880591317741438,0.914753409805024,0.007793560227522489,0.008019118919748783,0.01062799787029012
305,0.08803483007113296,0.8848146040323468,0.002094261519816891,0.017303678954147524,0.0077526254225559485
306,0.025709807902492963,0.9584588893708273,0.0052096003184739555,0.0077526879895235745,0.002869014418682016
307,0.070770243357836,0.8974002529938266,0.00468763690778484,0.02024284057022741,0.006899026170325047
308,0.03868444114274579,0.9328023014206771,0.010142834746751964,0.00865974882594383,0.009710673863881311
309,0.03628246579910394,0.94355946528457,0.008284195633153775,0.008248246953095312,0.003625626330076996
310,0.15688193191319638,0.8142673456243953,0.0023046310661375934,0.01954356185766703,0.007002529538603653
311,0.018472368811285805,0.926874603835326,0.04820223574495085,0.0035376607779045496,0.0029131308305326616
312,0.12759607901167555,0.8416151620957514,0.005960210468286314,0.012550026728674701,0.012278521695612088
313,0.04128160685408839,0.9485902011664504,0.0016177418545832252,0.0032620298897003256,0.0052484202351776215
314,0.020357494567771237,0.9567540979634108,0.013498283245914252,0.0024411086901586273,0.006949015532744997
315,0.012726646227729498,0.9480010229820447,0.03303352880804089,0.0011653432609002661,0.005073458721284811
316,0.046801393540081976,0.9352732293657147,0.0058467658349799865,0.005470628981193597,0.00660798227802964
317,0.007064015065881657,0.9728431526616831,0.016167045702040653,0.0009630166387055078,0.002962769931689123
318,0.006494809088834289,0.982000898537084,0.007477960000955843,0.0010102973636848455,0.0030160350094409617
319,0.012143028418954996,0.9318898803675252,0.04742507373915719,0.001980668041193606,0.006561349433169054
320,0.013489704698946187,0.8699983104122233,0.10194045690791913,0.003274923207661691,0.011296604773249721
321,0.11167484207330429,0.8543546506418899,0.010331782516081123,0.014538371124397164,0.009100353644327569
322,0.013740376403209287,0.9189861710801001,0.05750716650249413,0.0034246590533166077,0.006341626960879974
323,0.04268104644238973,0.9293134596766186,0.017476487419176207,0.004281344138232489,0.006247662323583138
324,0.030418452298595272,0.9251053764209947,0.030705938341022827,0.004076794337373427,0.009693438602013691
325,0.0255881340301318,0.9143506558417084,0.05475169618757499,0.002743634337081015,0.0025658796035039812
326,0.06968295490330137,0.8647335616360219,0.0517474450480717,0.007348792154065583,0.006487246258539436
327,0.03130539964680871,0.9387026800528718,0.02218488806808746,0.0025618669725587045,0.005245165259673288
328,0.037084708145845115,0.8829373494080881,0.07174947592937614,0.0030721649669213373,0.005156301549769398
329,0.012718045429188802,0.9408121736791483,0.04240381287314705,0.001519520130809894,0.002546447887705895
330,0.018702493551686718,0.903693391965988,0.07208211721069349,0.0010732996955452854,0.0044486975760866555
331,0.00992004028768599,0.79210822512896,0.19376061382459275,0.0010885340704676048,0.0031225866882936652
332,0.015893135549046776,0.953022592956524,0.026509139802412644,0.0014592265883734432,0.0031159051036430754
333,0.006890112721776502,0.738916455385255,0.2503023824559027,0.00084003791803807,0.0030510115190279024
334,0.0030621882638479617,0.2398404376223173,0.7529613312893176,0.0010603509963642618,0.0030756918281528694
335,0.08447885125003234,0.8162034306529707,0.08487631931146448,0.004503826033977577,0.009937572751554847
336,0.031530116619627874,0.7525996458175193,0.20719087269352862,0.002428535169329472,0.006250829699994674
337,0.023471406826070216,0.809722965529055,0.13885537200567383,0.0022256197138047786,0.02572463592539628
338,0.028071311188963416,0.7848387587563292,0.16980219149102596,0.0019783543955609415,0.01530938416812053
339,0.021654604835510974,0.6923156040443279,0.2783052705861417,0.0017858030905146317,0.0059387174435048574
340,0.027665558462222684,0.7947237339299221,0.16812768488674262,0.003217093596241341,0.006265929124871063
341,0.03227933293217376,0.819635588926617,0.13660090634070043,0.0058121327093354595,0.005672039091173306
342,0.010906266309781275,0.6043359161835744,0.37390243463389833,0.0032569134148576393,0.007598469457888353
343,0.018052266779756083,0.5850546778584796,0.38508736837561697,0.003726755789427791,0.008078931196719635
344,0.069510215949012,0.7767127969917449,0.1368079992661354,0.0067215818197604565,0.01024740597334739
345,0.025282015658795155,0.7769786033030612,0.1723151054130888,0.004703390138925652,0.020720885486129
346,0.020094496078391262,0.6403517751256547,0.331345670861035,0.004142712392495015,0.004065345542424012
347,0.013819626031513729,0.600232216825394,0.37945535902107236,0.003075800860279945,0.0034169972617400513
348,0.013238766441744662,0.6094774184581782,0.3675262080150816,0.0038589600583550546,0.0058986470266404745
349,0.03438234461257444,0.8158266396038737,0.13732281894562445,0.007290279674651501,0.005177917163275905
350,0.02673795740118594,0.7752593644953053,0.17916001292282832,0.00963386557629003,0.00920879960439043
351,0.00517476862488543,0.45457880948694346,0.5325093190361535,0.005425683597891456,0.0023114192541261675
352,0.012167247370189965,0.5601834439841874,0.4104950512281989,0.008286190520713508,0.008868066896710245
353,0.017973698963148085,0.6146659606969965,0.35952119876140115,0.004353911259745393,0.003485230318708772
354,0.010809599505027197,0.35511399817757405,0.6242302022192984,0.0049232366247248215,0.004922963473375672
355,0.02338812423174524,0.6440813124011447,0.32380175381597076,0.005467989178130918,0.003260820373008429
356,0.031923308738428385,0.7762379663015607,0.16020050624728085,0.01448823550780666,0.017149983204923485
357,0.026371740551463334,0.781838755511783,0.17933687916792249,0.007492707322074308,0.004959917446757038
358,0.03244543039547929,0.8163938915894271,0.14021834634449168,0.005045268228296252,0.00589706344230561
359,0.011929939210886155,0.6085618811913972,0.3728016346090678,0.0037510246403450183,0.0029555203483038832
360,0.002235008872693477,0.23772764607820412,0.7573477754323489,0.001234693203498546,0.0014548764132549647
361,0.008182549250623814,0.5548654402449791,0.42745795152482724,0.0038641377073198144,0.005629921272250166
362,0.0038523100500472865,0.28223545832261665,0.7085140390895547,0.0038965407019083856,0.0015016518358732254
363,0.022347028525105117,0.7727560638249071,0.18066947854213086,0.014079474266781767,0.010147954841075202
364,0.019714311654200223,0.5622623717214043,0.3997150488704642,0.013402593747044448,0.004905674006886877
365,0.01666423905761628,0.5300679539579579,0.430435834710292,0.014837924385821486,0.007994047888312195
366,0.028978782610561717,0.6042605716878132,0.3535016766285219,0.006838400773210212,0.006420568299893058
367,0.31935307393709217,0.509062070159621,0.00758593988496077,0.09660096240169017,0.06739795361663597
368,0.06199517420846122,0.8495448500474572,0.05494175966880832,0.011550127735753197,0.021968088339520388
369,0.1376186821678331,0.7676516585630049,0.045236385428880616,0.009837103590534675,0.03965617024974671
370,0.06348412315639777,0.8917629154415841,0.019103112625964862,0.006198274328918497,0.019451574447134513
371,0.1354221047665754,0.7992971424378953,0.01434985608212732,0.01259026172814215,0.03834063498525977
372,0.0766655413333697,0.8702000607359415,0.026298650794701218,0.00968355430516416,0.017152192830823473
373,0.09856403566755721,0.8593554184111164,0.01327437347906339,0.0104526318659723,0.018353540576290798
374,0.2562813227429035,0.695961343044604,0.009388057835208944,0.015581643308601652,0.02278763306868187
375,0.12229819048962746,0.7896555147649692,0.0747283997730297,0.007301864948536915,0.006016030023836691
376,0.15467142516444224,0.8046279627198251,0.01153956594230842,0.009746566147550659,0.019414480025873496
