epoch,N1,N2,N3,R,W
0,0.006843082539220876,0.0018922194009188002,6.199870171078671e-09,2.7085377904387175e-05,0.9912376064820857
1,0.0023132960480211325,0.0007702495059699293,0.00041202474668199763,1.239496466145758e-05,0.9964920347346654
2,0.00021495685854697544,0.0004019682500035064,0.0006317934334648665,4.468161942174483e-06,0.9987468132960425
3,0.0008781963547320274,0.0005071972242786897,8.685299197031267e-05,1.1250213926999766e-05,0.9985165032150921
4,0.013859974775299263,0.0035468959324922176,0.005544384975818846,6.460238480058712e-05,0.9769841419315891
5,0.005357205844174709,0.002357475027402844,0.00023190671678996865,2.9218966790072685e-05,0.9920241934448424
6,0.05709737277865972,0.017030804901148992,0.00256845854069444,0.00015138325204501832,0.9231519805274517
7,0.008542071282456777,0.013664485818974892,0.0015403015791170128,5.4896174147162386e-05,0.9761982451453041
8,0.0681194318219888,0.017722217012550612,0.0030217509807132278,0.0001953222107945098,0.9109412779739529
9,0.013708605485433144,0.007560541105915958,0.0007460230708135893,9.18187094886229e-05,0.9778930116283487
10,0.00721246618969577,0.0027913010846065877,0.0016564121742537973,1.9848325870851127e-05,0.9883199722255731
11,0.01901572120606728,0.012357409644754102,0.005624394484164429,7.446886242223923e-05,0.9629280058025919
12,0.011805908781453121,0.005914398743639195,0.006329733680290666,0.00047419748414208464,0.9754757613104749
13,0.010327522457440388,0.005452440719564727,0.008963459901997236,0.00014968851244802196,0.9751068884085496
14,0.00824637352706131,0.008355912415965297,0.003358439296307973,0.00040445278481328524,0.9796348219758523
15,0.01589527022426994,0.015805851048326398,0.004953654247181443,0.00035292872699978087,0.9629922957532225
16,0.021092816230076823,0.021440141487897985,0.013685110637627914,0.0003461397445205115,0.9434357918998768
17,0.015275243853909338,0.019209811763467692,0.007464671550834564,0.00040685717995102055,0.9576434156518373
18,0.051921731000871496,0.048193068656528316,0.027972388149569746,0.0008036398948593297,0.8711091722981712
19,0.025881808250843023,0.024721938274489562,0.008138433254370026,0.0002189561488579422,0.9410388640714394
20,0.021874397365451447,0.01806127964613737,0.024593442339846235,0.0006338057197870671,0.9348370749287779
21,0.010327032797755133,0.006005435503850335,0.004693573354877141,0.0001252814491200687,0.9788486768943973
22,0.024642644096489873,0.007484665927657796,0.0021712142315308395,0.00019574962297811202,0.9655057261213433
23,0.020263983096835074,0.006751720068216591,0.00043251328113664195,0.0007988603868197036,0.9717529231669919
24,0.005635057992198865,0.005017627455246631,0.00032052478911109286,0.00017518780813943947,0.9888516019553039
25,0.01989719055797021,0.005889571778410692,6.078660794188488e-05,0.0009719775303315034,0.9731804735253458
26,0.0077054668420573165,0.002140913463351357,0.000819708380173319,0.00010389741800309074,0.9892300138964149
27,0.00354221313053608,0.0011974858557177723,9.008101413902245e-05,0.00011092881414005566,0.9950592911854671
28,0.0014963021672875425,0.00039799499426397447,5.623406203085997e-05,3.4555781254279284e-05,0.9980149129951633
29,0.001516479970817079,0.0005872852315877443,8.570123838351864e-05,2.852721367503579e-05,0.9977820063455367
30,0.0023648057679082125,0.0006562035491569339,2.1754158837955425e-05,6.50084095639805e-05,0.9968922281145329
31,0.0011546890065967448,0.0005142183595751629,1.4257440333087532e-05,2.0206795419065475e-05,0.998296628398076
32,0.00566029318728438,0.0019029444872370065,0.00027503907559526,0.00029534456239103935,0.9918663786874923
33,0.0005615180655706769,0.00011343109807495769,1.3207282391626143e-05,7.396864883558906e-06,0.9993044466890793
34,0.0017846097570675453,0.00023060957158097323,4.34376168640956e-05,1.9388055077569975e-05,0.9979219549994097
35,0.012061348568452016,0.0010292467031966619,7.561962606731795e-05,0.00011336487484301129,0.986720420227441
36,0.009253052951027557,0.0009698585582095839,5.5885449732549674e-05,2.8349378784803073e-05,0.9896928536622455
37,0.004130058529775882,0.001606527339609341,8.091442145407633e-05,7.045789272406842e-05,0.9941120418164366
38,0.014824308944829983,0.0024265613130009115,6.139540804746847e-05,0.0002425698043094929,0.9824451645298121
39,0.0200612612734255,0.0070436318234966405,0.00011425262436294633,0.00035188065443956244,0.9724289736242754
40,0.002020027954522001,0.0019972963047593397,0.001637108351933927,7.270606363971316e-05,0.994272861325145
41,0.0009859451382329774,0.0008366769177030142,0.00010109536138703173,2.5205304548602584e-05,0.9980510772781283
42,0.0116553633377441,0.002938172342353086,0.00022098938971032022,0.00011282108769568417,0.9850726538424968
43,0.010797266185395574,0.0037194593197207226,0.0004364041551492081,0.0001150490939842634,0.9849318212457503
44,0.008572612679675996,0.0016309818878065439,0.0001475651164828015,4.87743408029561e-05,0.9896000659752316
45,0.007849154379814096,0.0035737413296124056,0.003044840788150712,0.0001432670095202118,0.9853889964929027
46,0.0016812710632856118,0.0006305660494936213,0.00010458789835827546,2.4123742816372895e-05,0.9975594512460462
47,0.005191639314012363,0.0017486895704864128,1.8304164947012e-05,4.347694772182274e-05,0.9929978900028323
48,0.0011543741208104644,0.00037471532602241915,2.1458033259615965e-05,1.1868341186031605e-05,0.9984375841787214
49,0.006471424393962536,0.0011007984678570476,1.8206201605727147e-05,3.759047172821825e-05,0.9923719804648465
50,0.0005887609528248473,0.0008032895306869067,0.00037668971129131836,9.425519027585356e-06,0.9982218342861693
51,0.013659802987770548,0.006102802120423917,0.00011906576542188873,6.893954112591949e-05,0.9800493895852578
52,0.018431524808128655,0.014196555670424424,0.00022418151267097888,0.00010397821679573547,0.9670437597919802
53,0.009866083221826654,0.017970839563936684,0.0008875674592072981,9.896615497316722e-05,0.9711765436000561
54,0.0966672758873414,0.03261074036011295,0.0008116667450165444,0.0001957703342539673,0.8697145466732752
55,0.0323574069175444,0.03261507939654241,0.0012306948128328714,0.0001095329079736054,0.9336872859651066
56,0.08984725338846862,0.062374805980532994,0.0018185801228135976,0.0006597462038101594,0.8452996143043746
57,0.19849437694099928,0.18939170948524833,0.02068141728389496,0.005902427448661008,0.5855300688411964
58,0.05819652790616092,0.13959110994682705,0.009632759121300617,0.02472285060348337,0.7678567524222282
59,0.08489434336625754,0.2694394464231018,0.02021630792280115,0.021369372777124092,0.6040805295107153
60,0.1047547461302205,0.3403322857103784,0.043572240486303475,0.019901116697542635,0.491439610975555
61,0.17154698272355495,0.37091146275408116,0.008360608213607124,0.011230949498346002,0.43794999681041097
62,0.12854551027072186,0.350006031070509,0.028546165685793642,0.006381101709173556,0.486521191263802
63,0.16201668044858378,0.48493789654668384,0.018444982683696647,0.007608215118642605,0.3269922252023931
64,0.05149218912013476,0.6256619447095493,0.05981063101077999,0.0022753049624935386,0.26075993019704236
65,0.12507691963710352,0.571963275119209,0.04917532671208599,0.013287638561357581,0.24049683997024385
66,0.14888657983469947,0.3303254065753547,0.016370976750855054,0.0064273913292172405,0.49798964550987346
67,0.08166777944871964,0.5574427144112297,0.03815716342003927,0.008485962876726375,0.314246379843285
68,0.07228057604176695,0.5465199796730675,0.02616419228001477,0.007602726702834708,0.3474325253023162
69,0.11980212267854938,0.5120671367932994,0.020886565499677243,0.005705106369207995,0.3415390686592658
70,0.14035320615030644,0.4633353059374218,0.06835342499888454,0.015855805759524704,0.3121022571538626
71,0.20349828488238453,0.30833930612447086,0.00859233260885409,0.012551476694890025,0.46701859968940035
72,0.1978340352013915,0.5425506754655576,0.06482158713494293,0.009713046662824583,0.18508065553528327
73,0.025123859251121462,0.03659178038606841,0.00024459452480513294,0.0016724309381521167,0.9363673348998528
74,0.07597211766564621,0.08985109742837503,0.0006584265255610632,0.002916174975686663,0.830602183404731
75,0.034855027782427925,0.027221210265764142,0.00044253206692683016,0.0008271562451098042,0.9366540736397712
76,0.058678680245907854,0.0774570552343352,0.0008554724181951318,0.0008809967717498749,0.862127795329812
77,0.004036757282870799,0.007118916300931376,0.0016671330574311565,0.00010316963488441213,0.9870740237238822
78,0.013388725169915424,0.007940429167657418,0.0007078023471625588,0.00024560612055419276,0.9777174371947105
79,0.0007898808565924503,0.0005143270149601403,8.61671077298506e-05,2.6088210394599127e-05,0.998583536810323
80,0.0018758260615081928,0.00024358215272353748,1.688772831994144e-05,1.2142266249889352e-05,0.9978515617911985
81,0.14234151463082442,0.0028799753628679045,9.49402914074476e-05,0.0002432641001271878,0.8544403056147731
82,0.027861270084005796,0.0032522959147453516,0.0005364264148309272,8.036600822387321e-05,0.9682696415781942
83,0.3191956116093091,0.025161125918937925,0.000214499120254847,0.000535155154582075,0.654893608196916
84,0.22708714626460033,0.08191562127591037,0.00037500671384096577,0.0076556515862009344,0.6829665741594474
85,0.09831139754337888,0.060286905176587774,0.0002654631446269922,0.0022844882200004995,0.8388517459154059
86,0.2641469022665496,0.24658047600761843,0.0011494284185454586,0.014499618713210486,0.47362357459407606
87,0.20761124857891125,0.0710380603934649,0.0016493433097876625,0.004386230985827818,0.7153151167320084
88,0.027082498364725906,0.04640145268239711,0.0012431348718266234,0.002120262494257291,0.9231526515867932
89,0.03005587316626989,0.039243852304129904,0.0018779485104348471,0.001345803360948719,0.9274765226582166
90,0.150238875836664,0.03278245099500233,0.000374435967480334,0.0017436815142238768,0.8148605556866294
91,0.055555978844007446,0.035962762157084466,0.0014991127642304683,0.0009976033781252701,0.9059845428565524
92,0.2174651038742062,0.150337792299271,0.008392041431273001,0.0053628391349401835,0.6184422232603097
93,0.127777466830197,0.20403044137929843,0.008433498479876785,0.005029887429691834,0.6547287058809359
94,0.10949624142244396,0.1825525504049582,0.009724817448584368,0.03576630792142883,0.6624600828025846
95,0.06114601307946235,0.07498113973112841,0.0036205116369524516,0.0034889195428861775,0.8567634160095705
96,0.046821979693208386,0.10788212245238228,0.005234389573661996,0.0026458323182563933,0.8374156759624909
97,0.13813628625819632,0.16854954649778772,0.005518056127908082,0.002108227561122736,0.6856878835549851
98,0.16886765255084202,0.41615283803133835,0.010831691672213293,0.0033907006158934105,0.40075711712971285
99,0.12062891418822574,0.39328847975093256,0.009199318877984999,0.004845149292077421,0.47203813789077925
100,0.049887685009481146,0.09422201451941134,0.005354779393107016,0.0017687064501738054,0.8487668146278268
101,0.010662247209822596,0.05669430298876115,0.006107415020968611,0.0004992968288758311,0.9260367379515718
102,0.004331682865880952,0.010164688598227464,0.0014929085659803787,0.00013799531921281614,0.9838727246506983
103,0.004424401495684997,0.0023421320038902456,0.00023340210406295905,5.5959553701984786e-05,0.9929441048426599
104,0.05543262896671345,0.01103436206891288,0.0002285239358945896,0.0002697454507036337,0.9330347395777755
105,0.13276328485488098,0.025064478876050775,0.0009722197584059073,0.00157721761253239,0.83962279889813
106,0.027748686581929395,0.004938490967277433,7.286412593624166e-05,0.0007363255791306355,0.9665036327457264
107,0.1817260461078315,0.2409650191991565,0.0009563384407547076,0.02123309501661603,0.5551195012356412
108,0.08501569943235575,0.049637897827772816,0.0005460086301013797,0.0030385744612482276,0.8617618196485219
109,0.08475998310060459,0.05340362771995785,5.697952821675429e-05,0.004246645295646728,0.857532764355574
110,0.030427454478498258,0.014712689827767104,0.0003352466757759586,0.0006280181220075329,0.9538965908959511
111,0.11403552673675012,0.027026493920446665,0.0001680167218656754,0.0015885790571671286,0.8571813835637704
112,0.3363744398952778,0.07031620640681029,0.00016472280489768134,0.004135756186098057,0.5890088747069162
113,0.029731436666473803,0.033274159543481605,0.00033821686290163433,0.0005758210094735943,0.9360803659176693
114,0.2801726585624452,0.20040553931844168,0.0013017430647759094,0.005196071412985805,0.5129239876413514
115,0.2602251604314487,0.6429082011689508,0.00558924808319763,0.00902739640960145,0.08224999390680147
116,0.034424767970149255,0.06273046416608583,0.001479275433656869,0.0009922456501898754,0.9003732467799181
117,0.12189425100832958,0.6478050443057246,0.03842033772164226,0.0038498768440414933,0.18803049012026202
118,0.05950379833664614,0.8350184932607555,0.04220624436987036,0.003428552294383927,0.059842911738344114
119,0.14083792335686607,0.7193181650473768,0.007028424258926495,0.0037814782569749383,0.1290340090798557
120,0.10752020042075476,0.6761276581684074,0.04547602093048609,0.00193572946899276,0.16894039101135894
121,0.045612328983590786,0.7813486995668194,0.12777159012074074,0.000779938409587981,0.04448744291926104
122,0.07443826560765285,0.8152975248435506,0.0630076544761924,0.0009719498173132228,0.04628460525529098
123,0.04409788831128404,0.8591510813997446,0.047960560871263845,0.0020430557989288742,0.04674741361877862
124,0.020894585989105294,0.8110868527486402,0.14498533364353813,0.0012588180763839665,0.02177440954233227
125,0.02397925224867327,0.8496017201185371,0.10157590295776754,0.0014020540049318408,0.02344107067009057
126,0.036478836177057085,0.7035278149502626,0.1866706879694828,0.005050428798098482,0.068272232105099
127,0.09387169693370409,0.7310298880798113,0.05995299179533575,0.004856386248360003,0.11028903694278895
128,0.15817170303327802,0.45768997987820004,0.07425798297016876,0.021324128119674865,0.2885562059986782
129,0.07185091430211385,0.2353220955764088,0.00477477372635629,0.007125257781127214,0.6809269586139938
130,0.07824041506145009,0.39868147419230227,0.01311794291475757,0.0018354494539256693,0.5081247183775645
131,0.04083029988018284,0.24014138869750792,0.00771593639562324,0.005852375943546845,0.7054599990831392
132,0.022423139555881006,0.16797316443781773,0.003572773322612774,0.000806448383771963,0.8052244742999164
133,0.0036477836075538617,0.023154002731861256,0.0042118469175994105,0.00013374201938215285,0.9688526247236032
134,0.013842899869720392,0.028511181060981935,0.004673903203258618,0.00015933464569366096,0.9528126812203455
135,0.03498497303535121,0.03058014171977779,0.006347921488723242,0.0002836854128156112,0.9278032783433321
136,0.12016414631459084,0.0410515064153728,0.0022770224343848493,0.0007124398878504818,0.835794884947801
137,0.08415874190732339,0.12689570678917902,0.006835113267277531,0.00142267622865974,0.7806877618075604
138,0.07653269337669744,0.10686389000714876,0.003598217600952321,0.0009459563298841243,0.8120592426853175
139,0.11059556730783034,0.05506562791407639,0.0008146776219499742,0.00271705048857616,0.8308070766675673
140,0.03773150057133975,0.1025857242502831,0.005271349968695118,0.0006211358369948941,0.8537902893726871
141,0.09372358238444371,0.8299110649559097,0.03520943249214192,0.002716891625558483,0.03843902854194614
142,0.04598055686983486,0.09877270074071032,0.001699283540812547,0.0008664068793380429,0.8526810519693041
143,0.10688928858759555,0.5477321860029694,0.009378263732711637,0.0053870743826514,0.3306131872940722
144,0.02868609403773127,0.0842736804496671,0.014477571342178346,0.0006523692143505155,0.8719102849560727
145,0.19592700718719258,0.3859395277847267,0.01880417966518672,0.0016188801518317664,0.39771040521106227
146,0.17464933164549856,0.45305790945801155,0.04597104480009132,0.004665399970653187,0.32165631412574563
147,0.16289285077149052,0.6825698795178605,0.04642335377968419,0.0035364362832972407,0.10457747964766753
148,0.18224674794976423,0.6563277330874726,0.07382770142915984,0.006383032557536521,0.08121478497606681
149,0.10539211555266446,0.6276587069094395,0.24561796183992443,0.003686281596402407,0.017644934101569216
150,0.10166659824715775,0.7054912783450273,0.17233123189388547,0.0025277415169260684,0.017983149997003303
151,0.013166661198198211,0.527762149792744,0.44107160954604624,0.0022149853667574127,0.01578459409625405
152,0.01026414320776501,0.2571274896133409,0.7239416827352295,0.0010178234037150327,0.00764886103994968
153,0.043204557918852346,0.5254263242696224,0.3988760765322794,0.0023142157154952664,0.03017882556375053
154,0.002913971517714385,0.3703471686716898,0.6225613407820347,0.0007160283180861353,0.0034614907104748094
155,0.09068004596023778,0.531773127576292,0.36390297327501575,0.0019671093175206845,0.011676743870933861
156,0.014246290343017923,0.6570318564153517,0.3206001477233468,0.0007517879519288559,0.007369917566354704
157,0.010979035356440164,0.8051492373760017,0.1794993149082815,0.0005571404583840468,0.003815271900892501
158,0.007801736861664788,0.54299138052744,0.4450496544073233,0.00023844747082490167,0.003918780732747019
159,0.013247575431975389,0.4770654733043381,0.5019252270618698,0.00020737598608422752,0.007554348215732488
160,0.02169188405882975,0.6182677512326676,0.34367241446841174,0.0004770460828081122,0.015890904157282934
161,0.021096618952660982,0.5126426130040597,0.44829470461779064,0.0004894888102098373,0.017476574615278857
162,0.036254642760352604,0.48131796690557865,0.4753510028788018,0.0008643744767264523,0.006212012978540579
163,0.014312718813828838,0.6818414756183409,0.2789584984590681,0.0010683855214933405,0.023818921587268765
164,0.003214668739032825,0.6467349311841939,0.34213706645340164,0.0007092092924597142,0.007204124330911957
165,0.006370914392785356,0.3553401188871651,0.6285887218329752,0.000638318506082252,0.009061926380992047
166,0.08981480314852135,0.17167121867220356,0.029685659876962037,0.002897963786780701,0.7059303545155323
167,0.07468098135798701,0.14855953383720658,0.02076069804910104,0.003962663836085136,0.7520361229196203
168,0.2194744801804605,0.3770616699454157,0.012595807441200523,0.009144147288979936,0.38172389514394334
169,0.21912150449334797,0.08509577903966216,0.00246788918793548,0.002573386539328498,0.6907414407397259
170,0.21821219047860485,0.45677482926480284,0.009244360797179977,0.002897807783357681,0.3128708116760545
171,0.13803112163671633,0.30994070237946264,0.01098887942614106,0.0010952856824232992,0.5399440108752566
172,0.1465455552210076,0.4269688940588444,0.004164332381973166,0.0028223488436048623,0.4194988694945699
173,0.14114230470782343,0.5669703374634254,0.012310703902459239,0.006969584206702538,0.2726070697195894
174,0.11260872071363943,0.4251166996580355,0.009075433448455416,0.007484117646685439,0.44571502853318423
175,0.12179105481027644,0.4547397523672648,0.011691352101100881,0.0032235770296187138,0.4085542636917391
176,0.04780885812122358,0.06812089405914358,0.0015523091901780387,0.0007023161591413392,0.8818156224703134
177,0.23657961098863206,0.48343877374750166,0.005534951056669543,0.006201079110879491,0.26824558509631724
178,0.3019664365114669,0.6089772488789315,0.007700484076814321,0.010092442124935427,0.0712633884078519
179,0.049607429233961615,0.9053824328036819,0.021718324205259418,0.0047583910494741356,0.0185334227076229
180,0.23281933269681862,0.453507239271963,0.005432364979078839,0.01779023450377439,0.2904508285483652
181,0.1828162989416458,0.3926954472848391,0.03161059023682141,0.009189879390429997,0.3836877841462636
182,0.04776516847070294,0.8286110324361625,0.06893845378445186,0.003409489104179437,0.05127585620450329
183,0.11271803613903439,0.7493026781939014,0.06762743574640756,0.005134838051486054,0.06521701186917073
184,0.034837147959085664,0.7386934594731818,0.19842854502019344,0.004081898674964643,0.023958948872574493
185,0.008627925046839489,0.6163744562057104,0.36257939168135594,0.0036742489202101426,0.008743978145884002
186,0.034382600239251764,0.673214193693613,0.23202381159976446,0.007336793520973526,0.0530426009463972
187,0.048207829739990764,0.5779103784485017,0.2994416720343279,0.006987540911806864,0.06745257886537284
188,0.07847803296424305,0.7381939883408624,0.15631939817944912,0.0052151116922522734,0.021793468823193284
189,0.023235503804361783,0.6928008547573362,0.270456701059091,0.0025198987849617263,0.01098704159424934
190,0.01589483073176356,0.8402246574430585,0.13203183832126814,0.00405396195059398,0.007794711553315659
191,0.002844840742657435,0.6940578587888356,0.29871235691088543,0.002246964074580738,0.002137979483040861
192,0.007911391229404976,0.8357983257523209,0.13525664683266805,0.0030629169431954932,0.01797071924241045
193,0.021327005950135442,0.8388277344131603,0.11630284864634634,0.00454965746133528,0.01899275352902243
194,0.0391831818348043,0.8267920268071849,0.09765813235451867,0.0054737775109000315,0.03089288149259206
195,0.02806534529917455,0.7945288551540355,0.13933665949417004,0.0026203390375167885,0.03544880101510308
196,0.11453168215821126,0.6179380344308346,0.04178529206031864,0.006279280939962281,0.21946571041067317
197,0.07507151432416045,0.2625638305191815,0.02530822187220736,0.003722814168149923,0.6333336191163008
198,0.10964750925177012,0.616345647460031,0.035836041125958513,0.008184424502280433,0.22998637765995986
199,0.12051518183430844,0.7973159415733034,0.028456746101652056,0.005957582776763971,0.04775454771397218
200,0.13681328106324714,0.6274220564860176,0.014163166168276783,0.010753901030315037,0.21084759525214322
201,0.11455489921923954,0.6264517671203103,0.005009573771802528,0.0208157053639985,0.2331680545246493
202,0.16671663338870335,0.41341518055162885,0.006161603449711912,0.012620214481944914,0.40108636812801096
203,0.0579590781948837,0.11515064468074056,0.0008154178340753225,0.0026476574195107784,0.8234272018707898
204,0.21539639645813313,0.6158140073295014,0.014163466993122048,0.005313781891973803,0.14931234732726956
205,0.24591806103721045,0.47039749107152035,0.0030675946523160374,0.017349817110344484,0.26326703612860863
206,0.1615847484349098,0.6267092797453551,0.029064744031171742,0.012564410428984782,0.17007681735957852
207,0.11223811461580785,0.40972710972252135,0.010828857289599852,0.01849377152652384,0.4487121468455469
208,0.08667580469023838,0.20621404522099038,0.0016825223704752623,0.0198110766389006,0.6856165510793953
209,0.0839233331239184,0.8264509863307143,0.01253638413426243,0.019501341736591852,0.057587954674512935
210,0.1335549403970267,0.5951941862821,0.005307703553607138,0.01695394492119223,0.24898922484607397
211,0.08732598290336482,0.439718640149194,0.006589908416880559,0.008592564834350377,0.4577729036962104
212,0.008860445198981897,0.014311368347383767,0.0003025298735611253,0.001602345683854237,0.9749233108962189
213,0.04029654150157552,0.10795041234777832,0.0005439537893054972,0.0019774944990173975,0.8492315978623233
214,0.1697563124154256,0.27345300833769304,0.003428550685759237,0.004138393513026616,0.5492237350480955
215,0.3679555233494636,0.19519867975797586,0.0010229510067382732,0.006803683567379437,0.4290191623184429
216,0.1135402969926915,0.528689836486925,0.003213571648426396,0.013640910943152368,0.3409153839288046
217,0.13789542506208718,0.2834374870952595,0.005515772057297216,0.013172411815921043,0.559978903969435
218,0.16501564630010795,0.5373792834084559,0.010812354396863918,0.03487119406179247,0.2519215218327799
219,0.21267590606650313,0.42795642656546096,0.01630078159163022,0.04644434235171122,0.2966225434246945
220,0.12244620422075428,0.23545170498864787,0.012469822526795108,0.026277233609850265,0.6033550346539525
221,0.11607718956534165,0.14598878127031628,0.0031485396306979675,0.0034665471390260875,0.731318942394618
222,0.1439667431145788,0.2755690739180238,0.019553219079561278,0.009000300168873569,0.5519106637189625
223,0.17632019148271696,0.15139017724526982,0.006658183364579347,0.007595367210177903,0.6580360806972558
224,0.2595157309720912,0.517269276212501,0.017922481988620554,0.009647136285541992,0.19564537454124528
225,0.2144177613290509,0.18637064909370357,0.004337935015504841,0.019257008801296972,0.5756166457604436
226,0.2904374408700372,0.47261648507521675,0.003284427516905489,0.026190528742498716,0.207471117795342
227,0.10189238906898526,0.6133200096349668,0.016934051395681337,0.0309221046948705,0.23693144520549617
228,0.08455750093571597,0.7853621296445126,0.008535724552545637,0.03136486167692585,0.09017978319029973
229,0.1044780955983583,0.3792414986787953,0.009316296678897818,0.15761343117133103,0.3493506778726175
230,0.12638571345556415,0.15030844446328595,0.004520053384020019,0.13878015457759996,0.5800056341195299
231,0.07803518635734684,0.6467154976536588,0.011806696117114943,0.0900644311271564,0.17337818874472322
232,0.037675041860385255,0.07770351571707362,0.001339333597290358,0.014090250247245377,0.8691918585780054
233,0.20390509552386746,0.4723473534952453,0.001561771858032807,0.14148181063485232,0.18070396848800202
234,0.08322203775619111,0.05552945820369629,0.0004966921208087005,0.018325184082756765,0.8424266278365471
235,0.1742619911461656,0.05901436611042066,0.00030494691044236896,0.05788349482187652,0.7085352010110949
236,0.34673637250354017,0.04429115145030694,0.00022965394564488148,0.038259558246539906,0.5704832638539682
237,0.019737337690817983,0.009150015801145885,0.001120103077794503,0.00234709812616984,0.9676454453040719
238,0.1577637642060925,0.018820934181063502,0.00023187816440499976,0.014076313485101691,0.8091071099633373
239,0.12709425629817925,0.0309477854367213,0.0018846229337034215,0.008263203353805624,0.8318101319775905
240,0.04475176399885943,0.013229885383896686,0.0008559611233234694,0.0033125814876972994,0.9378498080062232
241,0.009288250927827434,0.008721303625393969,0.00036963064960754513,0.0027286423805169507,0.978892172416654
242,0.01618122652817516,0.007256232640075303,0.0003177459880926276,0.003310305672081461,0.9729344891715753
243,0.03664337618725765,0.012928968135614078,0.0010376282154311784,0.013138242381819522,0.9362517850798776
244,0.01954105766617974,0.013543537708987861,0.0007225766764565184,0.010108915219370324,0.9560839127290055
245,0.03232129196397307,0.016744056357173524,0.00026998583961864255,0.017106557355916163,0.9335581084833185
246,0.18315432968578924,0.2545554953471773,0.0028752086102506536,0.03183832462953427,0.5275766417272485
247,0.07686734901766176,0.0674000036922195,0.0009658035121962853,0.040117333297918154,0.8146495104800043
248,0.2546451454868284,0.14282569054474925,0.0004855403900086678,0.06868881500350331,0.5333548085749104
249,0.4213901016291027,0.11884582558175803,0.00029188832483554623,0.1984479296374323,0.26102425482687136
250,0.17797027965897358,0.015865865016378544,5.606716558696636e-05,0.010635792536041777,0.7954719956230191
251,0.17263421884611427,0.04112651540750662,0.0005404296927170173,0.03741873931410265,0.7482800967395594
252,0.22080827354885446,0.11216469629412515,0.0045245512402142815,0.21069174288796227,0.4518107360288438
253,0.08330724087706924,0.04823501596428034,0.002926992031455367,0.03117236946736242,0.8343583816598326
254,0.16573741804457898,0.0671118087893827,0.0022288744309846378,0.314803168531476,0.4501187302035777
255,0.16001906011308473,0.22235524560713615,0.01389160840964288,0.49437753574433163,0.10935655012580467
256,0.1129140834384692,0.08637082037654627,0.0022811979152317155,0.28307376511312643,0.5153601331566263
257,0.07308479219173736,0.0637496708740368,0.007117638657344878,0.34064259742816777,0.5154053008487133
258,0.12601401183009936,0.02803628234001826,0.00248697156122904,0.356540295518035,0.4869224387506182
259,0.09984879348969268,0.07168979191817655,0.0004252292326997961,0.4087349397333558,0.4193012456260752
260,0.10520941294421111,0.04082177031298119,0.00031442162205483636,0.3548109435806051,0.4988434515401477
261,0.12340044481499274,0.01904145626669666,0.00019657931449280422,0.5141396621789042,0.34322185742491357
262,0.23703970854582546,0.015837393139552847,6.229272205434658e-05,0.3352695028034331,0.4117911027891342
263,0.07837727277357343,0.009412124476754416,5.773935559568298e-05,0.6693734503403594,0.24277941305371706
264,0.02924992271240593,0.016444392651463018,0.0018622545409574531,0.5194474480273866,0.43299598206778683
265,0.05398902016336684,0.004115057405040684,0.0004582043114359163,0.20056777777878548,0.7408699403413711
266,0.11847436161515229,0.015856986277700838,0.0007297797018928438,0.6018278855030157,0.26311098690223833
267,0.04260291426644003,0.006679286297926332,0.0007752682417043118,0.7501638487533083,0.19977868244062105
268,0.020539521304444357,0.006450561902190586,0.0006181754286170219,0.8040099711485138,0.16838177021623424
269,0.1719781038066574,0.03431018322609754,0.0001041273115612622,0.6671016407419226,0.12650594491376133
270,0.14299568352491646,0.04107120059074969,0.0001740414899509049,0.5396365386235382,0.2761225357708447
271,0.24457662210589537,0.010266458667298051,0.0002912994413085206,0.4482149735976003,0.2966506461878977
272,0.11785574578772107,0.009272317969024765,0.0007784120490581684,0.13337337683608813,0.7387201473581079
273,0.21350501178392908,0.025942434709713816,0.0029871948497741728,0.3053070893457096,0.4522582693108733
274,0.1421184188240359,0.023503727965240546,0.0035898168981395562,0.28169788417338015,0.5490901521392039
275,0.035200089677677196,0.012814669767810899,0.0007039861924246024,0.041379328478441724,0.9099019258836456
276,0.02442238589380121,0.011628634109947501,0.0006954222116638015,0.01365623504217375,0.9495973227424137
277,0.06956489657972892,0.009722312963652299,0.00038422591147645733,0.01680202476129465,0.9035265397838478
278,0.15323044608812425,0.015148478770856613,5.110058803866984e-05,0.05445224283364989,0.7771177317193305
279,0.23746377718070233,0.026606623936477964,0.0013299400616890251,0.059958825210780796,0.6746408336103499
280,0.043039314622539473,0.010784237295941359,0.000320681073089062,0.060259733217958564,0.8855960337904716
281,0.3343830933915193,0.035213807328852466,0.0010776222780748378,0.1732286037842939,0.45609687321725945
282,0.07859207695949906,0.022530788285938252,0.0015134398235153441,0.06152565709526376,0.8358380378357836
283,0.03021130969537486,0.006663335709477351,0.0007476158964354059,0.04008108575296214,0.9222966529457504
284,0.18743102434576459,0.05691985927850503,0.001747021748820495,0.35255642791268843,0.4013456667142214
285,0.14629733155179916,0.0932753001122591,0.00043750302825520276,0.6325751221470124,0.12741474316067417
286,0.05797197114995278,0.013610978561903363,0.0004838846117335927,0.23613938733538073,0.6917937783410296
287,0.09497134295168855,0.011639501680376496,6.510695164980949e-05,0.12444301729179298,0.7688810311244922
288,0.021000350714385458,0.0024505610081779956,0.00017086100559086682,0.1249963724929049,0.8513818547789408
289,0.03038650525543155,0.005458128749688251,0.0003742994054560749,0.04933772157045601,0.9144433450189682
290,0.09091588956237412,0.009898432636719374,8.750508817956728e-05,0.16546462033183304,0.7336335523808939
291,0.06312845899757172,0.00933010132982036,8.094124995477211e-05,0.03580587848029643,0.8916546199423567
292,0.19477805684004804,0.02106889285557034,0.000847755962183306,0.06587435361970834,0.71743094072249
293,0.1719386197653263,0.056128232099551506,0.0008594235629308384,0.1406739571395708,0.6303997674326206
294,0.056199453095380915,0.037706239472844,0.002432883438961256,0.035374319679265645,0.8682871043135482
295,0.13042205092212797,0.08201138531291356,0.010000600899974945,0.07572744767767782,0.7018385151873058
296,0.06421955635614375,0.07329769816380236,0.00879993401679499,0.12207775094240587,0.731605060520853
297,0.09211178454790162,0.07986883655439779,0.00906744075592443,0.07133035888722711,0.7476215792545491
298,0.15170998030123398,0.12460067781034632,0.04061897550736087,0.10363302483636522,0.5794373415446936
299,0.12545734033811973,0.12939766849404405,0.020165593599167166,0.04070448116333184,0.6842749164053372
300,0.03161218105518086,0.019718837843980628,0.0025841728591635233,0.02236881492695769,0.9237159933147172
301,0.06025914887267479,0.03530999843621371,0.013637478070375294,0.016087908686111884,0.8747054659346243
302,0.2088126320282073,0.025795511150725245,0.004529162711235399,0.02725505313603573,0.7336076409737963
303,0.3055530030797709,0.09475315488501007,0.009777114354372939,0.08427332844339351,0.5056433992374526
304,0.3952369652970652,0.08182132479305097,0.0029899244150907644,0.014340968951939728,0.5056108165428533
305,0.4052540795413142,0.24019339824114982,0.006021942767603833,0.06563153623371062,0.28289904321622145
306,0.21485672351783525,0.25302575370135777,0.034987634540909196,0.2280012789799021,0.2691286092599957
307,0.13783288766974552,0.24824098589667676,0.062349061148963957,0.10048545417594425,0.4510916111086694
308,0.21718061777179398,0.32270726374688435,0.009479808865586324,0.08215130187776559,0.3684810077379696
309,0.15729711692927953,0.30750453747001794,0.016639304588485015,0.06685004515952504,0.45170899585269253
310,0.26645702082881784,0.5034606521023993,0.04992565476994132,0.060862075108497365,0.11929459719034406
311,0.2745515106922012,0.5404871981449594,0.0600480062303896,0.04049842259947062,0.08441486233297911
312,0.19617592491692287,0.590177838537201,0.0555895481659533,0.03759664218942388,0.12046004619049903
313,0.18192439676471076,0.3733804532887971,0.04878765633103206,0.0339977379385023,0.3619097556769578
314,0.20082848581783214,0.45418589286990385,0.06467446120609252,0.029449868626151423,0.2508612914800201
315,0.31269727515332413,0.5328509843110504,0.024751947736917645,0.01772735868903538,0.11197243410967264
316,0.20551636131171672,0.6581174537313454,0.05231376404526614,0.014903282439990053,0.06914913847168161
317,0.0952976460005382,0.7439968748886253,0.13362300413493583,0.005980478994433451,0.02110199598146718
318,0.08557987229474286,0.7593453489951622,0.0672267249778129,0.008471998187955989,0.07937605554432613
319,0.125210929577663,0.7216098301516726,0.06213929105409852,0.03041373888488413,0.06062621033168171
320,0.05081482587380888,0.7901452883520862,0.06888884950177869,0.018215408436444484,0.0719356278358816
321,0.09700738091487181,0.7528105578931567,0.11159786885100384,0.012699904080694375,0.02588428826027333
322,0.05810322708482937,0.49711506638424724,0.08301344073874678,0.014630057106562129,0.34713820868561446
323,0.01895855569980846,0.04438389595468903,0.003404114191392801,0.002452996822508536,0.9308004373316011
324,0.29498513292170725,0.276742955655878,0.000813928950554046,0.008480802199784095,0.41897718027207675
325,0.052394027074863306,0.03341078513854102,0.00017474185738335936,0.0037460567600328233,0.9102743891691795
326,0.21028716279292786,0.06734328584589197,0.0004258859523975957,0.01099393123655974,0.7109497341722228
327,0.19549671959923,0.0677798571602443,0.0004897868077924686,0.013904884618765984,0.7223287518139673
328,0.1773154626416609,0.10812678046221473,0.0004532193527895741,0.0437096660413225,0.6703948715020123
329,0.06376247293239798,0.08024479460036368,0.0005849435628819752,0.032448904314388564,0.8229588845899679
330,0.031480343291835175,0.017627807084058943,0.0003765326971207573,0.011723907901117533,0.9387914090258676
331,0.22792898366215317,0.07504544179167448,0.0007342517447763644,0.04701820013471076,0.6492731226666852
332,0.35910580276453324,0.1856225613051567,0.0037414147291387036,0.146393069802881,0.3051371513982904
333,0.030926134677573644,0.03247827197522472,0.012308822691903684,0.0020009378336023247,0.9222858328216956
334,0.28269444548187406,0.3568193968899297,0.008430162449859061,0.0807992950535177,0.2712567001248194
335,0.27929318869684705,0.3342838528522284,0.014344183400232607,0.03136345696305903,0.34071531808763306
336,0.3178239160410131,0.5120325927004719,0.018303386810700657,0.03782664353631909,0.11401346091149529
337,0.23927331195586984,0.46540755222227087,0.0202643146963726,0.06352498861877008,0.21152983250671656
338,0.27799206159699263,0.49418120974924434,0.0853657833127079,0.047561203750636244,0.09489974159041888
339,0.2102905625689086,0.6244316517688636,0.05878835762992856,0.0714118065032316,0.03507762152906751
340,0.13198769884925585,0.43407127416597197,0.27800220605998477,0.04652363077209668,0.10941519015269072
341,0.11578167925258645,0.5909056688307445,0.16566103407645155,0.04751953562874525,0.08013208221147233
342,0.09860534655567185,0.37952579468813447,0.4063441724968575,0.0400917467603436,0.07543293949899281
343,0.08003053593674857,0.7203106078276081,0.1590684410766571,0.019098608971663204,0.021491806187323166
344,0.0668654250214931,0.7659709278706726,0.07580970338600179,0.055156733236049145,0.036197210485783386
345,0.22381544296907258,0.638084184173855,0.022961385259338787,0.051757282669712794,0.06338170492802078
346,0.020026435271140668,0.9265948816303259,0.009425606443989185,0.005202825457445744,0.03875025119709845
347,0.02778668217668622,0.8673770296558102,0.07296194187169075,0.010633647308635181,0.021240698987177717
348,0.05309294248349486,0.8497464107495656,0.0138100472893019,0.010366427175198431,0.07298417230243923
349,0.06017433293961845,0.8213439174326884,0.00560240531644417,0.0076002060258940785,0.1052791382853549
350,0.01938808420628367,0.840868561918624,0.12193337939964649,0.0069250969136578034,0.010884877561787945
351,0.07820056917497649,0.8557297177497689,0.009221089593803371,0.011163485703113308,0.04568513777833792
352,0.03432172667159523,0.8347937389591311,0.11148131195985564,0.001869260365913685,0.01753396204350421
353,0.03395603713728987,0.8498647787687258,0.07625390770150797,0.007391990374002558,0.032533286018473814
354,0.028882175119036013,0.8703878768709306,0.08433219288608716,0.002058140285479302,0.014339614838466947
355,0.010119009491939451,0.8669563727581248,0.11718283621384015,0.0014687146544987149,0.0042730668815967685
356,0.038417492674165006,0.7793636729247991,0.16575846717839565,0.0017259701811791887,0.014734397041461001
357,0.04116699154264281,0.6801916203208201,0.21742474058843084,0.012685279958741537,0.048531367589364716
358,0.04724971286680417,0.6478449860295893,0.24896420500977182,0.010343244356525767,0.04559785173730891
359,0.07442249292070449,0.4440669364701456,0.06358406826843663,0.008536818050637216,0.409389684290076
360,0.07118484782679858,0.6445350201664727,0.1308152901805798,0.015333438193821766,0.13813140363232718
361,0.16341163516132212,0.4375231500161114,0.003690262404461641,0.007312914930736504,0.3880620374873683
362,0.09441691131658606,0.39355531589577025,0.00710483694722308,0.003970275613086664,0.500952660227334
363,0.15994228352646592,0.3557910700999994,0.004820019767017487,0.003960322647734588,0.4754863039587826
364,0.2421455887326771,0.36144980289257767,0.025447654561130257,0.003803936937958937,0.36715301687565594
365,0.3335865097907199,0.34927044525911555,0.06665823140826344,0.006196317088071721,0.2442884964538293
366,0.06560083774045611,0.16937525367281653,0.05294444431839642,0.0034552164284397005,0.7086242478398912
367,0.25026234783931545,0.21558519551106572,0.013963627511444872,0.006698650721867946,0.513490178416306
368,0.10688433922649995,0.19572954971005704,0.004306244435308137,0.005240824684570901,0.687839041943564
369,0.32491081608778183,0.4660919579344898,0.008328321327907909,0.0066808455359746305,0.19398805911384584
370,0.1640748575782982,0.706751623198013,0.010572772517202502,0.008642694333834241,0.10995805237265209
371,0.07636014613986236,0.7777091832327829,0.020070861902620096,0.004445989084175467,0.12141381964055929
372,0.054498425354174276,0.8223304484671884,0.051770101871188544,0.004000980137137812,0.06740004417031105
373,0.05662778669206881,0.8557768350935138,0.039783812034302826,0.005677269436031425,0.04213429674408333
374,0.0820095519193266,0.8525463094285749,0.01765879268280023,0.010894603409027667,0.036890742560270445
375,0.06839825148309729,0.8441021480512421,0.051878526308208134,0.006781785129686888,0.028839289027765506
376,0.030076557064913606,0.8675805491660213,0.04348880825297329,0.006240402176707851,0.052613683339383946
377,0.03560555032827334,0.8511371178306777,0.06520824239939307,0.004031664004437482,0.044017425437218656
378,0.043090814755656306,0.7537867688706341,0.14680918253579797,0.004073229979847716,0.05224000385806399
