epoch,N1,N2,N3,R,W
0,0.030945800949185424,0.25932355970149273,0.05825734956359556,0.0004895595312189913,0.6509837302545073
1,0.06852940756510309,0.2741922404888094,0.03661263002485029,0.0008962372848940674,0.6197694846363432
2,0.051788487075156785,0.27009684257760386,0.06796289483914156,0.0008461052537764358,0.6093056702543214
3,0.016913683605485026,0.05742034045523945,0.013006847917958583,0.0003037084417515332,0.9123554195795653
4,0.06871565378124442,0.0944710957696684,0.025800744322215973,0.0014793131905715916,0.8095331929362997
5,0.031190786323904603,0.044848895926105824,0.0173574474797344,0.0009707226034779756,0.9056321476667771
6,0.02135577296758877,0.04888548758749331,0.00833884149095762,0.001012603723002704,0.9204072942309576
7,0.044176707223432386,0.06092847730549865,0.007286126651794277,0.003192811770437661,0.8844158770488371
8,0.005564785026562905,0.005481838722061927,0.0006035004473219998,0.00013210491344733857,0.9882177708906058
9,0.016119275788095647,0.011758005428114702,0.0009553489934856678,8.405779583398599e-05,0.9710833119944701
10,0.018761371208495366,0.01803606613756506,0.00228237180187371,0.00014331705221286168,0.9607768737998531
11,0.037536509602068384,0.027893460661024112,0.006122307607447712,0.004331165041813612,0.9241165570876463
12,0.023613882290946315,0.026017968886701694,0.0032404283837376155,0.00020799819232289333,0.9469197222462915
13,0.028603057096201402,0.04645896014504469,0.00397329883636972,0.0014294822709541857,0.9195352016514299
14,0.046587604996203284,0.14369992510079238,0.01564801267321906,0.0017837950217096904,0.7922806622080755
15,0.028773101056248265,0.09419030129648812,0.0067102279595508026,0.0010737109050448525,0.869252658782668
16,0.01264966867556383,0.14825315066656308,0.03863179012115681,0.0017479144647009046,0.7987174760720154
17,0.050081295157120564,0.2187878928396045,0.020463664472279597,0.004234139640428608,0.7064330078905667
18,0.04562094400548239,0.3721226007995564,0.022508010944981498,0.0061892225043684015,0.5535592217456112
19,0.033703588155954076,0.4105075302609122,0.023778613696582334,0.0035060365281126683,0.5285042313584387
20,0.056308091830488426,0.44188719734369214,0.023416380900221554,0.007654634570856287,0.47073369535474163
21,0.04313943885810674,0.1383906036258618,0.013027539117901171,0.0015204456064184927,0.8039219727917118
22,0.07568950643591013,0.31560806429704064,0.028070189229329526,0.007559276286057043,0.5730729637516626
23,0.04914748177165105,0.3327465643738681,0.02497169034826636,0.0038972487633202823,0.5892370147428941
24,0.08140803532507564,0.2491545253294513,0.021282516520417842,0.004201999762089166,0.6439529230629661
25,0.07146095456899983,0.1370119010010706,0.008236418021956,0.005019711643901993,0.7782710147640716
26,0.06711521300922992,0.3348170175994593,0.010816418167070534,0.008288172830461002,0.5789631783937793
27,0.0111649557305885,0.019797491493673318,0.0015628311274801423,0.0003970510497378063,0.9670776705985202
28,0.016691889499021333,0.1051413227269552,0.008076009514000051,0.0008576147055407862,0.8692331635544827
29,0.005386397980849201,0.022650178039937376,0.0015997648080341158,0.00015690872126804812,0.9702067504499111
30,0.04345865495048604,0.11898777773975472,0.00844919386723303,0.0005856892904602451,0.8285186841520659
31,0.05792771352796563,0.21120058847736028,0.029855915739428567,0.0021438304220078664,0.6988719518332377
32,0.08689653449472906,0.3735954155276182,0.026014292909521262,0.0026930341128924523,0.5108007229552389
33,0.05688596559251734,0.5856446235401186,0.0651952613397844,0.0021274889795237016,0.29014666054805593
34,0.06521128535262223,0.5541953191263489,0.04537521869666282,0.008256581621144265,0.3269615952032219
35,0.06416164098140811,0.37498417350123575,0.06302811574250924,0.002786055983732699,0.4950400137911142
36,0.05468406391886214,0.3723627525730687,0.032428000259706755,0.004770232879719458,0.535754950368643
37,0.052010557960863624,0.3775794842510328,0.04946843138824517,0.003253922835310802,0.5176876035645476
38,0.0851419706577721,0.2737830188993167,0.0360646775132699,0.003525747304950442,0.601484585624691
39,0.09241290101586587,0.26869449874930806,0.04620682065763831,0.004466544506393961,0.5882192350707938
40,0.07512065587023993,0.38711596310157903,0.1929416341402356,0.005071421343768697,0.3397503255441767
41,0.09687329859895458,0.32384870441360164,0.16929649244632666,0.0056197072726565924,0.4043617972684605
42,0.030853040367629654,0.050240222667459325,0.010138867789815917,0.0006232082575011917,0.9081446609175939
43,0.08378987366997279,0.1763165330202266,0.017024735264784745,0.00508646088285979,0.717782397162156
44,0.10167098260251031,0.4806583631908634,0.04890568096158314,0.006732051983067653,0.36203292126197545
45,0.07231800086590841,0.5022869902580872,0.042976040904152094,0.005111253506332648,0.3773077144655197
46,0.09879328544830707,0.35107803602321214,0.035207530222276726,0.005365000716361257,0.5095561475898428
47,0.1274010331994602,0.3529826095205537,0.05631392569484874,0.007091183751919793,0.4562112478332176
48,0.07678672993498417,0.3934954074184719,0.24277831131970098,0.004777679080174393,0.28216187224666855
49,0.06834260401410243,0.2666045866176099,0.031012642828466393,0.004408554225261985,0.6296316123145593
50,0.05041567475163591,0.3147206513574315,0.10492918206948255,0.004431967828052366,0.5255025239933976
51,0.050666352865964846,0.38098697681794186,0.09590190461294576,0.005748253903247748,0.46669651179989985
52,0.04457339861997233,0.30896242683256575,0.21108447588817134,0.004867929983816599,0.430511768675474
53,0.050090669358682234,0.362217152227593,0.1877429632270973,0.006500518327807117,0.3934486968588204
54,0.04251526598476002,0.2524786641829153,0.38874044986677914,0.006123909791883044,0.31014171017366254
55,0.06621663815765144,0.44082656279283233,0.1845853329983414,0.007951837301619611,0.3004196287495551
56,0.07015127635968617,0.22029194830946872,0.06646558437913692,0.009282877181381094,0.6338083137703272
57,0.07086285103496938,0.15192308039076108,0.029996616829304844,0.0067264419385931525,0.7404910098063716
58,0.1312216350549698,0.24197994648043222,0.03500324138419547,0.006487859605565342,0.5853073174748372
59,0.11286766899465012,0.28966325770097445,0.03808893307221131,0.00839521156704961,0.5509849286651145
60,0.072400056891031,0.22902039537689745,0.03806871241491993,0.003810039234925925,0.6567007960822258
61,0.10750031054443755,0.3977528141093948,0.23701696678151218,0.0074496292374843336,0.2502802793271712
62,0.040549037925225795,0.2780347152993554,0.5036620514130519,0.003997709261826747,0.17375648610054012
63,0.07976788691947559,0.4861071329898887,0.13554652157787445,0.005550306354440685,0.2930281521583204
64,0.01432277769682018,0.04700369932897875,0.014274925760114885,0.0011504719228846035,0.9232481252912016
65,0.05093761981832379,0.18226216535076264,0.03633467948583509,0.005298007574508594,0.7251675277705698
66,0.031043270648513914,0.2117496672603681,0.12289586162184321,0.0035127096209151727,0.6307984908483596
67,0.03325768248641891,0.24646891957894862,0.1747083852181213,0.003582138743774585,0.5419828739727366
68,0.021145764622448784,0.18484611521408248,0.16747375022764113,0.003779657156804944,0.6227547127790226
69,0.07537883197808401,0.17178004381175116,0.04976924811782326,0.007450899928572404,0.6956209761637692
70,0.07823178002049098,0.2945599534579936,0.061382751165278596,0.01097047806840089,0.5548550372878359
71,0.14011110473188382,0.25500739395268673,0.03425144820621187,0.016566638273027092,0.5540634148361905
72,0.1210169951673797,0.31039372086619005,0.024105904330099355,0.01570362075203196,0.528779758884299
73,0.11924694313834297,0.2639702739502021,0.031034887177834238,0.0174512246209417,0.568296671112679
74,0.07732349053008342,0.44441872829639373,0.036952858186877074,0.01449102879660059,0.4268138941900452
75,0.09674454981984491,0.4386265209856776,0.10141712376712442,0.014277675402002954,0.34893413002535006
76,0.09464188372384635,0.3190037400843814,0.09937022222419307,0.01017036519524559,0.47681378877233355
77,0.16704223797043416,0.19052518020767759,0.04988651002605925,0.011460463495301032,0.5810856083005279
78,0.18396266950315707,0.3471651197989254,0.0826925196152582,0.03162223810772518,0.35455745297493413
79,0.16421605623885535,0.5369820796837563,0.07966583261536023,0.009263257410047477,0.20987277405198074
80,0.18931506862617425,0.5601602995223008,0.09315504157174022,0.008458736230237728,0.14891085404954693
81,0.1310424561835734,0.49346949762864784,0.13099383560460337,0.013500701427364219,0.2309935091558112
82,0.055810976109431115,0.4457795125554958,0.3068906649225851,0.011096813942973044,0.18042203246951483
83,0.1251749979626544,0.5455092132357362,0.20576378431223896,0.01319309853559562,0.11035890595377486
84,0.09448723020485948,0.3597025741107072,0.3897167077593892,0.012587415554045446,0.14350607237099872
85,0.0756739722682185,0.45042518433176143,0.19690789300521566,0.011702200942418845,0.2652907494523857
86,0.057874982081682735,0.33678499169041126,0.24139639663032733,0.007866089381078285,0.35607754021650034
87,0.1554020348184851,0.3980936967616766,0.1087255672716482,0.010465191881193573,0.32731350926699665
88,0.14367136700461516,0.5545516854140242,0.1057436122408012,0.010482357393882716,0.18555097794667674
89,0.16859066162357755,0.5037256251153375,0.20632773506374025,0.010012415214819739,0.11134356298252499
90,0.07970937046129417,0.17329279946713447,0.043235110723178684,0.004115288336945296,0.6996474310114474
91,0.11167204184107196,0.46206629954226897,0.22270831679285133,0.010953642475961973,0.19259969934784585
92,0.13465111853221126,0.4391539367480022,0.08524285107460938,0.011628155001083305,0.3293239386440937
93,0.215813268054184,0.4265315261813435,0.1196513716702688,0.015852829289352586,0.22215100480485112
94,0.10983344169414049,0.4506805479534869,0.2853307742701741,0.009926346028572912,0.1442288900536254
95,0.061276884950269624,0.30706257290507616,0.47818189472264305,0.008693182771870396,0.1447854646501406
96,0.11993583418435873,0.39933639586491526,0.19205006776153616,0.010695619381175425,0.2779820828080144
97,0.13445041857080722,0.473927373219583,0.22081021702792544,0.02105600498167521,0.149755986200009
98,0.12463334556612587,0.3860085418272051,0.2903963425981804,0.023788210852003375,0.17517355915648528
99,0.06381365120587304,0.09254242643736277,0.006972492010123478,0.004045396164269681,0.8326260341823709
100,0.10113519843154337,0.5850824445076374,0.13428284144064032,0.02372016417648656,0.15577935144369245
101,0.1358628983082058,0.5960529310998289,0.1087445423590092,0.02290578450589242,0.13643384372706366
102,0.26810662694871046,0.3694144453930397,0.05537975074969218,0.012934154727574889,0.29416502218098284
103,0.15488435445848472,0.5737421074017034,0.11946791900064807,0.020151402410522264,0.13175421672864152
104,0.10202594944643555,0.6280932904281559,0.18766002500092746,0.014422431311886494,0.06779830381259465
105,0.15603100277455303,0.5753056808658494,0.07580819491686393,0.021557351924258162,0.1712977695184753
106,0.11519457723410036,0.4718489924695854,0.1980427754434945,0.041808658845777905,0.173104996007042
107,0.13204593368411563,0.4308990457192338,0.035474380171611204,0.03305304066364196,0.3685275997613975
108,0.12115764578394116,0.057885675956029004,0.004298730323082199,0.0075104555238467196,0.8091474924131009
109,0.1078352845129806,0.09814216796879931,0.016061474580811266,0.025462582152605506,0.7524984907848034
110,0.04425458325703372,0.04246713709238152,0.0047979042679974285,0.021109573613119714,0.8873708017694676
111,0.29564953601543165,0.047437900707724426,0.0015017188875671307,0.042937290752870505,0.6124735536364062
112,0.023303308796720518,0.00382857017482431,0.00010732261272791585,0.0012172010742091174,0.9715435973415182
113,0.008400660316224825,0.0011206633150726516,8.152649424637403e-05,0.00026519922456912185,0.990131950649887
114,0.09523053204465746,0.009482067586683235,0.0008983027730850515,0.0032961775170837777,0.8910929200784905
115,0.016069725567576885,0.0016254512903005407,0.00025033986963437686,0.00494182710219688,0.9771126561702912
116,0.0024901275729697766,0.00031407146171565884,5.083523746582854e-06,0.0012538589336229214,0.9959368585079451
117,0.0018634313600567774,0.0008471567100157783,1.0356750435211109e-05,0.0005075681480095827,0.9967714870314828
118,0.07196323290863661,0.049014312004031245,0.006665059145958815,0.005957836919697556,0.8663995590216758
119,0.0056243751719963885,0.0007689903337488003,6.4829943562990855e-06,0.002969309206901019,0.9906308422929974
120,0.006186762031915151,0.0005071216907450614,6.048080560107101e-06,0.0022061256649156015,0.9910939425318641
121,0.009436271441109532,0.002051155010529468,2.303798859404095e-05,0.0022523566754501663,0.9862371788843167
122,0.024716846520947033,0.0025582640597703816,1.7013526176626803e-05,0.0017384024411495945,0.9709694734519564
123,0.010720225870273615,0.0016590335025930664,1.1310804506502486e-05,0.0006721918123980364,0.9869372380102289
124,0.13043073357563792,0.02722592527041905,0.00015760213473763537,0.0025030542520962716,0.8396826847671092
125,0.28646002050961,0.2789058497871794,0.004785860176923457,0.007469176832646304,0.4223790926936408
126,0.29202988253412165,0.2371023480318764,0.02520694097281026,0.012716118691203347,0.43294470976998833
127,0.17279404603890802,0.28634060258125443,0.010445331142346068,0.03401068045983596,0.49640933977765567
128,0.25003567350150196,0.355289552956755,0.013713940520921885,0.04030691792934094,0.34065391509148013
129,0.4336302668232975,0.3818782465519583,0.009357619461316082,0.025150351074505382,0.14998351608892274
130,0.3565807021375801,0.460167309538185,0.031562099518065975,0.04575000910552642,0.10593987970064256
131,0.20568657301913426,0.4555519922054048,0.03946626745192526,0.118973272166266,0.18032189515726962
132,0.268136758013037,0.36080173474632193,0.04997646338151895,0.1715669321994046,0.1495181116597176
133,0.18879007954937937,0.28587850389099634,0.020634387176806112,0.2540372315966506,0.2506597977861675
134,0.15423437631341566,0.11615726443207754,0.012739877658308843,0.26487722608035424,0.45199125551584385
135,0.34682883140070214,0.08306621244078811,0.0016240252158249329,0.14371513084098148,0.42476580010170323
136,0.034528470129060095,0.005106443258190758,9.457762950380283e-05,0.005633976823774884,0.9546365321594705
137,0.04417114482543859,0.006028428487857387,4.650993944783309e-05,0.016490155003855457,0.9332637617434008
138,0.10177340435571582,0.028798026310385593,0.0013790067581781339,0.008956359365491329,0.8590932032102291
139,0.3457006727564544,0.054259668335518076,0.001605292245185055,0.021268731619583703,0.5771656350432588
140,0.3635920239165408,0.07556234358827285,0.0011912314415518648,0.02679323080703204,0.5328611702466024
141,0.18741319766387465,0.08182786445389874,0.003985049788305723,0.02904036153996049,0.6977335265539604
142,0.15648911973078142,0.12584035408987068,0.005868734849673224,0.07655747470684875,0.635244316622826
143,0.14267438131694332,0.11697018635889227,0.0036005952202316466,0.07176543939446747,0.6649893977094653
144,0.0968131899506773,0.0696060392573224,0.0010074470317238912,0.045290773326056716,0.7872825504342197
145,0.037648705774963674,0.008798077455728052,4.8930729875535506e-05,0.03123154822287064,0.9222727378165619
146,0.027739219856706354,0.005304693463244974,1.806064904159961e-05,0.09016037763865593,0.8767776483923511
147,0.14190067161892345,0.058437511862573496,0.0005851243648134454,0.07774998467995795,0.7213267074737316
148,0.04139396802591453,0.0033902260231556455,2.3386005379033268e-05,0.02667397980417626,0.9285184401413744
149,0.011034203038236925,0.0034698542337035145,3.4846494872645133e-06,0.029781702035215407,0.9557107560433569
150,0.03291491221598443,0.006395771116783244,1.4585915548500623e-05,0.05316593113619545,0.9075087996154884
151,0.09515090036597952,0.012051387814270545,1.7784558653201862e-05,0.0381061981508614,0.8546737291102354
152,0.1942281930260244,0.03682600608229638,8.167301509058577e-05,0.04825463044515472,0.7206094974314338
153,0.2759135540324232,0.058143488709972484,0.00015215169248745597,0.07895356610525223,0.5868372394598647
154,0.21437846803848568,0.11343038292941555,0.00015938558498687202,0.40311544683731443,0.26891631660979753
155,0.020130205335750922,0.018519730471560195,1.4723393242479976e-05,0.10253827125197035,0.858797069547476
156,0.04167474718201257,0.01931780964337514,1.5495358825341012e-05,0.09782525316930848,0.8411666946464785
157,0.09497583193716157,0.05146806638172455,2.2564979871278328e-05,0.32584477565917763,0.527688761042065
158,0.12199594909465211,0.056953576055073306,4.118785871624601e-05,0.10380698067473731,0.7172023063168209
159,0.019205631720955376,0.012901344925992313,4.085896257575646e-06,0.035799134648359036,0.9320898028084356
160,0.13974443039159212,0.0994070050233954,3.9702207633874436e-05,0.6298185645822277,0.1309902977951509
161,0.01672435024585816,0.008578498540031072,2.032186657163879e-06,0.05081868679368558,0.923876432233768
162,0.01602146677419273,0.010546220806568855,3.1071933244489122e-06,0.03419519579687826,0.9392340094290357
163,0.06389981816879142,0.008620389673690042,2.0501440383950707e-05,0.058516887418400505,0.8689424032987341
164,0.008748987167104984,0.004716389114785007,1.2008257493450184e-05,0.013932157475879144,0.9725904579847374
165,0.17394908082406396,0.025968293995147378,3.550763140133464e-05,0.14657886427176048,0.6534682532776268
166,0.028667271028172164,0.002322532535224735,7.370804655177781e-06,0.03731699959163259,0.9316858260403154
167,0.29850069442223126,0.013012021951966489,2.873222104797265e-05,0.08102364917981558,0.6074349022249388
168,0.15928990048184496,0.0760325569561603,0.00046792428493020843,0.3633756434051682,0.40083397487189637
169,0.02326154225644729,0.00930226233452998,0.00029893487547180025,0.007717957036233103,0.9594193034973177
170,0.32524850782476966,0.04513169977243588,0.0002680809803523042,0.02150367879223623,0.6078480326302059
171,0.4709170464302044,0.16724520025786577,0.0029617543611610312,0.02083822312614767,0.33803777582462113
172,0.3241836920003284,0.1828561707223704,0.0013680312658893527,0.027649747164011085,0.46394235884740076
173,0.35807591109948084,0.3242671638495759,0.0038718403209641317,0.02860129070642989,0.28518379402354904
174,0.2639656414200081,0.47301405188385476,0.0246896313110782,0.05683311321600372,0.1814975621690552
175,0.131091673388778,0.6566007828849586,0.027952786318414292,0.04442286392530025,0.13993189348254872
176,0.13526807376012617,0.14841431769793664,0.009662897989980487,0.015162553699918646,0.6914921568520381
177,0.16693875243988235,0.5663231921913432,0.024107204473579516,0.02216284060076075,0.22046801029443422
178,0.08338564082046385,0.7359665736180828,0.0670174105211024,0.030618829837713312,0.08301154520263762
179,0.1229422770554625,0.4607346906343778,0.02772494168851246,0.021685506335115554,0.36691258428653173
180,0.15728355167087318,0.5519756868786905,0.04342641058540524,0.010578162476577902,0.2367361883884533
181,0.09651770910106863,0.6820356497967038,0.10490486194244182,0.04285130458487017,0.07369047457491557
182,0.17802495889381084,0.4836790437690292,0.10292420356683518,0.03026299540078256,0.20510879836954224
183,0.10658609026826696,0.6232355401857449,0.1321758989609714,0.023536019558694898,0.11446645102632189
184,0.09641481671667042,0.6458589276965098,0.13183182439511576,0.040761936562900024,0.08513249462880404
185,0.09150608076965507,0.48259409413827103,0.3032995045774768,0.03254815834742884,0.09005216216716823
186,0.05764895395538757,0.5959571767787556,0.22798960011345792,0.02122216016125448,0.0971821089911446
187,0.06410798077226255,0.3972756047611064,0.41859753471007094,0.023007065372736994,0.0970118143838232
188,0.11133061569409064,0.2571490372461316,0.030002684055138878,0.026643957172716757,0.5748737058319222
189,0.22595845189487296,0.48830853454852036,0.0756610150320859,0.03212059912213315,0.17795139940238772
190,0.1852819064265647,0.2936487942008927,0.027642100653328294,0.02307109231705836,0.470356106402156
191,0.18815945900395492,0.3941285834316908,0.0582767235215717,0.03647117732806999,0.32296405671471246
192,0.045558123738479284,0.03701428959951867,0.0019329889628350156,0.002316194082864368,0.9131784036163028
193,0.04749302234714288,0.05252622094437518,0.0031871022411521016,0.0027477861938075207,0.8940458682735223
194,0.3671599637592144,0.15659643503812684,0.023627266264875043,0.014085971346937221,0.43853036359084646
195,0.3531384033329828,0.3118852138839649,0.06502567962896551,0.01933612679308487,0.25061457636100193
196,0.21868406897024192,0.4491701055008921,0.18278111515722592,0.025616268566158316,0.12374844180548168
197,0.07751852784631595,0.32805833912747506,0.481984713439157,0.01682747153573129,0.09561094805132067
198,0.06955779889002026,0.2780063052509444,0.532685223195313,0.013174239006785129,0.10657643365693721
199,0.08757607989556589,0.4065887887810936,0.37399725388956007,0.02480616493404228,0.10703171249973828
200,0.02891179036965382,0.14663787719263968,0.7202622274438382,0.008736587382047559,0.09545151761182094
201,0.047068488697021446,0.26325511575886484,0.5682372674703091,0.02722770944721073,0.09421141862659382
202,0.0325287625446691,0.26366560291707103,0.6518683334750857,0.0071594176981513115,0.044777883365022815
203,0.036443477593682806,0.27894660896690754,0.5939743727925629,0.008478060603285867,0.0821574800435608
204,0.032601994970029774,0.16959554008728714,0.7048232174957055,0.011593564052201223,0.08138568339477632
205,0.030834227225732615,0.16788922329653067,0.712469422578476,0.008109616994814927,0.08069750990444584
206,0.09202630660541485,0.4140184840477463,0.3968899691371234,0.013618453491197283,0.08344678671851818
207,0.061034482492713774,0.332520205867595,0.5117918261360056,0.016430365194215483,0.07822312030947025
208,0.07612622933865096,0.311401895296134,0.486844996462362,0.03476457547295004,0.090862303429903
209,0.07819998396663073,0.2543111350299765,0.49664415774420323,0.023875498713615932,0.1469692245455737
210,0.07989820565504198,0.27925716338454404,0.41416519847640354,0.02482670244803452,0.20185273003597598
211,0.07941663151007293,0.3775449328674085,0.3532098567857956,0.021740581673129682,0.16808799716359338
212,0.20543429121464293,0.04582398787741906,0.0010426884362886592,0.007443309262881565,0.7402557232087678
213,0.3742002680235924,0.4021612752723592,0.0641476033752519,0.02251284487136774,0.13697800845742886
214,0.1741667071272873,0.5890347599096734,0.12038642386091743,0.0452346079316302,0.0711775011704918
215,0.11332134730005089,0.5040187197821613,0.3073161249809113,0.044261699186538536,0.03108210875033796
216,0.08488245867558075,0.4331681458981329,0.3545143823693546,0.019378897921551296,0.1080561151353804
217,0.0823996624156217,0.3323477954464234,0.44313451321142283,0.042072652806221196,0.10004537612031084
218,0.19932624001851978,0.41048973599786015,0.06838273361267642,0.015464057370574427,0.30633723300036925
219,0.12385892505488341,0.6037373193325974,0.19089994998347387,0.020621444597360417,0.06088236103168493
220,0.08522174594751598,0.45134924560790074,0.4170049558019273,0.016051672935836474,0.030372379706819504
221,0.07522983685497212,0.4264428440537873,0.45910632934955453,0.01111995006241178,0.028101039679274405
222,0.05618511804335352,0.46215450198461644,0.43669175607659183,0.01050512450076225,0.03446349939467609
223,0.06331738750481714,0.42854868795689866,0.4505849982379607,0.009848047970499594,0.04770087832982394
224,0.07056963355566907,0.42356426305770967,0.43825593247615396,0.010375338348168749,0.05723483256229866
225,0.11261701624921869,0.6135402295024849,0.109396673349703,0.01702462387768358,0.14742145702091003
226,0.08868345523955072,0.4788255446470611,0.3684954925903274,0.015577850683857378,0.04841765683920328
227,0.1610549545878644,0.5691081697290171,0.16445367365953564,0.029056883374519216,0.07632631864906364
228,0.09763869230864122,0.4849713323628114,0.34383718699383503,0.0344252655440415,0.039127522790670985
229,0.08378524214836124,0.5293280300285838,0.28908421013489605,0.05650516348165476,0.0412973542065042
230,0.07135573375401642,0.4643026299055943,0.34260788492136407,0.09902020672857195,0.022713544690453332
231,0.09721812451609571,0.44349283893212066,0.2908575209944593,0.12226736781134195,0.04616414774598248
232,0.10720339051378378,0.35874637180287955,0.2757780154335447,0.2118270306199882,0.04644519162980373
233,0.2301123847992797,0.2385469892179185,0.017512688675887688,0.16661978625884594,0.3472081510480682
234,0.1335772334616733,0.153601724238599,0.004528798232869294,0.5177199887689452,0.19057225529791313
235,0.15577867855617267,0.2559790325682089,0.0004914101885826055,0.5354378886374503,0.05231299004958549
236,0.2725055082908254,0.3428490918321286,0.0014488561359003469,0.32278512510001905,0.06041141864112668
237,0.1640229043668957,0.30413063918376154,0.0002740169910438975,0.5156550607537564,0.01591737870454242
238,0.18741911771616046,0.25401503925547114,0.0002747155164482624,0.5281027849460445,0.0301883425658755
239,0.08536632343640106,0.10321574869017877,0.00019058863184592627,0.7987655597185382,0.012461779523035916
240,0.1173217559402081,0.14104824834708032,0.0001288501394940553,0.7079215155532791,0.03357963001993844
241,0.06552469046217146,0.29978175355506337,0.00011718928401484415,0.6097115128689501,0.024864853829800276
242,0.15135516770659452,0.21691170269726245,0.0002487649946192998,0.5856561296409366,0.04582823496058708
243,0.07266235667563142,0.21323479388046662,0.0002190673116914055,0.6840986257633573,0.029785156368853247
244,0.06710285681644303,0.2368122405174023,0.00012250262044961633,0.6516871734022803,0.04427522664342473
245,0.08419083902061603,0.26607743300943765,0.000291304087161987,0.5604137886704035,0.08902663521238081
246,0.12668077395744198,0.09410865414353548,0.0002314803802261762,0.441510713367936,0.3374683781508604
247,0.174537911999342,0.19098305905283738,0.00041093678650406444,0.2255680189407157,0.40850007322060083
248,0.03965551264771167,0.025184300269662,0.0020089392637243175,0.05205648292763235,0.8810947648912697
249,0.04090582903932643,0.00920249205058151,2.350015899303735e-05,0.01319777819050375,0.9366704005605953
250,0.021225985709001385,0.04281088017569288,0.012335866166419672,0.00466571616104911,0.9189615517878369
251,0.023487319160177145,0.008528853694044857,0.0034006095975934424,0.007496605808702754,0.9570866117394818
252,0.025182626878691966,0.020935384403371785,0.005212164109095413,0.002876205045343513,0.9457936195634974
253,0.019167260677646677,0.012785130299535057,0.002671138769961318,0.0014474952685761603,0.9639289749842808
254,0.004653083502349182,0.029116478413388325,0.0004717842869163246,0.010335015655372563,0.9554236381419736
255,0.00810687627924861,0.012255250345050525,0.0010481963887125647,0.0062998588635878455,0.9722898181234005
256,0.005908809786246546,0.006551149188803687,0.00037308628892181254,0.0005047759608871234,0.9866621787751407
257,0.022267109449066732,0.0026951163533082897,0.009510913766942089,6.740955497667458e-05,0.9654594508757062
258,0.20363966356387916,0.07732816657637553,0.018328053742524244,0.006203400058646378,0.6945007160585747
259,0.03709296170579947,0.014906777016832065,0.002295991714164105,0.0010213650543223901,0.944682904508882
260,0.0027491293053418246,0.0047867539371222855,0.0005385921597102032,0.0005478019963909759,0.9913777226014346
261,0.001980146050019319,0.003282321210549112,0.0005799764788574159,0.0001325176247203682,0.9940250386358539
262,0.01808967622183329,0.01647656686689494,0.0011658934518041684,0.0008395578771370031,0.9634283055823306
263,0.1534428368818892,0.09528765369274575,0.0023111273693796957,0.0014202488751300338,0.7475381331808553
264,0.011421189287243748,0.04468366213717539,0.0038152282329466194,0.001011860782463771,0.9390680595601704
265,0.020355766277639967,0.1290745675593281,0.0062241581689836695,0.003654657091905532,0.8406908509021427
266,0.06066733468975255,0.5425425180850256,0.07124120819100987,0.028918317157267337,0.29663062187694467
267,0.09750075624204935,0.4118264335524073,0.0399765274722633,0.019501162263955672,0.43119512046932423
268,0.04711648277431362,0.3627887212397065,0.03243762020374878,0.020141642655951118,0.53751553312628
269,0.02407661643207275,0.10859424633086211,0.00691774428053175,0.008031110119351008,0.8523802828371824
270,0.07537011816486187,0.1865703826935083,0.008178565583397177,0.016050911944607442,0.7138300216136252
271,0.053252138677263375,0.16452388357309491,0.005670131053800749,0.011215347602162066,0.7653384990936789
272,0.12751598816531584,0.23514140345867285,0.009865910976230003,0.01632449531960302,0.6111522020801783
273,0.19092738630117143,0.26126090376643574,0.03102946533743163,0.05680057679512833,0.45998166779983285
274,0.2895397748247211,0.27373491583026294,0.018532660497921193,0.0800291727932599,0.33816347605383484
275,0.2713876134147299,0.21312427925586588,0.022244825555550643,0.07151904970578357,0.42172423206806997
276,0.23234943300183966,0.26193010730290844,0.024217103094169395,0.040555561367815934,0.4409477952332667
277,0.3176109949807773,0.2787216329536517,0.02679647507075906,0.04907852237321106,0.32779237462160093
278,0.2661839728747426,0.2792788910656055,0.02058869743761544,0.028871970326983385,0.40507646829505306
279,0.3087022998330671,0.38561141748570066,0.02597027118249651,0.07229443753291916,0.20742157396581654
280,0.24985099062562902,0.44659189578115616,0.028713967760973576,0.14056426076006479,0.13427888507217642
281,0.24098334068126437,0.29668909384396136,0.028488289313800968,0.23993293936152935,0.1939063367994439
282,0.3037513770088229,0.4151420910871304,0.021860600490410012,0.12417498931425724,0.1350709420993795
283,0.2897364116479142,0.4391007988714589,0.02385722230394626,0.15323889528602821,0.09406667189065239
284,0.21688376086755476,0.43520061422655143,0.010571609201013885,0.1268093714385183,0.2105346442663617
285,0.264635181667359,0.2858955007492411,0.011483243081071437,0.18944854814483303,0.2485375263574953
286,0.03929915129374059,0.08163850228002872,0.012283842702034564,0.010627263344861776,0.8561512403793343
287,0.014609594909009198,0.010728992650221163,0.0002169012169756063,0.0004543098737471227,0.973990201350047
288,0.3044683897087866,0.2713835452387739,0.008931736891114747,0.016824630281225248,0.39839169788009954
289,0.04889376474898158,0.02091227086995222,0.0005329548987967267,0.001503225015825388,0.9281577844664441
290,0.28219963371229073,0.13919224835240088,0.0027035298767594594,0.01414319689172483,0.561761391166824
291,0.14697039276900234,0.40574312978010063,0.009550314488257512,0.0583908550312503,0.3793453079313892
292,0.09660265306327241,0.3438775800542152,0.011639021292250933,0.07118163917518543,0.4766991064150762
293,0.10825734058090312,0.4476602496815831,0.012553159440253238,0.053072619327601774,0.3784566309696586
294,0.12528972738484612,0.16688549331900288,0.009048617037510212,0.0635644909876963,0.6352116712709445
295,0.014758931938486203,0.008437461165714717,0.0004687115735019793,0.002594269934825842,0.9737406253874712
296,0.20593816139736001,0.3758872919167682,0.0033680874265325025,0.01821619148879443,0.3965902677705449
297,0.009036221169745484,0.017184475679939255,0.0017791817540895654,0.000763680814326686,0.971236440581899
298,0.29813146748174535,0.27338117147215124,0.010269201076015045,0.007458295426097139,0.4107598645439912
299,0.2857034558617202,0.4069715523532196,0.011301829037754249,0.014090247274632426,0.28193291547267363
300,0.33126456749423516,0.3685171411700243,0.011211445185022444,0.012425504161094827,0.2765813419896233
301,0.2139901941998217,0.5835720326239232,0.013241901618199074,0.03314269184132144,0.15605317971673469
302,0.183146148101691,0.5521842142347605,0.019144863821918514,0.09345343137213208,0.15207134246949797
303,0.14821246602465626,0.6029695594241773,0.0181622540791375,0.113031429328293,0.11762429114373588
304,0.06746820663201833,0.11972906495376512,0.0015380909385987256,0.009831277152981406,0.8014333603226365
305,0.12038927518457665,0.33276869181870844,0.004381042787960985,0.03983862934651945,0.5026223608622343
306,0.08975037302191367,0.5959451566055681,0.006217619859582962,0.04524051185915483,0.2628463386537803
307,0.13815198271779347,0.10659189491660184,0.0009325868460791755,0.009798037405478318,0.7445254981140471
308,0.2881661514139017,0.4538453256971217,0.0024699418692864126,0.04425390287661495,0.21126467814307515
309,0.24644311339281758,0.5563283432995247,0.007304709907030678,0.05416567561853852,0.1357581577820884
310,0.22691653124666453,0.24543739713455734,0.0005245200479325619,0.2839246263868355,0.24319692518401007
311,0.3526881007205996,0.39498968561161485,0.0036728384156627437,0.10729755508543386,0.14135182016668907
312,0.300277444786432,0.3707114254472356,0.012183869731772067,0.19639735013653495,0.12042990989802535
313,0.25663651706795626,0.4338322435092542,0.0067917286955047245,0.18384198052886605,0.11889753019841891
314,0.19174698997523834,0.3147580980447727,0.009369870079193585,0.14303065523466596,0.3410943866661294
315,0.1711996158697143,0.5506873759921108,0.011314062682482294,0.16556647471598354,0.10123247073970898
316,0.25547027263843036,0.5975081299902085,0.00797490517053229,0.10920397017394648,0.029842722026882314
317,0.1440143966997067,0.4940737872206066,0.009587362888764514,0.23421584975063597,0.11810860344028619
318,0.18313504119881346,0.4835112189585278,0.010205260167515268,0.13993275527635446,0.183215724398789
319,0.21084559969504435,0.4472184992013586,0.012229861307927517,0.21593414084615492,0.11377189894951453
320,0.10670111709847348,0.1075922094921429,0.000828101049808416,0.08414177016702197,0.7007368021925532
321,0.1558193638491953,0.5740297053974026,0.011749468025627013,0.14368686724999455,0.1147145954777806
322,0.19605373483073826,0.4729422344649248,0.010910331619948492,0.17012374791008025,0.1499699511743083
323,0.08350271530244993,0.12218615213542922,0.0036644407982802506,0.02066771157785097,0.7699789801859896
324,0.39476079373003753,0.16946298121391495,0.003746314011568297,0.03063290938912859,0.4013970016553506
325,0.12249791841790755,0.09505166554023932,0.0017537906736991254,0.00675171461902171,0.7739449107491322
326,0.46016962560612185,0.4120178481234437,0.018663773974110422,0.023129059387034013,0.08601969290928989
327,0.49510492119530436,0.3795632245144666,0.010590343135505179,0.027237162268864978,0.08750434888585895
328,0.30131338857280876,0.5160428574300258,0.011880856597928847,0.09558227412677811,0.0751806232724586
329,0.24075227111765868,0.41179340582062823,0.026845482719534405,0.12410391699707503,0.1965049233451036
330,0.21687699027467014,0.30301169578833287,0.013382665713818622,0.1116838890909062,0.35504475913227224
331,0.15798407162770958,0.30757455745243545,0.009556246958908242,0.04309561451228651,0.48178950944866017
332,0.09480139954591581,0.6126328148012727,0.018960148246351456,0.01914565527994518,0.2544599821265149
333,0.20815536962704417,0.3213043878464854,0.00893247986737502,0.007077488066547835,0.4545302745925477
334,0.22339568756893521,0.6969345317082384,0.013194357287769878,0.009637964742861832,0.056837458692194684
335,0.26832619845573413,0.5925082166788339,0.014578568600191303,0.05719380407787844,0.0673932121873621
336,0.26673615147376667,0.4425904076396521,0.008032681109315536,0.02738349676315396,0.2552572630141117
337,0.1660871005808565,0.5792892941852306,0.012876498671857571,0.06580206555631965,0.17594504100573574
338,0.10223229321506895,0.7764080841154326,0.02048956746728839,0.05420629329916834,0.0466637619030417
339,0.2822544836266763,0.5614327074696138,0.008208480724635554,0.0757754882236358,0.07232883995543847
340,0.14508694524180707,0.29163809186304296,0.005782002607497971,0.013631310824505598,0.5438616494631464
341,0.18135724449465343,0.4898496440355565,0.016529714935494925,0.10281942744438458,0.20944396908991061
342,0.3236551484532747,0.30265611262613046,0.0034176715159143656,0.018134708974143945,0.3521363584305365
343,0.25715797926438416,0.5125311434020238,0.006098500812791261,0.020275156462587242,0.2039372200582135
344,0.28011747327412573,0.5717498427241263,0.006854083470936171,0.054269156757540224,0.08700944377327159
345,0.27115331883465243,0.5570700790349802,0.006142327081704124,0.03243156300301633,0.13320271204564688
346,0.090301538558394,0.7919678711634015,0.015149298991498873,0.08602933167207372,0.016551959614631774
347,0.28728655741040854,0.188357702107011,0.003218042785205583,0.03785164940831712,0.48328604828905786
348,0.27861151527280253,0.5905658079326994,0.009631806707196782,0.06151877759770116,0.059672092489600016
349,0.13172578833559598,0.7284562000864366,0.01961078748951282,0.07373876729834876,0.046468456790105805
350,0.2577295390585819,0.5574456993770013,0.006936053132472151,0.05510975077372059,0.12277895765822412
351,0.15820995206721625,0.6007234223923994,0.02999356012971744,0.18719815951152224,0.02387490589914463
352,0.11623949966010551,0.1984298930395318,0.003909804241299026,0.03917876847131576,0.642242034587748
353,0.13282185892737747,0.7134496157119161,0.028619940577608766,0.09879928116722987,0.02630930361586776
354,0.17572875812058386,0.39075564689373204,0.011955998909519924,0.045527756150287695,0.3760318399258764
355,0.15542182705458282,0.5936442604957427,0.010310364656315785,0.01129500834987463,0.22932853944348386
356,0.11989624177404243,0.16704654213177156,0.001991239546263357,0.013532814942081162,0.6975331616058416
357,0.3263412736011477,0.5070298625026758,0.014861188546153878,0.018854003281203575,0.13291367206881904
358,0.2971653334323342,0.5387697027505447,0.017276161005153945,0.03621179970461197,0.11057700310735523
359,0.07824708335567253,0.2225857077159509,0.02021491935284263,0.016003682406290902,0.662948607169243
360,0.28970504763116767,0.5060337422370251,0.009006497920523998,0.0626720058240027,0.13258270638728045
361,0.18711983564533632,0.6582909385003735,0.02431602073327352,0.09541705925364243,0.034856145867374226
362,0.39601987764346247,0.3506997397322281,0.006200966485849734,0.07135579691819388,0.17572361922026578
363,0.10451133500145178,0.7232435915871245,0.04638140892988739,0.10953647238670736,0.01632719209482906
364,0.09273844601782588,0.0711795833613763,0.0007114330214639024,0.018010272389120233,0.8173602652102137
365,0.455252206736093,0.3858620585962416,0.010866405940347965,0.08018520334229316,0.06783412538502415
366,0.10353931667281303,0.8157587828223729,0.015527442378588021,0.0396926593565829,0.025481798769643023
367,0.21672926602355466,0.5782213185570203,0.007900305021760397,0.05517758588976361,0.14197152450790101
368,0.1746298318406638,0.49658563180893583,0.021925887078259914,0.24851701114828506,0.0583416381238553
369,0.23647620938849812,0.4433350519961763,0.008562593076827855,0.1239666295730009,0.18765951596549693
370,0.13374613532573335,0.7291062402570614,0.02472180719813958,0.08938028883041532,0.0230455283886503
371,0.16900368364737955,0.5918601484982625,0.018974046704789974,0.1844267108108594,0.035735410338708584
372,0.08741293569378192,0.18417691615731965,0.005417964114749385,0.02304402427957403,0.6999481597545749
373,0.23787919859073384,0.36270564014545226,0.013555325258535866,0.281023050117493,0.10483678588778503
374,0.22974622466937752,0.30713803501777714,0.0034484887115923423,0.013441611437433667,0.4462256401638193
375,0.3717358443882712,0.5275564555448203,0.00945105387502224,0.020764267214412185,0.07049237897747412
376,0.29227357685501976,0.45823172290622305,0.006757753292219123,0.09764476366188735,0.14509218328465068
377,0.3181904632609696,0.5147293799274093,0.0027934512200496558,0.07179206495697546,0.09249464063459588
378,0.20376834957534903,0.47456216402822965,0.009190698356289393,0.23829309134874727,0.07418569669138476
379,0.2756633801182498,0.22860930244878103,0.0010852691090103667,0.3412309650836728,0.1534110832402861
380,0.2873651791856501,0.27380855079062416,0.012099500954527907,0.3289312951220968,0.09779547394710114
381,0.1045254648278904,0.10568652223685435,0.0036623843570407397,0.03124061239613393,0.7548850161820807
382,0.16397480814992552,0.21123404419727482,0.011434888053321213,0.04612051735590907,0.5672357422435694
