epoch,N1,N2,N3,R,W
0,0.003891612667913326,9.138263204667466e-05,1.2261565286549407e-09,2.510463915802898e-05,0.9959918988347255
1,0.0024853286122229336,0.00018480042464436784,1.178766730345218e-05,0.00012636728661838062,0.9971917160092107
2,0.011746511528239842,0.00031694119328959565,6.190559105081512e-06,0.00019271024753677517,0.9877376464718287
3,0.07074781863923328,0.001336729710044017,2.859674075112725e-05,0.0012645662577656668,0.926622288652206
4,0.0010938179275108895,0.00037930914315071143,2.048864462497302e-05,0.0001471464781498919,0.9983592378065635
5,0.19332629679071486,0.0027961329925152126,5.033820648812651e-05,0.0031042008692070532,0.8007230311410748
6,0.20005369532809691,0.005199472913750309,6.805074240476116e-05,0.00493030586435634,0.7897484751513917
7,0.4342690990463545,0.009340818532868677,0.00010842314013700923,0.006519251759291751,0.549762407521348
8,0.040742338318355976,0.2261825950537301,0.012993147540947355,0.0020267086639108086,0.7180552104230558
9,0.038231265737824656,0.011288222356874265,0.00024154532484997718,0.0040637616137965075,0.9461752049666545
10,0.06065925398647342,0.5536857261676303,0.01074353739067316,0.005509184918671396,0.3694022975365516
11,0.040842538389346233,0.12402953318692235,0.007373890368122198,0.003994005955544488,0.8237600321000647
12,0.5558493120186866,0.08539134205901848,0.0008189377456991085,0.09480693900075804,0.2631334691758377
13,0.026852032839135904,0.7560502502416993,0.16700543878643367,0.0013047371289287295,0.048787541003802254
14,0.013579317805192654,0.006644326494615323,0.0003590292541561581,0.0007551089824674649,0.9786622174635684
15,0.3237504427032885,0.05172660223206692,0.0007729708266137902,0.008763813109286556,0.6149861711287442
16,0.48133728828435784,0.3017509411698185,0.003917391844920117,0.06199723334556119,0.1509971453553424
17,0.10149178740423956,0.785630186698911,0.04567839338646259,0.0018041832979721927,0.06539544921241462
18,0.19750091505411793,0.43615851145037215,0.0010692217795428484,0.1965261467208562,0.1687452049951109
19,0.07395204999798989,0.8568405934332145,0.0029770467578469125,0.014577034277386951,0.05165327553356156
20,0.31248398626120266,0.13940411076500836,0.00016682729135742726,0.08439355667120192,0.46355151901122954
21,0.054821903602854535,0.8251749506825499,0.08001439510191705,0.0014701209877080433,0.03851862962497037
22,0.1908673244488368,0.18405193452158555,0.0002687887023603261,0.011956382899760322,0.612855569427457
23,0.08390425573204631,0.8424665970812268,0.003695297968471686,0.0016487387734809174,0.06828511044477431
24,0.18644259503065347,0.6683364978952065,0.0006378513196502611,0.00832777182078974,0.1362552839336999
25,0.02427567148445745,0.8473624250424793,0.1016215450983082,0.00037804040913760515,0.026362317965617273
26,0.01744891527446435,0.02128558794799423,0.0004156062375035873,0.000978801245814331,0.9598710892942235
27,0.16691017563942612,0.6277614009042878,0.001197774286652065,0.0018120293247124643,0.20231861984492144
28,0.03950304508273385,0.8610240575038317,0.007732018782923875,0.0012980232480009144,0.09044285538250957
29,0.01697624660560059,0.9326243839137329,0.01795304451782526,0.0006831904702637354,0.03176313449257731
30,0.020420188534045806,0.9665755847310707,0.003261415833924081,0.0010790009418215854,0.008663809959137816
31,0.009139240011689174,0.9752870114183297,0.010611826467390673,0.00037978638931882193,0.004582135713271467
32,0.02133038950854294,0.9691584182946146,0.003775305419961946,0.000363156146656579,0.0053727306302241385
33,0.029148842841330937,0.9567414597776924,0.007620693231448187,0.0003752330904656199,0.006113771059062794
34,0.013324050446302992,0.9547460931198283,0.02781565568477756,0.0001719506894833649,0.00394225005960794
35,0.012895527013058116,0.8818682181074518,0.10202105104572924,0.00029977480192394196,0.002915429031836917
36,0.006402622573439089,0.967432617488851,0.023730601941065473,0.0001426379994469463,0.002291519997197638
37,0.011771244356670223,0.974004021869763,0.009040251664825803,0.00012963229289837493,0.005054849815842601
38,0.00446541509795126,0.8049357533104655,0.1864693834965014,0.00011921724526809645,0.0040102308498136145
39,0.020767527404962176,0.9581153570296529,0.01685070742163303,0.0001503316322236078,0.004116076511528273
40,0.003126369657490227,0.8194020319756719,0.17533527202322144,7.209256431658215e-05,0.002064233779300197
41,0.01209936332073982,0.9261938489571606,0.05331935841056913,0.00013562575086658232,0.008251803560663663
42,0.0019126427495971166,0.7415500187224633,0.2531226723710344,9.412431555684167e-05,0.0033205418413482547
43,0.016341426031786725,0.9553702012435373,0.023131919781983507,0.0003237085535479016,0.004832744389144345
44,0.003636571365580481,0.8807141541300484,0.1130089318371047,0.00021507779625133482,0.0024252648710153045
45,0.003813123405961618,0.8692990779850562,0.12233472076819131,0.0005300520077725407,0.004023025833018222
46,0.002605648899693777,0.8593846810776219,0.13619334578626252,0.00021707876524405546,0.0015992454711776306
47,0.009279877707972374,0.9331989597478024,0.05360359572615214,0.0005209685507759273,0.0033965982672970606
48,0.008759946886341734,0.9642335506304309,0.02486788680200516,0.00028063504045111826,0.0018579806407708142
49,0.01386791332661084,0.8394051952279215,0.14282005680333804,0.00019365959741197086,0.0037131750447176037
50,0.0011113423517524527,0.6036255233269749,0.39337505851016524,6.277345017835375e-05,0.0018253023609290109
51,0.014095162297927594,0.9003656768510403,0.07885896279299108,0.0002133317680589567,0.006466866289982097
52,0.006471284058957096,0.9366860417954531,0.05439643336129066,0.00020402627329070642,0.0022422145110083283
53,0.012275021216091395,0.9269239782687781,0.05736299105256127,0.0002335852290179056,0.00320442423355141
54,0.0014832450865010132,0.7569711476142754,0.24003918551677406,2.944705953391985e-05,0.0014769747229154463
55,0.006640436842262136,0.6575832087592263,0.3324230852265676,9.686568356941685e-05,0.0032564034883744435
56,0.0021888337184969154,0.7023845039991671,0.2931512651207938,7.863466160547806e-05,0.002196762499936671
57,0.013914195618398023,0.705375110861721,0.2771160897239176,0.00014522051077192556,0.0034493832851913374
58,0.0012349984443380444,0.4495189734814524,0.5460263780578132,4.8903956668256755e-05,0.0031707460597281013
59,0.0026935080778020455,0.6014994253430379,0.393374632982636,5.145262277528829e-05,0.002380980973748777
60,0.0013667399413724158,0.6788784965887175,0.3171138119794809,4.628163909590815e-05,0.00259466985133326
61,0.0026773613430175875,0.2958607088059914,0.6976451525684672,6.610287959818701e-05,0.003750674402925541
62,0.0015305200281806228,0.5109389901077456,0.48398548034348665,5.050043270777736e-05,0.003494509087879437
63,0.0031432204264954084,0.4241649978767613,0.5700544095936196,6.49915801596337e-05,0.002572380522963832
64,0.0012992137354050095,0.2433663018728448,0.7532403960579056,4.757509299490798e-05,0.0020465132408497835
65,0.0037977403819534476,0.2722882859775757,0.7195689254403472,0.0001354073844987301,0.004209640815624925
66,0.0014748471144110779,0.37181083204418125,0.6229402823166796,7.549651447297932e-05,0.0036985420102550876
67,0.006325403140689435,0.5795939330025249,0.40991609239461846,0.00017535954852045167,0.003989211913646856
68,0.003356002297897179,0.820222005091324,0.1736113507090544,0.00011719191778581655,0.0026934499839386303
69,0.002622496929921481,0.3673412928589013,0.6275609990927382,7.350174749156647e-05,0.002401709370947385
70,0.0015754290122559358,0.5966230002777152,0.3996752450286187,0.00010302971543086862,0.0020232959659792086
71,0.010053293758916485,0.6652153461093585,0.31971073130392014,0.00025621712765736774,0.004764411700147456
72,0.014677885266181568,0.850942485650265,0.12922231433598516,0.0003534448115914452,0.004803869935976882
73,0.0029766350544166474,0.7391000038665816,0.25466780987708215,0.00014628318591572602,0.003109268016004001
74,0.009521718593793914,0.7081140215401094,0.27733891735970695,0.0002485760547856682,0.004776766451604178
75,0.0019206956319329953,0.7167548083159595,0.2785325867744626,8.410537220563573e-05,0.0027078039054393363
76,0.013234770284928263,0.9465192633808915,0.03654957617922028,0.0007300139193268302,0.002966376235633098
77,0.0062777248139692056,0.7675866689512942,0.22238041855336127,0.000515079642667692,0.0032401080387076753
78,0.013192122657818632,0.874543403349847,0.10729057737289123,0.0012452657870787249,0.003728630832364258
79,0.026798840690080934,0.9412508697443621,0.028412307503198765,0.0005338469699573208,0.0030041350924008754
80,0.006730400857995504,0.8903406811974335,0.10041426796577857,0.0003827477429686172,0.0021319022358238624
81,0.07602383634685686,0.6094107256385847,0.031787236859366956,0.0006703081607313603,0.28210789299446015
82,0.03756157830850376,0.9142412662876791,0.043470660898373766,0.00027296007653355476,0.004453534428909767
83,0.056760555585470204,0.8866011225313069,0.051344574589537235,0.00037991944010768477,0.004913827853577919
84,0.0033142425990237436,0.8077511292767819,0.18535769110610884,6.208025393295987e-05,0.0035148567641527404
85,0.005332288542862111,0.9177131996712757,0.07422469475935362,0.00013843345130826553,0.002591383575200103
86,0.004070390079329436,0.43010966611241214,0.5627741076890556,0.00010441651710674696,0.0029414196020961314
87,0.006745900862051259,0.766502578679142,0.22430253464031358,0.00016054089157913572,0.002288444926914184
88,0.0031053639226252486,0.7071172333728343,0.2874660685212975,0.00011400556468304486,0.002197328618559756
89,0.001082667967967953,0.3450377152012338,0.6521681329242986,6.099050544230752e-05,0.0016504934010573404
90,0.0022763422170702526,0.41860321017927427,0.5777932883980238,5.1415812217420153e-05,0.0012757433934143057
91,0.0023707833382872524,0.6415245880886052,0.3544551340109723,0.00010819125239978549,0.001541303309735358
92,0.0021166951028830754,0.36567495674323075,0.6298825459698008,0.00013154727753243565,0.0021942549065529365
93,0.0021514041530589097,0.5213437700489072,0.47417917799260534,0.00016635588189680447,0.0021592919235316416
94,0.002469076318223949,0.4499722973782942,0.5445533728903365,0.0002180939524304559,0.0027871594607149033
95,0.0042291554533073665,0.8011251809490959,0.19175379119733912,0.0003060782426864001,0.0025857941575711525
96,0.0013711070186090478,0.3541893031076204,0.6414778108690069,0.0001419049082700451,0.0028198740964934478
97,0.002226685476565992,0.2383316313585704,0.7545941200429489,0.00016597782358116265,0.0046815852983336
98,0.03300693767438993,0.7353307906354701,0.18631725848117717,0.0016715460761956963,0.043673467132767124
99,0.1175613862602072,0.8103483297043704,0.01724051713572365,0.016032926780323486,0.038816840119375425
100,0.019638184764354458,0.9189472873967319,0.0529760356975752,0.002680763615490283,0.0057577285258484144
101,0.05629584042655378,0.8917431871110573,0.04130623952341435,0.0050278327156913815,0.005626900223283236
102,0.004527724990794087,0.8857225034243701,0.09646700143518586,0.011201295095607385,0.00208147505404259
103,0.18970283309995684,0.6208354686915055,0.003437773386155119,0.16227734446999914,0.023746580352383292
104,0.026050795992610693,0.9499235089822022,0.0015579908991585549,0.017281965827800033,0.005185738298228314
105,0.010248812612067981,0.9607024378955912,0.014839963587947189,0.010732684958919925,0.003476100945473607
106,0.2641481146665682,0.3602944710130529,0.0004093153368138333,0.3455715398065805,0.029576559176984485
107,0.021634773362941225,0.8829371493096111,0.0005555835996809781,0.08884497326274277,0.006027520465023969
108,0.04481342368336349,0.8007106337265315,0.000740636883547635,0.14167434964076134,0.012060956065795849
109,0.3445020758691417,0.09036623010385056,0.00018607093538947121,0.5278476475656045,0.037097975526013745
110,0.05983518248819108,0.49845561548845957,0.00019544781092895066,0.431295966432187,0.010217787780233528
111,0.1433598123435426,0.04870768820582838,0.00010319727773313981,0.7680051628167894,0.03982413935610632
112,0.12907069682172045,0.48058774852252256,0.0012809930366988569,0.36684186715448525,0.02221869446457275
113,0.07863880147383696,0.051329061478839984,6.344128670874441e-05,0.849136800544649,0.02083189521596512
114,0.16135821441873102,0.17758885735038327,0.0003724672585514917,0.623503739882841,0.0371767210894933
115,0.11069390046896826,0.11712017174795619,0.0003443658433548796,0.46215524360461113,0.30968631833510957
116,0.20254144976194188,0.09482072577198733,0.00020852456596158952,0.6635824969698689,0.03884680293024031
117,0.08092488185937687,0.05236705461604401,0.00014777367725015745,0.8365496484758272,0.03001064137150175
118,0.2020634748753068,0.027215880916379304,5.3921972290084566e-05,0.6004852724717025,0.17018144976432129
119,0.08660961881049134,0.08977390503112456,0.00015202123575261967,0.7979298291178974,0.025534625804734014
120,0.16173317912877241,0.020749941456512672,4.3204443697850184e-05,0.7762942472204086,0.041179427750608406
121,0.11738081532830656,0.08327414998054497,0.0001221707506800049,0.7850719234290175,0.014150940511450822
122,0.0887571408975688,0.01846711623847189,4.022966915966866e-05,0.8659269877951183,0.02680852539968135
123,0.12399017009714602,0.03171851819824298,0.00010306051461654746,0.8191596961918036,0.025028554998190924
124,0.046407582997430766,0.028484611081530917,8.587340300617029e-05,0.9082528382804187,0.016769094237613625
125,0.11069255397832113,0.047266450462093,0.00014573873114939083,0.2705471014725249,0.5713481553559117
126,0.09366044088289471,0.04087322197206869,3.392805533378608e-05,0.8269562891643903,0.0384761199253124
127,0.15319465824050532,0.08193863272400786,8.849796724019593e-05,0.7446597895095749,0.02011842155867168
128,0.08629636176574194,0.11963622105107409,0.00013855721448761645,0.7677690838679343,0.026159776100761943
129,0.049133214018241396,0.058533731390145824,0.00018105450781371408,0.8844408044546432,0.007711195629155924
130,0.0456915757450017,0.03746021096283266,6.723197714140722e-05,0.9056259636210879,0.011155017693936193
131,0.05832043475320808,0.015609011021863572,6.710288658367499e-05,0.9043914236158273,0.021612027722517413
132,0.09617135760059667,0.016523566093978773,3.7938449942666196e-05,0.8408816686054815,0.04638546925000047
133,0.30120821738921616,0.024760122641442815,1.749009172483941e-05,0.5864006299986797,0.08761353987893651
134,0.3838984168268516,0.05321043487710669,2.9096215839026885e-05,0.5164847429423123,0.04637730913789047
135,0.2005322368207789,0.31069175964076257,5.460875704708289e-05,0.46115670183234475,0.027564692949066855
136,0.09860727819558451,0.37194457108220735,0.0007352711148762772,0.5050429745807751,0.023669905026556744
137,0.06545736003852554,0.16686767445488593,0.00010761732811973238,0.7042677891960546,0.0632995589824142
138,0.11384339793401695,0.147300931769193,0.0003122661776356885,0.7045616536673832,0.03398175045177104
139,0.04240506253264859,0.7734289590918949,0.0013674791825633178,0.16005535292153164,0.022743146271361484
140,0.1445795079092171,0.0850563155418749,0.0002092907930225821,0.7218931329473527,0.048261752808532746
141,0.08231317839490032,0.5571977487397161,0.00036998238140611734,0.3325980018005041,0.027521088683473457
142,0.05135191825837317,0.7847592728927539,0.0003957510313300347,0.1349907042651789,0.028502353552364017
143,0.2814264383536425,0.28357176925509714,0.0006143770882245569,0.39538972569737896,0.03899768960565698
144,0.04743464382831488,0.8968228240141177,0.001932690257546771,0.029578596066872694,0.024231245833147886
145,0.41178589195996707,0.27065482169003446,0.0007854918192749483,0.22979236745983989,0.08698142707088356
146,0.15220907719694893,0.7991362491396349,0.0005560341848085288,0.029900783554770327,0.018197855923837436
147,0.027043373718520856,0.9608897770628436,0.0008288496817208088,0.005161578143778199,0.006076421393136477
148,0.10223918920212781,0.8720160331063164,0.0007498960425362155,0.012273189963734615,0.01272169168528509
149,0.003972521417060124,0.9825987192354538,0.009584450613311023,0.001612495432044431,0.002231813302130561
150,0.16551013435247344,0.7504907128695959,0.001277599013224527,0.03074620779063857,0.05197534597406762
151,0.005697059377698485,0.9845882982229777,0.0027936065139047127,0.00124301765750911,0.005678018227910115
152,0.08844352057052257,0.8431404248872626,0.0031012530999692672,0.03711403302664784,0.028200768415597665
153,0.004685627093733483,0.9886489100766328,0.0012355743270627724,0.00123817945768204,0.004191709044888943
154,0.33727227851937513,0.46903246175489915,0.0013752752975956502,0.1102964997634669,0.08202348466466318
155,0.06611748049275445,0.9126488943916714,0.0017307622531659097,0.010930451568269916,0.008572411294138346
156,0.0258293092741483,0.9678953922884604,0.0005016967319698568,0.0029582104958990893,0.002815391209522336
157,0.059666996036060155,0.9319654282998838,0.0015567766166827764,0.0028449676204211592,0.003965831426952164
158,0.015298068729039929,0.9794182873628162,0.0007412989396642727,0.0027246389764623083,0.0018177059920174929
159,0.03710725471223424,0.9519862859812791,0.0014088058607673384,0.005348061000489736,0.004149592445229564
160,0.019668402866505535,0.9759505069380028,0.0008346561991134428,0.0014068580027391708,0.0021395759936389384
161,0.0827556810055987,0.90409573749396,0.0008632995771536269,0.0009412904708664513,0.011343991452421282
162,0.0049857321663344676,0.9883988131901963,0.005681765399401679,9.116300593985369e-05,0.0008425262381280071
163,0.010739869325745702,0.9855320801579546,0.0021283346393441054,0.0004371217751582264,0.001162594101797184
164,0.005858616677356408,0.9897931040214898,0.0032226296816988695,0.00019330674844412625,0.0009323428710104663
165,0.011057743971939546,0.9670705703112441,0.01936471843849989,0.0005383374546381464,0.001968629823678371
166,0.0026396657995318034,0.979087528848103,0.017530450020229994,0.00013212210741983432,0.000610233224715224
167,0.004643111799759187,0.9596089072346217,0.03351101257032213,0.00020343644996789284,0.002033531945329242
168,0.0012775282988686215,0.8250496153422822,0.17291319298262695,7.883308306515772e-05,0.0006808302931571251
169,0.003173814362670856,0.8540393372647196,0.14140586119592305,0.00017259227110585508,0.0012083949055806894
170,0.0037230222679182985,0.9257538124652861,0.06937617222421666,0.00021162303359223924,0.0009353700089867241
171,0.0023992180951268346,0.8926565328901914,0.10343299233965986,0.0001693565974284914,0.0013419000775935343
172,0.0016099754836412623,0.7234781614626713,0.27372624647718874,0.00019314524874684908,0.0009924713277519367
173,0.001161860892887116,0.8707381523185658,0.1268230221052548,0.00014896664861056556,0.0011279980346815932
174,0.0006657626271459188,0.6789317650156197,0.31966594173077506,8.15802424463818e-05,0.000654950384012653
175,0.000430850177122257,0.4836300833112133,0.5152026836094468,6.530989582339971e-05,0.0006710730063942226
176,0.0026711713169120443,0.8842973673775174,0.11158112247414116,0.00044262167704935183,0.0010077171543801551
177,0.0018615714544032954,0.5205031788650618,0.475769620494419,0.00019429532441678362,0.0016713338616991082
178,0.004888171498282416,0.7775658424938644,0.21486421111546974,0.0007820837891903863,0.0018996911031928993
179,0.005712185666026484,0.850772418722151,0.1403320887666303,0.0009021018857313358,0.002281204959460737
180,0.0017612608388564077,0.50014456292662,0.4955734844163295,0.0003929973725810677,0.002127694445613113
181,0.0036606666243785956,0.6328405654534383,0.3565787848930346,0.0011966868238088076,0.005723296205339573
182,0.05385245856725269,0.19558014239601834,0.04911251691385317,0.008750429002819481,0.6927044531200564
183,0.11672262542602899,0.7949606900617991,0.01698416668648678,0.04048581243551262,0.030846705390172452
184,0.11881915528720119,0.24880506898301583,0.0025017974285625622,0.01792507446204762,0.6119489038391729
185,0.3227656705310151,0.5926238318945144,0.0017938322762492708,0.01833011725514025,0.06448654804308084
186,0.12089818768309042,0.6760601787660478,0.0015396034049465935,0.005887863453678574,0.19561416669223658
187,0.34047310137539144,0.22633817947903556,0.0007000344477897933,0.11492497087383932,0.3175637138239438
188,0.34670241369111304,0.26749010479568663,0.00015108570985080953,0.3524906820921253,0.03316571371122441
189,0.11323373585496875,0.6796534085636186,0.0013138410562826023,0.053705061741493094,0.15209395278363685
190,0.1832703349433,0.10851274380447946,0.00021376643827713068,0.0672460439790964,0.6407571108348469
191,0.20048183725405774,0.7431903760492935,0.000523077903502914,0.024585918785894424,0.031218790007251383
192,0.06763288653937768,0.9166265942019679,0.0007173288657883053,0.004792191957271011,0.010230998435595145
193,0.07054607624129654,0.9219173748162569,0.0004887072933949138,0.004428659759180887,0.002619181889870826
194,0.003906706418505562,0.9905978005468835,0.0032908291455365337,0.0009434402861951918,0.0012612236028790105
195,0.060108468580846494,0.42668245790308734,0.03020916671325329,0.004076326454404087,0.47892358034840865
196,0.4397749089451048,0.5135657622747691,0.0014866065162220893,0.008345463386233234,0.036827258877670736
197,0.057755991438686136,0.9364419794832551,0.0004826608007726203,0.0006256576642456492,0.004693710613040444
198,0.08733475811973528,0.9060513164994711,0.0014521113217649307,0.0002691938109267425,0.004892620248101934
199,0.03908961722718176,0.9512510636765685,0.002825754361952233,0.001567112963619091,0.005266451770678443
200,0.0015693873310686827,0.9849725200168136,0.011241123138197535,0.0004328159634573539,0.0017841535504628757
201,0.03857135135768145,0.6915472673067312,0.013989288738627495,0.0006173173927060888,0.25527477520425373
202,0.2000943824689333,0.4014611730738127,0.01055243175699749,0.0018005983595933428,0.38609141434066313
203,0.09040740841051749,0.8817301244439799,0.001375376960526775,0.00024120794920984542,0.02624588223576609
204,0.02806481169028635,0.9522076514876862,0.01657417321753772,0.00013493391107364844,0.003018429693416047
205,0.023194572894039294,0.9584758649329831,0.014063274721930002,0.00021175116554841933,0.004054536285499238
206,0.010974225893862743,0.9684679257557163,0.015469460229731016,0.0006650178091732089,0.004423370311516677
207,0.005982135932818295,0.9392287734039663,0.049318383294668054,0.0011270138542134104,0.004343693514333781
208,0.01693181732052884,0.9614042536468603,0.015265739424069776,0.002905306319708573,0.0034928832888323786
209,0.012936000711443475,0.9534347845981223,0.027137390606860816,0.003048213607722216,0.003443610475851182
210,0.0028726110904669826,0.8573714221590285,0.1356905912727853,0.0011600161505983908,0.002905359327120821
211,0.024304641722760374,0.04335997920781494,0.00767840172328041,0.0008155085877816695,0.9238414687583626
212,0.36715114299738166,0.5830313875761647,0.0016250167217425832,0.0038101889827235817,0.04438226372198735
213,0.5599497356327956,0.40475096612241085,0.0014629931425508109,0.0029304714565787163,0.030905833645664085
214,0.3047789915075536,0.6662688912206286,0.001972223424625907,0.0025046221858785775,0.02447527166131323
215,0.009084834982315229,0.9394270649904434,0.03381770507943042,0.005648548803950926,0.012021846143860229
216,0.14396703038683428,0.6145065470393987,0.0009752257161851329,0.16047737420570965,0.08007382265187227
217,0.022113918018158776,0.859385121162519,0.0015065317599493836,0.02921182795763365,0.08778260110173915
218,0.06052392564114036,0.029810223858340007,0.00017480968730238655,0.0927809911932895,0.8167100496199279
219,0.13708905842839822,0.006060692214205389,3.6023205220465334e-05,0.19320233611970683,0.6636118900324691
220,0.06513739044326992,0.015459583014310635,0.00013519462166451757,0.05325781352583123,0.8660100183949238
221,0.45587849973664263,0.0029804459092576544,1.9832533146611067e-05,0.07380389852894324,0.46731732329200987
222,0.7059146954569191,0.004544686822524132,3.010576152440512e-05,0.129366602057781,0.1601439099012514
223,0.49254862287183043,0.00880420200752047,2.5640292982418486e-05,0.2818898165362675,0.21673171829139923
224,0.5916018283973473,0.04042577288434417,3.644554905785037e-05,0.2367271282245741,0.1312088249446765
225,0.3744313628811501,0.07939766800870997,6.0228487763864075e-05,0.5047997632517223,0.041310977370653805
226,0.10113863360220503,0.7583256091193193,0.0056389865743117105,0.11462810614389646,0.020268664560267578
227,0.03527385366179086,0.01942454792077233,0.00039313540299223645,0.10420629867461426,0.8407021643398302
228,0.33603193574761575,0.03805932294194726,0.00010212860508972278,0.571211322724752,0.05459528998059535
229,0.1680565371700811,0.4144067357685713,0.0018890093717684787,0.36543780658567604,0.05020991110390306
230,0.6046573874876441,0.14160370932858166,4.11472462171493e-05,0.23037811058465296,0.0233196453529041
231,0.07358103887771299,0.6675966120443638,0.0006216223768349914,0.24412954541871945,0.014071181282368858
232,0.19285892607387953,0.12753401800280348,0.00029374601759920855,0.5924549008987171,0.08685840900700066
233,0.16709982075918986,0.4563337833542591,0.0003848674076467668,0.3524372211541534,0.02374430732475089
234,0.1787516442054813,0.2657873408285603,0.0005448847897422184,0.5357648851256724,0.01915124505054369
235,0.31500682265185087,0.06165451219034122,7.244424341337842e-05,0.5472435722257847,0.07602264868860975
236,0.0639403423903823,0.8483586380895122,0.0018964314460060397,0.0783056881733553,0.007498899900744181
237,0.1996507069282806,0.2777258387996053,0.0002089588754795455,0.45560476318607684,0.06680973221055765
238,0.19000989403524962,0.5768814121885328,0.000275240348235332,0.21417053066780906,0.01866292276017321
239,0.05461494276258507,0.7483211488340304,0.0007798103185801564,0.18642753971494438,0.009856558369859965
240,0.23046140878749885,0.6485121545661451,0.0005073803704210031,0.100277297501704,0.020241758774230893
241,0.012065178082677765,0.9707983989811558,0.002775206011507514,0.012458572737498471,0.0019026441871603755
242,0.07485006459234285,0.767028835705458,0.00019438049400948652,0.1486528515580666,0.009273867650123195
243,0.006529081880314565,0.9771237834625215,0.0016850767711911658,0.012913316920063181,0.001748740965909617
244,0.22889475110553423,0.33092803680327837,0.0004011266272726946,0.3919640689251383,0.047812016538776494
245,0.01592877017937969,0.9632625271180341,0.0005121015699244378,0.015626098767051587,0.004670502365610301
246,0.32944679723203246,0.4123328419305068,0.00030242483305570133,0.13095273347293962,0.12696520253146543
247,0.012685599507897164,0.9685500017668719,0.01497617128723087,0.0016425029420639769,0.0021457244959361054
248,0.14389800557082075,0.7908130747754349,0.0003823457914336634,0.03322007967703748,0.031686494185273126
249,0.0207910892193905,0.9562814897132049,0.0013047445104904976,0.012003942588523867,0.009618733968390091
250,0.007573530026449147,0.9751664544276188,0.0017137662313558726,0.013201094811658499,0.002345154502917465
251,0.05883139166057574,0.8787655688462316,0.000851736779621483,0.02526054810817642,0.03629075460539484
252,0.0978352439032289,0.8531231468233177,0.001092567330024371,0.035241476327932744,0.012707565615496182
253,0.30352045055646115,0.145853798662277,0.0007591964813509357,0.026063861981187594,0.5238026923187233
254,0.03563361110747817,0.9558507880821616,0.0022727281761368576,0.003838003028186993,0.0024048696060363834
255,0.22843687403475368,0.7372905043364906,0.0003652784795227615,0.019322158141651828,0.014585185007581046
256,0.06434090688681542,0.9131724447918445,0.0004837557675931861,0.01881969093650937,0.003183201617237895
257,0.07708263861326665,0.8861215552037259,0.0003516018157933765,0.024527520131188415,0.011916684236025675
258,0.0290461272855246,0.9579813385975084,0.004624625628428309,0.005005227549639035,0.0033426809388995772
259,0.31863041785359486,0.4231692415431752,0.0003757357315028475,0.20087330792540478,0.056951296946322415
260,0.02922632429780524,0.9521436415474566,0.0005875012839722564,0.009966789093784147,0.008075743776981772
261,0.018947228011124854,0.01502075164152782,0.0008486723173574281,0.0009130375860085913,0.9642703104439813
262,0.6472461460418855,0.2788074160381448,0.0006821696434115999,0.002926958916255356,0.07033730936030273
263,0.26627378095642334,0.710696562143325,0.0008679189472822407,0.002632192390257473,0.0195295455627119
264,0.38357774191262606,0.5821051499925306,0.0010186572824204586,0.002470365530291366,0.030828085282131455
265,0.014675677835779572,0.9797564794602354,0.002626891764867087,0.0014913452463999302,0.0014496056927179525
266,0.20254341908373324,0.7524601336667934,0.0010392490027440874,0.005795549114059425,0.038161649132669874
267,0.046169165337297736,0.9500613328397638,0.0003367278798947654,0.0018002531163389247,0.0016325208267046626
268,0.004504749356510744,0.9930412029963277,0.0015725732548839363,0.00022010251083276412,0.0006613718814449518
269,0.1247506241476125,0.86906750661879,0.00042237041494596836,0.0017942982534584642,0.00396520056519312
270,0.004269819283930357,0.9919133410661963,0.002629742399841462,0.00011219147950660402,0.0010749057705252976
271,0.007319203183527698,0.9896521573384187,0.0018660654899747906,0.00017915151774989236,0.0009834224703289258
272,0.0039056016596071773,0.9765259427842465,0.018706294249566543,0.00010096751077681173,0.0007611937958029431
273,0.012944958660273793,0.96189768217969,0.022694217360039962,0.0005934382365407036,0.0018697035634555289
274,0.0012303750847427236,0.9783116558929726,0.01906850145599085,8.026960871586069e-05,0.0013091979575781396
275,0.011852083112525369,0.95577888615362,0.02834073746003751,0.0005005865079671166,0.003527706765849952
276,0.003350376747011017,0.956683632804456,0.03851059813780617,0.0002470931902596063,0.001208299120466987
277,0.002549762260057838,0.9642482325179575,0.032140403236049914,0.00011366950437807683,0.0009479324815565902
278,0.001341871326133021,0.9206228715839401,0.07710080587039102,0.00015155301488864844,0.0007828982046469964
279,0.0023804760729100568,0.926240642468446,0.06990974229399417,0.00043292999363664337,0.001036209171013113
280,0.002920964406501872,0.9020870540162261,0.09313177908601318,0.00027490886713333874,0.001585293624125552
281,0.0007300929876961574,0.7833359126018135,0.21514522891832003,0.00017463610295860365,0.000614129389212022
282,0.0005095053888831934,0.7414457513666447,0.2572627898504464,0.00010540096197845498,0.000676552432047062
283,0.0010659957134654203,0.6498475949906408,0.3478771648828422,0.00013037016770015345,0.0010788742453513953
284,0.0014273792687088695,0.810466019299997,0.18658490290133303,0.00021809720847387051,0.0013036013214871357
285,0.0008974318217602841,0.5684659380606045,0.42992153089982293,6.358198445335527e-05,0.0006515172333588466
286,0.0009121704668261386,0.7962516615422722,0.2012149258882137,0.00023627473295702173,0.0013849673697308527
287,0.00019679033757721964,0.15703399282407063,0.8423824206654335,3.716520131396923e-05,0.0003496309716047461
288,0.00048201894121133366,0.368221375415113,0.6305151379585153,0.00013799171632477482,0.0006434759688354783
289,0.0005701958857104405,0.35372015206063473,0.6449993957454944,0.00013122737714317624,0.000579028931017423
290,0.0005468068196260461,0.18424453390000745,0.8145571323595584,0.00012554282816914185,0.0005259840926389493
291,0.0005405980308111509,0.22491722718453516,0.7738687040716798,0.00012696508489002788,0.0005465056280838783
292,0.00058476580747497,0.2386470095109007,0.7600490618796562,0.00012771744956994064,0.0005914453523981368
293,0.001225999978927909,0.19676331457888724,0.8000533053152676,0.00042635703839398866,0.0015310230885232437
294,0.0006224518845702622,0.15412621646693034,0.8439081010521708,0.00022497097830711667,0.0011182596180213356
295,0.0034540792634526027,0.6090295958700128,0.3830812602817816,0.0014844410920328804,0.0029506234927200877
296,0.02718838636821213,0.4421271150836989,0.4909461834624858,0.011972609267459909,0.027765705818143225
297,0.13625709625878352,0.213583764611922,0.006687370178673459,0.013549634487001075,0.62992213446362
298,0.18257018833350314,0.7813329863913557,0.010282617539811273,0.011959631015897126,0.013854576719432665
299,0.5846026273149879,0.36985908667694484,0.005708943715915954,0.019627718140130125,0.02020162415202124
300,0.05405381364794423,0.9248781189102089,0.010877414272838854,0.005676903387645145,0.004513749781362911
301,0.16661916919476022,0.6681937413985168,0.0015116287225007089,0.1368356957615006,0.026839764922721786
302,0.12924745694460418,0.6720848469348033,0.00035110373564321016,0.1711325246062059,0.027184067778743378
303,0.09145634778104689,0.73412108315394,0.0007340619876136469,0.1676878921093201,0.0060006149680795874
304,0.3758785501469264,0.3496405653864051,0.0004908722265194752,0.21320933338934744,0.0607806788508016
305,0.07565923248084672,0.7828183619284471,0.0007916402229092693,0.13598199233271094,0.0047487730350858764
306,0.1699425130146509,0.47657277299185824,0.0008894248325025952,0.32972691424660533,0.022868374914383087
307,0.017650241696293,0.9430982198755551,0.0005854956795804033,0.03634339662388957,0.002322646124681708
308,0.21365382625726764,0.5047072637273212,0.0007787221283195665,0.25674967441455243,0.024110513472539154
309,0.05085518190688356,0.9225052523050935,0.0012226915735941122,0.021703416794132055,0.0037134574202965166
310,0.3808689941466119,0.29513263684567015,0.00043629150692189514,0.29265029483236543,0.03091178266843059
311,0.017104298890120658,0.9717352522040736,0.001515105265333187,0.008223043521457718,0.0014223001190147482
312,0.29491888629531515,0.3368542173393934,0.0007688993215430418,0.08010316889530691,0.28735482814844143
313,0.08524735329900998,0.8879664230391523,0.0002366935178333037,0.021319410695860082,0.005230119448144502
314,0.018240876616610207,0.9640624503591869,0.010014074431237915,0.006063435191240627,0.0016191634017245994
315,0.01126186823395482,0.9726402789465876,0.0010360200638005938,0.013466686097162393,0.0015951466584945338
316,0.11972347979764454,0.2271868858468515,0.0024174579416502383,0.19634279332437418,0.45432938308947957
317,0.24960123865313527,0.16793857638798929,0.00018841472403199945,0.5498918915676665,0.03237987866717683
318,0.1044485348130958,0.5665076250028831,0.0001739167892743187,0.2971605633489796,0.03170936004576715
319,0.17742332386339763,0.5382055380952943,0.000321218821460339,0.26861872033657486,0.015431198883272953
320,0.08590000473892634,0.4336842425421565,0.0001285878240174508,0.4756622555198108,0.004624909375088971
321,0.04537463165621067,0.11595276805436004,0.00022187407710797284,0.8344550058473718,0.003995720364949537
322,0.06683615796530909,0.04559227875869658,7.132125810565289e-05,0.8338761002546401,0.053624141763248576
323,0.03267729137177971,0.020798407462892674,7.185911839498006e-05,0.9443124033926968,0.002140038654235678
324,0.019525899783242137,0.019428527548594712,6.469389338398375e-05,0.95934749341794,0.0016333853568393133
325,0.020303039682409478,0.009336130319188344,2.178622996899546e-05,0.9683128796195744,0.002026164148858886
326,0.015977857047700376,0.010637219641476882,3.254713243943547e-05,0.9694829389795855,0.003869437198797813
327,0.0050772217521198575,0.012496293988249349,2.2412632380907664e-05,0.9813378609747612,0.001066210652488822
328,0.012791986682140705,0.004228206867792156,1.688277408388356e-05,0.9807602556685847,0.0022026680073985163
329,0.02020911953874171,0.12038314819485418,0.0001097667721390442,0.8199858912237634,0.03931207427050162
330,0.02300907706378769,0.0037043650419910437,1.532381731887549e-05,0.9686095921271126,0.004661641949789648
331,0.04590697317709143,0.009556927500285611,2.346934534653717e-05,0.9384476591593204,0.006064970817956054
332,0.04796582822336233,0.0057647595350513526,1.572927486364726e-05,0.9397288573020957,0.006524825664627178
333,0.035477240695708366,0.0070520502460626406,8.569602115802801e-06,0.9555155727124874,0.0019465667436258192
334,0.04678748619421385,0.004727826028030882,5.574951285701871e-06,0.9234585374745388,0.025020575351930713
335,0.019558734491665022,0.002702987390811709,5.30668889311669e-06,0.975483560183421,0.0022494112452090048
336,0.008484327555004665,0.001648916912425079,2.234885913349107e-05,0.9866682510387688,0.003176155634668035
337,0.017453782384224376,0.0055483385468769655,0.00018489191789858352,0.9755544275553226,0.0012585595956772634
338,0.004527087013844296,0.003279967717713781,5.7864777428444565e-05,0.991058668063522,0.0010764124274912836
339,0.008640769780198026,0.002273548055894652,4.402049646855516e-05,0.9860821526733715,0.0029595089940672305
340,0.005570524998483559,0.003172096800145089,0.00012880195247976046,0.9883254975296025,0.0028030787192890403
341,0.007250569506078572,0.0008378461553129622,3.7290642333609096e-05,0.9902885464441262,0.0015857472521486598
342,0.01090111977159048,0.0024579368958466278,8.911413446128752e-05,0.9856900769577523,0.0008617522403493267
343,0.010278311288688512,0.0012586888617783555,7.618753195634915e-05,0.9854566807315862,0.0029301315859906374
344,0.015184213212048195,0.0028499381526094613,7.709731233412712e-05,0.9807135956029807,0.0011751557200274185
345,0.007819525726191516,0.0009648608221366191,3.864973371742262e-05,0.987578511795011,0.003598451922943536
346,0.023404987005014533,0.0047563684702823465,9.578551573940133e-05,0.969879901352118,0.0018629576568458756
347,0.012198532767871913,0.0022371882454049175,9.134708860572904e-06,0.9815405917609237,0.0040145525169389285
348,0.030645042165987242,0.015419686628314314,4.4856537647749176e-05,0.9499623794037045,0.003928035264346187
349,0.03703387662512526,0.005030040956023379,5.854571499189881e-06,0.9448662333866199,0.013063994460732207
350,0.07692856735240544,0.010625583637172056,5.708014633905495e-06,0.9037188331250164,0.008721307870772084
351,0.05722271084839353,0.013375949980793361,8.723146549286752e-06,0.9236695925609867,0.005723023463277197
352,0.13067509950151027,0.01933444073155575,1.78614070052072e-05,0.8401597568613549,0.009812841498573832
353,0.055423739795900415,0.01729696700195771,9.451924626458463e-05,0.5125618268802722,0.414622947075605
354,0.3141201038747502,0.012824398350106181,1.8935573357028424e-05,0.5807973528380306,0.0922392093637559
355,0.12181607773173521,0.12002578613326953,9.561421846247693e-05,0.7442936104937996,0.013768911422733166
356,0.18908166675876725,0.01795041447189273,5.7914227745208585e-05,0.7815174691388647,0.011392535402729968
357,0.05628192982044867,0.00961099212696087,1.2708705367079498e-05,0.9060991707209969,0.027995198626226434
358,0.17222794480190767,0.048325027485126286,7.529996528837538e-05,0.6996269122581315,0.07974481548954625
359,0.3507003882080147,0.09355227548518712,0.00011156447717167803,0.3890431307413999,0.16659264108822658
360,0.6500950016060772,0.04330093800216987,0.0001779256796273313,0.23259676100481574,0.07382937370730995
361,0.3032577287382575,0.28106990019561234,0.00046475691618019804,0.34292327949856294,0.072284334651387
362,0.3910021738856554,0.020518237455077436,0.00032115070569302515,0.24521000918006153,0.3429484287735128
363,0.1947923693099065,0.10944178417420483,0.0005563437218186293,0.2303229389209267,0.4648865638731433
364,0.0008776215096049703,0.0027824730369887824,1.9786976504532922e-05,0.00033333444267131146,0.9959867840342305
365,0.0018743893711977487,0.002905385158307961,2.278884215306688e-05,0.00025446858405301173,0.9949429680442882
366,0.0032647020185899186,0.004815324078481012,3.391983755903698e-05,0.00041227722528536096,0.9914737768400848
367,0.003786445122427429,0.0064573506189504245,3.481916324680014e-05,0.0002755876559850133,0.9894457974393903
368,0.0580830119184168,0.043944646865079,0.000994125032294194,0.00844920023489615,0.888529015949314
369,0.009877961596153936,0.0020702469518203703,0.00031085223484293267,0.00012713051315330995,0.9876138087040294
370,0.009849283525271936,0.001942016801810663,0.03084677551193699,0.00023285162638709498,0.9571290725345933
371,0.052155225537004246,0.00560620149029439,0.0002365783949276433,0.0005712326860502195,0.9414307618917236
372,0.017100459751992803,0.0032883963005617784,0.0030138201546041875,0.0018655507565015512,0.9747317730363397
373,0.006106643830100558,0.0013442263445942047,0.20943563353927644,0.0010039085455322623,0.7821095877404965
