epoch,N1,N2,N3,R,W
0,0.011062742222051739,0.0001660311361181617,7.239500633780291e-11,0.00011216864536787439,0.9886590579240673
1,0.022508055993794695,0.0008275030046098387,1.4062774202841713e-06,0.00038362348700287925,0.9762794112371722
2,0.02326579477991572,0.0007904895963440691,3.2573137355452136e-10,0.00034380290978863314,0.9755999123882202
3,0.02947424679268615,0.0007586963843973144,2.6762532311586293e-06,0.00031698459432585765,0.9694473959753596
4,0.007044159046823097,0.0003250883301409262,2.1224492008737082e-05,5.35732312303875e-05,0.9925559548997969
5,0.01731447979917215,0.0003205595765442577,3.97078650321774e-06,0.0002564192092242452,0.9821045706285562
6,0.04583013178245078,0.0036918880291786325,1.2466133589644484e-05,0.001244483119911896,0.949221030934869
7,0.01814446915983304,0.0010247346938637909,4.008283929167084e-06,0.0005006973715482909,0.9803260904908256
8,0.04793985043598219,0.0026985917546574058,9.3067313752926e-06,0.0015381537748652798,0.9478140973031198
9,0.030762646737954986,0.001276658973853828,4.24678640762666e-06,0.0005722672684316282,0.9673841802333518
10,0.23401675823723975,0.0037451375855220466,1.1852042798893769e-05,0.00667881873524305,0.7555474333991964
11,0.1016119499161339,0.012225014377459847,2.535411230105156e-05,0.014263267173872133,0.871874414420233
12,0.1223290384563569,0.01274158282413698,7.796773068571294e-05,0.07704438525958726,0.7878070257292332
13,0.019783181763621017,0.000739847156843615,8.405196563397363e-06,0.0054079921593416175,0.9740605737236304
14,0.15076049683443735,0.00599951429259395,5.6831010070998985e-05,0.044952301498836764,0.7982308563640609
15,0.3949147708315952,0.007801084980521247,9.389079216335795e-05,0.09853259940694123,0.498657653988779
16,0.3685909334621014,0.013342217460110242,3.792294799916736e-05,0.128570274310986,0.48945865181880327
17,0.14569742799473756,0.009980672559273027,7.962176777985604e-05,0.2567579801700732,0.5874842975081364
18,0.0827013093964046,0.006458563302397334,4.123382225388147e-05,0.24721020753236625,0.6635886859465779
19,0.050613976623212084,0.0038843890457502125,3.6180552047644484e-05,0.17318305649375307,0.772282397285237
20,0.03778691701177864,0.002612916234148682,2.7362138824800657e-05,0.11268834778377448,0.8468844568314734
21,0.046100773473180805,0.000949761809715885,6.48524581565716e-06,0.016896583742946465,0.9360463957283413
22,0.05440011808592969,0.0014583173932236075,6.095842883085979e-06,0.024427620091315733,0.919707848586648
23,0.018706574167913922,0.0007125381444342656,5.278561275177316e-06,0.0054958731662213805,0.9750797359601553
24,0.07105323021813324,0.0005589657137171648,2.944893152116102e-06,0.002573223688527134,0.9258116354864703
25,0.09892849486154595,0.0004444843208692495,2.633176696187347e-06,0.0034661232737726757,0.8971582643671159
26,0.21241705118707022,0.002738075731539228,6.437592467776029e-06,0.010506765475183547,0.7743316700137393
27,0.2853460988819017,0.0057797967154482885,1.7233166698245952e-05,0.03195019809375082,0.676906673142201
28,0.3316428991729112,0.010796971190591252,5.5885505840665386e-05,0.07310454889739232,0.5843996952332645
29,0.24149488298991165,0.008153872501802675,0.00011667322459670172,0.12461957403491294,0.625614997248776
30,0.2522100469027543,0.01568454780687255,9.950484336400266e-05,0.3095266988356908,0.42247920161131836
31,0.09933766037305455,0.012589215152039592,6.738709610379266e-05,0.11333904771884444,0.7746666896599577
32,0.07840151776212952,0.009433782979686861,0.00010675000156199571,0.26173920276361434,0.6503187464930074
33,0.033225742156826374,0.01168436204949414,0.0001122616822387503,0.21934886003337095,0.7356287740780697
34,0.06683849651617221,0.005199251815402031,6.0125249331931753e-05,0.3616589439205076,0.5662431824985863
35,0.0573578457129294,0.001840909245321803,2.753352501950893e-05,0.10493958108191573,0.8358341304348135
36,0.2198195507620934,0.018553840009789525,0.00011501962472140147,0.22295828287101904,0.5385533067323767
37,0.2270714992029598,0.02384087656497747,0.00012072781297906022,0.3012548108056313,0.4477120856134524
38,0.1316341008367045,0.008860854486915787,0.00010145794592886946,0.1746624222362032,0.6847411644942477
39,0.04861843577558722,0.0012496569918910318,9.518682201618848e-06,0.04548967465779743,0.9046327138925226
40,0.12196591634529595,0.00239876593331004,9.103491695969506e-06,0.05944149945503832,0.8161847147746597
41,0.38949170940699807,0.007415706111461709,1.9430515884293534e-05,0.08114516664712751,0.5219279873185284
42,0.35157733991256135,0.005140068435896095,1.0805723026528396e-05,0.019698127860502596,0.6235736580680135
43,0.4243373433699772,0.008621513766263404,1.7518639725250984e-05,0.07911961996473532,0.48790400425929875
44,0.18487300505211732,0.015555147636841772,7.070142284635896e-05,0.260001459891736,0.5394996859964586
45,0.13670118345060855,0.00662136017901261,1.8430503964848184e-05,0.09692192840445876,0.7597370974619553
46,0.2366971750490366,0.01630975042826034,6.889296302162535e-05,0.16236995036502108,0.5845542311946604
47,0.21263419285309912,0.0135948586288128,3.5744026891472666e-05,0.17731327533446695,0.5964219291567296
48,0.034909793719020275,0.0010986149754887535,3.15857653260841e-06,0.0070216587729702105,0.9569667739559882
49,0.22103386676084374,0.005959639606613349,1.236319063660621e-05,0.019401144236149127,0.7535929862057572
50,0.6380441443853401,0.0060101064864191,1.174734135015056e-05,0.028516460421504283,0.32741754136538626
51,0.540830586791219,0.0062436030522661674,1.0838343287584806e-05,0.010910126137612691,0.4420048456756145
52,0.7785722578825395,0.03597963310199232,6.479917745406726e-05,0.03446380443011944,0.15091950540789462
53,0.6523501938670839,0.2588855587015388,0.000311499006621422,0.05667429867887374,0.031778449745882065
54,0.5003854884060212,0.35330335961337395,0.00013107264124537265,0.020524986818122072,0.1256550925212375
55,0.43891340570092846,0.4865411123843024,0.0007783661475253657,0.043528188898026156,0.030238926869217676
56,0.48831860894695384,0.42063606161511186,0.00020869694287304176,0.011328225680692566,0.07950840681436874
57,0.32857058383128956,0.662564069983833,0.0006680105380456145,0.002447093761456535,0.005750241885375423
58,0.03547353317678331,0.9584352438237252,0.003839445598122546,0.0003308222771421864,0.0019209551242268768
59,0.02533819812380267,0.9672595986458484,0.004189480803938258,0.00039956098713368217,0.0028131614392768916
60,0.022494376600648888,0.9595739920101084,0.013379134176561105,0.001056055684513789,0.003496441528167727
61,0.062049290442035505,0.9099075223101089,0.01629235687254106,0.0027251433214824853,0.009025687053831962
62,0.028566920520595094,0.9564757947635671,0.012003401858209563,0.0007468691412563632,0.002207013716371892
63,0.00702827567986661,0.9486385221206656,0.04214625518169819,0.00022219078751814156,0.0019647562302515563
64,0.03267810093234697,0.9252242073329292,0.03655746433413223,0.0006857101216196363,0.004854517278971925
65,0.15075075844367128,0.8022082609065874,0.013321235890782455,0.0012669282162072325,0.03245281654275166
66,0.33349708479252466,0.6075182141737313,0.00874671826196103,0.0062604996862172056,0.043977483085565795
67,0.02088187495870101,0.9664233665296467,0.007801012539406761,0.00011770629766075661,0.004776039674584884
68,0.023851525780566523,0.9360540864667671,0.03318623797454209,0.0002319856777396598,0.006676164100384751
69,0.01630642311970615,0.9423650591939093,0.038969951476352474,0.0001070954261742773,0.002251470783857739
70,0.007034830835886633,0.9124022439345992,0.0779964561150535,0.000206193703139802,0.002360275411320936
71,0.023213545439942185,0.9001798588941222,0.0722734365586442,0.0005545729746122443,0.0037785861326791836
72,0.005101189512331687,0.8885570305169618,0.10388019791693905,0.00034505303390439275,0.002116529019863098
73,0.010427213984873503,0.8737158554515114,0.11270556119337598,0.000636035947575866,0.002515333422663241
74,0.009854035860435716,0.7833869754594075,0.202658635864274,0.0012172907403215135,0.0028830620755611732
75,0.22510533876807934,0.7109351639029774,0.007059206187738736,0.01257804064195692,0.0443222504992475
76,0.5514430843196648,0.38955291295470607,0.004210941575253211,0.006673485351187294,0.048119575799188546
77,0.1624436132882223,0.826317551549262,0.007543909473500595,0.0011982165875250533,0.002496709101490171
78,0.011438451172641776,0.8909747583090074,0.0955367166859588,0.0001717528219226035,0.0018783210104694333
79,0.37147179528266405,0.596424181097348,0.0037012980454530194,0.0066043541232352326,0.021798371451299696
80,0.1463785548195143,0.8320596451550931,0.012544123243834245,0.003437324723253103,0.005580352058305363
81,0.23312443845135714,0.7198406918118962,0.013305284726805576,0.0015902903689687495,0.03213929464097223
82,0.06547289444772729,0.9142435045622979,0.017133824358521295,0.0002557130330085841,0.0028940635984448775
83,0.0026973553688106862,0.7759940433560901,0.2185482898212444,9.482247725282409e-05,0.002665488976601957
84,0.008593043238952228,0.8369117626616699,0.1498569324775928,0.0002939126101070195,0.004344349011678209
85,0.025780450407190042,0.8354895705064819,0.13550988056266539,0.0002111336922401035,0.00300896483142261
86,0.0028155777875603534,0.7682451962778754,0.22662449934230322,0.00010990861345401867,0.0022048179788069304
87,0.002091123868890956,0.6739339963638327,0.32218198925421365,7.405947540592241e-05,0.0017188310376567827
88,0.005371103206886721,0.828088455623426,0.16353866194749345,0.00020244481038256303,0.0027993344118110337
89,0.0021550909778006327,0.6784310501547929,0.316684908671845,6.298373892626454e-05,0.0026659664566351816
90,0.0024057994020398902,0.763581658884989,0.23104142478831288,8.310471673756193e-05,0.0028880122079207047
91,0.0019449806881078496,0.4517961259690636,0.5439330806540171,4.897908940056203e-05,0.0022768335994107886
92,0.0014542658510392846,0.47993571717729905,0.5168445452624656,2.417685336109695e-05,0.0017412948558350027
93,0.0018615625889342846,0.6026919826628053,0.39308842427813995,3.6667428913507006e-05,0.0023213630412068417
94,0.0012158281336084888,0.5483065221887228,0.44846781412387526,2.8197126627142028e-05,0.001981638427166477
95,0.0016296814605511092,0.7173506121233046,0.2781368634388943,5.223208926631806e-05,0.0028306108879834037
96,0.0008390866064375758,0.3032442187331223,0.6941683843468625,1.3028956141247368e-05,0.001735281357436283
97,0.0006027495946238579,0.1416223323347075,0.8563964855141153,9.01845414864632e-06,0.0013694141024047912
98,0.0019817753897031385,0.6650615435585772,0.3305957501338439,5.9079862685852016e-05,0.002301851055189924
99,0.0009008139660801219,0.38641310864428363,0.6106478069188953,3.185880250115128e-05,0.002006411668239777
100,0.003239399904548439,0.7715757690740069,0.22223381892960678,0.00013527533584683355,0.00281573675599091
101,0.0025607024453216825,0.7738019485242726,0.2220361280905151,0.0001150967773069453,0.0014861241625834802
102,0.001857819000355796,0.45078988361129646,0.545281041203461,2.7056849134040598e-05,0.0020441993357528053
103,0.000926367740254176,0.35634089589766543,0.6410491623115575,2.147464662649403e-05,0.0016620994038964863
104,0.0010767050388514896,0.5104129083756226,0.4864532154451911,4.280839238974526e-05,0.0020143627479450527
105,0.0016650473775819449,0.4352688269995985,0.5602928083314566,9.726488126107552e-05,0.0026760524101018743
106,0.0011139985476266365,0.6112135724282293,0.3859856639532996,5.27325955319486e-05,0.0016340324753126062
107,0.0007213108134565073,0.5678057689438644,0.42942437271654227,3.8052185561785326e-05,0.002010495340574996
108,0.0012344384581511843,0.23512032419592668,0.7619154232027631,2.4837991853461643e-05,0.0017049761513056685
109,0.004095372184173626,0.7582145452389728,0.23497943373779906,0.00016337501026602333,0.0025472738287884407
110,0.006813488501941212,0.7263570537639759,0.26494038800582304,0.0001493337332276395,0.0017397359950322043
111,0.003512609302378444,0.6925384836760016,0.30147635802102646,0.00010805794733518974,0.0023644910532581924
112,0.0004006756910755148,0.07203749254007147,0.9265404006292488,5.921338689360183e-06,0.0010155098009149682
113,0.0014103805752955145,0.5808144099364461,0.41524358019015856,6.038250789957357e-05,0.002471246790200149
114,0.0012394580018033733,0.3431828086739063,0.6542234051331327,3.89950750054281e-05,0.0013153331161521692
115,0.006541667101749142,0.6805973790792993,0.3091898945152431,0.0003365194962608309,0.0033345398074477537
116,0.0016917640210862154,0.821702286217197,0.17488585701277984,0.0005321452901406982,0.0011879474587963377
117,0.0019678384197044266,0.6329863280675877,0.36232144488866724,0.0004440718129052656,0.0022803168111353816
118,0.002095836230493293,0.6273507791718778,0.36648294813413673,0.0005391359092074434,0.003531300554284724
119,0.13511647596283524,0.7769934968948853,0.016627497966054523,0.026753078304570167,0.04450945087165477
120,0.4034719241485882,0.43855076783115965,0.00657423831919299,0.12801055024319993,0.02339251945785916
121,0.21847403005662383,0.75155220944759,0.0064535433723249104,0.006489854006421457,0.017030363117039815
122,0.4941821467319902,0.4712215420490043,0.0026964316617886265,0.010288649153278963,0.02161123040393788
123,0.1737984800755775,0.7635583707980856,0.005072950481225429,0.019885655361940032,0.03768454328317149
124,0.1364851479310377,0.8177853901804226,0.003408347335950178,0.03196867154568462,0.010352443006905018
125,0.12050845519891762,0.5968313330221684,0.008644199250686458,0.019929007142950733,0.25408700538527684
126,0.024877570483085018,0.018245906079255605,0.0007634369025139992,0.0010917934429602067,0.9550212930921851
127,0.4145934617766861,0.050806796054495056,0.0002481605101699715,0.0690486947664187,0.4653028868922302
128,0.5343093435331968,0.021426455563968237,6.759939681066453e-05,0.017600929172889645,0.42659567233313467
129,0.4862669254490069,0.04528008740235592,6.401795110741633e-05,0.007063959876478463,0.4613250093210511
130,0.7223971562962688,0.2220491587882088,0.00023501384742043366,0.01636087183232454,0.03895779923577745
131,0.7822175010576388,0.15685481092608064,0.00012139482040453827,0.01817201499991391,0.042634278195962175
132,0.38408513717408155,0.5738959398505821,0.0010685962673029927,0.027406099156963532,0.013544227551069817
133,0.22106280656099758,0.7200870899247542,0.004102167413804129,0.047254684300507506,0.0074932517999364385
134,0.17227061100128926,0.782494410540131,0.0017709683791062992,0.036317898213869784,0.007146111865603481
135,0.14893758146419728,0.7743501221660264,0.017760861419990583,0.010987248463169392,0.047964186486616114
136,0.4012763108752972,0.5588991282504259,0.0049692572538553,0.013127894161360341,0.021727409459061323
137,0.1566113347532968,0.8192933181038481,0.016411325863873668,0.0034487990821911894,0.004235222196790176
138,0.08656029178757818,0.8983272717465541,0.008544608084743213,0.001828534425300149,0.0047392939558243965
139,0.07903955585114047,0.9057901280022518,0.00946192589717084,0.0021990839314171883,0.0035093063180197024
140,0.15879715254168808,0.8165494464333429,0.0034499778439318445,0.0021662475550265304,0.019037175626010677
141,0.02784165074097732,0.9627628237674237,0.0073622027862382585,0.0006819652133390374,0.0013513574920214057
142,0.022750051407435735,0.9282034161337187,0.046773331424419064,0.0008306943385857484,0.0014425066958406241
143,0.03077011045808872,0.9519014631007533,0.013787250852688575,0.0017724288009235074,0.0017687467875458656
144,0.01772097884725237,0.91826608104805,0.060500015005161216,0.00152302027506825,0.001989904824468208
145,0.14777579797010207,0.8197525207978626,0.017137018491617945,0.009349647605330911,0.0059850151350863585
146,0.02695761726134512,0.9362372182884635,0.03347140702605346,0.0006378411360998831,0.002695916288037927
147,0.013525957058270817,0.9477164308181258,0.035818949991155244,0.0006397058329236609,0.0022989562995244903
148,0.07021486359662822,0.8830311072157508,0.0377246078017693,0.0032685602930955515,0.005760861092756023
149,0.1495730182819223,0.8149008857218512,0.014365127339406045,0.009624998888949984,0.011535969767870564
150,0.22268557840044415,0.7381966801331351,0.006389427227132909,0.021462050389306674,0.011266263849981022
151,0.192350416635372,0.5555002330252697,0.009354939206334593,0.010624481362538398,0.23216992977048528
152,0.07223746759310594,0.8400756912856815,0.00609709340602322,0.0078152097883146,0.07377453792687479
153,0.08151466933739829,0.1200009468021843,0.0008035154924765404,0.0033034370290312186,0.7943774313389097
154,0.03241274527863334,0.003328359262998801,1.6228043097558912e-05,0.0019944700286775394,0.9622481973865928
155,0.0271719546477318,0.004510094183194939,7.425780901905846e-05,0.0005635524795106385,0.9676801408805435
156,0.002786151181350608,0.0003253249195953859,0.0003437911721699754,5.7848028647608515e-05,0.9964868846982363
157,0.01592381466901956,0.0004850584300936942,8.481260486473151e-06,0.0003207915911555942,0.9832618540492446
158,0.0002885621732963596,8.86135069641258e-05,2.348166380129465e-05,8.496621564312244e-05,0.9995143764402952
159,0.00044851495127753885,9.472185021022203e-05,5.727477436456049e-10,7.511593958668877e-05,0.9993816466861778
160,0.0022914051860662417,0.00019510063635134578,2.3826977915155993e-06,8.486204992775665e-05,0.9974262494298631
161,0.0029087237852511143,0.000589976536480177,1.652301406982031e-05,0.0001335846705585541,0.9963511919936404
162,0.0033669412357447154,0.0005025260128658601,2.113402500733834e-05,0.00020066917714172175,0.9959087295492404
163,0.05551105223794042,0.007880380560560904,9.534052046879158e-07,0.0010530962079875333,0.9355545175883063
164,0.2514955103470884,0.0012078645031758956,7.82232822871642e-10,0.0003943788196647944,0.7469022455478381
165,0.25254655642692536,0.00022442019857265633,9.435761726893072e-06,0.0003246238342712893,0.7468949637785037
166,0.16429746941107853,0.0002447669489529669,1.916860613850127e-06,0.0006197893591528668,0.8348360574202017
167,0.02129155049737713,0.0012297791198425418,2.4133165433402254e-06,0.0021114919070340304,0.9753647651592029
168,0.00839881663787832,0.0011335978644574215,1.2711397771591225e-06,0.001174164932265278,0.9892921494256217
169,0.28281229715605233,0.018336098754161655,1.669995984950955e-05,0.012261005193929423,0.6865738989360071
170,0.1570429268273382,0.022823038264858004,0.00014157026791330923,0.06413148798419083,0.7558609766556996
171,0.08717968761317914,0.0024804011932909515,5.089009646645456e-06,0.0066567663409505765,0.9036780558429327
172,0.39019531548869074,0.007535558242877426,1.0444471261963017e-05,0.010545442527286451,0.5917132392698834
173,0.8635238785659555,0.032059843654748066,3.999579448052735e-05,0.0850211847897741,0.01935509719504181
174,0.5463894692769654,0.21859245412492778,0.0012941439492224064,0.17992549626108137,0.053798436387802934
175,0.170215515727709,0.566945999720012,0.0013642261299266821,0.24832028019087343,0.013153978231478807
176,0.3515405649119684,0.31292765148624707,0.0005179271502841548,0.2893857263691249,0.04562813008237551
177,0.17895620914020954,0.7276464538936592,0.0026101389982321438,0.07456204783481668,0.016225150133082466
178,0.6387354590554635,0.10836613359404869,0.00012289601427127809,0.1864628549987958,0.06631265633742073
179,0.4603414253451166,0.2051478189203769,0.000625650332028185,0.17444304784691755,0.15944205755556068
180,0.05146111935504435,0.905555014384493,0.003133703135008955,0.02825171115844366,0.011598451967009888
181,0.2742984987732541,0.09450183318983696,0.00010299009061195949,0.14297021868094564,0.48812645926535136
182,0.17168936517767722,0.12028359353920662,0.0004997094817444348,0.05928883048415638,0.6482385013172154
183,0.10600442390290589,0.04737157731545616,0.0004399539277194243,0.052561533340908594,0.79362251151301
184,0.5537669919877772,0.01643491646551791,4.519253359092222e-05,0.04282638926679047,0.3869265097463236
185,0.697469119340264,0.03991508145552588,4.81510550850306e-05,0.09531283757975366,0.16725481056937122
186,0.44884143325889836,0.06501611167182118,3.25332873462511e-05,0.03356372728313424,0.4525461944987998
187,0.8646153566722244,0.0357053073264977,5.260477499988968e-05,0.044760270341793244,0.054866460884484596
188,0.7769616528358048,0.04438134903843812,8.592046845325173e-05,0.08355298053393784,0.0950180971233661
189,0.7543824579973173,0.07763270722199106,0.00013891341298029303,0.09518574044264487,0.07266018092506644
190,0.7240286460593348,0.14061298600832975,0.00025041612804804444,0.10441820805026948,0.030689743754018114
191,0.15795358653043692,0.5247894121135519,0.007336915205747744,0.04223856170197537,0.2676815244482881
192,0.047969193280059934,0.06605026682017327,0.026428959856824977,0.004495460396729326,0.8550561196462125
193,0.15516137056244297,0.07121327859996841,0.001182045051422077,0.038589329479253115,0.7338539763069134
194,0.10291035227399331,0.02961270980744157,0.0004529187561338037,0.03755314305847087,0.8294708761039605
195,0.5868656551988827,0.036448670061130305,0.00014066206309673208,0.029011839497334654,0.34753317317955557
196,0.7596858448131278,0.20412716925575133,0.00013491246031574085,0.007252148870973794,0.028799924599831193
197,0.4064155684682615,0.5767787852186435,0.0005008745597241844,0.00881888438988702,0.007485887363483819
198,0.5167021588967612,0.39191907568606976,0.0006664782240871895,0.0752776655773889,0.015434621615693
199,0.3328953344749839,0.299068497361309,0.0026351539769310715,0.04286440595572988,0.32253660823104624
200,0.4329039951775708,0.519661262979698,0.0008268950590611988,0.023552659318544143,0.023055187465125884
201,0.02844527379061519,0.950950148121221,0.01271597891865539,0.0018180878351088672,0.006070511334399501
202,0.08221615776794432,0.9030844553923046,0.002477972028073185,0.005729526316857847,0.006491888494819954
203,0.1597643492015476,0.8031015907422422,0.01225078643580489,0.012898421850164756,0.01198485177024057
204,0.12588123921613228,0.13959110408756903,0.1456205140566539,0.02871184391085098,0.5601952987287938
205,0.2597421156720547,0.7079569453198441,0.003621419680188116,0.010188745923343128,0.018490773404569928
206,0.13064629760766036,0.8231067927122876,0.013331921324777918,0.021211233491331877,0.011703754863942041
207,0.074381403556234,0.07836799109921884,0.018257284015433535,0.007658490468302336,0.8213348308608114
208,0.5943183041618427,0.14328777840158632,0.0020925874513195025,0.073638125707111,0.18666320427814043
209,0.36301883583495026,0.39732024249911624,0.002690681170205904,0.08629989278205472,0.15067034771367285
210,0.6893941227415672,0.16882440349874506,0.000459633029452605,0.07567709684265754,0.06564474388757774
211,0.3087122618956529,0.456543452155785,0.0008299053570656031,0.09717810074686162,0.13673627984463482
212,0.3126990744537079,0.4403088819230515,0.0005161037051510293,0.2151513448597287,0.031324595058360966
213,0.10812328692079672,0.4315823382277591,0.0027880350588392264,0.13307939753766113,0.32442694225494373
214,0.09283815438768034,0.02685110237322261,0.00011999928041515105,0.2788623747850798,0.6013283691736021
215,0.2354655146147957,0.029237913130831496,2.654784637026589e-05,0.5428022057643767,0.19246781864362592
216,0.06416939540311284,0.012740580107442095,7.514983160848233e-05,0.12994290830640368,0.793071966351433
217,0.12181167296301937,0.01813070953499661,4.6304988463442834e-05,0.08741019190867044,0.7726011206048501
218,0.38756853412463793,0.08409975704462203,4.855465730291873e-05,0.3045390273265555,0.2237441268468815
219,0.337633756728258,0.13353906410674254,7.418223488459486e-05,0.2540668143669651,0.2746861825631498
220,0.3220722192735811,0.3450672423766229,0.0003073748501908339,0.23124945770590236,0.1013037057937028
221,0.6641623059624684,0.20203605977269667,0.0001710168891742334,0.0851044308436582,0.0485261865320026
222,0.11883323079405693,0.8178129941583615,0.010063737312517527,0.028112327172177397,0.025177710562886757
223,0.19874253578855686,0.6290872348080413,0.00785095052399922,0.14382159391230007,0.02049768496710248
224,0.19809421288260406,0.6672822414880949,0.007438673061345859,0.11241377616347269,0.014771096404482546
225,0.3841520118885744,0.3413187161529503,0.0033664937484059257,0.22362655322688682,0.04753622498318258
226,0.21764536328022546,0.6670824536187703,0.004502677355147254,0.06557321976570349,0.04519628598015366
227,0.20531428825300393,0.16820548178091727,0.005035344929344476,0.057538103781387434,0.563906781255347
228,0.249092699390826,0.11941153483915395,0.0036692527881253554,0.07272592586627169,0.5551005871156228
229,0.20959601697508623,0.12596232465606774,0.00024941577340750905,0.08849398427284015,0.5756982583225982
230,0.1254362648366824,0.12473838919084304,0.028085667144703765,0.08633028068182978,0.6354093981459409
231,0.36332789877300076,0.04608436799495497,8.319520122279791e-05,0.1989227181059624,0.39158181992485913
232,0.15562796435924103,0.03649774791544762,0.00011019443043235276,0.08234873357306899,0.7254153597218099
233,0.054456684175121554,0.003833187393749224,9.255191609170707e-05,0.06409900894597058,0.877518567569067
234,0.05280411045726866,0.004775625616202412,5.35730725759516e-05,0.03454123366180202,0.9078254571921509
235,0.019683990255407697,0.0012927189413896006,3.6259607367279875e-06,0.018952176266650998,0.960067488575815
236,0.07827229050400233,0.0036170967526431524,1.4341998461683913e-05,0.04748136961383248,0.8706149011310603
237,0.5052729018702686,0.027233745774485,8.265479258995257e-05,0.07770243299926503,0.38970826456339136
238,0.374770231886845,0.01122246033799856,8.741443481207624e-05,0.0318875011772791,0.5820323921630652
239,0.32217961716733173,0.20767087864850792,0.0011868197004743987,0.06448149937675843,0.40448118510692765
240,0.4556726521512781,0.0217164199974159,0.00013595795983486125,0.039629193883034354,0.48284577600843687
241,0.6213875774839592,0.18870643160202294,0.0007305184786284447,0.07855726816815847,0.11061820426723097
242,0.21311184024502366,0.6159546793878603,0.005187965706837751,0.05287977933167133,0.1128657353286069
243,0.24863705721913293,0.08244116360663582,0.0006066331631591663,0.23075049294513097,0.437564653065941
244,0.16919807805279904,0.37139374628408467,0.006349223264146205,0.22121963375258663,0.23183931864638338
245,0.12720423591386795,0.2530982957766817,0.006321742508871333,0.09723037073485094,0.5161453550657281
246,0.20680087637397404,0.1261149658414884,0.013752184591995734,0.13606369372750088,0.517268279465041
247,0.03474845729894531,0.06609357622173817,0.013902857822815739,0.04128231191635353,0.8439727967401471
248,0.08687148745284973,0.018834323066050745,0.0001920159103089666,0.06946557284370414,0.8246366007270866
249,0.5596555139232625,0.11301267887562595,0.0003384855691874298,0.04049153381252313,0.2865017878194011
250,0.7402709718330477,0.049774196275703786,0.0002521165254848529,0.028671544577185886,0.18103117078857767
251,0.7417183675300957,0.04254424483880779,8.32977309352442e-05,0.03617035315864345,0.17948373674151769
252,0.47969143490904187,0.03278286291854869,0.00016395850701617342,0.07963083404852841,0.4077309096168648
253,0.5439031666071587,0.2462256920300187,0.0015643946870880572,0.10756909693006717,0.10073764974566736
254,0.4342421995335727,0.25247552704746284,0.0016612177251495075,0.2744624503348435,0.0371586053589715
255,0.6535095554333594,0.09180550269014283,0.0006703877335726316,0.14466565016055163,0.10934890398237349
256,0.6017677687302891,0.31075959003388626,0.00382720829970582,0.041753936709141105,0.041891496226977694
257,0.6709141020540741,0.1075055989492087,0.0031514702607581425,0.01585042980790481,0.20257839892805418
258,0.41759988393231423,0.48975086645090815,0.012465053046765371,0.03274741513078519,0.04743678143922715
259,0.6284967894064749,0.0923896476992432,0.004697447309047609,0.009298539331426032,0.2651175762538083
260,0.21817077720874434,0.6866024521937756,0.0031902139020477415,0.008155260437967419,0.08388129625746507
261,0.17226751230645307,0.7971447068757377,0.0044558688681607395,0.015512996862794289,0.010618915086854341
262,0.06273087249905786,0.9070341787368071,0.00680799900982323,0.00796042853207995,0.015466521222231773
263,0.13517355568435083,0.7670523403249117,0.0034572885844076327,0.07710670432398525,0.0172101110823446
264,0.4512725436193272,0.20449301209436302,0.0008590841164872828,0.2511532370187381,0.09222212315108426
265,0.2367349023062831,0.41751654814284406,0.001699840972648359,0.10885591243148882,0.23519279614673566
266,0.4188135813480833,0.24371869531853863,0.00022580965531329266,0.23916456656653076,0.09807734711153408
267,0.6073202586398279,0.06697529469796082,9.734879259596911e-05,0.2804650029857747,0.04514209488384073
268,0.27153399391540983,0.11036558076378791,0.0006202330591686775,0.24205977042532917,0.3754204218363045
269,0.298897623098304,0.2671857216694842,0.0006752655592203672,0.29191435317427317,0.1413270364987183
270,0.5797970459691323,0.06023128513387565,5.5217354759820224e-05,0.3297165870510998,0.030199864491132537
271,0.5406585084275385,0.054319109920310776,4.129181748044671e-05,0.3241717723841506,0.0808093174505197
272,0.18003499165186615,0.12827866954158218,0.000652273493989312,0.3573827817276268,0.33365128358493557
273,0.15914369701685518,0.05986060142651585,0.0001838484476693174,0.28262947020067053,0.49818238290828903
274,0.5390433065551489,0.11847047615283399,5.076488452212352e-05,0.31839879509720503,0.024036657310289936
275,0.4181453995794937,0.163837515026086,0.00010168724635124713,0.4000170402044685,0.01789835794360044
276,0.42862360800364446,0.12283153071139434,8.67041873577833e-05,0.42969700203111943,0.018761155066483848
277,0.3422470346021824,0.0634758598562096,7.613872324575274e-05,0.568109348330031,0.026091618488331192
278,0.12060121833133298,0.04530880053813639,0.00028269849210691984,0.23211767665094618,0.6016896059874776
279,0.16038117427437754,0.15213252099600663,0.0005187940702880424,0.19812180283824496,0.4888457078210828
280,0.1680152216177071,0.1456953160581824,0.00042210668743237166,0.12797432749788132,0.5578930281387967
281,0.26713974188735734,0.1677097240979265,9.891123826195848e-05,0.11273290721612572,0.45231871556032854
282,0.6173388306252481,0.10012222149736824,0.00010175518482182241,0.16953704752565865,0.11290014516690315
283,0.4660126518119257,0.045839677677929784,4.104800254520777e-05,0.28357631964861946,0.20453030285897977
284,0.20835490962632702,0.05218941016675336,0.00011440612377459511,0.11651240266379136,0.6228288714193537
285,0.542471679083738,0.037308429228598484,2.5237179435489893e-05,0.2520869612885164,0.1681076932197116
286,0.5984737625631339,0.03493900818406004,3.551861340171045e-05,0.25992287578284623,0.10662883485655804
287,0.47579523940420837,0.06806824816020074,6.346515113489909e-05,0.242282307053917,0.2137907402305392
288,0.2566638638849173,0.03243825503157842,4.627109402395063e-05,0.22946361343322141,0.4813879965562589
289,0.3846382889711193,0.07595457527721958,0.00032110582247071824,0.15355916640709882,0.3855268635220917
290,0.5980308825637092,0.09670176798802586,2.9437164803113525e-05,0.09160617918479504,0.21363173309866673
291,0.3063007024847002,0.200161836809777,0.00010270191396186102,0.37955831466862067,0.11387644412294018
292,0.32394900700266166,0.1888842042968945,0.00017049272147836312,0.22677323129638682,0.2602230646825787
293,0.5466027481066221,0.21537279064196901,4.460129206498559e-05,0.20943357728622233,0.028546282673121526
294,0.5665907726202777,0.24578112958483228,0.0009441157528276533,0.1477865646400062,0.0388974174020561
295,0.4389834214455093,0.4542400868281406,0.004254164233998883,0.07604622824146895,0.026476099250882245
296,0.41510339326487117,0.4284820586763161,0.002921272471625587,0.09141523591059766,0.06207803967658957
297,0.41539032523533226,0.26289930016361684,0.007658961811426305,0.029401815642329035,0.28464959714729554
298,0.3363839113706423,0.4445469906458956,0.004829877802967876,0.04013512504850158,0.17410409513199282
299,0.35181063028169035,0.11521014079120982,0.0032773191110386794,0.023440807106192202,0.5062611027098689
300,0.6749649807315625,0.1717801018740462,0.00048022614251814734,0.040921696460775335,0.11185299479109784
301,0.33690642228121714,0.34460475362886384,0.0075079466156088084,0.02060879679569424,0.290372080678616
302,0.46954584377044484,0.09990856446010803,0.001288299532684049,0.017231595597270454,0.4120256966394927
303,0.3576935515128282,0.4888545177124589,0.001293161602475543,0.03455900615169256,0.11759976302054463
304,0.13749756972274535,0.08997385804964741,0.0017725842937365713,0.004839147883659731,0.7659168400502109
305,0.7116460050151586,0.13084300029868803,0.0007084177284130849,0.02148804319593148,0.1353145337618089
306,0.30992682441699915,0.11328000866458073,0.014777389993392738,0.01670773628560735,0.5453080406394201
307,0.20369509737798291,0.5195820600145781,0.048088494545201074,0.005737274078233028,0.22289707398400488
308,0.04510791080034805,0.12192387397570267,0.4925337076749134,0.001976952994105059,0.33845755455493076
309,0.3989460535954548,0.12634897349968663,0.037333474280278806,0.033213221537426854,0.4041582770871528
310,0.44252444990398615,0.4451320788072855,0.013134633667328487,0.021186580792490382,0.0780222568289094
311,0.31068923696483597,0.6125249326836604,0.04845638964860567,0.012131910485039601,0.016197530217858476
312,0.1247248112663034,0.8285961295433114,0.029790961854254075,0.007635660587875812,0.00925243674825534
313,0.3783917842101697,0.5138197212289235,0.03329067743507913,0.01844652906052845,0.0560512880652992
314,0.46489646106136445,0.46481513446803324,0.004564657635956689,0.011791166781279554,0.05393258005336612
315,0.1600139488972177,0.8023416951211887,0.009784083833842725,0.004782389717989527,0.023077882429761554
316,0.37375205196525035,0.5739522029624775,0.02151491526263204,0.007947020011556921,0.022833809798083107
317,0.06914183311765656,0.8617158747315754,0.047810781622987825,0.003378041547283266,0.01795346898049677
318,0.04891508629476953,0.7884031170981364,0.1480739001991543,0.004009488865610037,0.010598407542329791
319,0.031242620923947934,0.9077692349100085,0.048191820588318585,0.0030003335758847244,0.00979599000184026
320,0.05947453341506418,0.8701935798378848,0.050307748723150116,0.006864011735484007,0.01316012628841694
321,0.02730770933311758,0.8686029641961454,0.08833661648507296,0.002936059094657592,0.012816650891006637
322,0.2473025728714031,0.40657186165390363,0.02168903361844514,0.009889552879709612,0.31454697897653866
323,0.15178217176065617,0.6426191515568599,0.02473340842422598,0.004203624952306774,0.17666164330595122
324,0.26857126289509237,0.5131221040903711,0.06513685475160541,0.008826690338421171,0.14434308792450998
325,0.13852593247252434,0.7877705051336834,0.031082209711383608,0.007515251106071974,0.035106101576336535
326,0.06331735662281623,0.856199052883953,0.06168705623846187,0.008778395709015292,0.010018138545753529
327,0.02459838127649393,0.8778241334590937,0.0883560282399617,0.0030674330457094333,0.0061540239787412085
328,0.056361535197036225,0.868118553991623,0.057920173590815,0.006969390556652744,0.010630346663873162
329,0.03117891398763122,0.8670635399011166,0.09055180641229514,0.0035960276704248436,0.00760971202853196
330,0.037649601970364606,0.8633533411384371,0.08921966121064401,0.0031764804383878262,0.006600915242166351
331,0.23576218986996708,0.7101124452670827,0.020703564562974702,0.007544213468198297,0.025877586831777193
332,0.2748212261506279,0.4410996585731629,0.04780141594154568,0.014984582229151774,0.22129311710551178
333,0.12764129194002907,0.7674963833267373,0.06015464444262081,0.005352597142310646,0.039355083148302064
334,0.0794893372320549,0.8932827445666124,0.018434320698726164,0.0025575344874100843,0.006236063015196512
335,0.025675966874617696,0.8244252028904088,0.13872104670681662,0.004166407662370171,0.007011375865786808
336,0.043665818015542014,0.7947092320033124,0.14740078205102206,0.007295277061081013,0.006928890869042586
337,0.07372969133853469,0.7903592225413429,0.10936862558913604,0.00944041560075445,0.017102044930231736
338,0.03314733005492112,0.7502484545239296,0.20256125577408296,0.005650206261956332,0.008392753385109851
339,0.1257617767755478,0.7988549202000008,0.04467666103028334,0.018573538760673036,0.012133103233495021
340,0.05791985614212924,0.8074072862015924,0.11720227547728113,0.010562442837879217,0.006908139341117819
341,0.15642923290426022,0.731001184373506,0.05710064335353971,0.03215044378490062,0.02331849558379337
342,0.04362025746677693,0.6959334594804055,0.22376318964008815,0.012302785765453891,0.024380307647275383
343,0.2604786606208701,0.6070978317665287,0.010529535073386465,0.08710559937435328,0.034788373164861476
344,0.01820264384718808,0.01906934252101915,0.0775662616182134,0.004642394172968678,0.8805193578406106
345,0.09262425447832776,0.01294817753303441,0.00030597892146201833,0.009587126332579406,0.8845344627345963
346,0.16386371868698452,0.023471538653903397,0.0004246635055071485,0.004952960521784719,0.8072871186318202
347,0.07433551475669277,0.0330484177353032,0.0027266214589202024,0.009573640414736538,0.8803158056343474
348,0.0800061393976868,0.007530211172206229,2.2707864400630228e-05,0.004630695518788513,0.9078102460469178
349,0.03750174975988498,0.0031263471122072142,9.97549898239516e-06,0.004001315986256955,0.9553606116426685
350,0.01212009058096246,0.0012550682197149856,4.343816145236665e-06,0.0020584887844436995,0.9845620085987337
351,0.46994790618953214,0.02872743108274767,3.3760624078543226e-05,0.04826600283106876,0.4530248992725729
352,0.02837958539606434,0.0011700074848556225,2.917178581620229e-06,0.005827650266281805,0.9646198396742166
353,0.07730654268760913,0.007081561089268785,3.202184028752296e-05,0.008435655114822053,0.9071442192680126
354,0.34848036329793186,0.054417154676819776,4.882867708397198e-05,0.014552622924894858,0.5825010304232695
355,0.4301818680001625,0.015689391844058355,1.6083463176248462e-05,0.00925796372208707,0.5448546929705158
356,0.7236206910253805,0.07681407079355755,0.000124790735537431,0.030547934978380247,0.16889251246714415
357,0.7913069535509855,0.13605975624701827,0.000244729458473035,0.0496844676826864,0.02270409306083694
358,0.39101096030162885,0.5149220927912632,0.0008201602419531336,0.0796209510718655,0.013625835593289306
359,0.19977861514757717,0.7010042566251156,0.001123341185598171,0.08276514002718072,0.015328647014528334
360,0.1510746269276454,0.7833984383702312,0.0005023752805731212,0.05395702044235998,0.011067538979190437
361,0.13385374379994736,0.832856907254894,0.0006179947213489513,0.027821272438038037,0.004850081785771654
362,0.11269122837904841,0.842831522314269,0.0011376543894118785,0.03908583769844229,0.004253757218828447
363,0.04748096982670191,0.9388901256694503,0.0024316707157741343,0.008233999868896284,0.002963233919177247
364,0.21305721651423784,0.7619084472979678,0.0006245955867483791,0.012600896056442526,0.011808844544603422
365,0.2548013867640276,0.6804026331772436,0.0003239754323697076,0.03930330639133875,0.02516869823502026
366,0.026298107992149024,0.9577753717042752,0.0030530912092597445,0.008867469216470157,0.004005959877846014
367,0.022906251509643705,0.9490928122700703,0.0026680246695447944,0.021828597525041488,0.0035043140256999544
368,0.02500135760847591,0.9091043943800597,0.0019010133096527778,0.059424554769539166,0.004568679932272613
369,0.0288309719772802,0.7560700974604266,0.0026713602514529906,0.20661187658358232,0.005815693727258002
370,0.18424491217880754,0.31633271925374534,0.0004269453974896705,0.4776951870740197,0.02130023609593785
371,0.14413204497245738,0.1301506477691692,0.00019183934466756656,0.697046308275267,0.02847915963843878
372,0.14196697346846254,0.08245375069687455,7.14875930146205e-05,0.727598343933938,0.047909444307710485
373,0.2507748304692466,0.02214593887916662,5.89538054805969e-05,0.5885800926405499,0.13844018420555643
374,0.22961184391173978,0.0258673579896321,2.9917758181439826e-05,0.5457699813653559,0.1987208989750908
375,0.20226916541102694,0.020392131106145003,5.14596926088145e-05,0.7606256184095759,0.01666162538064347
376,0.13318756243953897,0.01304466730271377,4.445090649069771e-05,0.8121366586820136,0.04158666066924306
377,0.21663121493503698,0.0194436326702727,5.2088765128859745e-05,0.6456495195210555,0.118223544108506
