epoch,N1,N2,N3,R,W
0,0.003999961014036048,0.0018300619717395354,0.00010757609992101833,0.0013517185993838794,0.9927106823149194
1,0.03979026104840628,0.004881295897197951,4.410157093284537e-05,0.0037340555894965913,0.9515502858939663
2,0.04258649691940153,0.007600088185826702,8.154810532278675e-05,0.0035089263655782798,0.9462229404238706
3,0.08559874638782354,0.022165448847890134,0.00016104232113397558,0.008129744747051398,0.8839450176961009
4,0.0022497588856722995,0.001643717451833394,0.0005459945132951119,0.00041297297741418675,0.9951475561717851
5,0.002378416636712753,0.0004965841486565508,2.295017585101357e-05,0.00028757002964516736,0.9968144790091346
6,0.008623412054956182,0.001094686605686235,2.14527244481762e-05,0.00043434594839634745,0.9898261026665132
7,0.008159659209363969,0.001768064398999314,0.00010124268027975652,0.0003824419587775402,0.9895885917525793
8,0.022635708299939397,0.0026780287632053546,0.00011875824190685547,0.0007862979578129693,0.9737812067371354
9,0.03459366272235084,0.020342838009046918,0.00018213034532950706,0.003463471152942028,0.9414178977703307
10,0.07469260113904078,0.051541607094620114,0.0006676000570197818,0.009530193653831287,0.863567998055488
11,0.08198370923051151,0.03810057979992112,0.0003716694705260004,0.011699662643000666,0.8678443788560408
12,0.18590024891000917,0.1303131749426907,0.0006183552698020065,0.056871244453009576,0.6262969764244884
13,0.1648845485125091,0.1360128589264034,0.0007566144776472065,0.06685347129033548,0.6314925067931048
14,0.18937478880326683,0.13111186506208172,0.00042206967067620306,0.05327632912630387,0.6258149473376714
15,0.13068186266165033,0.08293261012325769,0.0002161908187922318,0.0712243230479457,0.714945013348354
16,0.08920163503965503,0.028636342977562818,0.0012967852758323198,0.025157471489819217,0.8557077652171305
17,0.0856127196723434,0.03661195646512774,0.0009181023033131684,0.010844685904834325,0.8660125356543814
18,0.2638890157301629,0.10595829010711565,0.00048036383081113065,0.027674520760278976,0.6019978095716313
19,0.3049488727362012,0.3494307004362735,0.0045219026066650155,0.02351742899992522,0.3175810952209351
20,0.3058295744208769,0.28296203315415486,0.002202003053207082,0.02575012474372931,0.38325626462803203
21,0.17906929424224416,0.4011814977491158,0.0011436748543549853,0.028913778946989665,0.3896917542072953
22,0.10694865868259229,0.6633017776387595,0.0335441177654563,0.004591116858296468,0.19161432905489553
23,0.17297952725508134,0.49057028870804464,0.006422796437730157,0.004082021498961017,0.32594536610018293
24,0.11954449419949884,0.5871272580553939,0.004434780430151066,0.0012217947372609934,0.28767167257769527
25,0.08534890649954763,0.8517172460433124,0.005967416433730485,0.0007210355058922504,0.056245395517517206
26,0.06764745497968243,0.7140696013633858,0.07137030229819549,0.0009253243420624711,0.1459873170166737
27,0.06340552276947838,0.8286871969960409,0.0429816918118286,0.0008459268868863542,0.06407966153576568
28,0.11157544606077183,0.7381988418019353,0.05840501193228666,0.0018602498332487523,0.08996045037175751
29,0.04238318153130145,0.7799818193648902,0.09758829234745786,0.0006675193347290399,0.07937918742162157
30,0.05808234338354299,0.6918012312125442,0.13989043875680807,0.0005487213080497238,0.10967726533905509
31,0.03690236613904298,0.7890037824518868,0.1102124583548877,0.00034804214379582514,0.06353335091038653
32,0.058571014004837565,0.8159182416774969,0.05015723479609775,0.0007066518719490795,0.07464685764961863
33,0.08892919450857394,0.7923130401098069,0.023087860095705175,0.0006671180756174466,0.0950027872102966
34,0.06944418974733574,0.5912468550135406,0.08321333376976904,0.0006801480360787154,0.25541547343327586
35,0.09151084265461233,0.6449928152237835,0.14540211257290028,0.0009768954287067485,0.11711733411999718
36,0.08305329350774106,0.3624244003610134,0.06963470971532709,0.0012094798712439395,0.4836781165446744
37,0.12872800316601887,0.13978352078237685,0.012593866856116177,0.0014925010293582077,0.71740210816613
38,0.09556880648191222,0.0761023701707651,0.005655265075210617,0.001313491648453087,0.821360066623659
39,0.08283850168167804,0.03060037417354499,0.003507929150349194,0.001172047435158508,0.8818811475592694
40,0.07321202128680687,0.016774296478465307,0.0006201689091428816,0.00046537488190236625,0.9089281384436826
41,0.22711518452536944,0.023103933662673465,0.001098674999760225,0.0009880414010166648,0.7476941654111802
42,0.25608416074881485,0.03249188230215051,0.0007781995625589332,0.0009666199401475784,0.7096791374463282
43,0.41402728398458133,0.12371980275867993,0.00143736745315668,0.0013061739897761186,0.45950937181380586
44,0.23498802795015963,0.17088938531154446,0.002903833613198378,0.0018474512378502438,0.5893713018872473
45,0.2428469253435448,0.3144070708251946,0.005322687861265754,0.006399341033876656,0.4310239749361182
46,0.4406031963369963,0.2460463561325875,0.008673680271710803,0.009283487309065879,0.29539327994963943
47,0.2543958565414018,0.6036351170248745,0.0034343668668026872,0.008300014335534636,0.1302346452313863
48,0.16266084254223484,0.760091556519895,0.014593966099262614,0.0035580715814690096,0.05909556325713836
49,0.0810154366847756,0.8494174646184306,0.050425229880710166,0.001128344303846457,0.018013524512237287
50,0.14004957401287452,0.7541729345377772,0.04084982030984689,0.0024822300803892974,0.06244544105911205
51,0.07616183298731687,0.7256757717427859,0.16138507034047492,0.0005331140385454773,0.036244210890876864
52,0.04664349158947926,0.8633394843104911,0.06339355300069922,0.0006834585015786883,0.025940012597751614
53,0.05782176756895435,0.7239388631527478,0.16915222884045822,0.0009509661670125941,0.04813617427082714
54,0.060157918092039055,0.786681401031928,0.12288774216395386,0.0019135394574575505,0.028359399254621536
55,0.0558783657852977,0.6945176173812913,0.23116678143844896,0.0014292642543817164,0.017007971140580277
56,0.07715788440206531,0.8336081882512103,0.06842690019124217,0.0022890720488378297,0.018517955106644432
57,0.05255378565144485,0.7653478994118391,0.09430365100921159,0.0017993955625251095,0.08599526836497931
58,0.04291356636396358,0.7669682803869343,0.1296726144784103,0.0018737880568699976,0.05857175071382177
59,0.052853086579190287,0.5898414396688952,0.2808804793703005,0.0018998665548385695,0.07452512782677548
60,0.05392151403601052,0.47156159838412215,0.14563619043145948,0.003534583811819055,0.3253461133365888
61,0.08789696824251585,0.5519055425978405,0.14352895659819576,0.003420367431314052,0.21324816513013375
62,0.10741770090205228,0.6646233212387204,0.10867198263107448,0.0015372525490038825,0.11774974267914906
63,0.033309667155435554,0.6558483408226298,0.2735616961797376,0.000772003973631823,0.03650829186856517
64,0.10858667232158087,0.5945088539126767,0.1277504811973275,0.0021030289964146464,0.16705096357200025
65,0.030318744871884528,0.5982019530989602,0.3039730378259876,0.0007520611209453229,0.06675420308222232
66,0.0714597342926329,0.5651567702888683,0.28270640925431295,0.0010579751949575502,0.07961911096922845
67,0.12020137862964514,0.49290642476625285,0.2583610220315926,0.0005241746586290109,0.12800699991388031
68,0.10240727614043293,0.5522671653590268,0.2613278674643225,0.0005087571990941204,0.08348893383712366
69,0.07406462942156423,0.49509653296007083,0.33705641240749584,0.000444270119545933,0.09333815509132318
70,0.2144512416033111,0.46031145896368797,0.08433760877779038,0.0020421646527582337,0.2388575260024524
71,0.10286184539886975,0.45781588618750196,0.3310600710071207,0.0005175011208368931,0.10774469628567068
72,0.15582171080236132,0.469277071475133,0.05102864873972009,0.0026265451408112902,0.32124602384197437
73,0.18894846052692893,0.40509106451378135,0.14560600146143218,0.00153996157210727,0.25881451192575017
74,0.09936416780477536,0.3972878981836079,0.3624899249637914,0.0012544381049283259,0.13960357094289705
75,0.18508593804052784,0.5957883033977194,0.1294665957435283,0.001339034620466906,0.08832012819775746
76,0.16660818504321095,0.5749093748809977,0.06804856787819763,0.003252914211462382,0.18718095798613138
77,0.1088321851630714,0.5292882631051563,0.17953987087820392,0.0010750667204170834,0.18126461413315131
78,0.1372845202946926,0.5329204321099533,0.1122455178451662,0.0011773148671821653,0.21637221488300576
79,0.20702659801161846,0.4559141569486452,0.15011767780422344,0.0015311835809304199,0.1854103836545825
80,0.1020461442013909,0.3751314960010839,0.26157318594866685,0.0013071573422671456,0.2599420165065911
81,0.18719149541888316,0.5548531178334218,0.0936096216421532,0.0022012237609919365,0.16214454134454978
82,0.06321095124380553,0.5513062565524237,0.306580453190431,0.0007275214208101032,0.07817481759252948
83,0.05428953786811912,0.5883275345629896,0.1441178107790928,0.00236690583654667,0.21089821095325173
84,0.028413423156114937,0.5919975805091714,0.2732002936299292,0.0011605301957594832,0.10522817250902501
85,0.0786830535302185,0.5663339989153554,0.07396765021384806,0.00216809058590345,0.27884720675467445
86,0.04955290011576789,0.06901813936262838,0.00210168020581129,0.0007903081502105303,0.8785369721655819
87,0.1437793013411588,0.2904552402909896,0.015361229219271647,0.0018798556164548352,0.5485243735321251
88,0.12537425875350253,0.47522735926477117,0.021621307736579238,0.0035700508127247373,0.37420702343242224
89,0.21190095461457364,0.5212489721967855,0.029407569954309758,0.0011115980573827846,0.23633090517694846
90,0.07220406892515371,0.7749083836019469,0.056899768082529355,0.0009803515234099159,0.0950074278669602
91,0.10442874766170411,0.6553260230403816,0.1655642613794539,0.0009045763253271162,0.0737763915931334
92,0.1728123990241687,0.5645636788690453,0.043403889156011496,0.002503983996292212,0.21671604895448207
93,0.11273909790741302,0.6707704542784815,0.09326819236058308,0.0014180802724679301,0.1218041751810545
94,0.22799861838718333,0.44310456151692157,0.11950139570906336,0.001698757033066596,0.20769666735376519
95,0.18630440732007095,0.6105477095499826,0.07355087715234464,0.003835807026689169,0.12576119895091267
96,0.1304513638237271,0.41172775434768405,0.11041133041199203,0.0016462811137113325,0.3457632703028855
97,0.0947602725283477,0.6058270236044505,0.06902341986641783,0.0023076486736913564,0.22808163532709258
98,0.0544244739866853,0.490852648465709,0.06550881397946036,0.0022786610673113275,0.386935402500834
99,0.06081340997048091,0.3791490707617156,0.29137563960006035,0.0016198744324429216,0.2670420052353001
100,0.06607773041245588,0.32898774444594514,0.08931426944661673,0.0018751922817416816,0.5137450634132406
101,0.07162704552246477,0.43305278743790415,0.2497964885542847,0.001966880053281376,0.243556798432065
102,0.05793786039735818,0.28914064245082455,0.22733205274807777,0.0012170916937096496,0.4243723527100299
103,0.05246789904301973,0.29506795078208703,0.29501680303421307,0.0008581422265211264,0.35658920491415896
104,0.041825673219113575,0.320783990637682,0.28419161194794795,0.0007930503552420817,0.35240567384001426
105,0.04516147622546441,0.37425263484094695,0.1501542994721491,0.0008292474221698649,0.42960234203926956
106,0.02740844042791072,0.2652805112111592,0.4178681279513839,0.0005437978076624384,0.2888991226018838
107,0.021951902408519085,0.26288591357195135,0.6001249824093774,0.0003117990728901066,0.11472540253726218
108,0.04528395669302862,0.37246255284188856,0.2596183833026796,0.0007560380071980983,0.321879069155205
109,0.05230346374943309,0.35641168084341757,0.3402172765229536,0.0007688411975673692,0.25029873768662836
110,0.029431141228397222,0.259110001936296,0.4101738595524341,0.0004886232071760083,0.30079637407569676
111,0.036640314187422175,0.2589465621012089,0.30584896209770296,0.00041687919254571287,0.3981472824211203
112,0.02938191378285463,0.23208869065090973,0.5528717180822199,0.0003775586149378006,0.18528011886907805
113,0.04392482025357612,0.31309506597494163,0.42210302130593524,0.00044978210086657396,0.2204273103646804
114,0.05616062877124399,0.3299978787374706,0.40256672982885316,0.0004992563657287895,0.21077550629670352
115,0.03379906351581932,0.5536597419873565,0.21347109019864574,0.0006870955066978143,0.1983830087914806
116,0.03269179941444315,0.41040501636188303,0.35721679782858917,0.000442355254870787,0.1992440311402138
117,0.02633028754453369,0.27592711493384436,0.6248569346078094,0.0002638631762237972,0.07262179973758875
118,0.03137644424787584,0.27040124022280193,0.5810516217372352,0.0003979731657554199,0.11677272062633157
119,0.02149800995030517,0.24526428868944566,0.6317564717314486,0.0003192591836975218,0.10116197044510324
120,0.03484446854455247,0.3372281623049084,0.5074817683311393,0.0003871434952157751,0.12005845732418399
121,0.039255258710070205,0.362446222080107,0.4044187107841684,0.0004262662920922439,0.1934535421335622
122,0.024854412302970953,0.314751698130731,0.4320404557537926,0.0004863122420766559,0.22786712157042893
123,0.08965866989089391,0.40311233190006335,0.36146348042434573,0.0007878047858955339,0.1449777129988013
124,0.09771258190145345,0.5704411841988509,0.230124145742347,0.000655479202921168,0.1010666089544276
125,0.08312270724657797,0.44820087838533795,0.3852465814933384,0.0007462134770648225,0.0826836193976809
126,0.0919520530869146,0.4052652549161496,0.3976442687949916,0.000775189124193891,0.10436323407775012
127,0.06035221595852989,0.5581694015864417,0.24951118105829542,0.000905363219784283,0.1310618381769487
128,0.048891122062029425,0.3869879473787138,0.3463278094160427,0.0008325912772524557,0.21696052986596148
129,0.06176855817220508,0.409748766262397,0.32609858313604156,0.0006466363040152138,0.20173745612534102
130,0.054881713290005574,0.46783967501271717,0.29918490691501376,0.0006087613804431631,0.1774849434018204
131,0.02119711136524822,0.3093243924348011,0.4540514197841405,0.0005454389214881397,0.21488163749432201
132,0.02503312237336153,0.3836020904019024,0.39835644625484756,0.0005560287084826002,0.19245231226140583
133,0.03691811219907245,0.3173681493877449,0.534346042875072,0.0004988977975192625,0.11086879774059134
134,0.06055703735251195,0.44883580906840187,0.313779218590052,0.0005598041725611445,0.17626813081647297
135,0.06746251855236218,0.595823823858072,0.21992285802918052,0.0008818818025617001,0.11590891775782376
136,0.049338580482457296,0.49103510749212653,0.3211114138961814,0.0007664011205872563,0.13774849700864755
137,0.047052048929373404,0.5475784204287567,0.21695318793942586,0.0008231626360944032,0.1875931800663495
138,0.039598821373304276,0.47525576939211905,0.4161690583160532,0.0005572554113864353,0.06841909550713718
139,0.03259215138409516,0.33866547042968004,0.5733031309848433,0.0004561095816001441,0.05498313761978136
140,0.027711302358720043,0.3809723587166115,0.5126910448465037,0.0004925659445004044,0.07813272813366429
141,0.025714732030564253,0.30173485134017475,0.6180943969934881,0.00038937518597280624,0.05406664444980015
142,0.026271161684667435,0.34752526440158144,0.5624356708837672,0.0004042880823797472,0.06336361494760429
143,0.03412188984365478,0.38139631804215446,0.5370852612319685,0.0004921233985836689,0.04690440748363854
144,0.02845239913565301,0.4592239890780978,0.466936230610924,0.0008214639829346087,0.04456591719239058
145,0.02661115390483547,0.37472277093109724,0.5398206538961311,0.001171558071096389,0.05767386319683968
146,0.018637588507632454,0.34639434803599234,0.5550824471383768,0.0016881291030497847,0.07819748721494857
147,0.12326097083253373,0.45027007421210186,0.019273109183662863,0.006470706383991354,0.40072513938771026
148,0.1764025367465645,0.10787200625911458,0.01842612260539335,0.0038719494140357458,0.6934273849748918
149,0.14662531315821148,0.31985570104341915,0.018685837995845236,0.004848877731093078,0.509984270071431
150,0.14412606837416173,0.1894360105709894,0.018234632629574702,0.0033365351222106317,0.6448667533030636
151,0.06402712545708723,0.11187252392583827,0.012028918049265714,0.00150723922652334,0.8105641933412855
152,0.16770049511656535,0.20546092349443235,0.028391222071378786,0.006695902588798336,0.5917514567288252
153,0.11378917782854374,0.18999902364624224,0.022167919492961395,0.0042602626761394724,0.6697836163561132
154,0.07242451025044332,0.13001758837226896,0.017814363051335137,0.004037929076010653,0.775705609249942
155,0.17628891794013424,0.36978103657497324,0.04524953397925553,0.010105785552068654,0.3985747259535683
156,0.1595359443878779,0.4177870003291359,0.035799043386840625,0.010209242268000043,0.3766687696281455
157,0.1378643243502266,0.37003646168820076,0.03246030811626463,0.00714740267705297,0.45249150316825504
158,0.06958894800188632,0.18384403219461967,0.04506671386091662,0.00640339645670213,0.6950969094858753
159,0.12287863833865093,0.42762089846776313,0.03956410453031345,0.008719384397558885,0.40121697426571357
160,0.15120257300414874,0.29931240264976683,0.0203776292690488,0.006828370517074007,0.5222790245599616
161,0.15192416381283433,0.4164932904777319,0.030398661302413765,0.008545666406739033,0.3926382180002809
162,0.2480067506351453,0.47846192008272426,0.031955667095444416,0.011031451535641137,0.23054421065104488
163,0.24877214503248998,0.5167984980644218,0.019939931372158288,0.012109501034260051,0.2023799244966699
164,0.18665038403852358,0.5743715155947359,0.014035294684219693,0.006699132593039053,0.2182436730894819
165,0.22296738020685516,0.5231567152153918,0.012896400670977734,0.007805044961233527,0.23317445894554178
166,0.14847401794049095,0.4809031298158664,0.023971255668269565,0.009631897436278175,0.3370196991390949
167,0.15578230792367725,0.4360075358347713,0.014951496387607116,0.0046367677646768,0.3886218920892674
168,0.12581306019516206,0.20510940243200707,0.005928326348123218,0.004157461708871538,0.6589917493158362
169,0.07308534126272158,0.0870575299564063,0.004944195399276743,0.0021427927807216845,0.8327701406008737
170,0.11669099797644128,0.20825334828140293,0.008838821065923428,0.006321224081666517,0.6598956085945659
171,0.05784320736065017,0.06995015884217254,0.006743435104173323,0.0023987116695114124,0.8630644870234926
172,0.07058082937784825,0.06569256921566188,0.006148377951205883,0.0018476006806302627,0.8557306227746537
173,0.10118163548522002,0.03489831658388445,0.006581776568023915,0.0019397764921509158,0.8553984948707206
174,0.049804412371014406,0.10562360415231697,0.027616513436423712,0.002574829984104083,0.8143806400561409
175,0.1652718579567821,0.1861988755285057,0.01646095513755124,0.003247276518290316,0.6288210348588706
176,0.10274051803416662,0.11903476691056644,0.00660272574569032,0.0025531988935855823,0.7690687904159911
177,0.12605057177439807,0.12376256867659081,0.018741574968541407,0.0044810537891522345,0.7269642307913176
178,0.11807694368884655,0.15062169293375685,0.010468171457237456,0.0019571621310178334,0.7188760297891412
179,0.14096741848865085,0.09123906273097283,0.010991545908821286,0.00618786168689517,0.7506141111846599
180,0.10760580512357731,0.09993498728570632,0.011068546360997744,0.005164522453849669,0.776226138775869
181,0.030462361100383514,0.0776345431181963,0.01193646663257821,0.004736960151699975,0.875229668997142
182,0.08364845165703311,0.2537193388031336,0.014631428316979205,0.005368033017084647,0.6426327482057695
183,0.02236813214160247,0.07589712356753543,0.00572140591715873,0.0019277850993787296,0.8940855532743246
184,0.11252781956326328,0.17872039533125764,0.011128175756884849,0.009912751563501285,0.6877108577850929
185,0.130317976081074,0.16071197709315815,0.011989716009757243,0.004112948144603918,0.6928673826714067
186,0.2480938719814438,0.18310876446398672,0.00938699481348902,0.005282593513651444,0.5541277752274288
187,0.15897879988355973,0.45373129392274747,0.020293574825758165,0.012964253868835197,0.35403207749909926
188,0.15396504797196559,0.3291277653969684,0.013182400831647467,0.02344477201272971,0.48028001378668883
189,0.13413545612680702,0.2669039100104416,0.02162552639516218,0.02929804489599249,0.5480370625715968
190,0.15963704345374763,0.21249062878138056,0.028795458706215464,0.022041375895049755,0.5770354931636066
191,0.1567050163394629,0.32025177624855294,0.02962202970313379,0.029148122822258708,0.46427305488659165
192,0.13697265265891545,0.23690055574291913,0.01193120102598948,0.02982927858862063,0.5843663119835553
193,0.08982733362197817,0.2849612104225231,0.019731030493027886,0.011902100452091545,0.5935783250103792
194,0.09965265025267361,0.15048985182568317,0.007294382672723587,0.023402715985118807,0.7191603992638008
195,0.12963482977878882,0.4340859843793096,0.025303616704188805,0.019564707447878204,0.39141086168983463
196,0.05592298122421541,0.1650917450764768,0.010859496128023116,0.012050589218714042,0.7560751883525706
197,0.03514712884447145,0.10690790211402604,0.007220526323933838,0.01587565500224748,0.8348487877153211
198,0.030216063757160825,0.15697129530733225,0.015630784909783417,0.015061785662728294,0.7821200703629952
199,0.12256486841129903,0.36050418327115696,0.02117128044817515,0.018993266027517962,0.476766401841851
200,0.11865684089690397,0.3381362677130557,0.01736246912116302,0.016705407223286527,0.5091390150455908
201,0.016713667132052475,0.12868743653508757,0.012932782075477276,0.008379253674115123,0.8332868605832675
202,0.046389593544327194,0.16875568876886898,0.010396595923688842,0.0143281761945204,0.7601299455685946
203,0.02576247223552121,0.06494008857588567,0.004441009472543321,0.009279544177394222,0.8955768855386556
204,0.033282017438973854,0.09149897096094459,0.01489122348796467,0.01294783862441496,0.8473799494877018
205,0.03093467046856513,0.07923019908299485,0.004977065795934347,0.0075640663569063425,0.8772939982955994
206,0.04696970819489,0.100939127490984,0.010889835103183917,0.01496344566906882,0.8262378835418732
207,0.017632875950654627,0.0348774594246917,0.0037512565569623704,0.0072178624446606904,0.9365205456230306
208,0.03485051171091356,0.07463512905378754,0.005362577048053311,0.016842619915224014,0.8683091622720217
209,0.026432567376103368,0.07406200834234762,0.007742058709716811,0.00850717776267618,0.8832561878091559
210,0.01499723744749897,0.04662806096795061,0.0038217424266432506,0.0046265552990477085,0.9299264038588595
211,0.007419670014182911,0.014741021365709863,0.00244398234393137,0.0038757374846969317,0.971519588791479
212,0.012559837958113508,0.027823044667970358,0.0037401821828831217,0.006770535048772011,0.9491064001422611
213,0.02792025935845126,0.04903406301251134,0.001858723039619848,0.009375361773981104,0.9118115928154366
214,0.01805256631831673,0.025846767673382183,0.0007920171971722407,0.0049161488169948385,0.9503924999941341
215,0.013242756289137724,0.01869897709160775,0.0023173283912290878,0.003771260822777467,0.961969677405248
216,0.014388968660963614,0.03698722526985746,0.003142740482457177,0.005679522165267792,0.9398015434214539
217,0.014468495967260766,0.022398456552582515,0.0021070488063877524,0.0035262174071645966,0.9574997812666044
218,0.03525298405640726,0.15854236812936223,0.009158630424496743,0.01021559788412325,0.7868304195056105
219,0.05237823600097311,0.06235994068092503,0.0030755631116184618,0.00736190479246178,0.8748243554140216
220,0.023037359426915965,0.0548987422757207,0.004217759845999601,0.006045273077706368,0.9118008653736573
221,0.040475565705406946,0.2011863652507001,0.010628851208550744,0.05186707071193857,0.6958421471234035
222,0.09533269674693436,0.2488270233303499,0.013785942027369592,0.05724017599519228,0.5848141619001538
223,0.05030252156880365,0.1432678688070148,0.007058739945829029,0.007693048278626084,0.7916778213997264
224,0.04212015541369419,0.5178258281027501,0.011120691085338188,0.012833117596081649,0.41610020780213597
225,0.05168524711229659,0.15477589673589376,0.008547408902231192,0.018582919093056923,0.7664085281565216
226,0.046814060563875694,0.26746621194425596,0.005644455212153643,0.007966286963968401,0.6721089853157461
227,0.021854452559541142,0.09216224132763351,0.0074839973444109165,0.00912469129192854,0.8693746174764859
228,0.1241825009272533,0.213101380129254,0.01103185210732087,0.014084163159562357,0.6376001036766095
229,0.0966113421348139,0.2677774256516375,0.01313815372781421,0.020571270562915495,0.6019018079228189
230,0.0734798576791818,0.2150371673704152,0.013683879089120055,0.019759632206249163,0.6780394636550338
231,0.041676086029409504,0.23209120525028162,0.012490848104287446,0.026524729377994282,0.6872171312380271
232,0.05085262802220306,0.23254853371495218,0.00882791292399353,0.016377331652539892,0.6913935936863114
233,0.01294435002592841,0.058101539161484285,0.003678007658940676,0.005966405254679562,0.9193096978989671
234,0.023917844126627594,0.07012401564571867,0.006980028757714539,0.012416174206280321,0.886561937263659
235,0.009613881474902185,0.06158210277671769,0.008300943963320036,0.007792577200665774,0.9127104945843943
236,0.012407170887296095,0.026972978985363053,0.003739949621590321,0.005974630592027358,0.9509052699137233
237,0.044765068893542675,0.09990558090655188,0.009412867666628853,0.012492103640692045,0.8334243788925845
238,0.007010586609905855,0.01270210004121706,0.001536702534302513,0.0028549869606698452,0.9758956238539046
239,0.004779125103590773,0.006608094998293413,0.001718138658038913,0.004290179104583724,0.9826044621354932
240,0.004013702134316532,0.014180710967727312,0.0013404640704422867,0.0010938964706771756,0.9793712263568367
241,0.0011182285042742467,0.0020830450629282645,0.0001714882523681029,0.0003865161154271102,0.9962407220650022
242,0.0018361317444210517,0.004440383009787598,0.0007110398559179952,0.0008478719026263925,0.9921645734872468
243,0.0016848538014158903,0.00245831394551868,0.0002434769530136875,0.0008536784070697723,0.9947596768929818
244,0.003157622873853136,0.0019621729412405394,0.0002706031064178325,0.0010084946169333123,0.9936011064615553
245,0.0021644018044830703,0.001204287561979258,0.00046251723817772935,0.0011248985495176376,0.9950438948458424
246,0.0021159976099243342,0.0017415669127017874,0.0003479768359809303,0.0008491417574003021,0.9949453168839926
247,0.0015698195748830492,0.0016798441501229217,7.130165571882128e-05,0.0009166717956153971,0.9957623628236599
248,0.0015338815495884609,0.0007354446473292415,6.795342035748541e-05,0.00099347027436773,0.996669250108357
249,0.004836337843321162,0.0009548991401135688,1.5995641910782153e-05,0.001456652427947349,0.9927361149467071
250,0.01106797882654429,0.002547258426316735,1.4099113413829982e-05,0.014656035686292647,0.9717146279474326
251,0.03445891040232639,0.0030821328920516682,2.095976754207774e-05,0.02067357886999174,0.9417644180680882
252,0.023923117930177883,0.0032841719454504083,2.929143545047083e-05,0.04075194650537545,0.9320114721835457
253,0.09253614101221955,0.007217708854260825,3.639154785743546e-05,0.10611002349499088,0.7940997350906714
254,0.11430662851133548,0.04407525272404915,0.00029322070451347134,0.5840928217543625,0.2572320763057395
255,0.1501430662956708,0.04419088262156424,0.00011976838933670309,0.5374231382081127,0.26812314448531555
256,0.09600342808333086,0.040318654356849094,0.0001203540098553123,0.49928990450060967,0.364267659049355
257,0.14252296163466643,0.08922232502717589,0.00026363228073322375,0.6569271681237494,0.11106391293367507
258,0.019298385878274954,0.013349524521578338,8.809234565758506e-05,0.1391328740024788,0.8281311232520103
259,0.03144634734977964,0.030849920460717422,0.00043589561618142647,0.13535807699461297,0.8019097595787085
260,0.08550126600257757,0.021607382010277072,5.16834181656255e-05,0.30570178830244854,0.5871378802665312
261,0.20416869929598633,0.054794843383135325,0.00011900594835211365,0.34078750349990194,0.40012994787262435
262,0.04983203785768465,0.030870389613618408,0.0004947980433467217,0.16161378934573056,0.7571889851396196
263,0.008749158814273347,0.005969441064799495,0.00014292113833405266,0.054420606433009854,0.9307178725495833
264,0.047888360532032805,0.007275614513740056,3.417710340756853e-05,0.10291060254856321,0.8418912453022563
265,0.11462619460799266,0.01550047124818493,7.40892772467373e-05,0.1446958668030216,0.7251033780635541
266,0.0524207991995164,0.007111753843480967,6.564809822982763e-05,0.06237161164951727,0.8780301872092554
267,0.0907396037047973,0.018295284223689715,0.00011144171010756748,0.1036109141113776,0.7872427562500277
268,0.012737496655155922,0.009651225140638302,0.0016661275739197168,0.03530737835541017,0.9406377722748759
269,0.0064767313791561495,0.003721721480262317,0.00011964666634865818,0.011775286203499711,0.9779066142707332
270,0.03920932432553074,0.006714168423604928,3.0453530871972502e-05,0.034560021611149565,0.9194860321088427
271,0.32126209781124954,0.06727901993578983,0.0001855512424349451,0.13165619097245704,0.4796171400380686
272,0.3628325324467559,0.07484538289879283,0.0002804740719829355,0.3416078984427225,0.2204337121397459
273,0.2897132321145543,0.15331902277144163,0.00027580175227982404,0.46531530030606927,0.09137664305565502
274,0.1833518218890989,0.12667058969174705,0.0001629596479331653,0.5685395503912187,0.12127507838000208
275,0.11822471209065827,0.1560765315320662,0.0004413468865747298,0.6865901487483422,0.038667260742358565
276,0.07199751316786199,0.09155151624145993,0.00012544310000868204,0.7865611182234002,0.04976440926726914
277,0.1581375891827417,0.16655766553439585,0.0007310173335069658,0.5972604176633806,0.07731331028597486
278,0.14588557107416672,0.13744701734905942,0.0002872089621020445,0.6705658329249703,0.04581436968970136
279,0.1953306435717015,0.38886192539687264,0.0005517641580995639,0.35655411219306693,0.05870155468025949
280,0.2129614921002871,0.2036204332308046,0.0007271439652665928,0.5364793624229206,0.046211568280721184
281,0.12015654649411661,0.21407226197258095,0.00020198791236286754,0.6410968155422059,0.024472388078733604
282,0.17968165565662844,0.16923211708512176,0.00024047255941444216,0.5732182974996476,0.07762745719918776
283,0.16764886568845702,0.2969609418071791,0.0033359470584745287,0.45295652705865364,0.07909771838723564
284,0.05906527400795094,0.0668180643726686,0.00052903630499807,0.15336350205370472,0.7202241232606776
285,0.004313665378196369,0.009247368204150922,0.00021282093591641662,0.019909385836579148,0.9663167596451572
286,0.05211574906169682,0.022265235035796138,0.00012963160520627827,0.09572427675092753,0.8297651075463732
287,0.10049519242876277,0.012845820618168701,6.834004620950101e-05,0.05557196622784386,0.8310186806790151
288,0.1775847150693836,0.02550622715013444,8.866927548892246e-05,0.06339184903863862,0.7334285394663544
289,0.18251349900692185,0.06277492855771588,0.00013927643182079684,0.17936688996904177,0.5752054060344998
290,0.2725567352970038,0.07447917254007631,0.00035143311831827316,0.2986655418617311,0.3539471171828705
291,0.1369234306379327,0.0522666984483782,0.00012251181930898291,0.1467148733950303,0.6639724856993497
292,0.18290101930080194,0.11457033538672716,0.00029328164318292,0.5687891906368436,0.1334461730324443
293,0.16512744018321912,0.21046985873344723,0.0007270316941504038,0.5222142793325134,0.10146139005666974
294,0.17520482725238573,0.360135367200647,0.0017458644283999173,0.405888262888644,0.05702567822992336
295,0.2311604028499213,0.24039031100665312,0.00026069060277039994,0.4133025088068421,0.11488608673381309
296,0.22379639234685852,0.1575398789320965,0.00041135126402410717,0.5723389213780355,0.04591345607898531
297,0.10695088717682111,0.6833347271648883,0.0021961663115335228,0.19366439787087786,0.013853821475879265
298,0.2487627334172761,0.3586189002513299,0.0017379001875989935,0.3590010770851254,0.031879389058669494
299,0.14557441711244157,0.6987358403432233,0.009976086012049537,0.11488301902456567,0.030830637507719888
300,0.12686508465236013,0.5682530564831326,0.002688737468911681,0.28496136484047957,0.01723175655511588
301,0.11763185071574705,0.7172167498662101,0.0329990873179799,0.09882700544842733,0.03332530665163571
302,0.22185204305429843,0.5100773591920101,0.0008991572184982645,0.19710503286963363,0.07006640766555935
303,0.18989310302337167,0.5331606957101178,0.0007578649848233374,0.2538156936477708,0.022372642633916306
304,0.2088478475697835,0.5869465066265237,0.021505536799752926,0.1398933695250237,0.042806739478916264
305,0.2530454912450792,0.35088413718386086,0.0018079135238589484,0.3524956385739839,0.04176681947321706
306,0.23776734285756423,0.45336437573437677,0.001765277783554204,0.2652686811579654,0.041834322466539446
307,0.046978299837799914,0.8764295404155633,0.02529542499860588,0.0370415426569409,0.014255192091090095
308,0.1532539730238099,0.6392441263677426,0.024971044066754128,0.1299070409702925,0.05262381557140093
309,0.2803170389767536,0.24144354203646448,0.00048545883038051383,0.18716595339518047,0.29058800676122093
310,0.23291461267750158,0.5919503366274941,0.0025652604287405385,0.12255579672880863,0.0500139935374551
311,0.09174540376192647,0.8568023599231345,0.0020836731990003317,0.032214699044634136,0.017153864071304554
312,0.29955005790389605,0.5718275693689822,0.00632047728797527,0.09679554030353678,0.025506355135609737
313,0.16730545732271485,0.7354393100305894,0.008877859335590217,0.024248267895162677,0.06412910541594266
314,0.14490486359704755,0.797378835179508,0.003387266983469302,0.036103484750010253,0.0182255494899648
315,0.08388233597180107,0.8681415223123354,0.01639291381980804,0.013750366274125549,0.017832861621930065
316,0.10648881665876246,0.7295465845571791,0.045149724840347225,0.05864700040623693,0.0601678735374742
317,0.08931520528371126,0.8124869486942375,0.0545889821789334,0.015753796271124904,0.02785506757199293
318,0.1014500861202024,0.8097621259877863,0.044691078830862103,0.010315772010151356,0.03378093705099792
319,0.13675994403465858,0.8249126942903372,0.007623192275213128,0.009846184151608315,0.020857985248182723
320,0.07257889571942999,0.8490540744655367,0.05755976748651667,0.00799898689321926,0.012808275435297294
321,0.12330625589937931,0.7641486269030687,0.08444402209134119,0.013686274911027127,0.014414820195183744
322,0.06883032473949312,0.7852667046718356,0.12416883573604014,0.0060690131302926715,0.015665121722338495
323,0.06747408559791314,0.7781677648893576,0.11956882298398007,0.010336926568951195,0.024452399959798168
324,0.08414239799036961,0.7945615354721327,0.08503077936334351,0.011838613266754375,0.02442667390739986
325,0.07382227371775134,0.6844099653303243,0.20575637088337073,0.013029229987075775,0.022982160081477826
326,0.1300211086790828,0.7196491548103032,0.08938056290808417,0.02568969487766143,0.035259478724868475
327,0.044742976996644694,0.6260579801405639,0.2872478106076195,0.012184642941347737,0.02976658931382412
328,0.14360116795682468,0.7017686744058943,0.042336027949415586,0.056688576794046014,0.05560555289381941
329,0.05813391861080987,0.6776972681988775,0.20263461744795552,0.02764123009663003,0.03389296564572706
330,0.060117276607663674,0.6502982696526656,0.18278015262483946,0.03744935573738001,0.06935494537745142
331,0.05816879760475621,0.7516345570361295,0.1131964103842184,0.030721686232082022,0.04627854874281398
332,0.11301613352030734,0.32817007264206105,0.0025165556482795006,0.1225845583711191,0.4337126798182331
333,0.011131066792311774,0.012578750703461362,0.0003698418518556545,0.020055434885854595,0.9558649057665166
334,0.08530972886148915,0.037188047467477704,0.00015425988216232164,0.13001138659247596,0.7473365771963948
335,0.03267935306933462,0.011677319160389261,4.62645342016729e-05,0.06054164583775269,0.8950554173983218
336,0.3633079862741185,0.09873665040999846,0.00032032031466729734,0.30359662645608676,0.23403841654512916
337,0.30517848612353365,0.06617936304012535,0.00022029832643247145,0.3347784705022964,0.2936433820076121
338,0.3090415243002525,0.030604042916244252,0.00016902408445548575,0.33623302346246364,0.32395238523658415
339,0.16407292331608103,0.08915843563002653,0.00021058291135817316,0.6765620357089392,0.06999602243359494
340,0.20522717150019618,0.23974875051847835,0.0007724536961132385,0.5076238910099132,0.04662773327529903
341,0.20919562203515038,0.11147126292346266,0.00037214211455281786,0.5863943996409557,0.09256657328587833
342,0.16723393627070163,0.23773956618271297,0.0008325051958586059,0.5509390118386778,0.04325498051204902
343,0.20323049002422386,0.20092370238409693,0.0007384816612028356,0.5530026027670514,0.04210472316342496
344,0.06295212992739474,0.8026670806046623,0.0428237556396169,0.05064804810691912,0.0409089857214068
345,0.15931298609484448,0.6503172858193171,0.003202693128699988,0.16259572479354786,0.02457131016359036
346,0.16949933506822376,0.4086562105625639,0.0028502678694454493,0.36905206314713046,0.04994212335263654
347,0.14651253796739616,0.5891553865549501,0.004889046155075566,0.19800739383093616,0.06143563549164199
348,0.22960742976067977,0.4455347943457981,0.0016381687092582413,0.2858885066173285,0.03733110056693543
349,0.11787471890307323,0.7562033813932653,0.03510907239600525,0.03718508131181485,0.05362774599584166
350,0.2394928416184859,0.5436117507096894,0.0013165475443581295,0.11070394948507704,0.10487491064238948
351,0.24065910782394323,0.45529730462663776,0.0017160582294597835,0.2284120457948492,0.07391548352511018
352,0.1887701378924411,0.2937509099113537,0.00225782547718864,0.2352560597752771,0.27996506694373935
353,0.239527828590375,0.31279404436149316,0.0014657891515111622,0.34056144782802467,0.10565089006859614
354,0.1313887832647986,0.4686309185409575,0.11324601946656608,0.19343012926128575,0.09330414946639201
355,0.11927512699587352,0.4096092142321638,0.06525952258441756,0.24044142645515515,0.16541470973239003
356,0.08668340864770112,0.08051873691375952,0.003343671840148758,0.11276024442191607,0.7166939381764745
357,0.0257839388462413,0.017151247848946113,6.78646291677308e-05,0.05004118513893448,0.9069557635367104
358,0.1634726149112367,0.10148725604257368,0.00017330935131240876,0.20795798594512843,0.5269088337497487
359,0.29075915100402216,0.05170016727001043,0.00022904371667512182,0.18380463023371887,0.4735070077755733
360,0.18402352219458087,0.060183670495559796,0.00017424824651480144,0.11141058447493032,0.6442079745884142
361,0.15485308323857636,0.21796952711098003,0.0006716414457657046,0.15188183554291454,0.4746239126617634
362,0.2678775057209409,0.2230117440244997,0.00019198180286978888,0.2509388139450425,0.25797995450664707
363,0.20558220089606052,0.34653918936147604,0.0005324211694012636,0.3745449075876076,0.0728012809854546
364,0.1762462751554902,0.1594851157427626,0.00025819890464500415,0.5825996593221636,0.0814107508749385
365,0.2622593076120603,0.12238632163609095,0.0009960174769546404,0.5041746513834325,0.11018370189146157
366,0.1683598418940263,0.38416448164311595,0.002157939281297214,0.4105816940227948,0.034736043158765696
367,0.22685119259684294,0.3989867847593211,0.0050264838036931615,0.33069626551734527,0.0384392733227977
368,0.1278531261966382,0.6390197744389045,0.003977658362218641,0.19921586578149283,0.029933575220745842
369,0.1418677497386923,0.5486076954927779,0.05636867045920249,0.21689030310111582,0.03626558120821148
370,0.12056764911463277,0.6771944545263225,0.033076802639455644,0.14875051032172307,0.02041058339786598
371,0.08522392755346897,0.8147557210054304,0.003125850370294994,0.08162160196572232,0.015272899105083424
372,0.17391197661841593,0.5630223218185465,0.027878621551542606,0.19998825268916473,0.03519882732233036
373,0.09253194328380644,0.7552205256841847,0.06992246517229342,0.04186603142007628,0.040459034439639385
374,0.09562624166151447,0.8454521081324202,0.012275290416386718,0.028693155471957752,0.0179532043177209
375,0.1581420182912133,0.6064968613257988,0.12433486496354614,0.038594833852195934,0.07243142156724586
376,0.08330419929478212,0.6941464869866534,0.11320060194646302,0.03310588149758706,0.07624283027451428
377,0.1588722792010026,0.571486284633632,0.10466122532987925,0.06616192120038247,0.09881828963510357
378,0.051036847037219245,0.7313821421579141,0.15878908085963148,0.03154358599341868,0.027248343951816606
379,0.054547808720638045,0.7550877662613699,0.09165548412834791,0.033773092491405955,0.06493584839823813
380,0.051349308355535306,0.0918583754962565,0.004367081664860675,0.08225005989047295,0.7701751745928747
381,0.0534572181593703,0.044331941099591425,0.00013742902878289607,0.038300072862081244,0.8637733388501742
