epoch,N1,N2,N3,R,W
0,0.004959745390449467,0.0007434457852350752,1.1572255877382183e-05,0.0001872245425813304,0.9940980120258568
1,0.052718412273112435,0.003971644785027716,2.315444492719885e-05,0.00044576182774798965,0.9428410266691846
2,0.10652331130766733,0.0031357118939454565,3.65279088043552e-05,0.0021096162632766135,0.8881948326263062
3,0.28634049063073436,0.017364155201619238,0.00010819487469839483,0.0024281775347071164,0.6937589817582409
4,0.2843123879425345,0.022592796454980652,0.00014714275719039248,0.019748561130083102,0.6731991117152113
5,0.19096864548040765,0.038245031751851004,0.00030131731424230395,0.007484472633433002,0.7630005328200661
6,0.5321657904711291,0.11797622951909556,0.0007250849392365383,0.0586852446953958,0.290447650375143
7,0.5448439204413098,0.1565917015495611,0.0014543056402224917,0.0637332241411146,0.23337684822779192
8,0.516595820623942,0.14052088466471976,0.0007947860069993232,0.08610717887693442,0.25598132982740446
9,0.35806917672311334,0.17283114444802658,0.0002539995849795006,0.149358204223886,0.31948747501999464
10,0.2503352138099339,0.21162656418031073,0.0003582174316102861,0.22938753914015766,0.3082924654379875
11,0.37544295967191144,0.13281725797134838,0.0003409108927224055,0.24840454270580306,0.24299432875821467
12,0.390980383706039,0.2393902788176829,0.0001365702556458449,0.1060489412349785,0.2634438259856538
13,0.3843417120742584,0.30983135807332274,0.00010617934480440921,0.13870092044847487,0.16701983005913962
14,0.5166363562356239,0.13228824431786326,4.3922697544604e-05,0.1053483497658583,0.24568312698310996
15,0.46553484749145474,0.2529847948669117,0.00012196246571512949,0.07625511956996459,0.205103275605954
16,0.31758698386004147,0.3114207752277935,0.0003203600045229983,0.06043754023288738,0.31023434067475464
17,0.26207054978349825,0.3375377378630754,0.0009303110676627106,0.08881890469347097,0.31064249659229265
18,0.21416440195440506,0.24261517790086393,0.00043404567342482115,0.1803204795112708,0.3624658949600353
19,0.2635701535630896,0.3007800331713749,0.001761740261183321,0.103836811762639,0.33005126124171325
20,0.1574154353327494,0.44400777507606515,0.0037155598897109284,0.02210368876089757,0.37275754094057695
21,0.13227168627769867,0.17321101112610005,0.0003001053572570813,0.11270187422188564,0.5815153230170585
22,0.22581692396271572,0.21869974845108886,0.00019752556123392881,0.10200599587983515,0.4532798061451264
23,0.4002365910810863,0.05078618469036326,5.6852118917484384e-05,0.03902212703459826,0.5098982450750347
24,0.31908615245352234,0.18300822349544657,0.00020417611997665367,0.014802866916596229,0.4828985810144584
25,0.37820889023049364,0.11114751698195574,7.223871391221257e-05,0.053617360383440026,0.45695399369019835
26,0.25468544191870224,0.18119882152823605,0.00022784263264032402,0.029086378873405747,0.5348015150470157
27,0.33926546984531913,0.08864367125834346,8.860747083360787e-05,0.09028939066479748,0.4817128607607064
28,0.12338055186102213,0.27940841466640703,0.0005863800046860941,0.010073179237439882,0.5865514742304448
29,0.16663134812112396,0.16789018247633478,0.0001325187123749627,0.05558368386778362,0.6097622668223827
30,0.3505036670046243,0.04617722868375811,2.7400504743689257e-05,0.03913199049424944,0.5641597133126245
31,0.009127344652563608,0.003506288458465584,5.808313168589141e-05,0.0007006634393214074,0.9866076203179636
32,0.2982951207357957,0.0026485995517036365,3.969410240666837e-06,0.0031992047193500025,0.6958531055829099
33,0.3340501493003467,0.03229002419593037,1.621599484689074e-05,0.001640166128724607,0.6320034443801513
34,0.13173921166738345,0.008736103112787963,6.260078111933362e-06,0.0009249290914519834,0.8585934960502647
35,0.41914585585719455,0.05978350081219624,0.00011000782445127702,0.003262347748927213,0.5176982877572308
36,0.26731901122585777,0.2651732500853428,0.0014700796159427157,0.005489830409485855,0.4605478286633707
37,0.4706629309782542,0.1866033797746298,0.0002158748141963367,0.008560318276105783,0.3339574961568141
38,0.4230050106642701,0.43038165338038864,0.0017640643279012878,0.029525073391132292,0.11532419823630775
39,0.3195498368961278,0.49464421298853545,0.0016673198352353815,0.08733931869526707,0.09679931158483437
40,0.06994985006712595,0.7543810790560147,0.006855275888473072,0.0042322412992974925,0.1645815536890888
41,0.0669384566749796,0.7795647125642233,0.007726523332442,0.005716595177606359,0.14005371225074878
42,0.24443968971172658,0.5775684569557193,0.0010084716340341229,0.03314732586152031,0.14383605583699968
43,0.29210741653913325,0.5462490470270344,0.0013013694118256703,0.0890160355633379,0.07132613145866905
44,0.2692860300221942,0.5906801297892851,0.000931358359456636,0.02246527354393202,0.11663720828513212
45,0.27647041112830395,0.43541976731927323,0.0036842732022933787,0.004335948878423941,0.28008959947170553
46,0.356150763695244,0.5289383418812534,0.00040790730877370273,0.006525144594553702,0.10797784252017507
47,0.21167623125722135,0.7308139985726061,0.0015788780874699197,0.004092972824125323,0.05183791925857718
48,0.03151457017916705,0.8956052949868909,0.007763089020354653,0.00048159928858670134,0.06463544652500046
49,0.06184680080286888,0.9028157844210496,0.014497077463178661,0.0011900015990272176,0.019650335713875686
50,0.03318291362998142,0.9472776838715842,0.010657451071606526,0.001241728884939324,0.007640222541888605
51,0.03377079915501962,0.8930780898462134,0.06065072939395442,0.0012331361828468925,0.011267245421965867
52,0.07989270101876483,0.8687927213431171,0.033619238917952224,0.0030446048523412607,0.014650733867824535
53,0.03479921046354516,0.9221610451500499,0.02728776917657578,0.0022170196980410583,0.013534955511787922
54,0.07198129453139702,0.8657490478680203,0.02248184581705068,0.004426993427730557,0.0353608183558015
55,0.11054944011870611,0.8657084962759473,0.003321926128658623,0.005842054644972897,0.014578082831715194
56,0.05294706412913294,0.9165515080978355,0.006849389935148198,0.002992002600381749,0.0206600352375018
57,0.07179504325872837,0.882595992918066,0.010293782357625557,0.002178014088648894,0.03313716737693119
58,0.23193068989530075,0.7053631644287073,0.006493784428541056,0.005193341751050456,0.051019019496400496
59,0.3509148465621746,0.5526027317593187,0.0019584843072904885,0.019221901908851587,0.07530203546236457
60,0.04623874958546298,0.9006017561862178,0.023541220141675773,0.0036740166897506134,0.025944257396892628
61,0.06952478629784176,0.8353896898259857,0.014148675414778529,0.004798879690248756,0.07613796877114526
62,0.04487643593229952,0.033837122756336185,0.0004276229863590929,0.0007122777821689956,0.9201465405428363
63,0.48622925809610157,0.42296070217570997,0.001073710997089175,0.003969637025119431,0.08576669170597988
64,0.4965754707522953,0.4302373552931828,0.002915582522162019,0.004109531965776149,0.06616205946658371
65,0.1691333169089778,0.7323485109220559,0.011254548410359375,0.0024446145843570054,0.08481900917424993
66,0.1969211573346302,0.6435580648956173,0.004592126570522387,0.01894319742711556,0.13598545377211457
67,0.1434701014340067,0.7597401691608786,0.004602779290893825,0.02987373607135362,0.06231321404286718
68,0.09133056587909638,0.2031986274366031,0.0006033833438831999,0.010294995297253612,0.6945724280431638
69,0.6222530338579347,0.1660850385443141,0.00038714087474988305,0.012463583902954982,0.19881120282004613
70,0.31104982114035923,0.5740500250038099,0.0032817164053803504,0.018896149553860757,0.09272228789659004
71,0.3033864946432157,0.6087522717763382,0.0016829150840513623,0.014939668326760257,0.07123865016963449
72,0.2414720438748111,0.6561465168681172,0.0017105234982164358,0.07172564610988395,0.028945269648971213
73,0.06524798114203836,0.8642336945105941,0.011914899528890636,0.012853350568924995,0.045750074249552145
74,0.15313965632233817,0.5002041117899925,0.0002458538961220932,0.28823686859535064,0.05817350939619655
75,0.2208641297390745,0.2749769304732546,0.000282753292712799,0.47439559750374866,0.029480588991209315
76,0.09579401896267746,0.804159204027045,0.004275810822783631,0.042981280405726185,0.0527896857817679
77,0.17858745353553637,0.6521172589084869,0.0010099916190450637,0.14101730757771563,0.027267988359216053
78,0.0972124098955265,0.7967320784160504,0.0010333227900535986,0.0921287756066662,0.012893413291703196
79,0.09131272002850951,0.6636582840486179,0.0009012406425254766,0.21649049979300358,0.027637255487343602
80,0.08622228342342592,0.758923979196311,0.0015783292315364632,0.11949975261833885,0.033775655530387604
81,0.20269575447612584,0.45545992227243776,0.000694400489922687,0.31072152324603836,0.030428399515475487
82,0.04665242036158538,0.9233364073394854,0.0009778704020772587,0.018813865843312502,0.010219436053539418
83,0.075641442420274,0.863208527880872,0.0013212968827571228,0.050971654452466555,0.008857078363630115
84,0.20197946775547318,0.4230630448723478,0.00037915647829559536,0.3212819928326428,0.05329633806124061
85,0.0958157454892451,0.78092247962132,0.0011604271188002543,0.0844502030267325,0.037651144743902076
86,0.12547780028606806,0.7059753124265733,0.0011470065338917445,0.14206100199997812,0.02533887875348877
87,0.1513683011506247,0.7348935226799388,0.005705805510164915,0.037003187742552575,0.07102918291671904
88,0.035681248151352825,0.8851494174335042,0.01075739728510564,0.020724154433335727,0.04768778269670161
89,0.2235172735698239,0.48903204872677375,0.0012851694970396736,0.1427931785163748,0.14337232968998792
90,0.36364986085721934,0.2379934511480696,0.0007133746257673622,0.2666927610159591,0.13095055235298453
91,0.203719494355229,0.6579155493388467,0.009114809924308668,0.03609718648833164,0.09315295989328402
92,0.22744481080042933,0.6355278803020247,0.003836570143951972,0.041434628335301704,0.0917561104182923
93,0.20193316139932743,0.5060091350648999,0.000961258174458892,0.24843479579018396,0.04266164957112994
94,0.2259948276270468,0.546724087004288,0.003061182998582047,0.13571176435801863,0.08850813801206464
95,0.10828258521530612,0.7794939576221823,0.027126504489799842,0.02205562358178843,0.06304132909092335
96,0.2272735339553007,0.5001263673675143,0.001892121768598269,0.19900517170637214,0.07170280520221457
97,0.2580644131889282,0.4679961974019919,0.0015659221237349676,0.16199395888337448,0.11037950840197057
98,0.16140543342765085,0.5758290298551787,0.001842532320146145,0.21984019580081698,0.04108280859620732
99,0.12052599301394712,0.8198457263523916,0.006349637599634379,0.028642015903651476,0.02463662713037533
100,0.10933858853983262,0.7876647272183434,0.006663923665153897,0.07696377785169393,0.019368982724976076
101,0.11938171193346278,0.5992549004993264,0.002608596891702165,0.259738095966456,0.01901669470905266
102,0.14744471788109506,0.6895513886597316,0.0022202350359697685,0.08606958706106399,0.07471407136213946
103,0.022824014560705642,0.9302082663842172,0.009864163908832923,0.02394857927913469,0.013154975867109517
104,0.08968406674503618,0.7306017631016001,0.002078780537519875,0.16050585878073353,0.017129530835110412
105,0.1790297930963285,0.4714946144655463,0.0016340548887383648,0.328978394593052,0.018863142956334757
106,0.1864424020413063,0.4887450954864124,0.0005077074727233903,0.1760003409249029,0.14830445407465498
107,0.2348153530503688,0.3284158262607439,0.0004036922701926467,0.4001884379434197,0.03617669047527489
108,0.09589887377808363,0.7400946911886568,0.0046242103396569945,0.045122173282066455,0.11426005141153601
109,0.13714655816122706,0.664274873083896,0.001532729909334431,0.15326903856769586,0.0437768002778467
110,0.11497943173148818,0.7052108628690824,0.003354346429547591,0.062314181506397504,0.11414117746348428
111,0.05197355955069728,0.7619705169659867,0.008940725183703866,0.06273201090213366,0.11438318739747841
112,0.12452163062757789,0.28436591544378165,0.0010728329361216426,0.27017969600565483,0.31985992498686394
113,0.058944367267284616,0.0156443264578849,3.141989316796604e-05,0.009953977410050807,0.9154259089716117
114,0.05802843161777135,0.010958677957558631,1.189461673781659e-05,0.001967676445489038,0.9290333193624432
115,0.602328510027112,0.13366133208498504,0.00012673365341741753,0.0057717248308266295,0.2581116994036589
116,0.33555584887123807,0.13116085527746982,4.082366373909771e-05,0.004373927581287511,0.5288685446062654
117,0.028927827898725472,0.004791661603594339,1.5269232839082588e-05,0.0015121686791892135,0.964753072585652
118,0.012131726038614647,0.007512878900993525,8.507904850266081e-05,0.0007286054748354679,0.9795417105370536
119,0.011741306795967856,0.0013422412783982408,5.210674326127639e-06,0.0003722442037634534,0.9865389970475444
120,0.24037361286728165,0.009087595030187844,3.314391733811221e-05,0.0010572330797163632,0.7494484151054761
121,0.311511855899496,0.20054164582948675,0.002611922189910298,0.0010915942954171773,0.48424298178569
122,0.2538386236823554,0.16474322396364197,0.0009423863440479737,0.010511063540736231,0.5699647024692184
123,0.45977463650622596,0.14229921775047036,0.0002662765634916567,0.019316149236604976,0.37834371994320715
124,0.17926504420518558,0.16297421586654642,0.000633669712432325,0.03157567788366972,0.6255513923321658
125,0.3948373963742253,0.22534683539093475,0.0024373705248751897,0.040704545654256255,0.3366738520557085
126,0.3778219281456677,0.4095921333086097,0.0021668436312485707,0.03298468567344113,0.1774344092410329
127,0.14006310285272983,0.7270771011200285,0.0060203975139695365,0.02295948533412134,0.10387991317915077
128,0.21396010465317505,0.12132088801157881,0.002430187655177162,0.02822236706479244,0.6340664526152766
129,0.28525741933570026,0.47348562190636506,0.0016149222268137253,0.08486130529735629,0.1547807312337648
130,0.09312209369702645,0.573052755177495,0.0061123904326686185,0.12437642667225193,0.203336334020558
131,0.047713373562729144,0.4622511859334208,0.013162376157890815,0.06001793083835453,0.4168551335076046
132,0.07695062735893074,0.17586394151956825,0.000448567777523346,0.10652710048738218,0.6402097628565955
133,0.02539009165537888,0.011591318715991021,1.8432153449300154e-05,0.04268622818049286,0.9203139292946879
134,0.008203342689143118,0.0015933923956812923,7.32019084946706e-05,0.0018048698124007176,0.9883251931942802
135,0.05172448756994058,0.003994694153790363,5.548351356928826e-06,0.005424950642529105,0.938850319282383
136,0.21166780761766024,0.02935152308609076,5.0728896680146685e-05,0.011806628207528017,0.7471233121920409
137,0.3866903108986942,0.02813019676136182,3.359120198718378e-05,0.016894242273181523,0.5682516588647751
138,0.017161338029739997,0.006481084918519736,1.6391365125799532e-05,0.0017269239673525522,0.9746142617192618
139,0.13585836636485077,0.012816784364874786,2.4514592742842246e-05,0.007075586005739102,0.8442247486717924
140,0.20871101409536383,0.03086110895875079,5.513096277047758e-05,0.0050193207914437515,0.7553534251916711
141,0.03500848925049322,0.003392599780604038,7.992810933658198e-05,0.0006829916904963378,0.9608359911690699
142,0.17622876247485822,0.01070070528061477,3.344442230450717e-05,0.0018511892863569653,0.8111858985358655
143,0.5299156547982469,0.17734894090459752,0.0013425132383666197,0.005277824827905655,0.2861150662308833
144,0.2506428877814318,0.20572304828784602,0.023718404943879726,0.007138828750249209,0.5127768302365932
145,0.08915550838135,0.653521620960763,0.025712264400155983,0.018493016113139516,0.21311759014459156
146,0.077207027540616,0.5469676002608624,0.038898842777988794,0.05548958865973077,0.2814369407608019
147,0.2122817861948588,0.49286651837531836,0.0016282122686196523,0.08546325412199096,0.2077602290392123
148,0.23003282447438028,0.4143332975300506,0.00629564251580126,0.054182165019007175,0.29515607046076064
149,0.16734394978553108,0.508343085236777,0.001369526738581994,0.2711348841358239,0.05180855410328623
150,0.18912336017109657,0.4035978797227913,0.00035429087051978104,0.37429519011775386,0.03262927911783849
151,0.06855972705481034,0.5814519115950371,0.0009323372758247437,0.3167247323429757,0.03233129173135207
152,0.09876847841010064,0.3575722131485339,0.00026616548940432995,0.5208638918675592,0.022529251084401982
153,0.060438229699744085,0.2722095821187746,0.00031491073851475207,0.6012754473135024,0.06576183012946424
154,0.05363865862971687,0.682810338405066,0.0030382172883607348,0.22618373977174447,0.03432904590511183
155,0.05808375521987223,0.4095633739584942,0.000684206633179238,0.512256255498103,0.019412408690351296
156,0.0607626100984101,0.32050487664404476,0.00030717688664232996,0.5297388154681008,0.08868652090280205
157,0.07255915009945364,0.17334553516789658,0.00023468960580196673,0.5787088453580544,0.17515177976879337
158,0.14934082058059933,0.2896425971621189,0.0004100310779356326,0.5210026566381813,0.03960389454116475
159,0.11410416982518118,0.6537469823711228,0.000716594908053143,0.16766403781301148,0.0637682150826314
160,0.07961592726822075,0.5915698635472534,0.006830946582786365,0.19060236371836572,0.13138089888337376
161,0.053553575667687245,0.6927001540356851,0.0325223041672194,0.058527729981026344,0.16269623614838197
162,0.12110774711658986,0.3594631446582318,0.0041502764349490365,0.23549037961237282,0.27978845217785636
163,0.06894081676179896,0.7463116344688456,0.01308767316021611,0.02275962336224657,0.1489002522468927
164,0.13085214226908132,0.5644471725275386,0.007370236646012474,0.05698063938430439,0.2403498091730632
165,0.09969005410542728,0.6335461490818629,0.0032714857310192063,0.08125013696896262,0.182242174112728
166,0.17532863560933515,0.5475859693908508,0.005741057971824896,0.08484802785508876,0.18649630917290044
167,0.10699255873467256,0.6199493666312502,0.011959644763682305,0.1318080522689728,0.1292903776014221
168,0.12037425493554627,0.39094094513822075,0.001118389866115904,0.3749239023873445,0.1126425076727726
169,0.07144730030694647,0.4198890977012375,0.007584976768176606,0.016825374401080895,0.4842532508225584
170,0.1300259797246444,0.550090938070623,0.000620452251638695,0.2438558276150645,0.07540680233802934
171,0.10884377360703733,0.7682901267335149,0.008145714086910024,0.06235087860698261,0.05236950696555517
172,0.06982448426940442,0.8739585495538553,0.005270123017677362,0.012991356242282058,0.03795548691678082
173,0.08298429761399337,0.8260517598055773,0.002060481187467599,0.06195450233121765,0.026948959061744326
174,0.10125428131857417,0.81011675502646,0.007452374577615402,0.0415457676069945,0.03963082147035591
175,0.037730679386780965,0.8259063081612761,0.09464960202595055,0.008361216472190106,0.03335219395380212
176,0.1728876445746575,0.7485292856701453,0.005459817254482255,0.04162696027512188,0.031496292225592956
177,0.22189289550790645,0.5896466698281653,0.002515164460803677,0.13621914854881895,0.04972612165430562
178,0.051342184985473556,0.8992839510761809,0.00500849399926195,0.028977044018414097,0.015388325920669504
179,0.03330584073672358,0.9351906021517298,0.013583292836752055,0.013307441990973721,0.004612822283820659
180,0.032519916242360246,0.9266258252472117,0.008226604188298911,0.026814455067589317,0.005813199254539926
181,0.06876282481859873,0.8520214422710611,0.005245671109037421,0.006107482790039621,0.06786257901126311
182,0.23453916549174278,0.686037828413238,0.0008781828561141858,0.026744819400860112,0.051800003838044915
183,0.10772324909245945,0.8678827023747375,0.004092205182084793,0.013268326604447146,0.0070335167462711925
184,0.04203924119449113,0.9007545958738138,0.04059741468652541,0.0024089813938181583,0.014199766851351521
185,0.05799536090989149,0.8962135738346491,0.0078031967624125655,0.01818013975688797,0.01980772873615889
186,0.035442007703277836,0.8604376778839753,0.006334812466449214,0.08243229487364469,0.015353207072652787
187,0.02924722150764795,0.8891553648165412,0.024553192172560273,0.023523058800764735,0.033521162702485674
188,0.051460471784078865,0.8328735677487921,0.011847274985556705,0.08543883540155475,0.01837985008001782
189,0.043870102044936916,0.5382951308032408,0.0025042287927106396,0.3968472371568928,0.018483301202218843
190,0.037008723242422444,0.8658581335877333,0.012458332494622727,0.06643755686137619,0.018237253813845132
191,0.0738579453514244,0.6866872921049073,0.005913448145831863,0.21333426507896736,0.020207049318869
192,0.07993058352126578,0.2307528056769473,0.0010338030327738806,0.6747005617140808,0.013582246054932239
193,0.16816470499589367,0.30474082289483556,0.0022981189120792013,0.4865362698919958,0.038260083305195765
194,0.06622364854399594,0.5455279745782332,0.0014956911600438457,0.37250298510800056,0.014249700609726367
195,0.09351756587736765,0.16068416658655063,0.00014552064812732365,0.6746306182238256,0.07102212866412887
196,0.10420346164461117,0.14828584658979332,0.0003204318931895535,0.7047230780714063,0.04246718180099958
197,0.050719576289084384,0.8040929700432837,0.0030117892860133783,0.11359962732400802,0.02857603705761042
198,0.16127622540983058,0.42028026640578353,0.0003817355300072742,0.4069549791585538,0.01110679349582497
199,0.3307478746689576,0.2908154909893454,0.0012163865906638417,0.1736106966351707,0.20360955111586249
200,0.5028393803446571,0.18568217797581152,0.000985626293459432,0.17793780262703074,0.13255501275904114
201,0.4858644604615663,0.27431727821715574,0.001706327144982678,0.12505243276365374,0.11305950141264158
202,0.5340233281517809,0.21712682101527142,0.001970185463110245,0.10449859123951312,0.1423810741303244
203,0.21543562446562436,0.5470854459859027,0.0022535858472870034,0.12249946288664705,0.11272588081453892
204,0.35872530146949005,0.35206660309426313,0.0014987484922157485,0.1497127088330491,0.13799663811098198
205,0.38680241120535946,0.2768429418640062,0.000968725696109658,0.09936952446438263,0.23601639677014197
206,0.08436730950983175,0.7567070336254301,0.008893680544763067,0.02905438055069701,0.12097759576927795
207,0.018525911175720788,0.04314830952800878,0.0007840648423735265,0.008630416403372504,0.9289112980505243
208,0.05254167102412685,0.05373593855472625,0.0002698979537851007,0.016242988405974924,0.8772095040613869
209,0.05204305969089081,0.012732429260643762,4.9376093442698054e-05,0.007236710849691706,0.927938424105331
210,0.07326759225068609,0.03686648233940676,0.0010853048843567589,0.0023025123111780096,0.8864781082143725
211,0.07882161949409343,0.009628830172092748,3.439649998317629e-05,0.0032940944885286646,0.9082210593453021
212,0.10671331240602082,0.022855652797929622,5.239645181198532e-05,0.004853375339540088,0.8655252630046975
213,0.3963792468868791,0.020544297003859836,9.855461021008097e-05,0.014439380323067809,0.5685385211759832
214,0.43913261096664835,0.3201017612967398,0.012349021385545354,0.05552556274682242,0.17289104360424407
215,0.29890445304285546,0.27165227137822007,0.0046330257703630275,0.3613135852836461,0.06349666452491547
216,0.14650753046140463,0.15710630627994213,0.00032936014761773493,0.6686638212760888,0.027392981834946827
217,0.051025180691490736,0.4543753521585041,0.0033318410002488924,0.45096044628755655,0.04030717986219967
218,0.10735174230993033,0.2535085088572014,0.001166342218382617,0.5742094795260102,0.06376392708847554
219,0.2332912633090477,0.41190306690994094,0.0006461350862373867,0.32488397247512213,0.029275562219651854
220,0.1880824466909333,0.36286849326389886,0.0005246424384788143,0.42649512292949754,0.02202929467719136
221,0.34907978177065274,0.1608206038312641,0.000151225583804255,0.41575571846121734,0.07419267035306151
222,0.39058605190680884,0.20818099377593924,0.00020675087848609491,0.39034156516989893,0.010684638268867007
223,0.13082780934625476,0.5302450199121476,0.00241860217942584,0.32342473945316946,0.013083829109002404
224,0.2837397154191724,0.3289224263971977,0.0002419512991338877,0.35652874371841303,0.030567163166082958
225,0.09478729910427283,0.6876183111134928,0.0014512470345790624,0.1989142413132886,0.017228901434366766
226,0.1161279540744357,0.5010269942137823,0.0007572191674091516,0.36286600568025745,0.0192218268641155
227,0.07132427207702517,0.813520505649331,0.0015189996266011308,0.1046632873862364,0.008972935260806147
228,0.03210682768659385,0.7900692149942086,0.0036500773944865956,0.1636407050186004,0.010533174906110724
229,0.06459957010815616,0.5071783004747982,0.0007542386068833945,0.3964218406465077,0.031046050163654575
230,0.03569238413269955,0.5022200314187738,0.0024894370582255816,0.44619649669400585,0.013401650696295024
231,0.03452953176814251,0.29287606803989785,0.0017950844620039264,0.6475388557573446,0.023260459972611176
232,0.04003933848689969,0.33716292473510695,0.001320108564220619,0.6098725383097435,0.01160508990402917
233,0.036198309410277095,0.28489894906049995,0.001487868471965796,0.6313505619145529,0.04606431114270419
234,0.06121676156943499,0.06784457519698446,7.453250318495194e-05,0.632407708462802,0.23845642226759356
235,0.03347901852475141,0.007441331103212913,2.0612742598604213e-05,0.07920596719924787,0.8798530704301891
236,0.5658064117246855,0.08448454425000883,5.815019571224612e-05,0.10891009196289156,0.24074080186670183
237,0.3753373207853363,0.04773258445493653,4.097291782104637e-05,0.0707114818267745,0.5061776400151315
238,0.1994039998171477,0.018536850234653315,4.434939607437456e-05,0.028410219999497326,0.7536045805526272
239,0.01621657125057694,0.009060613993689542,3.295998745591562e-05,0.007717845423738284,0.9669720093445392
240,0.05142517127764302,0.01733871769249647,1.8310100585705583e-05,0.006300019449623605,0.9249177814796512
241,0.08542535013939134,0.007947590150678696,7.258407327624562e-06,0.005816411419295087,0.9008033898833072
242,0.31017252342926377,0.02960187775498667,2.9923728732669143e-05,0.011404868784532412,0.6487908063024844
243,0.32702807545726365,0.11385848741988983,0.00025947866815909923,0.02661261179356552,0.532241346661122
244,0.2144310630472194,0.045366221273138045,0.00021041717786573775,0.0326895489821909,0.7073027495195859
245,0.19624349150801804,0.03479747343036396,0.00029651158117285984,0.043368325763050775,0.7252941977173943
246,0.4265430420107357,0.3375619134043325,0.0069271898275491415,0.06132850756444691,0.16763934719293588
247,0.3224526451369129,0.5112743857859374,0.0018979822103266134,0.10887280541188699,0.05550218145493599
248,0.30964353694942437,0.4287394758880348,0.0016294593710862932,0.1972820052538199,0.06270552253763463
249,0.22696878389002403,0.5138999667414238,0.000863875370876128,0.2086029974656206,0.049664376532055465
250,0.07710264146795426,0.7704402695208896,0.01286889981865356,0.12442564052007994,0.015162548672422694
251,0.11733671914337401,0.5422792515073199,0.0014475269957053042,0.32795210052110757,0.010984401832493152
252,0.05294381317141704,0.7779465744253071,0.0027518418074185345,0.16066164651689394,0.005696124078963466
253,0.10954054154655214,0.5146787387743442,0.0003395125069356485,0.3557494447518003,0.019691762420367746
254,0.19865076169735957,0.5864060322620729,0.0004483540078774785,0.19789245593380494,0.016602396098885086
255,0.08543137359584382,0.8304792433583816,0.0012168799896444928,0.07482380224300053,0.008048700813129509
256,0.13713524011413725,0.7626269965891606,0.0023155659598822946,0.08559661060113638,0.012325586735683491
257,0.11681399302488836,0.8256630176538097,0.0013829605137493102,0.04918009003125811,0.006959938776294405
258,0.02480754313670454,0.9347999725767828,0.015525298110061788,0.020013000956209195,0.004854185220241619
259,0.11329417986025174,0.8269920769721618,0.00036711222899404,0.05126602256113226,0.00808060837746027
260,0.016873628537474983,0.9597908676552263,0.011775953547739528,0.008180526765050886,0.0033790234945082574
261,0.08566353523517481,0.8722601711479807,0.0037873665183743555,0.03295324464132007,0.005335682457150138
262,0.08653177720011887,0.8670081264657163,0.0023131789633790752,0.03696455838822743,0.00718235898255825
263,0.035419004952899055,0.9479847591310729,0.009311165047043522,0.0038404763492056564,0.003444594519778661
264,0.05796282490975412,0.9220158019762141,0.0075432349594984046,0.008698333429008543,0.003779804725525079
265,0.08986692253759647,0.8650557586098641,0.008919908013976961,0.0206598814800857,0.015497529358476932
266,0.11159343832623426,0.8414509990048405,0.008365806710741736,0.012178826512135414,0.026410929446048084
267,0.05312148197568818,0.8778727410092113,0.007849837978716846,0.007377793843916004,0.053778145192467555
268,0.08703064389808098,0.8647975235791845,0.0066850761806780375,0.013073366511980622,0.028413389830076078
269,0.11200824858873865,0.7814348463629649,0.0013226529443805446,0.015601172016229958,0.08963308008768588
270,0.08455056111014532,0.8551166131557497,0.005214945295027778,0.01273171257873196,0.04238616786034536
271,0.011149594607128497,0.0045561278029500945,0.0004310033088656638,0.0016153810668010926,0.9822478932142545
272,0.0729611784178547,0.005221088947848591,7.476611831172155e-06,0.004197740251496389,0.9176125157709691
273,0.4305092509274889,0.048006215360366686,1.2436484147936298e-05,0.008825454512315131,0.5126466427156814
274,0.7906194753344156,0.018278168300215353,2.001341399622197e-05,0.006888714974632583,0.1841936279767401
275,0.41778446239525274,0.45004144037734983,0.00160666149801309,0.010142138736470763,0.12042529699291357
276,0.5736331161497177,0.3455513624972726,0.000728084668287589,0.022598011405446098,0.057489425279275974
277,0.08250604170498739,0.8721808476046888,0.018015138945471857,0.007277153735653047,0.02002081800919909
278,0.035120393632237415,0.9420569460560759,0.01012412732306214,0.003919126232015231,0.008779406756609253
279,0.024758210803054098,0.9353956383608812,0.02417971034123943,0.006440273915516105,0.009226166579309206
280,0.0590306546709671,0.9168561755765238,0.004206231080855469,0.009657959230656384,0.010248979440997329
281,0.086447290846823,0.8742450643567728,0.003046631706664734,0.02920017186895273,0.0070608412207865
282,0.025764045640327523,0.9510867372019249,0.011517726856654921,0.007810063962208587,0.003821426338883939
283,0.038758469285130555,0.9354441031382348,0.002337798872303742,0.017418128936162187,0.006041499768168776
284,0.031086560482974243,0.9492007858506469,0.001313527895508525,0.015798227531137948,0.0026008982397324
285,0.030955546561389036,0.9214067023970909,0.0013268351914343644,0.044043447242330634,0.0022674686077550662
286,0.04889311280820218,0.8662090881208153,0.0013422598463777133,0.07834256924751862,0.005212969977086089
287,0.068485573504164,0.8161777163102525,0.0015147135777126366,0.10062347360226828,0.013198523005602435
288,0.014572099789918708,0.9592406055622043,0.004459128213541052,0.018593113125354496,0.003135053308981363
289,0.14982168071782073,0.3502623383308502,0.0034745595622304648,0.0404026990277845,0.45603872236131404
290,0.29972063272540533,0.41167724666036537,0.0002456810018682094,0.03224192160077371,0.25611451801158724
291,0.33032245723643794,0.5817839330557848,0.002995186855475925,0.050359957617468226,0.034538465234833234
292,0.15802424257836326,0.7909478241387758,0.004753080875884221,0.011030892006540591,0.03524396040043599
293,0.2136353894220493,0.6522580992165645,0.0010304061550187277,0.1131327204680604,0.01994338473830691
294,0.043161391043247274,0.8855673792505784,0.004902830009475215,0.057410154247210445,0.00895824544948878
295,0.03956127844408682,0.8285701986460899,0.0030345723154389364,0.1232489504427642,0.005585000151620258
296,0.057455883229583275,0.8719611385653165,0.0018940743628215993,0.06109486041586878,0.007594043426409737
297,0.04942870241688719,0.8853645353421247,0.006065657485442382,0.05233331613094652,0.00680778862459897
298,0.05030555722618766,0.8828343988256153,0.03548093925923003,0.01977722058559321,0.011601884103373932
299,0.08240261793127925,0.875939961303119,0.0043534123296300065,0.026890417508130628,0.010413590927840957
300,0.03742669584551777,0.9359706680159561,0.0148774974428433,0.005127076199254796,0.006598062496428136
301,0.07026919195128803,0.9086112832638746,0.008973363731950896,0.0032539648050521407,0.008892196247834255
302,0.09967844712525656,0.8784587374199613,0.002982847200068725,0.01288144563084766,0.0059985226238658575
303,0.027758135541246627,0.9370099262579953,0.029016787919411077,0.002180259355732887,0.004034890925613886
304,0.018969938523217586,0.9560844424506789,0.015796007100718608,0.0014848658091924224,0.007664746116192348
305,0.04108873628387963,0.9435604773828495,0.005687853451534578,0.004432014754216449,0.005230918127519802
306,0.045796458425715315,0.9366069326143978,0.007628767893075739,0.00425196257194632,0.0057158784948648286
307,0.20811345328865538,0.368232836074718,0.0012359331027189452,0.004975104910741607,0.4174426726231659
308,0.543283872304719,0.42504909896997534,0.0002745829929695447,0.00774064121621526,0.02365180451612085
309,0.2853932556125929,0.6845650007509184,0.004340296580841796,0.002152541489946454,0.023548905565700284
310,0.16475911223816547,0.7947366989520772,0.020349167803783284,0.0018322192503506887,0.018322801755623203
311,0.12112838527147783,0.8606432509238792,0.008111531514456646,0.003657349526649795,0.006459482763536598
312,0.039725561307211874,0.8512625603494506,0.08662862344966113,0.0017711199213085612,0.02061213497236792
313,0.032175883754939225,0.7741954676686373,0.18241910395759992,0.0017936137181952853,0.009415930900628042
314,0.10206012747477686,0.7091467070479935,0.018444437710459023,0.0026915691073930784,0.1676571586593775
315,0.4851158284093089,0.40549841432648953,0.0017537485958758032,0.0038592976962128233,0.1037727109721129
316,0.08760499205543879,0.894438338026068,0.005671755090322599,0.0010586906881630868,0.011226224140007696
317,0.056764179712394044,0.9261001194117341,0.010039288398048216,0.0010958624661812143,0.006000550011642506
318,0.09412032476330288,0.8937696370946385,0.003348699845495899,0.004413384327619005,0.004347953968943684
319,0.03568839933404388,0.954940682774499,0.004375964377964572,0.0016795735424754443,0.003315379971016945
320,0.028411722541531216,0.936118056740539,0.028219825920812933,0.002367165185618864,0.004883229611497866
321,0.03769208004887631,0.9262737668092228,0.027276244669299957,0.00431078196390686,0.004447126508694203
322,0.07312142006327566,0.875869365547924,0.02581077078722447,0.008637969850854044,0.0165604737507217
323,0.07491888652762792,0.8882259095048327,0.01795736002512181,0.010887459806054243,0.008010384136363373
324,0.06177280927815882,0.9272352242963812,0.0030689994433799376,0.003915630408260305,0.004007336573819886
325,0.04085731293404742,0.9085233062487067,0.031388746884595635,0.003126532987334343,0.016104100945315673
326,0.06985760677892279,0.9021814821378698,0.0175733287196308,0.002918441527575333,0.00746914083600122
327,0.06840950948145058,0.9197822280553888,0.004107961237515534,0.0030216118307481122,0.004678689394897038
328,0.10144762704717032,0.8890485956592941,0.004515223696127682,0.0013498623630612524,0.0036386912343467056
329,0.02684933969753814,0.9667807720582701,0.004250467497897132,0.0009498948547959782,0.0011695258914984927
330,0.009542374895613355,0.9255199055552773,0.06230476236437385,0.00105021357057549,0.0015827436141600463
331,0.007790704455254755,0.7332642625546247,0.2561607338454801,0.0008690879377963442,0.001915211206844193
332,0.016464674048537926,0.8855899679108864,0.09135593252653136,0.001619045372464658,0.00497038014157974
333,0.03187451895346274,0.9199510785450503,0.04056432150105755,0.0032193276489824907,0.0043907533514470085
334,0.010065751368669627,0.9419818372300034,0.04548580346589117,0.0006808522012244922,0.0017857557342113998
335,0.006975594866405201,0.7718095177338039,0.21879466432466535,0.0003513323727866067,0.0020688907023388927
336,0.06735152605128959,0.9182017214555623,0.010570364585153721,0.0009921234561524014,0.0028842644518418106
337,0.03198626980630922,0.8947951175661802,0.06991079679416794,0.0006294973568883044,0.0026783184764543385
338,0.005588822888540988,0.7592895011753491,0.2325181221511134,0.00047309150035186836,0.0021304622846447263
339,0.008629673965751424,0.7845262597397349,0.20359574452283233,0.0002741292987271872,0.0029741924729540636
340,0.0024480891914811995,0.5467997964826603,0.44817030740526176,0.0002109675564106507,0.0023708393641860078
341,0.0066187959042613605,0.5228340434548572,0.4667318393838472,0.00036725524751755873,0.0034480660095167126
342,0.010100695493006021,0.6181337778137216,0.3675105125051196,0.00035768161596771704,0.0038973325721851546
343,0.0552966078383679,0.8939684885678738,0.04319880796348976,0.0008935511779467843,0.006642544452321838
344,0.008674724133500475,0.5929841755071521,0.39142458996331975,0.0005946747576366835,0.006321835638391078
345,0.011670210071555324,0.7822415374616016,0.20167416292119597,0.0004818407254538811,0.0039322488201930395
346,0.032897973883039805,0.7691400114970597,0.18840116285252798,0.000673102608033013,0.00888774915933924
347,0.03206895118475571,0.8541608451035979,0.10562955589554261,0.0004455351754726305,0.007695112640631047
348,0.008146377249085165,0.7770072633202848,0.2119994180834435,0.0004059692407661497,0.0024409721064203686
349,0.05832954553227959,0.8301938745743471,0.09857500568366413,0.001521050074892084,0.011380524134817245
350,0.01773287524226466,0.7011315534703283,0.2736716401782628,0.0010857994322838696,0.0063781316768605325
351,0.006855465590231349,0.9533493678307755,0.0358099269035373,0.0008423850580139306,0.0031428546174421513
352,0.07882470333766191,0.8547049435438124,0.05493056923864199,0.0018951977173836069,0.009644586162499903
353,0.004223253382761014,0.48935393083778655,0.5025727737988824,0.0004020938934990897,0.003447948087070843
354,0.03807635355899784,0.8961339615497608,0.056366562189609774,0.0018911184351428866,0.0075320042664887114
355,0.04220828231529764,0.911772278909883,0.039396138390930126,0.0016424159128873488,0.004980884471002034
356,0.01778627989789555,0.7902810661136093,0.1849381104437248,0.0021385388362729248,0.0048560047084974575
357,0.03609003492868913,0.9137340781798303,0.04022485914306852,0.002648370780737206,0.007302656967674863
358,0.06632068111739031,0.8337101378651429,0.07356792726634097,0.004663709165605252,0.021737544585520678
359,0.03502016628784514,0.7299331056552046,0.2224659456309743,0.003320273609303302,0.00926050881667261
360,0.050696810483717984,0.7925309632821496,0.13302950385602053,0.007051035272245509,0.01669168710586652
361,0.07498134289364727,0.8383156585865734,0.03212535847680429,0.03500041767893922,0.019577222364035824
362,0.07189897575987406,0.7200508594765725,0.07703828614488241,0.0856310732450101,0.045380805373660904
363,0.2749622659683778,0.308959747168862,0.00315300957371492,0.33578594316980714,0.07713903411923803
364,0.09337056029149135,0.13050145291088816,0.0012114476079479095,0.7211605342283357,0.053756004961336805
365,0.11770130468219438,0.1659006428132001,0.0003110833764186641,0.7045624782706709,0.011524490857515923
366,0.1831161740116696,0.25339220430771703,0.0004481383290247499,0.5503001712368416,0.012743312114747015
367,0.1471827736132976,0.16047752726764386,0.0004043583976091635,0.6620504558726809,0.029884884848768504
368,0.13757720189525802,0.375522685783487,0.0009783836503838483,0.43243526693768386,0.053486461733187204
369,0.09439239761175945,0.32188303679447466,0.001065373446498383,0.5559088236817843,0.026750368465483232
370,0.17143588038257435,0.29553627393226173,0.0010045678676842125,0.4673705196145466,0.06465275820293291
371,0.24751520931499355,0.2955084840496417,0.0008401707724395156,0.33366122142418037,0.12247491443874484
372,0.17083057192868759,0.09823884041335883,0.008879773407382704,0.012980780995223894,0.709070033255347
373,0.42416157588857606,0.04622384791450885,0.00015088860651356768,0.010824956906909947,0.5186387306834915
374,0.4676990091121371,0.3091789407781868,0.008461927537712723,0.008258060021257113,0.2064020625507064
375,0.2894431460412759,0.43720900682639946,0.021110646303216307,0.009170849571805879,0.24306635125730242
376,0.36328399875874545,0.18385552289816512,0.004666700211724887,0.035418054437861585,0.412775723693503
377,0.6361691448331166,0.12897850259163002,0.0005888418974620059,0.10285873413391958,0.13140477654387184
378,0.39736890887067466,0.5036420969965608,0.005736009693778814,0.038821874538357996,0.05443110990062764
379,0.5137060774043074,0.40159141288604483,0.006537301315271102,0.03426324312014925,0.0439019652742275
