epoch,N1,N2,N3,R,W
0,0.0009966188892026862,0.00012523660540465236,7.299563779386843e-07,1.1379399746573502e-05,0.9988660351492681
1,0.011142715163160776,0.0006742028699261763,2.2325534861055203e-05,3.7287276856348005e-05,0.9881234691551958
2,0.02008340250610274,0.0013466911033567588,4.877979104350794e-06,0.00011072084967551554,0.9784543075617606
3,0.00323140194813252,0.0003253544089024074,2.6351147792826482e-05,1.0876588871545341e-05,0.9964060159063008
4,0.004031903760909681,0.0001692616401517114,1.9219088434764562e-06,2.4100089652412264e-05,0.9957728126004428
5,0.05501785570436713,0.0008390688255931323,1.972478427443234e-06,0.0001344049368918833,0.9440066980547205
6,0.49862151976862734,0.0047946935671380085,1.7558096138830932e-05,0.0006538643610309861,0.495912364207065
7,0.8042823383179252,0.025657120339333282,1.7243064709214787e-05,0.001342739182130856,0.16870055909590134
8,0.741769288501031,0.0692181193984905,0.00014853192806425463,0.004751306155154814,0.1841127540172596
9,0.40984439905419784,0.39273862652513963,0.00026714074745612317,0.07567651887097814,0.12147331480222834
10,0.16542580612324984,0.6622143665934171,0.004699836751951261,0.033795246135284764,0.13386474439609702
11,0.07508191992875987,0.6562035725117396,0.009969023783465814,0.0991947143857176,0.15955076939031712
12,0.13593050753170446,0.42774289661184717,0.0009919378861490682,0.16999253749680757,0.2653421204734917
13,0.0731082522748498,0.7143779125482844,0.005922322911872731,0.01937827054367794,0.18721324172131512
14,0.07308249966511852,0.774271282971729,0.0028287331597380023,0.03825364842846462,0.1115638357749499
15,0.17364638027989876,0.5860020989798721,0.000742364002339864,0.1495577081907764,0.09005144854711283
16,0.2043228533794617,0.6870099068371474,0.004045955813935793,0.03966138299994107,0.06495990096951401
17,0.1662792711301033,0.7808370422873123,0.0028673264041580073,0.012511373134970966,0.0375049870434555
18,0.062298637951410364,0.9116212178852372,0.007974876609167531,0.00234646509197553,0.015758802462209405
19,0.12658587579720426,0.802563061953981,0.004187401369787713,0.03585950969067333,0.030804151188353793
20,0.04498501025170893,0.9256438832825237,0.008522123198759852,0.002271994994724552,0.018576988272283088
21,0.03386644688607305,0.9383153076862806,0.008813327130222709,0.004511157217236417,0.01449376108018729
22,0.02636924756987061,0.9360950404108388,0.018280527913559354,0.00417186417616126,0.01508331992957011
23,0.020306660063504674,0.8028917025451506,0.15387381898557662,0.002409212029022112,0.020518606376745775
24,0.014498441809378705,0.8623225809342878,0.1077279249109385,0.0010377075311182077,0.0144133448142771
25,0.011737024461924539,0.4639104990230467,0.5106488907084437,0.00029493046093616196,0.013408655345648838
26,0.00562410144047882,0.40304660996197095,0.5796281868340905,0.00019633870100800338,0.0115047630624517
27,0.004997488777789743,0.6064464329012096,0.3739736750563714,0.00016615771097443232,0.014416245553654818
28,0.0022087712313838947,0.18549269867975943,0.8029490683660981,5.962435266274236e-05,0.009289837370095802
29,0.001474146648226851,0.20175784619085102,0.79060999065491,4.945280233749683e-05,0.006108563703674707
30,0.001959893179913753,0.15719162610179221,0.8320748222445706,4.6304556097747565e-05,0.008727353917625634
31,0.0005752975086832267,0.04183509665656145,0.9549361863453554,1.0956556454737726e-05,0.0026424629329450246
32,0.0007382451710267414,0.061494906136630056,0.9350679033189006,1.4708653748422405e-05,0.0026842367196943176
33,0.00045548325129025446,0.029596734424120457,0.9664940671290383,1.5217831154604446e-05,0.00343849736439663
34,0.0003454135308476496,0.04507684471778225,0.9516382205438005,1.6383816528660514e-05,0.002923137391041023
35,0.0003670018069680953,0.06011807095298728,0.9360914796435725,2.2133833037313453e-05,0.0034013137634346905
36,0.00022363451194120097,0.03811891624321434,0.9594191066129425,1.7506645350141065e-05,0.0022208359865518276
37,0.00022473726037127982,0.053852499919755575,0.9440722213285594,1.3140163287926233e-05,0.0018374013280260655
38,0.0002815473930555482,0.07879004851989299,0.9186420771555055,3.327466746960798e-05,0.002253052264076284
39,0.00011920147076170747,0.04148455152455453,0.956902701666467,1.014889403107593e-05,0.0014833964441857152
40,0.00018531439978877333,0.07308105376618235,0.9246131568514495,2.3407606655995903e-05,0.002097067375923189
41,0.00013506920008093327,0.03525161448551325,0.963247489720018,1.0613849545587048e-05,0.001355212744842273
42,9.44748137878946e-05,0.03908323664349887,0.9593694944126755,9.234721517405892e-06,0.00144355940852023
43,0.0002913870136047247,0.040847091958977476,0.9565115573065998,1.617733871166738e-05,0.0023337863821063097
44,0.0002832091586870441,0.040482863288840834,0.9574513659336099,2.0021572865096465e-05,0.001762540045997146
45,0.0005770816975653984,0.04318288233650383,0.9540970699617639,3.544286707378298e-05,0.0021075231370931194
46,0.00039644123644748874,0.03307097116700835,0.9647659970556579,2.1655927963803687e-05,0.0017449346129222222
47,0.0004407986643682034,0.06455263596154502,0.9313534960248543,1.801695883043624e-05,0.003635052390401858
48,0.00013992154659989964,0.02143700977313316,0.977115459224993,7.685037575729168e-06,0.001299924417698148
49,0.00016124683664161255,0.01827498120007778,0.9803402886396406,8.092042292825654e-06,0.0012153912813471516
50,0.0003275596162386745,0.021348059005942974,0.9766738838975844,1.1481426820094514e-05,0.001639016053413741
51,0.00020040788470628894,0.023599196030953295,0.9749038772287878,9.090040895619562e-06,0.0012874288146569955
52,7.000389919254738e-05,0.01805607925702776,0.9808095543293849,7.673753968048152e-06,0.0010566887604266683
53,0.00010378438835419602,0.014614831855120566,0.9842666322541798,7.159024562857204e-06,0.0010075924777827388
54,0.0001672885760623098,0.0249324035743232,0.9737719345473425,8.365897986513792e-06,0.0011200074042855396
55,0.00023789097641207558,0.032848550842546745,0.9653977101666171,8.381825908767331e-06,0.0015074661885151148
56,0.00031045791382245123,0.027446638085107996,0.9705712371077848,2.183366595218311e-05,0.0016498332273324927
57,0.0006894405518078692,0.07910165568382352,0.9179892367649116,2.4640739518459336e-05,0.0021950262599384094
58,0.00016543549105415894,0.026466973060987827,0.9722889337749774,1.6348741980516704e-05,0.0010623089310002679
59,0.00014542408178245403,0.017647719932445682,0.9814418700134188,1.3575964590201046e-05,0.0007514100077629757
60,0.0001899282064158963,0.019526097603702986,0.9789779638449922,2.957361523641901e-05,0.0012764367296526464
61,0.00035730081462073595,0.028358643886274595,0.9693374574435935,2.8776723201398144e-05,0.0019178211323098847
62,0.00010413547890705895,0.012134177833198515,0.9871342849723189,8.48896655473948e-06,0.0006189127490207532
63,0.0001587490190812947,0.01616197973751565,0.9827169249197922,9.62095396032073e-06,0.0009527253696504486
64,0.00016093079980944956,0.017213848949994955,0.9818840706236068,1.0474148952336112e-05,0.0007306754776363158
65,9.273624236937404e-05,0.0150356523249682,0.9842154483036365,1.0383657799824575e-05,0.0006457794712260983
66,0.0001926054800852327,0.027107987620473496,0.9715551364930227,1.5482187799481615e-05,0.001128788218619082
67,4.451400669804203e-05,0.010207237216604693,0.9891960254572355,7.529787876637157e-06,0.0005446935315852534
68,1.7993754803998037e-05,0.004618079149487732,0.9950158524131656,4.532651107396869e-06,0.0003435420314351482
69,6.876324497238941e-05,0.012275337237955564,0.9870683901198689,8.498505948694408e-06,0.0005790108912545687
70,0.00017806411599191873,0.027344240742619395,0.9713443460773082,2.6597847501121337e-05,0.001106751216579187
71,8.397698513259465e-05,0.012986455147795901,0.9861719786127315,1.1890135865990594e-05,0.0007456991184740613
72,8.267363876973509e-05,0.014910550908604967,0.9844159496394097,1.4668223615633428e-05,0.000576157589599982
73,0.00015837428534676274,0.02197906430869957,0.9773515614634685,1.5555803215414708e-05,0.0004954441392695833
74,3.8724700705919676e-05,0.007619545341314228,0.9918918916229247,6.008831888218989e-06,0.0004438295031669959
75,6.859036028983782e-05,0.013057428742838712,0.9864164262691656,7.132634596325033e-06,0.0004504219931094705
76,0.00013558942712967083,0.021172642816461924,0.978006917678788,1.7035188619220837e-05,0.0006678148890011443
77,4.903876419605987e-05,0.007576597834583662,0.9920758513101874,8.036437707668151e-06,0.0002904756533249978
78,4.6807603593334264e-05,0.0057242491109269055,0.9938732802439988,6.741320724692183e-06,0.0003489217207562174
79,0.00013074068933254738,0.016289717305443454,0.9831530876385353,1.2048811949944195e-05,0.0004144055547389406
80,7.053924020118808e-05,0.009908486155620466,0.9895899854804021,1.0779253544764165e-05,0.00042020987023173005
81,2.824103429898018e-05,0.007074630288607838,0.9926685141153173,6.285016066898747e-06,0.00022232954570909603
82,4.3388242874239185e-05,0.0087133972534561,0.9909210386471456,9.555584951607056e-06,0.0003126202715723614
83,3.241744742352094e-05,0.007793170060211901,0.9919477140470021,6.3675329487769114e-06,0.00022033091241395954
84,4.397786567430881e-05,0.006427928624876694,0.9931351327886149,7.223313470391964e-06,0.0003857374073635869
85,3.2615226665396574e-05,0.006406150687250913,0.9932326462853035,6.802310038238676e-06,0.00032178549074191943
86,0.00015242306187347897,0.015577868313609345,0.9835003474794585,2.1131431445579043e-05,0.0007482297136131435
87,0.00010235682409872965,0.01042909078017638,0.9887936278298572,1.6494400171994393e-05,0.0006584301656955316
88,5.7219643227358776e-05,0.012998531295238949,0.9862625947574066,1.3799731190454266e-05,0.000667854572936605
89,9.903340415439222e-05,0.02348330016256312,0.9753371566495007,2.079545813984795e-05,0.0010597143256417649
90,3.3561094601865024e-05,0.0096872110638625,0.9897224146728946,1.1158899133300036e-05,0.0005456542695078764
91,4.618161224560848e-05,0.011486066783848442,0.9879783896514451,2.876192733012725e-05,0.0004606000251305411
92,8.874217482753629e-05,0.009017079782709391,0.9903421489204647,1.0843313457360623e-05,0.0005411858085409029
93,8.554166209768519e-05,0.008248705769097359,0.991142293442411,1.0867312363085485e-05,0.0005125918140309178
94,3.6500536062093606e-05,0.0065579568097349356,0.9930898046514023,7.925277068812168e-06,0.0003078127257320092
95,8.207433749422452e-05,0.014232653537058767,0.9851633701715525,1.3827469604987715e-05,0.0005080744842894858
96,0.00012120804542194379,0.018440194751583188,0.9806872817794116,1.8103079034376966e-05,0.0007332123445489636
97,5.348515459888354e-05,0.007565827785527703,0.9920387938818125,1.120281996972491e-05,0.00033069035809121637
98,4.778499007102068e-05,0.006697185100184313,0.9929777443628848,7.656317024396217e-06,0.0002696292298357606
99,4.317475796977216e-05,0.004731463456279986,0.9949223207529301,8.750870403901522e-06,0.00029429016241639127
100,5.2805025147394434e-05,0.013659121440661464,0.9859150104838575,1.228644283299783e-05,0.00036077660750071216
101,5.717674132141125e-05,0.008126004039349816,0.9915260138036897,1.1829220641768697e-05,0.0002789761949975346
102,5.313830766225223e-05,0.006924745046431839,0.9927896705434475,1.1443931275397188e-05,0.00022100217118313246
103,4.27508439019516e-05,0.008529354923910904,0.9911455380513207,8.889066803197847e-06,0.00027346711406340233
104,0.0002107734416558348,0.015599752454952197,0.9837871078029794,1.826899089414515e-05,0.0003840973095184614
105,5.318540184399763e-05,0.008387680138836328,0.9912411251778939,1.0198070584053311e-05,0.0003078112108419098
106,8.239147226350611e-05,0.013893690827155256,0.9855828566809163,1.3749716129069742e-05,0.00042731130353589714
107,4.530765402345859e-05,0.008605258130490461,0.9910983916271644,1.0236495370441339e-05,0.0002408060929512547
108,0.0001503211933480052,0.021076525373786254,0.9781505602658374,3.444499264355545e-05,0.0005881481743848218
109,8.755181741316912e-05,0.013782649089645903,0.9856317954361696,1.8223173105548143e-05,0.0004797804836657978
110,8.542632110845186e-05,0.014035955205799873,0.9853014642569473,2.4093915523142904e-05,0.0005530603006211587
111,0.00021146130042249908,0.03804028666004839,0.9606051525771535,2.7870222176427666e-05,0.0011152292401991001
112,0.000297596001833447,0.03233729425846471,0.9664193193502892,2.167996099052058e-05,0.0009241104284221478
113,8.317611647752666e-05,0.020911801332254797,0.9784865031814335,1.8558610290303547e-05,0.000499960759544023
114,0.00019804822270779997,0.01968299295234477,0.9795170863696798,2.484771061367583e-05,0.0005770247446537693
115,0.00010226187150213228,0.014083676959912278,0.985448792242498,1.1304370821517141e-05,0.00035396455526603125
116,5.728817320760307e-05,0.007485017632826992,0.9922001023072726,1.3455643459962468e-05,0.00024413624323274855
117,4.635918880443824e-05,0.008736640670555993,0.990995346650921,1.5738057571091358e-05,0.00020591543214722863
118,0.00011878194219265777,0.011689597400361514,0.9878432770834059,1.336823678374599e-05,0.0003349753372562407
119,4.13438440721669e-05,0.007704670483089205,0.9920307253650698,9.811626106365284e-06,0.0002134486816626991
120,0.0001422915169630463,0.007270569241836144,0.9919294356510174,1.871180654223921e-05,0.0006389917836410155
121,0.00015046460890851674,0.014505624706232926,0.9848931801523378,1.8708012570332017e-05,0.0004320225199504333
122,0.00012896339380101359,0.018805746968307023,0.9805819846857439,1.8106464195783465e-05,0.00046519848795233875
123,3.0314032340691202e-05,0.009360819817123582,0.9903420116823813,9.148969560289325e-06,0.00025770549859390173
124,0.00010731234644157351,0.01767829044750718,0.9817226521660468,1.5677544423874153e-05,0.0004760674955805724
125,0.00018220126151574173,0.02140495338118859,0.9779817693138555,1.2027056552680809e-05,0.0004190489868873741
126,6.0911599834230456e-05,0.012418660941020511,0.9871644262498809,1.0918007067717633e-05,0.00034508320219656986
127,6.240396395574774e-05,0.015820589333439265,0.9838684673573485,1.3409184937825718e-05,0.00023513016031872228
128,5.6159939688038525e-05,0.011455629643169112,0.9881417769243435,1.1020823901424442e-05,0.0003354126688979658
129,5.7581945206694946e-05,0.01246354210730974,0.9871005188797048,1.697670992512866e-05,0.0003613803578536525
130,3.353139290977031e-05,0.008868943405161636,0.9908433805952863,1.041379696217528e-05,0.0002437308096802072
131,1.7458228462658268e-05,0.006554451937342369,0.9932117527238482,1.1714317752133453e-05,0.00020462279259470637
132,1.538639455434006e-05,0.00890770075960823,0.9908485485349213,9.325763951920936e-06,0.00021903854696423574
133,3.925818241900821e-05,0.010079585505305225,0.9896098880144062,1.4410253600222445e-05,0.00025685804426928073
134,4.043006905587623e-05,0.006840168195241626,0.9928653719169195,1.265628926112414e-05,0.00024137352952193633
135,4.94578591569654e-05,0.009023397452378028,0.9906499419793552,1.3758857963893377e-05,0.00026344385114585527
136,0.0001325784133487108,0.02011291715235097,0.9791183647199355,1.8689105517458337e-05,0.0006174506088473199
137,3.253514436033073e-05,0.009252290179647064,0.9904239028248507,1.1409696258813903e-05,0.00027986215488310593
138,5.708271805153365e-05,0.010752726735170283,0.9888714272746664,1.0659711722108202e-05,0.00030810356038975034
139,4.552319036114809e-05,0.005394231651869181,0.9941894133681892,9.750426007998148e-06,0.0003610813635724469
140,0.0001215315059376671,0.015016103216133662,0.9843710980307572,1.969408371025085e-05,0.00047157316346133933
141,6.57371252071223e-05,0.011804420163247217,0.987744223645804,3.065313046732782e-05,0.00035496593527423127
142,5.4108209036228625e-05,0.011066689196134552,0.9885404805970222,2.7758242946165864e-05,0.0003109637548609953
143,8.57015933288795e-05,0.019409188340855678,0.9797045318027614,2.7587965735810076e-05,0.0007729902973183088
144,0.00017568906715431147,0.020488717848394625,0.9788943879748296,2.8042590772026483e-05,0.00041316251884948883
145,0.0006696033958254985,0.037615331860326895,0.9606656471214388,7.136622300325789e-05,0.000978051399405804
146,0.0003487090193264803,0.06147930342576834,0.9371923495199359,4.915294299175412e-05,0.0009304850919775892
147,0.0002230141699513462,0.04611264662722722,0.9525560633516142,4.4992053651549016e-05,0.0010632837975558171
148,0.0001926018061593413,0.02416102787351825,0.9747089796427834,4.3502419545703826e-05,0.0008938882579933026
149,0.0002228955003528054,0.028577728991482105,0.9696268293237453,8.61305705318563e-05,0.0014864156138880058
150,0.0001072640933466838,0.019023572727380894,0.9804334434813763,4.976346519624514e-05,0.00038595623270009516
151,0.0001271511240087785,0.024677049454031957,0.9747295288723998,3.131337979275077e-05,0.00043495716976671336
152,0.0001932474348068759,0.02925503974005431,0.9699688345729055,3.0564046306258945e-05,0.0005523142059270911
153,0.00019635932357997578,0.043282712944656104,0.9559366483545788,3.4333714820167994e-05,0.0005499456623649483
154,7.993484661268015e-05,0.031180780681528495,0.968398809220475,3.051790423974088e-05,0.000309957347143984
155,0.00011991577220128662,0.024527928540472848,0.9750023232589131,2.3961406852059136e-05,0.0003258710215607633
156,0.0001654787899325824,0.03548436763224066,0.9638233507496413,4.2040565756454784e-05,0.0004847622624291742
157,4.1745843545149416e-05,0.010903126810903626,0.9888716393676723,1.19310318960094e-05,0.0001715569459830291
158,8.480060462387832e-05,0.016131871828038186,0.9834155870463192,2.735427893757652e-05,0.0003403862420812392
159,0.0001208375719654366,0.026606214300229046,0.9728404741666896,2.2265394815709614e-05,0.00041020856630028283
160,0.0002523957535645775,0.028290678240773717,0.9706632646195974,4.686633069615225e-05,0.000746795055367987
161,0.00012507421266069125,0.021783753469292504,0.9776041954273796,2.61885041476415e-05,0.00046078838651965423
162,3.118551938823137e-05,0.008879342362442241,0.9908732958359784,1.2683979949701658e-05,0.00020349230224152447
163,8.688223275910584e-05,0.02599779510626576,0.9734197562507748,3.595348270248834e-05,0.0004596129274976787
164,4.1479024211864495e-05,0.01528046660904922,0.9844303431720055,2.4574755244920374e-05,0.00022313643948846076
165,0.00041071912440223616,0.04654262528615034,0.9519044889686401,0.00021281891507997833,0.0009293477057273412
166,0.0005928246313789467,0.036721448978023846,0.960529231816315,0.0002634210193299786,0.0018930735549522006
167,0.0005707431684578585,0.05121348662714479,0.9461231287578051,0.000503034881747426,0.0015896065648446688
168,0.0007833212399603995,0.03115974441046134,0.9624030226427789,0.0010243208824674442,0.004629590824331759
169,0.030851961848765434,0.09394167506501147,0.363813444158298,0.006975288115093247,0.5044176308128319
170,0.011991725739182307,0.007452424938549924,0.0005971069889191744,0.0012174569357073612,0.9787412853976414
171,0.36748201220557836,0.09570501061971548,0.00027429025875927313,0.01345596199417336,0.5230827249217735
172,0.4232192609808496,0.2783456348407731,0.0013282274500952707,0.0020719984958263776,0.2950348782324556
173,0.4791759923132895,0.3377018772033092,0.002313961277140786,0.0030231864210078234,0.1777849827852525
174,0.13394621791651504,0.7329962274421321,0.010543472298602703,0.0100373966717185,0.11247668567103168
175,0.18545590123924463,0.5990414291423363,0.031217596105182443,0.03589428037599978,0.14839079313723685
176,0.16970453676135744,0.6514872557550103,0.03515059094573279,0.048917920307598624,0.09473969623030103
177,0.22643729895744127,0.36238847096673127,0.0011146263063840725,0.3322464857979342,0.07781311797150917
178,0.21863687743910223,0.38365929676025456,0.0011706894390195964,0.31866320148695326,0.07786993487467041
179,0.31359233181470386,0.19978614632577824,0.0002706151001261616,0.4354745341762242,0.05087637258316763
180,0.18254763902387386,0.06624156675884971,0.00014760904255309214,0.16915418264070242,0.5819090025340209
181,0.48455497035826334,0.0800243089424844,5.326181540122894e-05,0.3656653617622765,0.06970209712157453
182,0.4563601961889207,0.0595610205944272,3.546049674210684e-05,0.3908154322177937,0.09322789050211622
183,0.41854782521445977,0.06629842728482943,4.6920248694668515e-05,0.28715004691922075,0.22795678033279534
184,0.3508762165248201,0.05205598520827127,4.949512229256807e-05,0.505181986971669,0.09183631617294703
185,0.3495814188620577,0.09902475415366487,6.987547358278841e-05,0.1536902592290457,0.39763369228164896
186,0.4954329948499665,0.08610560252447684,9.339185039227609e-05,0.07514322045020326,0.3432247903249611
187,0.45668921644703164,0.03224293775066782,5.3809170894743126e-05,0.14864214583380092,0.3623718907976048
188,0.014577203688254986,0.0020337164748183297,2.6531653210260297e-05,0.010918411516139431,0.972444136667577
189,0.1578572700610163,0.008635672989811187,1.5995265242802916e-05,0.06357416019568647,0.7699169014882432
190,0.18054539048281842,0.010522251896592548,5.6149180788204964e-05,0.03194519568868124,0.7769310127511195
191,0.5106929711215502,0.017409365694905386,4.583968712454365e-05,0.06803699771455543,0.40381482578186445
192,0.3607163529425052,0.01861837969000932,9.40328346718304e-05,0.1468923569650876,0.473678877567726
193,0.5106612723253942,0.019662122445171206,8.149895163451849e-05,0.2532970715626371,0.21629803471516312
194,0.2696928154619067,0.035286934386149715,4.781334619690612e-05,0.5243983787303934,0.17057405807535314
195,0.39743834930087635,0.051372389387537555,7.508228430324777e-05,0.42251828340509334,0.1285958956221894
196,0.45581611107136794,0.052391927783886585,0.00011269742247326953,0.3747076155836137,0.1169716481386584
197,0.30028777115574073,0.021733498963179314,7.343509877680309e-05,0.6062131578386688,0.07169213694363438
198,0.17237795322363345,0.04537106910912915,8.852805253636643e-05,0.7037073717930219,0.07845507782167904
199,0.06225959015505364,0.03374644096022493,3.692163795577204e-05,0.8862307422606845,0.017726304986081066
200,0.07731480772008104,0.04861975934526788,0.0004399316720307926,0.6453385152882087,0.22828698597441155
201,0.10206135842533304,0.05674992798410377,9.592107849876099e-05,0.7887193326199293,0.052373459892135085
202,0.15128017652490733,0.031182903985656592,4.319093383616067e-05,0.7782788228524405,0.039214905703159345
203,0.12605687103587215,0.05330856377687804,8.490922603393568e-05,0.7818244634272037,0.03872519253401215
204,0.07548958157332902,0.04219849486194473,0.0007948756678515381,0.39562569995606994,0.4858913479408048
205,0.31391312286650114,0.06314172767190719,8.681804185137882e-05,0.5870134643397775,0.03584486707996272
206,0.3569978889126462,0.047445886589197524,0.00010664338809596613,0.5343207202743849,0.06112886083567541
207,0.37588279322632445,0.02688342718343978,8.61591761223029e-05,0.5075354448242994,0.08961217558981403
208,0.3747928806595922,0.03493217567323738,0.00010691799588885055,0.5251876135586485,0.06498041211263313
209,0.3535112035294839,0.05998023516201649,0.00010465479933012946,0.5206893724487094,0.06571453406046011
210,0.2785339156817237,0.049663176800544565,6.70247351539748e-05,0.6330819649947875,0.03865391778779015
211,0.2192409557374533,0.045501151192363434,5.670608733175537e-05,0.6581110765104304,0.07709011047242116
212,0.20734754507885597,0.027142419810354302,3.903128496894065e-05,0.7360986733185957,0.029372330507225042
213,0.23588201501034817,0.07957666017588885,2.899326449353213e-05,0.4066434350316296,0.2778688965176399
214,0.522133750730015,0.05641045769036668,2.3493001589177673e-05,0.3441091899597278,0.07732310861830131
215,0.5039744314639623,0.07396381674492944,4.150487346950548e-05,0.3840374105572215,0.037982836360417306
216,0.22866564338076945,0.3559060646108148,0.00012615322668954024,0.34111545156161993,0.07418668722010627
217,0.15711335514071711,0.05510188437604879,0.00018080312420214339,0.6416144718460942,0.14598948551293767
218,0.20719163407915242,0.02465338592193925,4.2364027407908316e-05,0.384912877830468,0.3831997381410323
219,0.25720971581592716,0.07556627328164947,7.48728840474394e-05,0.4414330632850391,0.2257160747333367
220,0.48256730369722034,0.14151813017690607,2.7944478816450202e-05,0.3362424002872997,0.03964422135975755
221,0.56614641851935,0.05677251444833434,2.5049762831755923e-05,0.34729460541015644,0.029761411859327385
222,0.38981809250629396,0.0615212381221497,2.0822253163433354e-05,0.5304967645994781,0.018143082518914687
223,0.11637566232334008,0.1455521933159569,0.00044300410518330737,0.6603034107619734,0.07732572949354621
224,0.20672228991367508,0.2755087358551671,0.00016276778735568846,0.5093291868254127,0.008277019618389402
225,0.19652009016906868,0.21332202083017,0.00013452949355020687,0.5769469852089779,0.013076374298233056
226,0.23837950272541739,0.2267207442762784,0.0002462241862171847,0.5197699998945281,0.014883528917558987
227,0.12005155477205257,0.23862382891671322,0.00030735348125015866,0.6281537787375994,0.012863484092384761
228,0.14400114576792816,0.36658651865539904,0.00011194053863688703,0.47145604159924914,0.017844353438786882
229,0.32980878271593334,0.1950830245779981,9.57714722278123e-05,0.45237038085340325,0.022642040380437704
230,0.15578965080398316,0.6614415510307879,0.0009532024005282015,0.14982052394891107,0.031995071815789596
231,0.12202123812355131,0.7163215881751142,0.0022726458896849635,0.1332597924847357,0.02612473532691384
232,0.23857718949962314,0.3421767561817468,0.00022123369410826226,0.4095717658384019,0.009453054786119857
233,0.09713575441374649,0.755238883280164,0.0004034317930965124,0.1412421548867949,0.005979775626198006
234,0.07235525732272616,0.7938655522848042,0.00023076437071370068,0.12764846355987336,0.005899962461882542
235,0.015886632249904397,0.969782388853798,0.0006470915066228663,0.011376280336216444,0.002307607053458312
236,0.045271930773792164,0.8886824487998274,0.0011201839291795118,0.060485420957651845,0.004440015539549024
237,0.0470037436500465,0.909558585119086,0.0007202585220666864,0.03561143026408233,0.007105982444718392
238,0.026406478090067652,0.927613036931785,0.0005140242665874947,0.04229473465237409,0.003171726059185801
239,0.07799389356878886,0.8485376976717511,0.004045324640577129,0.017834682307674172,0.05158840181120862
240,0.09065485518911454,0.887051115544735,0.00025028704284972797,0.018040393333377827,0.004003348889922842
241,0.04377982158127729,0.9428118176548546,0.0006490056010023044,0.00896111264074527,0.003798242522120671
242,0.10144634215040033,0.8565967628286562,0.00019672139552949806,0.038492694425501725,0.0032674791999123274
243,0.08181978347983986,0.7953498629380344,0.0005162997750860934,0.11909230513260627,0.0032217486744333256
244,0.09744969166193572,0.7241957122183718,0.000292308118041071,0.17393798457812618,0.004124303423525211
245,0.049589938368617956,0.7337240403091437,0.000885538686355895,0.21205167494565472,0.0037488076902276626
246,0.06975819698641396,0.40579551666474367,0.00020646324509070074,0.5195917711344461,0.004648051969305735
247,0.07590874870353578,0.29056205396902596,0.0007126223151755162,0.6286548901221708,0.004161684890091938
248,0.03750333015900421,0.7505642361498638,0.0021949109892956827,0.20646645898103555,0.003271063720800879
249,0.0303401386758546,0.6802777187326574,0.0012502620025660813,0.28516219355880884,0.002969687030113117
250,0.03561428685722257,0.5278019200931929,0.0012168432080961454,0.4321952090670421,0.0031717407744461727
251,0.03740024798560002,0.8104267766195996,0.0008022754338739839,0.1482138003913301,0.0031568995695965066
252,0.05962916739912751,0.5659833485059915,0.001738936629932045,0.3677363969793823,0.004912150485566596
253,0.03403508510037923,0.8127433699826035,0.0005217058639180063,0.15021029661638358,0.00248954243671553
254,0.0212342999437412,0.9079595909406546,0.010593657960872992,0.05712476412985991,0.003087687024871349
255,0.05646641895239714,0.6160301169646543,0.0010137608760288316,0.32285348360952304,0.0036362195973968165
256,0.05522186047678394,0.7906928457694882,0.0006201773264045674,0.14975312534129925,0.003711991086023863
257,0.022218958806033844,0.9196293138856974,0.0026409082881629154,0.053130559588838076,0.0023802594312677516
258,0.032653606577559516,0.9381709142699133,0.004031604512912277,0.0219593920290106,0.0031844826106045736
259,0.032281221588079,0.9502262126097816,0.00116502555657663,0.014034696727566515,0.0022928435179961886
260,0.009131745074923937,0.9730239932354982,0.012584052716628515,0.0031446202791263755,0.002115588693822772
261,0.014861787940671405,0.9771282968334039,0.002748122946532583,0.00379175329532359,0.0014700389840685004
262,0.012968527013656148,0.9746805257000515,0.008539660353979552,0.002062376287112836,0.00174891064520003
263,0.015519969262034708,0.9753759145985041,0.004382599986025453,0.002521923731799703,0.00219959242163604
264,0.01455327431449922,0.9774256134382531,0.004362625771925799,0.0016021691459424208,0.0020563173293794107
265,0.015242391653980133,0.977390522293132,0.002221728175763318,0.0035955431921920584,0.0015498146849324266
266,0.009367359826145668,0.9767813454985815,0.0040661125860362015,0.007297803109093801,0.0024873789801426027
267,0.02819367256466271,0.9579827676488896,0.00148241063834415,0.01000930820756601,0.002331840940537434
268,0.007493847739791945,0.9364515038456795,0.05158139843598557,0.0016215618291478202,0.0028516881493952364
269,0.032886445410655205,0.9272594536938521,0.02707373534939567,0.007681404444185164,0.005098961101911788
270,0.022360467396747494,0.9571898368845181,0.011636340079389053,0.004515074027610435,0.004298281611734878
271,0.09182087797728164,0.884847419191069,0.002520397286927317,0.01691168255647299,0.003899622988249034
272,0.014082855278126775,0.9731247586470345,0.005651871665534785,0.005626960720382895,0.0015135536889211096
273,0.013985219200584138,0.9697980854708038,0.003999747846286416,0.010540174073733284,0.0016767734085925017
274,0.05766142557541811,0.7594554389059378,0.10278463508172617,0.008436722177763981,0.07166177825915403
275,0.09774174158937082,0.8302437604730187,0.03394089578990612,0.016063921388477977,0.022009680759226134
276,0.10375527218791265,0.8743967053292581,0.003214470466636878,0.008600362694956298,0.010033189321236046
277,0.16264163669718346,0.8235915786071226,0.0005360589684942474,0.009376966263750798,0.0038537594634487013
278,0.030441533034483798,0.9559224619748234,0.0009664839223530204,0.010940003488938158,0.0017295175794015483
279,0.058769172363519084,0.923311319510944,0.0017877414878796369,0.012042669408749226,0.0040890972289080885
280,0.02294292297917141,0.9600128027028644,0.0025463962998513506,0.009773023951068579,0.004724854067044401
281,0.012344400976257046,0.9740067702950023,0.0058225335759932995,0.0050045449637659235,0.0028217501889813788
282,0.011851060698618883,0.9754161105976742,0.007510743251510565,0.0035430204524862867,0.0016790649997103122
283,0.018970188222058454,0.9302697601702767,0.04229217109324378,0.0021537966834027306,0.00631408383101812
284,0.03757421307962361,0.6112178563503746,0.025720857983428033,0.0015520163309118643,0.32393505625566194
285,0.1096509049444122,0.1294825565470649,0.0016184377529011474,0.0022041664513596454,0.7570439343042621
286,0.1574243953821269,0.8297691230177702,0.00034008151106317816,0.0008759585046956599,0.011590441584344132
287,0.2311879942004805,0.7398170220122311,0.0012378504391972781,0.0014900496694920772,0.026267083678599118
288,0.2654932762694439,0.7262242857482487,0.0002906423740458678,0.003139342873176841,0.004852452735084579
289,0.009807628445934614,0.9848128368095432,0.0008170774358946629,0.0033247267936791377,0.0012377305149484153
290,0.042347543857676674,0.9314871855126892,0.0025313758640998843,0.020210321594413917,0.0034235731711204755
291,0.02635283630384312,0.914116726902685,0.0002826517418742027,0.0576596704122078,0.0015881146393897981
292,0.01593326322033616,0.9397144765740182,0.0018196961939325018,0.04110593826864068,0.0014266257430723237
293,0.020088663772642585,0.9007808983893558,0.0022023797739667062,0.0752671689730556,0.0016608890909794718
294,0.014868455446263302,0.921299849958961,0.006086793755590064,0.05488039538764844,0.0028645054515373447
295,0.018485552711590428,0.9072144552415563,0.021538362238326884,0.047764538177855184,0.0049970916306710505
296,0.015389512772744772,0.9255894619390729,0.04162134197219913,0.012364071053868922,0.005035612262114186
297,0.06111174311261527,0.858985630124204,0.011644510191357524,0.03297910796745172,0.03527900860437138
298,0.17046497327088833,0.7762455288966558,0.0003861994059812891,0.034990490947873425,0.017912807478601273
299,0.12102968768644612,0.8401381358961227,0.00047420161088641523,0.033146117050310064,0.005211857756234712
300,0.04352573250988994,0.9382465777696,0.0022587712832821245,0.013291329214836882,0.002677589222391088
301,0.09012803749462539,0.8330072826625537,0.001125273707287865,0.07307574808754613,0.002663658047986802
302,0.018980506506270835,0.9421819248178309,0.0014342991274983626,0.03616603676416424,0.0012372327842355387
303,0.044761126324847876,0.9055230818050601,0.002713198500571511,0.04469933966588995,0.002303253703630504
304,0.006141654605857225,0.9291496929123224,0.0595270156560843,0.004050039010915552,0.001131597814820458
305,0.011600075118330671,0.9722328655180998,0.010548257680494572,0.003992561697246833,0.001626239985827786
306,0.016555046120864135,0.9767819146230078,0.0007726613328666689,0.005002296916758125,0.0008880810065031425
307,0.006622153675049508,0.9650135172547407,0.02530949621362948,0.0015082877344767007,0.0015465451221034795
308,0.013662408345716808,0.9803155899198901,0.0022661106338520243,0.0028572352287908184,0.0008986558717503656
309,0.006935907398138118,0.9892917692282628,0.002046088200165207,0.001208460243661954,0.0005177749297720179
310,0.006877363819582502,0.9677826890868336,0.02266227657506113,0.0013537086138103078,0.0013239619047125774
311,0.007792973453338687,0.9869179186419258,0.002870727018653066,0.0013879441989311187,0.0010304366871512567
312,0.004331259123530128,0.9488711722729113,0.0449884596261709,0.0010205383266306363,0.0007885706507569063
313,0.00443664721729189,0.9722075346753313,0.02091505648139957,0.0014552455807024225,0.0009855160452748198
314,0.003710156463091575,0.9821816145136258,0.012140710048444985,0.001138594542968116,0.0008289244318693606
315,0.004706341476472113,0.9793667002843048,0.01274570234428867,0.0017109072593015726,0.0014703486356328003
316,0.009597448712463557,0.9832714611747098,0.00270013514616725,0.0032128397949707645,0.0012181151716886417
317,0.004776701378540589,0.9796906687971808,0.013969737712286476,0.00045143540734051844,0.0011114567046514809
318,0.006062524075089927,0.939786998116021,0.051442670373890186,0.0011259866588842814,0.0015818207761146836
319,0.006988727275421294,0.9593247541600184,0.030158084022564216,0.0014216719977110564,0.002106762544285193
320,0.017875374260216587,0.9725631676523755,0.004769215306632992,0.002398537594642816,0.0023937051861318433
321,0.009365010033301875,0.9647005416722346,0.02286397831403909,0.0008000749874106444,0.0022703949930137465
322,0.009768573843435506,0.9635816233204744,0.023975292922855315,0.0007322038876077585,0.0019423060256270653
323,0.013887552835399816,0.8974402184504275,0.08480562391015228,0.001272272038236938,0.002594332765783458
324,0.012351988069500957,0.9209752202999758,0.060523099051097345,0.003025952696134695,0.0031237398832911385
325,0.01841470074996352,0.8499966905987224,0.12457367588627948,0.003661791047793442,0.0033531417172410253
326,0.014554683378188958,0.860389066068306,0.11800809998352912,0.003850458373497906,0.003197692196478073
327,0.01386531301208511,0.8715287329351845,0.10592728932617643,0.005078315584917026,0.0036003491416370407
328,0.012072024586285847,0.9743904154899033,0.007644490994270075,0.0033733491823529005,0.0025197197471877766
329,0.011725042252030422,0.9786317778773191,0.005350496418022526,0.0020244794814842145,0.002268203971143566
330,0.017284883251960644,0.9327109015489273,0.037903711580277916,0.008095462172175388,0.004005041446658748
331,0.04193097671954327,0.9381866263279794,0.005001515873616845,0.012534058053155366,0.0023468230257050952
332,0.010907175639925965,0.9790453298424234,0.006230785946663452,0.002477789678841309,0.0013389188921456947
333,0.010278796653391601,0.9616052368067318,0.02443218190970946,0.001698622993236173,0.0019851616369309464
334,0.017868539791707345,0.9732751064347835,0.0021453674390462594,0.00514968693471582,0.001561299399746903
335,0.005267457497500172,0.9552808046905141,0.03643213552570291,0.0011773566492272417,0.0018422456370555086
336,0.013667924360585192,0.9714253170391923,0.008802654126123277,0.0043593707780295666,0.0017447336960696555
337,0.017417671504904895,0.9570565753501207,0.01829291357222372,0.004958770157418635,0.0022740694153322778
338,0.006885816387853372,0.9626594911047283,0.02578294045741851,0.002961740678054856,0.0017100113719452456
339,0.008752147897374062,0.9635352709754597,0.023879339565002065,0.002150352572378223,0.0016828889897860075
340,0.007049668610712836,0.9411198720115587,0.04852492510806132,0.0012350101996541798,0.002070524070012801
341,0.01305404222356891,0.9429209362192129,0.03823932381859286,0.002549611819803978,0.003236085918821452
342,0.028323388389864042,0.9569972114526498,0.009086433344034327,0.001658543565474284,0.003934423247977527
343,0.028090627717114024,0.9438379884664735,0.02240036297119531,0.0015493919773982812,0.004121628867818655
344,0.009457385565228403,0.9661255029084368,0.02100568346262492,0.0011892474809302221,0.0022221805827798854
345,0.015387900536243978,0.9570091823815082,0.02242998583977635,0.002855147497828285,0.0023177837446431756
346,0.013510803495936159,0.9727416220295155,0.0065503104268916585,0.00474607217210157,0.002451191875555301
347,0.012920778974652622,0.973211834756673,0.007031072068994736,0.0052944907612074606,0.001541823438472144
348,0.005600784586017175,0.9339699407156434,0.05281990345750688,0.005867775748334285,0.001741595492498171
349,0.013919648738732531,0.8792931925499253,0.10165226011778353,0.002204772673730127,0.0029301259198283806
350,0.06913139902803703,0.8063461753398831,0.10766238128316713,0.003277406942201087,0.013582637406711662
351,0.028207016715854565,0.91189035093863,0.05333753853099445,0.0018132006427014694,0.004751893171819616
352,0.044313176900826805,0.9135844317624585,0.034196254976059166,0.0018042686182314796,0.006101867742424018
353,0.14075018253729996,0.813690650442866,0.013816157200170402,0.006468681929892002,0.02527432788977158
354,0.04099855862756512,0.9411384649834387,0.006660834334700829,0.005434207584307418,0.005767934469988004
355,0.012553503750421675,0.9738541865352884,0.005956067124506078,0.004973543183996375,0.0026626994057873856
356,0.007620771243605821,0.7640803031947038,0.21777387139214627,0.0022355858021172463,0.008289468367426797
357,0.008759760339616516,0.8581193210201921,0.11149957746147864,0.006047865251641438,0.015573475927071487
358,0.06255019756120989,0.7690802065538205,0.026366412779681988,0.10461075229315527,0.03739243081213227
359,0.17615897724930785,0.33993616257704384,0.0006284760259722367,0.28562393600701597,0.19765244814066013
360,0.3208724777037442,0.11147033071880301,0.00043141479778940363,0.5211022979186773,0.046123478860986084
361,0.1423039264942258,0.05864597436969849,9.240239139890028e-05,0.7713849097782334,0.02757278696644355
362,0.26528887086343456,0.10367149452270744,8.210460512064947e-05,0.45878134485620264,0.17217618515253472
363,0.261685898985862,0.05082759287288683,8.668636891321644e-05,0.637967439337917,0.0494323824344211
364,0.3005129735989727,0.05099978936316263,4.397836864756276e-05,0.6117626520673977,0.03668060660181933
365,0.1321333697301196,0.13399436632699543,9.085120052322202e-05,0.464120680925766,0.26966073181659556
366,0.41348257971241636,0.06310601997638676,6.969994522196657e-05,0.21695624368444358,0.30638545668153133
367,0.41170796761948386,0.036218275250647004,6.24263676040576e-05,0.3289661122073971,0.22304521855486784
368,0.49478607107416944,0.1176824809833254,8.2462885022294e-05,0.13998136488175902,0.2474676201757239
369,0.0196737652064367,0.013519416317137536,0.0002601403428736675,0.02072431463763435,0.9458223634959179
370,0.08632009725252436,0.012342391922710454,0.00010131301965782392,0.057166541501774054,0.8440696563033333
