epoch,N1,N2,N3,R,W
0,0.0021221427695271616,0.00048195203481387044,0.0013477551784651992,0.00025711713346930105,0.9957910328837244
1,0.0026909738584664634,0.0003443592105341878,0.001255747611762038,0.00035185144076674133,0.9953570678784706
2,0.003208303103862971,0.001443214231946266,0.00010782946822483162,0.00027794099825995523,0.9949627121977059
3,0.003473099442597276,0.0008924707988401491,0.0009960332833322428,0.00024565903055294024,0.9943927374446775
4,0.04329699484138122,0.0031321175625095648,2.456552380412124e-05,0.0013420545562479772,0.9522042675160571
5,0.028778714825210567,0.004080727660153434,8.826884095663889e-06,0.0012479269378939644,0.9658838036926463
6,0.004540155801203322,0.000389975467487653,1.2304173353199725e-05,3.7656692245981356e-05,0.9950199078657098
7,0.00010903033505845218,1.62866083025057e-05,7.390488758407654e-06,9.59822645646558e-06,0.9998576943414241
8,0.032863692964463516,0.002252379080463966,6.7350791454669914e-06,0.0003561966475386557,0.9645209962283883
9,0.01332802760817666,0.0006245126131644458,1.0270596740127596e-06,0.00023602204757913666,0.9858104106714057
10,0.0003077765331606981,3.4930252454812866e-05,4.962211752713732e-06,6.747252687627925e-06,0.9996455837499442
11,0.0039593497218317055,0.00038894682704828656,2.0247245545965188e-05,9.249995779692564e-05,0.995538956247777
12,0.029072302598369043,0.004049080589324272,5.525099344123765e-06,0.002287088430926639,0.9645860032820359
13,0.015607899291608347,0.0019445164143564195,8.52464987346071e-06,0.0004388972079776008,0.982000162436184
14,0.11172245728035657,0.017284612257699505,1.8357338009478046e-05,0.025782973924176535,0.845191599199758
15,0.08694957366066036,0.007592318383172283,9.203215980763474e-06,0.0048615746333705995,0.9005873301068159
16,0.3596839052656805,0.03864716360781156,4.883086342820639e-05,0.013961320115406588,0.5876587801476731
17,0.5495045937849814,0.13247390897064645,5.672331244986638e-05,0.024703045957851458,0.29326172797407085
18,0.3215229985780008,0.2789107868527193,0.0005877933489778637,0.023150509323918773,0.37582791189638326
19,0.4148867374617385,0.23184350401889162,5.8453718871292034e-05,0.17023291003410126,0.18297839476639746
20,0.08915543960352813,0.3374768011037672,0.0021405814018343418,0.014345219699390788,0.5568819581914796
21,0.03297248366927912,0.014139174670917454,0.00037742569352653505,0.0017971297635642723,0.9507137862027126
22,0.09490524908665987,0.06070067682599683,0.00013538073713935462,0.028500200332079027,0.8157584930181249
23,0.027419805999927382,0.06928383957726969,0.0017947406167949697,0.002665340876617911,0.89883627292939
24,0.035559815692659,0.056291572744321415,0.00040265636999982276,0.005504836518768582,0.9022411186742513
25,0.020964298357768887,0.24067807386032886,0.009738976270179774,0.003099849725570748,0.7255188017861518
26,0.0009359490868393102,0.0008790637888313697,4.968410333644862e-05,0.0002757878635099714,0.9978595151574828
27,0.2023647567988237,0.02520619785800451,4.448818286377352e-05,0.024933913451520292,0.7474506437087877
28,0.20413669100763843,0.018517236752190372,0.00036926431312036683,0.011173661168231465,0.7658031467588194
29,0.5994030892122035,0.061963064962217304,0.00016040292799630537,0.007012592351411139,0.3314608505461715
30,0.45261502765616446,0.18909870061500608,0.0002778147001544532,0.030185025500610266,0.3278234315280646
31,0.12514330197147727,0.7093293246024794,0.0006576261535418587,0.013455028830260791,0.1514147184422407
32,0.03213867085033876,0.908860429156728,0.0022759970150576844,0.007654015902621241,0.04907088707525416
33,0.027424439114068166,0.9325876470848223,0.0016067822045012696,0.012768579629598209,0.02561255196701018
34,0.049408192115801414,0.858229486024509,0.002926399752247915,0.053438143149916496,0.03599777895752518
35,0.008448984149008172,0.9638466538963253,0.016377656393973185,0.002130759962052114,0.009195945598641201
36,0.025316370568313852,0.9496657096955112,0.0026365614930040724,0.007822576895029756,0.014558781348141137
37,0.02501026458244083,0.9475374719844388,0.012902844711404349,0.005685843384185281,0.008863575337530603
38,0.017212328466222532,0.9108790713314019,0.045525354754343626,0.0009072173964457122,0.02547602805158624
39,0.011608553624967969,0.9786231015860412,0.004187351089538734,0.00042699091678684943,0.005154002782665096
40,0.05374424109261032,0.7760308429816549,0.022614169565615138,0.0026525162321067077,0.14495823012801295
41,0.016383328677312594,0.9604060753277595,0.0068550943223541485,0.0014689592121273564,0.014886542460446218
42,0.023172807173362477,0.9454401932656619,0.013387589611652812,0.0033958595289837333,0.014603550420338937
43,0.09966961895981277,0.8462536540184854,0.016661265913854407,0.002072587546203362,0.03534287356164415
44,0.032453641566317575,0.8965456977848425,0.033094760927471975,0.0008769970343557763,0.03702890268701201
45,0.02884615372193947,0.9374898614825695,0.013866385220280225,0.0013308821770800637,0.018466717398130713
46,0.026846744648248124,0.9401084611164789,0.016928594030031656,0.001205754104285943,0.014910446100955436
47,0.055703492355668446,0.8375365461865769,0.032238128130016155,0.003389413166587641,0.07113242016115065
48,0.03346492255415881,0.902871860179348,0.016133422760201455,0.0034323998437551986,0.044097394662536614
49,0.22012505878974517,0.2667596636254787,0.007025931038280423,0.0053828642510038525,0.5007064822954918
50,0.15207818446759663,0.6806664413331907,0.08931128651692603,0.0016433411153975723,0.07630074656688925
51,0.2424637178222567,0.5872775814793756,0.024391833997557226,0.003892101878958393,0.141974764821852
52,0.09170870452526564,0.6074221078998336,0.07754705488696001,0.004432780556908692,0.21888935213103208
53,0.059518287526054155,0.8044427332438403,0.033321686855582525,0.008010795436031679,0.09470649693849126
54,0.012635376283949038,0.9042479798782439,0.059547316870338055,0.0016211020047721735,0.02194822496269689
55,0.07660981905315514,0.7918369758235705,0.0006504822060341389,0.03669269101098236,0.09421003190625787
56,0.02458146523773047,0.9551446494074015,0.003983416584983576,0.003074951184360843,0.013215517585523395
57,0.008658500926863209,0.9785105499575174,0.004388322932287553,0.0013943905048274315,0.007048235678504601
58,0.03171760720643736,0.9488114842381932,0.002479344511054439,0.007316854291657018,0.009674709752658047
59,0.016022810269533082,0.9496920400323612,0.00039117038667540717,0.005337304291755738,0.02855667501967468
60,0.03834613898079315,0.9082581433912017,0.009768775220079219,0.0035722354165585598,0.040054706991367664
61,0.03577080598904652,0.9277638622381875,0.0048303989412112345,0.003938149370106751,0.0276967834614481
62,0.009462512658860917,0.9581867351297536,0.002553616996863339,0.0016723359826250693,0.028124799231896966
63,0.034784094034176906,0.9348638404785095,0.0051809444311575956,0.003332708263771042,0.021838412792385003
64,0.011507665560810279,0.9210155194686407,0.017155228963348267,0.00218317283471421,0.0481384131724865
65,0.015103037511196045,0.957598412471531,0.007215997140555502,0.002724520417796989,0.017358032458920234
66,0.020948013246348613,0.8833007710850991,0.03297488915934312,0.0028995532058610713,0.0598767733033481
67,0.007261722746423285,0.9641898076872591,0.020945025418366004,0.0006760350015535511,0.006927409146397908
68,0.010772588982706752,0.8599096008658625,0.10694035396872668,0.0004791687982764429,0.021898287384427492
69,0.017372363533190577,0.9406492673233688,0.010108445142589626,0.0006596200516033753,0.031210303949247627
70,0.03125644585747647,0.8890072582688536,0.03477858061503268,0.0010725792674185154,0.043885135991218654
71,0.024822110722612957,0.8633188461126305,0.04858738645438311,0.0011812272183417004,0.06209042949203158
72,0.014751208513809495,0.7553672506839777,0.19962462275142936,0.0006471163685914486,0.029609801682192023
73,0.08238207889617599,0.7417135155898245,0.14816387980681467,0.0018146559783101858,0.025925869728874725
74,0.07189912177936465,0.6986675152785429,0.07950983089963867,0.0020785810147732724,0.14784495102768028
75,0.08074761613593011,0.7740234033674749,0.0268367670437288,0.0012495845009925601,0.11714262895187365
76,0.11633439877186937,0.8127765125206395,0.025926748139478883,0.0005461714220680453,0.04441616914594405
77,0.038112934792504785,0.8168308999731415,0.13210319184551195,0.0005009243425822974,0.012452049046259428
78,0.04318431372711759,0.775855076271107,0.16736920149553738,0.00046608226507666894,0.013125326241161438
79,0.04765904796169551,0.726876556305857,0.18020666875097519,0.0014820886032606364,0.04377563837821158
80,0.02981593391950984,0.7458411329506743,0.15925165196279625,0.0020714010622080886,0.06301988010481141
81,0.0409667026426329,0.4297830259351534,0.42609533882668577,0.002043714111673386,0.10111121848385449
82,0.026808186166161586,0.17262584244615986,0.4077638533284919,0.0013353975354376316,0.391466720523749
83,0.017402343338687933,0.0866883698858432,0.10428468831887788,0.0012958175967062832,0.7903287808598847
84,0.002693814341082756,0.0011842028573098996,0.0008981711602888594,0.0002916028505334025,0.994932208790785
85,0.008104955126673127,0.0009804582626177518,7.107960397716891e-06,0.00041132511818994897,0.9904961535321215
86,0.005571388936970693,0.0007342926697961983,3.8856482934639255e-05,0.00022725125939932085,0.993428210650899
87,0.036163932046185884,0.0026241660895115096,0.0001094227903643814,0.0005137095717044185,0.9605887695022338
88,0.002895498204102913,0.0002897249943669868,4.0471330423392924e-05,0.000482782739224701,0.9962915227318819
89,0.001651875587716459,0.00022786476579440726,6.737981068702851e-05,3.922902878310325e-05,0.9980136508070191
90,0.0014413397493221697,0.00021691109222911727,1.9575116771672753e-05,4.63778105433957e-05,0.9982757962311337
91,0.05626327471054895,0.00014160327830605864,1.3678494362242398e-05,3.398083191736765e-05,0.9435474626848654
92,0.11406635286615797,0.0007167434638660474,1.5962440802245244e-05,0.00011129325431191143,0.8850896479748618
93,0.16042388499954546,0.005295141392631105,0.00014681672780005546,0.00021840471681490063,0.8339157521632086
94,0.11985845120623544,0.0065437602241670174,0.00056438575706352,0.0003568530801431971,0.872676549732391
95,0.1015393654558989,0.004163711389769324,0.0007886664250398818,0.0002799915417924058,0.8932282651874995
96,0.5134604092965231,0.07713929082849919,0.003778803622804849,0.0019166223055180084,0.40370487394665483
97,0.3105501968577417,0.137329302076785,0.00798416912740006,0.003407377740928641,0.5407289541971446
98,0.09053882243431029,0.2506901479736765,0.008369340076310659,0.0047479869481729265,0.6456537025675296
99,0.1463212539530055,0.5640889119450458,0.0953424987856954,0.014094041827825542,0.18015329348842757
100,0.11769639350159238,0.6122363541850492,0.03512023494397052,0.011398076147137679,0.22354894122225027
101,0.05773448566798062,0.5694052556450935,0.061594967011998666,0.008173325586974443,0.30309196608795275
102,0.24074213301825953,0.28023058191836264,0.005240850429791631,0.012832928167848439,0.46095350646573763
103,0.31066125524812793,0.36463259046330204,0.0571751888612718,0.004905116204041375,0.2626258492232567
104,0.04759124940032849,0.8389420186007372,0.02407584627395136,0.00191844307415798,0.08747244265082488
105,0.1512689548365364,0.6146153970671508,0.05143690926531296,0.003971141365514568,0.1787075974654851
106,0.1436545684426119,0.6885353994655147,0.08644371355184861,0.003775173017539716,0.07759114552248501
107,0.06589839583353783,0.609287382007692,0.2522814358924425,0.003871165936713546,0.0686616203296142
108,0.03939908832306829,0.5832653548092928,0.34277221395973906,0.0019395927209225694,0.03262375018697732
109,0.044038960123284246,0.5325272745157863,0.36964101529327203,0.0013523888167283856,0.052440361250928956
110,0.048251184308092054,0.49057864430868375,0.41817941812987286,0.0004071626844834924,0.042583590568867735
111,0.02046490695151968,0.16951718267984814,0.7976750505743658,0.0002724272716643232,0.012070432522602011
112,0.06668044472000731,0.24663265189238143,0.5667718474935627,0.0019986420655784517,0.11791641382847015
113,0.011582849899910281,0.28952694048055744,0.6693061820904129,0.0005307903411420432,0.029053237187977463
114,0.003694657892752858,0.09770845862436733,0.8922522357405507,0.0002419402280318002,0.006102707514297223
115,0.009689624321068862,0.15921229996356906,0.8028558264692633,0.000216581556820231,0.028025667689278565
116,0.000537767515758174,0.038257492019900315,0.9601957238932965,6.247953692468942e-05,0.0009465370341201383
117,0.0007652395368345171,0.02398304946564647,0.9737655664426847,4.885435682995583e-05,0.001437290198004291
118,0.0003133328590745694,0.018003837535933757,0.9805460971090372,4.260925331485504e-05,0.0010941232426396083
119,0.00027656109420310786,0.012140284882369115,0.986907441893488,5.074442909782805e-05,0.0006249677008417447
120,0.0012668235829551195,0.0877513763424832,0.9084815799983333,0.00012183387355966956,0.0023783862026688194
121,0.00016765750373630707,0.02140908951111823,0.9778827324116603,2.6532530362082874e-05,0.0005139880431230603
122,0.00011811954500660073,0.014618229851612336,0.9848666661001854,2.047879692918452e-05,0.0003765057062665209
123,0.00010591878752451783,0.01882007400793771,0.9807509237342328,1.745236409242088e-05,0.0003056311062124368
124,0.00018633204869707108,0.014931364593792674,0.9845790116722118,1.5591999693326195e-05,0.0002876996856049496
125,0.00014073177325144522,0.01676943341418435,0.9825761380063601,2.1671060804054252e-05,0.0004920257454001375
126,0.00039426044709750394,0.02105342276442977,0.9777487278825794,2.2845937653139545e-05,0.0007807429682401171
127,0.00010539429575622763,0.009083673433069796,0.9903219920825245,1.290773622379018e-05,0.0004760324524257018
128,8.876837122579213e-05,0.01217144478528469,0.9873786597753857,1.2131063125221882e-05,0.00034899600497847197
129,9.999206355640886e-05,0.005981153152517324,0.9934690327588535,8.190518893794363e-06,0.00044163150617915507
130,3.954325708456936e-05,0.0055176492590262236,0.9937613359692076,6.891622203065587e-06,0.0006745798924784044
131,5.9954854956251325e-05,0.007389322765882524,0.9918275399075916,7.491080998009765e-06,0.0007156913905715744
132,7.043549821505053e-05,0.010128180750832307,0.9888990101566953,8.31562324979174e-06,0.0008940579710073648
133,5.183587218734365e-05,0.012293885158583782,0.9869154907061901,6.417794296820154e-06,0.0007323704687420557
134,4.079135084482037e-05,0.0048678950701722375,0.9947051867776001,3.131998669168106e-06,0.00038299480271370155
135,5.01794269661748e-05,0.0066023032559834795,0.9921339302848466,6.177826770742003e-06,0.001207409205432805
136,0.00013191499056424734,0.005991662582621897,0.9930997860289855,4.895905944204106e-06,0.0007717404918841439
137,0.00018322075092156508,0.007644669773772414,0.991369537290757,8.549812865200324e-06,0.0007940223716838035
138,0.00017976180279647374,0.013947517719758953,0.9846774465889556,7.814078447345816e-06,0.001187459810041752
139,0.00012577616279795217,0.00991881079727156,0.9888991921311742,1.7773291870111166e-05,0.0010384476168860991
140,6.558357122282258e-05,0.005840768015936592,0.9936618116749945,1.1214701949034378e-05,0.00042062203589701187
141,6.46612772180599e-05,0.004089107052366579,0.9955143846814747,9.001448877839767e-06,0.0003228455400630221
142,2.2597151636854407e-05,0.005337924060053524,0.994354678469408,4.517617716041798e-06,0.0002802827011857611
143,0.00011297329419541528,0.004288157461345946,0.9943687436073594,1.644245452832391e-05,0.001213683182571019
144,5.075735188101084e-05,0.007324517944145473,0.992214284148696,5.287057665292185e-06,0.0004051534976123666
145,8.642762247753267e-05,0.018082532525492915,0.9812937541597944,1.7752078097394896e-05,0.000519533614137979
146,0.0001023488262674673,0.008186928440723077,0.9912781240891589,2.5335832633946258e-05,0.000407262811216593
147,0.00010666378706598002,0.009198182857534603,0.9902829426080421,2.490653797353121e-05,0.00038730420938373305
148,0.0004015474461735444,0.03282601129832533,0.9656603532965615,0.00013920062776755744,0.0009728873311720818
149,0.001458586466699755,0.03680891775213745,0.9584198324092342,0.0008156456586375007,0.0024970177132912844
150,0.0042456192484456425,0.3003024259175356,0.6812851290259492,0.007846163500416952,0.006320662307652741
151,0.03519867242328068,0.7706972275285678,0.11535975503178585,0.05878305317087375,0.019961291845491773
152,0.06516579070683774,0.262593720747983,0.01927145303331701,0.6247140008943385,0.028255034617523746
153,0.14342755552871378,0.1123737788846164,0.004554405666762114,0.6716151328603844,0.06802912705952327
154,0.10558748494845291,0.016588728087764182,0.00020324504037641888,0.8409011488671251,0.0367193930562814
155,0.1975095843051399,0.036621060736045465,0.0016324250800889527,0.44489943642898105,0.31933749344974466
156,0.10227627333177475,0.04180050125974477,0.0019741162063390155,0.7904269398920383,0.06352216931010313
157,0.0979938897582696,0.02368006603008979,0.0010477087781795983,0.8104269834858333,0.06685135194762774
158,0.15592691616779242,0.011225314043975912,0.0005846248943539426,0.18771099993583956,0.6445521449580383
159,0.8047403993280923,0.004566504992593864,0.0003385080560515529,0.17533157656779566,0.015023011055466681
160,0.8448284332493265,0.0013680761124174267,6.473427638430737e-05,0.14791804864830546,0.0058207077135663315
161,0.0777837588037101,0.022225945038389892,0.0016320129130298349,0.8499952183556935,0.04836306488917661
162,0.08508977088822296,0.046921805710078264,0.002226992222534166,0.7560629374340678,0.10969849374509671
163,0.11050817695600318,0.016381952778451857,0.001406034411604092,0.8248030919546198,0.04690074389932108
164,0.06741394543876328,0.01953780782574854,0.0005915613206513365,0.8037819470968095,0.10867473831802732
165,0.14353594949058998,0.025105977620174164,0.0005776224450102966,0.6990549351796715,0.13172551526455412
166,0.1426749564516668,0.014424810286954946,0.000101495895664859,0.5469869141358191,0.2958118232298944
167,0.03834931044455463,0.017080459591608532,0.00026690544623452097,0.1415109031479276,0.8027924213696747
168,0.11637701507430485,0.010350754604237086,0.0013213289257210951,0.05305049066420317,0.8189004107315339
169,0.09482897468886115,0.003976866284135512,0.0008334330984639018,0.09982128024495962,0.8005394456835798
170,0.04170775628333668,0.025582116511957888,0.0025018539220841656,0.06919036899045242,0.8610179042921688
171,0.0364137865177996,0.0034270584441877332,0.0005604475682139198,0.025851266812189737,0.9337474406576091
172,0.11928315936918504,0.012958851442424816,0.007798875170040499,0.05308423691914611,0.8068748770992035
173,0.10780507671690513,0.0031418763565687555,0.02005021748225812,0.019602930072320914,0.8493998993719472
174,0.11980083800408549,0.005467262355484903,0.0002077104034594295,0.028968530654595946,0.8455556585823742
175,0.13669823790429603,0.03263143357971181,0.00012099877300918623,0.07878154353427357,0.7517677862087093
176,0.07839174145808142,0.03913621873878038,0.00037948310279720246,0.05906371110635412,0.8230288455939869
177,0.049235496087653596,0.022504172902919957,0.0002635381245289346,0.01864084609110041,0.9093559467937972
178,0.007288692397273983,0.023833787224932936,0.0005285019064312252,0.0063865459368641535,0.9619624725344977
179,0.012229337823596502,0.010629646793434713,0.0001802453435440988,0.010674239722100971,0.9662865303173237
180,0.00833859554387551,0.00430905676097907,0.005787932548630755,0.009880624739268398,0.9716837904072463
181,0.04689854106226061,0.013618609938807305,0.0003464762411631843,0.0068745902737683,0.9322617824840007
182,0.21104310325059777,0.03182191473355513,0.00030096665029559933,0.004577519076005021,0.7522564962895465
183,0.34792764311149743,0.1067572596225085,0.001002049349379815,0.011739479612804887,0.5325735683038094
184,0.22242549063501463,0.21975602729858376,0.003340680369740702,0.031071593128761867,0.523406208567899
185,0.09811101745201964,0.17693871098014002,0.002735567268595773,0.033547594517816665,0.6886671097814279
186,0.18353236632113423,0.20828104933621527,0.0038111739491786876,0.04611948729674295,0.5582559230967289
187,0.24442252447691426,0.3305814444230771,0.0166583195435531,0.04937907645988695,0.35895863509656856
188,0.2321672715341068,0.5738164231710023,0.022677389300443475,0.05995891124905789,0.1113800047453894
189,0.22749203978606555,0.47070132435057627,0.015576565532776289,0.07039649462002678,0.21583357571055506
190,0.026860126974897557,0.019379047110772495,0.0004313867796339778,0.004790698672633786,0.9485387404620621
191,0.47177044876316976,0.3674210828638469,0.005140441946840525,0.03459931968190159,0.12106870674424125
192,0.25516409655888717,0.6788415810116164,0.007708326110201732,0.01843213447671058,0.03985386184258407
193,0.2643595838847516,0.2612355821969975,0.0023658537707502932,0.017013548667305874,0.45502543148019486
194,0.24827881076136352,0.6637110309227133,0.011029515765879136,0.04212595044807336,0.034854692101970564
195,0.11566128982508593,0.7434723875543138,0.040698508368928056,0.01962359387773773,0.0805442203739346
196,0.12689541641853616,0.7826032415700928,0.028238058389314487,0.018355966816006503,0.04390731680605
197,0.3010087408417655,0.5392251616876329,0.005721509620028898,0.022848339498316887,0.13119624835225582
198,0.21443853967619417,0.5562505167808314,0.007344895490188857,0.02619580889621534,0.19577023915657016
199,0.028622695170983092,0.6886616848860768,0.2628184876733753,0.008529171847348945,0.011367960422215832
200,0.0493864459291291,0.8233325915365005,0.08984944685201604,0.02213674839635967,0.015294767285994732
201,0.23331434424439362,0.4687789355618701,0.006226313157678816,0.013202806467620771,0.27847760056843673
202,0.059198217190920346,0.7570620996246804,0.046769686190058335,0.017245308603710065,0.11972468839063104
203,0.11119313083814734,0.7150821560114212,0.08843979151539201,0.007615987649432121,0.07766893398560759
204,0.154284928673705,0.6191973714326964,0.06422994792661305,0.007253775053664595,0.15503397691332083
205,0.01787699231098709,0.0552099694524631,0.004960949458971121,0.0013266794956907101,0.920625409281888
206,0.001987807684376374,0.0009643367591404842,0.00013537987790986653,0.00023918916970759276,0.9966732865088658
207,0.3365803584008457,0.0710480193058449,0.0038959344840321128,0.004990051621758085,0.5834856361875193
208,0.4338947689822891,0.25546562427928765,0.026010010391695603,0.002561880586388754,0.28206771576033884
209,0.556385424290328,0.22304035571369724,0.017005222929004273,0.004907831087877885,0.19866116597909259
210,0.06235565677484028,0.8094814005365037,0.05105026934872077,0.00639485996220157,0.07071781337773372
211,0.2924256024479285,0.3871771389985932,0.007447240654054417,0.0095391541004534,0.3034108637989704
212,0.06665234250293725,0.8253984285126413,0.06693041186746236,0.014436282695678728,0.026582534421280325
213,0.055549324258979065,0.7911655937586112,0.06779738512332324,0.057857412468655625,0.027630284390430887
214,0.061599533253944475,0.7708049415203984,0.0773456390479438,0.065817074733823,0.024432811443890225
215,0.02091669284013355,0.8843995209628635,0.04154425176480396,0.04067967387166877,0.01245986056053035
216,0.07951971555486641,0.8382661481752229,0.05144570345379642,0.020776317429591802,0.00999211538652255
217,0.10312319628452539,0.8310176995937326,0.021819031052794213,0.03225194223590875,0.011788130833039165
218,0.03460872014901928,0.864537724713561,0.09305509712042205,0.0044490252241039295,0.003349432792893659
219,0.41475504864438123,0.49621682219900193,0.0143537206991242,0.019564200581233884,0.0551102078762589
220,0.053684070663534436,0.9039253122798323,0.02748862476226914,0.0056289098160097134,0.009273082478354394
221,0.10100052020938692,0.8679102590109639,0.018831752217091862,0.004292452413476712,0.007965016149080694
222,0.163158753236374,0.7851701071842873,0.04563549451769064,0.0012700397081594108,0.0047656053534887366
223,0.020160958306313058,0.7720309447085771,0.20431095680745948,0.0014402680337403711,0.0020568721439101025
224,0.03613787458158372,0.8819799942688197,0.060332721221590516,0.005589075336063549,0.01596033459194243
225,0.049115630083839325,0.8486963795453396,0.09409854666563604,0.003218179232560708,0.004871264472624405
226,0.04327633048290791,0.8120499517938427,0.12408283238326198,0.0018500517460392544,0.018740833593948323
227,0.36892742601466677,0.18903822562654066,0.00459827421341745,0.005140459378416286,0.4322956147669588
228,0.11118750064778808,0.8279080394858126,0.055758047797779535,0.000729321366665845,0.00441709070195386
229,0.09868101249601517,0.8434832675344653,0.05319482623477311,0.0006916289017762859,0.003949264832969938
230,0.10112603354298488,0.830465288412378,0.06269022489929758,0.0010625557260710333,0.0046558974192685695
231,0.034682800114255806,0.915854608526597,0.045630103346406284,0.0010967430680085186,0.0027357449447323458
232,0.011570958416631857,0.8574983219884745,0.12782038007360857,0.0009342459631442807,0.0021760935581407017
233,0.009830742324100226,0.6607515695313759,0.32766761814392253,0.0008405515835071748,0.0009095184170942434
234,0.007533663041021169,0.5781063687539646,0.41189029967920227,0.0010696954998227603,0.0013999730259892556
235,0.024112475581339204,0.7566739255064499,0.17927285590052852,0.003498520469135972,0.036442222542546386
236,0.022765267227526698,0.8571588294497157,0.11336148390461152,0.0024163722602890494,0.004298047157856872
237,0.01609543195249295,0.5564849639133783,0.41962075516875974,0.002798456974854276,0.005000391990514703
238,0.014812111652235335,0.6747038548418648,0.3052723310329294,0.0021705372805878244,0.003041165192382492
239,0.016612138151211563,0.6821185980712464,0.29645215257295987,0.001921478253364117,0.0028956329512180227
240,0.012576132520068827,0.6442631003597528,0.3393467370269466,0.001771151318639906,0.002042878774591922
241,0.05660606493937331,0.8742636364203761,0.05394427771197531,0.003418449894210406,0.011767571034065142
242,0.011624681182122419,0.44380084433371014,0.5416349132689015,0.0018592298414830688,0.0010803313737828752
243,0.007745916381815246,0.7414444016030238,0.24795946354055673,0.001162519797554509,0.001687698677049665
244,0.0074376117720179056,0.4974386500069735,0.49183807821678704,0.001772396162050795,0.00151326384217076
245,0.0030856693213900544,0.5458624606987564,0.4475442088987326,0.0010372368641386634,0.002470424216982335
246,0.010068130224239342,0.45019883629009516,0.5360637821689518,0.0016889521305164697,0.0019802991861973328
247,0.03138963270164971,0.6816308211487243,0.28059812322783345,0.0035864885671194023,0.0027949343546730134
248,0.009578675959607262,0.4934269998806442,0.4931282711438064,0.002022773078697023,0.0018432799372452542
249,0.0060499518091732575,0.37649769171774644,0.6134256185725939,0.0025490686172637044,0.0014776692832225895
250,0.008341332960696127,0.3656689290659536,0.6191935107999081,0.0035005223426630956,0.0032957048307789374
251,0.024657661026488396,0.7277722085146722,0.2314305605072974,0.007574754670622719,0.008564815280919316
252,0.01568796207384819,0.760197119571916,0.21582329844402906,0.002562230022496988,0.00572938988770969
253,0.04286837694086194,0.8524569018596646,0.07892006177374526,0.007625417304944625,0.0181292421207834
254,0.026740380609389533,0.7559234239540555,0.210660188426317,0.003113926177493343,0.003562080832744696
255,0.04522107989431347,0.7331145918543804,0.19478228866673813,0.007821951965501148,0.01906008761906672
256,0.08025752607014867,0.8092611275582912,0.050652273778254105,0.010168963438559029,0.04966010915474697
257,0.03319274693275986,0.784118930837213,0.1349802499712997,0.01611944111472717,0.03158863114400029
258,0.01607073934659365,0.8052842930032221,0.15466260853141098,0.009929872185145669,0.014052486933627647
259,0.0028263697522254846,0.01642892233545339,0.0028797619443917183,0.0016430620235298892,0.9762218839443996
260,0.008487694132974451,0.002920439709592928,6.426792748188768e-05,0.004031517927781998,0.9844960803021686
261,0.1494577710112732,0.02332301405072763,0.0006934124977805878,0.02621557035263048,0.800310232087588
262,0.12986755626421637,0.015632431743166367,0.0011787551127197865,0.018039290580223716,0.8352819662996738
263,0.20169977929883048,0.050494241849859116,0.0022357323139936417,0.02721904672789698,0.7183511998094197
264,0.11372163139660878,0.08745577253351507,0.0026756921083030284,0.058508995311354985,0.7376379086502182
265,0.12847725715104075,0.08804120901720407,0.002034666687114681,0.09457110132636834,0.6868757658182721
266,0.00595821896664617,0.005379634483865872,0.00010026372494542434,0.00506221096240013,0.9834996718621424
267,0.002361583356154194,0.002065518248475019,3.121022559519746e-05,0.0018179892945123987,0.9937236988752632
268,0.002724115773025791,0.0035876011848441224,0.00012444159123380915,0.004155913990728658,0.9894079274601677
269,0.0041420181112165515,0.004213011991990838,0.00012415189458554672,0.0021680331346739896,0.9893527848675331
270,0.027178512317542182,0.0040343724114890855,0.00022660980370070035,0.009547999286917854,0.95901250618035
271,0.10733195138185003,0.006520134640197308,0.00028728425107261995,0.008912377507170556,0.8769482522197095
272,0.00782995388372741,0.004303996282500979,0.00014101921382859512,0.004487029984927677,0.9832380006350152
273,0.4433022241365966,0.13879493382557306,0.0015622616635782812,0.02593263031645587,0.390407950057796
274,0.5387908672735808,0.14130345853557238,0.003449030844892023,0.02127456420374291,0.29518207914221184
275,0.6049379068022965,0.11459516236848448,0.001803663569405858,0.02088320482700789,0.2577800624328052
276,0.4210914837321598,0.412257885797809,0.007236500306678438,0.10060418873292967,0.05880994143042296
277,0.24587272819101452,0.5119935735070644,0.012067952531814205,0.2015382464053572,0.028527499364749607
278,0.08517223849828334,0.7831139610095185,0.019551040494521135,0.10285740385519375,0.009305356142483156
279,0.03743081299255909,0.8275538342832386,0.016228506481837792,0.11620130734702407,0.0025855388953404316
280,0.04815341489394258,0.893523510631941,0.01607043788655979,0.03438111833453145,0.007871518253025041
281,0.021737931264897415,0.948140343810861,0.014999591143058355,0.01301093402126139,0.002111199759921621
282,0.016737140598926142,0.9372220887091327,0.038252493853696855,0.006364930946613941,0.0014233458916301676
283,0.017652326317212995,0.9447359309261393,0.030303175432562685,0.005578387771719188,0.0017301795523658916
284,0.01693081919284445,0.9446795144660682,0.028600716248617458,0.007389890811431381,0.0023990592810383886
285,0.04025345351213282,0.9155491549052027,0.038458371405577355,0.0024398908341105928,0.003299129342976658
286,0.014468545299746054,0.9071314118638429,0.07531682104366856,0.001890363367954136,0.001192858424788481
287,0.009032085137210688,0.6822442705007011,0.3059697925742986,0.001023726083328401,0.0017301257044612171
288,0.012544850520612405,0.928355440433952,0.05657489652045611,0.000901919698743448,0.001622892826236204
289,0.02423772381071148,0.8757299038953256,0.09098133150977024,0.003146383216096114,0.0059046575680964195
290,0.016093000904367147,0.8694697975435723,0.11076736300643594,0.0007420855463229146,0.002927752999301611
291,0.016640407848908773,0.7160325151359337,0.2634601219945956,0.0010678911555874384,0.0027990638649744194
292,0.008198191359469533,0.6436439606503275,0.3443898257027935,0.0011687628692441535,0.002599259418165375
293,0.005240649530274565,0.46125836057794745,0.5318049076032404,0.0003183615851968018,0.0013777207033407518
294,0.01620889518348297,0.5164077962108592,0.4617318697708516,0.001430187978629907,0.00422125085617632
295,0.005665373853117797,0.35126527865305796,0.6397031941149838,0.0005900509862500474,0.002776102392590366
296,0.021445165223069926,0.5644131522189341,0.40082976330547154,0.0031224701503510385,0.010189449102173452
297,0.01715304111868201,0.37583268764318156,0.5984388024370658,0.0020690846155188964,0.006506384185551661
298,0.02225261298910506,0.508693388110765,0.46292912020905075,0.0013064494569101689,0.004818429234169084
299,0.044925834313632396,0.6890733164629709,0.2575944837715173,0.0021765268646860097,0.006229838587193225
300,0.029313028851150863,0.7931589122098475,0.17294194989283032,0.0008572297412658134,0.0037288793049055683
301,0.01488748516140715,0.5979017272100277,0.38542282095272207,0.0004656016047405249,0.0013223650711025325
302,0.007773335571692815,0.513762080154372,0.47674604091420675,0.00037219143393831384,0.001346351925790105
303,0.012740026512379236,0.5624179923485338,0.4232368679159331,0.0006191780357672594,0.000985935187386575
304,0.004234120428087089,0.47207743578237943,0.5226778326742638,0.00031724648124705103,0.0006933646340226626
305,0.007280941503180707,0.6158400900768063,0.37528111793195024,0.0006435984982286005,0.0009542519898341599
306,0.0026759284779598,0.2413251772893177,0.7552759158165077,0.00026707451120052306,0.00045590390501430445
307,0.0023111298183537176,0.143373173797409,0.8532901373896378,0.00038856357701784586,0.000636995417581491
308,0.003619932847139273,0.15639685583691698,0.8387327497031059,0.0003427470711561441,0.000907714541681673
309,0.0026946183818462397,0.17853170990761255,0.8177220840518432,0.0004105136388126973,0.0006410740198852744
310,0.004191365459857104,0.4152237605803741,0.5782579043223984,0.0005521283391510365,0.001774841298219152
311,0.0010819163101861897,0.10040491708992884,0.8976917431821173,0.00018837514285747543,0.000633048274910132
312,0.0009970289199099588,0.10839052066275498,0.8894105886418289,0.0004523382204025336,0.0007495235551036772
313,0.005605980410484892,0.30171106666803454,0.6884467361710028,0.0011986212918501098,0.0030375954586275566
314,0.012550393579056535,0.43588089516721196,0.5410882804411836,0.0037731386362837597,0.00670729217626403
315,0.006200753360095521,0.33137191724959864,0.6598057755474895,0.0006868332929055773,0.0019347205499105687
316,0.02388966696101053,0.5283974743410733,0.44385975157153795,0.0009379774536217428,0.002915129672756422
317,0.006218999447657958,0.8299462828721839,0.16094023680872335,0.0008072305045585754,0.0020872503668762765
318,0.0006929561741622949,0.1812421190850961,0.8173312831327199,0.0001470904990622641,0.0005865511089594806
319,0.0026926778119607127,0.2506527722074299,0.7450397879012799,0.0004757116955273446,0.001139050383802156
320,0.0023267622340049053,0.2616449738173045,0.7345163005805347,0.00046488313327140344,0.0010470802348844525
321,0.0018705490002341163,0.18387893684866233,0.8129418844053009,0.0004693147793624053,0.0008393149664402414
322,0.0005627186140448272,0.1398540507469421,0.858899927395578,0.00020306775832344012,0.000480235485111673
323,0.0004946148530569027,0.08775311646327212,0.9109211478250503,0.00014373347481578053,0.0006873873838047934
324,0.0012402780361607634,0.1458187474774876,0.8514976202205824,0.0002927150030125389,0.0011506392627566888
325,0.0009576541440061299,0.10890133029148658,0.88910073767788,0.00025246748707097907,0.0007878103995564457
326,0.0032760037379581204,0.14520889984196048,0.8497544800802467,0.0008297018810199812,0.0009309144588148613
327,0.0023617652625486318,0.5134775634553682,0.4822509821894416,0.0006435598367841899,0.00126612925585744
328,0.0032681019182115127,0.2547722040808089,0.7402053011144254,0.0008227652704707656,0.0009316276160835315
329,0.004156050978468361,0.2488739467596492,0.745637956460248,0.0008964972870693416,0.00043554851456513823
330,0.010729758623308609,0.4767803836173852,0.5080278470808284,0.0017574358367400905,0.0027045748417377836
331,0.02809549040315975,0.7085448563319257,0.25233156766854103,0.0038457880045676403,0.007182297591805975
332,0.029645276306736322,0.6576297011309484,0.30682590882702787,0.0018521273768510517,0.0040469863584362605
333,0.11413027258588129,0.8399237277525651,0.03958191171326728,0.0019554792758745233,0.004408608672411714
334,0.043984549879369804,0.6744288864600905,0.2770987690817116,0.0013554350969237788,0.003132359481904374
335,0.014849227053491648,0.7951568895413685,0.1876084455952719,0.001066205904792339,0.0013192319050755518
336,0.04716483258570194,0.798216201734609,0.1512944588479731,0.0019426844082157289,0.0013818224235002414
337,0.008187319251143167,0.8602747006371192,0.12767418013053355,0.0024045537578305807,0.0014592462233733458
338,0.010394077616880689,0.814251797565718,0.1727471196277059,0.0012964519395354836,0.0013105532501599896
339,0.0037580674843224466,0.7541175432997387,0.24018413261592916,0.001123842963971274,0.0008164136360384451
340,0.009260955320348091,0.6456242029932444,0.34006205675921464,0.002920007434233959,0.002132777492958838
341,0.004505979642924243,0.6770038971111993,0.3135065744214669,0.0011965051777136266,0.003787043646695795
342,0.018359580245230562,0.9190825893059426,0.05728680181075578,0.0017891363645182407,0.0034818922735527385
343,0.003948882439885998,0.5198509609007518,0.4742288511210294,0.0007878908489741032,0.001183414689358833
344,0.01181221202538765,0.5355237490159866,0.4499968547665249,0.001104341369869389,0.0015628428222312894
345,0.019917078282091653,0.4902849106066651,0.4872072947928169,0.0010536424644902573,0.0015370738539358829
346,0.012604959136950762,0.4229387524874291,0.5617397805314923,0.0016496243214318817,0.0010668835226959408
347,0.026831850793260826,0.4791405763817399,0.4848344495116205,0.006331265202598596,0.002861858110780138
348,0.02152379608439476,0.6426374849282109,0.3255210671082818,0.004159518946661551,0.006158132932451013
349,0.15812562563105323,0.7966456465112478,0.019741486691361308,0.00605349131572546,0.019433749850611977
350,0.010880146032032616,0.6854757205369045,0.3015886293018653,0.0009892731546445163,0.0010662309745529505
351,0.042736656098510614,0.7986126771867837,0.15130015356619153,0.0026536543393304857,0.0046968588091837946
352,0.05444638154946712,0.8527535540657177,0.09006623517720524,0.0006254934357821449,0.002108335771827617
353,0.015960131335708696,0.6705038368660242,0.3104223772980821,0.0012517630716498242,0.0018618914285353683
354,0.027407053829907997,0.5745497067179383,0.39591769804690863,0.0006910356850569735,0.0014345057201880832
355,0.0641749622591007,0.7739023453557229,0.15390982148268753,0.003559949031559238,0.00445292187092969
356,0.014476868777884684,0.5272908780119456,0.45448276667068166,0.0016854545634682695,0.0020640319760196774
357,0.014897629664810246,0.5672812244099485,0.4111912333271912,0.0024089204288165744,0.004220992169233462
358,0.003337585911388304,0.8688349402854748,0.126122721309275,0.0006843302310264779,0.0010204222628352956
359,0.010527539380012855,0.8056421754533271,0.18113972028902267,0.0008466101093438768,0.0018439547682935176
360,0.009038844407379681,0.6811744552187818,0.30560617058186207,0.0024393673027683655,0.0017411624892080888
361,0.019910720074666266,0.7310413571574466,0.22366934310963835,0.009013271315209525,0.01636530834303935
362,0.0322418914738392,0.41714264043383326,0.3984430631494356,0.14464977849721983,0.007522626445672147
363,0.026215346922416383,0.44231671059089456,0.26377465270925393,0.254574753840177,0.013118535937258043
364,0.008800556801945879,0.7254836061158335,0.19037165986917204,0.06728730869952398,0.00805686851352464
365,0.020372121612389132,0.6471654889834261,0.043186750957435,0.27887090848221896,0.010404729964530771
366,0.02963168848323723,0.29025541451295256,0.00048738640681985983,0.6692349440792296,0.010390566517760784
367,0.058186898004427855,0.09983336484957618,0.0003553260272385042,0.7424525639317663,0.09917184718699112
368,0.09616843271138914,0.0324321641812776,5.861445083284473e-05,0.8315915781706826,0.039749210485817935
369,0.07601572686236381,0.22361920708509364,0.0013020152890077256,0.6801693672151767,0.01889368354835819
370,0.07762266086012595,0.04437443312592401,0.0008003001615047888,0.8592614917415017,0.01794111411094345
371,0.01836286798518591,0.017075235318768932,0.0001404708700331919,0.944242684035357,0.020178741790654854
372,0.034305792230073504,0.023441675057703747,0.000967753628835686,0.9297581865566111,0.011526592526776062
373,0.015595019075828465,0.009699776958931096,0.0003765617983958776,0.9679852568668901,0.006343385299954419
374,0.015492179407743674,0.010469534254046647,0.00036689058840597995,0.9657072172019594,0.007964178547844413
375,0.017283563847740088,0.04159308469437645,0.0015743707202327424,0.9321841857451404,0.007364794992510469
