epoch,N1,N2,N3,R,W
0,0.00024358067195680682,0.00012798722569097213,1.2350828007246222e-05,1.633780736069281e-05,0.9995997434669844
1,0.0001578729992374818,3.054176687502482e-05,1.832690774687368e-05,7.818484810609849e-06,0.99978543984133
2,8.908081990012061e-05,5.4493627395143624e-05,2.7449013289606026e-06,8.436877526083111e-06,0.9998452437738498
3,0.0001504426058308745,3.510951443999751e-05,0.00011002397494165761,9.342260851805731e-06,0.9996950816439356
4,0.00038464743730880045,0.00013347560704551905,1.9519547589107522e-05,3.212923001896272e-05,0.9994302281780375
5,0.00027789623348794255,0.0005935370012200808,0.00032761796775296163,0.00025737658600467536,0.9985435722115343
6,0.11574312912835015,0.0031420776881073195,9.207349993919826e-06,0.0006221334769814237,0.8804834523565672
7,0.17474626317124328,0.005441321429809834,1.4928339258160896e-05,0.0013272906211673058,0.8184701964385214
8,0.12046099916485106,0.004212061951694922,4.668860503017144e-06,0.001973061838696066,0.8733492081842549
9,0.14002575999504144,0.21679174307188753,5.7459779033501086e-05,0.03880749158378854,0.604317545570249
10,0.2700027983902254,0.20933165266920392,0.00031796548110965935,0.07439862621306316,0.44594895724639777
11,0.16683254380400278,0.5956960535319076,0.0021044232061462977,0.0030843929885553765,0.23228258646938804
12,0.1291137268100468,0.39671290412339033,5.502893390357895e-05,0.14502671832254194,0.32909162181011736
13,0.03027293014854691,0.9258694990882707,0.008150912691015835,0.0013630627332576301,0.03434359533890914
14,0.018791931930441826,0.9522646846518126,0.0029671936327704445,0.007323927647173499,0.018652262137801606
15,0.017416053044287866,0.9519915493551888,0.01452597538573329,0.0002285622704140299,0.015837859944376136
16,0.014035945672679972,0.944624405258368,0.01624844157570661,0.0022984724636171583,0.022792735029627992
17,0.01341074100769237,0.9739579809096001,0.002181689634067456,0.0007174557813093002,0.00973213266733077
18,0.011074004381461063,0.9590998046450853,0.01876207921747338,0.0008637998346148632,0.010200311921365493
19,0.01858810491066618,0.9307320876054417,0.026903839200393864,0.0007499599408692696,0.023026008342628967
20,0.01103674264735719,0.9122897032195696,0.0667757788976684,0.000995958654483505,0.008901816580921167
21,0.007729473863154621,0.895895479529193,0.08439726391005362,0.0005993865212504583,0.011378396176348312
22,0.0330815507942006,0.9206982574664072,0.025306043841437836,0.0007941034058975131,0.02012004449205671
23,0.006412311154452428,0.9354770367317993,0.0359287416113124,0.0002989641351251089,0.02188294636731064
24,0.0022134739811763516,0.459285229885843,0.5341414912751996,0.00024752112997961247,0.004112283727801266
25,0.00996371586926771,0.8635439558626331,0.1173115354443785,0.0007513620210921931,0.008429430802628502
26,0.030454622326319195,0.9288508647278566,0.008529679969518247,0.0003818352986175868,0.031782997677688433
27,0.002266243911785257,0.8728815889483751,0.12201934089414017,5.731421219813304e-05,0.002775512033501219
28,0.0030545439201754873,0.9091792462648118,0.08566991181636006,3.492409612593118e-05,0.002061373902526564
29,0.007460025209837343,0.8078332692055202,0.18136832722579577,0.00015858386960060768,0.0031797944892459676
30,0.0021187087451195355,0.5609260631604441,0.4330935774002949,0.00011334693377837196,0.003748303760363028
31,0.003497567551408909,0.6234204023161111,0.36771340593701946,0.00012541550122693821,0.0052432086942335145
32,0.0014666281086131122,0.4667953968591401,0.5282216642520186,9.819246190261574e-05,0.003418118318325565
33,0.0013258296906154164,0.3491088023327204,0.6463218915161855,8.485900794525805e-05,0.003158617452533372
34,0.0005711759660546056,0.11767210045146151,0.8794873344501289,3.629637310351952e-05,0.002233092759251479
35,0.0020185372432540106,0.2666512704344459,0.7262183774124599,0.00010431260153979477,0.005007502308300296
36,0.004683862504986659,0.4081886650359849,0.5756357206088067,0.00011972317016579222,0.01137202868005582
37,0.001963978032450176,0.3291793042738674,0.6633270342743818,9.311326413871261e-05,0.005436570155161882
38,0.00892268500649077,0.596811707986572,0.3872224432903987,9.65307417885586e-05,0.006946632974750039
39,0.0030794636066210075,0.6184955137933043,0.37222545939593205,6.0359778577845434e-05,0.006139203425564637
40,0.0005528342841205576,0.25576348733808835,0.7411448770500605,2.349883068400693e-05,0.002515302497046645
41,0.000890844434427455,0.3255351456409252,0.6711209029380347,3.310308856725959e-05,0.002420003898045426
42,0.0005846024216659558,0.37932059906716326,0.6169450643144622,2.6102577634715544e-05,0.0031236316190739687
43,0.000548892340333682,0.11335265522084917,0.8836774534554698,1.3102408614870282e-05,0.002407896574732705
44,0.0003218166695531642,0.18444916411105264,0.8135035963817905,9.098788012905998e-06,0.001716324049590682
45,0.00026642440577133675,0.07287187311993915,0.9249492561877982,7.263004664313899e-06,0.0019051832818270237
46,0.0007861215472687974,0.21302108368901856,0.7818947466934483,1.7789940899299678e-05,0.0042802581293651075
47,8.005188907306426e-05,0.039496092983911914,0.9587549695236386,7.258925504290881e-06,0.0016616266778718954
48,0.0002106520364002291,0.05121276391240077,0.9470814456492993,8.06280063095573e-06,0.001487075601268767
49,0.00014014479551017814,0.0374631918126564,0.9605306131481733,1.2804426314358179e-05,0.0018532458173458064
50,0.05642016431639614,0.6890873068298801,0.1665527938556684,0.00034471135527757487,0.08759502364277769
51,0.0029412924992529067,0.3989622081323577,0.5785260025423231,9.050959323591209e-05,0.019479987232830422
52,0.014362751896722904,0.6565362789553778,0.28649194220378676,0.00021420934742403925,0.042394817596688554
53,0.007461308814446596,0.5778662318248137,0.40710628203222193,5.81957024486069e-05,0.007507981626068989
54,0.0015814800283161026,0.5048107250369064,0.48026908799753826,5.600729678799048e-05,0.013282699640451208
55,0.0002125516935441742,0.10193154336424831,0.8949744527628062,1.1264798918266787e-05,0.0028701873804831486
56,0.0012686296647972794,0.36243338489311006,0.6317581390804723,2.5443331131544463e-05,0.00451440303048894
57,0.0005396688776270705,0.24740485654003852,0.7474825385816569,2.9831142550778805e-05,0.004543104858126459
58,0.000309161305708787,0.07554228341973065,0.9225987077407283,1.1586918822961928e-05,0.0015382606150095117
59,0.0008342450494910357,0.11040657651288882,0.8870359098755503,1.3796140480514286e-05,0.0017094724215893275
60,0.0004367436037441897,0.04586627862630252,0.951593018204077,7.983672769963022e-06,0.002095975893106214
61,9.644325914311907e-05,0.011210836068607377,0.9879549843677339,4.009644179928196e-06,0.0007337266603356076
62,0.0006090900456678645,0.14352903273206125,0.8506937123982952,3.800647022639964e-05,0.005130158353749274
63,0.00026860756754425104,0.049140740241368136,0.9481400202881946,1.7883969733732508e-05,0.002432747933159497
64,0.00018754492694385324,0.042613159066351845,0.9531494268771458,7.057911996197647e-05,0.003979290009596645
65,0.0015002319138074714,0.22298725985396486,0.7666389814986787,0.00013482707303568212,0.008738699660513372
66,0.000660266502963541,0.13435481574227465,0.8556516950755838,0.00010438816012253308,0.009228834519055639
67,0.008833844462203729,0.5213024730054479,0.4092947619692924,0.0013475995050959595,0.0592213210579601
68,0.012064937886843836,0.22723262876503736,0.5709726042130341,0.0014713046246778941,0.18825852451040667
69,0.012077956573882404,0.015832452254361053,0.033341490813788455,0.0011420757209219781,0.9376060246370461
70,0.03953022942978354,0.010342085498855515,0.0004434112783371996,0.004272059185029213,0.9454122146079944
71,0.3498868424547704,0.050293795295922525,0.008091775087142039,0.0029897605144322565,0.5887378266477328
72,0.5738612913766865,0.04527886648110438,0.0016191167936296913,0.0017414203162914262,0.37749930503228796
73,0.11078770140651015,0.014270059958342143,0.001300581170144542,0.0011068636763224133,0.8725347937886807
74,0.06515127329344303,0.006618046346208045,0.0013182762740436402,0.0010478727884206832,0.9258645312978845
75,0.3035170802083951,0.06224988885526017,0.0010466490846227357,0.0062581857820665785,0.6269281960696554
76,0.17124019541189064,0.03221474625464044,0.00044580502537035444,0.007190745311508101,0.7889085079965904
77,0.13732549347540748,0.06363426124219687,0.003209888023879199,0.005738842418125258,0.7900915148403912
78,0.2140119441025003,0.12396385102462436,0.0029419038574643565,0.004267133921965193,0.6548151670934457
79,0.2104666390707921,0.14688511568951373,0.0016504831036534225,0.012153858853933946,0.6288439032821068
80,0.31385743021365403,0.17401228499624044,0.009400604030924664,0.0037223556532265485,0.4990073251059543
81,0.19321911084741922,0.16067905595136153,0.020306005109776468,0.006266722754607811,0.6195291053368349
82,0.26984143969124014,0.0839628655253264,0.0134286328290179,0.006885984594208001,0.6258810773602075
83,0.17225049737484183,0.023441664591791374,0.004540790185830257,0.002552934307684092,0.7972141135398524
84,0.4012708962136951,0.07380595562407488,0.013780309261636694,0.0027454211434624243,0.5083974177571309
85,0.0135093613570196,0.0019219394329493533,5.732229531751162e-05,0.00034623085807184605,0.9841651460566416
86,0.042214362952909534,0.0021385948177470872,0.00019042939872170554,0.00036476868656876816,0.9550918441440528
87,0.36613250481232207,0.016899289674503,0.0003736317097841028,0.0024494490140387374,0.6141451247893521
88,0.091381778604781,0.0016477490480069485,0.00015752993739768327,0.0008450975524838329,0.9059678448573305
89,0.0427427395295102,0.000758781974755086,0.00019073728828506413,0.0010150973723916084,0.9552926438350581
90,0.05088951684628677,0.0010209652268255546,0.0003608714293164591,0.008468624739893094,0.9392600217576781
91,0.012046447466788162,0.0009922885571971365,0.0005982971454489552,0.0017086041474196922,0.984654362683146
92,0.002931902729246219,0.0002206788486423208,1.6408425681865902e-05,0.00013639755021805635,0.9966946124462115
93,0.0016117035339649757,0.00011105652517483917,1.1665784954358089e-05,3.0510058670303805e-05,0.9982350640972355
94,0.0008960431241641588,9.538149230724605e-05,0.0001374370658367885,2.235931351473674e-05,0.998848779004177
95,0.0032945939926170447,0.00021809666953274357,2.3280709716154766e-05,0.00010737648692345981,0.9963566521412105
96,0.08054670011557097,0.004121777844602322,0.0002577238288605725,0.0008160163122947965,0.9142577818986715
97,0.0019270363446331738,0.00017378030413219204,0.0005044844295940761,0.00014212228328174618,0.9972525766383588
98,0.005956233833862677,0.00021669847262996767,0.0005159799417184173,0.0003158179670399665,0.9929952697847491
99,0.00994738390266552,0.00039102773143472123,0.0002312636292359393,0.000232073326759525,0.9891982514099044
100,0.28916010387205787,0.005849281972077084,0.004212396475102681,0.0013838611282902538,0.6993943565524722
101,0.32688241986518196,0.07739724407178575,0.020183575303998627,0.009002825167901827,0.5665339355911319
102,0.26157280027025603,0.17558910573472547,0.021184671255027706,0.01315852385038594,0.5284948988896049
103,0.509194304520186,0.10152624821573647,0.0028608345710503416,0.00800946284393774,0.3784091498490894
104,0.30641570890953396,0.3493639855825124,0.025545172556394807,0.03282958447710031,0.2858455484744586
105,0.1580642703536956,0.7452829727990522,0.014211835499871388,0.024809717484508376,0.05763120386287226
106,0.04610071492093032,0.9050801112720703,0.02896186786841701,0.0021762545752243767,0.017681051363357986
107,0.02871961714090756,0.8259881816492246,0.1396097236222928,0.0012888915950694862,0.004393585992505733
108,0.019726587057511617,0.877764910469278,0.09441274611483806,0.001383023645897425,0.006712732712474859
109,0.009687354785073633,0.7383326174625939,0.24759766523919427,0.0006013077339526145,0.003781054779185581
110,0.0035126679936214595,0.6964534708338496,0.29618529633485413,0.0005321930121482849,0.003316371825526479
111,0.0032395634605182693,0.5946292843707879,0.397000206808089,0.000296243189885154,0.004834702170719736
112,0.006285813849550492,0.6828644291333094,0.3015677135861599,0.00031637114516041556,0.008965672285819862
113,0.001607459588710111,0.5207120269643575,0.47493197764248585,8.432721615905083e-05,0.0026642085882876026
114,0.0019363723010032531,0.6720742958969662,0.32192856095468386,0.0001340651752976072,0.003926705672049165
115,0.0008953204320721256,0.3465084093123786,0.6504953369275472,6.79214271707746e-05,0.002033011900831266
116,0.0017036292973073106,0.43450045397487247,0.5589523902894994,0.0002290365360031319,0.004614489902317617
117,0.002132725175713456,0.4541595107365918,0.5388185306546884,0.0001571750867424295,0.0047320583462639254
118,0.002630899787485534,0.348843010728979,0.6439841779473815,9.713076559738124e-05,0.004444780770556553
119,0.0003838790560881925,0.16037741161497615,0.8380116092418619,2.1323862624781538e-05,0.0012057762244490106
120,0.0010129843021225583,0.29398955834552803,0.7032479667312459,3.231687791431414e-05,0.001717173743189232
121,0.00027109667375837854,0.07044145149788952,0.9278959549312715,4.433178630260636e-05,0.0013471651107780592
122,0.000299446591112547,0.07843784964079291,0.9200825958787928,6.888082630865285e-05,0.0011112270629931615
123,0.0002801538542843833,0.06811685997285932,0.9302287727980557,6.553800466344818e-05,0.0013086753701370866
124,0.0012159162293430437,0.25047069392753557,0.7447393492780098,0.0002600905760585564,0.0033139499890530648
125,0.004622852757442873,0.4235758799291884,0.5618058528015123,0.0009031790540227466,0.009092235457833771
126,0.018566121642078586,0.6318511987920127,0.1695119960978802,0.006295458161337673,0.17377522530669087
127,0.2357970511766132,0.4141893443943241,0.046011140311216336,0.007403913762383958,0.29659855035546245
128,0.0036902398118819455,0.010057821399566057,0.0032156252583198067,0.0011873048138461779,0.9818490087163861
129,0.058708899522354425,0.013517918960347524,0.0003928412534971861,0.0030029166773827983,0.924377423586418
130,0.5928281763245975,0.10744664484103092,0.0015757793640148157,0.01008727215391601,0.2880621273164408
131,0.3499901054061162,0.17465846667527601,0.0033337803728343816,0.02178062090425478,0.45023702664151855
132,0.20857354848307014,0.13838511671001322,0.0034526412802409054,0.03646207481943471,0.6131266187072411
133,0.14526149143721256,0.06087964114928246,0.0013449986630663232,0.08102542096771645,0.7114884477827222
134,0.005476931090366257,0.0014632098477473097,7.422752636348029e-05,0.007631536651516966,0.9853540948840059
135,0.11535203368822533,0.1756883992115997,0.002403646872831845,0.26061278918601266,0.44594313104133043
136,0.0067180873197720216,0.0012901637465993442,3.8347744254425406e-05,0.002064521543789342,0.9898888796455849
137,0.1278420406978917,0.0065615634230394675,0.00010730451627951292,0.011451417288908756,0.8540376740738806
138,0.02699356721462217,0.0015636514258417597,4.8428590952731544e-05,0.005837745893845527,0.9655566068747378
139,0.28263358950001505,0.009926825592363613,0.00015429203303682384,0.0032665682244425003,0.704018724650142
140,0.0040871258951340195,0.0010242907164997837,0.00021331803749238687,0.00026091691407292047,0.9944143484368009
141,0.025434578940036447,0.0019906797949634245,0.0012957672844016105,0.0014561597902750766,0.9698228141903233
142,0.13179155909023407,0.006671125016296162,0.001046535103841367,0.0037939436209682765,0.8566968371686601
143,0.580556616530841,0.05955588230832386,0.011459271202615792,0.006368317727106494,0.34205991223111276
144,0.4612676541970316,0.143662430731921,0.0388567372749063,0.01178125644934282,0.34443192134679823
145,0.3021088393024873,0.16902416936645562,0.008557658231659269,0.07409117178636458,0.4462181613130332
146,0.3913358575413012,0.1148310228897533,0.004992157993366957,0.01918890699870497,0.46965205457687376
147,0.6375668001609485,0.10488032297411551,0.0017273156407342375,0.06106971929905766,0.1947558419251442
148,0.5957254710912112,0.22845895589012447,0.010469790400647928,0.061781026997152336,0.10356475562086415
149,0.04719524584046686,0.7564685467942415,0.1086617791764553,0.05746496605380077,0.030209462135035618
150,0.39886743041042794,0.12149929876469592,0.003850709837029587,0.13310407292880197,0.3426784880590446
151,0.12415280534999312,0.4166906846789449,0.002602187433095533,0.3879909693211328,0.06856335321683378
152,0.26560878235638513,0.22902573301522372,0.005910939526228722,0.09603187586008928,0.4034226692420731
153,0.14591993789567073,0.7918388271852569,0.011116003942257932,0.02261656436327911,0.028508666613535516
154,0.060526736071332354,0.7566493347120309,0.0065757305838614,0.1532249567777088,0.02302324185506668
155,0.1290095942665199,0.46497084886259,0.00430218689470246,0.1259498325131571,0.2757675374630307
156,0.20033165851463927,0.4959955406984573,0.004794594030430909,0.19113574795045565,0.10774245880601696
157,0.02562490516950861,0.7893483970164062,0.12071755438414682,0.034794522412841755,0.029514621017096534
158,0.08898546383641635,0.054410832077633794,0.003134204961980554,0.045020028061882544,0.8084494710620866
159,0.041775154395739714,0.1581600828489589,0.011109111727665441,0.03139889630816236,0.7575567547194736
160,0.026873614229218457,0.006327554717584007,0.0012093527568991166,0.005625498331931049,0.9599639799643674
161,0.016545620715307206,0.0008375430118696076,6.591816003667974e-05,0.008562771888939433,0.9739881462238471
162,0.04431977658495669,0.0025158537063584827,6.284774345885945e-06,0.018998942983798908,0.9341591419505401
163,0.8520987450696843,0.028683384742990627,9.51457881854035e-05,0.027780623091367578,0.09134210130777216
164,0.39356322713403924,0.3800663286666332,0.004266044563790996,0.04996424487398678,0.17214015476154987
165,0.10686912853781495,0.6720114868769199,0.0011949363437758526,0.15498870594157202,0.06493574229991733
166,0.03691552802499726,0.04719790389587001,0.000560159401513946,0.0762643089687554,0.8390620997088635
167,0.10667689056324392,0.2886164111156685,0.0003805372014462959,0.5247111086878191,0.07961505243182222
168,0.1324633249645771,0.5509534737275233,0.002727955507505214,0.22889606922213876,0.08495917657825551
169,0.35240697455233116,0.44747939581866564,0.0029879359907068583,0.10155626446440472,0.09556942917389163
170,0.029429321260712307,0.8831077143403893,0.0011761624771757175,0.06595355005013674,0.02033325187158613
171,0.05918284834224969,0.7725714289682405,0.0014915805696952434,0.12447134798948242,0.04228279413033207
172,0.13502486239373648,0.584048200966245,0.0012934782194562878,0.15396887640088938,0.12566458201967298
173,0.10145191929547868,0.6792507514527695,0.0016200642569734,0.17646923148839627,0.04120803350638216
174,0.12227810319399526,0.4034010820897503,0.0009691917279045813,0.19658639095073177,0.2767652320376181
175,0.04785468726049824,0.8673312978483592,0.009309895034486738,0.05104772515501731,0.024456394701638663
176,0.07515907903711593,0.6432913973647523,0.006787228147616698,0.09712302027350306,0.1776392751770122
177,0.36527304182101905,0.04886602545218615,0.00013402861846218515,0.3473121466203501,0.23841475748798235
178,0.17889111935801327,0.2573039267143516,0.004518777814419885,0.5206565277739568,0.03862964833925854
179,0.22172293328785223,0.6845827790451672,0.0057930646466533954,0.07328548432809194,0.01461573869223544
180,0.5189543489103753,0.253647471600294,0.0009890387391587859,0.18332776565989112,0.04308137509028074
181,0.014314015610638928,0.941655525607856,0.017474899031033275,0.019142049473975613,0.00741351027649606
182,0.06989986715703814,0.66429231843354,0.0026473818706305783,0.25163834197273605,0.011522090566055448
183,0.04580765570809453,0.8790761851637965,0.02549935696249611,0.037408154495650624,0.012208647669962292
184,0.11962879969195268,0.6602743248448009,0.0028285670943466734,0.18387684052793168,0.033391467840968254
185,0.03505604536885708,0.8424871434786413,0.011462579965842566,0.04005361300258904,0.07094061818406999
186,0.19243314772299194,0.2434234408655327,0.00048352088667850973,0.5051721381980998,0.05848775232669716
187,0.13767608982599122,0.7969925517202862,0.006713006556869717,0.040183814260033646,0.018434537636819362
188,0.11662670403465653,0.7660190276796827,0.0017661455487316218,0.05972042331522095,0.055867699421708196
189,0.4320159387299505,0.3831629559822302,0.0017812584385339296,0.09102187718381151,0.09201796966547403
190,0.07852032956367079,0.8379497872160071,0.005539373346407207,0.0663483380914064,0.011642171782508667
191,0.17140377879918006,0.6707963708009242,0.003436353707123192,0.12169691095916735,0.03266658573360506
192,0.03469148123944195,0.8967996843215731,0.0264136654074323,0.03565915799676256,0.006436011034790268
193,0.116474513162685,0.6345807457267146,0.0015441602370613334,0.08256344200339291,0.16483713887014603
194,0.030915868959247,0.9193165472942292,0.0289837342367914,0.01483267474733605,0.005951174762396439
195,0.24789795327660957,0.37281797696513325,0.004483300387050208,0.14807059676393097,0.2267301726072761
196,0.020399168413714943,0.9424583366732905,0.011297690671373288,0.008504749050967212,0.01734005519065411
197,0.06799886074847969,0.8509598700750267,0.00441745197234331,0.04908845341499061,0.027535363789159818
198,0.06584748917968238,0.8829644709265804,0.004311065756868307,0.02544845955497242,0.021428514581896357
199,0.03209302636863237,0.9145448716012725,0.022736725550981784,0.022483051394006675,0.008142325085106651
200,0.15472153699639551,0.2502361725684859,0.0010667835165081821,0.03261883591235561,0.5613566710062549
201,0.021412815024714572,0.9475550403142,0.010250049238365368,0.013287247603897033,0.007494847818822783
202,0.2586671472250465,0.504306564261337,0.0018175439526611139,0.05180701929877976,0.18340172526217555
203,0.038655595308727655,0.9358393445466155,0.007937189183295883,0.0035441279671305633,0.014023742994230379
204,0.05456462200094221,0.9114483185064305,0.003712438167932999,0.024602225674081463,0.005672395650613046
205,0.14758394319282794,0.7918091620559629,0.013333734041702728,0.017950841110789203,0.029322319598717107
206,0.019619700824452507,0.8985455143550248,0.07091035765371305,0.006220618863134166,0.004703808303675437
207,0.04766685037690609,0.9202812976895814,0.005535996493164907,0.005329212292349378,0.021186643147998185
208,0.021522050666976246,0.8580602734743266,0.111378301888475,0.004721969530263769,0.004317404439958413
209,0.07316454692860196,0.6899047504011492,0.004201654859544311,0.0056390055713673535,0.22709004223933701
210,0.05015726316824521,0.8490124550883603,0.08112169953369204,0.0018372274070503408,0.01787135480265236
211,0.07931433627751569,0.7924603778711392,0.020673169927883886,0.01572829982392011,0.09182381609954106
212,0.11453417364471528,0.8251480991078376,0.01439816238562218,0.006608464733527858,0.03931110012829699
213,0.0263648663276912,0.8466282876994594,0.10438044605275651,0.009656777571330644,0.012969622348762515
214,0.3129607895669198,0.12077044292244889,0.0020405125411189786,0.02174718923335315,0.5424810657361592
215,0.14673309272653187,0.6798555396637858,0.014073253789760253,0.02285097540848295,0.13648713841143917
216,0.16985510746897473,0.7508485986406525,0.021301882912284124,0.015014758508663417,0.04297965246942533
217,0.34301315698268564,0.549338762865523,0.00865004557776113,0.017236127860323025,0.08176190671370714
218,0.03990310600032708,0.8745170193372023,0.013250169317106495,0.0367545908008654,0.03557511454449865
219,0.07347598571427204,0.07150017719711671,0.0014339659717039807,0.014511022252156211,0.839078848864751
220,0.09805192010533001,0.8647607842778399,0.010173029226659117,0.006758392403098705,0.020255873987072334
221,0.2798461885497238,0.5378954921242991,0.0019179848474048275,0.024046544577212253,0.1562937899013599
222,0.05532614286005746,0.9102032435996925,0.009657044632792159,0.003776372340540639,0.021037196566917195
223,0.024794941619729335,0.9407321323864299,0.025717225092204556,0.005065836939562374,0.0036898639620736
224,0.17004823132207822,0.4522725170219128,0.004868707523107064,0.01235276454960778,0.3604577795832942
225,0.011636434031891827,0.8931120389537064,0.07185397882721721,0.0156294439993727,0.0077681041878119705
226,0.03529308077935857,0.7325192039921946,0.013356696668606314,0.05222461487215269,0.16660640368768787
227,0.014120880882983636,0.9104879293157035,0.0253219267239974,0.01413553359270411,0.03593372948461134
228,0.10375832921818272,0.5756315446281072,0.01764527474278193,0.05788774306945064,0.24507710834147753
229,0.08799023304495046,0.6393409212117389,0.07603384610838662,0.041774579844636305,0.15486041979028772
230,0.0049943535553292435,0.00978326289552328,0.00033297932169118987,0.005567254537912744,0.9793221496895437
231,0.017361541184269483,0.0045015225620080165,0.00011613361081559538,0.010293000284094566,0.9677278023588123
232,0.19554982867499646,0.06314010734753087,0.000805597800128605,0.06568605157958723,0.6748184145977568
233,0.5707626207581609,0.1807019037262544,0.0013963106128595498,0.07559104188847138,0.17154812301425373
234,0.5628307932857742,0.25551525404779935,0.004654253055839494,0.04709965071091559,0.12990004889967144
235,0.03801546724040326,0.9220918627359517,0.01767714617504491,0.007248363580612795,0.01496716026798728
236,0.08833755456388118,0.8548013471546889,0.025261950708628432,0.013932264153460647,0.017666883419340668
237,0.03525859412177662,0.9303026943005615,0.016080836694533442,0.006769559798833388,0.011588315084294861
238,0.0056237404139920745,0.9039966826480127,0.07682578082189366,0.002775043005702483,0.010778753110399171
239,0.012671770074647287,0.8816893084666689,0.09295990507183678,0.002361763302737411,0.010317253084109638
240,0.005334410082349053,0.7761598094631963,0.20917237117260395,0.0024959451565933237,0.006837464125257577
241,0.004676892697891305,0.7582349956179744,0.2317429343239879,0.0012405138239658757,0.004104663536180501
242,0.0010789270710944681,0.5330624035326332,0.4612965593638719,0.0006160243846104518,0.0039460856477898446
243,0.004094076979998198,0.4635310986509085,0.5280024498654639,0.0010804044002478608,0.0032919701033814444
244,0.0015127514752638317,0.18780215476553655,0.8075101353219345,0.0004121485010166454,0.0027628099362483954
245,0.0024225036766821724,0.5951585848831101,0.3959329210595599,0.0002061726441701743,0.006279817736477592
246,0.002710952646962007,0.5421606059086824,0.44851580824091003,0.00032508487539903945,0.006287548328046472
247,0.0002729170379614402,0.15375045883711908,0.8452167640020188,0.00015741901233475508,0.0006024411105659528
248,0.00020200192909345586,0.10605890028717704,0.8922409191832935,0.0005067641855512231,0.0009914144148848306
249,0.0009092499473418852,0.1724004481051308,0.8221060671779843,0.0007488434126661541,0.003835391356876671
250,0.0016874267790094146,0.5758648591102704,0.41815811769337274,0.0016708479487187338,0.0026187484686287206
251,0.0006943103325867076,0.2657026412406974,0.731780077181075,0.0004843152271467056,0.0013386560184942067
252,0.0005600910081042953,0.15016137652476474,0.8480822118022011,0.000156620758115446,0.0010396999068142789
253,6.5401920062933e-05,0.03363226040062203,0.9659637119222334,6.066675870383454e-05,0.00027795899837766746
254,0.00039055827657295827,0.06858020234829373,0.9300560320700898,0.0001515580027111523,0.0008216493023325287
255,0.00041148298497139385,0.10228264923983904,0.8960688106759358,0.00015363712550897797,0.001083419973744616
256,0.0012628701034450647,0.292763272065222,0.70414231555089,0.00018138186880278502,0.0016501604116402387
257,0.00019528592804283804,0.07410214061088374,0.9247749676970234,7.311342684758536e-05,0.0008544923372024077
258,0.0030644936030375576,0.4118744907029712,0.5824119582158027,0.00023303809265195886,0.0024160193855364874
259,0.00020069131808252413,0.03161041273519255,0.9666672903961422,3.283464602535763e-05,0.0014887709045573406
260,0.0010764730935355802,0.08860590467916019,0.9073045100358754,0.00013408272420235707,0.002879029467226604
261,0.007511479915688896,0.451738526870803,0.5233393555619312,0.0008851176601552685,0.01652551999142159
262,0.0008577224506944184,0.20791896589155,0.788928432156758,9.46997649443871e-05,0.002200179736053009
263,0.000735533314359764,0.27212508764027626,0.7255023647643306,9.973892591633103e-05,0.001537275355117051
264,0.0004821048288679759,0.2628383443234236,0.7352143054530808,7.949812944082284e-05,0.001385747265186914
265,0.00039648330997639686,0.1814157120755767,0.8168295303504421,0.0001238885415976614,0.0012343857224071518
266,0.0001556341090100578,0.0609719125464575,0.9383428634088984,3.854377370748666e-05,0.0004910461619265498
267,0.00044471017881489845,0.18389938590738658,0.814903887749222,0.00011856096080027043,0.00063345520377635
268,0.00014248924204722881,0.0547362199534171,0.9445160430814489,9.458949038829178e-05,0.0005106582326982827
269,7.961781630480729e-05,0.04071023128194919,0.9585686445159988,5.7844433623093904e-05,0.0005836619521240564
270,0.0004108865571782874,0.2390332325424193,0.7592002158751245,0.0002470877483626191,0.001108577276915366
271,7.421134998001243e-05,0.09223096753563673,0.9069932596976016,9.311154311483079e-05,0.0006084498736668683
272,0.00012887037906328212,0.09065087172076443,0.9085988637465764,6.521178791951503e-05,0.0005561823656764858
273,7.727860907779612e-05,0.06851080972397101,0.9309362481102598,5.3351654950727886e-05,0.00042231190174082917
274,7.837012636459661e-05,0.02955915262759208,0.9699560817358888,2.9709989383429164e-05,0.000376685520771255
275,0.00017958469338486238,0.035601664335267326,0.9637205074672276,3.415560379539907e-05,0.0004640879003249879
276,0.000754732016458818,0.06765722148424337,0.9306067986049623,4.0044404744306726e-05,0.0009412034895912476
277,0.00017904235129632105,0.0304590673641419,0.9684485348941615,2.6127293865802964e-05,0.0008872280965343359
278,0.00027217507749990974,0.0714538224042009,0.9266851244506538,9.545576611760775e-05,0.0014934223015278482
279,0.0031689852107466177,0.10723639903615582,0.8844251118670812,0.0009660239625006955,0.004203479923515445
280,0.0009948436749474174,0.22192506517833038,0.7743654959771171,0.0005462862426146737,0.002168308926990447
281,0.0005052466570225982,0.09497550280022145,0.9025355054356954,0.0002784508921160312,0.0017052942149446107
282,0.0028594062943126403,0.6191847796621014,0.37560662538023964,0.00048472635340387365,0.0018644623099424644
283,0.0034179143925418816,0.7002652000226263,0.291082880044676,0.0008519933924772655,0.004382012147678525
284,0.003179700105699982,0.7683496611272402,0.22483422578165668,0.0004471190235222847,0.003189293961880781
285,0.0018725555194361522,0.7887869964375724,0.20833063437581806,0.0002852245541001266,0.0007245891130732158
286,0.0014266571230246113,0.6834914226721808,0.3135261387796253,0.0004477191143388215,0.0011080623108304915
287,0.0007230892309598344,0.5567525578933685,0.4411438938974936,0.0002512737704786578,0.0011291852076993254
288,0.00142483440284902,0.43925666817365655,0.557992630719971,0.00018898651358871044,0.001136880189934846
289,0.0006002550296653069,0.4748573738445218,0.5231027615110216,0.00012591537958602436,0.0013136942352051009
290,0.00020238359306970152,0.11793330837224122,0.8814094826391763,3.728102813516168e-05,0.0004175443673777109
291,0.00027813461589267153,0.1143896448915572,0.8846624517751102,5.290390681637514e-05,0.0006168648106236375
292,0.00036834444715346074,0.17723260406297228,0.8214914024100811,7.454795112017745e-05,0.0008331011286731356
293,0.00019380287811061907,0.1289190673507599,0.8703641523832276,3.3177419215834136e-05,0.0004897999686861348
294,0.00011021794937147594,0.037447277970960424,0.9619945624705162,2.6519123936121875e-05,0.00042142248521580077
295,0.0002112519469696142,0.07201138899819215,0.926882960558951,4.8163689802157797e-05,0.0008462348060850667
296,0.00046757906595664165,0.18378244806667393,0.8148089574739034,6.289213235206027e-05,0.0008781232611141753
297,0.00019362476963270556,0.031477206452305,0.9678851658675318,3.4066402432899906e-05,0.0004099365080975606
298,0.0002944200771829889,0.09025416204947265,0.9088141435392133,3.285884850977646e-05,0.0006044154856209934
299,0.00012752677145327597,0.044701540483765775,0.9547474391494201,1.614969950131011e-05,0.0004073438958596438
300,0.00013185500891507308,0.03206212324436119,0.9668999592342462,3.5230780838095035e-05,0.0008708317316393073
301,0.000346964252505732,0.08115985297941353,0.9175849796779298,3.831009662473848e-05,0.0008698929935262745
302,0.00012990337277079685,0.04490114672812254,0.9543378714707451,2.7466097521079487e-05,0.0006036123308405256
303,0.00011618165540729245,0.05468917715646187,0.9445602871092773,2.8914562179750063e-05,0.0006054395166737823
304,0.00015037003671656754,0.04195545839355192,0.9574209660864542,2.0984334581885087e-05,0.0004522211486955209
305,3.7090212454320526e-05,0.013343866610158697,0.986356239199025,7.102388327574248e-06,0.0002557015900342937
306,0.00011492061212789601,0.04706814757250222,0.9524731644435664,1.8316624856584246e-05,0.0003254507469469511
307,6.865817147479643e-05,0.020910784527106995,0.9786940935882811,1.0356642893258949e-05,0.000316107070243793
308,0.00011293880646930094,0.05261529804983654,0.9468322052654042,2.9666740949013333e-05,0.00040989113734077223
309,0.00012370075540583944,0.04945678305425421,0.9497670171193314,2.8903051067089828e-05,0.0006235960199413862
310,0.00012644332696054876,0.023823055458016777,0.9755464412078997,2.7165698499313513e-05,0.0004768943086236918
311,0.00011767453890121396,0.028024579260681016,0.9712460452039178,1.9031010331803594e-05,0.0005926699861680881
312,0.00021313740130715986,0.05589678710166687,0.9426124376059715,5.643275593659318e-05,0.0012212051351179513
313,7.362025117817332e-05,0.029388935642828993,0.9701149438938331,3.946418873433481e-05,0.00038303602342531975
314,0.00023443871607272331,0.09048584757653627,0.9085813094248397,5.10696477699633e-05,0.0006473346347814354
315,0.00011110087270042666,0.02521749744661205,0.9741545369588022,3.449349511231683e-05,0.00048237122677311254
316,0.0002853831520281142,0.06040074443408759,0.9385528039619631,3.835580188804758e-05,0.0007227126500333326
317,0.00019290857955900023,0.049424252638471194,0.9499187869476146,2.551189863290927e-05,0.0004385399357223929
318,0.00010467974646468453,0.04410595392921552,0.9554009859902877,2.9739972312637476e-05,0.00035864036171966217
319,7.757390543440002e-05,0.036176016145362824,0.9634012637272915,1.906253376567617e-05,0.00032608368814556084
320,0.00024606175820914624,0.09676914347155542,0.9023705481319941,5.0528987502741276e-05,0.0005637176507385704
321,0.00028086826482236774,0.08488818593843724,0.9140584595715461,4.770529369013205e-05,0.0007247809315041971
322,0.0001308325402320435,0.02797172196865085,0.9714862152862738,1.3894119757454858e-05,0.00039733608508596744
323,0.0002023986331502355,0.07193556617983456,0.9272673383908199,3.2729202679402597e-05,0.0005619675935158131
324,0.0004746136549469524,0.07260619663644428,0.926069821689623,3.455307439588023e-05,0.0008148149445899081
325,0.00012415166215621996,0.02601328519286735,0.9734589937214139,1.1650775875750043e-05,0.0003919186476867646
326,0.00012035327900215106,0.05012342772223714,0.9494531751839812,1.9664447149430367e-05,0.0002833793676300412
327,0.00023729872426550024,0.052373136931860215,0.9468457063830343,2.823991072677064e-05,0.0005156180501132236
328,0.00019070572190612217,0.05387554274296419,0.9450130189863193,0.00017461691419203546,0.0007461156346181877
329,0.00029935071017993535,0.091059747730574,0.9074865387733652,0.00019877844507274373,0.0009555843408082825
330,0.0006656052608334748,0.11516441155835865,0.8815986231002667,0.0005063205899426423,0.0020650394905984215
331,0.011516876853761975,0.3134987894878386,0.5974400675525662,0.0033135589756760164,0.07423070713015724
332,0.03522660295859097,0.6197181218033139,0.31454795024120474,0.012886196614439583,0.01762112838245059
333,0.022752725620382705,0.5269335918070739,0.4234628696890039,0.014876815344686727,0.011973997538852749
334,0.11520425609297592,0.7776716500206758,0.07075031388772063,0.023446282389943677,0.012927497608683995
335,0.05572871981676662,0.8608822372650532,0.030332028057665533,0.036673275028009975,0.016383739832504768
336,0.04257126824876316,0.7143981493760356,0.01835075150366502,0.21120424968650703,0.01347558118502922
337,0.023263437691346405,0.6619332843641975,0.0888324676297033,0.21280223555186686,0.013168574762886008
338,0.03827714845238672,0.5154062590781416,0.007089800495869469,0.4267052613509459,0.012521530622656391
339,0.011774644175366285,0.8641418016005149,0.04257963845240828,0.07631677493957428,0.005187140832136225
340,0.03347999432464783,0.40140236248319927,0.0007939934059131604,0.5485960043002097,0.015727645486029954
341,0.03836719609979642,0.6255472259799758,0.0017851672964378283,0.2945921148171295,0.03970829580666035
342,0.038138970973458676,0.12262953766966228,0.0001665503804437141,0.7011942366587967,0.13787070431763873
343,0.06531659859316578,0.3294522451270934,0.000564809018030967,0.5221655561065388,0.08250079115517109
344,0.06995028857789888,0.0679898287525995,0.00015329794680549476,0.8120414473071705,0.04986513741552564
345,0.03659133751828805,0.054033076059747304,0.0008136488937424157,0.89095289475166,0.01760904277656223
346,0.031968736339717106,0.013683115451576055,0.00020460289485505246,0.9093149561063115,0.04482858920754045
347,0.019481682597934633,0.06920818699708622,0.00025289544540768073,0.8987152333571985,0.012342001602373032
348,0.02954999415237311,0.017120059455236338,0.00033960615520543217,0.9334517232195214,0.019538617017663795
349,0.02728675750790537,0.011954576733457284,0.0002855192223543461,0.9356411911885648,0.02483195534771837
350,0.026912279036507725,0.002869245658937657,0.00026956990619260896,0.8886073448149264,0.08134156058343554
351,0.018272369083875292,0.003575816784569392,0.00011405761034064137,0.9443905102316626,0.03364724628955186
352,0.013323621904686184,0.005681277951880697,0.00011966753747684399,0.968928029028539,0.011947403577417432
353,0.030541422113609606,0.01624534560209125,0.00014212560905958271,0.9220554104325714,0.031015696242668096
354,0.043479184402531845,0.003292578396131818,0.00034656003456462177,0.7609600069415863,0.19192167022518555
355,0.014441136038786224,0.007118805627683589,0.0001225998445155254,0.9631334352337281,0.015184023255286557
356,0.013075685344607168,0.008153333964083681,0.00011855143775137436,0.9337960435328273,0.044856385720730335
357,0.02064244856779061,0.00907693571297161,7.981692523985488e-05,0.9422107800677851,0.02799001872621282
358,0.03491249157260208,0.014841591458918602,6.292653989016071e-05,0.8113090902206986,0.1388739002078905
359,0.0242077601028288,0.02486696740431866,1.9693774166692523e-05,0.9331666583068509,0.017738920411834894
360,0.02495149613694598,0.01014801380943138,9.243902428985423e-05,0.9153693127138985,0.04943873831543435
361,0.02091033781464689,0.019590939031496116,0.00018910923828033244,0.9289962686472635,0.030313345268313016
362,0.05221811259337615,0.030273331550700434,0.00017354606014327408,0.8607384026570223,0.05659660713875776
363,0.03874230302931403,0.03009975762400335,0.0002640104847966602,0.9085830447660014,0.02231088409588462
364,0.06027959035639537,0.08181852628864691,0.0004213288332815897,0.8250776374169083,0.032402917104767885
365,0.08299447430992694,0.14085178502961795,0.0018200718510036904,0.721349597046934,0.05298407176251754
366,0.11623127679475836,0.1107838947500981,0.004673284532940291,0.4663668180271575,0.3019447258950457
367,0.2104940545215548,0.16151354322026462,0.0004080839240924521,0.6008780502070898,0.026706268126998178
368,0.13431341312246747,0.6546404504265794,0.0013428236362264803,0.18085656642359788,0.02884674639112886
369,0.10641594764047697,0.8442106707118165,0.004614655868857715,0.031711194840934605,0.013047530937914118
370,0.08376598788082766,0.8932435219848535,0.0025967488721570504,0.011435293374589171,0.008958447887572591
371,0.011312812736219298,0.938045388452327,0.035538173957518016,0.009283581972617201,0.005820042881318384
372,0.04840311747380796,0.9081805346102824,0.025816880584633595,0.00851896386344175,0.009080503467834206
373,0.018658652334013478,0.9260839096524192,0.050823506539724735,0.001001764518205375,0.0034321669556374485
