epoch,N1,N2,N3,R,W
0,0.0015449397943307962,7.394474340106053e-05,1.9315634675235866e-05,0.002297959569325272,0.9960638402582676
1,0.000956651022531897,6.774196038186263e-05,1.8197489716849147e-05,0.0009947161912190554,0.9979626933361504
2,0.0011274998196862428,5.128641187156674e-05,3.208436310938545e-05,0.0006913681787932684,0.9980977612265396
3,0.0012026732700787556,8.996358562348817e-05,1.9877944497258696e-05,0.0017118625532326012,0.996975622646568
4,0.0017169381936839817,0.00016008417295864722,6.094123768306164e-06,0.00027129779632159773,0.9978455857132674
5,0.0026980454887327813,0.00012147461880953432,1.1057829214727757e-06,0.00015560304429953472,0.9970237710652367
6,0.0056149554824465545,0.0005413743982308213,3.250844196709184e-06,0.0003932901539069304,0.9934471291212189
7,0.0029966255357162584,0.0008271732226578681,8.346573726037069e-05,0.00038245668929914834,0.9957102788150662
8,0.04972275318991936,0.001774110865105043,1.3214044131069222e-05,0.0007836617283244693,0.94770626017252
9,0.4250695592332104,0.0023710633155822917,2.0112589501768614e-05,0.0004451312255797749,0.5720941336361257
10,0.602538447372754,0.010333299042730023,8.23643466080476e-05,0.0009025700282048173,0.3861433192097032
11,0.33298926846080545,0.013198728134690802,8.92406445245937e-05,0.0017829156787357396,0.6519398470812434
12,0.056802033153638465,0.09578217308557663,0.02983232765548187,0.0007958082834070683,0.8167876578218959
13,7.729717429905565e-05,3.684706459072219e-05,3.6013598622636245e-05,9.904204353217523e-06,0.9998399379581343
14,0.0018676521223999153,0.000176692863964254,7.136479287526367e-05,7.351793146618056e-05,0.9978107722892944
15,0.43369704644347434,0.011690291086058206,9.948888025643656e-05,0.0004944474789761069,0.554018726111235
16,0.8422458692152078,0.013004943111133016,0.00010258137316797009,0.0002565252936173389,0.14439008100687367
17,0.5999302326563248,0.11898640912974787,0.0006741433879411323,0.0005442629985964063,0.27986495182738963
18,0.2938297299553676,0.2193074958207325,0.0030411939887222826,0.0016735389790008821,0.4821480412561766
19,0.08547107661963867,0.478888964122427,0.011682640003740237,0.0007052268498254728,0.4232520924043687
20,0.3892152778940907,0.1760827003515024,0.0006944805333847995,0.014123906489225095,0.41988363473179696
21,0.17607271416755377,0.6811972526853308,0.04246622015094726,0.001993163672393,0.09827064932377519
22,0.0991691847891937,0.04990566286238516,0.0011953662406448766,0.0010246545403714703,0.8487051315674048
23,0.1758156461912235,0.624310961429267,0.008656835663815468,0.003817679108442264,0.18739887760725182
24,0.25537404046284296,0.2582856735007164,0.0011258874479579246,0.004707694916080292,0.48050670367240245
25,0.2019026208182367,0.4495627921103723,0.027517268153734287,0.0013653131168594734,0.3196520058007972
26,0.09931376934939697,0.25108912063224903,0.004407445243532067,0.002700260066793849,0.6424894047080282
27,0.17428281643496923,0.7337775702459819,0.013907561151568886,0.004824915502910823,0.07320713666456927
28,0.06062450219350961,0.6308136277208387,0.21034680503195155,0.0014243090899730925,0.09679075596372712
29,0.28493785889488743,0.6093892212470047,0.004518832724322424,0.007315995915128932,0.09383809121865656
30,0.03778650927011983,0.816027385392172,0.12094587619233572,0.000830971744058511,0.024409257401313823
31,0.16776971614516456,0.18820750543993098,0.000434040828607037,0.001297327463258573,0.6422914101230388
32,0.09439604018582623,0.7065815447902745,0.17567574617399254,0.0003078662569738907,0.023038802592932874
33,0.1387684192599476,0.5325794287264172,0.05323637037331449,0.0007297551519007961,0.27468602648842
34,0.24905479783250561,0.7049190568365057,0.009855197185355942,0.0008564160451189621,0.035314532100513815
35,0.04880630231248159,0.8661772735000144,0.07578407020836918,0.00031124137843969876,0.008921112600695148
36,0.05900936800574697,0.708103040090486,0.22172065345054714,0.00026912801232457435,0.010897810440895384
37,0.014586752961801015,0.5000515449555962,0.479574251385365,0.0005742379919819201,0.0052132127052559925
38,0.006169593631829108,0.4817737564985754,0.5071524161742018,0.00035375771966682256,0.004550475975727014
39,0.09080604020750342,0.7074541262440597,0.07315850281355517,0.0013821162913391569,0.12719921444354246
40,0.017237377795323878,0.7338867696789815,0.24201595833591122,0.0007220286389833748,0.006137865550800095
41,0.05577170986263843,0.5854158738890005,0.27832197421940785,0.0004935995798308381,0.0799968424491224
42,0.03238139686584332,0.7328614278493569,0.22096557812409412,0.00031382576499818134,0.01347777139570756
43,0.09869859089385129,0.5661372873101121,0.12769563766516726,0.0007895809101685958,0.20667890322070076
44,0.43037435847553446,0.5184900490338699,0.005978605096505346,0.0018720697003900499,0.043284917693700145
45,0.020330074579379166,0.7144839190989558,0.25207955782473884,0.00037317269414057896,0.012733275802785418
46,0.3499723814912501,0.556382676201611,0.006934739347329501,0.0014795389043986745,0.08523066405541097
47,0.025758212922977353,0.8234191858122942,0.14480353298809318,0.00020744126462220075,0.005811627012012968
48,0.02165247185379031,0.8384822746096027,0.13272451961158027,0.000700485834206398,0.0064402480908204275
49,0.020852172009452326,0.7305951226924248,0.24367822997952873,0.0002626685232046663,0.004611806795389315
50,0.025765309706924568,0.6054948343944856,0.3560485369203654,0.0006074713042537126,0.012083847673970667
51,0.018984502677309566,0.7378455742662298,0.23657263968318903,0.0009713633006923951,0.005625920072579344
52,0.02823571504128547,0.7816738980612107,0.18390381350377452,0.0007597476723303498,0.005426825721398875
53,0.10390143412009131,0.7111227773579574,0.16780474832807027,0.001293528741660541,0.015877511452220657
54,0.0046796639196612895,0.3453299605273021,0.6459199863399158,0.0001238895466405392,0.003946499666480426
55,0.04321173925725315,0.8496188456930159,0.10222960294816436,0.0003712464838464873,0.004568565617719979
56,0.00786467703443975,0.5230274296576838,0.46544697195545365,0.00021905017783715094,0.003441871174585637
57,0.005879744063057049,0.5766935942808692,0.41285685005498274,0.00040542259630192825,0.004164389004789079
58,0.0032081767055472947,0.4286058842479012,0.5624826578972495,0.0003763904640969044,0.005326890685205175
59,0.025791832105022016,0.82364906403128,0.14007720093019962,0.0008351042831890266,0.009646798650309246
60,0.028093644614845793,0.6586177767983368,0.29937316395624847,0.0007959684142296148,0.013119446216339415
61,0.004082222477887473,0.25911875482794094,0.7275215140987865,0.0002551446718978334,0.009022363923487119
62,0.009000892393761171,0.47639964094692216,0.4902810429997237,0.0009156662378982,0.02340275742169482
63,0.013841468691646189,0.22987006516144778,0.7293095179983591,0.0009391579542154128,0.026039790194331492
64,0.01253009519385399,0.021162023654976762,0.003364343406462509,0.0008485045423864579,0.9620950332023203
65,0.4088784114878429,0.22978826272877112,0.0009826799133643607,0.02811575464993586,0.33223489122008576
66,0.21481439838769148,0.27273836914405625,0.005928561886579773,0.0019284260927769942,0.5045902444888956
67,0.5855747342361004,0.17317950487144027,0.0007423560791074416,0.0004979017429441139,0.2400055030704078
68,0.07166014370711299,0.8178339254539516,0.03370399704162807,0.003840938102581336,0.07296099569472592
69,0.14434653626011407,0.08082991388718457,8.217217742833124e-05,0.005014895176486877,0.7697264824987862
70,0.314592022734777,0.517305263971798,0.0022326540563642264,0.05844230837391426,0.1074277508631465
71,0.28706127275274773,0.14576641218178207,0.0006142377890910988,0.012107374104283131,0.554450703172096
72,0.7153238828896047,0.11541091135482094,0.00031796742537604396,0.025508460007197538,0.14343877832300075
73,0.15287306803903797,0.5772084788635083,0.008207020625129138,0.007080339777113653,0.25463109269521095
74,0.12225340229510949,0.015799842060439297,6.846793485563013e-05,0.0053947698139704126,0.856483517895625
75,0.00675642735324004,0.0010784791943818084,0.00012671302089154197,0.00041017612797312076,0.9916282043035135
76,0.14572987984779492,0.0062232779142417,7.625361326291573e-05,0.00586122864970677,0.8421093599749937
77,0.515119396387561,0.006509388382922771,3.302866601687954e-05,0.002616634890908603,0.4757215516725907
78,0.34242420476391694,0.08945173334933815,0.00036636946122893733,0.0027016250308253354,0.5650560673946906
79,0.43977621360054914,0.26751890891310554,0.00011893970236576136,0.028597565483060177,0.26398837230091954
80,0.10360055513028008,0.8178668155418222,0.0030514867098359348,0.00958086935750167,0.06590027326056014
81,0.19447974733045034,0.10172674507736626,0.00034635539806511794,0.02246368278071561,0.6809834694134027
82,0.08654337346655532,0.8398185883071221,0.005055829218236664,0.0019375322302890561,0.066644676777797
83,0.1550141735243345,0.2663732932474629,0.002450200375492521,0.01043399629509423,0.5657283365576158
84,0.5424475303205195,0.2005333472444683,0.0003608251754462384,0.022378335431120697,0.23427996182844532
85,0.02447782693366212,0.9138479234434292,0.03023044987465006,0.0009337536778298877,0.030510046070428697
86,0.14502164804511442,0.39694792758387226,0.0043771655073592455,0.003618417979722974,0.450034840883931
87,0.4877046678486457,0.37422722309777834,0.00044564866644532697,0.01155802282549382,0.12606443756163677
88,0.06518933227593235,0.7768140637836839,0.015666164674175552,0.0005638004608879023,0.1417666388053204
89,0.4444956369640753,0.3622393252467567,0.00034952099852388676,0.00091108136310375,0.19200443542754034
90,0.08172928778139874,0.87381299682688,0.0226052361518876,0.00025095231158292513,0.021601526928250656
91,0.08148912279689133,0.8615743137507184,0.01665429001900917,0.0008375807058624068,0.03944469272751881
92,0.11594328862951371,0.4134467167065864,0.054793955328748,0.0014744232721580262,0.4143416160629939
93,0.2692127347826402,0.2617327077576975,0.012040910900175374,0.007701499533887991,0.4493121470255989
94,0.2213222082955747,0.5309587024896997,0.025937635031478716,0.005715378266473394,0.21606607591677354
95,0.12047481693910089,0.6833420842026898,0.08263178412518565,0.006270182477893637,0.10728113225512999
96,0.11221939809274152,0.7668850794543358,0.02408764053317061,0.0022399974195963382,0.09456788450015564
97,0.02494484860399604,0.9348955121516341,0.030633098036982415,0.0012320151593634393,0.008294526048023946
98,0.019115962529900006,0.8935472240000581,0.08198046884503724,0.0006012950461190278,0.004755049578885574
99,0.02154446636142147,0.9192015641417377,0.05355166842602868,0.001137288974302274,0.004565012096509693
100,0.008748682352263004,0.8884843543722389,0.09936190257370674,0.0003640330554778098,0.003041027646313664
101,0.006294444960641397,0.881186395252547,0.1101179238579194,0.00022863969906438075,0.002172596229827621
102,0.007849879827748108,0.7557995946914747,0.2338835893165194,0.00024523584868251804,0.0022217003155753446
103,0.0067205521278951115,0.597965021109696,0.39196276550496945,0.00015686603293332122,0.0031947952245062563
104,0.006167170501269558,0.2683986573301492,0.7222413908978615,0.00027419949745890543,0.0029185817732607557
105,0.020070580057722307,0.5095547320471527,0.46475006962232207,0.0006915822994687138,0.0049330359733340485
106,0.013723315463309729,0.36128214053564955,0.6183995502662993,0.0014947946243459207,0.0051001991103954555
107,0.013222986896677684,0.22943228923647851,0.7500773838045898,0.0019153271977735877,0.0053520128644803005
108,0.0900057784300558,0.4316403008894829,0.44921078013905813,0.0017695545562183169,0.027373585985184946
109,0.056710686360500785,0.7987288374789935,0.1311526806140878,0.003435865185161762,0.009971930361256157
110,0.023336349429659134,0.7984430547453977,0.1648827793088417,0.0017175101122874183,0.011620306403813844
111,0.19359054486990385,0.4826545951751031,0.012034568556650447,0.0018431825135920552,0.3098771088847504
112,0.041735728299898224,0.9170883177616097,0.024582827201309405,0.0015867476878691751,0.015006379049313574
113,0.041994562742839386,0.9310803382445749,0.017960062946744095,0.0007891439735901568,0.00817589209225146
114,0.06188485738348826,0.7809571159694693,0.14885651803153702,0.0009127695169301017,0.007388739098575172
115,0.08384393283264056,0.8486142252751641,0.03796685336078175,0.002186933042405625,0.027388055489008162
116,0.06746643188645075,0.8939065790662876,0.02720210087278061,0.004248404802910645,0.007176483371570376
117,0.06900611993609072,0.9061900311875526,0.016205728487772325,0.0034024735297995606,0.0051956468587848964
118,0.10177736259643089,0.8688508008407543,0.01666578888480843,0.0013880739495887447,0.01131797372841779
119,0.03373324814570507,0.9182794723240812,0.04349931648815195,0.001705188022990543,0.002782775019071033
120,0.006816539843822834,0.7736271745991621,0.21718451765814595,0.000990786102808424,0.0013809817960608042
121,0.005437400719366045,0.6978551409509103,0.2933692533169987,0.0011973153187189935,0.0021408896940059052
122,0.013445613468385015,0.8792763044107732,0.1010069003341949,0.002136541788513785,0.004134639998133069
123,0.007733724326087752,0.7696365200487426,0.21852369625803195,0.002086758434821927,0.002019300932315865
124,0.008760920740409905,0.7709633722127347,0.21748353970675555,0.0005159182404482899,0.0022762490996514843
125,0.0067583032967950965,0.5103537464236619,0.48025140386922854,0.0002710414699521408,0.002365504940362228
126,0.004274707736918724,0.16708300343159954,0.8269929050365706,0.00011722972803295376,0.0015321540668782163
127,0.002286452793124459,0.22828682715948542,0.767996209430287,8.788885989062262e-05,0.001342621757212388
128,0.0008875916240114281,0.1044098133576542,0.89372622033913,8.362853634767459e-05,0.0008927461428567974
129,0.0009522170600584635,0.11135905914734238,0.8862513087544446,5.5835567428592065e-05,0.0013815794707257999
130,0.005430315942399625,0.1212636703007815,0.8697617116142635,0.00010675347676235702,0.0034375486657929016
131,0.04251430580486031,0.8351646095555054,0.09490700158689896,0.0015113664901685784,0.025902716562566774
132,0.002744163788143406,0.5774399760715054,0.40228071631889994,0.00010949228858419922,0.017425651532866994
133,0.00197948237648078,0.21653289205868112,0.7497262665897764,6.087460523940364e-05,0.03170048436982227
134,0.0029579482003402715,0.16839474344128824,0.7589787215366,0.00011408369206950493,0.06955450312970202
135,0.0017999273805651638,0.020268226853948024,0.01678309725229066,0.000112635944258229,0.961036112568938
136,0.015239483507083611,0.07639122023802679,0.013727319568930656,0.001345834897435804,0.8932961417885231
137,0.003652390386933826,0.1532171818275553,0.482320409187043,0.0007519787662719903,0.3600580398321958
138,0.004940754037642649,0.35690560957861206,0.391261270634612,0.0004022592772345765,0.24649010647189884
139,0.005223676659758789,0.3328098195731255,0.456239233232172,0.0006890557485504577,0.2050382147863934
140,0.0046537100435983065,0.21738729316360628,0.7474696560259853,0.0012938846962347688,0.02919545607057541
141,0.09711555671248402,0.7998352660044082,0.03047585675063285,0.037368092656405734,0.0352052278760691
142,0.08169105576641732,0.7977665660673794,0.034099857218986805,0.017676811013969108,0.06876570993324739
143,0.22041340459619474,0.5815619162506129,0.0064987250737059705,0.11376937574849841,0.0777565783309879
144,0.3817556647388913,0.11019042282574969,0.0009394184651772005,0.26236716982027725,0.24474732414990463
145,0.0655497579502528,0.03296292884109865,0.00020471588720772792,0.8737193937353473,0.02756320358609342
146,0.06291082117722277,0.009833483221560892,1.2525120245822547e-05,0.8703609303951554,0.056882240085815126
147,0.12077194181923438,0.010124392355109832,4.5341338436878814e-05,0.7686689436186451,0.10038938086857374
148,0.1071981928926114,0.025906224596050076,3.078645701845964e-05,0.8401941789680866,0.02667061708623362
149,0.177167595593448,0.03292650377666821,4.822255353291471e-05,0.7315474240994256,0.058310253976925144
150,0.09544839810046991,0.013205170855005657,1.626864051486132e-05,0.8212422724198241,0.07008788998418558
151,0.07891722191017073,0.022487867142916413,2.4422085087838506e-05,0.7504313353527702,0.14813915350905488
152,0.07726266480343306,0.013910373750057619,1.3123300020694943e-05,0.8525840308234556,0.05622980732303302
153,0.11309585702986615,0.014427713323278251,2.5458639347304214e-05,0.7821043849883934,0.09034658601911492
154,0.08514622968229324,0.010595566911660914,3.93673083358017e-05,0.841225594974738,0.06299324112297196
155,0.18231100590759955,0.015548493872462297,4.294950627727937e-05,0.6527596112824724,0.14933793943118862
156,0.08620602834861708,0.00723234298849379,2.5875512253919975e-05,0.8089741723143878,0.09756158083624733
157,0.056460809739171745,0.005972300966284821,2.4881452755181204e-05,0.8497856842865357,0.08775632355525256
158,0.04184592373638002,0.006201746180220851,1.0739569000879542e-05,0.9009279847882983,0.05101360572609982
159,0.0687526265614728,0.010548794676711954,1.417336491963596e-05,0.8114612591723975,0.10922314622449801
160,0.10423967018964433,0.02012890416561128,3.480423753369307e-05,0.8062537441878663,0.06934287721934432
161,0.056083640340982774,0.010533747943561149,1.0235274392273844e-05,0.859075862454009,0.07429651398705481
162,0.0580866588738828,0.007117892617191538,1.5651776204993597e-05,0.8145800384019581,0.12019975833076248
163,0.06101448537604357,0.015147420556077654,1.7739447758527982e-05,0.8003230107766695,0.1234973438434507
164,0.19270270565372388,0.0237190909994626,0.0001172740597174435,0.5655861390760475,0.21787479021104852
165,0.08449234498079786,0.0054391754041139525,1.2047452363862972e-05,0.8618047069228227,0.04825172523990161
166,0.06271488243643215,0.005039291567451555,1.7459968954488775e-05,0.8590645709462933,0.07316379508086852
167,0.09082029900142503,0.008081098891116328,2.8475893547314103e-05,0.7984909159744553,0.10257921023945603
168,0.12580411246138493,0.00810378384969432,2.4366743580641667e-05,0.429587315258288,0.43648042168705214
169,0.22454350310439683,0.010338893256570485,3.110442122035583e-05,0.5363847885050728,0.2287017107127396
170,0.38729899158302866,0.013091955323961336,3.832369293562319e-05,0.36765219881441236,0.23191853058566197
171,0.4309930768273862,0.014845344715874061,4.1295963624753095e-05,0.4257424645492956,0.12837781794381933
172,0.41495676012864857,0.013770358680368612,0.0001925450641988192,0.3216608613258217,0.2494194748009622
173,0.10296779566579005,0.00748624736682227,8.942448219597567e-05,0.7532600686340927,0.13619646385109896
174,0.07469173409271862,0.007597706087945384,0.00010728484082018045,0.7459730688316409,0.17163020614687477
175,0.028995800228013596,0.0021451101705248147,4.148054326863644e-05,0.8649375731609807,0.10388003589721216
176,0.08549952631871588,0.009374761845259004,0.00024954647998252916,0.33040877161432974,0.5744673937417129
177,0.038269097915947285,0.007422269014408437,4.6616052269949066e-05,0.6643763406972859,0.2898856763200884
178,0.06089914613143496,0.004990706025295579,1.5209935422548316e-05,0.6548937410142323,0.27920119689361467
179,0.09332793524467793,0.00514792255238058,4.409505299518908e-06,0.6287393739600874,0.27278035873755463
180,0.34639105900909645,0.006358741519706334,3.3417121163925846e-05,0.534207218017389,0.11300956433264434
181,0.03499692438667257,0.003088446113473892,1.814531985539897e-05,0.034464537203352394,0.9274319469766458
182,0.581079814375257,0.006996121427803969,5.114822697425222e-05,0.20014179255867953,0.21173112341128533
183,0.2727840201575621,0.00622284583580478,9.990986348949298e-05,0.40084979178667823,0.32004343235646543
184,0.1545675524640641,0.007960584339305996,9.207373793254737e-05,0.6040783426801707,0.2333014467785267
185,0.03830970341420452,0.003719515495187307,1.5160650992513956e-05,0.8902133064369951,0.0677423140026206
186,0.054037206878759056,0.0025658022826138965,1.3777409794570021e-05,0.8749638494716871,0.06841936395714529
187,0.02947044997955611,0.003920553988318951,4.031454625886971e-06,0.5119341426241018,0.4546708219533973
188,0.21506869388113517,0.0053175574369685496,9.61052771541477e-06,0.21806175890443807,0.5615423792497428
189,0.4334686819512293,0.006342303788237841,6.940394255508562e-05,0.11905503876344846,0.44106457155452944
190,0.4653938336661026,0.0032197831398539704,6.781207211938048e-05,0.08642991055503496,0.4448886605668891
191,0.37926864162842006,0.005398580364452925,0.00016142592705228542,0.298234909314955,0.3169364427651198
192,0.0649117419542826,0.005959470635330221,9.173312611385014e-05,0.6809298798457821,0.24810717443849115
193,0.019682474333410357,0.0030029983952025684,4.893956907233344e-05,0.1914872430861477,0.785778344616167
194,0.1921171207028947,0.006106519115269764,0.0001948591229887052,0.49941800705255446,0.3021634940062923
195,0.07086682053079989,0.001182428572562706,6.716852422451784e-05,0.1270213242462681,0.8008622581261449
196,0.19147834851389323,0.0036213332405363417,0.0001274004427035296,0.2900473849199432,0.5147255328829238
197,0.00982773746267307,0.0018233323820630656,4.433338635170634e-05,0.1542534804930797,0.8340511162758325
198,0.08013826968464861,0.0031167089906787007,9.640805809011992e-05,0.39720127338933403,0.5194473398772484
199,0.05421049594613157,0.0024118916786083815,4.248413884685088e-05,0.7237984637985083,0.21953666443790484
200,0.07793436039800351,0.0014639784004589014,4.949811313341633e-05,0.7523260041932401,0.16822615889516404
201,0.09898914162973749,0.003357815640527949,3.5594000052481835e-05,0.8237052738506966,0.0739121748789854
202,0.053356309773598926,0.002941491654572968,1.3105160292379299e-05,0.9108926515973276,0.03279644181420814
203,0.09971344614625915,0.003639759279153291,2.1575118078812416e-05,0.8000610063782622,0.09656421307824653
204,0.05958972720028172,0.005480764081844349,1.054765615252508e-05,0.8852528523023687,0.049666108759352554
205,0.03688101298746056,0.003421738072695139,1.5166470530065737e-05,0.8441904202552929,0.11549166221402139
206,0.08484602247776962,0.0015359211817084024,3.242298502861189e-05,0.8127161364177181,0.10086949693777536
207,0.10336424440380336,0.002585542251304319,0.0001279698765346324,0.6219628930230562,0.27195935044530145
208,0.010985207313565221,0.0005476412564760234,1.8053283257442307e-05,0.04381164968268657,0.9446374484640148
209,0.14946887231122497,0.0008467768179833523,1.4467259586621332e-05,0.03721686229139333,0.8124530213198117
210,0.2644536314945958,0.0007368584953674125,1.9552031728267788e-05,0.034671081920095534,0.700118876058213
211,0.5166294785318826,0.002884545490143315,9.775109609608347e-06,0.06997322087814033,0.41050297999022417
212,0.007304524246546695,0.0004397373703083872,2.9851515135853644e-05,0.030346095903407286,0.9618797909646019
213,0.0891106409161013,0.0011621380823841915,1.0372212451798624e-05,0.037545000747608324,0.8721718480414544
214,0.8597204605894517,0.0013712800762262836,4.334103281216024e-05,0.033453680442764075,0.10541123785874572
215,0.6961338049334909,0.006328833297202987,2.8167354073171204e-05,0.22609728177169075,0.07141191264354217
216,0.21058818271181154,0.010716474877812734,1.4478643159718965e-05,0.6705638072237312,0.10811705654348482
217,0.07784005039632134,0.019059649553311103,1.5813593109244222e-05,0.8748786774902038,0.028205808967054647
218,0.03951539642369386,0.032736030103784716,0.00015120312807686775,0.9070558221554242,0.020541548189020334
219,0.07168232784993549,0.08033927580194361,0.00011937725895943181,0.8206589536811157,0.027200065408045714
220,0.01848202045910402,0.008189453501829801,5.593322230273768e-06,0.9667338860138905,0.006589046702945305
221,0.06344987871046714,0.011539926804901048,5.6018574310937767e-05,0.823911876600669,0.10104229930965199
222,0.2852232312302417,0.03694074823351744,0.00017730684362487274,0.6064981334593629,0.07116058023325308
223,0.16493215769753547,0.050011065010759775,2.9922266537211792e-05,0.7202173370733884,0.06480951795177912
224,0.2766949109321194,0.11009410926216426,0.0009347663275823151,0.5370084302010284,0.07526778327710566
225,0.05042952089882511,0.004473691125533644,1.0334174391426951e-05,0.9088516131744181,0.03623484062683179
226,0.13478973294267735,0.17846005090392583,0.0007886558428203511,0.5950075150699239,0.09095404524065256
227,0.06803241255591956,0.02527423643558595,9.072054340403736e-05,0.866181627433431,0.040421003031659464
228,0.22124899145260013,0.05316699764546592,3.424141382693114e-05,0.6917642242508925,0.033785545237214415
229,0.07090215408090102,0.04475375365591827,0.0001807932892545472,0.6365681108419701,0.24759518813195616
230,0.17647198370356756,0.041264682540560794,0.00014532576930484007,0.7570776657416176,0.0250403422449492
231,0.24329969941547877,0.05683752840358862,0.00032678328893878607,0.5789038768864513,0.12063211200554252
232,0.1460321705351487,0.06356674907973721,0.00013203991450610935,0.7657992952384699,0.024469745232138112
233,0.1993702459739114,0.17325730206201045,0.0007306916981166775,0.5855070288786011,0.04113473138736045
234,0.19768740561234938,0.08751374862911122,0.00015807610881532938,0.6948467779280189,0.019793991721705165
235,0.26147998641966247,0.08622412275822207,0.0003814923388446374,0.6339633478280629,0.01795105065520796
236,0.37672718126926985,0.15956794944083938,0.0010289877067078239,0.43970561461363,0.02297026696955298
237,0.4105225308502357,0.3567095879015899,0.001291043305676028,0.21368140405231953,0.017795433890178895
238,0.3858544272425684,0.46236801380322057,0.0018931822861350518,0.1408329712472195,0.00905140542085642
239,0.2409895132627293,0.6112953928651529,0.0013072069952419429,0.1399044165602266,0.006503470316649233
240,0.08723767317685298,0.8873691426459357,0.004797330380248423,0.01768984143677223,0.0029060123601906455
241,0.061512983814312694,0.9014948979258604,0.012064765565361261,0.020816737350351378,0.004110615344114328
242,0.040862215752338796,0.9345908619973025,0.010844013700861866,0.011367961769479289,0.0023349467800176486
243,0.016698907176615645,0.9631321104759243,0.014062084838814454,0.0034186490557248724,0.0026882484529207433
244,0.02828653729759156,0.9565335087431042,0.004050773458052938,0.008126900473592547,0.0030022800276588335
245,0.026434142604567695,0.94828480123524,0.013943202929604343,0.008115949729797334,0.0032219035007907283
246,0.027783481581785775,0.8795176740764354,0.06788684927789577,0.02099807757978095,0.0038139174841022474
247,0.02089256111407843,0.9315960450275385,0.02235755494920759,0.021555536073283803,0.0035983028358919375
248,0.165683570024669,0.7619095470577599,0.002477546446606479,0.06050331316475348,0.009426023306211135
249,0.015281239109777231,0.9745704913340002,0.005069771313841295,0.0035515276348841024,0.0015269706074969656
250,0.1574130819495257,0.8180510967695838,0.0021594682544640617,0.01704183016980942,0.005334522856616979
251,0.09420085879559444,0.8923688996469826,0.0038115986792445745,0.006161644563466702,0.0034569983147116788
252,0.016959540118292135,0.9514943011129932,0.027691500416592678,0.0021198087897879225,0.0017348495623340737
253,0.024038390620088883,0.9566146084881723,0.010492561847225945,0.006449406804460917,0.00240503224005173
254,0.040039601788767275,0.9410954566718811,0.0073553406809206264,0.00689700982591697,0.004612591032513961
255,0.011754968032151725,0.8098349899570759,0.17196444842463124,0.0027383303000589115,0.0037072632860821676
256,0.0309562396093486,0.9331861756862032,0.024432056710214044,0.008108192271949883,0.0033173357222843268
257,0.02093488806358838,0.9269485194810911,0.04374498941171871,0.006112501640724235,0.002259101402877714
258,0.015010296043858647,0.9161357545852085,0.0630171716070638,0.003239605549337233,0.002597172214531779
259,0.014483651247250281,0.8036478009845289,0.17814883040403637,0.0018192680343939592,0.0019004493297906714
260,0.009992725428598156,0.8867933234588121,0.0996787964195685,0.0018329087467298408,0.0017022459462912904
261,0.010431962729744348,0.7982159951046349,0.18656298977577682,0.0029670652469098555,0.0018219871429340422
262,0.01155268494127327,0.8968125012826914,0.08780833503203175,0.0021461073919452466,0.001680371352058194
263,0.010347677502507415,0.9119336261401053,0.07419739179016069,0.0018455302379383454,0.0016757743292882465
264,0.0050490372856154715,0.8927558903602607,0.10028580496728895,0.0006379101228274892,0.0012713572640073864
265,0.0021192048715105993,0.7503422562690644,0.24604181418729468,0.00024051249559589743,0.0012562121765343239
266,0.004861898812086296,0.5388196107966425,0.45450354417168803,0.0003122952182890396,0.0015026510012940508
267,0.0016795977479391526,0.5519768256873208,0.44450906721572253,0.00027690774611725767,0.0015576016029002142
268,0.0017931867962798977,0.5335732236200061,0.4634787425817738,0.00018258104622408334,0.0009722659557160115
269,0.0016437548152534883,0.559328231280644,0.4377767549862338,0.00019884563933457818,0.0010524132785339495
270,0.002534730258262231,0.3001408662616392,0.6960899398517312,0.000253065049949014,0.000981398578418258
271,0.0019567857787080277,0.6324021423587577,0.36365923086400376,0.00027843246388331697,0.0017034085346474166
272,0.00375303099288257,0.4280185544045613,0.5665491261969138,0.00040999743806094385,0.0012692909675813243
273,0.006711729940691016,0.5742006808253064,0.416471258357493,0.0006583101417128417,0.0019580207347967933
274,0.002952786376112756,0.5493475146371918,0.44569430639873386,0.0003518742086801927,0.0016535183792813141
275,0.0007415985102863946,0.14814014048604773,0.8504554487829928,6.081760576355999e-05,0.0006019946149095916
276,0.0011230044902720137,0.2177911715353545,0.7798517812577251,0.0001160707821413363,0.0011179719345069397
277,0.000585997689464221,0.10621398988137533,0.8923527519338967,4.534558484873586e-05,0.0008019149104150407
278,0.0010651736526473656,0.18599738349693293,0.8120095983772819,9.611273828972772e-05,0.0008317317348479451
279,0.0024444896216594338,0.47854429112453944,0.5164718355312412,0.00032492431851036027,0.002214459404049397
280,0.00044801436559790476,0.10370955378256068,0.8947210338775743,5.273546913414709e-05,0.0010686625051328506
281,0.0028470491048902752,0.44076184381516054,0.5544651818594728,0.00013296835577714214,0.0017929568646992977
282,0.0006934818405876799,0.17245007486287744,0.8261723555343173,3.9619943355892833e-05,0.0006444678188616323
283,0.0064972522194545156,0.4167738267947525,0.5750560217432237,0.00014372938562182163,0.0015291698569474589
284,0.0008946757127637391,0.4308218902885554,0.5672741459185208,7.998166713244886e-05,0.0009293064130277227
285,0.0018911872498637895,0.3426900057467534,0.6538715062627861,0.00022716367710744195,0.0013201370634891704
286,0.001802498580943642,0.15580769279156098,0.8410267829170367,0.00018723991480793772,0.00117578579565074
287,0.0014372559956840332,0.45775545740762735,0.539641591475874,0.00012354453462870088,0.001042150586185895
288,0.0014786192930318388,0.27306301006898004,0.7237631620320515,0.00010765097326409281,0.001587557632672432
289,0.0007933498296103554,0.17065448710630485,0.8275495893451701,6.5471110826686e-05,0.0009371026080880488
290,0.000680183376900666,0.5768371424510592,0.4215275220706107,5.3058517449322213e-05,0.0009020935839801992
291,0.0011120114339758468,0.17330316862373152,0.8246328113395386,5.6047785612838686e-05,0.0008959608171412784
292,0.0007485906097496448,0.07300744563144862,0.9254435896389817,3.967909289124144e-05,0.0007606950269289615
293,0.0009078146033327545,0.22738098393184444,0.7705876743037723,9.295871360502834e-05,0.0010305684474456232
294,0.0008458297203411659,0.3959159394062447,0.6019928743942774,0.00012566258974756688,0.0011196938893891359
295,0.0003805527155122802,0.08677964860790147,0.9120911184885895,2.5171366855357937e-05,0.0007235088211415586
296,0.0005729575038703849,0.11101399046092818,0.8874825344882168,5.862124390813542e-05,0.0008718963030765043
297,0.0015840215885083264,0.2279623788443728,0.7689555627045525,0.0001304353811741274,0.0013676014813922537
298,0.000814659998517256,0.34502238580021405,0.6530093914927166,0.00010139238158458188,0.0010521703269671966
299,0.000982746061226497,0.13825724187126753,0.8597837521713618,8.116120802903254e-05,0.0008950986881150702
300,0.0010591441212919014,0.12690179566847207,0.8709732141701068,0.00010915361443195367,0.0009566924256974137
301,0.0008844809903590043,0.11894740941968977,0.8786333010247337,0.00023685078984552173,0.001297957775372098
302,0.003794813591694389,0.34706959248858255,0.645951938897056,0.001129533329375166,0.002054121693291925
303,0.09380700783356746,0.3513886903572613,0.05687941922229284,0.006534501763401019,0.49139038082347747
304,0.08643190854243289,0.8022356622021704,0.09054154556533701,0.006384888348478171,0.014405995341581537
305,0.05771253815634958,0.8682955715997577,0.06500146896266235,0.0032565281448510464,0.00573389313637952
306,0.061206250019790374,0.8696244499815953,0.06036054140091101,0.004337536113221887,0.004471222484481226
307,0.019101667625554656,0.9452576245590263,0.026950681621788517,0.005932496009924643,0.0027575301837057396
308,0.007210123427761529,0.9275757185692842,0.058469563833497586,0.005083305067290857,0.0016612891021658153
309,0.00783191598123666,0.9606147504970356,0.022402723441378846,0.007444614226854828,0.0017059958534943057
310,0.007864952774617708,0.9091442284000487,0.05734771310857288,0.023447672742897132,0.0021954329738635473
311,0.0050175049302306285,0.9041329225855307,0.07165124579967416,0.017850217237823453,0.001348109446741087
312,0.011412003587458072,0.767307653423233,0.1982940060734798,0.019838122495833853,0.0031482144199952433
313,0.25444078735731973,0.6935355729281844,0.0017209238755402586,0.03467007274286346,0.015632643096092184
314,0.04080152805155833,0.921667601874664,0.028916626137318983,0.006379260536320793,0.0022349834001377787
315,0.03229498942371562,0.9507811105787962,0.013219387855778818,0.002170666174741599,0.0015338459669679554
316,0.02904922920935015,0.8375632363735205,0.12794868732896983,0.002699247703103886,0.0027395993850555626
317,0.020329220840355326,0.9365387912237941,0.037160777760044936,0.003182737777849453,0.0027884723979561166
318,0.015607589474998435,0.9170280927553551,0.06135931940158484,0.003953270962137299,0.0020517274059240974
319,0.014036868265522456,0.806044817192745,0.17347987902101658,0.00458719698245763,0.001851238538258193
320,0.009480500411719425,0.9339933247880314,0.05299453685974705,0.0018948363057522605,0.0016368016347497866
321,0.003133708480930635,0.7185004096201986,0.2754984374175267,0.0013283245395083161,0.0015391199418357516
322,0.009071436001416662,0.6915981907707199,0.29493153806025624,0.00240686361867973,0.001991971548927424
323,0.013767683811379234,0.7736407179712164,0.2067328873979452,0.002937478268205429,0.0029212325512535846
324,0.01090108204001031,0.8967055389106295,0.089303770595002,0.0015390750584568002,0.0015505333959013132
325,0.006240791389455235,0.9142382185838285,0.07797601440394923,0.0005512615473664421,0.0009937140754009482
326,0.0025423583732812104,0.7125684957846963,0.28368840011414104,0.00037300055478803367,0.0008277451730934818
327,0.00536900878618526,0.757347871971362,0.23586767536785744,0.00035293618351735483,0.0010625076910779497
328,0.005063007982720297,0.8883394421561145,0.10502347352844008,0.00031217283847112754,0.0012619034942537963
329,0.0010194618205933454,0.5852158520446622,0.41222986882137197,0.00021593532241001746,0.001318881990962407
330,0.0010202717973491692,0.6421793227703348,0.35549281366015767,0.0002662270936570522,0.001041364678501249
331,0.0008000616411582587,0.16793723368583693,0.8304289186528148,0.00012062988543302349,0.0007131561347571376
332,0.0034394288914831555,0.656440427543233,0.3377312126547925,0.0008853148792610456,0.0015036160312304292
333,0.0026816769424978584,0.2431072180758753,0.7523089242405581,0.00020713458951610885,0.001695046151552804
334,0.0021986213039884503,0.6528975746496712,0.34289935059146914,0.0003023527289137186,0.0017021007259574287
335,0.0032982048535026127,0.2913516259630766,0.7035712703564396,0.0003846452706286748,0.0013942535563526211
336,0.0034891401424456867,0.6920158301617897,0.30143983844444217,0.0011318625453093456,0.001923328706013079
337,0.019879541593033834,0.8468510283648375,0.12428802257246578,0.003968624033386909,0.005012783436275986
338,0.024590320872229572,0.9164127276428957,0.051778318737575865,0.0037833506378818983,0.0034352821094170423
339,0.0038982683836044107,0.8395943012121866,0.15278959859165261,0.0019172197096446642,0.0018006121029115743
340,0.0043024149972865945,0.8607725289938842,0.13029745331824977,0.0018603691043649776,0.0027672335862144017
341,0.004025272976805841,0.7403724548260793,0.25035113173592904,0.002887165261343245,0.0023639751998425717
342,0.03546774168104395,0.07186208133909415,0.006934058463558568,0.008126437463870807,0.8776096810524324
343,0.14135862012531633,0.10422815137921654,0.0006176259319371271,0.0067230727985709265,0.7470725297649592
344,0.8775671307013275,0.0541747162019083,0.0005805917245680358,0.0024257262596233593,0.06525183511257276
345,0.7407508972555967,0.21519090720644365,0.0012413914299243627,0.0010983198797448663,0.04171848422829043
346,0.5383350117133282,0.43986069784531173,0.0005892434354866752,0.010024929577147654,0.011190117428725792
347,0.14669681329016424,0.8052785489844301,0.004198389727700547,0.026872600142058046,0.016953647855647028
348,0.14908670469550203,0.663207523983617,0.0025319846009982643,0.16987247233644548,0.015301314383437327
349,0.29160917121971336,0.3609221796258016,0.0016234087749049365,0.33359449483756537,0.012250745542014826
350,0.03037451039640036,0.9232078521685119,0.016327530067508745,0.02812457090704144,0.0019655364605376357
351,0.08906788290727911,0.7909023803807261,0.012609852340781708,0.029980078634658455,0.07743980573655472
352,0.21045414588101166,0.4801913114941926,0.0008759560976324572,0.30096117702011943,0.007517409507043958
353,0.12452226962336439,0.6398547715038316,0.03718099050283746,0.1276616658091705,0.0707803025607959
354,0.26892009793484045,0.4027128684383418,0.004568634086814337,0.3099513616525615,0.013847037887441769
355,0.2055162931000535,0.3930382458407294,0.008548076520573789,0.13452520834033396,0.25837217619830943
356,0.4710867202860233,0.27385215785572226,0.0017939590338021266,0.23929673421267322,0.013970428611779087
357,0.40506664978670553,0.3360331047115594,0.0037625646239502638,0.2384167278485708,0.01672095302921414
358,0.6612172437157074,0.13571167019550928,0.0008388036011231425,0.1860223039193903,0.016209978568269865
359,0.08198235151090333,0.8638729602635324,0.02579867210235135,0.020605702227597385,0.0077403138956155075
360,0.17059008148156338,0.14273387952373745,0.005174557156765375,0.041412099962130744,0.6400893818758031
361,0.06489965181048266,0.8884783487477358,0.009807210772628017,0.0257060409219982,0.011108747747155322
362,0.3170088374893554,0.4041655595920125,0.005123391124478247,0.11919046311645722,0.15451174867769654
363,0.22966853905007012,0.6349943484784931,0.004022829036520428,0.09513123308703304,0.036183050347883265
364,0.20388363655724348,0.42412812648860826,0.006645120975631077,0.03639710136014098,0.3289460146183762
365,0.6004149867048817,0.18724919632948736,0.003609568694035238,0.17767226389700114,0.031053984374594702
366,0.22269873597248002,0.38236161263156987,0.004103478664368316,0.017736878025347083,0.3730992947062347
367,0.7654909633683809,0.12649290007392935,0.00040674280154315247,0.029209302277118005,0.07840009147902861
368,0.03234482281513868,0.06093931619291927,0.0034699057886177546,0.010783930101554304,0.89246202510177
369,0.8871880815274434,0.06222885760412584,0.0003622865499311835,0.01959494278005737,0.030625831538442224
370,0.515892474476441,0.43095286127414956,0.0030922486096902845,0.026429869201029646,0.023632546438689454
371,0.5874673192624759,0.11865127560882882,0.0004532439896379127,0.058447308723731634,0.2349808524153257
372,0.1402200332672107,0.751656265270011,0.028475610925371413,0.05151899591959514,0.028129094617811736
373,0.3712022861362419,0.24102763055883042,0.006601689445921079,0.11726820841519503,0.2639001854438117
374,0.3949136564891921,0.46575513837267024,0.004724769577437315,0.10232121901909784,0.03228521654160262
375,0.09102180971133554,0.6516056441092001,0.0022716679390833746,0.2400780399507661,0.015022838289614931
