epoch,N1,N2,N3,R,W
0,0.0003323881185306465,0.0002234430521651938,3.9846452663571375e-06,1.4439389059919701e-05,0.9994257447949778
1,0.0006927545301148518,0.0005334732181652871,3.156190219114748e-05,2.38381533141164e-05,0.9987183721962146
2,0.009810727131287769,0.0015944845256762735,1.6086048492711753e-05,0.00011873085335726424,0.9884599714411859
3,0.0014645477743261317,0.0005320991317950449,3.1277111343854105e-05,3.441120734101432e-05,0.997937664775194
4,0.0009398643032666211,0.00024515668006882136,9.558415731066623e-06,6.148528561813916e-05,0.9987439353153154
5,0.035687323833528704,0.009618903045920894,7.446797498465137e-05,0.0003609034579609146,0.9542584016876048
6,0.026808209928624798,0.0037607005905892815,0.0001298641034709209,0.00011314604741300836,0.969188079329902
7,0.007141672504068246,0.0029697489590777434,0.0003150061199389519,3.655035972525753e-05,0.9895370220571897
8,0.019716459615766676,0.00551475082361124,0.00078431478651585,0.00034683323999605916,0.9736376415341101
9,0.1131261960406021,0.13573422078427747,0.012462906679938532,0.0075730248820260575,0.7311036516131557
10,0.11263609481895437,0.09099081688889535,0.016912434852554677,0.0074347107491868625,0.7720259426904088
11,0.09289294964819864,0.34722002981794753,0.01663146821729916,0.01062414083472421,0.5326314114818305
12,0.06514888595161654,0.5749545701252088,0.05602582562857097,0.009319083993147858,0.2945516343014557
13,0.004296977458085885,0.004268505469728284,0.0008807065341774676,0.0020429271566070645,0.9885108833814013
14,0.017863570784781034,0.008301540054747057,0.00293049153057507,0.002775579873824144,0.9681288177560727
15,0.07319043069660594,0.08747384021176671,0.0020191232436819933,0.021970378788100493,0.8153462270598448
16,0.003677116273094436,0.0024267621417893804,0.00012122867814551647,0.00023524265876445578,0.9935396502482061
17,0.038873624277393215,0.06522348791665429,0.008444220810826008,0.005356787010662269,0.8821018799844641
18,0.005185246822291569,0.0030107063085295185,5.561247646168339e-05,0.0006961049662231537,0.9910523294264941
19,0.05275653322719667,0.037699449193717816,0.0010762885392354793,0.0037383238200487663,0.9047294052198013
20,0.025550311033698724,0.01177503463526941,0.001956464871617299,0.0019257398431940973,0.9587924496162206
21,0.013136648151776318,0.007512492632020304,0.001520077794103618,0.0006376943814809873,0.9771930870406188
22,0.07798231121789821,0.17368288373847326,0.011867779128803997,0.004361333871860422,0.7321056920429642
23,0.003475763868134117,0.002720153593993181,0.00010639336061203666,0.0006271683340705036,0.9930705208431901
24,0.011823150120767012,0.007116701802886768,0.0009487745270927586,0.0008612325965525045,0.9792501409527009
25,0.07057314070923103,0.10876881441261199,0.007231454738114857,0.010654924546919645,0.8027716655931224
26,0.01805509027166963,0.005883623527085244,0.000360741693677812,0.0003058767372923656,0.975394667770275
27,0.20312531439286796,0.14341683923175552,0.0037435196911314124,0.01021911586459786,0.6394952108196472
28,0.3279966055092443,0.16209905574368302,0.0001486923840178705,0.05297863298593045,0.45677701337712434
29,0.04704291364066591,0.025306876247648793,0.0005712797935237496,0.0006359566393671316,0.9264429736787944
30,0.37697312053404824,0.40319515631601294,0.006019947398214636,0.0077150902918532065,0.20609668545987103
31,0.17377173707772733,0.10891757797055626,0.03136277311614222,0.0008764109607278369,0.6850715008748463
32,0.12569726550353277,0.8038377069392459,0.019840162264891482,0.0036653298084592906,0.04695953548387043
33,0.23571386606363853,0.5902787462345032,0.015089424667450784,0.008475749236952736,0.1504422137974548
34,0.06959817422325315,0.8284132460974775,0.022117318168583748,0.002303909413943463,0.07756735209674204
35,0.02037681195582904,0.8945893143814485,0.05035494019788254,0.0012421303284832403,0.03343680313635682
36,0.16078433029372335,0.43745225963931333,0.0059222914069975855,0.003446689699184395,0.3923944289607814
37,0.03145672339657534,0.8731558356829384,0.018585812968086774,0.0024068812448769256,0.07439474670752254
38,0.0358564807687797,0.8247969953337618,0.016158852662313653,0.0012776722672432185,0.12190999896790161
39,0.03427403538008956,0.7875897960544302,0.045022308990423435,0.0016215783643647058,0.1314922812106921
40,0.045134461043889525,0.7890691938285103,0.1261060677593441,0.000265968629121572,0.03942430873913454
41,0.15152511945380526,0.6582960930040536,0.044464514428483766,0.002076555498721368,0.14363771761493593
42,0.1908426368308841,0.6274208619840627,0.042343537952756624,0.0004010949004799405,0.13899186833181668
43,0.0426317862330246,0.8915910991668903,0.04138046579246611,0.00019914699057964718,0.024197501817039346
44,0.05143572386140833,0.8757216459723977,0.043569928013428315,0.00010728416999410931,0.02916541798277169
45,0.04027177047563958,0.7864059723789736,0.153284289344171,7.644818163182008e-05,0.019961519619583992
46,0.08408154687801173,0.7282823015088298,0.16047435951376124,0.00039931835889676605,0.02676247374050062
47,0.02586791347547865,0.6172397953399216,0.32513177391330467,0.0001510884555532643,0.031609428815741844
48,0.09764362907543181,0.6766661453454152,0.1405573021634892,0.0010519782695847502,0.08408094514607907
49,0.06637592160231996,0.6901613604776232,0.19232918066684473,0.0004203712153672662,0.05071316603784484
50,0.06276344808341085,0.6172468860529504,0.18026220951686692,0.0004722416831153295,0.13925521466365648
51,0.07895161717142773,0.6526337148926418,0.2278593628950843,0.0002245442166711132,0.04033076082417498
52,0.07943523737956146,0.7218764483285107,0.11504080735116153,0.0006046005848974504,0.0830429063558689
53,0.07473372390322604,0.6414108957658544,0.16742656818864934,0.0008570601675730855,0.1155717519746971
54,0.0533366861511346,0.5414288496091832,0.20782315298660278,0.0014133826636974582,0.19599792858938198
55,0.0555181003941199,0.381480971470287,0.2802936022875029,0.0016296267731212095,0.28107769907496905
56,0.04509608938377797,0.5610869042175753,0.2688106026930749,0.0009756053973156601,0.12403079830825606
57,0.03155153604625322,0.5342962003682812,0.3441760037794464,0.00040694072658930283,0.08956931907942982
58,0.07609802482208648,0.4520219022509203,0.306285811066668,0.0010590533770988384,0.16453520848322636
59,0.036656770433390856,0.5528231544211546,0.3066924396837882,0.0004840492398455846,0.1033435862218208
60,0.045804744867025564,0.45191370852439827,0.460714161842225,0.0010307236419651953,0.04053666112438576
61,0.061044332762659616,0.5426623163530258,0.34145854235689455,0.0008109075461059141,0.054023900981314155
62,0.03767379712728923,0.5912047133630115,0.3257234593819441,0.0005311388141407872,0.04486689131361439
63,0.06208881198171845,0.4205021807852541,0.415631715919494,0.0015913415072206284,0.10018594980631276
64,0.03421340871653155,0.3373827647692041,0.47111447508022364,0.0005107729941084896,0.15677857843993231
65,0.030240408438278552,0.35865037898088903,0.544024615053264,0.000598993304761629,0.06648560422280671
66,0.044735600253948654,0.4816048118130014,0.411787698088375,0.0008652440249098832,0.0610066458197651
67,0.021113520509479768,0.4540264077127324,0.5013892179683687,0.00022181581576131214,0.02324903799365782
68,0.06274558715535891,0.49994432388190224,0.33171127285295776,0.0016920430337650286,0.10390677307601616
69,0.035291382043266296,0.5458746644848009,0.35784915666198663,0.0008973861718170611,0.06008741063812913
70,0.026915661696423107,0.3652882406121065,0.5794676635592626,0.00048604687846660774,0.027842387253741267
71,0.05288154315433306,0.3971816348111129,0.4871485186075227,0.0016179490573480057,0.061170354369683363
72,0.052606836260536895,0.48184969471679673,0.31301147554972364,0.001395994129754308,0.1511359993431886
73,0.012975179551015053,0.2752246975025697,0.6884365410582515,0.00015243060969717464,0.023211151278466655
74,0.04742674501800134,0.45153086780756246,0.41387178570472294,0.0007280718443284125,0.08644252962538504
75,0.019702329352583797,0.2882186763382937,0.6480053082293444,0.00044742878119294734,0.043626257298585235
76,0.01718937564041423,0.4528566917027669,0.4991469426727762,0.0005360163675660296,0.030270973616476616
77,0.01962118291762308,0.5175936119762062,0.42718672759057813,0.0003945869274256381,0.035203890588166975
78,0.018701962901509543,0.3372286592463223,0.6171663417334006,0.0005393059280135034,0.026363730190754154
79,0.030146953402476948,0.37126889241211447,0.5428503280871946,0.0016909798842123006,0.0540428462140017
80,0.05182723361558221,0.3531778572154487,0.5433150915028979,0.002217712646215849,0.04946210501985541
81,0.028400452035757123,0.5208027420404628,0.3830515176729869,0.0005715673102078773,0.06717372094058513
82,0.07014257693364827,0.568330734139633,0.3093904682247485,0.0010370027761955254,0.05109921792577471
83,0.02140005576489685,0.4410834083609665,0.5228767865705403,0.0007147191761636063,0.013925030127432621
84,0.01118040960081836,0.4700514954305926,0.5096236138831562,0.00021335872102146893,0.008931122364411162
85,0.02964533443620936,0.7049219912840136,0.23900263067784014,0.0013455032517739466,0.025084540350163092
86,0.012006968251933772,0.44973074833218585,0.5260385502363613,0.0004386897438891624,0.011785043435629937
87,0.03183428991321293,0.4282115412052379,0.5206463437199624,0.0012652951570734207,0.018042530004513165
88,0.02126210979862573,0.2559079702023985,0.7156215427957284,0.0005574252673265562,0.006650951935920919
89,0.013692292194084327,0.5109509491177773,0.454617301436681,0.0002466702783094246,0.02049278697314801
90,0.013346026225235685,0.4321112325512148,0.5357797184541602,0.0005975759016786322,0.018165446867710724
91,0.010227799371687763,0.36655681834587184,0.6010595367651906,0.0006508214699538409,0.021505024047295773
92,0.019534391686543483,0.5269805876273271,0.4217358374044849,0.0016605990774076031,0.030088584204236792
93,0.019463302703378964,0.5451439602797099,0.39183699674240946,0.0013402102029168952,0.04221553007158468
94,0.010033426670214946,0.3412933044197808,0.6344814370639144,0.00031800921108000304,0.01387382263500991
95,0.034998171152518395,0.37764046591356426,0.5293913943174909,0.001946283428135221,0.05602368518829118
96,0.013305315213066257,0.3183941519273597,0.6379772682475569,0.0008026723006309161,0.029520592311386384
97,0.04290823943392918,0.4178261864115834,0.43819047669496247,0.0031310467257410234,0.097944050733784
98,0.010372869114081354,0.29367006915892546,0.6841324935529878,0.0002988315845191444,0.01152573658948625
99,0.02425711291081249,0.5429635566384852,0.3697206222917905,0.001530624640038237,0.0615280835188736
100,0.007215891569686647,0.2472132090916044,0.737358556846345,0.00019578879453373418,0.008016553697830286
101,0.013348760147930988,0.40864562794791354,0.5570112110848382,0.00047083517895838247,0.020523565640359013
102,0.010946676142418007,0.331180978508012,0.6496654985151874,0.0004511315780038676,0.007755715256378708
103,0.027137726089058168,0.6010902449201336,0.331157688458302,0.001124696556291285,0.0394896439762149
104,0.025248244130453616,0.4029086999644202,0.5498055972323548,0.0006236423601593019,0.021413816312611963
105,0.004966525841518001,0.19365046111147294,0.7909358533631938,0.00014045656478226678,0.010306703119032968
106,0.012939613883472837,0.3070407285535782,0.669727764237216,0.00032950254873927084,0.00996239077699354
107,0.009431714876600104,0.2902719008491526,0.6628088210890607,0.00017145952282471554,0.03731610366236194
108,0.007956838276704865,0.25242100895360603,0.7248625461409716,0.00028750047691583435,0.014472106151801816
109,0.012456175630324258,0.23039690944354072,0.7387645024643946,0.0009430108891024159,0.017439401572637993
110,0.010644514865775372,0.2141173005704132,0.7610475623520367,0.0004773256484197771,0.013713296563354993
111,0.006448755275362451,0.10763425320298699,0.8786897337074062,0.00043560184726987533,0.00679165596697446
112,0.04112379502111049,0.32479074439265204,0.5744665827867738,0.0033157808139107473,0.056303096985552935
113,0.01707410647023785,0.16772154460224084,0.804772538230124,0.0009318584383450365,0.009499952259052096
114,0.010810487763587402,0.13788486326860425,0.8402080662757438,0.0005752311399394341,0.010521351552125085
115,0.007220681314987208,0.2835086849786947,0.6957982506156407,0.0002662222292531756,0.013206160861424282
116,0.032533850051255954,0.4658736980814544,0.4564346422421157,0.0018702136871112892,0.043287595938062785
117,0.033860072327038825,0.7833282180928771,0.13825141136872393,0.0032702532429781947,0.04129004496838189
118,0.18773990816345745,0.5172833654080344,0.06496291150043482,0.006673662748133784,0.22334015217993955
119,0.33807663602078275,0.49237955196395844,0.06491145079799844,0.0037753969976457276,0.10085696421961461
120,0.2137741769332437,0.6643526722892822,0.09632990133453563,0.00214639502986298,0.023396854413075374
121,0.23582040806533566,0.5818693517484843,0.15513032149205672,0.002151650435526687,0.025028268258596584
122,0.08405634907684456,0.7206283434718093,0.176556999929022,0.002322419451952142,0.01643588807037199
123,0.19250218431965604,0.6688472090047759,0.10876653614387652,0.0034093186327471044,0.02647475189894464
124,0.08162611404842131,0.7937814823060191,0.10573703451222531,0.0038696907101033033,0.014985678423231065
125,0.10973637012256819,0.6941189895152008,0.17605436298402094,0.0035998395170455237,0.01649043786116466
126,0.06616185678155562,0.6753652155759109,0.24996597751852156,0.0013203049614054843,0.007186645162606406
127,0.1212988782173837,0.6983832441107594,0.16952275651666965,0.0010916048592979762,0.009703516295889307
128,0.06071651617665375,0.8454283686023264,0.0828890844699786,0.0008553840353526692,0.010110646715688582
129,0.014431789582263403,0.6105640565576766,0.371403321973876,0.00033594329110480834,0.003264888595079123
130,0.021496216545070324,0.7296403330070504,0.24215286371085237,0.0005523674665104464,0.006158219270516611
131,0.04020720543216547,0.6939561822414961,0.2602023210397618,0.0009547781011768611,0.004679513185399647
132,0.02382367371953294,0.7941212622131496,0.17276933877193368,0.0008791578799595964,0.008406567415424187
133,0.014188001440732333,0.49063757313464906,0.49143631033228313,0.0004641909752338722,0.0032739241171013474
134,0.015195686362618548,0.6190125762487767,0.36284958164054293,0.0006615712836755782,0.0022805844643862833
135,0.013489700097882841,0.7973471644475421,0.18396107081170462,0.0010594791608258063,0.004142585482044579
136,0.02836965464705177,0.8082564704314521,0.15662899758198615,0.0018517783235959245,0.004893099015913904
137,0.05632668760166149,0.5097686714124461,0.4087658536559226,0.006643599172216936,0.018495188157752834
138,0.10463721794095104,0.7939063737227592,0.05442252661089255,0.01914610489837545,0.0278877768270219
139,0.05148656249878557,0.5564405134776887,0.24724677224699002,0.046595371334043456,0.09823078044249232
140,0.08345253431145395,0.6634456522415234,0.02855068678251023,0.06860956181682348,0.15594156484768887
141,0.22239811118702976,0.5531526953616662,0.009734104957512485,0.17488086127107266,0.039834227222719
142,0.19536693334501193,0.32671087788112535,0.0026261891741185587,0.12637324070930192,0.3489227588904423
143,0.0845712960647223,0.0988427182679861,0.0008449958061384962,0.3209174332282204,0.4948235566329327
144,0.09104073260134371,0.04819292562979101,0.00020086094228421514,0.14976747274308227,0.7107980080834988
145,0.12527877942682478,0.04161906696819447,0.0003385346314517894,0.08348559966380045,0.7492780193097285
146,0.20142144324531858,0.05264880977205355,0.0004049432376870054,0.08347250283521943,0.6620523009097213
147,0.31807787266525234,0.10798677058928767,0.00013915642927688542,0.2892957747106832,0.2845004256054999
148,0.03875448353545507,0.012454129913786359,0.0003118712783372066,0.007116965681658219,0.9413625495907632
149,0.11442111985232695,0.025648621859052752,0.0008099323428126088,0.024377695905058942,0.8347426300407488
150,0.16641046698631354,0.052340314796994435,0.00034324137082738187,0.3805951085875928,0.4003108682582717
151,0.06694595193218984,0.03310351864561729,0.0005963364187338426,0.24057608846491893,0.65877810453854
152,0.06341297240323823,0.02443101946385738,0.0005009411752207167,0.031088973954253304,0.8805660930034304
153,0.11012007352414324,0.044547511911663826,0.0001532143721925995,0.16120408930265404,0.6839751108893463
154,0.11866823052748843,0.05252244798769002,0.0005680980075087966,0.07953714007454209,0.7487040834027707
155,0.09866291150090499,0.0644728714245584,0.00012710066668163866,0.3581497155374889,0.478587400870366
156,0.12986504607554059,0.061773852500359085,0.0001448120601037383,0.18861939409734027,0.6195968952666562
157,0.0810161446546193,0.08466114853431125,0.0004692364506912756,0.11996422512070687,0.7138892452396713
158,0.04806332222536027,0.054281363680609,0.0001910763955188289,0.08863248701229941,0.8088317506862125
159,0.08171795678760994,0.08289925337285604,0.0002924524590949732,0.1377883455079126,0.6973019918725264
160,0.05792633101749448,0.09834111457904615,0.0003013984806064978,0.06129966731526769,0.7821314886075852
161,0.05809744212083343,0.0831785474351873,0.000311126455800657,0.18384104370923163,0.6745718402789471
162,0.11197433173934679,0.08860825641317296,0.0002604319654780241,0.2475988607588867,0.5515581191231156
163,0.10300503151416887,0.13087100500087687,0.00027362420737769437,0.180272290323812,0.5855780489537646
164,0.0481694356131177,0.07782407385362498,0.00019609167191507817,0.06255337689023979,0.8112570219711024
165,0.10630675677008798,0.10352043836863438,0.0001969634513230226,0.22098062458598217,0.5689952168239724
166,0.17983668838523384,0.14189509881294884,0.00038881870993221054,0.17044153105004675,0.5074378630418384
167,0.09266281300225253,0.23328812109913258,0.0005317273638288291,0.13847251695575727,0.5350448215790289
168,0.10861096145073677,0.21637311327935757,0.00019627783690486284,0.20764049164571444,0.46717915578728625
169,0.09411998173424337,0.10260794714236182,0.00022197300285344633,0.20390641214292607,0.5991436859776154
170,0.04209278249464381,0.06234484870377637,0.0002666481035357427,0.047374128575128474,0.8479215921229155
171,0.13431099465430849,0.16949052406339207,0.00023889161092421145,0.12562786334626236,0.5703317263251129
172,0.18086975963151536,0.10253665710053965,0.0002887623821556201,0.17063009566094828,0.5456747252248412
173,0.11786231871883476,0.10296059582345331,0.00047456500806820494,0.11979036553654682,0.658912154913097
174,0.054503671367543194,0.04497036980552328,0.00013750974536587277,0.17331467258400235,0.7270737764975652
175,0.058061143424059394,0.034532333949123195,0.0002478360323855616,0.1347072060310079,0.7724514805634239
176,0.07322555672909845,0.06513662094357979,0.00020051558810857043,0.0565393104387392,0.8048979963004739
177,0.08067340490276724,0.0272462311574144,0.00023340929442602345,0.08910716421489562,0.8027397904304967
178,0.07593432932507652,0.034211104657997406,0.00020616631446521947,0.20057869227242803,0.6890697074300328
179,0.05096401971538743,0.029714877609776983,0.0003412641675194381,0.10060977807651725,0.8183700604307989
180,0.026290889297728933,0.015415704403679457,0.0018418178792780368,0.061363224485257724,0.8950883639340558
181,0.023511230811137946,0.009522102784254673,0.0004476712754297732,0.02866599284774674,0.9378530022814309
182,0.22293745135863519,0.019022966783956607,0.000201171877090548,0.2933712939502404,0.4644671160300773
183,0.15163439022918002,0.020616304762958136,0.00012519072147189618,0.5278382165577732,0.29978589772861686
184,0.1137859939877064,0.05921628179891014,0.00026621443917768307,0.3291253767653558,0.4976061330088501
185,0.019116789210026203,0.026656467546992125,0.00021627484208898247,0.03617680558182717,0.9178336628190654
186,0.021559372519623945,0.02169935925064641,0.0002508722761120783,0.08536960497022837,0.8711207909833891
187,0.05029876190948327,0.06568319958202845,0.00018811643313698843,0.18417655311122835,0.699653368964123
188,0.05589025350700067,0.04851072783010455,0.00013824214870560844,0.23200199198619487,0.6634587845279942
189,0.02975305241378915,0.03761548684687926,0.0004862533975419602,0.030138563428805387,0.9020066439129842
190,0.009871364858166665,0.018253344960917465,0.00016608472980958542,0.018709012796987112,0.9530001926541193
191,0.09498528890071387,0.06348237073485034,0.0002943596985771716,0.05369876428842705,0.7875392163774316
192,0.10613753534075164,0.09158259822381284,0.0002657852638054666,0.18293952634487035,0.6190745548267597
193,0.13927183350061662,0.09898753520097837,0.00035362451948762216,0.28271752218808605,0.47866948459083125
194,0.19488557580234006,0.150677618548545,0.0005448714696601982,0.2070387547455938,0.44685317943386094
195,0.14064588093605102,0.16306241487581088,0.0006156975131658707,0.306450659110137,0.38922534756483523
196,0.12150849075946289,0.12444311647816618,0.0004206355226438961,0.540338933843952,0.2132888233957749
197,0.05551141593463161,0.07061621956879748,0.0004144811192389577,0.6378513279515065,0.23560655542582543
198,0.1744557081590495,0.1925686810642292,0.0010916418759068195,0.10608585544521103,0.5257981134556035
199,0.14439024056080274,0.12301899027631025,0.0010375570450900822,0.26905575099159595,0.462497461126201
200,0.039787819138136823,0.11237972261321443,0.003884394074358425,0.05195987348367994,0.7919881906906104
201,0.03232266291487714,0.03623871130136858,0.0005998322642749067,0.028152349001853306,0.9026864445176261
202,0.2696864451315972,0.1355422706187259,0.0036126707651201735,0.030215731799812982,0.5609428816847438
203,0.4157916465811718,0.1823936931974547,0.025276501932248525,0.03034262482242345,0.34619553346670157
204,0.1768707779394361,0.32691669951704616,0.011490546799899677,0.07037038652591573,0.4143515892177024
205,0.0060411642509020525,0.011771499949775138,0.0011250351835858624,0.004399136541348708,0.9766631640743882
206,0.10529232346774856,0.05429424184971284,0.00031146207000620627,0.034402849747739675,0.8056991228647927
207,0.5689384333698098,0.09023276681137668,0.0008691049309888895,0.030399086774145347,0.3095606081136793
208,0.47431868743371713,0.13889789303847774,0.0011603059662281538,0.028485273426785897,0.3571378401347911
209,0.3277879721336629,0.3510229374059321,0.0016631247533024354,0.059940102353064496,0.259585863354038
210,0.0996328526025935,0.8488955595609515,0.007780767402268037,0.013436971676617126,0.03025384875756979
211,0.25515119976107886,0.6634544576461175,0.022944608547088984,0.019879017990172953,0.0385707160555417
212,0.3035373080198796,0.616734510371148,0.03225647253927245,0.028556260511056263,0.018915448558643588
213,0.04465805762313032,0.8869623683641908,0.011457191064876018,0.035555899677889864,0.021366483269912934
214,0.042627464763871935,0.8619011493600442,0.060436843088250015,0.01949731001840241,0.015537232769431314
215,0.019752148300846296,0.9439009009010283,0.012374763754051686,0.010072324383684413,0.013899862660389365
216,0.08091504905710409,0.8438629432482425,0.053143823656903545,0.014571609648391966,0.007506574389357732
217,0.036595173656855565,0.8874760241608761,0.04441139454048021,0.017917720076764957,0.013599687565023317
218,0.09090407427813947,0.8474202528234548,0.02986902686051666,0.016303578047389033,0.015503067990499992
219,0.0598085869994301,0.8898497996140105,0.02688034975977248,0.01496424792349575,0.008497015703291259
220,0.02407431197029838,0.9124432832389884,0.03349359781846236,0.012782954631015225,0.017205852341235492
221,0.07847198716439509,0.881388385629166,0.0223183232463103,0.006360058184173993,0.01146124577595458
222,0.04843518977162144,0.8953849996572469,0.025854469667287244,0.012545613576322355,0.017779727327522116
223,0.04533934758134948,0.9196456229737463,0.01497316575892836,0.006376997152932965,0.013664866533043012
224,0.23905885846867148,0.4744184864903841,0.0067869486319644635,0.02137089529285201,0.258364811116128
225,0.044253523186240255,0.9214949991589693,0.01887765404061159,0.003100339878351264,0.012273483735827722
226,0.011875173011021629,0.9255648513567213,0.05917182290545605,0.0008358214351223619,0.0025523312916787447
227,0.01324694324613154,0.94463067934872,0.037201893456143394,0.0024410114581488573,0.002479472490856143
228,0.00712322176182654,0.916934816083316,0.071045617050808,0.0033871134206364673,0.0015092316834128064
229,0.013873654944342615,0.929841354603013,0.05072067223981622,0.0027915946805793994,0.0027727235322487043
230,0.006656339137391912,0.8933327661929358,0.0954861028763807,0.002101396109114965,0.0024233956841768958
231,0.011891586600447741,0.8661931799044297,0.11656991115465165,0.002693886732728198,0.0026514356077426723
232,0.012853542484905315,0.8829470267704222,0.09799746853909229,0.002350299168940342,0.0038516630366399315
233,0.03692132479989136,0.864449961454755,0.07756843084479598,0.013539503720800367,0.0075207791797572586
234,0.009453103660585821,0.8580828511100677,0.12276148043441551,0.0034322336170062528,0.0062703311779246694
235,0.019197172205802894,0.8893327178365813,0.08430116327430989,0.00284102835313785,0.004327918330168061
236,0.022765652200884147,0.804865740359698,0.15489425352699504,0.006819209851888952,0.010655144060533663
237,0.03168597994693198,0.8223114695413772,0.11194449951400705,0.004373229352113047,0.029684821645570597
238,0.12058374703148761,0.7142472587000641,0.08534248537269376,0.011814482495410596,0.06801202640034387
239,0.09640057574507413,0.8178128843037806,0.06039987359764646,0.005455067013494554,0.019931599340004075
240,0.027822866656482204,0.8567045376226627,0.10663381182424184,0.003004734439414145,0.005834049457199112
241,0.053660087331758234,0.7834107938068983,0.14080171179164672,0.009179893619268758,0.012947513450427982
242,0.038865228053368395,0.7985853181093944,0.1294141554944082,0.018578852437257334,0.014556445905571496
243,0.0082735411537694,0.7987951149675823,0.18568878957119125,0.0025640403021441665,0.004678514005312844
244,0.024163202666312552,0.7831470064420031,0.17637775944922293,0.0066162762025844465,0.009695755239877101
245,0.010928725578383234,0.7059357097677249,0.26686535704381165,0.0034211231585930544,0.01284908445148714
246,0.03433729199229743,0.7599636526801662,0.16843686950844536,0.021905113907689924,0.015357071911401001
247,0.02194543478804543,0.801840578802454,0.16449260084864126,0.0032294818531396602,0.008491903707719657
248,0.03487868572401411,0.7445712470104933,0.20795154187398876,0.003995785831574121,0.00860273955992978
249,0.011458031239692062,0.7342417709561745,0.248368479296011,0.0026046857127495827,0.003327032795372789
250,0.01729427247118637,0.8684984087833005,0.10507389109652718,0.003887457508758039,0.005245970140227939
251,0.013223972783983268,0.8729628180052921,0.108289848669523,0.002178767763941987,0.003344592777259621
252,0.008432820721803286,0.5317868656371779,0.4548119486469566,0.0005907944625525066,0.004377570531509645
253,0.006159104653069619,0.8036028482111263,0.18609946111708203,0.0005480130218693551,0.0035905729968527243
254,0.01428495399796372,0.5479380984867663,0.43257408977366896,0.0014121879665525885,0.0037906697750485245
255,0.005897191148889325,0.5904299179789849,0.3984273517754898,0.0004669375828359075,0.0047786015137999465
256,0.02411909341098441,0.6447034915303684,0.31926321626198123,0.0033633433928781384,0.008550855403787793
257,0.019194221760133197,0.6533689105092322,0.3150272836510567,0.002922507464342388,0.009487076615235424
258,0.01589667909213811,0.39898916544034935,0.575609520129343,0.0014154145362975745,0.008089220801872155
259,0.006656614024634736,0.6264789900435145,0.35851967916526045,0.001614861916672753,0.006729854849917672
260,0.025057292031196592,0.5138833623753175,0.4393699035147588,0.008866228585130675,0.012823213493596417
261,0.023369076418318153,0.3952297907103327,0.5652875821524194,0.005415204520961368,0.010698346197968419
262,0.016913414911342396,0.5444626881581919,0.42602898002766393,0.004915219888258976,0.007679697014542831
263,0.009951767638994987,0.43292017880609285,0.5518826507978322,0.0010371479601753416,0.004208254796904534
264,0.020186655713491673,0.4560345806993952,0.5054811740236417,0.004400743370867642,0.013896846192603977
265,0.00986136510493117,0.4832844046306408,0.4991934320591817,0.0009919062030258813,0.00666889200222037
266,0.017705018618211773,0.3590731683785156,0.6108191572577835,0.004613938327247666,0.007788717418241485
267,0.028705848833779954,0.5446268894714559,0.41052324873989693,0.004755963615770027,0.011388049339097121
268,0.024497088107594184,0.4357396333912673,0.5145239459535154,0.00891952448666583,0.01631980806095735
269,0.0112713070483377,0.44285778380917995,0.537108766925534,0.0010453609443668945,0.00771678127258144
270,0.02237136795015315,0.45548911484333005,0.49888972810210824,0.0035882733082056506,0.019661515796202945
271,0.01844051301044505,0.491319497057617,0.4714209013180444,0.001466454067823466,0.01735263454606991
272,0.01633381094784231,0.4581439765661738,0.5101809660977671,0.0021449112665123914,0.013196335121704499
273,0.025264843744679837,0.31479060621784266,0.6367233711178686,0.007943969872651075,0.015277209046957807
274,0.03182465131706416,0.6279473539368892,0.3230207358474147,0.005517697469073324,0.01168956142955865
275,0.016638133405984624,0.4963936197303006,0.4738534233817117,0.001172084223234676,0.01194273925876831
276,0.0333691187545132,0.6153788321498406,0.31693881163884774,0.006766294127266721,0.027546943329531667
277,0.037196459695186875,0.5275317813474956,0.4140851838336563,0.005557251026512944,0.015629324097148223
278,0.032297276282765734,0.6375381740215993,0.31553750478676645,0.005091072657087199,0.009535972251781344
279,0.014741722918099779,0.7308803801817919,0.24029069998407823,0.0015516271966138219,0.012535569719416443
280,0.010108080317339023,0.6709634205878678,0.3083570202420233,0.0009190277152555575,0.009652451137514355
281,0.02741651021778194,0.507248897070894,0.44855313305835465,0.005054191510201229,0.011727268142768197
282,0.037981811677785804,0.5182798909343209,0.42668655289544083,0.0009983668207540887,0.016053377671698357
283,0.004199876893080179,0.534774118035668,0.4565491241996579,0.0005072144545686624,0.003969666417025306
284,0.007640959072506196,0.2896785405199473,0.6945497416894718,0.001777090866462891,0.006353667851611832
285,0.02140685388482854,0.6712872416418414,0.2865070238075556,0.004034948628815703,0.01676393203695867
286,0.004967705919415894,0.568219283257751,0.4191104167518985,0.0006550332089378111,0.007047560861997024
287,0.007869149152690276,0.4469256860588768,0.5389029795633122,0.0006950511377746823,0.0056071340873460095
288,0.010791968036504748,0.641323050075638,0.33060381711192266,0.0018939478799111105,0.015387216896023567
289,0.024326564451343197,0.5254395238950031,0.4174656178480012,0.00884626838154689,0.023922025424105646
290,0.007210999420665286,0.3294888762406051,0.6564214432907958,0.0008814470387909176,0.005997234009142893
291,0.020756471333019978,0.4602094273981693,0.5011220890090938,0.004761375976526452,0.013150636283190456
292,0.020433773701608416,0.3480432369566509,0.6116290825321176,0.006422357025757856,0.013471549783865206
293,0.019045175099671928,0.35008177733206713,0.6080083150350502,0.0052132338401246585,0.017651498693086104
294,0.004974022810125014,0.1993493040605499,0.7923225656732941,0.0006819367330929344,0.002672170722938059
295,0.007899465952662641,0.2836496581371759,0.7029569014776609,0.0013439527139515396,0.004150021718549041
296,0.025417016076189746,0.3610367669012184,0.5922447450294536,0.010767863734339954,0.010533608258798384
297,0.008410825264814544,0.37773297986529286,0.6084883715690138,0.001076663425200406,0.004291159875678288
298,0.01994338514895492,0.3318809410968364,0.6358255393726688,0.005730792162666497,0.006619342218873376
299,0.028351439618497745,0.37577911459724805,0.5601347238037625,0.011842135161652233,0.02389258681883964
300,0.018511612529723647,0.521257209126265,0.44835209754628336,0.006196228129521677,0.005682852668206381
301,0.11676653671138099,0.3365399367612378,0.08640780880261587,0.035705376679383435,0.424580341045382
302,0.1393267189576646,0.6450373114318019,0.12857585723645443,0.008075342570543228,0.0789847698035358
303,0.259076214514624,0.6237882542513944,0.06613648860767812,0.013465636904673813,0.03753340572162971
304,0.301150860602452,0.5855896127409858,0.04004909802365662,0.01463455698555039,0.058575871647355296
305,0.05458085465991045,0.7966532196659417,0.12971017272417115,0.008065016885957831,0.010990736064018989
306,0.09596113837623886,0.790840753362639,0.05674190253547768,0.03729754593931575,0.0191586597863289
307,0.11973572272528515,0.7248536704046956,0.03878805775781965,0.012655606142611586,0.10396694296958794
308,0.10901528736177395,0.03352701859725478,0.0035147607550088545,0.0034130908860051062,0.8505298423999573
309,0.3669547727724286,0.444226640286017,0.02552363006190193,0.014799975434833617,0.14849498144481899
310,0.2527228536548505,0.7003442832407067,0.040089251300931376,0.001336935485217544,0.005506676318293743
311,0.15150106724513454,0.6559560196706421,0.17760110423260103,0.004988424836128186,0.009953384015494268
312,0.07834328068370872,0.8401430322082689,0.06016113921285,0.008321385148745277,0.013031162746427252
313,0.0582195635127744,0.8089564949520207,0.10511260219738768,0.010471834803124943,0.01723950453469242
314,0.058823547894500346,0.5110619333509415,0.3981198805134495,0.016262938632326803,0.015731699608781836
315,0.04624143261122268,0.7783229482858904,0.14400201221752776,0.008572496438662388,0.022861110446696756
316,0.02787735174011522,0.7832242048951114,0.17401050082200376,0.0027513883385779335,0.01213655420419182
317,0.012432037092237388,0.8521979536466197,0.12990108311239407,0.002492954081143908,0.0029759720676048773
318,0.03371154471074545,0.7815451292784132,0.17200738164093965,0.00302213533340627,0.00971380903649542
319,0.09122600227457497,0.7011723014796767,0.1451100259625805,0.02483519850004948,0.03765647178311819
320,0.182755705935,0.681756142597364,0.05265508788522975,0.01803811490484242,0.06479494867756382
321,0.3835353784711315,0.32064869270972735,0.015860708084493465,0.027278150839668662,0.2526770698949792
322,0.4170359617139633,0.4566204027120887,0.027145616849006123,0.012372921749349342,0.08682509697559258
323,0.22503126660604866,0.6786187296418124,0.02309331709349748,0.0055529709263444455,0.06770371573229708
324,0.16327100325921579,0.7379690585974374,0.08423971954457753,0.003067336633419306,0.011452881965349911
325,0.11435119286648536,0.7624242910558112,0.09576688691283408,0.010044884138860517,0.017412745026008612
326,0.049920557705953036,0.8176978882191142,0.08088849799952959,0.007305614999357008,0.04418744107604625
327,0.007891121335264685,0.7421508251043848,0.24610338419812802,0.001569995454041893,0.0022846739081808223
328,0.009218301332902981,0.8565338526285873,0.12897462093640275,0.0014350631239648359,0.003838161978142416
329,0.028801407527587156,0.7626072374713867,0.1938477859426284,0.002739256033196471,0.012004313025201194
330,0.008087293526662535,0.8441206393754599,0.14490822851466795,0.0010754933838438712,0.0018083451993657423
331,0.049840612877185955,0.7783824621148421,0.15227373853873163,0.009707846697894358,0.00979533977134594
332,0.014359352426518245,0.6916157743114811,0.28585391772337987,0.002278685693764187,0.005892269844856342
333,0.15852283341838247,0.5051070386940176,0.0916861129142591,0.01676082639345786,0.22792318857988292
334,0.08969013323560997,0.8657287791985612,0.02849383239954794,0.003005361380707635,0.013081893785573385
335,0.028194403077751503,0.8972214555175072,0.06908845649208466,0.0019475217587549955,0.0035481631539016636
336,0.0064585419634321335,0.801132054033343,0.18693308076367535,0.0017691540222032716,0.0037071692173462774
337,0.1639935006034393,0.6423738219480007,0.04649187065740777,0.012937622667258957,0.1342031841238931
338,0.14327181872085937,0.6798023566873995,0.030110381151921887,0.028027529825218864,0.1187879136146005
339,0.1875750920280886,0.5984654998175699,0.025909249950774507,0.015253293674006942,0.17279686452956014
340,0.274468100436639,0.6604816099655317,0.020563921045657473,0.008120711776899233,0.036365656775272516
341,0.051138361021726655,0.8973601763601108,0.024495024709402662,0.010396115712216212,0.016610322196543643
342,0.019410927889033203,0.8388959456321613,0.12693637012174894,0.009608753758992507,0.005148002598064215
343,0.0729857977658115,0.8147278877009981,0.027131109725319888,0.030944532585606033,0.054210672222264146
344,0.09031115447438796,0.7220646502724122,0.028264807260927123,0.058477080079017404,0.10088230791325525
345,0.20242151231658181,0.5250077648885436,0.0033661307492733844,0.1067072003510308,0.16249739169457053
346,0.15228021102097758,0.16943189293957725,0.00898823187580647,0.08991447704652114,0.5793851871171175
347,0.1641634369668844,0.45974617832550635,0.012494427071929087,0.11715362775830068,0.24644232987737935
348,0.08406614873879442,0.7260094855935656,0.0034694754692322083,0.11217901463368055,0.07427587556472717
349,0.025106647638722775,0.8186656163683965,0.057873759692106216,0.04133010038973511,0.05702387591103943
350,0.09298922372834444,0.18390208457112714,0.00032157160915616517,0.2377560235432484,0.4850310965481239
351,0.16267067205668154,0.15175526200823056,0.0007537790080207282,0.42406640624658787,0.2607538806804794
352,0.19314474358774916,0.31988916805195783,0.00030883155161026183,0.34202744375220867,0.14462981305647396
353,0.05345351796845807,0.047915979458369895,0.0019290067151554872,0.029840446359207046,0.8668610494988095
354,0.15660599448674667,0.09381770054297356,0.0006370982587723166,0.4729288169781192,0.2760103897333884
355,0.11194883743720538,0.10743147791581903,0.00013373190271748076,0.6543930158527747,0.12609293689148351
356,0.1244827520605032,0.11301009678770063,0.0004845753650131596,0.47427253609698494,0.28775003968979795
357,0.2776687150590451,0.1541622881786967,0.0020587113509859265,0.23957475464267008,0.32653553076860226
358,0.10559543875757187,0.15839876678751744,0.0003233984947736007,0.6233906642610846,0.1122917316990526
359,0.13589121993062894,0.16080973708654556,0.00047488426602205233,0.5326552017821116,0.17016895693469192
360,0.06910190366279197,0.12990484834924113,0.0011418409212241643,0.3276675895804921,0.47218381748625066
361,0.10058099626356537,0.1073555856811115,0.00020857949248638845,0.6895649058070352,0.10228993275580152
362,0.09129340563191758,0.08853081240967106,0.00025470669283111957,0.7314890940644095,0.08843198120117084
363,0.11815104593202247,0.08013540823533191,0.00031280031106604967,0.6823720881652154,0.11902865735636418
364,0.06487439399228284,0.13825945069642134,0.0018763243351172148,0.5026030493436671,0.2923867816325116
365,0.06684968631506982,0.18794035112545976,0.00047688726586301384,0.49615573463975665,0.2485773406538507
366,0.07551937813243512,0.18610724723499858,0.001139078020398561,0.582226304512681,0.15500799209948674
367,0.16616916999756995,0.13679402854180575,0.01265666864849534,0.25827190638709185,0.4261082264250372
368,0.10045464443801673,0.040506977605440954,0.0018574248870333225,0.5198525735825485,0.33732837948696043
369,0.07655264451894377,0.05702153492657513,0.0005070415043518558,0.30902074271222635,0.5568980363379029
370,0.003907011757308296,0.007353309439279055,0.00045364869413869955,0.00931511840430092,0.978970911704973
371,0.008403897258949898,0.014153910531244944,0.000358280446813618,0.01241356353317992,0.9646703482298117
372,0.014245630614703877,0.04323457714582296,0.0027220933798782474,0.008106445830722061,0.9316912530288728
373,0.0035811817281051453,0.002829525919863772,0.0004075354721084016,0.0016117421205374602,0.9915700147593853
374,0.021543961336707745,0.0028461228214673707,2.9421073079400812e-05,0.0041293033779992525,0.9714511913907462
375,0.0034444925585252017,0.0008732771622930015,0.00014675534858730606,0.0005127210281760178,0.9950227539024186
376,0.002429658295356937,0.0003696971779067079,0.0001364755571173372,0.00032320356375168546,0.9967409654058674
377,0.0774873369267335,0.030506028922055697,0.000855711906422714,0.028845407867420424,0.8623055143773677
378,0.39192232406358507,0.062309746598520094,0.00030362277042175105,0.12873779716196254,0.41672650940551054
379,0.11021404236231577,0.022147950323276454,0.0005220461542492051,0.0420626642517546,0.825053296908404
