epoch,N1,N2,N3,R,W
0,0.009508478468075957,0.0002772749209690521,2.2213191659779893e-05,6.521826914721164e-05,0.9901268151501479
1,0.006017187096038807,0.00027837085037956863,2.2941539184157452e-05,6.104536626400774e-05,0.9936204551481336
2,0.012392309881798402,0.000277991852616719,1.4347962988317515e-06,0.00010325926773425634,0.9872250042015517
3,0.019860689738704813,0.0004678801378385335,5.32204319731934e-06,7.550803869101718e-05,0.9795906000415684
4,0.07428288348526414,0.0009066839361338973,0.00023685303348514053,0.0002777327291318191,0.9242958468159851
5,0.01971014282172183,0.00046899708300675,0.00010872530361278106,0.00011938128180629687,0.9795927535098523
6,0.1884303545473816,0.0027471768741190524,3.0107706501185075e-05,0.00038923620395091757,0.8084031246680473
7,0.28747208330190616,0.00699519433607479,4.206980584765203e-05,0.001755831608041,0.7037348209481304
8,0.12436467665346637,0.012993949464388027,0.00016913325017552528,0.0019017482465152234,0.8605704923854549
9,0.24481016629637178,0.02576268020598456,6.541329098710485e-05,0.012587010186412543,0.7167747300202439
10,0.19544272316687486,0.031771833690464026,0.00011027990756946314,0.010789716870184242,0.7618854463649075
11,0.11061966296528011,0.020277375289743837,0.00014944124944926368,0.007046288037976962,0.8619072324575499
12,0.19880507801632105,0.007448249130317087,1.525530761983825e-05,0.026096151840408532,0.7676352657053335
13,0.11479564521094966,0.012965305999093511,4.09523891946641e-05,0.0036308136497762962,0.8685672827509858
14,0.010401901865906385,0.0031226949624703396,1.3474008422339728e-05,0.0012422861448062132,0.9852196430183947
15,0.3699847688972857,0.014954789945636532,1.9874505246475405e-05,0.009387772108798613,0.6056527945430327
16,0.0661278519887098,0.00653763976093522,0.00021253691747266684,0.0009282032799929874,0.9261937680528892
17,0.0211418066155087,0.0063282412877619645,0.0002152502005216756,0.001155791773066726,0.9711589101231409
18,0.003024422885752366,0.0024696660851625295,0.0005424228015597193,0.0003069187619150843,0.9936565694656104
19,0.4869269881272757,0.009334941658579636,5.657557539804947e-05,0.008192786918525208,0.49548870772022147
20,0.7244224473041825,0.03162742112936657,0.00045889049403167326,0.008435390797699772,0.23505585027471956
21,0.5369258078558916,0.09972930932819304,0.0006024111940491564,0.05451016108700538,0.30823231053486083
22,0.3063603789865759,0.3489019941748629,0.003599734923799244,0.0070103013798924405,0.3341275905348696
23,0.15697106710261813,0.6733243769042072,0.003935884946916653,0.015169272985097917,0.15059939806116016
24,0.2481937206639988,0.3161611170457763,0.001223593261558891,0.02850715458058747,0.4059144144480786
25,0.21051613399129193,0.27305802553433706,0.002188449692875237,0.009874718552266362,0.5043626722292294
26,0.30999260595312383,0.34767416435937387,0.010695145033850764,0.004989121050827105,0.3266489636028245
27,0.08192259636959823,0.832348369419662,0.010811465119824889,0.005706565515652068,0.06921100357526289
28,0.22806204373847916,0.1982647858289099,0.0010980305629530388,0.06730196690650055,0.5052731729631573
29,0.11062439780824661,0.6470461033304533,0.005030882411948098,0.02833280618948049,0.20896581025987152
30,0.03835108635756594,0.04034386474750839,0.0009380464172299792,0.004518313448658941,0.9158486890290368
31,0.054801081828369735,0.03267486741640372,0.00017987327261347218,0.005079962016498718,0.9072642154661144
32,0.17289964805221458,0.00944703300652349,4.172418107072949e-05,0.010418674777797158,0.8071929199823941
33,0.2200924702818856,0.006700275924556095,3.5351901527975015e-05,0.0015608247183830914,0.7716110771736472
34,0.10986751740601125,0.051547063855303964,0.00041630045484347103,0.0025980195263164345,0.8355710987575249
35,0.3274931537242559,0.07249498942587658,0.00011338261151439497,0.029320708369374927,0.5705777658689782
36,0.2524928158924253,0.10237729109871167,0.00020707196567673736,0.01144447482868461,0.6334783462145016
37,0.05779767594030916,0.018277233242926,0.00021239193657012168,0.004886385485264479,0.9188263133949301
38,0.5308172949798599,0.09608844119688896,0.00023467475593390804,0.03013977250419352,0.3427198165631237
39,0.25590045607194706,0.4162501824866877,0.003038782159008946,0.008268236764016,0.31654234251834024
40,0.21345872372897373,0.04545934750174378,8.165932353323257e-05,0.023515272300896697,0.7174849971448527
41,0.006687930769626405,0.002096044083251017,0.00010635391875810744,0.00039985378453733525,0.990709817443827
42,0.42411199969255753,0.06345464503641518,0.00019002728068813693,0.011124457425992164,0.501118870564347
43,0.4985875573856385,0.05559982631091412,0.00017361125351555453,0.005072261623839795,0.440566743426092
44,0.3983125337554104,0.26668166611251404,0.0022470998615596823,0.004448069879283386,0.32831063039123237
45,0.5418748471005482,0.2850341060095293,0.003078976277870197,0.007217451221518417,0.16279461939053402
46,0.5191246257693134,0.33874505077088707,0.007741366693607086,0.014397339202661162,0.11999161756353123
47,0.21259783084109335,0.4243236957607678,0.01087125438910911,0.015227684842437491,0.3369795341665922
48,0.16243789518893786,0.6757365873123169,0.036626990425214605,0.0042591542811852776,0.12093937279234544
49,0.07158901631753,0.819677193771776,0.023223819515359602,0.0029691259748105274,0.0825408444205241
50,0.036380471016461864,0.8461978750265029,0.047824301347814395,0.000494761735150647,0.06910259087407018
51,0.19687576118349057,0.659578834246615,0.0038990228795107024,0.008976620255125215,0.13066976143525857
52,0.12358350848748449,0.8065177696196536,0.009407654252543798,0.0035953820869668984,0.05689568555335109
53,0.11236350687900651,0.8302386270518296,0.010785318742008517,0.002214445243421733,0.044398102083733626
54,0.18963817107985378,0.6526659030921054,0.017060553997374016,0.002301835315003109,0.1383335365156639
55,0.381317578550485,0.49884161243139635,0.004826440858586451,0.0014384111763510565,0.1135759569831812
56,0.30876632322434105,0.6033233708471571,0.005799727410155215,0.0009287529793298918,0.08118182553901655
57,0.15777082409434187,0.8078576878606933,0.011199717814261684,0.00017332704129070293,0.02299844318941222
58,0.01609434408812089,0.7728660533349084,0.20378987932286774,6.477979669335615e-05,0.007184943457409691
59,0.029713702918735825,0.9115214530624929,0.046798198275843896,0.00015867160266317773,0.011807974140264124
60,0.0072682262067431495,0.8850897903469142,0.10367376132682242,0.00016459948710570863,0.003803622632414706
61,0.0044807332290781885,0.7364868663331169,0.25538978749774427,0.00016047583030815097,0.003482137109752407
62,0.005654958728188252,0.7119399946714604,0.2779156625976756,0.00012441550501285798,0.004364968497662712
63,0.00869207141858766,0.9394432242846175,0.048439531885897814,0.00017047295377243195,0.003254699457124612
64,0.0017895192966002516,0.4274271163492148,0.5689340207164093,7.129388027228482e-05,0.001778049757503356
65,0.002244394741030332,0.7003736890182926,0.2954865450221021,0.00013765051357847406,0.0017577207049966571
66,0.004647272373371458,0.6648494659563268,0.3226352798159834,0.00021111228556631407,0.007656869568752038
67,0.00869791403058382,0.7112767115602747,0.27688300283635764,0.00015329603341726196,0.0029890755393666892
68,0.003975637238926692,0.5707664415212134,0.42155205513715344,8.887909000584888e-05,0.0036169870127008763
69,0.0020289787228426766,0.40845297318272306,0.5852723380158388,6.900109675507861e-05,0.0041767089818404175
70,0.0029188130300372276,0.4860556072789221,0.505001159627633,4.5839551826249733e-05,0.005978580511581307
71,0.005756846922117409,0.5825196337973488,0.404281032471357,0.00010465418452318234,0.007337832624653559
72,0.005280671874297364,0.4765355961560124,0.5062137794545354,0.00014379371811545715,0.01182615879703944
73,0.003275567754685442,0.34066661024560224,0.6449708444475775,9.426042753242354e-05,0.010992717124602563
74,0.0031153491120847776,0.24780737476319936,0.7392594705346558,6.117805403606196e-05,0.009756627536023925
75,0.015083357170314681,0.6351875719987539,0.319783388056177,0.00020240532085705925,0.02974327745389728
76,0.03943059452606448,0.45874708745088527,0.4926602216116824,0.0001765834939994132,0.008985512917368422
77,0.015912215574962335,0.4266256817971136,0.5381017741616205,0.00024451262744154507,0.01911581583886218
78,0.01068250695599352,0.23114338617634456,0.7499555008261679,0.00011343691188948981,0.008105169129604503
79,0.005640318986975812,0.27462002387971535,0.7049030404651213,0.00026987440749010516,0.014566742260697317
80,0.007247430915386732,0.2888650817072895,0.6890177264594027,0.00018188933286531741,0.014687871585055757
81,0.0023693340518989203,0.15332715413414516,0.8392834172166902,6.3667022096421e-05,0.0049564275751692475
82,0.0012550155373229346,0.13214361074025122,0.8625006880272073,4.678622562848076e-05,0.00405389946958989
83,0.0014412963722110483,0.20110703907822788,0.7850016943926369,9.26147612137364e-05,0.012357355395710545
84,0.000998663147935205,0.1946069261603713,0.7993975868593629,6.577253969539849e-05,0.004931051292635045
85,0.0009601423455682348,0.10261400437132404,0.8940404709162197,3.1155833724042924e-05,0.002354226533163971
86,0.0012664445584694719,0.2361197623519808,0.7596084570824259,3.4498359957427574e-05,0.002970837647166389
87,0.001608301953413965,0.36403553820371004,0.6309219470124146,0.00013224438691666302,0.00330196844354476
88,0.0009472770615256889,0.21516964664261923,0.7810484833137272,8.454657291575005e-05,0.0027500464092120166
89,0.0013309591916558351,0.22722995766739315,0.7693672184438519,0.00010602335842073164,0.00196584133867843
90,0.001429067977778679,0.2546786209988077,0.7415391322314424,0.000126484005853025,0.002226694786118119
91,0.0013012440375075338,0.10947401494100077,0.8870811538255557,0.0002451304637771361,0.0018984567321587169
92,0.0068692834078186,0.6535405535784895,0.3319948943116727,0.0017416551961829763,0.0058536135058360845
93,0.0028455734709157826,0.19904524729157627,0.7919673371987558,0.0007834379727099179,0.005358404066042427
94,0.0019469343825817827,0.36730682554614075,0.6244178719512219,0.0006909972278025796,0.005637370892252812
95,0.003914945002355273,0.512767229427785,0.4646506065082773,0.0013457096702190622,0.01732150939136346
96,0.021817545730566625,0.014096321046797132,0.0023975938005562146,0.0015938178324409991,0.9600947215896389
97,0.09383059815107823,0.02197757463578224,0.00016820394443030877,0.006571169380581965,0.8774524538881272
98,0.09417483546405796,0.017811166618287196,9.861238470696924e-05,0.0026118019685174095,0.8853035835644305
99,0.5246430400916252,0.07555997772550303,0.0010465457424418596,0.004730799998687626,0.39401963644174226
100,0.5463609508250105,0.14145705191701385,0.002496994400234566,0.007187459469634464,0.3024975433881068
101,0.3599838326969286,0.4069914506140056,0.007491437093730976,0.023793410794529297,0.20173986880080555
102,0.24325143818848996,0.2539638554735834,0.0059428705124191464,0.061672248706341505,0.43516958711916603
103,0.22808649342323867,0.6572844317565883,0.009866725714272351,0.04683022514327769,0.05793212396262295
104,0.3463607325928379,0.4654701231271221,0.0021682440161839797,0.10009514499979183,0.08590575526406416
105,0.2802930216791501,0.6517555665671526,0.007093899172432022,0.016159382452346806,0.044698130128918497
106,0.22441124409471164,0.6784042539500392,0.0016632603733616885,0.030696451546979732,0.06482479003490768
107,0.13017089009558952,0.7699381088590944,0.0185289126457224,0.007093035256699288,0.07426905314289459
108,0.1794238812200265,0.7122584956728663,0.04367044226626445,0.004476208732556108,0.06017097210828671
109,0.16527328874297548,0.7888502701330491,0.011420210183454894,0.0067396276616092324,0.027716603278911192
110,0.05301971249697133,0.8729977039665935,0.04030510098307629,0.0023325422836759113,0.03134494026968287
111,0.08662994372794021,0.8668110512987885,0.02209923605625334,0.001744819534619336,0.02271494938239861
112,0.011168898893996075,0.7486256165229546,0.22423820077662096,0.0007685770139204828,0.015198706792507741
113,0.039898660835743636,0.8492186913890291,0.05953415528634832,0.0013561832450324934,0.04999230924384641
114,0.04890765166113359,0.8709693533263337,0.03566445724780211,0.0026859629306382336,0.041772574834092455
115,0.04268748099958904,0.6545750477198472,0.2864544624113775,0.0012160535488230236,0.01506695532036315
116,0.07060728280920327,0.8368132284322909,0.06491460107706701,0.0014633772510289252,0.026201510430409924
117,0.024138801761357714,0.8243548306229895,0.1471313351933087,0.0009679281385325728,0.0034071042838113496
118,0.05667021494634524,0.7715675132713823,0.15940012058902564,0.001024164793392937,0.011337986399853879
119,0.018140843960526037,0.8577575490303418,0.11581628394788504,0.0021855900503239445,0.006099733010923026
120,0.05111062917726002,0.8890765791797578,0.032452998132952486,0.0033813590331297585,0.023978434476899933
121,0.02368753714060033,0.960003477089853,0.008678238711889578,0.0027198171417740025,0.00491092991588311
122,0.029022809218787266,0.9370959155119422,0.015302779355904857,0.005201315636806281,0.013377180276559415
123,0.06898481114620397,0.8395610294747324,0.03765055457728645,0.01268269784459716,0.04112090695717994
124,0.042174516546723176,0.10953315270881149,0.0029036204600361767,0.003250470024844282,0.8421382402595848
125,0.5347602992210937,0.061809547067529905,0.00015275842353400915,0.026102044125389964,0.3771753511624525
126,0.07404921558768529,0.08256275860144324,0.0015372134184447924,0.008613047468943952,0.8332377649234827
127,0.001250047476251097,0.0006084251201376379,3.1137863887506765e-06,0.00019693866343035464,0.997941474953792
128,0.02654433642092077,0.0019684749741388633,5.9364950404495336e-06,0.0007790772327362747,0.9707021748771636
129,0.1915005493628476,0.006684169206648312,8.921723086707803e-05,0.0016328083165335855,0.8000932558831034
130,0.02098905278954179,0.0007750766060868206,2.807107933079289e-05,0.00013325354055051313,0.97807454598449
131,0.03568769130190244,0.003351170764653483,0.00020933298624424245,0.0011858744812369704,0.959565930465963
132,0.09561095541859814,0.008846117607995564,0.00042869733511056795,0.0053942126347578225,0.889720017003538
133,0.0008350839790468906,0.0001708605116215143,6.71775566576266e-05,0.00022143012910830917,0.9987054478235657
134,0.0031936833810408613,8.852532996893299e-05,2.0833020070350644e-06,0.00024866059078050134,0.9964670473962027
135,0.028096902351361426,0.0009632816463562105,1.918663035190096e-05,0.0004917325245823482,0.970428896847348
136,0.005573885511607685,5.2698830470008153e-05,1.1246196941055995e-05,8.930994777554973e-05,0.9942728595132058
137,0.10182524518450627,0.0047654290088100975,5.421268975910413e-05,0.0025628890828341996,0.8907922240340903
138,0.009910737905370748,0.0013105769720615963,0.00016588275915908676,0.0004904409353088538,0.9881223614280996
139,0.0005064752327675637,8.768870848654155e-05,2.04096949950006e-05,7.676165263151879e-05,0.9993086647111193
140,0.0010255617663091211,0.00010545227473019934,1.192273091676788e-05,7.830603730899043e-05,0.998778757190735
141,0.004228897072328257,0.00034896372391856565,4.643434092566744e-06,0.0007788600274964849,0.994638635742164
142,0.01158727999376758,0.00023759278824894974,1.1122252773407264e-05,0.00034121941455038575,0.9878227855506596
143,0.015768679949997737,0.0002884988837106929,2.0791080867719667e-05,0.00027167301971174916,0.9836503570657122
144,0.05814920512325493,0.0019788945310571827,3.0023999072372846e-05,0.0013839898560054982,0.9384578864906101
145,0.15918566068220166,0.01698569301086086,0.000634086433498653,0.005968154807456718,0.8172264050659822
146,0.11352525726257857,0.014507684226360937,0.000447461312084516,0.0034467331074102504,0.8680728640915657
147,0.44575252903385937,0.18995686070234605,0.0012139997315416939,0.09407892258638462,0.2689976879458682
148,0.12963621971971714,0.2085953579125122,0.005677630369657491,0.05514191239620825,0.600948879601905
149,0.0657244449826475,0.006566017038713993,0.00031318202285857935,0.007097236956570447,0.9202991189992095
150,0.11721359344419585,0.03436428006301794,0.0007822861058302473,0.022313689166798496,0.8253261512201574
151,0.002058572007796239,0.0007428145973890027,7.518850633686173e-07,0.000802452162456928,0.9963954093472944
152,0.035574334883335404,0.003996364525515106,1.2441844461868508e-05,0.0017581862649765872,0.958658672481711
153,0.2961607169135661,0.0377447498120318,0.00013492233305619167,0.04094699457103065,0.6250126163703154
154,0.3149383308241866,0.021802251703677285,0.00011324770184302522,0.008406851114179588,0.6547393186561136
155,0.1022122212172888,0.008330795507525284,5.7533630522708704e-05,0.007713046364922482,0.8816864032797408
156,0.09331799245250919,0.021265389436513325,0.0002882019218114874,0.014459860987324734,0.8706685552018412
157,0.19493558718761858,0.21491837093546173,0.0018476019121603233,0.04561476958494909,0.5426836703798101
158,0.45168362567095355,0.13357169591762663,0.00043349634354284875,0.20699621121262693,0.20731497085525008
159,0.21214039101042004,0.08566282891978359,0.000573962633594468,0.06531623811046984,0.636306579325732
160,0.26136440054949905,0.20604593326884327,0.0038877687237429902,0.12283504144542512,0.4058668560124895
161,0.5486674393929305,0.11941950798203343,0.000288861353002501,0.11535960661309688,0.21626458465893675
162,0.5179689007963848,0.33080398531986877,0.0013721486406230573,0.06856330422484402,0.08129166101827935
163,0.33931316360558716,0.23275973746781436,0.003445057893955829,0.027706817980402892,0.3967752230522399
164,0.2797922803466355,0.5537653743339168,0.04629473746533662,0.01750131568525739,0.10264629216885382
165,0.046124971281216426,0.8153629791307682,0.10761758671355517,0.007353180943961324,0.02354128193049903
166,0.1517922648136791,0.7508456047110382,0.0406449375869088,0.028976839674034804,0.02774035321433901
167,0.13672394357065998,0.19916162808742233,0.013331152103479184,0.0099095056067928,0.6408737706316457
168,0.2535952604764387,0.6857809055863914,0.015683877686784867,0.015715199366120067,0.029224756884264985
169,0.056380223422739094,0.8774223893906776,0.052760104674624275,0.0025978933406725015,0.010839389171286498
170,0.05769144578725747,0.8962628064756034,0.028481644292288926,0.0034662733291563894,0.01409783011569385
171,0.07501630935917727,0.8916304370351577,0.013723994835843061,0.0038536206497534853,0.01577563812006867
172,0.03923586453759797,0.8981448207778541,0.011396551174398134,0.0024944463186832235,0.04872831719146652
173,0.02735009956138385,0.9441797175838565,0.019743777545215207,0.0024814840579663,0.006244921251578037
174,0.14951497114186924,0.5017101116037768,0.02592649555008139,0.0051711603307746335,0.31767726137349794
175,0.3748383877734044,0.34847239281938,0.004955892277831123,0.011116829431339076,0.2606164976980453
176,0.07070054394751665,0.8225154128948806,0.07267332423666498,0.0021090197041935834,0.03200169921674425
177,0.48417979314697007,0.3562113911181723,0.004725013500491159,0.016250695789512406,0.13863310644485421
178,0.2237707505745761,0.7122564892705144,0.012964637284887939,0.017984583993279683,0.033023538876741795
179,0.07448793453327729,0.8660435062869577,0.034959090030273,0.008184759318587219,0.016324709830904643
180,0.11677615481502905,0.8089074591334693,0.007818131048332838,0.0349805104492914,0.031517744553877305
181,0.08169713547361923,0.710375255223957,0.09137538962959281,0.016384298896081895,0.10016792077674913
182,0.20821904304950878,0.5246597496430282,0.021027106972074643,0.10914209823331417,0.13695200210207423
183,0.20107334178855257,0.4948372147048234,0.0067974567307142785,0.22809785480300027,0.06919413197290941
184,0.11726642266674737,0.2788012772535114,0.0292014771950925,0.23956210092863067,0.33516872195601816
185,0.10156932096820653,0.18849419206880258,0.008567502386684385,0.2706059293942394,0.43076305518206714
186,0.04136245794056063,0.01207435274530555,0.001799180236284813,0.06478616006797396,0.8799778490098751
187,0.15076647108835275,0.041201798754402864,0.0008220312477276466,0.18042389252968286,0.6267858063798338
188,0.12614380950692275,0.01628856368527254,0.0018228664103307,0.31896705363032846,0.5367777067671456
189,0.15035289541436514,0.02270693442889962,0.00013083570441666447,0.605137502874471,0.22167183157784753
190,0.13981649007822156,0.04597740400879062,0.00048741121734240437,0.4847599378293594,0.32895875686628584
191,0.23380435883186015,0.03947773122441671,0.0003496189425095694,0.5651331288333511,0.16123516216786238
192,0.16525132880887713,0.09262751200511977,0.0028769372872346705,0.2865154651341429,0.45272875676462554
193,0.03241794185567948,0.01277189664706765,0.0009291875038587744,0.08007148487047801,0.8738094891229161
194,0.1773985038303456,0.07015604485344464,0.0050569451249742985,0.44275833138294873,0.30463017480828664
195,0.1494750166686275,0.0637420149867724,0.022661333251331368,0.35822794891294096,0.40589368618032773
196,0.15428467020709674,0.058836112219342436,0.014616102274635232,0.42490838566183387,0.3473547296370918
197,0.09207557293270355,0.07149736818736407,0.015108579397922593,0.34614981501496,0.4751686644670498
198,0.058745222938735624,0.04814019285500781,0.007821613072328579,0.23762591926686186,0.6476670518670661
199,0.14056462338548323,0.11311465876471387,0.004549361176304182,0.5607758769055703,0.18099547976792843
200,0.21373769363890147,0.07569609701095419,0.0006987563804139354,0.49244390886951644,0.21742354410021394
201,0.19460797468097943,0.041026801034750995,0.00017288327808518184,0.6626948446361791,0.10149749637000527
202,0.07198036425769849,0.03134288638121894,0.00010665408157704464,0.6524710598694341,0.24409903541007139
203,0.012425927796638658,0.0031895048865325133,0.0003383762409143299,0.022039099986087794,0.9620070910898266
204,0.34537556649552537,0.044753382101968345,0.0005527671187620316,0.3657646367335795,0.2435536475501647
205,0.42202669104686547,0.02462931777369954,0.0006490184117519796,0.2147565122101427,0.33793846055754034
206,0.4000727141855835,0.0507023187771912,0.0026204811450856644,0.2726066476042941,0.27399783828784563
207,0.18820808150292068,0.0524928807049183,0.00046266060263015817,0.10132467868661718,0.6575116985029137
208,0.2185810501943108,0.13061140076266547,0.0006500181481686434,0.4300886677442202,0.22006886315063479
209,0.13673074823882958,0.04324308407546893,7.880445251291067e-05,0.7456885268307075,0.07425883640248104
210,0.1782102851973901,0.10612734022816127,0.00028349860231852354,0.6300237487250793,0.08535512724705079
211,0.11451265554610447,0.05461667377266027,0.00014611269828613906,0.7561642768405981,0.07456028114235108
212,0.015943617063542328,0.017666138553142672,0.00029525071473708163,0.8359614531344755,0.1301335405341025
213,0.018768145315521963,0.015301897805218723,4.7714384855760044e-05,0.8171865954339196,0.14869564706048385
214,0.06306582398353948,0.09729219150845551,0.0006694776098016092,0.6655688740389226,0.17340363285928073
215,0.0391489343254701,0.04471867902231005,0.0014826615994833275,0.7309075705376331,0.1837421545151033
216,0.44234473957828074,0.08566077689737128,0.011293681145625616,0.19092084006362237,0.2697799623151001
217,0.1167438225478426,0.07600261603309857,0.016859256247704915,0.16550453377754265,0.6248897713938113
218,0.2781704955418699,0.43248116059119457,0.04338898115625226,0.14920894091031556,0.09675042180036764
219,0.2917569434243341,0.32146932228721653,0.05360375825458229,0.23680526171824917,0.09636471431561795
220,0.4396549109050979,0.32208735639050046,0.03140936517090591,0.12556032265694472,0.08128804487655104
221,0.0883084540776805,0.6145343673584671,0.1877927311591996,0.0657974811157005,0.04356696628895238
222,0.32195372370778585,0.3835236528657145,0.08385456763638503,0.1593349347122375,0.0513331210778771
223,0.22785594323984118,0.40287767945566916,0.06479635056204842,0.05409687591724456,0.2503731508251966
224,0.3662344798880203,0.502509337985052,0.013738208128328317,0.06798681012819983,0.04953116387039957
225,0.43551083269831986,0.47665221551356074,0.04267699551410425,0.02532406052147465,0.019835895752540682
226,0.1466084082378077,0.7871371533147115,0.0356318084835201,0.017261073255237628,0.013361556708723268
227,0.03865490833625903,0.6343028541714444,0.30317569506593456,0.01682835124607466,0.007038191180287228
228,0.05738664123973567,0.6983202277212607,0.193885667235062,0.040161673819400695,0.010245789984540801
229,0.012947644368593601,0.4804117739213059,0.4999711695886218,0.004518969290870329,0.0021504428306085045
230,0.003489309144777605,0.44666282844940275,0.547329179229352,0.0007210085687396956,0.0017976746077279222
231,0.0026053172672319187,0.575817390285162,0.4191551678692665,0.0005784661541184168,0.001843658424221187
232,0.006106019186035087,0.36037356181349367,0.6296354414627501,0.0012461174309460728,0.0026388601067751255
233,0.0011216370469272659,0.18487273643013954,0.8125698545252602,0.00040931884372146134,0.0010264531539515465
234,0.0021676750079630443,0.2768901228980526,0.7177467022914545,0.0006349706700402052,0.002560529132489496
235,0.01665270787317924,0.15732372759945448,0.8151607191353143,0.0008122494334464105,0.01005059595860549
236,0.026655424737826294,0.6620171262428122,0.29541987842733125,0.0013249534760534742,0.014582617115976932
237,0.006460396888521384,0.3416436380715437,0.646065586743273,0.0004464294788508498,0.005383948817811023
238,0.0037551114544709255,0.20806645379864644,0.784392463921626,0.00023328564414105537,0.0035526851811157776
239,0.388282007987335,0.3873546780038702,0.11546961384053556,0.0033143571637391797,0.10557934300452015
240,0.008755301089664784,0.30884866280748213,0.6792993632388358,0.0003237987483163749,0.002772874115701019
241,0.0018611378226775347,0.15798161025523463,0.8385434788041478,0.00015268501229649136,0.0014610881056434646
242,0.002184447098505066,0.14775483879490336,0.8484842435977475,0.0004480785962952626,0.0011283919125487563
243,0.0008111412213919868,0.12924388897844236,0.8688580391756614,0.00028825046757126403,0.0007986801569329166
244,0.0007151042415471895,0.16251127047138075,0.8361282177053637,0.0001436308684083843,0.0005017767132999718
245,0.00028365068253870295,0.08361276294374918,0.9156657712156961,9.167661886113344e-05,0.0003461385391546498
246,0.00025374137739290684,0.05231315174665609,0.946890398054668,9.804488901443917e-05,0.00044466393226844656
247,7.10445219224034e-05,0.02186644744756607,0.9777368546691632,4.6765598344473994e-05,0.0002788877630038281
248,8.659762078725835e-05,0.027521445917962,0.9719674545535054,5.9489057211765184e-05,0.0003650128505337354
249,0.00010485445709840131,0.062086115633227974,0.9373893936024981,9.061494235217803e-05,0.0003290213648234142
250,9.374144748800928e-05,0.03325997427224722,0.9661981882757431,9.7408104901852e-05,0.0003506878996197766
251,6.242435648865874e-05,0.037300636197012606,0.9622701436048096,5.4983394721366146e-05,0.0003118124469679819
252,0.00024697646994974534,0.0854996880938133,0.9138171287897761,1.9461069034299384e-05,0.0004167455774264933
253,0.0002559640561538718,0.06879202421856564,0.9304145146658631,4.51919144031606e-05,0.000492305145014408
254,0.00013462978503794656,0.037156933451965364,0.962269087904135,2.9600858078848906e-05,0.0004097480007829056
255,0.00010372939431453446,0.04768538934062526,0.9518123916277503,1.995830734547356e-05,0.000378531329964615
256,0.00024847559147770255,0.03811093432506242,0.9607180260020485,3.928905257245951e-05,0.0008832750288389735
257,0.0002540460684736779,0.027020086776460096,0.9718384623998154,3.3606852334174556e-05,0.0008537979029165902
258,0.00021482362125458348,0.05629468498183811,0.9423524204494106,6.031944563192132e-05,0.001077751501864771
259,0.00044082038453540544,0.03288910908446497,0.9656041794449202,2.646597122441265e-05,0.0010394251148549887
260,0.0002916150287026382,0.04125811727285533,0.9574978085183703,2.9901031081267386e-05,0.0009225581489904253
261,0.00019344427556045252,0.023473790735218346,0.9756398315227007,2.027175171052971e-05,0.0006726617148099759
262,0.0003504352243626287,0.052650220277749356,0.9458155018834873,4.7246715547710955e-05,0.001136595898852969
263,0.00012481302000883529,0.023256015630539455,0.9761813272623163,2.2458624198983172e-05,0.00041538546293619675
264,0.00018593962165411646,0.02660348017786311,0.9724874260484595,3.9510296240487523e-05,0.0006836438557827404
265,0.00033214504540020307,0.06663309273956972,0.9320515036192278,6.321078807782744e-05,0.0009200478077244509
266,0.00018076682020939607,0.022939742251482747,0.9764558923009582,1.2209036971736808e-05,0.0004113895903780067
267,0.0001320885736039559,0.014322208395089929,0.9852007035020206,1.0676006201623905e-05,0.00033432352308398447
268,6.896141281055556e-05,0.015566758808203822,0.9840904127288914,9.307708329158509e-06,0.00026455934176534794
269,7.928172254812116e-05,0.017231761993795273,0.982390983963093,1.535068705801223e-05,0.00028262163350588733
270,0.00010347487061746913,0.02798799680586807,0.9715368181349058,1.5188702614101289e-05,0.00035652148599443084
271,0.0002589927491250101,0.028122162711043983,0.9706352482515457,5.617520120873198e-05,0.0009274210870765661
272,0.0001370234434280667,0.02256106822945311,0.9769448000748109,1.8770169989585862e-05,0.0003383380823185496
273,0.000567857756724441,0.028354153896694042,0.9689017297421854,0.00010077791018686782,0.0020754806942093855
274,0.0019197297823249995,0.08118380209993703,0.9120661375683772,0.00043545744295434534,0.0043948731064065135
275,0.013718618697363807,0.17948799959189443,0.19403459313954696,0.0035037722500757557,0.609255016321119
276,0.3467548563126109,0.16031959220210912,0.03674511523261408,0.009368334413951214,0.44681210183871467
277,0.4304483320796636,0.4163748300514557,0.0040541262424235325,0.042552215481764966,0.1065704961446923
278,0.30444105195266535,0.567453371895491,0.004482051331626904,0.02705310612607419,0.09657041869414248
279,0.32736058517219396,0.5914960668093081,0.003754350945879188,0.008904792630136908,0.06848420444248178
280,0.0764159374468979,0.8286480854454772,0.06242204680718096,0.0107060730770763,0.02180785722336757
281,0.16407337131142996,0.8032411492082588,0.006401127036111443,0.015560270000748352,0.01072408244345155
282,0.03174618358721528,0.9159042323555936,0.040554061282550485,0.00711707435225625,0.004678448422384365
283,0.010446312631366294,0.7577917406523491,0.22445082358544968,0.002614846186533884,0.004696276944301161
284,0.015981848184425985,0.8350300689677163,0.14137174928232948,0.003909481208854824,0.0037068523566736824
285,0.007209322241234826,0.7900168789186179,0.19597221908212656,0.00201279863575466,0.004788781122266005
286,0.008722244976962364,0.7370228138017866,0.2474506615217898,0.0017377835610883814,0.005066496138372893
287,0.004090642356570725,0.6741364449852651,0.3181613925543133,0.0008666428029684875,0.0027448773008823305
288,0.01052158659189492,0.6083102315215901,0.3760897857784709,0.0008404979191661043,0.0042378981888778955
289,0.004561804505651316,0.6279327209291828,0.3646113047696664,0.00032258027095776506,0.0025715895245416566
290,0.005038065111232675,0.7469257212040585,0.24480386180027713,0.00047151342258449594,0.002760838461847065
291,0.003944482252573944,0.5498429243271763,0.44242198191559806,0.0003838210690730364,0.0034067904355785644
292,0.0034164017508003363,0.36212090108076456,0.6296680627904861,0.00042912600533047445,0.004365508372618402
293,0.0019534149871597226,0.28051137344223626,0.7152565941768577,0.00019277492653218823,0.002085842467214009
294,0.0012554428527428475,0.3153971450017705,0.6818158679601131,0.0002130808011717442,0.0013184633842017665
295,0.0009374509627152446,0.19134083561679613,0.806693081791254,0.00016187512666173944,0.0008667565025730083
296,0.0007518065667946083,0.21153405256681979,0.7861480967182751,0.00022236753981343948,0.0013436766082971661
297,0.00045785530742324746,0.16000514385342374,0.8384925183860533,0.0001138703744105066,0.000930612078689279
298,0.0011895243022101406,0.3594869181841371,0.6376663545472336,0.00025444944910001967,0.0014027535173192747
299,0.0003611533868437159,0.10020820249699851,0.8986050794015137,6.600136619890951e-05,0.0007595633484450768
300,0.0003336814309765298,0.08961750049980823,0.9095042238046661,3.6280228860516575e-05,0.0005083140356886761
301,0.000246252296350366,0.10714437075913705,0.8918797652789243,6.324529707740538e-05,0.0006663663685108861
302,9.480647534534478e-05,0.05154995314294225,0.9480230154824822,3.577468145338633e-05,0.00029645021777677033
303,0.00027253089863904436,0.12121212924616277,0.8779078172763799,4.438498385734295e-05,0.0005631375949609638
304,4.38918688515507e-05,0.03225874877967552,0.9675499270081842,1.1797485536811974e-05,0.00013563485775194947
305,0.00024476706424661547,0.05337247688090496,0.9459229096459049,3.32125164062756e-05,0.0004266338925372866
306,0.00014965425506761754,0.03936372612171598,0.9601735040042784,2.919333659199162e-05,0.00028392228234612937
307,0.00019362732713420604,0.06690437364385016,0.9316458601975897,7.893249139935371e-05,0.0011772063400264144
308,0.00022673124709954513,0.05181768541146033,0.9471867632175904,3.173587720739894e-05,0.000737084246642474
309,0.0007753555730058459,0.09568901378333015,0.9017775337262316,9.638470247599842e-05,0.0016617122149564128
310,0.0021225465556137073,0.14985713997927697,0.8448881214026019,0.00023937381820463135,0.0028928182443029218
311,0.07023979559969476,0.15125178581342202,0.12320217711520963,0.0017513574647239957,0.6535548840069495
312,0.0028947388902870416,0.5051772423767297,0.4884473608747537,0.00018259934972183534,0.003298058508507694
313,0.003141133285489525,0.3597278705256631,0.6331273124220601,0.00021915034610003246,0.0037845334206872065
314,0.0023839532569929983,0.2941530353044264,0.699973612249831,0.00012949844903782128,0.0033599007397118316
315,0.0016372732131388747,0.5992966388599839,0.39616415174853364,0.0005513792870734066,0.002350556891270218
316,0.000938095472978751,0.30363444509100423,0.6940141556813217,0.00032353525135138714,0.0010897685033438782
317,0.0056405541803930355,0.6874652068654621,0.29850791506519964,0.0020336882268922616,0.006352635662052851
318,0.03170101142405389,0.559770791077711,0.26316525369171684,0.0029277847450444126,0.14243515906147397
319,0.06620499743853556,0.8416900430442732,0.043534411474544496,0.004297536744033561,0.04427301129861306
320,0.04507902283076149,0.8540192017607783,0.09142279238310863,0.0022995874201131566,0.007179395605238431
321,0.027280074870321927,0.7696914586837259,0.19711110481881522,0.0008482761445126576,0.005069085482624356
322,0.008376601663537254,0.6193735052707688,0.36946523339241744,0.000572315869851423,0.002212343803424939
323,0.005125658687735894,0.7394174298325906,0.2532171819327698,0.0005610079068792482,0.0016787216400244596
324,0.001313732251054134,0.5693586447832294,0.4274377853698923,0.0004611047930019645,0.0014287328028221814
325,0.001395656671702783,0.38004501528467977,0.616355359248414,0.0004660060622030088,0.0017379627330003815
326,0.0014988503649655742,0.3889201173671777,0.6069839333973807,0.0004435431980065764,0.002153555672469417
327,0.0005940610315713401,0.490619536040726,0.5074053447011927,0.00011506858253546164,0.0012659896439745967
328,0.00033098623256300273,0.2840232846595376,0.714792653114815,9.688729504868146e-05,0.0007561886980356051
329,0.0004640482530419321,0.5714555360848116,0.4271087770304144,0.00010390808119988752,0.0008677305505322475
330,0.00036404187597358046,0.24131442330085817,0.7575120535275423,5.848497887418704e-05,0.0007509963167517992
331,0.00027500654859693,0.16036923406668332,0.838750870516749,6.062649042160165e-05,0.0005442623775492779
332,0.0004283069808862389,0.16509017318297062,0.8338178879648789,4.539864344097488e-05,0.0006182332278232206
333,0.00017357078543281848,0.04545603142592128,0.9540392170706986,4.0507158170774266e-05,0.00029067355977641974
334,0.00019634336702120949,0.06605586262989555,0.93336594247908,2.1031811539792025e-05,0.00036081971246333433
335,0.0001917970468313483,0.0477634408622073,0.9514878191314482,4.286442887524896e-05,0.000514078530637997
336,0.0003051918423312923,0.106947441817804,0.8919663064691793,6.174263688538626e-05,0.0007193172338000552
337,9.012546401544179e-05,0.02990278316359799,0.9696582413883432,3.293199491697911e-05,0.0003159179891264887
338,9.871031516706765e-05,0.039519054399100535,0.9600756459999328,1.6914479822306176e-05,0.00028967480597730586
339,6.611149646223943e-05,0.029551122663779433,0.9701733495781188,1.2667285565892873e-05,0.00019674897607380417
340,7.665718885514518e-05,0.029458869562102887,0.9703062227080297,1.0652489320203721e-05,0.0001475980516919897
341,0.0002257172532384856,0.05269351598724381,0.9467105445207804,1.8671887557668516e-05,0.00035155035117951516
342,0.0005206420758041753,0.04869068978342743,0.9498023807352204,5.430685047393988e-05,0.0009319805550740242
343,0.0021781767923070507,0.24595167270061818,0.7498752511435554,0.0002150064912430527,0.0017798928722765096
344,0.0011115171767533355,0.09329199632550743,0.9044731011114431,0.00015762172095103993,0.00096576366534526
345,0.08214671715874461,0.24797554657130277,0.6596778483220734,0.0014251052445383165,0.008774782703340837
346,0.08137120831201586,0.7644381617364485,0.0983243498288536,0.005821449878682733,0.050044830243999285
347,0.020320481604471086,0.6143143076893983,0.354181193122997,0.0020479903008985938,0.009136027282235087
348,0.07881378993739728,0.8418671311888503,0.06313489001665328,0.008330321142567394,0.007853867714531735
349,0.01836128911120817,0.9430942145360122,0.03098106905845132,0.00446611788886548,0.0030973094054627245
350,0.01280567010284783,0.8693145856560069,0.10831285408979459,0.0028397317221284745,0.006727158429222232
351,0.00483633483370638,0.809152467967819,0.18035587497109892,0.0035577258628125058,0.002097596364563209
352,0.019333864059590707,0.8222328312632166,0.14054630060415038,0.01356951945849706,0.0043174846145451785
353,0.026527671668849943,0.7866617633912785,0.13664621191704254,0.041262755773973626,0.008901597248855366
354,0.018410608231014085,0.7546082023931754,0.16036594655307773,0.06386619773001466,0.0027490450927181434
355,0.05136832442083153,0.3691254074008219,0.003358052321853386,0.5638899016833023,0.012258314173190933
356,0.2857644052562525,0.21545990102928284,0.0024998364718406304,0.406330968128869,0.08994488911375488
357,0.1392770262136242,0.29197472218387704,0.001813771983106428,0.5529723907575478,0.013962088861844524
358,0.11322995486648671,0.37516546190694783,0.005636149583674467,0.48432484684384464,0.02164358679904643
359,0.10663862990699123,0.12051544126027469,0.0030391391989955515,0.7537370534823796,0.016069736151358805
360,0.05042827004749245,0.09974191415726617,0.008038710865150622,0.8283276333229854,0.013463471607105211
361,0.034951454661504414,0.044797129491181094,0.002234838928933678,0.9070119159103478,0.011004661008033064
362,0.037374700297371756,0.02906150054601746,0.0013400829884564855,0.9234357836841796,0.008787932483974747
363,0.10898139323729991,0.02691472279283752,0.0039472742385800895,0.6263151024297046,0.2338415073015779
364,0.0945162458297004,0.029643240992867487,0.0006568139193143572,0.795549624396012,0.07963407486210575
365,0.24263811634010712,0.049278928538236226,0.0014681823503365418,0.6717462197960178,0.03486855297530233
366,0.1086332678720605,0.03828401541379409,0.00019274081355744236,0.8217350127512416,0.031154963149346262
367,0.09237665052033638,0.13828722743204694,0.002960758639268259,0.7127245396953487,0.05365082371299984
368,0.029287864665351566,0.03508067046333032,0.0003951854142467114,0.9095309558689358,0.025705323588135605
369,0.08962260850619504,0.04323907378372822,0.0001888283299467312,0.8391443092611768,0.02780518011895331
370,0.08277892837156656,0.10673279411767414,0.0012834320919679525,0.6330531932338876,0.17615165218490378
371,0.24458137430324173,0.0986096651874471,0.001540889248144063,0.5239226437486575,0.13134542751250955
372,0.06719063435909671,0.032988392186109175,0.000177806717814073,0.8790231253523477,0.02062004138463224
373,0.06012494056316401,0.06185191992450051,0.0006651371317583966,0.8041903944582086,0.07316760792236841
374,0.04558992472618922,0.01270332707221542,0.00034068717639315556,0.08744452690197851,0.8539215341232237
