epoch,N1,N2,N3,R,W
0,0.02198809378759005,0.0007553273679761436,3.2916521174387033e-09,0.00821834575960193,0.9690382297931798
1,0.0003529741751540289,7.013238379650272e-05,0.4423035647514521,1.6429211753101207e-05,0.5572568994778442
2,0.0008609296950911672,0.003868876714779339,2.2790274832214186e-07,1.3107461809903537e-05,0.9952568582255713
3,0.0003357733488166028,0.0024096709714271167,5.23825907003977e-07,1.9582602265063585e-05,0.9972344492515842
4,0.0004670066377364033,0.0005078222131195219,9.74341417051211e-07,1.8781342410419163e-05,0.9990054154653166
5,0.0026461431893911296,0.0005933774375059435,2.074549796569066e-06,0.00010079856013277669,0.9966576062631736
6,0.013728647921347436,0.0012979814582033528,9.212390647516088e-06,0.00045834826750758837,0.984505809962294
7,0.1890091524870224,0.0013322722396853456,3.348565677633439e-05,0.0007938716506662798,0.8088312179658497
8,0.12287214711007571,0.004207307886854381,5.047871185134332e-06,0.0007606934426302121,0.8721548036892546
9,0.2562388800802011,0.0017803182527818837,5.765811046147456e-06,0.0012500958807873637,0.7407249399751834
10,0.26222595201149523,0.003615817125737746,8.904432566135199e-06,0.0065558185565511365,0.7275935078736497
11,0.1964993949152401,0.004532966555305017,1.4983988984912023e-05,0.0061964503053614185,0.7927562042351086
12,0.30635230596457097,0.01072507715675472,1.7012930869466327e-05,0.02407286457630279,0.6588327393715021
13,0.4734906477060089,0.05193449341510304,3.199300286087171e-05,0.09290717023745647,0.3816356956385705
14,0.40758242391432115,0.24729295623407987,0.0002585052318934603,0.16406360477320128,0.1808025098465043
15,0.06849705989512962,0.6737179774008714,0.0004968279145227118,0.1820813279616315,0.0752068068278446
16,0.03927161574837326,0.7374495616638819,0.0002512103870215007,0.13970071538424814,0.08332689681647525
17,0.04121462769178891,0.814582509416373,0.000627270437734487,0.06059361504163783,0.08298197741246575
18,0.0851593019145432,0.25984429037182855,0.00013318298740619823,0.10523570131372323,0.5496275234124988
19,0.11374517286689238,0.7513424369413594,0.00176379289261422,0.05796820187351533,0.07518039542561866
20,0.059493372946506036,0.8899162946857028,0.0010630794103099596,0.01481775858376598,0.03470949437371522
21,0.03968612675771934,0.9068775504510748,0.0007269240072370866,0.018764460002766256,0.03394493878120257
22,0.1658560352156369,0.6088493416616937,0.0006428411284937031,0.10355285395910684,0.1210989280350688
23,0.11046318930753736,0.6896786386796658,0.0005233234532968495,0.11316650686438069,0.08616834169511922
24,0.024049705193650215,0.9276083463202507,0.009906887084191483,0.013075674600785002,0.025359386801122655
25,0.06446241406396151,0.447512769931723,0.00022731246996787462,0.42008560195272543,0.06771190158162231
26,0.03659653609114182,0.9052026301186278,0.0008874600215673541,0.037024845220684235,0.020288528547978746
27,0.049632469743179426,0.8770274427895867,0.0007458406477763952,0.015427526261767414,0.05716672055769012
28,0.06493183084948256,0.8158874403927691,0.0004938452206138708,0.09305002398794172,0.025636859549192655
29,0.03963328127831805,0.9145378508409885,0.01067665157101968,0.014030481496246857,0.021121734813427107
30,0.06664131543263549,0.818461496452476,0.0014026865391596097,0.08509778010358286,0.02839672147214603
31,0.025373638481619082,0.9097961631044842,0.0012592286279618625,0.047758775628967895,0.015812194156966858
32,0.043607969729774404,0.9240353604911924,0.001651223263487129,0.02067615448816573,0.010029292027380416
33,0.05188291468435105,0.900358209922507,0.029166309068173055,0.0048414038202368994,0.01375116250473204
34,0.032643227072576005,0.9341263527129872,0.015079235802343289,0.0034474307038029053,0.01470375370829073
35,0.07253751176051058,0.8952487603744246,0.0036664014171753317,0.009208459910844664,0.019338866537044617
36,0.031960594070094196,0.914520420228949,0.03381186641328804,0.002973083905531664,0.01673403538213691
37,0.022425990607133645,0.9324696500083584,0.036602962845286365,0.003080087374896288,0.005421309164325495
38,0.023876718062992987,0.9228873345249667,0.039755148565133326,0.0018167397299377781,0.011664059116968993
39,0.0047851945875538,0.8718225713098642,0.1181537291152952,0.0009766545648929462,0.00426185042239377
40,0.02100347134373538,0.9168995256073933,0.053700295338688656,0.0010105814599043212,0.007386126250278362
41,0.025418740723774473,0.8928531094485607,0.07079765082558213,0.002326771971429546,0.00860372703065334
42,0.02384057491513265,0.9537545285169499,0.01736967601999003,0.0004204235406256066,0.004614797007301616
43,0.006604575324810904,0.9131103062053921,0.07666496194380759,0.0002741178558825852,0.00334603867010696
44,0.007950232758290895,0.584786172331538,0.4021778876028478,0.0005325633241742008,0.004553143983149293
45,0.025524878485365304,0.8242252939175133,0.13922441091882035,0.0005238225651605081,0.010501594113140656
46,0.01522907149948899,0.8139764350922561,0.16215884990950458,0.0007710654937034152,0.007864578005046828
47,0.021899332276118857,0.8003492518903916,0.1686686253925363,0.0009954342847425459,0.00808735615621053
48,0.06254316732567557,0.8186361719901184,0.10747922959912859,0.0005034298086714551,0.010838001276405971
49,0.02676354019686471,0.49986000982054374,0.46153334632270776,0.00024017681270999225,0.011602926847173895
50,0.018532557873192832,0.7844438134499048,0.18796264645621114,0.00022612117676573622,0.008834861043925602
51,0.0030173660265372867,0.20375018138012715,0.7797503852667524,6.780697045471162e-05,0.01341426035612824
52,0.005403197482625092,0.5549322802889003,0.43380121623275675,8.818054346795961e-05,0.005775125452250031
53,0.0011718216515009513,0.10708378924168065,0.8874265566993955,2.3518220193963317e-05,0.004294314187228878
54,0.008385353675945558,0.6998897480290646,0.2752401206029562,0.00024924108953804867,0.01623553660249566
55,0.0023775627819066086,0.18217926423116348,0.8091444475113734,8.860216027792619e-05,0.006210123315278475
56,0.007205311908052182,0.2753938661924024,0.7071829542832013,0.0001518808936558184,0.01006598672268824
57,0.0038723938384068626,0.1266677452799183,0.8577564679181824,4.734903352400085e-05,0.011656043929968314
58,0.003709422613369243,0.2238975448123033,0.7651244647709803,7.529458271673592e-05,0.0071932732206303985
59,0.003622460062969138,0.08325698771782271,0.9068841078945571,2.2246063821321458e-05,0.006214198260829808
60,0.0052815439790309315,0.15877397527599238,0.8179640919905561,5.314699166931316e-05,0.017927241762751213
61,0.0017018328666545217,0.15922333513046188,0.8331748679749408,4.3491315185397544e-05,0.005856472712757491
62,0.003518615841988996,0.13419328665716104,0.8564136471258804,3.047164262806408e-05,0.0058439787323415655
63,0.0029668867700685486,0.1277931823596777,0.8631783680441686,5.7824145355628284e-05,0.006003738680729521
64,0.0018208803662206467,0.14655233314277688,0.8477649254367274,3.6230548021072034e-05,0.003825630506254135
65,0.004568188461855274,0.3503916857488137,0.6348561353240472,0.00010020539729376441,0.010083785067990072
66,0.0011829774416961026,0.17785502478235488,0.8173776011572957,4.362972543746637e-05,0.003540766893216037
67,0.0004743555862741775,0.06061992272947981,0.936267248287181,2.6798596454027153e-05,0.002611674800610851
68,0.007640641495147199,0.37706920328831256,0.6028721864762514,0.00044091176897738664,0.011977056971311314
69,0.0019590091201745893,0.09424905167540448,0.8946067730443706,0.00010667392322736062,0.00907849223682283
70,0.002474153227931668,0.4183640485154147,0.5734569050282415,0.0004249345097450222,0.005279958718666916
71,0.014872946036848895,0.5262325432687908,0.43942238924383675,0.0010570449795310455,0.01841507647099255
72,0.005683619493879223,0.24657187663495136,0.7402306072373105,0.0003535742055043302,0.007160322428354568
73,0.0029314439505602565,0.16803538496591575,0.82520723102554,0.00018907931515329299,0.0036368607428306165
74,0.0011506809726852952,0.1092899151279655,0.8859371511558419,8.700880918860152e-05,0.003535243934318516
75,0.0005502172235153786,0.08273465129438955,0.9126132909428807,5.952508928942801e-05,0.004042315449924911
76,0.000720378232341623,0.09889185517529599,0.8972890769441222,0.0001008859202633982,0.002997803727976851
77,0.00029083412401213684,0.0757988835966523,0.9195740779523464,6.208871884922858e-05,0.0042741156081397644
78,0.00044394252445935215,0.07317404853517274,0.9234979845203486,8.866280306799639e-05,0.0027953616169513053
79,0.0007388707265879832,0.09605613056979341,0.8967454468086081,9.817793681065935e-05,0.006361373958199884
80,0.0007951795437192098,0.057246704035130484,0.9267156155119487,0.00012342459769056156,0.015119076311510929
81,0.00023056957527886173,0.04658553399398159,0.9507966701733271,3.586668843914605e-05,0.0023513595689733905
82,0.0009713647953928045,0.10265289212888536,0.8838307135451415,0.00018773967839014189,0.012357289852190171
83,0.0016504493026128454,0.04858922076834812,0.9411008754779806,0.0001858740831386659,0.008473580367919665
84,0.000473349555562031,0.03684331632643885,0.9571508296426713,7.185144397262482e-05,0.005460653031355105
85,0.01118307997900353,0.26080252424215117,0.6922441129833831,0.0026778806497004333,0.03309240214576177
86,0.020507910610447513,0.37646322174441865,0.5350574115303602,0.0116769396432944,0.056294516471479185
87,0.04973979101850098,0.5533182188131495,0.26036179552776617,0.021073522568205202,0.11550667207237816
88,0.016624107544363307,0.1025308562460856,0.520002739328023,0.014334622817957495,0.34650767406357064
89,0.15355073356002613,0.4091774519246705,0.09329972367532538,0.08068556086259013,0.263286529977388
90,0.2820218171827294,0.2716468538109223,0.006979390666701265,0.19704095135858188,0.2423109869810653
91,0.18419590436220074,0.5570312532410758,0.09199040071591329,0.057989489716432044,0.10879295196437806
92,0.35867651811657075,0.2800856851841816,0.007992874726358686,0.17037376063421422,0.18287116133867487
93,0.1798277300250114,0.6243726872700777,0.0076665554623552845,0.1501990396421602,0.03793398760039545
94,0.14487472858762984,0.7173092227974278,0.018237206890167414,0.06023100948076384,0.05934783224401107
95,0.03087335280353206,0.9145888511968017,0.005873905304625287,0.038898885285269115,0.00976500540977183
96,0.032059519410286196,0.9019235029508085,0.0020288042676205424,0.04525574480888996,0.01873242856239492
97,0.2463905408824852,0.3162836305883626,0.0036325575765070476,0.07530761930670744,0.3583856516459377
98,0.12679980525943696,0.20457154717889012,0.0026149325954861425,0.5609187760594098,0.10509493890677697
99,0.2689757580338675,0.463407088043228,0.0006809411975252489,0.20723488479188767,0.059701327933491685
100,0.13403631387699544,0.6658502238154881,0.0020009434567711394,0.09403731863590528,0.10407520021484017
101,0.14459175734969784,0.02326563504000908,0.0004358703059503038,0.008240314939471468,0.8234664223648712
102,0.6897552688881174,0.04592774741498499,0.0003916412156873544,0.03998252712020263,0.22394281536100755
103,0.6182706204272459,0.053963486013743664,0.0001195416026182701,0.032452149845597175,0.295194202110795
104,0.5921980409746319,0.014341820082582023,3.745618856591205e-05,0.04676392748070491,0.3466587552735151
105,0.5838876259588428,0.0358993915412385,0.00017961582188623837,0.07101860973046357,0.30901475694756886
106,0.714990806268231,0.02204396482390212,9.627483606128335e-05,0.15178995652809732,0.11107899754370822
107,0.04362964830619087,0.006662343205593223,2.300611473126691e-05,0.016022669386504745,0.9336623329869799
108,0.3501202830550211,0.01774515115912914,1.4508710589328983e-05,0.10793628423492009,0.5241837728403402
109,0.5681865726447284,0.010117252131991132,1.8850660601885115e-05,0.21353881305945696,0.20813851150322174
110,0.5305823064782306,0.00831570458724787,2.6357475881474182e-05,0.2320830231423184,0.22899260831632165
111,0.13083721283767502,0.048216111758016184,1.7092713261254403e-05,0.690081517653925,0.1308480650371225
112,0.11982227239523743,0.02533300975699389,2.3519197874052585e-05,0.7612346440350379,0.09358655461485674
113,0.12881038158714025,0.01880360454077263,1.925537853167305e-05,0.7492206419223308,0.10314611657122467
114,0.2697881888038411,0.02020806957140631,2.4035969323732178e-05,0.5387666019173566,0.1712131037380723
115,0.12718233864496445,0.020761095643411165,3.2596038079858004e-05,0.7901532228023767,0.061870746871167864
116,0.16106960301660314,0.017674787167958356,1.9082091947305026e-05,0.6100354968470081,0.21120103087648318
117,0.06939676073098094,0.012978153564441111,1.0396792829519882e-05,0.4659553900748375,0.451659298836911
118,0.03664864130465619,0.008569870889934723,2.075215022698268e-05,0.19609906239754651,0.7586616732576356
119,0.3020283512065966,0.010080088500967038,2.752367743087867e-05,0.18138570722607755,0.5064783293889279
120,0.3374815562592043,0.005721799187605296,1.124126626132536e-05,0.17871720683702705,0.478068196449902
121,0.060109245877518154,0.004651085615696873,2.8153634492434266e-05,0.11695910048358119,0.8182524143887113
122,0.28644291313760684,0.003863891807184193,1.0819072974488888e-05,0.44269574841825154,0.266986627563983
123,0.019274449171651244,0.002335442427496321,1.595415545322269e-05,0.01475560179963719,0.963618552445762
124,0.320301130586179,0.005380865936432929,5.211625134579321e-05,0.40717036714343235,0.26709552008261006
125,0.26828265410146074,0.012516461248671572,1.597558327302531e-05,0.3074476315308962,0.4117372775356985
126,0.28872158990553415,0.015907890496396543,5.565299272868783e-05,0.5283962011652539,0.1669186654400867
127,0.15253361431958037,0.011232818510572385,2.1132893756416454e-05,0.7752420124292242,0.06097042184686663
128,0.18798340404501807,0.007797504957699057,1.2032107492089166e-05,0.2952510816351618,0.5089559772546289
129,0.28345384087796704,0.011613398802358059,3.004233335649646e-05,0.6350550547885363,0.06984766319778209
130,0.194324578295462,0.010678522871630965,1.994889838148595e-05,0.7606328796194562,0.03434407031506929
131,0.21715451514491182,0.009930174320078877,2.821087881428836e-05,0.7324989874056732,0.040388112250521795
132,0.10288849839257952,0.010953491003336556,3.430993650005387e-05,0.8560060150300318,0.0301176856375521
133,0.15653050900359347,0.011941312704347718,3.7385918398418386e-05,0.7188300297381622,0.11266076263549808
134,0.08925972558711062,0.0038912153714609154,1.211950261288048e-05,0.846424451484825,0.06041248805399049
135,0.12458033793847993,0.007628722097350768,1.050437926985525e-05,0.5952858366823215,0.27249459890257793
136,0.2276643926689865,0.012611542740023074,2.5984831702945054e-05,0.6208285904717401,0.13886948928754733
137,0.12486548876844514,0.0065088804024792625,1.7477463910630155e-05,0.7427952241622954,0.12581292920286954
138,0.4830914725483417,0.009800427097542632,3.4116569632510056e-05,0.29160654958624405,0.21546743419823905
139,0.31412317347691887,0.012164218767584022,1.8907020385913007e-05,0.17684496512997294,0.49684873560513815
140,0.29451051176438986,0.007481465622038488,1.7537916436682636e-05,0.6108304274920697,0.08716005720506521
141,0.344267805006605,0.010139260735996773,7.193122903524032e-05,0.5089762446531928,0.13654475837517016
142,0.2734258796237298,0.009071695220843622,1.849938316643615e-05,0.5554592989791911,0.16202462679306906
143,0.14120342225994556,0.008926458044667109,2.26797391702482e-05,0.7167806028031203,0.1330668371530969
144,0.09272736016398393,0.0073454635699821596,1.9477574872951695e-05,0.7936166577525559,0.10629104093860504
145,0.17936182301956674,0.013387031562370073,4.9162721004968614e-05,0.7218414860109593,0.08536049668609898
146,0.09498666151205573,0.007506855604562757,4.258214258595497e-05,0.8595500024059586,0.03791389833483702
147,0.1774485445689606,0.015514796042920994,2.6695464106090846e-05,0.46474288029344735,0.3422670836305649
148,0.12445679208764687,0.008291567339025621,1.735817162375637e-05,0.5647169214017739,0.30251736099992976
149,0.21801457369598723,0.0050420543793760295,1.7322603523632336e-05,0.5062723504534958,0.27065369886761725
150,0.49507646521682075,0.006523724588064456,2.598008120944005e-05,0.4125600659523393,0.085813764161566
151,0.42074564998976294,0.016684468020679043,9.94877664746216e-05,0.4448173648887515,0.11765302933433183
152,0.1493951659780635,0.007012655249541646,3.567409935574288e-05,0.7726251389652106,0.07093136570782858
153,0.10214814945299239,0.00886033107120064,3.383452303219373e-05,0.8551910168165279,0.03376666813624695
154,0.06023782538039131,0.005829494185572048,2.6333859407375698e-05,0.907007396085177,0.02689895048945223
155,0.047478303081817955,0.004387518763791757,2.824871496868611e-05,0.9080014899763219,0.04010443946309959
156,0.021691958857743,0.0033941508190960586,2.9142742224948386e-05,0.3214018471101566,0.6534829004707794
157,0.1779358382391934,0.0051385479221583786,9.367720392273931e-06,0.5487571840639884,0.2681590620542674
158,0.4556040001506447,0.004419263549187885,9.954084591375163e-05,0.31951765382011893,0.2203595416341347
159,0.5698642082943964,0.009002920245499643,7.700936629525705e-05,0.12635697351463576,0.2946988885791728
160,0.5434918310846997,0.027236622385169978,0.0005912781551414512,0.30358832145485426,0.1250919469201347
161,0.28821859410403494,0.09274651977726706,0.0006774928902514028,0.5778746961840366,0.04048269704441005
162,0.05998632837806158,0.26345628248911435,0.015546863606160725,0.6493254108856279,0.011685114641035558
163,0.04519300878969832,0.09177583101859903,0.0010011327731170448,0.8571407095303151,0.004889317888270588
164,0.035232809910837076,0.8868890856103774,0.0070376177304939305,0.064557584596595,0.006282902151696586
165,0.038750167756844214,0.8920002764735084,0.020103874207302152,0.04527830026269311,0.003867381299651979
166,0.011813105389511027,0.9346307902694068,0.04734622035907217,0.0028060827189028796,0.0034038012631071573
167,0.004460874928517256,0.8712828180882939,0.11872080169228283,0.0013836435394579923,0.00415186175144797
168,0.014082089300007986,0.949505829196075,0.028871778133692152,0.0038424968991009356,0.0036978064711241172
169,0.00431768893115203,0.8871974786609731,0.10492390086917332,0.0008325791831236843,0.002728352355577947
170,0.0014311360058138697,0.8135871275451403,0.18367257280206287,0.00022552038384744523,0.0010836432631354557
171,0.0021507251946669254,0.768368240825238,0.22597574400014112,0.000370989433978074,0.0031343005459758665
172,0.0013665015275702585,0.6035244179601447,0.392360737013991,0.0005254972904981532,0.0022228462077959555
173,0.006488398041089016,0.709198421694195,0.2801224503094432,0.00041712121634955465,0.003773608738923235
174,0.0016196235054456462,0.36392711690339824,0.6332346884919254,0.00020944383459229512,0.001009127264638346
175,0.003355572134643378,0.5141177724434711,0.48001747798029537,0.00040506993256179686,0.0021041075090282883
176,0.007347854134188553,0.6183880061701568,0.36805318941138754,0.0011771990888424606,0.005033751195424568
177,0.0236222693578715,0.6404834966950445,0.32314975796486745,0.0023164713603990444,0.010428004621817501
178,0.16795045291733726,0.5618860229541255,0.00861179107696044,0.0018595056971580566,0.2596922273544187
179,0.049867774070761,0.9310646741173132,0.0053684694175224834,0.00039683427336258635,0.013302248121040756
180,0.022555545341721103,0.972472187453256,0.0028685634280322067,0.00029062959610089026,0.0018130741808898944
181,0.032850812781800486,0.951194033893697,0.013526742838517642,0.0001970927880661331,0.002231317697918571
182,0.004449295454345025,0.9722713021832001,0.02152695206189825,0.0005169901125618911,0.0012354601879946477
183,0.0021869024800697653,0.9721841274577806,0.024045520625998292,0.0008034559558027541,0.0007799934803487792
184,0.001873886484256481,0.7872898776920674,0.2089495064410065,0.0005139642106918156,0.001372765171977848
185,0.002955316511746327,0.9578891193798755,0.03705655766220642,0.0008560853972200362,0.001242921048951622
186,0.003019299492406028,0.9714958420941068,0.023549755572703158,0.0006518167887966882,0.0012832860519872398
187,0.0020904639567369226,0.9782300382839815,0.018361651120779043,0.00035444620990353684,0.0009634004285991236
188,0.0011312927481252,0.8173573727531711,0.18034386401643948,0.0003513382127936822,0.0008161322694705164
189,0.0018799497311832892,0.7818372060719487,0.2143679211861256,0.0005119735703343406,0.0014029494404080131
190,0.0009927088897337584,0.6241359487595538,0.3736710348721557,0.0004902412124334996,0.0007100662661233328
191,0.0015636613334346074,0.8442621265646804,0.15171132645662708,0.0008047905031616086,0.0016580951420961886
192,0.002778000112827488,0.6590825341725199,0.3353117012414574,0.0009401939356098219,0.0018875705375855194
193,0.0009093939560438182,0.3461463324362335,0.6513770129249626,0.0006133793955759273,0.0009538812871842159
194,0.0020107059590591604,0.7083346949542796,0.2877713353877448,0.000339256449503801,0.0015440072494127045
195,0.003003297916550888,0.7081084788645635,0.28620789496679216,0.0006045854234031687,0.002075742828690103
196,0.0012619734706509353,0.5918310818462723,0.40544294641785505,0.0002533947726777318,0.001210603492543979
197,0.0013368866365035658,0.6036991250022111,0.3937031243145143,0.00011493022323431315,0.0011459338235365714
198,0.0006059320124730094,0.19296377537078443,0.8058094910813378,6.969595418697416e-05,0.0005511055812177204
199,0.0020846475415665145,0.7074564863640563,0.28739531067016805,0.00023553537989892627,0.0028280200443101416
200,0.0014261781309826335,0.36805541502825967,0.6292961384240846,0.00014187787120103161,0.0010803905454720593
201,0.0008942743701292827,0.25776351913894535,0.7402165104275049,0.00010907937511301092,0.0010166166883074424
202,0.001410194401492364,0.36073814181605524,0.6367982151993922,8.96092103975507e-05,0.0009638393726626619
203,0.0003820152115535662,0.06431540972865708,0.9348469056041003,6.909182404514701e-05,0.00038657763164372846
204,0.0008444683344818044,0.2991257915520601,0.6986269481126541,0.0001744564846201433,0.001228335516183781
205,0.0008721841745883468,0.4430883278102252,0.5537769979111419,0.0005004209180143775,0.0017620691860302739
206,0.0019946865559497826,0.5339780348199682,0.45771130788678516,0.0014772828563821543,0.004838687880914788
207,0.0011987551239059366,0.1768895032065759,0.8193850167378987,0.0005680188792111311,0.0019587060524084987
208,0.03075198121469512,0.6276813201597776,0.1703338895148736,0.002182466172229388,0.16905034293842425
209,0.010622287281498837,0.2736517783814861,0.07116400799620366,0.0007764695751087931,0.6437854567657026
210,0.1019519548494656,0.21918473608006156,0.004767574409867704,0.016259087780286192,0.657836646880319
211,0.07256253089181831,0.10912010652290993,0.0027725996754637125,0.009623627431860916,0.8059211354779472
212,0.11845423256874268,0.27620832199766765,0.0023112456200555863,0.006683379460468445,0.5963428203530657
213,0.0779206800263436,0.48205200583596736,0.004214360033326163,0.006952949867743309,0.4288600042366196
214,0.07263122375098721,0.3067097812854777,0.0011037726282081535,0.0057588136299889315,0.613796408705338
215,0.05791200265238421,0.494692368413739,0.008652704995342932,0.00899934533225216,0.4297435786062818
216,0.10009077456055451,0.48754761162062754,0.003892959630326086,0.017683814590453945,0.390784839598038
217,0.1066067544137115,0.4164003339284132,0.006017853614172134,0.014322567435523886,0.45665249060817914
218,0.0786829571276151,0.25304624814872595,0.010871340982961135,0.018325063949737846,0.63907438979096
219,0.06871849289147945,0.12666212102256136,0.006077370252992234,0.01668123229588567,0.7818607835370813
220,0.2736260682399989,0.5039695684128186,0.001383199095090317,0.027936556852320178,0.19308460739977212
221,0.21328991967499478,0.7157817000652503,0.007212475526983323,0.010545177706510074,0.05317072702626176
222,0.3863388518179299,0.5671652322691461,0.00215270157821646,0.011188604398837251,0.033154609935870244
223,0.014703713787009985,0.9375262767526622,0.038060186069480036,0.003158921120481979,0.0065509022703658555
224,0.04833777436775925,0.9225074231022197,0.0058217107845852335,0.01585912330088924,0.007473968444546691
225,0.08345450017113816,0.8505747962338073,0.019604648656899017,0.03188682708923508,0.01447922784892058
226,0.09526332017646948,0.817119791375197,0.052605993033691685,0.01733502971153906,0.017675865703102787
227,0.09406461551450074,0.618742146446525,0.2522206623731345,0.010365357621721086,0.024607218044118702
228,0.1875905391018779,0.16638831760207345,0.005013771469156486,0.011628892374720038,0.6293784794521721
229,0.19483043558653843,0.7695953932918138,0.0025963718970860405,0.007829086147444162,0.025148713077117604
230,0.08434478315566676,0.8836769044929675,0.011196456510300792,0.003961048596251143,0.01682080724481372
231,0.023827717408038893,0.9338056679425776,0.03111367168089275,0.0013527781412988507,0.00990016482719187
232,0.0051319061725846465,0.9364920287440733,0.054650153685863956,0.0010758537100246815,0.0026500576874534092
233,0.0006952602535668764,0.21887741192152005,0.7793739977479296,0.00022855225838709273,0.0008247778185962964
234,0.009686225382595563,0.8389412984349514,0.14516304427377033,0.0019236118868413631,0.004285820021841276
235,0.0022606290566983653,0.46488325281238374,0.5300743701977388,0.0005870494991107531,0.00219469843406827
236,0.003372102530673245,0.499153437665048,0.49517079623226595,0.0007367413587767673,0.0015669222132362174
237,0.005717364995522466,0.9115587782698162,0.0806030033200966,0.00043871757944507914,0.0016821358351196956
238,0.002671599542679758,0.535799100650446,0.45888865828686237,0.0007639393863180482,0.0018767021336937718
239,0.0037096878054751117,0.7104852324050722,0.2831685800269521,0.0007069396093753726,0.0019295601531252107
240,0.0031200080081945645,0.6772591995013019,0.31705044865216386,0.0004797519408304834,0.0020905918975093816
241,0.003365878037186405,0.6830318524260531,0.31092865318503005,0.0008209604341380171,0.0018526559175923503
242,0.007666422184174709,0.8126457671393692,0.17438933850606816,0.0012837888886086694,0.004014683281779332
243,0.010178635859955073,0.7259633827141512,0.257008758050144,0.0010942580785292123,0.005754965297220612
244,0.0037750610903469384,0.6625728870915021,0.3310859392777014,0.0003409970458473754,0.00222511549460222
245,0.004912504305893268,0.44603234477624726,0.5446058282898117,0.0007136254455106178,0.003735697182537138
246,0.0070138960216934295,0.9143068213988513,0.07484646664748405,0.0017671452519324345,0.002065670680038885
247,0.001131605193217327,0.23688413471647685,0.7601464724930148,0.00037103381841335537,0.001466753778877681
248,0.0018687854163524477,0.27129828843295256,0.7225480825724014,0.0006446941089568502,0.003640149469336771
249,0.01805500373095016,0.3454124810049662,0.617173894453714,0.00156039881712353,0.01779822199324613
250,0.009880185443680122,0.4114855032401068,0.5670733930451478,0.0012397572381931188,0.010321161032872284
251,0.011372867844446114,0.8622194587067555,0.12234196803390172,0.0011929224466426037,0.002872782968254016
252,0.0042200115307898575,0.6152770207408575,0.37743247467701735,0.0006037055722762279,0.0024667874790589217
253,0.0029343011706365334,0.8244933947498632,0.16896822876997072,0.0004082967934208801,0.0031957785161087
254,0.004572238928962942,0.8266515154910667,0.16529443988593223,0.000482418309171562,0.002999387384866509
255,0.0012128493496600548,0.6567519079565438,0.3402005833609234,0.000291398607025861,0.0015432607258468
256,0.0020305734500659406,0.39866262686985665,0.5964368604956752,0.00031549186461267084,0.0025544473197895243
257,0.0011124967506049694,0.34969832677185186,0.6470806565517846,0.0002988149001088169,0.001809705025649737
258,0.0020400441225250773,0.1793609834528169,0.8164472738559129,0.00025532096744407067,0.0018963776013010626
259,0.002445414357468414,0.07789499662082644,0.9150949581167316,0.0003181348002528211,0.004246496104720455
260,0.005088156535921249,0.2836793181105399,0.7061157805549142,0.0009388029701019723,0.004177941828522735
261,0.016051435503557834,0.7488952395087733,0.22285865698966847,0.0015106538380407044,0.010684014159959667
262,0.004980727870786031,0.6295032038314203,0.3597635926068431,0.0014036382605548815,0.0043488374303957975
263,0.002142876687158651,0.7762384711825105,0.21771778638392264,0.0008485246260930654,0.003052341120315036
264,0.002050583927789231,0.8408701151531606,0.15263943550560216,0.000862692864984733,0.0035771725484631473
265,0.0013521173609119274,0.6823874020252275,0.31083766371031285,0.0009340053609933121,0.004488811542554146
266,0.0016070255126356292,0.5631448505678778,0.4260436190826366,0.0013082078688307131,0.007896296968019205
267,0.29366435064026997,0.1973440210084783,0.007445974561868571,0.009216365872142656,0.4923292879172404
268,0.04594998620154803,0.8332705542215366,0.07637584962541324,0.004865569706092309,0.03953804024541001
269,0.1192980782330714,0.7163251769190436,0.10699861701102821,0.0080756434950782,0.04930248434177868
270,0.10209129988906965,0.8248919907996839,0.030291763726934838,0.00561495641773762,0.03710998916657402
271,0.06480801274982116,0.8923379564620242,0.015402301129066617,0.008781532199445496,0.0186701974596425
272,0.1863578180736797,0.7522384618061787,0.005956898867923618,0.024344824416948463,0.031101996835269426
273,0.009631714469194093,0.9415183171556756,0.03710366071442814,0.006666476854849752,0.005079830805852382
274,0.014002582634157944,0.8785479854897583,0.08347542985672204,0.0042419030194451885,0.019732098999916448
275,0.013095976343487933,0.90036616393939,0.061549629568505085,0.007339035822812455,0.017649194325804595
276,0.025158893598256717,0.05489453805684549,0.0026102837484737623,0.0047269106869010395,0.912609373909523
277,0.18853345643703998,0.1515121409078684,0.0007817782221709178,0.01830918784182355,0.6408634365910971
278,0.3070963696744094,0.4715994869866962,0.0017572208270254235,0.033672684697300496,0.18587423781456847
279,0.04827252257178493,0.036828244938542566,0.0004072958123215632,0.0053454729722464565,0.9091464637051044
280,0.5568389113457761,0.0877165938626578,0.00014571922391588328,0.048913450481387864,0.30638532508626243
281,0.2860222093569414,0.3402131537287218,0.001300670056861281,0.05788465549328405,0.3145793113641913
282,0.468791212236537,0.2944036917618969,0.0004070926058427969,0.15029658308935412,0.08610142030636914
283,0.05267631272931603,0.8420374058641568,0.010461860757479529,0.05623893371276826,0.0385854869362794
284,0.08586868422263108,0.6717176154280009,0.0007740626058912539,0.2136329335026946,0.02800670424078207
285,0.04221884206797094,0.6779353042787775,0.0030385135315118285,0.23572034557042337,0.04108699455131645
286,0.13222860378779808,0.5001324989586672,0.007945291229787523,0.28514916297171305,0.07454444305203413
287,0.1349864533683415,0.3649913703161845,0.00040124146031621493,0.366062164063338,0.13355877079181971
288,0.11157417069962955,0.3538549743078135,0.0015855605522550685,0.23173339912132487,0.30125189531897706
289,0.13395162737299351,0.4858107493608373,0.004584144234457343,0.18957641507664316,0.1860770639550686
290,0.19601048137928856,0.49317393465443166,0.0005913062408247818,0.2144826878739328,0.09574158985152217
291,0.3391603999364634,0.159684214961161,0.0001347322147982519,0.23490553414080637,0.266115118746771
292,0.15035221876193547,0.6271422325736244,0.0010490362989013834,0.1493819624915706,0.0720745498739681
293,0.10629668404337793,0.7566617147693854,0.014174361177897016,0.06360420588268688,0.059263034126652736
294,0.15498668687790096,0.5621669326712301,0.0002981079152416769,0.07095989623816723,0.21158837629746002
295,0.11380950282054485,0.7293374393344981,0.00033716636330545616,0.07471985597367357,0.0817960355079781
296,0.1160074776851123,0.6704711383975316,0.014943400793682664,0.040456165941237354,0.15812181718243606
297,0.07989077783078677,0.4766161961761088,0.028581637773720938,0.045560398712113155,0.36935098950727024
298,0.08430859164672501,0.3411595746476261,0.09044495917970366,0.012489078439317933,0.47159779608662733
299,0.16109905866102042,0.119254025624346,0.008559340902121666,0.037178729673532904,0.673908845138979
300,0.013572231694178356,0.035639208605851624,0.024993021241433606,0.005632325853135939,0.9201632126054003
301,0.10211708342633595,0.033454620381540484,0.0005982272935238341,0.0134213829963307,0.850408685902269
302,0.6920544028782476,0.0886973487334617,0.00040909665579086943,0.004559530962062078,0.21427962077043786
303,0.36637200442819695,0.38415541983504103,0.0005475402356026075,0.00881406078258011,0.24011097471857923
304,0.6943057648934573,0.25734631919324286,0.00023153351087322233,0.005284828522724816,0.0428315538797017
305,0.23798616814950171,0.7009312332463848,0.0019907911703733916,0.0034125360436844765,0.05567927139005558
306,0.00819859387391287,0.9105823966920912,0.07803022854865535,0.0009482394482325362,0.002240541437108271
307,0.0046914234506166596,0.9482726516573288,0.04221232257806135,0.002891253159687817,0.001932349154305286
308,0.0014424622457104952,0.8966836388671257,0.09405928173343284,0.005555741490197533,0.0022588756635334357
309,0.005469931638692804,0.8925759268320709,0.05020280175996336,0.038158056698254235,0.013593283071018555
310,0.1297656724378948,0.12758199337607146,0.00012162260214993761,0.40750332856223537,0.3350273830216484
311,0.05478285692169227,0.4416874040551455,0.00017926911302153857,0.4701428468170029,0.033207623093137836
312,0.0674966035664436,0.7111824974136967,0.0007124187168072113,0.18246908492402286,0.03813939537902958
313,0.24182782303305983,0.024766654065415863,2.9471200035039276e-05,0.7069868784699962,0.026389173231493104
314,0.282351164049706,0.01571606066616295,6.44869852211269e-05,0.5306871171298022,0.17118117116910767
315,0.27775384426029914,0.026307692973142078,6.356992801448583e-05,0.6609966268037755,0.03487826603476883
316,0.41738095540087894,0.013999366301852454,7.769512505693621e-05,0.5131612510363038,0.05538073213590791
317,0.30297236577074205,0.017878758962172052,5.590435472317466e-05,0.6500499529568367,0.029043017955525968
318,0.1456000987609336,0.010449697868924005,3.42350852214329e-05,0.8105370904524211,0.03337887783249983
319,0.06662056658633692,0.011990547544786763,3.272391153416943e-05,0.8149282850471312,0.10642787691021086
320,0.05786441369698541,0.009491930826102581,1.5434256930297433e-05,0.8756238713177891,0.05700434990219266
321,0.13405827025913164,0.007801008192324466,2.5758220794455378e-05,0.7429366167202848,0.11517834660746475
322,0.20738534304352796,0.01093186855405686,5.821552452669197e-05,0.506130714442994,0.27549385843489455
323,0.3793523036151662,0.00756132472326913,4.505046964887436e-05,0.24226928110716658,0.3707720400847493
324,0.39738728284893265,0.010800865518974644,4.936623641925079e-05,0.34395364804230616,0.2478088373533674
325,0.3495119501695418,0.012165636582268763,7.15995474270225e-05,0.577629001630528,0.06062181207023447
326,0.4050853597892838,0.011228424709348955,0.0001023340438721233,0.441340553981305,0.14224332747619015
327,0.2199725463799414,0.019219858353441685,5.9309125118000444e-05,0.564499147632653,0.19624913850884598
328,0.1810732028816316,0.014180649938180172,3.474013746818588e-05,0.7734761299739453,0.031235277068774655
329,0.3168291744867485,0.009995225155258212,7.193150238712759e-05,0.6239797278570032,0.04912394099860301
330,0.3290664779426036,0.023840191104241456,3.972496778750263e-05,0.5473718419205893,0.09968176406477822
331,0.15406973026760454,0.015196332780161251,2.644455516819046e-05,0.7347921996442347,0.0959152927528314
332,0.13514637919804814,0.007960705340595918,3.330041991157405e-05,0.6004550445027835,0.2564045705386608
333,0.17856981187082138,0.0046293471787152846,2.8252490867996732e-05,0.404158728575874,0.41261385988372135
334,0.35777745261182237,0.011525933387571768,4.44886301309885e-05,0.3567261636798409,0.27392596169063405
335,0.35122389180078667,0.006549429441790401,6.726181624761018e-05,0.4183297973973231,0.22382961954385225
336,0.07084700898781127,0.007473081524779378,2.464942105070139e-05,0.15104263278547972,0.7706126272808789
337,0.05594123088856639,0.007039482576863925,0.00016918390858549446,0.2712543698529747,0.6655957327730095
338,0.18666844820093115,0.0035513368739075574,8.515546154326526e-06,0.13030497732834384,0.6794667220506632
339,0.346045880091999,0.006422421798225667,1.247627925162175e-05,0.4874919922113784,0.16002722961914534
340,0.08748886835140868,0.001606085848205064,9.088247155497305e-06,0.5030300502729758,0.407865907280255
341,0.16464400498466772,0.01601456968488625,3.184750247144166e-05,0.4306138120179164,0.38869576581005816
342,0.10412497927801437,0.009299234903735682,9.215898647323844e-06,0.8350273492442991,0.05153922067530343
343,0.14866205645683198,0.007110638750537185,2.0367601990847145e-05,0.5887687323412061,0.255438204849434
344,0.26948046767425937,0.025187538435626662,2.8221426149143293e-05,0.6188547731754497,0.08644899928851514
345,0.07587948087476311,0.010233968179343533,1.6187595695383655e-05,0.9029217910051901,0.010948572345007948
346,0.12631177038662883,0.005419907277742732,9.972958213258558e-06,0.8239444258139966,0.04431392356341854
347,0.07425631549198834,0.007388795417445905,1.2164388097858201e-05,0.8948225020878716,0.02352022261459624
348,0.03420684855745017,0.0038566260630725434,2.9407847534040655e-05,0.8549446553228414,0.10696246220910186
349,0.1316031020809899,0.0040001223742152335,1.9996110870859497e-05,0.6688569530633188,0.19551982637060508
350,0.13804134524064618,0.004702892639929199,1.4735040847803196e-05,0.5642134061610843,0.2930276209174924
351,0.3498162308249574,0.0034079149507063077,1.782551452697097e-05,0.5096220246797097,0.1371360040300995
352,0.2596603864521883,0.007269914499593557,5.042823055849884e-05,0.6518663598857487,0.0811529109319109
353,0.24163468185383163,0.00610342322877481,0.0001008425361763472,0.6172830504706044,0.13487800191061283
354,0.040938312607503934,0.0023709938291177402,2.203617787059748e-05,0.940422837120796,0.01624582026471178
355,0.08476324686724428,0.0015421132401373223,1.3120290857861398e-05,0.5538417797296239,0.35983973987213663
356,0.1957492670849045,0.003007599108103686,3.9698019771911706e-05,0.5133325553304845,0.28787088045673537
357,0.31303619936192234,0.0038312437356587867,2.2321093440090892e-05,0.3693245641437287,0.3137856716652501
358,0.48557211358280494,0.008129651525585299,0.00011291683407406042,0.3711030287550017,0.1350822893025341
359,0.21848091936614863,0.004535299903580205,6.32328505190274e-05,0.6546412703266543,0.12227927755309774
360,0.23402473349457614,0.005130142782032628,5.41338304176036e-05,0.3551487634095464,0.4056422264834273
361,0.1857680618729559,0.0086717641097929,3.7663423083765296e-05,0.4426805365165037,0.36284197407766366
362,0.33333908932819245,0.009798060020029807,7.618755469898775e-05,0.3690828914114709,0.28770377168560785
363,0.18606135680801114,0.008194209200940272,3.575840940258347e-05,0.2027376894477394,0.6029709861339067
364,0.2917738168549341,0.005043517743620778,6.63055323285195e-05,0.12067340198280738,0.5824429578863092
365,0.3781750018486528,0.03024349556323079,0.00017218067557885674,0.4909426368331667,0.10046668507937068
366,0.4621753065211941,0.0241253629408834,0.00016836215386249246,0.29933025765559806,0.2142007107284619
367,0.24431590230042063,0.01238429468243061,0.0001718533259364413,0.41877104963152356,0.32435690005968876
368,0.08740929092005553,0.010899567521276434,6.704094914748052e-05,0.8675559416815631,0.03406815892795745
369,0.10562737317703197,0.012113672739708323,3.603911067942033e-05,0.47854353117140447,0.40367938380117596
370,0.25976800110838566,0.008353267636818222,4.523565125161963e-05,0.6201547407072429,0.11167875489630161
371,0.06834878039875554,0.006359964644959643,1.2333296428566769e-05,0.12494496965124818,0.800333952008608
372,0.8571541210973943,0.005018083472911148,3.0488786081431542e-05,0.07982314034894865,0.057974166294664536
373,0.7146181157048223,0.013105430960930222,4.9196150760968164e-05,0.21616950167543225,0.05605775550805438
374,0.7793804099674765,0.035942007592562504,0.000119391963212642,0.1747645132289927,0.00979367724775578
375,0.09800719008640366,0.45824308302718275,0.00035151915588835513,0.43830022263336443,0.005097985097160586
376,0.04564306730914505,0.8577776518657942,0.0003993810905702095,0.09118099566507548,0.00499890406941501
