epoch,N1,N2,N3,R,W
0,0.16500856546835796,0.01398647836178805,0.001076422076854889,0.002353527795587887,0.8175750062974113
1,0.1994297547049304,0.01273737085512248,2.4739463912477005e-08,0.0019598693318204877,0.7858729803686628
2,0.154523571720085,0.007098914464835065,0.00027395081750241474,0.0008693376892488147,0.8372342253083287
3,0.2580887311953519,0.011318880019062501,0.0006529547755362385,0.0006200247693542958,0.729319409240695
4,0.16493223966592246,0.06233695210821002,6.465467468894589e-05,0.0008710820220237622,0.7717950715291547
5,0.45310647876441407,0.00979833991405209,1.3009231033771289e-05,0.0014434447848649017,0.5356387273056352
6,0.5426862332303747,0.04648148700980292,0.00012475320041369285,0.0027097695143925324,0.4079977570450161
7,0.4095923468002635,0.10261809940353404,0.0001498820665492933,0.07364242699101127,0.41399724473864175
8,0.4658054676003862,0.0598012962136291,4.385487908119851e-05,0.01462053579312204,0.4597288455137815
9,0.33105600652941064,0.17394562647298645,5.560956373398988e-05,0.012345928874132247,0.4825968285597365
10,0.2446919311237971,0.24890849323918612,0.00012887599599633616,0.009205838105788426,0.4970648615352319
11,0.22695674602112018,0.4931991652166547,0.0037011847307801297,0.007186857529100394,0.26895604650234467
12,0.20579136286313804,0.545746577734762,0.002388359520041312,0.014635899058507955,0.23143780082355064
13,0.07054574033131561,0.7492222942004395,0.0011581661513376416,0.00775461534846677,0.17131918396844048
14,0.0882893419899433,0.6192473261232954,0.00695871472164131,0.003684872833504083,0.281819744331616
15,0.15098887551088824,0.5701834325120999,0.021700541468256312,0.003028941736357551,0.254098208772398
16,0.5984224849788414,0.15727688832610878,9.276300423216958e-05,0.015044277527537597,0.22916358616328003
17,0.07372432725963647,0.8103558054412098,0.06196378545878916,0.0011418608500296558,0.05281422099033499
18,0.2156201791398607,0.6903245324315338,0.0031503665435402353,0.0019013495506188171,0.08900357233444632
19,0.10087068543407166,0.8515639063327899,0.01756045496913297,0.002244809166458729,0.027760144097547002
20,0.04856229973798732,0.9239725898369431,0.011449188794619425,0.00471471530678191,0.011301206323668106
21,0.04306380905643607,0.9185880177122163,0.017211096176217515,0.003471631038433625,0.01766544601669634
22,0.09429022688903871,0.8696857760587354,0.0022818405865449583,0.014984146165711408,0.018758010299969267
23,0.029074299824757385,0.9488084969688756,0.015203030473270155,0.0005598998049186852,0.006354272928178166
24,0.045038039861423795,0.9363314446833096,0.010395998073508585,0.0006705709671372648,0.0075639464146205855
25,0.07341224690917655,0.8713038745164426,0.046192790830788547,0.0007912079414990297,0.008299879802093273
26,0.025121363401103356,0.9488613251649303,0.02191155346806649,0.0006454295112569476,0.003460328454642705
27,0.022184041489609115,0.9465412488971083,0.02540746771310788,0.001911802496430449,0.003955439403744254
28,0.005043942078712218,0.8460430764722129,0.14411897139802782,0.0005388907996801432,0.004255119251366956
29,0.007324370686368935,0.8615130024958828,0.11878509251230447,0.001059267178276161,0.01131826712716775
30,0.002933354978230589,0.9016586577877467,0.09012742463457045,0.0006501413781412701,0.004630421221310788
31,0.0027201168223842877,0.7947954910794514,0.1986795844775613,0.00032128016463982387,0.003483527455963224
32,0.004802462514960078,0.6836404768691348,0.30697870079261,0.00021698758749145655,0.0043613722358035135
33,0.0033649130191919885,0.4196957405358615,0.5735962841434588,0.0001442235737464438,0.003198838727741391
34,0.006052813663104294,0.6383917542841715,0.3482094572239617,0.0005395849296419444,0.006806389899120605
35,0.00295663139595117,0.43361451886088814,0.5577583964417502,0.0002492317774182402,0.005421221523992333
36,0.0021772930018885326,0.37509344775324216,0.6187825152201437,8.71255130436861e-05,0.003859618511681759
37,0.0010817501011282026,0.30203202048408123,0.6952716249170338,4.9113199110546405e-05,0.0015654912986463759
38,0.002213639718958461,0.32499126315221577,0.6709818562291271,7.726162457310658e-05,0.0017359792751254267
39,0.0005496172463140426,0.13637201368864652,0.8619740876776004,1.6825902232949947e-05,0.0010874554852060773
40,0.0023556465537749077,0.21210837083402898,0.7832611757170607,4.250774429506193e-05,0.0022322991508404288
41,0.0015649814567263952,0.09871089927447514,0.8974662704573566,3.271067091644538e-05,0.002225138140525316
42,0.0012500442994272797,0.08977003713468924,0.9075339937984792,2.7078020066165195e-05,0.0014188467473380765
43,0.0008229412922501915,0.04772875149110716,0.9504588250726732,1.2997284393507668e-05,0.0009764848595755959
44,0.0001434951061318769,0.016385151515005626,0.9828978059259181,9.431409526962526e-06,0.0005641160434175751
45,0.00018292324464857016,0.0175376948987187,0.9817750373803533,9.621372194674932e-06,0.0004947231040848041
46,0.00016320866021759286,0.02237936032993446,0.9767313330537711,9.251450949898061e-06,0.0007168465051268531
47,0.00034405967482547937,0.029202871332944726,0.9695583163718141,1.240203513540435e-05,0.0008823505852804224
48,0.0001783319400169235,0.019898907305775766,0.9793719487898567,5.6019563258734135e-06,0.0005452100080247289
49,0.00014001977663929824,0.005688990519994995,0.9938686320166633,4.029643286269629e-06,0.00029832804341604354
50,4.9877931814988394e-05,0.00261602634318149,0.9969429389193634,3.3584700688176845e-06,0.00038779833557125645
51,0.00018247246646035345,0.012280489662078889,0.9868517950830816,5.832094141417017e-06,0.0006794106942379315
52,0.00015786410067354602,0.004234429150868242,0.9950881769100294,4.82585472655856e-06,0.0005147039837023174
53,0.00010458596430277924,0.0036868720114675434,0.9956177721552548,2.6519588348279084e-06,0.0005881179101398881
54,0.0005927829058587939,0.021695718139546814,0.9755690563958589,8.722763055451555e-06,0.0021337197956799374
55,0.00010938940813247716,0.0035154318855499106,0.9958407072394363,2.2740969095678234e-06,0.0005321973699717978
56,8.9218145969567e-05,0.003621034367800845,0.9958230574044605,2.506716770912328e-06,0.0004641833649981554
57,9.05611961068501e-05,0.0029223367818060264,0.9966758356161353,1.9755441177591726e-06,0.00030929086183397586
58,8.547943394737661e-05,0.0025737792292188965,0.9971038283054051,2.0762869322564955e-06,0.00023483674449631671
59,5.559559098799931e-05,0.0020259917590413593,0.9977320380755661,1.5864690812382197e-06,0.00018478810532344711
60,0.0001555744184394151,0.009074980438829377,0.9896746064043713,3.818496281324675e-06,0.0010910202420786328
61,6.398467109354204e-05,0.0018163950798375042,0.9976777027835694,2.1231891594996326e-06,0.0004397942763398554
62,0.0002693881827877572,0.009253648823974633,0.989121083300225,5.914138288060182e-06,0.001349965554724799
63,6.904925936184695e-05,0.0016807560643616575,0.9978246586313482,1.2273137026670889e-06,0.00042430873122553176
64,0.00014025013753544543,0.007935164801187044,0.9905699744827079,4.589556260414095e-06,0.0013500210223090295
65,0.0001550391287418163,0.005190597840528962,0.994045673040969,5.580339617294363e-06,0.0006031096501427045
66,0.0001947457587618144,0.004928070575251895,0.993868012314662,5.266692945928458e-06,0.0010039046583785174
67,0.00010021611377081578,0.003671389979978452,0.9958013035734011,2.5385613837027366e-06,0.000424551771465963
68,8.544954032747649e-05,0.004386544963583987,0.9951704925733248,2.330241161304209e-06,0.00035518268160235865
69,4.241795917241746e-05,0.0018268466748155325,0.9979037955473784,1.7642082928262309e-06,0.00022517561034086044
70,7.12808017928309e-05,0.003097562506976018,0.9965766462077266,2.745628233546526e-06,0.0002517648552709193
71,4.202093146009035e-05,0.001960096858504801,0.9978037936492997,1.9283004802950596e-06,0.00019216026025519446
72,4.4025718584675995e-05,0.001997627175625922,0.9977991858404445,1.8477096500938739e-06,0.00015731355569501031
73,6.822292404040384e-05,0.001955725323828167,0.997671236816077,2.1306758859556716e-06,0.0003026842601686896
74,0.0001672438267640814,0.006188428743353957,0.9932250146470584,4.8877018781440744e-06,0.00041442508094554254
75,6.843659190710634e-05,0.0031541196681345056,0.9966079758100597,2.0118385752874197e-06,0.00016745609132351032
76,4.754191538240396e-05,0.0018102993493414644,0.9979900624896477,2.49470899486545e-06,0.00014960153663366602
77,3.862071745172552e-05,0.001356456208407873,0.9984932339365936,2.2091151295807494e-06,0.00010948002241708703
78,2.6730441488985574e-05,0.0012028624182754493,0.9986339749685438,1.7298230619514993e-06,0.000134702348629953
79,3.997889400485582e-05,0.001293600050078319,0.9983476790815164,1.9290409455006916e-06,0.0003168129334550658
80,3.723915217915363e-05,0.001423020627471486,0.9983135642010699,1.2800381714967477e-06,0.00022489598110802698
81,4.9953295748175354e-05,0.0036275793881411916,0.9959932301311856,1.7320338931817804e-06,0.00032750515103188764
82,1.808390494931417e-05,0.0009812247505922524,0.9988680084627191,1.1202320450915636e-06,0.000131562649694392
83,3.6314941794778156e-05,0.001539285095414406,0.9981947708068494,1.0495838981778959e-06,0.00022857957204340775
84,3.3405699888067135e-05,0.0010253822921577462,0.9987185408836982,1.785399542586481e-06,0.00022088572471341342
85,1.5724351017375062e-05,0.0007851752234753674,0.9989990090350771,9.544052345171772e-07,0.00019913698519564987
86,3.003981201777306e-05,0.001341947262631753,0.9983868777580267,1.539566220001617e-06,0.00023959560110390583
87,9.769229821282943e-05,0.0038524320756482375,0.9954928501098274,2.5922178048591368e-06,0.0005544332985067251
88,2.1502667791320215e-05,0.0010811514442351936,0.9986003796874093,1.9745870242966526e-06,0.0002949916135399932
89,3.389230378983461e-05,0.0012072644768371537,0.9986130532537298,9.14583534487711e-07,0.0001448753821087546
90,7.727050198470213e-05,0.0018266348572380112,0.9978882001439016,1.396868753086102e-06,0.00020649762812266468
91,2.2458301187037127e-05,0.0011038612944187637,0.998804491113773,1.0251593124123913e-06,6.816413130889303e-05
92,1.8745676198963543e-05,0.0008117179028964659,0.9990940115779267,9.54700096038783e-07,7.45701428819077e-05
93,7.345443947670511e-05,0.002197764625382226,0.9975745315352796,2.2570442523502733e-06,0.0001519923556092491
94,2.6263453637162362e-05,0.001208469338209378,0.9986430629182076,1.2774214120895835e-06,0.00012092686853387602
95,5.330494194395774e-05,0.0013956786193027573,0.9983648888160874,2.152832514485737e-06,0.00018397479015139985
96,0.00012995857085439157,0.002924596441036345,0.996374560180709,5.4984330629262e-06,0.0005653863743373417
97,4.4498792705192706e-05,0.0015199044131474675,0.9981697965578731,2.0225817067412117e-06,0.00026377765456762474
98,4.416401415857002e-05,0.0016833925362565937,0.9981556022211503,2.0057017872495198e-06,0.00011483552664719815
99,2.44136767895474e-05,0.0007732248524256962,0.9990960891049724,2.0804342267007117e-06,0.00010419193158560959
100,1.993018628617602e-05,0.0007631776549035653,0.9988164490444573,2.273164122039676e-06,0.0003981699502307169
101,0.00011313650311366718,0.002635276617946875,0.9969338236216995,1.629797668858617e-05,0.0003014652805513582
102,0.00023760150319207906,0.005404868942776092,0.9935572455823158,4.315422921839538e-05,0.0007571297424976917
103,0.00016530052272903186,0.005314508028690147,0.9939231108542618,4.5968347433562285e-05,0.0005511122468853764
104,0.0010178796377677628,0.016083610826407448,0.981284241410761,0.0001453715712476388,0.0014688965538161478
105,0.0009806594699595433,0.010293083237212446,0.9838502682795774,0.0003062262506205211,0.004569762762630056
106,0.02236074778075258,0.035891279203326285,0.014221634813297735,0.001675206196020809,0.9258511320066025
107,0.2632577540315498,0.35102209382387844,0.1953994265309924,0.010403670871665615,0.17991705474191383
108,0.2515318097674887,0.4886436753027024,0.09753280782996925,0.003933965421627677,0.15835774167821204
109,0.3303821942621056,0.12808357482434968,0.11403324652440104,0.0012748577023247607,0.42622612668681914
110,0.09980411723112176,0.238777535091239,0.4632212301946226,0.0023723942320389483,0.19582472325097766
111,0.06507337167435234,0.3873783554873956,0.4121327359783201,0.002979651432874423,0.1324358854270577
112,0.06909625940593493,0.3478758581793458,0.3833449237226618,0.009972642034791628,0.18971031665726576
113,0.03669991143945192,0.3882036041504114,0.4958658378724664,0.004180758686292795,0.07504988785137755
114,0.03611068401767294,0.6700679158646717,0.19613145014513575,0.007593139146953871,0.09009681082556575
115,0.039357214032167034,0.17813868136611563,0.12505120544332,0.0016550286026952214,0.655797870555702
116,0.10823987919259946,0.7789169889604742,0.03320563399062043,0.00697533418355292,0.07266216367275288
117,0.18265158968372858,0.7047655834995071,0.0051101529475394225,0.016919125140449902,0.09055354872877489
118,0.1367942869950528,0.6566256437814542,0.08908667320327227,0.006859224408402474,0.11063417161181832
119,0.14284825624729172,0.1805850462577561,0.08464414630966487,0.0005959497122968515,0.5913266014729904
120,0.14022674028285473,0.7334490169446924,0.023015270984534146,0.004317373938809873,0.09899159784910876
121,0.05989088416111571,0.8026053185324217,0.12182288099714175,0.0019528823149745963,0.01372803399434632
122,0.11013215738673497,0.5753565996926956,0.2762077780138912,0.0009768141228408728,0.037326650783837276
123,0.05098232034091226,0.8219086967430044,0.11414719149295278,0.0021472511747251248,0.010814540248405264
124,0.039231027710679156,0.43920247364604004,0.5169061714862808,0.0011088551553591621,0.003551472001640855
125,0.016135518749293472,0.5481116371608011,0.43233925059037803,0.0011757805608940833,0.0022378129386332636
126,0.009467141243853675,0.5305301841658872,0.4533427683540717,0.0032236111392138474,0.0034362950969735566
127,0.007960120406437662,0.47102568672509565,0.5145804914609556,0.001376447026958351,0.005057254380552715
128,0.019689072185510203,0.5337930625013351,0.4362445116007365,0.003467606059162624,0.0068057476532556345
129,0.03829987505478377,0.8818865713803745,0.06010404550507101,0.01304207830568585,0.006667429754084812
130,0.023827004512819758,0.6112305776291335,0.36050080177665267,0.0016217083635135649,0.002819907717880412
131,0.034347938896673355,0.7264391022731775,0.2268499043799377,0.0020258634431378243,0.010337191007073523
132,0.060454677016664723,0.6160153075605134,0.314688854238503,0.0012620943291142908,0.0075790668552046985
133,0.0820388454239965,0.8415933178973607,0.0666324643276853,0.0009138648247625062,0.008821507526195052
134,0.055831541507926595,0.528044565776615,0.4085584797443367,0.00043098856893358144,0.0071344244021882336
135,0.04655737689864404,0.5743632729420909,0.37454051267194977,0.0018622066559787571,0.002676630831336403
136,0.006680568437281668,0.7319799221251504,0.2575840834121437,0.0013143122558172406,0.002441113769606989
137,0.011723552550237276,0.6922505596086235,0.2876651410837442,0.005917543508142606,0.002443203249252354
138,0.014390407152084493,0.800291118931219,0.17672923077597494,0.0058953907540249565,0.0026938523866966158
139,0.009039128522941068,0.5060517869523535,0.47901825247328733,0.0020906420642903233,0.0038001899871278316
140,0.007117718103805379,0.5604743354419893,0.42871379155394845,0.0009334631775320083,0.002760691722724771
141,0.0023361789676164665,0.4970311772643521,0.4987975660796543,0.0008556738190095736,0.000979403869367602
142,0.0020390336389584916,0.38647834256742664,0.6102792247286223,0.0004356589591803613,0.0007677401058122992
143,0.004927564268533452,0.5515060443551354,0.44034612854272265,0.00158600366663489,0.0016342591669737385
144,0.0024185991811798437,0.11018278778952133,0.8860896408724315,0.0003749048472261488,0.0009340673096410887
145,0.006515571407162742,0.8506131611195914,0.1333628046740957,0.006225752043039359,0.003282710756110662
146,0.004206778134892318,0.44884991416620706,0.5425571523295284,0.0009650887277248753,0.003421066641647434
147,0.009036307660834905,0.744938509558438,0.23584593831237718,0.004508461546675896,0.00567078292167405
148,0.005069963723203133,0.859194196546221,0.13106155859318294,0.0023568429744303173,0.0023174381629626644
149,0.0070360857582447076,0.41456929524002545,0.5740495126374525,0.00234306803284281,0.0020020383314344426
150,0.006557832314794382,0.4621285541827865,0.5240644768921477,0.003061465315396651,0.004187671294874776
151,0.0051658992751316656,0.6056675359182352,0.3847143694085827,0.002786138237086052,0.0016660571609644827
152,0.0035117830735147365,0.4359951607265138,0.5547750656344146,0.0036321768627745844,0.002085813702782321
153,0.011268695142332075,0.7819260741206389,0.178279810628529,0.02477024374920168,0.003755176359298538
154,0.010334437869480528,0.8045006120839071,0.1598258408050242,0.023229588502198213,0.002109520739389892
155,0.028380258131476238,0.5076234596961311,0.39005504788369544,0.06674607533742802,0.007195158951269201
156,0.01834687201548923,0.7821636472564829,0.08458057892239275,0.10966224361488493,0.00524665819075026
157,0.013324042744830568,0.8061523847826806,0.0886678797855499,0.08556643743047707,0.006289255256461915
158,0.05613525090789993,0.7788195429757119,0.028753968256050727,0.10766404346983155,0.028627194390505907
159,0.10192098595658153,0.05557046049077769,0.0007797233140286421,0.030260251999450948,0.8114685782391611
160,0.5263947883696152,0.2734889025689213,0.004214305546829713,0.01584538512833401,0.18005661838629977
161,0.28254684302513045,0.4882097739650004,0.02505470923219744,0.00774935990687863,0.1964393138707932
162,0.3083325611546251,0.43750315379875443,0.029003542950641347,0.007141864763333565,0.2180188773326455
163,0.08043918509046402,0.7399279311229449,0.12159332378949263,0.005501816977415965,0.05253774301968253
164,0.007793993378059367,0.0435065837187847,0.00895909694010764,0.0010669192779159766,0.9386734066851323
165,0.09172464254599212,0.06626368955346677,0.00028333260036054623,0.023084660102400886,0.8186436751977796
166,0.30217409208212187,0.3651004340164395,0.008453344746075635,0.02146404931123874,0.3028080798441242
167,0.282868155704067,0.2043226570834645,0.017379520910861753,0.005627720959370578,0.48980194534223614
168,0.35041350419036515,0.5134297426104889,0.0019214053335575238,0.07356656766387376,0.060668780201714595
169,0.2187082114079127,0.5500600550016611,0.037729698909579265,0.15290775830095232,0.04059427637989459
170,0.11906704602334389,0.3800608765358174,0.024472328053543085,0.1644723507171239,0.3119273986701718
171,0.49703422462066443,0.2574400399293535,0.0015577370724824955,0.179667257164439,0.06430074121306065
172,0.5126538210494612,0.29817895182067256,0.02403484313679516,0.09645412936037466,0.06867825463269638
173,0.16345175555717997,0.7303559669542827,0.057130808244430065,0.019933253982002373,0.029128215262104854
174,0.09719222227362567,0.7579971539722127,0.048627787185706,0.06256154884692747,0.033621287721528136
175,0.10684314050065911,0.7934496508096498,0.028276038243353053,0.03566598271657896,0.03576518772975896
176,0.04813246619627498,0.8392336609684197,0.06022821635833916,0.03548968005326429,0.01691597642370175
177,0.1364021633684015,0.298737816722568,0.003500050505669342,0.04934217020985426,0.5120177991935068
178,0.17425284321189738,0.7523080231075615,0.006457193250670862,0.017395936094571837,0.04958600433529837
179,0.273610283683793,0.6367264874386425,0.04024135523178693,0.027860009709563333,0.02156186393621425
180,0.29316019336726246,0.23575390381251543,0.0031210249302578816,0.02192919287647031,0.446035685013494
181,0.34079811113629876,0.46937732666657256,0.017328195767741347,0.11472307449014577,0.05777329193924154
182,0.1497577073471742,0.7000654533083114,0.026041706691512526,0.04707064136213245,0.07706449129086931
183,0.1867869379536675,0.6034304360970049,0.012393187577936234,0.040182903346930345,0.157206535024461
184,0.48866455556810284,0.43560506581060826,0.003422806861975907,0.05007576666110007,0.02223180509821304
185,0.4528316093792209,0.4842627916831039,0.01715607607495643,0.04125355199621207,0.004495970866506585
186,0.10434280842813673,0.808189709303959,0.018500149538799256,0.06084200968251003,0.008125323046595063
187,0.03888295147747062,0.7529962254094487,0.04799888452136819,0.15564158567056388,0.004480352921148498
188,0.02093241166605215,0.5089584947086594,0.4223702005373933,0.04405500102100059,0.003683892066894488
189,0.03998874719228567,0.5485707324719039,0.0019434010974185888,0.3970835006982748,0.012413618540116926
190,0.011078652589259453,0.7689071265451006,0.14372838644081176,0.07263214981714326,0.00365368460768489
191,0.20163175546965445,0.5418355218108457,0.045896223567931715,0.07778212737115815,0.13285437178041007
192,0.21765321868660537,0.6534370380388586,0.010149924516083774,0.0769598684003954,0.04179995035805699
193,0.4290824871836873,0.471123790348844,0.02395059151493649,0.05261240262978033,0.02323072832275183
194,0.09390901302060262,0.8405485624682422,0.011343340554670983,0.029295319737549067,0.024903764218935157
195,0.287212587523937,0.5437731958136953,0.003930731271172119,0.1357448499954793,0.02933863539571617
196,0.16189190604767936,0.7570307805683701,0.04684949017554765,0.017050452327258513,0.017177370881144436
197,0.3982143393685974,0.45142255798871445,0.016906543097003627,0.03225742316320822,0.1011991363824763
198,0.54494402629696,0.36876402676380243,0.019671079070069555,0.029777057852279222,0.036843810016888884
199,0.04949854102570826,0.6799941773048552,0.22429971640946714,0.025605878582224365,0.020601686677744934
200,0.25477900277866716,0.45440864744382503,0.005440777549939672,0.1724761249988618,0.11289544722870647
201,0.16720077514317383,0.5906454541095894,0.006485593812633813,0.2133548759503205,0.02231330098428258
202,0.060654659140140836,0.8390869039386362,0.04531702901142132,0.006971807487172445,0.0479696004226292
203,0.22657785821877838,0.475369186443091,0.0026835111265800012,0.07471695429426689,0.2206524899172837
204,0.2743283117482988,0.5543020012949692,0.019016660581470037,0.09577848354733036,0.05657454282793173
205,0.2299530050339724,0.4437955153008359,0.033772164622683766,0.041675090192109875,0.2508042248503981
206,0.12215039614645103,0.07163766332442284,0.00012344934070847017,0.07794905066315737,0.7281394405252604
207,0.12871116711456265,0.03422830998417406,0.00012637623221351118,0.04270042684418555,0.7942337198248642
208,0.7590045429597149,0.0713743918137656,0.00023265348957323892,0.03423770859273907,0.1351507031442073
209,0.7084330437093935,0.1092884939439154,0.00014827429837909863,0.015842451670800596,0.16628773637751126
210,0.7250156276682794,0.1922724084751516,0.0007327323303638841,0.029218170888061345,0.05276106063814371
211,0.30000969290415996,0.22140659336666893,0.0007527771713194799,0.16165483024980132,0.3161761063080503
212,0.545257967103914,0.25498226233458426,0.0004731947381364293,0.10205739291079072,0.09722918291257455
213,0.6224074881364474,0.24908805110533366,0.0011178067075249475,0.09793095736990826,0.02945569668078578
214,0.42778416704764316,0.43973023896610697,0.0038105538856237024,0.08805812541077701,0.04061691468984925
215,0.19028646743987843,0.5741024059113157,0.020288171647429677,0.2074723459664878,0.007850609034888404
216,0.040882736565357916,0.7787849057752445,0.08362743937589295,0.09241064410522694,0.004294274178277575
217,0.17617006163909005,0.5202252535596514,0.017811763576960526,0.16671274591156524,0.11908017531273288
218,0.24653263433848424,0.617745474069551,0.09398554187537111,0.024947704411726924,0.016788645304866623
219,0.19977079394028033,0.6595584533852875,0.050278839428609466,0.07235084541082853,0.018041067834994085
220,0.11702699289244965,0.6100513435130666,0.25588365931983775,0.007469508259561262,0.009568496015084683
221,0.07332788045470194,0.8405699797429969,0.026344786680711083,0.0452399062028016,0.01451744691878865
222,0.07523776214194891,0.8168274628250095,0.07578381219969658,0.0195281018974827,0.012622860935862214
223,0.06780070935519088,0.801657252954003,0.10483900631484404,0.01255382924522981,0.013149202130732255
224,0.1369253721818354,0.787088147763786,0.042419330079588334,0.015191926289119076,0.018375223685671214
225,0.10640665559063422,0.7940633900082645,0.06808985836121643,0.023819097788060805,0.007620998251824023
226,0.045593962574080694,0.8160983303279772,0.1091884715209217,0.013542352399537954,0.015576883177482442
227,0.12942302962604366,0.1259715103117255,0.0028047153018096642,0.004091113433963548,0.7377096313264576
228,0.3584345423444725,0.4561503578325059,0.006245339180056421,0.015492808261688215,0.1636769523812771
229,0.16939083474641162,0.6127026602570752,0.04722304579658296,0.006706064965714849,0.16397739423421537
230,0.3216250255806748,0.5797001638911694,0.03506852087656934,0.005468650015336045,0.05813763963625053
231,0.17219664135897939,0.6826338544280428,0.018302881625803326,0.009210252912325769,0.11765636967484859
232,0.30899922391432005,0.6063073009601558,0.00857164594968145,0.014677435508483086,0.061444393667359765
233,0.3829606705037433,0.5485761962255855,0.014343072001052634,0.013207146660209633,0.040912914609408976
234,0.47343559225714427,0.4100270608716986,0.011601928426329667,0.0074548720512493715,0.09748054639357819
235,0.5160943764915411,0.153436420966167,0.0020946697068258023,0.006829764333585447,0.32154476850188074
236,0.3088442226261283,0.6131584119904693,0.0036937920736791123,0.011382657059231447,0.0629209162504917
237,0.15712727714541694,0.7088362914928429,0.10734798550225623,0.0018479694461748227,0.024840476413309165
238,0.25343111163615084,0.6996284244454339,0.014840203351636001,0.005146042981527311,0.026954217585251867
239,0.04353541617095446,0.8479652251178198,0.09720612548085451,0.0066328345047240245,0.004660398725647361
240,0.1837827414565063,0.681323761818028,0.010721546312462795,0.01666506412942123,0.1075068862835817
241,0.375488926966572,0.5840233072794199,0.0058049097727550705,0.010893495763468989,0.023789360217784085
242,0.30265816633105724,0.6282262457201239,0.050453817115121743,0.009390494096568657,0.009271276737128404
243,0.4263152292318047,0.5382129299116516,0.010053562513625049,0.007611635865918202,0.01780664247700048
244,0.14438652991816933,0.7380980329258306,0.018565435255901062,0.0841837357403183,0.014766266159780703
245,0.0976259527794051,0.773457759978626,0.07379445933139875,0.04444625007525329,0.01067557783531684
246,0.3519448498518384,0.3352206307270282,0.0008203083848213517,0.04074294385884219,0.2712712671774699
247,0.4170687511436482,0.5598195652697704,0.0027661338825034415,0.013811171663825839,0.006534378040252145
248,0.14231971068977453,0.8076476152584751,0.044037095826202535,0.004158767161618036,0.0018368110639298103
249,0.2522071316402462,0.7099976300320403,0.006302627579539133,0.022956750778722668,0.00853585996945169
250,0.012233256814042234,0.7963036420819789,0.10900288448456513,0.08060797246980567,0.0018522441496080272
251,0.010963299391601402,0.6985332434225234,0.16651199234733788,0.11972351640593573,0.004267948432601613
252,0.014267606923241723,0.7050384224480604,0.20968559360943323,0.06958298508237908,0.001425391936885584
253,0.012146404941449347,0.6120783196787875,0.328592669964138,0.045044050752255684,0.002138554663369596
254,0.0625891302876223,0.3302278933679778,0.0023671324176332254,0.5902407273162502,0.014575116610516465
255,0.061421008560939065,0.6637720214357297,0.003793408538284163,0.2641219967148098,0.00689156475023736
256,0.10636044980252109,0.44557575634766045,0.0007624910788305734,0.42180065727184934,0.025500645499138577
257,0.3633204910820592,0.3066704079074552,0.0003368434765394157,0.20999888782343729,0.11967336971050879
258,0.3549309838250602,0.18096176804125755,0.0002533959061110661,0.11445758885195641,0.3493962633756148
259,0.13377012289612722,0.03690432579897802,0.00012429693338030044,0.03287584040408617,0.7963254139674283
260,0.6805136753260892,0.060386123026519974,7.2186290409462e-05,0.03812813291043625,0.22089988244654507
261,0.52471744815561,0.11670441758613562,8.955200305307774e-05,0.09697458476766838,0.26151399748753307
262,0.31231254228473343,0.07983840640013139,0.00025984697100638006,0.18597699562169578,0.421612208722433
263,0.44716617084500904,0.058188899988575196,6.103937506913272e-05,0.07724091407065134,0.41734297572069534
264,0.5567995414193039,0.06270189865045334,1.7524145302248956e-05,0.12220614409828458,0.25827489168665585
265,0.26051018215434246,0.1131517174566325,0.0003504637623389594,0.09604331072176846,0.5299443259049176
266,0.4309376820488913,0.10218234544372161,0.00018456297766164434,0.3176489541729945,0.149046455356731
267,0.49953874901775847,0.05657883267469238,6.293302154953138e-05,0.23323267030393996,0.21058681498205975
268,0.35120705689079146,0.1503633604711325,0.0002932218832321651,0.09072601484096497,0.4074103459138789
269,0.31957966270314936,0.0788941695389726,0.00010793159877929002,0.27731597263581453,0.32410226352328425
270,0.22030407107759717,0.19153389116263855,0.00017179584390991716,0.40527828018484124,0.18271196173101312
271,0.3138526389205704,0.152304616778566,0.0003921128521874065,0.30827169539776245,0.2251789360509138
272,0.24985347825331908,0.03624809804755036,4.9925923484809864e-05,0.5160733079885592,0.19777518978708652
273,0.3822230539432709,0.07265698060702702,0.00014748757442259496,0.36925948285234744,0.17571299502293203
274,0.29520698651928867,0.024622351623211983,5.247527576128628e-05,0.6149528814530172,0.06516530512872083
275,0.2694008281156629,0.04664946895538476,0.002450328197052664,0.09665646117567599,0.5848429135562238
276,0.5025185905072742,0.03190156876393905,8.988829247104024e-05,0.12183493288944243,0.3436550195468733
277,0.5211991653884334,0.04536140396741525,0.00012111932543043416,0.1771452952880946,0.2561730160306263
278,0.5420869127126435,0.032386820035939214,0.0001242112465796417,0.2149578614392642,0.21044419456557353
279,0.23940047842246964,0.031054563054112624,0.00011364948195546738,0.11670146904200679,0.6127298399994555
280,0.5653091700690734,0.13033812522515292,0.00016593575536833405,0.12470489941356698,0.17948186953683828
281,0.3812434946306642,0.06242891237128237,0.00010463078413122345,0.301533113454713,0.25468984875920925
282,0.44616404957466127,0.03746997039951753,9.478724368604003e-05,0.415672427129458,0.10059876565267703
283,0.5295107236670705,0.018228194794004646,7.395951766146304e-05,0.18220612149729914,0.269981000523964
284,0.2633945923379463,0.18740265104527654,0.0003155645313101339,0.2884797488607608,0.2604074432247062
285,0.4471102377696063,0.10259580353667277,0.00010000078434716246,0.16177108249030092,0.2884228754190728
286,0.20635067304325586,0.06995178941175591,0.00029659109545648215,0.12250297686807188,0.6008979695814599
287,0.45212225382611554,0.12599616449734405,0.0005810197773141263,0.14200821724775017,0.27929234465147607
288,0.22859724924493394,0.14585488963117987,0.0009191241407048617,0.5302391550698496,0.09438958191333169
289,0.06790462227280024,0.06828819645802879,0.00030859930014366606,0.8373247538667595,0.02617382810226771
290,0.059207535350624826,0.10234010674475333,0.0006523766005391613,0.7559415603018672,0.08185842100221559
291,0.0338271464012568,0.028617243726896217,0.00025762471897589187,0.9228712406172958,0.014426744535575135
292,0.07039837039261458,0.1026137479923858,0.0005912575822462381,0.7143831258095976,0.11201349822315572
293,0.09070466036501461,0.10462999717816589,0.0006491282176750932,0.780600379930874,0.023415834308270333
294,0.03583966624678881,0.04848129232036464,0.00016247935200795654,0.9073608797731852,0.00815568230765341
295,0.04074552845596174,0.08025681099003955,0.00019362401914453116,0.8705598986735937,0.00824413786126052
296,0.0907219414628035,0.06445557717080425,0.00011147380190999279,0.8296738244317864,0.015037183132695753
297,0.10889680885184196,0.45838186907204914,0.0003192646454365248,0.41991663488134257,0.012485422549329746
298,0.43452595821977213,0.13345273914967917,0.0002848978359888039,0.19581086348888163,0.23592554130567825
299,0.39411353248191167,0.12283170129118594,0.0002952920228212276,0.46705074411585773,0.0157087300882234
300,0.3720389816314694,0.16477760624824295,0.00047385237403955674,0.23806835247329014,0.2246412072729579
301,0.467398886380991,0.14023480566470742,0.0004192054142174566,0.3770899067913988,0.01485719574868534
302,0.0784509159491366,0.6035596619497935,0.0004777372591034062,0.3106947235620719,0.006816961279894512
303,0.041335773567493184,0.6936615954795736,0.004446892214344006,0.2578392783301636,0.0027164604084256834
304,0.05320941587208163,0.13516197748201564,0.0002840342384680966,0.8031995517958667,0.008145020611568165
305,0.035657626052684785,0.5150885447118182,0.0006901584861721856,0.44681114734719307,0.0017525234021315765
306,0.010457043528552768,0.8809872401896244,0.003770741338237685,0.10374481519696609,0.0010401597466191013
307,0.11289621002084217,0.34792897390642064,0.0006063539428565339,0.5287350623443832,0.00983339978549763
308,0.03282654476179214,0.7646537466114587,0.003924087956236461,0.19654592569357957,0.002049694976933139
309,0.01879992008810268,0.7996491856186121,0.007893366976003154,0.1719019130635638,0.0017556142537181651
310,0.011788828611606602,0.8103744923134061,0.015899618854208233,0.16047018532188204,0.0014668748988970243
311,0.020056251408062466,0.6888574413160911,0.0005418012212127165,0.2878567737677952,0.0026877322868385
312,0.03280398934546091,0.7299949986628502,0.0046806331407004,0.22908925449606882,0.0034311243549195788
313,0.043376008069536266,0.13394379949145943,0.00022214753173330933,0.8113571842397664,0.011100860667504714
314,0.1007482944227975,0.04196240387423319,0.00013008954225330452,0.8319504977410703,0.025208714419645794
315,0.1101262566151687,0.07930101607392798,0.00018533204672408103,0.7848682902933288,0.02551910497085053
316,0.10104565165894468,0.11840039927572926,5.513904788774924e-05,0.2910496292947239,0.4894491807227145
317,0.18799501920662798,0.1299821662592319,0.0004995762930706403,0.1491885847656286,0.5323346534754408
318,0.5356147649793978,0.042687820294626276,0.00011946017717424762,0.3457109636646756,0.07586699088412628
319,0.08170674638050503,0.08403827577302467,0.0007662205293133283,0.1190543040078803,0.7144344533092767
320,0.04834792672081991,0.0040030446744759056,1.346503446380558e-05,0.007209082756808485,0.9404264808134318
321,0.2529490266757933,0.015710353654212996,0.0001131281037797913,0.010543861132782351,0.7206836304334315
322,0.577250834886649,0.05355930929513036,0.000510709084874979,0.026878207219548086,0.34180093951379775
323,0.6610653009062716,0.09302637023255741,0.0003197694292062476,0.15059207664539057,0.09499648278657416
324,0.4319306392450634,0.28047541747084975,0.000842642191916899,0.23684865311467515,0.049902647977494705
325,0.06813489827535939,0.5029390471655778,0.007027891518055171,0.4012280346713577,0.020670128369649945
326,0.06718494819529615,0.7882063854262545,0.009007441455596062,0.10145415435791987,0.03414707056493324
327,0.1002922277196254,0.6308580240899003,0.0011429769655186045,0.24909131388974515,0.018615457335210625
328,0.04092594086188915,0.8078939496541067,0.0013305910382997285,0.13588974318112285,0.013959775264581595
329,0.2305606872343818,0.38778271798162933,0.0007745723745400376,0.324193562770899,0.056688459638549744
330,0.1801451476883681,0.29730041085748227,0.0013565742971197853,0.2504831944456194,0.27071467271141036
331,0.38600450708588013,0.4449970992071164,0.004087617728152198,0.1332013987609304,0.03170937721792094
332,0.28110195984634395,0.5339945059596913,0.0010577568871070807,0.15434295050683525,0.029502826800022294
333,0.11935100681892254,0.761803702099103,0.015998308297773028,0.0668110241529636,0.03603595863123786
334,0.07852705699690377,0.03706095598098919,0.001114113555131291,0.02565476397130687,0.8576431094956689
335,0.7658230464972983,0.06110838130849066,0.00013544960625772325,0.016252526168913924,0.15668059641903928
336,0.343056476928512,0.6241132452048099,0.001966551061127762,0.013599715769230214,0.01726401103631995
337,0.37649283943042555,0.5932931236997262,0.010959172595935377,0.005671337125063316,0.013583527148849514
338,0.05404251905156756,0.902472783541467,0.007803967230280911,0.032314406649184835,0.0033663235274997987
339,0.06471504072568254,0.8638226135168426,0.015109165623100466,0.051680279889766804,0.004672900244607621
340,0.05800339474310818,0.8311282430349138,0.008527116799418888,0.09403277920472874,0.00830846621783026
341,0.053114970917539285,0.8190795162525373,0.052244225573350615,0.07065339105663783,0.004907896199934944
342,0.01991743022836409,0.9196108691590874,0.043987147895435334,0.014226237628731368,0.002258315088381631
343,0.015896386596710176,0.9374322748125686,0.02915977612730792,0.015004703331982198,0.0025068591314313282
344,0.007423370439702376,0.9170964557336062,0.057563433626714254,0.01631198721647103,0.001604752983505975
345,0.03444082695536506,0.5792131957050444,0.3616885469445757,0.009417606402593611,0.015239823992421265
346,0.03299547615202827,0.3786729829877675,0.5766301021405642,0.008317773947336677,0.003383664772303343
347,0.019443740899765496,0.2346674534373703,0.7408891689682134,0.0023561104993556725,0.0026435261952951084
348,0.12516496465724816,0.8010514506112528,0.04692176960649781,0.01567555365707955,0.011186261467921673
349,0.05635058580117347,0.8787975723100719,0.05741783382866769,0.0045543218888103275,0.00287968617127684
350,0.04713520976425362,0.8441120190593223,0.09704840347334764,0.004571741330277825,0.007132626372798316
351,0.13616213472766242,0.7152179766220272,0.1107324984100872,0.00540307972953953,0.0324843105106834
352,0.01947211614337614,0.2966538426085628,0.6808891785108903,0.0008599593566850309,0.0021249033804858204
353,0.02117919133639196,0.6454359612526349,0.32864050639639913,0.0009904998269659325,0.003753841187608071
354,0.046811043731149235,0.3922184675010031,0.5510120495271914,0.0034603015820113595,0.006498137658644895
355,0.007780564622092697,0.9287268016592153,0.054384405876047176,0.005375965080257512,0.0037322627623873395
356,0.013156083132938565,0.723077594367082,0.2527566665967583,0.0011882009749769123,0.00982145492824414
357,0.03694826980487984,0.6276820519968698,0.3257914807709918,0.0035179959642032406,0.006060201463055261
358,0.06477791647048418,0.8942301792007563,0.026503995543973723,0.006165413048239982,0.008322495736545725
359,0.029127299898710202,0.508394835976161,0.45510372409198524,0.003410235684727712,0.003963904348415792
360,0.01080144091049526,0.8356157252523841,0.14236872850229437,0.009311988407502811,0.00190211692732361
361,0.013432783527760615,0.8999097395642529,0.07014818620661602,0.014045922301194213,0.00246336840017635
362,0.003980417404353317,0.4786377464106364,0.5082021526702755,0.0076941483201201704,0.0014855351946147647
363,0.011251327603025734,0.8818860477649202,0.09283218125928579,0.012065188470782534,0.0019652549019857136
364,0.0052860712282236854,0.9450849863302037,0.02362589972400585,0.0237820474698077,0.0022209952477590706
365,0.08745188080792292,0.6919194405889421,0.16860285094071364,0.010060062480306498,0.041965765182114804
366,0.07529670654355006,0.8464217836324976,0.05839044344073725,0.013993891832029471,0.0058971745511855085
367,0.037526113406237814,0.6515814533369834,0.29440279986027484,0.004664776602428017,0.011824856794075883
368,0.11419275137456807,0.8211932517975555,0.05592695181587556,0.0027808293473086066,0.005906215664692203
369,0.012749064026539143,0.9263405732004809,0.05052856412837853,0.00657947782060559,0.0038023208239958304
370,0.03176043825893824,0.7631849044794494,0.18143008693125268,0.0035813651568940064,0.02004320517346565
371,0.01202134132403625,0.8127660506237284,0.16668458229250607,0.0012129202339303234,0.007315105525799019
372,0.012730952119624217,0.6511172097386371,0.31167764132009873,0.0016429493391271024,0.022831247482512942
373,0.07605111639383086,0.8775435460836212,0.029633297714633126,0.007236320523807204,0.009535719284107774
374,0.034442014152087676,0.8785253606991645,0.07535839910981604,0.004870985638072853,0.006803240400858887
375,0.11863111838185691,0.7518304457426871,0.038727928279521234,0.003421870528864913,0.08738863706706974
376,0.04947574629668398,0.8612979077510526,0.08116015606069867,0.001764631359757233,0.00630155853180744
