epoch,N1,N2,N3,R,W
0,0.0001475152349935321,3.901586283549538e-05,1.6290950224534598e-08,6.184230336908483e-06,0.999807268380884
1,0.0002319899411534281,3.0181007469370928e-05,1.8633584087962784e-06,7.668700944907257e-06,0.9997282969920236
2,0.0007741353613385232,5.5282972007154544e-05,4.462464856525937e-06,1.1457032798374433e-05,0.9991546621689995
3,0.0004975048412257421,5.4384893485096456e-05,7.275573800602767e-06,1.0187336998327385e-05,0.9994306473544902
4,0.0003183582651212009,5.227175888704736e-05,7.977442144639752e-06,4.827976094234074e-06,0.9996165645577528
5,0.0008412950547169389,0.00011138389019392365,6.1084033698548185e-06,1.2026156965927157e-05,0.9990291864947534
6,0.015121426557936312,0.004643159188780498,5.331721923761115e-05,0.00010937702350680977,0.9800727200105388
7,0.0009095168737516085,0.000420343954977216,6.843901104392549e-06,3.392711960341722e-05,0.9986293681505634
8,0.00024292467524691347,0.0001506870496549377,5.715284318186791e-05,1.4003010154973414e-05,0.9995352324217612
9,0.0005862307308175603,0.00025350227880467944,5.497188176670452e-05,1.4982552470497266e-05,0.9990903125561406
10,0.015063303573880754,0.0019312391617301089,0.00018084373711237591,0.00014398575457454508,0.9826806277727023
11,0.0007839400295742475,0.0002658824373563575,7.24168204631396e-05,2.2921021482039546e-05,0.9988548396911242
12,0.002040480647517446,0.0004333621833247493,5.798346931335839e-05,2.8659187072843752e-05,0.9974395145127716
13,0.00626533533251897,0.0014317946762572268,6.184397629893934e-05,0.00014222700684932374,0.9920987990080755
14,0.006755715189300771,0.0011193895714398897,1.3931191643701877e-05,0.00012601570048631378,0.9919849483471294
15,0.037105501854034516,0.044387773967276396,0.008858023545252457,0.0006968842632709426,0.9089518163701656
16,0.03543665844515283,0.027926981376470154,0.0005571791819263879,0.0018299540229363414,0.9342492269735143
17,0.014118154965586362,0.008620550779578743,0.0007670898788272096,0.0003007580985260667,0.9761934462774817
18,0.08800877915933417,0.05029263691022977,0.00295099590108819,0.005815424939487877,0.8529321630898599
19,0.03752095353332497,0.0032422519186694563,3.5254591758300786e-05,0.000738149193291754,0.9584633907629555
20,0.07818768768219762,0.028801555127783703,0.00058930402877225,0.003840091250693743,0.8885813619105526
21,0.0649257918051351,0.08241517894930458,0.0008790335484719862,0.00576672264803921,0.846013273049049
22,0.01805733179292918,0.012637136141427405,5.4728110748051655e-05,0.001332860350847747,0.9679179436040476
23,0.0006953853894434829,0.00047459457165301746,2.0282852427155365e-05,2.1597629884481006e-05,0.9987881395565917
24,0.000590365891948053,9.346301942734964e-05,3.0891291495097794e-05,2.0247629913804133e-05,0.9992650321672158
25,0.0004743037620079915,6.932843934148082e-05,7.175421015692076e-05,3.9138746327461966e-05,0.9993454748421663
26,0.0005685109645436332,0.00011111544158139181,1.1309711966214404e-05,0.0003091434449720805,0.9989999204369368
27,0.0009196244578363026,7.740269293853339e-05,3.629239498739757e-06,7.6786143181146e-05,0.9989225574665451
28,0.0017452981147907522,0.00014933155412161784,3.0063345285524165e-05,6.0362112069429985e-05,0.9980149448737327
29,0.0010869073214949568,2.8784873916322674e-05,2.7818737871433625e-05,3.1787284930769834e-05,0.9988247017817866
30,0.002113820872913002,9.678845133167908e-05,1.2693528444679661e-05,4.584178999550284e-05,0.9977308553573151
31,0.0027296434636571924,0.00021210028127748398,8.112980290238095e-06,1.675962215829485e-05,0.9970333836526167
32,0.005996659241851814,0.00040143474203514274,5.2418180137884446e-05,2.627412536823178e-05,0.9935232137106068
33,0.013463015694879019,0.0008986559951779044,0.00010536755270190331,1.9847334875417928e-05,0.9855131134223658
34,0.004229448671010497,0.0007839306863226611,3.1462821012464134e-05,3.316711982635039e-05,0.994921990701828
35,0.0018616154198368654,0.0005713844075140119,4.9759452455952176e-05,2.6765226385659644e-05,0.9974904754938074
36,0.002443058986286107,0.0007353699459673941,0.0001081497256157028,3.750600157599783e-05,0.9966759153405548
37,0.0038136373586666254,0.0013226747201692819,5.0548541920540036e-05,0.00017571161969129632,0.9946374277595522
38,0.015445144600864626,0.0028544912557291555,0.00025507677208664556,0.00012309096154508402,0.9813221964097746
39,0.020131807440202907,0.013797205887320913,0.00046821866466515767,0.0003233441654552312,0.9652794238423558
40,0.019850955036303793,0.01464092705264318,0.0005981049024709069,0.0007566563485391027,0.9641533566600431
41,0.010128460292930923,0.024584991642430776,0.0008095948148456249,0.0009206389413003589,0.9635563143084924
42,0.00028323737028603375,0.0008211892844137396,0.0002990086782723673,4.185110809502812e-05,0.9985547135589328
43,0.016136628395101136,0.005479997251151183,0.0005316031584511177,0.00021613057960602215,0.9776356406156905
44,0.04745017158961188,0.014999833062782535,0.0007139411149406533,0.0007327201841663208,0.9361033340484985
45,0.29997868913273007,0.018074516021675726,0.00020957486820376558,0.0015844087472196868,0.6801528112301708
46,0.17364210400814842,0.0781875207867713,0.0025878052542904102,0.006400510451749934,0.7391820594990399
47,0.31243806599151114,0.1986677685361093,0.0004463052219511476,0.07054990937668285,0.41789795087374565
48,0.1628175117151591,0.17479657237317658,0.004286676977201211,0.042811211149575056,0.615288027784888
49,0.06949545557619095,0.08836898930550609,0.0012048577567893627,0.029075580774928923,0.8118551165865846
50,0.09054088019635116,0.4014086208031219,0.022466909882091487,0.08763232391324734,0.39795126520518803
51,0.0029718967516080314,0.00372434860900554,0.0006866496131700708,0.0007529420951667097,0.9918641629310496
52,0.0373091779803494,0.02091618602557033,0.0004740901053089389,0.001447878051740979,0.9398526678370303
53,0.3077427801026497,0.07702128134529886,0.0018712526944758931,0.0036316430192845418,0.6097330428382909
54,0.27786503672089696,0.04125724308836349,0.0008458301729786813,0.000536919555785318,0.6794949704619756
55,0.5247629012036727,0.1060204205783366,0.00045953187551104333,0.0019267887009809283,0.36683035764149863
56,0.3685692152680996,0.2648148179868531,0.0032159335204352156,0.008141963063411521,0.35525807016120053
57,0.17440998311062467,0.4823682102900715,0.008222100525678887,0.008234747028126582,0.3267649590454984
58,0.39715701880220466,0.40207943686538977,0.0040028922501458425,0.04160074425894415,0.15515990782331543
59,0.09562046316023956,0.48111577178263915,0.020896028572225195,0.01148076060010209,0.39088697588479404
60,0.022780986211397805,0.04213269889434975,0.00040935023888378174,0.0007993956118444922,0.9338775690435243
61,0.05088941141565502,0.04405709607430913,0.0009798394944197627,0.0004796405253257235,0.9035940124902903
62,0.059744966164781255,0.028733606208023992,0.001084246182829993,0.0005512474762051113,0.9098859339681598
63,0.4177597441402579,0.1637668793917261,0.0013185089219889753,0.0024884671034930573,0.41466640044253394
64,0.0013702662686571768,0.002080909821578834,0.00023815467837187565,6.633155088799314e-05,0.996244337680504
65,0.018872274339917026,0.0050980709923606,0.00016451962380950157,0.00014041014687671394,0.9757247248970362
66,0.043881390040983626,0.014171413405444398,0.00017363518793009821,0.0008171857644947601,0.9409563756011471
67,0.21998836352710976,0.08254063945836296,0.0010809287987008371,0.004210594518317681,0.6921794736975088
68,0.021748693258816548,0.014383379927624904,0.000540507978763967,0.0009411897436121034,0.9623862290911824
69,0.026802624275172958,0.05067437827880273,0.003197804096742674,0.0015554943513034426,0.9177696989979782
70,0.0018850641894860812,0.0016041224614964213,6.689980925455638e-05,8.245020627068872e-05,0.9963614633334922
71,0.18090340789204773,0.17063209542365526,0.0008011981984478533,0.007685426091685721,0.6399778723941634
72,0.0016787531139946443,0.0022839079948870408,0.0006228505666981355,6.243288329515487e-05,0.9953520554411249
73,0.022318412391729006,0.010240353956096687,0.0009521770924900961,0.00022174042730428085,0.96626731613238
74,0.06478649146177742,0.024253969980250006,0.0009940047460300654,0.0021359332473559578,0.9078296005645865
75,0.012268435128828534,0.0029277404460450944,0.00036477325007715976,7.230759062478564e-05,0.9843667435844243
76,0.0018917880481332007,0.0004424702475453525,0.0003031299608249919,3.866994266123403e-05,0.9973239418008352
77,0.12981012271247014,0.004618226010173527,4.283676192402292e-05,0.000282329185121198,0.8652464853303111
78,0.16030755075247408,0.01276010244374358,6.685192931944459e-05,0.0011418428784373382,0.8257236519960256
79,0.20888903138437004,0.03749105747303316,8.830578553968231e-05,0.0017735254168386966,0.7517580799402184
80,0.5235136918636779,0.11256428936103563,0.0009023064655953766,0.04241722461231606,0.32060248769737487
81,0.21664441599509462,0.08667781791190982,0.00039600853237732657,0.0243893840579828,0.6718923735026353
82,0.05695692429730297,0.019465853836023953,0.00025584245619992256,0.0025793882343155415,0.9207419911761575
83,0.5477228678527426,0.24753494324901354,0.0002813881910820143,0.036539287224113676,0.1679215134830482
84,0.22915741581582205,0.13487960190077702,0.0019799030546146373,0.015550073527341642,0.6184330057014448
85,0.2508305517690801,0.11782884430378425,0.001922103130450799,0.006869632862483131,0.6225488679342017
86,0.15731199720769368,0.17521451916184777,0.0014216244198153182,0.011358566554844251,0.6546932926557989
87,0.0030925553241544558,0.004823412309521074,0.0002356986485511696,0.00018845406718075055,0.9916598796505924
88,0.050442404616308306,0.019582502618743437,0.000150112893772031,0.0007772851740811761,0.929047694697095
89,0.00454216674741466,0.0011572538333643797,3.67250578426795e-05,9.701926902012863e-05,0.994166835092358
90,0.3885884833755903,0.024721643647120147,0.00013344854539319023,0.0009738861336364054,0.58558253829826
91,0.11633043056609306,0.01513239351387071,0.00015493842250992353,0.0013368821081515144,0.8670453553893749
92,0.1250840186108444,0.06437640816197232,0.001769266919992233,0.005573690005353224,0.8031966163018378
93,0.11184217261618404,0.09707715054400017,0.0008237911162649965,0.018595023778199684,0.771661861945351
94,0.011848436757064212,0.009188733020597216,2.9007182768665367e-05,0.002266749185665349,0.9766670738539045
95,0.00656086922815331,0.009424024904520904,0.00019300993561254743,0.0005931275325650571,0.9832289683991481
96,0.002803806448609381,0.001261016522851256,3.0218720339254104e-05,0.00019752800241260626,0.9957074303057876
97,0.00880833745585389,0.000708823903444422,0.00019867185562429758,0.00010612565438101798,0.9901780411306963
98,0.0435020761146883,0.0063220865872805915,0.00013038506487166246,0.0002888894034160642,0.9497565628297433
99,0.012737580686051271,0.0025625788229254884,0.00011357671743262986,0.0002393294623682547,0.9843469343112224
100,0.1995309894309423,0.03712172389144798,0.0002668251966100674,0.0011265720360586783,0.761953889444941
101,0.1401976979931412,0.05729589101466201,0.002500135767746229,0.0009694185468364326,0.799036856677614
102,0.06358183910994492,0.11784261058746982,0.00563544813463688,0.0024652112695451533,0.8104748908984032
103,0.20651046199678333,0.09104913382631714,0.0019942833679355105,0.013594838531036194,0.6868512822779278
104,0.0559522459916971,0.1776097598259383,0.007967605453843984,0.005552139873746323,0.7529182488547742
105,0.0045157455410941875,0.002137031005745965,5.626487945128588e-05,0.0004849830890022171,0.9928059754847064
106,0.0409396807401418,0.03839530670856131,0.0005353842152255145,0.0033294374808206097,0.9168001908552508
107,0.0011348639978744743,0.0012427409783413686,0.0011155176515927356,0.0006274972611135968,0.9958793801110778
108,0.0004880796404756089,0.00014007316814642525,5.880237383434676e-05,4.260031462006599e-05,0.9992704445029235
109,0.0031253836123937774,0.0004218836392512163,0.001039743176911467,5.964954125280503e-05,0.9953533400301907
110,0.0007875407895526076,7.267986085806758e-05,2.825732847481829e-05,3.510136820227968e-05,0.9990764206529122
111,0.016961039400837326,0.0005017697282364886,0.00037672480037264587,8.159068169000927e-05,0.9820788753888636
112,0.0006879972708947924,0.00025985338114016006,5.961778495753469e-05,7.813085109881797e-05,0.9989144007119086
113,0.003847224374397073,0.00011381089501614193,8.167730537037978e-05,6.30141650448488e-05,0.9958942732601717
114,0.00720254167077607,0.0006166768361750718,2.4043361518279397e-05,0.00012199966444707637,0.9920347384670835
115,0.037185889804951563,0.004530703217423047,6.477866850715244e-05,0.0002999326628469788,0.9579186956462713
116,0.06631704647504517,0.01537076960093687,9.988556361398956e-05,0.00043298680380815226,0.9177793115565959
117,0.06766612265138681,0.04602063045350499,0.0001236512128754847,0.0020408059478474226,0.8841487897343853
118,0.17208913571051196,0.11589762846293415,0.0003013210835119412,0.008317070997775313,0.7033948437452666
119,0.23804530060321052,0.2533028718309141,0.0021333873075673306,0.010777042735539826,0.4957413975227683
120,0.3065345672178784,0.46956034533218216,0.002505180957196407,0.009799572242394953,0.2116003342503479
121,0.12614357632244066,0.6971104560144371,0.039284732665688854,0.029220779631118427,0.10824045536631478
122,0.12652234948347155,0.7018803175684035,0.019611003611351003,0.004457561555112753,0.14752876778166132
123,0.08389338060095636,0.8374361454915228,0.054842837711811046,0.005012400882181175,0.01881523531352877
124,0.1096798815262123,0.7773965546537044,0.08034968662491632,0.0033114288434404437,0.02926244835172668
125,0.056297743357440214,0.7711836453005305,0.1404274016303839,0.002707166586048285,0.029384043125597035
126,0.051153991741523894,0.8277304070299517,0.10819902759334603,0.003550970748995139,0.009365602886183351
127,0.04217767207970081,0.7981604608993578,0.146253198386416,0.0030935134089363422,0.010315155225589335
128,0.02447696490690996,0.5766918686982488,0.3815437322764882,0.006644807950545604,0.010642626167807407
129,0.020979159146998477,0.8529316428135584,0.11749962308927198,0.0024783210542202623,0.006111253895950872
130,0.03749094838357939,0.879327109530909,0.06278826161906391,0.005053301484855611,0.01534037898159194
131,0.04599832161720348,0.7739969453148651,0.15430778607518472,0.008868018645746614,0.016828928347000286
132,0.04422028945267557,0.813109645980681,0.10804224738788555,0.01202056385742046,0.02260725332133744
133,0.017785585864678193,0.628241307080414,0.3315798683806532,0.008506112039461054,0.013887126634793499
134,0.06005864918480312,0.03412718204289624,0.003534253852572479,0.005146895133479585,0.8971330197862485
135,0.26765076466909954,0.367430450249274,0.0504367868974372,0.009820608178783653,0.3046613900054057
136,0.22159211405415094,0.5786565158428365,0.09125886589616805,0.007622933521221184,0.10086957068562344
137,0.18950047995332256,0.6905202987484215,0.06929892768601287,0.006070811099871307,0.044609482512371755
138,0.14452610214954772,0.5587249460905568,0.015115259178993076,0.011815795005256867,0.26981789757564545
139,0.18341280655108602,0.45900679180861526,0.010219758979646354,0.016832199261038575,0.3305284433996136
140,0.1895995272987645,0.6351018977384865,0.03207241586096802,0.023782630385538753,0.11944352871624221
141,0.3623128156623084,0.5220972850813393,0.003979487905369776,0.012518692348728483,0.09909171900225404
142,0.10539071893558975,0.06767824960890197,0.0006940869013968743,0.006657033584821882,0.8195799109692895
143,0.43756901011843,0.3263161227828833,0.008017605537702003,0.0129105020233698,0.21518675953761493
144,0.37608871955315226,0.23286131112689973,0.002640141353726964,0.0090020266300026,0.37940780133621854
145,0.44885335395056575,0.3854996090721752,0.013593261150310188,0.006412258047027248,0.14564151777992146
146,0.2883397912732555,0.5498594567954995,0.03702724659182265,0.01220306855446203,0.11257043678496027
147,0.23115546808796072,0.6403833344868726,0.005965928780137947,0.009725362102080703,0.11276990654294808
148,0.1523190977397808,0.6763203894712928,0.04675676468066131,0.008054418369150657,0.11654932973911425
149,0.12124868355956082,0.6447844181188368,0.16140267357333868,0.005374540956498502,0.06718968379176515
150,0.308096860164048,0.46984761974376776,0.01926572195169207,0.0055469278877570746,0.19724287025273501
151,0.2718007880695657,0.5948175521807754,0.024268126236933966,0.008726842376735112,0.10038669113598979
152,0.38070408847857656,0.45390056771826126,0.008792747366563242,0.006472248769480312,0.1501303476671186
153,0.2996152234346515,0.5508036599910241,0.0167458972001273,0.003739854482019814,0.12909536489217732
154,0.18758447439955828,0.6579998339720634,0.08029712255165193,0.0038393228777294248,0.07027924619899695
155,0.3300523947883572,0.5052700852090016,0.010691087463462543,0.005586315772732346,0.14840011676644632
156,0.37154756184534476,0.5257575189548372,0.0057344764363522665,0.004893399494792928,0.09206704326867282
157,0.19448139298483907,0.6569989226514155,0.02370257499766528,0.006764831554994105,0.11805227781108599
158,0.15039599019460287,0.5109924856203343,0.05742685747169396,0.007902727163804805,0.27328193954956415
159,0.2082484983991812,0.5882595018287253,0.06639666302276942,0.009800051697956544,0.12729528505136758
160,0.3258055149799838,0.5560021706391745,0.005890848102172085,0.010162145350166296,0.1021393209285032
161,0.07105282494010898,0.751210660713576,0.10241588547771183,0.010845263357124671,0.06447536551147853
162,0.13491074564554534,0.5159547355311044,0.047102675763055504,0.030293497790555072,0.2717383452697397
163,0.06412149053015115,0.05861743644322291,0.00910594533223456,0.006927452971942387,0.8612276747224491
164,0.15998190764970427,0.11653004445070624,0.0044038201505104254,0.005349953384322482,0.7137342743647567
165,0.2972365742475472,0.3757587809858404,0.006161651498255236,0.011143301918497906,0.3096996913498593
166,0.16365567346593465,0.20644199760084952,0.010241994608849999,0.005300431396687167,0.6143599029276786
167,0.24931390620227864,0.21318921399242544,0.018494965264063717,0.028619635464346222,0.4903822790768861
168,0.01041039731713445,0.018830535134946588,0.0006322842512020945,0.0036354622461154313,0.9664913210506014
169,0.11383780641376097,0.04333565617988171,4.9710733224805345e-05,0.003223407808720593,0.8395534188644118
170,0.3810386929613537,0.2519145147234706,0.0014564856267122277,0.009625425733278492,0.3559648809551849
171,0.17300902429879644,0.17436738782610178,0.0025950844374780448,0.0027391224061366084,0.6472893810314873
172,0.30400439139082164,0.23446711545785995,0.00574738646307957,0.008714453054268356,0.44706665363397036
173,0.33132972303206315,0.5727112388233765,0.01777569770490389,0.014053272949116685,0.06413006749053991
174,0.08129571219463813,0.8084780282367987,0.048035129181390364,0.004975091035541117,0.05721603935163156
175,0.06174367298082122,0.836913979384161,0.0894384358043557,0.003985517584159474,0.007918394246502534
176,0.1791976965595287,0.6298094767637544,0.029195614147780657,0.006051774936881222,0.15574543759205517
177,0.03164607487803463,0.8137725387384132,0.1485910775572317,0.001455115698529145,0.004535193127791458
178,0.03686998684100017,0.8168944377254359,0.12429482689751722,0.001364567226556151,0.02057618130949073
179,0.03109646567501419,0.723156705782826,0.238532388567253,0.00116551992286718,0.006048920052039724
180,0.02718111292555591,0.6707424230294922,0.28845170306254325,0.0011880716204448936,0.012436689361963908
181,0.040269602438962,0.8018167107929742,0.14107535588634454,0.00222704421525729,0.014611286666461925
182,0.016744923286834575,0.5761398289558664,0.3958478697795144,0.0008972434848770339,0.010370134492907686
183,0.055035140122747774,0.7435111585526685,0.189025872420258,0.0013354805595887397,0.011092348344737038
184,0.2854993745877938,0.5890951606885282,0.0508693741030495,0.005244568777117199,0.0692915218435112
185,0.03153122953996262,0.5525855720307327,0.4022842394045296,0.001812439778676764,0.01178651924609822
186,0.06457587308578676,0.8165179461709191,0.10563171297376388,0.002345035878793783,0.0109294318907364
187,0.04166326935030398,0.42988192968914496,0.5119558563077455,0.006401890743204844,0.010097053909600686
188,0.07311346194232105,0.8327804352419665,0.041877485622219233,0.004296415530484372,0.047932201663008704
189,0.045632889113258766,0.8496477981133054,0.09248585397296179,0.00467589740752321,0.007557561392950757
190,0.02029623769414943,0.6546814433154565,0.3169599503991971,0.0021456974300260107,0.005916671161170975
191,0.025249390505445946,0.6064682280042948,0.35440788337964474,0.003941770065904387,0.009932728044710125
192,0.03219265649870594,0.8709108655179064,0.0815459668268583,0.005707552343313098,0.009642958813216189
193,0.017395970077366287,0.845818041534751,0.12790372179360954,0.0030617151294356883,0.00582055146483751
194,0.04890218100352823,0.7412124103703921,0.18461057260220914,0.007032646888235227,0.0182421891356353
195,0.06721168555333433,0.7556306715443154,0.1089450886964993,0.007826558237703559,0.06038599596814741
196,0.12473754799196637,0.7969914361747119,0.04406473109802202,0.005675335428675086,0.028530949306624764
197,0.14066447383860267,0.7465225854623782,0.04291641482395009,0.004205485396247384,0.06569104047882168
198,0.14296121443419163,0.7120888445995802,0.11589175238742992,0.003031260025280413,0.026026928553517834
199,0.11410981393314176,0.8448188467669789,0.016046932725648735,0.0027519273017901,0.02227247927244051
200,0.22618045942905657,0.5420585039082904,0.004964638647991491,0.009790620151869281,0.21700577786279224
201,0.08017770530438917,0.79700198635715,0.022627407782307138,0.008934823118388427,0.09125807743776515
202,0.19089500608377571,0.46663533712666777,0.004264997235715489,0.03163613967330918,0.3065685198805318
203,0.1504482609036324,0.29524825281574074,0.0037244331215416774,0.05587845378019913,0.49470059937888605
204,0.2574502991800964,0.113746335412131,0.0009782870386232584,0.06694058909535151,0.5608844892737979
205,0.4821705173118619,0.19332584860250787,0.002141001972276566,0.11814807868178757,0.20421455343156603
206,0.20843396610957188,0.5386387400876015,0.006761707280685416,0.07849834737897508,0.16766723914316614
207,0.3186124095950597,0.4026224486515933,0.006937909722048202,0.08887358229684142,0.18295364973445738
208,0.2253243574506729,0.24982510034292202,0.00276748011814534,0.09209714336861857,0.4299859187196412
209,0.21455693193278738,0.23931997600417781,0.004537376904754632,0.0794898496981113,0.46209586546016884
210,0.17123613216378894,0.3329186949060908,0.004767663599973923,0.08254666149431299,0.4085308478358333
211,0.11512636271575911,0.5846585894962673,0.03858788472979093,0.12453605522885462,0.13709110782932807
212,0.09788117632979486,0.35480910052767894,0.006400995132913731,0.053007109921668856,0.4879016180879436
213,0.09282471686161406,0.274339732067682,0.002653845362301185,0.08195378952179053,0.5482279161866123
214,0.22100421192262962,0.2613179345817993,0.0007159112497633588,0.07400941320986498,0.4429525290359428
215,0.08435861426750879,0.037410815024242275,0.0006339921188408762,0.017909591344665816,0.8596869872447424
216,0.02399648678286422,0.02454522726589646,0.00022061912082960765,0.005351528461531227,0.9458861383688785
217,0.07320583284254745,0.046286396765451016,0.0004079892494997322,0.015236275742575476,0.8648635053999264
218,0.018515181831600808,0.011957308957098107,0.0009129773929595089,0.007950578051373945,0.9606639537669677
219,0.1989539806623941,0.017105955084302352,5.4799108202460245e-05,0.005597400888551227,0.7782878642565498
220,0.0617371638419871,0.016643079597767303,8.436209146703017e-05,0.003935928642861255,0.9175994658259172
221,0.32771835570272356,0.13291973737012094,0.00020238287782200744,0.010794010063324842,0.5283655139860085
222,0.30466755553122665,0.48178316347133027,0.0005511295798983522,0.06373285005876962,0.14926530135877508
223,0.0949393804296085,0.10023041528887966,0.0013495908195352464,0.13535510724264255,0.6681255062193341
224,0.07833735239203878,0.08238877376410061,0.0012521198891159767,0.33316502019951594,0.5048567337552287
225,0.04275573146920539,0.02620682312065234,0.0013705942616417562,0.6177544195198321,0.31191243162866844
226,0.0794060991668911,0.03388516929757538,0.0012841819450693556,0.6783267518685041,0.20709779772195996
227,0.031139777048373653,0.022287551799179923,0.0028207020769603366,0.666436789321405,0.27731517975408093
228,0.031969632490544,0.03781367164878091,0.0011055254260355475,0.8259891916510147,0.10312197878362488
229,0.011358233820025418,0.011128571962693614,0.00018699223417180527,0.9550629370391784,0.022263264943930824
230,0.017570320555803716,0.016588452200851412,0.0014189068431007957,0.8149239209169118,0.1494983994833323
231,0.020244715015413944,0.01922711298819831,0.0004431642576920934,0.8240213651916317,0.13606364254706393
232,0.0545072029572093,0.03783103248520804,0.0005855362268265993,0.7192054721845962,0.18787075614615986
233,0.08166866780493336,0.047225512951696795,0.0011583852048390447,0.4016327475931265,0.46831468644540425
234,0.07036194680506049,0.10359306152353344,0.0011039683915527595,0.08980973712922863,0.7351312861506246
235,0.10542553448470729,0.08192044177690526,0.0007090221744575961,0.10996841198709456,0.7019765895768353
236,0.1060534784221992,0.14638923692501796,0.004064753755889924,0.06482644843045149,0.6786660824664414
237,0.42434597132010876,0.21375398837915607,0.0006084673581176432,0.1100151121161058,0.25127646082651184
238,0.39064529757503635,0.2612153171823376,0.0009618618198450553,0.13455769020670527,0.21261983321607578
239,0.28340487595626535,0.5575725630733517,0.0016320600379800456,0.08096108980157309,0.0764294111308298
240,0.22060810867209446,0.3891149616610746,0.0037233167446043547,0.255615115645904,0.13093849727632265
241,0.18058822222073057,0.3638859672485956,0.0010886409657640433,0.3505730315815758,0.10386413798333391
242,0.13685179110613563,0.21207094356816664,0.00044514423347411934,0.6306427490103812,0.019989372081842455
243,0.09556078267967578,0.2809010142020267,0.007246860560791305,0.40120072495017495,0.2150906176073313
244,0.16284778876389075,0.325063234410742,0.003160383033192188,0.4653736318485445,0.043554961943630614
245,0.17094656587326482,0.40144174840516256,0.0015519204378591932,0.3253933762276573,0.10066638905605609
246,0.16820982106418889,0.42408080961196154,0.0027520384090530246,0.3761535370403388,0.02880379387445774
247,0.12656283223642478,0.6020301772064093,0.0032433578278993846,0.05204599309269393,0.21611763963657266
248,0.45720513276083213,0.3374852845958926,0.00035298992655492003,0.13690929176434558,0.06804730095237478
249,0.343452374261422,0.4549921450766497,0.0014013189680485928,0.07251684305335161,0.1276373186405281
250,0.2914898601124683,0.6515235338527784,0.002193148173175631,0.03851367645843712,0.016279781403140597
251,0.30604797902852837,0.578825873195735,0.0008502662048887063,0.05801538173192758,0.056260499838920244
252,0.056059399677567213,0.9158634321905892,0.0020115218407665033,0.017189445242646335,0.008876201048430817
253,0.12912647143650716,0.7802699683605052,0.02051270360800492,0.020372562581924,0.04971829401305872
254,0.20681866182686187,0.7334015853346368,0.01554761784815526,0.025049938439419998,0.019182196550925987
255,0.13341911542705764,0.8247636613434238,0.006990833391620183,0.017830774223642508,0.016995615614255884
256,0.01827814896533511,0.902737411052787,0.0685257199215734,0.0027180997989627947,0.007740620261341527
257,0.16726908910680002,0.7821835884143907,0.0028416411738676085,0.011060496240117382,0.03664518506482436
258,0.18599581528737613,0.7689451783105451,0.0003442354931105575,0.006037994933751992,0.038676775975216134
259,0.13792428267987825,0.7527256236525762,0.008766200913995954,0.0049821966149454465,0.09560169613860416
260,0.2481852274213854,0.6129369984053896,0.006245553740131533,0.009376810188045918,0.12325541024504758
261,0.14588669134569301,0.7232764081062014,0.017972459457376834,0.008908641883928174,0.10395579920680055
262,0.17671274632955436,0.7230868230843002,0.041324393208780966,0.009598425349096423,0.049277612028268
263,0.13667095184262626,0.8101912844306417,0.011163385667270879,0.004253451703768419,0.03772092635569286
264,0.12340678116503455,0.81582907457937,0.02674805997899638,0.0044096865540551155,0.029606397722543903
265,0.03544079293009621,0.8345978244769353,0.10842361668479242,0.0022636363903231643,0.019274129517852984
266,0.06631562650134103,0.6653410819077005,0.24809605630524165,0.000947155316989425,0.019300079968727277
267,0.04627769715486605,0.6179232457198598,0.32364768100886776,0.0006811556018111467,0.0114702205145952
268,0.09557980916928153,0.785978980936181,0.08111996546955641,0.0010674107712111984,0.036253833653769885
269,0.02316501034598241,0.3415489651495303,0.6280672453312244,0.0003885982572327795,0.006830180916030098
270,0.02447075252577688,0.47808432895672826,0.4786016459237131,0.0005202639402913107,0.018323008653490337
271,0.035365728982893294,0.5875118795184091,0.3550064409942113,0.0009001593775315781,0.02121579112695477
272,0.01170875232001486,0.20262379129282318,0.7812378507371686,0.0003557344978680365,0.004073871152125482
273,0.014998287558648252,0.31300924732591856,0.6591779988977357,0.0007082131576968138,0.012106253060000799
274,0.13386588577750652,0.6126178232223892,0.19338067186749738,0.0016605001434112417,0.05847511898919564
275,0.009993270247154185,0.37648992473191584,0.6097667623204521,0.00041124629981361527,0.003338796400664226
276,0.011020840643993193,0.35408335177791017,0.6317971465332697,0.0003955676360183215,0.0027030934088086724
277,0.0032131419257646417,0.21400975128548214,0.7812133889584089,0.00013197175998970413,0.0014317460703547299
278,0.01614467679694367,0.5338343387487091,0.4394201883163315,0.0004983444135064372,0.010102451724509295
279,0.015409525156237691,0.37648752084626974,0.5972285378013843,0.0006897291903014293,0.010184687005806832
280,0.0014115570192700987,0.09143636966503697,0.9056891849084272,5.671736854081776e-05,0.0014061710387248828
281,0.01165375558940679,0.2721047579492575,0.7085604867615842,0.0004135332309386831,0.007267466468812977
282,0.0028958728132098834,0.17956406677866962,0.812588954071556,0.00010359483659924455,0.004847511499965201
283,0.023593966975073162,0.2864541021792089,0.6653844946857872,0.0006327262331993703,0.02393470992673132
284,0.06926600236993607,0.7507086603251804,0.16984225135237688,0.0027639040084417336,0.007419181944065141
285,0.010881718272585635,0.36586479029162317,0.6198801326728824,0.0003841149295738287,0.0029892438333348585
286,0.013357613917065768,0.5263645264042021,0.45239554492855616,0.000584129538252712,0.007298185211923352
287,0.014595780724080038,0.48783155728872307,0.4938781285472934,0.00033713257625642563,0.003357400863647155
288,0.014333570418863904,0.5032822825362603,0.4767978116325827,0.00041115330061371636,0.005175182111679423
289,0.006830233298519099,0.4065583837604638,0.5834695677359427,0.00032647358835377166,0.0028153416167206067
290,0.006939296062447175,0.35501623457136977,0.6345435586795355,0.00021433015842284186,0.003286580528224847
291,0.006908739967489156,0.3187330020560944,0.66959247720911,0.00019974638905915912,0.004566034378247106
292,0.005825911489159897,0.20597476094370598,0.7853900757122282,0.00024379160253141513,0.002565460252374469
293,0.004354364730879925,0.2322438552687998,0.7575433469512802,0.00022320280331228936,0.005635230245727758
294,0.005226641901846589,0.12593238279289376,0.8660200109095441,0.00013715502564173675,0.0026838093700739013
295,0.0013320532963167933,0.11133091656466323,0.8865146184438523,4.811069176631923e-05,0.0007743010034012439
296,0.0029234434901446687,0.16150943751622074,0.8335072368032722,0.00010328349200101386,0.001956598698361263
297,0.0023655524729319518,0.1320260055615794,0.8645757098426561,4.343397417075281e-05,0.0009892981486620599
298,0.0035384446144438963,0.21057866812771334,0.7829043102144561,6.654131917384122e-05,0.0029120357242128085
299,0.002757026310563476,0.14281181297628906,0.852680354219528,6.22349959120488e-05,0.0016885714977074196
300,0.002161697236771666,0.10489285559303015,0.889259628407399,6.60244357927269e-05,0.0036197943270065754
301,0.0010335526806749212,0.07740283051846061,0.9204618025472735,3.2636031175338926e-05,0.00106917822241578
302,0.0026981000428401088,0.20652398599268978,0.787523532833216,9.731309585686701e-05,0.003157068035397307
303,0.0007957460499551062,0.07732181689190132,0.9206033611457589,2.524290143111451e-05,0.0012538330109535445
304,0.003183043321892961,0.11582822494857521,0.8772868403863984,6.35679554798942e-05,0.0036383233876534278
305,0.00217313911681379,0.06784852068444183,0.9282502147124553,4.2777322211697096e-05,0.001685348164077387
306,0.002139251804055866,0.13561058965954573,0.8600686900139897,0.00013175444931176036,0.0020497140730971284
307,0.013081353396348333,0.26819313996196936,0.6921468193465418,0.000650365836572627,0.02592832145856788
308,0.033958326594037226,0.39663242601624804,0.5584051834070406,0.0012411050716665045,0.009762958911007688
309,0.02325442179529668,0.8143768332638892,0.15781665164314418,0.0008309960390754203,0.0037210972585947385
310,0.00897670829213425,0.3688603999460871,0.6178423081111155,0.0015100659056379929,0.002810517745025201
311,0.010390132572407024,0.3935830745270611,0.5888577566647192,0.0019480783588317356,0.005220957876980876
312,0.014408279781850514,0.4748999046934314,0.4838799887753217,0.015742038611601304,0.01106978813779494
313,0.15170797371913755,0.5437876190870724,0.11164925733174402,0.10208048754897586,0.0907746623130701
314,0.15060660662809272,0.6500179563932355,0.005749267769897164,0.10448955381510217,0.08913661539367244
315,0.31636980707773565,0.25786609113193604,0.0006316510035055199,0.05277741832300484,0.3723550324638178
316,0.49583833884982004,0.3514656342250484,0.0029503289067281694,0.02193851183489249,0.1278071861835108
317,0.40998898059583466,0.46183062695577426,0.009177617932400923,0.016226634963548304,0.10277613955244193
318,0.42244437310756255,0.28940100618955067,0.004744187325199975,0.02958716012044786,0.25382327325723886
319,0.1264434688365884,0.6617602839379851,0.007624564309671797,0.059130388731839977,0.1450412941839146
320,0.010089169160959912,0.021844370667816783,0.008835937914390597,0.002330188838370449,0.9569003334184623
321,0.06683492170436975,0.14147808091697206,0.0031993663772627566,0.00583754204067364,0.7826500889607217
322,0.13701389873277764,0.04919052443891328,0.0003147082619942294,0.003737072298128392,0.8097437962681865
323,0.7162216340183363,0.12006719928623397,0.00018987349469578866,0.017459212983250025,0.1460620802174841
324,0.3363427686297081,0.5944476809920769,0.0012294223099936533,0.012105276625270566,0.05587485144295079
325,0.28054365460149966,0.6461079453109211,0.0006027034077468431,0.034850582668638955,0.03789511401119345
326,0.2573152323109047,0.372148324456013,0.003253522334593528,0.3200338284184385,0.047249092480050256
327,0.22394735419875533,0.3199343623284977,0.0002942907285196855,0.4290549383265667,0.026769054417660636
328,0.20308164804640785,0.3190004716250595,0.0005041064122283303,0.46539237009264445,0.012021403823659864
329,0.23995355309453134,0.5299030976377838,0.0016556397782053322,0.20531194692403582,0.023175762565443795
330,0.1450227620579745,0.7670162232507886,0.004473893725488752,0.07036710798811022,0.013120012977637919
331,0.18184343886322407,0.7177877699873317,0.0010312369333624453,0.08363180363346219,0.015705750582619627
332,0.2794612172310788,0.4698539127314581,0.0006292648433037823,0.22318565357225373,0.026869951621905683
333,0.27302917237485536,0.5189149612934012,0.00877313038725985,0.08151579222543599,0.11776694371904753
334,0.2684960493217266,0.6597950754874616,0.00032704398773529585,0.058141436019187524,0.01324039518388891
335,0.2395584051369792,0.6416046495435267,0.0006521837870451936,0.1008924418237926,0.017292319708656335
336,0.24818392714139104,0.670689361214143,0.003133023517177169,0.04750343181244003,0.030490256314848807
337,0.4026554378912547,0.4559703506739153,0.0003678352303365321,0.11785348555247457,0.023152890652018993
338,0.18723623934087244,0.7509933698431326,0.0008080694097456255,0.03458192500160539,0.026380396404643996
339,0.14823932835939416,0.8182952947392541,0.0008299708062103331,0.023276570053495586,0.00935883604164587
340,0.1529586963912458,0.7614039975896092,0.0006909713164232475,0.0719829592682173,0.012963375434504381
341,0.16627604573112334,0.729346409957172,0.013470034685924816,0.07085145616133132,0.020056053464448508
342,0.18107872477708206,0.6670930756994721,0.000591766435381493,0.13659278626637703,0.014643646821687305
343,0.16164205887995076,0.5893438940675009,0.0009125244781974876,0.2383329760768754,0.009768546497475513
344,0.09392912046438733,0.7776503201059906,0.0065634355716541705,0.1137692069171152,0.00808791694085286
345,0.2862747921011218,0.43740288145210754,0.000515979446929017,0.2506695537286685,0.02513679327117329
346,0.19242523653307625,0.6344050526247532,0.006966613445298463,0.06675854296380844,0.09944455443306359
347,0.25790268045194537,0.2353136322496248,0.001598923326301803,0.02320853757828873,0.4819762263938392
348,0.5112525944725844,0.4245952881400275,0.00023757824459587565,0.04434615037139292,0.019568388771399298
349,0.27226180247092807,0.6748944606736591,0.0010109241174176336,0.021436230032741213,0.030396582705253982
350,0.37712092237999906,0.5529608793180936,0.0007029753658695016,0.034461523085576796,0.03475369985046117
351,0.2635487510987186,0.6682112204788573,0.00025918136137910403,0.04947242899980621,0.018508418061238766
352,0.023395528648771514,0.9156330762521476,0.04684666633011102,0.008776075636971572,0.005348653131998184
353,0.18116302402695594,0.777976980163367,0.001600122476538996,0.02453118436543952,0.014728688967698474
354,0.30359258001706463,0.6052535920953203,0.00040825918007883635,0.038972819124798594,0.05177274958273771
355,0.20961949803408772,0.7559848541855546,0.0009801984381566367,0.017860844615912905,0.015554604726288185
356,0.1249384386178174,0.8553652823624033,0.001500921790540988,0.007974878155289812,0.010220479073948536
357,0.23235822429073763,0.7156826187354323,0.002342947637396562,0.017698985974461037,0.031917223361972565
358,0.04339028765027855,0.901785835605371,0.04362949634929817,0.00527674288317369,0.0059176375118785195
359,0.07141337856873983,0.9135930351966651,0.0004912264599603514,0.005503445306956036,0.008998914467678636
360,0.047746963553841525,0.928585201291648,0.006811597808439027,0.007455551109002396,0.009400686237069049
361,0.09396964238422913,0.8806761423642455,0.0014382419807957541,0.01487699556771203,0.009038977703017521
362,0.02359320698914341,0.9636097238272756,0.003417621240496764,0.00641951048035118,0.002959937462732972
363,0.046771725948495275,0.9046592713073737,0.030432976273740107,0.009951744440815867,0.008184282029575178
364,0.041581292061150146,0.9217809332860962,0.006077331145326367,0.021302639528455358,0.009257803978972039
365,0.0855314688162296,0.8117980850177282,0.01752529933687438,0.02681404036542355,0.05833110646374436
366,0.23559424619264993,0.636096299544357,0.0032880043987174663,0.014221166240670635,0.11080028362360508
367,0.34272641329788756,0.6042009077842596,0.0004687927079043425,0.015842639308435928,0.03676124690151264
368,0.23035860191350482,0.6996034045191724,0.000770264942744239,0.01931349983317692,0.04995422879140156
369,0.08150472371764006,0.8873669148853528,0.013067767502952327,0.010662618964519834,0.0073979749295349385
370,0.11300104753194762,0.7976218093517644,0.0067628394607949695,0.06442808084141968,0.01818622281407339
371,0.150640761086013,0.5881087140448396,0.0026425743280723115,0.23026232099405547,0.02834562954701976
372,0.07419102469024826,0.5915897899323515,0.04058018337761747,0.08295880871179238,0.2106801932879903
373,0.02130245315989729,0.031886308360648194,0.00020220498771115054,0.005588277500929855,0.9410207559908136
374,0.4354147352740489,0.25256053405461415,0.00036148620596061163,0.04653462411643146,0.2651286203489449
375,0.21811821634708484,0.7009888321456654,0.000376718943702537,0.02560049482359816,0.05491573773994905
376,0.46007756630152896,0.4454810287458323,0.0001258629223346833,0.05450269175103963,0.039812850279264414
