epoch,N1,N2,N3,R,W
0,0.0003984926174877228,0.005196178752901382,1.9168158110234286e-05,2.6846450824787854e-05,0.9943593140206759
1,0.0010530889865228259,0.0017947538813937042,2.650509332993643e-05,4.05161396672692e-05,0.9970851358990863
2,0.0008650705201719862,0.0017556436522260697,5.95779102387681e-05,4.6888353332188264e-05,0.9972728195640309
3,0.002832549642834959,0.0019271939266666796,5.915826816205514e-05,5.900312345579024e-05,0.9951220950388804
4,0.010140363763537549,0.004754431215927852,0.00012173696810852806,0.002854463878778994,0.9821290041736471
5,0.04669466289757217,0.04507642644038091,0.00019635145557901865,0.0028929544098530726,0.9051396047966149
6,0.049921119776638,0.019080304698355116,0.00022317738316490377,0.004347137254996896,0.9264282608868449
7,0.05367108403525035,0.11107753997350603,0.000495474968692954,0.0007361139472330698,0.8340197870753175
8,0.12372254852297766,0.22098758822948764,0.0009622408263695744,0.00989450690113499,0.6444331155200302
9,0.14673123323448592,0.26944519704723213,0.0014447439058527045,0.011019880518943266,0.571358945293486
10,0.07620838349735562,0.36088822527103914,0.0026494279949259123,0.013296866942344476,0.5469570962943349
11,0.0469830432270255,0.21201063441757476,0.0008019169097784747,0.05992874176141817,0.680275663684203
12,0.047220814135362846,0.1141966706397229,0.0005045963872094051,0.05768058721311416,0.7803973316245908
13,0.005970782527087855,0.009824845145366119,0.0001651317029419564,0.0072598822933306285,0.9767793583312735
14,0.04859357614403324,0.07107614537714452,0.0012897834392760726,0.004194890702067489,0.8748456043374787
15,0.06300613133129598,0.053174068464195805,0.0009566612111879755,0.002215472735536069,0.8806476662577841
16,0.15230621927711305,0.07261148394398353,0.0010407996252811843,0.0018775951097222284,0.7721639020439
17,0.051517841935287835,0.0647062758663214,0.0012311896828700478,0.0010009328648960048,0.8815437596506247
18,0.04161312285181394,0.054725527236820656,0.0006741902803998903,0.0012810298752009887,0.9017061297557646
19,0.03738997901513488,0.08619610032959579,0.0005568904405431714,0.002672083541620168,0.8731849466731059
20,0.08254846509707368,0.04199580554354549,0.0006341229381738267,0.0009452454317325993,0.8738763609894744
21,0.11847927271409797,0.07807865078805684,0.0004552770544143918,0.0008845143832047236,0.802102285060226
22,0.05782039261318364,0.6697237873116099,0.0014164076574921707,0.0029803504371935375,0.26805906198052065
23,0.034273997493879986,0.05109038866763196,0.0002349281356118321,0.0007916226166465012,0.9136090630862297
24,0.03336309786916041,0.061522158812247575,0.00022082497324713818,0.00094400104387552,0.9039499173014693
25,0.022947344956464093,0.03550738238515539,0.00018291852140550166,0.0010968201403836048,0.9402655339965915
26,0.0688716650689999,0.12211535833913738,0.000298341815748818,0.0004252317899484932,0.8082894029861654
27,0.06969761095499238,0.49896402089721587,0.0003454406241425515,0.0013642244697164264,0.42962870305393275
28,0.05892674555662267,0.07570315559170149,9.184250062662439e-05,0.002658153546563036,0.8626201028044861
29,0.0007310831579570281,0.0014777349532901088,0.0001792886839085327,9.293489438308383e-05,0.9975189583104613
30,0.0011678510839797011,0.0004741436592503039,1.7258656092470835e-05,0.00021880490274246982,0.9981219416979351
31,0.000621987222061225,0.0004407650899721513,2.461425724864931e-06,0.0001677094244948948,0.9987670768377468
32,0.0007319765749984017,0.0005791210351609865,2.307224392067719e-05,6.632360576228014e-05,0.9985995065401576
33,0.0007467074369899255,0.0004245320165558766,1.639303865857138e-06,9.689861526624761e-05,0.9987302226273221
34,0.0014818725343220852,0.0003898119542465452,3.25873930996939e-06,3.195256611491979e-05,0.9980931042060064
35,0.011664274465737205,0.001014200560540396,2.8339010075082598e-05,7.353756179494508e-05,0.9872196484018523
36,0.03505977334256124,0.007902009914376437,9.265690019539018e-05,0.00022841046209667507,0.9567171493807702
37,0.0017583070242498066,0.0008090375913561541,1.3042127226681711e-05,5.0559452929731564e-05,0.9973690538042376
38,0.010391944428462052,0.0034597773424692876,4.706864085026235e-05,0.0001145704491735732,0.9859866391390449
39,0.0024087600886273045,0.0004313736795541949,0.00013161765728452745,5.938720456891463e-05,0.9969688613699651
40,0.001480426923015841,0.00012649367235034647,4.282316363145601e-06,1.4943550546235617e-05,0.9983738535377245
41,0.006704129680516308,0.0006843383078400171,1.4215778219744973e-05,0.000100170621755747,0.9924971456116682
42,0.00700468910435407,0.0004768071573915947,1.1212389864105338e-05,0.00028370825397931536,0.9922235830944109
43,0.021668915665722197,0.0010216012625345091,3.368611205456251e-06,0.0013725148138183985,0.9759335996467193
44,0.021364645294193324,0.0026460864195524967,3.8064185430450996e-06,0.0026277368497316248,0.9733577250179796
45,0.01591774835908847,0.0019833544174197716,1.5164366189183496e-06,0.0034965658813270657,0.9786008149055457
46,0.07585447590501182,0.005465926024722145,1.085661899191967e-05,0.014618566692824722,0.9040501747584494
47,0.02928087144100213,0.0018216293761905632,5.555666039884486e-06,0.012272381677162825,0.9566195618396046
48,0.3628292828122919,0.005364746056732064,4.887161291873243e-05,0.07360914859874756,0.5581479509193097
49,0.40778850547605994,0.01213626124470024,4.300896520510487e-05,0.09591489930189141,0.48411732501214344
50,0.09504144985538744,0.0028906950684928485,1.8133785427365616e-05,0.033777775037294615,0.8682719462533977
51,0.07954157954490099,0.004931378234548281,2.0687005399132368e-05,0.03895498114337763,0.876551374071774
52,0.1234259747954178,0.004299039773197311,4.695173409202462e-05,0.019804391740759167,0.8524236419565338
53,0.045958790439188456,0.0055032081837697085,8.372113641212577e-06,0.015035968153163605,0.933493661110237
54,0.031371695029203825,0.002446336462425292,1.126510455253596e-05,0.009305762563308092,0.9568649408405102
55,0.09425934585192747,0.007763137592437574,1.6585904164857122e-05,0.019692955369269367,0.8782679752822007
56,0.4475061857775204,0.04292856768577723,5.9075174161999844e-05,0.032759344090871695,0.4767468272716688
57,0.11092868949764519,0.059270639640009566,5.910036069775513e-05,0.006185709732232677,0.8235558607694149
58,0.0725328345687212,0.01111431686925725,2.9093655331432163e-05,0.01470350859124921,0.9016202463154408
59,0.11035381014894946,0.06374024214272574,0.00011726545938783974,0.02919979369291918,0.7965888885560178
60,0.017810433290658234,0.006742250382418902,1.704680116870196e-05,0.002356518621239983,0.9730737509045142
61,0.013527377598889233,0.0026566323679047526,2.4462324422305083e-06,0.0031872980290566484,0.9806262457717072
62,0.05509255711025002,0.006975252743917021,2.8424843813593157e-05,0.006418354312626127,0.9314854109893933
63,0.031047387512364896,0.003242017830120086,8.432353125046487e-06,0.007700943692719158,0.9580012186116709
64,0.028262676552439796,0.0047203248115191615,1.571011603726361e-05,0.0019947715802515788,0.9650065169397521
65,0.2177832894018847,0.01729899161610661,0.00010123602497691689,0.004240467650025887,0.7605760153070059
66,0.05469713546618913,0.016919140660346214,0.00011429947529499104,0.003608336461326399,0.9246610879368432
67,0.049195870182814024,0.02033536179905991,9.096538134896463e-05,0.005693578487350851,0.9246842241494263
68,0.0012219677986465504,0.0049866935560921675,0.0009981234206544987,0.000229686950164515,0.9925635282744424
69,0.0006827944857471926,0.0019501757711149342,5.340335229746175e-05,0.0002057914313362794,0.9971078349595042
70,0.006136900880294094,0.00247751985167392,3.1076634331250496e-05,0.00033096289240944346,0.9910235397412913
71,0.004647888398404892,0.0014771889239949432,0.0006272943103780021,0.0002030164113528782,0.9930446119558692
72,0.0006366590724083072,0.0007033525782655094,0.00013264226925751343,5.219933734201437e-05,0.9984751467427265
73,0.00517535352396989,0.002537922775443876,2.105573337075564e-05,8.195718918432783e-05,0.9921837107780311
74,0.0048853727454437395,0.0020249501321691174,1.8880193754041947e-05,0.000562116413244739,0.9925086805153884
75,0.011333104026120302,0.0029018627386443994,2.822736975344222e-05,0.0007767164508666985,0.9849600894146152
76,0.019235042659017786,0.002320712011152346,2.1844541376277056e-05,0.0013397318132444672,0.9770826689752091
77,0.008877688996752064,0.001237175238402731,1.4891133441498098e-05,0.002070168845890606,0.9878000757855132
78,0.0023856949228496693,0.0017590179995785687,9.460010692587089e-05,0.0017668146551935908,0.9939938723154523
79,0.0029755340446835656,0.000337627035147245,4.077674948364225e-06,0.0016483716186707952,0.99503438962655
80,0.021266830474814962,0.0008898542869348099,2.658934833706539e-05,0.0016222109016190557,0.9761945149882942
81,0.008882916359921559,0.0005866646582343205,8.387903629397726e-06,0.0018575152187477694,0.9886645158594669
82,0.031542615227462864,0.000544745373733461,1.3955988949512894e-06,0.004460690213191844,0.9634505535867168
83,0.01865829969776901,0.00033098210166636,1.1362868252736708e-06,0.004590378738032171,0.9764192031757072
84,0.0314531454644997,0.0009653818799282638,2.859137064469041e-06,0.01085112430968369,0.956727489208824
85,0.10200407839165826,0.002196868314503334,8.844452113312973e-06,0.034405015656109476,0.8613851931856157
86,0.01169370301937516,0.0012739210160993496,1.1702464549124427e-06,0.01684942454480056,0.9701817811732701
87,0.07356265906308625,0.0021293483258905516,9.83443246575584e-06,0.032862899521986004,0.8914352586565714
88,0.10264723245290784,0.0033967193010809955,1.1023629937152431e-05,0.0373256513208718,0.8566193732952022
89,0.19343900026058813,0.008546186748709834,3.5512660597627674e-05,0.060907087138255316,0.7370722131918491
90,0.2782798668209988,0.013261558119561572,6.742551834129184e-05,0.09776302975317522,0.6106281197879231
91,0.06824791283760555,0.029754469601809073,0.0002513606056894935,0.018298876420504217,0.8834473805343916
92,0.31677079448841383,0.0247659809232426,0.0001483586881153356,0.1776688605393446,0.4806460053608836
93,0.20469429086023935,0.030960614941299446,8.918964280627166e-05,0.5677505490255182,0.1965053555301368
94,0.08536160744723258,0.055335744872788376,0.00014176188925090746,0.5483359341979352,0.31082495159279294
95,0.025366472915011123,0.0071993827924671985,4.608949474171368e-05,0.08446389264295329,0.8829241621548266
96,0.11032734582476546,0.02673572597677109,0.00011141822957061157,0.3473574051119632,0.5154681048569296
97,0.20440617295169597,0.06378047997253165,7.565643579056192e-05,0.3738227901401538,0.35791490049982805
98,0.236490991863679,0.06151620307220882,0.00018173569548347277,0.2522696627928558,0.44954140657577296
99,0.21445723757811327,0.07511417184582866,0.00021524161105332181,0.1587805510698243,0.5514327978951804
100,0.11547034118781564,0.04214065141682668,0.00015569596059069452,0.09250905016901569,0.7497242612657513
101,0.07659487316117299,0.05912402370433858,0.00024738191309160983,0.0152022262810106,0.8488314949403862
102,0.0360723728143971,0.02163389291936671,0.00040166031926581824,0.005154425883547092,0.9367376480634232
103,0.004783224584363662,0.013263837625548367,0.0006535552431658719,0.0003803226117295141,0.9809190599351926
104,0.044476888428276025,0.003855922259437449,5.2226260023037245e-05,0.004792734452606561,0.946822228599657
105,0.2556942660608479,0.015177760744639831,0.00016574613833238416,0.007119129796552089,0.7218430972596278
106,0.2963651051703732,0.019002654753348617,0.0002834195526532919,0.012306573838876001,0.6720422466847489
107,0.2905843798043413,0.062480847501595695,0.00022011068551779778,0.02691032527697438,0.6198043367315709
108,0.035573432989758666,0.05912878880542076,0.00025326644498775117,0.012041166655974964,0.8930033451038578
109,0.018836861253486634,0.01606129129859692,9.292981533544958e-05,0.009627149997139697,0.9553817676354412
110,0.2418575721345483,0.18807558396414154,0.000528049462507342,0.0316681068339232,0.5378706876048797
111,0.12448090523049794,0.05428602821966124,0.0001643983887267427,0.014276550013187546,0.8067921181479266
112,0.02035602167117987,0.016658188562342004,0.00011659197152730867,0.005634284683860705,0.9572349131110902
113,0.0030156492168227763,0.009458970354726199,0.0008599550819678734,0.0012774381254751952,0.985387987221008
114,0.0004406786116927751,0.0007284808670210671,1.738713129845403e-05,0.00035289857622480483,0.998460554813763
115,0.0007346321148715368,0.0002186558096105189,1.3704934981968033e-05,0.00022628564286921433,0.9988067214976668
116,0.0010083462546998405,0.0002268007837436906,0.00031616978921529364,0.0002793815938838524,0.9981693015784573
117,0.0028562307920553627,0.00041084989490477964,3.983534832510473e-05,0.0003628221651813271,0.9963302617995334
118,0.0038433056818871743,0.0007948122381197016,4.778042646964373e-05,0.00041690575942253855,0.9948971958941009
119,0.0004889687919802764,0.00029290504152861815,5.011547010048591e-05,0.00013473749115123875,0.9990332732052394
120,0.0017777285605169652,0.0006839653740272754,2.018824276046374e-05,9.882847466956419e-05,0.9974192893480257
121,0.0012698090056623157,0.0004432230803285035,3.681110750717236e-05,0.00020193986816613834,0.9980482169383359
122,0.0009468245175934922,0.0002978729107950139,4.686744355437635e-06,0.00024040511319409232,0.998510210714062
123,0.002313760107346178,0.000280031417239814,5.369000100044139e-06,0.0006783334897183829,0.9967225059855955
124,0.011398312825043746,0.00045546615979309794,2.672872683708855e-05,0.0016201507566735286,0.9864993415316525
125,0.02261356410692971,0.002805270486997635,6.650201123556054e-06,0.0040008670284271824,0.9705736481765219
126,0.2398942730806797,0.008550658326555896,6.124729328009112e-05,0.023768330898564463,0.7277254904009198
127,0.6137941781467734,0.01397035417216651,2.5548634900993402e-05,0.09388611470951008,0.2783238043366491
128,0.15771401930815165,0.07731578734030096,5.349219686942216e-05,0.4845893658567922,0.28032733529788584
129,0.10046607740200103,0.1095130700429681,0.00018874594857637997,0.33347162999680496,0.45636047660964957
130,0.06119712564825067,0.10894249745087957,0.0004303493640076749,0.5161070748391856,0.3133229526976765
131,0.06732567020426741,0.047584247203940944,0.0005063996571446973,0.31948926192651705,0.5650944210081299
132,0.22717102477576032,0.054964011212811796,0.00025552485465475943,0.5375228712085653,0.1800865679482079
133,0.24651046871766658,0.051017849999459325,0.00021133804769025736,0.48841241611586794,0.2138479271193159
134,0.13699846804149646,0.02386263205416008,0.00010121928190398865,0.5731618054437656,0.2658758751786739
135,0.09268042740162767,0.023277565715333407,0.00012614933512202333,0.6880884492376268,0.1958274083102901
136,0.1408987598097109,0.022538875473894524,0.00013115061935226993,0.6474035436900792,0.18902767040696306
137,0.10525863146298232,0.11730212613844909,0.0008432962572745447,0.6810969662543281,0.09549897988696587
138,0.06452785158142613,0.023869267160687258,3.714892732637078e-05,0.8014675461145546,0.1100981862160058
139,0.058349935059325383,0.01860422588352356,7.096207204184203e-05,0.6080740641898895,0.31490081279521975
140,0.03546856466324181,0.07440350055973784,0.00019887570196599222,0.773403383949775,0.11652567512527928
141,0.04645448067643479,0.11897538679046218,0.00026198136694772925,0.8055487965368766,0.02875935462927867
142,0.0516879043198301,0.0365667791957325,0.00011789371573676821,0.7931515549394482,0.11847586782925236
143,0.08198248587163659,0.08769253778667989,0.00022927269853250548,0.7089641535510062,0.12113155009214477
144,0.0784811873353491,0.091090146130243,0.0002583562861965317,0.25609664144245264,0.5740736688057587
145,0.16910434112486017,0.04112976164845104,6.762833347470104e-05,0.20986697168326587,0.5798312972099482
146,0.3724632429486534,0.13635046357526845,0.0004095921795279171,0.2179768194598941,0.27279988183665604
147,0.11926743885107442,0.07252450153322955,0.0010110927205172926,0.009198675589906414,0.7979982913052723
148,0.011085963792156896,0.008540037295512311,5.107459943292775e-05,0.002563848919242021,0.9777590753936558
149,0.07318334890095153,0.018886139462867386,9.1205213691476e-05,0.01148545979815655,0.896353846624333
150,0.02445813706882709,0.011432466831209845,3.315168485165187e-05,0.002328319855463694,0.9617479245596477
151,0.1246640810161225,0.07903684233384484,0.00035642865098173705,0.006286802088061961,0.7896558459109889
152,0.001447325108767578,0.0029411500952506294,0.00026252589364048144,0.0003648069447931409,0.9949841919575483
153,0.012229043292337843,0.0025346537348751334,2.8955471639233876e-05,0.001059852605383369,0.9841474948957645
154,0.005388529341715865,0.0020642628950294536,5.7379919322473395e-06,0.0002658241053950767,0.9922756456659274
155,0.007388308000032906,0.0009382041883878961,7.385888959944599e-06,0.0004821300659107969,0.9911839718567086
156,0.33517975442399367,0.008215941230314949,7.507933437643988e-05,0.005112256719317764,0.6514169682919971
157,0.14842082302729062,0.012080600645420339,5.108992414292699e-05,0.007764633283211301,0.8316828531199348
158,0.022267180724092034,0.0031788549389883056,1.1975474374566636e-05,0.006863356250375893,0.9676786326121692
159,0.21891160034445803,0.15536830317433184,0.00016104368898073825,0.1359204562396899,0.48963859655253944
160,0.013923043446241014,0.00870249834116171,1.1445757327305483e-05,0.040851351071411204,0.9365116613838588
161,0.36697834667853785,0.037611842756966524,3.4558407326682925e-05,0.32564464205045773,0.2697306101067112
162,0.030177011008765988,0.00985434305466453,7.096090680353551e-06,0.04183760138614793,0.9181239484597412
163,0.013531613208504935,0.002355096004475669,9.824551325025819e-05,0.004230524654171964,0.9797845206195971
164,0.003593553630527767,0.0006758585389140419,2.537390130556288e-06,0.004101090658110353,0.9916269597823173
165,0.2789879343431458,0.010954207128098097,0.00011145626423979455,0.007696745332740067,0.7022496569317762
166,0.5705459156441192,0.04909877793894706,0.0002868196364540672,0.022224091969562328,0.3578443948109176
167,0.08051646327935265,0.02108070318012951,0.00010996531006596326,0.014040943357399914,0.8842519248730519
168,0.11674863758215916,0.19868467505833254,0.0006639347244336373,0.04890239834669922,0.6350003542883755
169,0.0007997883821977656,0.005480492691772362,0.0004551263744178961,0.0003965626666627754,0.9928680298849493
170,0.0015285628835893994,0.002074925336500876,4.04257279847916e-05,0.0014237637722416716,0.9949323222796832
171,0.024258570036407995,0.0030903288287787885,0.0001002829862190647,0.0012947459564288195,0.9712560721921654
172,0.00771485025089103,0.003015721382114189,6.37628948372798e-05,0.000888866586673307,0.9883167988854843
173,0.08034514560780882,0.05556710696380219,0.0019480806326934094,0.006588411703469059,0.8555512550922265
174,0.007433492959931882,0.01248014891486743,0.0001885475067317313,0.0025865166875527934,0.9773112939309161
175,0.02905629962992285,0.03005648199615316,0.0009536109910172996,0.004911486551188526,0.9350221208317182
176,0.06275024805877395,0.07294027542782722,0.003089383615767473,0.009522632691722318,0.851697460205909
177,0.055026792084681295,0.020514162483626967,0.0008372767351821239,0.005362472321495583,0.918259296375014
178,0.11549745497605969,0.04764046396066393,0.001148342941944197,0.005654560978759617,0.8300591771425725
179,0.20089380042158125,0.09659683806325638,0.0018588245496439922,0.010135837082909278,0.6905146998826092
180,0.10448816396270873,0.1143444691883951,0.0020950380833459816,0.004896893395756145,0.774175435369794
181,0.1280697291356996,0.5004045945231247,0.0029710315510501815,0.022234055678715843,0.34632058911140967
182,0.10423539980254405,0.3190443443441541,0.0016170952609163916,0.009233228289195273,0.5658699323031903
183,0.10268439145827332,0.25498953866731205,0.0028693357688728345,0.020812127105443345,0.6186446070000985
184,0.009233008259535545,0.02348585065377095,0.0018795546350931917,0.0005911983784327188,0.9648103880731677
185,0.029424432351372026,0.06288212371823228,0.0015752241325261364,0.0005472787996086967,0.905570940998261
186,0.3351047279652949,0.1474787628476479,0.0008648375621968259,0.0018907567099919714,0.5146609149148684
187,0.23868274531659647,0.38543732683016785,0.0020297763724427477,0.0009323803003723583,0.3729177711804206
188,0.2839046413972956,0.6070040594130076,0.0018738236726987168,0.008598071803035031,0.09861940371396315
189,0.16422715231249363,0.6735879835198695,0.01848405561395155,0.024471888130607217,0.11922892042307812
190,0.10741561626507697,0.5653032364889192,0.012941371402037277,0.08895723550653765,0.22538254033742883
191,0.1934604527315703,0.22910839222588608,0.004186767335675221,0.06861327700165312,0.5046311107052153
192,0.05275105855888595,0.4771557895732154,0.01591119201187043,0.13218043204225946,0.3220015278137686
193,0.14176218819397615,0.5432486647929423,0.015117426531194215,0.07426615810817676,0.2256055623737107
194,0.10536891582710427,0.613263268099255,0.03345294241480822,0.07455571797246326,0.1733591556863693
195,0.03293315456270887,0.08251356637113798,0.0015347706789697964,0.021641899700890716,0.8613766086862926
196,0.05668141059457677,0.7169991309687462,0.03536429889853179,0.02812373898053877,0.16283142055760666
197,0.0441175221122246,0.4923798327084858,0.22144398998451942,0.04743830837872557,0.1946203468160447
198,0.057546083626635436,0.5180205114320637,0.16848607846689928,0.05935125187929249,0.19659607459510905
199,0.023562796465335354,0.45944764960492745,0.2777313659492668,0.07386404296403996,0.1653941450164305
200,0.01698753391866369,0.39345696907973887,0.4652402916364213,0.04093146305033693,0.08338374231483905
201,0.04376874181266186,0.39436745373262255,0.1653298749292942,0.04857558061071264,0.3479583489147087
202,0.06370879303908261,0.5012406673522665,0.11892746006796465,0.17406749820637984,0.1420555813343063
203,0.016747394809702883,0.5863270364026689,0.27898015998895376,0.017440791034126657,0.10050461776454775
204,0.04184883423432117,0.1604992905815341,0.05002796257880684,0.0435526665020674,0.7040712461032705
205,0.057853486721018796,0.5491023540849814,0.08648050542762763,0.16117639735510053,0.1453872564112715
206,0.03032202532921496,0.5245704176958981,0.30507549459750766,0.05352363860654759,0.0865084237708316
207,0.016814406282531547,0.4374196927979385,0.3962251880197788,0.028544127540590568,0.12099658535916055
208,0.014403954343082464,0.5205174402568443,0.23873727524265226,0.02139753230264436,0.20494379785477657
209,0.038145542465471215,0.5420488512822005,0.17649301100880282,0.09279710586723952,0.15051548937628612
210,0.03424858829166889,0.22458187448856137,0.06632991844947798,0.09776142939198976,0.577078189378302
211,0.05475188082194394,0.3380810520235097,0.08304750424341044,0.19683871726492777,0.3272808456462083
212,0.04963476193401408,0.18377387002596773,0.030874870430818102,0.20581332577393863,0.5299031718352615
213,0.07167447212049466,0.3911787033166352,0.1055463499832216,0.1540373670057721,0.2775631075738766
214,0.041052955991154716,0.3388174335016317,0.10680538975586192,0.4108393273358472,0.10248489341550458
215,0.025308553463266933,0.3136859693987106,0.5212784717911771,0.013688022512583836,0.12603898283426154
216,0.04005442041018283,0.4095185933007253,0.07729676801203396,0.12073807602905857,0.35239214224799936
217,0.01251304543011524,0.4817364457600615,0.362990270093614,0.03608816694446918,0.10667207177174014
218,0.022459128056106153,0.3307627442897536,0.4794769631882345,0.08732977440357582,0.07997139006232987
219,0.057582265536877314,0.16142581257424327,0.04650369157270034,0.0631239735783285,0.6713642567378505
220,0.1651303526597456,0.41194837282197583,0.06804665017296614,0.1488498634096605,0.20602476093565186
221,0.09642534006812581,0.4085372202931452,0.07131677728084225,0.23644230586176793,0.18727835649611874
222,0.08295382870496949,0.46159014353211597,0.04877390574972321,0.11087802043236038,0.2958041015808309
223,0.04161963823480812,0.1682878431841891,0.011611553533977822,0.35727474179935226,0.42120622324767276
224,0.11033195699860468,0.29164979393316404,0.011124092157586578,0.1612247454354515,0.4256694114751931
225,0.03376567840809763,0.07614678283247715,0.006439775059368959,0.0645175268498673,0.819130236850189
226,0.12425122128982677,0.13019051574218699,0.011971978251628325,0.09193179786490367,0.6416544868514542
227,0.0014095548599446586,0.0017438086480264093,0.0006220198480637392,0.0003456998879960155,0.9958789167559693
228,0.009176516443689229,0.0016130577534999415,2.2590232778270115e-05,0.00080032205838285,0.9883875135116497
229,0.02053140753806101,0.0033522152314364897,5.6598618331315257e-05,0.0015578053953765175,0.9745019732167948
230,0.019834118899892027,0.003279309266291867,2.857204693763273e-05,0.0007931350692320135,0.9760648647176464
231,0.09472454832877938,0.02756141372386754,0.0003522428562968172,0.007372926258716933,0.8699888688323394
232,0.09617770714320613,0.027735722887918854,0.00043274836793816545,0.020748311328362728,0.854905510272574
233,0.052143543303294286,0.008128151450379631,0.0012306355637673502,0.013110506389979537,0.9253871632925791
234,0.053656739677382395,0.010624190749746899,0.0001500420563625352,0.0169887824320789,0.9185802450844293
235,0.3994584626647788,0.08138270872243586,0.0007534485249326179,0.28080569653912324,0.23759968354872943
236,0.2729883897949549,0.07852333640595943,0.0014519162533631672,0.24884907839103895,0.39818727915468366
237,0.10751116740617674,0.1272595677028323,0.0007623090665332419,0.4503264138562952,0.31414054196816255
238,0.015034572742414097,0.05005189335699494,0.0012012040655035034,0.005087234896103473,0.928625094938984
239,0.10503071043590041,0.04854052255650794,0.0005587891020631689,0.017105051678986294,0.8287649262265422
240,0.32966582127323807,0.07603252553412387,0.0005323353506311087,0.023251325352840645,0.5705179924891663
241,0.08588832420606149,0.024620149216973156,0.00037257438108100017,0.010093196519702294,0.8790257556761821
242,0.015592719949114549,0.011136056489651564,0.0001845724842916208,0.00423541518552574,0.9688512358914164
243,0.6154689257251958,0.06260906675539799,0.00029996024625971216,0.06617933945336718,0.2554427078197794
244,0.45438931759329654,0.0757086452079122,0.0002712458677672597,0.09176591778558583,0.3778648735454382
245,0.30479894357294607,0.21884102699429717,0.001053266885954108,0.14965126282807412,0.32565549971872854
246,0.051648608279726234,0.04387524152539118,0.0003772741025111686,0.8682026651251559,0.03589621096721562
247,0.012578653890056577,0.02716980456633713,7.05523810573121e-05,0.06600283853728503,0.8941781506252641
248,0.16757093825460181,0.02991591581233628,0.00011265159336148507,0.5862621736482309,0.21613832069146957
249,0.14080609699195248,0.04746882362301032,0.00014551486618823568,0.6897576136712449,0.12182195084760399
250,0.33298727176449017,0.06574344434735879,0.0002023338016552786,0.4414890424030722,0.1595779076834235
251,0.1345265835634561,0.023646966813858906,5.2692119193325074e-05,0.4832941222725457,0.358479635230946
252,0.04566758336734819,0.03505231237282977,0.00016600533691896795,0.1506401877646354,0.7684739111582677
253,0.2927711415297389,0.07353200510308175,0.00013068858290196116,0.45248837904583955,0.18107778573843777
254,0.17530002785145654,0.09115061788120833,0.00022800178827205424,0.6327363036413651,0.10058504883769795
255,0.17522665324876907,0.036808780698825525,0.0004225451110234875,0.4639290011118435,0.32361301982953844
256,0.025323376007047274,0.03188009228347573,9.309672535053043e-05,0.08206608969778577,0.8606373452863406
257,0.1269238316883326,0.1254463034909419,0.00023934517924308535,0.656886777484728,0.09050374215675425
258,0.24314949957921944,0.06519530894013353,0.00029051705041813734,0.595195035187346,0.09616963924288302
259,0.047721255020622674,0.037107816839227266,0.0008784953074773929,0.09304925699700566,0.821243175835667
260,0.21314949583422957,0.05581830562218852,0.0008431941595317508,0.6391158984049717,0.09107310597907847
261,0.14581374743069178,0.03560709253201913,0.00039223643933366186,0.6493690566051327,0.16881786699282272
262,0.012296475287561923,0.0057763189377138665,0.0002371928836162814,0.005682128866203858,0.9760078840249041
263,0.035794462608031215,0.013293564148654655,0.00015994583170603365,0.010155998521388718,0.9405960288902194
264,0.43185767193477986,0.038242591935634,0.00025544536628833634,0.03488305948218934,0.49476123128110844
265,0.7404870352777023,0.09402703602858574,0.00023869294997718953,0.05035024515775763,0.11489699058597708
266,0.05308313327847409,0.022664232841723177,8.180092337596678e-05,0.028544005109390466,0.8956268278470363
267,0.24378546718471952,0.07108189229867203,0.0001309124966623474,0.4877280167890827,0.19727371123086349
268,0.12585576485526515,0.09248352089967314,0.00031279467980102876,0.4858485046057303,0.29549941495953036
269,0.262341165383972,0.2460215499290393,0.0002333700824714498,0.4298259881945666,0.06157792640995065
270,0.10129829586317528,0.07916747076679773,0.0005827879630887341,0.7400830490019186,0.07886839640501955
271,0.13418042205048186,0.20584567830188294,0.0004325109858828288,0.6193484198388477,0.04019296882290471
272,0.06245803418498169,0.11715611067985064,0.00036072363809646523,0.8091126811294507,0.010912450367620431
273,0.09173238572412912,0.23332831949542943,0.0005105992373674112,0.6341571351690545,0.04027156037401959
274,0.11597370408380293,0.24164417838787647,0.0002680203301263065,0.5882663175739684,0.05384777962422588
275,0.15875152456785288,0.07725495739199482,0.0002280960597806905,0.2731526593844413,0.49061276259593034
276,0.15843649802541745,0.3801561521992305,0.00043181236490918095,0.14305462930692567,0.31792090810351725
277,0.4138809421220631,0.2260708812080648,0.00043420330808549123,0.1841401363200688,0.17547383704171787
278,0.17806962310199415,0.49395641772187293,0.0012868641668717384,0.04237614274891812,0.28431095226034314
279,0.14668403512764153,0.18290166257323645,0.0004670371265910191,0.03374692944470714,0.6362003357278239
280,0.10204361075405755,0.6326752508288052,0.0015481266143275673,0.06382152719264218,0.19991148461016742
281,0.14186447901015936,0.3781701451891133,0.0010108813180801006,0.22441000114028442,0.2545444933423629
282,0.09362854617674309,0.5601249727575911,0.0007667049727432974,0.3234270439496312,0.022052732143291346
283,0.2781447093526929,0.22044181754009123,0.0013063538735291595,0.34754592432127385,0.15256119491241285
284,0.23860103261327065,0.11806557129620272,0.000742956396604027,0.32206833466236634,0.32052210503155637
285,0.22338342719607346,0.4703520990495201,0.001124590557653437,0.24189419618676508,0.06324568700998802
286,0.3167881852659688,0.28127634438648863,0.000542817855138503,0.036998342949328945,0.3643943095430751
287,0.45142332792887474,0.23367245331002928,0.0008299963713584969,0.1283984348966587,0.18567578749307875
288,0.2449977852875281,0.5288163007991266,0.000673620419504002,0.04041429480719709,0.18509799868664414
289,0.21716886478139671,0.4190468696321142,0.0008011204879657186,0.061967623094156064,0.3010155220043674
290,0.1530555452526551,0.585520542798756,0.001604556910423597,0.06397889161549773,0.19584046342266762
291,0.011141193697585516,0.03980330966821772,0.0007245073191392168,0.0020136058667722897,0.9463173834482853
292,0.007396482452484662,0.010835474777807316,0.00017224004926640152,0.0013662582550604326,0.9802295444653811
293,0.34133359568116034,0.018784322300227353,0.000233702717148087,0.006590239629023354,0.6330581396724411
294,0.47240497501269574,0.06327908155767027,0.00016750751157503562,0.0038954664783760916,0.4602529694396829
295,0.6718192487192388,0.07525527736695932,0.00011486981544019402,0.07654297765395965,0.17626762644440205
296,0.27355148931187884,0.3141661373359977,0.0001982863785443717,0.2933633650350128,0.11872072193856624
297,0.024021243824531968,0.019210147975884582,0.0002674704880025576,0.003083809048405768,0.9534173286631752
298,0.5251482050689777,0.12723490993632847,0.0003444442242329291,0.031110486354382398,0.3161619544160784
299,0.391615156044069,0.496421894845369,0.0008602706275783814,0.02024962057370183,0.09085305790928175
300,0.3480680785955325,0.5885053018525082,0.001648692915724779,0.009840842325799511,0.05193708431043495
301,0.2545217923991994,0.6185469795021478,0.001339343866484578,0.023917688520734788,0.10167419571143334
302,0.04831673861069708,0.9008261021260567,0.004765420366349797,0.011631431821898016,0.03446030707499829
303,0.20726550332140403,0.6287902905770724,0.0013235068421931485,0.12181901721241782,0.04080168204691255
304,0.08971801885664824,0.8331910312993042,0.0017985307953325672,0.04844039958463296,0.02685201946408191
305,0.09941541660402284,0.3429880496791339,0.012179208360256292,0.02516832529991393,0.5202490000566731
306,0.03005759535841369,0.03556356835024602,0.0002951229619192293,0.0007120310338940706,0.933371682295527
307,0.6144699198739557,0.0902589525086594,0.0004030141063698624,0.010457102390397004,0.2844110111206181
308,0.05394738282595111,0.01471489828053612,0.00014392210640624525,0.000756494437072082,0.9304373023500345
309,0.6433818021454717,0.1349069112339473,0.0005248906815307671,0.009559265710530472,0.21162713022851976
310,0.24474739575254642,0.6647445507351326,0.0006854985330177311,0.04481083810041685,0.04501171687888642
311,0.13351273465574082,0.1644071759531364,0.003716353413395913,0.040237353015681175,0.6581263829620457
312,0.301976489465884,0.0878852125533393,0.0003906466587691341,0.49779430464895985,0.11195334667304764
313,0.16804148228187282,0.09482347633154299,0.00040995424076603246,0.6483395713250234,0.08838551582079475
314,0.2013740101031683,0.12674292080794675,0.0003688296674335913,0.4312109353060297,0.24030330411542167
315,0.18235496321797762,0.09751931071127466,0.00037636274054479306,0.6283298898316667,0.09141947349853612
316,0.12940124900888592,0.08028248978925519,0.0004503336574388103,0.7455525717502799,0.04431335579414013
317,0.16022917077283555,0.13575009563719706,0.0010062388176276212,0.6438730237791099,0.05914147099322971
318,0.18243791371620433,0.043080639069314225,0.008335733659089743,0.6259125462611203,0.14023316729427143
319,0.14309826494178557,0.039160762735543565,0.004477745364942741,0.6925874791178672,0.12067574783986089
320,0.1859763214331659,0.04401070361941053,0.0024957974340372243,0.4614877859987629,0.3060293915146235
321,0.27371542048926106,0.10062829528233443,0.001728626478190406,0.5911231372051681,0.032804520545045984
322,0.0877135591112553,0.07348906888011193,0.003727100465696426,0.8114521558627328,0.023618115680203375
323,0.160062477662529,0.08957864665855815,0.0006250616426698843,0.661962348556913,0.08777146547932999
324,0.05507634915427867,0.09607606405945768,0.011725697048796693,0.20001164506316133,0.6371102446743058
325,0.11662215535394498,0.03657459623277877,0.0025308662650786093,0.0176068113752213,0.8266655707729763
326,0.5139039699045832,0.08243964533179862,0.0025719312040499227,0.0420603812025608,0.35902407235700756
327,0.6203160440787339,0.15825957572279362,0.0006145932105464073,0.02626817428664229,0.1945416127012839
328,0.6369621969806687,0.19024908751085787,0.0016285910621753647,0.017362576546621343,0.1537975478996767
329,0.49221517569066864,0.16008541264650258,0.0016062174341750514,0.21823982940054928,0.12785336482810458
330,0.2302632949626501,0.6658295312253295,0.003235420214202686,0.06592081845363916,0.03475093514417856
331,0.4577691682534537,0.4500948899742396,0.0024868449314791844,0.05041277808725583,0.03923631875357171
332,0.44150926287294157,0.40578308120738427,0.0020305427839269288,0.09422541746361095,0.056451695672136426
333,0.44247753559598646,0.33068502084945767,0.002673541023804702,0.0995731339632947,0.12459076856745646
334,0.21941205296921554,0.6130286714604557,0.007473719241056722,0.044844186433487844,0.11524136989578426
335,0.2935526954228217,0.4965408110985656,0.006539559825841307,0.06933696562204265,0.1340299680307287
336,0.11085110290265825,0.6911037923726796,0.01844106254094121,0.012960771068524913,0.16664327111519603
337,0.019484998709011016,0.01932716280108692,0.0001645140492124613,0.005194671806770905,0.9558286526339186
338,0.2504206058227992,0.17129072160453382,0.000573299057817755,0.06288773675140207,0.5148276367634472
339,0.45880783542604875,0.25375635182974526,0.0008298328761294331,0.16099830986458155,0.1256076700034951
340,0.0013627038086987155,0.006705341150955001,0.002157215238845592,0.0008615635983089029,0.9889131762031919
341,0.00872499111383109,0.0037034071848731994,5.314685667837387e-05,0.002164677239556501,0.9853537776050607
342,0.011495586345685574,0.0043620128459633985,6.939041410549792e-05,0.002732145912529934,0.9813408644817155
343,0.05978198422850897,0.006885662206440465,0.00016915940587625402,0.0031686382938115615,0.9299945558653627
344,0.38553524485981566,0.022116537606540886,0.0003296954311891035,0.037613973946585395,0.5544045481558689
345,0.021345278508765202,0.01790805679539071,7.551730008225679e-05,0.025462168511048697,0.9352089788847131
346,0.2768600701976538,0.02711667817720351,0.0006259692678313424,0.1473836934174482,0.5480135889398632
347,0.27086158785633746,0.044239814496983935,0.00043312191211821046,0.3300747975964246,0.3543906781381358
348,0.10275357794212091,0.030184623908981873,0.00020947629202975956,0.8574177608163011,0.00943456104056647
349,0.14593125948644514,0.11114516169062139,0.0013095319611449315,0.7074748602883376,0.03413918657345094
350,0.07838140553108745,0.041992359348425025,0.00224601791336796,0.10704847737674995,0.7703317398303696
351,0.3096962675165807,0.2568870957096213,0.0073394851208112965,0.22045239919002185,0.2056247524629649
352,0.2999481960578964,0.5326641288139513,0.004546532158378543,0.10106033976541871,0.061780803204355104
353,0.23229532569111389,0.6905925377076667,0.00677262570292585,0.04046654608414754,0.029872964814146107
354,0.05991209196150608,0.8774554612721785,0.027392783479058817,0.021266448856295684,0.013973214430961008
355,0.21957939136264856,0.5474638706455558,0.011981498906386483,0.1311982306587993,0.0897770084266098
356,0.13896083369994883,0.6679383904078453,0.025029070344126065,0.1404201299540314,0.027651575594048343
357,0.40166540236357356,0.20987030824187153,0.0040414280267571144,0.35112325060620053,0.03329961076159733
358,0.13383923024494088,0.6478909127141893,0.012627934455794809,0.13641563906410775,0.06922628352096734
359,0.08038893725791522,0.0928063716369658,0.0004788815857908695,0.04495274440275243,0.7813730651165757
360,0.5701933964797429,0.22126708957893187,0.0011677824588687735,0.08952490630137531,0.11784682518108118
361,0.2513352754956213,0.6480249010110951,0.0032294793565239375,0.07224691119958936,0.02516343293717046
362,0.2559569817310209,0.6354941578182349,0.0007579486857592691,0.05705260699643446,0.050738304768550485
363,0.11598484789550906,0.840060652580047,0.0012273623041579428,0.024609657637432423,0.01811747958285347
364,0.11170703094822768,0.6726873862311493,0.00573079711327218,0.10367579680040825,0.10619898890694261
365,0.20124208885558492,0.6701765371289031,0.005543471328994918,0.08059465482847376,0.042443247858043355
366,0.06250811940923393,0.8986453903003002,0.020041202778320177,0.009118552948505262,0.00968673456364045
367,0.12336996423170658,0.7876120085039631,0.031837125825422266,0.024554356951227728,0.032626544487680244
368,0.11711479294023881,0.7971909777681825,0.01727217027703708,0.030472716690991004,0.03794934232355066
369,0.2449914278305435,0.5093447931342933,0.010557042429586605,0.041958711210727535,0.1931480253948491
370,0.1101009624222161,0.7238268564180614,0.024792712442717486,0.04537885033954704,0.09590061837745803
371,0.40117361906927357,0.1859990392386202,0.004297219410273065,0.08651122568242416,0.3220188965994091
372,0.09247075745607215,0.16235291054901194,0.004263831491076945,0.026482172724791114,0.7144303277790479
373,0.3247691432462875,0.3274133510223753,0.0019732855197251136,0.06553068260082931,0.28031353761078276
374,0.25414878578660377,0.6703959117890713,0.0012203914213282196,0.018304005236135575,0.0559309057668611
375,0.18399824495094516,0.6090263041954169,0.0013148710938550578,0.05812653548837304,0.14753404427140993
376,0.21553986419710092,0.48773045949067356,0.0006451614674801663,0.1860228739859409,0.11006164085880446
