epoch,N1,N2,N3,R,W
0,0.005263825524549763,0.0007714322648991773,1.8614364347390548e-09,0.00021320501533332633,0.9937515353337814
1,0.0030610688717710127,0.00046754586751646436,1.952542431919957e-08,0.00021269302028858122,0.9962586727149996
2,0.004686387481806494,0.000816667189615809,9.351162471706785e-07,0.0001535183059194426,0.994342491906411
3,0.010985774086885216,0.0006127010839158546,5.148537981142299e-06,0.0004208566041082125,0.9879755196871095
4,0.11395840247375523,0.001258372408841233,1.0389442379878392e-05,0.0009438773693758005,0.8838289583056479
5,0.03738411254416971,0.0010797009302879392,3.0435275313070263e-06,0.0008108126129509083,0.96072233038506
6,0.07512009988408085,0.0013356150703620706,6.291412024721344e-06,0.0005430993341544899,0.9229948942993779
7,0.2601058632909757,0.008535494622196603,6.958119890969293e-05,0.0007747953957585623,0.7305142654921594
8,0.21476934694174285,0.04820153725354866,0.00036982172264470075,0.00036445267968414515,0.7362948414023797
9,0.3563974113539415,0.2638324582517695,0.0069374040036042925,0.0005720864640077686,0.3722606399266769
10,0.13515523223243026,0.1133235156017116,0.009777023006323727,0.000808744983869221,0.7409354841756652
11,0.10978232573629446,0.5645923727297856,0.05108750912029114,0.002552066458339319,0.2719857259552895
12,0.06802950843878419,0.7264376957151008,0.03509015418220211,0.002934735043542345,0.16750790662037068
13,0.07428597979597089,0.8241454270446709,0.007822051075965106,0.0038616799419971684,0.08988486214139611
14,0.06523535070018949,0.8419058438116621,0.009010762254382278,0.0030357227737810508,0.08081232045998521
15,0.07214834933959949,0.8204605621694918,0.0032057159838018504,0.006944894332986286,0.09724047817412068
16,0.06324152208159155,0.8390347589571965,0.0025613617557368133,0.0079314772065125,0.08723087999896263
17,0.1522016198084742,0.6569757868786726,0.0013888876635630718,0.02823351986110941,0.16120018578818074
18,0.07693727120294282,0.4533438192274196,0.0005607311298478823,0.015141776260880101,0.4540164021789096
19,0.17751401711096004,0.07604106067734934,5.500273839562821e-05,0.019844911891044033,0.726545007582251
20,0.4660285869823843,0.3181621949950293,0.0013163920950809338,0.0040475948893385115,0.210445231038167
21,0.38329201796784895,0.4849522714933618,0.0021934930094861583,0.0040240106915070874,0.12553820683779607
22,0.0954251142314199,0.870508693208924,0.0017929940068450911,0.0014477134065194917,0.03082548514629156
23,0.045411343074255914,0.8881263444076607,0.02867734095129685,0.0015349768625767882,0.036249994704209684
24,0.05363293504071714,0.9050115121550939,0.006933727928572984,0.001321621806676095,0.03310020306893998
25,0.06704074222425661,0.8599022692858185,0.042499797781556346,0.0004968548359811529,0.030060335872387694
26,0.012615169754477492,0.9049711677273403,0.07230661746518642,0.0003525793340507769,0.009754465718944918
27,0.07236172102046,0.8548969179023024,0.04105030926331123,0.0010373545271211992,0.030653697286805157
28,0.03553726937530165,0.794315675971473,0.14821093606578364,0.00032930590936849533,0.021606812678073073
29,0.027934416582723845,0.8903767120308212,0.07091721007629136,0.0006347760255022041,0.010136885284661236
30,0.0074683476389291415,0.5939390719106481,0.38693625223471234,0.00017087739019433214,0.011485450825516028
31,0.00787446999530747,0.617745386597345,0.3678978261858577,0.0001354653450536371,0.0063468518764361395
32,0.014099004185734145,0.7737370169721094,0.20306035860453692,0.0003109191155584008,0.008792701122061125
33,0.0050079861331471,0.6090960302773335,0.37580546901120754,0.00023702622694535703,0.009853488351366489
34,0.001302617098708124,0.1624801772256913,0.8332991962781486,5.161785124193164e-05,0.002866391546210019
35,0.002330194453047289,0.25710615021342514,0.73477888482246,7.355455101630297e-05,0.005711215960051301
36,0.006959084865434979,0.36516036402859714,0.6172037307554774,0.0003050031066471687,0.010371817243843342
37,0.01907886054442372,0.4598008382824823,0.5025070871721852,0.0016849901312357988,0.016928223869673072
38,0.010605027660864599,0.4916334867321368,0.4589147636586622,0.001728994446306626,0.03711772750202972
39,0.013786401113575021,0.29090081429079395,0.651419283620974,0.0013488444396042908,0.04254465653505264
40,0.054725636341861734,0.6774025229207902,0.2186205886496999,0.007562639063975836,0.04168861302367238
41,0.05229026513759615,0.35830642357394765,0.4569190372400903,0.005660784344916007,0.12682348970344995
42,0.014622167355671008,0.0037047380237558544,1.192215266408181e-05,0.000548038522881831,0.9811131339450271
43,0.003664060231740698,0.0015174434699899088,0.00025156766176692496,0.0002334781276876855,0.9943334505088147
44,0.025358366974804116,0.001995171313717776,5.610528179394765e-06,0.0010314604301490313,0.9716093907531497
45,0.010509803790362308,0.0004972595504601136,2.5272264742054036e-06,0.00011476304009739871,0.988875646392606
46,0.004512490576755802,0.0008991158837545163,7.598011996452949e-06,8.226895883942369e-05,0.9944985265686539
47,0.025589680763956058,0.0028400039731632737,2.2860746216941118e-05,0.00030721744328998397,0.9712402370733736
48,0.015192562425606529,0.0024710421783277516,2.348140862603352e-05,0.00022527778368462592,0.982087636203755
49,0.01965738623487902,0.0010757408425617503,1.5213964924928126e-06,0.00019514451866496112,0.9790702070074019
50,0.04682469763706826,0.0024889974455573984,8.041187395794811e-06,0.0014649385555400418,0.9492133251744386
51,0.03969881591076724,0.0009533916402836429,4.4503531261587545e-06,0.0012246117840769486,0.958118730311746
52,0.07236696298998682,0.0028436241174978217,3.567484836365835e-06,0.0029916804408191425,0.9217941649668598
53,0.017247011728407997,0.004824531911705682,5.091271048059645e-05,0.0011868024622332747,0.9766907411871725
54,0.010780309191208804,0.0005900213322612053,1.6943448928488683e-06,0.0005178000764569955,0.9881101750551803
55,0.2375169034592953,0.003606464280363844,1.663787952097479e-05,0.004114545312139478,0.7547454490686804
56,0.058180966431946,0.0019830414672008835,3.8012827900492312e-06,0.0017262295045260467,0.938105961313537
57,0.30662669341524645,0.014716352106441344,0.0001134705309559773,0.004639217248724581,0.6739042666986316
58,0.1644006097418481,0.006851557210556575,3.255359945292521e-05,0.0021235614795602014,0.8265917179685822
59,0.3796003930782691,0.04589243676066112,0.00012239934922274147,0.013917710489183032,0.5604670603226639
60,0.014750282144113263,0.03138227092999022,0.00047950975490763345,0.0015592429845399226,0.9518286941864489
61,0.05855082007961921,0.004547932254342327,2.5612442947010256e-05,0.001541753849152976,0.9353338813739385
62,0.1477426445409303,0.04791856443421749,0.0002210938541940696,0.004090717714001866,0.8000269794566562
63,0.2515015477790857,0.012169696783359272,9.556565748065743e-05,0.001684957528746469,0.7345482322513278
64,0.7221686396915336,0.18744403600716716,0.0002885266409711372,0.005722017826928322,0.08437677983339965
65,0.06840779126806355,0.024889354184461334,0.0002972252796866442,0.0012146286653181243,0.9051910006024704
66,0.5657015440626885,0.3362071945699408,0.0007631333718660737,0.011863700726481826,0.08546442726902291
67,0.15559112088108007,0.8070267207922972,0.004222962694721738,0.006425075698769934,0.02673411993313114
68,0.08794129302177801,0.8629244333253593,0.02878107076657568,0.003416800123097516,0.016936402763189584
69,0.15692842779742192,0.5996901480545608,0.0073477375618084696,0.037107507039394506,0.1989261795468143
70,0.1708427766150159,0.058905263137347764,0.00016472532802324806,0.04823402388699755,0.7218532110326155
71,0.24783167940702552,0.6447127237824668,0.002558175392062418,0.037827712315858616,0.06706970910258668
72,0.07598790627651222,0.8979567555328414,0.002555752415312836,0.0005161232873632033,0.022983462487970247
73,0.6507908109266312,0.26368812890199506,0.00020833194059087582,0.007166137548568647,0.07814659068221431
74,0.06538709232722764,0.9219501041502497,0.002265615005750608,0.002535333527395259,0.007861854989376818
75,0.3070728028539448,0.4330598761467711,0.006309925938786637,0.0169177886969473,0.2366396063635502
76,0.4421811074878237,0.46330428274575863,0.0003412862334917432,0.030670692487288174,0.06350263104563772
77,0.018675084245036725,0.9745348189023032,0.001313818005305062,0.0009493723698911986,0.004526906477463784
78,0.015012432511554565,0.9391954737308366,0.02790734303943733,0.00033526994939808214,0.01754948076877352
79,0.04155434360306163,0.02507202684849322,5.378681609496478e-05,0.002162595169599083,0.9311572475627511
80,0.4310570909236019,0.32834469292828106,0.0003033877584440055,0.01997053707534105,0.22032429131433193
81,0.346288534796548,0.5076958308473186,0.0017198617158084703,0.024908347984241536,0.11938742465608342
82,0.1622116475361669,0.023283953400397912,4.076914923262466e-05,0.0026338152654167162,0.8118298146487858
83,0.17739256762141067,0.7849773959981571,0.003062711967257861,0.006588588514744603,0.027978735898429717
84,0.41245946802830086,0.08280065411004073,9.478668406713089e-05,0.016712213502230306,0.48793287767536103
85,0.2605621203698077,0.6815153594196204,0.0025391516382902305,0.019510700067836964,0.03587266850444466
86,0.09988481749389075,0.6986929108900995,0.01489561385539683,0.012125322479327388,0.17440133528128543
87,0.08745693597937076,0.0205471411902453,6.69467825542197e-05,0.015150369785522321,0.8767786062623075
88,0.2073589267075873,0.028632873788607353,0.00011547659107382734,0.058199506204824766,0.7056932167079067
89,0.08572094421827418,0.22423898512138066,0.0037123838384009148,0.007229180934078432,0.6790985058878658
90,0.006061225014297362,0.0021774206250881434,0.00018214903384422519,0.0001351536255717489,0.9914440517011986
91,0.002928585720923168,0.0007220335425626195,1.5570128211976699e-06,0.00015728485293405075,0.9961905388707589
92,0.002410971487995761,0.0008327724179601615,6.771104221536361e-06,0.00028981817436087313,0.9964596668154616
93,0.011652482193411175,0.001389353419808169,5.812455104236077e-06,0.00018136445182532547,0.986770987479851
94,0.019014800388540806,0.0022057602457605224,3.067108500235159e-05,0.00040066907450353353,0.9783480992061928
95,0.011313881850563945,0.0032192698712494236,1.1001374165513247e-05,0.0003560009961928032,0.9850998459078284
96,0.006675894771696199,0.0017911739987655035,2.3008024373104506e-06,0.00018876663576727,0.9913418637913337
97,0.02052214568850461,0.002628954095778469,3.235904247334503e-06,0.0003305328524235362,0.9765151314590461
98,0.26732120828731326,0.009607744063335075,6.586732730814643e-05,0.0017812094416552163,0.7212239708803883
99,0.5420835919556078,0.015051980109468252,4.5546028091385006e-05,0.0022774668292403367,0.4405414150775921
100,0.8770098641239251,0.06573348251284662,0.00015867528469036527,0.001810971568101469,0.055287006510436415
101,0.6046495117438095,0.3535970638654036,0.0016460965393655397,0.0009325607413344746,0.03917476711008692
102,0.2713247006462597,0.17070815998970174,0.002333676593847013,0.007036596617429475,0.5485968661527622
103,0.0827629138598778,0.8554800370857479,0.03864604308636914,0.012152746919487253,0.010958259048517752
104,0.03650294730738689,0.8709242982033456,0.08372432329062453,0.005222743645316834,0.00362568755332608
105,0.015347774062647309,0.8689904245328045,0.11159626107988273,0.0005464278975951407,0.0035191124270702863
106,0.010046025061059713,0.7475323413253344,0.2390553903027065,0.0009906364093479087,0.0023756069015515844
107,0.009416780960185316,0.6187964618406905,0.366290315913691,0.0005850763775490337,0.0049113649078841035
108,0.0010869788547816783,0.5894765413263463,0.4072861681609488,0.00016097593935518356,0.001989335718568021
109,0.004856738311208561,0.817550217754235,0.17479343796024566,0.0002867379695256854,0.002512868004785214
110,0.002316246643045607,0.40836133291686094,0.5874654663977833,0.00013710019068048185,0.001719853851629597
111,0.004157432115328794,0.3194390570070794,0.6721155642702941,0.0005621727892924483,0.00372577381800542
112,0.020831471075996873,0.7914500384658054,0.17888958102572944,0.003604346277945461,0.005224563154522919
113,0.004655448039413111,0.5355605027037642,0.4546296427788991,0.0014110779258774584,0.003743328552046168
114,0.01454373191714257,0.6061723408534005,0.3648909555769274,0.005196904296002207,0.009196067356527256
115,0.3703346647640456,0.1794354151126415,0.0025438594607147184,0.09004216810252233,0.3576438925600759
116,0.5792717396151903,0.1283854402314623,0.0017395360945740492,0.037834660539815435,0.2527686235189579
117,0.46413032786603875,0.47936846367494035,0.011930674524817879,0.013181549494638884,0.03138898443956408
118,0.15601412385446364,0.04787436521978876,0.0005192435582574265,0.002960642274743218,0.792631625092747
119,0.9032033955367175,0.055823503618012894,0.0010504137177002979,0.0013420692629887332,0.03858061786458049
120,0.2452396112213778,0.6715805417502005,0.05791223812618066,0.003565368253289646,0.0217022406489514
121,0.07711727489177356,0.8366795948482737,0.0717556889440608,0.004748331283594538,0.009699110032297224
122,0.028553504497595077,0.8935299816520315,0.06296176700394701,0.008988911706738044,0.005965835139688498
123,0.18486942577098472,0.7490025577822006,0.010047448247427275,0.036904780954657705,0.019175787244729937
124,0.019942627286320888,0.9334603882716551,0.04115131892593562,0.0017062600850051338,0.0037394054310832736
125,0.06959231242018972,0.8996216629894039,0.018865884156464802,0.003390412807087816,0.008529727626853778
126,0.019432830797985592,0.9449401507147529,0.03165801685214334,0.0007219664662832786,0.0032470351688347445
127,0.0028899548344709747,0.8629675107943802,0.13204897320952472,0.0003116348361506719,0.0017819263254732112
128,0.006766331398136604,0.7891449013185974,0.1992845795023598,0.0007670433845273448,0.004037144396378813
129,0.004681448239258947,0.7232835614205535,0.2671603455399022,0.002295490471540906,0.002579154328744335
130,0.33404073699953635,0.06511938869382036,0.0010416471687825603,0.013249647354354218,0.5865485797835065
131,0.13339784943694014,0.8127549165676778,0.030848452300608772,0.003140769536206087,0.019858012158567202
132,0.015546556729332821,0.7696583299303265,0.21067048914001832,0.0005562074749270418,0.0035684167253952023
133,0.4699218418334355,0.48902684149868203,0.008029347329826252,0.002613337320963069,0.03040863201709335
134,0.014399143072390442,0.9366666600752978,0.04618630282138174,0.0007569960436940148,0.001990897987235865
135,0.006989117828516287,0.892939627710514,0.09711868938835018,0.0007663281113773784,0.0021862369612421608
136,0.0027026286502425134,0.8290039324661826,0.16637360261714904,0.0001786602154108441,0.0017411760510149478
137,0.08436858019620717,0.884411058389405,0.01863106686101292,0.0023183968877538547,0.010270897665621255
138,0.007004252579828617,0.8823150847098866,0.10864995810503952,0.0003157771333426381,0.0017149274719025602
139,0.004362926176558288,0.5359625303628052,0.4579579336326182,0.0001578443516812199,0.0015587654763370641
140,0.003206791336142767,0.5841483766828869,0.4105730958398962,0.00015572325192022267,0.0019160128891539806
141,0.005266624209315122,0.7891495755398691,0.20345594956485122,0.0002707666167864901,0.0018570840691781146
142,0.002847554915685265,0.8749197960049017,0.12029147000324415,0.00020755567549603034,0.001733623400672902
143,0.0013132891690555894,0.411360839812791,0.5860390563975851,7.438441367248487e-05,0.0012124302068957987
144,0.001962367978884409,0.5731906043429933,0.4233859250237543,0.00010771995907101415,0.0013533826952971586
145,0.003744994073367602,0.460470577057414,0.5342012126030761,0.00011055947464081538,0.0014726567915016359
146,0.0007475176828061501,0.2952816003574801,0.7031475959897896,5.354940229662795e-05,0.0007697365676276813
147,0.0009880392809141958,0.48497127490303843,0.5128750113955421,6.239401046746923e-05,0.0011032804100377122
148,0.00045976543346943,0.2244590325574646,0.7740553775542695,2.1413514829878527e-05,0.0010044109399666727
149,0.0003334962793326531,0.15318233200312528,0.8457151171223124,3.2729444016813806e-05,0.0007363251512128664
150,0.0003664763574568286,0.15596893462192013,0.842622412577526,2.7550476319696934e-05,0.001014625966777415
151,0.00011547805981617286,0.06984112893332602,0.9293746030059843,7.836510377455226e-06,0.0006609534904959187
152,0.0003267538581282098,0.05969424194030534,0.9387725256817917,1.4905452911679837e-05,0.001191573066862997
153,0.00023769975401313886,0.05580223181104926,0.9426561039207104,1.0130278669148063e-05,0.0012938342355579798
154,0.0007486920412447989,0.5235519320703458,0.4715341830108241,7.39973249473569e-05,0.004091195552637941
155,0.0004576274400891765,0.11439752016574567,0.8832398849792367,2.3549281530647347e-05,0.0018814181333978114
156,0.00036295842663400983,0.06869096586252886,0.9294901929131391,1.5807734676922945e-05,0.0014400750630212886
157,0.0008800637535761595,0.1925002323672992,0.804170655865932,3.3190647697219276e-05,0.0024158573654955396
158,0.0009009773257316467,0.4515586015306974,0.5443509928074912,6.611688356407449e-05,0.003123311452515683
159,0.0005110231320520042,0.10057637258899911,0.8972854419846731,2.3706666744744393e-05,0.001603455627531192
160,0.0009591925628625412,0.2800660997280094,0.7160324576776537,5.283120423078987e-05,0.0028894188272436685
161,0.00032516173900986846,0.09759446569134828,0.9009205118082261,9.898352959071171e-06,0.0011499624084565115
162,0.0007021639065676737,0.2585923511963298,0.7389403568802563,4.3850385787035735e-05,0.0017212776310591839
163,0.0007096245557240839,0.0894458065376853,0.9079445021174686,0.00010367439791073812,0.0017963923912112307
164,0.10170754319066856,0.6631690902493709,0.20808178292762114,0.007848313505337046,0.01919327012700237
165,0.0071839987144199065,0.6507928667143936,0.3341488706516621,0.0026224561271619524,0.005251807792362359
166,0.007977321297092155,0.4684180752207394,0.510319593762172,0.006481688477045523,0.006803321242950859
167,0.09197100135604451,0.7862701061251176,0.021339634108120783,0.08782622777943201,0.01259303063128503
168,0.09817592208050359,0.3186531313293284,0.014202019343774654,0.3911250494300462,0.17784387781634706
169,0.15718840089133926,0.41727816577664795,0.01071375958651299,0.21064764523171867,0.2041720285137811
170,0.1023931305478281,0.1728446106836596,0.0006988236670308841,0.6320894992059962,0.09197393589548515
171,0.23823761461068219,0.25616966340514585,0.002502007203081926,0.4013652522120847,0.10172546256900537
172,0.03927546200765555,0.06149072530038551,0.0004979938680890799,0.8756211169068819,0.02311470191698807
173,0.01752293797255497,0.03526067066999313,0.00033844114787623614,0.9252113273895372,0.021666622820038568
174,0.011173439470336409,0.013134413110681854,7.190481803528435e-05,0.9714182492147629,0.004201993386183582
175,0.027097157378415435,0.040204196823407506,0.00029234519915223193,0.898639562217397,0.033766738381627685
176,0.02401514183050691,0.031938694303860565,3.695184505111872e-05,0.9348684488363166,0.009140763184264865
177,0.05694596558277943,0.0420652495243683,0.0001373792945700088,0.8372138808986394,0.06363752469964289
178,0.047183864518717825,0.0661334083894626,0.00019686826007373853,0.7504402334385029,0.13604562539324294
179,0.08856688158765927,0.033389653091507994,3.3188586121342604e-05,0.7955502513121937,0.08246002542251768
180,0.123765439269303,0.055925728577018635,0.0010557656720668854,0.16672759135447401,0.6525254751271374
181,0.1517091352938439,0.03411141708681344,0.0001671559244672869,0.439367457914744,0.37464483378013136
182,0.33251806729292027,0.10458959349542443,0.0003757878856369448,0.47056970583579816,0.0919468454902201
183,0.4790341582998389,0.042371554520606376,0.0007473869798610861,0.15412605506159677,0.3237208451380967
184,0.08514338247085407,0.02697816582910619,4.166978251252311e-05,0.8269201696950044,0.06091661222252284
185,0.02429258821840719,0.01248986333191319,2.4941305053632315e-05,0.9485262700916285,0.01466633705299747
186,0.027108990111593255,0.0271223655910834,0.0002703287291794276,0.9037141916530717,0.04178412391507237
187,0.038526747867346764,0.016038162161582253,3.416227365700397e-05,0.7797573770259025,0.16564355067151137
188,0.021865563032723058,0.008680681364308324,4.202809485622776e-05,0.8847498962015392,0.0846618313065732
189,0.028884922512063437,0.006865605787559562,3.2166062388684134e-05,0.9203511931001636,0.043866112537824735
190,0.040143747004098396,0.01001976846706895,6.334915916520526e-05,0.7471555611366051,0.2026175742330623
191,0.027008503973421975,0.0045967901107011305,9.23151887633086e-06,0.9063832423228729,0.0620022320741277
192,0.029401069021819704,0.009932189117004562,1.7142884067831694e-05,0.7555250097986034,0.2051245891785045
193,0.28280634448891345,0.038734745995216265,0.0003522554366178102,0.22696442353051838,0.4511422305487342
194,0.06991830019609982,0.02851095033897175,0.00016286145017237544,0.7274317066178813,0.17397618139687482
195,0.09734392644546208,0.017615304872136407,4.374277083926822e-05,0.7709233578733642,0.11407366803819802
196,0.13926110229823466,0.025597080128707858,0.0001112774094426164,0.5975233448009164,0.23750719536269857
197,0.28237264794679595,0.06379761855026465,7.263328071993092e-05,0.14364327488940626,0.5101138253328132
198,0.3733161479338827,0.10421647027154818,0.00013585395547577021,0.09542307510746761,0.4269084527316257
199,0.280767273577313,0.19156632301045698,0.00017709945005619398,0.12126093256031154,0.4062283714018623
200,0.39139844426031806,0.11187183980618844,0.00022315838959077166,0.1733670848270952,0.3231394727168075
201,0.026408688776853883,0.05454221063052177,0.0016597750515197599,0.014569476462220619,0.902819849078884
202,0.1676529968508173,0.06191242198297817,0.0008830770119799152,0.024718619744877938,0.7448328844093467
203,0.21968265519479696,0.03556271120885292,0.0005570711353622906,0.016934180642886987,0.7272633818181008
204,0.05548361685301364,0.009719731150588993,0.000644678681409201,0.005644168139247356,0.9285078051757407
205,0.07871894196914819,0.01158183044308406,0.00043721854694812857,0.020597804967410278,0.8886642040734093
206,0.11044463602122574,0.011373418516939505,0.000598588877785126,0.04355066555356201,0.8340326910304875
207,0.05867057330424059,0.008069083258085518,0.00015061764790019836,0.017451911820011785,0.9156578139697619
208,0.2711883800231276,0.1393190569832354,0.0012478356220039415,0.0744329737034723,0.5138117536681608
209,0.026703773600718676,0.011115289979345973,4.729591204819104e-05,0.00562920641135954,0.9565044340965275
210,0.01183383051793393,0.0033979463985759676,7.014710639290883e-06,0.0006190843153289812,0.9841421240575219
211,0.03139176410071892,0.0025754286064497488,7.240724182263381e-06,0.002099028069237632,0.9639265384994113
212,0.018164973454402062,0.005710656061094157,1.6448118532193794e-05,0.003992253276617145,0.9721156690893544
213,0.08613491042260134,0.025257715119288638,5.286356487354055e-05,0.008676888240469234,0.8798776226527673
214,0.01675515751499813,0.011017786735672854,8.359724896944766e-06,0.003200234872021161,0.969018461152411
215,0.032315445209301234,0.02385971613642847,6.67264062201577e-05,0.008320634011283062,0.935437478236767
216,0.0353515106615796,0.006873597085412355,1.1413756637984818e-05,0.005790956100658501,0.9519725223957116
217,0.07961868094751912,0.009167565615566418,9.495661673567552e-06,0.018254116075252562,0.8929501416999883
218,0.035137399995363604,0.017268460788560442,1.7164667451272786e-05,0.03193648725268458,0.9156404872959402
219,0.27470489722920494,0.05414611526944231,4.544102893533503e-05,0.03796552442184516,0.6331380220505721
220,0.03136145945124251,0.013046923312268345,3.785004865729432e-05,0.03152968737240958,0.9240240798154222
221,0.43431051712832763,0.14455355921923643,0.00023018029628075993,0.3441902589648455,0.07671548439130971
222,0.09895751587499299,0.06423579443024748,0.00029742935790468596,0.10651600659527193,0.729993253741583
223,0.05831599619689874,0.006580629282719575,6.6644973285709425e-06,0.0136675692073698,0.9214291408156834
224,0.32700488528625926,0.0350269158336245,2.7821302920840125e-05,0.05664442758765806,0.5812959499895373
225,0.7140335020645547,0.12267649255141984,0.00011450967880343627,0.13203514151354723,0.0311403541916747
226,0.26352555871638267,0.3251816856773913,7.191940296727821e-05,0.38215434673662163,0.02906648946663704
227,0.15723992078508117,0.3866145824290085,0.00012999493213798654,0.4327723168039807,0.02324318504979155
228,0.15973890379180938,0.5201236093128034,0.00028428707712244703,0.21199665436083873,0.10785654545742594
229,0.1245342237271365,0.3771828649273469,0.0005525246427209306,0.46693700513624736,0.030793381566548185
230,0.18794851470261145,0.40023934793590105,0.0017253931615753904,0.10621055149619114,0.3038761927037209
231,0.05381785460478589,0.0113009196809598,1.286656857516211e-05,0.009189866590610262,0.9256784925550688
232,0.35087487599730177,0.26218964342623446,0.0005311767245437743,0.0938606850437031,0.29254361880821683
233,0.6064225090272212,0.0746674954521731,8.11653899963631e-05,0.050667265127429945,0.2681615650031795
234,0.7315949822113657,0.10245345216135317,0.00015750125849966684,0.04112539346773323,0.12466867090104823
235,0.4726856335139328,0.3810573169992954,0.00028085352824393396,0.1007092169924644,0.04526697896606355
236,0.05130818216198571,0.8724523983260912,0.013655612009153805,0.05673671117573669,0.005847096327032482
237,0.057825061831434495,0.06023501076237863,0.00010783427011822237,0.025344927890242792,0.8564871652458259
238,0.20247403647357548,0.5661681209143099,0.0007417491811308624,0.20560895160425413,0.025007141826729598
239,0.12784189838631907,0.31298615849442024,0.0006183676002850043,0.04222112436205034,0.5163324511569253
240,0.3875985044241801,0.015992842462747844,1.0767981416768303e-05,0.030092476784478874,0.5663054083471764
241,0.14966598850185034,0.7290537724535175,0.0008562889193069511,0.0919340857175708,0.02848986440775444
242,0.047841604681592646,0.01014521533618505,1.1809354533969799e-05,0.006988571808189713,0.9350127988194987
243,0.7260403838534711,0.06151117457433182,4.078420302971336e-05,0.1419585949267969,0.07044906244237036
244,0.2185975919886181,0.4331118211752431,0.0011141653801862027,0.30742403569581966,0.0397523857601331
245,0.023051921652714788,0.0035879954604878866,5.296421961418633e-06,0.005822196921811448,0.9675325895430243
246,0.661374986085463,0.05647461046444648,4.59617515152228e-05,0.06743272424131203,0.2146717174572633
247,0.2141396259297792,0.5090996117492205,0.0005996183131572635,0.13575624080469173,0.1404049032031513
248,0.6286578200922026,0.04686898710763743,5.755559392741214e-05,0.13679183365541764,0.18762380355081495
249,0.06234869726732496,0.8116750799494273,0.003585743336556478,0.08876412865442485,0.03362635079226649
250,0.04559730117295688,0.040113921303501235,0.0006182216971841581,0.01830697379760682,0.8953635820287509
251,0.04090014831326567,0.005423472494007559,4.9769507316032036e-06,0.003242578376834256,0.9504288238651609
252,0.2674415629187505,0.027112019191014317,2.14231711546925e-05,0.02882279047783154,0.676602204241249
253,0.34238133781195973,0.09549387994214988,0.0001769158165424429,0.024057686892878658,0.5378901795364693
254,0.7494477557868671,0.1234105167590225,5.462020141856947e-05,0.0482714369641062,0.07881567028858569
255,0.20869562986601337,0.04901139401876483,4.446232063521907e-05,0.0237411850483632,0.7185073287462234
256,0.38369061843569474,0.37823857424667806,0.00044533522470971225,0.20114653020412634,0.036478941888791125
257,0.22041914347209554,0.1375319354552597,0.00045899428688767784,0.07912188680557533,0.5624680399801817
258,0.4485669374738889,0.30067250369410237,0.000631716972763444,0.20846436637559482,0.04166447548365038
259,0.19433061544714486,0.4966022162762377,0.004723221014063751,0.10405289236182262,0.20029105490073104
260,0.518721667437957,0.12737967479855694,0.00011289028292335114,0.12783269213980059,0.2259530753407622
261,0.11231577991435657,0.828838066224424,0.0010727066509303434,0.050512108369829466,0.007261338840459736
262,0.2405718207521068,0.04080725046328959,8.086032924932359e-05,0.12249242345258717,0.5960476450027672
263,0.3318820193880731,0.5454479889680642,0.00038293856782885093,0.09767723217231378,0.02460982090371999
264,0.39771485738251916,0.4903348190466757,0.0005786163735737802,0.06333979125606741,0.04803191594116409
265,0.45914370063407905,0.18373962475239156,7.328109775190524e-05,0.02810509861529742,0.3289382949004801
266,0.10354081506747025,0.8574314415579201,0.002259959923971413,0.024242398860923196,0.01252538458971513
267,0.20569240223879945,0.7262781488156304,0.0016462866182337058,0.02958716086617266,0.03679600146116394
268,0.22097722256022714,0.685716052974728,0.0009732161259255197,0.05022792633097181,0.04210558200814759
269,0.02161457888592934,0.9582057279730161,0.005193513604897717,0.011117735968058281,0.0038684435680987877
270,0.33723260538887145,0.45132179805629075,0.0003001105066009632,0.06647699296825169,0.14466849307998522
271,0.012331088188643197,0.9666932853087474,0.008316727300936945,0.010116748138686973,0.0025421510629855906
272,0.20052560319718243,0.0895088021937082,0.00047804661818468615,0.011396966216004667,0.69809058177492
273,0.3556242490115091,0.5924415761692964,0.00046027603590083425,0.0345396068056936,0.01693429197760018
274,0.1729369593915099,0.684961031629635,0.001064229704959085,0.020143994190930232,0.12089378508296575
275,0.6256282824051275,0.32155305394664024,0.0004104389213983865,0.01925404307775753,0.03315418164907627
276,0.02552273486736928,0.9554896896492268,0.008131643703665127,0.008976519047276855,0.0018794127324618728
277,0.5025123352195802,0.13271707058055446,0.00015272299701906146,0.02641076897381883,0.33820710222902756
278,0.1331452393485291,0.8172180729129168,0.0019478865966898692,0.040934957454757066,0.006753843687107087
279,0.11919810459956988,0.8348743979419063,0.0013516613577758195,0.010418326258751793,0.03415750984199596
280,0.10034246069848331,0.8823352953534142,0.0019940991421540607,0.010382677503567504,0.004945467302380773
281,0.2292418384976676,0.7444221648626655,0.0006851034672045971,0.017458736794797182,0.008192156377665266
282,0.35551691107434086,0.6209367641415394,0.0006014075296740776,0.01448948944801541,0.00845542780643018
283,0.008535685032423603,0.9829075925645667,0.003863696282469164,0.003233838351761171,0.001459187768779317
284,0.29355472785208786,0.5725774044764121,0.0008053948254470443,0.09642186616607808,0.03664060667997503
285,0.023634479900087227,0.8968399674160442,0.03182884025134012,0.04523149859948081,0.0024652138330476144
286,0.411354846351331,0.23780509414497666,0.0006292884788549999,0.04057489884527739,0.3096358721795598
287,0.5197530711382198,0.30845354905002503,0.0004959385649979609,0.08682695727721337,0.08447048396954396
288,0.16580500596282802,0.7919748610696479,0.005949377270456538,0.01778633931072413,0.018484416386343495
289,0.6556048950089665,0.10679373809670673,6.259569481014265e-05,0.05839186483621939,0.1791469063632973
290,0.3244598059441179,0.5542836428632509,0.000534887687629612,0.04650510164892157,0.07421656185608003
291,0.7754716373735954,0.09253131040637191,4.63834271677237e-05,0.09790396160115719,0.03404670719170788
292,0.5292952101910444,0.10308192382697241,8.861375682095114e-05,0.00480280372700175,0.3627314484981606
293,0.06390064347301816,0.9215402608791563,0.007391298617479345,0.0025278807135865533,0.0046399163167594815
294,0.37827994349448985,0.5628158140968563,0.0030229356211689887,0.004299930389808541,0.05158137639767634
295,0.022652719575368487,0.9390926096116661,0.034809272567032847,0.0015906139966789126,0.0018547842492536324
296,0.12465628874954329,0.8266326339230805,0.003592420480015078,0.031925300347605275,0.0131933564997558
297,0.01697674230251489,0.9762804981506922,0.002723169822135546,0.0023652598235752464,0.0016543299010823517
298,0.16204849108605834,0.7051781154631331,0.01233390307377721,0.009766089029156075,0.11067340134787532
299,0.22881642508301686,0.7492827861844965,0.0015563132579814918,0.00787306088208027,0.012471414592424849
300,0.22875043265697012,0.7075691549755119,0.002282198886190737,0.01624815521088176,0.045150058270445444
301,0.2557942776429413,0.7134522969399931,0.0010832230072308174,0.012714970748807758,0.016955231661027022
302,0.5724496897741514,0.18544302302092067,0.0002541975062147392,0.060902867871693196,0.18095022182701986
303,0.3391771851046444,0.5711845613932067,0.0015654176195737154,0.035150974281180365,0.05292186160139481
304,0.11089166323524262,0.03597554802741228,0.0002689197752841172,0.010034357143287966,0.8428295118187731
305,0.1988653111020444,0.7225753260353419,0.0010478425979940983,0.0704548276793799,0.007056692585239697
306,0.37428769031784637,0.0764252275617238,9.19489219102863e-05,0.11317275617516508,0.43602237702335456
307,0.11836703929268567,0.7578888368558735,0.0005767954263803061,0.11070644016481683,0.012460888260243521
308,0.11444400582480316,0.34674613760975803,0.00014188812366636887,0.13189604356121343,0.40677192488055897
309,0.19254938729173973,0.6115885586639518,0.0003066506764522175,0.16364316180502753,0.03191224156282889
310,0.057088629619515434,0.7968693912714735,0.00013269369561052607,0.1282719128400416,0.017637372573358824
311,0.3135618157822917,0.33914169778320674,0.0002768900933513173,0.10034097820165574,0.24667861813949446
312,0.2628995315662706,0.6434691052887126,0.00014494662546803654,0.053431011528713004,0.040055404990835784
313,0.019186099889626315,0.9658455108413002,0.00616969831638279,0.00462294162798464,0.004175749324705919
314,0.24120932666912673,0.10098077822037087,0.000165149638079497,0.021943594990899973,0.6357011504815229
315,0.032944024826521985,0.952567980323817,0.0010136906977519305,0.00998281347894532,0.0034914906729637783
316,0.28085795648418144,0.1080291329847996,5.5302380570848307e-05,0.027369599042051794,0.5836880091083962
317,0.24973452452484252,0.7325159323477148,0.0005308661702397395,0.009658407714227024,0.0075602692429757555
318,0.057175346920354586,0.9304583057444501,0.0020969490666771784,0.0071721248653264045,0.0030972734031917424
319,0.6953620934402412,0.24075695658888469,8.511589434624504e-05,0.030527496840852292,0.033268337235675564
320,0.03401027612795383,0.9531219031433498,0.0008319888501098636,0.011110975822358354,0.0009248560562283261
321,0.03098773281893085,0.9476845861587296,0.0013204306783398852,0.016541840786710327,0.00346540955728935
322,0.008492327961843814,0.974939867568354,0.007752128367363683,0.008104091671692352,0.0007115844307462683
323,0.16451289619283951,0.6880345657120513,0.0011535044875092613,0.12207312318686779,0.024225910420732088
324,0.017779543468521106,0.9621359827429131,0.0007989717661157658,0.018044051157101525,0.0012414508653486682
325,0.018730864653180173,0.9454143339566947,0.0017664720882425624,0.03211864237629495,0.001969686925587459
326,0.014339671514183616,0.9635258993917731,0.0008710402627700429,0.01942812892678051,0.0018352599044927115
327,0.13404500888505327,0.7199499034126103,0.0003805074164626762,0.1175322876472825,0.028092292638591237
328,0.004940904823850365,0.9696744575011386,0.0059457041701518965,0.017704879652809438,0.0017340538520497846
329,0.012265002509429485,0.9499120447109712,0.0023773407493947905,0.032061566715732924,0.003384045314471707
330,0.07085886563454213,0.057346058488274544,0.0001397595839350484,0.031054892032981684,0.8406004242602665
331,0.5007222082698847,0.1935985631188328,0.00020711361745042912,0.14138400384302585,0.1640881111508062
332,0.39423096051195056,0.5230736000392108,0.0002981051816493229,0.05978361383386924,0.022613720433320016
333,0.14472505968379415,0.780248118285909,0.0012007313958568328,0.02470388268516708,0.0491222079492731
334,0.27935357475031264,0.04540103765529615,3.217496449390689e-05,0.05437991832734825,0.6208332943025491
335,0.03520020281196534,0.9386016061843765,0.0008493024042337975,0.020730853979856672,0.004618034619567814
336,0.23127899244071706,0.1562369719183402,0.00015324458418150455,0.10116984227927465,0.5111609487774865
337,0.11376218899684985,0.8335466158018212,0.0005544809165091222,0.039872490680366406,0.012264223604453393
338,0.32115928067276645,0.29603332705734586,0.0010924539165965304,0.19318589912920625,0.18852903922408493
339,0.15088711452843828,0.7948526860727894,0.00092695402792262,0.02915059900631331,0.024182646364536403
340,0.10690773702706514,0.03078028034194999,5.24646768312516e-05,0.022553244372482767,0.8397062735816709
341,0.39958561289241873,0.5055299137270055,0.0006868105693951176,0.06939231102059104,0.024805351790589677
342,0.32149481440107114,0.14785861935750272,0.003548866315943541,0.03666538869761524,0.4904323112278675
343,0.19926417744892702,0.7702953997083202,0.006517502474398886,0.017642656746171072,0.006280263622182773
344,0.22205898028104493,0.09681133373223356,0.0004979065135927381,0.034672238998228015,0.6459595404749008
345,0.48731557755554966,0.40365178863637946,0.000258362023832512,0.07069767342365028,0.038076598360588076
346,0.017703413033372643,0.9688841645894659,0.005115847481370931,0.006107926088839457,0.0021886488069510638
347,0.06963193320198614,0.05090135230659507,0.00013348122264898873,0.005404268839918432,0.8739289644288513
348,0.276692872886706,0.6347396887115253,0.0005592513153630659,0.064284978339475,0.02372320874693072
349,0.12473865511384591,0.8265515819493574,0.002550005403162589,0.034005135572592264,0.012154621961041898
350,0.5962695759019643,0.2812696321736025,0.0003218901370677591,0.014983836398219173,0.1071550653891462
351,0.12495702296702972,0.8231661573906781,0.0008949747350918693,0.042789181422202914,0.008192663484997524
352,0.03014891507021592,0.9377639463350016,0.012170481973890788,0.004664155388788835,0.015252501232102913
353,0.6738202766025765,0.23140376194216905,0.0002839701841010613,0.025692060129225446,0.06879993114192785
354,0.3235475101522716,0.608024823132843,0.0011635229139813064,0.017266581791023368,0.04999756200988076
355,0.5018748077174666,0.4324704598357925,0.0008909398607090947,0.019942094768809596,0.04482169781722205
356,0.16270971268601986,0.7968487998272894,0.001957352455497194,0.0033382190766765144,0.03514591595451686
357,0.2583680873269377,0.7001056398231175,0.001064326816856362,0.02435922526543406,0.016102720767654555
358,0.04867693761473829,0.8910350334833846,0.010580301251555199,0.007516592968684192,0.042191134681637855
359,0.6051414721137944,0.1498625303041857,0.00040877143289718413,0.014278042491377806,0.23030918365774497
360,0.08635760845881739,0.8576686880428449,0.0011502167154685827,0.0037467362272693974,0.051076750555599626
361,0.7201926142443252,0.08237980374020011,8.200982818580136e-05,0.008294469275197537,0.18905110291209132
362,0.02115716507339142,0.9724864429653073,0.003399055596251776,0.0009540975086342946,0.0020032388564151246
363,0.3677447047460437,0.5948255059999888,0.0013583563873547976,0.01403587936358819,0.022035553503024385
364,0.0269688823110534,0.9602388064407864,0.002692431271665922,0.003665150752972452,0.0064347292235218175
365,0.021152777031738946,0.9673837987380883,0.0021125143044896915,0.0035200287777085617,0.005830881147974499
366,0.008503242402875533,0.9859787260610717,0.0027917697104833123,0.001967482800355535,0.0007587790252137687
367,0.0029636543138077476,0.9076605661395685,0.07478068816878476,0.013602702258532532,0.0009923891193064813
368,0.2665365429201074,0.45962764232393216,0.0009514645972860207,0.1549681131744391,0.11791623698423544
369,0.004920600361611975,0.9840508322134763,0.003555225799701536,0.006500750215410689,0.000972591409799528
370,0.018774738673186023,0.9488305494790445,0.006974143701935249,0.019778711346779648,0.005641856799054609
371,0.3779833807683517,0.48734145572825965,0.00040830755807908794,0.059550617758422936,0.07471623818688668
372,0.0266585603462976,0.9254462436650929,0.003183291485709676,0.03910560525426371,0.005606299248636177
373,0.06717434156782748,0.8886465324741043,0.002275618938661585,0.032051504079815524,0.00985200293959119
374,0.2572471469237457,0.4844727503151022,0.0015784201693330837,0.11999273304697887,0.1367089495448401
375,0.08386067639069501,0.7522031041917951,0.0012496795057549248,0.1478323228129868,0.014854217098768214
376,0.020634325672775938,0.7798465508084659,0.003441710591987679,0.19328426510655397,0.0027931478202164123
