epoch,N1,N2,N3,R,W
0,0.0029765431470580184,0.0003392531649285199,2.629552053084438e-06,0.0001838788718357459,0.9964976952641246
1,0.0028780394243602373,0.000548399266225373,5.486160094856885e-06,0.00017859416712032297,0.9963894809821991
2,0.0024604299761926316,0.00035326101438637334,3.9618303579910495e-06,0.00015048330072641434,0.9970318638783366
3,0.0020601097458371187,0.0007520957131272405,9.563820321515571e-06,0.000173296979663915,0.9970049337410501
4,0.0017019548276647628,0.00043354180510151574,4.835327247080228e-06,0.00017505135283017522,0.9976846166871566
5,0.0020713798836959328,0.0005639764861042276,2.2720337645273393e-05,0.00018348898327660802,0.9971584343092779
6,0.05670594788780317,0.001254952170299522,2.6437735220760786e-05,0.0003434302399369225,0.9416692319667397
7,0.018005234891520748,0.0016283248318762194,1.5070553827380293e-05,0.0006131446051788225,0.9797382251175969
8,0.012200972981680573,0.0007639420289231776,6.476507638844744e-06,0.0008342684608636215,0.9861943400208937
9,0.002055365671835883,0.0004114115461557906,1.7311092496711838e-06,0.008428241723784185,0.9891032499489746
10,0.0008403802605111903,0.00048053036653500337,2.397831219306005e-05,0.00018192732598460102,0.9984731837347762
11,0.0007748846474451287,0.00037208437557309173,6.927981187540441e-06,6.615184684559346e-05,0.9987799511489487
12,0.0013943054154372566,0.0001473946807033095,4.5795910306942765e-06,9.277257953048642e-05,0.9983609477332982
13,0.0010753846304297158,0.00020640670863395264,2.6627381827750662e-06,0.00012989814449268277,0.9985856477782609
14,0.001962399108169429,0.0003433648236243394,1.3226470124797928e-06,0.00015175328053177508,0.9975411601406621
15,0.009533307643740661,0.0002181917134916022,1.711776733631762e-06,0.0002534090502370322,0.9899933798157972
16,0.0007688930337976385,0.00017912996601522515,1.8365070336071633e-06,0.00014466468314556005,0.998905475810008
17,0.0019749946921634506,0.0009418972104943428,1.2785431230460199e-05,0.0002045995700975311,0.9968657230960143
18,0.0006856186272835944,0.00019940014923887955,2.4353430653112224e-06,0.00012827701549785185,0.9989842688649143
19,0.0007914016372875767,0.00024101454661500218,2.6043865343664168e-06,0.00018890225737151962,0.9987760771721916
20,0.001245225054416664,0.000389439435891617,9.073104851965187e-06,0.000402360389630693,0.9979539020152092
21,0.002981288450819131,0.0004171982754882101,3.3938354194424988e-06,0.0004167839471732078,0.9961813354911
22,0.004612530417005929,0.00045847024288854916,4.691500027765377e-06,0.0006778374110308846,0.9942464704290468
23,0.0032518159127609587,0.0002795742687732334,3.301204623761856e-06,0.0004828529087747379,0.9959824557050672
24,0.0032813196571699027,0.00026291301671711015,2.425256328397224e-06,0.0009368012017914566,0.9955165408679931
25,0.0018998176017140508,0.00020222803613913383,2.135197891553477e-06,0.00030413080614702593,0.9975916883581082
26,0.001239490842955653,0.00019589409443907164,4.29684902023017e-06,0.0002403451003127999,0.9983199731132723
27,0.0020397456955772225,0.000305222042934563,4.610049167731314e-06,0.00026018253877925946,0.9973902396735412
28,0.0022651012706888093,0.00027561816391176273,2.4487044361494284e-06,0.00020443872857040337,0.9972523931323928
29,0.0027730760129963065,0.0005169523016459881,8.181410938325384e-06,0.0002571667819643202,0.9964446234924551
30,0.0006305045931759904,0.0004895852840046113,1.0179135677919607e-05,0.0001535904960560963,0.9987161404910854
31,0.0029555634696777997,0.0003197429814446697,6.211154103580664e-06,0.00023810125200779,0.9964803811427663
32,0.0019004738895618237,0.00029664028656787835,3.80778311169273e-06,0.00022352204783578167,0.9975755559929228
33,0.0020202286498736317,0.00029869655813030547,4.352158359598759e-06,0.00015803954531235425,0.9975186830883241
34,0.00442695098760491,0.0004031821950214097,4.460905844277844e-06,0.00048371852306919875,0.9946816873884603
35,0.0027376681853850523,0.00033710126745998355,5.583712909587547e-06,0.00013692740226580727,0.9967827194319796
36,0.03804592928675264,0.0010539799179957482,1.195699023149029e-05,0.0006996644326802966,0.9601884693723398
37,0.008557693190256857,0.0004734858238875445,4.092742624817856e-06,0.0005602091503469695,0.9904045190928839
38,0.004608375093758722,0.0007056385332743315,1.586431316427212e-05,0.00028699621406736407,0.9943831258457353
39,0.00666474698201406,0.0005754096289954111,1.3468588436474223e-05,0.0003302478719003588,0.9924161269286537
40,0.07471997124364213,0.002133605778241436,3.1383506482219365e-05,0.0010784788462178437,0.9220365606254164
41,0.21225586118457862,0.007210250532186258,4.730559746185506e-05,0.0034039556271921513,0.777082627058581
42,0.2716471978197374,0.036141633870008114,0.00021515759648395728,0.027049825514168395,0.6649461851996021
43,0.29266739417176557,0.039193336961253045,9.480415688723292e-05,0.1285009911020488,0.5395434736080453
44,0.11322481624016494,0.06306269817481261,0.0001700815314442761,0.4583815700421181,0.3651608340114601
45,0.11396470103048276,0.06711735737099966,0.0004665662031750646,0.5473553182076701,0.27109605718767243
46,0.10179405221342053,0.07473372389144405,0.0001298123061949772,0.6657523791483732,0.15759003244056724
47,0.09765993876561345,0.038293040075470776,5.7003441650034506e-05,0.6371850474963018,0.22680497022096408
48,0.011359799070263736,0.0068839353587259716,0.0002791458002472417,0.013998201202351753,0.9674789185684113
49,0.3104634156860963,0.0677529960286196,4.501809996180708e-05,0.08443488948540741,0.5373036806999149
50,0.6429532022020692,0.15294649806416205,0.00011871867842394114,0.0625201224033339,0.14146145865201093
51,0.22329287864184744,0.624077002590164,0.0007473983996490822,0.05595781704455938,0.09592490332378018
52,0.17832671027816482,0.5735729206882222,0.0009528220688581559,0.1157117116575184,0.1314358353072363
53,0.31434733150967786,0.4330813889031525,0.0007545006917927351,0.0712137444383702,0.1806030344570067
54,0.053229695782585934,0.8910561576338536,0.005357096471916077,0.024132541431521742,0.026224508680122688
55,0.04744473490895974,0.8200073572060613,0.004194181957998177,0.04211786355621869,0.08623586237076201
56,0.06485590591484594,0.8653820042896267,0.004541102071200361,0.013650001120607744,0.051570986603718894
57,0.038097511662986035,0.9320885036825041,0.0022934934322758078,0.012723573597485575,0.014796917624748532
58,0.054630066224514315,0.7277345351130428,0.004608366957866036,0.011555477393575445,0.20147155431100133
59,0.08335154563126729,0.8917416447511116,0.0006902720340037294,0.009471514863156482,0.014745022720460776
60,0.040551819479615614,0.8908059053294994,0.02017921057134116,0.0062700062816287054,0.04219305833791516
61,0.021216881210643555,0.894402097084346,0.04094973313172181,0.008525134786211223,0.03490615378707729
62,0.022755159686666568,0.9455162984101866,0.0077614063493544085,0.0032066188343629577,0.020760516719429422
63,0.01728193645976892,0.9193159345613864,0.01735899097366238,0.00745384735364746,0.0385892906515349
64,0.012193329597851308,0.7274957450900751,0.21899926546777387,0.00338567241534574,0.03792598742895398
65,0.022355910981441986,0.8266255700562654,0.060188988859254104,0.003874804281369843,0.08695472582166851
66,0.028101367537085836,0.6804916267622395,0.2513641846684626,0.00216899560675678,0.03787382542545525
67,0.018709825387893404,0.6612832529567939,0.2577930711680041,0.003809647966940162,0.058404202520368376
68,0.04012428329265175,0.8178891073900438,0.09391390342093418,0.003707327525988105,0.044365378370382055
69,0.025669120581342776,0.5259693642157498,0.3757614516498522,0.002128561590408196,0.07047150196264708
70,0.017995679049372132,0.5486128132396025,0.37040856766626246,0.0014463332169239518,0.0615366068278389
71,0.018883860430325264,0.4314296132117241,0.4284392584359638,0.0014729360964962784,0.11977433182549037
72,0.02831221182331153,0.38904506261027977,0.5236797905494297,0.002049113586994257,0.05691382142998474
73,0.08323279330151169,0.7391530486491483,0.07150050729467831,0.011458593934445089,0.09465505682021651
74,0.05829248456105841,0.7179804666685585,0.15187211081496832,0.0022347567756114796,0.06962018117980327
75,0.027635800070516785,0.5118771706983892,0.3952411663997096,0.0008707158048112818,0.06437514702657315
76,0.014959370685704309,0.5099751832551137,0.43298497355931825,0.0008634167361571868,0.04121705576370638
77,0.009083009832350136,0.27460077703524954,0.6911002660063386,0.0005651338563800045,0.024650813269681764
78,0.010936018675422559,0.22040701184930342,0.7411146645021064,0.0004898033602692955,0.027052501612898253
79,0.007202905888834872,0.17157619860582438,0.8006058968500114,0.0006123395939947875,0.020002659061334582
80,0.010606973744966601,0.17822920597918634,0.7814487419476805,0.0005722678866955335,0.029142810441470927
81,0.010839508094217376,0.19140549452366393,0.7679258260157366,0.0006976133452830444,0.029131558021099194
82,0.008291302315073872,0.18233456579966567,0.7841287486227719,0.0007380944516926441,0.024507288810795825
83,0.0032154624876187797,0.08374230929785388,0.8986502522003585,0.00014405542285696995,0.014247920591311889
84,0.009968631225956754,0.15612737250205375,0.8065911912055157,0.0003008306309006957,0.027011974435572957
85,0.003037012341409423,0.08071756587044242,0.8971685861380881,0.00010654284036327408,0.01897029280969697
86,0.005354776891881911,0.08696521344289929,0.8931934672694556,0.00010284769265124779,0.01438369470311194
87,0.004550409668925596,0.07616747073095563,0.9025753982871183,0.000131877341475348,0.016574843971525206
88,0.004028657058272323,0.08056816319373568,0.902109808420326,0.00011210800472526298,0.013181263322940763
89,0.006903271315420252,0.10175979364572545,0.8778267249784851,0.00015447954605837046,0.013355730514310814
90,0.000619484122499836,0.03562082678216428,0.9596410175456874,6.113118367038608e-05,0.004057540365978015
91,0.00043976450326949914,0.02890984680386046,0.9663882733454121,3.5259922101379914e-05,0.004226855425356443
92,0.000535425359290602,0.029786689880127774,0.9667020245185979,4.278216618940914e-05,0.002933078075794352
93,0.0009689535377767736,0.03458834225977322,0.9595767611796496,5.807794070351591e-05,0.004807865082096813
94,0.0010537753859560172,0.04248582376277913,0.9518577676684292,4.66299629517745e-05,0.004556003219883879
95,0.001408171056924711,0.052070728058560084,0.9357204719713202,4.601163005312563e-05,0.010754617283141865
96,0.00026670887769550384,0.01767774974337213,0.9796379023512409,2.2551743013619945e-05,0.002395087284677969
97,0.0006465770648596147,0.02223679614608296,0.9742942458894244,4.550084261002705e-05,0.002776880057023029
98,0.0002858910399115153,0.018888954331634816,0.9785113412184223,3.052750247446952e-05,0.002283285907556831
99,0.0007365734081847533,0.029750268235416273,0.9644769128069802,5.0806262863535044e-05,0.0049854392865552
100,0.00025490141423090915,0.02199386109812601,0.9753215715475683,1.7537625368156617e-05,0.0024121283147066465
101,0.0003924354462480933,0.027878456923451953,0.9690997798988092,3.8712555250192644e-05,0.0025906151762405925
102,0.0009042820443789535,0.03830438512826983,0.9560318294256704,5.0550964679324014e-05,0.004708952437001301
103,0.000421779192442503,0.025711453729330563,0.9692773315539661,3.25662645195595e-05,0.004556869259741226
104,0.0007481235415072044,0.03106317954207588,0.9610537959170581,7.204531472966576e-05,0.007062855684629252
105,0.0014957092620970767,0.05187611521170549,0.927965466727241,8.997837264041871e-05,0.018572730426316186
106,0.0026958885508773724,0.04561650964258013,0.9421643423531675,8.068725756947422e-05,0.00944257219580566
107,0.0024670253224607632,0.04840966694529092,0.9382832708527185,6.0023558419505445e-05,0.010780013321110405
108,0.0008531837759597356,0.03992981206634788,0.9518436584016692,3.679640047043502e-05,0.0073365493555527395
109,0.0005484497029898237,0.026546546898112984,0.9682552349912918,3.2123457009162126e-05,0.004617644950596249
110,0.00028409950782259095,0.027487280257917714,0.968828497303885,2.549245693425337e-05,0.0033746304734404257
111,0.0003254578138354747,0.023182455926413367,0.974155411314434,4.262331299703334e-05,0.0022940516323202323
112,0.00035676034963898586,0.024774472480766745,0.9725299173236014,2.2700691869692234e-05,0.0023161491541233026
113,0.0007123209680337703,0.027370146665006385,0.9681645501547534,5.427040201753876e-05,0.003698711810188821
114,0.00070537447086793,0.023912670757803334,0.9722481312135773,9.214537120359734e-05,0.0030416781865476297
115,0.0013047730971395594,0.03490954449754769,0.9561887502010794,0.000534240032180318,0.007062692172053049
116,0.010422555923213226,0.08982035665055994,0.7897164496964185,0.004839044138469574,0.10520159359133871
117,0.0024457725413360282,0.003750937784455959,0.0010946256286293251,0.0007554267337575394,0.9919532373118213
118,0.0003889373799696179,0.0007754866300865042,3.2360350442061e-05,0.0004940146244237326,0.9983092010150781
119,0.0013192086831200903,0.0010073790917708516,1.4026101611356903e-05,0.0007926615780065964,0.9968667245454911
120,0.0010893038413804842,0.0009638280972684288,2.1641519833713494e-05,0.00023576490438876078,0.9976894616371287
121,0.0025551941649615646,0.0010470175816819395,8.303682543284897e-06,0.00033757147474058305,0.9960519130960727
122,0.0013248742717527448,0.0004192645444824292,2.4597565184677716e-06,0.0005741522034492562,0.997679249223797
123,0.001033387115990815,0.0012407985432026157,1.7940317653120514e-05,0.0006279459385875139,0.9970799280845659
124,0.001845672005578149,0.0014309825936060885,8.339546219735889e-06,0.0005679411736963834,0.9961470646808996
125,0.004009379861492636,0.004416398388062647,3.656443942891298e-05,0.0009198519519219926,0.9906178053590937
126,0.0026638575253469837,0.0008308410407071862,1.6093946551586266e-06,0.0005522164019892333,0.9959514756373015
127,0.002346307815958575,0.001845009934711539,1.916874576880804e-05,0.0010965174963002832,0.9946929960072608
128,0.0023440678095606846,0.0007982627104555114,1.981987870402817e-06,0.000644500753331554,0.9962111867387817
129,0.029222250396530963,0.002301741788421926,1.1944124022064673e-05,0.0012696189421098807,0.9671944447489152
130,0.022280874454256198,0.005145989234063201,1.8867709508468864e-05,0.0012408334677175377,0.9713134351344546
131,0.0013843126347187816,0.0013063184055275706,7.160641312380745e-06,0.00043299211089908293,0.9968692162075423
132,0.0026903237184711776,0.002682775947351565,1.2563648886211903e-05,0.0008842049467844809,0.9937301317385067
133,0.004073009983680567,0.0017548258966523012,1.881854138926249e-05,0.0011332030993672299,0.9930201424789106
134,0.012155170807646632,0.0022402060440621643,1.675331333094337e-05,0.002209514085961301,0.983378355748999
135,0.004701726315956143,0.0012426329977733217,5.277313924480502e-06,0.0010927729751064096,0.9929575903972396
136,0.0021219255828299048,0.0025713795307549304,0.0010201625052367951,0.00021110512006554554,0.9940754272611128
137,0.002202992301619607,0.0026633583588461184,8.097461150796456e-05,0.0007076832622406583,0.9943449914657857
138,0.0004757348289457194,0.001094311112315258,2.8106078298034758e-05,0.0003537009370928004,0.9980481470433483
139,0.0006287758942938107,0.0005529935254985386,3.719768089652977e-06,0.0003728112508974369,0.9984416995612205
140,0.001015651024777291,0.0019280954990231558,9.440655523275801e-05,0.000632585607792846,0.996329261313174
141,0.005250530402187283,0.0019232232175409346,1.9729983686098662e-05,0.0021671505293022783,0.9906393658672835
142,0.0013554059541035829,0.00096184816554502,1.2070739483648072e-05,0.0007407431438897469,0.996929931996978
143,0.0013269322101565745,0.0009245028380578288,2.098488298912653e-05,0.0006838137209268997,0.9970437663478696
144,0.003001099776945934,0.0005851388837281435,4.585213991939101e-06,0.0009694456751715573,0.9954397304501624
145,0.003818543122868498,0.0010489104972604784,3.2457293938902527e-06,0.0018355858162434375,0.9932937148342337
146,0.0031266337037292396,0.0006970840777454207,2.5104105648895814e-06,0.0014209163372122843,0.9947528554707482
147,0.006578195443524042,0.0008902184787801432,3.4555128994202987e-06,0.0012627017765392554,0.9912654287882572
148,0.005339237281825925,0.0013372188075035606,1.2959585306882282e-05,0.0007679528214540139,0.9925426315039095
149,0.002418841802053088,0.0010949612198511431,7.150186491051785e-05,0.0011327115795625917,0.9952819835336226
150,0.003384433623181459,0.0018091105705056434,3.161153723534576e-05,0.0009266762451771693,0.9938481680239004
151,0.004681321501169308,0.0007826640001052605,3.6831054879296196e-06,0.0008089890091258387,0.9937233423841116
152,0.02215021318474008,0.001994654649421252,2.0072318067127842e-05,0.0019267970821078447,0.9739082627656637
153,0.11671044872317284,0.012870850266907121,7.281690625971094e-05,0.014629354156586364,0.8557165299470739
154,0.5378674352317103,0.03833227635635984,0.0001720363197418731,0.05655479809663432,0.36707345399555363
155,0.5153566663365197,0.07809620687981583,0.0002157605735491718,0.14134351955769286,0.26498784665242237
156,0.14925970211257,0.12306256870862617,0.00041431248505593586,0.34607292587817245,0.38119049081557543
157,0.00413244457763122,0.005913051211589625,9.773212135793259e-05,0.025062779206663804,0.9647939928827574
158,0.002863290837190578,0.003154868774144875,6.44988283600403e-05,0.009646812833897513,0.984270528726407
159,0.0024445947611594393,0.0005421571715025826,4.839542707692312e-06,0.002253979160773397,0.9947544293638568
160,0.010363164622620146,0.0010650889253800988,6.097188450511218e-06,0.0023592532957091394,0.9862063959678401
161,0.004902328466762542,0.0007913581534570688,9.242948887954592e-06,0.0013987294803201645,0.9928983409505723
162,0.003517602862107625,0.0010115968606437505,1.872932509361786e-05,0.0019330100271011535,0.9935190609250538
163,0.00703881062723972,0.001470811522336998,9.819700731179889e-06,0.0033570279902801346,0.9881235301594119
164,0.005219595130693065,0.001594937378821509,1.203845836240029e-05,0.00369364127812448,0.9894797877539987
165,0.006228213960051148,0.0015670362920080783,7.289880440543096e-06,0.0032367488425782244,0.9889607110249219
166,0.007689175376823323,0.000590938659028697,2.0612622329315155e-06,0.004112954921279728,0.9876048697806354
167,0.01047406704443545,0.0004897275583761916,1.3632492941214448e-06,0.0017904279972097712,0.9872444141506845
168,0.003515328324353961,0.0007002250967190267,2.2690865802354972e-06,0.0015214186530331378,0.9942607588393135
169,0.004216142127347447,0.0005577858833357709,3.4367874848074043e-06,0.001466175267903344,0.9937564599339286
170,0.002710738488621989,0.0020500776005959584,1.1738304322231435e-05,0.00255367697925002,0.9926737686272098
171,0.0019250358789607265,0.0013885210985359634,7.4291724103411455e-06,0.001954827786685984,0.994724186063407
172,0.0011205714446880428,0.0009274868293868838,1.0633460917145955e-05,0.0020161788685517774,0.9959251293964562
173,0.0007515847569024034,0.0005047479018609763,6.411069021318257e-06,0.0008042584463543981,0.997932997825861
174,0.0017387055778478498,0.0006226063925483109,7.478286741759498e-06,0.001207143586884501,0.9964240661559776
175,0.0039519702269506275,0.0010295621406796979,4.465340543837901e-06,0.0010406856769233847,0.9939733166149024
176,0.0022602452308283505,0.0006558602384869549,3.4458039380004203e-06,0.002044076516247778,0.995036372210499
177,0.001797244300126972,0.0008360620341630543,3.008240854869333e-06,0.0014182107880166327,0.9959454746368385
178,0.0017994730146267742,0.0009754406335857912,2.930675277999739e-05,0.0018524694267521564,0.9953433101722553
179,0.005902581009805475,0.001053151391839911,4.969694854288806e-06,0.003858672514417947,0.9891806253890824
180,0.00124205534230538,0.0007179298715868745,1.3932684166198707e-05,0.0030343433267854296,0.9949917387751561
181,0.0014295057113821391,0.0010058426935251879,7.344867499346878e-06,0.00199177509064271,0.9955655316369507
182,0.0016896860185779343,0.0006883293937171605,3.0426521403343846e-06,0.003367748716149887,0.9942511932194148
183,0.0021241088506879884,0.0008822561199339979,2.297071828573861e-06,0.004971091184419046,0.9920202467731305
184,0.0037394121483824623,0.0012180039659940337,4.889826037686481e-06,0.00396870205036794,0.9910689920092178
185,0.00109216092885343,0.0006948279244638379,5.028233676283956e-06,0.004121475006497599,0.9940865079065089
186,0.0024793708431827526,0.0011250164570057795,6.884652670702693e-06,0.004863922595235989,0.9915248054519047
187,0.0012878092348250396,0.000867395784705162,3.335051371313937e-06,0.0025842282330294547,0.995257231696069
188,0.0010800752650888961,0.0003799992175009176,2.6413681350902123e-06,0.0019067730436895956,0.9966305111055854
189,0.0012510700973847107,0.00038968817800833844,2.3896317809943257e-06,0.0023547837181429063,0.996002068374683
190,0.0011554731664870851,0.0005598569337359355,4.615272315357343e-06,0.0010938708901034498,0.9971861837373581
191,0.0014397299559928112,0.0004953521915883411,1.6327294359249602e-06,0.0017817167935090849,0.9962815683294738
192,0.0017949182107395009,0.0005816003489228757,2.0439081787216833e-06,0.0017787861369081563,0.9958426513952509
193,0.001396623881210578,0.0006137937610960659,1.5905634916594392e-06,0.002850370159788602,0.9951376216344131
194,0.002734079276340154,0.0011058054441028759,6.2166574334801484e-06,0.003918654800703648,0.9922352438214198
195,0.005107712701943808,0.0014130396767106307,6.465989717651759e-06,0.0028590937632343907,0.9906136878683934
196,0.007977967391073084,0.0024890967378589732,4.476504019746388e-06,0.0024357840681223123,0.9870926752989259
197,0.0018434976174322216,0.0010054631787618788,3.88166865803803e-06,0.0015032829324518467,0.995643874602696
198,0.0020169090340576724,0.0018720897536132811,1.1495188345958996e-05,0.0027689216975013676,0.9933305843264816
199,0.00237770939600085,0.003128323651613467,4.026752158949867e-05,0.006532111167362983,0.9879215882634332
200,0.0007724005577178366,0.0012226451662045686,4.172550543291396e-05,0.0013024214555522608,0.9966608073150924
201,0.000910681102382239,0.001289451135826721,7.893455143797766e-06,0.0018052036356534724,0.9959867706709938
202,0.0024240271182884017,0.001345550307110802,9.22297561702299e-06,0.003554107327981345,0.9926670922710025
203,0.00203473846164444,0.0018125934940711953,1.977960450080859e-05,0.0025899036863662782,0.9935429847534173
204,0.003593254109177144,0.0020535538090967823,1.6970151184137212e-05,0.0025083047822722047,0.9918279171482698
205,0.013598972193208698,0.010260394648970652,0.00014219166511711216,0.009923450691537534,0.966074990801166
206,0.0029080323306738443,0.0036137356871319246,8.566225048734417e-05,0.0038862141092603935,0.9895063556224464
207,0.0028477412334464896,0.0058977606782555,9.525253983921549e-05,0.006863744268697964,0.9842955012797608
208,0.0023414010493367863,0.0041036282778036245,0.00010157575785684395,0.0032634849324314603,0.9901899099825712
209,0.0036961713216857686,0.006337166770585634,0.00048084919642827744,0.004106605225930564,0.9853792074853697
210,0.001556046126144817,0.0010377340091773427,2.2214548630342926e-05,0.002065644514499986,0.9953183608015475
211,0.0026565679524637002,0.002319378047358531,7.096634756349948e-05,0.0022031157861704086,0.9927499718664439
212,0.001632581974108638,0.0019305975038811627,4.821837334118648e-05,0.004211586183302989,0.9921770159653659
213,0.004220799216872401,0.002035984651824149,1.3279549418449566e-05,0.0027091521475058108,0.9910207844343791
214,0.004702449251106696,0.0016141063340155027,9.21272985886712e-06,0.006374212813160627,0.9873000188718584
215,0.02863294726390289,0.002361495709460457,8.259534592496293e-06,0.004825773995107368,0.9641715234969368
216,0.00790018917418919,0.0031778562284866616,1.1542077663553601e-05,0.0074635206922649255,0.9814468918273958
217,0.0021008447874365267,0.0037672017652019382,2.9419853717512422e-05,0.005149865539703646,0.9889526680539404
218,0.0030386636878846863,0.0019862989351341837,6.740612638545804e-06,0.0064918257045072664,0.9884764710598354
219,0.0038568432443784667,0.0017259518488194367,1.1174926338849723e-05,0.008038381988067507,0.9863676479923958
220,0.0037004494634609955,0.0013924335812210112,7.4607033434560285e-06,0.0047427384926887,0.9901569177592857
221,0.006046959200613333,0.0022822155682081327,5.960873551746557e-06,0.0038376687027737704,0.9878271956548529
222,0.003344606018546268,0.0011646619114863326,8.275452127559119e-06,0.0033014027712323763,0.9921810538466075
223,0.0017913853305692234,0.001247578302336492,5.704545978555358e-06,0.003902646732709062,0.9930526850884068
224,0.0018016561724097063,0.0016852179261765898,8.385589282016168e-05,0.008790727168462511,0.987638542840131
225,0.002144007901967599,0.0011109080320458127,1.3237965638606015e-05,0.007123311156852733,0.9896085349434952
226,0.003861960259835002,0.0016129721422352681,1.0948583410409957e-05,0.0036602672368910984,0.9908538517776281
227,0.001881195419311023,0.0008034130219495639,1.1104539345834931e-05,0.0038501083110448306,0.9934541787083487
228,0.00486015397304489,0.0016358279627051663,1.1881566699098559e-05,0.009294451015932372,0.9841976854816186
229,0.00900856353835098,0.003549746131837963,2.3698389444296963e-05,0.005161506955107637,0.9822564849852591
230,0.001280196993726847,0.0009228622412781978,5.43811593388184e-06,0.0020659716709369074,0.9957255309781242
231,0.008937035116038994,0.002168427526327591,1.1404908818662217e-05,0.005538401574641761,0.983344730874173
232,0.0027744822193030826,0.0014142894315311778,6.76654492598339e-06,0.003808270379960343,0.9919961914242794
233,0.003674240926266492,0.001112613431066875,8.168461170271556e-06,0.003996373642230179,0.9912086035392662
234,0.0012004757062623564,0.0017078656922895057,1.9853943397828286e-05,0.0030522997895578914,0.9940195048684926
235,0.004436606383617318,0.00412924479404159,3.939111031730737e-05,0.008325134302033193,0.9830696234099905
236,0.0030596567918678287,0.0013662162761924233,7.302741659672606e-06,0.00447815082472163,0.9910886733655585
237,0.0033775819756074457,0.0009438294380789594,4.430527841536904e-06,0.005463961074678862,0.9902101969837933
238,0.007083949502284543,0.0023968544416446036,1.694187373500509e-05,0.0049034837993353845,0.9855987703830004
239,0.0035677725693734302,0.0011485420884684346,7.136843966454643e-06,0.004019798721225498,0.9912567497769661
240,0.004929118026927174,0.0012297692377458399,7.978257287686026e-06,0.0076230468786206654,0.9862100875994186
241,0.0029154613180355565,0.0008024508537805597,5.567155920028545e-06,0.005339250192476588,0.9909372704797873
242,0.005078314739095385,0.0014246140149464864,2.796198532670198e-05,0.003750061406755103,0.9897190478538763
243,0.012172836083577653,0.004957005071073413,0.0006867730628249359,0.0020776165346414683,0.9801057692478825
244,0.010534558304938612,0.002135243082381112,0.0010536163937195178,0.0014362177381393975,0.9848403644808212
245,0.0051055918619224375,0.0025015247082542783,0.0007727145589676688,0.000889705539398323,0.9907304633314573
246,0.003951415545895523,0.0018049903406335435,0.00029629142333723724,0.004596553342955081,0.9893507493471787
247,0.010138024333720732,0.0032160055923684456,4.336641686112972e-05,0.006456997072720349,0.9801456065843293
248,0.027453038301345385,0.00993715910229461,0.00017380413653343544,0.014367289640919274,0.9480687088189073
249,0.01130022799357786,0.003682741724990137,8.102652365798981e-05,0.03681761071191254,0.9481183930458615
250,0.017690587532412073,0.004745986861986494,2.505309029172112e-05,0.08335687816076799,0.8941814943545418
251,0.011886405896060728,0.007249513163379215,1.983070431073057e-05,0.15217352603215561,0.8286707242040937
252,0.014383009762346924,0.005703426321599563,4.998149020699557e-05,0.08994793273962136,0.8899156496862252
253,0.014349119940648952,0.01017963263842055,6.721197615946208e-05,0.07432653214468085,0.9010775033000901
254,0.007670658436087303,0.00549853105673278,4.197265628838544e-05,0.02787669359436621,0.9589121442565253
255,0.003061293896223721,0.001477230760030956,1.9400536306279995e-05,0.011034695013588022,0.984407379793851
256,0.0037709284820499887,0.0014007759929565795,1.4937749242373641e-05,0.006578484950372635,0.9882348728253785
257,0.0071290303725742524,0.00599586830173929,5.743537012742945e-05,0.010969235129034643,0.9758484308265243
258,0.004203595116651236,0.0022867591139173445,1.4197311140772706e-05,0.006886625498468815,0.9866088229598218
259,0.003234186715554616,0.0010390548120540418,6.332747786160446e-06,0.003267196915516717,0.9924532288090885
260,0.004603424435147892,0.001607886791726559,1.2613586476668212e-05,0.006869173470404723,0.9869069017162442
261,0.0037259557421346523,0.0011132950145939008,7.071463928145031e-06,0.00504016642382183,0.9901135113555214
262,0.002090015368059176,0.0008383056361002753,1.0666565443937094e-05,0.0024708207892537725,0.9945901916411429
263,0.0017485629403885075,0.0011043542806815168,1.4725348894683305e-05,0.003779946641489387,0.993352410788546
264,0.003683521263025919,0.000973129689862713,8.214162698639576e-06,0.0046425726035351144,0.9906925622808775
265,0.002611557553261733,0.0008420110818323384,8.371391227928839e-06,0.005843810895923105,0.9906942490777549
266,0.003310924662111544,0.0009691079842465084,7.325844161115534e-06,0.006126187670075711,0.989586453839405
267,0.0026438619419417273,0.00121104011107843,1.0415481601680428e-05,0.005694855646353305,0.9904398268190248
268,0.004740380333201186,0.003122214852094325,3.7177345568026986e-05,0.0068862018087466675,0.9852140256603898
269,0.0023185592820878665,0.0011421446326673665,6.758007966863805e-06,0.0033651664477396693,0.9931673716295384
270,0.003109253146437731,0.0010775017021676454,5.0556943517472695e-06,0.00437928467936262,0.9914289047776802
271,0.002289909438933491,0.0007484486609092689,2.2326116984955396e-06,0.00392575818599172,0.993033651102467
272,0.003747428822054194,0.0011626700337490868,9.428842149991692e-06,0.009689015846363684,0.9853914564556829
273,0.0036165738843495273,0.001101121081285731,5.725475534367807e-06,0.010736770166569107,0.9845398093922613
274,0.006485659324078443,0.001173472302854274,3.5298417811953846e-06,0.012308717738539024,0.980028620792747
275,0.003975804656918317,0.0011279155936725896,6.150170401279141e-06,0.02228501628854933,0.9726051132904585
276,0.011406911537514766,0.001009407297193571,2.788663023818609e-06,0.019989384844476234,0.9675915076577916
277,0.006180994635924495,0.0018458455424665452,1.582836490174623e-06,0.038237522571211546,0.9537340544139074
278,0.0039044000364004657,0.0013503664234798222,4.4915539252317024e-06,0.021774766706555974,0.9729659752796386
279,0.003690274078001007,0.00146778549230863,6.038732853800882e-06,0.014954712948180935,0.9798811887486555
280,0.014254530079220635,0.0030283275042273677,1.4493011219740115e-05,0.011678638074518225,0.971024011330814
281,0.00939320408106465,0.0026464986554375503,1.3208000072261622e-05,0.017492146132156803,0.9704549431312688
282,0.041560975645908646,0.0022644086476063014,1.730925604686429e-05,0.010128018702158167,0.94602928774828
283,0.004370101928355012,0.003793962328568477,5.131335991128634e-05,0.007856599720532232,0.9839280226626331
284,0.0037364389104293447,0.00413011551840144,3.2011890803944636e-05,0.00806263803609827,0.984038795644267
285,0.002340474665025413,0.002783533387853625,8.200940370173001e-05,0.011075356396563759,0.9837186261468555
286,0.0048909173161645145,0.0011056653653973493,2.4096612246130378e-05,0.006467860717745951,0.9875114599884461
287,0.005956328099385975,0.002068668054376509,2.7168057394198025e-05,0.015598494170078173,0.9763493416187652
288,0.004136955622450876,0.0014930345962052163,1.190064147076683e-05,0.004085996023520735,0.9902721131163523
289,0.0036540147571655613,0.002551602226962743,4.346810026463329e-05,0.005447180845297831,0.9883037340703094
290,0.004230645603868547,0.004511064431762699,0.0002109440933285454,0.011810151124290296,0.97923719474675
291,0.013481928219384511,0.00317331724347015,2.7693269023044825e-05,0.004185019760477289,0.979132041507645
292,0.004680639576752906,0.002611026295479759,2.8188254910943338e-05,0.0041759664956612695,0.988504179377195
293,0.008171613140150663,0.002854399907279625,2.4211497908783064e-05,0.002464037201365655,0.9864857382532953
294,0.0026914217867553187,0.0024346924641182235,0.00011964756156545755,0.0013453952764810658,0.99340884291108
295,0.0020475572909289586,0.0017892724712496003,0.0003816439685087156,0.0010975967900677284,0.9946839294792449
296,0.0020987990775806413,0.001858049096817332,0.00027654045327471776,0.0010093360089661063,0.9947572753633611
297,0.0046933591734909285,0.001775465142246508,3.706793682888416e-05,0.0007111674520713519,0.9927829402953624
298,0.008176488689591184,0.004607818673342251,0.003511834008125196,0.0016447910506396037,0.9820590675783019
299,0.01016077053088383,0.007205921164248893,0.0029332851845795013,0.0013583696854374766,0.9783416534348502
300,0.001120549304755275,0.0007310317814488488,3.1520166971422104e-05,0.0001227541152003421,0.9979941446316241
301,0.00041567042286771397,0.00044416610633175174,8.16554550515328e-06,0.00014916130958016028,0.9989828366157152
302,0.0010564316820810802,0.0009263883602472926,5.867060731340934e-05,0.00044228594285641116,0.9975162234075018
303,0.0016219084784115931,0.000854472017316639,0.00026227939232468514,0.001123888144329566,0.9961374519676176
304,0.0018441303769128937,0.0008097914311993854,0.00010533703053005205,0.0011898132372967513,0.9960509279240609
305,0.004214831650186935,0.0009145624227705652,2.4029787796210028e-05,0.001164164486615819,0.9936824116526304
306,0.0036072439200937455,0.0016676018548563043,0.0002305074559623547,0.0039060192044062868,0.9905886275646814
307,0.007221806174793739,0.0011180132603080292,5.6278353609288795e-05,0.006636011107399308,0.9849678911038897
308,0.3507789674823945,0.008141613569606722,5.972831519244711e-05,0.0312404449373518,0.6097792456954545
309,0.22638466178849914,0.011116517896035136,7.618124376502273e-05,0.07471185166823559,0.687710787403465
310,0.566140921782901,0.07033808779171545,0.00011437484678849073,0.20007082073837967,0.1633357948402154
311,0.1384401329613067,0.07863124440829226,0.00012942995986965023,0.7441279352573299,0.038671257413201356
312,0.04718969400638567,0.023649827430914882,9.712848309691713e-05,0.4330506522647343,0.4960126978148681
313,0.10004945802126436,0.1312378941229559,0.00010236897239340559,0.7399040953933037,0.02870618349008263
314,0.045614849968443213,0.4246073619904776,0.0007680019027837739,0.5135451222567181,0.01546466388157729
315,0.0501947983628401,0.32912918143791153,0.00032733035438222867,0.6032056116745406,0.01714307817032558
316,0.06689106635677071,0.4195250981782487,0.000669224051530423,0.4831083632490136,0.029806248164436788
317,0.09551295717083051,0.4881528295218925,0.0004027693954749165,0.3826623131292441,0.03326913078255799
318,0.11713724843665795,0.5843074780855534,0.00037966167925474267,0.26214828994503053,0.036027321853503325
319,0.1226555128474447,0.7191957000002336,0.0008488533626008883,0.10032093066082555,0.0569790031288953
320,0.07191932500009943,0.8705942811502704,0.004730987222181991,0.0196135162373486,0.03314189039009949
321,0.036771949882155076,0.9429126575180485,0.0023005270577885345,0.007158986258585999,0.010855879283421915
322,0.06996702193555045,0.8701625521345095,0.006704221191450977,0.016074028296401734,0.03709217644208726
323,0.025565580686876376,0.8940483879335752,0.011264311073491228,0.01492670630066132,0.054195014005395864
324,0.04530174171396527,0.9020787318692745,0.004916562954259089,0.01016924867383088,0.037533714788670326
325,0.01553460629255145,0.9578938904052864,0.005958300338845554,0.004431682971354363,0.016181519991962257
326,0.021239432526590187,0.9237244552411015,0.0034732294595787605,0.012632995676103534,0.038929887096625974
327,0.013158116531610796,0.9538384655040877,0.0035492928017294765,0.004146098380882686,0.025308026781689214
328,0.012778782817936638,0.9394962166386627,0.006666859674365667,0.008421241808548885,0.03263689906048619
329,0.025073219157922055,0.9124004837906292,0.005280001291804269,0.007040065799271661,0.050206229960372786
330,0.013931487929714121,0.9610602817106189,0.002955858880204857,0.003154373623048545,0.018897997856413856
331,0.012379236405683206,0.963922582996678,0.003758906754965901,0.000865828052008818,0.01907344579066413
332,0.013099047612275629,0.9159714186301947,0.010328216370984349,0.0030592095762158925,0.05754210781032945
333,0.010280678153429002,0.9366736298237002,0.035003335424411426,0.0035588711763299315,0.014483485422129736
334,0.008907062135860646,0.9592114460073542,0.012262615392918728,0.0019430553238453723,0.01767582114002105
335,0.005212419732159734,0.9738210823952331,0.006884597436723225,0.004616611250995651,0.009465289184888353
336,0.008958935902020048,0.8879732969444256,0.07298105932346324,0.012981826614886192,0.017104881215204943
337,0.02755473911657562,0.6316496352506018,0.01663575260261484,0.00950879611780614,0.3146510769124015
338,0.23488511688920452,0.5450160673049151,0.0007899611643029541,0.00814667289366655,0.21116218174791085
339,0.026149462440897442,0.9475769458351748,0.002224315589009384,0.0022679756115737615,0.02178130052334465
340,0.04868603914979596,0.9292348700608504,0.0036169866335137484,0.001047139709305937,0.017414964446533933
341,0.017821804273668494,0.9626675779984711,0.011206800146248813,0.0004830561388158161,0.007820761442795816
342,0.006134705761364772,0.9312581578151848,0.04635933326900486,0.002625226564965906,0.013622576589479778
343,0.005329808998924399,0.9723143020803398,0.004936354911627093,0.0025057855093816865,0.014913748499727009
344,0.009190910752523079,0.9190706552996671,0.053181676567771764,0.001503574150046958,0.01705318322999115
345,0.007201917431300193,0.8183910905486377,0.14006556363117803,0.0027672666226692564,0.031574161766215095
346,0.013909035668327817,0.6264062827073242,0.3271516119405735,0.0021649111881115856,0.03036815849566283
347,0.008234181036173849,0.9779048830055312,0.006519805878206444,0.0013765725728276355,0.00596455750726079
348,0.015460291583615005,0.7835407125780143,0.16339998959621888,0.001567886581216437,0.036031119660935564
349,0.016156940944084826,0.6039645527084108,0.3310611423154321,0.0011672734580810671,0.04765009057399116
350,0.01396503766321427,0.8105779842465894,0.16229320706036407,0.000794895761405571,0.012368875268426801
351,0.01226972857493084,0.6516530804364802,0.2905950056155168,0.0011961722545458411,0.04428601311852639
352,0.03593650408250364,0.6775186749115761,0.2466985244293307,0.0015855017524676255,0.038260794824121834
353,0.022832862706683422,0.5355752148705059,0.3654892820103125,0.0008685376597725944,0.07523410275272571
354,0.0173968575559663,0.43870881518282073,0.5065901808155331,0.0007021094046205482,0.03660203704105943
355,0.00572419106448909,0.2137951881917847,0.7448718284551489,0.0003895592105935495,0.035219233077983844
356,0.016358842921863685,0.414326079527026,0.5469019220702591,0.0008070209247932181,0.021606134556057983
357,0.007978558883140398,0.21878085072637063,0.7542517460363718,0.00039081033978706503,0.018598034014330158
358,0.0042957988081773835,0.13845331302819794,0.8502651227841709,0.00027355609152987417,0.006712209287923833
359,0.004253208458765247,0.17148756568470036,0.8078745482574116,0.00042564984570888547,0.015959027753414054
360,0.0022288491248843877,0.09020310029513277,0.9005373934828929,0.00014569980610955977,0.006884957290980474
361,0.007773773159712729,0.2866764615930299,0.6827606741202945,0.00042291018695647724,0.02236618094000639
362,0.0006897768552970437,0.05527742126870335,0.9403357265952305,7.063165663623135e-05,0.003626443624132801
363,0.0009504284369444847,0.0463801522459695,0.9486745554048562,0.0001345014980423213,0.0038603624141875354
364,0.0014150316131731704,0.08484827645692578,0.9071900595728336,0.00019920389428617288,0.006347428462781447
365,0.0008256622089567907,0.07156594220915172,0.9228551304934264,0.0001767739967451199,0.004576491091719932
366,0.004696613627500704,0.11816369162237204,0.8683166845534069,0.00019202685781396784,0.008630983338906282
367,0.001842552449847382,0.07389464314361781,0.9203096531277171,0.00011135968605499064,0.003841791592762879
368,0.0013639045279342738,0.07128766173906448,0.9218339511928442,9.794714271500926e-05,0.005416535397442025
