epoch,N1,N2,N3,R,W
0,0.0001785595946285395,0.0002496567647043227,2.8729175033663716e-09,1.0385831751985013e-05,0.9995613949359976
1,0.00011066166891157078,9.719754715580085e-05,6.431684164489942e-05,4.641060209810284e-06,0.9997231828820778
2,0.00042214600482882016,0.00011870789456736547,3.078056069937405e-05,2.736470657380814e-05,0.9994010008333306
3,0.0003843494535472503,6.296173054788805e-05,2.4593040434062267e-05,6.290403557807855e-05,0.9994651917398927
4,0.016487070133319248,0.0005736096715786577,3.17426022419784e-06,0.0001591086589124566,0.9827770372759653
5,6.756943006407896e-05,4.21963049024945e-05,6.2143661618647085e-06,9.633163619640154e-06,0.999874386735252
6,0.002141305388578029,0.00028949522650925885,3.0022829235472583e-06,6.931012475767084e-05,0.9974968869772315
7,0.007109384106367493,0.0014276030342564852,3.3204108110828343e-05,0.0003179022115291101,0.991111906539736
8,0.055336476342797015,0.006572505324717192,5.8788057280406614e-05,0.0014828539804530784,0.9365493762947522
9,0.003618748105114536,0.002231282612664916,4.051754388677177e-05,0.00022300346411677593,0.9938864482742169
10,0.0007054683152423621,0.0005323945369459877,4.120110279205148e-05,0.00013236871017152952,0.9985885673348479
11,0.02494020440106223,0.009829321724122065,0.0001044700846118786,0.0009877292134841352,0.9641382745767196
12,0.004703340705249415,0.0022072987241438372,0.00022595253547761995,0.0002183436808102365,0.9926450643543189
13,0.16728903888712568,0.01054075887849577,5.4727312395073385e-05,0.002744387003387905,0.8193710879185955
14,0.0673439440808722,0.011845892047889127,0.00022042966825922648,0.0023149713586716096,0.9182747628443079
15,0.054289203883409735,0.013681978108980244,0.0017751437995808734,0.0014581809457313536,0.9287954932622978
16,0.15219587634066398,0.04677905883767508,0.0011412940588121647,0.006233454352995456,0.7936503164098534
17,0.012981720145798951,0.0027112290008927276,9.667523193126004e-05,0.000640582282665735,0.9835697933387114
18,0.23464243077905345,0.06318816528736844,0.00012350009597819096,0.004726161031766532,0.6973197428058333
19,0.028661742942198778,0.009227547673306935,0.00038026597535622734,0.00014365699487573137,0.9615867864142624
20,0.40458883551983815,0.2076267778306927,0.00880576556347751,0.004200159762418791,0.3747784613235728
21,0.020146307323227853,0.038226735601013216,0.0026942592264274172,0.0015721012257708324,0.9373605966235606
22,0.17727357424142393,0.5341869835728428,0.08971427961708105,0.002960629205185344,0.19586453336346685
23,0.00026497807416044815,0.0009352325165712405,0.00014357676623608518,5.965776976502766e-05,0.9985965548732672
24,0.05875864365575414,0.025334148435257414,0.00039790124647634355,0.0044937372533395544,0.9110155694091726
25,0.0007964039990784532,0.0013047725601744947,0.00024188048228225095,5.125487639024526e-05,0.9976056880820746
26,0.09204706560874136,0.0033025478617936164,6.0865414471294173e-05,0.001748996346560507,0.9028405247684332
27,0.11469240814229972,0.02260393568390354,0.00019833945101243225,0.01607500690860046,0.8464303098141839
28,0.05979565003703566,0.007440498086661611,7.899324672157335e-05,0.02820085598220537,0.9044840026473758
29,0.08537548004385412,0.12444736619609584,0.004059838830428331,0.0030447533826334283,0.7830725615469883
30,0.01011780273074797,0.00424012878451758,2.8266040609745134e-05,0.0021845839368660087,0.9834292185072587
31,0.037011254835899045,0.11778617225860123,0.0011830441735673097,0.004409257060562764,0.8396102716713697
32,0.03182855239981239,0.01491521085899992,0.0010191292417479755,0.001510890834925832,0.950726216664514
33,0.12917655299423034,0.2585700924857635,0.01208902200295375,0.011162910643958072,0.5890014218730945
34,0.030530052526457834,0.008800499463734908,0.0005361142145105702,0.003160227142468367,0.9569731066528283
35,0.07018891249399595,0.02707579608951778,0.0008641682282615652,0.0004158920978152954,0.9014552310904094
36,0.44279751241693693,0.3815285016406122,0.010413196975189382,0.002154259962050176,0.16310652900521136
37,0.056328511098819777,0.058675376203624965,0.0034023521585301443,0.00012795772088503403,0.8814658028181401
38,0.3084379219508469,0.5331437748394674,0.012938417385815516,0.0008862877203509341,0.14459359810351918
39,0.2317009788584907,0.6201926373775004,0.027851756945116744,0.0021201229191021337,0.1181345038997901
40,0.4517308807155548,0.44130114762465544,0.014054501671325057,0.004250151457463531,0.08866331853100105
41,0.024011642644416683,0.7853099397751249,0.16914636330655886,0.0016659329472272324,0.019866121326672398
42,0.08149329386598453,0.8553894582769231,0.02300311843948318,0.008458422825473039,0.031655706592135915
43,0.01914466039346942,0.7620026252315425,0.17388095254606317,0.0010395601729216888,0.04393220165600324
44,0.2465608339014481,0.586092843252343,0.06766864661940589,0.008760972467501777,0.09091670375930105
45,0.08791071921428703,0.8009735411205373,0.01905833994605103,0.00710882238580797,0.08494857733331655
46,0.049482793890994456,0.8709450878897288,0.013192483573312876,0.004612919941512399,0.06176671470445161
47,0.23603381813186192,0.4786660954388383,0.01676655362545043,0.003977769184382582,0.2645557636194667
48,0.06981893815070572,0.8956388993338182,0.010404554893805961,0.0034794524443549487,0.020658155177315174
49,0.043764708587313385,0.9201571516847328,0.011069289681068838,0.0034471896290705502,0.021561660417814484
50,0.05202783419302984,0.9144026869055455,0.013251550244472072,0.002689146865486981,0.017628781791465622
51,0.013977065712550462,0.8967556896452831,0.02366044498408268,0.002190652534980492,0.06341614712310305
52,0.10451792971009413,0.8124034724671749,0.028800581601762902,0.017805870237703872,0.03647214598326409
53,0.08950185903830853,0.35163584830710104,0.002168045432415065,0.04036733834554251,0.5163269088766329
54,0.015398686960431125,0.9394982817294867,0.03374850938074917,0.0031591116361533093,0.008195410293179634
55,0.029315379382562463,0.10950413023965569,0.002373799034006299,0.0037912058925537446,0.8550154854512217
56,0.2533727328036719,0.13138497959137213,0.00030247617654086367,0.06765755979504806,0.5472822516333671
57,0.07927638468122501,0.16958882854160798,0.00027645109189615034,0.044827369965552206,0.7060309657197186
58,0.06597883883286886,0.007602247897927614,4.0102261754319733e-05,0.003497348958427772,0.9228814620490213
59,0.03057506819058098,0.036554732710330766,0.0006537582942699486,0.0003101321430694783,0.9319063086617487
60,0.3564105551513512,0.35444584578035376,0.00046860917919702455,0.0071714907538050505,0.281503499135293
61,0.05824925830863907,0.7537225139780646,0.022301322565229924,0.0003869856091876286,0.16533991953887878
62,0.08115155996109119,0.04129068148815518,0.00237409970320714,0.0005887256030082611,0.8745949332445382
63,0.19169025870797418,0.6348712195464358,0.020101288932888938,0.0006687024580626031,0.15266853035463857
64,0.3376046360780405,0.4944176096423532,0.025906119402616463,0.001759520770148095,0.1403121141068417
65,0.10068968589188279,0.7957892332890476,0.012647037630952254,0.00442073185461057,0.0864533113335068
66,0.07258147903129353,0.500945278953902,0.04532673990647921,0.0028922936328720492,0.37825420847545316
67,0.36912174692740907,0.4070192337026063,0.014520908886372433,0.013134143156363602,0.19620396732724876
68,0.023108463548218303,0.9167711908983873,0.048138823781169654,0.0005770750298177611,0.011404446742407004
69,0.15135137020602413,0.5436265686155203,0.010461640652475804,0.016040644550584897,0.2785197759753948
70,0.10175315288889891,0.8633107970329884,0.0008360454378930717,0.008885524681458111,0.02521447995876147
71,0.014755626648835635,0.9662192089630474,0.010019932571172263,0.00584610195205544,0.003159129864889334
72,0.10499146537212907,0.7975517107499679,0.0025763367822008508,0.004763821656257411,0.09011666543944463
73,0.014636036227224834,0.953432932427492,0.024249026757438993,0.0045628416327857585,0.0031191629550582642
74,0.024207409318130684,0.18497064113533246,0.00789937883642838,0.0034198757615153895,0.779502694948593
75,0.22215901385177939,0.561284376527465,0.0005147189396036264,0.018123656415035175,0.19791823426611677
76,0.025948052791258416,0.9619600404874917,0.002720547415765849,0.0028733026287467945,0.006498056676737106
77,0.026008285831514745,0.953284245022711,0.0036792489558597793,0.00357578754311074,0.013452432646803765
78,0.06927391181250782,0.8838953184851023,0.000964336916424746,0.019345360013972898,0.026521072771992085
79,0.008297492176616239,0.9688288246659444,0.01652735223466195,0.002338538649633305,0.004007792273143974
80,0.013139657963646746,0.9555849316294716,0.019082682354195843,0.00663710281265939,0.005555625240026373
81,0.001587645928652634,0.9590930317134407,0.0349730855329724,0.0032718470925834063,0.0010743897323507797
82,0.02293114939153864,0.802637846602655,0.007461369925967474,0.004744297491718347,0.16222533658812063
83,0.1487023623287,0.7012835132262559,0.0008032237015674468,0.08847936999551921,0.06073153074795737
84,0.05404721423283568,0.884317159880547,0.01366063286210555,0.010378902060765381,0.03759609096374621
85,0.0046986170612369925,0.9714543320797457,0.016881598838309482,0.0022374625905655144,0.0047279894301422215
86,0.16162241540292843,0.5006678435405886,0.0012267979450848521,0.03139769574635697,0.30508524736504117
87,0.016554486107956866,0.9628690654853281,0.0034850256823572706,0.010031052511473059,0.007060370212884856
88,0.05252425008291562,0.7003609730923175,0.006922689371927753,0.003794909901135599,0.23639717755170353
89,0.05692628392366458,0.677968007235281,0.0005488303842263827,0.0032255972679726395,0.2613312811888554
90,0.13045737945047708,0.8223493448748987,0.0007708887422264317,0.013649700443061285,0.03277268648933651
91,0.08536559318776679,0.46585172706080563,0.004533724400963412,0.0003152381973194146,0.4439337171531449
92,0.05571270336348219,0.9317435876978015,0.0028676142200974486,0.0012556048009804656,0.008420489917638517
93,0.015953689393870294,0.7662088165744747,0.0500017776296677,0.00021326976748643184,0.16762244663450093
94,0.08209767970410682,0.11027182280761777,0.0017739265181261187,0.0033366138631702154,0.8025199571069791
95,0.01133215237601086,0.9447224823648777,0.013458004011041691,0.0005227144210642664,0.02996464682700542
96,0.0546746156974114,0.055523098510207966,0.0008540846540554105,0.0013792100900875306,0.8875689910482377
97,0.018570402756276434,0.9316719434106598,0.006908045238645175,0.00034125072022360263,0.04250835787419505
98,0.21603379556262084,0.0679945937496255,0.0010420303727526482,0.002960272034889432,0.7119693082801116
99,0.08202145718146438,0.8680124225098561,0.02698585713865131,0.0005196355367993731,0.02246062763322881
100,0.05936232406728965,0.3948624536337271,0.023912607032076358,0.0006403315474491692,0.5212222837194577
101,0.2737638526953627,0.48902683221419935,0.008147009844336047,0.002363633515345757,0.2266986717307562
102,0.05349843462198691,0.905179258429676,0.016768354218421364,0.0028549629425273703,0.021698989787388445
103,0.20386104133402427,0.7496085479308628,0.014659744202362822,0.0033814284150884047,0.02848923811766166
104,0.041129702296075314,0.8779617547333279,0.07375948537949759,0.0020720417183243164,0.0050770158727748765
105,0.03793368666685145,0.7472688845952169,0.17145215310490589,0.002546096614444155,0.04079917901858165
106,0.033677787036024164,0.8213659078992863,0.13286839241445422,0.006632448401751361,0.0054554642484839315
107,0.05767689188784464,0.8344715980631432,0.06144257550790473,0.012931255347416792,0.03347767919369063
108,0.10263482561847716,0.7636338801573425,0.08174347853836296,0.003318886989242689,0.04866892869657467
109,0.13195094819778536,0.804272615652203,0.019473725890846175,0.024918532142928478,0.019384178116236956
110,0.004982519447790345,0.7389734508783173,0.253027112694116,0.0013995742739708464,0.0016173427058055678
111,0.050179902760993614,0.8145147329322905,0.04097136147260807,0.0034881463416900184,0.09084585649241779
112,0.020287114736898405,0.9392669563302162,0.030527477854996703,0.005091118694861633,0.004827332383026998
113,0.019538345171991323,0.8375299226581651,0.13166547643386647,0.006193292193276478,0.005072963542700459
114,0.006757206103256828,0.8253073338992782,0.16098334070580525,0.0023563442222336345,0.004595775069425982
115,0.028245171985282223,0.8496222336134333,0.09292162899210644,0.014342553215566586,0.014868412193611583
116,0.020046303088003047,0.8571870545554073,0.09933673275077207,0.013517019261201906,0.0099128903446156
117,0.05672894774088203,0.761090142364096,0.08890325668958445,0.004278544365669756,0.08899910883976792
118,0.06930247124964369,0.8803925013234933,0.026385593593605122,0.010693018925708361,0.01322641490754945
119,0.027531182912799223,0.7485257205495353,0.1308435070303968,0.0011776535792237803,0.091921935928045
120,0.03463848471870148,0.8969996998462357,0.06207656657171587,0.0014569593775392178,0.004828289485807866
121,0.11416830857701006,0.8070254415592104,0.018076940111293415,0.00586292964439525,0.05486638010809079
122,0.0029303762139494473,0.8735766929088801,0.11991575084029044,0.0015700179669292313,0.0020071620699508895
123,0.025684597202714293,0.8097412909354372,0.12568579704098848,0.01787514626889716,0.021013168551962853
124,0.00657190493356158,0.7989958702153336,0.18331912489249227,0.005942097771613877,0.00517100218699867
125,0.03610968973414368,0.8359604418622126,0.023247103285129436,0.05039568871266528,0.05428707640584896
126,0.007516914132214433,0.5588262767395377,0.42306214022739547,0.0051904394924243424,0.005404229408427988
127,0.06074694060428307,0.3474243820645577,0.0238576241177418,0.06425026999297065,0.5037207832204468
128,0.08764543694085268,0.17208934325259775,0.002792242939071228,0.04511236398873656,0.6923606128787417
129,0.04993573713891511,0.5527901006051694,0.013239179016664234,0.0027894366405623035,0.381245546598689
130,0.15356842742696078,0.04361820834412849,0.0001421396914981405,0.007576862522742591,0.79509436201467
131,0.28036016418971427,0.49907542330808846,0.0012335514690540556,0.012282990896666027,0.20704787013647713
132,0.12178925016548298,0.05122922866559447,0.0002538903145840881,0.0027388060232763417,0.8239888248310622
133,0.20287079444387165,0.681526648747381,0.0010359166293623082,0.006438960127866961,0.10812768005151806
134,0.149384668449868,0.6257335770524678,0.008138128951980876,0.009067873844619085,0.2076757517010644
135,0.09296851924806371,0.7732063842930208,0.060043748082503484,0.0027867190064683966,0.07099462936994352
136,0.04583108770869411,0.9150230698109549,0.02041107531241746,0.0030350308396054327,0.015699736328328055
137,0.019625383191768566,0.848886508035762,0.07417837853283685,0.002912782061820367,0.05439694817781204
138,0.041510472394561085,0.9021409496090913,0.038708232483851815,0.0023227804741660055,0.015317565038329713
139,0.05395821061884171,0.899437791897538,0.028916368739992346,0.0009381157110152655,0.016749513032612764
140,0.008413452541020716,0.8954520439111266,0.08773086995977938,0.0008102881950690331,0.007593345393004096
141,0.027469078251586874,0.8652365836617232,0.08547799618999083,0.0009222037989999214,0.02089413809769913
142,0.016962980820517226,0.8093978268768999,0.16882276788690068,0.0007237694306064369,0.004092654985075767
143,0.020673879417788827,0.8244025131180811,0.14628103607689671,0.0011367057623883222,0.007505865624845181
144,0.034363679169702635,0.7246429958251464,0.0809931235013613,0.00337747814949121,0.15662272335429844
145,0.10675134882988253,0.7580966851932136,0.03610702569437823,0.021913722930956735,0.07713121735156885
146,0.023258751285290372,0.827992176507951,0.10737777873283096,0.000782414554046735,0.04058887891988097
147,0.09764807891192431,0.8743509006394988,0.013539525332734132,0.005411519041658137,0.0090499760741846
148,0.0308020814293753,0.8743839087797779,0.08225350398815592,0.0032099568189406305,0.00935054898375027
149,0.007788300845309637,0.8805914441961075,0.10956886616660172,0.0007888007558289183,0.0012625880361524589
150,0.12975870391406183,0.7253358085022987,0.00956115316009834,0.024569256655773586,0.1107750777677675
151,0.017754447747582544,0.8859198228926446,0.08483962944353653,0.004364533720079133,0.007121566196157082
152,0.09357519631505343,0.5102137662770009,0.031307177387595427,0.008739429045790205,0.35616443097456
153,0.04779923726338177,0.9105861846602007,0.0348022160980912,0.0022503786424246377,0.0045619833359016445
154,0.12309030447985818,0.6380787682201162,0.02243621901442606,0.00675892123815115,0.2096357870474484
155,0.0608339394871888,0.8670867525518765,0.04373631765375379,0.007744078225691571,0.020598912081489333
156,0.01681439160789631,0.9287297620290496,0.040741960385166934,0.0027013255370618595,0.01101256044082527
157,0.028494711680626957,0.8694745874078915,0.07698138010703037,0.010634696201166131,0.014414624603285086
158,0.10322220168067248,0.6195254864092755,0.07681513624161548,0.00261268653984009,0.1978244891285964
159,0.07734840651283728,0.7634176317068051,0.06856743984050581,0.01102872159473875,0.079637800345113
160,0.019249072550672652,0.9343762765189955,0.024858097581542477,0.0025665085551889602,0.018950044793600514
161,0.0853540816052712,0.8887554066660679,0.022540595462909974,0.000667123850134022,0.002682792415617097
162,0.057370553797027976,0.2599108292339551,0.02978087243163076,0.0012713830986372135,0.6516663614387491
163,0.10346007150637573,0.7660386771082344,0.016062425373370364,0.012019089288746771,0.10241973672327284
164,0.1969348943257608,0.7601273591954044,0.01406518822580415,0.0018223885955409354,0.027050169657489683
165,0.017652023607948555,0.9388114648072474,0.0369782232769267,0.0005906860962532094,0.005967602211624213
166,0.039268632249890814,0.9014154932630966,0.0506066449700309,0.004614546310571602,0.004094683206410071
167,0.07465584222638981,0.37403320043641897,0.06781962156798349,0.0043952410813921745,0.47909609468781555
168,0.280098664968357,0.2673222947150652,0.006755381355380585,0.017048698417536617,0.42877496054366065
169,0.08368141263568504,0.879732728084543,0.024806758851609257,0.0007923016829043664,0.010986798745258108
170,0.057016324399636505,0.9116705616753517,0.021923439417159154,0.0011870426180726561,0.008202631889780163
171,0.010478719485463953,0.9132135748165305,0.06759872087593237,0.0011639802985551385,0.007545004523517996
172,0.01616466467881868,0.8760801950570443,0.10372897452060999,0.0010626469689874612,0.0029635187745395753
173,0.02169243255962618,0.8381577913996461,0.13197831344067162,0.0018100631038616899,0.006361399496194476
174,0.013602905729844631,0.7024790296085406,0.27756060248449077,0.0014301263237192622,0.00492733585340464
175,0.007099987234896266,0.8676048911502326,0.12007341504149396,0.0013537525964773007,0.0038679539768997897
176,0.04179807897842747,0.7760037278485901,0.10049073076095204,0.002545012646385921,0.07916244976564454
177,0.020258408581564403,0.901110142380499,0.06883027127694882,0.0008758134969971915,0.00892536426399073
178,0.012699441696828146,0.9121013276280149,0.07013216444096661,0.0004592981422511958,0.0046077680919391255
179,0.025663904091542684,0.8818612109141821,0.07456768831128809,0.0031243822664489707,0.014782814416538202
180,0.021408797188036947,0.8968913507345659,0.065475381194072,0.0035080902747538496,0.012716380608571443
181,0.02239514926684462,0.871557395936821,0.09581629858755598,0.0014470278653235026,0.008784128343454654
182,0.01059791590748091,0.8782488669331552,0.10540443395337594,0.0012175372962247408,0.004531245909763179
183,0.02434625049791476,0.8155926311376751,0.13982318584421874,0.0018255081847060896,0.018412424335485195
184,0.013540840337473723,0.5532367927189943,0.43019110577636344,0.0006569694823471314,0.0023742916848213625
185,0.021750003686939266,0.8778584607362173,0.047869049223661746,0.006280559512846972,0.046241926840334686
186,0.015760184450208038,0.7901963107684704,0.18875361926294926,0.0019911995081653227,0.0032986860102070144
187,0.03747614708067576,0.8307041872655754,0.11943870989086244,0.004798718501445416,0.007582237261440865
188,0.024514640049513415,0.8828105214582973,0.07283817788591232,0.014095895695216581,0.005740764911060349
189,0.027941058203702122,0.8255348767181615,0.0783464151861196,0.051559224676170634,0.016618425215846125
190,0.009302747628113808,0.8286629537769971,0.105588246926018,0.00776274582878367,0.048683305840087544
191,0.043693839991430915,0.01686861437919644,0.0014697042157581941,0.005476252251901187,0.9324915891617133
192,0.4355445400668945,0.34368965244856126,0.0031583232109655417,0.0341278336912337,0.18347965058234497
193,0.17061769583022143,0.7046551061415872,0.008979184377300302,0.007193379888465935,0.10855463376242512
194,0.056592415794829175,0.9305491518069654,0.004739830035458137,0.0011428280970189394,0.006975774265728062
195,0.11641429354207473,0.41543838219894946,0.002585834829491224,0.03507507311465335,0.43048641631483137
196,0.121611619246016,0.8244659228828133,0.015023820006813555,0.023019771904229446,0.015878865960127695
197,0.040851329920772596,0.8140771176069869,0.01159571060069835,0.05288495243375631,0.0805908894377859
198,0.23764072095419358,0.32495602644295746,0.0038189725192317114,0.10427195079830968,0.32931232928530746
199,0.06633033723809321,0.89030755976481,0.01729806322891768,0.018897015808740612,0.007167023959438259
200,0.15175537490628693,0.6596984962350126,0.02528399195538065,0.018281506355824415,0.14498063054749522
201,0.17747536429409888,0.24623458246760208,0.00529119519503719,0.02394080530023976,0.5470580527430222
202,0.2683611473520615,0.5399779182013233,0.006541354381475889,0.06524330437678137,0.11987627568835801
203,0.2325623254510325,0.6710422279363648,0.012001195637291932,0.03902820084588759,0.04536605012942333
204,0.09144706914567886,0.6042358379276885,0.003171604926042479,0.2734443659192672,0.027701122081322974
205,0.028260350478585654,0.852256974795441,0.022535433248105283,0.08593092038204815,0.011016321095819745
206,0.0617552919708454,0.2132787515658081,0.013262458789872318,0.03337736735753094,0.6783261303159432
207,0.0450041101222132,0.02637916629083484,0.0003594086177259927,0.01676459383335385,0.9114927211358721
208,0.30347366035716133,0.38764970747540595,0.003937239529299328,0.04086273138136396,0.2640766612567693
209,0.30816249743333757,0.28829235884370047,0.019985723136980597,0.07894760637493844,0.30461181421104294
210,0.1307144489550673,0.06466847875842331,0.00037348790688849647,0.03238312502034422,0.7718604593592767
211,0.09671160240322511,0.6375256562815205,0.07668109798994949,0.06508970468049478,0.12399193864481031
212,0.08593343733913321,0.4985983447606319,0.01625875741523836,0.11337320730351655,0.28583625318147987
213,0.09285581921626304,0.18716417538821034,0.0019457801496388437,0.043776383098998256,0.6742578421468894
214,0.06079860123195454,0.4547197156740925,0.006112283868723871,0.028159324092561392,0.4502100751326677
215,0.017796762918436942,0.29981249864097836,0.04486350211558394,0.005472533578115067,0.6320547027468857
216,0.001592425449739825,0.0033542239680524524,0.0006321648695169524,0.004587476789452394,0.9898337089232384
217,0.01638387985240657,0.014848014274297515,0.0010028399252803618,0.007937122049108083,0.9598281438989076
218,0.007632996234361713,0.0027745586547145706,7.386647443807722e-05,0.0012697026427038035,0.988248875993782
219,0.006407728755205198,0.0018275088099973167,0.00013339191153399334,0.000455145568362231,0.9911762249549012
220,0.004599260480123083,0.0017937963224237557,4.7772342953951414e-05,0.00030226076135102833,0.9932569100931482
221,0.5959344558255687,0.030293463429608935,0.00013849830839464115,0.00286407367188799,0.37076950876453957
222,0.27393491096712563,0.0828679918273908,0.0009105625353004653,0.0494463000425855,0.5928402346275975
223,0.2991990448703112,0.34699463085443294,0.002150015323850164,0.16726941169747078,0.18438689725393506
224,0.15864963051828554,0.2877437418898765,0.0008834870093536804,0.4017485210176022,0.15097461956488212
225,0.10916402305030026,0.4239355180177375,0.001389275942591401,0.4222117157431983,0.043299467246172535
226,0.2713480540374985,0.43052985799460897,0.01300951520499183,0.2589988307045611,0.026113742058339603
227,0.061285366859520476,0.5764836976340876,0.0015919668542703177,0.33614739154848405,0.024491577103637526
228,0.17176046246720345,0.4605584441803104,0.005423834718775271,0.32316920957090634,0.03908804906280454
229,0.04025188552908587,0.7687059240492247,0.07732458596226659,0.042355701553010834,0.07136190290641213
230,0.12125500211320442,0.6536363918930277,0.0011802613061290127,0.1765056551821592,0.04742268950547969
231,0.013417481365802605,0.9184873188086126,0.035346303698365736,0.013641238790757787,0.019107657336461335
232,0.3206400331034533,0.43296333017368194,0.0039612905202424525,0.02798190525092362,0.21445344095169874
233,0.036879845069942324,0.9220410053350891,0.01498654004275489,0.006945201485455627,0.01914740806675799
234,0.014537902644607411,0.03656469748228625,0.007259757027683538,0.0009640521015922686,0.9406735907438304
235,0.17140759944282766,0.7694185757094463,0.007270479047846278,0.01937455991563479,0.03252878588424503
236,0.41275013021275714,0.47062691837309345,0.0017258961608364526,0.020318925371265922,0.09457812988204707
237,0.058087931221004085,0.8454354714717063,0.07791249187734638,0.0027346493587211275,0.01582945607122219
238,0.1731174520583598,0.7061589281055499,0.006048845708525783,0.0851262341712139,0.029548539956350654
239,0.010274332344063237,0.9374641296557237,0.036995363157780875,0.008372744120437581,0.006893430721994746
240,0.018454506893432684,0.03597518235154484,0.0035010968869981923,0.002171708789610514,0.9398975050784137
241,0.37398295965460915,0.5662615759360485,0.0025847100094173567,0.014711880744033817,0.042458873655891065
242,0.05881658244533703,0.9012166803028053,0.028119919448496303,0.0030827197557784613,0.008764098047582911
243,0.1360213084423417,0.8216237935436367,0.027508500019490803,0.0025249898427777977,0.012321408151753128
244,0.0037733399564334577,0.8999433817048735,0.08566094200479896,0.007476043178655634,0.0031462931552382915
245,0.09220140555697894,0.7043042279756196,0.0968378913994753,0.0059813909080801446,0.1006750841598459
246,0.013068058691608235,0.8886828004687641,0.09117671982968964,0.002530810108555501,0.0045416109013825265
247,0.012604282123618811,0.9273146976601077,0.05725548608817843,0.0007051445056392234,0.0021203896224557648
248,0.020421522550380874,0.8975286833887753,0.06845143587853698,0.005223508328329409,0.008374849853977354
249,0.032364184599109905,0.8758390911270589,0.08617137266964056,0.0012892080966579425,0.0043361435075327465
250,0.005651505164438775,0.764166953203516,0.22538319494439704,0.002213559603359944,0.002584787084288279
251,0.01465594907483236,0.8536993830209131,0.12310726252753708,0.001889463434267831,0.006647941942449669
252,0.017623279832787754,0.8486170720331546,0.12299076749946004,0.003054871163824697,0.007714009470773037
253,0.006135526262787493,0.8071759531067179,0.16950446149267295,0.002446854387087514,0.014737204750734168
254,0.0440558596468652,0.923338822694912,0.02162031855282348,0.006121704200787178,0.004863294904612253
255,0.055671854553016015,0.8430112723707055,0.020558923951012862,0.003339541485675543,0.07741840763959006
256,0.010520998019935038,0.843904730333106,0.1428523433222778,0.0007721669847266306,0.00194976133995471
257,0.08693872924451017,0.8297797830835556,0.028397548856664345,0.007443524676010949,0.047440414139258716
258,0.036630519491839195,0.9018945601039633,0.019086919259606126,0.030290526805185902,0.012097474339405393
259,0.03565003821094442,0.8657847468929435,0.036497565868690074,0.033405093439873385,0.028662555587548745
260,0.11603364923398907,0.7882551612856133,0.007873108955348122,0.05771230267693799,0.03012577784811142
261,0.08915202813404037,0.7736765248078699,0.014601740723511933,0.076440737213006,0.04612896912157194
262,0.13859894046848184,0.7435114286644418,0.048085476379080165,0.04669230805091138,0.023111846437084832
263,0.012920266161732672,0.9209649115119797,0.04126453934458998,0.019513337636587958,0.00533694534510981
264,0.019989690927477183,0.03420519643772135,0.004527059746219988,0.007905389084686245,0.9333726638038952
265,0.38096782367183235,0.5437420509811036,0.02122816439386925,0.010320286166392073,0.04374167478680277
266,0.09773137090233804,0.7973520614378053,0.029999556348843128,0.002122742776504489,0.07279426853450881
267,0.38905416617557165,0.5717613954213236,0.01182061978244414,0.0033562845199565853,0.02400753410070403
268,0.010054716655342464,0.6520499889831374,0.32032113228765746,0.006247222369209867,0.01132693970465273
269,0.029874833024380754,0.9158624550815643,0.03883759928202614,0.008298887767623749,0.007126224844405105
270,0.04920230521510477,0.29869090987798774,0.029049776458195373,0.00669554663019454,0.6163614618185175
271,0.08158475151322708,0.7343687810897876,0.052617959144902915,0.004912155059545929,0.1265163531925365
272,0.1499703027315356,0.608050795773338,0.05326028081590933,0.0013170952125335401,0.18740152546668346
273,0.11699053265340467,0.8479304724123682,0.020270658229349092,0.0005097697546396044,0.014298566950238461
274,0.11362605794760555,0.6365605793698794,0.0693353783444633,0.0014768443159498279,0.17900114002210196
275,0.11072306558103172,0.5309756484802383,0.030731660636763768,0.001909538499397741,0.32566008680256847
276,0.12011766855106458,0.8240376961664557,0.026626781933970178,0.004362315478792699,0.024855537869716744
277,0.10883919800539268,0.8444569607381751,0.03416297019841432,0.00113116031015053,0.011409710747867388
278,0.05773661417188205,0.8958122368092161,0.036792137305579196,0.002215072921083547,0.007443938792239062
279,0.0404132404153172,0.877036068680536,0.06689569308724544,0.006478165333679841,0.009176832483221533
280,0.03189883297303858,0.7676889926556997,0.15289391165831467,0.0025698472313924474,0.044948415481554566
281,0.011119791272985836,0.7408392008043776,0.24206819293636653,0.0015630185536488434,0.004409796432621318
282,0.16630121347997695,0.29096552854212077,0.042888293405435846,0.0032736998988522263,0.4965712646736142
283,0.02856077913398863,0.8831351474381705,0.07422811587338232,0.005682986502824613,0.008392971051634024
284,0.07513234423896208,0.8608674389583916,0.01388191284579222,0.0015734616427404767,0.048544842314113615
285,0.0655860890968203,0.8942021402049875,0.03132581223222287,0.0007609239164189392,0.008125034549550296
286,0.02307512769378411,0.9473995217363103,0.02469186079922109,0.0005084449091867985,0.004325044861497886
287,0.061946947268955506,0.8491184852005663,0.0436786077254583,0.0005169370777616508,0.04473902272725804
288,0.00817169713400658,0.9284724166254101,0.05938461983631482,0.0007308177160401961,0.0032404486882279928
289,0.04170797962303933,0.8760578517185797,0.057984686181742795,0.0030120590454451933,0.021237423431193024
290,0.045341245458543816,0.18272756650942815,0.028570877014776775,0.0014783300884696957,0.7418819809287817
291,0.027358524656351673,0.8774081738371441,0.08146685433748209,0.005230111921047483,0.008536335247974512
292,0.13507361716664554,0.7220170775473084,0.03939435421909439,0.001187851159453715,0.10232709990749816
293,0.07025773653470384,0.7430613223008385,0.06193812038820454,0.000993615358204915,0.12374920541804818
294,0.07588969199551496,0.7887465098486516,0.012737621470556812,0.014634716322418128,0.10799146036285863
295,0.02003314066659053,0.7978174034954197,0.06727191587071663,0.0007756589246389532,0.11410188104263416
296,0.19086681321962037,0.629693642131129,0.045539130366453184,0.006101409880404265,0.1277990044023933
297,0.014143564649784748,0.06883434914563323,0.00856152932354533,0.0013131565127942073,0.9071474003682424
298,0.07062160288390883,0.1608422820951931,0.005235724250882649,0.0005562574004615373,0.7627441333695538
299,0.11905580570357356,0.8454354920958704,0.013982098620538225,0.00037130716258649844,0.021155296417431184
300,0.1547793882955459,0.8127813162485475,0.009570860492629453,0.0008711653664374042,0.021997269596839755
301,0.04481957651756907,0.9317227950107974,0.011338803547822634,0.001403693433065959,0.01071513149074499
302,0.017226464639588997,0.8236613187084537,0.1408335465341893,0.0014687848984091597,0.016809885219358764
303,0.05773840288757887,0.9151199184883907,0.01871073574570637,0.002303095160020041,0.0061278477183041745
304,0.014903722511729136,0.8599586425435013,0.10599444000926707,0.002260615919115405,0.01688257901638729
305,0.011146554545755064,0.8810902524916109,0.10400704076584931,0.0005039682821234831,0.0032521839146612127
306,0.10685760031735776,0.7659956233456455,0.07343953630012566,0.001252145886714636,0.052455094150156464
307,0.013485162480438274,0.84622403224815,0.1358915155074687,0.0005939792765544679,0.003805310487388566
308,0.04498043052753188,0.9112302608531633,0.03311578024345244,0.0024115811022046223,0.008261947273647745
309,0.04891565388037515,0.8935180463373426,0.024303261280752116,0.002930935344449618,0.030332103157080677
310,0.010674977542868145,0.7622562611618144,0.22440420607423806,0.0007531357822958876,0.0019114194387835016
311,0.14266898181005852,0.7857336867107008,0.029487932933256168,0.007147539363468826,0.034961859182515535
312,0.007003825628019984,0.7743871671368014,0.2152155431016914,0.001503655604039295,0.0018898085294480787
313,0.1878424790182827,0.7374414514814595,0.0151178758818212,0.015519630910239973,0.04407856270819673
314,0.022123324851887383,0.8988588906563043,0.06894663461807643,0.006220332363649456,0.003850817510082506
315,0.026418809690187967,0.8841216509321188,0.03667217347751033,0.03622300512016681,0.01656436078001607
316,0.006592039646552273,0.5172549075229474,0.46938943532869626,0.004591403258292105,0.00217221424351191
317,0.06975166962841012,0.7791879405277784,0.08539952508674811,0.01593457576930914,0.04972628898775434
318,0.02693204102772967,0.05489466901090756,0.015147428619324037,0.0028525979395192897,0.9001732634025194
319,0.1436933183603175,0.7647350562770211,0.012891070194504993,0.013509712127742888,0.06517084304041364
320,0.03389406882993139,0.9007754121969576,0.06097696699868835,0.0011327478680266002,0.003220804106395846
321,0.12207423395785222,0.8504141188972191,0.008486789645220318,0.007931603330398627,0.011093254169309784
322,0.0552172097449257,0.7743293246037971,0.043187045894767996,0.09443000839627841,0.032836411360230654
323,0.054787142028378095,0.6936755492721997,0.0760471785274167,0.14534849524320734,0.030141634928798185
324,0.06063964869398372,0.7203572974551212,0.070037286945755,0.10784026899605335,0.04112549790908678
325,0.07659569368515838,0.5818954219032664,0.30134064862786847,0.03463040500456437,0.005537830779142451
326,0.025711982273343995,0.46399275916944915,0.2614379531599581,0.01726160846798186,0.2315956969292668
327,0.2444013543705429,0.1656583892947287,0.0055925405591573715,0.05287852335686516,0.5314691924187058
328,0.06263315128663434,0.8756635416991194,0.030338837568202808,0.016687375420915317,0.014677094025128326
329,0.04425820257268687,0.09336592798300619,0.001356102127621276,0.0010790056310593995,0.8599407616856263
330,0.35181402549220747,0.6033919649142969,0.0014110623364021284,0.012453088692473165,0.030929858564620303
331,0.056536525076824176,0.9085560845096681,0.02521977664403919,0.003861313557606401,0.005826300211862131
332,0.23785164983390558,0.590514561847096,0.009991188770026135,0.005858900802372611,0.15578369874659956
333,0.14310682011474796,0.8050679286222885,0.025015755347200554,0.005751768037675247,0.021057727878087795
334,0.1533207319210158,0.6711927210209861,0.013695257096258408,0.01973540683239596,0.14205588312934375
335,0.04172962587048325,0.9365622975351197,0.00826250112013986,0.004277481330298335,0.00916809414395892
336,0.05886789392753721,0.8681949398525973,0.030534141375839687,0.009576551209281579,0.032826473634744356
337,0.20010287096901036,0.41939601354293893,0.005583885545600775,0.0081485390587762,0.3667686908836736
338,0.03250090090353383,0.9126479501351313,0.030034461425570487,0.012003914898207013,0.012812772637557403
339,0.07371082421619922,0.8402129959444412,0.06482912254928432,0.010239287383376944,0.011007769906698358
340,0.023560681908414528,0.8901247765148809,0.08302953286800858,0.0009455113428221162,0.0023394973658737504
341,0.044783146234353345,0.8767557374397001,0.03650152771165495,0.02387652154679312,0.018083067067498227
342,0.01237016051544554,0.8340941652224826,0.13889085043607813,0.0030411580479059556,0.011603665778087819
343,0.07740187879836542,0.5806690313746885,0.046987040271253826,0.0024156855308066177,0.2925263640248855
344,0.11456274668984168,0.6529906264120067,0.05001758247756151,0.0011287044338041685,0.18130033998678605
345,0.028373820471829198,0.9337740696985465,0.033926138879319036,0.0006635169647369645,0.0032624539855683737
346,0.06783657493302715,0.9058047025744569,0.02286706233331073,0.0006473024698529721,0.0028443576893523175
347,0.03581010690239885,0.9105079958682044,0.025294003282900036,0.001417864467156508,0.026970029479339963
348,0.03533221453461605,0.9320519107322214,0.024959171447613997,0.0026738782981984704,0.0049828249873500735
349,0.0182097921471361,0.9015471210514966,0.062093895839487157,0.010135329203877145,0.008013861758002994
350,0.059222574962532845,0.7755209991064819,0.028767920665467482,0.03830030180048215,0.09818820346503578
351,0.03321323915151175,0.8760634926186953,0.037935402350638664,0.027237320209563966,0.025550545669590256
352,0.030180156155254406,0.7801826888268247,0.03955348531778284,0.1003561165615509,0.049727553138587226
353,0.004704034325636884,0.8987331030935325,0.05980632331929565,0.011685187648365628,0.025071351613169424
354,0.011888083330450027,0.10079832075583867,0.015595842623121817,0.005686840657379091,0.8660309126332103
355,0.003285106460454346,0.04549141166024463,0.008810856107181256,0.013455879241842196,0.9289567465302775
356,0.023321776556089385,0.014293213784617903,0.0003690413546038512,0.004445719082909957,0.9575702492217788
357,0.0049079511131612675,0.007970431997181015,0.0005687676053271665,0.00159076815562557,0.9849620811287049
358,0.0043589268637949374,0.0037621600331062583,0.0005302950438707642,0.0015870481515106152,0.9897615699077175
359,0.0055814493270685455,0.016800894011465475,0.00014652772500068452,0.006166169407812788,0.9713049595286526
360,0.0009461414338544062,0.0030441207774547776,0.00040688537426528793,0.0014660774293208303,0.9941367749851047
361,0.0012828804762419614,0.0008836370935793136,0.00015146554568959533,0.0011436907684853187,0.9965383261160037
362,0.0036216153165739783,0.002236143349256425,5.3584923998274934e-05,0.002822628751488307,0.9912660276586831
363,0.008270015569618643,0.001694973357680512,7.696869912737187e-05,0.004982201029494499,0.984975841344079
364,0.012442413756293352,0.005396214446802171,8.512961933189453e-05,0.0061559379537484285,0.9759203042238241
365,0.014753562298848366,0.021391986466030813,0.0002260409682541032,0.01706277423138013,0.9465656360354865
366,0.028139181537540123,0.08496005894796219,0.0003217899769084997,0.046803370376367545,0.8397755991612217
367,0.04756112640568678,0.1672060301273721,0.0005639321421380447,0.07677581194593482,0.7078930993788684
368,0.06175692660987345,0.42125605556070694,0.003053969297980335,0.06210632750800831,0.4518267210234309
369,0.17742367079403137,0.3164863010635588,0.009593004286555802,0.08984205375815138,0.4066549700977025
370,0.1537774063270887,0.4204576501755049,0.03372371473981256,0.13491195209525195,0.2571292766623419
371,0.03381440321631809,0.6609332925935888,0.05891706528509011,0.13772544239828924,0.1086097965067138
372,0.09382996116772938,0.5075845010103939,0.10005837152454741,0.08740383299036456,0.21112333330696484
373,0.11628514378788082,0.26668286280342296,0.059569634323085804,0.07794377577823362,0.47951858330737684
374,0.20808485961035825,0.3719086559277963,0.17976882231497557,0.11445004176502087,0.12578762038184896
375,0.194261748171171,0.23507511974540848,0.08349470738229071,0.19481604007024814,0.29235238463088165
376,0.20466522148965935,0.5496181372107632,0.12397064197553308,0.0374542498636635,0.08429174946038077
377,0.022234255937158443,0.16658493311250375,0.7871313474010626,0.003846139748026702,0.020203323801248552
378,0.01227505829712007,0.13328720150001822,0.8461697361949999,0.002852746648757238,0.005415257359104624
