epoch,N1,N2,N3,R,W
0,0.006129800434112242,0.00015433028002292918,7.498455232107156e-07,9.707440145965205e-05,0.9936180450388818
1,0.007529233985322289,0.0003657610808199563,1.5131514337992286e-06,0.00015331126035147575,0.9919501805220725
2,0.0072177823625280335,0.00032652925422799065,2.4734753323787703e-06,0.00027077549155329683,0.9921824394163583
3,0.039266619616806275,0.0015185681621716187,4.944109630372315e-06,0.0004106306856043137,0.9587992374257875
4,0.07371879440217806,0.0012479335343612969,7.253349474906017e-06,0.0005546503061215942,0.9244713684078641
5,0.4016688394528985,0.012634014688278628,4.7390303099048015e-05,0.0059793599698965486,0.5796703955858273
6,0.679677900883293,0.14505744228316955,0.00041887798473655137,0.011742703510698034,0.16310307533810273
7,0.45017658080177697,0.21830424202576573,0.0006388922316644106,0.04572874574892995,0.285151539191863
8,0.1285588653162724,0.6260864792058406,0.004466432316928963,0.007908250272982368,0.23297997288797556
9,0.391486946255374,0.4345154431301722,0.003974896879585859,0.024700498679144055,0.14532221505572387
10,0.08591017956989146,0.7863307127778482,0.013572375060824286,0.007699078444283849,0.10648765414715221
11,0.20226997854975434,0.6857464380422917,0.007935551665177664,0.014784105859425687,0.08926392588335047
12,0.21133267840690675,0.20837221374059084,0.000544985751397145,0.025829650490284822,0.5539204716108205
13,0.23675439417724997,0.10718378994350031,0.0004828409158482369,0.020819538074687827,0.6347594368887137
14,0.24893295890384737,0.6598298705619549,0.002715883280368346,0.011348033978908876,0.07717325327492051
15,0.23047639026091113,0.7239443423185709,0.0033791780068156427,0.0019029504440826754,0.04029713896961962
16,0.05995003077881157,0.9041218837136016,0.006206753968661008,0.005204902121578934,0.024516429417346736
17,0.3485540777421605,0.4458401435944134,0.0026300329506260363,0.026398316509729184,0.17657742920307076
18,0.3785765108044744,0.5479189449787877,0.0034221732750451582,0.02447988232962063,0.045602488612071945
19,0.15005039782429852,0.8095823706607436,0.007924734293793841,0.0034262775971659197,0.029016219623998318
20,0.15517803391611118,0.807821944793843,0.006540485821949583,0.0015327892460227483,0.028926746222073547
21,0.22542332136737145,0.7353632280003607,0.010557210602838844,0.002485181008506301,0.026171059020922656
22,0.11909645089065415,0.8283901599902361,0.019084389393785758,0.001967515150643488,0.03146148457468059
23,0.04549665143774115,0.9224095385509915,0.013624176134771782,0.0011555717560770469,0.017314062120418416
24,0.04147133224052729,0.9114583615712532,0.03073756762729693,0.0008337606695546036,0.015498977891368095
25,0.06251511893996918,0.878785360775473,0.03553493077474732,0.0009729786221614755,0.02219161088764901
26,0.017224164202128786,0.7196787207512902,0.23734824330061433,0.00041638025683475355,0.025332491489131866
27,0.01628906994467079,0.9003084013665621,0.06479650435702164,0.0005479537347267374,0.01805807059701875
28,0.015055386213543702,0.8556393719992192,0.10382428659527032,0.0007509594140575905,0.024729995777909016
29,0.022087913212134925,0.907481032590214,0.05299075167701003,0.0008565228635533036,0.016583779657087707
30,0.005738386652761369,0.7227391368851105,0.25552592091881676,0.000389815712084229,0.01560673983122734
31,0.006893308646873974,0.7750051527595415,0.19653756173266757,0.0004105955542403186,0.021153381306676763
32,0.006120217877364546,0.6799136756307852,0.29427099285893393,0.0006751371230557285,0.01901997650986055
33,0.008709357585985589,0.611991392643408,0.34406035719673417,0.0013933366634855365,0.033845555910386835
34,0.01831635990147163,0.700217949188476,0.2185790957611736,0.003333944923890007,0.05955265022498877
35,0.00904665825989482,0.41490134593348355,0.47086640746707425,0.0013196053244808755,0.10386598301506655
36,0.1311399645453284,0.26159162154091076,0.0038573031430556163,0.009617642931088315,0.593793467839617
37,0.005789351501923432,0.0010591690438938276,1.5594897219949046e-05,0.0012082629596626582,0.9919276215973002
38,0.007515071843247546,0.0012638106160807704,6.451691337041607e-06,0.00037895569009081993,0.9908357101592439
39,0.007385889165845735,0.00046759542850991414,4.1545984699340515e-06,0.00021915950492370237,0.9919232013022506
40,0.030563796354620983,0.0008840658965765536,5.114220261845352e-06,0.0003173096868541491,0.9682297138416864
41,0.020806117994621044,0.0006876787095880357,2.9042256524275746e-06,0.0004670647720528147,0.9780362342980856
42,0.010326726984864492,0.0004125395982975637,1.7467328942208247e-06,0.0003908464359355562,0.9888681402480081
43,0.04614282712949476,0.0010426305603077012,2.7150674263982807e-06,0.0010573136209698583,0.9517545136218013
44,0.026071620707023378,0.0008955168954245756,1.9563557022786705e-06,0.0011220886301518194,0.971908817411698
45,0.018475559072748976,0.001478375983805551,2.6389726257026864e-06,0.0011180001834837146,0.9789254257873361
46,0.057378831500557136,0.002274016061362767,6.38301330543191e-06,0.002012099380180466,0.9383286700445942
47,0.0051075886710688105,0.00032893408554260156,7.498075781081337e-07,0.0004405326877591384,0.9941221947480514
48,0.01805508577810835,0.0007109166355335424,2.030896928951536e-06,0.001213010790167817,0.9800189558992612
49,0.08354416728010534,0.004965851652462415,1.206017074001881e-05,0.004170370466258741,0.9073075504304334
50,0.0016194310103459246,0.00022601674054335884,3.845374498556968e-06,0.00021475546774190035,0.9979359514068703
51,0.0007719402502087309,7.600782396995705e-05,1.6788613586625356e-06,0.00010646565469912371,0.9990439074097636
52,0.005257575674050502,0.0003738255392552817,3.3427877629971876e-06,0.0006388187052930828,0.9937264372936381
53,0.01044089017260136,0.00043832053746135474,2.911718134958364e-06,0.0007046209843198253,0.9884132565874825
54,0.03870584081339887,0.001241606929938183,3.6388848061407864e-06,0.0010012048313179794,0.9590477085405389
55,0.03128744555746248,0.003352019317410238,6.30335438531853e-06,0.0016423347559132572,0.9637118970148287
56,0.006898088433767454,0.0008460228142359858,2.2039606807590674e-06,0.0004040331598412214,0.9918496516314745
57,0.09794878000562628,0.006042713947126269,1.2045986128688865e-05,0.004215345566813751,0.8917811144943049
58,0.029084043386033962,0.0016440540565118345,4.4232078349246945e-06,0.0021958206630443415,0.967071658686575
59,0.11138415307780933,0.012142808362272639,1.2643967053587683e-05,0.0038931680548224923,0.8725672265380419
60,0.009877530704018528,0.001892729161031678,3.979958966373596e-06,0.0016007628039891458,0.9866249973719944
61,0.07401619685612645,0.00710269316669769,1.4850500370063446e-05,0.007903649276633028,0.9109626102001729
62,0.05651461458947935,0.007972715152733283,2.5589779871417e-05,0.008074834328843643,0.9274122461490724
63,0.3657054713696323,0.044152251590749154,6.283149256158123e-05,0.025933219137793746,0.5641462264092633
64,0.14065330425683623,0.45057627791512056,0.0016558973990514019,0.06211071603423983,0.3450038043947519
65,0.18579978473534525,0.05561315273235417,0.0001116960699702377,0.07117959142849695,0.6872957750338334
66,0.1556260072268285,0.11087996314427691,0.00029697071607808525,0.10249027792073025,0.6307067809920863
67,0.06175228012179809,0.017138450020801502,3.7026995646379464e-05,0.02258925421735755,0.8984829886443965
68,0.5118763193721949,0.02328779549470048,5.475191117108324e-05,0.020747029198366327,0.44403410402356724
69,0.44046471945118293,0.2109155556058357,0.0004346664246708121,0.00703292340712168,0.3411521351111889
70,0.17671047969220027,0.6456765485432985,0.003707156516107357,0.0025750181078810943,0.17133079714051297
71,0.10761458324885571,0.8376546952013973,0.01334791799520783,0.002014369495896483,0.0393684340586425
72,0.06127473622887705,0.8860398700585401,0.023775438415467674,0.0027693292230855718,0.026140626074029543
73,0.09303436103549895,0.8675969688177195,0.01839790149101005,0.003580373306573271,0.017390395349198253
74,0.04682350900654517,0.9070383215021333,0.0402329775763858,0.00074413345951889,0.005161058455416949
75,0.027832858283589865,0.8573901527630085,0.10831905237939454,0.0005729175701975525,0.00588501900380967
76,0.05695451389613832,0.9034956302541686,0.026821834260929284,0.0014505589339950374,0.011277462654768729
77,0.09888390032487658,0.8711257491458396,0.01960699046046256,0.0018843305650871555,0.00849902950373398
78,0.04421836501108298,0.9350878743248563,0.015772437104287603,0.0008016834152205153,0.004119640144552429
79,0.00522567327119929,0.9355170726920059,0.05467226296631955,0.000294964274416075,0.004290026796059025
80,0.03332412641389173,0.9028711307447165,0.0492149296531154,0.0009443064629911874,0.01364550672528533
81,0.00985689269287698,0.9207008190371749,0.06428652172963367,0.0006645298570912261,0.004491236683223264
82,0.0031400478582768207,0.8393096944586097,0.1532243908720767,0.0004540975986558424,0.003871769212380942
83,0.0021467039996372465,0.6268796980505033,0.3670915862134809,0.00011978840334990866,0.0037622233330288743
84,0.002397396786672447,0.5830476004877572,0.4096858527462482,0.0002691532900685359,0.004599996689253489
85,0.0035653961839375603,0.7547477236400585,0.23717949179074824,0.0003702773201239514,0.004137111065131785
86,0.0032973179968209354,0.776757748297648,0.2134051696909085,0.00044462363181107584,0.006095140382811729
87,0.0021840318569551456,0.697388740774745,0.2941537126379637,0.0003773323343022011,0.005896182396034045
88,0.002956999374068637,0.6423325223967074,0.3484778430302396,0.00042315979689645425,0.005809475402087985
89,0.0023781539478912204,0.6200313204245074,0.3709239546616524,0.0002805057802025465,0.006386065185746579
90,0.00573875520509728,0.7870302071050074,0.1964478527778448,0.0008292224670502341,0.009953962445000328
91,0.0019774505251597845,0.6849939437862335,0.30683920799637804,0.0004796955939332019,0.005709702098295626
92,0.002507392317964031,0.582590191092307,0.40719326285796353,0.0005956914525554168,0.0071134622792098775
93,0.004706243600984251,0.904345208601697,0.08275154181813602,0.0011651380437960733,0.007031867935386593
94,0.004076703574143816,0.8030958981699498,0.18571078138146468,0.0009008263729226272,0.006215790501519065
95,0.0043431371569628945,0.8041553099586922,0.18398539381897638,0.0005977118983206455,0.006918447167047998
96,0.0024303908700011455,0.6117921248821665,0.38109096460408776,0.00030830450195411865,0.004378215141790483
97,0.005902089494789824,0.7621118065918344,0.2188863831507087,0.000898710242384595,0.01220101052028243
98,0.01111920774140531,0.6888901439823563,0.28682292453956804,0.0017850165359466679,0.011382707200723716
99,0.04257207865860037,0.8741853574337357,0.04563082465742812,0.017880325258023626,0.019731413992212263
100,0.004267178289281142,0.4486234834751667,0.5316721804747945,0.0016785154238261634,0.01375864233693166
101,0.04763517586798195,0.7504789561424006,0.0785709158845026,0.010253435314310244,0.1130615167908045
102,0.02829826761665085,0.6114226496367954,0.2568723688129395,0.005855216685939961,0.09755149724767437
103,0.04417831910752004,0.2873514675701649,0.012310956403269391,0.003082615970720054,0.6530766409483256
104,0.01457022801253484,0.0057401067007135645,9.548797188670701e-05,0.0020941255603603853,0.9775000517545044
105,0.14161564415890932,0.01285606262754323,3.127976821433044e-05,0.004713203902001694,0.8407838095433314
106,0.20743213281373482,0.0265201272881205,8.214798565750016e-05,0.0016312939777420384,0.7643342979347452
107,0.14271057908414267,0.01195079254880863,1.9796740540476713e-05,0.004557697901747414,0.8407611337247607
108,0.7557972726254528,0.02054284728186227,1.8173853147838224e-05,0.016192385069963,0.20744932116957407
109,0.7375701287560638,0.016234508872901683,1.3962826701821018e-05,0.02396733273545042,0.22221406680888256
110,0.5944816925356928,0.09724235801881363,7.564647006404475e-05,0.060006069753935964,0.2481942332214935
111,0.6444275389479134,0.14352405690045386,0.00017724451176054476,0.12953270979421508,0.08233844984565714
112,0.47244343437638586,0.25795167941040903,0.00030815459989543546,0.22881584077142603,0.040480890841883714
113,0.1458993361563483,0.5486203373953721,0.0006672936554612505,0.2705199702930464,0.034293062499771924
114,0.09541031382383716,0.26902954575206584,0.0005694051354877461,0.599442771547218,0.035547963741391284
115,0.12085049561769792,0.3239172490885726,0.001343714667638342,0.48205251194741094,0.07183602867868012
116,0.09104495944693916,0.6300878265651412,0.001542982870585208,0.2279338203610732,0.049390410756261195
117,0.11329949346277778,0.13348869281505119,0.00016582724905071748,0.23031858490343496,0.5227274015696853
118,0.20151763406668524,0.030898988289022725,5.1374942752834274e-05,0.33819608976341764,0.4293359129381216
119,0.10284140052226746,0.04724307603372273,4.289036996292222e-05,0.1928391886599753,0.6570334444140715
120,0.13658122446921953,0.0133703833247718,3.156371554268369e-05,0.12446940025792883,0.7255474282325372
121,0.0710463770107518,0.0055216488723782015,8.954631014391732e-06,0.05400862587286578,0.8694143936129899
122,0.002925092171466802,0.0002249951632960483,2.0248074581783617e-06,0.0047600434117813116,0.9920878444459976
123,0.034755458393182455,0.0008208637801244988,3.8478956687314985e-06,0.01835703823019321,0.9460627917008311
124,0.024573689825368086,0.0034735416035142856,9.36988737600486e-06,0.025564993130114018,0.9463784055536275
125,0.0021275631679587665,0.0001833046241229816,1.135216511607658e-06,0.0015542747756627107,0.9961337222157438
126,0.02680854843021351,0.000697168063712607,4.71757235506072e-06,0.018488952485368165,0.9540006134483506
127,0.23030065307425987,0.010427960180259415,1.2180701012186605e-05,0.04319417214591795,0.7160650338985506
128,0.07771341674534163,0.0028592779628802017,5.160132238496587e-06,0.01706767747037163,0.902354467689168
129,0.6668123273657844,0.03102143414650053,4.6116908442192806e-05,0.1212761281716992,0.18084399340757368
130,0.7652119543890225,0.06738304297344021,0.00013770304168403711,0.10418893168458475,0.06307836791126852
131,0.6247098465731403,0.1395300919794378,4.36250494056208e-05,0.1585169776478839,0.0771994587501323
132,0.5454437923612242,0.1924301386858598,0.0002488974183425299,0.24581810510411917,0.016059066430454263
133,0.17619768631076274,0.7612975218603137,0.00045186443189953085,0.047616489266757135,0.014436438130266719
134,0.3082904186901303,0.6368325187140332,0.0007010701606663406,0.03875881140745914,0.015417181027710981
135,0.22788532736987965,0.7321846221991068,0.000636840092129391,0.032255243880908405,0.007037966457975679
136,0.03390072258349262,0.953715905279448,0.002649232746643545,0.004934895591992178,0.004799243798423354
137,0.0214695538189591,0.9747766585206845,0.00157698025029006,0.0007848498671191628,0.001391957542947183
138,0.017496779306841397,0.9717276731393907,0.006947207163946917,0.0010594448107982925,0.0027688955790225395
139,0.0329780844976895,0.9594888152450094,0.0046357704860564035,0.0008895836904276645,0.0020077460808169624
140,0.08820920153038585,0.9034337581708017,0.0018847108852766779,0.002918643791891392,0.003553685621644321
141,0.004387146680724627,0.862567120331341,0.13031958436681834,0.0003189959951666879,0.002407152625949244
142,0.037515224575551176,0.9323797671232852,0.024462446908498418,0.0011238167779465465,0.004518744614718527
143,0.008043027481927085,0.9442067384621057,0.04425046276433089,0.0003983051850741687,0.003101466106562285
144,0.009929898581709283,0.9632597940712931,0.022767504416109387,0.0013999269442049721,0.0026428759866831348
145,0.011782740818081654,0.9172394206568782,0.06595817115489605,0.001563764378818806,0.0034559029913252604
146,0.008639420818212852,0.9155128252932401,0.07176818750685701,0.0014067169032398353,0.0026728494784501386
147,0.013564964003259922,0.8667170094355312,0.11382769461999621,0.0014316391414644027,0.004458692799748189
148,0.060406428062997744,0.868913208782586,0.0638539026262899,0.002234361742751249,0.00459209878537484
149,0.004734698138631136,0.896415150520012,0.09614157532922878,0.0006522847408248981,0.0020562912713032486
150,0.0030343916614090478,0.5386900517080516,0.454824561642006,0.0002497934329641408,0.003201201555569266
151,0.03570602418406382,0.8566071917062108,0.10201417912941567,0.0017330780762476758,0.003939526904062193
152,0.0028249793229707045,0.7521001757209723,0.24156234025516918,0.00042560586710065263,0.003086898833787171
153,0.0022699005351389952,0.617779522441871,0.37723863035728045,0.000354057081438091,0.0023578895842714773
154,0.005841029590985578,0.6328972023624038,0.3556302444587892,0.0005860018209275515,0.005045521766894037
155,0.0019090635853661613,0.5418490965338701,0.4510758923661623,0.0004237728693293573,0.004742174645271947
156,0.003620381888161241,0.8281400523495247,0.16092352567355747,0.000958971168700081,0.006357068920056525
157,0.003571209714590844,0.7927847593026883,0.1970630249888696,0.0007640172353518045,0.005816988758499474
158,0.002632469131626308,0.634203548076542,0.3591989258615127,0.0007076083674007923,0.0032574485629183027
159,0.0009488404577607524,0.5445723808582441,0.4528033613185588,0.0001919501177263416,0.0014834672477101465
160,0.004199511954138195,0.7701970700314543,0.22003394983335758,0.0007605420995605455,0.004808926081489429
161,0.0023891532325145946,0.7039234241762676,0.288755750515643,0.00046672810222739356,0.004464943973347332
162,0.00209731153425657,0.5000079340378863,0.49498251911254304,0.00016559260590316512,0.0027466427094108145
163,0.0057436567409559006,0.8360611458026316,0.153365907213786,0.0011596481702586038,0.0036696420723678963
164,0.0029738423782641977,0.6724035219060346,0.32106576241766405,0.00027401312031624994,0.0032828601777209385
165,0.002726112114353395,0.7801612755494475,0.21151659771364498,0.0005397356172792292,0.005056279005275125
166,0.0034837167403737766,0.845581971257898,0.1477065521851455,0.0006532106061260356,0.00257454921045678
167,0.0019284099882179778,0.5054849038212106,0.49045340231625906,0.00012918474338989507,0.002004099130922527
168,0.0012815802442793605,0.3736780333407906,0.6233460630890111,4.7993813925339866e-05,0.0016463295119937657
169,0.001603706578575765,0.34254337496650633,0.6534712437545172,6.528287228634288e-05,0.0023163918281144218
170,0.0006692798814372798,0.08019073364990276,0.9181494033554771,3.139643781307413e-05,0.0009591866753696679
171,0.0021371870443980187,0.25387137487776806,0.7414625447644515,9.260092220485389e-05,0.0024362923911774846
172,0.0013257609184008418,0.22529160622290137,0.7717667209574323,0.00011424704136040413,0.0015016648599050482
173,0.010827345915130897,0.4774825758185264,0.49870468936570733,0.0014743769478300249,0.011511011952805215
174,0.004753183059609556,0.6645158036691765,0.32501810678138904,0.001067427720695571,0.004645478769129157
175,0.0015491576962812586,0.5058878141211639,0.4880562057071308,0.0003362474544128493,0.00417057502101107
176,0.004074091630142389,0.43850900487219857,0.5487157969218609,0.0005743548667792901,0.008126751709018864
177,0.01568557421035255,0.868140446464039,0.08010091854823491,0.007212389178579011,0.028860671598794626
178,0.14860760801861328,0.7876320166091741,0.028610990287106595,0.02275374019473153,0.012395644890374417
179,0.033306061825895884,0.8205219744171489,0.10643029264674762,0.009141739929342684,0.030599931180864834
180,0.17414335334149544,0.7880160029313559,0.010720301270532799,0.014878275859309445,0.01224206659730634
181,0.024958142765794476,0.9288637431975508,0.04046259557426246,0.002709612329565543,0.0030059061328268494
182,0.19603694475621278,0.7708700940578522,0.008619139082268103,0.0068737191972024275,0.017600102906464583
183,0.21734462943151853,0.7617553573832003,0.004477251979599968,0.01178626369073051,0.004636497514950689
184,0.10409641584969581,0.8649305754260747,0.014229687496299555,0.00789552556475299,0.008847795663177034
185,0.31351852568223054,0.658396063086907,0.00817124158145858,0.008475109095092026,0.011439060554311858
186,0.01820601547621259,0.9373646700055077,0.03777338846374114,0.0033233932192314616,0.0033325328353071373
187,0.09533026576096586,0.8634358300768461,0.024022439413425346,0.00593654688326346,0.011274917865499194
188,0.009546299852539129,0.8547210235407593,0.12921951902139087,0.0010964819304597668,0.005416675654850761
189,0.03152166635397022,0.8951187679820506,0.06065060516432948,0.006581693425329856,0.006127267074319932
190,0.011884389975730904,0.9266091726315369,0.05576836114431065,0.0016220500520425444,0.004116026196378843
191,0.03874717926413252,0.8827685935005887,0.06666023544608486,0.0054882370292494535,0.00633575475994457
192,0.023907170522152302,0.8824960137357852,0.08555443328233499,0.0019291911366322947,0.006113191323095273
193,0.017099184443842626,0.9220180351195405,0.05490423367053744,0.0026475103118142216,0.003331036454265124
194,0.004556297431707107,0.7844977703115665,0.20453416655408996,0.00129070130735537,0.005121064395280914
195,0.017451351106904527,0.6853091180779819,0.2905277745038157,0.0013178364936365574,0.005393919817661503
196,0.015157317569076987,0.8418029288071054,0.13434769081601208,0.003344707930951837,0.005347354876853664
197,0.007889089351688496,0.6473910701806365,0.33795939178462364,0.0014646178455125151,0.0052958308375389805
198,0.006678711552952311,0.7112259258549637,0.2749897103621511,0.0015089594663477723,0.005596692763585084
199,0.0034210509178025815,0.19891914103749758,0.7917751178281569,0.0009288150458450705,0.004955875170697735
200,0.008055577734339086,0.7629725321269224,0.22125806006508636,0.002457179430166003,0.005256650643485993
201,0.009139124037622083,0.6243520368920003,0.35822675463233716,0.0024453306282090827,0.005836753809831474
202,0.0026129991251779756,0.1676010442257005,0.8267406545359006,0.0005076301746390143,0.002537671938582038
203,0.011200400699221935,0.650322467564776,0.33204440453069695,0.0016322514179146284,0.004800475787390493
204,0.012080110490722789,0.4547799023793231,0.5275757710033899,0.0019931586145172818,0.003571057512046982
205,0.01370089839245645,0.7272757442741244,0.25091405812101697,0.0041111294032758205,0.003998169809126202
206,0.0010904721228891163,0.17390531264900386,0.8233090477313303,0.0002849789524150713,0.0014101885443617145
207,0.0020927719784946124,0.5430837267987053,0.4519749178805901,0.0006594909073799785,0.0021890924348301343
208,0.002635794635074487,0.5882051632795812,0.4036771617524167,0.0009783305984915134,0.004503549734436151
209,0.009722425459138723,0.7642187604287,0.21912843379665892,0.0024971384709140394,0.004433241844588469
210,0.00674446166177633,0.6916198514133065,0.296977106489816,0.001306587463936096,0.0033519929711648684
211,0.022354018628811145,0.8877365471923194,0.08007273071962506,0.004383633406646725,0.005453070052597615
212,0.00414783904098467,0.6918126101752594,0.2986819123388163,0.0007445734246847616,0.004613065020254771
213,0.002208465702540306,0.5164377633802123,0.4787494498300154,0.00028306521192650774,0.0023212558753055784
214,0.002913211505687271,0.6556809590959191,0.3363996562533861,0.0008187093119466809,0.004187463833060808
215,0.0012745604088814188,0.23726856848792488,0.7595108152195044,0.00020493453316245848,0.0017411213505268217
216,0.006783212527546997,0.6334768243335053,0.3538793502470122,0.0011202589713685631,0.004740353920566929
217,0.0024529163210831838,0.32208506747657384,0.6726997682343223,0.0003277891915919898,0.0024344587764285525
218,0.0032894330165566567,0.42115749512445977,0.5730913055999123,0.0005013434143717967,0.001960422844699486
219,0.0017498891662960279,0.44663801016685734,0.5494448831931524,0.00019145052891984097,0.00197576694477438
220,0.0027850500281695573,0.3179597608593304,0.6766372110468595,0.00028068764337173816,0.0023372904222688823
221,0.0006459666338468274,0.28255420355399213,0.7151168149589502,0.00013474046977705997,0.0015482743834339195
222,0.00037091310407758694,0.08427644425723464,0.9140432246543522,5.445519670808997e-05,0.0012549627876274488
223,0.0023888580751373835,0.34120685033898607,0.6537700418175993,0.0003619453575290438,0.0022723044107481796
224,0.001981252428607245,0.39817011217541054,0.5951944189171918,0.00038367440187490605,0.004270542076915428
225,0.005339778697927899,0.6451252781709985,0.34460047764897445,0.0012582846576181539,0.003676180824481167
226,0.0014317237172791007,0.4256355401365512,0.5705518424932033,0.00024205549712441908,0.002138838155841859
227,0.0012434346827635892,0.2154510066874706,0.7813057209642547,0.00014839996567277605,0.0018514376998383887
228,0.003428374834074574,0.5162168701439751,0.4759199660132325,0.0004473643242006415,0.003987424684517061
229,0.002372895193881183,0.5336894388768657,0.460770674941468,0.0003828185528300334,0.0027841724349550907
230,0.0019426190916562607,0.3999573129662039,0.594894836501184,0.000309168179420919,0.002896063261534816
231,0.004325419477841265,0.5584801118449113,0.43397236235763226,0.0004927060650743037,0.0027294002545408544
232,0.0014605115424057844,0.3321868630016011,0.6641422533092811,0.00020235449524946383,0.0020080176514624447
233,0.0021715106705771287,0.2212144254402823,0.7715158427568913,0.00021681053528379435,0.0048814105969654875
234,0.005863661554612796,0.7535738091678787,0.23471892355458704,0.0009684396477410457,0.004875166075180319
235,0.0014759607155653966,0.445909786991908,0.5496619847787209,0.00011847144568592978,0.0028337960681197876
236,0.0042761590649119515,0.58375784352126,0.4085453988915659,0.0003493156818536267,0.0030712828404085087
237,0.0012879756814529759,0.3447892097115939,0.6526537170061154,0.00016158969022557425,0.0011075079106121037
238,0.0013363582937847408,0.36867743004102743,0.626639493662291,0.0001567454838910693,0.003189972519005754
239,0.0005953211693846513,0.1486005125177134,0.8495286915448652,6.65699623733533e-05,0.001208904805663416
240,0.002977453717180954,0.44939764551801753,0.5443477561952377,0.0005745569962398889,0.002702587573323864
241,0.0009052877616133229,0.3716871279442656,0.6256236543687687,0.00018706506585077902,0.0015968648595015788
242,0.0014153031391067204,0.29005571117248263,0.7049173572773395,0.0005717770715048903,0.0030398513395662355
243,0.003486153846132839,0.6974048670223805,0.29352166338775293,0.0012648125140388062,0.004322503229694955
244,0.004803138471870003,0.7609031003634509,0.22933994580019823,0.0010414231918617935,0.003912392172619145
245,0.007511687518639526,0.6956024292102935,0.2909750596066845,0.0012480571700646391,0.004662766494317951
246,0.008335500554950226,0.5943654657927984,0.38948612908008534,0.0018642541164582242,0.005948650455707859
247,0.07573129919642077,0.8380067965345807,0.046546986815449956,0.025167901606861515,0.014547015846687116
248,0.046954131270610475,0.8872836071029178,0.025357040759453064,0.021909440185425018,0.01849578068159349
249,0.24468880831523093,0.6862459092941184,0.006312359492424091,0.03767599953195893,0.025076923366267427
250,0.05248107075735927,0.9046778006043834,0.008912097805005252,0.026392260372820393,0.00753677046043167
251,0.22617947245572448,0.6474202491855773,0.0013035703026207856,0.01659352541961285,0.10850318263646454
252,0.30359830757319173,0.3725426121042215,0.0008887221370354537,0.011587965553670863,0.3113823926318804
253,0.6487665470645717,0.3117105743610065,0.000727210830736325,0.02378370919275254,0.015011958550932914
254,0.6897375069314422,0.26656024347614343,0.0012634247769874988,0.03242405437185892,0.010014770443567803
255,0.5947021917590524,0.34726178925458057,0.00015337942825293386,0.03681426409366854,0.021068375464445444
256,0.20952344466256306,0.31557471993231667,0.0004902580694991928,0.4636411712362026,0.010770406099418631
257,0.10480979160978841,0.3938681010342304,0.0010238449506151063,0.49362135409242097,0.006676908312945032
258,0.09541618936591807,0.14916057502349206,0.00026481615984648405,0.7488040738832569,0.006354345567486587
259,0.051253346256177466,0.20494999657116927,0.0006264816171748244,0.7393658073406746,0.0038043682148037913
260,0.027609435794189004,0.23411650078268412,0.0008978388340595149,0.7336058864477546,0.003770338141312804
261,0.03815240131293545,0.1114644479018118,0.00035569999514946556,0.8442659236188295,0.005761527171273976
262,0.023382423079920386,0.12518397048571595,0.0007944513699070094,0.84818348577754,0.0024556692869166256
263,0.014107538806180769,0.0533954041961513,0.0003005448012833785,0.9299907248300219,0.0022057873663625938
264,0.01865739146598672,0.03654178140779121,0.00012395871323255464,0.9417514677511709,0.0029254006618186913
265,0.018908579686625456,0.04627516744068132,0.00023746278314702254,0.9316629982526766,0.002915791836869663
266,0.015342364652540933,0.04352673601661572,0.00021570401611380907,0.9386342129422222,0.0022809823725074983
267,0.010208592588077943,0.010494540103550325,2.896800618870032e-05,0.9774514809551311,0.0018164183470518516
268,0.007673669311902967,0.013770391642759254,7.564965654248817e-05,0.9771741232047725,0.0013061661840228643
269,0.007781961231998706,0.01880447026366776,7.486840455627779e-05,0.9720950238694691,0.0012436762303082243
270,0.009161063052239135,0.009342699260347271,3.511827548581196e-05,0.9800673500085554,0.0013937694033724344
271,0.00650584790143484,0.007094102438708049,1.2835634189206705e-05,0.9840715997696359,0.002315614256031966
272,0.008272384500830841,0.007831996983791676,3.570407392445632e-05,0.9828752989258132,0.000984615515639887
273,0.00922418583123813,0.01863151351931337,9.533436316040135e-05,0.9711191635075026,0.0009298027787854898
274,0.008019887749202027,0.007830373436412814,4.994120324504697e-05,0.9828346752029516,0.0012651224081885995
275,0.0036416234570868745,0.004162386060282387,3.2558153500246004e-05,0.9910637284100446,0.0010997039190859433
276,0.005953904175158236,0.009489877335194215,1.1702594733253514e-05,0.9815191196615194,0.003025396233394897
277,0.007359530619148267,0.016696423461077387,3.228318019535148e-05,0.9734730221373485,0.0024387406022305415
278,0.014370736732899483,0.017594394000757893,3.13736281892148e-05,0.9659989829553026,0.0020045126828508618
279,0.008633936324727148,0.005706294637874999,3.50874079078356e-05,0.9838239511429738,0.0018007304865162018
280,0.008441807295201088,0.009484124634898167,2.868264992273191e-05,0.9779006449381757,0.004144740481802174
281,0.005319583688351684,0.019510244056125142,6.491945773618848e-05,0.9743007303339447,0.0008045224638424197
282,0.006053294591730229,0.008095759512754737,3.104450332065109e-05,0.9841773226469389,0.0016425787452553728
283,0.003712018452378834,0.0026833785936720973,2.268830926929547e-05,0.9922864165533571,0.0012954980913225632
284,0.006618345104301705,0.0030266330592717125,2.0092825509686728e-05,0.9877491861119043,0.0025857428990125934
285,0.006258126029093978,0.004288098061896303,1.8615499257712436e-05,0.987957806276132,0.0014773541336201665
286,0.011211452890196347,0.012773044035337364,2.7393951156211163e-05,0.9739840628928493,0.002004046230460776
287,0.022226622644608195,0.00870298401697838,3.9247290843958955e-05,0.9661802300038488,0.0028509160437207052
288,0.01396565318679611,0.012746056165027744,6.056877965636485e-05,0.9708361226257287,0.0023915992427911413
289,0.008047693586665365,0.01576157587842362,0.00010813866746151011,0.975033304796988,0.0010492870704613571
290,0.0068613974727887855,0.007989319412308689,4.119160072767444e-05,0.9836449695329947,0.0014631219811799849
291,0.011318495968006903,0.018082732511681757,9.223050519685186e-05,0.9677854348431797,0.0027211061719348566
292,0.013766895354143448,0.028607883925179538,0.00013315761541463243,0.9529935140900617,0.004498549015200611
293,0.01957551462294469,0.013153369703098702,3.963773488259968e-05,0.9639724512881347,0.0032590266509393276
294,0.023908084390168758,0.022098228032167024,0.00013707021021423156,0.9506790154842066,0.0031776018832433677
295,0.01688369743723818,0.015200629788520891,6.618002235651305e-05,0.9659141184244576,0.0019353743274269403
296,0.017105172973783445,0.01050481896362793,5.3943043982115525e-05,0.9699651695736823,0.0023708954449241934
297,0.011215021107596219,0.039048300132425634,0.0001822139219769106,0.9477716914748008,0.001782773363200318
298,0.00980709943053397,0.015264812449765063,7.643557151228563e-05,0.9729346105484364,0.0019170419997521803
299,0.011683762258746365,0.0070858951893286734,3.085771255739807e-05,0.9786735001355561,0.00252598470381154
300,0.00958286556960816,0.008453047484743143,3.421149407199703e-05,0.9802780096189305,0.0016518658326461241
301,0.01521865587033249,0.010665058244892845,3.4410185401846894e-05,0.9719667936283152,0.0021150820710577173
302,0.016346573566917186,0.012334953037136952,3.420271225273413e-05,0.9694814667288549,0.0018028039548381692
303,0.020838461397911505,0.014469162062892976,7.402108449075412e-05,0.9627084180307767,0.0019099374239280216
304,0.015211195526479124,0.030782069193709734,9.16664086554394e-05,0.9523793008200145,0.0015357680511410563
305,0.021573883199382866,0.035826006095641405,0.00011666694339891176,0.9397916868709909,0.0026917568905859618
306,0.07767521767792603,0.045350098147832946,0.0003967006605976908,0.4332108282785165,0.4433671552351268
307,0.35758894860191204,0.04368612436820415,7.620423507291151e-05,0.5922752548307514,0.006373467964059546
308,0.38776468953695753,0.38195540968473785,0.0004416591797419601,0.22260143857086614,0.007236803027696555
309,0.3729165589972991,0.48480650127836833,0.000629521730660915,0.13517153907050958,0.006475878923162208
310,0.05150160189566246,0.41333873004406446,0.0015035692754927664,0.530797505705074,0.0028585930797062017
311,0.05700222569520826,0.46561782973768395,0.0010554586566488729,0.471427308370077,0.004897177540381866
312,0.04259310857510899,0.5183617826427274,0.0007761097331972785,0.43562522852568036,0.0026437705232860613
313,0.03834712405385375,0.7395565823072515,0.00138772938620998,0.21645402011415427,0.004254544138530421
314,0.06252274125628327,0.7942523900416681,0.0012480025973643691,0.13819702672176265,0.003779839382921722
315,0.2191999494768118,0.5789665917994412,0.0008960907511426281,0.18760625206299547,0.013331115909608731
316,0.062404872103588124,0.9087926218327866,0.0008113799007094697,0.024809444285481708,0.0031816818774339627
317,0.2873102150020412,0.6016196310689104,0.0009736298301626152,0.10322640964985133,0.006870114449034394
318,0.04948072735638476,0.9404529282595478,0.000843641242319454,0.008173736193688406,0.0010489669480595644
319,0.052712857074665546,0.9392381681389801,0.0018129675966718725,0.00502121221212782,0.0012147949775546843
320,0.023672916757135325,0.9585139566796749,0.008415042164904012,0.006762659774868483,0.0026354246234171308
321,0.019921298941038067,0.9554949318785672,0.011929933575277232,0.0076191902263530635,0.005034645378764237
322,0.019276640003296344,0.9577929524183575,0.015959419965228948,0.0027496173015234882,0.0042213703115938
323,0.015365978514578738,0.9615588943079486,0.01762296048615365,0.003406177511333866,0.002045989179985272
324,0.012350422301798822,0.9666521909152187,0.01725256083902353,0.001811285426551546,0.001933540517407526
325,0.003926276119433697,0.9397457324638653,0.05373397981897817,0.0011080080780102408,0.001486003519712537
326,0.017684642260960608,0.9562422274815051,0.02247455422762908,0.0019062469135231307,0.001692329116382022
327,0.004966112797631989,0.8924666776649388,0.09919431213522009,0.0009390997923774697,0.0024337976098314624
328,0.03678162193796211,0.9427671028867539,0.015371608867604457,0.0031655378371730023,0.0019141284705063303
329,0.0065747072745989885,0.9582251115275874,0.03296335907600621,0.0007713824136746733,0.0014654397081329468
330,0.01237506786987388,0.9263649022484594,0.057122102629835254,0.0018325537272128672,0.0023053735246188747
331,0.0065551520597850665,0.9171098697558814,0.07201070592577044,0.0024861059106938005,0.0018381663478692057
332,0.0039035819975962666,0.8365959551655154,0.1560589205988588,0.0013831624510033263,0.0020583797870262137
333,0.028701871075939234,0.9194412481194115,0.04344332436640939,0.003694740072295731,0.004718816365944311
334,0.06242557822093362,0.9057300942754053,0.014449165535683088,0.012852474106292883,0.004542687861685234
335,0.02395691175432407,0.9358779136590039,0.034310087173385996,0.0032756302362005043,0.0025794571770855813
336,0.015476999446053647,0.9107178285765957,0.06843917103150728,0.002774635845016803,0.0025913651008267163
337,0.04485470014114795,0.9146112154571154,0.027553780573596504,0.004346818669497495,0.008633485158642543
338,0.05406951642153767,0.9160439921672945,0.01992509121029968,0.0061070474776860305,0.0038543527231818366
339,0.08506888144171044,0.8725041427757183,0.02267432557984768,0.012550573768250802,0.007202076434472534
340,0.05059694276475871,0.9004649544680703,0.0332839917056333,0.006722677086159726,0.008931433975377923
341,0.021715100619276447,0.895411640258292,0.06770273969981577,0.009499153349232842,0.005671366073382795
342,0.39087475564700713,0.49338769748461997,0.0027268864292590597,0.020642272582131888,0.09236838785698198
343,0.30922214596961933,0.6602798768618237,0.0027290427404160563,0.010834330477023733,0.01693460395111714
344,0.19963996510457394,0.7816050969396275,0.004590679484830157,0.00999065906413172,0.0041735994068368126
345,0.29579035383805563,0.6501570085040882,0.0035319869439454166,0.009201935813867954,0.04131871490004274
346,0.3122073771369022,0.6466960361581966,0.0008739718119177986,0.026973557640259545,0.013249057252723883
347,0.2392853835884003,0.724039526830513,0.0022938975866606697,0.026610683901980403,0.007770508092445878
348,0.19006649417319502,0.783965806744691,0.003912715828352323,0.016117460291814382,0.005937522961947256
349,0.14917765658634266,0.8042510469208796,0.0030678302576088493,0.038197369646812175,0.005306096588356805
350,0.13199512665202964,0.8272018633107402,0.002693751313851088,0.030354984122460994,0.007754274600917954
351,0.23325425753681847,0.6879883137066097,0.0015418502881354656,0.06291920080012105,0.014296377668315347
352,0.14849059003211731,0.7969873295464438,0.0021461885139671317,0.04670510429061111,0.005670787616860699
353,0.09485958608253091,0.8742682246220385,0.0032873158836665647,0.021645038529993738,0.005939834881770472
354,0.16913949197512898,0.7873914496424119,0.0047668824166006984,0.028636412101766727,0.010065763864091587
355,0.10831686695300631,0.8348912927773535,0.003311637521559341,0.04778747402237728,0.005692728725703666
356,0.12019737605808521,0.8252475368380021,0.005450460570472967,0.041680316136473314,0.007424310396966521
357,0.055655514559367014,0.8956799448886643,0.010062589891284593,0.033591569455146075,0.005010381205538079
358,0.11592061227100134,0.8113014638498091,0.005142248066012255,0.061912360690133214,0.005723315123044115
359,0.052961390581962746,0.9193052152279101,0.005695302698207753,0.01719909663690603,0.0048389948550132955
360,0.07867138333462838,0.8852701202533042,0.010515911786164608,0.016808342525592185,0.008734242100310685
361,0.0585443557468308,0.9176419794325507,0.004906387078809915,0.01358851094120019,0.005318766800608444
362,0.04093080736588748,0.9246614143260568,0.02210882684963897,0.007781486178363346,0.004517465280053218
363,0.08764070195797616,0.8779838199128019,0.011186870057587086,0.016268482503951052,0.006920125567683808
364,0.09044437368506573,0.8861702184796189,0.00674679059614236,0.011403155825296725,0.005235461413876463
365,0.03441299309869492,0.9437012441792233,0.011949197145961056,0.004882089887089692,0.005054475689030895
366,0.03290333762117084,0.9529351792042852,0.007609995443637515,0.002603435010176275,0.003948052720730153
367,0.0750836038626274,0.9015158871117217,0.008526424100521315,0.006689959541236076,0.008184125383893473
368,0.09558047426598401,0.8749902036531052,0.015654255949210334,0.0055547775618430715,0.008220288569857239
369,0.12052741236204108,0.8534825012585424,0.014021368072311276,0.007262307264820023,0.004706411042284984
370,0.057041636758178776,0.8724725841351363,0.05136867551827877,0.006094267277229608,0.01302283631117671
371,0.06855545656396764,0.8973151924564733,0.012049936707116855,0.01461651351086353,0.007462900761578824
372,0.0621064076701349,0.8934903076942898,0.017054914662484617,0.016413605519248534,0.010934764453842078
373,0.08519581269361257,0.8052290866004178,0.016679068276465602,0.040649219070921463,0.05224681335858255
374,0.1626290104940634,0.3962642069646936,0.003945672027038883,0.010652529237732168,0.42650858127647195
