epoch,N1,N2,N3,R,W
0,0.0007928735897164525,0.0003076537778379428,8.450883938639167e-06,0.0007484036566430999,0.9981426180918638
1,0.0019718973947141375,0.0005179368969268188,2.940538783725674e-06,0.00022874288728286032,0.9972784822822925
2,0.021375401651029816,0.0015049519328264255,5.761551473828731e-06,0.0003926494530026507,0.9767212354116673
3,0.08486187802205913,0.0013976012288288398,7.360554853223101e-06,0.0006462396634240225,0.9130869205308347
4,0.045061803868886585,0.0007160093924994961,3.6181347868759654e-06,0.000678220824711647,0.9535403477791154
5,0.1116745406391257,0.0032036972555941176,2.1367701412186637e-05,0.002251798707713189,0.8828485956961548
6,0.29268417128989926,0.007927511812489088,4.1974844820960084e-05,0.01268599947062631,0.6866603425821644
7,0.01734440887610573,0.0023960784291270285,6.150674861405552e-06,0.00597782016961232,0.9742755418502935
8,0.5555868579297988,0.0817251176615078,5.245464842109103e-05,0.10994452387451738,0.2526910458857551
9,0.22956925725834007,0.4216954043684187,0.0021206870837609405,0.07167516447675297,0.27493948681272734
10,0.1470662715633068,0.047126839252250266,9.101313831631698e-05,0.19532730381746788,0.6103885722286587
11,0.14138731499483903,0.47911371027660543,0.0017468589382120486,0.2353178946139356,0.1424342211764079
12,0.19591677161007295,0.5032869433137882,0.0010713734477122779,0.09537496273863752,0.20434994888978902
13,0.02167730832824368,0.007711202705761178,1.6685107248875403e-05,0.010873460091600525,0.9597213437671458
14,0.07188791956291009,0.010195928102224538,2.1146812880802164e-05,0.04324988960556609,0.8746451159164184
15,0.20980227484933936,0.2143259266441997,0.0004973667394631121,0.017362223931321825,0.5580122078356761
16,0.44442396031557185,0.28977486386734974,0.00012130249617550385,0.022822175351937167,0.24285769796896567
17,0.240095347308159,0.05748396580173206,0.00018171065685412404,0.019776763080663444,0.6824622131525915
18,0.28913014744043647,0.5315997856475883,0.004075559604711004,0.033754257778124776,0.14144024952913944
19,0.13650700962704515,0.11228254721721433,0.00647696493639092,0.0070404950042762485,0.7376929832150734
20,0.3975141103147183,0.02915729586055167,0.00013503293523175008,0.018272693738481335,0.554920867151017
21,0.17919448540095526,0.5871068340566256,0.001415801722375272,0.021315820179571243,0.2109670586404726
22,0.0827345577360029,0.5808144735209884,0.01242898683259771,0.005439670209886137,0.3185823117005247
23,0.12371151712685265,0.07584003978724796,9.343638771421027e-05,0.035488388410408814,0.7648666182877764
24,0.06279514438165112,0.016037440587596843,6.797199649210785e-05,0.01917329897682376,0.9019261440574362
25,0.0030441084375608593,0.001301119310417879,1.0165045867929946e-05,0.001166080868261382,0.994478526337892
26,0.010997218512529137,0.0013078501747379244,7.030864391031384e-06,0.001194061042418333,0.9864938394059236
27,0.005888087265097108,0.0015321671048432821,2.0971658357771246e-05,0.00019201569035465267,0.9923667582813471
28,0.006051180162226427,0.000491122965614741,5.272493366164542e-06,0.0004190636509910043,0.9930333607278017
29,0.0057649123259757755,0.0005651593080777558,5.007595920871388e-06,0.00046336563789690395,0.9932015551321287
30,0.0010760379558450099,0.00034584966777620625,1.6629294097571283e-06,0.00016416146676183712,0.9984122879802072
31,0.045427923392283395,0.00824675217141585,6.033554025534406e-05,0.0003082627447314591,0.9459567261513139
32,0.001940778253136753,0.0008907058739299866,1.1669968940186105e-05,0.00019431991727982966,0.9969625259867131
33,0.0009669218724010734,0.00030123437367793175,1.7528940655780413e-06,0.00019223991694998182,0.9985378509429055
34,0.001345275565384446,0.0003415099688120147,1.080613622288993e-05,0.00039125099933554926,0.997911157330245
35,0.002088732673556715,0.001689187283219524,3.573712908213194e-05,0.00021646580642497567,0.9959698771077166
36,0.0018698217677895095,0.0004488793564277696,3.072862733900258e-06,0.0011484423010545857,0.9965297837119943
37,0.000544551989537003,0.00023681452238729207,1.3218477605541118e-06,0.000609380218217878,0.9986079314220974
38,0.0007027359200286116,0.00021513944458703409,8.980223393043043e-07,0.0004825346549569774,0.9985986919580881
39,0.010118155573152088,0.0012063515659732843,1.342171921198765e-05,0.0012063560716871133,0.9874557150699756
40,0.00151333554160993,0.0008840277740924155,1.0790081196888058e-05,0.00023804811963537857,0.9973537984834654
41,0.0018090663202195005,0.0012810557237343332,3.8191423755314146e-06,0.0005719725258291454,0.9963340862878415
42,0.0009238816477513214,0.0006227260598461981,1.1684265885547264e-05,0.0001336032112524359,0.9983081048152646
43,0.0013017485240116875,0.0006021992323365589,4.666961517676702e-06,0.0002042487262253738,0.9978871365559085
44,0.0009289251253218317,0.0005370865095302223,3.1693552591511917e-06,8.499671333418802e-05,0.9984458222965545
45,0.0025891477841515024,0.0007299650978123425,4.3088465503321485e-06,4.650211696394492e-05,0.9966300761545219
46,0.0009865578504561106,0.00040530930271394686,3.253815363867229e-06,7.520750164896259e-05,0.9985296715298172
47,0.00021986723869617706,0.00018736499526026798,2.284708000980844e-05,2.5320083881277346e-05,0.9995446006021526
48,0.0002523350531855636,0.00010128921990926567,1.337665210720503e-05,8.190725819285879e-05,0.9995510918166052
49,0.001129805678499324,0.00022507366158610342,2.215155779476571e-06,8.745434566020092e-05,0.9985554511584749
50,0.0005581272347625439,0.00023729362625134084,2.609145809237128e-06,7.68532649571201e-05,0.9991251167282197
51,0.00036078823946965544,0.0002072012641365294,1.3008089695731304e-06,8.655936263196507e-05,0.9993441503247923
52,0.0026259998585266386,0.0008506409646592561,4.136213707934557e-06,0.0002340652828476723,0.9962851576802586
53,0.0043997428043829855,0.000499312628231853,4.54129998949265e-06,0.00017307254592287144,0.9949233307214728
54,0.001163090358818173,0.00019386066476134752,1.7213047562179463e-06,0.00019195540007925388,0.998449372271585
55,0.0024012188081634226,0.0004830044543338296,4.91353803589161e-05,0.0001928677658948263,0.9968737735912488
56,0.0009710210080650197,0.00022038928054650086,4.2586978911559806e-05,0.00012047484359083542,0.998645527888886
57,0.000279859963465316,0.00017358472172622762,8.573721929004028e-06,2.756904794863057e-05,0.9995104125449309
58,0.00034130916973467145,0.00012291788360848925,1.4391799582266055e-06,0.0001693083664264561,0.9993650254002723
59,0.0009975571423668022,0.0003484979537951395,2.1637740020602514e-06,0.00015614730331442515,0.9984956338265215
60,0.0038229898282165164,0.0019336729602386525,1.6099130552154427e-05,0.0003469142140702543,0.9938803238669225
61,0.0013695435401994333,0.0004374379679462001,2.957250091589918e-06,0.00012416148007846463,0.9980658997616842
62,0.0040795069466234716,0.0021709349075898616,4.846690125694859e-05,0.00019158867276499432,0.9935095025717646
63,0.0022020167337470603,0.0007274864119483562,3.6517148894461143e-06,0.00012413043279564553,0.9969427147066194
64,0.0025926915277150893,0.0008657491595209853,1.5024005447817242e-05,0.0001156568759693495,0.9964108784313468
65,0.0004886732094428071,0.0005875796548516411,2.9084258288014665e-06,0.0001502375350979511,0.9987706011747788
66,0.001014456575270727,0.0010882769689014523,3.70873081368969e-05,0.00023666095704481113,0.9976235181906461
67,0.000678260046282288,0.00022820773035725747,7.4121802700480765e-06,0.00019295362845442104,0.998893166414636
68,0.001964178306923662,0.0007847737489001934,2.336113309286745e-05,0.000191667075394691,0.9970360197356887
69,0.0006623487479267323,0.0003137596843960807,6.948476494652604e-05,4.564165473170541e-05,0.998908765147999
70,0.0032466012899492165,0.0008836017772126876,9.847131180796209e-05,0.0002614390120474697,0.9955098866089825
71,0.001195351641056647,0.00016091752375555447,1.766332678192957e-06,2.7407822087849506e-05,0.9986145566804218
72,0.003102181619175411,0.0009644860334325336,4.556485480124715e-06,0.00011785058755896146,0.9958109252743529
73,0.0007067839378158087,0.00021326109358383823,2.087484577896604e-06,6.925767180328591e-05,0.9990086098122192
74,0.010514672897426101,0.0004393294049468353,4.21014330561743e-06,0.00014431936423621306,0.9888974681900853
75,0.04511536171152904,0.0012909934560198896,1.2309728233646424e-05,0.0002363873240952766,0.9533449477801221
76,0.0006349924914993452,0.00021183716138828908,0.00024065909906711538,4.4782927725732274e-05,0.9988677283203194
77,0.00010097244795084177,8.513374334955524e-05,1.4075472505491319e-05,1.7723311835486154e-05,0.9997820950243586
78,0.00037609707559520375,0.00023437178252006425,8.25954561745894e-06,5.955862385122686e-05,0.999321712972416
79,0.0012553264745313905,0.0007308194211118345,0.00018294209038680076,8.69337061053301e-05,0.9977439783078647
80,0.0005866796772507879,0.0007644956660701757,1.1804205240093423e-05,0.00010025685710627876,0.9985367635943327
81,0.00020616623529633068,0.0003946157319867088,2.243862841925658e-06,8.223474889938592e-05,0.9993147394209756
82,0.00011708629316012512,0.00022980281490018453,4.1463309281960966e-06,3.998536501521437e-05,0.9996089791959963
83,0.0017552344734769305,0.0013393483752546524,5.1219057479345345e-05,0.00011997358055334539,0.9967342245132358
84,0.000369258815242131,0.0003853038045257849,3.916578939773712e-05,1.3791991914709136e-05,0.9991924795989198
85,0.00035518106939485633,0.00029534785093868085,0.00011180632097783774,1.77576123304477e-05,0.9992199071463583
86,0.001261431220028095,0.000871295182247697,1.959411142519403e-05,3.711416771442734e-05,0.9978105653185846
87,0.0005438790104206297,0.00034840524986269345,2.3576855069100953e-05,4.3853547103318605e-06,0.9990797535299374
88,0.001179505313593316,0.00011771495343332135,1.686042483843893e-05,4.950015697082354e-06,0.9986809692924378
89,7.150462392110257e-05,7.829487061852616e-05,2.283615919858459e-06,9.99683501161893e-06,0.9998379200545289
90,0.00019695869710550573,0.00029104976172612953,7.017665212720561e-06,4.5528662228171844e-05,0.9994594452137275
91,0.0005052072089798033,0.0002109079311485789,1.0256661022062174e-05,2.7341037287261635e-05,0.9992462871615623
92,0.0012215955958416974,0.0006749572140850143,1.2231383078927932e-05,0.0001445712485893819,0.997946644558405
93,0.022210940789260433,0.0023913586936864743,1.879876254006827e-05,0.00032265400589181396,0.9750562477486212
94,0.0005963360552806345,0.0007608666641372966,3.505060913384982e-05,1.7226854329768737e-05,0.9985905198171183
95,0.000679094243107945,0.0008499082822211574,3.078138926108064e-05,3.0110841288105692e-05,0.9984101052441217
96,0.0014415701335456332,0.0004470359996798489,8.63493411403161e-06,4.835865392933433e-05,0.9980544002787312
97,0.0015801242325798107,0.0005577955347379318,2.5687001739124395e-05,8.775429597426247e-05,0.997748638934969
98,0.0010290890577881967,0.00044371125661075907,3.5493113251363837e-06,4.895206308289681e-05,0.998474698311193
99,0.0003801624851154375,0.0002994141902586986,1.1047604532743336e-06,2.2371522967926637e-05,0.9992969470412046
100,0.00016461908032860593,0.00015489957676281034,8.379771463078768e-06,5.527973064964433e-06,0.9996665735983805
101,0.0007968175217686152,0.0004490046653107634,4.744054361398376e-06,0.00011469291922958013,0.9986347408393296
102,0.0003146411894601362,7.258553303279227e-05,9.353874343163304e-05,2.8991556250481515e-05,0.9994902429778251
103,0.001469802358086489,0.0005260720061858604,1.8075628572547783e-06,0.00013698657174618376,0.9978653315011241
104,0.000248737188587544,5.908904573306632e-05,5.295909174663111e-06,2.1921699849056e-05,0.9996649561566557
105,0.0004526833685447943,0.00018840671958747805,1.6693812575484195e-06,9.13348555196071e-05,0.9992659056750905
106,0.005776625682017364,0.0006891865731177957,1.0216472288558704e-05,0.0001456771271369017,0.9933782941454393
107,0.001609630746452475,0.00022367981794094537,0.00011217634900384361,8.777029725812699e-05,0.9979667427893446
108,0.0003034890350585501,9.865460282050079e-05,7.814527333164458e-07,7.683447395838178e-05,0.9995202404354292
109,0.008858646627299087,0.0006601134399273483,2.9057475022456617e-06,0.0004162986541671017,0.9900620355311042
110,0.008969457789247728,0.0010329739769137237,4.155978176059138e-06,0.0007824293450025636,0.9892109829106599
111,0.007046107137890674,0.0006223122626395828,1.1433778085873518e-06,0.0010947597352742244,0.9912356774863871
112,0.00044189105484335786,0.0001463135562749111,0.0001385110408224984,0.00010499850452341895,0.9991682858435358
113,0.0014742630076270554,0.0005994758956086646,0.00024450568810912096,0.00045970780137653345,0.9972220476072787
114,0.22068404727724814,0.008824117394528003,3.195777284743747e-05,0.009090353434882197,0.7613695241204942
115,0.26089423942280476,0.013930509655988018,3.9047898223294484e-05,0.014781267744984535,0.7103549352779994
116,0.7851562770918766,0.07106246871230794,0.0004324292474260314,0.004975230748143195,0.13837359420024614
117,0.547805157045417,0.4112328061287001,0.0010036096848588332,0.02312130869668721,0.01683711844433681
118,0.3258384730094219,0.6390307074905014,0.0017514515717537563,0.019323309250692033,0.014056058677630847
119,0.21384354467581634,0.7525610274493381,0.0019057943402672776,0.02189027750011761,0.009799356034460732
120,0.08512648830842263,0.8809627582216594,0.0035287653189585264,0.02429666070997751,0.006085327440981964
121,0.07261313546971453,0.8904432047701822,0.01285426733209571,0.00973393372976841,0.01435545869823911
122,0.08340779986852961,0.8954907387780774,0.0027723042358288948,0.011427877255655307,0.0069012798619088
123,0.14419679353184015,0.8294780593019434,0.002591292449692832,0.013468547583163834,0.010265307133359622
124,0.05918254505822779,0.9197272575834866,0.009353303705700136,0.005484347107086049,0.00625254654549928
125,0.12478049854717846,0.8504780787188004,0.003033929201479382,0.011943006355384938,0.009764487177156866
126,0.04904570772899014,0.9261242193209883,0.012615941219441484,0.005663655010198399,0.006550476720381612
127,0.13635561543168892,0.8370769349137827,0.002854584559124924,0.01456519693049805,0.009147668164905549
128,0.051011816485599513,0.9230662700796002,0.009185525927659177,0.005210956015510649,0.011525431491630413
129,0.035137189999946174,0.9348736055606943,0.014688158252172826,0.003773637291748403,0.011527408895438322
130,0.041538147690137556,0.9273530865958789,0.015613321434972608,0.004605602666510991,0.01088984161249993
131,0.0282475533730108,0.9373425037932195,0.024516106272214254,0.003727902971584688,0.006165933589970522
132,0.022272015520985455,0.9555435469742972,0.014545451405467013,0.003046685491656629,0.004592300607593787
133,0.026035100854587538,0.9478849939588774,0.016493125325366325,0.002974148721705911,0.00661263113946272
134,0.0212156486433552,0.9236541008067405,0.046074451642428835,0.001562950056022835,0.007492848851452861
135,0.05606243179411392,0.9061647692053828,0.02813709390315458,0.003121862983954283,0.006513842113394186
136,0.01127838861209557,0.7669516401272888,0.21461206972870872,0.0012484657307724309,0.005909435801134449
137,0.010269339584511171,0.9539751321965817,0.03139828621555003,0.0006808597665775675,0.0036763822367796906
138,0.012640371945266663,0.950191752758047,0.029524364878869672,0.0008120166363686635,0.006831493781447983
139,0.016689759155244854,0.9395340794839696,0.03680640752989438,0.0013560025099979673,0.0056137513208930805
140,0.01040617268249332,0.8614139161860295,0.12252328780574141,0.00105048158588711,0.004606141739848687
141,0.0044614513072393615,0.7602908837046976,0.23046204043231164,0.0005435232940230675,0.004242101261728595
142,0.01711823931742583,0.7781527220549899,0.1997201154617087,0.0011247009225893348,0.00388422224328616
143,0.009530038076242255,0.8240847869841765,0.1610897918614854,0.0008155384640019862,0.004479844614093923
144,0.0034075796413921104,0.18989108871519547,0.8027242960035724,0.0006098089174769262,0.003367226722363092
145,0.013558037227722504,0.8811287205761037,0.09804224023936262,0.0025177181593176094,0.00475328379749375
146,0.008285508203246238,0.7938610692338693,0.1915369675042064,0.0025954060645530905,0.00372104899412495
147,0.046266511143285484,0.910259665768108,0.030900076572817403,0.00653722761232681,0.006036518903462181
148,0.007300603531855505,0.8627859316792618,0.12709167657654463,0.0006380967012982457,0.002183691511039785
149,0.007712519658819092,0.9137268622829529,0.07459757770643595,0.0014492265034289661,0.00251381384836322
150,0.018083271721484193,0.9282455180251749,0.04895346956219349,0.001336042007532403,0.0033816986836152823
151,0.006446590764755045,0.8181096555743876,0.17149009042086305,0.0007709450028406486,0.0031827182371535014
152,0.0044253822176571365,0.8408346471057535,0.15083314586616386,0.0005422561314429833,0.0033645686789822438
153,0.0055624779142439415,0.6458678075819351,0.34408684796618577,0.0007596952590971348,0.0037231712785380584
154,0.010716657684159223,0.7386464736224085,0.24611784412519222,0.0012932839755484254,0.0032257405926915963
155,0.004687538942370785,0.7323014417154219,0.25877813264928307,0.0009583523578340143,0.0032745343350900273
156,0.015338324065712568,0.8992846510260433,0.08087277874130425,0.0014904611586816366,0.003013785008258258
157,0.007231338544955177,0.8263783916010269,0.16344738957271307,0.000612622653208441,0.002330257628096431
158,0.004102190007906806,0.8403894663541196,0.15305138834533227,0.0005867306136740844,0.0018702246789673424
159,0.0052346376328437265,0.8493751032758888,0.1415922735271282,0.0006429296042440036,0.0031550559598952544
160,0.001898292042292065,0.7632279867532067,0.23218847609861462,0.00045132258691011435,0.0022339225189765173
161,0.0027138684814021143,0.7671858587901872,0.22766580892388558,0.0008748523527815821,0.001559611451743479
162,0.005612933134688659,0.9120590716300799,0.07866536991685866,0.001637962851742373,0.002024662466630382
163,0.005452606823895426,0.8747755997220391,0.11460786236842446,0.0025755071237889937,0.002588423961852138
164,0.0035728051282818093,0.6817239108818515,0.3114997470527487,0.0007894514349447401,0.0024140855021732278
165,0.004110492443320683,0.8318250570866355,0.16113132888090947,0.0010456893032957783,0.0018874322858384773
166,0.010657386568001925,0.9155098259588135,0.06953274733273541,0.0011372984315552387,0.003162741708893866
167,0.004449967973070772,0.8210516567804222,0.1712368622660378,0.0010551048521761444,0.00220640812829278
168,0.003613958202737368,0.8412687506749226,0.15162532743929297,0.0007036494945369556,0.002788314188510268
169,0.0026309243878248484,0.5626029665043781,0.4316897996631316,0.00022053827734763536,0.0028557711673176988
170,0.0023260324983947617,0.7381336884301428,0.2579212527021152,0.00036837814950355433,0.001250648219843594
171,0.0052886342456408076,0.7937211866693398,0.19677570135374237,0.0007514917188972466,0.003462986012379692
172,0.0018974385526348324,0.5910296768680211,0.40432858565630325,0.0004940930469139118,0.0022502058761267795
173,0.008732374754792951,0.9353932754562759,0.0517894991595147,0.0009167579316048239,0.00316809269781163
174,0.003599268611152792,0.7076117922325796,0.2838799569862299,0.00039037454922082797,0.004518607620817046
175,0.005105893360664243,0.8295411757827668,0.15951085229953685,0.0006629556888653694,0.005179122868166855
176,0.001593206881979658,0.3334753000306928,0.660025387707694,0.0002804033027276913,0.004625702076905996
177,0.005759394189920686,0.8244667256784115,0.16485759532090916,0.0009309633568079067,0.0039853214539507225
178,0.001507329236909812,0.6568067976413291,0.3396692476279917,0.00034248641248849917,0.0016741390812809633
179,0.010149026425061549,0.9453021864038229,0.03933915608733171,0.0020291829728245896,0.003180448110959434
180,0.007314272657371064,0.9179247683901718,0.07082354266486016,0.0016509136478094692,0.002286502639787534
181,0.0045511225939013035,0.8833480829971312,0.108494923684446,0.001558130975376551,0.002047739749144998
182,0.0033946485104483616,0.878425556341846,0.11490996514498715,0.0010611436777903163,0.002208686324928094
183,0.0025168915963599795,0.7193210163259921,0.2758376056777299,0.0006918185215950084,0.0016326678783230204
184,0.0033964704768419617,0.6422394206134329,0.3513249361139599,0.0009442670970440918,0.0020949056987210665
185,0.003476654131080325,0.8686919932161602,0.1255013128853659,0.0007465489544917331,0.0015834908129017204
186,0.003589098309320045,0.45730045009675396,0.5344079398057212,0.0010731262305863222,0.0036293855576183544
187,0.008154077555550672,0.8715872770205597,0.11184122815076261,0.003736101139747567,0.004681316133379551
188,0.0043106324119979505,0.6728965653117251,0.3156321901396553,0.0035664941836771723,0.0035941179529445327
189,0.004500139330951649,0.8067769807895369,0.18041292054396624,0.0038831920882243035,0.0044267672473207766
190,0.01089635773948459,0.7415883018874075,0.2331939046704299,0.006139125471851421,0.008182310230826528
191,0.0130582296973673,0.6166811563399487,0.3091281966612099,0.01081877358812192,0.05031364371335232
192,0.1104980841725869,0.43843857953658383,0.00380370606403221,0.021028417117530805,0.4262312131092662
193,0.12392331411896139,0.08820231264518745,0.0010976578889210183,0.051967007170918025,0.7348097081760121
194,0.008590883711823299,0.009629525640905752,0.001313025912048819,0.004122847822956362,0.9763437169122657
195,0.012111519009902517,0.0111116703080438,0.0008933935810631859,0.003105906585785713,0.9727775105152049
196,0.0014045272652357772,0.0017560465841778596,0.00036020905916178735,0.004663629997300447,0.9918155870941241
197,0.003050660524295938,0.001891500616869239,0.00018782751251564917,0.005763910965726328,0.989106100380593
198,0.016251596559390312,0.004098064247995748,8.079030089077832e-05,0.040421548637642364,0.9391480002540809
199,0.09965333085608279,0.011849941768578783,4.471070948545562e-05,0.09672943594829005,0.791722580717563
200,0.048287571939096406,0.021507901337543076,0.00013444001782964452,0.07600760638345451,0.8540624803220763
201,0.011406410070763356,0.010711398448693388,3.896849633969635e-05,0.04308611306460768,0.9347571099195959
202,0.013826338383395973,0.02566355523289433,0.0005917804797829936,0.02276465439376244,0.9371536715101643
203,0.10938370023762521,0.03036438265237164,4.3667957885965284e-05,0.022133489161528748,0.8380747599905883
204,0.37370464899389294,0.24052780036351343,0.00013236486815365234,0.09979614063019206,0.2858390451442479
205,0.03189233558618092,0.04603125464826684,6.658458290756851e-05,0.05941292002113702,0.8625969051615078
206,0.22488187294276926,0.08591286164091251,0.00010746203577131745,0.06640122670849918,0.6226965766720477
207,0.009004996928209583,0.0095749397420328,1.2341750798833924e-05,0.0460602054092732,0.9353475161696855
208,0.219200381550966,0.0641427784269139,0.00015494458860679307,0.18776769235259191,0.5287342030809214
209,0.03183202942977321,0.01836804513025519,0.0004020288628624207,0.0246483813742376,0.9247495152028716
210,0.01441112835518,0.009833504425845031,0.0001650892925154083,0.03389753886400967,0.9416927390624499
211,0.007202027397779766,0.0030858044794651656,0.000179416976651139,0.01134123379499282,0.9781915173511112
212,0.000739104137768439,0.00042424250410544973,0.00022395009096129183,0.001886859674086019,0.9967258435930788
213,0.0010858252524046286,0.0005287376920347152,0.00016769542512990772,0.0011471665787844937,0.9970705750516462
214,0.07163797608959853,0.020208643461634576,0.00021835619930928862,0.026644369071856674,0.8812906551776009
215,0.37789536630658305,0.03153541804717787,0.00022951919935376133,0.03771764631125033,0.5526220501356349
216,0.2870778450227979,0.09836921569543895,0.0005029899008762664,0.02215344224451601,0.591896507136371
217,0.00692298866260181,0.0025323233884804995,0.00048724894908312163,0.0010092323870258448,0.9890482066128087
218,0.005745107612465985,0.002279893191992508,5.74476108799381e-05,0.0012221635137682377,0.9906953880708933
219,0.000737700225117308,0.0005215956760960279,0.00011157753498930784,0.0002673510982335824,0.9983617754655638
220,0.0009829954720634946,0.002458417329182598,0.00011819888944458704,0.0017050338466665796,0.9947353544626428
221,0.007371664749636186,0.0031961033418482173,2.8254084908764157e-05,0.0011608861193155222,0.9882430917042913
222,0.04566477327948873,0.05769436393466553,0.0011783651493772645,0.02408562088481969,0.8713768767516488
223,0.012997330053700788,0.028383378099300895,0.002554081526183892,0.007528248332183437,0.9485369619886309
224,0.00488707250587813,0.009120451213875856,0.00036955180849778047,0.002677242253869323,0.9829456822178788
225,0.0017578219619633396,0.0029318882208858262,0.00018469670219444572,0.0018148221149961777,0.9933107709999601
226,0.0011673148260840252,0.000699433042280544,1.764566370507683e-05,0.0002888182537219364,0.9978267882142084
227,0.0004954106962624113,0.00031022944707614284,0.00016904256114807888,0.00017458975674036138,0.998850727538773
228,0.0018570626741738062,0.001751810318174774,6.978131257337608e-05,0.00040508593098486105,0.9959162597640931
229,0.022151550741953272,0.002351023078370512,8.390869919812721e-05,0.0014711586196717713,0.9739423588608063
230,0.005236191487580811,0.0010328088885211439,2.4425157708792515e-05,0.0009538312734097567,0.9927527431927796
231,0.014016033300303652,0.005711283178651113,1.6023425436711453e-05,0.013314902820475151,0.9669417572751334
232,0.011953673680676073,0.003437804317236538,2.385581152623996e-05,0.00618987026390412,0.978394795926657
233,0.001266459106247922,0.00027202411275465283,4.60019559498824e-05,0.0007764815341378432,0.9976390332909096
234,0.004796595280744849,0.0011066125196134602,7.372658574294137e-06,0.0015742788866748353,0.9925151406543926
235,0.08051403870804416,0.00507882282124888,9.899869823382983e-06,0.003568840110567498,0.9108283984903162
236,0.5398706498683298,0.33068671551793793,0.0006633963443194575,0.020575197046669935,0.10820404122274294
237,0.23493453107964765,0.7310050421541445,0.0003404752963534933,0.027999544729143625,0.005720406740710586
238,0.04880187097183541,0.9371010582653662,0.0025191525127474866,0.006270020575764816,0.00530789767428607
239,0.11568223670025282,0.8606194453401714,0.0018215725372010246,0.01892456137298174,0.002952184049393081
240,0.018433679339471883,0.9753385815305774,0.0016049647781705963,0.003005787206032043,0.0016169871457481083
241,0.13388124431368933,0.8397130508016539,0.00027891089264411823,0.01589854122572097,0.010228252766291666
242,0.050633620257782196,0.9422223922600954,0.0010861849900567046,0.0030846868292676286,0.0029731156627980032
243,0.08037999323099021,0.9123660465205317,0.0010558194856675079,0.001805520020814221,0.004392620741996326
244,0.01515541166524426,0.9739330933849877,0.00765313434302824,0.0013943735907914361,0.0018639870159484202
245,0.20238631837317392,0.7713202425852832,0.002533956345869506,0.016622358717324925,0.007137123978348621
246,0.09042119191483368,0.8881612706367725,0.002926349123503429,0.007835912667121211,0.010655275657769189
247,0.05880789638846613,0.9175014168044241,0.0049105266885554975,0.00907169086100348,0.009708469257550822
248,0.0472567302624996,0.9407372738671824,0.001631199786363905,0.0059358144320992194,0.004438981651854988
249,0.06606004026633196,0.9123005384268561,0.002070997738201667,0.014200943267668385,0.0053674803009417784
250,0.04486122694082884,0.9294175247818052,0.011004522255405772,0.010100535736807437,0.004616190285152829
251,0.1250521113502172,0.8536184168021879,0.0014736133910706669,0.011987075266191282,0.007868783190333078
252,0.05115766353780699,0.9351433782385128,0.0031020965943076998,0.0071307523983808515,0.003466109230991885
253,0.1600677391568262,0.8185527350372778,0.0016186371257383271,0.013623379665999935,0.006137509014157865
254,0.02214033218839381,0.9680327248928327,0.004777377981494163,0.00333822066683408,0.0017113442704455653
255,0.11245751454620728,0.867664406727272,0.0023996628095158622,0.011370739057408883,0.00610767685959606
256,0.06384366590881972,0.9198576612542014,0.004412837181618309,0.007102189318488134,0.0047836463368724665
257,0.0321954242213366,0.9542494607120334,0.005666156526507649,0.004184145452931311,0.0037048130871909055
258,0.059296338554366605,0.9248333220501747,0.00474500115209789,0.006683172260069438,0.004442165983291212
259,0.038943739659105754,0.9491702907936329,0.005281465896496646,0.0034725649368742458,0.0031319387138903755
260,0.020503371008500533,0.9652788168368179,0.00841077593572946,0.0035227731370147362,0.002284263081937398
261,0.02821810270241287,0.9565699955988888,0.007413130176216079,0.005258520585642661,0.002540250936839741
262,0.020194889746284535,0.9554208816420773,0.010582994757795375,0.010573340745767112,0.0032278931080756126
263,0.033422094232331064,0.9235550821266866,0.018141761413823385,0.021438986048223287,0.0034420761789355062
264,0.012797347803443103,0.8444258570196665,0.12469745787464287,0.015634295220763518,0.002445042081484005
265,0.046632333310761866,0.8942458534117431,0.031078619073651552,0.020209257114081534,0.007833937089761694
266,0.04218853259681119,0.8508684290690312,0.022509585381036878,0.050366572953049936,0.03406688000007075
267,0.07622145741638083,0.17625288568533626,0.0015874960537297985,0.0230782729198141,0.722859887924739
268,0.05464703401457879,0.04057667138380956,0.0006350249473614564,0.027308526048500124,0.87683274360575
269,0.015905777426045088,0.04231520481014939,0.0018057240675395402,0.03325714114445144,0.9067161525518145
270,0.05922330883057683,0.018519244982635512,3.665930579868215e-05,0.01749390755573233,0.9047268793252567
271,0.011051920980097718,0.01322360705998017,0.0005186955352394629,0.0110278039845037,0.9641779724401789
272,0.020971611425730934,0.006954124534984283,3.338079349721436e-05,0.024844563638083933,0.9471963196077036
273,0.017400510555682907,0.003454283211682199,8.413648349527902e-05,0.010116886483125575,0.9689441832660141
274,0.12419008336310595,0.007939000271232757,6.903018987538445e-05,0.053729645654656974,0.8140722405211289
275,0.07566864331849465,0.013117606381938976,0.0001917118388766654,0.06456462414052434,0.8464574143201653
276,0.055409848184837594,0.014796078053660015,0.0001650163365937518,0.049614765257484324,0.8800142921674243
277,0.008532391848698914,0.0019194562118489498,7.517223391004818e-05,0.004607041982732841,0.9848659377228092
278,0.00962604942364105,0.00673449768760296,0.0002463229802844565,0.006920582814818551,0.9764725470936529
279,0.0598746994980593,0.007853515531436041,3.825603314520306e-05,0.008000702673050272,0.9242328262643092
280,0.00798696169503585,0.0029258375434432844,1.388812981045132e-05,0.005065272811129306,0.9840080398205812
281,0.0034927028641374403,0.0009333188795784627,0.00016393092335604121,0.0012314263601122732,0.9941786209728158
282,0.001434795814339485,0.0008066275687292614,7.707634823896566e-06,0.0007500547869693004,0.9970008141951381
283,0.009726179231033564,0.002684666351196134,2.096553492190084e-05,0.0018021754962447118,0.9857660133866036
284,0.0004149024665766885,0.00024881176389823215,0.00012337074415959002,0.00032585724259339826,0.9988870577827721
285,0.00910180656124483,0.0036090867928639586,0.0002543467277691759,0.003562720867501071,0.9834720390506209
286,0.0005966584038563826,0.00036057634386958286,6.429429236982573e-05,0.000778527011240532,0.9981999439486636
287,0.0020673946295425983,0.0007377065673459634,1.60020483650833e-05,0.0005637572732343081,0.996615139481512
288,0.0027648151954916675,0.0008778632101825046,8.99310898526442e-06,0.002317263682720639,0.9940310648026199
289,0.0028144330508745458,0.0005910437369816434,9.15764178154296e-06,0.0006337384087035144,0.9959516271616587
290,0.004643899165159231,0.000890415397889526,1.3578140907980377e-05,0.006778859885277777,0.9876732474107655
291,0.004014286224456156,0.0009843533476871413,9.830386964679583e-06,0.00461216743754608,0.9903793626033459
292,0.0006114469956114424,0.0003979820469129008,0.0001663899373181472,0.0008236431612511463,0.9980005378589063
293,0.00029415667379819514,0.0001828157466227512,1.3030939543758167e-05,0.00020404183690390476,0.9993059548031313
294,0.00027864538953404245,0.0001778722363865006,2.166752246482109e-06,0.00020252550686628655,0.9993387901149666
295,0.0003137016305175341,0.00011238837543365428,2.5001733269946727e-06,0.00020416888203335856,0.9993672409386885
296,0.00038027299051876105,0.00012897842944385133,9.89212548002319e-07,9.628340296010007e-05,0.9993934759645293
297,0.0011632506691808796,0.0003924627348516163,2.365764107449125e-06,0.0003503621947237214,0.9980915586371364
298,0.0003681298832353481,0.00020795102714057503,3.050551594539811e-06,0.00019414992965262435,0.999226718608377
299,0.0001816452654320086,0.0003559501190531417,7.005898314678295e-06,9.526548859504839e-05,0.9993601332286052
300,0.0011651871482744958,0.0018934849305810308,0.000349382024642716,0.0021821748028935093,0.9944097710936083
301,0.0007534768066205287,0.0005602193883529221,1.8907206966745921e-06,0.000258280845085262,0.9984261322392447
302,0.0006583556993499103,8.856347445924095e-05,1.1774903219230622e-07,0.0001948137608235056,0.9990581493163351
303,0.0004030258715326336,0.00012905266008643868,1.4587064857822526e-07,8.549072227371909e-05,0.9993822848754585
304,0.00047169185692166285,0.00023635071255373411,5.300200988787307e-06,7.871765610573261e-05,0.99920793957343
305,0.0014845201448583556,0.0007198511693599875,1.0200525035706029e-05,0.00010862849601580665,0.9976767996647302
306,0.00028180745113614154,0.00021684174162985706,3.3920215057537787e-06,8.228284950152237e-05,0.9994156759362266
307,0.001355194126417532,0.0012325426832013578,1.1660950849286848e-05,0.0002136627434779439,0.9971869394960539
308,0.0010281032134425837,0.0004278699900372814,1.5240840634598698e-05,0.0006020614524698481,0.9979267245034157
309,0.0020708887968777607,0.001035488360640339,6.63608652323602e-05,0.0005496263605769576,0.9962776356166726
310,0.006014214408470527,0.003573304443171572,2.7787956066995514e-05,0.0005871482063942245,0.9897975449858968
311,0.0006188163359136077,0.0012608221323559625,2.9816455606280324e-05,0.0002613480896856886,0.9978291969864385
312,0.0021574556123944134,0.0020395042070189637,9.431851636135597e-06,0.0001398452358954328,0.995653763093055
313,0.0022448511204767136,0.0007781474455615863,1.6238261299534343e-05,0.0001656311407766941,0.9967951320318855
314,0.0007112095547682276,0.0004023574383529149,3.802896611716161e-05,0.00016936641318870922,0.998679037627573
315,0.0029012379150285014,0.0013918912599010912,0.0041748985642891655,0.00024264512438132275,0.9912893271364
316,0.00045053062921443623,0.00015888316034943554,1.9497562553345866e-05,0.00018296062528435107,0.9991881280225985
317,0.0005221010202861522,0.0001237587353449477,9.886422565322836e-06,0.0001657683113681399,0.9991784855104354
318,0.005788830565726772,0.0015720927863662581,2.4345741084934635e-05,0.0007674125414547981,0.9918473183653673
319,0.3333779106323834,0.018891083081529963,0.0003150926462597736,0.0041957350431440915,0.6432201785966828
320,0.8296769445005016,0.057738669132250765,0.00013732215305823964,0.007906693414932978,0.10454037079925652
321,0.5139647664162862,0.453964720728233,0.00040040184388473774,0.018473898452884455,0.013196212558711567
322,0.15005187007102197,0.7864478641986323,0.0003468617632934942,0.05737664007061593,0.005776763896436432
323,0.12026289169059952,0.43005864525825804,0.0003526959823924702,0.43803200110552865,0.011293765963221385
324,0.04682868828965962,0.5094810203292959,0.00019483100709081022,0.4361316683319279,0.007363792042025869
325,0.06237456499252379,0.15668778879481854,0.00029010543218649875,0.76489545191918,0.015752088861291178
326,0.09701549419846688,0.26003838919460354,0.000316294516000062,0.6317845622423846,0.010845259848544942
327,0.06590739516402117,0.38579864471038317,0.0011626653018521778,0.535501462840349,0.011629831983394515
328,0.030312635103656713,0.12960127856756887,0.00019185623106894877,0.8351427154211143,0.0047515146765912146
329,0.014221956152913722,0.044134572303131454,0.0010418960724687064,0.9357667951472987,0.004834780324187411
330,0.009507490013781518,0.007596021016392424,0.0001855672505783261,0.9775792427260411,0.005131678993206539
331,0.012959881478103475,0.009699693252360564,0.00040375716828318684,0.9618528473469007,0.015083820754352061
332,0.014223920281743806,0.005162714813091975,0.0005434985335049104,0.9377495853165073,0.042320281055151836
333,0.02613600789833472,0.005831281877226442,0.00019417072408543884,0.9125740934304168,0.05526444606993644
334,0.04765399720389787,0.013107114924062007,0.00045909555931204017,0.844316281487856,0.09446351082487218
335,0.012620208852765805,0.005226666665218753,0.0002832187598566382,0.9567457163558316,0.02512418936632736
336,0.04024769884124191,0.02112123420106056,0.0007338306517549933,0.872650055613411,0.06524718069253137
337,0.04581983776556166,0.010900292910096102,0.0014284636130142802,0.8930116577359539,0.048839747975373986
338,0.035401897595331334,0.005246988136952628,0.0008354585584813408,0.910232830918138,0.04828282479109674
339,0.02353440371464157,0.008547617444792162,0.0002252402442345629,0.9285248410928771,0.03916789750345477
340,0.012757930163425975,0.0029466745713833944,0.00016111443520007524,0.9603621471852237,0.023772133644766744
341,0.030335506433132806,0.0038565896516562647,0.0004062274564444869,0.9267902259360205,0.03861145052274586
342,0.01962424952694717,0.005310978013371192,0.0003249436763575376,0.9564946298461742,0.01824519893714978
343,0.028323412747866674,0.006876893841724634,0.0003181655441184635,0.9088479467648443,0.05563358110144592
344,0.02854783574662386,0.011746498189299457,9.326033041925818e-05,0.9364718054578848,0.02314060027577272
345,0.022513736791236673,0.00989243978622486,4.614843319106115e-05,0.9045911293368921,0.06295654565245534
346,0.016874689061607516,0.00859841926095863,1.82146577037355e-05,0.9519543936109116,0.022554283408818352
347,0.03314851894858792,0.009625744632166684,5.321449218235168e-05,0.9315780865911732,0.025594435335889888
348,0.04266986092512832,0.021620370195428187,6.151007879300566e-05,0.9074543229503808,0.02819393585026963
349,0.04559738991013316,0.023098865037530697,5.6516912649086674e-05,0.9127936796061867,0.018453548533500244
350,0.02942968588402567,0.016808444459874068,5.9260950704254455e-05,0.9324902413758412,0.021212367329554692
351,0.0481828783538268,0.015163459595216472,0.00020744394044800072,0.8943924735960194,0.042053744514489316
352,0.0465102821341033,0.029659113541774175,0.00019857111364304285,0.9032951123738858,0.020336920836593553
353,0.02665817167165413,0.015139842255585892,0.00010180802042372174,0.9387809950447195,0.019319183007616734
354,0.04453599570727312,0.027479928378567643,0.00013257696366034453,0.8778942529740645,0.0499572459764343
355,0.013160269338259815,0.012706498524392146,3.568355620068176e-05,0.9533295537815186,0.020767994799628518
356,0.01622483336394171,0.014118652446799235,4.548877377269983e-05,0.9364689763887739,0.033142049026712375
357,0.014112476951296714,0.011423230789135866,2.225414297364239e-05,0.9660861719489643,0.008355866167629431
358,0.022671531317683836,0.023992429345829246,4.967915711598533e-05,0.9375885915644399,0.01569776861493111
359,0.014287531998432699,0.01085478781339046,3.912051115056698e-05,0.9540584454514167,0.020760114225609513
360,0.011305517344630651,0.011087351742719624,2.6097686666645363e-05,0.9466377834804504,0.030943249745532617
361,0.014686434717038108,0.009398253906439212,2.7837885969952565e-05,0.9683466955414001,0.007540777949152726
362,0.02926410020151137,0.01381902805661563,3.2745141746491415e-05,0.9218708907095443,0.03501323589058227
363,0.059660192880782274,0.04825614822238834,5.515318279763925e-05,0.874504717208686,0.017523788505345868
364,0.047469548879035636,0.042406884557486244,9.066841615708588e-05,0.8885019960023538,0.0215309021449673
365,0.021619117315737516,0.026438439137515805,1.4169606646203565e-05,0.9336096178935644,0.018318656046535934
366,0.01328938582373876,0.012185492013025222,4.528636299581656e-05,0.8855778234569742,0.08890201234326586
367,0.05293081633401735,0.02278402819351171,3.134919203025482e-05,0.9040543580895418,0.020199448190898864
368,0.0375688327640664,0.04041762137269136,0.00014368051847919996,0.9015406740591804,0.02032919128558262
