epoch,N1,N2,N3,R,W
0,0.027916896293071005,0.00042325899101034326,1.4250057330244425e-06,0.0004357178786648232,0.9712227018315208
1,0.020970731734722282,0.00037287892743286774,6.251884528939371e-07,0.0002704364757961479,0.9783853276735959
2,0.012760066837847863,0.00015701483715701743,8.055915724422836e-07,0.0002047135833782678,0.9868773991500445
3,0.0009845938045034389,0.00019233355636599574,9.578851029973615e-07,3.6742881693299976e-05,0.9987853718723343
4,0.03152004969725372,0.0005629449455368426,6.500808914902996e-06,0.00018408305375552895,0.9677264214945391
5,0.0033413854618752556,0.00011287376028219758,1.1389689025978688e-06,0.00012714629035985258,0.99641745551858
6,0.1623918075933163,0.0037502546860722977,3.5042894662773465e-05,0.0010923176629682135,0.8327305771629804
7,0.2370390312166087,0.01609187352266115,1.8046901245285814e-05,0.007098191426259904,0.739752856933225
8,5.623357529334951e-05,6.375425244948593e-05,1.09969498376888e-05,1.1445098381170382e-05,0.9998575701240383
9,0.0021332654078303954,0.00010445702747972469,3.889726896874184e-06,0.00012098288426497564,0.9976374049535282
10,0.05831241682001755,0.0020613084403412253,1.5048510401996034e-05,0.001023070492409025,0.9385881557368301
11,0.0013448927119871985,0.00040409428117884645,5.845406537013768e-06,8.948670194758009e-05,0.9981556808983493
12,0.0012897763712448852,0.00021289816651856832,2.5634691972037826e-06,0.00019011416157079268,0.9983046478314686
13,0.0008437491130981427,0.00012338932348774295,2.718229893399242e-06,8.868538212422274e-05,0.9989414579513965
14,0.16297154094625532,0.005681408033951651,2.390293006280673e-05,0.0024152546341916752,0.8289078934555385
15,0.13147117157438465,0.01820246323639428,1.634478942196719e-05,0.0055760941186878375,0.8447339262811113
16,0.0010297014514018565,0.0006580410341302857,2.4310534847860417e-05,5.89437047604787e-05,0.9982290032748595
17,0.001718685762703416,0.0002183720657604423,6.444135674900299e-06,3.2800495992702365e-05,0.9980236975398686
18,0.041922006196002164,0.001960672696136075,1.0007605652435695e-05,0.0007565636610230953,0.9553507498411863
19,0.47976440461733605,0.03869259028447853,3.799501454827817e-05,0.01075346324214619,0.4707515468414911
20,0.27388747666572744,0.43132731609555924,0.0008749736821008773,0.019023298974821978,0.2748869345817905
21,0.18836777825488127,0.644131849699072,0.0004218576307650498,0.03784601771488864,0.12923249670039313
22,0.04759764350422257,0.8147211330680683,0.0013021575695069652,0.008674199802816087,0.1277048660553861
23,0.15940099998659352,0.34057870015348685,0.0009356307747300098,0.007653035575277604,0.49143163350991204
24,0.18282408858593405,0.7684952054345942,0.00040297369794862445,0.0039629976343353475,0.044314734647187895
25,0.08202715772494196,0.8759972284606028,0.0015801234646487328,0.001758234239391081,0.03863725611041544
26,0.12062897891846679,0.8201046577336565,0.0002778782598825836,0.004199110580359625,0.05478937450763458
27,0.04603637389843433,0.9160010688606783,0.0028238973275908053,0.003052823182346207,0.03208583673095008
28,0.04795245198246467,0.8929802708978573,0.0018818856576589419,0.005098968173173535,0.05208642328884576
29,0.07705078606474401,0.8497281005835365,0.005524456077602069,0.006995963461628484,0.060700693812488986
30,0.01462619283901855,0.9487763812652639,0.015120141549128906,0.002578949060563289,0.018898335286025487
31,0.011772041000985362,0.8900573243534428,0.06874929263739227,0.001516647225114986,0.02790469478306472
32,0.016876551271074833,0.8121125550488077,0.0962514434970193,0.0028917616065723367,0.07186768857652566
33,0.005315806675163205,0.8969439184986951,0.08655858533863178,0.0013033354759604831,0.009878354011549375
34,0.011931261610529917,0.9017794244627282,0.049923181460691225,0.0019524132181953633,0.034413719247855176
35,0.0037322892921421535,0.7081666492674601,0.27600370174266564,0.0003134655062666901,0.011783894191465413
36,0.004117741690159774,0.46653342730372144,0.5013500075860956,0.00012481428714909663,0.02787400913287404
37,0.002352551123478944,0.33027238536445025,0.6582233792645796,7.222125415003645e-05,0.009079462993341147
38,0.004488811893889931,0.21183488669017056,0.7764844425051064,0.00013260347106299546,0.007059255439770112
39,0.001878000351548845,0.3769485020294526,0.6112283653450709,0.00011411324458426645,0.009831019029343389
40,0.00110785223724488,0.07163386864758352,0.9243100450495421,5.547909443237108e-05,0.002892754971197162
41,0.0004861881739505408,0.054367835242954514,0.9416712798998597,2.9919805087827818e-05,0.003444776878147295
42,0.0008994323453461531,0.10221250896932654,0.8937194971819853,2.9319788358066418e-05,0.0031392417149840256
43,0.0003724999832029185,0.06472441292123364,0.9321342423477883,2.559495644576756e-05,0.00274324979132933
44,0.0005083450991810261,0.04322765022452047,0.953775585686341,3.2100188638841426e-05,0.0024563188013187786
45,0.00042789586049024115,0.033607424194350886,0.963936718379987,1.5974197578459097e-05,0.0020119873675934793
46,0.00033826580898484545,0.05980522641604482,0.9354338454312332,2.088790090652466e-05,0.00440177444283063
47,0.0003132775326164506,0.04357465804249975,0.9524428239806161,1.12299951114512e-05,0.003658010449156376
48,0.00024905815938635093,0.023634670575348175,0.973575156134972,9.531672643466495e-06,0.0025315834576501496
49,0.00011104499519630632,0.014604368484120778,0.9842755984626347,6.215959541658616e-06,0.00100277209850668
50,7.071460811106514e-05,0.02023933993545371,0.9780480309631936,5.7221659838354176e-06,0.0016361923272578786
51,0.00011321233673905531,0.013164599114498741,0.9857544413918249,5.8244781343263715e-06,0.0009619226788030142
52,0.00010352441442742122,0.012684071994927427,0.9857565249660198,5.110445998611615e-06,0.0014507681786264362
53,0.0002014107780673319,0.031705473933320294,0.965985811682776,5.789744158321567e-06,0.002101513861678066
54,0.00012675718993686186,0.018898026573938183,0.9798112653380632,3.635575296112364e-06,0.0011603153227657808
55,7.654022882004074e-05,0.012905707662754867,0.9865923615661342,2.691097188342003e-06,0.0004226994451025181
56,0.0001283889461767454,0.01642238069197458,0.9826830747069948,5.269635376493642e-06,0.0007608860194771735
57,0.0003370447275142584,0.041918788143546715,0.9557162739723672,9.743434082739529e-06,0.0020181497224891027
58,0.00017904566944256396,0.01787115897560901,0.9809875249780323,5.1904435062528685e-06,0.0009570799334099541
59,0.00040112794411134106,0.05999926586816607,0.9360945760041066,1.519758731998739e-05,0.0034898325962959605
60,0.0004937623142757232,0.056762659729029705,0.9389572766171601,3.109099332853175e-05,0.003755210346205742
61,0.0005854642050766102,0.02893163872681748,0.9670417851332491,4.462849128254914e-05,0.0033964834435741545
62,0.0016386512794516657,0.15384353616312546,0.8329532038488464,0.00022257032136819337,0.011342038387208252
63,0.0014040984527107692,0.0440296163724178,0.9499956169781852,0.0001457747881943486,0.004424893408491806
64,0.05884438683842517,0.19391546041432148,0.17745114558371164,0.0019467677509196924,0.567842239412622
65,0.1618507971205458,0.7885432492560307,0.020383024743006465,0.0018290755198025598,0.027393853360614513
66,0.028379323260278616,0.7453895211950136,0.2147519776047914,0.0003328082579304647,0.011146369681985808
67,0.016758641921598334,0.6353830443179324,0.33930146945770956,0.00011720565399251554,0.008439638648767274
68,0.0025999237213387588,0.5248182136516538,0.46455185730013165,9.403160877163919e-05,0.007935973718104061
69,0.0008859832602641284,0.13051237230365126,0.8665609552134689,9.52654862618177e-05,0.0019454237363540918
70,0.0012307357269751113,0.3575604886793699,0.6365020033922828,0.00012681500961849527,0.004579957191753702
71,0.00022547053528754237,0.1134316121122298,0.8851426494330239,5.971893225554693e-05,0.0011405489872031496
72,0.0010936873488609832,0.16035169227534754,0.8343359000526577,0.00011119245914438052,0.004107527863989566
73,0.0007372441840798955,0.13269752467205798,0.8632723876731891,5.6980589535635946e-05,0.0032358628811372677
74,0.00038581206906379773,0.04090403494827376,0.9566863407254057,2.4766894532235804e-05,0.001999045362724368
75,0.0003869046266207789,0.10348021992712303,0.8930218046273187,3.535068923641484e-05,0.0030757201297009723
76,0.00026959828095543374,0.03851493881241206,0.9596084399955042,3.139056702163823e-05,0.0015756323441067082
77,0.00016231295810678015,0.04280942567542284,0.9555998515350373,1.5137117493238528e-05,0.0014132727139396929
78,0.00039834113134371745,0.09978416155800593,0.8973936867095326,3.396423832637084e-05,0.0023898463627914906
79,0.00014748535580656172,0.01596853429864646,0.983206061404263,1.6194086064409557e-05,0.0006617248552197231
80,0.00019326916797981374,0.024423323434376455,0.9740143695011866,1.0959643826128046e-05,0.0013580782526311644
81,0.00016785403196852816,0.024321484787493533,0.9744528575483051,1.0485336005720337e-05,0.0010473182962268059
82,8.11393526859549e-05,0.012960327382525479,0.9862925774110322,9.091227442153017e-06,0.0006568646263144287
83,6.776658337131835e-05,0.008258457721298488,0.9909259997941043,6.761329692236643e-06,0.0007410145715336253
84,0.00028006094625651016,0.042502946328229416,0.955340230428734,1.2929093487980108e-05,0.0018638332032920168
85,0.00015421356358295615,0.01129209323683191,0.9877149027146566,9.531824120371755e-06,0.0008292586608082609
86,0.00018111835197106178,0.018740038861000417,0.979597856254025,1.4846628815104314e-05,0.001466139904188327
87,0.00020786469023516388,0.020505188736469598,0.9778449378219174,1.2621581359615975e-05,0.0014293871700183389
88,0.00029167109148130617,0.02467691205609866,0.973980469044663,1.3615461250141467e-05,0.0010373323465070637
89,0.00023155376527579354,0.013611525691981485,0.9843529277435006,1.7481216449172456e-05,0.0017865115827929432
90,0.0002038845771377535,0.02478945179478781,0.9734289418719035,3.2174939581473355e-05,0.0015455468165895836
91,0.0010329338219508008,0.05642312746421377,0.93952704794532,9.095985620054243e-05,0.002925930912314886
92,0.00025953576577772923,0.019478672259504937,0.9784686544375202,5.056603402066151e-05,0.0017425715031765352
93,0.00013972643852486292,0.014319107072102934,0.984742404782763,2.090861032170535e-05,0.0007778530962873605
94,0.00010664220625852782,0.014997456980483654,0.9841871575111569,9.808638235203807e-06,0.0006989346638656785
95,6.77344934373467e-05,0.008170942428097233,0.9913129343152264,9.116026433423288e-06,0.00043927273680545784
96,8.194559294791005e-05,0.01397253724123773,0.985412996581631,4.020516338442965e-06,0.000528500067844809
97,0.0002790841980606663,0.06268503142307957,0.9357185263341067,2.1292145043105736e-05,0.001296065899710097
98,0.00012531551841147215,0.009893616343911086,0.9894101321204528,6.190835680353368e-06,0.0005647451815443454
99,0.00011992094999811437,0.028992011423386865,0.9700188384032997,9.27699302989889e-06,0.0008599522302854886
100,0.000230548864076824,0.022510614164832077,0.9762390681730088,1.478968513363396e-05,0.001004979112948677
101,0.00019091822380791143,0.015723857192425614,0.9833135100543399,8.506532100578962e-06,0.000763207997326089
102,0.00015461147123508614,0.009348428840691314,0.9894334041602443,1.0593886524647609e-05,0.0010529616413046626
103,0.00031828898209150915,0.035285850087726625,0.9635046570177282,1.261883349263655e-05,0.0008785850789611239
104,0.00040249181161082476,0.03023614287397618,0.9681434120685823,1.6678186580695625e-05,0.0012012750592498452
105,0.00039335509682052205,0.016462926509607675,0.9808665765950013,5.7318808096333646e-05,0.0022198229904743117
106,0.0005039283571826477,0.03671961385381267,0.9605020331664103,0.0001325567024268867,0.0021418679201674726
107,0.0006781182267425801,0.05121075798066129,0.9449402097458107,0.0002689058286202776,0.0029020082181650743
108,0.0010799041206696145,0.03899211485886333,0.9568099901667281,0.0003164377496146395,0.0028015531041243364
109,0.0008565975657399635,0.031688348039676885,0.9614688744123161,0.00036363368392353736,0.0056225462983434515
110,0.0028420755308189573,0.06933217612182387,0.916418899385691,0.00039472041735139307,0.011012128544314593
111,0.004455364132440721,0.019891834803212646,0.031656859760584084,0.0009601868226914164,0.9430357544810712
112,0.011130597892978957,0.009961079319608187,0.0009707386404506518,0.0014571437744773986,0.9764804403724847
113,0.00314088393112606,0.0015370489980168522,0.0002224744881860551,0.00017104185089270073,0.9949285507317782
114,0.29789547929017596,0.009146195774087793,3.324946760863156e-05,0.0007263200981459211,0.6921987553699818
115,0.10558638784653217,0.07187457408076799,0.0007827597975981168,0.000483163297302054,0.8212731149777998
116,0.280517909653149,0.20107560903790375,0.002060668017190526,0.0013828125115703574,0.5149630007801864
117,0.005608599097735206,0.006023048185003029,0.000842090330329879,0.00030801607042811943,0.9872182463165038
118,0.0005707015195573204,0.0008568789305706857,6.419805872142686e-05,3.765670256397541e-05,0.9984705647885865
119,0.0027013973320250168,0.002160438887425102,1.564430933839545e-05,3.143350782826385e-05,0.9950910859633832
120,0.0002901381221005376,0.0006113612802929521,2.3161683574500326e-05,1.2087162429166722e-05,0.9990632517516028
121,0.0003471157993241305,0.0005177868103919597,2.393408580527205e-06,7.753571385776786e-06,0.9991249504103176
122,0.0008934525640082588,0.0005933243343730807,2.2023443057993956e-06,2.288692367532845e-05,0.9984881338336377
123,0.000928813014092688,0.0007793591112395256,2.912409151696153e-06,2.6956793482039572e-05,0.9982619586720342
124,0.0004595628827418806,0.00033714659877265117,1.452283104564487e-06,1.892806697967335e-05,0.9991829101684012
125,0.0009258374249396519,0.0003867920391313713,1.63773575913705e-06,2.7461475232439403e-05,0.9986582713249375
126,0.0137255287208787,0.0021544255749630613,5.129391407041753e-05,7.816241985128364e-05,0.9839905893702364
127,0.23756679247040072,0.01653294437522011,5.8326763218157094e-05,0.03943195403114018,0.7064099823600208
128,0.6784076211635716,0.024213267527718758,4.282818067090112e-05,0.01430807621847026,0.28302820690956837
129,0.2553682271288216,0.20968250196633884,0.00015294519556168556,0.24431519335786034,0.2904811323514176
130,0.1914743229803564,0.22536528555046922,7.450410697086561e-05,0.14528679294266097,0.43779909441954246
131,0.08875488737742994,0.436142183774247,0.0003711655689234623,0.3333853265026186,0.14134643677678108
132,0.1545531288037657,0.1620941665237216,0.0001384354660265876,0.10930753656967422,0.5739067326368119
133,0.38328659899950085,0.32756407119885644,0.0004220163890559225,0.27190548014632715,0.01682183326625971
134,0.06658699774971248,0.9026362781512733,0.0007103777123701219,0.024821044244639844,0.005245302142004227
135,0.13123074164410245,0.8022074656079125,0.0003243619904816662,0.055129551893624965,0.011107878863878293
136,0.02704269957177329,0.9486952702468707,0.0006294301016526385,0.0191943461574062,0.004438253922297026
137,0.039373962880895966,0.9355168205958567,0.0014839242342815028,0.017918673271543253,0.005706619017422636
138,0.10933176698753438,0.8355618556526498,0.0009033071242483153,0.04650031344059071,0.007702756794976574
139,0.01059954626527778,0.9676491725583821,0.016428401524203523,0.0039032938513209807,0.0014195858008155585
140,0.014291833512506211,0.9703348684568907,0.0021085082612794376,0.008236819998619227,0.005027969770704852
141,0.022895394119992175,0.9579020044262324,0.0035940705421351293,0.01157884062293385,0.0040296902887067
142,0.0026575900087933853,0.9447920112412103,0.04822314025228718,0.002899242863194303,0.0014280156345150578
143,0.0215594388175775,0.9573023930288217,0.0033674421827253826,0.013002540233182876,0.004768185737692592
144,0.217877728694653,0.722236781494959,0.0008334354610533106,0.020987312561025765,0.03806474178830889
145,0.04768186150109805,0.9413158662101979,0.001835336008662582,0.005801795738255023,0.0033651405417865093
146,0.02339789777703324,0.9648196322999024,0.006120488970522728,0.001998430452962606,0.003663550499578723
147,0.11633645125664846,0.8630806568109715,0.0025608116189862647,0.009724314298928468,0.008297766014465354
148,0.014697392314123765,0.9725676800635827,0.005520409696602803,0.003968488379584162,0.003246029546106824
149,0.00589990005415821,0.9032782849317107,0.08524697398976563,0.0025205083245319554,0.003054332699833555
150,0.052561196467278616,0.8985387805752278,0.0016303196364184347,0.041491491850003843,0.005778211471071194
151,0.013829069263143277,0.9684026088440372,0.0023097693490337985,0.01168531331737442,0.003773239226411456
152,0.013482513992315958,0.9686624858734181,0.005256696259227271,0.009605187007635279,0.0029931168674031264
153,0.03444449642972615,0.9282839209622258,0.004187366436457442,0.02798312689370109,0.005101089277889532
154,0.09483432783465194,0.8343470031988227,0.004234528583968782,0.04376269880804934,0.022821441574507294
155,0.011950111896234876,0.9582559783509988,0.004447238576944323,0.02200592588620194,0.0033407452896199266
156,0.023571948034697622,0.9414727978148744,0.00278609793305725,0.02585152624155502,0.006317629975815743
157,0.117334423343283,0.7147578696949692,0.0022269722241218216,0.1410835836636854,0.024597151073940657
158,0.07014495638012518,0.8288939368865459,0.005698935985397846,0.08583676541148598,0.009425405336445099
159,0.025967140300954573,0.913446544087204,0.0215671947223292,0.029247622498293033,0.009771498391218844
160,0.03463336708502388,0.8765538945853821,0.008018293943067158,0.07034416323642444,0.010450281150102521
161,0.015083503465645623,0.9264270611935655,0.002461875328878041,0.04983896928876615,0.006188590723144575
162,0.018665383685213716,0.9033625898307018,0.001525690068053375,0.06483677525278557,0.011609561163245415
163,0.05140684479878452,0.887949367494979,0.0042761610958962255,0.043324533875373675,0.013043092734966684
164,0.025449293962940114,0.8778384270773847,0.0011555030983064075,0.08732082150318989,0.008235954358179058
165,0.016078693307987797,0.9512376428312914,0.002660374114659036,0.02543981899480257,0.004583470751259221
166,0.08908872420154887,0.7620013249385464,0.0013074998690857007,0.0941611690122122,0.05344128197860665
167,0.0545297552865509,0.8775654942221238,0.0014086176994725008,0.054834371387253146,0.011661761404599538
168,0.029031872242784477,0.9236740416291119,0.0013190709660073757,0.042466448333331394,0.0035085668287649736
169,0.0272713777936442,0.9342992993849747,0.004972676988847091,0.027487366219397232,0.005969279613136631
170,0.01262026636935937,0.969373410786297,0.00235091142673181,0.013118777013836557,0.0025366344037751416
171,0.03581008677355388,0.8861188236152104,0.0038483149392340116,0.060498478071139596,0.01372429660086198
172,0.042361652951771696,0.9207269845113593,0.0015821166953635868,0.0294344302132387,0.005894815628266633
173,0.013070081437970086,0.95993821001962,0.014932095707800897,0.008480794806935484,0.003578818027673523
174,0.02229402288837891,0.9612712499533613,0.0049318116356714976,0.006738001447776742,0.004764914074811697
175,0.04698114533294869,0.9073833852510277,0.00853098266794252,0.02840902693255871,0.008695459815522055
176,0.004823728160342581,0.9810033185657943,0.006677382012809751,0.00617695577804052,0.00131861548301286
177,0.07391842220865177,0.8645399838082237,0.0028460937175285197,0.05108933870358336,0.007606161562012621
178,0.011069940375774977,0.9537945992512895,0.02477536840460455,0.008661926763834293,0.0016981652044966127
179,0.10875983038174321,0.8080594802032808,0.04144552815338788,0.02253127710894957,0.019203884152638497
180,0.17510317897178634,0.6759727799181744,0.0030928108000124687,0.14106654661164322,0.004764683698383533
181,0.034135035347945465,0.9198356382137484,0.026220987724846916,0.01609268700303762,0.0037156517104216195
182,0.05826280266934044,0.8929858217089144,0.003869012466070959,0.03749113538183702,0.0073912277738371985
183,0.055974607378848504,0.9062943401663208,0.0053855217736623094,0.02279092216113239,0.009554608520035913
184,0.07911583576988185,0.8450891360221504,0.012352105851779182,0.02210404515391326,0.04133887720227523
185,0.13542360821075303,0.5578364932074036,0.06149237806621826,0.013473126293040653,0.23177439422258456
186,0.4357739676725042,0.37263231999114577,0.002194677086592757,0.026791365537573438,0.1626076697121838
187,0.1719253374386637,0.7402229441820555,0.01831997260541976,0.012694132881494824,0.056837612892366315
188,0.14828365388923787,0.8007914333905121,0.0029767303462077182,0.033559903450916875,0.014388278923125485
189,0.08910318951439741,0.8330521366373306,0.015111113310184679,0.034699131788047954,0.02803442875003941
190,0.10650749344729281,0.7701277216505815,0.009667655072311716,0.06444824817511874,0.04924888165469514
191,0.055156521978286695,0.884524051208933,0.02756323555052791,0.013116615955514908,0.019639575306737413
192,0.22016652339974158,0.7091942032735078,0.014759201830373924,0.018502776617706114,0.03737729487867074
193,0.38685551740613594,0.3069401765543315,0.027043704195074483,0.013574249298433542,0.2655863525460245
194,0.27321848411729716,0.699342940160276,0.0006293913413322352,0.0048321319588435566,0.02197705242225099
195,0.3245133991168333,0.6412487159956434,0.002420270461685093,0.007718556623285413,0.024099057802552747
196,0.1051330475911768,0.8551009557949939,0.0164907217647237,0.002382140313811847,0.020893134535293706
197,0.05805708690740856,0.9054603850474253,0.01596123732748052,0.009694187567312442,0.010827103150373043
198,0.029637146197931664,0.9458271398883735,0.006987557901005712,0.0085213492264215,0.009026806786267664
199,0.03194089031322793,0.946910480300203,0.0030081861321364996,0.012872427165999444,0.005268016088433246
200,0.02689543905127534,0.9507487685783239,0.0070217371059884065,0.010793956916906747,0.004540098347505699
201,0.01604545736094691,0.9590176439888924,0.011102668888047026,0.009520034703223627,0.0043141950588899275
202,0.007996121538487248,0.9725190297469593,0.012480939332301981,0.004152232205769372,0.0028516771764822606
203,0.033969342621431795,0.6569023556769222,0.13564208395787178,0.003251792328144993,0.17023442541562914
204,0.07220727767770202,0.893122258386376,0.011346039090941493,0.004971780775936083,0.018352644069044254
205,0.036099430163675617,0.8880509695917919,0.01794298296508102,0.0026219603943353842,0.055284656885116086
206,0.05538531420046275,0.8447977309033473,0.071840155085752,0.009984199402307985,0.017992600408129996
207,0.02131690173129682,0.8804217807485825,0.04814199679748449,0.006208382298687631,0.043910938423948595
208,0.01902087848286009,0.9301114992069867,0.021406155087853953,0.007748017269431006,0.02171344995286841
209,0.03103233909986675,0.8557930947730565,0.06539048285422569,0.018077866986781228,0.02970621628606987
210,0.024815371594867613,0.9053561114927077,0.04646551663018579,0.009235874678861937,0.014127125603376763
211,0.019591061252244774,0.8148678873563788,0.1472366280964145,0.004362500383104822,0.013941922911857002
212,0.04977527761049538,0.8165868318037484,0.11209325544473055,0.011662503338970372,0.00988213180205526
213,0.02865675053260147,0.6926339721591837,0.25800993145718243,0.005182521950394517,0.015516823900637898
214,0.046877890387119384,0.7943538398647669,0.13762028160506476,0.006581483830242651,0.014566504312806301
215,0.01641902557175391,0.5989264454069262,0.36857231640531557,0.0038777934166809285,0.012204419199323422
216,0.013894013218066324,0.6767762628559091,0.2859759370136425,0.004149638744545942,0.01920414816783623
217,0.033730086663174834,0.6934947402537548,0.24532939343451032,0.0029762094694427946,0.02446957017911728
218,0.029076578053516603,0.6070048859455356,0.3396126975305891,0.0027215089707032757,0.021584329499655282
219,0.006966064401487539,0.39191501854000343,0.5888306193028544,0.0033132343162786872,0.008975063439375925
220,0.014962213631127463,0.6964501804064981,0.27061925971413053,0.00907370024649871,0.00889464600174533
221,0.005113645052420043,0.4520973311707474,0.535797642020564,0.0008806071294854712,0.006110774626782951
222,0.005069367775884357,0.47239506928247177,0.5093653535436913,0.0011293650155028625,0.012040844382449838
223,0.003247301054020274,0.30511660706922916,0.6857675460133948,0.0006473161171078446,0.005221229746247991
224,0.00442117877315873,0.3500332912960475,0.6292124866555798,0.004151343415154633,0.012181699860059307
225,0.01266392913084824,0.6894176959108861,0.26583801081187103,0.008085499837887025,0.023994864308507644
226,0.09014614163281376,0.7624597572635357,0.05975613348961483,0.01535020853236597,0.07228775908166969
227,0.024057242952378332,0.7114064599741012,0.24589847808803594,0.003550087894341363,0.015087731091143013
228,0.023815483626715858,0.7839987743403942,0.1501920177141742,0.005516857393625626,0.03647686692508993
229,0.01790952239532314,0.7543187646370572,0.21136891471136354,0.003650615199160397,0.012752183057095913
230,0.004928475435100971,0.47932001335306745,0.5096140129623545,0.0011000631820003597,0.00503743506747675
231,0.003070908431054733,0.43577586736930146,0.5558352438658817,0.0008389631932508228,0.004479017140511329
232,0.0010535754304910972,0.1341070387769759,0.8613134385600544,0.00039128395639512507,0.0031346632760835633
233,0.004133182872890178,0.26652515672037064,0.7165533903288483,0.0011662088571859437,0.011622061220704947
234,0.0008915725525983649,0.12661332680565912,0.8704981070801454,0.00036629124006553655,0.00163070232153162
235,0.0008165074642391891,0.12019699398639216,0.8777836286399714,0.0003747391171561983,0.0008281307922409687
236,0.0006918521445535234,0.06397862672359064,0.9335465775109173,0.0004706417998279976,0.0013123018211105594
237,0.0008640698853958592,0.15308713172279678,0.8427588369278424,0.0009617939605654557,0.0023281675033995394
238,0.002648178566585974,0.20218431180408858,0.7886511063145247,0.0017561338410465404,0.004760269473754193
239,0.006628183562815737,0.23323175094003348,0.7457824763926173,0.005689428493000024,0.008668160611533296
240,0.07355694068821833,0.5167964885963228,0.2642406058864258,0.023330429881807755,0.1220755349472252
241,0.021588413398072517,0.7862858307566705,0.16368721622168483,0.01214465678781464,0.016293882835757435
242,0.018882530097949997,0.8781397845556167,0.08341255154216047,0.009114730989322476,0.010450402814950174
243,0.03235474222415787,0.8829703374977448,0.05534714898905914,0.009830682480669966,0.019497088808368333
244,0.04951153279676797,0.8536724073014206,0.07888244595314797,0.007448757586221872,0.010484856362441519
245,0.3364009335368592,0.4632905701677075,0.03800033675387539,0.00680793208150284,0.15550022746005493
246,0.2192296804780006,0.7358456520737644,0.01980302924248518,0.011474756756129263,0.013646881449620459
247,0.033544109464957846,0.7767015901255796,0.16229302570044538,0.004980157114814531,0.022481117594202547
248,0.10437335249791042,0.7872764380908901,0.07073589368380871,0.008300598465421178,0.029313717261969578
249,0.03351230015757844,0.8896478921899572,0.03045059702888543,0.03298976933063056,0.013399441292948344
250,0.014859982089720334,0.9215915936064645,0.03903068261446586,0.009782158614860176,0.014735583074489191
251,0.022851689309568306,0.637686527306295,0.314676121310894,0.017714769114669623,0.00707089295857308
252,0.09569761465036972,0.8437975320637829,0.04155756720811833,0.005619634668541576,0.013327651409187463
253,0.06309414334172214,0.8606964106288195,0.03701636897800523,0.023047837919730405,0.01614523913172259
254,0.12792748129069728,0.5533430213965818,0.02128346735457284,0.01921465439085197,0.2782313755672961
255,0.16793904887125258,0.7576215027514944,0.005064387139226476,0.034530982102414016,0.03484407913561256
256,0.09702028212972467,0.8472113350213465,0.00917899522621972,0.013403746819012605,0.03318564080369637
257,0.07329274192524451,0.05630826796605422,0.0013197081015699588,0.007179047619409413,0.8619002343877218
258,0.7114020705652941,0.10166486705344699,0.0003672371176818756,0.0236888572756209,0.1628769679879562
259,0.40007958078779665,0.5746691733503525,0.0010437116222930826,0.008245056676702922,0.01596247756285484
260,0.18637690368125326,0.7850326422524946,0.0011777461194451533,0.006488880347085679,0.02092382759972133
261,0.06892265255044353,0.896696629197182,0.017956616669928576,0.009424171982631622,0.006999929599814206
262,0.0546512338244884,0.9022906615520904,0.028429319776636437,0.00960986569550797,0.005018919151276868
263,0.02509872976549477,0.9430136659451253,0.020027075718131823,0.007648037281254197,0.004212491289994024
264,0.02787752969827907,0.8308228824690626,0.13021319587596167,0.005021240303415072,0.006065151653281676
265,0.023570490475914186,0.8467929293768526,0.11398533811175096,0.00796970545857999,0.007681536576902281
266,0.022013149483938847,0.8215780194040853,0.14167936852738702,0.007229832708738916,0.0074996298758499115
267,0.04885645738557374,0.8083442142043735,0.13450485169919302,0.002776674062213667,0.005517802648646131
268,0.029218386429142672,0.7574710697569301,0.19507911955732105,0.00560903592430071,0.012622388332305449
269,0.042223497141232746,0.9100192126531627,0.026936038909071938,0.013609966616369321,0.007211284680163226
270,0.02672663845344846,0.5611054936605188,0.3723892024739208,0.004892023498626154,0.03488664191348569
271,0.019385064877128363,0.7901543005110879,0.1654906738475818,0.0025102971964621767,0.022459663567739603
272,0.12369546824440521,0.16687279907443864,0.013568014404951449,0.005876731036144382,0.6899869872400604
273,0.1669755608804163,0.7049579061937251,0.04262748154843,0.0075188185246187035,0.07792023285280976
274,0.034445763282755754,0.8472982130809492,0.09347643682358847,0.0022762418297343134,0.022503344982972264
275,0.05097773149988049,0.771868246769764,0.01462184909627935,0.0025155922298909904,0.160016580404185
276,0.11442694560732754,0.8139143122613867,0.009104753850389207,0.008056676202901441,0.054497312077995186
277,0.13132832706189243,0.8212759613132788,0.013014470068390285,0.00390235378747273,0.030478887768965814
278,0.2130246118744454,0.531602396061022,0.02528287228469379,0.012644401260198833,0.21744571851964
279,0.24250072548175003,0.6942603926799104,0.009508767523345072,0.010349670150351657,0.043380444164643026
280,0.2906668176841607,0.579418504738763,0.017688422956010925,0.011872449041979209,0.10035380557908612
281,0.15715662316443854,0.661523356086065,0.007351130575684553,0.008706354465444452,0.1652625357083673
282,0.4066785139146711,0.3986369130974925,0.005952986981319382,0.031015509577342008,0.1577160764291751
283,0.2031419858969535,0.5919041927849186,0.008727136057262427,0.028685207548673774,0.16754147771219163
284,0.11102326010720265,0.11171124729845079,0.01110097901858398,0.003190551471975806,0.7629739621037868
285,0.8524392427723697,0.11929024408889258,0.0010417057646638429,0.008843187220586256,0.018385620153487683
286,0.11777368550237187,0.8762964125638697,0.0018754772609419306,0.001248554337031027,0.002805870335785325
287,0.020206469209646003,0.9627283414765664,0.013667343330558161,0.0010215211424745648,0.0023763248407548255
288,0.03202698752760715,0.9470848731005259,0.005204003300490905,0.012530763350382812,0.0031533727209933347
289,0.009429582823105494,0.9378737017177247,0.03137332558538624,0.01942311442762834,0.0019002754461551932
290,0.004282811962523954,0.7482167908682429,0.22327348227167862,0.022345953038004476,0.001880961859550223
291,0.03870613411945623,0.7505439971816245,0.08076999602147969,0.12364931782617022,0.006330554851269352
292,0.03827349189888748,0.7901899753646816,0.0038552281981940207,0.15830375403093194,0.009377550507305241
293,0.051717174414190416,0.7689986348304851,0.003336195976839336,0.16145224508394082,0.014495749694544374
294,0.127361290452051,0.5007258831107441,0.0024054425822706226,0.30639794520640756,0.06310943864852686
295,0.03831399097898751,0.3816123132685019,0.0006019547364828882,0.5674707587226353,0.012000982293392436
296,0.03267004910021512,0.34127608230123735,0.0006223043708320022,0.6194406271192008,0.005990937108514752
297,0.023371886204241667,0.24426464626982047,0.00019382232134729636,0.7241369101895391,0.008032735015051393
298,0.026398260933731887,0.07425240302477092,0.00011854210231794653,0.8938934210581743,0.00533737288100496
299,0.02173535580581529,0.05880554688128095,0.00016963250085924497,0.9129912038100051,0.00629826100203935
300,0.08080868582573036,0.06832340367877184,0.00016037746684316416,0.804925072596922,0.04578246043173258
301,0.14352679692558368,0.17853162940010153,6.270296027441197e-05,0.5903549747021105,0.08752389601192992
302,0.19324764420070026,0.22386269620285337,0.00019421564404298937,0.5417793221657986,0.040916121786604816
303,0.11473154968101225,0.41089476934861624,0.0004199363285491821,0.4640202057675702,0.009933538874252185
304,0.1365394676055324,0.11095059790172654,0.0001642140032050751,0.7411198071863622,0.011225913303173803
305,0.12878854658798788,0.2447065931327426,5.903714943958849e-05,0.5924380272892112,0.034007795840618804
306,0.08772336295031483,0.12908437117359248,4.1221854728672256e-05,0.7622273628640377,0.02092368115732647
307,0.1339786307270706,0.11052912426286948,0.00011656050285793945,0.7413052995275148,0.014070384979687326
308,0.17143526956711158,0.1512352316470229,7.818648040895831e-05,0.6312983306055427,0.045952981699913874
309,0.1713229655578595,0.2026625228284855,0.00020922154609380182,0.5960824267582229,0.029722863309338387
310,0.08630461078582173,0.35564409670893493,0.0006111590549232152,0.5135364838658926,0.0439036495844276
311,0.03201483283430353,0.6230121410707514,0.0006724690360962704,0.3285881595958825,0.015712397462966283
312,0.050244622752821905,0.12349538328195511,0.00019240005630485188,0.7875287994109023,0.03853879449801594
313,0.05965667470995944,0.3016791121545976,0.00030643528251810746,0.5622454997408075,0.07611227811211743
314,0.14972731353675073,0.018397296593407525,0.00015471997306360196,0.6691958029651683,0.16252486693160972
315,0.1367136834781575,0.206672622173193,0.00040509495574869703,0.6274778497993456,0.028730749593555125
316,0.05645501418387677,0.461227716900914,0.0006361991783676741,0.4700789493792911,0.011602120357550524
317,0.05517658375100124,0.2543912601209528,0.00028340545207971305,0.6636025277140113,0.02654622296195486
318,0.025588223630873763,0.06338027563868426,0.00021142433221857797,0.9045413526317672,0.0062787237664561285
319,0.03380555693587758,0.08981320525507717,0.00026003950668461874,0.8678716537224695,0.008249544579891013
320,0.04488781073306349,0.04079137653136802,4.953982385285958e-05,0.9077861936348978,0.00648507927681772
321,0.06842994653337163,0.09203665545969014,6.642871780251046e-05,0.8205131466290869,0.018953822660048747
322,0.101634811626742,0.05223396390025467,0.0001244250518261648,0.8399971852104221,0.006009614210755011
323,0.10822237561512417,0.0825973040898666,0.000509523320381449,0.7983679274221652,0.010302869552462563
324,0.05487670281449199,0.2369404022543337,0.0007208606425730597,0.6992243907272488,0.008237643561352391
325,0.03512921650086419,0.0795199122366169,0.0002952792274016089,0.8783933194950649,0.006662272540052214
326,0.03009152562421426,0.19520695476667238,0.0002075581273525888,0.7634237003138487,0.011070261167912139
327,0.05524940093004323,0.2395991021261832,0.00034442999597701515,0.671338473177398,0.03346859377039849
328,0.02936279628347862,0.27243186057064456,0.0003798844413118257,0.6782207812620374,0.01960467744252755
329,0.04455515802882206,0.20040682345478306,0.0004630483811752497,0.6922463979675575,0.0623285721676622
330,0.02456189932103548,0.03813624893390507,0.00011965239227859472,0.9317962615012868,0.005385937851494022
331,0.015944150592922483,0.031268176688677554,0.00010380367089267221,0.946407526724152,0.006276342323355266
332,0.007405572144120661,0.010932921711110277,3.885050602938683e-05,0.9799626383696908,0.0016600172690490033
333,0.00950536493536595,0.009437178524220942,3.156647499606572e-05,0.9796347104773158,0.0013911795881013929
334,0.007976229410633731,0.007698495456160902,1.8884335714713743e-05,0.9831199558428596,0.0011864349546310635
335,0.00823088031172471,0.006367433451755165,2.766810995190354e-05,0.9841132361060713,0.0012607820204969583
336,0.013546891397555213,0.014024888072554045,4.036254579122264e-05,0.9704635570118902,0.0019243009722092483
337,0.010708922067505056,0.008950630412224105,2.6642638213604537e-05,0.9785618276663807,0.0017519772156766977
338,0.016456904325490674,0.008848574650862227,2.128146768104011e-05,0.9727044426671447,0.0019687968888212897
339,0.01630430020510684,0.004900939688042984,1.8675013694058562e-05,0.9745238149000814,0.0042522701930746915
340,0.031136167921461025,0.011954730738390413,5.6566213295826754e-05,0.9530866323682091,0.003765902758643683
341,0.032873765311612596,0.018693960553205775,8.277450266402744e-05,0.944769019372027,0.003580480260490691
342,0.03516798605144731,0.016557956572931017,0.00013173620199601594,0.936994075417854,0.011148245755771684
343,0.03172187534287451,0.010434849304541798,2.3901771557061775e-05,0.9522205265107182,0.005598847070308526
344,0.018537504514265817,0.016699420333616946,9.541808618870461e-05,0.9627394597089358,0.0019281973569928385
345,0.026185278806451044,0.05705524874425133,0.0002035248543684491,0.911684584154006,0.004871363440923314
346,0.023069820113099635,0.023117183281870735,5.055691234544084e-05,0.9510914038481718,0.0026710358445124274
347,0.027419252329760252,0.025869899494840615,0.0001015160044251144,0.9426958462812303,0.003913485889743704
348,0.020541409918933766,0.03453020629606702,0.00010809789822573917,0.9409888826687595,0.0038314032180140046
349,0.027420199196515966,0.023884878772990933,0.00012156313235078467,0.9461463850344192,0.002426973863723264
350,0.021458346916033804,0.09739335305682079,0.00021774196730824425,0.8759392653495419,0.004991292710295296
351,0.03005362640605496,0.06373419920249618,0.00015930837186098096,0.900391844399138,0.005661021620449836
352,0.027907985109284012,0.018188950834899405,0.00014090409733326183,0.9474561808294105,0.006305979129072844
353,0.016761729525296507,0.03610932047857204,0.00010028831399184065,0.944974897842929,0.0020537638392105666
354,0.014048866516867608,0.020310569508219432,7.417994476325047e-05,0.9629194306408893,0.0026469533892604174
355,0.009714707937846392,0.013382154604556941,4.2518561975864934e-05,0.9746972920920863,0.002163326803534378
356,0.01048796282530078,0.010780131144991037,4.775443627519299e-05,0.9767429098538251,0.0019412417396079645
357,0.012443313597186489,0.01335720427013144,3.37193111715111e-05,0.9719133840914889,0.0022523787300218322
358,0.025251000001023347,0.013034989897157135,2.4967146226688866e-05,0.9581947273939685,0.0034943155616245316
359,0.020884283219542343,0.008791593549404833,2.5198955820643318e-05,0.9673007688978436,0.002998155377388592
360,0.019743760247345546,0.012184822251282354,3.5686061906696664e-05,0.9657040263838035,0.0023317050556618535
361,0.03155973004974878,0.016609870765826963,1.998358404571339e-05,0.9488763519335248,0.0029340636668537885
362,0.021926285435476457,0.04815549017229806,0.00013463093842316757,0.9271585393320037,0.0026250541217985616
363,0.02441360072558835,0.035520531837290474,8.397806919299491e-05,0.9362633044403388,0.003718584927589431
364,0.03969590171573559,0.02469866206081146,3.075880633439751e-05,0.9296673197155844,0.005907357701534081
365,0.0653681134438828,0.07758904353355149,0.0001804062155831387,0.8463556317664807,0.010506805040501886
366,0.08442197416838827,0.03626382831232098,7.150698414589554e-05,0.8685200092946629,0.0107226812404821
367,0.05322712257126358,0.545785198062301,0.001309635637772656,0.33780259362127774,0.06187545010738487
368,0.10220164367802552,0.32667289994712045,0.0003959494383791054,0.5591753884772233,0.011554118459251578
369,0.1610184264044781,0.2975369904876207,0.0014268151154448318,0.4777119147996906,0.062305853192765666
370,0.1808060278437442,0.3926107881818194,0.0009819754705744877,0.3952909401762153,0.030310268327646536
371,0.2375758967026983,0.4081292429278821,0.0008947130262392159,0.27067099595141814,0.0827291513917623
372,0.3818655469210572,0.2152643943893145,0.0003313082715386408,0.1361447429043502,0.2663940075137395
373,0.2062771316792328,0.6869074128617383,0.0007544909135660608,0.08937278108503811,0.01668818346042475
