epoch,N1,N2,N3,R,W
0,0.0018256482859382475,0.0010070037115654678,0.0001544157659973679,0.00018330495880702934,0.9968296272776919
1,0.0013298400981954657,0.0007803259320723753,8.265272713622633e-05,9.100752843520943e-05,0.9977161737141608
2,0.0013577956217689108,0.0012858723978900275,0.00013487026701143538,0.00014101129245628623,0.9970804504208733
3,0.002043940347512874,0.0008561598191407191,0.00014995417937259983,0.00014548130213237027,0.9968044643518413
4,0.0008404173276374933,0.00039093280591285173,0.0002343443762129854,7.893435193044002e-05,0.9984553711383063
5,0.005093067096198875,0.0006958235967382984,9.150915460764389e-05,0.00019325510854133597,0.9939263450439139
6,0.00207726535303263,0.0008697854833404,0.0001699783307311312,9.957378971934908e-05,0.9967833970431765
7,0.0025092362551586618,0.0009561708609632753,0.00019314670780937323,0.00014815405850151164,0.9961932921175672
8,0.0018859400042831808,0.0010921821734669079,0.0003730234331889891,0.0003501552515962681,0.9962986991374646
9,0.002953653153023351,0.001666553074642112,0.0005544618599342309,0.001153738749011513,0.9936715931633889
10,0.0011954893576936565,0.0005570512637189517,0.00018372900011067795,0.0003048682474565317,0.9977588621310202
11,0.0016380141647386933,0.0006781068935495699,0.00016255810678999995,0.00021905271322244106,0.9973022681216994
12,0.002008546912120697,0.0009048174047194842,0.00013614319299352028,0.00031590938229146483,0.9966345831078749
13,0.0027934789317808034,0.0007476735258700681,0.00022254327316272978,0.000325005802751056,0.9959112984664354
14,0.0012793566636604872,0.00032830176440731606,0.00010736545492110387,0.00014626163679472027,0.9981387144802164
15,0.0014066543255382199,0.0004780951310511414,0.00011979802476759247,0.0002140229248891268,0.9977814295937539
16,0.0014298352072538896,0.0002167753553579615,9.057400670520931e-05,0.00015022297880762565,0.9981125924518752
17,0.0030464591346464503,0.00048588936392220713,0.0001776390533340208,0.0001295380936816052,0.9961604743544158
18,0.004642760256883043,0.0009107883546489787,0.00026210322508866794,0.00015337812545894255,0.9940309700379205
19,0.004166162343518239,0.0009158185523366509,0.0005159437773973202,0.00011213118807834211,0.9942899441386694
20,0.009045478466911986,0.0025293352014972483,0.0004025976205976867,0.00025336356429213856,0.9877692251467011
21,0.002068740186848643,0.001156623110923372,0.00046850399464640327,8.735467976508395e-05,0.9962187780278164
22,0.0466915735080839,0.02352048042158475,0.0009746469598300628,0.0011253094786818742,0.9276879896318194
23,0.32398961652674957,0.17515759650240342,0.0059611997398500835,0.0016284339281099538,0.49326315330288684
24,0.42343060775023766,0.4308164436363697,0.04789641562351138,0.001457892642009923,0.09639864034787152
25,0.07037952459704927,0.7263775460634093,0.1699878240750086,0.0011440591611900724,0.03211104610334267
26,0.2604478905116922,0.6657186711245202,0.014883253090656991,0.0034183448793002674,0.05553184039383032
27,0.06213134754297943,0.7829599976985051,0.12758520299687934,0.0007218325575134163,0.026601619204122632
28,0.03483767159424915,0.5836330982939734,0.35879930899853857,0.0007293780037955238,0.022000543109443462
29,0.08803788409043865,0.6626508770743971,0.2256589971799203,0.0007398445680216357,0.02291239708722233
30,0.049978091411878076,0.5839100706247861,0.34397558901641384,0.0005575064769961459,0.02157874246992577
31,0.040154579953394436,0.6036209195515791,0.33767082287680045,0.0004454505165885657,0.01810822710163746
32,0.014764687904298324,0.279298447633703,0.6931126978925776,0.00027497952188493437,0.01254918704753628
33,0.017039153777845255,0.30203500136238154,0.6624025734942698,0.0002808389821498729,0.018242432383353626
34,0.03844749560764955,0.2573129633745336,0.6671828589125511,0.0009602783120282579,0.03609640379323736
35,0.024470857876273486,0.2528878361099201,0.6783096456958355,0.0009456735369662425,0.04338598678100469
36,0.006992053544484121,0.10948391853382114,0.8444990164289468,0.00021982414167365558,0.038805187351074334
37,0.02340142776445776,0.12478860902444523,0.3288550690345392,0.0004582699935199456,0.5224966241830379
38,0.009233316412690444,0.006613578153536024,0.0014809573451587807,0.00017773970273300056,0.9824944083858819
39,0.002284736988091013,0.001148832878443788,0.00022827696424472939,5.4569863465528115e-05,0.996283583305755
40,0.0025244423834574286,0.0009596023002692919,8.952719468007184e-05,8.185852743519535e-05,0.996344569594158
41,0.0045889074557786515,0.001263023998046007,8.085646896937408e-05,8.328014695416917e-05,0.9939839319302518
42,0.004368654660044306,0.000839636811531549,4.0840612558023174e-05,0.00011760038078863687,0.9946332675350774
43,0.0040591200860099225,0.0011119112294181491,0.00016315066192409055,5.645956980098597e-05,0.9946093584528468
44,0.00535805658144703,0.0012825372090919278,0.0001786045867321888,6.918941431380823e-05,0.993111612208415
45,0.02398288499161199,0.0042066413824998075,0.00017750009834646165,0.00030715644549582637,0.9713258170820459
46,0.056354835967542705,0.009678201309873615,0.00133311464949747,0.0004126552699423365,0.932221192803144
47,0.1682470810770585,0.021222662601105894,0.0014688041463583761,0.001007551364599035,0.8080539008108782
48,0.22030966449345174,0.6266380890427931,0.06479634237536626,0.0009641355153208608,0.08729176857306811
49,0.3044544352811926,0.5611667360891573,0.059627004628276574,0.0010965173351676644,0.07365530666620575
50,0.12366119839838498,0.7277003909931066,0.016534208867079576,0.0018405040852513266,0.13026369765617754
51,0.015521060281273818,0.012412409923239442,0.00043121402758080816,0.0013916843151646795,0.9702436314527412
52,0.18772849197294092,0.06347121860932756,0.0008263866271771568,0.0017981754524326406,0.7461757273381218
53,0.311693991017309,0.4992356750796155,0.026529128427225216,0.0015261900700012058,0.16101501540584923
54,0.26095569601596114,0.5527316938274752,0.07665050366635888,0.0007446796553099953,0.10891742683489464
55,0.1763494092667083,0.675989536436879,0.07084956081033904,0.0017835777828420231,0.07502791570323161
56,0.12845665857785912,0.11731116605902542,0.0017565819060564507,0.0038445859598824,0.7486310074971766
57,0.18815832832342747,0.6673755773582334,0.06599289524033251,0.0026306334638190564,0.07584256561418753
58,0.17045118629812184,0.6149726577530474,0.07369048242327625,0.002634150665582194,0.1382515228599722
59,0.082372568314337,0.10048021442596339,0.011445258229180421,0.0014309261034242717,0.8042710329270949
60,0.21745135842039984,0.1007942994563286,0.0021870367899749317,0.005539748541343419,0.6740275567919533
61,0.35789833282697614,0.20445564643610045,0.022655772156438526,0.003552023476129605,0.4114382251043552
62,0.5012301374738295,0.1625384940853639,0.01754249662768982,0.001941372186557187,0.31674749962655957
63,0.23704541118364486,0.6144385853513928,0.07658792730027394,0.0021897842981993517,0.0697382918664891
64,0.2764901465394694,0.08963147017039487,0.00476341534918446,0.004786556473611127,0.6243284114673402
65,0.18381872755635406,0.27871235790914617,0.027899268367365407,0.004175306074039808,0.5053943400930945
66,0.15510066173912998,0.0917796956626859,0.003427294030774694,0.005315543936761351,0.7443768046306481
67,0.016634493589366514,0.00442781732930824,0.0002515629640969345,0.0003451452296053079,0.978340980887623
68,0.016031180969620397,0.006882505410901144,0.0002850171535645704,0.0004791274717866735,0.9763221689941273
69,0.01689830733369001,0.002547577732587097,0.00016408705303323434,0.00019021476581021967,0.9801998131148795
70,0.0035226251988703544,0.001047946743417302,6.863019480929468e-05,0.0001356369867431197,0.9952251608761599
71,0.0038428218614855888,0.0010058026836424372,0.00010383515697882647,0.00016587081332192569,0.9948816694845712
72,0.01795636071917652,0.0017840541464878407,0.00012134630224568552,0.00037704448801030463,0.9797611943440796
73,0.006348262504702988,0.0016016013927727282,9.06159734365765e-05,0.00018383450676478429,0.991775685622323
74,0.10961060716745055,0.023644646785261087,0.0013855351204151971,0.0008672900358050997,0.8644919208910681
75,0.2520994503791153,0.1211772408382701,0.007477135752315586,0.001760619238848423,0.6174855537914505
76,0.008988916511442025,0.003244111375182678,0.0003327218514513759,0.00025549032424772257,0.9871787599376762
77,0.08494284629510056,0.017590583800676806,0.000883226664726593,0.0011458163496551107,0.8954375268898408
78,0.294605748396876,0.048338557963126895,0.0027532192661088415,0.002465883701788749,0.6518365906720996
79,0.6405462982598797,0.20815167493350908,0.004698785664900145,0.005016680564385774,0.14158656057732516
80,0.23148955729362258,0.6871634545989814,0.029665299274813674,0.005807086256319714,0.04587460257626256
81,0.2524948801468311,0.6525309717177779,0.043446831783784425,0.00466418792821634,0.04686312842339026
82,0.23107392720493664,0.6261476187160763,0.008132839755017742,0.020817058507892637,0.11382855581607676
83,0.1035612192029546,0.7174679402975559,0.055746080495083616,0.009429092786871473,0.11379566721753445
84,0.33525003540161064,0.39037336718434795,0.0023422821212499183,0.05809608812443778,0.2139382271683535
85,0.16367615426695895,0.7669336784947446,0.0101598820816418,0.012927640779772133,0.04630264437688252
86,0.24441647647504036,0.3872915922428393,0.003632083009104813,0.021790131743820523,0.34286971652919496
87,0.01928983052002352,0.010222867431073585,9.81857763867178e-05,0.0015596982451675783,0.9688294180273487
88,0.3152828075425018,0.21840278096350926,0.0030634131899412507,0.005940011393621638,0.45731098691042615
89,0.002258310637717846,0.0015276340410817762,0.0001151151562217174,0.00022812619045509873,0.9958708139745237
90,0.00830754082462238,0.005146947801919545,0.0015617707263721485,0.0007278958109678846,0.984255844836118
91,0.001994707689847372,0.001142720869413242,0.00012942247359075726,0.00017608270195852694,0.99655706626519
92,0.0027012028441675325,0.0006638680490041944,0.00015192907007638748,0.0002389383403175367,0.9962440616964343
93,0.002496629866687974,0.0005207279327513078,5.9719782989569986e-05,0.00020055243140039373,0.9967223699861707
94,0.0038632956803501487,0.0006643734699562038,7.663622779547007e-05,0.000899600504556534,0.9944960941173415
95,0.002755112796402057,0.0004294002065163251,1.8816920330132393e-05,0.0006577522697147008,0.9961389178070367
96,0.002306688199880397,0.0005487479498300476,5.0102792568383606e-05,8.535011221954125e-05,0.9970091109455016
97,0.005755182925794503,0.0006022189825009971,2.5336586175502776e-05,0.0001211036855867726,0.9934961578199422
98,0.00299671411607887,0.0007518875255211722,0.0001612673010549026,0.0002004735117085796,0.9958896575456364
99,0.0070646485194790784,0.000553972197112868,3.953363017708269e-05,0.00022454213518818385,0.9921173035180427
100,0.0023523552792931606,0.0006499101172232759,9.282666279636142e-05,0.00027406690192646814,0.9966308410387607
101,0.057612602447510965,0.0035874549500439033,0.00021479919689240505,0.000924108165868253,0.9376610352396845
102,0.003972597075110649,0.001053635513387836,7.969543764322601e-05,0.00020488582984743757,0.9946891861440108
103,0.031380687851197596,0.003817635947263733,0.0001230616807115048,0.0013758984921296575,0.9633027160286975
104,0.037522145392621574,0.00447571139294776,7.620190324569474e-05,0.0007644336893426694,0.9571615076218423
105,0.4331408968361909,0.07079131378593051,0.0004016635760090163,0.003557173544110075,0.49210895225775947
106,0.4537324602124796,0.4082728191665009,0.04139167960376827,0.0022023792929736744,0.09440066172427759
107,0.20375246174908374,0.6096364813084763,0.08712275641372466,0.0035595231955530193,0.0959287773331623
108,0.14765746278120498,0.5961011372719893,0.1863924489064003,0.0029215584047101698,0.06692739263569515
109,0.051411237277769695,0.5655306680791251,0.2794923019712089,0.005541417306782755,0.09802437536511352
110,0.0867961086449322,0.49168757576489597,0.32879582012882436,0.008074913310957199,0.08464558215039025
111,0.09092441547601493,0.5665650299822074,0.28774769002413125,0.009277405978877057,0.045485458538769355
112,0.08251397384712614,0.7127674994201849,0.14560692269246914,0.005282009695644861,0.05382959434457496
113,0.045658558010433,0.6140714342518071,0.2753903808317437,0.0044058372991508206,0.06047378960686538
114,0.2541858967961877,0.6337840567260696,0.02512848256324897,0.025123464418118194,0.06177809949637576
115,0.055018250680829016,0.822701849752395,0.09734786184492805,0.0019123919401220749,0.023019645781725783
116,0.1327706292775482,0.6881315248482909,0.13806558148749867,0.005676921484027944,0.035355342902634326
117,0.09162258198815029,0.7517804178251356,0.12812421916162048,0.005290485066711195,0.02318229595838237
118,0.06797023967244376,0.7950922524433552,0.09959184644062434,0.003926206840884205,0.033419454602692536
119,0.03711370554163912,0.7200069829789176,0.21397333168142163,0.002298842504985127,0.026607137293036525
120,0.037340725738344405,0.6235588985845241,0.3022120125873714,0.002674206630171829,0.03421415645958829
121,0.023435984422835992,0.7906450455758495,0.15632428852433805,0.002474056648815907,0.027120624828160605
122,0.024953340119461487,0.679796410417203,0.2583054977150323,0.0018796085593461287,0.03506514318895709
123,0.026494218476878613,0.4342031489547227,0.4462383064245353,0.002133067647842409,0.09093125849602104
124,0.04325870713162918,0.4988085351147973,0.39382231422601405,0.0024633162899806438,0.06164712723757882
125,0.03717581475498436,0.3269130076566404,0.5812687615368597,0.0019472593190017267,0.05269515673251365
126,0.03395066505099919,0.460995970884734,0.453526253660805,0.0020578639101107824,0.04946924649335097
127,0.036413169892841143,0.35327600044673796,0.5720391274897261,0.0017717634650273946,0.03649993870566753
128,0.03531021904606225,0.35525465917711235,0.5647102269733134,0.0023909279102049337,0.04233396689330694
129,0.03762396906421615,0.5369828630952604,0.33732460552488236,0.0010130436551513394,0.0870555186604898
130,0.07493732293477726,0.48305778762983886,0.4181351163256444,0.001010273960429808,0.02285949914930976
131,0.044044488621541165,0.3716678716346695,0.5681852105167925,0.0006697866880218418,0.015432642538975111
132,0.06307827052125646,0.41104259947337896,0.5057054463499784,0.0007645634340477472,0.019409120221338488
133,0.013485575349753021,0.1876122210265336,0.7922619520040977,0.000748910911294155,0.005891340708321596
134,0.02504133279719521,0.571056784228727,0.39234107938432694,0.001959108032476977,0.009601695557273957
135,0.010775874532414683,0.2748793899246824,0.7060953195762181,0.0008430275655107864,0.007406388401174052
136,0.017684042429393764,0.3567275454933385,0.6138659054768058,0.0015606632080675765,0.010161843392394388
137,0.0168613557528218,0.358100177675003,0.6136397666441392,0.0014666134985179264,0.009932086429518063
138,0.011413127663985088,0.3653400420213163,0.6159322526479178,0.0012019476044061869,0.006112630062374605
139,0.009765394606972306,0.16843766636240787,0.8175390498285132,0.00047475185929870796,0.003783137342807805
140,0.003517598427944928,0.11316185818884666,0.8805692959662964,0.0001954766557168612,0.0025557707611950876
141,0.004642572230027763,0.08563466146920352,0.9076378303140413,0.00023561974051020815,0.0018493162462174266
142,0.0026030540255595935,0.04508729537636808,0.951320038825198,5.660659905409461e-05,0.0009330051738201529
143,0.0008106624378028885,0.04649765885119636,0.951826116248737,4.262173131648089e-05,0.0008229407309473344
144,0.0019411575723924234,0.05931269627864928,0.9374792341987367,0.00010576341893381853,0.0011611485312878103
145,0.001516030569238441,0.0414772525010083,0.9553599876253769,0.00010749350644430961,0.0015392357979321732
146,0.001311965534591623,0.041389412967009875,0.9559310860843743,0.00010943479421108235,0.0012581006198130057
147,0.0032850481540472663,0.1338057395678146,0.8603415775059575,0.0002546409388526629,0.0023129938333279316
148,0.0019347316299671894,0.04128195974697842,0.9553570824986696,0.0001638512108752253,0.0012623749135095934
149,0.001046737779671235,0.027583325409126332,0.9701022583007157,0.00012103741188220292,0.0011466410986043707
150,0.061935310706636285,0.2859008273086645,0.6169288294760691,0.002018749571088276,0.03321628293754184
151,0.004289389893762372,0.0483204903159547,0.9458458896656131,0.00011372525174418539,0.0014305048729255495
152,0.0017278132283620779,0.028320924241499377,0.9689254680335472,4.6378047388295343e-05,0.0009794164492028781
153,0.0037224617696610435,0.0767665762901365,0.9171667862176138,0.00022846731062854615,0.0021157084119600685
154,0.002944637885985205,0.06693610008129551,0.9272243266603154,0.00034681893093463606,0.0025481164414690935
155,0.0025745705556718076,0.09640488593879526,0.8979763453586207,0.00042591831311134426,0.0026182798338007457
156,0.0014852657738123442,0.0438420948812621,0.9536677863225004,0.0001323967334826817,0.0008724562889426672
157,0.003942398761124552,0.05236266711393357,0.9407248895354053,0.00039388746552279175,0.0025761571240136786
158,0.0029153539212090898,0.06760111919066712,0.9266064523744026,0.0005228244194465898,0.002354250094274544
159,0.0065781074202312054,0.09404088897412179,0.8919261716988344,0.0010677603208440205,0.0063870715859684025
160,0.015347700705627472,0.11614878866040798,0.8554462933721229,0.002319862422549264,0.010737354839292562
161,0.09983195896320508,0.45265850181470596,0.35128949520618785,0.039125503768383335,0.05709454024751778
162,0.04450822674868597,0.4696066302474823,0.35553975547769273,0.02800296721112203,0.1023424203150171
163,0.0996182892482429,0.4113161755621313,0.11534257083719944,0.17601447210846974,0.19770849224395667
164,0.08931104590697185,0.26034643241346755,0.0023954285782214106,0.491780822036358,0.15616627106498115
165,0.030396766581602015,0.05443656223024448,8.618669293357272e-05,0.8843876739168343,0.030692810578385736
166,0.027535314820674922,0.01317029129631626,9.069234208351473e-06,0.8976504132086842,0.06163491144011624
167,0.051500123129250494,0.021274320564645587,6.942161840911957e-06,0.8271300107148447,0.10008860342941824
168,0.05366953489125766,0.01385692293271625,3.132019073843417e-06,0.889611880468721,0.042858529688231166
169,0.04998353304026022,0.012001476752457113,2.337472940951618e-06,0.8991131223989474,0.038899530335394346
170,0.06055020160571313,0.042356250084877485,3.574219721354465e-06,0.8479996750414645,0.049090299048223526
171,0.03128230360217248,0.007497756561238626,1.7746081304520274e-06,0.9286436905961523,0.03257447463230607
172,0.03688697279536484,0.019504575386163094,3.3132616632478334e-06,0.9223033500335484,0.02130178852326046
173,0.04069308660887984,0.010992880889415918,4.207111999067498e-06,0.892541748713873,0.05576807667583201
174,0.027941914928649753,0.03340379294978207,7.5117691416540615e-06,0.9198753121995048,0.018771468152921644
175,0.03879190927864814,0.024388790263697505,6.405270221613453e-06,0.9152258767916188,0.021587018395813916
176,0.04619491692598014,0.06837287761657015,1.7604010191628445e-05,0.8137572843622867,0.07165731708497133
177,0.04900222219097626,0.025373292393451725,5.979781704577588e-06,0.6951116556361373,0.23050684999773
178,0.100437973209235,0.051460683023110035,2.6816152568946967e-05,0.6411870674232055,0.2068874601918805
179,0.12199843615936408,0.021521606730060143,6.93930058452029e-06,0.7043774732853129,0.15209554452467855
180,0.08054381187982289,0.045280044980815386,9.594874888596831e-06,0.8429786861112547,0.031187862153218376
181,0.10520084361283721,0.04400954002820048,7.819522115980292e-06,0.7709602639271284,0.07982153290971797
182,0.04631885469077418,0.04011061335173845,7.802044525278676e-06,0.8931330699848641,0.020429659928098004
183,0.03464296453583818,0.03689273056654744,4.573218589813377e-06,0.9070578871482506,0.021401844530773966
184,0.024649903630349815,0.023826694916601564,3.9205471543873005e-06,0.9418249944053678,0.009694486500526438
185,0.05121626392177767,0.05292544322710799,7.3052318778842925e-06,0.8439058736597758,0.051945113959460734
186,0.09770159781694818,0.029674663755051893,8.05511132923312e-06,0.647366858765134,0.22524882455153675
187,0.2403771717175659,0.04281558071328676,0.0004041946462930015,0.4518682424918637,0.26453481043099053
188,0.11216044251453157,0.013725812415909441,0.009502626241631302,0.18299341263575536,0.6816177061921723
189,0.0061981216610507645,0.008539945841113972,0.0005135080900992437,0.017634547914473667,0.9671138764932624
190,0.14306557734113978,0.17810265282999851,0.011291020578982843,0.08296826545678258,0.5845724837930963
191,0.034435649463374206,0.06992810564140248,0.01282416327006005,0.002640799009736256,0.8801712826154271
192,0.008911695185880772,0.03280339593337055,0.004005564124411996,0.0034663007491578593,0.9508130440071788
193,0.004011356533992696,0.019616311881064868,0.0023584607949992883,0.0013304802827662967,0.9726833905071769
194,0.0027554947600179,0.006384530401895809,0.0005389121371173118,0.0007831026855263728,0.9895379600154426
195,0.00172102912909268,0.0011807432111530472,1.5240379825309739e-05,0.001251833389324386,0.9958311538906046
196,0.0019696145280580714,0.0012094761549271327,3.097962964676094e-05,0.0009218680227836534,0.9958680616645843
197,0.07690588823567862,0.007979293610276201,2.832709256860868e-06,0.004376062527490485,0.9107359229172979
198,0.028381181119585173,0.013413608527028036,0.46994902749464473,0.010833243912561125,0.47742293894618093
199,0.0029100730047150955,0.001165146914275441,0.04069869044111242,0.000836702189770649,0.9543893874501264
200,0.030790371645054822,0.001411017590316072,1.31596637730859e-06,0.004597148163883038,0.9632001466343688
201,0.002586724004501309,0.0005330912069564429,5.397013011972883e-06,0.0011108308067358638,0.9957639569687943
202,0.0027211855833834202,0.0011133256821694625,6.555646315413186e-06,0.0008306967631844424,0.9953282363249473
203,0.005735106626193067,0.0008816228266981726,3.3637268086634482e-06,0.0012704219682001803,0.9921094848520999
204,0.005683518889000415,0.00045710958557375694,5.770822984135544e-05,0.0010429518640200663,0.9927587114315645
205,0.004942318887396609,0.0023740104550505985,0.00033076127618083146,0.0019394516717803657,0.9904134577095917
206,0.011097823889695267,0.00607014540120934,0.0007006899390629779,0.002091412203499902,0.9800399285665324
207,0.008136368884794515,0.007586852101334229,0.0018615053521460249,0.001694163253719034,0.9807211104080061
208,0.0018277071782906494,0.000780419954400723,3.269971306105033e-05,0.00015929132663302815,0.9971998818276144
209,0.0026525699752637157,0.0010596068983018232,1.650925924557261e-05,0.0001467381597227822,0.996124575707466
210,0.0027721212113450636,0.00061712618841156,0.00010120584368597764,0.0003034225816087901,0.9962061241749486
211,0.0024934928229845125,0.0004070565721263243,3.7557200004782145e-05,0.0004080604077413333,0.9966538329971429
212,0.002186091307863829,0.0004652820025648185,4.83720525061957e-05,0.0005610689871054416,0.9967391856499598
213,0.002002849156413071,0.0004336264616620804,3.62523255318267e-05,0.0003891718729667302,0.9971381001834264
214,0.0020392731385875072,0.00037948151930499916,3.0303707429036836e-05,0.0005291782217978319,0.9970217634128806
215,0.004285942221035401,0.0011088963023951205,0.00020276758116988893,0.0017284773832923043,0.9926739165121073
216,0.011783001943462863,0.0013971532186867165,3.8516285578771035e-05,0.0012000297601294728,0.9855812987921422
217,0.01900148544891589,0.0011461280247138798,1.958287860309013e-05,0.001804787682551981,0.978028015965215
218,0.03924515293676487,0.0025662944523025207,5.930850018007527e-05,0.005828499030237009,0.9523007450805155
219,0.43205357077805884,0.27365909013293127,0.006241309175477654,0.09664352205097294,0.19140250786255936
220,0.3935584184076706,0.36094836915889555,0.007255416725200799,0.12443641935217428,0.11380137635605875
221,0.0718123843929615,0.0200097336785601,0.00022251057754677246,0.053262850958306164,0.8546925203926256
222,0.2245459109016031,0.030027327753638346,0.00021640839054546808,0.08034093848605267,0.6648694144681604
223,0.6724472712668254,0.06371618819811166,0.00028109567469935615,0.12264395690130482,0.14091148795905886
224,0.6348577784534611,0.18888722618711254,0.0029355503912951784,0.11159156026438923,0.0617278847037419
225,0.36151926137879753,0.360380394715996,0.005406391655865428,0.2310849094965624,0.04160904275277873
226,0.20501066878190738,0.49771659240618793,0.0021305202609163422,0.2673417374937223,0.02780048105726616
227,0.1557974181679869,0.6942506554321538,0.011670086035609461,0.1100127423262554,0.02826909803799442
228,0.06854850698878909,0.8353856564677395,0.018807015729843012,0.06721370232324717,0.010045118490381272
229,0.15729805063760424,0.6827568424585666,0.018480516478148763,0.08147180177666281,0.05999278864901771
230,0.32571952435683005,0.523399523970902,0.00487951212703955,0.09087881582888907,0.055122623716339435
231,0.18242234631361529,0.7491076053820108,0.005208210624632866,0.04370664833365918,0.01955518934608202
232,0.142831067660246,0.7712483684022888,0.061924938442611765,0.01393442096196267,0.010061204532890881
233,0.035630400177398734,0.7835987815561227,0.16458984412051206,0.011661508432899115,0.0045194657130674136
234,0.030136033479706902,0.9135992839561906,0.027924002212904583,0.020432040100677458,0.007908640250520604
235,0.034429538961038224,0.7382115800416162,0.16554563406751333,0.057214782139245336,0.004598464790587059
236,0.03729693441957344,0.8370337636774661,0.07348105029051255,0.045330919166789004,0.006857332445659173
237,0.03236627799484605,0.8805036052393166,0.03210054783718359,0.04635098820111565,0.008678580727538219
238,0.13372947486229586,0.6120369868024048,0.010181231756330395,0.17742536369900547,0.06662694287996346
239,0.01676514268559048,0.01803758221413898,0.0015220000680714351,0.02429926019625312,0.9393760148359459
240,0.38617462628910204,0.21893211711153465,0.0024017611744143854,0.18439070207413608,0.20810079335081288
241,0.36393669716867383,0.06682810499368498,0.0003976173110922891,0.0801591612610093,0.4886784192655396
242,0.4476967284508276,0.1626942307151391,0.000939007300832059,0.13606779440145036,0.252602239131751
243,0.28214135058189177,0.08008619226086361,0.0003443089434439365,0.12556553966494094,0.5118626085488598
244,0.02426747184111668,0.009035423535085118,0.00012543961075676312,0.014897787649350682,0.9516738773636907
245,0.3649110341427893,0.320559976599286,0.0006558892992086622,0.25141182729878336,0.06246127265993266
246,0.45017477122402266,0.19088199566897573,0.0011477548985795061,0.2416484873325652,0.11614699087585673
247,0.25417691944565657,0.4691170296674263,0.008103434867733272,0.21956872382109002,0.04903389219809374
248,0.20649730766872926,0.09087004454544266,0.00017454368668180174,0.4442809759672094,0.25817712813193683
249,0.20528046083535847,0.2949461313493163,0.0020001692323034794,0.4667578555399577,0.031015383043063876
250,0.09020787778251856,0.6275340844607831,0.005252217266869469,0.26214296980727003,0.014862850682558913
251,0.22179573608663566,0.5116236135766176,0.0050882775214443465,0.2218002088379451,0.03969216397735739
252,0.1785233529701097,0.5229610100814961,0.002659409712478867,0.25836736296658425,0.03748886426933117
253,0.1670288906350819,0.3894403274155265,0.0006193523702922637,0.1711351312733149,0.27177629830578437
254,0.19294821423958874,0.7056468411605418,0.0054898608475990075,0.06804131278649773,0.027873770965772808
255,0.32958712159290654,0.5896758938265034,0.0018929665445927004,0.05291919323730859,0.025924824798688684
256,0.3902175632198441,0.5182067556866757,0.006774288559589284,0.06072712590577048,0.024074266628120403
257,0.13809072935812544,0.6701473521473362,0.1032470774834512,0.08162673589720548,0.006888105113881621
258,0.04727809545231549,0.7781854320912688,0.10269903089654814,0.06261519565334447,0.009222245906523156
259,0.08289761228228779,0.7558493903549698,0.01775024533404726,0.13362151397145672,0.00988123805723839
260,0.05831733456789781,0.7044372922986082,0.15961759277124607,0.07109187487054273,0.006535905491705239
261,0.05008238213020327,0.7824105177258726,0.10724564114102862,0.05125959829239477,0.009001860710500624
262,0.08871337610388295,0.7464665576414995,0.025886827088661378,0.13115040036835499,0.007782838797601018
263,0.181437570758128,0.7232886776012657,0.03340579263915238,0.04693977503622752,0.014928183965226436
264,0.11152678540413286,0.8546339367422154,0.009519810192137143,0.0188521798353966,0.0054672878261179305
265,0.14753344874794388,0.7492268297804282,0.08887279195713751,0.008606564378541784,0.005760365135948785
266,0.04451076731450394,0.813735666313635,0.13302047125951785,0.004760443987095639,0.0039726511252474546
267,0.035426635879298354,0.875598580476906,0.0785346368761553,0.006482833907754741,0.003957312859885588
268,0.012748343715565994,0.6952691617724441,0.2836498482354057,0.0048470785417547855,0.0034855677348295164
269,0.004955729780805935,0.738803020195507,0.25243269150188724,0.0016743462894368568,0.0021342122323631725
270,0.007805596889152485,0.5026229115518056,0.481378397549434,0.0018551193166594783,0.006337974692948537
271,0.006355941447317138,0.40757785313506,0.5797147046835727,0.0014803844061328378,0.004871116327917163
272,0.006813212043965655,0.6826681481550155,0.30477788267734846,0.0013594187595926384,0.004381338364077657
273,0.01195027371046734,0.37557680272754046,0.6057840058846937,0.0015320982132190067,0.005156819464079506
274,0.005453331642382515,0.15340762983653383,0.8358536150009708,0.0006405240600694313,0.004644899460043263
275,0.0024023515933671367,0.25270364941679824,0.7408627016594542,0.0006674408261358402,0.003363856504244557
276,0.0027677196256144765,0.17594395712067587,0.8186009838462341,0.0003349244648625454,0.002352414942613006
277,0.0018873150415727245,0.17359017623848363,0.8219439111912833,0.0002764186931607534,0.0023021788354994598
278,0.005740309560565121,0.09416876293454515,0.8982196260431854,0.00021025715536744866,0.0016610443063369115
279,0.0038096758756590203,0.09059858083117296,0.9039032164251761,0.00019267148835204522,0.0014958553796399526
280,0.0028785232335592414,0.0823197049733783,0.9128541182118168,0.00018223735479325364,0.0017654162264524754
281,0.002445967368582771,0.06141495931348463,0.9339499839864897,0.00018726865304691384,0.0020018206783960157
282,0.001488341537201182,0.0439457118433078,0.9532351612065089,0.00011198809670327152,0.00121879731627895
283,0.0020324376536986506,0.07064386709804445,0.9253780359335669,0.0002164922211447663,0.001729167093545119
284,0.0035073551342040318,0.07877131076985402,0.9152845691826614,0.0004279986429805627,0.0020087662702999902
285,0.001372573166392148,0.05702001027101834,0.9400013733418954,0.00013634665720810082,0.0014696965634859087
286,0.0010720637159708406,0.06437130894447012,0.9331726882923047,0.00012568789743377094,0.0012582511498205546
287,0.0009555680956157053,0.0407978475961038,0.9571904793378984,9.880580320721389e-05,0.0009572991671749618
288,0.0005588511481029829,0.022152951171208704,0.9765503810287999,7.973049557489386e-05,0.0006580861563134149
289,0.0006808380530285918,0.04899959164590386,0.9487015575723944,0.0001619778558536915,0.0014560348728194544
290,0.000663716313367983,0.018526345521972194,0.9796105557429086,0.00010143156723680616,0.0010979508545144487
291,0.000870582296121507,0.04758344557077049,0.9498514072060811,0.0002341676341165148,0.0014603972929104175
292,0.0005740973838095964,0.031785675022330845,0.9651079609628271,0.00011488776302248217,0.0024173788680100475
293,0.0011128355517832035,0.07529759262624473,0.918934561201367,0.00032042314060047074,0.004334587480004621
294,0.0009180575427835712,0.026551331733303145,0.9694421276375422,0.0002887136731580621,0.00279976941321311
295,0.0005473926188808334,0.02268658960567055,0.9748150192574704,0.00018228759252923385,0.001768710925449044
296,0.0008650220863970221,0.04140212226528124,0.9555005193656211,0.0002948018763201206,0.00193753440638057
297,0.0012744881447268328,0.024584696669911206,0.9711257786083967,0.0002224240750571159,0.0027926125019081373
298,0.0013031948056244386,0.05645523216235177,0.9398288400612955,0.0003454452598309462,0.0020672877108975163
299,0.0006364702044083305,0.024748916181478706,0.9725557809362458,0.0001816388651438511,0.0018771938127232178
300,0.0006844579079212922,0.023710717067777852,0.9734616064075193,0.00023348809349915914,0.0019097305232823499
301,0.00119506739459937,0.03578383909755308,0.9594832712507472,0.00028831298042503254,0.00324950927667557
302,0.0007016047265118483,0.022157285535184142,0.9752831639496579,0.00019882988319191959,0.001659115905454226
303,0.0011786492289038877,0.03105285823637297,0.9657683418767197,0.00016973648855955718,0.0018304141694436922
304,0.0004224851180951552,0.018341433740408086,0.9800702867162701,0.0001022337222590099,0.0010635607029677288
305,0.0009784249994618268,0.02534114851894516,0.9723672656853347,0.00015267405938467542,0.0011604867368736217
306,0.0003158130452713151,0.01435875920747315,0.9843756358190453,0.00011425799479530387,0.0008355339334148776
307,0.00046325993725792523,0.020252057250197235,0.9782460070695269,0.00015394108684974042,0.0008847346561680637
308,0.0009829697901053156,0.030771205508037993,0.9663155725068563,0.00016041917566608196,0.0017698330193341172
309,0.00020072632688580228,0.007430602467336465,0.9916747264823925,5.4216538760925417e-05,0.0006397281846244655
310,0.00043599905596005366,0.01752601754188999,0.9809022706335269,0.00014378651548053832,0.000991926253142655
311,0.0004329426939467973,0.024733513068711424,0.9735756640051875,0.00016406312057119123,0.0010938171115831355
312,0.0008148784834481578,0.02486418078454529,0.9719152122914915,0.00026431637217589883,0.0021414120683393035
313,0.00048456875176251086,0.02688916241309914,0.9710038545826694,0.00028498357494587335,0.0013374306775228815
314,0.0005575082271298227,0.031482719835725134,0.9662145780483969,0.00022025742537810477,0.0015249364633700773
315,0.0003956673793199086,0.023004958851540653,0.9754823028179507,0.00012475394456477247,0.0009923170066239181
316,0.0006314170477054647,0.02912096628204283,0.9687545155895073,0.0002124776925838591,0.0012806233881604173
317,0.00040422081988048664,0.022599038113182385,0.9763763955176398,0.00014367216551987576,0.00047667338377739495
318,0.0009117269256988548,0.040791771639996706,0.9569984266341165,0.00027836732532421013,0.0010197074748638881
319,0.0007046960038121331,0.024853443740569393,0.9733541296706264,0.00017112429440512017,0.0009166062905868302
320,0.0006327430331201755,0.029049761487814643,0.9692745947623449,0.00011561968958902409,0.0009272810271311234
321,0.0008539241615068232,0.021600072137823438,0.9762290289189214,0.00018391756686897626,0.0011330572148791427
322,0.0005867555862269476,0.01837299232813885,0.9801414506795291,0.00010344133016492223,0.0007953600759400614
323,0.0030037654025931947,0.046868118411511894,0.9471350068162797,0.0004630801143761619,0.0025300292552390027
324,0.0006911067710324332,0.04966236832810903,0.9480007059504907,0.0002236752876889325,0.0014221436626788496
325,0.0015160195791047268,0.026448438003776054,0.9693075931714863,0.00016140214839213956,0.0025665470972408345
326,0.002329684724466949,0.027494319221547363,0.9660092188904507,0.0002908196157399291,0.0038759575477950157
327,0.0027450629580912174,0.04885023628013241,0.9424478508421836,0.0005412427557525548,0.005415607163840319
328,0.005017790406228057,0.06664798217931651,0.919812768545095,0.0013617206729213379,0.007159738196439078
329,0.006644023174564481,0.10194556950058623,0.8754609885677048,0.003107831100932574,0.01284158765621205
330,0.01232443366926369,0.08867490859363043,0.8665261449116217,0.008414944135616602,0.024059568689867528
331,0.1654670325407051,0.3595398656842675,0.016590944553480255,0.22349660611496844,0.23490555110657865
332,0.10599024499176248,0.41442465318603694,0.003699452619064894,0.39022092862721663,0.08566472057591903
333,0.04568132313254748,0.030830757405028653,5.850264095390545e-05,0.8988183676638513,0.024611049157618723
334,0.14538338834829362,0.08497837485308353,6.352124997657449e-05,0.75259964795209,0.016975067596556183
335,0.039901979619580426,0.04444189770459195,1.5694250681261233e-05,0.9023629148277496,0.01327751359739683
336,0.04157922104636147,0.029822834452563795,9.940116191050921e-06,0.919881991543228,0.008706012841655734
337,0.022291636783617348,0.021490618265294054,5.8928220003968035e-06,0.9475695780366631,0.008642274092425038
338,0.03658844546769259,0.017635859510649426,3.6694063736218333e-06,0.9350650781282465,0.010706947487037871
339,0.03549136225322764,0.01854054759101421,2.9324773537351033e-06,0.9387883103070976,0.007176847371306786
340,0.052562897255403127,0.07899822955771281,1.6165582687286075e-05,0.8471957009223662,0.02122700668183057
341,0.0377692894837573,0.043376477488116134,1.0903831010280227e-05,0.9000710967674018,0.0187722324297146
342,0.04624493742989156,0.019966521024019492,5.1178029016800165e-06,0.9121201542513097,0.02166326949187763
343,0.035799325099183134,0.02068611853313008,3.7613946112978648e-06,0.9360900415741467,0.007420753398928675
344,0.03232938783404276,0.06753248823200936,9.871427791844426e-06,0.8876767563305623,0.012451496175593732
345,0.021026459493732778,0.038119019538717554,5.811822324314061e-06,0.920655475369444,0.020193233775781305
346,0.03083216945137176,0.034761195607614884,5.17018086609825e-06,0.9174230440622537,0.016978420697893678
347,0.024249086431147076,0.014686114552698299,3.4799660501523177e-06,0.9547518382584771,0.006309480791627292
348,0.05008903332584724,0.02855867749626313,5.855215437353448e-06,0.8966603090814866,0.024686124880965592
349,0.11623757767824051,0.05230309582311283,5.123120080372423e-06,0.6372055489802664,0.19424865439829994
350,0.20566202025725816,0.14668957243148645,2.710798363930842e-05,0.5509408422931851,0.09668045703443084
351,0.09068633455301012,0.026654252234460867,6.476848935936068e-06,0.8481885580932305,0.0344643782703626
352,0.13564046146507733,0.058336247556163505,1.0691401976898504e-05,0.7366418784297457,0.06937072114703663
353,0.2598010470519913,0.22237619322626567,4.823621407677968e-05,0.26283812954621916,0.254936393961447
354,0.16031897874785536,0.12817957225562263,7.371706667213062e-05,0.6504682653776294,0.06095946655222045
355,0.05614106442431726,0.18585893515398233,0.00033502120022901595,0.6519809382688135,0.1056840409526578
356,0.06130223978724975,0.1754451119927148,0.0002199940481279564,0.7356696019605877,0.027363052211319832
357,0.033125647830506595,0.0774138647594538,5.253971671557534e-05,0.8667291378707969,0.022678809822527048
358,0.030785394735121402,0.029771033627704408,5.11346207087087e-06,0.9290205077709495,0.010417950404153943
359,0.02495972541828436,0.020118867146053147,3.674893017179841e-06,0.9456652817761432,0.009252450766502291
360,0.05980423847131382,0.013849949604361386,2.8382469573653157e-06,0.8992912099581253,0.027051763719242148
361,0.07306914910696849,0.013512529298846552,2.6275816057112575e-06,0.873723061988702,0.0396926320238772
362,0.1344831801460789,0.018538207506530638,9.044307956507202e-06,0.8223278669335906,0.024641701105843256
363,0.14250737771946345,0.041084877454030444,0.00020852726720444877,0.5215152589996165,0.29468395855968527
364,0.0369778066868149,0.00682308770114559,2.6628013462757642e-05,0.1412743502052422,0.8148981273933344
365,0.3140734871545821,0.02565861733197664,0.00012434523814295614,0.1366995101276591,0.5234440401476392
366,0.14112701667221592,0.02623387792517743,0.0001378612847723278,0.059344577960534946,0.7731566661572993
367,0.27029938196075465,0.04987338794867753,0.0011883662565075656,0.0500715940265432,0.628567269807517
368,0.279187031309095,0.5713072902042107,0.003299366524291206,0.12381289892506232,0.022393413037340725
369,0.22990098561103908,0.5295232015123796,0.0018747085428350242,0.22058886015382886,0.018112244179917365
370,0.26404034739182525,0.4808602473934951,0.00959238629238408,0.2240651918027222,0.02144182711957335
371,0.07988940168359392,0.7366376547212496,0.02944881533676817,0.147607195683785,0.00641693257460325
372,0.041731559875810696,0.6074949755340683,0.00663944740121774,0.3394026977344961,0.004731319454407171
373,0.022697651749621482,0.6874875060734158,0.1498419942110829,0.1358510425787206,0.004121805387159409
