epoch,N1,N2,N3,R,W
0,0.0025494900709639827,0.00013441755391782828,1.4295678350082352e-06,6.556159375022594e-05,0.9972491012135329
1,0.0017901209566922596,0.00010109362431497009,1.3077306473818243e-05,2.170101375128026e-05,0.9980740070987678
2,0.0003217475603874558,7.405961626579515e-05,4.253948870746832e-06,3.1123831377208606e-05,0.9995688150430988
3,0.0008083193087117051,0.0004438183563907348,5.985272419492222e-06,0.00013045367974324955,0.9986114233827347
4,0.0017008528035421444,0.00030841582108512977,1.9544851597141146e-06,3.169203344260578e-05,0.9979570848567703
5,0.00628759350647732,0.000485043216207034,1.1359231969045676e-05,9.023129293865783e-05,0.993125772752408
6,0.021747984714341705,0.0021880643894031204,1.7828151562557592e-05,0.0001941534393930905,0.9758519693052994
7,0.11634135327475024,0.005842389530408295,4.455902634611163e-05,0.0006149501864124151,0.8771567479820829
8,0.7577245918614713,0.02258217859030682,1.85394795468067e-05,0.0010097036046543633,0.21866498646402063
9,0.7331214367106362,0.0377220815728943,1.6474090112492675e-05,0.003908538274517703,0.22523146935183927
10,0.5149309949619244,0.06231484981732801,5.4466959573019456e-05,0.008699394669229943,0.4140002935919447
11,0.2542461276911257,0.629268265928647,0.0010509110187459287,0.0327271577354112,0.08270753762607017
12,0.013535861807300638,0.006126538833840271,2.3638899332024405e-05,0.002618630262946909,0.9776953301965802
13,0.3947721579083886,0.1611347430334565,0.0001703707976867217,0.020756731186004875,0.4231659970744634
14,0.06138075012517955,0.7842784381749466,0.012479667163213672,0.00724455546005611,0.13461658907660415
15,0.04127134421451875,0.2885223451812154,0.025730808128249558,0.0019679769459086567,0.6425075255301078
16,0.000432270073495003,0.0005354540453034316,2.4194611648281383e-05,6.232145539828638e-05,0.9989457598141549
17,0.00020905889887916137,0.00021628467920360245,5.584710205730834e-06,4.036053274481987e-05,0.9995287111789668
18,0.00020791223686376247,0.00011924741032968349,7.271560349681002e-07,4.9421700126389474e-05,0.9996226914966451
19,0.001039660413782796,9.642104034304372e-05,2.450167035936672e-07,3.244687477146526e-05,0.9988312266543992
20,0.0005797823821830175,5.9534671015495124e-05,1.3134303370015339e-07,3.239716823263373e-05,0.9993281544355352
21,0.0015486496082744588,0.00011112869602186892,5.747431323956734e-07,3.4361571047330236e-05,0.9983052853815239
22,0.00023676885820843226,5.009003632964259e-06,9.26382273219681e-06,4.98248983413442e-06,0.9997439758255924
23,0.001345356422566283,9.742095673105728e-05,3.901065435004537e-06,8.117389824959336e-05,0.9984721476570181
24,0.0007177714484145073,9.802888771863149e-05,2.374735862805753e-06,4.548776928261121e-05,0.9991363371587214
25,0.0012563482290648012,9.101465495541352e-05,1.6084291536719552e-06,2.937152453733529e-05,0.9986216571622887
26,0.0008888979353895314,6.849539102512798e-05,0.00027181678734283505,1.9076039093471646e-05,0.998751713847149
27,0.0009553047008383054,0.00025282827525814795,0.0002970290469686827,4.406015352117754e-05,0.9984507778234137
28,0.00034957946184006503,0.0001881712931986525,0.00026947803118613665,2.9275577662204878e-05,0.999163495636113
29,0.0001335892888379449,0.00010326733454767434,4.6103618254953617e-05,3.634250963613027e-05,0.9996806972487233
30,0.0002868798076297926,0.00011429843833557181,4.371349082914112e-06,5.0405491399070506e-05,0.9995440449135526
31,0.000651285176771515,0.00014466232639443057,5.89102978381526e-06,8.540129385534704e-05,0.9991127601731948
32,0.001366783527230864,0.00021650267230776066,3.0309423895874665e-06,9.9564641978809e-05,0.9983141182160931
33,0.0014615235237515653,0.00015363945040620057,1.4952474048198165e-05,6.28382314044484e-05,0.9983070463203896
34,0.0007394152566278745,9.947800845238919e-05,3.374329052291805e-06,3.426544202652062e-05,0.999123466963841
35,0.0006639944325959196,0.00020764296047206176,4.3906238520438954e-06,6.26759588012563e-05,0.9990612960242787
36,0.0012419830422136266,0.00018616318897984632,2.7219024646889814e-06,7.210709698582743e-05,0.9984970247693561
37,0.00023105537637554388,3.9901314822140325e-05,1.476938430087691e-06,0.0001295870389311978,0.9995979793314411
38,0.0011944421184221226,8.818845409750678e-05,4.859341727313456e-06,4.6201404081168517e-05,0.9986663086816718
39,0.002278435766729938,0.0001817699283339163,2.457869568280144e-06,8.855700678291692e-05,0.997448779428585
40,0.002792187189303742,0.0002252438866360997,2.372869821852184e-06,0.00012832906236436419,0.996851866991874
41,0.0020707936682720415,0.0003159287194010805,3.5737107426870665e-06,0.00010931685733164324,0.9975003870442526
42,0.0015828363301346102,9.637943294283826e-05,2.9699298013734498e-06,7.083524693556562e-05,0.9982469790601856
43,0.003910131250698798,0.00026426889310266486,3.683280103804201e-06,3.573787125181863e-05,0.995786178704843
44,0.0015618730122324274,0.00018191420527007872,1.1688628027433978e-05,0.00011363100620770306,0.9981308931482624
45,0.0007332153762827118,9.245533644513038e-05,1.0650361766444048e-06,4.0080142533444854e-05,0.9991331841085621
46,0.0015568142686290408,0.0002222502715720942,1.1671806802514219e-06,0.00011543383500990537,0.9981043344441087
47,0.0020334042354084887,0.0001443691093826588,3.089234765867586e-06,0.0001391766923405616,0.9976799607281024
48,0.013067313249225807,0.00025774872153981246,3.826147183418897e-06,0.0003631264772629084,0.986307985404788
49,0.18847506806058165,0.0030505920635273314,4.2909467760174424e-05,0.0008626450728919402,0.807568785335239
50,0.1344599825720249,0.009622980904223111,4.9591935548395325e-05,0.0022649847903500565,0.8536024597978535
51,0.048518165562146394,0.00782564187925157,2.2535295314948294e-05,0.0020132690829633404,0.9416203881803239
52,0.3227194394769347,0.028550703269331717,6.015424063988913e-05,0.005667782944400194,0.6430019200686936
53,0.6819880284373496,0.04091870711714045,5.4664928959452924e-05,0.0026906323879171026,0.27434796712863324
54,0.729253785344035,0.06816878897994788,7.819645299936258e-05,0.003024980642955427,0.19947424858006227
55,0.268250285818681,0.6050499891541721,0.00015182499794874177,0.0039614310035575315,0.12258646902564077
56,0.047650989950453394,0.9036361869500367,0.01575129773770588,0.00197162103364764,0.030989904328156327
57,0.09207665221914994,0.8282145986304642,0.0010403395323997477,0.006577800734739613,0.07209060888324659
58,0.05215313431736438,0.6779230898298046,0.13620825974586584,0.0011756420586371023,0.132539874048328
59,0.01743202908415098,0.01809045783272822,7.110122888482957e-05,0.0004601713633142886,0.9639462404909216
60,0.16448641741242537,0.6957866436045471,0.005091359695316492,0.006213745630382195,0.12842183365732898
61,0.027723667127124714,0.8017316719124973,0.08107681074537847,0.0009007205936434004,0.08856712962135617
62,0.09500647332919349,0.03184631410933262,0.0002281283669614183,0.0007417896877751535,0.8721772945067372
63,0.2655262180392137,0.18216615230458438,0.00028986661451966324,0.0056172725079567535,0.5464004905337254
64,0.20118773883369875,0.6538394263464762,0.007264644017747358,0.010939575222676601,0.12676861557940117
65,0.09317113338699427,0.8697341460381188,0.003343850807807816,0.0031048194398532666,0.030646050327226032
66,0.09098437735123471,0.5724232950963275,0.0008075412553033948,0.002824532471726935,0.33296025382540745
67,0.2981234771528432,0.2028912818167538,0.0004519231107886662,0.007294729052422906,0.49123858886719146
68,0.6691951483458131,0.2249194259621194,0.00020130188722841642,0.0014248391918692195,0.10425928461296993
69,0.11768479685559108,0.8748966631700857,0.0019735387941067486,0.00015733133600640705,0.005287669844209877
70,0.087627287826578,0.8884998616095294,0.01787943729782927,0.000506054985349813,0.005487358280713403
71,0.05675749019759552,0.9151629273604986,0.011344731424476753,0.004637361354207737,0.012097489663221304
72,0.006480504540162239,0.8093317833984338,0.1719653692502178,0.0020962920076374432,0.01012605080354874
73,0.07453856617218231,0.7765952186833134,0.008454412623515675,0.00967602499304411,0.13073577752794463
74,0.30406596655007045,0.3095696431985826,0.0006872668489973069,0.07374776401065683,0.31192935939169286
75,0.0889494761534317,0.8601419085235606,0.0032020688896810803,0.012167680837075479,0.03553886559625117
76,0.049894258367662904,0.7260886933765213,0.017666279407121743,0.001789240686340995,0.20456152816235307
77,0.003910010949678233,0.005165485868644096,3.5963931666550014e-05,0.00041592486921132214,0.9904726143807998
78,0.003198251448603746,0.002983345085331262,1.17555682443286e-05,0.001107381604205243,0.9926992662936154
79,0.0038023133586882357,0.00079397762929629,6.697378199785263e-06,0.0006519616497178984,0.9947450499840976
80,0.05477500841528724,0.0009209408683113883,7.612650118677845e-06,0.0009701799052946933,0.9433262581609879
81,0.723244172878387,0.005450384815380928,2.1419543701891715e-05,0.0011821889633353948,0.2701018337991947
82,0.8296725767697752,0.008868109075814283,2.1624814659736444e-05,0.0011185110458035458,0.16031917829394726
83,0.8405087656218755,0.09504188023814128,5.926251495797408e-05,0.0076358557157844694,0.056754235909240815
84,0.5043553130911363,0.12338660891807764,0.00013867672993588467,0.032402528487373045,0.339716872773477
85,0.6487178822340718,0.24210241299541183,0.00013659944198941214,0.03708841091420885,0.0719546944143182
86,0.0946513677258347,0.8707936314549699,0.004345652167048931,0.010200256995904352,0.02000909165624209
87,0.022449616548107825,0.8488662606183969,0.006435351159714378,0.0012387128020437826,0.12101005887173709
88,0.1301251515575884,0.09498722861172301,0.00017274138475011075,0.012591621229726593,0.762123257216212
89,0.4483861842678652,0.18373598458078277,0.00021192992396404243,0.03634055178451137,0.33132534944287656
90,0.42344976569947385,0.0954315848775593,0.0001390313740705095,0.021279771828793603,0.4596998462201028
91,0.7694952494779219,0.16958480535481024,5.126141083662236e-05,0.0111121863885156,0.0497564973679154
92,0.07565698979888331,0.9080988122182767,0.001280160526677455,0.008139179609039506,0.0068248578471229145
93,0.05369049434858712,0.0397217726276636,0.0001408231535981454,0.011073180780122578,0.8953737290900285
94,0.6399439448372203,0.19078897381852275,0.00020490325560357906,0.09079722087012838,0.078264957218525
95,0.5071271425445244,0.2256396313994951,0.00024273812643052406,0.1216130494624639,0.14537743846708606
96,0.7327087824212547,0.24062280543902928,9.581392152543415e-05,0.005407144305055873,0.021165453913134784
97,0.38522832499481685,0.5668179789175021,0.00036799191267715897,0.0310638012150173,0.01652190295998669
98,0.034698076641885754,0.9295237166184362,0.025474273621593182,0.003218466998272647,0.007085466119812183
99,0.1422690598496758,0.7672265766003865,0.0013151996436420255,0.029661807481286013,0.05952735642500964
100,0.47914599321176155,0.3299058549527914,0.0007653884271812734,0.08093739573408391,0.10924536767418189
101,0.3069805977609387,0.647664635935849,0.0014499007588497505,0.030809032750293213,0.013095832794069392
102,0.062368887854716,0.9033920887380812,0.004103043842315752,0.023493425034841448,0.006642554530045544
103,0.06601125249944301,0.7987738830700476,0.0124301766462913,0.006512322714823078,0.116272365069395
104,0.028849055131329047,0.016173068267019138,6.550390223732168e-05,0.0016128727166957377,0.9532994999827188
105,0.654940712743197,0.14340672933403636,0.00021315022006526446,0.011260983983218337,0.1901784237194831
106,0.36465659088323044,0.6154528205264073,0.0023094284628190002,0.0020164303322418122,0.0155647297953015
107,0.10513963108060152,0.8722022217718746,0.016337091020957036,0.0008400977587051438,0.005480958367861759
108,0.027024936642335493,0.9483848307142045,0.01679535205493273,0.0011081465930259055,0.006686733995501234
109,0.10003629973092547,0.8321934642765599,0.012112862718236575,0.033000324535718446,0.02265704873855925
110,0.024030057170397794,0.9308906291070065,0.026495105010993034,0.006923542118904277,0.011660666592698144
111,0.03534324399742049,0.9142147779056989,0.01892237683974426,0.023907210901031782,0.007612390356104418
112,0.13257385505769764,0.7975738541255794,0.0019946990701885346,0.02624894573881313,0.04160864600772143
113,0.03369207687598974,0.9307993486584452,0.005830558787803628,0.01918097854960586,0.010497037128155477
114,0.025795707946114847,0.8364710995846425,0.1153127485281458,0.013818736904442236,0.008601707036654343
115,0.032853009120807915,0.05925612977744859,0.0009194936604425646,0.0054992861711630914,0.9014720812701378
116,0.42775658817349066,0.14823039603805063,0.0005692259060755215,0.07027593918567321,0.3531678506967099
117,0.2435132126693868,0.6546352535090475,0.002109768456650325,0.04154992729532745,0.05819183806958788
118,0.31345239995966645,0.4879623421052381,0.00028383150191484184,0.029624106606660858,0.1686773198265198
119,0.15908541709543966,0.1289236833129336,0.00042029129123017777,0.030224884928053777,0.6813457233723427
120,0.45691319934811125,0.09382349462054307,0.00011676653733795804,0.030997311235561136,0.41814922825844664
121,0.16821170390558807,0.7298698001383515,0.006198494019165972,0.035788856136156684,0.05993114580073779
122,0.0657241567143279,0.1306244454740575,0.00037222007064435125,0.016429165013610587,0.7868500127273597
123,0.029836677385326287,0.0075002944213055,4.938609450691337e-05,0.011955452953661435,0.9506581891452
124,0.1186910908562034,0.010746916668794224,0.00016146715163205952,0.01925355881438011,0.8511469665089901
125,0.5962270376579538,0.019220881176323614,6.861117535738764e-05,0.040282659898553674,0.3442008100918115
126,0.7981976941465767,0.04850888924496909,3.3241497270446583e-05,0.032773462447787984,0.12048671266339595
127,0.27843862710071793,0.343810641039567,0.0003692788766359467,0.3120751143921907,0.0653063385908885
128,0.09655553920932429,0.19170075901946848,0.0001742716454205619,0.678881851191757,0.032687578934029585
129,0.04918276587999273,0.015159668664183844,7.409279437941814e-05,0.23102801546777244,0.7045554571936716
130,0.568355577259356,0.08406201226922161,0.00022732137666697536,0.22151484469419674,0.12584024440055874
131,0.8173220777397824,0.04152199051939725,2.832764744176451e-05,0.03678725516429312,0.1043403489290854
132,0.5485732448847531,0.43507595985613473,0.0014619342279911188,0.0030730588806509207,0.011815802150470225
133,0.5793226126533895,0.3372482976089434,0.0002071018613014605,0.01134628938436073,0.0718756984920049
134,0.061828264753276095,0.9253633455159533,0.002604292317722613,0.006402582076264243,0.0038015153367836497
135,0.007868372393827008,0.9013320654927091,0.0812972567892195,0.005834790791722842,0.0036675145325216593
136,0.41603454122238337,0.5260458633358176,0.0014556551721659355,0.018442501625087857,0.03802143864454521
137,0.01864992707279635,0.9426060816114481,0.022535680718073728,0.011947612741707513,0.004260697855974398
138,0.018723049719320897,0.946629109481133,0.026538807895128587,0.0029303275673350213,0.005178705337082547
139,0.2254458582400308,0.7331011990531057,0.0022722139849475974,0.008672256573832486,0.030508472148083537
140,0.029941308599178103,0.9398105345747279,0.02074026374351281,0.0037509137123699675,0.0057569793702111705
141,0.005863735209338607,0.9630215672332924,0.028299273562591234,0.0008464866159927688,0.001968937378785012
142,0.03016617061114984,0.9478975699477612,0.012645299402478412,0.0026300963261345566,0.0066608637124760004
143,0.08915025900824014,0.867221171467762,0.012735300116964039,0.023245241094620367,0.007648028312413599
144,0.014722877850972278,0.9268052157423436,0.051203612533661534,0.0038566424980134824,0.003411651375009126
145,0.07476841771721957,0.9005555694716055,0.009168000587136552,0.004541495874763129,0.010966516349275248
146,0.009857491063627977,0.9347157445958185,0.0525716731156315,0.000834662223119245,0.0020204290018026945
147,0.011418549895662428,0.8798732009588285,0.10111103860378225,0.0040119616217780315,0.0035852489199489266
148,0.0076460515421010325,0.9131200954083095,0.0746467010544742,0.0015851590741962605,0.003001992920918748
149,0.2247745086721235,0.6952159869706527,0.014387547806580848,0.04442252026836123,0.02119943628228178
150,0.006282444407774083,0.8741188347958969,0.11431527930826901,0.0009262177581477318,0.00435722372991234
151,0.02834586605016394,0.9404696234766804,0.01939570553901551,0.006063473240424576,0.005725331693715694
152,0.01731771635855551,0.9080871108969095,0.0682873284528513,0.0024450864734773627,0.0038627578182065833
153,0.1591047438956899,0.7941439494328361,0.005203029851168193,0.014522957599570256,0.02702531922073549
154,0.2494615877235817,0.7094175140503113,0.003832416193810361,0.0189675383591816,0.018320943673115077
155,0.012476847944528809,0.9148432853576273,0.06913592022220935,0.00042252595205848444,0.0031214205235757897
156,0.030943538124874388,0.9498024943970262,0.012144158050573131,0.0005642535618092813,0.00654555586571686
157,0.011913468480221904,0.9746270464121476,0.010086970184365825,0.0005409735131475921,0.002831541410117082
158,0.015395559160797422,0.8911405714524809,0.08915657699193275,0.0012029508814308957,0.003104341513358008
159,0.015633116798389808,0.8024028407477707,0.17663192085851354,0.0021570011963046626,0.003175120399021412
160,0.0068295866778676885,0.6250291614068477,0.36412565442702566,0.0016629525698371296,0.0023526449184219614
161,0.04071713040382911,0.9182895602203447,0.02369134062700121,0.010377533629817689,0.006924435119007205
162,0.009200967960405983,0.6099536947071155,0.3739994102009389,0.0017931326765567477,0.0050527944549828615
163,0.06425766820639014,0.8856903586755572,0.03019799769732895,0.011160585576417059,0.008693389844306648
164,0.01227742752756158,0.6277810987584684,0.3513853648645002,0.0023564362499027174,0.006199672599567209
165,0.04048174078413296,0.8723603624502003,0.05650034720803923,0.011245014164872658,0.019412535392754976
166,0.018823439091108618,0.7885399564561361,0.1619658718457,0.010164787405208158,0.020505945201847203
167,0.13704945141797398,0.6472564936995431,0.005325830041060285,0.10087190498799833,0.10949631985342413
168,0.004287696097838427,0.028100698540449782,0.0012922241847275649,0.0008643516493589664,0.9654550295276253
169,0.004990720677661214,0.006993963833534395,0.00021738816259940245,0.0005508672585077212,0.9872470600676972
170,0.018239908857122344,0.018493517932499075,0.00017948011286257032,0.0011186845910750739,0.9619684085064408
171,0.03450659445717457,0.008088184922471363,6.958047357520082e-05,0.0011950255965888967,0.95614061455019
172,0.18588001530041565,0.032369077411644354,0.00010285974385074486,0.0236442188457345,0.7580038286983548
173,0.5694901949884897,0.08217635921930555,9.22592276904818e-05,0.05117370905764115,0.2970674775068732
174,0.26288122908015477,0.07359112378740434,0.00014346290847383846,0.048219266987390624,0.6151649172365764
175,0.6673544521574037,0.17709958186144112,0.0002448352351329625,0.11666341374297674,0.03863771700304555
176,0.402929085693802,0.5142495567046467,0.0002820903557648535,0.06856140085575611,0.013977866390030342
177,0.18589884688774397,0.7802091756523125,0.00037275209827632757,0.01832410310387232,0.015195122257794827
178,0.18008946437310466,0.7615151592917462,0.0009132706941680439,0.047168347880386916,0.010313757760594127
179,0.01835810911881129,0.9658453864370983,0.009098056008349967,0.004583620154799338,0.002114828280941206
180,0.009506977665334664,0.9689579911046152,0.009195014507913348,0.01049415401056554,0.0018458627115711939
181,0.022404637065810393,0.94241027504442,0.010130402423434898,0.02062226342005201,0.00443242204628257
182,0.04593920925789815,0.8721079525474662,0.008091738180491673,0.06072760467308587,0.013133495341058232
183,0.024875448809524567,0.9358679877870665,0.008204924836322763,0.026968168013964868,0.004083470553121282
184,0.1353589369199675,0.8293768968625076,0.002056999620286813,0.006703795898547481,0.026503370698690434
185,0.044417784460839764,0.9365520452752968,0.00871864664580545,0.004995734718181875,0.005315788899876044
186,0.011618526475244044,0.9743365169740957,0.009882436005471833,0.0024190377306555896,0.0017434828145328157
187,0.03380164718935763,0.8726323244034371,0.059351420681560275,0.002705799479322181,0.03150880824632304
188,0.1788960426464146,0.76027118359039,0.006279120113298117,0.02679586140522718,0.027757792244670152
189,0.031088768521489923,0.9553558930976348,0.004510614410651815,0.004736938516232174,0.00430778545399136
190,0.05589766546574999,0.8556756210641735,0.021506924890850078,0.0020082210082745006,0.06491156757095201
191,0.07600281951155152,0.8853730816504537,0.002258908647074881,0.00371477408989605,0.03265041610102361
192,0.048528617715021746,0.9302086626010111,0.007198174678564602,0.0034355693551219608,0.01062897565028053
193,0.031223561636801643,0.9462798595149966,0.01630495107506514,0.0012680809327393035,0.0049235468403973645
194,0.017858304996698576,0.8918313111366228,0.08515334246069108,0.0014904078248669935,0.00366663358112042
195,0.09377065063280852,0.7746332064828025,0.014159909722516888,0.0016389001038071397,0.11579733305806478
196,0.07574745663285547,0.8897755753824667,0.015689081230872762,0.008359852766153558,0.010428033987651377
197,0.02107940864420297,0.9157204953062481,0.055590006858430054,0.001887073095069325,0.005723016096049444
198,0.06646563102287424,0.8919862266792964,0.02271083755484463,0.004571364096824194,0.014265940646160345
199,0.030969796075567067,0.9351303731061632,0.020224413757258395,0.007944627421147288,0.005730789639863977
200,0.03501545405595389,0.9300497971339086,0.016773030550722153,0.0035899558847137555,0.014571762374701765
201,0.07399200683574504,0.8709580598062605,0.01700668776195103,0.024582905867211326,0.01346033972883209
202,0.007599412045582514,0.9665401692152646,0.01813726660584378,0.0032748159057349084,0.004448336227574082
203,0.08055133688930842,0.35180797123981045,0.006339942452289916,0.011827360433883867,0.5494733889847073
204,0.22809946180190196,0.4703474889995585,0.007038997273753838,0.07690891847488798,0.21760513344989765
205,0.017716368532509165,0.8256538867821104,0.03145826877179884,0.012704041198604325,0.11246743471497739
206,0.0022320851494886064,0.005828966029575338,8.797689598065316e-06,0.0015505499462494829,0.9903796011850885
207,0.0016726126786956264,0.002932017005959614,1.3360498787526948e-05,0.004398892627813088,0.9909831171887441
208,0.0019595322850316133,0.0013433236717521923,5.462956961342332e-06,0.0023882807290583814,0.9943034003571964
209,0.004546279439631766,0.0009519602380527195,5.98889588087533e-06,0.0014987516309428303,0.9929970197954918
210,0.00324409020574701,0.0008326609649592405,5.896538158013483e-06,0.0011401337515162748,0.9947772185396195
211,0.21016411616351294,0.008318095184616795,5.934571483118795e-05,0.017894277932752115,0.7635641650042869
212,0.007487026389516667,0.001761913884446096,4.773959608798627e-06,0.0019620175091235787,0.9887842682573049
213,0.11700340636410361,0.005045740375640421,0.0001312619356030358,0.013161240924514204,0.8646583504001387
214,0.2836310088099164,0.03007047120724635,5.394738749853188e-05,0.049661331460332324,0.6365832411350064
215,0.004352629242661134,0.0026450817888570184,2.0176640692216873e-06,0.003652685470004315,0.9893475858344084
216,0.14741763261897378,0.031949320197193196,9.966005509404873e-05,0.042874024719321946,0.7776593624094169
217,0.001980137728159029,0.0021413368457553123,1.5566457557000568e-06,0.0016818537385086478,0.9941951150418215
218,0.002090553710563085,0.0005758931625223968,5.349244368915638e-06,0.0004300885302539754,0.9968981153522917
219,0.0012861302729464854,0.0005087883329491223,0.00224379218767355,0.0002419761341812466,0.9957193130722496
220,0.0035470744120441678,0.0008103849100372914,4.343631180637901e-06,0.0006049528125346319,0.9950332442342033
221,0.002078079662980735,0.0011716609137224594,3.5402809375797576e-06,0.0002437295044365358,0.9965029896379227
222,0.0021923830387341157,0.000408193701988709,2.352438158414248e-06,0.0004342946230767237,0.9969627761980421
223,0.001006143057893163,0.00025301056219964477,2.535215764338131e-07,0.00028111065672561903,0.9984594822016052
224,0.0007664469339661288,0.0001322456009906135,5.794088175822694e-07,0.00017839937142925707,0.9989223286847964
225,0.0013136122785781695,0.00017675231672308864,1.3981858739706255e-06,0.0001303879547831677,0.9983778492640415
226,0.001112017263310955,0.00011519451770816142,1.3088345284287755e-06,0.00011247958378584351,0.9986589998006666
227,0.00043058684696387035,2.1945183342285456e-05,3.315872041083192e-05,0.00017136628600359627,0.9993429429632794
228,0.003511360344279453,0.00010081533122366846,5.173814258907369e-07,0.0002847572252729646,0.996102549717798
229,0.0007069244769808193,0.0001401677525672352,7.738777019813207e-07,0.00034727589852871565,0.9988048579942213
230,0.0007197205382309768,0.00011494022174403109,5.42541423274951e-07,0.0004692601252570923,0.9986955365733446
231,0.0016566887201843602,0.00021610604947436529,1.0902247440143302e-06,0.0007137068166745713,0.9974124081889226
232,0.0024547055412191205,0.0003556258108117637,2.218896346033801e-06,0.0006395270012588133,0.9965479227503643
233,0.007476229860056954,0.00074051867691557,1.2415940673231622e-05,0.0008917304244432244,0.990879105097911
234,0.006037983871902031,0.0019935447910994697,6.266146161678693e-06,0.03978307683961591,0.9521791283512209
235,0.018563974489265812,0.0021542361031051094,5.549899181693743e-06,0.00015501150695714565,0.9791212280014902
236,0.0006495425220260605,0.000693237577031409,1.0753071744535211e-05,0.00026641510191801866,0.99838005172728
237,0.0006812082859361777,0.00134761859744722,6.742110241980506e-05,0.0011279075653830126,0.9967758444488138
238,0.0014226082768379633,0.00235424982624419,0.0009480258449145848,0.0018710487995374718,0.9934040672524657
239,0.0015326357398441242,0.001606930688955257,0.0004881427942349107,0.0011506487077574353,0.9952216420692083
240,0.0024566860411105646,0.003192994194834238,0.0011040648030728958,0.00156608266193229,0.9916801722990501
241,0.00793859050396014,0.008566561897095674,0.004540914312024934,0.0090134413320829,0.9699404919548364
242,0.31606123311596906,0.033790033416300186,0.002337973027634478,0.016043752667770517,0.6317670077723258
243,0.0010127062210999172,0.0003179904155885359,1.5926447611827733e-09,0.0007625115736035429,0.9979067901970633
244,0.0027814157505173577,7.967336595930501e-05,3.0676663619564625e-06,0.0018674026412592636,0.9952684405759021
245,0.003742960838018193,0.0006803333974275474,2.2078747571544657e-06,0.0038505052605956667,0.9917239926292014
246,0.0004975235141840876,3.350912567490928e-05,7.255006349658409e-07,0.00014898957168204126,0.9993192522878239
247,0.0003327568509264167,7.594852069388838e-05,1.0055971607580793e-06,0.00041514808075363127,0.9991751409504653
248,0.0003858939062716847,0.00019402551617911466,0.001319639773192948,0.00025104414281331956,0.997849396661543
249,0.0019840063954043134,0.0002517983726677073,2.6161941573169723e-06,0.0007285954244083574,0.9970329836133623
250,0.008447620303322695,0.0014670069983834723,5.6957802001877314e-05,0.0030636561217596277,0.9869647587745324
251,0.11549487399385902,0.007783024950987722,0.0003788656962280049,0.01448324350114015,0.8618599918577852
252,0.013125185902863927,0.00140030838853151,2.2081105554489087e-05,0.003622232116751189,0.9818301924862989
253,0.14495073256198396,0.013140569893189485,0.0002422404785345985,0.03748907299215484,0.8041773840741371
254,0.012204172650006711,0.0023547952270765848,2.7207063562986728e-05,0.011599182209074133,0.9738146428502795
255,0.02379201184517165,0.00240511974288422,2.2322310894689124e-05,0.01666226473113999,0.9571182813699094
256,0.10005260150552157,0.007067758939874003,4.789189240506777e-05,0.02434300023681044,0.868488747425389
257,0.19185873195908912,0.005760673253443014,0.00019271637527430184,0.04576565311930672,0.7564222252928868
258,0.36952368498725585,0.03566756447557527,0.00011796729937832662,0.10815303979517416,0.4865377434426165
259,0.30573707278030315,0.0637936220031012,0.00018387603623794401,0.2250628972228412,0.4052225319575165
260,0.3052920584960317,0.030223736635660765,6.374355101797788e-05,0.5867866780147439,0.07763378330254574
261,0.08545647342105936,0.031046074610278508,3.343641316130047e-05,0.8242089634431824,0.059255052112318456
262,0.08323180887357941,0.029135712287964882,2.2666163355427776e-05,0.8611646160950412,0.026445196580059102
263,0.07260441333442845,0.026433396402124703,7.911817249323544e-05,0.8096833965445491,0.0911996755464044
264,0.0615381616274583,0.01706266190101226,3.091214509523574e-05,0.9070148983365308,0.014353365989903237
265,0.043556599034905864,0.022794229132893463,7.265437306914536e-05,0.9121166807553989,0.021459836703732714
266,0.02678994807500785,0.017183146745974896,2.9239753252259465e-05,0.8525512379651171,0.10344642746064789
267,0.10633966516209631,0.02367239221504242,0.0005526016979091155,0.5378076421458461,0.33162769877910603
268,0.300510420676691,0.04147228504761551,0.00018088211599161577,0.4798173196656725,0.1780190924940293
269,0.47969237765514,0.05294125588841891,0.00013089774167162466,0.36410352474789454,0.10313194396687497
270,0.3243375570663406,0.04112421156786557,3.2503629753905325e-05,0.5912671983724382,0.04323852936360181
271,0.18313490143548183,0.0935237451242609,3.145660580017331e-05,0.6798548578300267,0.0434550390044304
272,0.08304518426250755,0.05584544618317105,2.3858887008112696e-05,0.8550533339949393,0.006032176672373918
273,0.0480453409501874,0.1619064449896599,0.00010233563257365519,0.7827000655849813,0.007245812842597801
274,0.11112738765403034,0.06325649628540225,0.00012014875387783206,0.8100317464069504,0.015464220899739147
275,0.0879344117252144,0.08205894413419493,7.757885153425859e-05,0.823415319128123,0.006513746160933394
276,0.07291051689751543,0.15482122892914252,0.00013287985296351118,0.764263523026553,0.007871851293825678
277,0.045609186189659395,0.3624082854249192,0.0002195451393766601,0.5874543545501947,0.004308628695850066
278,0.04784771557983974,0.19044815873655474,0.0001845837757233832,0.7458240502606142,0.01569549164726797
279,0.051341533605547295,0.0864143883447197,0.00010756602531828641,0.8555853378005215,0.006551174223893157
280,0.029579664169787707,0.0497355790714786,7.731146352294918e-05,0.9141598956916582,0.006447549603552653
281,0.026514469688108534,0.1927924478380658,0.0001576264038674537,0.7421200417131131,0.03841541435684512
282,0.036853258810999025,0.029545929287494117,0.00031441519885191027,0.3593146948591165,0.5739717018435385
283,0.0489777793365661,0.037972122368474644,9.967123896481913e-05,0.3500840750740654,0.562866351981929
284,0.06943917416550614,0.012048232951002746,8.008771777482865e-05,0.1033567577200752,0.8150757474456409
285,0.013959394646583662,0.0049030759117213865,1.4390184668437591e-05,0.026961112826138556,0.9541620264308879
286,0.027081699526758454,0.009050138962302412,6.346000939184018e-05,0.028318654361252336,0.935486047140295
287,0.26750088063421895,0.00848491879484237,0.000225214582438382,0.042675613378361996,0.6811133726101383
288,0.7171805094767859,0.03256268536794337,0.00010057868327165082,0.03781622434228365,0.21234000212971546
289,0.5233109685203257,0.040001725634379745,0.00011155348842267059,0.028745352632752727,0.4078303997241193
290,0.7442992554638584,0.1240334909106457,6.331098845827933e-05,0.1226323184038367,0.008971624233200776
291,0.24764413841776683,0.5493092007146817,0.00024023926529420745,0.1878653595716451,0.014941062030612014
292,0.26290543098494573,0.375092032729827,0.00016599311868693186,0.349580755667002,0.012255787499538416
293,0.11496693577584106,0.2802807712225116,0.0004390725547928951,0.5964618225952399,0.007851397851614577
294,0.12870948085093026,0.77925826511562,0.0009300404828319473,0.08465412149291833,0.006448092057699233
295,0.027723354732426493,0.9621402181572535,0.002845579965928643,0.003830945554818574,0.003459901589572656
296,0.0685163243434273,0.911592295803861,0.004818302450314069,0.008020521078671936,0.007052556323725603
297,0.03511763778409681,0.9478645892948365,0.005102269793070016,0.007694934669073344,0.004220568458923357
298,0.014105627321399136,0.9553409419071641,0.02308947016396136,0.004667097549213082,0.0027968630582622445
299,0.031736388506274034,0.9566189496110953,0.004734204286833886,0.004583905420042993,0.002326552175753941
300,0.05402827385060988,0.9238626934936934,0.0098053237655174,0.00820831899827214,0.004095389891907094
301,0.00990817598120734,0.9240935494108248,0.06092100773679729,0.003390275653470672,0.0016869912176999701
302,0.009157257729901,0.964859030444145,0.018981436186070635,0.004957527311252516,0.0020447483286309166
303,0.015927246213051763,0.8779818214340435,0.09216255831751342,0.010413287819561228,0.0035150862158301777
304,0.15213905532524716,0.7491580688718172,0.007146293388394646,0.07918364919384328,0.012372933220697574
305,0.01269163267746402,0.9577130155530952,0.018318407089673062,0.007675750334396503,0.0036011943453713256
306,0.016907403145054442,0.9699649400794114,0.0029445882535187383,0.004517641530029356,0.00566542699198603
307,0.049254627477199595,0.910507361714653,0.007294124959220558,0.0243832830302309,0.008560602818696203
308,0.024648509719417594,0.9330317965873153,0.026929063093840036,0.008934706575275182,0.006455924024151776
309,0.1288887823016688,0.8259546770967009,0.001819082111056073,0.03296560533085915,0.010371853159715148
310,0.015571804240522171,0.9700500067364342,0.004153239391460568,0.008657765483786734,0.0015671841477962816
311,0.2180499292678281,0.7010643585724463,0.001799248692867807,0.0379587600288227,0.041127703438035006
312,0.06905535312008962,0.9168101819460597,0.0021474356937825827,0.008687112280481942,0.003299916959586283
313,0.012617661104145843,0.9809540257647754,0.0016292452460506454,0.002720125734503762,0.0020789421505243654
314,0.14892454001717856,0.8268879678358194,0.0012730159511234,0.016216317930815256,0.00669815826506355
315,0.011015939235818844,0.9539879031439135,0.024283897018220542,0.007962255685164414,0.00275000491688287
316,0.3257155370721871,0.5284408830732884,0.0025229197513581022,0.04157402572004943,0.10174663438311707
317,0.026368835301421367,0.9535627546888469,0.008150712725911134,0.007690822241302657,0.004226875042517927
318,0.021473347426163174,0.9570086906944644,0.009609236220324448,0.006046545472185518,0.0058621801868625
319,0.5337004272407584,0.31488281583520905,0.0008759159868307851,0.012210289300356496,0.1383305516368453
320,0.2632690868009062,0.7047082701458816,0.0004915166200228686,0.013011693497638232,0.018519432935551285
321,0.12139563505487976,0.864042539545934,0.0016673521355600402,0.0044776039714487246,0.008416869292177413
322,0.119556580886766,0.8680282292744552,0.004138479110048051,0.002943672451516549,0.005333038277214219
323,0.02916672838353667,0.9388247144166311,0.023554315335458195,0.0019477989405786403,0.00650644292379565
324,0.3975337184439992,0.4665601644766506,0.002670009839260372,0.005509856617078224,0.12772625062301157
325,0.08051863829474655,0.8953401211519201,0.017449636886567255,0.002159310213833607,0.004532293452932616
326,0.06052564470657607,0.912279926534733,0.017186248173527614,0.0022401291413073282,0.00776805144385617
327,0.025061602672522526,0.9343394526077019,0.03490835013093285,0.0018285938761503201,0.003862000712692414
328,0.031132499479241967,0.9372398205755298,0.02508229346569977,0.00221677898318034,0.0043286074963480485
329,0.008266851834780554,0.8880782378587023,0.10007943921883372,0.000921440067441347,0.0026540310202419195
330,0.05670467221204544,0.8936744615360678,0.024665898377740306,0.012347898838669389,0.012607069035477151
331,0.01533936774026455,0.9458833119163848,0.03363224075025669,0.0026064776216389606,0.002538601971455008
332,0.022803815882956942,0.9632342740888838,0.007694823990294745,0.002975925692367418,0.003291160345497333
333,0.046333822713036696,0.928886481092965,0.019199388082120482,0.0027862753692443633,0.00279403274263343
334,0.006253000570731983,0.8730395215266615,0.11737390931615234,0.0011130119949043242,0.0022205565915497305
335,0.026453072281045684,0.9321525554389617,0.03171721898945944,0.005749002858497566,0.003928150432035871
336,0.017266377393679533,0.9592700299426299,0.018922530339967204,0.0025836566354687754,0.001957405688254642
337,0.06660927374615633,0.900884574094579,0.009039790122882222,0.015345348399331948,0.008121013637050579
338,0.06914026438623203,0.9117862509567357,0.008745912047232641,0.004443486630410387,0.005884085979389336
339,0.010479103236138114,0.9635380651558189,0.02216866280298226,0.0018758025655060849,0.0019383662395547046
340,0.010041287721415352,0.9733560969314857,0.0135717046913358,0.0010802325182396647,0.001950678137523548
341,0.018112578286243,0.9143424138927312,0.05878912624487373,0.003856305826626161,0.004899575749526007
342,0.015596653487031792,0.937262645697651,0.0395712248366162,0.004951441744818467,0.00261803423388261
343,0.09929838777892525,0.8615929897513347,0.006242994331475472,0.015280825366205439,0.01758480277205914
344,0.08966438386806087,0.8667799985924685,0.013807479400086899,0.01982409057592591,0.009924047563457949
345,0.01907140667130183,0.9624027209503876,0.01005810231657357,0.003751494410034582,0.0047162756517023915
346,0.029281060361549784,0.9506002815195344,0.007062207161898287,0.008626398006330412,0.004430052950687117
347,0.022695637623121684,0.8982933178985032,0.06143732119079778,0.009932791583315649,0.007640931704261532
348,0.19266515454354885,0.6330902476509462,0.00420957804579088,0.13115552663259664,0.03887949312711739
349,0.105090501130448,0.4571193587347394,0.007689525425060637,0.23453868369395373,0.19556193101579816
350,0.23339976496161777,0.13748449092805803,0.0006007687494816381,0.5381522965913204,0.09036267876952225
351,0.08145826772350181,0.065338017797109,0.0002126294414921481,0.8398223778253951,0.013168707212501787
352,0.07639179342324279,0.03508962463124196,6.911378902758228e-05,0.870265631586577,0.018183836569910735
353,0.026284033959265294,0.024599494428772274,5.898593689223494e-05,0.9345740040271455,0.014483481647924559
354,0.037962604438973584,0.03210922286542009,9.503189239081049e-05,0.9134883012397971,0.016344839563418458
355,0.06705510329346381,0.016524810802763197,0.00010488979740886117,0.8837226819366261,0.03259251416973798
356,0.0898939681109768,0.04435419462653929,1.9606831989956477e-05,0.8443344542648195,0.02139777616567454
357,0.05830527003128754,0.026514001977395976,1.0270752464850708e-05,0.8937362030306181,0.021434254208233555
358,0.032490119838442036,0.023497914576547645,2.1550353780815555e-05,0.8466678659921324,0.09732254923909718
359,0.043416727946520864,0.012838882071022024,1.1149241552152505e-05,0.9169011409377575,0.026832099803147345
360,0.020428271312484394,0.02175343384066994,9.944408828371796e-05,0.8519241294601575,0.10579472129840457
361,0.03237011161421561,0.00943349431732642,2.27477346048405e-05,0.9315997763649774,0.026573869968875705
362,0.04348225017928969,0.021858644943360473,4.872209830064317e-05,0.8942474996375659,0.040362883141483306
363,0.05098260345216562,0.015102001361360348,1.6660374097770394e-05,0.8872407112883195,0.04665802352405669
364,0.0682638799243489,0.01525719655469244,1.83140514569032e-05,0.8916836775851851,0.024776931884316566
365,0.014092430470708158,0.027219717742824473,1.6689457966318675e-05,0.9216867310445056,0.03698443128399538
366,0.03520816982466706,0.012259559418491245,1.8597772594122506e-05,0.9378343746272418,0.014679298357005708
367,0.013549647817612791,0.016371313041213274,3.95055207231018e-05,0.8688409827412847,0.10119855087916609
368,0.04485599867911042,0.014937692578867885,1.607399691458336e-05,0.8496587485769002,0.09053148616820683
369,0.0708469617630533,0.020738273918405818,2.22054198646735e-05,0.867449687944333,0.04094287095434328
370,0.057124216679330986,0.028416764485978355,2.2781089469105455e-05,0.8913428933592789,0.02309334438594273
371,0.028616009165911657,0.04577271490546674,3.48884149926351e-05,0.7730224606191252,0.15255392689450378
372,0.04582535270646159,0.016197438040602224,4.025637468033474e-05,0.898620436492632,0.0393165163856239
373,0.0335767557330821,0.018320288476642577,7.276416494088008e-05,0.9301853313613947,0.017844860263939694
