epoch,N1,N2,N3,R,W
0,0.019349543551519483,0.035222973662565236,0.0011601213018467855,0.0007783143328289673,0.9434890471512395
1,0.1038127141697908,0.16766079407463602,0.0029996878185081185,0.0027193715588321355,0.7228074323782329
2,0.08137626666254899,0.08776587831123732,0.01398044763104573,0.0019940290159852743,0.8148833783791827
3,0.16878969353246312,0.10491657144780417,0.002742093451467431,0.006672474757891112,0.7168791668103741
4,0.16657501829694862,0.20585500935473905,0.008997773203480462,0.011415513902813493,0.6071566852420183
5,0.20300509709964137,0.34567047883983326,0.006477358827497285,0.014850706716565262,0.4299963585164629
6,0.2154813781335703,0.41541318829335916,0.007774472434435985,0.04769666457039341,0.31363429656824116
7,0.362037325986728,0.28512141659047796,0.0006399886104152371,0.05846423029910159,0.2937370385132771
8,0.29904179450566554,0.2779128296154175,0.0012053539388965997,0.04334098462601982,0.3784990373140006
9,0.1585180284081496,0.13768609959687886,0.0009411194916317261,0.020685895580666257,0.6821688569226736
10,0.2354065713758577,0.15767367722131675,0.001512151720171159,0.019169363298886955,0.5862382363837674
11,0.21442277404582155,0.3962671694778179,0.005894894039759122,0.04122311637948204,0.3421920460571194
12,0.2401523750502054,0.3394221727913783,0.010579241270614957,0.08400261327421063,0.3258435976135906
13,0.3296192257872598,0.20532720345764627,0.002551351291306232,0.06880491112897967,0.3936973083348081
14,0.17284762531434847,0.06451539480735148,0.0008064570914563391,0.055481128072612164,0.7063493947142316
15,0.3130951302307546,0.12124542131916456,0.0012934863047917367,0.26667978499241635,0.29768617715287277
16,0.22282170537569385,0.04308813606554306,0.0007279474255549669,0.0228886407515045,0.7104735703817038
17,0.3096173421723718,0.07124547045215414,0.002286775565745058,0.04668092906897459,0.5701694827407544
18,0.2841678309954941,0.08522382512831403,0.0021747820710986453,0.045910214929962105,0.5825233468751313
19,0.12387221514992246,0.024366732701284775,0.0019305467825759858,0.00603634742128536,0.8437941579449314
20,0.031570044811170365,0.028729232835109274,0.0011410005646903321,0.0049563062336066355,0.9336034155554234
21,0.11455532820810879,0.007429691085839951,4.19072798223859e-05,0.008082718047907987,0.8698903553783209
22,0.3286415559650582,0.10547251279430953,0.003965423326684418,0.013093723856507759,0.54882678405744
23,0.19837723249739803,0.04595681431248516,0.001241428172365689,0.0049216650205858746,0.7495028599971651
24,0.2042543559874402,0.08353682637127625,0.003293838391655723,0.008325144926398617,0.7005898343232292
25,0.24732188800856753,0.21174907571959678,0.00233521798325599,0.02743761321066965,0.51115620507791
26,0.3254185469713586,0.205608947971798,0.002302393581594078,0.028311807530795714,0.43835830394445363
27,0.1796869060951401,0.13382831543613644,0.0016392022289515274,0.02588485693482532,0.6589607193049466
28,0.2742067050218268,0.22865535320140712,0.0035795511417958414,0.06321455028288833,0.4303438403520818
29,0.22923976940675164,0.08220950636391261,0.0013703408333664495,0.039597107118072065,0.6475832762778971
30,0.2712470609119435,0.1306189399333943,0.0024601705637733056,0.04671398745372389,0.548959841137165
31,0.26507687428518173,0.27459059209130193,0.0070319383170287875,0.05983801181664267,0.393462583489845
32,0.24227329432975978,0.22202158238022246,0.0033070906110125755,0.0490684570543833,0.48332957562462203
33,0.22570871178451346,0.06662123808134524,0.001522434366111903,0.04540120837632188,0.6607464073917074
34,0.41845050684124685,0.14075741743700684,0.0027506246516510427,0.11142293786080558,0.32661851320928964
35,0.22176937161777274,0.05036873562301224,0.0026437761015171554,0.023668977629220808,0.701549139028477
36,0.1955235089505969,0.03620013835011203,0.0014677253820364984,0.00906535917504339,0.7577432681422112
37,0.31416318885059263,0.14237926112335345,0.008463804947387972,0.022826645421173252,0.5121670996574926
38,0.3073452055271061,0.28848960228795967,0.006481121597639319,0.022931243745957113,0.3747528268413377
39,0.32472044442413395,0.4290453737994488,0.008815694071714869,0.039605329386990816,0.1978131583177116
40,0.2188466034258048,0.6385521419160283,0.011110003959067716,0.03746493732346406,0.09402631337563506
41,0.1893897741977944,0.6632579398572273,0.007372273989175925,0.029876670206038416,0.110103341749764
42,0.11312690481262645,0.745107393960635,0.009073469183593051,0.02587290053514981,0.10681933150799564
43,0.07366498185995035,0.7155138787323198,0.022826274959619752,0.02435031350631405,0.16364455094179609
44,0.05090160658819502,0.6987127531957648,0.06047613275663991,0.018920490709732944,0.17098901674966738
45,0.04515528154875493,0.7698193732389804,0.07943136519174912,0.0279752276881269,0.07761875233238867
46,0.051787603192216945,0.8399578596517838,0.039456414131887496,0.018151323894248315,0.05064679912986344
47,0.021619880547089413,0.72317276016616,0.23827574370054655,0.006195867891791915,0.010735747694412169
48,0.020748791121754255,0.46179735716160447,0.4984353332781406,0.00510917313630694,0.013909345302193796
49,0.03165199792991725,0.44501687227128334,0.4963830673468439,0.00349853700237583,0.023449525449579758
50,0.029483329713687653,0.6868169815398897,0.2457711214847591,0.00446439178914268,0.033464175472520785
51,0.04488134635364319,0.5833782146818792,0.32764258775491034,0.004317695047961045,0.03978015616160619
52,0.10338064169624038,0.5492692111550248,0.14429758189091285,0.0024096198330838176,0.2006429454247382
53,0.09883042563140054,0.4473043935812224,0.26166356703492205,0.0022651251472596327,0.1899364886051953
54,0.05931312327389207,0.765272199214047,0.0873416327545591,0.0019432437227692278,0.08612980103473261
55,0.05006324861322491,0.4535973823144513,0.45334903980959845,0.0011938526576742241,0.04179647660505113
56,0.02662177821296752,0.37989610872826984,0.5502730258631965,0.0013277673130251506,0.04188131988254114
57,0.09111242495497235,0.1976098695811503,0.010699494350605373,0.0005926202337800833,0.6999855908794919
58,0.02229080513133425,0.35827306145741067,0.5225729151704526,0.00030015894535455584,0.09656305929544799
59,0.010169680905360846,0.20348880695344462,0.7012286621256533,0.00015169908528361224,0.08496115093025776
60,0.014883246764420382,0.2150191870410431,0.757388279683406,0.00010923213524692668,0.012600054375883607
61,0.005580559269982037,0.19869527038165402,0.7771990402290463,0.00012169565350496269,0.018403434465812798
62,0.011067489859451867,0.18932994138399933,0.7799614571992035,0.00018666077482911935,0.019454450782516265
63,0.005820737785782411,0.07411368964353203,0.9105729932725289,0.00010943318199902012,0.009383146116157731
64,0.005299272210205895,0.15415288049579212,0.8203723874071838,0.00017384367600538106,0.0200016162108129
65,0.0065714138038572125,0.08870884359331369,0.8991079033554941,0.00019068409958579154,0.005421155147749182
66,0.0052545210990335165,0.11606695806798434,0.8670305924123238,0.00023950426570453281,0.011408424154953587
67,0.0027090263084926895,0.06420852595209287,0.9269495760323248,0.00010854231905343086,0.006024329388036495
68,0.00571076675070812,0.05535196271617788,0.9320193591124263,0.0001734321131022437,0.006744479307585662
69,0.0043385966507910375,0.10414779551201225,0.8822063346108792,0.0001558390002533725,0.009151434226064138
70,0.008777319496278201,0.18867256667067292,0.7941945057450246,0.000346754435554716,0.008008853652469661
71,0.002897420981839621,0.06275696446041773,0.9288378971895792,0.00010865501510066548,0.005399062353062772
72,0.0067536229318126036,0.2551621318321098,0.7113961983926589,0.0004520635311268389,0.02623598331229201
73,0.004520159247863873,0.12863981722076645,0.8438633915138916,0.00022975303943560237,0.022746878978042437
74,0.005152765761993744,0.11092544419506839,0.8717382633651063,0.0003206252583747022,0.011862901419456827
75,0.011995093416384783,0.34560466767611975,0.6306697891142349,0.0007490234520631786,0.010981426341197352
76,0.004384837072127098,0.053029609759785934,0.9379758303466925,0.00014603389289776067,0.00446368892849669
77,0.006583741685463709,0.20722215771337654,0.7573771692909096,0.00043811174043882444,0.02837881956981134
78,0.0027426556489309013,0.05018073111872677,0.9421589863997336,0.0001359796572230069,0.004781647175385658
79,0.008722593861129087,0.1315124761263157,0.8351297818150486,0.000457882363602353,0.024177265833904144
80,0.005065969010592943,0.13597015075985475,0.8480550131797482,0.0002579655270701856,0.010650901522733895
81,0.013258085827581905,0.14518716012752028,0.8306266914390118,0.0005135767648012878,0.01041448584108469
82,0.009803544646171492,0.13670347546395903,0.8465209487631034,0.00029796035481418747,0.006674070771952001
83,0.011869752237426971,0.2404335812664974,0.7084644278296619,0.0007603056363274435,0.03847193303008632
84,0.005022299026830789,0.13245888833786415,0.8420396307701931,0.00034342854045252166,0.020135753324659444
85,0.012167164694795604,0.15626187361737007,0.8059691870818068,0.00037395488505278314,0.025227819720974844
86,0.016078007672338773,0.02650850292297152,0.008550100611125966,0.0022576722867173955,0.9466057165068463
87,0.05903183530066153,0.304306298219011,0.490645535938151,0.0008987489705305116,0.14511758157164595
88,0.08355423731213174,0.1218600161941236,0.05161011191900781,0.0029412681558006765,0.7400343664189363
89,0.1906796321754509,0.3695860095991401,0.20033891341063018,0.0015393565594700735,0.2378560882553088
90,0.14949532056678796,0.3201373035604175,0.08802455920244996,0.002888905807478413,0.4394539108628661
91,0.21858844620725418,0.45502595311045035,0.06779551827656805,0.00448085589893314,0.25410922650679424
92,0.12302741644731902,0.5548781086924782,0.2025570955379375,0.0028709148908581355,0.11666646443140709
93,0.16385762888910288,0.19589434461037206,0.06211956240120401,0.0123731617888224,0.5657553023104986
94,0.09639256153918235,0.612457138029384,0.166105527810894,0.005550856130459786,0.11949391649007984
95,0.08637438431315125,0.6250884862650972,0.21388141136952163,0.007888544260082979,0.06676717379214706
96,0.11986006746551149,0.48545527534004823,0.09070513237550312,0.00498659363871669,0.2989929311802206
97,0.07907745917502532,0.4878624163506508,0.37726495398819887,0.004555752467495692,0.05123941801862921
98,0.04763215191147272,0.4159821452447385,0.5241946110358711,0.0018144675926678022,0.010376624215249932
99,0.09559899210804138,0.6959836488365528,0.16109821399980515,0.009197621568643578,0.03812152348695709
100,0.009582409163185082,0.1523989249740107,0.8321139301665226,0.001079465367911593,0.004825270328370034
101,0.024054264288336714,0.3891987275118834,0.5664729942298612,0.0018549481333389646,0.018419065836579613
102,0.017213732640174666,0.4834986818446884,0.4827719471168107,0.003131152181138217,0.013384486217188131
103,0.018143867930348067,0.33014530134658915,0.624630097797757,0.0004176146733563346,0.026663118251949433
104,0.07187926217419975,0.44645254134320483,0.39463186151338003,0.0013718857341864245,0.08566444923502901
105,0.10088726620122654,0.48120402358384357,0.35112536573846254,0.0015546390800833215,0.06522870539638409
106,0.1579285686680419,0.12260355968660788,0.029643720370148983,0.002808628782918817,0.6870155224922825
107,0.21707254480405444,0.5006486966808597,0.19123291090839797,0.002308822521983103,0.08873702508470474
108,0.061353842596523045,0.2929888415714838,0.5868061274619902,0.0007467075178812605,0.05810448085212173
109,0.12215151075933751,0.2993418011196453,0.5438222836517421,0.0015373947629512895,0.033147009706323914
110,0.16089574900785708,0.3852441562378363,0.2800824469580183,0.013916512765023535,0.15986113503126484
111,0.12291660387677662,0.5767716601054667,0.16445776304556342,0.05747376865270639,0.07838020431948697
112,0.20951821038729448,0.4265686561841981,0.1051150959921819,0.02562207279384531,0.23317596464248017
113,0.2566664306075698,0.4479676463869545,0.17471993044048245,0.05203771732862411,0.06860827523636916
114,0.06194845419731627,0.3199513648349082,0.5715783788798093,0.012242586048036736,0.03427921603992949
115,0.19448308923946261,0.5433733857893481,0.14529447568613588,0.06516758630457373,0.05168146298047969
116,0.0288370863259005,0.18364479697718936,0.7506298933122515,0.0105526271209218,0.026335596263736938
117,0.02879275991453577,0.27994742553351637,0.6495882479093039,0.018287494469781673,0.02338407217286234
118,0.06961706977552182,0.3986466267648808,0.4774036638281571,0.023647160010887527,0.03068547962055298
119,0.040992219052468894,0.13978710979022577,0.24802221699338065,0.01011052850279118,0.5610879256611334
120,0.14398944969991584,0.395098592882613,0.19342544568089334,0.021432330563536064,0.2460541811730418
121,0.2196683764819679,0.4498762301510067,0.21221959733238768,0.036418263184840025,0.08181753284979776
122,0.21783348810811232,0.42744723008973673,0.284888921739254,0.016846032449674263,0.052984327613222616
123,0.0849279380492972,0.23025211187396966,0.6390129162073491,0.012458066274797239,0.033348967594586734
124,0.08924571026833879,0.2813030206193025,0.5548474420288799,0.04564209676694649,0.028961730316532406
125,0.016355189297218166,0.17526123146086642,0.7915448633648978,0.009159682445640456,0.007679033431377275
126,0.01313435192069943,0.14918989546864206,0.83050456864912,0.0033660255969760124,0.0038051583645624673
127,0.025609702992759786,0.6566328626162644,0.295253017434828,0.013411393683188296,0.009093023272959373
128,0.010239013956256877,0.25169766610842564,0.7269132729217566,0.0026665925342128976,0.008483454479348179
129,0.015110789361008833,0.2320415890409767,0.7391265875238819,0.0032805765250254453,0.010440457549107192
130,0.009123482844965112,0.17010881749082973,0.8144069552161863,0.0014367114765517276,0.004924032971467407
131,0.007741007725613025,0.08877793182689239,0.8995028953429038,0.0017343714373344067,0.0022437936672562316
132,0.005647099617419305,0.062364369643285844,0.9276691151575024,0.0022765441084507607,0.00204287147334173
133,0.007167594353344116,0.08230522436799069,0.9030167449302489,0.0029907338523005827,0.004519702496115687
134,0.014391090998658707,0.15209163269697326,0.8188033622748906,0.004955823240238815,0.009758090789238533
135,0.012186146332817907,0.16229137779108777,0.8159187944991362,0.0035418882700711894,0.006061793106887009
136,0.009747886516741135,0.10325750580634081,0.8806870347546578,0.0021611724644401953,0.004146400457819844
137,0.0274901760335834,0.3172999528587443,0.6393577722928795,0.007945877444763008,0.007906221370029866
138,0.025762418214516063,0.3549158677966736,0.6017428713382914,0.008899424975895407,0.008679417674623463
139,0.0070394048085726845,0.10128653578316638,0.8879796658109218,0.0008237558735739854,0.002870637723765012
140,0.015497956907601237,0.18887356726369012,0.7850500687148168,0.001185961702136858,0.00939244541175494
141,0.03625882836282743,0.31617081901498056,0.618098260829957,0.00342397119616317,0.026048120596071877
142,0.0558534128200767,0.23190364725414467,0.6461979582876441,0.004106287676135661,0.061938693961998734
143,0.06443801077092078,0.15968375240469496,0.019455189523811117,0.0038710793474292164,0.752551967953144
144,0.17492810288014005,0.5514856808289288,0.017750359105296785,0.005200995727518339,0.250634861458116
145,0.12065211234315647,0.2930169243685538,0.016466142081525283,0.011618421032279986,0.5582464001744846
146,0.1176303568046373,0.15845847190186957,0.010728003556561122,0.007242794199166539,0.7059403735377655
147,0.06224516056356975,0.5774986509021507,0.019773927978569323,0.018055107314931363,0.3224271532407788
148,0.019044756241563408,0.07248799008312302,0.01856990275232866,0.01788139170098116,0.8720159592220037
149,0.035391698664839356,0.04613189671489513,0.003882915905665032,0.017058839449666678,0.8975346492649339
150,0.018554353098549952,0.05316148576164304,0.0035677892014055073,0.009919825354388467,0.914796546584013
151,0.01254397109312616,0.035490375250948974,0.0010053384867405176,0.0053014808883884105,0.9456588342807959
152,0.01714600730908154,0.017144384985914928,0.002062681820102402,0.00698341238913645,0.9566635134957647
153,0.020879393378068146,0.03985282012017036,1.1831554577966707e-10,0.009701600963892625,0.9295661854195534
154,0.00581171613198502,0.05446006363971137,0.0003060739033488335,0.007043034186233565,0.9323791121387212
155,0.0018141038288794424,0.02120745359545628,0.00016408908353544312,0.0020902557787746746,0.9747240977133541
156,0.0018398411443358426,0.0028789334237938487,3.076899230810178e-05,0.0006986483456783619,0.9945518080938839
157,0.0004989750304407194,0.002363281836242254,0.00023397501079230743,0.00017526629498419415,0.9967285018275405
158,0.00044975630356829897,0.004336530178224087,0.0001860850462247323,0.000130756190809244,0.9948968722811736
159,0.0005016778621240103,0.004937224836687566,0.00021312701990981327,7.309764066112042e-05,0.9942748726406175
160,0.0006118534267487149,0.0027608988814226106,9.352348522082728e-05,3.679390731368048e-05,0.9964969302992941
161,0.011060808239075178,0.04691820968662423,0.00037731611309951645,0.00022827407884227206,0.9414153918823588
162,0.012594521582320745,0.005646926742724389,0.002192074002990267,8.530618105578628e-05,0.9794811714909087
163,0.0016340116853180314,0.004277868912366353,0.0005585556865979114,6.951162311444446e-05,0.9934600520926031
164,0.004203558146493846,0.002672565314402154,0.00043346893830627453,0.0004734007171551171,0.9922170068836426
165,0.0029787672626079634,0.0025359846982213013,0.0013233391438327359,0.00038766397752131547,0.9927742449178167
166,0.002714751093914175,0.002142775790548806,0.0005619707008958963,0.00027152291770024973,0.9943089794969407
167,0.042899865177871595,0.044326562331596535,0.0017042134063920647,0.004103646904943535,0.9069657121791962
168,0.06055829498059964,0.12723981940511717,0.007236223948949073,0.013365268318816511,0.7916003933465177
169,0.04626951156450164,0.0707356115179355,0.001589629137505175,0.007581081375665905,0.8738241664043918
170,0.26936195495818055,0.15971051808795741,0.0016819126967588009,0.040192363030825504,0.5290532512262778
171,0.10134473661489984,0.23496765165241904,0.022828386037548165,0.014051912073149007,0.626807313621984
172,0.43351565167795253,0.26382552128805237,0.0010623300634347815,0.06446562561175752,0.23713087135880276
173,0.16806520242937498,0.3171240001592909,0.0034028659243576995,0.04044057702342624,0.4709673544635501
174,0.22034797201506662,0.31452270459192594,0.0011120643695419646,0.15335352572617325,0.3106637332972922
175,0.18811236459044292,0.5461977625065495,0.0016442966965207184,0.18166641723942079,0.08237915896706619
176,0.10756173404387363,0.6993097514601987,0.0028304213279422034,0.12015702971818729,0.07014106344979815
177,0.17107282058403,0.36282153797370575,0.0003638561480267189,0.4027421985371656,0.06299958675707212
178,0.08763637069629165,0.3939242332790603,0.0004364509972999108,0.43409648500134157,0.08390646002600664
179,0.061150464468817126,0.5716080457125946,0.0006968566759881233,0.34197491417768894,0.024569718964911193
180,0.11031128768478955,0.42022366012857587,0.00015576361723281226,0.4278294558191319,0.04147983275026977
181,0.08118467182482635,0.5121250543544308,0.000492364576134219,0.3657265512806859,0.04047135796392269
182,0.07820568992076123,0.5189386754380854,0.0009200116134043233,0.35278993121084185,0.0491456918169073
183,0.11332019360296948,0.22400362638350477,0.00035744587131525044,0.5706018488766833,0.09171688526552715
184,0.10864694965219017,0.33613338219674127,0.0030250789679767353,0.38337585616495223,0.16881873301813957
185,0.16086336549717226,0.35221949757819854,0.0004096101449669158,0.40123835119319873,0.08526917558646352
186,0.22249276791212005,0.11773805347441073,0.00011559316158682393,0.4671871392503989,0.19246644620148365
187,0.15289513497590906,0.3777848929342267,0.0004978839383838878,0.4262226775430571,0.04259941060842344
188,0.15653141851127272,0.2584772270832103,0.0005868376103578274,0.4795575365598195,0.10484698023533968
189,0.09429733635680794,0.2196490488350618,0.0006614152252456757,0.5966901593660348,0.08870204021684984
190,0.1190367506733795,0.3293255581608591,0.00026895037175408813,0.4538016106923073,0.09756713010169987
191,0.1456263158417934,0.43706777508947636,0.0007154918357987964,0.3269881177246787,0.08960229950825273
192,0.07356176466412487,0.2139855375888221,0.0002615795703771903,0.638505899672778,0.07368521850389773
193,0.10763642198666991,0.09993929891850416,0.006499276288970561,0.485713534740655,0.30021146806520044
194,0.19190208045865476,0.1236018746851967,0.0002940715776985145,0.46034044879483443,0.2238615244836157
195,0.3840980113597368,0.22661376470310982,0.0004164015825351795,0.299557543524964,0.08931427882965406
196,0.08531411411710567,0.1492980081616283,0.0025737016443717203,0.6122223115663102,0.150591864510584
197,0.30969510277975737,0.09308049466520124,0.0001080307844772605,0.4580549320284442,0.13906143974211976
198,0.1303039934649112,0.22451374575080515,0.0006986394509281741,0.5920988040249433,0.0523848173084121
199,0.0681434263637667,0.17821390263405792,0.0011313227603657976,0.7047703065517444,0.047741041690065135
200,0.1806424823310847,0.45788450165084954,0.0005232874057576316,0.2666761344498938,0.09427359416241442
201,0.15711438175106343,0.2825930096061551,0.00043248515830832156,0.5043648032185293,0.05549532026594392
202,0.039453746702166545,0.2383784746990108,0.0014138184091854803,0.6616053347743108,0.05914862541532647
203,0.1588360789743786,0.3796895421196878,0.0007117297313909182,0.3745049982935096,0.08625765088103306
204,0.12759255064001326,0.18278872467429483,0.0010901596331170682,0.6182013906828001,0.07032717436977469
205,0.1146768788921522,0.08348858677606559,0.00011748031632073403,0.7542453747675928,0.04747167924786884
206,0.08819224721334054,0.3383864068401699,0.0012325150119152917,0.5366476133498803,0.035541217584694015
207,0.04117538686491662,0.107081610066475,0.0002803007343078681,0.8318706788659959,0.019592023468304628
208,0.03386082808486887,0.04674572879274704,4.5713000389313094e-05,0.9085398759215957,0.01080785420039902
209,0.02435197848927524,0.034829680552720406,2.923329579819873e-05,0.9349321200441232,0.005856987618082937
210,0.042955454362185626,0.036769664788889156,3.363551714081318e-05,0.9064550177909908,0.013786227540793589
211,0.049531671561024324,0.08093003088313556,7.781928266234734e-05,0.8538588929745796,0.015601585298598158
212,0.08490761137435764,0.12191980623950974,0.0001269330225360629,0.7683829527816717,0.024662696581924916
213,0.08073305318515551,0.06053933492484101,5.413998804640625e-05,0.8469535410019995,0.01171993089995758
214,0.22741837607608784,0.12257762424434185,7.135888375420536e-05,0.5940749849952782,0.05585765580053796
215,0.19979729837823146,0.23473465773195684,0.00018496239642980448,0.4964592089425201,0.0688238725508618
216,0.037998945559183615,0.06535686315775713,0.0035806538569558384,0.06655286848602583,0.8265106689400776
217,0.2024655544530816,0.20966766597444675,0.0014033961105318572,0.05454315497241879,0.531920228489521
218,0.39839987837672586,0.33091304224351814,0.001389838602445289,0.1319431384683471,0.1373541023089637
219,0.057728069514015,0.017621242134292753,0.002903475741770718,0.007612711256980703,0.9141345013529408
220,0.14410221731206094,0.08014199522013167,0.005774749605660404,0.21993300906641758,0.5500480287957293
221,0.10473223697875128,0.06773076775209466,0.003158758831730658,0.3046824783805207,0.5196957580569027
222,0.3192898072483898,0.02792162306360705,0.00010330514175905164,0.3335641308818675,0.3191211336643767
223,0.16212236068048327,0.10324488284335266,0.0004027808888691653,0.575578766755328,0.15865120883196673
224,0.28200997873793987,0.06136637225091193,0.00020162633106381338,0.22763863575749851,0.4287833869225859
225,0.12638132406558886,0.29290528419470685,0.001255814121330762,0.3101024506730687,0.2693551269453049
226,0.15654278358085888,0.1304635803426242,0.01230248117237166,0.09018895842058217,0.6105021964835632
227,0.3935185117190351,0.11662163003645988,0.00033059491271665375,0.2776853625597543,0.21184390077203394
228,0.24497033563809584,0.3446140001428375,0.00046891897581873704,0.2990172095006608,0.11092953574258707
229,0.1316666516877407,0.1647317879535795,0.01198822952957281,0.14533754599670728,0.5462757848323997
230,0.08785336057714054,0.12671725266040626,0.00525463660297692,0.11925203677107687,0.6609227133883995
231,0.12699469496414909,0.09049477648635204,0.00012407762090129804,0.10634452675112703,0.6760419241774706
232,0.43814663995485975,0.21540221263191286,0.0003015357284605418,0.17792046494134492,0.1682291467434219
233,0.39918806810400603,0.29278366264524575,0.0007437958299863883,0.24681641276018879,0.060468060660573045
234,0.3350051972241846,0.3140494545935199,0.008069814918788967,0.25565312170130455,0.08722241156220208
235,0.14078158358213633,0.3753525838317985,0.005669955312783205,0.38893981050760956,0.08925606676567249
236,0.07872192592068684,0.582093025468096,0.017959151079975463,0.1830796938267218,0.13814620370451988
237,0.1262977440378051,0.5966640999797195,0.00850246374987071,0.10200418746094754,0.16653150477165718
238,0.18683581539282332,0.19152955337416014,0.01602390871557021,0.09906556239027951,0.5065451601271668
239,0.13233935769294958,0.05416486934842213,0.0007800467956466631,0.029374737412437367,0.7833409887505441
240,0.28797871504866207,0.06390860976599108,0.000772453704749285,0.07599540736342562,0.5713448141171719
241,0.30336529239417337,0.5151056896589346,0.003719454133416604,0.08514784723050554,0.09266171658296987
242,0.6022333645625906,0.20034642786208642,0.000696772036518771,0.1235585685989524,0.07316486693985184
243,0.09752634923510198,0.765815844220295,0.02785353088068527,0.08371093094017572,0.025093344723742063
244,0.08163286934636203,0.727469470745256,0.00769851403247315,0.15174592832805842,0.03145321754785033
245,0.031191059495688584,0.8559989732002784,0.013294881061850922,0.06287136455044265,0.03664372169173941
246,0.021816278198917096,0.8776769620629431,0.012532820890722683,0.08368193556413897,0.004292003283278211
247,0.024126919375566568,0.8252559245979977,0.06390449917490584,0.07659842763948303,0.01011422921204677
248,0.01847334219790023,0.731757451893702,0.1424159935505082,0.0990792595185355,0.008273952839353962
249,0.026371373970197023,0.8162085608221973,0.04652034426495177,0.10380519119878089,0.0070945297438731215
250,0.031480761642210045,0.7924535106917907,0.08496447868380282,0.08169031905927827,0.009410929922918022
251,0.011391829726886736,0.7653379747627524,0.18636474520614948,0.026880586414662618,0.010024863889548534
252,0.021651176616671586,0.6466662722317518,0.29106198031719205,0.033564009218550135,0.007056561615834538
253,0.014212581807299365,0.5242164731397313,0.4444762242060526,0.012022806984423576,0.005071913862493095
254,0.02295171287358388,0.5624521368199468,0.3886402303990904,0.018893605967823066,0.007062313939555895
255,0.012350404752273964,0.39719933574767635,0.5696973062484355,0.012363247603528572,0.008389705648085768
256,0.01671632267715821,0.5535471654816214,0.4082108095436675,0.01246469482456443,0.009061007472988504
257,0.015565339710271095,0.2700027854577268,0.7036300541182121,0.007865447972565973,0.0029363727412239256
258,0.007509652008685828,0.2656764230049935,0.7203232744904696,0.0035981356292748173,0.002892514866576119
259,0.024724695353323733,0.4674538475231474,0.47849036118044874,0.01695004388139489,0.012381052061685095
260,0.03289556638944364,0.4493603272155736,0.4767527999315251,0.03207464839721368,0.008916658066243921
261,0.009333700458132482,0.14626358200659953,0.8339803263336396,0.003024874912062979,0.0073975162895654
262,0.015223751476595543,0.5991343030755485,0.36832859672380325,0.011931741655572597,0.005381607068479947
263,0.009528131614821923,0.23895816403686707,0.7464315313825267,0.0019791674934890495,0.0031030054722951538
264,0.01541149630688194,0.3118771993398064,0.6615509713459933,0.0016676497350308454,0.009492683272287602
265,0.005215074477731494,0.11651852229442299,0.8763522915358103,0.0005701781166390661,0.0013439335753962002
266,0.010859194878734879,0.2786412993440607,0.7013414883252526,0.004026573045575505,0.005131444406376398
267,0.01845913221082994,0.46170629905598487,0.5086389979182373,0.0044747254122165635,0.006720845402731275
268,0.004696358205334989,0.20515683632549012,0.7863988022005615,0.0009023864835066308,0.0028456167851067396
269,0.01197215313297047,0.29702017395575536,0.683414724418187,0.0027629505301718653,0.004829997962915389
270,0.004303223360282973,0.12373268627526586,0.8688888848440943,0.0008252613470610992,0.0022499441732957296
271,0.006634841688691405,0.14953145983937638,0.83808944867211,0.0024243247775606715,0.0033199250222616656
272,0.010264982057013724,0.5082604678054594,0.47111678573649535,0.003367162568109595,0.0069906018329218686
273,0.007624723912471201,0.2025519954510543,0.7843783728209771,0.0022010951161392654,0.0032438126993581977
274,0.005630951406944617,0.1351010269020333,0.8553352305356534,0.0018105835829273964,0.002122207572441345
275,0.0077596010256916785,0.17677614287901783,0.8117197202006458,0.001931318366284885,0.0018132175283598867
276,0.008263213421943973,0.08528993740937582,0.902392332849153,0.0022015669673252723,0.001852949352202032
277,0.00725229607260423,0.13418699945209953,0.8523885012099289,0.0024322100458363176,0.003739993219531025
278,0.017955415427792863,0.3618302454546088,0.6049522710381456,0.004792851348477285,0.010469216730975422
279,0.029320902390644835,0.5013772872556761,0.4183024977077033,0.038639949299254975,0.012359363346720791
280,0.03196818779322769,0.5782162510455492,0.35572541253948664,0.025382817891025006,0.008707330730711553
281,0.02189012409970604,0.2688439593634134,0.6913458559454673,0.01317759288012372,0.004742467711289654
282,0.030224817388420703,0.6429528141290273,0.2936895400847394,0.024037716948685138,0.009095111449127592
283,0.03749805687065954,0.4211341698335535,0.4958284801668863,0.03726233731348711,0.008276955815413496
284,0.030811017947641788,0.30476066339414387,0.6260960251307085,0.030958151136681027,0.007374142390824714
285,0.014799327510785429,0.1681005665078796,0.8060351601889187,0.008643299342855005,0.0024216464495611725
286,0.035349135558754255,0.6111717886420126,0.3111447997581713,0.03442924928001169,0.007905026761050198
287,0.00830016986481215,0.27717177217507566,0.7030256429792635,0.007578414039937448,0.003924000940911146
288,0.02222590444794257,0.5433577026280798,0.4059053428121926,0.02418157954747528,0.004329470564309622
289,0.014012921583287777,0.25059352975921817,0.7292677728997683,0.0023398903200396223,0.003785885437686179
290,0.012512861145256356,0.22204774424025142,0.7596564818514132,0.0029806847450290176,0.0028022280180498883
291,0.010310371505811544,0.13369190630571332,0.8514425823500862,0.0022149282631029055,0.0023402115752861096
292,0.011530464853023977,0.25525745728179033,0.720625617559974,0.0040974699092290396,0.008488990395982545
293,0.01155476964799588,0.2177154426503135,0.7593895607625718,0.0027164073455232026,0.008623819593595455
294,0.007559687289002349,0.25995982706882703,0.7204536526551892,0.0016575902512516436,0.010369242735729842
295,0.00892297440403663,0.1770245283179847,0.8045871841731868,0.001890833136851933,0.007574479967939927
296,0.007371573815631216,0.12790302136661713,0.8555520061715524,0.0014895797098378905,0.007683818936361522
297,0.029335852541298724,0.39889938846201517,0.5318114499489343,0.015204561766311709,0.024748747281440147
298,0.01344830279538518,0.1556991540856444,0.8220455024770469,0.0003697752999692394,0.008437265341954265
299,0.00299153868461692,0.009790859501531055,0.0023789356620883702,0.0023590728915732486,0.9824795932601905
300,0.004610652179467745,0.004648127654211413,0.002013255708292238,0.0031710487171048396,0.9855569157409239
301,0.0023822335592257205,0.00135671524873187,0.0006132402623625646,0.0009503920938174278,0.9946974188358624
302,0.00590927471754168,0.005234455559204269,0.00041677439098510705,0.0008368418008042051,0.9876026535314647
303,0.003016771894464383,0.005035224802307429,0.0013608023084792072,0.0007396509337540245,0.9898475500609949
304,0.0035407346991635723,0.005692461280106169,0.004211778276331197,0.00043205668996413774,0.986122969054435
305,0.018496232709324722,0.026721172041528827,0.0005930412608857467,0.0006827607383348252,0.9535067932499258
306,0.0010217685984647371,0.00705446044463441,0.00026191945152857294,0.0009864967958424793,0.9906753547095298
307,0.00041903017420149804,0.009763893677219172,0.001648212089266068,0.00019365926638081936,0.9879752047929325
308,0.0002750857373355169,0.004201486188536517,0.00015897277757434403,0.00019974055784882365,0.9951647147387048
309,0.00034360686666303397,0.004278533895120385,0.0003254776519240198,0.00018966592876515763,0.9948627156575274
310,0.0003955034421319767,0.0035888914936619424,0.0003126435368515172,0.00012569231715778227,0.9955772692101967
311,0.0004394469843922235,0.004671857836977676,4.862344378984163e-05,8.470822827088185e-05,0.9947553635065693
312,0.0047729485061375814,0.008215381002849702,0.00027575715310846976,0.0004923076955287547,0.9862436056423755
313,0.016531168045059733,0.02021661092825836,0.0010768351961146325,0.0009720677544421238,0.9612033180761252
314,0.009094214252128365,0.007161464114687569,0.0008555305259186954,0.000605915969235027,0.9822828751380304
315,0.040043004220546644,0.011983213295766371,0.002060388762031231,0.001133823309443698,0.9447795704122122
316,0.015256425860326522,0.01337593256784925,0.0030003861880784073,0.0020773890769458306,0.9662898663068
317,0.030147546570556672,0.09651603462935897,0.012480843686110134,0.00334329735399793,0.8575122777599764
318,0.07532300131554634,0.36486161824533725,0.04293084825154748,0.03235847980085915,0.48452605238670987
319,0.034865916172530355,0.11076902793881385,0.01789421753620309,0.004773432620721507,0.8316974057317312
320,0.11581862921267017,0.34258110859013197,0.010215835511196064,0.02282353953827024,0.5085608871477315
321,0.12223992183616167,0.5019885637874626,0.04510748341466095,0.02847490903058937,0.3021891219311255
322,0.03986654298540394,0.06935981006592855,0.02133648668828322,0.006206403462437808,0.8632307567979465
323,0.0030641516565688147,0.009844269292524794,0.006848489898561499,0.0012625158819988028,0.9789805732703462
324,0.050421370112904915,0.06455241716895102,0.001942574219899032,0.015099718399394965,0.8679839200988502
325,0.011270550047771161,0.01281002949575281,0.002919774808546427,0.001720512026517674,0.9712791336214118
326,0.01161403462230931,0.011649578932905417,0.0015286068066548354,0.0009496604282643114,0.9742581192098662
327,0.1122698737689319,0.12534381778482953,0.007488227919706157,0.009974660114553367,0.7449234204119791
328,0.2488089694518325,0.24527076673137338,0.005611756899036585,0.024082948439432313,0.4762255584783253
329,0.24110494568301197,0.3510104030520303,0.004633886923906128,0.054916257916860806,0.34833450642419084
330,0.2611221058525328,0.5570467134336037,0.001333969644734372,0.06448787304665653,0.11600933802247282
331,0.1698088410429035,0.6874224483430654,0.0012160131707594538,0.09616397523130214,0.0453887222119696
332,0.14772704600585546,0.7234447504164266,0.0008054377860706177,0.05800158906487286,0.07002117672677433
333,0.1068296710002613,0.8302090694033966,0.0013617551310045896,0.03432847011622922,0.027271034349108318
334,0.029244954270873806,0.06337511226674396,0.014918682976814384,0.010954218739950256,0.8815070317456176
335,0.06256775722655927,0.23717618950951921,0.025535369137396815,0.02459545157464917,0.6501252325518755
336,0.005279666081204074,0.0188321376688684,0.005127052222696447,0.004069259309312584,0.9666918847179184
337,0.006297185351469722,0.012052721580020187,0.0023197181123504793,0.0031556108918088677,0.9761747640643507
338,0.011996563958769357,0.012116265409451083,0.001916657590850906,0.003951957550997911,0.9700185554899307
339,0.03135703631523484,0.027349384522276435,0.0005893161898971372,0.00752127587704887,0.9331829870955427
340,0.019647263262106633,0.0229172915598009,0.0011561915764684884,0.007324351335160471,0.9489549022664635
341,0.005150846782401169,0.010225591241691638,0.0021038022028651176,0.002437909039004649,0.9800818507340373
342,0.04311043812270785,0.07178004801872834,0.0061537874568047685,0.01382393694639027,0.8651317894553688
343,0.21950576357824547,0.3139826914948223,0.002223807604161313,0.10402793622622998,0.3602598010965411
344,0.24844089017083187,0.29627213966844995,0.007785384171261334,0.07284831880792125,0.37465326718153563
345,0.3534970370942196,0.3297335136316675,0.0030694694323494336,0.13856594773599495,0.17513403210576844
346,0.11394369061239304,0.6965254835267766,0.005935979054312279,0.10505229749053474,0.07854254931598356
347,0.1230655104302454,0.2808972573070902,0.0010803024667337992,0.5194033002877553,0.07555362950817544
348,0.13969864911860938,0.3967504383752173,0.0004662022282542735,0.4135761230594942,0.04950858721842475
349,0.05540011293016904,0.31701677603107503,0.0018558763419332025,0.5955539085287483,0.030173326168074364
350,0.05407477105911555,0.35302124532616874,0.001150131492418806,0.5554283584483615,0.03632549367393543
351,0.06279421439131487,0.3847861964397762,0.0015171636464279084,0.513104204942666,0.03779822057981516
352,0.046586167705730666,0.21902264181200118,0.000329485756605069,0.7167215981680813,0.01734010655758176
353,0.06153955991566726,0.6150383364008285,0.0008015865355101431,0.3061673373176159,0.01645317983037829
354,0.04212348044189654,0.6654687856297503,0.004111416987658725,0.27251927239966656,0.01577704454102771
355,0.054397499399164724,0.49716593881025356,0.0015878431073888626,0.42452953878889993,0.022319179894292926
356,0.03976494321889198,0.5216427264397625,0.0011990511163175197,0.4081403668488929,0.02925291237613521
357,0.15769777587737407,0.14222937260682764,0.0007195616025457122,0.43831540433622074,0.2610378855770318
358,0.10114944655429363,0.2754715454684075,0.00217513577186876,0.4197712376152746,0.2014326345901556
359,0.10983326900614383,0.5580265357916261,0.00757016115326837,0.2696183914615928,0.05495164258736883
360,0.15417930629020596,0.49441083737488184,0.0013228880061663248,0.27338316529409024,0.07670380303465572
361,0.0855107962156672,0.6499857827058502,0.002018106000042407,0.23024907595255503,0.032236239125885094
362,0.10449446099352817,0.5714794494441537,0.003480178377051034,0.2750541484534033,0.045491762731863915
363,0.15866876442989167,0.5352373626551781,0.007088986374921282,0.21960925887623772,0.0793956276637713
364,0.12370941435430752,0.6121318134503846,0.009366556144249588,0.15492660729217667,0.09986560875888172
365,0.08572063482394685,0.1444028520493563,0.042349304868867246,0.14234986869709024,0.5851773395607394
366,0.005466504983963065,0.0072694912804663935,0.00351797237985998,0.002256983041497229,0.9814890483142134
367,0.189088096257084,0.058867410317514815,0.00021143841064358944,0.042793579205933206,0.7090394758088244
368,0.4263181900614973,0.20630274297851453,0.0005604280088786922,0.051606968322421946,0.3152116706286873
369,0.6253350751835932,0.09188682688652278,0.0006623946964461275,0.10674691904523705,0.17536878418820076
370,0.25317427215531435,0.30108583954458373,0.002341818295885005,0.18753067350005018,0.25586739650416673
371,0.2005388699200483,0.42739632897064683,0.0021543956948087096,0.24067949312147738,0.12923091229301864
372,0.32531198113095927,0.1467900576483567,0.006948017165082325,0.36971220693253964,0.15123773712306218
373,0.1357922586092595,0.6177986512292387,0.0059067030208143825,0.1413172263101067,0.09918516083058075
374,0.08611514931856235,0.603314130991101,0.01760953755593631,0.14366195454443545,0.14929922758996492
375,0.16143375146229738,0.6576825673267214,0.006421782314623395,0.14427980197346885,0.030182096922888868
376,0.04470503116650866,0.7947902415141187,0.004722515355225975,0.11675647465218353,0.03902573731196301
377,0.02097161018753896,0.9140457920743491,0.009636766128877101,0.043951480226493776,0.011394351382741098
378,0.026989053836155776,0.8123198323136637,0.06717315313244455,0.07766503137065714,0.015852929347078833
379,0.05002376426364157,0.7604708374818278,0.07121312521410818,0.09727423285465814,0.02101804018576442
