epoch,N1,N2,N3,R,W
0,0.018888260705710636,0.007597943315837458,9.343212187795274e-05,0.0031753666774841476,0.9702449971790899
1,0.04505413577322463,0.01394276812712144,1.4518026196348382e-05,0.002508102791162294,0.9384804752822952
2,0.019380568754658996,0.0035361348235439824,1.7891291687037444e-05,0.001153810230075176,0.9759115949000348
3,0.006654137277235423,0.0005834405248338362,4.223467200238195e-06,0.00035689032631068036,0.9924013084044198
4,0.014926461373848277,0.0005654581395158948,2.808902588725988e-06,6.570466991247081e-05,0.9844395669141347
5,0.008241919028228399,0.0010354493836833513,2.8740063127510793e-05,4.5762430783791905e-05,0.990648129094177
6,0.0024951418472777005,0.0008541943316942614,8.588163186913612e-05,3.6825998662669413e-05,0.9965279561904963
7,0.009360550681071816,0.0003522295700727444,4.226428340580515e-05,3.995233345262419e-05,0.9902050031319971
8,0.0026209161004818074,0.00023893903030710052,3.872711992149329e-05,5.355713312855226e-05,0.9970478606161611
9,0.04785194610801109,0.0020925532911393527,6.2201645147815946e-06,0.00024109566206806295,0.9498081847742668
10,0.27755756800546,0.007160375237789871,2.1435518688040676e-05,0.00028986734889093537,0.7149707538891712
11,0.15351069202598086,0.007158508631968805,1.3204998539582702e-05,0.0008302726745281533,0.8384873216689825
12,0.31473409786751455,0.009868203223611857,2.8341094573283858e-05,0.0013500670645698338,0.6740192907497304
13,0.007974580957268506,0.00603129707675785,0.0005911349183111416,0.0002548909157730211,0.9851480961318896
14,0.007232802477893917,0.0016384966568738844,9.443008024272503e-06,0.0002042617266912722,0.9909149961305167
15,0.00011580680942667687,1.4680904669378474e-05,2.6526682843903705e-05,7.886838519133588e-05,0.9997641172178686
16,0.0005274903117817099,3.606135198973631e-05,8.753585529820569e-07,9.587074909786477e-05,0.9993397022285777
17,0.04300012324434349,0.0006887463870708573,4.394862597278536e-06,0.00012765953927871236,0.9561790759667097
18,0.00022377725539877207,1.3333032641359368e-05,4.8539547874973464e-06,2.9828006030473786e-06,0.9997550529565694
19,0.06269946216526731,0.000575414812790206,8.213443256314754e-05,2.9309969794910725e-05,0.9366136786195843
20,0.00657501496236898,0.0015472029261247501,9.107541608104962e-05,1.662236068462833e-05,0.9917700843347406
21,0.006461461204967898,0.006375276296696722,0.0010539783524857595,4.060446049218595e-05,0.9860686796853575
22,0.007965347804556325,0.4997869448988179,0.006125966500053392,0.0003949299730858822,0.48572681082348657
23,0.006804076185040955,0.325365523995527,0.07233792139073994,0.0012081937545874264,0.5942842846741047
24,0.001584355502915529,0.0010237608754169382,8.667374454317099e-05,0.0001304816133358436,0.9971747282637885
25,0.005029885005284376,0.0012774901483976274,0.0001641324949320605,7.51585118162499e-05,0.9934533338395697
26,0.5750394772249208,0.029619470646553406,0.0003023953410323455,0.0008396841137845161,0.39419897267370896
27,0.01066088337769971,0.0010196080849576843,6.208785262825755e-05,4.311537997890609e-05,0.9882143053047354
28,0.011726767838045268,0.001154134116717499,3.990858006039479e-05,5.091231082769078e-05,0.9870282771543492
29,0.003844332244483081,0.000682715000033869,2.894877904418607e-05,2.661604127611536e-05,0.9954173879351628
30,0.8039193007356242,0.02163754830615598,0.0003087080271546457,0.000466265137277838,0.17366817779378724
31,0.3892728174274025,0.44810261517238387,0.0034296915579469043,0.0003538748930284756,0.1588410009492384
32,0.32039752527321264,0.5445612409859412,0.001988240762385133,0.0010150458002761904,0.13203794717818496
33,0.01764201513418584,0.9310680252046556,0.04102633807157497,0.00018802706347676037,0.010075594526106908
34,0.0018030773143494693,0.9901697308022329,0.0035295714376095866,5.990217839397713e-05,0.004437718267414119
35,0.009341845576092158,0.9700377001331462,0.016115177715973587,0.0004155628726522268,0.004089713702135956
36,0.0024944420559224827,0.43972246265536047,0.5533188625654919,0.00018539651478103323,0.0042788362084441554
37,0.0036810552586976257,0.9109448520965295,0.08199794963659036,0.00014222211216746003,0.003233920896015018
38,0.0010438361083238402,0.7417976963092056,0.25418064955194875,4.8513985899873074e-05,0.0029293040446218828
39,0.0018412115939046693,0.9339917739063163,0.061435233065887475,5.476342075108439e-05,0.002677018013140404
40,0.0007743112560907514,0.3923123544301683,0.6057993307520545,2.8303488984177165e-05,0.0010857000727022151
41,0.0010104048815530726,0.6366077626158411,0.3606257475936738,4.523997897317437e-05,0.0017108449299589302
42,0.0007275338593081723,0.2750158553832193,0.7229628719150091,5.1987818359217925e-05,0.0012417510241039835
43,0.00021109129335898825,0.11269682845361989,0.8865233614937905,1.992166377297248e-05,0.0005487970954576494
44,0.00013802517794680012,0.07313410982538585,0.9260403912109225,1.932633338955578e-05,0.0006681474523554037
45,7.343068535443373e-05,0.04268169020761582,0.9568371647863874,1.1847587196845591e-05,0.0003958667334455535
46,0.0002599518434640223,0.16138872082264186,0.8365302059220465,1.8453508928465628e-05,0.0018026679029191904
47,0.0001675219692375466,0.037935889371393854,0.9611937164688694,5.938573686466571e-06,0.000696933616812685
48,9.979220026675608e-05,0.020225944213122394,0.9794016888055543,4.603981609451924e-06,0.0002679707994470773
49,0.00020795271299541276,0.06889986894185288,0.9297872469778459,1.6014313858042565e-05,0.001088917053447877
50,0.00019788263839114707,0.06830669985430414,0.929930581233813,9.061505735982616e-06,0.0015557747677558919
51,0.0002179621509622907,0.10653562141025012,0.8911988552334854,1.4139206465868912e-05,0.002033421998836309
52,0.00014742778572324788,0.05402134296808866,0.9449411359204415,9.873425052739498e-06,0.0008802199006938846
53,0.00012980328040753297,0.05175426619384106,0.9469571196823398,8.619409015965774e-06,0.001150191434395711
54,0.00018672190585756828,0.054583268403045955,0.9440827701071142,8.759575853131588e-06,0.0011384800081290208
55,0.0002619272357446478,0.047693355585660215,0.9498844598053993,1.4538646378544814e-05,0.0021457187268174587
56,0.00015303629283600873,0.02571408344656992,0.9732844750872149,7.796708479964648e-06,0.0008406084648992385
57,0.0004376235543895474,0.05095025687115689,0.947148367608088,9.000935136758289e-06,0.0014547510312288453
58,0.000325302921301176,0.0649080814260191,0.931972551453724,9.102498526645892e-06,0.0027849617004290696
59,0.0003381914265438322,0.060930699330341995,0.9348671958921778,1.565858920431201e-05,0.003848254761732208
60,0.0007831123846665743,0.13450185916368973,0.8596775687205198,3.493833840069391e-05,0.005002521392723138
61,0.00020411730978886928,0.04001735899304149,0.9576179487897164,1.790834353225784e-05,0.0021426665639209504
62,0.0002409295216117114,0.041030389393114125,0.9566463352802935,2.289540617083411e-05,0.002059450398809752
63,0.00011504971987175383,0.022821037045287436,0.975900977695119,1.055854701356406e-05,0.0011523769927082662
64,8.677592913127666e-05,0.029019603648722723,0.9691025725040289,7.353116255052716e-06,0.0017836948018621276
65,0.000119434745474735,0.020215774088985377,0.9787828681379762,8.082707370019381e-06,0.0008738403201935487
66,0.00013163319863054127,0.019027886859092135,0.979585103019922,8.868703260037612e-06,0.0012465082190953186
67,0.00033008400914660304,0.0612322947541976,0.9347161212215724,2.8321748203684063e-05,0.003693178266879584
68,0.00026676893204727217,0.027952609363273387,0.9698420087924161,1.3257771578969067e-05,0.001925355140684438
69,0.00012689138245666333,0.035218047461961235,0.9629734496543425,1.3943530059773905e-05,0.0016676679711797248
70,0.00022482264745363583,0.0382002506751324,0.9586937459871215,1.381917329823034e-05,0.0028673615169941932
71,0.0002849178925227773,0.03268117892809719,0.9646553030112841,1.3777533787945167e-05,0.0023648226343080505
72,0.00016967125553982547,0.023028555092448735,0.9755493890029011,8.661370119064117e-06,0.001243723278991136
73,8.501227057547918e-05,0.033329819740671646,0.9648978191746446,6.697100700115821e-06,0.0016806517134082437
74,0.0003365446400243458,0.035372241460297056,0.9617032777558266,1.20140924539258e-05,0.002575922051397996
75,9.336930741429108e-05,0.01974634085241714,0.9793194061125381,7.811544202186141e-06,0.000833072183428357
76,7.269201235135472e-05,0.015744790219048132,0.9836072367564623,6.250171889490413e-06,0.0005690308402486351
77,3.256061381358878e-05,0.010230431191924726,0.9892800593212562,2.7134221337833965e-06,0.0004542354508718106
78,0.00016651962187910692,0.022486530811427208,0.9755952039484214,9.6651632687814e-06,0.001742080455003564
79,0.000140604854924475,0.023597604144939176,0.974111643543665,7.768117651406149e-06,0.0021423793388197945
80,8.25055452387137e-05,0.014928783428499204,0.9839836758431667,5.067619495582214e-06,0.0009999675635996058
81,0.00015511132260380103,0.03611976444241346,0.9624784221781423,6.842789147976654e-06,0.0012398592676924917
82,0.0001524410888349734,0.025971052466336048,0.9723697923396134,7.164085055883068e-06,0.0014995500201598147
83,0.00036233844831581977,0.04151745662030896,0.9562946365145087,9.900817802037205e-06,0.0018156675990643326
84,8.7990180394138e-05,0.01787018044853063,0.9806148144789334,5.400899553923817e-06,0.001421613992587932
85,5.425775859681459e-05,0.013236409592608658,0.985778363801408,5.529409865809305e-06,0.0009254394375205486
86,3.870116646802307e-05,0.012960207985263138,0.9865056534231477,3.460908966240629e-06,0.0004919765161549872
87,8.988099603303803e-05,0.013711812939289381,0.9854746039734469,3.2022322938857684e-06,0.0007204998589370785
88,0.00017469256263923178,0.027086360974889683,0.9713498417025901,6.671108311248733e-06,0.0013824336515696662
89,5.8739371695110706e-05,0.018773068487006793,0.9802789694283771,4.17246196977685e-06,0.0008850502509511109
90,3.0812698962622673e-05,0.010790786932284089,0.9887426931752052,2.7177580489900366e-06,0.00043298943549905825
91,4.8106716336927794e-05,0.014989179114731604,0.984271701184763,4.164062676856546e-06,0.0006868489214914306
92,5.4408724458034054e-05,0.010693899394679454,0.9887384674021702,4.1385288248302894e-06,0.0005090859498676965
93,4.999022681323197e-05,0.01375184449998508,0.9857339355194473,3.013121938224272e-06,0.00046121663181601294
94,3.7041673587603555e-05,0.014244866410487125,0.9845477605655344,3.2197791395763897e-06,0.0011671115712512917
95,6.603026375821726e-05,0.01421606393611228,0.985057792975177,4.186882192327557e-06,0.0006559259427602594
96,3.502948154747652e-05,0.009573110781613116,0.9898837984795295,2.9717532598490396e-06,0.000505089504050077
97,9.484365972889859e-05,0.01685660671071166,0.982375515191713,8.623813462216482e-06,0.0006644106243845058
98,2.6784712708472862e-05,0.008353657632382659,0.991291753751545,4.299425364134173e-06,0.00032350447799955493
99,6.826653819437475e-05,0.01579110525114785,0.9836447475228121,8.731880126841861e-06,0.000487148807718801
100,3.062751276404093e-05,0.009313740515588571,0.9904018610367525,2.437050381331592e-06,0.00025133388451341684
101,9.847132928775672e-05,0.020412018606212383,0.9788736297763455,7.827442042318522e-06,0.0006080528461120984
102,5.858975897131899e-05,0.02067559046801052,0.9788584036313084,6.417339131611959e-06,0.0004009988025781116
103,9.791948210688167e-05,0.027451067226142784,0.9718961003661829,7.12723329281804e-06,0.0005477856922747255
104,5.860509946674922e-05,0.01767699650027043,0.9818434975929933,5.823513913624594e-06,0.000415077293355742
105,0.0002482788814411193,0.042105278752224216,0.9567999579159017,1.2423111173617293e-05,0.0008340613392594482
106,0.00017526596165830284,0.04041730081687884,0.9582458615813046,1.150116761821257e-05,0.0011500704725400431
107,0.00024714058357568595,0.018498511641629925,0.9786272682665244,2.5986620242799715e-05,0.0026010928880271177
108,0.0010877362781207087,0.10850045493214598,0.8875081732256762,2.9442519522939283e-05,0.0028741930445341014
109,0.00011272801048087379,0.03155972208878212,0.967548174309682,5.8237019817383765e-06,0.0007735518890734192
110,0.00031622331733453313,0.05024708646378852,0.9474027760033563,2.6320944456605885e-05,0.002007593271064124
111,0.00041010627758363477,0.04391434988318951,0.954361663438116,1.7101619046021896e-05,0.0012967787820648141
112,0.00014369920630988523,0.02115480704687851,0.9780500704516227,1.482601494768057e-05,0.0006365972802412922
113,0.00021815411292833503,0.040740133272136284,0.9583372190303227,2.087666840314913e-05,0.000683616916209459
114,0.00024928690021093096,0.027426930082031183,0.9714771916505898,1.403576512549927e-05,0.0008325556020427093
115,0.0002061813311923499,0.040139303350861265,0.9584180024860579,2.3399749877080956e-05,0.0012131130820115129
116,0.00042795976030686,0.04394361763521315,0.9543120074935763,3.6652033718173714e-05,0.0012797630771854492
117,0.00040361693417080357,0.05289416549647263,0.9458571189010136,3.5207136943976744e-05,0.0008098915313991128
118,0.00017596247193937107,0.03331391896105775,0.9658725520563015,2.729867312903575e-05,0.0006102678375724481
119,0.0001295312804451387,0.024929525266533834,0.9745299310924979,1.8831293332046403e-05,0.00039218106719107065
120,0.0001256432391329934,0.029006814926565306,0.9704342355043959,1.7263444280535115e-05,0.000416042885625219
121,0.00022397448070928002,0.018251643720916724,0.9807348185955291,2.3674709097854908e-05,0.0007658884937470188
122,0.00016183145373948468,0.03617992921663131,0.9630640815494479,2.153107484329902e-05,0.0005726267053380312
123,7.682635124222218e-05,0.025014558835337306,0.9743615782755097,1.584268159325012e-05,0.0005311938563175868
124,0.0004848217545526726,0.0773221662360944,0.9195731818202657,7.619034360733678e-05,0.002543639845479933
125,0.00012484050404552543,0.020793062088749485,0.9780176018332037,4.781951692921884e-05,0.0010166760570721302
126,0.0003475784496514595,0.03562875738891665,0.9621735875981811,0.00010842808347866736,0.001741648479772055
127,0.00020279023256137213,0.03963652890396839,0.958315946190481,7.063956516580684e-05,0.0017740951078233265
128,0.0016571363985688908,0.2558057812736488,0.6910915068271498,0.00018184797848019458,0.05126372752215252
129,0.02360042919323324,0.14219567491656424,0.7764921835190196,0.0002822926488734435,0.057429419722309374
130,0.00890157082023497,0.19652015558487584,0.7829454167391472,0.00012636576218266984,0.01150649109355946
131,0.015353827769243183,0.9036115324442248,0.07079042850276034,0.00038219965624939554,0.009862011627522278
132,0.014041140782129398,0.7526872494277705,0.22282219888015398,0.00066981724953163,0.009779593660414436
133,0.0033718784669915774,0.6378085195644759,0.35371131229559855,0.0007413605605574075,0.004366929112376503
134,0.00395590767997076,0.70778741412768,0.2809574634117804,0.0008116278337244959,0.006487586946844393
135,0.005199503031491945,0.608579188992381,0.3783844333804414,0.0013607033743497793,0.006476171221335824
136,0.0047605174502537775,0.8239097258090894,0.1624855324507656,0.0014515744020214955,0.0073926498878698335
137,0.002597009719864146,0.18619460461482165,0.8068695739553193,0.0008132525956498386,0.0035255591143451867
138,0.002348901710300602,0.1598283515874968,0.8324572487190428,0.0012202127785240643,0.004145285204635572
139,0.01830649824214038,0.7206149899793164,0.23467367645480816,0.00468475027934782,0.02172008504438732
140,0.006099143376774284,0.4968772352672427,0.47539602271438314,0.0031102612862731038,0.01851733735532666
141,0.01267123238456131,0.5434290674913252,0.4121752278559058,0.004617119297291029,0.027107352970916536
142,0.0596121324288583,0.6773884862075563,0.19850365412338689,0.009864522389858672,0.05463120485033972
143,0.02224749840991201,0.6427916693451023,0.29631295019730686,0.0039892447877612905,0.03465863725991743
144,0.0489692160034113,0.7278131986990902,0.17619866137142073,0.017492807103857574,0.029526116822220103
145,0.12244834252116736,0.14168876936923488,0.0009185876309676425,0.1673415092316374,0.5676027912469928
146,0.1993507120794312,0.19165851712595358,0.0012419681189369605,0.5420930183465036,0.06565578432917471
147,0.08817518951606482,0.2573210717462376,0.0007163430960429811,0.5588164898448699,0.09497090579678481
148,0.17338110716839225,0.11561651144759398,0.00018079499111975665,0.6762949561847712,0.03452663020812289
149,0.05804874190645823,0.09480825418267341,5.114739305190383e-05,0.8146270201784768,0.032464836339339644
150,0.01663635162045583,0.04056461344573792,5.069280814592276e-05,0.9261276260905276,0.01662071603513278
151,0.030062611736067023,0.018475246718133973,2.4999255789585326e-05,0.9336694397111004,0.01776770257890907
152,0.019875752000214752,0.012503337666482525,2.8192973390194945e-05,0.951424290095835,0.016168427264077516
153,0.01317016222032719,0.024498087766003675,8.531488789677702e-05,0.837700811750961,0.12454562337481134
154,0.013177988881925581,0.007508121151748096,2.6889726468373555e-05,0.9627103087759495,0.016576691463908458
155,0.014196921489982965,0.007480582303494122,2.0355785019404496e-05,0.9509231053796562,0.027379035041847192
156,0.07306546762447301,0.02972793337122181,1.4918620966507708e-05,0.7350980549663334,0.16209362541700542
157,0.2844539831548047,0.032827403345033326,3.224299877744678e-05,0.2906190741507177,0.39206729635066684
158,0.5277346142782992,0.01043483059098473,8.953154515999776e-06,0.012930023894546522,0.4488915780816536
159,0.8830647066209467,0.02693626045645974,3.2279247930525116e-05,0.019398529365023596,0.07056822430963962
160,0.24177508302193587,0.512090713594254,0.004171183224983959,0.14489178140742484,0.09707123875140133
161,0.0770272116447181,0.46956083715227254,0.015129465519088474,0.3702395913861436,0.06804289429777746
162,0.022247199604948076,0.0347446892650006,0.00014005284506501863,0.9142998011135796,0.02856825717140683
163,0.03905342322595777,0.21580743087497592,0.0011866456117482218,0.66919507662343,0.07475742366388813
164,0.041503635997165285,0.05792419548355781,0.00015759902100399742,0.8799376219972687,0.020476947501004053
165,0.09842106842232175,0.31592854991914576,0.0007176433810421794,0.5603523189075849,0.02458041936990549
166,0.09196402045282606,0.14776934740304512,0.0004987444287426527,0.7320336614078353,0.027734226307550874
167,0.07463618610743206,0.4766469189806993,0.0011750379466352531,0.4037298938053433,0.04381196315989027
168,0.03208925832654208,0.7563697707888036,0.004326625769096366,0.07599242372355122,0.1312219213920067
169,0.07380217813246792,0.3024317979107162,0.0009464979400397017,0.4941323213109094,0.1286872047058668
170,0.04954138336100329,0.48694745256280614,0.0014372314411017237,0.42304969620887484,0.03902423642621396
171,0.0781081863251261,0.32979616038002624,0.0006848623640465897,0.5446091444512196,0.04680164647958158
172,0.018360997333962032,0.8496077865607352,0.0020213493050439705,0.12124905955457015,0.008760807245688553
173,0.030700827569395312,0.6218209168092788,0.003991655290049435,0.17862483167266216,0.16486176865861418
174,0.03198762004938596,0.08611620697111219,0.00017349517984487664,0.8367286392100423,0.04499403858961462
175,0.030972438032405528,0.09926713468556728,0.00015485539388607875,0.8438099151138233,0.025795656774317884
176,0.03959398149079607,0.08131823523916715,3.241129474266963e-05,0.8645738925317958,0.014481479443498162
177,0.07039362505604783,0.3229425606944113,0.0004870777792217478,0.5878363638990141,0.018340372571305084
178,0.08021820367731305,0.038123137881350765,3.0315730765020572e-05,0.872708674634117,0.008919668076454265
179,0.0845484314086647,0.0393353288424081,7.507297107387444e-05,0.8568173164864268,0.0192238502914265
180,0.021939977278000396,0.03261020627917334,5.2143158328428864e-05,0.9322012626952431,0.013196410589254644
181,0.04592866590931177,0.00938335769751827,3.699461905228733e-05,0.9383810334612916,0.006269948312825918
182,0.015266792281733624,0.016101116168907158,3.9828113023633644e-05,0.9635085202560154,0.005083743180320272
183,0.01884217633846295,0.011391292543210604,2.7260604340671524e-05,0.9630621087713671,0.006677161742618784
184,0.013028692805296203,0.016821963897506814,5.911957342697627e-05,0.964215166933327,0.005875056790443052
185,0.013482905089772984,0.009702164891203919,1.8387278497835957e-05,0.9698748742905695,0.006921668449955802
186,0.01654336379546093,0.015761720759713757,2.787324104665277e-05,0.9620400504280109,0.005626991775767659
187,0.011550031195287285,0.009362658947239692,2.8021454768136812e-05,0.9708023375301212,0.008256950872583687
188,0.02358398029264987,0.012990992172301015,4.806453051607764e-05,0.9521533077271999,0.011223655277333301
189,0.013984783726571552,0.0073388484443651855,1.311700582076279e-05,0.9746316139918162,0.004031636831426326
190,0.0246889204339146,0.009395066946472378,1.727439750744573e-05,0.9614465782444658,0.004452159977639984
191,0.06921833202109208,0.016679605326807106,5.450153586167829e-05,0.8938461282615133,0.020201432854725893
192,0.16028049012804138,0.01260229525362956,4.9965540850321126e-05,0.7866535068298173,0.04041374224766139
193,0.05361767563847227,0.009964022860553477,3.820626843608681e-05,0.9215786111622494,0.014801484070288777
194,0.061276540855177586,0.01297878406139716,7.706219455231698e-05,0.9032988068073106,0.022368806081562415
195,0.030968251057837168,0.024780943183029223,4.3689897672509074e-05,0.9373217751682993,0.006885340693161872
196,0.037509369470282335,0.028877650303366476,4.512193104176527e-05,0.9261890442634978,0.007378814031811602
197,0.016689059562532874,0.00928713150670359,7.084944227651333e-05,0.9652579902406273,0.008694969247859612
198,0.0319390351251604,0.010830840027996644,7.220714197956415e-05,0.9391671473254414,0.017990770379421994
199,0.01669679581783595,0.003974634339951261,4.277683845841593e-05,0.9666445218184332,0.012641271185321308
200,0.02136325590930068,0.0059504650088330596,4.929624935946967e-05,0.9621381851967514,0.010498797635755225
201,0.027474726904137815,0.012293257275710559,3.0137854208270632e-05,0.9369558584369766,0.023246019528966762
202,0.06449660505523194,0.033868850187249576,2.8602335518386798e-05,0.883392589889509,0.018213352532491154
203,0.11231175955341768,0.12313555876019311,7.281000990663847e-05,0.7420017301238322,0.022478141552650478
204,0.11692047753083748,0.15120436656110986,0.00024146292269641598,0.6032788835517954,0.1283548094335608
205,0.15730202246579422,0.32786227286554,0.00026338680461133253,0.4805087053605562,0.03406361250349818
206,0.07064472015169952,0.6343076523370333,0.0008737822844123299,0.2721659875889504,0.022007857637904346
207,0.13814248211347177,0.3566792231380934,0.0005240670297671921,0.4383006057993444,0.06635362191932317
208,0.0741924506229396,0.7649180652625889,0.0006759474349958287,0.14311254185123481,0.017100994828240818
209,0.025126875372168667,0.9265892135270498,0.000712510575886315,0.04425338413867997,0.003318016386215159
210,0.03531755768037602,0.9004716935758238,0.00736665718135416,0.03852731881646388,0.018316772745982077
211,0.08533092160481275,0.8013063538789832,0.0003456178194131218,0.09385621509613255,0.019160891600658408
212,0.039943123841504266,0.8973457165702665,0.0009015254802719106,0.053052372997093804,0.008757261110863477
213,0.009123107519166897,0.969303708841074,0.0002803256791550587,0.020153449476696936,0.0011394084839070312
214,0.006676969118541139,0.9834752883260239,0.0025772500942336696,0.006482294897444805,0.000788197563756308
215,0.020330000571045552,0.9652769117791921,0.0036461937001153726,0.007825398421931869,0.002921495527715272
216,0.008442340945148511,0.9846046058264756,0.0012831041475950254,0.0043509253026092435,0.0013190237781715666
217,0.006240382020468421,0.9850155920130217,0.0051408382816792225,0.0026171981857333157,0.0009859894990973345
218,0.009656425560258175,0.9836389837576426,0.0013674770003871796,0.004152226488923244,0.0011848871927887944
219,0.0047488576867522735,0.9898854209705426,0.002285444030834518,0.002066524217179419,0.0010137530946912217
220,0.006565242694315424,0.980171538138553,0.00867303533937117,0.0022355201905656435,0.0023546636371945943
221,0.03559869342639436,0.9409935771738752,0.0019196328712926378,0.017789613932476175,0.0036984825959613496
222,0.004137434612988033,0.9842030094656888,0.009045996180946333,0.0010779597138089487,0.0015356000265680562
223,0.026796873027258195,0.9598107524912977,0.0027452573814261963,0.005402778703699543,0.005244338396318505
224,0.006443743577753401,0.9883595238677076,0.002139993618469815,0.0019170483289080616,0.0011396906071609674
225,0.008308432263822276,0.8598120089560638,0.12890097390066707,0.0007648226910397758,0.0022137621884069226
226,0.06226194668717573,0.2375375669563932,0.012312195304925794,0.00199041496487379,0.6858978760866314
227,0.10242089262768368,0.8818799275649261,0.003147200249681705,0.001275891145303412,0.011276088412404897
228,0.03679449941525614,0.953722129258329,0.003808399579634839,0.0006875438150246096,0.004987427931755524
229,0.020686218090943172,0.9756267748789978,0.001152192364500158,0.00019841301462446517,0.0023364016509343005
230,0.003486509387828625,0.9911100269644146,0.002311594390571673,0.0019602577890429572,0.0011316114681422203
231,0.004117375544198634,0.9886038909204183,0.004765690012455495,0.0013064841339880465,0.0012065593889395185
232,0.0016439914882729807,0.9752873491067184,0.021600805719250982,0.0007541718458848813,0.0007136818398727947
233,0.0017572384112256357,0.9914789316904236,0.00527961793470646,0.0007813288752062894,0.0007028830884381798
234,0.0011954059811392522,0.9896047684937787,0.008288770051800237,0.00037642843465036507,0.0005346270386316547
235,0.0011240092192140426,0.9938920562252365,0.004209681939954917,9.401977733401654e-05,0.0006802328382605585
236,0.0010076608549543342,0.853683057229641,0.14486433146443906,0.00012354777435882945,0.0003214026766067306
237,0.0047826138888004775,0.9833773364029932,0.010316098645113469,0.0004977121126634333,0.0010262389504293037
238,0.0022060956887859284,0.8353551614071925,0.16106595971825774,0.0003872887417605371,0.0009854944440032837
239,0.001546666341781871,0.8927465145107589,0.103882140716668,0.0007743021842924146,0.001050376246498898
240,0.0011251348658908014,0.9884609223109863,0.009052155766161666,0.0007329613068839904,0.0006288257500774537
241,0.001426351254851785,0.9736305732137541,0.023179441987176544,0.0008842306661466594,0.0008794028780709685
242,0.003186351315062717,0.868556167838625,0.12469309729289807,0.0006485238657176761,0.002915859687696527
243,0.0016822441736766055,0.9566793534446532,0.03944707272375226,0.0007419854133816846,0.0014493442445363345
244,0.00594510323279236,0.9848333810296663,0.00633363065901127,0.0012153076410252686,0.001672577437504664
245,0.0032119908013235683,0.9735706048791838,0.02101735392087726,0.0009356405869620253,0.0012644098116531119
246,0.002493672645075632,0.7980672846515997,0.19760590347382542,0.0005896562808563131,0.0012434829486429452
247,0.002369055557043076,0.9251110887358482,0.07095160903702723,0.000674297045556219,0.0008939496245251685
248,0.0013123927331955784,0.9037779435121642,0.09340051511611924,0.0006707046138365072,0.0008384440246841703
249,0.0026882596705025577,0.6028887105550802,0.39053257927352253,0.0007757573133260628,0.0031146931875686416
250,0.0016654364392598433,0.8659220540139081,0.13035432827215676,0.000329587808760312,0.0017285934659148688
251,0.0006367260662047506,0.5669758117409105,0.4315293711428238,0.00015594882233121025,0.0007021422277298021
252,0.0017702095643846376,0.8695183158626969,0.12725205843326903,0.00025814272722954497,0.0012012734124199889
253,0.0027066124831574396,0.4457878137774282,0.549486317723735,0.0003055725466480716,0.0017136834690313653
254,0.0009689125753110619,0.24950195028539462,0.7478622936739684,0.0002453636796947657,0.0014214797856310429
255,0.001477787601039508,0.48527622542796145,0.50799901185465,0.00040269480003438205,0.00484428031631465
256,0.002744387269162648,0.2584693504778258,0.7360093759045158,0.00043846269607740863,0.0023384236524184626
257,0.011863104157931655,0.24244957085646054,0.7326747896084542,0.0008985721324081197,0.01211396324474542
258,0.019260452467680433,0.7311241062471808,0.23869628063144818,0.0028362069347580574,0.008082953718932409
259,0.007781393070447764,0.9843202779127368,0.005522832280774963,0.0006810110952918149,0.0016944856407486383
260,0.002827880088363026,0.7580701278253976,0.23735226934379036,0.00019978789264105273,0.0015499348498078625
261,0.0019490491221426846,0.9681973724351102,0.02886962714522051,0.00025739375454482535,0.0007265575429817887
262,0.0011300503623670123,0.8220780820495005,0.1754797725143982,0.00014841030345797657,0.0011636847702763337
263,0.0014058621289689706,0.47883944004603884,0.5185314618153981,0.00014663133994396107,0.0010766046696500762
264,0.003744767529642844,0.7962506207752827,0.197283238527423,0.00037113804568629,0.002350235121965313
265,0.0020791597567509637,0.8757788437292672,0.12048816371066909,0.0002701979573075044,0.0013836348460054134
266,0.00471109887256529,0.6448881357268046,0.3462847576610215,0.000555714481145229,0.0035602932584633856
267,0.003014437612759841,0.25225863843660196,0.7434813456945302,0.00015516077712296176,0.0010904174789850743
268,0.0023430770362783916,0.8707839051062723,0.12482145968351746,0.0004465474951601605,0.0016050106787715995
269,0.0007230303613352454,0.2297872675186048,0.7688460089206622,7.106877443947336e-05,0.0005726244249581018
270,0.0009533114706172251,0.15580574874847364,0.8416810727957976,8.362994596076861e-05,0.0014762370391506632
271,0.0007317858283457106,0.15285104079393905,0.8448671117580628,9.645835773071252e-05,0.0014536032619217128
272,0.00046114184168832763,0.15096731354295756,0.8471550333358645,5.203394889951931e-05,0.001364477330590076
273,0.0008675750098454751,0.3400603788922628,0.6558561341519791,0.0002177312796858093,0.0029981806662266247
274,0.0006430141298264046,0.19568652523562677,0.8005612434123095,0.00020278084249095404,0.0029064363797462636
275,0.0003338233511934388,0.03794190454864019,0.9608518623109938,8.364675914246184e-05,0.0007887630300302775
276,0.0006016843820304058,0.10152400034740137,0.8957525913481428,0.00016505496887546378,0.001956668953550015
277,0.00028512712834201755,0.10356869015950523,0.8949400762750958,0.00014872891243102566,0.001057377524625899
278,7.76253209338292e-05,0.022500915397853382,0.9769120215151965,6.695152177523098e-05,0.0004424862442408837
279,0.000577379110433928,0.12732310864837768,0.8703188130031205,0.00023010536403730072,0.001550593874030444
280,0.0001075921782965658,0.023020226178012883,0.9765218294074007,5.0487976699866356e-05,0.0002998642595898634
281,0.00026561237055029306,0.041338197388712666,0.9578674375519607,5.925402259811548e-05,0.0004694986661784371
282,0.0001865481998527684,0.049890653655922365,0.9492937536018864,0.00012258140574768813,0.0005064631365907726
283,0.0006782691147336066,0.07094909883675457,0.9272090109258273,0.00024830465875601146,0.0009153164639284312
284,0.00015168891227273064,0.03996997833072542,0.9593968657114446,0.00011566411012693861,0.0003658029354303196
285,0.0011273707238174976,0.08180435314611852,0.9162009302039675,0.00019690902416427618,0.0006704369019320938
286,0.0005084929036449499,0.13505772964903373,0.8637049774178785,0.00013012699291065904,0.0005986730365320081
287,0.0003441294217377643,0.030802734305451378,0.9682316716475753,0.0001006543082445094,0.0005208103169911563
288,0.00017902152625630496,0.037788976294114096,0.9615662002018142,5.701984588118574e-05,0.00040878213193430474
289,6.882468306886104e-05,0.02243508054079207,0.9772206495480203,4.4199933598281116e-05,0.00023124529452050235
290,0.00021623754610038617,0.04429221357679127,0.9542419724789014,0.00015392616266764176,0.001095650235539337
291,0.00046379861439342385,0.06341981096947952,0.9350131802357075,0.00015217376206156229,0.0009510364183579364
292,0.0006420816699957661,0.10093326663229667,0.8974184205081472,0.0001931203257877612,0.0008131108637726001
293,0.0008039945460483129,0.10311228874747277,0.8951964079459795,0.0001808099958271662,0.0007064987646723448
294,6.256112209056888e-05,0.024466378880981257,0.9751834030531422,3.7434998241168045e-05,0.00025022194554477856
295,0.00013499754353456746,0.03552298366139212,0.9639971937751537,4.632652398710804e-05,0.0002984984959325988
296,0.0002406770996840241,0.03937953515290119,0.959911305371474,7.291058573768105e-05,0.0003955717902030503
297,6.608024164422518e-05,0.034624464958961446,0.9650418072633864,3.919329129609221e-05,0.00022845424471187024
298,0.00011638653377612183,0.02489783801955946,0.9745164443006494,0.00011070237152469101,0.0003586287744902517
299,0.00012953384556671184,0.03039672071140143,0.9690274122731206,6.869012344215757e-05,0.0003776430464692619
300,0.00011378492834244535,0.028588254309494066,0.9708521815765824,6.7156732874477e-05,0.0003786224527064755
301,0.00027907867190958015,0.05226586230161571,0.9467596024509829,7.755410209743112e-05,0.0006179024733944442
302,0.0002455701273788786,0.04959831816977329,0.9494804846586531,0.00010800320324538583,0.0005676238409491856
303,0.00023796392408951443,0.06587782941679987,0.9333504530364308,7.719793750920749e-05,0.00045655568517064275
304,0.00012505111472064837,0.01989880345344192,0.9795664091565407,5.8844474957745016e-05,0.00035089180033893595
305,0.00013452367335147392,0.03454163209700574,0.9648108165372663,4.994137396009454e-05,0.0004630863184162886
306,0.0005038192017777355,0.0467717114913383,0.9517182704551655,0.0001352335723535868,0.0008709652793649803
307,0.00020403842886096546,0.03226977468095334,0.9670516187402679,5.885081073134522e-05,0.0004157173391862914
308,5.1459636842944085e-05,0.014426539648968121,0.9852910118452498,3.3238216213958225e-05,0.00019775065272525181
309,0.0002708487100236328,0.06888638210724714,0.9297923371346918,9.890368602649028e-05,0.0009515283620110634
310,6.821486891225989e-05,0.023567876284116558,0.9760224244242396,4.673341404566894e-05,0.00029475100868604147
311,7.214132289878457e-05,0.04731843708238416,0.9520851559306263,6.646171133709436e-05,0.0004578039527537908
312,0.00010365514687728488,0.036389100892607024,0.9630506774120424,7.001858316250125e-05,0.00038654796531064885
313,0.00020780023496013832,0.05179197968535594,0.9474428757954481,9.418859404010163e-05,0.0004631556901955969
314,5.689387943475716e-05,0.02285406750106665,0.9767306652932423,5.640346740919704e-05,0.00030196985884718
315,0.0001202604354467629,0.030110728263516726,0.9691500595278103,9.087300726297907e-05,0.0005280787659631782
316,0.00024583845336726855,0.062041036986663,0.9369253017440449,7.943327208170075e-05,0.0007083895438433567
317,0.0002466719243432051,0.03740893289024546,0.9616082476936847,0.00010465411072754706,0.0006314933809991243
318,0.000300912722302042,0.04894067921266887,0.9499491866348854,8.986127130094556e-05,0.0007193601588427229
319,0.00011938446379655843,0.03078054878382596,0.9686428086630509,5.161988859543594e-05,0.00040563820073120964
320,0.0005295848828020369,0.0851974560861146,0.912955226477017,0.00018934768049569885,0.0011283848735706664
321,9.494382394862939e-05,0.017083992437923808,0.9824100312372915,5.837358035756145e-05,0.00035265892047855015
322,0.00029772891633797363,0.03517290739482163,0.9638124391854132,8.683256199318949e-05,0.0006300919414340026
323,0.0009587271325563339,0.07692448635403441,0.9203773601659427,0.00030574977643316165,0.0014336765710332732
324,0.000342994231171639,0.05027068193311905,0.9486184178667578,0.00010724462112058496,0.0006606613478307683
325,0.0005098899535629414,0.05424626369975167,0.943967185129851,0.00011872321297567064,0.001157938003858655
326,0.0005333288022111686,0.04807560765378236,0.9497793846875943,0.00018972004918878192,0.001421958807223654
327,0.000272604081562979,0.04241999177855217,0.9557457995390126,0.000137249898499242,0.0014243547023729225
328,0.0010460631017182621,0.06448247460731324,0.9324291270850502,0.00022374680945192184,0.001818588396466405
329,0.00035522091840404254,0.04919022773155084,0.9495285554455375,0.0001446525765899888,0.0007813433279175969
330,0.0003863092963268266,0.03342583774542742,0.965572128753606,0.0001462137582589945,0.0004695104463807308
331,0.0003435269401345279,0.025268462850236446,0.9735090337398169,0.0003025124842916124,0.0005764639855206152
332,0.00044304594994386005,0.05040616685653419,0.9475683142859486,0.00044985092218145876,0.001132621985391884
333,0.0005096447931201592,0.07525412989023361,0.9227301768077119,0.0004477066500139678,0.0010583418589205098
334,0.0012250484450733853,0.05839047856976184,0.9379307277321616,0.0008523409163854335,0.0016014043366176553
335,0.000502853853393142,0.06177963960801772,0.9367381268210876,0.00020573675610595057,0.0007736429613957135
336,0.00037592486926038245,0.06294632556248746,0.9354860693707848,0.00026004210092144686,0.000931638096545946
337,0.00040121001136025225,0.046978064727286176,0.9515463333647186,0.0004050552434093991,0.0006693366532257658
338,0.0003961124524865208,0.08473672382820531,0.912374425222766,0.0005074329953084052,0.0019853055012339573
339,0.01997334785727496,0.06768473829495485,0.11320051246561719,0.0027735363173339573,0.796367865064819
340,0.051764397129870146,0.40932244140864155,0.5132839167979735,0.003049692727850223,0.02257955193566467
341,0.038982878151293775,0.9196236601509507,0.030771390699759368,0.0013953235438335092,0.009226747454162555
342,0.041383298872835726,0.9168826795358989,0.029618235035492012,0.0013722478727848267,0.010743538682988532
343,0.0026927582381851166,0.9692087777633951,0.023738130162763684,0.0019396959600123068,0.0024206378756436984
344,0.003347715652735457,0.945609934028928,0.046485199849131034,0.0018325794707186628,0.002724570998486888
345,0.0056285878098558855,0.6376758345621865,0.35407243948602773,0.0009447671248712392,0.0016783710170587094
346,0.027291673886099547,0.4725885368559108,0.4880533355221494,0.0058385233428861075,0.006227930392953895
347,0.007203446336885303,0.9818364835425064,0.006341869763667528,0.001990225202855593,0.002627975154085197
348,0.00299701423034512,0.5444744025771788,0.4491946690665972,0.000947244362845795,0.0023866697630331
349,0.007371107233780078,0.9419371969088758,0.04777831880512426,0.00043267650626130393,0.002480700545958536
350,0.0038813886371279814,0.8905344925926809,0.1032926415553102,0.00041740686743690913,0.0018740703474440787
351,0.0029103565850714906,0.9614449339563442,0.03369535824666851,0.0006882200214614516,0.0012611311904544256
352,0.0017887505697204776,0.7606445557527562,0.23524523406107803,0.0008106413161599553,0.0015108183002851129
353,0.0021086382239665336,0.6237881193526831,0.3704098410833344,0.00190121605563436,0.0017921852843814094
354,0.006806909787137605,0.636323196873609,0.33879700202240076,0.01553066169788726,0.0025422296189652836
355,0.0031128944827061296,0.8002449116751289,0.17676411940381928,0.01643027730761333,0.0034477971307323527
356,0.011193113425081353,0.6247332563541137,0.25565308693025773,0.0984827115226779,0.009937831767869325
357,0.02640067157781864,0.5521870329097984,0.023940075726018452,0.38474877210117,0.012723447685194582
358,0.07448489637915973,0.10379196713944645,0.0009966421469106796,0.7904404954376483,0.03028599889683482
359,0.012616393857644969,0.04236646084116544,0.0001892003014651807,0.9407601174502576,0.004067827549466881
360,0.011669489514922454,0.04056940979231361,3.4704100164655845e-05,0.9435870310090404,0.004139365583558889
361,0.028191774707003372,0.02354616524865065,2.863911582652706e-05,0.9453069251909204,0.002926495737598998
362,0.023071996786115462,0.027476625623175235,2.2506013843797603e-05,0.9460209397248803,0.0034079318519850913
363,0.0076901969977973385,0.009815520222137348,1.954755832727363e-05,0.9790319379605233,0.003442797261214826
364,0.009851095118547726,0.0070173376229536325,1.1462111609137695e-05,0.9762876679082823,0.006832437238607233
365,0.005418825382396297,0.004369569831216076,1.385457634965974e-05,0.978420599898659,0.011777150311378971
366,0.011539331056903211,0.0033203921707322262,1.3758542906656574e-05,0.9825619695075487,0.0025645487219092575
367,0.015298766233081728,0.006389327606614505,1.706163718475673e-05,0.9745092684021772,0.0037855761209418587
368,0.016765291829840025,0.0030159932840099755,2.7908642185927863e-05,0.9716834770914593,0.008507329152504838
