epoch,N1,N2,N3,R,W
0,0.0008698737046246093,0.00013628612241151658,1.3614746126093285e-08,9.247291693702492e-06,0.998984579266524
1,0.003222030773596133,0.0019224698359328594,3.424921410312304e-05,4.374063473726382e-05,0.9947775095416307
2,0.0011381409410867755,0.0012525530780645368,1.686298839434655e-05,1.6474981189194423e-05,0.9975759680112652
3,0.0016566010078078333,0.0008058595707539783,4.0359689174222916e-05,2.1894658897869724e-05,0.997475285073366
4,0.005258813048160024,0.0015146875922838984,5.968734439212673e-05,0.00012058188999861139,0.9930462301251652
5,0.0031680647067998426,0.002092986514491698,1.7390182511658748e-05,0.00010671935240192694,0.9946148392437949
6,0.006721822970054332,0.0013568687036322013,6.0950554183575194e-05,0.00015889803953715188,0.9917014597325926
7,0.028526983325861604,0.0047738423307774995,0.00010612984522353924,0.0009281041046257342,0.9656649403935116
8,0.020711076759469066,0.010035398787984715,0.0006018836919311866,0.0010295647277121741,0.9676220760329027
9,0.024595587488673295,0.025587195106700735,0.003562762499587321,0.0024618512662246813,0.943792603638814
10,0.012062898462543636,0.016571334573830285,0.0015552355328157079,0.001130325001424507,0.9686802064293859
11,0.008707322434972893,0.02381861852584065,0.005582294222913661,0.0014953148495066141,0.9603964499667661
12,0.004911018762708469,0.009949829479476825,0.00122564317860985,0.00015851512842589155,0.983754993450779
13,0.06278882489941177,0.060872050374154336,0.004901282468233922,0.0011482154079171395,0.8702896268502829
14,0.0848946605950286,0.08498751096280314,0.010115976294423278,0.002442957570851147,0.8175588945768938
15,0.0895930731159425,0.10130441929664993,0.004266145689090113,0.03372776981459003,0.7711085920837274
16,0.12908475157841034,0.2868298481840126,0.009372205963883226,0.009506458741385808,0.5652067355323082
17,0.08284663150023373,0.27618927160800594,0.10200343246522141,0.0032649836641124347,0.5356956807624265
18,0.10249408700551735,0.34071857344076395,0.051886144780621,0.002445747776054447,0.5024554469970434
19,0.06278240009012988,0.41295906854308445,0.14591483162195273,0.002594215542792134,0.37574948420204074
20,0.05017823896274097,0.2849496824229936,0.26021297337711097,0.002437080788036715,0.40222202444911787
21,0.12900376186785423,0.5922087226305296,0.07436723166768415,0.004296562503352988,0.2001237213305789
22,0.08000334334399282,0.4879359052184016,0.16346292550551952,0.0017773562150345688,0.26682046971705153
23,0.07662570027973703,0.48156974468848446,0.24628389847308163,0.0028389054543060182,0.19268175110439084
24,0.045516083731816016,0.3691851165353936,0.09853256827341747,0.0006554947062659903,0.486110736753107
25,0.09029041725641133,0.4795334622125275,0.11034988736762866,0.0009555830414841936,0.3188706501219484
26,0.0628360089037369,0.42139519358605226,0.06458008737416547,0.0012968694204330239,0.44989184071561217
27,0.06988520097828034,0.6046091951570007,0.03989245588119228,0.0008694062517911826,0.2847437417317355
28,0.07676096470804708,0.6103824231890667,0.04933034612535185,0.0008366927833094217,0.26268957319422487
29,0.03251497078478765,0.5196869353737472,0.1757721437621439,0.00040337271410512197,0.27162257736521606
30,0.0706677970354472,0.4977267284647024,0.10804873805923387,0.0007568994515082359,0.3227998369891083
31,0.059188034379473634,0.6452533708494239,0.08475747099237609,0.0006100101073096488,0.21019111367141669
32,0.012170073368931366,0.039230038874249216,0.008970270337324495,7.100100548311287e-05,0.939558616414012
33,0.04665258553807372,0.3725598430911457,0.20947452353025287,0.0002690006458239677,0.37104404719470374
34,0.08818299456852435,0.4817926453643571,0.13658638646752577,0.0009398311039363356,0.29249814249565653
35,0.16482805776797976,0.4325087027179705,0.07065485428954948,0.0006531093659907271,0.33135527585850966
36,0.06122743298089476,0.6831315754021197,0.057640518600330745,0.0004084768537482641,0.19759199616290649
37,0.09505905590661928,0.38006020739212254,0.074997384819233,0.0009582327209191457,0.448925119161106
38,0.10447645093353532,0.3568679371952661,0.35137384123877596,0.0006662820007894652,0.18661548863163302
39,0.1281684767133542,0.21775041718247373,0.3836881778730203,0.001025837626943116,0.26936709060420866
40,0.08857337403053213,0.20859249854204684,0.19286676193106964,0.0007804648840817708,0.5091869006122697
41,0.15131210168387518,0.23771593368160457,0.0976203310713583,0.0017206141079520458,0.5116310194552101
42,0.11999694302105611,0.727257171181956,0.07948379738668843,0.002947997839720141,0.0703140905705794
43,0.05793468660549841,0.6224662703774122,0.1436751390145861,0.0014346714050435187,0.17448923259745983
44,0.061068409957219266,0.7153218015293409,0.06613653095251858,0.0013437055221147214,0.15612955203880638
45,0.05241864262608218,0.4383207395297306,0.12143866124433503,0.002689629700858867,0.38513232689899324
46,0.09760420778972337,0.2580770381576977,0.01821835722074244,0.001982210068807271,0.6241181867630292
47,0.10241667878310576,0.45538292109497835,0.03464616513125917,0.0019288732960594471,0.40562536169459734
48,0.15021245614824935,0.4394488038613762,0.047891757226449096,0.0030499282464081937,0.3593970545175173
49,0.03673867795718199,0.21784395134397086,0.02497824994834282,0.0015204334722537002,0.7189186872782507
50,0.1448953418117912,0.2928868054006955,0.014047872253442223,0.002053961673467252,0.5461160188606038
51,0.09551021309561702,0.5002198283164079,0.04046884521404967,0.002079767936658393,0.3617213454372672
52,0.025815784902890514,0.03573039360671539,0.00485360693139168,0.0012907323865412538,0.9323094821724612
53,0.4058547748983203,0.3403041706772559,0.020450500082498855,0.0028164646721929015,0.2305740896697322
54,0.4391862750395843,0.3646850324809478,0.012463277608131968,0.0031695887346958663,0.18049582613664011
55,0.2112912339672278,0.33963215114523876,0.01807657916496355,0.0030127616657366946,0.42798727405683323
56,0.023450907016565485,0.1601948323036878,0.0034211988329229167,0.0010379874202736219,0.8118950744265501
57,0.032738540120347,0.155746108279288,0.021379603976338167,0.002706835068520076,0.7874289125555067
58,0.002812552248896545,0.005248383634240843,0.0006868563384273922,0.00028370076344960113,0.9909685070149856
59,0.003305419743262299,0.0015848986730937675,0.00011553060252222058,9.449165144539749e-05,0.9948996593296764
60,0.018337067366542396,0.0032833854724677886,5.460059093198672e-05,0.00011644150380154645,0.9782085050662563
61,0.0019161111226658806,0.0005299294431075404,0.00011422379378339026,5.180690821784514e-05,0.9973879287322254
62,0.0020678350348490096,0.0006645192822110915,9.068017843625459e-05,4.985868757812391e-05,0.9971271068169256
63,0.000590513363926616,0.0004594240066144509,0.00011551220081115635,2.460820385631869e-05,0.9988099422247915
64,0.009902223415716385,0.002042391182743335,0.00017570139921769374,7.162288795410888e-05,0.9878080611143684
65,0.008479313324337419,0.0031609724205255273,0.0003414459830337424,5.606061079350106e-05,0.9879622076613098
66,0.05963405251013823,0.02371423012027356,0.003113095445145106,0.0004267605970413104,0.9131118613274017
67,0.12322585956301381,0.02931067843056994,0.0038245152878527092,0.0013356253708747125,0.8423033213476888
68,0.4312918784535244,0.09195766430431174,0.004498953420378454,0.004114370701223382,0.4681371331205621
69,0.22409289510010078,0.1909866907059972,0.024271959713462046,0.00798343205861802,0.5526650224218219
70,0.10259896374110318,0.2972371996103475,0.039395012337183816,0.007237908595753083,0.5535309157156124
71,0.17814503587518507,0.3208882983272831,0.07874156526764933,0.011200886651742058,0.41102421387814037
72,0.30110664598728,0.3341546374067926,0.07996052859508183,0.008367914340697325,0.2764102736701482
73,0.14659462866379785,0.58523287739764,0.17882431175806934,0.006828925950792911,0.08251925622969998
74,0.20253960735164242,0.5966192856957623,0.03689409199259143,0.009966806724965223,0.15398020823503852
75,0.09866084645067145,0.7985418683094553,0.049495882269790625,0.008898333367537458,0.04440306960254538
76,0.09110804768477336,0.7979649892515422,0.0469588956998069,0.00706214565253933,0.05690592171133815
77,0.1370370700641932,0.7477460482571033,0.02408916886267878,0.004996274045243714,0.08613143877078076
78,0.24198485054644017,0.3292097186255165,0.010504942070195627,0.005007912577991848,0.41329257617985593
79,0.33225860136740537,0.4679694158536012,0.01913569885569051,0.014645753801327821,0.16599053012197515
80,0.3515791372511508,0.31884174352481476,0.007487634327939111,0.01445940417532329,0.3076320807207719
81,0.25850041281175545,0.21251823740153883,0.011676153054288995,0.01235111591692134,0.5049540808154953
82,0.18313580686051145,0.2867844596140617,0.01585681530557095,0.005947826055204688,0.5082750921646512
83,0.43753895358542844,0.4419619765936313,0.0009811139614618782,0.01652439310762281,0.10299356275185553
84,0.4415022749535503,0.39965597438874,0.004274159425325377,0.016979472668863866,0.13758811856352035
85,0.4230044455247779,0.4501183643835973,0.004276509780064324,0.025328726400796038,0.0972719539107644
86,0.20823655434995147,0.6659597350370409,0.03518899303258312,0.021898212057158258,0.0687165055232662
87,0.2659958414055909,0.64044610217118,0.006645951102279159,0.004703543809697445,0.0822085615112525
88,0.1392165824818525,0.7035133835518552,0.06842090087996704,0.002955155086864552,0.08589397799946073
89,0.11614467228465003,0.7605821762148298,0.04240788032893649,0.00405911157555313,0.07680615959603046
90,0.124589462306007,0.8409993960317181,0.0026996938117850736,0.003975739752251393,0.027735708098238436
91,0.14393502478996847,0.7944633354077912,0.012112807106814118,0.005063819438799044,0.04442501325662713
92,0.11315451720830474,0.8088770771583412,0.03756170848130506,0.0019185486587631232,0.038488148493286044
93,0.12285543686989353,0.7401660785477501,0.054099028299623104,0.0016906606421230495,0.08118879564060998
94,0.08787766946477017,0.7735253130260646,0.07679520675039826,0.0012541444054927169,0.060547666353274035
95,0.08079256265420255,0.8571767846584099,0.020372250466150238,0.001919941833272251,0.0397384603879651
96,0.10880683596189862,0.8035631445685399,0.03618092550360886,0.000985845590076237,0.05046324837587625
97,0.06399851581917992,0.8127920953599284,0.04756532085066572,0.0005343820207259077,0.07510968594949997
98,0.04606233804463805,0.8853937424209919,0.03918733689313563,0.0003787571646921957,0.02897782547654217
99,0.06920590857682071,0.7342215501121238,0.11980475194165197,0.0007891729812414149,0.07597861638816225
100,0.06466175430071777,0.8547072047574733,0.04305575299056922,0.001055153266339313,0.0365201346849005
101,0.12285858716710353,0.8255079523242136,0.012490046669266973,0.0019671064798234893,0.03717630735959251
102,0.02431000970905038,0.7717431018860902,0.11106629614317308,0.00045513942915173874,0.09242545283253449
103,0.04935406948551349,0.4129303599814302,0.018442569969092316,0.0019870328386463448,0.5172859677253177
104,0.03032236958602366,0.3607671340046312,0.10030570420954585,0.0017516088295339396,0.5068531833702654
105,0.0381518184697268,0.16744469939513681,0.008779569497624009,0.003977182546495086,0.7816467300910173
106,0.00709580484416347,0.026844524319090526,0.0016023463864004513,0.0010863432394169444,0.9633709812109286
107,0.005776089384983173,0.013766457664389753,0.0025363391944869906,0.0002504006764159275,0.9776707130797242
108,0.013668718873341068,0.011963031655753449,0.00024226306241852854,0.0002707966158845804,0.9738551897926023
109,0.008204208473788511,0.011673361543505767,0.0004650117127250711,0.00014317583738858498,0.9795142424325921
110,0.13483491504455902,0.07744802454022884,0.0006743406923029039,0.003853796436121287,0.7831889232867879
111,0.3117778361407025,0.14493832606088713,0.0014046531828837742,0.04164868969443851,0.5002304949210882
112,0.31091255733397866,0.18665586444399798,0.001285092253741043,0.0427966607131647,0.4583498252551176
113,0.24655981022975412,0.37580836098833664,0.010786174681598079,0.05326603373200954,0.3135796203683016
114,0.18985286449294372,0.5099167305225044,0.0028128708918656055,0.1951981428236661,0.10221939126902019
115,0.19791425842230193,0.4965165243027595,0.032826709350750466,0.10335034850515483,0.16939215941903327
116,0.06522145502330501,0.5700482751875933,0.031091445781804627,0.024121066919956538,0.3095177570873406
117,0.18563426519912796,0.6407242302994793,0.008389330702476158,0.01896037064787453,0.14629180315104207
118,0.2584760320066165,0.6051261501815643,0.017021012966991846,0.030326970541652513,0.08904983430317479
119,0.25880741442809374,0.6718708212010721,0.006835508619426056,0.01106942729249976,0.051416828458908416
120,0.16711376094627423,0.7181760338224114,0.0742392635845963,0.002966060095760332,0.03750488155095792
121,0.1393898612633799,0.6977939878711334,0.0700004323777872,0.0037578610976886587,0.08905785739001096
122,0.08371991629875795,0.861895616280771,0.03184768169430013,0.00364060778084817,0.01889617794532275
123,0.09764255506426192,0.8280360440007883,0.043774722249795256,0.00410618120470913,0.02644049748044553
124,0.11490718564088889,0.8277975440760441,0.01263325070348518,0.004908978652635216,0.03975304092694671
125,0.0543324858019421,0.701363946300459,0.17388205971601114,0.0014163160573605132,0.06900519212422722
126,0.11723299629422879,0.7000446013681177,0.07224016238454484,0.004529835813651337,0.1059524041394572
127,0.04956764890222084,0.8474216257598326,0.03407756496353075,0.0011273588779224374,0.06780580149649343
128,0.06277248470570886,0.7041280320528278,0.0866299686590538,0.0017158694017708899,0.1447536451806385
129,0.08495694546076316,0.6740476402734127,0.017070819327086862,0.007208342243209685,0.21671625269552772
130,0.0471902838834397,0.6690146564568495,0.10203584066503721,0.0026640335213344983,0.17909518547333883
131,0.049821517175992126,0.34404063154811637,0.029394571797137583,0.00325559496959069,0.5734876845091632
132,0.02481638730440419,0.032549123361700044,0.002194343205428335,0.003585233458147135,0.9368549126703203
133,0.025941199571150365,0.018817571449918778,0.00035172683483876026,0.001362752495080481,0.9535267496490115
134,0.036238324747794856,0.02358249255863432,0.0008545386276674206,0.0007708784489515873,0.9385537656169518
135,0.07936964719154456,0.006083112334956806,0.00014908065599327638,0.0012459336393542166,0.9131522261781512
136,0.021330718593420065,0.0040586258342452134,0.00021753774012527464,0.0002982673695154696,0.9740948504626941
137,0.02935784197234628,0.012307533202634773,0.0005033107754478031,0.0013784473705312037,0.9564528666790398
138,0.026989707958598595,0.004210799840528789,0.0002431854615156825,0.0003599449137918703,0.9681963618255651
139,0.025006983555959702,0.0015385739709822238,5.994265947884327e-05,0.0004873891786581165,0.9729071106349211
140,0.05863125304716576,0.007634196476334955,0.0002604791016778546,0.0010982385764139676,0.9323758327984075
141,0.0683164927130614,0.00403200851079254,0.0005946887047144793,0.0006087672736888261,0.9264480427977428
142,0.09950646116087289,0.00980783653128153,0.0009837545404088616,0.0009521599094530652,0.8887497878579836
143,0.3007771663628086,0.03610506426348803,0.0010792365572548778,0.002610452232674764,0.6594280805837737
144,0.2098719022894019,0.10691844280730478,0.00472954694332286,0.003211470564815268,0.6752686373951553
145,0.5113479609458371,0.1501592916449774,0.0030864574674985385,0.024116939223563477,0.3112893507181234
146,0.3229543313546707,0.32903451010335755,0.017162083330340798,0.016229344274489473,0.31461973093714135
147,0.39172749526436207,0.1427528452485438,0.006165410832601342,0.02118524271227568,0.43816900594221714
148,0.26925541197600966,0.09975376409760199,0.0123573485601492,0.035109568933964184,0.5835239064322748
149,0.3178545720587673,0.37108335713078416,0.007544924039702264,0.10577835428979769,0.19773879248094858
150,0.5281646599105573,0.33552892477523505,0.0014121153973815834,0.07206393265970512,0.06283036725712092
151,0.4135675780814216,0.46602783351609933,0.015016201123422125,0.04341270796798213,0.06197567931107472
152,0.2657282458352871,0.39708598105893933,0.02015477387175175,0.03089455055310296,0.2861364486809189
153,0.17122554459619335,0.7527077209222377,0.030628418153428844,0.02110792916748948,0.02433038716065062
154,0.2344832197408472,0.5817687927221837,0.03421714767849305,0.03562236206068172,0.1139084777977942
155,0.1357803267750273,0.7032705198470325,0.09436292669913357,0.02092817018624771,0.04565805649255894
156,0.17440724740280533,0.6780159823479495,0.0451650526151346,0.048881854291046224,0.05352986334306434
157,0.21894000511878103,0.6220068235004751,0.026311615874585543,0.023691659597905118,0.10904989590825317
158,0.20320956265318943,0.6361787065609676,0.04086199404535966,0.007913225502759368,0.11183651123772394
159,0.3122005852330746,0.6226979446807352,0.02425130426140234,0.01401897172603319,0.026831194098754632
160,0.08122394266852666,0.9003812851318909,0.00829341521457711,0.0015109698451196757,0.008590387139885754
161,0.13644470486865265,0.8197433659680594,0.011441377971650318,0.0032491162424005773,0.02912143494923717
162,0.13467940626728456,0.8252611165112664,0.022125328571959636,0.0031332969040542267,0.014800851745435212
163,0.08747986480466488,0.8573333489497124,0.04002456109062597,0.0008016476108145448,0.014360577544182001
164,0.10135612855278417,0.8528644679232895,0.031170674073032503,0.0010083964940220036,0.01360033295687174
165,0.03452185542075759,0.8995090260260428,0.060428324512485365,0.0004839199223476556,0.005056874118366649
166,0.06321103571651569,0.8586311060763102,0.05842961438437901,0.0005490649174788197,0.019179178905316275
167,0.013648067573122195,0.778457835694452,0.20245668305984355,0.0002785800036166828,0.005158833668965588
168,0.010308758249930723,0.7710109831082176,0.21454840926921895,0.0005271571019059354,0.003604692270726919
169,0.020018044397312623,0.8438550341715719,0.12973189283305436,0.0009249231707581351,0.005470105427303016
170,0.04722559110161999,0.8247865223069366,0.11308016048079975,0.002935456656622083,0.011972269454021413
171,0.03246640643670752,0.7809798570493345,0.17464819207344587,0.0007558263424388864,0.011149718098073342
172,0.009057881441605605,0.7826789565740254,0.2036277800006659,0.00018446828404319662,0.004450913699659874
173,0.013745249751335804,0.8316415828401797,0.14875604115591362,0.0003130953810107123,0.005544030871560123
174,0.029159109375180844,0.8469459218542998,0.10788231734812032,0.0007908715137359222,0.015221779908662893
175,0.004061150924625374,0.6963035611985507,0.296422623725384,0.00021699575763017528,0.0029956683938095275
176,0.006192453838469192,0.8255634027833505,0.16441076398576498,0.0003064832257421542,0.003526896166673105
177,0.005135753157789929,0.8450574369894504,0.14648325684779795,0.00036223365862261863,0.002961319346339238
178,0.009996264265002172,0.78114905406781,0.20258787974774062,0.0010946710418718816,0.005172130877575445
179,0.005868244226460429,0.7826126043039046,0.20760084627638284,0.0005002747692881914,0.003418030423963928
180,0.007120794069308493,0.8162309705671444,0.16805372220846357,0.0007010689543756688,0.007893444200707785
181,0.024959574583908115,0.8242886379837124,0.14382433888887491,0.002380788680249179,0.004546659863255238
182,0.053209244033517,0.8010864321334368,0.12898255505053652,0.003272259908587266,0.013449508873922492
183,0.01969578688704689,0.9181024464294378,0.056343548380776674,0.002248731783458069,0.003609486519280492
184,0.01343430425164091,0.9439661122686845,0.036464642791197495,0.0007683097284852604,0.005366630959991882
185,0.02501218540555201,0.8792183228397904,0.08301212356825341,0.0019259817027137323,0.010831386483690395
186,0.018523069245973876,0.9101771414099702,0.05082975490461365,0.006923658431248698,0.013546376008193455
187,0.018567399078445894,0.8039206015697885,0.15731041802868984,0.005522060264891129,0.014679521058184585
188,0.014183459960889438,0.8296790791128363,0.13253513003250098,0.004136230868701798,0.019466100025071598
189,0.2037096638185328,0.5750176605432045,0.012443011684412345,0.0964452485025669,0.11238441545128344
190,0.047845705024501806,0.17405181011709503,0.00035078080809666014,0.010267315372783102,0.7674843886775234
191,0.010068208997236072,0.019670410086467756,0.0002499376373416207,0.0018353660078482116,0.9681760772711063
192,0.03944726593016955,0.027905133903217434,0.0013440296765521056,0.0018208121304796306,0.9294827583595813
193,0.006661050440712575,0.005709122485019382,0.00044665172515469823,0.0011977872244544796,0.985985388124659
194,0.04663640927793482,0.008681035101651018,0.0007411993759584152,0.001786619217207027,0.9421547370272487
195,0.0031034025921038025,0.0017603824308408617,0.0003412687507582043,0.00029476975956258997,0.9945001764667346
196,0.035578839003702074,0.008865761794784825,0.0016052421755105403,0.0013183840056705048,0.9526317730203321
197,0.0027885136289508583,0.0021106725540881305,0.00026061413494304946,0.00030483800262169104,0.9945353616793963
198,0.039769216429329596,0.006730012668191199,0.0010204324446867832,0.0009282263239594237,0.951552112133833
199,0.030570424453375326,0.017012644536591088,0.0011586279023415936,0.0013264754412372225,0.9499318276664547
200,0.25599701833132377,0.06386695791666624,0.00113323641261007,0.012660819577874939,0.666341967761525
201,0.13340896932895832,0.10001398288142503,0.007909007937735827,0.00499001046378529,0.7536780293880955
202,0.31423239720284796,0.2158459384620181,0.0398132120459507,0.017250185237407557,0.4128582670517756
203,0.3936184630864803,0.41394082584420294,0.028657391995195534,0.025174626769300528,0.13860869230482065
204,0.17387882605888624,0.5322037942227841,0.1491081816820884,0.027856231837680417,0.11695296619856073
205,0.28440596130380963,0.5103620137651734,0.09788430664883602,0.030019979838479437,0.07732773844370154
206,0.06574331798727932,0.6292153878907142,0.24214968321148878,0.026152592730032963,0.03673901818048488
207,0.02973783409714396,0.41682676637890304,0.4991454436620119,0.006120229897062464,0.04816972596487862
208,0.08669799337190304,0.5267247545099645,0.30757307087088126,0.00698860909007326,0.07201557215717798
209,0.031066636054507775,0.38126771387992386,0.5568897098145661,0.004107574734160774,0.026668365516841555
210,0.085258236689771,0.6205055027746761,0.2033501359721495,0.021916990501421044,0.06896913406198225
211,0.06682553165568633,0.7540268688194944,0.13572583235426955,0.012974921491333271,0.030446845679216412
212,0.10379955254072165,0.6545877403189334,0.18759440885677847,0.014173136349543938,0.0398451619340226
213,0.06394035167973737,0.8437687780331189,0.07780337452125305,0.004552576237591788,0.009934919528298936
214,0.03246253171640704,0.7680005749182796,0.1904499379613454,0.003895698242920576,0.005191257161047176
215,0.05684729174086287,0.8646656789657297,0.05389826555850407,0.005546717446901933,0.019042046288001643
216,0.07275411734159236,0.6821253816450704,0.14790989883343764,0.023509651070156547,0.07370095110974309
217,0.08993031156277201,0.7169912451078697,0.05875081787035631,0.06908377160350837,0.06524385385549367
218,0.13362368847356743,0.6113167928911234,0.05800957052082258,0.1508955039350507,0.04615444417943595
219,0.03856757679554642,0.6792019948402934,0.0293815242182743,0.23114151022511667,0.021707393920769164
220,0.058082588089708995,0.2496969252309885,0.015814670075246888,0.5126792822449637,0.16372653435909174
221,0.03153741701676198,0.07700445595196799,0.0015041972413048937,0.8464637750784817,0.04349015471148341
222,0.032832906782608855,0.0509396033859466,0.0002392811978326844,0.7550732293928036,0.16091497924080822
223,0.09665420704677068,0.020985836417443754,8.241800291495781e-05,0.8121235319235229,0.0701540066093477
224,0.2563389484490819,0.03672366379250329,6.99042583961325e-05,0.6186394514355883,0.08822803206443026
225,0.23861657004269193,0.07458756323904732,0.00013034500956848918,0.6125929184601815,0.07407260324851088
226,0.09519222296706296,0.06436915774405559,0.00014620438525916174,0.8243137196998974,0.01597869520372469
227,0.03884452544071138,0.0295342222316236,6.220847759468167e-05,0.9168356372857108,0.014723406564359491
228,0.023343770379450644,0.01782178569074032,5.6700376324435185e-05,0.9367308566891148,0.02204688686436973
229,0.03176520334766622,0.015471793986239017,0.00010018250433108737,0.9398192543459473,0.01284356581581654
230,0.017549571862004655,0.01866106333669292,0.00013188888829503018,0.9591700036367037,0.004487472276303668
231,0.01185648590978994,0.008351986338875869,7.74745320522559e-05,0.9731517115271822,0.00656234169209977
232,0.008339390895978762,0.0071534067703842965,3.2937766968839363e-05,0.9792843524121871,0.005189912154481039
233,0.009507986025115434,0.0072700373408485595,5.151456237844835e-05,0.975475063780819,0.00769539829083849
234,0.026275756829950706,0.021226158788907375,0.00015455061144584466,0.9416148837453133,0.010728650024382936
235,0.026911026205025796,0.013142321415305466,0.0001399329266559881,0.9342156190056209,0.02559110044739196
236,0.005689158303608881,0.008360752749402527,8.9160477717901e-05,0.9818092319228188,0.004051696546452003
237,0.013371125870603325,0.008016592918639045,0.0001958871135665004,0.9596432947125415,0.018773099384649675
238,0.07727015213692416,0.014167552158644216,0.00010580049834817562,0.8884656190911134,0.019990876114970052
239,0.021616611951679753,0.01709896630301602,0.0002482578543919413,0.9471192188065685,0.013916945084343862
240,0.025609594460495298,0.022409429131439198,0.00028183870894502955,0.9389070167225925,0.012792120976528043
241,0.006157693534731583,0.008557977175714873,7.35849230677177e-05,0.9796192095398619,0.005591534826623837
242,0.004171788465747693,0.003166256952500649,6.707793011471169e-05,0.9874966861733616,0.005098190478275263
243,0.004000515982841745,0.003680622894861792,5.066102104798956e-05,0.988335578952496,0.003932621148752626
244,0.010832314747338069,0.006420292753235103,0.0003822182646238836,0.9572874660319002,0.025077708202902622
245,0.02323991093625324,0.00956043074182578,0.0002994933055962075,0.8852644792575042,0.08163568575882052
246,0.062085382157357656,0.0222608091120604,0.0015577451122051622,0.8613497015454319,0.052746362072944954
247,0.04981282936589949,0.013251207807601112,0.00035702215523558407,0.8889731506775131,0.04760578999375074
248,0.17015483693563657,0.02723846407861578,0.0006253834095668512,0.6655752942001105,0.1364060213760703
249,0.02229549544056109,0.02483392554999191,0.0005291573523671763,0.9399742614699282,0.012367160187151572
250,0.023751174817373995,0.03669134256898369,0.000441503472763226,0.931198300731499,0.007917678409380275
251,0.017678543874612488,0.04118010650615507,0.0009260171462727851,0.923715327159771,0.016500005313188713
252,0.07208761384764521,0.3217008716903154,0.017796236785633093,0.5212160811631127,0.06719919651329356
253,0.03805754892743942,0.261346975744116,0.07915692464490502,0.36144589249699166,0.25999265818654793
254,0.05023747781616589,0.1436048355381878,0.0019349339381186936,0.7241888484777992,0.08003390422972843
255,0.01300346471708624,0.061921704573840164,0.02164588149414303,0.06851353751222145,0.834915411702709
256,0.11482982952179066,0.18325063833303729,0.08271811243748954,0.12214011387446615,0.4970613058332162
257,0.10779732752449085,0.17482226545671586,0.04131364574744298,0.1603217774272382,0.5157449838441122
258,0.4598855724594919,0.08457625695927196,0.004812618150274772,0.09273488056380572,0.35799067186715555
259,0.1392456009265772,0.13826319346256055,0.024005564772957434,0.11899962988527979,0.5794860109526251
260,0.21244320971206757,0.1714412939395904,0.03473078824316363,0.16179872070712126,0.41958598739805714
261,0.28759414434413383,0.1266073531331044,0.034355289777404784,0.07081116115218607,0.48063205159317096
262,0.1627431417366398,0.30234252980537196,0.049370920775453415,0.361069078034457,0.12447432964807786
263,0.05648276003000944,0.10024364142111765,0.07826774594779824,0.6830384515530391,0.08196740104803553
264,0.05246677991515299,0.10188713190749565,0.04622575827125628,0.7230643015523593,0.07635602835373566
265,0.012677095329591187,0.08047417514955131,0.013712614752490146,0.8646419249019138,0.028494189866453586
266,0.02139929689609215,0.1563079379696136,0.03706576403328137,0.7504917864580525,0.03473521464296048
267,0.029973419822759202,0.2688315043489343,0.07712379786760454,0.5664480013049858,0.05762327665571611
268,0.025663466014846287,0.11933607245286364,0.015660592762577582,0.8110378369153306,0.028302031854381828
269,0.032095201600343834,0.16472869354288913,0.18172181381092253,0.5764874510523619,0.04496683999348263
270,0.017382135110724457,0.06573939199444505,0.005766220154794642,0.8955632118072029,0.015549040932832934
271,0.0600209671216664,0.2101205652476497,0.014229216724888588,0.6571585136517067,0.05847073725408866
272,0.024552150080522875,0.13909409627454783,0.11529927078003839,0.4869934030278075,0.23406107983708346
273,0.0338740281719364,0.1535573452193423,0.07788468404531144,0.5659530324719402,0.16873091009146973
274,0.053888250813742516,0.16302797221957951,0.03081471114766769,0.6364405427109002,0.11582852310811
275,0.054127669037579915,0.13398867991936556,0.01645451846034161,0.7067604760747522,0.08866865650796077
276,0.05135744856443171,0.28180747932099076,0.05485586251174576,0.3549230296815095,0.2570561799213222
277,0.052846113748882005,0.28597458454692615,0.08995025152235023,0.35841872764065713,0.21281032254118454
278,0.007424346199918495,0.02455976304039754,0.01440239917846548,0.10088426592027509,0.8527292256609434
279,0.09852119079511443,0.06652505589866874,0.004664367678062888,0.08328898638022215,0.7470003992479317
280,0.1351288144728585,0.10855197628093324,0.0014300140755822027,0.30280372385766646,0.45208547131295956
281,0.09709410645196251,0.10132848423720962,0.010955426317403856,0.15568185730045123,0.6349401256929729
282,0.11334755959619296,0.11498220486960299,0.005496585206994709,0.12765209265833344,0.638521557668876
283,0.1631439502180909,0.3434649050745197,0.012788895291270457,0.30372460373376137,0.17687764568235748
284,0.08794744849509555,0.09740114861143023,0.00407064139154808,0.48255177449139397,0.3280289870105323
285,0.08158332472444005,0.13240159428106094,0.010535029089980814,0.6007433681473341,0.1747366837571841
286,0.048773663821500134,0.08148401050561711,0.024051918755605292,0.26592708383442537,0.5797633230828522
287,0.16647523369465103,0.06703382179204403,0.0047841646222648235,0.3852783368585324,0.3764284430325076
288,0.3853452995182679,0.08818882504347109,0.012785109636762422,0.15033325435650338,0.3633475114449952
289,0.18302996882771586,0.11021730332619027,0.02012584092314941,0.1492034199051834,0.537423467017761
290,0.1138311955555729,0.078892873859776,0.0022418051507120946,0.2574093544876064,0.5476247709463327
291,0.1023555619467457,0.06381869527510352,0.0021133553945093496,0.3310475248247071,0.5006648625589343
292,0.12137703916310652,0.14812456437164054,0.009652383181138572,0.26137791802562865,0.4594680952584857
293,0.1510629860721673,0.12217721391714569,0.002158113919148568,0.3121995726400751,0.4124021134514634
294,0.05142796882388945,0.155010361389371,0.008320742442059862,0.07196990310038433,0.7132710242442952
295,0.010750858724519724,0.00873221786160174,0.0008786232656883163,0.012909590775226956,0.9667287093729633
296,0.011117580857956956,0.014407772952088577,0.007156511834068706,0.014449316497666257,0.9528688178582194
297,0.06473810281229443,0.037548675050353655,0.009237341294880857,0.015692305836134936,0.8727835750063362
298,0.020417667081670435,0.018539461568529387,0.005779776777858645,0.00569151691391026,0.9495715776580312
299,0.010082276683564621,0.004317050980609365,0.000757072827281564,0.0018936475216344711,0.9829499519869099
300,0.007450472310382936,0.00166347444225235,9.388415834050253e-05,0.00034224946108486184,0.9904499196279393
301,0.048750743870119996,0.037323120691438484,0.0011017841691777935,0.0027502786812713155,0.9100740725879924
302,0.006429563049063217,0.013912111101455023,0.0012553695409463477,0.0009973962081414498,0.977405560100394
303,0.0015174020913689987,0.013800936101215393,0.0004940800974979708,0.0008385781026430315,0.9833490036072746
304,0.0010542037148978014,0.016426777215197284,0.0006522101189761766,0.0012477026021665172,0.9806191063487623
305,0.0014952851100768893,0.017320082066493964,0.001088966753622376,0.0005217968468454778,0.9795738692229612
306,0.0025545188463956163,0.00955312593824245,0.00029552968523808356,0.0008613457796856296,0.9867354797504383
307,0.0049993412969635016,0.00854876062626175,0.00017196048217732154,0.0012221429328831983,0.9850577946617143
308,0.004270967751372546,0.009770207907363685,0.0008757742362533979,0.0019007727001239183,0.9831822774048864
309,0.07044524510201218,0.03556531104606197,1.9815618105293674e-10,0.003971845299896982,0.8900175983538727
310,0.03385934935561924,0.0034844008886134124,0.15645578362245138,0.004635143572569732,0.8015653225607463
311,0.018549307858810263,0.0022608385785410664,0.14835334154091617,0.0041646981142766685,0.8266718139074559
312,9.930807013747584e-05,1.0685782152943368e-05,0.9959711565281663,7.800925661793393e-06,0.003911048693881345
313,0.038128399386867386,0.007172214578062982,6.565843214757064e-05,0.0076152700480572,0.9470184575548648
314,0.0498919810561639,0.00396980045925358,4.471478425101402e-05,0.0062395141186223305,0.9398539895817091
315,0.014733655816835937,0.0019583170965535284,1.4858159244000386e-05,0.006735193017874493,0.976557975909492
316,0.009814029286081178,0.00463341475385598,1.7798652906166728e-05,0.0029946072818797177,0.982540150025277
317,0.02597496164152158,0.002619593738192646,6.651285676566695e-06,0.00519209387915496,0.9662066994554542
318,0.014862306750978646,0.004124187795401485,1.3110351513316064e-05,0.01026133027924425,0.9707390648228623
319,0.014794411624169933,0.002364674162526435,5.453116865954219e-06,0.006522124249991869,0.9763133368464457
320,0.016606345816149972,0.0035688888457588693,1.5732725675904534e-05,0.014093177926638995,0.9657158546857761
321,0.01279384435306984,0.0009956007922763417,9.052089412150441e-06,0.009910825799724701,0.9762906769655169
322,0.005945703190346958,0.0012712454511756824,1.313592493366189e-05,0.005438166703063342,0.9873317487304802
323,0.025418671315452446,0.003662661970026478,7.175129771853603e-05,0.01672873926214208,0.9541181761546604
324,0.015809328783831025,0.0015551683494310548,3.0050077325909258e-05,0.010210296884630168,0.972395155904782
325,0.0066085058197469515,0.0012024300183027116,9.673515096738031e-06,0.006570512561279909,0.9856088780855737
326,0.02751719839473668,0.0019654790036708137,1.8439932770917974e-05,0.011718955838964113,0.9587799268298575
327,0.026826833360527623,0.001347491005156149,1.364109421468415e-05,0.011048825557031877,0.9607632089830698
328,0.028939528489948577,0.0026591108083073977,1.6914309415377845e-05,0.012175347117328678,0.956209099275
329,0.03309413653575502,0.0020093109877980697,1.564164884638604e-05,0.0078101998024073475,0.9570707110251931
330,0.015077847211639421,0.0014440358442622677,1.0746766798779983e-05,0.00334359574445725,0.9801237744328423
331,0.0033814413183169,0.001595768867253793,0.00022682507999465868,0.000899269198962604,0.993896695535472
332,0.007268817740939915,0.0009590723855670918,4.922449384851886e-05,0.0008181259978426604,0.9909047593818018
333,0.032511120137000894,0.0014066369620610926,2.5660619512024733e-05,0.0026744634994337983,0.9633821187819921
334,0.007904282345399064,0.0007337461985494516,1.6170736065697914e-05,0.0020307587823683135,0.9893150419376174
335,0.015441262134577763,0.002813134521224652,4.54441341092287e-05,0.006975022595121342,0.9747251366149671
336,0.06818135776009192,0.008156748613521492,0.00014058839815125717,0.03412466829323373,0.8893966369350016
337,0.01345203431008725,0.001990182040332605,1.7754852611445858e-05,0.014000507210022418,0.9705395215869462
338,0.3644282379904864,0.04224764463299124,0.00030687723389995127,0.08777415610575019,0.5052430840368722
339,0.004609551399078109,0.001064705582470158,1.0719586725138987e-05,0.013444866865751078,0.9808701565659755
340,0.04849219958228671,0.0039321334647723786,2.335356956349949e-05,0.052544623845984025,0.8950076895373934
341,0.08249667586253161,0.003041313497980903,4.9984235032111735e-05,0.02963528936012483,0.8847767370443307
342,0.15181134552279857,0.016214572498745253,0.00015674470712366412,0.04563024213790927,0.7861870951334232
343,0.4536055798801791,0.01918034743761086,0.0001645126227179839,0.261547203731902,0.26550235632759006
344,0.29996089334493714,0.06555455001375456,0.00017872337476620374,0.4472695546196918,0.18703627864685027
345,0.21346204194921745,0.09555294204807983,0.00024315603192961665,0.46934093584118364,0.22140092412958956
346,0.1762204375826752,0.05806361378156286,0.00016192050260916744,0.6977007578821228,0.06785327025102984
347,0.20857269682813376,0.1515161877780207,0.00028067421202862325,0.36145890358447685,0.27817153759734004
348,0.2721738828699964,0.14446503500337113,0.000560740188576877,0.31694099588319535,0.2658593460548602
349,0.3844933123302649,0.1150491297576227,0.0001329541636997828,0.3755340053164344,0.12479059843197818
350,0.22395085548473712,0.1840694937755637,0.0005423255016763638,0.330861679809163,0.26057564542885975
351,0.18307405804314122,0.07405285148378671,0.0004942234100123076,0.3451810842278307,0.397197782835229
352,0.2612109122458461,0.05481063450060356,0.0001477539769352652,0.6251609365438636,0.05866976273275143
353,0.3224096677513609,0.14989118561991402,0.0010882315206068721,0.32504276790411635,0.2015681472040017
354,0.23414640089361247,0.06505105357817081,7.5706153759398e-05,0.6894816855866566,0.011245153787800772
355,0.17787211045059192,0.12947621846252036,0.0001484782797231718,0.6619093718147786,0.030593820992385824
356,0.08849394052367603,0.15402349129586262,0.00047476741636553863,0.7445611690595271,0.012446631704568696
357,0.06999773114902696,0.24032103199145516,0.0007858282863693422,0.6770657766632906,0.011829631909857892
358,0.0891236365257384,0.12717551636348814,0.00023584120294270762,0.6806835742507311,0.10278143165709944
359,0.13802513024173715,0.224984605399146,0.002161300023951515,0.10900758339965921,0.5258213809355062
360,0.3234085821283701,0.09922562580004934,0.0008294529926023175,0.5188391347052428,0.05769720437373546
361,0.559796664344057,0.06974212608819794,0.000272977338458174,0.21049798071949713,0.15969025150978988
362,0.25975820588116383,0.12261920124603955,0.0007196418081788074,0.5439940097879618,0.07290894127665597
363,0.22185792681437438,0.05837486899610092,0.00015028990142735633,0.6684332212265324,0.051183693061565
364,0.14827410281525077,0.16512015468843175,0.0041892856186175826,0.2441271365215197,0.43828932035618023
365,0.13714783925020244,0.30527852493221364,0.016395211730588728,0.28759196397703907,0.253586460109956
366,0.14446895016012987,0.1564393317089407,0.0005660317921976121,0.6301368971679127,0.06838878917081923
367,0.16453639410325685,0.2743114953678042,0.0028559699759351273,0.20125743664077647,0.3570387039122273
368,0.18086293497139413,0.5055884147960715,0.006282819647521111,0.13609470663228543,0.17117112395272766
369,0.18349250512061566,0.428554280363094,0.022768383858695698,0.12126268829662973,0.24392214236096485
370,0.16295002495897912,0.6093413695072828,0.008538793235246584,0.1670930944621694,0.052076717836321965
371,0.1954374749922501,0.3597357514134783,0.00279452812338667,0.39396449736696004,0.04806774810392511
372,0.2444431551264281,0.3487847092744009,0.0020123983623197097,0.3615857480139809,0.043173989222870475
373,0.10118677495035944,0.605313900053189,0.011728517631302176,0.23559538267180882,0.04617542469334067
374,0.15325774262388484,0.4256594338534594,0.005319206853708085,0.39307290391996574,0.02269071274898179
375,0.16611826425710713,0.22974599663658432,0.0010688130038735849,0.5836553329364748,0.019411593165960177
376,0.16546473947852516,0.29971107787870427,0.005627537479473099,0.09051426055075662,0.438682384612541
377,0.35092606990377395,0.2464331040655064,0.0027458873110993865,0.2973296624269392,0.10256527629268106
378,0.23135170881190636,0.5445358935938296,0.0026332459267154554,0.174899406553377,0.04657974511417146
