epoch,N1,N2,N3,R,W
0,0.04298432084034391,0.0019900630106579453,1.6110704686158798e-05,0.0006057884544031571,0.9544037169899089
1,0.010180431507532913,0.004949053449800217,3.480703807799984e-05,0.00046994255283326365,0.9843657654517557
2,0.027569538830777868,0.003939011465558563,0.00028360195241331523,0.0004907511036068708,0.9677170966476433
3,0.04577911126934815,0.0032257623967791313,2.0730316481754753e-05,0.000675387413317695,0.9502990086040733
4,0.04436266218412977,0.004269029716947078,1.2533508701726713e-05,0.0005323198527438293,0.9508234547374775
5,0.06229898377900197,0.0024733058304535066,2.0877271029326464e-05,0.00110376391378516,0.93410306920573
6,0.45207402816298375,0.017666674626130217,5.595868950431106e-05,0.0019093132480249117,0.5282940252733568
7,0.5059484816702309,0.028276353021950636,0.0003432560241401828,0.0024356747580046257,0.4629962345256736
8,0.4102285242446142,0.0345347676001829,4.6632322092372586e-05,0.0016543785484512971,0.5535356972846592
9,0.6740923815267078,0.13796976281201795,0.0002789225475347883,0.010555308223907335,0.17710362488983203
10,0.3256834076069339,0.590131437185449,0.009379407207364195,0.0026638575488065787,0.07214189045144623
11,0.026845439557874072,0.8458956627786495,0.08224383191461865,0.0007146438308022676,0.04430042191805553
12,0.030858773290394315,0.935727746014062,0.008100347441489615,0.0008784624912029236,0.024434670762851197
13,0.019915436534024396,0.7871943472947763,0.16632700083077134,0.0008799159453745899,0.0256832993950533
14,0.03707086627593851,0.9111297548161672,0.009809683860242602,0.001163061137165344,0.040826633910486514
15,0.01358787356487308,0.7270717169749343,0.21380922408878691,0.0007352680772413759,0.04479591729416436
16,0.014880556616015393,0.5950503042852455,0.35816046604339624,0.000699221187351453,0.031209451867991494
17,0.016017298099975236,0.5363829082621561,0.37033865928138354,0.0003344197336715404,0.0769267146228136
18,0.003159657187077316,0.2753395312193331,0.6999245146616688,0.00016844211642965827,0.021407854815491022
19,0.0010586601559825857,0.13263355726160017,0.8618848224366463,4.2259602957789305e-05,0.004380700542813149
20,0.00219307684218046,0.1498749524756832,0.8311289116819857,6.999840815203127e-05,0.016733060591998743
21,0.0006521970340093005,0.07302981118121317,0.9144316126435402,2.2442932683140267e-05,0.011863936208554216
22,0.0011712642973839592,0.06588822196645744,0.9207521986661995,1.9235002942066337e-05,0.012169080067017004
23,0.0009012741120822019,0.03263882993804748,0.956153368738394,2.3021467553273454e-05,0.010283505743922852
24,0.000808006315280934,0.0492065145811737,0.9416966855430161,1.7831217082385355e-05,0.008270962343446882
25,0.00044102034453792426,0.03100870857407603,0.9649027862035775,1.6796207145617153e-05,0.0036306886706629574
26,0.0002991556405345976,0.019220185542116623,0.9707941062337987,1.1574920834180072e-05,0.00967497766271578
27,0.000910649404674672,0.030255652883923984,0.951798844877547,1.748534516409422e-05,0.01701736748869016
28,0.0002682307687107696,0.012567003201074557,0.9712821785283284,7.0115657533295954e-06,0.015875575936133063
29,0.0008366468371927196,0.030575802796859522,0.9463086451200093,1.8086383680857596e-05,0.022260818862257444
30,0.00017834825510036484,0.014718705828181512,0.9776594809676613,5.99991288852123e-06,0.007437465036168226
31,0.00010808101234898747,0.008630356291911815,0.9871202586541442,3.8873080964105854e-06,0.004137416733498669
32,0.000175287297479938,0.006414778263476968,0.9863368852685293,3.5575029439219018e-06,0.007069491667569868
33,0.00010521344231204425,0.005916822759221008,0.989471533388966,2.0109649610379686e-05,0.004486320759890468
34,6.92428662973939e-05,0.0034749271398654673,0.9950523948058859,2.698748176139312e-06,0.0014007364397751244
35,4.600813113195351e-05,0.0022490227723300327,0.9949642045565429,1.6382513565017904e-06,0.002739126288638688
36,5.508073917287268e-05,0.0032742005153303597,0.9931216742618157,1.9998991755010786e-06,0.003547044584505574
37,2.1127610494411205e-05,0.0012031683764432617,0.9966353437716249,1.9450938047782147e-06,0.002138415147632759
38,3.456948525031922e-05,0.0020432429899922863,0.9939839978601364,1.1356074768674758e-05,0.00392683358985224
39,2.7533100649285725e-05,0.002582670711171783,0.9933815889862142,1.1305727808470715e-05,0.003996901474156228
40,3.4672907796281285e-05,0.0013068834172030698,0.9955642483838427,1.1827143020766773e-05,0.003082368148137019
41,2.8907289272839683e-05,0.0016170323749347397,0.995599982228247,9.182551628379974e-06,0.0027448955559172318
42,3.0360346734972427e-05,0.0012577191814333998,0.995240127260192,9.195482496546439e-06,0.003462597729143011
43,2.1369747610602848e-05,0.0008827695826257474,0.9936267851557279,5.991834567292398e-06,0.005463083679468659
44,2.4244108647428206e-05,0.0008498530380555924,0.9945539990345807,5.6005991207892174e-06,0.004566303219595438
45,3.487275309423653e-05,0.0023395728622063123,0.993335760525116,9.278198710164195e-06,0.004280515660873362
46,2.484087039851867e-05,0.0009777305431318667,0.9972487724887316,1.0644542186442007e-05,0.0017380115555516193
47,3.718658785287003e-05,0.0015989290322671154,0.9936371502003397,1.6194366979683486e-05,0.004710539812560768
48,3.905124587086328e-05,0.002067003493900429,0.9944582882388808,1.9762396711590856e-05,0.0034158946246362434
49,5.270441094523227e-05,0.0024968833214105398,0.9918467070729229,2.3712982655576195e-05,0.005579992212065677
50,7.382401687649622e-05,0.0019093396885223606,0.992672147334832,1.722239797345193e-05,0.005327466561795673
51,2.0652706283376474e-05,0.0013097026265903198,0.9969305528440918,8.423140814800786e-06,0.001730668682219825
52,2.6466272258059407e-05,0.0020450350684683687,0.9950862190513566,1.0814198468045323e-05,0.0028314654094489782
53,1.865941788827502e-05,0.0012994200066086935,0.9967609989856253,1.2695071744211626e-06,0.0019196520827033374
54,2.2032614533965082e-05,0.0015107319402290647,0.9918410251218511,1.12567212252329e-06,0.006625084651263482
55,2.707812541176875e-05,0.003096664950992402,0.9941040878214799,2.7967846321494516e-06,0.0027693723174839666
56,3.214219200699141e-05,0.002672986636706019,0.9947419860954829,2.5161505945885527e-06,0.002550368925209587
57,2.554443318083364e-05,0.0019945625867355057,0.9953434802187835,1.5620880555629473e-05,0.002620791880744697
58,1.7641621386132076e-05,0.0018558423812999544,0.9953947651710544,1.7704574477933261e-06,0.0027299803688116773
59,1.974421295212926e-05,0.0011318015253919307,0.9948465918927631,1.0387407535322186e-05,0.0039914749613574356
60,4.1794028145357627e-05,0.0013656746176152648,0.997061951608416,8.582230515094486e-07,0.0015297215227718223
61,1.4378122784491837e-05,0.0004292172277089294,0.9983309043382974,8.394873957112718e-06,0.0012171054372520352
62,2.7410380520868145e-05,0.001355030519451997,0.9965991932508603,1.5693479657527412e-06,0.0020167965012008937
63,2.2840505085903787e-05,0.0018784153866418908,0.9925527336157767,1.6323384550918184e-06,0.005544378154040349
64,2.4246110131910788e-05,0.001353967357989059,0.9941249746004117,1.3819516131257964e-06,0.00449542997985405
65,3.0370576127997447e-05,0.0019323386367168412,0.9952938420356955,2.4329751016025903e-06,0.002741015776358168
66,2.3145739452037978e-05,0.0011184358661585026,0.9945710380704433,6.073831766966962e-06,0.004281306492179062
67,2.005809924801957e-05,0.002457129721804542,0.996245743867043,1.8446876953506342e-06,0.0012752236242091425
68,2.1701069244136562e-05,0.0013452895901486092,0.9937326004485475,1.912088810386329e-06,0.004898496803249375
69,2.3240607596337742e-05,0.0020080578057261452,0.9955280914481757,3.1681683895509056e-06,0.002437441970112132
70,3.0838960786272175e-05,0.0018331840806560286,0.9960229311016154,4.621702101091308e-06,0.0021084241548411102
71,2.7957696992186982e-05,0.0027392262578432008,0.9954841738723292,3.909900500558529e-06,0.00174473227233475
72,3.064740921656612e-05,0.0025345750245424708,0.9965044531945714,2.7064209413128233e-06,0.0009276179507284311
73,3.536145128914459e-05,0.0019319226167603227,0.9962515639864907,3.972216287587394e-06,0.0017771797291722016
74,9.417570333346415e-05,0.005109985794391892,0.9927849733397887,6.3540751410824275e-06,0.0020045110873449083
75,0.008755468290346008,0.01800787798408198,0.21037069245112908,5.248916621459476e-05,0.7628134721082283
76,0.009925072813612821,0.1247080122317189,0.8368215110987165,5.402676045957841e-05,0.028491377095492196
77,0.01437447083451314,0.09934327472664702,0.8564581670331298,0.00013710739722079144,0.02968698000848916
78,0.04132025182776277,0.6823290741860228,0.2010691079196997,0.00015516799100642568,0.07512639807550824
79,0.0016504322668117219,0.12510182391031768,0.8657941971718264,8.281170056178148e-05,0.007370734950482517
80,0.0015274494750057686,0.15646383521261706,0.8167284741114109,9.341406026321244e-05,0.025186827140703097
81,0.0007272465462739206,0.11857719239471291,0.875326194885368,2.7503415835760703e-05,0.005341862757809275
82,0.00045548023413941144,0.05342742171286249,0.9443338338921555,1.5821858179475738e-05,0.0017674423026629636
83,0.0004727466584483093,0.032896215878712616,0.9595692710791124,1.2653740237907662e-05,0.007049112643488761
84,0.00011795078018975324,0.01890747966009989,0.9793569797169478,5.851876755023187e-06,0.0016117379660074917
85,7.28701610751822e-05,0.008057337886733474,0.990973196489878,1.9225613551063566e-06,0.0008946729009582762
86,2.5138936236029894e-05,0.00409825501327166,0.9950476659617387,1.2758712568602846e-06,0.0008276642174968507
87,3.359950839560589e-05,0.004456664646527108,0.9942296887159052,2.9475234318119227e-06,0.001277099605740313
88,1.0519271688169226e-05,0.004592686030560238,0.994647484989877,3.1774018867185306e-06,0.0007461323059879538
89,1.9189613081301084e-05,0.006156948650354493,0.9923571980140868,3.1718479931306593e-06,0.0014634918744842575
90,2.8830560024520783e-05,0.0045934230566211575,0.9924445885528136,2.0511941609833205e-06,0.0029311066363797798
91,1.0749796585979122e-05,0.0012615514530997841,0.9982082736382556,1.122381944053657e-06,0.0005183027301145254
92,2.2679261163775323e-05,0.002609525486166973,0.9952540766798865,1.6570983650269118e-06,0.0021120614744175622
93,1.0994574850273396e-05,0.0033309207550797242,0.9959792184730626,1.1653401122880049e-06,0.0006777008568950287
94,1.4648519411306857e-05,0.0017533963281865645,0.9973681577577156,1.6218194227799232e-06,0.0008621755752638224
95,1.6782148696880875e-05,0.002245181936464266,0.996647361583298,1.9113730022701588e-06,0.001088762958538554
96,1.410803767349058e-05,0.0022732757026650624,0.996072773481785,1.1941899858802978e-06,0.001638648587890445
97,1.2293050302872196e-05,0.0032148274054880554,0.9960130440874917,2.8313190642632756e-06,0.000757004137653065
98,3.731369635189409e-05,0.002941376679225487,0.9940910380572453,5.3621401868357045e-06,0.002924909426990406
99,4.072558583655829e-05,0.004424503178358217,0.9946430459358411,4.100660489616426e-06,0.0008876246394744409
100,4.446592473925429e-05,0.004618879829544618,0.9936664225618946,5.694453237917992e-06,0.001664537230583778
101,0.0003357637120070364,0.010791328212919176,0.9858447510028706,1.6511073418805274e-05,0.0030116459987844335
102,8.17650958273228e-05,0.008385928037015726,0.9906731452573406,8.05178700758645e-06,0.0008511098228087244
103,0.0003077141890079696,0.03770981896392401,0.9585389154104289,1.4751933448706878e-05,0.003428799503190489
104,0.009371206526037696,0.15977116860942542,0.8130579441537388,6.014081292402445e-05,0.01773953989787419
105,0.0074216034535829895,0.14023410361628735,0.8421982073723892,0.00014113695176417898,0.010004948605976357
106,0.02217048969983395,0.21311572687386449,0.757722674224957,0.00014478551750660257,0.006846323683838129
107,0.004940570001263807,0.27114053085777223,0.7172088699254787,9.140538142680241e-05,0.006618623834058316
108,0.0005958978337406017,0.13484708316569233,0.8634914921213674,6.000288282829009e-05,0.0010055239963713575
109,0.0010321026354497107,0.17632904950888065,0.8170548275728103,7.758977159506778e-05,0.00550643051126435
110,0.0015962245157329072,0.2773786956274699,0.7176629106206307,0.00011450039441058848,0.003247668841755864
111,0.000521266434907456,0.06825139903808577,0.9301814649095691,3.904161215025008e-05,0.0010068280052873168
112,0.0005244124022632836,0.051774058779971925,0.946698827551823,3.665012027512617e-05,0.0009660511456667525
113,0.0006024704877341907,0.055762146737767755,0.9425966966725116,2.4809646643525783e-05,0.001013876455342944
114,0.0003612050413821009,0.03460368348252745,0.9638843764205545,1.6831782083930795e-05,0.0011339032734520504
115,0.0003801536596760959,0.0571662674937524,0.9400898358172733,2.384060142115097e-05,0.002339902427877107
116,0.0007001507818683781,0.0655152345733919,0.9308940355931555,6.72982189519054e-05,0.002823280832632413
117,0.0003352919698793088,0.04448177905102252,0.9542339422760109,1.759288772696252e-05,0.000931393815360459
118,0.0007423325228234082,0.06686189860836245,0.9298790819844328,7.5867525469441e-05,0.0024408193589120055
119,0.0005688547701485468,0.07620851793901631,0.9215529000005801,5.069914863857743e-05,0.001619028141616571
120,0.0033749938642194687,0.1237044861856556,0.8694361503033671,0.0003048383954482253,0.0031795312513097566
121,0.007860786183251955,0.45614523739026414,0.5106845673989318,0.005508390916303719,0.01980101811124842
122,0.012630922805906847,0.4890331067671613,0.4802992029539025,0.004931996101029838,0.013104771371999462
123,0.059017711274279336,0.7745827559456613,0.12398925213701228,0.016856106113439136,0.025554174529608106
124,0.037839863589955676,0.8252477169583265,0.08118340242318252,0.007607052917055784,0.04812196411147937
125,0.12032179392614963,0.6443918000716571,0.11846414679287842,0.052467812712844286,0.0643544464964706
126,0.06888954760000267,0.7438852407816287,0.031947323824520216,0.09744809305333604,0.05782979474051242
127,0.10492305378729555,0.647478212063242,0.029288472023746067,0.1393874972465727,0.07892276487914385
128,0.04783433089507001,0.7385913673479527,0.01189771663144867,0.1704059161534004,0.03127066897212822
129,0.05391729605056059,0.8067774932387078,0.020918470848291897,0.08798979207798555,0.030396947784454183
130,0.05992484388334973,0.6941420540207631,0.012496602214411921,0.13073104599849125,0.10270545388298395
131,0.08863792901436328,0.7333831921795878,0.03250980051478736,0.08680227873013971,0.05866679956112191
132,0.03228542187423985,0.8141254664386158,0.02737973071092849,0.09719385037577974,0.02901553060043597
133,0.020649984235995122,0.8875925685419713,0.002622005549649267,0.07462599355385939,0.014509448118524997
134,0.046562050058059294,0.5804142797665864,0.0038638081259937357,0.33949313676309656,0.029666725286264028
135,0.028191665986462264,0.8692527994744953,0.006780786630215407,0.07733086800705732,0.018443879901769926
136,0.08355344865372097,0.3956703095490604,0.0007519404675675407,0.494767918715659,0.025256382613992056
137,0.06633509673036224,0.37283328338061794,0.0009187729671224709,0.538767664084439,0.02114518283745825
138,0.09415399005099727,0.7885328607870158,0.0033441110552030655,0.08616351013552426,0.027805527971259687
139,0.06985196743108345,0.8000440556033883,0.0029430304293141217,0.10233489990621429,0.024826046629999845
140,0.10532974773468504,0.7118904648787228,0.03613878777625614,0.033892301392718406,0.11274869821761768
141,0.08646298129959225,0.29909101587427583,0.0015386252913924786,0.5823175699015773,0.030589807633162266
142,0.024810423706778634,0.899084756652921,0.0358684547208147,0.018066797301595793,0.022169567617889827
143,0.0605577337379652,0.728496296444373,0.01971618832100795,0.05443926468881679,0.136790516807837
144,0.05207428832932387,0.7817950720048189,0.0026218444475896953,0.14586884032700986,0.01763995489125787
145,0.09653425798057073,0.3484856758058665,0.0011211906003027597,0.5418607171469763,0.011998158466283666
146,0.13663812351677165,0.6610869714779438,0.010096800794936366,0.013850145618363162,0.17832795859198497
147,0.4937298211472322,0.2826947967958475,0.00042183987914994964,0.03355262921307157,0.18960091296469897
148,0.3953087744562378,0.5386258077216025,0.0008935393019813782,0.05287727396120775,0.012294604558970367
149,0.07199770039151346,0.8963706685691201,0.012198362044587576,0.0038465743412175834,0.015586694653561273
150,0.040407224441024875,0.9216961034241918,0.027528715757318547,0.004550073849270806,0.0058178825281940995
151,0.008115984149388921,0.9794161439988031,0.002488914983881714,0.003726531869465385,0.006252424998460835
152,0.010235769933889544,0.9752730437894187,0.008608984985874427,0.0037028102206243616,0.0021793910701928326
153,0.009356758121027013,0.9765216454063583,0.008963185571465465,0.0037066418630067417,0.0014517690381424177
154,0.013475655483256391,0.9746074782048942,0.004308657664721858,0.0035057793921220806,0.004102429255005558
155,0.005064448026152097,0.9898013838090579,0.002061243499660038,0.0006477270602358462,0.0024251976048943226
156,0.005407820344552356,0.9674612543676665,0.024407925490779653,0.0005321051934728951,0.0021908946035285996
157,0.005532052819109706,0.5567221831085422,0.4304913711865701,0.0004686994114097902,0.006785693474368262
158,0.012393344047279665,0.9052328949698187,0.07038709895689624,0.0022105257505704375,0.009776136275435129
159,0.008377888212096132,0.7983987851038824,0.18612952702755073,0.0012360810836036164,0.005857718572867202
160,0.007367150962378809,0.4789229499605155,0.5016200808132515,0.0026199118504459076,0.009469906413408237
161,0.0019635233103928933,0.639200161916855,0.3512285011669869,0.0005302911693939909,0.007077522436371234
162,0.0011082156966062268,0.4034626263586866,0.591948806853313,0.0002365029762006328,0.003243848115193613
163,0.0036241296461517565,0.7638198546722272,0.2190328967476055,0.00048398244018111507,0.013039136493834369
164,0.001963930166298662,0.3759400211158148,0.6154130065848719,0.00031341575809030927,0.006369626374924262
165,0.0016818150098449555,0.19943845947511227,0.794567852946498,0.0002467776749867833,0.00406509489355806
166,0.00042724020024162803,0.1454382104308216,0.8526525753702395,8.387185251270072e-05,0.0013981021461845372
167,0.0006287540517359919,0.15509315654425684,0.8421739112247714,9.041782700209262e-05,0.002013760352233547
168,0.0005864639090526109,0.11921498327913277,0.8778792380353659,7.678519548322575e-05,0.0022425295809655405
169,0.0003121634770747012,0.07145488384062923,0.9275581536859212,1.6930874179020833e-05,0.0006578681221958714
170,0.0002826550123837482,0.05897499674148579,0.9400005581242818,1.1362663613123011e-05,0.0007304274582354286
171,0.0005143857136820884,0.04342595112786078,0.9545836996047581,1.3578856939753274e-05,0.0014623846967592895
172,0.00024025273201188128,0.027923002731794776,0.9711083481087813,9.792479785838257e-06,0.000718603947626111
173,0.00024710203524165776,0.03407036654095669,0.9640725806944055,1.0244274230251998e-05,0.0015997064551660938
174,7.416316425198726e-05,0.023475711129770094,0.9759460427480463,6.9548747298533715e-06,0.0004971280832017699
175,7.933573435158628e-05,0.024081998343037297,0.9743772707092064,1.0858023303378567e-05,0.0014505371901015068
176,0.00017233619195747,0.02475123249086101,0.9739194815781739,1.8140680661598396e-05,0.0011388090583462226
177,7.853646913697468e-05,0.02328160142165367,0.9755660695796208,1.017273168004454e-05,0.001063619797908731
178,6.586896236021913e-05,0.02479541096003108,0.9744464235145974,1.3621700467262028e-05,0.0006786748625439024
179,7.06504681326588e-05,0.02348405930331443,0.9755620573403843,1.4000956524008452e-05,0.0008692319316444535
180,6.229993950350895e-05,0.0082422336656229,0.9911155098600133,9.585157992162915e-06,0.0005703713768680597
181,4.983460379837972e-05,0.008393727799396131,0.990907362808255,7.488434348563844e-06,0.0006415863542018122
182,0.00010490475148938322,0.017171675587880787,0.9821191914578514,1.694309241478397e-05,0.0005872851103635091
183,7.444962861403084e-05,0.009166513637491542,0.9900232552866423,1.857635492653232e-05,0.0007172050923258739
184,2.0721507590270004e-05,0.005567560661654644,0.994127629162616,6.89035498880391e-06,0.0002771983131504561
185,5.686422840389549e-05,0.004936719184680331,0.9941233168980695,2.8620954977953677e-05,0.000854478733868345
186,4.469883889866234e-05,0.005678132715959303,0.9935135084494093,1.283696883442585e-05,0.000750823026898125
187,4.5714460949482254e-05,0.0068165672952662385,0.9923767955929433,1.1338511295701287e-05,0.0007495841395450223
188,5.174074260355707e-05,0.00754366484879848,0.9914470162208975,9.064806770239192e-06,0.0009485133809301289
189,5.105536413368229e-05,0.006898004009576434,0.9923651930025197,9.527127696927202e-06,0.0006762204960733345
190,3.447776948185129e-05,0.006512981580670494,0.992851841807337,7.3392072851254964e-06,0.0005933596352253824
191,4.3090702987476176e-05,0.00660378874627489,0.9927058574052957,8.898737161395031e-06,0.0006383644082805673
192,2.3982475858727814e-05,0.004918243893627899,0.9944078467997756,4.789531889642558e-06,0.0006451372988482059
193,7.168338706529168e-05,0.008078186616721479,0.9909725833051027,9.62149096197494e-06,0.0008679252001486083
194,4.76527963598886e-05,0.005536238342518,0.9926254664576702,9.789445933451548e-06,0.0017808529575186404
195,8.090443999135112e-05,0.009279215959186746,0.9895846649789675,9.89817514705147e-06,0.0010453164467074073
196,3.570492988261043e-05,0.006384618808715823,0.9931706377017173,3.599357916289683e-06,0.00040543920176786745
197,5.097521257198625e-05,0.006741907882200693,0.9919199826659918,8.910977952647143e-06,0.0012782232612828209
198,6.56139486093942e-05,0.008159396287062025,0.9902862537204736,7.471219460768785e-06,0.0014812648243940675
199,6.410670487598073e-05,0.004476686951886459,0.9939376183238775,1.4854608776812168e-05,0.0015067334105831637
200,5.180369088727242e-05,0.006046248074816039,0.9930917721261364,1.3799580534068752e-05,0.0007963765276261531
201,4.964418691465324e-05,0.007429047746471343,0.9914846869980415,1.6784322771402813e-05,0.0010198367458011223
202,7.30195109251068e-05,0.008481668057575123,0.990441165753212,1.7642097348335103e-05,0.0009865045809394515
203,2.422765468198501e-05,0.0051028973093714385,0.9945368994632314,5.92328479771315e-06,0.0003300522879172788
204,4.79418267225856e-05,0.005628542363695448,0.9937645778708977,5.561858100534052e-06,0.0005533760805838622
205,2.7078808183532742e-05,0.004119307068888548,0.9951826716812395,9.00933281868353e-06,0.0006619331088697249
206,5.46225811304012e-05,0.006241487943606312,0.9929324035538677,1.1631526439180847e-05,0.0007598543949564811
207,8.285809593306245e-05,0.009514673941482562,0.9897046395753863,2.0913514117653084e-05,0.0006769148730804133
208,6.139649550150724e-05,0.006434897553851628,0.9928878029809447,1.1337693910746236e-05,0.0006045652757914632
209,5.4028276512105746e-05,0.008729354532136526,0.9907614866564637,8.297943478715852e-06,0.0004468325914091397
210,6.0264168174079756e-05,0.005761018201920478,0.9934900841541172,1.2270939331667285e-05,0.0006763625364563684
211,8.292125120542562e-05,0.01338017930275493,0.9856721652885341,1.5901942128597937e-05,0.0008488322153769102
212,5.6608573718433164e-05,0.006487142529306625,0.9931236913340226,8.42277618380882e-06,0.0003241347867684764
213,0.00014707635983024188,0.016850873837959753,0.9819997493870686,2.2214428127605475e-05,0.000980085987013898
214,3.63140616344598e-05,0.004750571915727697,0.9948128840634645,4.703093813194731e-06,0.00039552686536019745
215,4.5051420442603495e-05,0.007139774631955245,0.9925196766651612,7.385079216155951e-06,0.0002881122032248579
216,6.3545811336379e-05,0.013236536620330055,0.9859312588815953,1.3349454450286497e-05,0.0007553092322879845
217,6.628167980204443e-05,0.009234935862665127,0.9901883108016798,1.3024936659936357e-05,0.0004974467191930659
218,5.695505555544613e-05,0.0078068900761606155,0.9917030139074963,1.2838765679879583e-05,0.000420302195107642
219,6.257264493818663e-05,0.007615368949444613,0.9916378739297703,1.6071638273035014e-05,0.0006681128375738905
220,7.136960097940257e-05,0.009425423032390884,0.9898952557598958,2.4570714867727128e-05,0.0005833808918660322
221,4.74558833234569e-05,0.007782311933533106,0.9910373646483379,4.107219834815704e-05,0.0010917953364571898
222,7.464504934672834e-05,0.009220884049966826,0.9899242880055614,5.233725046377341e-05,0.0007278456446611486
223,9.733194922337577e-05,0.013610803962904495,0.9855363378686635,8.720223874323092e-05,0.0006683239804652929
224,0.0001510621369619814,0.010321465365397227,0.9884801461459158,4.9931949631620125e-05,0.0009973944020934815
225,0.002454438439033899,0.07645128906508815,0.8776827687120824,0.0006542035198052709,0.042757300263990175
226,0.004475570132934002,0.12739058938987707,0.8565838025563611,0.0005317672603691393,0.01101827066045853
227,0.004724949076212582,0.14109800237582168,0.8439447397537483,0.000804152875471699,0.009428155918745773
228,0.01963371470865654,0.7795096168734306,0.15364159043929548,0.0032755535421936603,0.04393952443642374
229,0.021308334482785254,0.8757049378480096,0.0932391251676525,0.003000030603973399,0.006747571897579278
230,0.027232587218486475,0.8739039521191887,0.09010542540639711,0.0027731997104571827,0.005984835545470557
231,0.029278832709712006,0.9408565457240337,0.021695942424666118,0.004864062459419678,0.0033046166821686686
232,0.011028153416597773,0.929646411330854,0.051353713110172776,0.004801004045562307,0.0031707180968131364
233,0.013510447666252865,0.8758408627571416,0.0982901886816613,0.008470597941947856,0.0038879029529965063
234,0.009445230586595054,0.8527249406450471,0.12622885989308028,0.008005626647124845,0.0035953422281526453
235,0.008837735425793752,0.9053685127003065,0.07254566298038025,0.009926454947015297,0.0033216339465041954
236,0.004336191532818235,0.5375446119684308,0.4535506371260874,0.0025925915169760162,0.0019759678556875142
237,0.011668459446091716,0.60006839085937,0.3800797012849319,0.004518628559210065,0.0036648198503962965
238,0.003767490570911812,0.42333072417080686,0.5659940490692152,0.004545402753410108,0.002362333435655872
239,0.0030911938029068073,0.5968928925316644,0.3950684574139084,0.003337094199202722,0.0016103620523175398
240,0.007807704320307527,0.8118110665975241,0.1713334872268903,0.00620031142017641,0.0028474304351016047
241,0.002212664665463898,0.7486489849424365,0.24537444546486775,0.002055437143220791,0.0017084677840109926
242,0.005993155894543248,0.8170820788663397,0.17243599922854802,0.0021981142110245678,0.0022906517995446036
243,0.002006995905702845,0.4086059177080761,0.5880326921397566,0.0004950192343532904,0.0008593750121110167
244,0.005064907707334244,0.7606958251476221,0.23088161771602364,0.0014118341283195137,0.0019458153007003752
245,0.009427497045888307,0.8391351402895029,0.1469098751788677,0.0022023530882466064,0.0023251343974942775
246,0.0066747824071463745,0.6286894350350966,0.36144975328534334,0.001274565860606646,0.0019114634118071465
247,0.006381231330417648,0.7150991992191915,0.27266139756343327,0.0038865204053926483,0.0019716514815650097
248,0.007641497714252048,0.6747253677529065,0.3035405233882816,0.011023372871478861,0.0030692382730811846
249,0.01625615434223278,0.7117481693252439,0.25058977907569174,0.017964278453846627,0.003441618802984844
250,0.014020392149406652,0.7081596863033819,0.26368323673030253,0.010514278474794714,0.0036224063421142175
251,0.03904663523237158,0.8125367884449077,0.10510276454547336,0.03342013323817583,0.009893678539071414
252,0.029464027328139394,0.8200896917051698,0.04452140959999306,0.09857356237073694,0.007351308995960718
253,0.021905411084242526,0.8769027526926032,0.024303706670052397,0.06825941717374247,0.008628712379359528
254,0.024650623481063963,0.876378879406865,0.009361972379633739,0.08010666470798693,0.009501860024450273
255,0.016842169717238675,0.8961705580744491,0.0033915753038513577,0.07430020926853981,0.009295487635920911
256,0.03380788167604808,0.6039578293662615,0.0017660231778358969,0.3443696094605406,0.016098656319313752
257,0.21672381161782087,0.303470095529998,0.006243979036258164,0.2513903100431202,0.2221718037728029
258,0.19523077878165848,0.6480717425331507,0.001394172212115278,0.13572273224663908,0.019580574226436494
259,0.2883719655109932,0.5530973150307691,0.003205550003285803,0.1370292980752099,0.01829587137974186
260,0.14488882985697593,0.6747577865689329,0.014927786721522196,0.1371540326105157,0.028271564242053338
261,0.024762800718094377,0.27288921625586315,0.0011839747352507183,0.6919002109477291,0.00926379734306265
262,0.035592027254875216,0.3214556561389918,0.0019295426105478681,0.6328541813444211,0.008168592651164003
263,0.012821158089999053,0.22782246468210873,0.0008440590283960396,0.7518918899493953,0.006620428250100843
264,0.005726288110622422,0.16421477401823392,0.0004563735901929168,0.826430847186949,0.0031717170940017093
265,0.003052879923649151,0.008070348658893962,3.093207092741559e-05,0.9881197205746248,0.000726118771904693
266,0.009279439070012935,0.01110931311091951,7.750540140270327e-05,0.9777165258415491,0.0018172165761158286
267,0.01306693004496536,0.006968972236414003,2.1551024033388246e-05,0.9779232102645486,0.0020193364300386206
268,0.054755765305970726,0.044708988134808836,0.00011314349457699497,0.8975677379952948,0.0028543650693486342
269,0.03614988688449947,0.01835059206752499,5.0286505503417675e-05,0.9440099703505505,0.0014392641919215472
270,0.01629573338474578,0.0064182634220858,4.4465968661978844e-05,0.9761314567538685,0.0011100804706379933
271,0.02321048927789266,0.00957672766852521,5.654912081757807e-05,0.9661386790081967,0.001017554924567748
272,0.03074144889678062,0.008862348365094473,5.573151300530458e-05,0.9590160884555288,0.00132438276959091
273,0.047481647920761844,0.009339570318908886,6.031842492771164e-05,0.9418101061034838,0.0013083572319178471
274,0.08098416786624792,0.0191330355307039,0.00010064912390399776,0.8971190676583658,0.002663079820778451
275,0.08028870733506159,0.1487668978817294,0.00022058722422143749,0.7659657667640671,0.004758040794920454
276,0.2286936385452804,0.10875184165587025,0.00028238113988689293,0.6573603383252078,0.004911800333754801
277,0.08199182689003053,0.1284790327895124,0.0002712887414878195,0.7870171497403089,0.002240701838660337
278,0.055711967189779645,0.3269949904162058,0.0008067161826395895,0.6122427182826139,0.004243607928761273
279,0.04549919309262283,0.3353580295795622,0.0008925454825596086,0.6154280335874791,0.002822198257776322
280,0.026275856721303753,0.7956124500830128,0.004817050897028215,0.1670547596502389,0.006239882648416253
281,0.031037794820334016,0.7026973429461475,0.001313038377448649,0.25997401120683267,0.004977812649237262
282,0.012273092441965007,0.8496290256316825,0.0025340488024956334,0.13414673223406062,0.0014171008897961694
283,0.0186351861743069,0.7358862673490321,0.0012168783190702605,0.24121434572372524,0.0030473224338656148
284,0.011768891242538417,0.9358102767309087,0.0022046643958234854,0.0473027525444523,0.0029134150862771767
285,0.03145924599897164,0.8952922019675286,0.008613809097831864,0.0616335877752202,0.003001155160447551
286,0.024011221356372934,0.917899970631599,0.0042420879928326775,0.050394098121311265,0.0034526218978842725
287,0.014600756247584635,0.9589248128965691,0.008025415971669728,0.014666429500017838,0.003782585384158841
288,0.026542095220154834,0.9070301535414205,0.00175938896148962,0.06101161799034896,0.003656744286585967
289,0.0418870755251522,0.9038861508552147,0.0018160177576009664,0.048792804272215405,0.0036179515898167175
290,0.03134020564448326,0.937672731446447,0.0015106861039733772,0.02569035118465836,0.0037860256204379755
291,0.026837864823856486,0.9471461640383612,0.009768839442457248,0.01141533988453568,0.004831791810789312
292,0.021399881000817123,0.9599452859294302,0.003587631675890548,0.010830208111950167,0.004236993281911969
293,0.029527336473103395,0.9354840795877268,0.012312372501650955,0.005508477518117352,0.017167733919401486
294,0.19552349561608773,0.5488847182664454,0.00903630299576273,0.0174654212486199,0.22909006187308414
295,0.22727811922661773,0.7150977045663635,0.0022665858457780338,0.025340601574200435,0.030016988787040507
296,0.34269926679602297,0.6254340807237598,0.0010784444939943162,0.022725600317303248,0.008062607668919421
297,0.03001849316513645,0.9587696710353603,0.0016517943798695315,0.006513771272531645,0.003046270147102153
298,0.058279300805204055,0.9132923771979218,0.0020984572408763494,0.0200730835749193,0.006256781181078634
299,0.018247200222148298,0.9632425684878272,0.0018761800835680226,0.014401088750329452,0.0022329624561270686
300,0.015659516434291757,0.9670143739729853,0.0016675354146280855,0.012901846384094754,0.002756727793999963
301,0.011321483565977203,0.969182510922047,0.001309667422546867,0.015634249290804012,0.0025520887986250442
302,0.009298088885484593,0.9752924718562721,0.0010354627656172005,0.01199957245273459,0.0023744040398914496
303,0.01067847895874969,0.9573178331939907,0.009069796751566123,0.01117541326884291,0.011758477826850564
304,0.022181501856125965,0.9542876466625794,0.0029232791299478207,0.011770065309043955,0.008837507042302802
305,0.01430079264611034,0.9659018865538466,0.009653689249498677,0.0079198620923403,0.00222376945820403
306,0.04982908776179087,0.9162939417772176,0.007720226761628655,0.01912600400618351,0.007030739693179419
307,0.014154122708744096,0.9608152465666858,0.014874111746134651,0.007768823767928861,0.0023876952105065193
308,0.050776810704637014,0.9007737823604975,0.014908921712617196,0.023118141777825965,0.010422343444422355
309,0.018441240265328344,0.9574289853365456,0.014830973184668425,0.0052318293873366475,0.004066971826120963
310,0.015857860671243295,0.9710676396568373,0.004487697304010014,0.005918663654039281,0.002668138713869954
311,0.012187695532428334,0.9763086566537276,0.005205701449751044,0.00462239646627206,0.0016755498978211155
312,0.019448032758088478,0.9537620319815437,0.01688335699030097,0.007148348870142511,0.0027582293999243433
313,0.013618889189396,0.9603044618156316,0.019238228091241205,0.005228652740567227,0.0016097681631641377
314,0.025337566623051817,0.8964137478555382,0.062065464418964676,0.01250068428333047,0.003682536819114864
315,0.007233336323675484,0.9106903995301093,0.07657367977420683,0.003227273620793385,0.0022753107512149704
316,0.005179213568241127,0.8918887001548861,0.0979692322095842,0.0028275388813778723,0.0021353151859108033
317,0.006673108784427199,0.8133100676354594,0.17697191294840844,0.0009952364662588883,0.0020496741654459855
318,0.007288724563978411,0.7553610456625411,0.23402952663877552,0.0008020487861046936,0.0025186543486000555
319,0.007180916845444033,0.8637962933108092,0.1256204805811521,0.001142336532212199,0.002259972730382425
320,0.005835721497044014,0.6861809863876293,0.3045931447496738,0.0009676430179420199,0.0024225043477108335
321,0.006877392377585998,0.8958105119040242,0.0929405876088249,0.0011846645698573323,0.00318684353970768
322,0.00760033368167636,0.9176249743812425,0.0718138113923741,0.001106500712598214,0.0018543798321086584
323,0.009703363107526787,0.7930783193255139,0.19399866266557356,0.001575948505491798,0.0016437063958941241
324,0.009442044005111542,0.8023886227260572,0.18527447408399916,0.0006378303496645069,0.002257028835167591
325,0.0030541501242811802,0.9010127056695838,0.09404210954338481,0.00045947994867554973,0.0014315547140746198
326,0.008900109572545434,0.8926974033488669,0.09536402855550187,0.0011039999287048496,0.001934458594380859
327,0.007565788321633068,0.769215435431182,0.21975505504399892,0.0011107972392737377,0.0023529239639122723
328,0.007531709808772937,0.7540137141602586,0.23474835637363548,0.0013316873709940812,0.002374532286338867
329,0.007029607521577159,0.7440136314286642,0.24582884816246975,0.0013946583853203503,0.0017332545019684495
330,0.003957399515451761,0.7039204240503908,0.28980228046371576,0.000773291284942021,0.00154660468549966
331,0.009895737116762834,0.8211641631850003,0.16449263745109888,0.001979204879564742,0.002468257367573137
332,0.0024073781529924967,0.42907068021584793,0.5675431050441556,0.00030625796836774585,0.000672578618636282
333,0.00403104578955896,0.5283539334259232,0.4659608080356238,0.0003449757206310991,0.0013092370282628868
334,0.0021846854648594556,0.44997516468281873,0.5466779161160265,0.0002490986914657815,0.0009131350448295723
335,0.009207636173393909,0.6224351074013734,0.36435062121813466,0.0007108681452739844,0.0032957670618241563
336,0.0030322696328652183,0.3055943647901566,0.6889111594961097,0.0003620298887479573,0.0021001761921204667
337,0.0023123332383232103,0.390251239836522,0.6062821808579656,0.0003068499311872654,0.0008473961360019911
338,0.004228474306920202,0.27193577038130573,0.7193166144310874,0.00048236284124498314,0.0040367780394416075
339,0.008969272659432204,0.7327267360307067,0.24870668051791706,0.002002972468650348,0.007594338323293699
340,0.003313207999054145,0.3635522836549765,0.630703953227173,0.0005670204481543453,0.0018635346706419632
341,0.004629667630671979,0.3018989882936307,0.6917476679915054,0.00044934547985960775,0.0012743306043321435
342,0.00377331745175462,0.3840568648770097,0.6098480570775973,0.0003579357008837703,0.0019638248927547133
343,0.0023872759004674353,0.31118076003598427,0.6842545979218646,0.00030882701221358476,0.0018685391294700345
344,0.0013836980181227503,0.47033277689411596,0.5266411793073695,0.0002044261645655946,0.0014379196158262558
345,0.0011706865942173177,0.2519333678293299,0.7459003784658704,0.00010990787928839045,0.000885659231294054
346,0.0009675289422437417,0.2201633553200219,0.7775164252122946,0.00011749465125690113,0.0012351958741828957
347,0.0011631967488656529,0.26175336877953753,0.7357541158452553,0.00012089880738298392,0.0012084198189585016
348,0.0006637449061874136,0.17861186084386213,0.8196090702860099,9.700962670059789e-05,0.0010183143372397409
349,0.0005763823872896831,0.17584432080458065,0.8228401813938981,0.00014006771186826452,0.0005990477023632706
350,0.00047039255536627074,0.11256418930508574,0.8859530240768568,6.521573234809003e-05,0.0009471783303429202
351,0.0007082130017192855,0.14154230228092574,0.8566303861313199,0.00013619432672866912,0.0009829042593064439
352,0.0014160562642079274,0.3275828415053439,0.6693490371051989,0.00033806336782241873,0.001314001757426872
353,0.0018906060070628121,0.31503913874510386,0.6807255646051772,0.0005128687343869176,0.0018318219082691458
354,0.0015522921007634848,0.26371374909637035,0.7327723668078335,0.0009338553416864362,0.0010277366533461994
355,0.0016125533701360074,0.3070256572203945,0.68748745311927,0.0014084848776808824,0.0024658514125186527
356,0.003514613065334703,0.27284069865803695,0.7205366046891984,0.0007786564679674686,0.0023294271194623465
357,0.0012942625762782148,0.2564911668245355,0.7400455550447421,0.00035067601908875625,0.001818339535355371
358,0.0012443132604176175,0.21547153278450962,0.7773774704917902,0.000997634971612297,0.004909048491670306
359,0.00743607752310275,0.025925038494110167,0.008494670674491691,0.006103010437033191,0.9520412028712623
360,0.3201863553396082,0.3372755640420338,0.00415819437340143,0.017217063284087595,0.32116282296086895
361,0.19482788472398746,0.2961499608247867,0.008412415763221538,0.0026263096795721285,0.49798342900843223
362,0.23792780775331263,0.6651429267858948,0.01106819698315891,0.006317587741222418,0.07954348073641135
363,0.15096627004698907,0.747389836262645,0.015654822471050794,0.011723778418568401,0.07426529280074659
364,0.059616050318707196,0.8690420183123138,0.030363009819939047,0.013327237636369013,0.02765168391267123
365,0.024687882117187945,0.9282350400213859,0.010364535682811461,0.03400175679040974,0.0027107853882048847
366,0.0589386056037488,0.8926738565888346,0.006619838148843555,0.03946176933278363,0.0023059303257893645
367,0.023882218581301653,0.9582888023241413,0.0022178704439511443,0.014766469155502159,0.0008446394951038483
368,0.015046553003116884,0.9754937380124573,0.002642196937606241,0.006145743408219135,0.0006717686386003641
369,0.011225942062858527,0.976322524171622,0.00563789105752809,0.006191933770159437,0.000621708937831698
370,0.003986478986552146,0.9743087619696708,0.014963918768010537,0.006273321030600602,0.0004675192451659584
