epoch,N1,N2,N3,R,W
0,0.010916354227221625,0.010103233310935824,0.00016484862417626885,0.00217710258176511,0.9766384612559011
1,0.03741505651359741,0.011614650280178059,2.6674778660973376e-05,0.0041641679258526,0.946779450501711
2,0.011788293652970757,0.023475810204527367,0.00011365177497130492,0.0005894708080510703,0.9640327735594794
3,0.00909628326779068,0.005341215080133062,1.9119883206864856e-05,0.0005136733277009198,0.9850297084411685
4,0.008546015086176079,0.0005001202211501399,2.851489165617461e-06,0.00011378549100632725,0.9908372277125018
5,0.0025265288553786387,0.00013103010630080933,1.1685051660428705e-06,9.324213020102666e-05,0.9972480304029535
6,0.00707895837363754,0.0016791709499360346,1.9149150638539077e-05,0.00020195732837206216,0.9910207641974159
7,0.036028697660063724,0.0030476388327679792,1.7723400431721553e-05,0.0006861539948869796,0.9602197861118497
8,0.013564559165996018,0.003679387390395807,2.0378466771267458e-05,0.0005087300871507984,0.9822269448896861
9,0.07353905061192034,0.004561071876147641,0.0009671085897850313,0.0014408414968740983,0.9194919274252729
10,0.016305224531684363,0.001494847065597326,3.207393837645872e-05,0.0005694221255661233,0.9815984323387756
11,0.028393653112728505,0.005015817647007712,1.2147628701796508e-05,0.003954355920073462,0.9626240256914885
12,0.03177095511154191,0.011400045549560311,1.3487351090373476e-05,0.005585244816328093,0.9512302671714794
13,0.23821608558364993,0.027101144418177948,3.207208111280562e-05,0.024135297311556305,0.710515400605503
14,0.008848446174237998,0.0021872170772139305,6.14514706157152e-06,0.0008216886597474894,0.9881365029417389
15,0.18194924136770418,0.06913074476751348,4.423617740887146e-05,0.0015977863556650462,0.7472779913317085
16,0.05545724771305531,0.008322138930936999,1.359787693413568e-05,0.006331213272487078,0.9298758022065865
17,0.01396706817913031,0.017873513456640268,1.2245100564559505e-05,0.0004221605592938923,0.967725012704371
18,0.017523264373546413,0.002087692964161361,1.8136207158858177e-05,0.0007091177036741852,0.9796617887514592
19,0.1649523116016098,0.029332008409118943,6.89213291412081e-06,0.006439458731926175,0.7992693291244308
20,0.2813245584712181,0.04431140607775487,0.000276208869270796,0.004662800798100049,0.6694250257836561
21,0.5577332549886772,0.029313663209183743,5.317611101910271e-05,0.004193609980401898,0.40870629571071804
22,0.5302291188176548,0.04736379497345008,0.00019149776175088096,0.029461536142894394,0.39275405230424987
23,0.43742743125288697,0.09789812083788754,0.0021443879421269396,0.019704059255487665,0.4428260007116109
24,0.2172784103890414,0.11713085159161067,0.00033780128598940977,0.07620210046499229,0.5890508362683662
25,0.2332344215041095,0.13009444922793503,0.0007256648495106683,0.09713402128619496,0.5388114431322498
26,0.19718843392314653,0.04726648131284859,0.00021867640595976963,0.13801727904144737,0.6173091293165976
27,0.2310356991229165,0.06413504749672885,0.0006591992206702423,0.014426791881392936,0.6897432622782914
28,0.24245829910385389,0.042686838931901755,0.0009410562888353713,0.007286792745630322,0.7066270129297787
29,0.4101302371076785,0.1358129429826034,0.0029553151776091067,0.009580108861342976,0.44152139587076616
30,0.09624634331148081,0.045600049398957024,0.00038634813456971096,0.003955122592990689,0.8538121365620018
31,0.2383435671214444,0.09389623745657304,0.0005211067108326583,0.014913341307852187,0.6523257474032976
32,0.2978692993002309,0.05781091238272305,0.00036322679997864856,0.02692534717921685,0.6170312143378506
33,0.3163836336041263,0.2396900309156584,0.004030573502261748,0.008768773910507482,0.431126988067446
34,0.04639272253722779,0.03854627678000905,0.0003075296754951024,0.0035973750433765175,0.9111560959638916
35,0.25460122610408686,0.08469188964248164,0.0023283113363233667,0.007258460828874805,0.6511201120882333
36,0.11887652820213714,0.1626404668080723,0.010212428900538993,0.023789628031514295,0.6844809480577373
37,0.20982444674354728,0.2583279311614352,0.005743066084741673,0.036136243057976386,0.4899683129522995
38,0.010022356511398161,0.011538643349085895,8.147194783591394e-05,0.005040516655354835,0.9733170115363251
39,0.0192688427860523,0.021679824537948818,0.00016991992044672105,0.0028508856784469115,0.9560305270771052
40,0.17440953099090883,0.04552132428670824,0.00032447656036459877,0.0064334548464358805,0.7733112133155824
41,0.39590335466874543,0.10225055387192193,0.00021754584000787354,0.01120168769004576,0.4904268579292789
42,0.23886671904370038,0.31132256709796846,0.001732672833228381,0.006061185544364645,0.4420168554807382
43,0.24608639943203056,0.4424388551864133,0.0013073025251925784,0.006801967551788184,0.3033654753045754
44,0.15789949546909654,0.24667460422006782,0.0006124822096150773,0.014838723082928659,0.579974695018292
45,0.09546275416961722,0.3106958443161231,0.0022284354884889814,0.0053823403719600255,0.5862306256538106
46,0.23813587687627613,0.5378049192393937,0.004334371042448454,0.0073999543202105,0.21232487852167126
47,0.14468868032479512,0.6704241944785437,0.0036442238188806645,0.010485115760908473,0.17075778561687197
48,0.09322362199557511,0.26726077897915723,0.004835632366919137,0.0033860815834049008,0.6312938850749437
49,0.17966733568920387,0.1352899776902605,0.0012094994294357018,0.0027381930370558973,0.6810949941540441
50,0.09186741660072523,0.6564005363673004,0.004318829375695244,0.0033149224782877446,0.24409829517799123
51,0.21413665655472347,0.7185717245213552,0.0038399310734355567,0.0025074079176937362,0.06094427993279217
52,0.31755226551715526,0.6233719718396137,0.004227208347395869,0.006198507604883434,0.04865004669095176
53,0.03909742742028736,0.7029517286344913,0.01311865842839277,0.0043493717464887964,0.24048281377033967
54,0.2696340535487953,0.3496382321829173,0.0021527851579978283,0.029466910855006637,0.3491080182552828
55,0.15276877342806097,0.7665167536195254,0.02225187446311229,0.007880454560851895,0.05058214392844933
56,0.11328118726102264,0.5164401814375934,0.0018378938036180243,0.005451956308602484,0.36298878118916333
57,0.4047242334093626,0.5352537444522305,0.00848263692990861,0.0029108733525524387,0.04862851185594589
58,0.04129268822121872,0.9379150078383202,0.002091627439998712,0.0023503075904496573,0.016350368910012805
59,0.12308329406782434,0.8545363589583896,0.00469281278335724,0.0023810909674877993,0.01530644322294101
60,0.14094196193007424,0.7554315007409956,0.005190880936314608,0.005839888933823983,0.09259576745879163
61,0.04869426785902065,0.9337443692699265,0.00660902921573988,0.0020403971444769658,0.008911936510836046
62,0.10791940079370112,0.8595727466527534,0.010192655372256705,0.003187825071047505,0.019127372110241167
63,0.1124229151833519,0.804203031401845,0.002628725563777915,0.003476157797793773,0.0772691700532314
64,0.03077822649679281,0.8958217086880915,0.016418984911779354,0.0008990624940206744,0.0560820174093157
65,0.19012759661201628,0.746414300903375,0.0065046360079921185,0.00333872787750266,0.053614738599113705
66,0.08554392336320904,0.8916053184130495,0.000976028789579096,0.0014185645259880426,0.02045616490817443
67,0.018779945243190526,0.9322217791230418,0.01074403793372249,0.0012267198705902388,0.037027517829454806
68,0.021960000830214668,0.9161605623722445,0.0046248112384468685,0.00167029454707525,0.055584331012018644
69,0.016564762280267306,0.9319940639448723,0.012835573832183658,0.0027968978415212997,0.03580870210115548
70,0.0934409220891293,0.5718169291605047,0.0130139382730626,0.005895244928083477,0.3158329655492198
71,0.04945327309025176,0.7173175381915537,0.01749358049600119,0.0056387076234783624,0.21009690059871494
72,0.0049804033788762815,0.03077746978060146,0.001189059057364093,0.00046334519190329376,0.9625897225912549
73,0.0014395760939018571,0.0005045206209893398,3.967402438230912e-06,8.326156924910139e-05,0.9979686743134214
74,0.00940599983376486,0.0020843887432954976,3.2024991754470306e-05,0.00010963149410045477,0.9883679549370847
75,0.06448002281114304,0.015599844587287632,0.00019605066208735642,0.00047249770851105413,0.919251584230971
76,0.3797988678900084,0.029526735978288525,0.00023819564612954325,0.001890972596512314,0.5885452278890612
77,0.3393348984218925,0.13655794943654326,0.01895660635369555,0.00204292894672807,0.5031076168411406
78,0.23243009739842738,0.34250099257259836,0.02388946887607172,0.004766003810677635,0.396413437342225
79,0.37238550641641655,0.08073211417069734,0.0041579605574016505,0.0201303876693393,0.5225940311861452
80,0.4895387721541174,0.3684551819472133,0.004540724949387376,0.029032812879314716,0.10843250806996732
81,0.26098581898623874,0.6725938646529697,0.005363832006458589,0.01759692856224265,0.04345955579209047
82,0.5112981361704453,0.43682383311272666,0.007974501097267658,0.005619671722209187,0.03828385789735126
83,0.24330195990056794,0.19344050060656326,0.00122968112047836,0.024153037437405395,0.5378748209349851
84,0.10961189606235963,0.8533653308852802,0.002452791940984271,0.014841527413238756,0.019728453698137263
85,0.15887955549382313,0.8120612423984351,0.0035903084499389923,0.015885204617864173,0.009583689039938472
86,0.166706170567948,0.7896665167357712,0.004766130583015145,0.007632175019918792,0.031229007093346705
87,0.04345854446089337,0.900318811045717,0.017716245549784387,0.018856500612678313,0.01964989833092687
88,0.015621281060268806,0.9544414531821523,0.010486330318815247,0.0065160819771968035,0.012934853461566809
89,0.060038846147720155,0.8855304029017438,0.005061202262349584,0.03766292396202175,0.011706624726164816
90,0.05489935024252658,0.8865487257474645,0.015217125822689415,0.008995266438526725,0.03433953174879285
91,0.06252295124753436,0.6683333465964957,0.01680563807055866,0.011039348930468219,0.24129871515494292
92,0.3336395740047507,0.4419428191148668,0.006696943433934166,0.021140460209911758,0.19658020323653655
93,0.33507945777557635,0.3270684888746598,0.004151859478543533,0.004624946210527744,0.3290752476606926
94,0.2330582346051486,0.5197840954703445,0.01062075111642876,0.0022500453983111367,0.234286873409767
95,0.13937264669116856,0.6546789039007046,0.0071915380728840225,0.0021528986795883117,0.1966040126556544
96,0.33144185642922025,0.17605067232241733,0.0012447447884380047,0.0014824634391504784,0.48978026302077404
97,0.285460547677238,0.6426807362798541,0.0014013021200803442,0.004071294308520217,0.06638611961430747
98,0.039575291343963794,0.9306023902355487,0.011860474060613338,0.0005692945543273252,0.017392549805546893
99,0.13922029903862607,0.823723122398651,0.003588369329206951,0.0010753861163675222,0.032392823117148424
100,0.18072332971350996,0.7662934428256156,0.002783182310971922,0.007112141054931573,0.043087904094970944
101,0.14803422973357758,0.7971247139002627,0.010065450759039385,0.0019067712881502621,0.042868834318970005
102,0.06548493656659109,0.9055214904223818,0.020368350756914635,0.0007887734909682329,0.00783644876314419
103,0.06481364049273503,0.8994617698379785,0.026141598989435185,0.0012326880149734205,0.008350302664877882
104,0.06791265298576125,0.8800446202522186,0.016492299607740946,0.005989064585473397,0.029561362568805868
105,0.011985297785907963,0.9408475815232901,0.041395892146130105,0.0010782328635476908,0.004692995681124058
106,0.01939133396219168,0.9470984364627788,0.023671278769707493,0.0029672548489784825,0.006871695956343565
107,0.1120627230104242,0.34690193949351794,0.0017566226920334787,0.004462970237292236,0.5348157445667322
108,0.0791410872000524,0.7044973745093567,0.013930417368467176,0.0031824251875125754,0.19924869573461096
109,0.05126243641332876,0.8895441718331827,0.026202572704451702,0.0009415430484241662,0.032049276000612754
110,0.1121019248604613,0.8326179179997863,0.01656421040366724,0.0018624401094580613,0.036853506626626974
111,0.02578979651714343,0.08634459720264318,0.002995694359577458,0.0004996528949891473,0.8843702590256468
112,0.24864435307074848,0.4251403384774388,0.01090786251485489,0.002784356226544304,0.31252308971041337
113,0.1843134255452132,0.3436656513339846,0.004156559462629589,0.0005814425453124691,0.46728292111286
114,0.32891163478767466,0.49890783206356165,0.03761828368328569,0.0003631363063393888,0.13419911315913863
115,0.11804572778696744,0.8191951657519786,0.05094150013611984,0.00021072089492043492,0.011606885430013796
116,0.18529809875873784,0.794829426738298,0.014013576321357905,0.00025735048584499276,0.005601547695761015
117,0.0671818814271906,0.9082350357963935,0.02035712056673317,0.0007175981220969933,0.0035083640875857567
118,0.007478450544743008,0.8357551100873144,0.15417125119204805,0.0003459527380760911,0.0022492354378184807
119,0.01273309099930139,0.9430170530063716,0.04240310156959502,0.00036006794458359704,0.0014866864801483947
120,0.009054574019994144,0.826436342664863,0.15981437968791126,0.0004623529996588657,0.004232350627572833
121,0.002383088166509834,0.8194461338661506,0.1758129816602516,0.0003070830622842881,0.0020507132448035832
122,0.005073699533540383,0.681981375461125,0.31065951288462096,0.0003985325454683586,0.0018868795752450833
123,0.0032547844187259143,0.6183319632611798,0.3762649501864234,0.00020415280910548737,0.0019441493245654401
124,0.002977628057242533,0.44944309149304545,0.5464736645931855,0.00017475801703718523,0.0009308578394893963
125,0.003629640229197308,0.2675769139308034,0.7258073541793911,0.0003755996681004396,0.002610491992507733
126,0.0015587219095304556,0.2738861946708828,0.7230547011844879,0.0002895717306125548,0.0012108105044862736
127,0.0008737451437859506,0.23336762748659173,0.764105946441715,0.0004273508746166535,0.0012253300532905332
128,0.003611932914803859,0.19777084838492193,0.796381792111706,0.0002671314074652524,0.001968295181102873
129,0.0007666035548393411,0.145686202787515,0.8521585978611342,0.00020824761558894343,0.0011803481809224768
130,0.025775508189470008,0.37511630292106557,0.5840522525043206,0.0032648563825073878,0.011791080002636336
131,0.0036788408724181074,0.16470397949463145,0.8285834578536888,0.0008480396606637779,0.0021856821185979205
132,0.0009776241166466857,0.21868573440263603,0.778596267960508,0.00040988170773573174,0.0013304918124736464
133,0.0010690302900541243,0.2092142407046982,0.7869759187945888,0.0005190708766514246,0.002221739334007338
134,0.003958839713707516,0.4388756944340311,0.5523082668098364,0.0012604901224660373,0.0035967089199589325
135,0.0010305817783500585,0.13295623326363679,0.86359914077318,0.0003593722295157834,0.0020546719553173522
136,0.004383159769874993,0.20916387257321098,0.7809309931775172,0.0011755043344430357,0.0043464701449537025
137,0.006558315738012097,0.35377077035387794,0.6329757591780498,0.0008115281313823014,0.00588362659867776
138,0.0017745157041090976,0.0857763868491628,0.9107481238721147,0.0001332599352526558,0.00156771363936076
139,0.0010656217082052547,0.07939500557741361,0.9182439665298882,0.00022153662009351103,0.0010738695643995875
140,0.0016165889028384554,0.18042992399477764,0.8148962166078336,0.0010939972773687287,0.001963273217181689
141,0.0013415825950147506,0.1361211768773367,0.8602838596070604,0.000491013233728045,0.00176236768686011
142,0.0023456583940797684,0.13817818655603617,0.8571625911185377,0.00082837491567866,0.0014851890156677308
143,0.0006948701695899666,0.1044197577361023,0.8919293856091304,0.0006047907136362764,0.0023511957715412
144,0.0006362588855034258,0.09643996662566888,0.9008841584017364,0.000428389883192662,0.0016112262038985423
145,0.0008130669924045607,0.07431526686152923,0.9235356795030822,0.0003626964840463529,0.0009732901589376126
146,0.0015862643409453986,0.14598295609867343,0.8489367507223071,0.0005061060683091105,0.0029879227697647737
147,0.0014760364890689665,0.12346122569182615,0.8732898514199489,0.00017127675076553402,0.0016016096483904634
148,0.0007844467580021047,0.05216163221935851,0.9452296145475307,0.00010725739713333175,0.001717049077975087
149,0.0007554476878335152,0.07718981318060564,0.9201267950465197,6.276513000382736e-05,0.0018651789550373412
150,0.0004473887193429757,0.0756682687389011,0.9226509740576877,0.00014661157585639398,0.0010867569082118936
151,0.0010386658750288285,0.06094034617433489,0.9353995781034171,0.00017115593459688576,0.0024502539126222958
152,0.0014058439949381093,0.06770334210992508,0.9291985490044107,0.0002723269628051821,0.0014199379279208192
153,0.0025760749754461655,0.08340505916962573,0.9117328082206929,0.00022731098723090325,0.002058746647004243
154,0.0011843318040578392,0.028665514842612587,0.9692233288078854,0.00013093973658736651,0.0007958848088567734
155,0.0032906504958796637,0.18857038621609382,0.8051522895291151,0.0007771066901681463,0.0022095670687432294
156,0.0006606246486320739,0.03321409707263818,0.965277226823873,0.0001844824645189345,0.0006635689903378532
157,0.0011448497336974193,0.06138258587332541,0.936244615928476,0.00032957811717850395,0.000898370347322705
158,0.0011231617136066635,0.1414700574919408,0.854189384281767,0.00018628314546579206,0.003031113367219836
159,0.000508206605481029,0.024330873560854727,0.9743148858023913,0.0003698139417746507,0.00047622008949834126
160,0.0011105399267613912,0.09721170254971577,0.8999899078508601,0.0003674764234306861,0.001320373249232084
161,0.001865777183473522,0.11549001581179279,0.8797227455363167,0.00043079436263083917,0.0024906671057861327
162,0.0019618998857254648,0.0960545102984784,0.8981351557425077,0.00045094344725139335,0.003397490626037086
163,0.014410555347311777,0.2707446279460063,0.7015966922976005,0.0048391520711976825,0.0084089723378837
164,0.0027318385847096877,0.137463652758715,0.8572110051826531,0.0012409000132944617,0.0013526034606279346
165,0.004859885316357029,0.1652534779458619,0.8266115103882336,0.001137398011593226,0.0021377283379543006
166,0.004115358465186615,0.2251217899985034,0.7663272857238621,0.002025703202104317,0.002409862610343527
167,0.025910765821058505,0.73983327323035,0.11171720265471444,0.009047067937409826,0.11349169035646733
168,0.024971449430034504,0.8101653942049284,0.1471513231251835,0.010571778982960436,0.0071400542568930145
169,0.17197413938682635,0.4650956374971339,0.026431779685643083,0.009502854444469057,0.32699558898592773
170,0.09644602807806905,0.7031252958982825,0.18816192718525201,0.003992340343935608,0.008274408494460836
171,0.0421986836633354,0.8036373800901658,0.14514713160078055,0.006700670914790645,0.0023161337309275114
172,0.025595183595462874,0.8512807724376238,0.11012310728022592,0.009037481701266623,0.003963454985420788
173,0.05473517641166292,0.8078459228313464,0.0660404946494785,0.058692187033217796,0.01268621907429442
174,0.029598609811801506,0.7932411368012994,0.11110106998525004,0.057996187815019494,0.008062995586629438
175,0.0295462647766014,0.8078462903172251,0.12693154008064908,0.028627643125188087,0.007048261700336276
176,0.014692208543266992,0.8221348512856057,0.11469972025103298,0.04462308446790217,0.0038501354521920934
177,0.0283259689888227,0.7024251660202045,0.008717914690915646,0.25543769541931793,0.005093254880739165
178,0.051853907327090096,0.7016209098187562,0.011254043830591113,0.22021786139344776,0.015053277630114681
179,0.026729456875871877,0.5932493640924653,0.02727057776516496,0.34493164570830637,0.007818955558191343
180,0.07488564242950296,0.5117820230763194,0.008576594405271542,0.37462324115719564,0.030132498931710477
181,0.04820650070795131,0.42905150673967724,0.007388932914784206,0.4849308649504309,0.030422194687156453
182,0.08621237616632464,0.07476139919725486,0.0008369389958142854,0.7976781663081897,0.04051111933241665
183,0.03299695953354027,0.018908345863268373,0.00013125361980758098,0.9296679769445351,0.018295464038848828
184,0.07834343254520429,0.046319714269310745,0.0004032924716130017,0.7662454757288364,0.10868808498503546
185,0.2480982098658807,0.06253447294820051,0.0006949780849532896,0.27678626691165786,0.41188607218930756
186,0.18377786880429947,0.0427126756710365,0.00031687755020723006,0.4247969713627991,0.34839560661165775
187,0.1501608428366485,0.07052785844459918,0.00044182955628915274,0.5050748048887034,0.2737946642737599
188,0.043246476360651535,0.019197261426025305,8.899262821977589e-05,0.9030587465558945,0.03440852302920883
189,0.10129824834878284,0.024403945306878894,0.00016302857872128488,0.40257625544273695,0.4715585223228801
190,0.0455698737432906,0.01621284057141124,3.058520429233737e-05,0.9139204255669907,0.024266274914015118
191,0.09126753519114111,0.01770213227115386,0.00010976811895560932,0.27467702573031577,0.6162435386884337
192,0.09232701112523743,0.011272971361469371,0.00010585501818259837,0.700873871867846,0.1954202906272646
193,0.10131525068758133,0.011794321190708208,5.570223267865455e-05,0.6620959970515591,0.22473872883747284
194,0.039338245126867406,0.008635903011872476,3.740864505266802e-05,0.9151979184318187,0.03679052478438847
195,0.21549309709957074,0.036479453702064533,5.044863611646841e-05,0.5289638561647143,0.2190131443975339
196,0.14987948861680156,0.015072493632285869,8.640238255295214e-05,0.45885693547838696,0.3761046798899726
197,0.10051012821961361,0.004964898538965219,7.961850151242603e-05,0.8293569038229414,0.06508845091696747
198,0.05463187521626574,0.004439910159276937,0.00017440311575752268,0.8427434224093311,0.09801038909936881
199,0.035193593793490664,0.007968984387880573,0.0005782170378210537,0.8635308918204019,0.09272831296040575
200,0.029190060284950723,0.011309134938940712,0.0006170675490181828,0.7162515058493093,0.24263223137778112
201,0.09027533062698657,0.00556126441391364,8.249715174207781e-05,0.80676152272163,0.09731938508572752
202,0.08073345892507261,0.009522952441901218,0.00036533754261658803,0.7273872854070025,0.181990965683407
203,0.05217043379230604,0.015052549402319353,0.0004220298783847447,0.6951390134267411,0.23721597350024867
204,0.020450053433334798,0.003604216919063114,4.460514418472488e-05,0.931020207527745,0.04488091697567249
205,0.05172835513610279,0.010365551927410063,0.0004334473673943389,0.660835678348551,0.2766369672205417
206,0.09000893706838448,0.007903300505060148,0.0002448105589034732,0.8389051897998515,0.06293776206780037
207,0.08454179728530462,0.059432934126943227,0.001967085356080745,0.6389904325539802,0.21506775067769118
208,0.053359753265418426,0.02768669933998366,0.0011798166048379776,0.3711999217013053,0.5465738090884547
209,0.13894364683082785,0.050114631366865885,0.001434925738775535,0.621519228551296,0.18798756751223467
210,0.08796771949649698,0.01132126030384177,0.0001236289317980406,0.8486332524294459,0.05195413883841727
211,0.03265171005393607,0.012700873791748009,0.00021130756136369174,0.05058039108754423,0.9038557175054079
212,0.146791481203228,0.123835601273705,0.0012152575707786392,0.482370910424698,0.24578674952759033
213,0.32516237757861277,0.1623289201534892,0.005490492878400163,0.14862337267750503,0.3583948367119928
214,0.2002763784975244,0.14720472983342778,0.004389424413954028,0.32780394708126775,0.32032552017382593
215,0.16477971426014862,0.1323407409142997,0.00715107385778677,0.2996581339769854,0.3960703369907796
216,0.05220577464501725,0.04299689424477895,0.0025985053941081316,0.03207380476997188,0.8701250209461238
217,0.210524145510408,0.0801247559789432,0.0032637290622042725,0.06889010420792678,0.6371972652405178
218,0.4246477512685505,0.20689853086720283,0.0059694384654660785,0.03698871275975947,0.32549556663902107
219,0.4066458225390497,0.3312712198076334,0.018292447135109698,0.04845012458853496,0.19534038592967226
220,0.43768732660197396,0.4076241404008464,0.02277371727990005,0.03711636400522549,0.09479845171205407
221,0.15881451711533298,0.630548262204135,0.04390523402163307,0.03012790768033373,0.13660407897856539
222,0.3180836676205932,0.5534923835241451,0.0408806072916552,0.01569638361751922,0.07184695794608724
223,0.17089825644537335,0.7701824431486847,0.026418185867328397,0.017738515015472113,0.014762599523141344
224,0.09165649365097236,0.8433252322493363,0.025967641475694664,0.013959895594898969,0.025090737029097778
225,0.07852539182471101,0.6759622803708228,0.12244581593768018,0.013112695468422801,0.10995381639836319
226,0.08170299373255416,0.10929861386635903,0.031946067469405336,0.0058978052161090064,0.7711545197155725
227,0.2931950067582238,0.6673235228372463,0.020585270177016002,0.003120784458662188,0.015775415768851726
228,0.29765332672853395,0.615203781856228,0.024752942205959368,0.002849463198628151,0.05954048601065047
229,0.07142929369317937,0.8726626750530203,0.04532385837635756,0.0012635712559757688,0.009320601621467226
230,0.046082636020891465,0.9218407561693113,0.013212971830576657,0.004429003438720895,0.014434632540499481
231,0.024754484324019044,0.9203748912268199,0.04746478069003457,0.0019542650873367634,0.005451578671789863
232,0.050375665655218484,0.9299808575014947,0.009533188843202919,0.0027800374134046555,0.007330250586678985
233,0.04777731084894857,0.9225949128074225,0.023407804310339043,0.002433769979181041,0.003786202054108883
234,0.012410023077654762,0.9448029777563648,0.03845203484155716,0.001968638566865911,0.0023663257575574585
235,0.04355944185827236,0.9167070988361726,0.03152597343017577,0.0036387987462637153,0.004568687129115558
236,0.043956106411770994,0.9279566111510336,0.015254026626606984,0.006222007154387693,0.006611248656200713
237,0.01573201281591191,0.935743399029631,0.04060439458586921,0.0053152172409051115,0.0026049763276827604
238,0.11342328772400423,0.8155615053485556,0.023981913360010074,0.011217500216523499,0.035815793350906386
239,0.05769752802824939,0.903100271581367,0.024840455202705208,0.007523948047379573,0.006837797140298899
240,0.15552048894868434,0.5309483136662879,0.006500781126541493,0.009352038789048783,0.2976783774694375
241,0.34740529526973735,0.4589022645128647,0.012269383581504279,0.012158157384742425,0.16926489925115126
242,0.3208918005145905,0.6443633464546352,0.0028450099543666113,0.004319403618705733,0.02758043945770212
243,0.17364123780179563,0.743608251256162,0.009226578502418266,0.008013504897880736,0.06551042754174351
244,0.07772628299283894,0.8884561250025903,0.01627349860476596,0.005586644031434893,0.01195744936837008
245,0.11966521855467173,0.4797412926051313,0.014811912974872044,0.012626248462780711,0.37315532740254415
246,0.29816930171375006,0.40813831697268077,0.010558135637755098,0.024672902074932532,0.25846134360088147
247,0.0855846184788674,0.8619599625848062,0.014229413101469903,0.0031483032685865014,0.03507770256627004
248,0.2022609370878588,0.7286160134288435,0.022801693811847688,0.0028677059910694404,0.043453649680380575
249,0.0415399787514968,0.8932507603718827,0.038037037518187405,0.004396645756084413,0.022775577602348843
250,0.04265584425750377,0.907679334672374,0.0330296378270936,0.00360369124935455,0.013031491993674045
251,0.036554674886102645,0.8371519056379404,0.10558232266238562,0.00558068790815921,0.01513040890541214
252,0.021800112378764783,0.9268234882010439,0.04291825312176801,0.001118496213249795,0.007339650085173523
253,0.06978398654200856,0.8677822889209812,0.04867076060285701,0.0020280363600107976,0.011734927574142302
254,0.019090063303257077,0.9245706120053586,0.050901265512044394,0.0010317744719649834,0.004406284707375156
255,0.0644207185147694,0.8561277513155807,0.061322181616746435,0.0022238117094678933,0.01590553684343551
256,0.03897763004522835,0.931077798682476,0.025540405413149066,0.0006948006282112875,0.0037093652309353993
257,0.0074437559270207595,0.8703940529258944,0.11733423298073654,0.0010145046209063587,0.0038134535454419517
258,0.01612930324151763,0.929521571217675,0.048246614370142805,0.0009045656204813377,0.005197945550183107
259,0.023552443648842097,0.8773815843679412,0.09032381583081318,0.0018540004607101655,0.006888155691693239
260,0.028526401732715548,0.9142190285796168,0.05140789659577767,0.0015751061869834961,0.004271566904906439
261,0.011767967917234824,0.7605909315532121,0.22277411037852046,0.0014976883979084543,0.0033693017531243145
262,0.0432698574788193,0.8519140746257309,0.09240486573802083,0.0044985790017387575,0.007912623155690192
263,0.010586453827803051,0.7650536243289321,0.2170769130444739,0.001595149636053337,0.005687859162737619
264,0.008166834165487503,0.5130134062526206,0.4737302737458457,0.0010000778679940367,0.0040894079680520706
265,0.03535027432397923,0.7442394259051773,0.20765392105059452,0.002610272798974777,0.01014610592127424
266,0.023538506908797385,0.6799664169922545,0.28786707744866297,0.0019202670673655457,0.006707731582919684
267,0.020272776888392224,0.7889782389713427,0.1828917652091081,0.00168772924359189,0.006169489687564948
268,0.005384195411442784,0.5138427980089378,0.47420890295930807,0.0010515215628505103,0.005512582057460722
269,0.0066506509539394154,0.48432532941097145,0.49843554767050424,0.0009071663789041991,0.009681305585680589
270,0.00534869151684312,0.47186567549821395,0.5195005538549103,0.0005656470814675561,0.0027194320485651987
271,0.010064293557578975,0.4879547586837927,0.4973468068277693,0.0005734709021253569,0.004060670028733726
272,0.005803712647819283,0.6523961494228542,0.33550200061706204,0.0008030216351693953,0.005495115677095048
273,0.001951181059661258,0.3452132001015819,0.6508406048020839,0.0004801430381176472,0.0015148709985552435
274,0.0070461599262209625,0.33490087817367115,0.6515048088603896,0.0017298525177353943,0.004818300521982822
275,0.00774154439936215,0.2813356167453967,0.7029623509219534,0.0017295419938638955,0.006230945939423855
276,0.00332914116653133,0.25735032602640184,0.7336442169892113,0.0006310678781202712,0.005045247939735257
277,0.006962219436596165,0.539960968813972,0.4471653951077609,0.0013750893071230233,0.004536327334547741
278,0.005288723714944718,0.26185396732242916,0.7279401216610665,0.0021650991011726802,0.002752088200387067
279,0.0024567882995398423,0.3341128724089204,0.6587130026423621,0.0010910857806066807,0.0036262508685709397
280,0.0021007858092540904,0.14649972366730676,0.8485807973833076,0.0007149607295407498,0.0021037324105907932
281,0.0049335927603177294,0.1810166050904258,0.810915892102956,0.0013839270281334034,0.001749983018166981
282,0.0035119109744581787,0.3193717961192259,0.6721621993052619,0.0015795300025608985,0.003374563598493138
283,0.0046369677146731805,0.676210193682354,0.3085529541693198,0.0019851968222873934,0.008614687611365596
284,0.0014598964535853872,0.2714165100835733,0.7234756326769184,0.0006333100086659293,0.003014650777257028
285,0.0025807415841264244,0.35764470920845354,0.6367924200753936,0.0003637596137336018,0.0026183695182929448
286,0.010880886395320751,0.3384702228209925,0.6275739752270916,0.0027245945643332315,0.020350320992261858
287,0.013475749463985947,0.3540859177014595,0.5978384783171464,0.0037844668719609403,0.030815387645447265
288,0.0016459214388533123,0.09241595711115713,0.9029352266290905,0.0004464618463396378,0.0025564329745595
289,0.007257899726830606,0.29327986751505214,0.6914825239132947,0.0004943057704867512,0.007485403074335976
290,0.005948930088354496,0.1990775042690372,0.7880299394637067,0.0007431147015037705,0.006200511477397793
291,0.0011987615644539571,0.08764901220835511,0.9093874871818615,0.00015790218966194988,0.001606836855667714
292,0.0021386162079045498,0.1205858988054239,0.8752418687566695,0.00016366496643590404,0.001869951263566018
293,0.0011223736230149975,0.08851293555812882,0.9080733653142306,0.0002029422067582219,0.0020883832978676057
294,0.0014963084634172373,0.11607567287012607,0.8796039773538861,0.00030918948440348127,0.002514851828167172
295,0.008859400479402205,0.15019940613089175,0.8290035076355463,0.002387275218577968,0.009550410535581684
296,0.0028326088552532505,0.08908002922323852,0.9046449260791208,0.0010785820732551728,0.002363853769132403
297,0.0005509425557712942,0.044424155425606494,0.9537952989909049,0.0001292746208663491,0.0011003284068509306
298,0.00356462657146983,0.08952771492952245,0.9041957649293729,0.0009780641860905864,0.0017338293835441573
299,0.004422581024111055,0.14235188482645114,0.8498158382202177,0.00036090173299782347,0.003048794196222101
300,0.0013028979113043143,0.05941943101784946,0.9377382623097569,0.000491177788093451,0.0010482309729957769
301,0.004550001185817827,0.12161128061387189,0.8694829544935225,0.0006786394005738729,0.0036771243062137253
302,0.0013086964026262948,0.05718275801820943,0.9397506494215282,0.00044267705286811244,0.0013152191047681031
303,0.0008448789152106866,0.04690688529453721,0.9511316394439403,0.00023268874246399165,0.0008839076038478627
304,0.0026426169266737607,0.08545037008846391,0.9100865551507551,0.0005603255515005476,0.0012601322826066145
305,0.002384821915485843,0.09111912277032688,0.9034551275243099,0.0007483437809679215,0.0022925840089094178
306,0.0013283565726503008,0.07727294600317228,0.9191074786203937,0.0002692878019040396,0.0020219310018797605
307,0.0030226224572220575,0.0963548733723985,0.8974356371385485,0.00017555319161293714,0.0030113138402180772
308,0.003201639873152184,0.1696905948643668,0.8220788410694958,0.0002867200745944546,0.00474220411839076
309,0.002031818581147619,0.09506816173876938,0.9005899952768505,0.0002999342108693156,0.0020100901923633535
310,0.0023059399751991618,0.08792331292260627,0.907043942557519,0.0002842776304317757,0.0024425269142439874
311,0.0016141633822296041,0.06139110006511741,0.9356241628861752,0.00021359663569563492,0.001156977030782089
312,0.007868751375875623,0.17614461518850255,0.8088027360431965,0.0015872053442459616,0.005596692048179333
313,0.0017047021877159769,0.06461642801364381,0.9320128439979942,0.0004121201612524435,0.0012539056393935837
314,0.0025981584537711124,0.12128809909170722,0.8741652966464236,0.0003398946908413046,0.0016085511172566345
315,0.0014304476737331637,0.12495660514859083,0.871772340870136,0.0003770153933124029,0.0014635909142277272
316,0.0019655211762679595,0.10418818478881534,0.8913562600603259,0.0013288480044421815,0.0011611859701486922
317,0.003716871747352128,0.24556200995112892,0.7480118849869416,0.0007856787507399413,0.0019235545638373894
318,0.008867814353527858,0.2727474908582513,0.7094967140994576,0.0035675102902187703,0.0053204703985443675
319,0.004714365266656113,0.4699091374042554,0.5155908671767719,0.0018920109320790454,0.007893619220237494
320,0.0005134364664658711,0.05934614082808339,0.9384236770450594,0.00034720344184680267,0.0013695422185444593
321,0.0163090816620563,0.2308342757130035,0.7395266063871383,0.0034562795164036946,0.009873756721398308
322,0.003688465702175315,0.2101634288580265,0.7780434197164732,0.001176120161746161,0.00692856556157869
323,0.015695563390318124,0.3362948501665711,0.6095103947932538,0.009383266853405544,0.02911592479645147
324,0.0016702970011324453,0.22712156617083515,0.7667713268815407,0.0006825108093661766,0.0037542991371255787
325,0.0034295356530078336,0.1471277410744744,0.8402115076977581,0.0013283126655298833,0.007902902909229764
326,0.006099718331890918,0.18138015133007068,0.8036213265207514,0.001451149899500999,0.007447653917786043
327,0.003096783528456165,0.16144314283720068,0.8301606096847715,0.0009354468872017776,0.004364017062369649
328,0.0012931082069410987,0.10037771343955651,0.8937708529400062,0.0004981412864559244,0.004060184127040392
329,0.0021903497078825575,0.10256903595529596,0.8900237826071343,0.0008773758227556496,0.004339455906931529
330,0.0007697447558849299,0.04377818605615878,0.9536247152902508,0.00034799419599096116,0.0014793597017143368
331,0.004467800913241295,0.13506643665254311,0.8549716970091809,0.0010981698890562652,0.004395895535978655
332,0.019931751954258965,0.4680574552624376,0.49757017317309155,0.0023174880598976163,0.012123131550314352
333,0.010952404572945496,0.24703167977234428,0.7321338977468961,0.0032809366637351987,0.006601081244079027
334,0.004818711813885015,0.23507524589404527,0.753986722269814,0.001828275914723814,0.004291044107531921
335,0.010043608610136768,0.3104966566872974,0.6712510452796738,0.002049797428079545,0.006158891994812402
336,0.03736746835506947,0.5021077069736082,0.43288193459539426,0.013165181914316535,0.014477708161611584
337,0.017068942252623058,0.5091570502702327,0.46271733240508284,0.003129326519232176,0.007927348552829191
338,0.0025920420688432147,0.1546875829399437,0.8382236721093906,0.000992330210951693,0.0035043726708708567
339,0.013189003607440596,0.28050967193564486,0.6963084649814617,0.004049829454382611,0.005943030021070173
340,0.011994768650015355,0.4876614698372429,0.4765805934163733,0.005373063368379644,0.018390104727988837
341,0.008103329324758924,0.34915622285799475,0.6344244059555563,0.0013995947299165372,0.006916447131773578
342,0.008617529057503133,0.32387960627416257,0.6594140586282917,0.002172784650846238,0.005916021389196355
343,0.01385302095996026,0.4397249219105943,0.5315846225842265,0.0013415618585545569,0.013495872686664486
344,0.011975832104908156,0.290174513024302,0.669083138609213,0.0060450280828859195,0.0227214881786909
345,0.004090358502174349,0.13468576875992416,0.8581584637142478,0.0006829855183547888,0.0023824235052990893
346,0.02060795557418821,0.43135035181455855,0.5389658905483337,0.001700626661247344,0.007375175401672298
347,0.02198855653798123,0.34159489000340276,0.6168504372533516,0.0066722719371728,0.012893844268091544
348,0.003439839118396715,0.10994888504615724,0.8763099607553161,0.003480367582151485,0.006820947497978509
349,0.022360543305334143,0.32503474706598307,0.6125736145163689,0.016855996247873414,0.02317509886444047
350,0.010441597786871615,0.36763686078717495,0.591242342840822,0.01478818616504522,0.015891012420086188
351,0.08682426358683368,0.5317756123548083,0.27976974837479973,0.054256345853904146,0.047374029829654225
352,0.10694827971027797,0.44649684169674375,0.22398095796143813,0.036565712829404434,0.18600820780213573
353,0.07310494299552697,0.10629693902021356,0.011491681141372457,0.10380013364074835,0.7053063032021386
354,0.023031354264731012,0.03479759769907498,0.001412046114281019,0.005851434782935659,0.9349075671389773
355,0.4011224920871831,0.2841201221646104,0.006300099227335878,0.038318288893455,0.2701389976274157
356,0.2409183904697388,0.5880608140422894,0.033304200162427806,0.016721092352648178,0.12099550297289581
357,0.12961562184001568,0.6168534443936189,0.04296816236050702,0.05926668420332784,0.1512960872025305
358,0.11759914060360845,0.29585005145586946,0.023721391258223812,0.15466175462469292,0.4081676620576053
359,0.0533659545334183,0.041633343365800705,0.0006112526968668213,0.04133713637005312,0.8630523130338611
360,0.32158391949373555,0.18715863157121773,0.01355125879923773,0.21439361832740206,0.26331257180840695
361,0.40067349429923826,0.07612419153225283,0.00717113192403067,0.41540662112770793,0.1006245611167703
362,0.23598312887908754,0.11647234926996394,0.0023508900127371933,0.33299844822179253,0.3121951836164189
363,0.03312017566481389,0.04094070288320552,0.0008770826111990015,0.8821382774938158,0.04292376134696569
364,0.06671672532434694,0.019793205696887396,0.0012297045811019037,0.8727808248351799,0.03947953956248383
365,0.08386407234184264,0.008028109860079416,0.0006973790798909256,0.8020796374598075,0.10533080125837956
366,0.10913202019230553,0.03256188268329362,0.002535695643568623,0.7053776010584448,0.1503928004223873
367,0.07686397639463347,0.020893246851893723,0.001312315100544384,0.8181902180201625,0.08274024363276578
368,0.09849815134399016,0.015894945905763305,0.00012075120190728703,0.7815253474572543,0.10396080409108494
369,0.04389148946779157,0.007678138846760625,2.6164629255052784e-05,0.9369792839830384,0.011424923073154262
370,0.015432996820764105,0.010831382683235738,1.4153436770216525e-05,0.969513002861841,0.004208464197388931
371,0.06515221897765368,0.016933261988189622,0.00010281974304902607,0.9083520227797098,0.009459676511397664
372,0.1107930754590308,0.020563852473762398,7.723754935081293e-05,0.7816964042036886,0.08686943031416745
373,0.032645025325724,0.018255450916271437,2.8094990049297206e-05,0.9309050910382897,0.018166337729665524
374,0.08099408597543523,0.017762671891023,0.00013758903637649952,0.7788611834881216,0.1222444696090437
375,0.1649660363196668,0.02650667033845633,0.00029711013042459165,0.6975446855331201,0.11068549767833219
376,0.10584295034536502,0.03536653591067684,0.0005126958766098975,0.6999831431325283,0.15829467473481992
