epoch,N1,N2,N3,R,W
0,0.0210540980764869,0.0003952060630634389,9.344390009661365e-07,0.001425320408405932,0.9771244410130427
1,0.14484357494272632,0.0037543163835835913,1.7545767518118986e-06,0.001677190413775528,0.8497231636831628
2,0.41224548993993876,0.02113191741977008,1.3043654454274414e-05,0.01220897610956968,0.5544005728762672
3,0.4509917872987291,0.026159261614134743,1.2889483498795838e-05,0.009193955821299185,0.5136421057823383
4,0.11400169082727406,0.00353156087229435,9.995810424709605e-06,0.00193941137982791,0.880517341110179
5,0.5194452049691332,0.12464413887010162,4.158725628750599e-05,0.0036876082910980105,0.3521814606133798
6,0.2688733907057798,0.3996060061945165,0.005783766731652858,0.0046107917666921485,0.3211260446013587
7,0.21794747582387675,0.4738177836734359,0.011923018839372803,0.008725062442222951,0.28758665922109156
8,0.05227230226202539,0.7824231005438474,0.02477726272696468,0.0033478875393991915,0.13717944692776324
9,0.027408512634602002,0.8473682720303882,0.05112828184551426,0.004181122462869236,0.06991381102662644
10,0.0331888742278921,0.8168778101533068,0.07333883813778605,0.0039191901210808506,0.07267528735993417
11,0.03543513081753779,0.8649732701099614,0.03020505985624182,0.0020973743574539566,0.06728916485880487
12,0.03733063626109355,0.8371933970289597,0.0872891981947014,0.002199464082913974,0.03598730443233123
13,0.03901716680124868,0.8972923957665799,0.030663486808452302,0.006292004311371296,0.02673494631234776
14,0.05647112105628372,0.8992064207559316,0.027985881176056326,0.0033569705107613225,0.012979606500966903
15,0.07847584629804576,0.8916059499071421,0.0113694535083237,0.004872759051203238,0.013675991235285128
16,0.04194616520877316,0.8024218292591565,0.12577351828343547,0.0027614198281221743,0.027097067420512842
17,0.030988219244751664,0.6635780179329385,0.26545700404569667,0.001850476587913738,0.03812628218869948
18,0.053996448593880295,0.8900536373320856,0.02657486063015348,0.0014200807852590386,0.027954972658621697
19,0.035750010927522474,0.7156226864396907,0.210182458805278,0.001721871271073818,0.03672297255643498
20,0.018267894157324275,0.5302981577189021,0.4184030854886645,0.001061334091168493,0.031969528543940605
21,0.011139938642073544,0.503389784664225,0.45992535247247546,0.0008869636702144053,0.024657960551011635
22,0.03967627580293045,0.7958565099927746,0.13333405213532007,0.0020077194172870394,0.029125442651687962
23,0.04323940736654527,0.8728287019497226,0.053661550822222695,0.0026654248212070967,0.027604915040302363
24,0.010428038769024716,0.5728321955846978,0.38749269727351726,0.0007374991559689021,0.028509569216791264
25,0.04814563072129768,0.8025832293213443,0.08893362712636328,0.0011346670331852046,0.05920284579780954
26,0.02811634926733227,0.7455354001806679,0.20025305181614544,0.0002880342723037869,0.025807164463550813
27,0.023385207631251886,0.8027177767761595,0.1550323302988823,0.00030980940447719845,0.018554875889229137
28,0.010639433661620968,0.525960660179161,0.44442185680950325,0.0001476756626723038,0.018830373687042396
29,0.00860845692989711,0.5475325166548839,0.42456575931386065,0.00015310158265360242,0.019140165518704712
30,0.012896826240924671,0.5959097584737564,0.3686769334809463,0.00016507649129270306,0.022351405313079935
31,0.009638063325462787,0.44275884393941933,0.5216009525781967,0.0002779712096966228,0.025724168947224416
32,0.004129489651933421,0.26556906205326636,0.7147878892740765,0.00011836943065845545,0.015395189590065252
33,0.008375034757315158,0.4936112185172673,0.48461409658077714,0.00010071383312239415,0.013298936311517937
34,0.0038129483430486963,0.30934583796738707,0.6697044021674099,0.00010448904572546354,0.017032322476428826
35,0.004526228824179207,0.4078420580814112,0.5792812006317853,7.635662587420154e-05,0.008274155836749958
36,0.0023685063451109236,0.25392610405297034,0.7378074567268096,7.44928033131947e-05,0.005823440071796068
37,0.0024638509567914977,0.26624971965983846,0.7178800442542794,8.971597429061412e-05,0.013316669154800065
38,0.0015854910854514268,0.10817139870829848,0.8865080726865979,5.40593474145646e-05,0.003680978172237644
39,0.0016593030480759954,0.207856623406997,0.7838085902794821,0.00010829973418917206,0.006567183531255845
40,0.0012327402096467296,0.0924876761873669,0.9012161196365484,6.039176850727883e-05,0.0050030721979307455
41,0.0019302556838414534,0.11191685826974467,0.8801430466690051,8.415455590755224e-05,0.005925684821501052
42,0.002074162767512125,0.08940082087321763,0.8999069950846512,7.665292318271879e-05,0.00854136835143639
43,0.0024313820262400233,0.12523698276014242,0.8645427005604784,0.00014244849448003758,0.007646486158659119
44,0.002131510383389544,0.07918143479166248,0.9139238660570201,8.14607230466127e-05,0.004681728044881129
45,0.00981460762418064,0.2618209225766302,0.7030545156143105,0.000450272368401456,0.024859681816477235
46,0.015100913318818797,0.5738058810567153,0.3885922221589211,0.00037660950362069893,0.022124373961924307
47,0.029518711054949267,0.6191359314488445,0.3388605145457524,0.0003003930429973544,0.012184449907456443
48,0.005405185623232627,0.3339464048675124,0.6544263435764855,7.217533912048268e-05,0.006149890593648882
49,0.005062815220039851,0.26807588713382974,0.71967635169588,8.848223279025231e-05,0.007096463717460101
50,0.0020552000232330917,0.2512855969672723,0.7408881196831681,7.112433593172773e-05,0.005699958990394756
51,0.001399959858128285,0.16824989968395782,0.8248921274984297,8.801407796738254e-05,0.005369998881516758
52,0.0011583951223128274,0.10995061903551265,0.8844490300722946,7.416572729475729e-05,0.004367790042585253
53,0.0010257533663777154,0.09163355321779089,0.9043413737135836,5.504038577463799e-05,0.002944279316473033
54,0.0020536800804367016,0.07940120184971602,0.9147119122031104,4.709173315061139e-05,0.0037861141335862247
55,0.0017486318465858857,0.06918118368286748,0.923574035225534,4.751334228082056e-05,0.005448635902731836
56,0.0029491220325277285,0.20040321909779493,0.7912608223447536,0.0001446877339309954,0.005242148790992729
57,0.0010984052698693413,0.08182353697675732,0.9139567804792371,3.258628923268051e-05,0.0030886909849033683
58,0.0016821761775272191,0.1133768216582679,0.8799341946372903,5.792758739545076e-05,0.004948879939519333
59,0.001612940776283549,0.12562165833690322,0.8691308380280319,5.888106276566518e-05,0.0035756817960155953
60,0.0016863871154145925,0.09612108947171191,0.8970564366182875,5.1672566202315254e-05,0.005084414228383465
61,0.003190849935491864,0.15269386417188502,0.8404281232065085,7.822490512895651e-05,0.0036089377809857275
62,0.002510516630771389,0.09594154744165241,0.895384338884341,8.19899917893577e-05,0.006081607051445815
63,0.002685973680540814,0.12939447428449713,0.8434901000286811,0.00014257851975532033,0.02428687348652559
64,0.00508887421798707,0.14877456660511318,0.8164021088799444,0.00044379345966845147,0.02929065683728678
65,0.006182573316548039,0.1912619177762816,0.7559208567816064,0.0009578571298320265,0.04567679499573187
66,0.0055492233682168084,0.18819676923016457,0.7636637997540956,0.001080416047034363,0.041509791600488684
67,0.03337661301468035,0.18996060399931503,0.33996537524749526,0.005463888723065665,0.4312335190154438
68,0.04865296921181199,0.030015201134200184,0.0002057584888132023,0.0029262687601425944,0.918199802405032
69,0.1450008778335694,0.024427320172224452,4.965618857526731e-05,0.02073940034413329,0.8097827454614976
70,0.7346598438406274,0.041306993935208994,1.2172681749247001e-05,0.016112405219404435,0.20790858432301007
71,0.749952311905496,0.09393807499039353,0.00013015460693765197,0.03096670775213981,0.12501275074503296
72,0.13318804845634621,0.30221095581764257,0.006154983027676172,0.03072729378177907,0.527718718916556
73,0.3204264858189713,0.16038722544422318,0.0005522012585997498,0.17058797266032769,0.34804611481787795
74,0.053749173627533155,0.04346959186584107,0.00018528746784866147,0.05007341119009731,0.8525225358486797
75,0.3032442856808121,0.12545040292716242,0.00038112671121166754,0.099837654109918,0.47108653057089594
76,0.32374035066796997,0.10361903391180889,4.552474287807677e-05,0.1053796704750892,0.46721542020225393
77,0.407287507754008,0.16415632052744697,0.0005304461967664139,0.07883072399706664,0.34919500152471206
78,0.31400736189430295,0.24854253034969823,0.00019639248955972535,0.11650637074860738,0.3207473445178317
79,0.0931683868781852,0.0891408763141276,0.0003411731658529401,0.02841085521695192,0.7889387084248823
80,0.5379353301606814,0.21590863057416615,0.0002523120736041475,0.07325966449130031,0.17264406270024799
81,0.4875334883629621,0.22849928042013498,0.0031965081794277533,0.12710643493527035,0.15366428810220484
82,0.26345572552790675,0.259124321819327,0.002731163235411057,0.20407023602903426,0.270618553388321
83,0.27550691857337983,0.37277233838765134,0.002971582125121338,0.22283008521640765,0.12591907569743982
84,0.1975006096968739,0.407393930424619,0.003641097890627228,0.2976855441126016,0.09377881787527811
85,0.23646511207918422,0.2038344423270309,0.0044652258870951315,0.2947776901165101,0.2604575295901796
86,0.21895032780381976,0.3298646172515527,0.002473321108793632,0.3468867714268969,0.10182496240893715
87,0.1292945127346896,0.4669501156886488,0.0012897250327623272,0.298205492403885,0.10426015414001427
88,0.17518383070566543,0.2844008865201921,0.0002826123698461489,0.4588748685690164,0.08125780183528
89,0.21473536347554295,0.06250338751287435,3.554293201418303e-05,0.31999466805190774,0.4027310380276607
90,0.24869489200083364,0.037167901095395375,4.2301083727654015e-05,0.18567383562035153,0.5284210701996919
91,0.5371314204591356,0.1241713396219036,0.00016394991256576285,0.11389724958520094,0.2246360404211941
92,0.6039342665553902,0.0437465588330441,2.4190965915784816e-05,0.07855222416391663,0.2737427594817332
93,0.6816134914156661,0.1378645721164509,5.988658641647702e-05,0.02647037587324203,0.1539916740082246
94,0.290461065875882,0.5842116055689425,0.0021271492781911702,0.02088578234114514,0.10231439693583932
95,0.20998840200624236,0.7104334559868829,0.01700501748171939,0.023073965594653502,0.03949915893050177
96,0.1458382300706614,0.7770523947345461,0.0013641504478843608,0.04653853608262103,0.029206688664287103
97,0.042535411107687555,0.8844738728835868,0.023946041904222556,0.02406444952557893,0.024980224578924237
98,0.0865336493801645,0.8245986196628863,0.011286191843498434,0.05097552296516728,0.026606016148283455
99,0.12294835629953141,0.7923314446296289,0.001970125422644409,0.06288053237635977,0.01986954127183544
100,0.032918932549071044,0.8920058862639219,0.04496795596601916,0.013933617779487423,0.01617360744150036
101,0.13417367505480737,0.5026970371743599,0.006592595074350431,0.010572768361552652,0.3459639243349297
102,0.14988895595856813,0.5976114893044808,0.022756830935616198,0.006354396545744749,0.22338832725559005
103,0.11148856474542759,0.10184726797722361,0.0001801552752630566,0.011816622944932334,0.7746673890571535
104,0.2802120121082278,0.05042934100722259,6.647869470903018e-05,0.030613056750345247,0.6386791114394952
105,0.008820140944219455,0.007712232633562761,5.6894515558230094e-05,0.000570540471310079,0.9828401914353494
106,0.02126186422311514,0.0022858863375070054,4.06682360168376e-06,0.001822764774416727,0.9746254178413594
107,0.0011720625822525677,0.001359285680258738,5.7716274210197904e-05,3.448607144962014e-05,0.9973764493918289
108,0.0023606969261638845,0.0008595782938606707,1.2449766759321233e-05,1.0396892930914087e-05,0.9967568781202851
109,0.0008615720592102479,0.0002959894318112572,2.061358862044336e-06,2.739408262884878e-06,0.9988376377418536
110,0.00042215001951392654,0.0006989367781709884,1.3715452499472505e-05,3.31776983448702e-06,0.9988618799799812
111,0.0003180052257206925,0.0002370311365178161,1.0081980308695496e-05,7.239889620018117e-06,0.9994276417678328
112,0.0007372491062789636,0.0002522254932101349,3.5576237315673383e-06,9.246382867658541e-06,0.9989977213939117
113,0.0016376454743960009,0.00045683157886985476,1.8475275264549203e-05,1.0594257365294575e-05,0.9978764534141044
114,0.011196080110201023,0.0017145810152608988,0.0001577424165624877,6.772930788540915e-05,0.9868638671500901
115,0.05582406398248652,0.004447066391370298,0.0002182335426513003,0.0019571923940432463,0.9375534436894487
116,0.022323065206861167,0.003702710116019417,2.9088213730021765e-05,0.010358844081874128,0.9635862923815154
117,0.012599911952912502,0.003229934289041025,5.8364044915327245e-09,0.005091231589226856,0.9790789163324153
118,0.021429536390197738,0.0010052404856636297,5.6843388413566175e-06,0.008371374000033271,0.9691881647852639
119,0.00873159033232995,0.0004428483154452066,3.534299893676081e-06,0.0077902239663616745,0.9830318030859696
120,0.055174122558204364,0.0019639160016683747,2.9313038611876874e-06,0.019239540769198545,0.9236194893670675
121,0.11627618114312462,0.0018281570473082337,9.60708346673901e-07,0.010772741452611138,0.8711219596486093
122,0.0820556212615351,0.0013172245838502586,7.843919213397029e-06,0.006688812686709775,0.9099304975486915
123,0.05058417589248073,0.0017613924337078254,5.286498554190584e-06,0.00967989694111491,0.9379692482341423
124,0.044759539868051985,0.00803837876126683,5.0082505065403975e-05,0.006184198323998497,0.9409678005416174
125,0.05638727977540079,0.004970637871972503,0.00010627034428474525,0.0017497692667526538,0.9367860427415893
126,0.007352707902447072,0.000858160482277928,3.463127023129739e-05,0.001331367971306006,0.9904231323737376
127,0.0057941463605864964,0.0011615321003990344,0.00014676689834949635,0.0011585937468343982,0.9917389608938306
128,0.0021140154099288542,0.000549250337585159,9.605085459045552e-05,0.0014499167415965675,0.9957907666562991
129,0.003979006057766165,0.0004954992609964297,1.907089434840024e-05,0.0016902992306971067,0.9938161245561918
130,0.014577800639866996,0.0008621232540390595,1.1179135853822579e-06,0.004005998185191354,0.9805529600073172
131,0.02313984135134787,0.0003254512235613953,8.374578975243371e-07,0.003067876437123484,0.9734659935300697
132,0.06637303225578267,0.0015136325184746703,2.7178545125522206e-06,0.045096152483001646,0.8870144648882284
133,0.019623894537667753,0.0006661816687927248,1.9497555751645953e-06,0.024543895631220537,0.9551640784067438
134,0.027734634008643767,0.0009580126127432141,8.118257553089299e-07,0.03417933155379404,0.9371272099990636
135,0.03808564163721183,0.001604652252197411,3.020970914014833e-06,0.03649279337424195,0.9238138917654347
136,0.025968976407006475,0.001155297699725489,1.058696994293326e-06,0.02180005903747798,0.9510746081587959
137,0.07648961358098709,0.0016273638439508068,1.1631010624109812e-06,0.034836726158132804,0.8870451333158668
138,0.03958081538057195,0.0014536762637334393,6.277796198830683e-07,0.026643568053232276,0.9323213125228426
139,0.03155565392744062,0.0006823922817805084,3.785255019548773e-07,0.025904362027319057,0.9418572132379579
140,0.052653483807727185,0.002275754973961352,5.358432931513588e-07,0.03718549718751796,0.9078847281875003
141,0.1067043999933871,0.006736588074558527,1.0223596028201802e-06,0.05477580459640776,0.8317821849760438
142,0.473898203919653,0.03636406518255802,2.357329810414232e-05,0.1922848380990471,0.29742931950063783
143,0.15674541638773234,0.05486605615320682,0.00012559984295800052,0.29540490411915205,0.4928580234969508
144,0.05499138757278473,0.008801195528478018,8.07781375598847e-05,0.26252949869871683,0.6735971400624606
145,0.01813924440443229,0.001679220313428074,4.260483263784752e-05,0.015914578066657813,0.9642243523828439
146,0.11976240255842599,0.004849344867761271,2.3698783266580396e-05,0.058501354896884565,0.8168631988936617
147,0.4115958021257486,0.017762276589995837,3.794866543645993e-08,0.07307396323290044,0.4975679201026896
148,0.263625868567278,0.01505074243220156,1.0808440683151212e-05,0.04264461424617319,0.6786679663136641
149,0.6756232172015604,0.05519863886396798,7.001717903028726e-05,0.18137503175780317,0.08773309499763807
150,0.4396537000411556,0.22106142367077802,0.0011532945022404329,0.1542175420900798,0.18391403969574616
151,0.442883030444645,0.06497011730540458,0.0001876203786811321,0.1139927356363499,0.37796649623491935
152,0.005995948813766348,0.003485243771568245,0.00048432434567631294,0.0018796115242849724,0.9881548715447042
153,0.01919777353183084,0.011725684133112665,0.0006006692140920004,0.005989849227280511,0.962486023893684
154,0.09119815848027109,0.005445127045389823,2.739726373795982e-05,0.024015511921356952,0.8793138052892442
155,0.09357890655458855,0.012514901451306971,6.113923822682517e-05,0.017717221610136825,0.8761278311457409
156,0.04896513908487106,0.0039045001227555128,1.908395171026293e-06,0.014037376080727741,0.9330910763164748
157,0.13465089775295982,0.01544339207373815,2.646438773269958e-05,0.02698283663226563,0.8228964091533036
158,0.02463475537205354,0.00346025155691245,9.928313476116034e-05,0.0019155370415966093,0.9698901728946762
159,0.01036570580311813,0.0020227815155196252,0.00013823867851544958,0.0040465121500954946,0.9834267618527514
160,0.01927813821023917,0.007000789637841275,0.0002689157428208255,0.006744376003756693,0.9667077804053421
161,0.030399687802987192,0.004010973021481225,4.729598309040815e-05,0.007846418484873878,0.9576956247075674
162,0.02242425915839717,0.0031037118460179505,1.9992236178143036e-05,0.01268679888513218,0.9617652378742747
163,0.08760234466107426,0.0071865785875711635,1.5347512858397362e-05,0.060889622467026665,0.8443061067714697
164,0.013443070574257645,0.005794022044512226,0.00018941164871477852,0.025026336604562913,0.9555471591279523
165,0.007390450221654986,0.0011195543693164924,3.915013604518051e-06,0.03426747436809015,0.9572186060273338
166,0.05543515222903496,0.004721689756963338,2.058854985898986e-05,0.15493621121330292,0.7848863582508397
167,0.04815892231383298,0.0013555427353645468,6.1009007664010234e-06,0.10777533728024173,0.8427040967697944
168,0.060435641815752485,0.004861118072382307,7.561627720871835e-06,0.12576778304340758,0.8089278954407367
169,0.02690675527235386,0.0017405438365794103,2.0016235801511196e-06,0.05705894612432488,0.9142917531431617
170,0.0491243562924511,0.0016495459698181545,1.7980691690851665e-06,0.0569582995272172,0.8922660001413445
171,0.0018777212325889008,0.0006526280274869741,0.0003215782564958475,0.003475680192584704,0.9936723922908437
172,0.06701727550359848,0.0034004433633155464,6.229942928596227e-06,0.05193508519630556,0.8776409659938518
173,0.010058617417523655,0.0005517964558925427,2.0831025875800212e-06,0.01395622404749215,0.9754312789765041
174,0.018849512265843027,0.0012799299405168922,2.6413555576981964e-06,0.016222184007347238,0.9636457324307351
175,0.007656195674132078,0.0008731227224944259,4.772042200080247e-06,0.016790201692113482,0.9746757078690599
176,0.05693278769979465,0.0015300684601857605,2.1230180762268864e-06,0.02432564053462999,0.9172093802873134
177,0.03159437518010408,0.000672698198689986,4.192290745912049e-06,0.05061068447728166,0.9171180498531782
178,0.011775179263850652,0.0009434628583276123,2.1502561961836955e-06,0.016684901732051255,0.9705943058895743
179,0.02634736695984617,0.0016037009762302468,2.364489686334773e-06,0.019792742124092315,0.9522538254501449
180,0.013533728253253939,0.0007729774497404411,1.2420940472239208e-06,0.008323985530506004,0.9773680666724524
181,0.0484544080390123,0.001980905411575436,2.3976154836286446e-06,0.015591342034764,0.9339709468991646
182,0.023955030269395283,0.0006543819852912768,6.363101426345234e-07,0.010384184827162978,0.9650057666080079
183,0.017799186960613684,0.0009886235773186142,1.0856256974391478e-06,0.012778522050319525,0.9684325817860507
184,0.020338633330304563,0.0015375936293640308,6.048039448947686e-06,0.01234337800655294,0.9657743469943295
185,0.035991212892779297,0.001722093342754218,7.267695109806756e-06,0.022121856962994017,0.9401575691063627
186,0.12199938682765338,0.011476373602588486,1.1478663978933204e-05,0.04707255063044472,0.8194402102753345
187,0.07727187019922568,0.010228107457690334,8.331956010467515e-06,0.021465579822980134,0.8910261105640934
188,0.02996582961534638,0.008224732897577105,6.558180401341206e-06,0.023401481628644503,0.9384013976780307
189,0.021621291152450137,0.003068174850764988,4.5162550444367e-06,0.0757275696887534,0.8995784480529869
190,0.05544586885674325,0.0045868785905442185,8.89438010655882e-06,0.08883635978664009,0.8511219983859659
191,0.46643245513190373,0.053105339424754844,2.9109871792873686e-05,0.21819719406259735,0.26223590150895126
192,0.6257009806159377,0.061236499235254406,7.469784226967993e-05,0.07754776882057286,0.23544005348596522
193,0.6999929405484955,0.09425461457417211,3.801971631128633e-05,0.1703894583779047,0.03532496678311653
194,0.4172645113583429,0.3822108508433852,0.0005996172808333303,0.1191756070057061,0.0807494135117325
195,0.20751382070722574,0.6477723215913875,0.016186932026472235,0.1016851227413153,0.026841802933599286
196,0.03769954811431945,0.900540254782781,0.007175881997169963,0.04916199850106931,0.0054223166046603695
197,0.02205717795989573,0.8611418704884642,0.03773718426479127,0.07290315837306843,0.006160608913780364
198,0.023788867936514153,0.8904934791653694,0.04310207419072785,0.030548951131681313,0.012066627575707261
199,0.01957101980667114,0.891277673006249,0.04698257677801256,0.03533528771219478,0.006833442696872712
200,0.01950333904592135,0.8870375132545669,0.051354011340020926,0.03725123243539336,0.004853903924097436
201,0.030109069024189826,0.8305576280449499,0.10509895704020976,0.027457713463895247,0.006776632426755167
202,0.02612161246603338,0.8825216735914205,0.07781328829282984,0.006421095598175324,0.0071223300515410185
203,0.04391870572429794,0.9312581067735084,0.01075388380930322,0.010134621121316896,0.003934682571573822
204,0.07190979017278092,0.888788661069038,0.0183154759323145,0.01675003898784543,0.00423603383802147
205,0.05145446727598564,0.7707350581166422,0.16590014716596893,0.007938519159296099,0.003971808282107099
206,0.031430265743700954,0.8289238691392854,0.132432081354228,0.0030188885233860857,0.0041948952393994045
207,0.01571892196754048,0.7739539810911534,0.20141065585296725,0.004435379894603472,0.004481061193735354
208,0.019488068264697102,0.8815759482910472,0.08682152118815584,0.0037075982550017414,0.008406864001098158
209,0.018773846419704334,0.8109191578461735,0.1607499981107127,0.0025927576011260914,0.006964240022283345
210,0.009292227805236234,0.8231514882896567,0.16013511227318658,0.000821114057744372,0.0066000575741760915
211,0.012512219107262603,0.6499814670872259,0.3279859063946051,0.0013595168013510615,0.008160890609555313
212,0.007298972600702774,0.8449756634208738,0.13686880082782166,0.0011518599655250357,0.009704703185076843
213,0.015527666109445266,0.8400288376783901,0.12863830854705643,0.0007854172719489213,0.015019770393159246
214,0.02316054600596152,0.7730973291431771,0.18268450935494418,0.00218663430909846,0.01887098118681881
215,0.01535259259653706,0.7020441592949258,0.26634659904013835,0.0015504918188772576,0.014706157249521543
216,0.007109810353204827,0.6116491572691971,0.3688175002801031,0.00047062023115530235,0.011952911866339577
217,0.018216286153640987,0.6449289242467817,0.31632099807923897,0.0007653479101763378,0.01976844361016192
218,0.005749351361605612,0.5899316191852146,0.3917505962646419,0.0005886113699728373,0.011979821818565082
219,0.013257692116867175,0.6068972667785015,0.3685221204245361,0.0014845687695686555,0.00983835191052653
220,0.006081439529282012,0.48979704156329806,0.4925551261309021,0.0007013153597247654,0.010865077416793113
221,0.0115769320246054,0.37607638597638615,0.5849069167472536,0.002474139507993315,0.024965625743761478
222,0.0037974679296583426,0.24097634576782556,0.7297104820344198,0.0017231850272167116,0.0237925192408797
223,0.00917373953526859,0.2215456706940323,0.7235631373667296,0.005024601810895556,0.04069285059307393
224,0.007235542165286538,0.25120433718421487,0.7169483811779364,0.003375728803536269,0.021236010669026004
225,0.024699965699177238,0.5763893076419031,0.3352319686952763,0.006247210810948535,0.057431547152694815
226,0.020084671831751527,0.012918668545593126,7.478908650331344e-05,0.0028707834382360724,0.9640510870979161
227,0.4394175416829432,0.32245500579224123,0.00028438045728216833,0.043556970552702065,0.19428610151483142
228,0.24360294106366578,0.7026321111426519,0.0015171118228674133,0.009294043065917803,0.04295379290489729
229,0.3309769089763497,0.6100391719806879,0.0036741203431118886,0.024949893145782664,0.030359905554068076
230,0.27249336513988487,0.5955615335639649,0.00477486093898835,0.0795616981655443,0.047608542191617746
231,0.12316005928655246,0.7129359002807254,0.004818957482560378,0.13357631755588362,0.02550876539427803
232,0.02530594097271945,0.892186069074178,0.029075645449152712,0.04452916439877162,0.008903180105178382
233,0.06604277987580565,0.8045724693444732,0.016299731485317496,0.09814745864932108,0.014937560645082558
234,0.18252023592119787,0.09389558666338192,0.0003538159171671394,0.20381646515972215,0.519413896338531
235,0.2739221070864598,0.5337762189495261,0.00035252390473967856,0.1560146723790058,0.03593447768026868
236,0.2656159945819372,0.6746508769707737,0.002427011631481975,0.021478392874656898,0.03582772394114994
237,0.10362167289099955,0.8786949240397482,0.004874467833189765,0.004419543790901386,0.008389391445160847
238,0.08017275924708273,0.8871739583245668,0.016604346241766956,0.007316637218482458,0.008732298968100988
239,0.2018498412228206,0.7396594533628802,0.016184596563099344,0.024222871275496268,0.01808323757570336
240,0.05370516819178269,0.779641116257931,0.14867177401489204,0.008690425123945664,0.009291516411448491
241,0.03303481781329944,0.7101889804779979,0.24506874338749723,0.003881595306303132,0.007825863014902137
242,0.022359228309567693,0.9304315118924305,0.03235510804133629,0.0015200808026748554,0.013334070953990721
243,0.011022384794929507,0.7691953702762355,0.21237837096759238,0.0010636381630129035,0.006340235798229853
244,0.004906064311062238,0.5427292537856481,0.4463347011969516,0.0015637444425485672,0.004466236263789512
245,0.009458508582670097,0.6158378079299145,0.36608129267434375,0.0015018953450103422,0.007120495468061274
246,0.008569756456357236,0.610876100825014,0.3737923563070035,0.0009533163616742499,0.005808470049951193
247,0.021637495542918637,0.7701318987203635,0.19364409501018368,0.0013500585365588378,0.013236452189975333
248,0.0039020613629912222,0.4937829352662833,0.4988608829912569,0.0003679406547520453,0.003086179724716336
249,0.004174011447047465,0.44533120305455054,0.5468050986083396,0.0003711092496034203,0.003318577640458889
250,0.0051587849876795384,0.37989372937363236,0.6087007707472565,0.0005924324003029371,0.005654282491128699
251,0.00350287954653027,0.2171715184946924,0.7757676984719865,0.0004161996425488179,0.0031417038442419012
252,0.003291808655337793,0.2634913998965971,0.7301180398296572,0.0004510796520478374,0.0026476719663601554
253,0.005126718632512144,0.21664530373335233,0.7713357257669776,0.0004184299427243942,0.006473821924433598
254,0.004173738939929705,0.2236439107006561,0.7692954069531246,0.0004346383881624753,0.002452305018127133
255,0.004226502251392057,0.16546213866434295,0.8261403407333795,0.0004586072877740403,0.0037124110631115742
256,0.0019116252600817189,0.09844994500398106,0.8979490293983786,0.00029680294664768443,0.0013925973909109722
257,0.002316493391833081,0.13806631643112577,0.8576614152670846,0.0004085321756417589,0.0015472427343146589
258,0.0032055139641532244,0.12177856630160956,0.8679793216367702,0.0005281996450103146,0.0065083984524567364
259,0.0014819959198257941,0.11549175402675052,0.8789241398405702,0.00026154499421282334,0.003840565218640701
260,0.007466084494553685,0.28655802288154847,0.700998668367298,0.0016080205871383535,0.003369203669461535
261,0.004899206333043246,0.2844470280402764,0.7061749025021774,0.00046044351770798086,0.004018419606794945
262,0.002315017348276851,0.23887702290646984,0.7565160623718792,0.0002493390484381863,0.00204255832493569
263,0.0020262828586728905,0.19158578549309668,0.803728940962829,0.00018027162040206462,0.0024787190649992303
264,0.0019918227708865728,0.17881457652540442,0.8162931682778798,0.00021637723157311788,0.0026840551942561327
265,0.0011076482547709807,0.10396900035701659,0.8935946162988647,0.000177931173349412,0.001150803915998417
266,0.00157241065144748,0.15366645527111314,0.8432855503884353,8.946371711958097e-05,0.0013861199718844153
267,0.004519654028826309,0.20978822507606906,0.7821932810255968,0.0002553297723489935,0.003243510097158842
268,0.0013652462840761923,0.10416982842070227,0.8920180914380192,0.00010635053791784064,0.002340483319284279
269,0.002478332710106373,0.1397485331087014,0.854843358988568,0.00014801697267279235,0.0027817582199515874
270,0.0013092833025822297,0.09969757904498754,0.8963322498988886,0.00015797347492803727,0.0025029142786137672
271,0.0019350325573663338,0.0994409499120974,0.8952587798867627,0.0004252052144294468,0.002940032429344054
272,0.0018364051568492907,0.08176056362132567,0.9130037800909657,0.00017957415175719294,0.003219676979102112
273,0.039019486570918645,0.36318922471356474,0.5617576486223711,0.0015801710778953041,0.0344534690152501
274,0.019667798015509743,0.24256022177466732,0.7209666751003705,0.003946207315607779,0.012859097793844629
275,0.053724434409068315,0.4431837160823924,0.4636444441395023,0.008044571845755437,0.031402833523281465
276,0.014051865650358082,0.7853374213110514,0.186121709297403,0.004176046448300454,0.010312957292886976
277,0.015507422232109035,0.6148273299606827,0.35612617241337235,0.0036225328342023577,0.009916542559633458
278,0.014313153449964243,0.7008388326876871,0.27465914358896665,0.002933279149267976,0.007255591124114091
279,0.013542581871666359,0.7524621616967464,0.22301547139930425,0.0022124293362457198,0.008767355696037198
280,0.06382109344675874,0.9051142552818288,0.01855828158379552,0.0027830970569655577,0.009723272630651312
281,0.023278101954120042,0.9225650444148369,0.05002527734725182,0.0013344944607159605,0.002797081823075325
282,0.012504391276744608,0.8319476184805044,0.14987488807588217,0.0008758253412347997,0.004797276825633877
283,0.026047457498723323,0.8102102812090418,0.1540132610386967,0.0020767228178066354,0.00765227743573158
284,0.010194059350328263,0.5662085690019025,0.41868465030033813,0.0012361646220409972,0.003676556725390062
285,0.005474812236455461,0.48098441045702633,0.5077832885070859,0.0006160790732021957,0.005141409726230206
286,0.002523341911919611,0.32863546880064964,0.6650631018997186,0.00018272880897582652,0.003595358578736322
287,0.003583936474907378,0.2163178116435084,0.7739510882322692,0.000284130711593052,0.0058630329377219025
288,0.0014158778634383216,0.16289910332330962,0.8344852682493474,9.41894268280398e-05,0.0011055611370765755
289,0.0016247971268774457,0.1259552546472513,0.8706806195534817,0.00018940999505377197,0.001549918677335697
290,0.002360673667861686,0.15487587416097137,0.8391091870674202,0.00010595891857936751,0.0035483061851672246
291,0.0020425993298794154,0.13359080642618829,0.8614782049267443,0.00010627581955244814,0.002782113497635309
292,0.0007948396221496908,0.0652877512808584,0.9326981364199485,5.1263632765892465e-05,0.0011680090442775805
293,0.0008289010445489807,0.08028159027890595,0.9172296360408317,4.553448685063075e-05,0.001614338148862714
294,0.0008775648932272775,0.07907423227768076,0.9186203043912045,5.350280810596539e-05,0.0013743956297815796
295,0.00011754038396563835,0.03695547950289691,0.9625483501302369,1.3799106009684061e-05,0.00036483087689102145
296,0.0006240896898434884,0.051400861366804336,0.9468294651322846,3.579849536584623e-05,0.0011097853157016962
297,0.0004486663342278376,0.050224983103084986,0.9486560748601714,2.4820096804383702e-05,0.000645455605711438
298,0.00027161283167913063,0.04225251169200176,0.9565900598328525,1.3579915810409492e-05,0.000872235727656293
299,0.00043385420221409406,0.06317918011502394,0.9356480786020983,3.642293530805233e-05,0.0007024641453555339
300,0.0002507520322815726,0.038725906169842124,0.960256141898478,1.7102358763202025e-05,0.0007500975406351575
301,0.0006425497152476251,0.06425886612491959,0.9341255080014035,3.936498537790211e-05,0.0009337111730513101
302,0.00033863033575534597,0.035916328774054075,0.9629682774251813,2.0897578425296027e-05,0.0007558658865838955
303,0.0007832196887081899,0.05298937503725507,0.9447518900297183,6.588913830618473e-05,0.001409626106012354
304,0.00012564762736489538,0.03114252989381597,0.9681274012524751,5.95792448149903e-05,0.0005448419815292668
305,0.0015550820352593039,0.0839326034885154,0.9110691591759744,0.00041891074801766673,0.0030242445522332567
306,0.003683911163940158,0.13919127668385126,0.8506761639014927,0.00146686151224306,0.004981786738472774
307,0.026121057672069053,0.37045114092689896,0.5788903426671246,0.011560748162689354,0.012976710571218065
308,0.03169947986165068,0.5806932935769704,0.3570887858112677,0.01747660228856448,0.013041838461546867
309,0.09680681933548434,0.737523564993008,0.12689439418846585,0.018010835269280275,0.02076438621376165
310,0.048578007990287,0.7156787395862775,0.21099859749911545,0.011488349715622176,0.01325630520869793
311,0.13183610120096206,0.8174528435320861,0.006883064558674138,0.029850346233131236,0.013977644475146345
312,0.10707020587660614,0.7299958109721424,0.0589720806656142,0.08693181998576006,0.017030082499877367
313,0.05974134138666312,0.7014071433929379,0.08372414254665944,0.1443687869897673,0.010758585683972284
314,0.039647126804683394,0.8647045410029053,0.011581486348181742,0.07578271653159838,0.008284129312631361
315,0.03481878179701796,0.7430063999840076,0.08132914535739424,0.1286038543312869,0.01224181853029334
316,0.05107379593410777,0.7439445710457202,0.014628514782093363,0.11959177380697031,0.07076134443110836
317,0.1479082976634941,0.6205825429565986,0.014827014660651717,0.19520066822792875,0.021481476491326805
318,0.04873721796762355,0.8295741643994231,0.012409646671233584,0.10226802416930789,0.007010946792411813
319,0.030876574171045012,0.7706359767858888,0.05035991700719713,0.14374691683947116,0.004380615196397837
320,0.051561978570029296,0.7163165424468092,0.05178015357059924,0.1551465738157123,0.025194751596849883
321,0.045546442554957954,0.5470361832088279,0.01730215579307989,0.3792904750813384,0.010824743361795867
322,0.09094451884757924,0.31051135349837217,0.0007695867669578482,0.573631142538926,0.024143398348164685
323,0.11884101721539976,0.25166705631334896,0.0005302487727589415,0.613581661920928,0.01538001577756428
324,0.11258253666941427,0.04283404289927692,0.00013755311368803178,0.8323437115979623,0.012102155719658515
325,0.10151691067423921,0.051573407205580284,0.0001311401251271336,0.841147817521948,0.005630724473105472
326,0.03556824024726354,0.04404820000320036,5.398554984188931e-05,0.917000176299042,0.003329397900652432
327,0.020214962484449966,0.033950582979235686,0.00017573779930099798,0.942817980039562,0.0028407366974514624
328,0.017382585735252764,0.022086112503211977,7.887657372819526e-05,0.9578028969320139,0.002649528255793077
329,0.03282961553530625,0.03393657995478779,0.00011025962416245322,0.9246456863831356,0.008477858502607993
330,0.021308594273821122,0.009451711194557377,1.603561560574106e-05,0.9658344483251616,0.0033892105908541127
331,0.030450886492982065,0.035358029088167806,0.00010022618053999184,0.9303660894434678,0.0037247687948424708
332,0.015542265924156678,0.015945304541524572,0.00010429074675590844,0.9663002605518015,0.0021078782357611702
333,0.018293111955398345,0.01222223544095744,3.792288553771363e-05,0.9669824412440554,0.0024642884740510387
334,0.012975767977997165,0.02377451810498168,8.901602916000341e-05,0.9607232041198691,0.0024374937679921007
335,0.015262379569465388,0.022657845700643782,0.00018936673767217159,0.9586599081760203,0.003230499816198427
336,0.01385715089468193,0.006597464861470823,1.609065313744019e-05,0.9748150468399582,0.004714246750751573
337,0.016337752856887565,0.018953907099263954,3.7917830891607175e-05,0.96061420953776,0.004056212675196785
338,0.02074237156852116,0.014393884953027637,4.524463827143949e-05,0.9591877371181484,0.005630761722031334
339,0.020730124282300557,0.02205204690555451,9.398630157847844e-05,0.9536236848052507,0.003500157705315789
340,0.024103921464368253,0.1345225726587197,0.000270453420995648,0.8308693502187013,0.010233702237215174
341,0.023635479683805773,0.05465402399993207,8.652444300071085e-05,0.9132446923559312,0.008379279517330375
342,0.01807624988845982,0.018005394794043787,2.684845843534728e-05,0.9605471864539151,0.0033443204051458466
343,0.04398908028829883,0.03936402125655654,0.00011428096794548755,0.9101310794201174,0.0064015380670817135
344,0.03863770297092991,0.015221640083689016,4.189932726963279e-05,0.9388446496876867,0.007254107930424739
345,0.05656740922630965,0.02305036044726517,5.047873382103858e-05,0.9117746181475221,0.008557133445081896
346,0.03444596627578939,0.017086559653952116,0.00010743372512908717,0.9434869231929697,0.004873117152159695
347,0.01973846536095732,0.026293202924276844,0.0002163845165368139,0.9487839951210801,0.00496795207714892
348,0.013350413501734376,0.0188080247940268,8.17180179002334e-05,0.9635543300003013,0.004205513686037218
349,0.013128820557899417,0.01608543851034219,7.397702488871546e-05,0.9668769646247886,0.003834799282081029
350,0.009194928956910839,0.024266502040962087,3.9654628872965404e-05,0.9640425430160052,0.002456371357248976
351,0.012776975558127837,0.011305898588922452,1.7792358274261158e-05,0.9733707047408362,0.0025286287538391823
352,0.02666413947584113,0.030519607937712887,0.00013973676196313747,0.9389823839970372,0.0036941318274457302
353,0.030464127222476312,0.0550690711172943,8.384279429126018e-05,0.9084374573590992,0.005945501506838957
354,0.02945185395687519,0.016548802517152773,1.682340628937532e-05,0.9508256928803449,0.003156827239337585
355,0.015457422651274876,0.011188016170009665,9.359090199561972e-05,0.9698854015434064,0.0033755687333134297
356,0.027170787597311428,0.05034143204485229,0.0003703394650323413,0.917549227087719,0.004568213805084981
357,0.012567893874421131,0.013764027751285724,2.9990154226109384e-05,0.9718184920030432,0.001819596217023844
358,0.01320164446274474,0.015456322286716525,7.485760832554458e-05,0.9689913098000876,0.002275865842125547
359,0.010002790588245384,0.022807218087844867,6.12540923760369e-05,0.9650469351965664,0.002081802034967376
360,0.00830395478185972,0.006842906679597256,2.613740700557829e-05,0.9830038677050397,0.0018231334264977774
361,0.009055695791693187,0.00935309468105826,4.1844342957543415e-05,0.9796809538818803,0.001868411302410686
362,0.00962906314499219,0.00947667327402994,4.1157770554495684e-05,0.9772254074730419,0.0036276983373815
363,0.01656585619482187,0.02246867567091232,5.479533850185543e-05,0.9562494085224442,0.004661264273319537
364,0.01132994964846574,0.008931573430714596,2.9779846625606956e-05,0.9774506338214562,0.0022580632527377117
365,0.015596450229459451,0.012890370693678734,2.790065306552945e-05,0.9683707887237701,0.003114489700025992
366,0.03281035415306646,0.025758060878999546,0.00023087810872220253,0.9204068450062054,0.020793861853006454
367,0.04698772186745764,0.01833579815454351,5.0403355547506474e-05,0.9302607046154693,0.004365372006982023
368,0.05363551034548888,0.02264449378981341,6.402050631549589e-05,0.908439867067825,0.015216108290557294
369,0.031514418995123666,0.016899671293761895,3.9019263687568905e-05,0.948784914170031,0.002761976277395931
370,0.027434444981549816,0.01691251413165435,9.124245519563608e-06,0.9511995359873059,0.004444380653970402
371,0.07567833746295323,0.0673509089690474,0.00045973736698386907,0.759892124803017,0.0966188913979984
372,0.14127664528023745,0.046486609830658686,0.00012576144265881404,0.8028596947213982,0.009251288725046918
373,0.1882820905608671,0.20759705260387218,0.004631354079229526,0.5907707252487474,0.008718777507283856
374,0.04588721322651367,0.142455491475545,0.008362953239096558,0.7966520528783747,0.006642289180470007
