epoch,N1,N2,N3,R,W
0,0.029776012008236822,0.0017062366778747573,4.92449552727773e-09,0.005776906108867141,0.9627408402805258
1,0.0007214220567240527,7.823947290073128e-05,3.547450327190721e-05,2.8534392568620884e-14,0.9991648639670748
2,8.595978678925747e-05,1.9350595528518134e-05,2.3831547847207994e-05,5e-322,0.999870858069835
3,0.005185242425590677,0.0003813323307461358,1.4420386057094764e-05,0.0005294807798031067,0.993889524077803
4,0.0038696818403778322,0.00015929949497230054,1.4900211175799669e-05,0.0004477474640459454,0.9955083709894281
5,0.1363232406864219,0.001817406698617085,5.1440754151795255e-05,0.002003146526821918,0.8598047653339874
6,0.18028460280258085,0.007283791764708648,8.601684557681409e-05,0.0005217784513561222,0.8118238101357775
7,0.24354303477107783,0.003703609615403484,1.465117552588539e-05,0.0011618247798240939,0.7515768796581687
8,0.8538231003977041,0.01073022822657146,8.056749796161608e-05,0.00625351607739068,0.12911258780037216
9,0.651150083634094,0.2545618649968279,0.0007355960635667542,0.020761490956158524,0.07279096434935281
10,0.4320504529671482,0.469013204817256,0.0011886459163396464,0.05157778464723577,0.04616991165202051
11,0.027897502114139557,0.917294397787879,0.01829807679177522,0.010294363928571283,0.02621565937763517
12,0.05525931879139299,0.8772045208488006,0.0030876143524943347,0.020107018094259542,0.044341527913052264
13,0.01645233518569864,0.9157578490498539,0.03701001783544766,0.0038411072371342166,0.026938690691865698
14,0.016739804167663956,0.0032013681962514465,0.0001049948764318999,0.00042765779069147943,0.9795261749689613
15,0.7606439207270657,0.0768859721315325,0.00030352949205626187,0.004942522462967583,0.15722405518637805
16,0.6774735364627059,0.2983081794795782,0.0019845071604403467,0.000699543599706611,0.02153423329756903
17,0.21573080841208192,0.7739895761511848,0.005456618307837966,0.00022227691531495167,0.004600720213580479
18,0.026885157383739956,0.9109318433629395,0.05680560585788449,0.0005799473284175444,0.004797446067018346
19,0.008474841564631061,0.9336516583989196,0.051135851715912665,0.00036402941827524325,0.0063736189022612555
20,0.01107538508114357,0.9381811456305145,0.044795182693944134,0.0010138908240433884,0.004934395770354447
21,0.00858722708729777,0.9332757861758454,0.05146776417361805,0.0013358842989538665,0.0053333382642849125
22,0.005707093233455348,0.9462347851806968,0.04380326381274517,0.0004993240966892554,0.003755533676413315
23,0.002502181754896464,0.9003424406552709,0.08982663805986646,0.0006342466236146312,0.006694492906351536
24,0.004282886467599448,0.8876067163346237,0.09979303850761101,0.0003301183058228865,0.007987240384342884
25,0.004747898822024127,0.8123671036550555,0.1664074610368156,0.0006705426472713228,0.015806993838833352
26,0.004032315855473144,0.86515610586005,0.11696373929708215,0.0011304055722882176,0.012717433415106314
27,0.008484269369025799,0.6992318894701675,0.27623145689244066,0.0011236548168438512,0.014928729451522255
28,0.07272126788543042,0.8313926949132376,0.03123345081310951,0.014782532274211486,0.049870054114011
29,0.009382021850156855,0.7884633711646006,0.1668629495676559,0.004359397911421089,0.0309322595061654
30,0.049401965006981595,0.11245424101349369,0.009602569657800267,0.004405570314327926,0.8241356540073965
31,0.12769332466722413,0.0393920386681246,2.3397661701360033e-05,0.001007690032790511,0.8318835489701594
32,0.36486982975671,0.5730388203484991,0.0006939166836349737,0.004053265323903067,0.05734416788725286
33,0.3746713343299924,0.5935577432243171,0.0002125126143324338,0.0022819801434510924,0.029276429687907012
34,0.7361956127590867,0.2435689788360421,0.0005732902363695204,0.00117631176656883,0.01848580640193273
35,0.009050410147493844,0.810896606499029,0.1692934444070906,0.0003881775177915914,0.010371361428595047
36,0.014670646448654054,0.9259322698336575,0.05426565531821091,0.0012153774782013944,0.003916050921276117
37,0.015051359107657016,0.8987141410710001,0.07627630803513642,0.0013557424814879195,0.008602449304718476
38,0.008272342334229913,0.8167422938962836,0.16717449858469421,0.0035866217198160036,0.004224243464976255
39,0.012723885647571565,0.878589445233543,0.09442217416734197,0.003893833124228958,0.010370661827314479
40,0.011057045146915833,0.9130465152347202,0.06739481809082701,0.002973738809826254,0.005527882717710803
41,0.004246714514396192,0.66280287843168,0.32762723821054374,0.0021969567207337256,0.0031262121226463485
42,0.015245995941478421,0.8420221209426482,0.1280347358370279,0.005351745652051584,0.009345401626794009
43,0.02945480645909906,0.925433166133684,0.03575689419200756,0.004314528607826498,0.0050406046073827575
44,0.005393700340353423,0.8807838690759158,0.10917028868799432,0.0014152512630726218,0.00323689063266385
45,0.009699525168917344,0.8314219694416313,0.15491365122497325,0.0011057942741329913,0.0028590598903453133
46,0.003283916618170668,0.5719866226740975,0.4220142480596463,0.0003752916190223133,0.002339921029063105
47,0.004110082089312714,0.6776742313426801,0.31366810365269115,0.0009844338481875892,0.0035631490671285495
48,0.0034200331419122145,0.6464868433244783,0.3460755174829668,0.0005331068682562744,0.0034844991823863424
49,0.005259797348808825,0.744955987433762,0.24080118785963744,0.002095868083008609,0.006887159274783179
50,0.004509863694075684,0.6972908441033195,0.2921548346502228,0.0016928788989525607,0.0043515786534295145
51,0.004417552696645673,0.6875836079512397,0.3008220112211657,0.0013771176170537967,0.005799710513895028
52,0.0007494372960908565,0.3076351206211267,0.689346919420664,0.00010998382338708981,0.002158538838731342
53,0.0034608845195957935,0.5441894586359474,0.44586261807281036,0.0007633980007486292,0.005723640770897818
54,0.005639801961819059,0.7211822205465058,0.2599551540581279,0.00391963954640182,0.009303183887145456
55,0.0028843655472212404,0.5849994507585541,0.4047904802476697,0.0006664921776090898,0.006659211268945936
56,0.0021340459567722094,0.7149657814073194,0.2777637352904363,0.0009481191906846433,0.004188318154787575
57,0.0008802024180867902,0.423764878154046,0.5652972485639047,0.00021412068351083792,0.009843550180451532
58,0.004077046996339566,0.574650000833916,0.3950292450972824,0.001462823364949049,0.02478088370751299
59,0.009940898125149072,0.6200486250446211,0.32637093563076214,0.0052786867646790825,0.03836085443478869
60,0.004275549181986498,0.5789585577356382,0.387190834847535,0.0018247261286241697,0.027750332106216177
61,0.004742895493376171,0.51383282950243,0.40622634744958974,0.0016153334597405241,0.0735825940948636
62,0.44245632308608795,0.1766946833672556,0.1502906370445436,0.0023275818844299503,0.22823077461768282
63,0.05805504850077788,0.6653647339921039,0.1558484954979448,0.009916029414025598,0.11081569259514777
64,0.22567479588793785,0.3745731984657665,0.013506186173665209,0.002991063792449294,0.3832547556801812
65,0.17588798388937066,0.7607939790536717,0.014489126756874613,0.006506622469668005,0.04232228783041486
66,0.030674347966133095,0.8905942461879063,0.07073767664867323,0.0018741512284255215,0.006119577968861911
67,0.028423617943560325,0.8159031320098599,0.13798493555142702,0.0015422658584276269,0.016146048636725013
68,0.012026164324336125,0.8762183100236375,0.08932062227278806,0.0032486014119165996,0.019186301967321587
69,0.053414124799088476,0.8674958898807015,0.057303115865644405,0.012165522180551468,0.009621347274014112
70,0.017851921719298017,0.8745364295849938,0.08239942366409608,0.007380763084002736,0.017831461947609296
71,0.028094700376673675,0.9237794915117205,0.03534871992053729,0.008633099232711794,0.004143988958357112
72,0.013011032593046238,0.8779520517783233,0.09578846372547553,0.00654980156687314,0.006698650336282047
73,0.00361751276636238,0.8130130878045309,0.17964369055269488,0.001720660413719519,0.002005048462692123
74,0.008524208319959231,0.8138863741338596,0.17188867088724757,0.002009497340006358,0.0036912493189273947
75,0.005585092183589145,0.7451248055957289,0.2400280738712879,0.003672926439575463,0.0055891019098186145
76,0.003623253831963206,0.6375662149659539,0.3538652920209599,0.0011649154174814254,0.0037803237636414933
77,0.006192035306444766,0.7007839543134093,0.28368637030738053,0.002669095304566145,0.006668544768199141
78,0.0026027532860776813,0.6098715962424245,0.38265661103326926,0.0007470881064385106,0.00412195133179012
79,0.00288599847377567,0.7023221278277815,0.28392205078673394,0.0012160891535227477,0.009653733758186176
80,0.0024185764955941963,0.49581276434389276,0.4962610129751953,0.0005706170270291929,0.004937029158288475
81,0.004535653677842978,0.3523922944799156,0.637317759850757,0.0007879199361692529,0.004966372055315212
82,0.016644520484815305,0.8058028310476706,0.15536282576424745,0.012902925560478722,0.009286897142787885
83,0.00590752442936421,0.6372678326606936,0.3480275078801299,0.0028359332546580517,0.005961201775154159
84,0.006295279940048299,0.6960626095639847,0.28121151198948363,0.007483045433156564,0.008947553073326973
85,0.006186821600475774,0.7777946730701985,0.21104535530275656,0.0017775033670886337,0.0031956466594806722
86,0.007093667592911396,0.8383657343118072,0.14229624102855834,0.0067605200677860015,0.005483836998937233
87,0.005455959913122367,0.7864495806745534,0.20401807307298722,0.0012208398296845483,0.0028555465096525793
88,0.009324348286375041,0.8997791312308168,0.07572954006215707,0.011730919897156435,0.003436060523494553
89,0.015094202870536108,0.9024184592023564,0.05996560045202426,0.015597595883191696,0.006924141591891629
90,0.006373004955000794,0.8537674168192577,0.1300909757932694,0.0053093843965962215,0.004459218035875794
91,0.008041122615615586,0.8342984692794985,0.1464395678466972,0.005850860196579382,0.005369980061609686
92,0.05522844853501157,0.8592651561319448,0.03696868329321095,0.03098423479906819,0.01755347724076443
93,0.021311296242676765,0.863560663128037,0.057793903240543315,0.020141513182841752,0.03719262420590117
94,0.17004034219885286,0.7140349549534412,0.015098883279926721,0.05942239545057634,0.04140342411720302
95,0.09004725591650316,0.8298465097401457,0.016276791959148638,0.04290956719770779,0.020919875186494824
96,0.13508896702900763,0.8054567925906879,0.009061918268045232,0.03049655400716284,0.019895768105096353
97,0.22853762885556952,0.664340724104012,0.008105937234746868,0.07527671831227745,0.023738991493394045
98,0.2592339442831611,0.6292939566283321,0.00372144566898796,0.05962309560557744,0.04812755781394143
99,0.2926724197659097,0.5472503345064696,0.003184649767481454,0.11315549241229406,0.04373710354784503
100,0.13636560202127213,0.7829693321102935,0.007633952225319547,0.04931897346595043,0.023712140177164266
101,0.5244530747221027,0.31001474985680866,0.0029455508624585468,0.12969104636882245,0.03289557818980766
102,0.5345964638975973,0.23994660216389443,0.001062517264685839,0.19144407299361943,0.03295034368020287
103,0.28194930085720404,0.5032162746624824,0.0008741380351729251,0.1984625175747414,0.015497768870399166
104,0.4004228531837385,0.07300689742780135,0.0002331044203602498,0.4648100931158223,0.061527051852277574
105,0.41030370515212505,0.04523523473571007,0.00028486549790638125,0.5178682437905616,0.026307950823696843
106,0.20030200671902212,0.21884789787729753,0.00021389021361599067,0.5362046352000643,0.04443156999000002
107,0.18100314348740243,0.3406432284342266,0.0004350720134579458,0.4629937006444599,0.014924855420453069
108,0.18657101319512753,0.02491659509048676,0.0001377370065603103,0.7649497801101276,0.0234248745976978
109,0.24503051711459364,0.03286668334405887,0.00022280231221170072,0.6743345131649684,0.04754548406416741
110,0.1217380897498631,0.030618383427011377,0.00018184043547767197,0.8014351597264718,0.04602652666117602
111,0.12228809511053142,0.025414182929771347,5.6623407005596716e-05,0.8369732045212629,0.015267894031428562
112,0.11524690775484722,0.02065767893164318,0.00012110293837726139,0.8465540537133546,0.01742025666177783
113,0.13436369065249978,0.018915440112729182,0.00015201689064223974,0.8094064103265334,0.03716244201759547
114,0.10599951506399218,0.010892887199858292,4.517228713861333e-05,0.613137986488789,0.26992443896022195
115,0.2177627614233466,0.01853468057203617,0.000185445810972282,0.6954189410225697,0.0680981711710751
116,0.22406253254320793,0.029744707229707887,0.0002807078331237782,0.7126995491815961,0.033212503212364346
117,0.2892274192330191,0.010474453042575037,8.176848502170332e-05,0.6189322576212126,0.0812841016181715
118,0.2337834329630016,0.02137860226944578,0.00020271368491503927,0.6825384540898967,0.06209679699274095
119,0.14547243503806218,0.018369470666018264,6.578454635970312e-05,0.7985543002852586,0.037538009464301185
120,0.3139671065061097,0.014556202890922527,0.00012374942227888188,0.6189493236795718,0.05240361750111696
121,0.32940069843342357,0.02853670735097168,0.00021918921759925557,0.5918127902813072,0.050030614716698285
122,0.1317660611200737,0.017352641363951322,0.00024181420077302958,0.8296994142893798,0.020940069025822107
123,0.10916652530522933,0.018424792100978703,0.00025144670342641434,0.8475716462605669,0.024585589629798725
124,0.02312740340633033,0.008368607040752589,6.472668209465463e-05,0.9512786039696797,0.017160658901142867
125,0.07212565374225348,0.007686836580878017,0.00018536303508173528,0.8935491183079894,0.026453028333797424
126,0.0805188532634126,0.00926870222357719,0.0002588735551771156,0.8845942799590327,0.025359290998800344
127,0.14975105490963844,0.027080974855719246,0.00225438437313655,0.7515568230556271,0.06935676280587877
128,0.06652164666048788,0.00874240111793824,0.00029831627799868296,0.8961550419805979,0.02828259396297744
129,0.15314904072696728,0.02091193419264748,0.005467746845192881,0.7753202338778823,0.04515104435731014
130,0.05885777029398409,0.016965742942959022,0.002905592352882493,0.8933764698725979,0.027894424537576387
131,0.03738661735076498,0.015582875390209172,0.0002315759826255008,0.9233971243149816,0.02340180696141891
132,0.12810191513059144,0.02193220441575082,0.0022913159838915545,0.8000790233096824,0.04759554116008385
133,0.06762648744881702,0.02451909601619839,0.0005009706676359405,0.874089970901041,0.03326347496630758
134,0.2168867965518718,0.03974204330301993,0.004091405345676064,0.6902134343153664,0.049066320484065694
135,0.18238087814512915,0.07034542676650057,0.005084530390195775,0.7007461643497357,0.04144300034843884
136,0.06065618156007465,0.089822971367652,0.004817697624885826,0.8211667452043309,0.023536404243056724
137,0.037156538855692124,0.057598817449908905,0.0015735088124831662,0.8872776337002519,0.016393501181663866
138,0.027874920978474455,0.016556084779530297,0.0014297825607966065,0.9288489508491108,0.025290260832087852
139,0.01522901846245323,0.021738674493366146,0.007666235358478547,0.9412008633765063,0.014165208309195761
140,0.025038159912667873,0.02178748201909972,0.001066416877985733,0.9411120143013629,0.010995926888883692
141,0.03737811675160877,0.03398587295988419,0.0023544909516741487,0.917076536140974,0.009204983195858918
142,0.008549178575944078,0.037090182995018414,0.0008163527054522607,0.9468178440408314,0.006726441682753876
143,0.010314969761319737,0.03136901453354736,0.0005359395583210087,0.9485724303734392,0.009207645773372465
144,0.020226839260727998,0.05637239934909912,0.0020164589750360537,0.9112999400951431,0.010084362319993684
145,0.08389697364554778,0.0546655484641738,0.0009813107857847548,0.8188111393830143,0.041645027721479315
146,0.051023178597084086,0.06594352365366647,0.0008925227894620841,0.8636195749593265,0.018521200000460827
147,0.17199631808858662,0.27194667846002446,0.024244429945198463,0.4824240682628596,0.04938850524333085
148,0.2842251692318932,0.3679216877087097,0.01681695986732753,0.26478621862620355,0.066249964565866
149,0.2740093062397785,0.3191346357499428,0.01291174703864929,0.32858877106199974,0.06535553990962957
150,0.10212204999748525,0.5423713589826942,0.07519830882929712,0.24239711313211307,0.037911169058410334
151,0.13537915913223786,0.6022015527703555,0.04817186659344171,0.18278140888860417,0.03146601261536074
152,0.2777309427412367,0.3792457345235987,0.03863221582318119,0.26521951769662316,0.03917158921536011
153,0.058242074660925736,0.5646606377368993,0.05120401124927221,0.2855997973784789,0.040293478974423744
154,0.25080229176815233,0.40338225548325646,0.016667030194235783,0.24826091002413003,0.08088751253022546
155,0.06921914210567512,0.6912216538320994,0.07753884933572429,0.13355546287062084,0.02846489185588058
156,0.07655191683726074,0.6728957680713601,0.08095563981977327,0.14986325359265598,0.01973342167894973
157,0.04693709621127525,0.7791509655162457,0.08514921730328497,0.07290696163056619,0.01585575933862783
158,0.07200306104746602,0.5456616239465807,0.0939037370332285,0.2526027780133489,0.03582879995937588
159,0.11472114102448185,0.5127479821481049,0.040518914836297534,0.27049836076738937,0.061513601223726316
160,0.0924709697522227,0.7684268719294037,0.010890327026119351,0.09032082647285573,0.03789100481939856
161,0.1046285054911663,0.8268176848526442,0.020544804260954858,0.031852493556022585,0.01615651183921207
162,0.19178204288742665,0.6965995366560599,0.007173883015557087,0.025070299545551355,0.07937423789540499
163,0.11384827642199245,0.8383420659456902,0.017164419042506165,0.01217432874947668,0.018470909840334428
164,0.022890122009301066,0.9560715811836649,0.01170044425334781,0.004015319287094257,0.0053225332665918935
165,0.034161281259087795,0.9324235042545472,0.019420787747551814,0.007088725676516921,0.006905701062296267
166,0.07734095948968717,0.8207277691945697,0.06524112388599337,0.018524478550674028,0.018165668879075694
167,0.0704412297431249,0.8178165012687483,0.028646641859078448,0.05768429500689558,0.025411332122152692
168,0.02787474913462725,0.891411178918619,0.05019649078470838,0.019071509950864256,0.01144607121118111
169,0.13040551157119834,0.737069978254112,0.03846091968730123,0.054530449477749425,0.03953314100963872
170,0.020887124951956524,0.8544361658717861,0.07731111958675495,0.013363630330639755,0.03400195925886276
171,0.08103995632609626,0.048093485838374354,0.0008573834587999637,0.02402500603738762,0.8459841683393419
172,0.6098730963205286,0.06947140927558434,0.0013189501498544656,0.033065554614048615,0.28627098963998404
173,0.8030369792230201,0.10240368582247031,0.0012092333407641399,0.03744161984520308,0.05590848176854251
174,0.6598144886389772,0.25633182412439115,0.0005821252873420161,0.023908943792817074,0.0593626181564727
175,0.6898612572707488,0.2721322435147068,0.000495842585552116,0.022637735946108063,0.01487292068288428
176,0.10200432102738359,0.8650359675361624,0.00280690644651781,0.0263293196319878,0.003823485357948383
177,0.2806078052845275,0.6208792169329262,0.002447706214214729,0.0810775061222025,0.014987765446128992
178,0.04854154995412363,0.9200627387418229,0.004442572773759004,0.021784031924818,0.005169106605476454
179,0.05026834068161617,0.9184962698643426,0.004684082020200993,0.023740785125232238,0.00281052230860826
180,0.02137592175973827,0.9654337193345797,0.0023693073322825172,0.008573156586890718,0.0022478949865089772
181,0.012346541483145639,0.9638825076002578,0.011068291525988564,0.011656988659054724,0.0010456707315531478
182,0.025104053834599026,0.9341983008686702,0.02359033172949971,0.014682998343934687,0.0024243152232963612
183,0.006908184044842111,0.95403444758437,0.025824061923452164,0.011250206360573403,0.0019831000867624564
184,0.042784395601847706,0.8272337316887277,0.016459323269331343,0.10352808108446925,0.009994468355624113
185,0.02727770856365858,0.9021816971680313,0.020696702206772555,0.04494647216928918,0.004897419892248406
186,0.01230222109169231,0.9335003897355336,0.029451672075439042,0.023126320759598747,0.0016193963377363072
187,0.05051860268489854,0.8350256849728968,0.030174444976511648,0.07632460595870035,0.007956661406992529
188,0.007174870888950287,0.8351386557241778,0.12187423121031522,0.031039785059941007,0.004772457116615674
189,0.04079425575652241,0.8453266998712247,0.03994526358623456,0.07006436803926477,0.003869412746753541
190,0.039483418690313216,0.9043269813642212,0.019781076539524624,0.03310310719679681,0.003305416209144123
191,0.023870606395658644,0.9141276541631455,0.02916797137820678,0.023528778157470395,0.00930498990551873
192,0.06268360884051856,0.840411023281172,0.03852022371872437,0.04201462143852841,0.016370522721056834
193,0.024100122019082088,0.9287137258312933,0.02958470774868306,0.012899103076191068,0.004702341324750369
194,0.00994143359490072,0.9355184963535635,0.03731805925337673,0.005797652505907702,0.011424358292251366
195,0.008121732531610732,0.8873236689148986,0.05661100832121356,0.008294665670612426,0.039648924561664765
196,0.04144832286617805,0.4662720827196071,0.031188239808122867,0.01210072360323133,0.44899063100286063
197,0.0024275187476692998,0.0010878389101666394,3.649757073767013e-05,0.0003647919436343847,0.996083352827792
198,0.01988272048818441,0.007611959690169833,9.715593006061981e-05,0.0007554210452577895,0.9716527428463273
199,0.011557456889301355,0.0014211060046644191,3.822313281070252e-12,0.00014947013361078993,0.9868719669686012
200,0.001163946439250093,0.000679271659150366,1.1243169241883751e-05,0.0001723494894046606,0.997973189242953
201,0.0011054442451115675,0.0014512308726304188,1.449832823228021e-06,0.00015674284634810913,0.9972851322030868
202,0.0037308918629217172,0.0026603372107032635,4.870938914011378e-06,0.0005986251965546685,0.9930052747909063
203,0.002848163391470664,0.0069615229360747675,4.7092019399933614e-05,0.0006247045118809957,0.9895185171411736
204,0.003590744737299352,0.005783171967563517,4.584147589176165e-05,0.0007545724052436451,0.9898256694140017
205,0.05036113425767766,0.01250924491401682,0.0004236056607420555,0.01222776661828514,0.9244782485492783
206,0.22539872785347412,0.06459382132803713,0.00011424404698391547,0.04735624346893317,0.6625369633025716
207,0.026626485713527256,0.013539751565925517,0.00011956359999260014,0.006489635937682195,0.9532245631828725
208,0.48156563288011517,0.028857876656676867,0.00011759187342463473,0.03328031482133414,0.45617858376844916
209,0.5182076435645372,0.026906748954333558,0.00014998666855285501,0.027005917522085556,0.4277297032904907
210,0.780466390331416,0.042477566393896764,0.00013905550395459002,0.03226050614931622,0.1446564816214167
211,0.7934998396717401,0.07360792152017208,0.00020087343478107666,0.09126540480838323,0.04142596056492345
212,0.5231613089800586,0.06546403762677123,0.00015840375513981854,0.38778502988029706,0.02343121975773332
213,0.09540088273233094,0.6123422945139755,0.0008713099640374038,0.2823956876746505,0.008989825115005571
214,0.1970287339879844,0.19217543226497585,0.00039018265147535217,0.596540182984779,0.013865468110785518
215,0.0806294388918989,0.35028328532923886,0.0025206676339099192,0.5582482322086977,0.008318375936254617
216,0.13978850469469078,0.4198517387972998,0.001630957145087411,0.36012514850649807,0.07860365085642394
217,0.11036983591612626,0.5645120452632145,0.0025972925125155987,0.3090361491064263,0.013484677201717324
218,0.2469201841807224,0.04164085043788475,0.00014061923510452377,0.38464661060201666,0.3266517355442718
219,0.339827877237959,0.28405982360757465,0.00018408816166952315,0.3366114577918849,0.03931675320091189
220,0.2637236829440118,0.4588671045717436,0.0004298553076734266,0.257146411365224,0.019832945811347164
221,0.528686078602393,0.24799919524277744,0.00030686825304832943,0.19451561215653898,0.028492245745242225
222,0.40047694478566215,0.4812152053719366,0.0003587124009224937,0.10739265697012618,0.010556480471352587
223,0.06326662424356781,0.9001596569220673,0.0014562652613733108,0.03359097904679565,0.0015264745261957908
224,0.21187681017686152,0.7364151894143393,0.0010343978341296467,0.04500401667787269,0.005669585896796909
225,0.24641025493825933,0.5910622666847102,0.004848339259778599,0.12772205951889348,0.029957079598358305
226,0.10179066652717828,0.8460901102375048,0.007471015913262515,0.03931473378230932,0.005333473539745134
227,0.0305188162574494,0.9528627240267027,0.005880825696055742,0.009479232130643351,0.0012584018891486667
228,0.06424299266714097,0.897039180986415,0.007779249634727068,0.02499044871632956,0.005948127995387439
229,0.027620177803283633,0.9576920328531814,0.0032493940917433612,0.009358556523437173,0.0020798387283544034
230,0.029390138646738374,0.9429309795762484,0.003249872247856232,0.018115908554891137,0.006313100974265685
231,0.05799996784623965,0.9068223034786618,0.005561251296483376,0.024908770438772373,0.004707706939842776
232,0.12010491317603919,0.8101519573715329,0.004344393623594832,0.06148487470008918,0.003913861128743917
233,0.08129713896908547,0.8781439684294753,0.004173623508394203,0.03354296428649769,0.0028423048065473414
234,0.06269220646386893,0.9070864834158926,0.004601716734223876,0.02348631769793207,0.0021332756880825332
235,0.05816926029026417,0.9047819300210531,0.002147293580454875,0.03241410453823367,0.0024874115699940673
236,0.24151809643241717,0.4519638158174504,0.006842755467337878,0.05808706915192076,0.24158826313087367
237,0.06434568966714456,0.9073975866039757,0.005877942444715575,0.002276239010527294,0.020102542273636906
238,0.34162252364068557,0.6221763598387441,0.0030064529651932883,0.008171557143884716,0.02502310641149219
239,0.15364936975612017,0.8170061963968346,0.012208245750672886,0.010169233186816694,0.006966954909555652
240,0.1002176553046659,0.8786956309458824,0.01126205394822158,0.0038446999291380807,0.005979959872092267
241,0.02050983647863401,0.9573625971762947,0.01490573454737717,0.005349722446144405,0.0018721093515496668
242,0.03491468023327982,0.9431667346449927,0.006505744318092794,0.010240005236007751,0.005172835567626872
243,0.029096861476014847,0.9358720921233799,0.014516214354580158,0.01666918023068685,0.00384565181533835
244,0.023065309844026806,0.9463372933042239,0.012297045798199053,0.012186180091785702,0.006114170961764506
245,0.3126411927688789,0.31869534489511697,0.034032192460430676,0.05467326417888586,0.27995800569668744
246,0.27434889493990056,0.6765637416048457,0.0052421079086998204,0.023833943662935966,0.020011311883618127
247,0.06481766492997386,0.8881409015295686,0.012656511520769477,0.014685462108124046,0.019699459911563917
248,0.41368965375649375,0.5484839698922824,0.003832758620543882,0.018661904141511115,0.015331713589168768
249,0.06264089782217237,0.9165453364137908,0.0038775150525850108,0.013756741135398527,0.0031795095760534056
250,0.1565650325535075,0.7898995825917556,0.005610724990485514,0.04007272425287909,0.007851935611372292
251,0.09383114538398551,0.7953808338202433,0.06122508509807127,0.01667154904924845,0.032891386648451565
252,0.526485866071844,0.3299083256957917,0.00028850963187672114,0.016071043476404187,0.12724625512408327
253,0.18638545939850146,0.735374057560637,0.03163607434692122,0.012974773601415147,0.0336296350925251
254,0.4072506136911937,0.550727669695133,0.004551936631491329,0.01498242852206722,0.022487351460114657
255,0.16698630785977805,0.8048612321638683,0.009171440007279716,0.010875015105762591,0.008106004863311238
256,0.11904896250403496,0.677595224570868,0.004927629425709153,0.002668978546630662,0.19575920495275734
257,0.03690445250077159,0.9451427213240585,0.012036180824695467,0.0011085537594882177,0.004808091590986239
258,0.25710806946870624,0.7265179900487156,0.007319551903037449,0.0033464478161124127,0.005707940763428309
259,0.017115805493432355,0.9560959831515136,0.023690541834824656,0.0010436582454223025,0.0020540112748071615
260,0.14582705669829313,0.7821838173101401,0.005837128129430125,0.05912530796484215,0.007026689897294591
261,0.0688355922053754,0.883960063619379,0.008165897797184834,0.03701511274594912,0.002023333632111764
262,0.026984953852261875,0.9062068591967292,0.02877604619382592,0.03311770828191332,0.004914432475269867
263,0.16238075831793516,0.7731710653215048,0.0062380349964245435,0.05463660038843071,0.0035735409757049487
264,0.0064533063706247945,0.9087655031346467,0.07975950504189609,0.0034749380636687186,0.0015467473891636315
265,0.0880056395119931,0.8622934486150712,0.02271417072336189,0.020118107895305264,0.006868633254268474
266,0.04349289275963229,0.9311026527145059,0.015578813963065626,0.006908846459252747,0.002916794103543363
267,0.07240938844654461,0.889260096028663,0.025401524602135038,0.00854846565091275,0.004380525271744651
268,0.038744508314404597,0.9332789039791771,0.01201585751567306,0.012797758916789205,0.0031629712739559565
269,0.012333327504543589,0.9089447884061468,0.07138275989654712,0.004620316513092776,0.0027188076796696705
270,0.1443206665265269,0.7594908917122011,0.008078075713902233,0.013669416876342214,0.07444094917102742
271,0.02378343311936604,0.9226156756898493,0.04617643399813628,0.004519588184493052,0.00290486900815541
272,0.07621966762378288,0.7953340275100047,0.07167603511029842,0.016086242199983215,0.040684027555930716
273,0.07075165671849289,0.8909267564237081,0.018799489849315225,0.007814957857037811,0.011707139151446019
274,0.2910188402851041,0.3760156539337639,0.012018693618588974,0.016353597633589307,0.30459321452895377
275,0.0794426002275403,0.8500294705378082,0.013978417322471653,0.01982062504476872,0.03672888686741102
276,0.08099539741457684,0.8754960286996774,0.01811981348103824,0.01525082641455073,0.010137933990156656
277,0.2744727835486956,0.6860315802925918,0.008395188237248963,0.01901374120962206,0.012086706711841642
278,0.005523807158586366,0.9417878641389685,0.04507021447118454,0.005232026087781553,0.002386088143479086
279,0.08443721790961135,0.8619010359954248,0.029071215779104452,0.018816101547356495,0.005774428768503095
280,0.01423350223069291,0.9397928976888142,0.03805402641925632,0.005507630249706676,0.002411943411529898
281,0.013622981687627881,0.9126539902907947,0.05203285121552701,0.011872407712513295,0.009817769093537054
282,0.07126480613446902,0.8622070487316975,0.02520917500245377,0.037361266525952175,0.0039577036054274945
283,0.05776628982162436,0.9084073920660097,0.012166624699108303,0.012077145581378136,0.009582547831879671
284,0.06139666656261285,0.8844166433696686,0.03369797760745991,0.015842063510518395,0.004646648949740014
285,0.03126586179183584,0.9198193094322612,0.034194208771346664,0.011419138761345652,0.003301481243210749
286,0.060733659184776724,0.8755038679163148,0.038653779993704986,0.01974964923154862,0.005359043673654931
287,0.001758090707430018,0.755748432985259,0.2378097802460322,0.001661178821472383,0.00302251723980655
288,0.015355332201592466,0.7971531561909183,0.1596353777297976,0.022410885745225415,0.0054452481324662625
289,0.009708375055008774,0.9007902354880739,0.0779833713725243,0.008998334537867725,0.002519683546525335
290,0.1613342535531807,0.6796989725267278,0.08624364130898106,0.029156567277290893,0.043566565333819314
291,0.25412467186387266,0.6520078418439308,0.023360496365467182,0.06524641517756057,0.005260574749168642
292,0.03462531878820726,0.8620666332142578,0.08762028677506645,0.011197126308168515,0.004490634914300085
293,0.04478454889990912,0.8475358032922121,0.08213195734940576,0.015766766999964942,0.00978092345850788
294,0.007697459474435834,0.8912271901469925,0.09451570629550164,0.0039253864863088425,0.0026342575967613743
295,0.01281805823976051,0.846826841443928,0.12863576624667494,0.008041756813539436,0.003677577256097108
296,0.024254091215827053,0.9046299963571378,0.04236847751928294,0.010349450153252103,0.018397984754499982
297,0.030057983479733104,0.9070459222736316,0.04733027395854781,0.011039596517389732,0.004526223770697638
298,0.004925980048138002,0.7894073821152138,0.20190922826423316,0.002211057718007362,0.001546351854407584
299,0.007055542646304575,0.7189877010331568,0.2669748342356031,0.004382651816994089,0.002599270267941473
300,0.018602892573492284,0.7832307562268743,0.16045158302669704,0.02668158197503691,0.011033186197899484
301,0.0019335219737365084,0.4166232715379619,0.5792431996368861,0.0012348583922899123,0.0009651484591255758
302,0.45355833936318923,0.3358826040238682,0.014602625545999523,0.06877596824852236,0.12718046281842074
303,0.0764368190544867,0.823763732495878,0.06995077882162029,0.02112832715728104,0.008720342470733972
304,0.10178203191762769,0.8093643523135177,0.02922938167146377,0.044778923972026534,0.01484531012536445
305,0.01655593543838261,0.9174099876798409,0.046573915802258295,0.014143881837224023,0.005316279242294011
306,0.08310379867784662,0.8488518480215718,0.019019873944866837,0.043877228887981366,0.005147250467733288
307,0.04316936490567108,0.8996024805442567,0.020895892188477573,0.029348236015243494,0.006984026346351204
308,0.04821835257867748,0.8370716732414334,0.09100968379002068,0.01707481813971211,0.006625472250156324
309,0.014820091677639676,0.7848643702470529,0.19158132479108306,0.007067184906736273,0.0016670283774881114
310,0.030612614324314145,0.761935276377517,0.18431260904303676,0.013920738506015936,0.009218761749116011
311,0.12373064125581314,0.033809347607506014,0.0018389748173992296,0.005589429794613778,0.8350316065246678
312,0.2834338668557055,0.636005067064369,0.049636973781594936,0.010471797597621622,0.020452294700708952
313,0.45847606621384474,0.2752644381399388,0.018219020253472554,0.0056839864128005015,0.24235648897994352
314,0.10728896011700695,0.8452975764254403,0.03501689577459442,0.003111653528366025,0.00928491415459224
315,0.04889528979860103,0.6750324728118319,0.2489205781582168,0.007425583661659381,0.01972607556969093
316,0.606588316496657,0.17331813501394555,0.012562524447958903,0.08949457227674801,0.1180364517646907
317,0.0647134371335316,0.9021613837318567,0.013751099278707567,0.009731409288276054,0.00964267056762805
318,0.03862158287939008,0.9126360864432037,0.034751522730309216,0.0071444867315821736,0.006846321215514853
319,0.5563167587427551,0.18817526560601475,0.0017737751805951708,0.18688846816206,0.06684573230857495
320,0.4256728717298504,0.2737632379317073,0.0018761435613506457,0.23945436303695253,0.05923338374013901
321,0.5838526082312239,0.249965001144325,0.0007175488814864383,0.13587679786220302,0.02958804388076171
322,0.18375168787378,0.715127133285748,0.008992197721480313,0.08353905248312685,0.008589928635864788
323,0.3662977450911688,0.433801575558438,0.0012536203268877786,0.18223299016647557,0.016414068857029913
324,0.07245646299893983,0.8622538301507395,0.0034088657689776564,0.051937095759281,0.009943745322062183
325,0.4489221384112334,0.1298422493749556,0.0005322912324084868,0.26678710257118016,0.15391621841022243
326,0.10276539159767564,0.8262751540020211,0.0007857315611253608,0.06396151526363213,0.006212207575545827
327,0.19521727076868908,0.371336185686656,0.00039976548036261693,0.22163951639200558,0.21140726167228663
328,0.13821592424912313,0.7507555083470288,0.0023501355782880305,0.09976672830159292,0.008911703523967248
329,0.08681276506703363,0.680322942342905,0.0040119364826254195,0.18830522662465907,0.0405471294827768
330,0.13871728350421314,0.1805439699607858,0.0006967780606134893,0.4714984160419403,0.2085435524324474
331,0.2461080050357418,0.15104123421264865,0.000664256741603027,0.43435785246930525,0.16782865154070137
332,0.0671006618253644,0.011517196112280654,7.07838766370892e-05,0.03737508484686224,0.8839362733388557
333,0.05488344858992254,0.010051008277345607,4.6109939574233055e-05,0.008964722887430733,0.926054710305727
334,0.026295379178340416,0.5516427985773366,0.09152292589955759,0.0006558191262876755,0.32988307721847776
335,0.03969675819481779,0.02420549043936017,0.0007338707032269549,0.0008998524931947757,0.9344640281694002
336,0.005638641221036084,0.03277469498818883,4.195377675106115e-07,0.0005970187951017684,0.9609892254579059
337,0.011633059423635593,0.04764711264126226,5.0506051451746e-07,0.0010906430995395794,0.939628679775048
338,0.005507955349381765,0.022293415728307547,0.0008140886553458841,0.0007004958506092199,0.9706840444163556
339,0.006712656525339242,0.02639881780208907,0.0006241674222187281,0.000961200981391876,0.9653031572689611
340,0.006392758201532043,0.036105658209666804,0.00021011103215543833,0.0007658648982000213,0.9565256076584457
341,0.24844413141592184,0.10149128677675431,0.0024702562903002145,0.0036166368552772374,0.6439776886617464
342,0.10150519381670844,0.04608782597952889,0.0005700555205779084,0.012475814514758642,0.8393611101684261
343,0.12406335630053905,0.12138779044289424,6.177503454267154e-05,0.011070950555489262,0.7434161276665348
344,0.00778837015364856,0.0027614138401594254,0.925118237305094,0.003970363396403978,0.06036161530469397
345,0.08629008435384738,0.030684081234180465,3.0430250787459892e-05,0.03476934866247586,0.8482260554987089
346,0.023206750981320967,0.006538103226071583,2.3720400911385574e-06,0.02471533492755065,0.9455374388249657
347,0.04533326164121233,0.004257341426837957,2.9070756852712033e-06,0.07679552326540917,0.8736109665908554
348,0.16591197560497892,0.0090647977558565,2.042981545896931e-05,0.13894868128353136,0.6860541155401743
349,0.51344273913596,0.005434209317273564,1.8565178401154753e-05,0.24707002642523535,0.23403445994312994
350,0.1983334745309491,0.0020544439800030657,4.948140831000497e-06,0.26956074405608876,0.5300463892921281
351,0.3398925153236795,0.007874971334723124,2.5126674458248585e-05,0.5779477302623467,0.07425965640479247
352,0.1520719989987274,0.008382843630900128,1.7429805557133557e-05,0.4805993241315284,0.358928403433287
353,0.2838741767144044,0.012575625294356714,1.0624620355768508e-05,0.38211846942881,0.3214211039420732
354,0.36338203613457215,0.019175629773145148,2.786412953202498e-05,0.5930627692119685,0.024351700750782065
355,0.1919607267715007,0.03560360075472704,1.2820233003382142e-05,0.27262760873021696,0.499795243510552
356,0.3195080904967206,0.012513725119415764,1.2094784386554798e-05,0.577260990714987,0.09070509888448995
357,0.40369700587289115,0.028640165512545408,3.6297659679833154e-05,0.48700588977000797,0.08062064118487558
358,0.33821360429755826,0.39322052875746266,0.00030267957504698305,0.22760051102137713,0.040662676348554784
359,0.3084320548315284,0.049188283900074715,1.9914021022869e-05,0.26428483574883294,0.37807491149854106
360,0.5838089346954423,0.025315876103385364,2.328053321815227e-05,0.2554605737844377,0.13539133488351648
361,0.6804557128248734,0.04802583294446987,2.1483284833129092e-05,0.10825352287155476,0.16324344807426888
362,0.37499989489288044,0.082307623151511,8.690421722197572e-05,0.059251187116900375,0.483354390621486
363,0.5871086494294021,0.3003047410954179,0.00017619026663356116,0.08286879924224518,0.02954161996630127
364,0.13789340703774944,0.021132384233988336,0.00015616378105874176,0.03771682869172266,0.8031012162554808
365,0.8326676005343195,0.06281972594007074,2.4043392749218242e-05,0.044990546115827215,0.05949808401703337
366,0.7099943455626284,0.18172005397673732,4.9657469487435896e-05,0.07161129569487523,0.036624647296271594
367,0.6895012729193514,0.213548256795158,0.00020883397806063987,0.07003450031889802,0.02670713598853184
368,0.07150496250477555,0.9006914361178576,0.002054993271875707,0.02413334020601626,0.0016152678994747888
369,0.43651315551843206,0.29528821546809547,0.0010402645323818653,0.25353327932080877,0.01362508516028192
370,0.09406945392598363,0.8517288994741649,0.0012341027101298184,0.049546949348899916,0.0034205945408217558
371,0.36286477686974056,0.48997816466299365,0.0012541821076351252,0.13621731478816745,0.009685561571463318
372,0.037479668411364055,0.9425635890477104,0.002561049613695367,0.016496623788922183,0.000899069138307766
373,0.14680221057861487,0.7804025959768583,0.0010283083618922771,0.06867196935887808,0.003094915723756361
374,0.028732242487788353,0.9504203543209218,0.0027201291460947703,0.0175655182201492,0.0005617558250459579
375,0.03312328645286142,0.9551939628495366,0.0012515321839545385,0.009501077198586273,0.0009301413150609642
376,0.049294459375549486,0.9337504271336186,0.0015022352103694217,0.013131918898200938,0.002320959382261711
377,0.003513491492701876,0.9713608384892543,0.02103396476420226,0.003255484771474049,0.0008362204823674672
378,0.044969208879997745,0.9412941948921737,0.0008816735498241165,0.011541389528132119,0.0013135331498723734
