epoch,N1,N2,N3,R,W
0,0.03174876489741904,0.0011919954600374469,1.5562208932573848e-96,7.5753583646299e-05,0.9669834860588972
1,0.0770707779098571,0.02311654953755514,0.0006328479407771117,0.00040003431787047464,0.8987797902939402
2,0.0033762055212489444,0.001980021245878394,2.5456635191315942e-05,6.285872261041234e-05,0.994555457875071
3,0.009987845857925087,0.00216274298521472,1.0628099575676798e-05,0.0002065391910850755,0.9876322438661994
4,0.012211261098749626,0.003692470595921609,1.762838372335729e-05,0.0002628074801736686,0.9838158324414318
5,0.05867087833162353,0.005535786499434574,3.561933370702829e-05,0.0002569231136561188,0.9355007927215788
6,0.08822662237375505,0.022773556595433356,0.000298355711933765,0.0004934604176909755,0.8882080049011868
7,0.013789612191909117,0.011562911114472545,2.8371118478765495e-05,0.00031755482986722003,0.9743015507452724
8,0.13405706070879567,0.11402795664132342,0.0014292146489043112,0.006206205489815342,0.7442795625111612
9,0.14487264182810974,0.047315233334330964,0.00017564376179317762,0.002444053639096455,0.8051924274366696
10,0.10029019309980244,0.4435206918488855,0.01065411316099446,0.005903208544938721,0.4396317933453789
11,0.12063795683480259,0.3672376630011661,0.01775158767833871,0.006262180026581024,0.4881106124591117
12,0.30910528687931377,0.343646306327382,0.002612894800357008,0.014152400155267166,0.33048311183768003
13,0.04645195617381061,0.783057607200535,0.01740281769155639,0.0013574276492987244,0.15173019128479948
14,0.11975156483103933,0.5246800119879224,0.0037334308914837096,0.002015149855327004,0.34981984243422776
15,0.19721531726509386,0.6190766858133203,0.006231302584949065,0.0016335479944804875,0.17584314634215623
16,0.059247459399518615,0.885248219174044,0.015845970897506438,0.0014094987289777223,0.038248851799953194
17,0.15354308119432725,0.7211862919244982,0.008620774776016166,0.0010645175523734467,0.11558533455278472
18,0.15680378372591833,0.7432764294561448,0.059516453648996326,0.0007708026447018779,0.03963253052423854
19,0.4649738587798409,0.47304091217923594,0.016873500526585466,0.0007672910964208147,0.04434443741791694
20,0.21579581433084152,0.5704671997835162,0.181764962036973,0.00040847191134915075,0.03156355193732011
21,0.1833567740120986,0.6366649709617926,0.1357686827012796,0.0007341907619683708,0.043475381562860654
22,0.04014068416306578,0.31852349569552774,0.6167081174212186,0.00018198608603355932,0.024445716634154364
23,0.010518820160645388,0.2244466632358388,0.7557811174146647,0.00010233411942813071,0.009151065069423038
24,0.004709984905041051,0.06743373144402368,0.9162925614956943,5.988742839679683e-05,0.011503834726844117
25,0.005691393992263073,0.12978904839723382,0.8418711479364774,5.5186806038869334e-05,0.022593222867986675
26,0.005697263367932831,0.06568863864625245,0.8799318372461356,6.427669377477661e-05,0.04861798404590415
27,0.0013508046250259819,0.05441008788369282,0.8667443930596372,2.2587139829448837e-05,0.07747212729181444
28,0.003018391888316041,0.0593782144840594,0.811382626888787,6.265323294607916e-05,0.1261581135058914
29,0.004273861531533769,0.08084330686678765,0.7065071863938457,9.03830979428745e-05,0.20828526210988987
30,0.012403802086479983,0.02638368128145876,0.30811971576240593,0.0009391234709543577,0.652153677398701
31,0.01816017053177342,0.019868910290794604,0.0767995580384407,0.0008682928775738019,0.8843030682614175
32,0.06662980276085007,0.021296380903570687,0.4183219290952367,0.00014924073376788397,0.49360264650657476
33,0.00708395540035174,0.039628044493727775,0.588498491235635,0.00017044154340726335,0.3646190673268782
34,0.004869627683929078,0.09587215022465014,0.6060928700108903,0.00012681430229217162,0.2930385377782384
35,0.0017352972378420076,0.04553123246260447,0.9039592146473009,7.755391264622917e-05,0.04869670173960655
36,0.016288062056733256,0.047969599856999924,0.903682702992502,0.0003240678841293529,0.03173556720963565
37,0.004124028054307467,0.04359075346175761,0.7682458651368198,0.0007513474563030091,0.18328800589081198
38,0.006581717537140954,0.10156219970631525,0.6713868439224475,0.00032126463993814087,0.22014797419415816
39,0.0058266293646160195,0.016601012199155683,0.042807734029994014,0.00022439800768880852,0.9345402263985455
40,0.0179682965392593,0.13946323791787016,0.17611588853115356,0.0025614034879847926,0.6638911735237321
41,0.0009499080743277391,0.006028592085957682,0.0035468466137369183,0.00012970591566834814,0.9893449473103094
42,0.001388281389700587,0.0012518232888940133,3.315444739955865e-05,8.128333510335525e-05,0.9972454575389026
43,0.0023358820706803458,0.0016309086122171862,2.7145624071672108e-05,2.7491267780062953e-05,0.9959785724252507
44,0.056375109979008846,0.013942226733995167,0.0001524533565413157,0.00016754348378735906,0.9293626664466672
45,0.024890196656015988,0.0976831762428457,0.0014202733033588384,0.00042308442054548163,0.8755832693772341
46,0.01793894506685683,0.04104501525015191,0.000695095756195197,0.0005417676787552174,0.9397791762480409
47,0.002097527433020161,0.004406821970485855,0.0003275017145056681,4.7258279732525955e-05,0.9931208906022557
48,0.06541538222034582,0.14877918784904035,0.0018818834093721013,0.0009793642690536775,0.7829441822521881
49,0.051120282356320636,0.8345627512611947,0.009566176440659066,0.0006363407795135374,0.10411444916231195
50,0.02825517881399766,0.7125959687361214,0.009147573578817837,0.0009778424137666948,0.24902343645729647
51,0.07417690336860973,0.16815669044387066,0.004443041823184001,0.0010279659096925943,0.752195398454643
52,0.13057862830405248,0.7903293615925056,0.03374772905617827,0.0006631545768455365,0.0446811264704181
53,0.25623948736756746,0.644809202204795,0.05068759034879375,0.0003795203558168938,0.04788419972302678
54,0.0941416156681874,0.8507690244186861,0.023992023213777185,0.00032206355810148564,0.030775273141247696
55,0.04383550917231084,0.8837132878451743,0.06496130927526426,0.0001955580848760868,0.007294335622374595
56,0.12172617383069476,0.7043882428688544,0.1666725113602943,0.00015003246136930734,0.007063039478787122
57,0.04456404306549901,0.7514331297824028,0.19960899031001136,0.0003336614744856965,0.004060175367601125
58,0.006888869651404755,0.5326052500195267,0.45845706533268377,8.263692238055418e-05,0.0019661780740042384
59,0.003861982441200298,0.21426219430409638,0.7804517467908589,8.777677753575505e-05,0.0013362996863085827
60,0.0021131990361780246,0.15711774135426887,0.8396481560104907,0.00011578364141044105,0.0010051199576519186
61,0.0006533658147235157,0.06493265715051635,0.9335833653121456,3.9166802959650367e-05,0.0007914449196548942
62,0.0014804587892723216,0.0758145970418392,0.921213280424022,5.427113137394016e-05,0.0014373926134925539
63,0.0010220741841496684,0.08546291431476764,0.9116221840517228,9.074720403850617e-05,0.0018020802453214957
64,0.0006450832095391236,0.06195092154569223,0.9362138752062014,0.00011173295736359586,0.0010783870812036073
65,0.001381845234780472,0.07336276397325073,0.9226336194961409,0.0002864732899559902,0.002335298005872013
66,0.0007011141473161724,0.04205672295656151,0.9527324129242477,0.00017576362436275768,0.0043339863475118125
67,0.009556739036607358,0.18893797088235303,0.750949174215279,0.0022377496083698907,0.04831836625739078
68,0.036852171877563664,0.4416922277340791,0.3437422187548202,0.0024216489112499078,0.17529173272228718
69,0.10687112729656904,0.31124341807260536,0.15937266614235215,0.0046424933920201465,0.41787029509645324
70,0.03829143792874301,0.1629233997377212,0.006301277545045505,0.0011268661492565802,0.7913570186392338
71,0.263005706223183,0.4851603691886374,0.011564119768524705,0.002979429849778928,0.23729037496987593
72,0.17783825747359008,0.7176521809520208,0.025878547653329885,0.0013243365402889453,0.07730667738077031
73,0.11764515169693267,0.838490676204575,0.007472996539717042,0.00042388980262030533,0.035967285756155085
74,0.019929032582044273,0.927918450073879,0.047711879741713335,7.715881781083736e-05,0.004363478784552727
75,0.03518349287293146,0.8111078847271673,0.14937870579680984,0.0002721584164734161,0.004057758186618042
76,0.028761032674542778,0.8438363257285664,0.12139947377385442,0.0009248299227052818,0.005078337900331219
77,0.00635571716610861,0.48240019781367705,0.5074612814333174,0.0005577462319352685,0.003225057354961596
78,0.0058639816883241675,0.3342869822886312,0.6566737700364781,0.00047081598461914454,0.002704450001947419
79,0.0018409721553742022,0.15806962179726428,0.8383833516967832,0.000178554823417506,0.0015274995271606954
80,0.0014736750954594683,0.11650171262665444,0.8799281986526871,0.00019455879456283136,0.0019018548306362212
81,0.0018277606466590545,0.14846216594915543,0.8474521023429045,0.0001541457607350827,0.002103825300545932
82,0.003867920690549743,0.15370529090343946,0.8364033725990359,0.0003311187947793578,0.005692297012195563
83,0.0015180758212765676,0.08352642269739587,0.912646702796906,5.192134249339333e-05,0.0022568773419281555
84,0.0038579277978513936,0.10612411580285593,0.8860079173032214,0.00020252558984875353,0.0038075135062227206
85,0.0011653120068226394,0.03759679856499208,0.9579005740250252,5.586520793517504e-05,0.0032814501952249616
86,0.00020917757680745215,0.01960496770644675,0.9793854339938284,2.2959066494943844e-05,0.0007774616564223249
87,0.0006242972976434202,0.06333047783783621,0.9335614219268972,7.135883686372363e-05,0.0024124441007594864
88,0.00035708658181926204,0.027159926671951277,0.9706081300773007,8.364898128139494e-05,0.0017912076876472542
89,0.00039997558754745015,0.025882563510155235,0.9714803188241763,0.00011790024937492944,0.0021192418287460458
90,0.000372524917792952,0.05254268798580892,0.9453486652602159,4.7735084505791765e-05,0.0016883867516763397
91,0.0007787393115173165,0.02970803447256439,0.968236917385138,3.394943185294479e-05,0.0012423593989274214
92,0.0005562780334077732,0.02590293958969941,0.9720382237489373,8.526801364615725e-05,0.0014172906143095408
93,0.00018022820144825708,0.013386180423753195,0.985625640840831,5.3665607760439e-05,0.0007542849262072079
94,0.00012412179761502257,0.007579115870716421,0.9915167733424272,2.956658665010549e-05,0.0007504224025914456
95,0.00017093347040688598,0.011789210562124218,0.9872534042901514,5.918279943158278e-05,0.0007272688778857158
96,0.00015908078179211735,0.010912529035552952,0.9881427885406391,4.479556203108929e-05,0.0007408060799846449
97,0.00018483100686828385,0.010517122907364361,0.9888924905114888,3.542505216139164e-05,0.0003701305221171012
98,0.00026165677637045824,0.007865115920764804,0.9911935002430198,9.189228890163578e-05,0.0005878347709433679
99,0.00010370936923155567,0.005254409998782967,0.9942320528670655,3.4937149888628555e-05,0.0003748906150312892
100,6.640755179511362e-05,0.0037537559727357506,0.9958356669450771,2.3392922524833514e-05,0.0003207766078672458
101,0.00014415274112952067,0.00552406053108801,0.9938653021715698,3.821615368932521e-05,0.0004282684025233548
102,0.0001624154374513916,0.008619406183252694,0.9907682760465523,2.3264174326193664e-05,0.00042663815841754635
103,0.00019720094807475244,0.005817299251516441,0.9934983972140184,4.4553267133340044e-05,0.00044254931925706976
104,0.00011330428721927702,0.003453938068154913,0.9961344814770476,2.967521122786085e-05,0.0002686009563501966
105,4.803280927012999e-05,0.0016545528930056227,0.9980432728940135,1.2488211130384241e-05,0.0002416531925802741
106,0.00014744956046466124,0.0048557613678611635,0.994533172169725,2.1453345561912353e-05,0.00044216355638729927
107,7.585243240385668e-05,0.002716135167088432,0.9961506473503674,4.1055101690041966e-05,0.0010163099484503044
108,0.00030790816779918613,0.004813265918529767,0.9918569397650775,0.0003688199116085798,0.0026530662369848978
109,0.00020884815823568183,0.005920073087700159,0.9913333425712098,0.00032316552460268463,0.0022145706582517646
110,0.0023129916185207077,0.033630738476714384,0.9481690365067486,0.0017791098655492697,0.014108123532467211
111,0.0005977247304176588,0.009104966744075378,0.98041945394602,0.0005501416053849337,0.00932771297410208
112,0.0017532110918747142,0.06553352498284243,0.7453309712582211,0.0004321565963362484,0.18695013607072553
113,0.0008922311079721408,0.0018030114327315498,0.0023276483712729324,0.00014833078744156945,0.9948287783005819
114,0.0022567816031195814,0.0023944794274459286,0.001219269994307235,0.00038537204097210893,0.9937440969341551
115,0.04142753920225786,0.018099464591672533,0.005387285188788801,0.0005486943164029301,0.9345370167008779
116,0.06827654314048702,0.2857664353454203,0.01562614516123211,0.002292028754617733,0.6280388475982428
117,0.13524418264414548,0.40889995245937727,0.024685350265097456,0.0013750207001561729,0.4297954939312236
118,0.04610535247349115,0.35834609790331395,0.04156343548156009,0.0015513094217168648,0.552433804719918
119,0.05315659894772806,0.49298064267377595,0.01459336057900271,0.007104988086365528,0.43216440971312753
120,0.009416660995098861,0.04711704320012483,0.01105665076042253,0.000501029765443573,0.9319086152789102
121,0.008280196467135171,0.005086418301530543,0.00040211365187740975,0.001195871097443532,0.9850354004820132
122,0.21203635938971666,0.42307426269696297,0.007318067870274213,0.012618594966169322,0.34495271507687675
123,0.22364072487834302,0.4080305978515721,0.02828287576787559,0.0016400362135209083,0.3384057652886883
124,0.36009605126682126,0.24175964462949096,0.011484954105002462,0.0038074583134355806,0.3828518916852498
125,0.1767888191241887,0.49218526673588453,0.016165951805060964,0.006001058328239877,0.30885890400662586
126,0.10422833500601737,0.764798938412377,0.09762038463373124,0.0028144075374594846,0.030537934410415035
127,0.12289861524239477,0.6883034211437591,0.013513878934225678,0.017561080526761478,0.15772300415285886
128,0.11509276881142425,0.773099442362094,0.0937877866775665,0.004633731897956208,0.013386270250959046
129,0.03242716874239521,0.9150024758111814,0.043391117988514145,0.005159816243209496,0.00401942121469978
130,0.010193846205838407,0.6972605192464596,0.2793071477727284,0.0038105990954659646,0.009427887679507656
131,0.0709888392883184,0.6003448872874579,0.29508210090046655,0.01805249730319578,0.015531675220561328
132,0.1003550584001882,0.7110786193925233,0.16605862315611877,0.005077445827483089,0.01743025322368659
133,0.0152747822052029,0.4216441854829531,0.5486810290192583,0.0012225906947110725,0.013177412597874624
134,0.04199123845469971,0.701900466573869,0.2034458780331346,0.003051240935130351,0.049611176003166516
135,0.02462776139942855,0.025547408897576226,0.006920674397145007,0.006064082015948789,0.9368400732899014
136,0.5458873719951102,0.0929925540847963,0.0025398298407807883,0.001997980365301252,0.3565822637140113
137,0.39819469250328915,0.5535056649267641,0.006249429394762183,0.001374193342773032,0.040676019832411564
138,0.20796359487007013,0.7186422026157004,0.05728095090854924,0.0008920915638366629,0.01522116004184351
139,0.35881480408645255,0.5731862950306907,0.05218529868158465,0.003530056052103346,0.012283546149168696
140,0.2234305543811138,0.7077547537492077,0.041289584254008006,0.004292634211376441,0.02323247340429397
141,0.056980410803530716,0.8173054672616599,0.11658019649558073,0.0026473401400635226,0.006486585299165179
142,0.0344486075990737,0.852588536503813,0.10673004097392012,0.0018265798081248316,0.004406235115068237
143,0.03773748694107036,0.6266117671472271,0.3298975041629759,0.0012325726887302058,0.004520669059996369
144,0.012685652533945864,0.5259290225474293,0.4524180919163289,0.0012953842683762588,0.007671848733919418
145,0.02594658919064663,0.6950601628428366,0.2647211288058508,0.0023927005943359457,0.011879418566330097
146,0.009158643902855198,0.43007471564580874,0.5419627087284209,0.0011744704620711955,0.01762946126084392
147,0.010213827527583387,0.02384203438683557,0.006040540989353886,0.0027238563846992696,0.9571797407115279
148,0.5611134930430066,0.3684910365404429,0.004935104233398046,0.009954751634231146,0.05550561454892138
149,0.1531563587795085,0.7913940107418731,0.04929788317273972,0.0008133121846538815,0.00533843512122481
150,0.10968858794415853,0.8036637402613351,0.038984909361206715,0.0007568815925894382,0.04690588084071051
151,0.5045072713947985,0.433236820575609,0.02628898665786827,0.0011169488923588144,0.034849972479365283
152,0.06403281661220897,0.8447101351148228,0.08289307356047586,0.0005531441835069579,0.0078108305289853915
153,0.0748812355835562,0.7404102505868676,0.17987620189442696,0.0001815701323609125,0.004650741802788308
154,0.016568700577705524,0.46920735253696255,0.5129183072728255,0.00019261062874888283,0.0011130289837576353
155,0.018855647060442005,0.46059533540357395,0.5170285370639713,0.0016462466884778848,0.001874233783534879
156,0.004133292803674831,0.7777542349761877,0.2144897702095589,0.0008734913479172356,0.0027492106626614684
157,0.0053270362867181105,0.3084673674112497,0.6851083960388432,0.0006406005290585465,0.0004565997341304549
158,0.03381599062954944,0.74739949356726,0.20522990051443593,0.007104923224637389,0.006449692064117301
159,0.02426776270665266,0.7879305780829318,0.17535422699611802,0.009617449276793545,0.0028299829375040605
160,0.015134904672561867,0.7486468761994427,0.2245375855453282,0.00883653414647979,0.002844099436187351
161,0.07474457182629018,0.8160845885817954,0.03598726960762555,0.03918959350747284,0.03399397647681593
162,0.0639211210429918,0.8795831719570809,0.03299264746009024,0.018921995852740195,0.004581063687096621
163,0.060799503410995465,0.8652481152942086,0.04365521974562108,0.02681589040450261,0.0034812711446721065
164,0.10661455518672842,0.7425541705109419,0.04228907778999963,0.0932737024499672,0.01526849406236273
165,0.03305524390810386,0.6467600001844865,0.004120368677667132,0.3113585512304788,0.004705835999263601
166,0.06022767641626932,0.6121459500503451,0.06248387650489536,0.25474485459040197,0.010397642438088182
167,0.04964129409659271,0.4687244313795427,0.01857486707199696,0.4544744170119799,0.008584990439887818
168,0.071667760011272,0.20815300623081326,0.0017961867227609626,0.7051028511020861,0.013280195933067611
169,0.06576394028589813,0.22228342462709533,0.003750183578202119,0.6468040152649375,0.061398436243866976
170,0.06849318705883316,0.02734407475815203,0.00021968981781700218,0.8841493707726659,0.0197936775925319
171,0.1185832197103825,0.13683403182364795,0.000774999092679868,0.599613189532123,0.14419455984116675
172,0.19473088921870185,0.087402004505911,0.0007002767038170041,0.6355432335987043,0.08162359597286573
173,0.08443187210865322,0.12826112534253478,0.0017588408940721065,0.3772839944972386,0.4082641671575013
174,0.1934497359957319,0.08390874647780171,0.0017178533856722948,0.37125094258258956,0.34967272155820456
175,0.17402996340148263,0.08353002661894995,0.0007466868238713138,0.5965265693464482,0.14516675380924793
176,0.15120563102468407,0.04065880436810004,0.000415204100050435,0.04618264732472173,0.7615377131824437
177,0.4966673757770401,0.05232355557185007,0.00011306469486685587,0.08557201221513887,0.3653239917411041
178,0.5190044815992335,0.2077388418152235,0.0025288239345606406,0.051013689611788066,0.2197141630391944
179,0.552158077577442,0.3132549816539548,0.004202602599412963,0.0786993682392007,0.0516849699299894
180,0.3057166350557183,0.28289695469259346,0.00803495606784996,0.3751874737959272,0.02816398038791103
181,0.0350917787446682,0.055202371660496505,0.000913159104628543,0.9001053674043703,0.008687323085836408
182,0.037991040654491465,0.0964978101847266,0.0003641398716667176,0.8565235611364372,0.008623448152678112
183,0.018647287492987656,0.02896109558633613,0.00013604557410417197,0.9496793551573522,0.0025762161892197
184,0.03654237145952288,0.05044438860921314,0.0004987241482415312,0.9065528701432648,0.00596164563975777
185,0.09353418864505929,0.04177680377676505,0.00029996899551960145,0.8488659182952165,0.01552312028743946
186,0.10832115078895224,0.15401164619501173,0.00171289687701054,0.726987245279286,0.008967060859739475
187,0.06369840247847951,0.1104508337457116,0.0008692804387250644,0.8205318097128917,0.0044496736241921575
188,0.030347258476068617,0.4184533012569978,0.0029314300784222622,0.5414700431143047,0.006797967074206574
189,0.06168843633037438,0.7747163137046504,0.020244936364288642,0.14179092291378603,0.0015593906869006914
190,0.05905120120801824,0.3489073344797684,0.009613444739587853,0.5706650527690363,0.011762966803589061
191,0.06896056337219565,0.19428591010923935,0.0007673554512244082,0.7281135278492311,0.007872643218109494
192,0.0187449670872962,0.9111832677221694,0.0019334177414853202,0.06422148434401659,0.003916863105032368
193,0.1034539407825963,0.7234275778505035,0.0013568474181419284,0.15038500840284763,0.021376625545910695
194,0.03865554361564007,0.935394678188613,0.005550759345200518,0.016796653459350684,0.003602365391195651
195,0.015432978859551952,0.9492085682366115,0.0029985512395716892,0.030525168833909808,0.0018347328303551032
196,0.022381101453831785,0.9416777456099626,0.0018621785404305505,0.03250127006697425,0.0015777043288011181
197,0.02499925879606073,0.933855383291722,0.007270147572914259,0.032121545705487316,0.0017536646338157066
198,0.012860300740072895,0.9740252039676907,0.0009693316528373483,0.010831807445712716,0.0013133561936865097
199,0.18939298496605347,0.7001927700375236,0.001219233101002145,0.05906085430496166,0.05013415759045929
200,0.02921550796920293,0.9547124399029833,0.006561586410714486,0.0022955382892282505,0.007214927427871019
201,0.0193505453767042,0.9715352047666046,0.006405792832549807,0.00091675858563484,0.0017916984385065705
202,0.01611039106458184,0.9790696997707418,0.002589894254760026,0.0007979796578352683,0.0014320352520810432
203,0.003036724377272823,0.977645496546503,0.01821572618940641,0.0002660148767023541,0.0008360380101155068
204,0.00631662532036929,0.970033698792061,0.02268854907005354,0.0002915276822238196,0.0006695991352923175
205,0.021890879145500114,0.9235198157415394,0.05216685364782357,0.0013334689243450666,0.001088982540791774
206,0.008065879027518591,0.9549611560256628,0.033604101092885794,0.0021249889005448912,0.001243874953387894
207,0.009244525861204384,0.9387851872793689,0.04973074294277943,0.0013777662177043538,0.0008617776989428626
208,0.01689241573987519,0.8588473801163281,0.12095939368310912,0.0020483006462003912,0.0012525098144871142
209,0.008904473233817484,0.8900123549052757,0.09798457198707777,0.002248556953558093,0.0008500429202708298
210,0.013309154436781687,0.8989279738963377,0.07871294800277116,0.007388827756995602,0.0016610959071138415
211,0.007425606579024147,0.6986354720433007,0.28096642960137086,0.011991221532361786,0.0009812702439425936
212,0.005881815438938066,0.8031017244194395,0.17899687150876809,0.010863655451976017,0.0011559331808783065
213,0.009415818176671961,0.6360149633334853,0.3410554676991915,0.009018461782816478,0.00449528900783481
214,0.013321325825621495,0.755338604086489,0.21415971497061723,0.011013526106501262,0.006166829010770758
215,0.005836339752217884,0.5656861750472282,0.41800179577084556,0.002947304028574178,0.007528385401134212
216,0.020306854478940827,0.06956670142959362,0.004023015716466764,0.013207182649324788,0.8928962457256739
217,0.013269149107750296,0.009796673734317016,0.0003676231318485489,0.0038576436005756175,0.9727089104255084
218,0.14499995590649425,0.05777638802308303,0.0005054357413874802,0.02194453219122425,0.774773688137811
219,0.3670106546729007,0.30968832604354674,0.0007231752166450079,0.042436699505365216,0.2801411445615423
220,0.3610135652802538,0.10061364129021295,0.0002318334340568636,0.014698656159507906,0.5234423038359685
221,0.04515244258193388,0.8365359109104865,0.003226053396955077,0.01546271795808181,0.09962287515254285
222,0.07276168136861325,0.8595640446393297,0.0014634770546330673,0.03660215903780275,0.029608637899621374
223,0.027367423723121384,0.9446938829736169,0.002653880002162381,0.008690705455526178,0.01659410784557308
224,0.0027325579681625545,0.9846364441541631,0.006863216610690839,0.003768069701108724,0.0019997115658747584
225,0.0038582172976206453,0.9854342005544539,0.007871837405560606,0.0016736518025902872,0.0011620929397745286
226,0.0321933969315393,0.9532901511293941,0.007286460954123262,0.0056952234118545835,0.0015347675730887967
227,0.004413443731759894,0.9768401643312424,0.01707262381620888,0.001085920165987167,0.0005878479548016775
228,0.011082704191587406,0.96884834748385,0.007142142060903024,0.010556564792222875,0.002370241471436655
229,0.008480918551815684,0.9111989025133127,0.07863390009819167,0.0010757786259555006,0.0006105002107244087
230,0.004868160990112589,0.9587432476969756,0.034028340192406595,0.0016410786444690903,0.0007191724760362008
231,0.011526860879222887,0.9323445031325541,0.04774915559189375,0.006756334701878584,0.0016231456944506015
232,0.007680728695089947,0.7552141123614714,0.23434180276247693,0.0016832537240055337,0.001080102456956179
233,0.01002322943869465,0.9046462409222942,0.08285954169937555,0.0017209656349585333,0.0007500223046770013
234,0.008847720793701512,0.6973568988529294,0.29115485657746515,0.001671853808591216,0.0009686699673127291
235,0.04617389531389396,0.8689385501570874,0.07241451260512033,0.004286534942179613,0.008186506981718846
236,0.0271134287800511,0.685292867233426,0.27971193977997216,0.0025179267770572677,0.00536383742949361
237,0.0208508404257671,0.64375228948568,0.3296722883669437,0.002358819287731025,0.003365762433878282
238,0.012265914568766866,0.3682405760332134,0.6159076297459541,0.00040824167780342477,0.0031776379742621567
239,0.002749402642108813,0.19521997061908733,0.7999749637441941,0.00041248831480645486,0.001643174679803282
240,0.0009522936056462059,0.09153412506725257,0.9062620080679348,0.00017149794117904572,0.0010800753179873307
241,0.0010442484410472669,0.12428843612018808,0.8732713749545704,0.00015945131438362573,0.0012364891698107327
242,0.0005494022807919896,0.06053604951531247,0.9380115391055001,0.0004162279628644782,0.000486781135531033
243,0.004307606356851999,0.08335981367116785,0.907677072581159,0.0024446137712770275,0.0022108936195442434
244,0.00162802828569846,0.06676893269003206,0.9290716787772499,0.0011153104909175403,0.0014160497561019369
245,0.0009069934242717416,0.04456488341713933,0.9529970681225178,0.0007346759109876479,0.0007963791250835103
246,0.003032225456273135,0.06017491603613075,0.9302018544208206,0.00291564873585524,0.003675355350920433
247,0.0007640639857239796,0.020969885380642716,0.9707104621436982,0.005304135815865927,0.002251452674069198
248,0.008675203570945977,0.04764616446385843,0.936847925900945,0.00293073624860156,0.003899969815649266
249,0.001614905154730411,0.03994844350100668,0.9547230392708156,0.0009597009321710465,0.0027539111412762333
250,0.000637088694827593,0.013810722127141227,0.9821714964876501,0.0007713382197853739,0.0026093544705956965
251,0.00044584775712661946,0.00746596330562651,0.9895017192503697,0.0006111497543446924,0.001975319932532515
252,0.00013683879931106912,0.008846424999707824,0.9904215838011681,3.55331492255323e-05,0.0005596192505875372
253,9.215918979660777e-05,0.0035189283145613715,0.995516986677968,8.908250530415708e-05,0.0007828433123698363
254,7.709110272603974e-05,0.005903817606533994,0.9931642740171622,2.4824178243164726e-05,0.0008299930953345787
255,6.655104765932438e-05,0.0031139044408324684,0.996172831614881,4.888810182970144e-05,0.000597824794797633
256,4.880846002862711e-05,0.002063598574979323,0.9975949710413122,2.686318606870776e-05,0.0002657587376112108
257,5.7975701103845905e-05,0.0027355240570519535,0.9967967662792335,1.6499844636608002e-05,0.00039323411797399435
258,4.663914120067366e-05,0.003840117743979196,0.9959555257179983,1.3648031116452006e-05,0.000144069365705281
259,7.207706616106807e-05,0.004455423256095077,0.9950157347533707,0.00015036053555653745,0.00030640438881674516
260,0.00013124063345780544,0.007542306693164252,0.991383181586914,0.0003575783911778121,0.000585692695285971
261,0.00017579957257412107,0.008979782835745555,0.9876733553406741,0.001933922610601572,0.0012371396404045499
262,0.00043134909423472943,0.017324575123962845,0.9781221263290374,0.002545432953693932,0.0015765164990710935
263,0.0009288643677277769,0.018198238940830475,0.9643392085150648,0.01147079327515988,0.00506289490121699
264,0.006957706136867914,0.01950243361517146,0.06708549871106578,0.00370538015453285,0.9027489813823621
265,0.08197406105405444,0.059858110456175034,0.09057994558506134,0.014396551724322837,0.7531913311803863
266,0.012719818177088414,0.03280062070333406,0.005109756648982316,0.012128746594016315,0.9372410578765787
267,0.07454167005299507,0.04396406955258363,0.0019848097939836763,0.007722313035040776,0.8717871375653968
268,0.1723532177971718,0.7109414061436659,0.008441794928979151,0.00807166964638177,0.10019191148380154
269,0.11202504341980671,0.7500534638583065,0.026786813987083987,0.014237818095141411,0.09689686063966135
270,0.08268895791016619,0.8608484434370378,0.01922707284276623,0.009703751735278007,0.02753177407475175
271,0.010212966235510115,0.9554649415238279,0.03211974122518346,0.0011912356028403442,0.0010111154126382041
272,0.0088094076082524,0.9640389377453488,0.018217364891399676,0.007453416385798867,0.0014808733692002766
273,0.01795808688397498,0.9003715336566651,0.0746837572120509,0.004703540573848751,0.0022830816734603614
274,0.0221898629725153,0.8976102429581515,0.07551057439841918,0.00243766215711257,0.0022516575138012544
275,0.011819761409071533,0.849953913152353,0.1355992256234658,0.00043386121759368267,0.0021932385975159245
276,0.03971398741134374,0.8523399339889737,0.10602297326620265,0.0010486424431302953,0.0008744628903495366
277,0.03959720455639884,0.5626656440469018,0.3878335253589637,0.0008956737399519686,0.009007952297783832
278,0.02268995477292395,0.8871724716972201,0.08345501482475504,0.004388930472535969,0.0022936282325650655
279,0.004041161031474539,0.9195341938938925,0.07426797598721246,0.001236543207847386,0.0009201258795731346
280,0.008183789381826194,0.7747937142454697,0.21404035394690019,0.001894064585657131,0.0010880778401467354
281,0.008829500536851439,0.7053930453785451,0.2834915616641507,0.0013532139325069467,0.000932678487945896
282,0.007969473946308534,0.6216072511102558,0.3688717525201974,0.0005122396407344967,0.0010392827825037516
283,0.003968355182154834,0.40541140862440395,0.5898377186218943,0.00032196277675423273,0.000460554794792714
284,0.001786739827760992,0.28676410004310204,0.7105630746513284,0.00034852188940315363,0.0005375635884054687
285,0.0016966589875328562,0.18392129694484624,0.8121387917512839,0.00038358089779573566,0.0018596714185411382
286,0.0014593867381331076,0.1098012507274148,0.887396286424864,0.00046769070977653,0.000875385399811284
287,0.0005135898787095981,0.08498972000116885,0.913202640304775,0.0005511301245632284,0.0007429196907833738
288,0.0007390655280579054,0.041441907462196656,0.9549482144217492,0.0018368716208419006,0.001033940967154491
289,0.008609241736088624,0.1360084230963557,0.7364342572351283,0.0021612656227036893,0.11678681230972371
290,0.027083114289284522,0.4054438339687998,0.5581269421575669,0.002225332696745898,0.00712077688760288
291,0.09889205215467635,0.5208994545509196,0.3474849649122109,0.0022510241780975045,0.030472504204095686
292,0.0616830983531942,0.5685863781424534,0.358711263803459,0.002425842136150624,0.008593417564742847
293,0.016740510163281565,0.8559285731405536,0.12303298950465855,0.0023974012036644798,0.0019005259878416775
294,0.021515355903923603,0.8303681674401865,0.14500899738810558,0.0014811654225268666,0.0016263138452574037
295,0.008040950078434677,0.8873045436914663,0.10100710932247367,0.002517143101210074,0.0011302538064152223
296,0.01574789388081166,0.8518389973540279,0.12925508419524187,0.0016309122933995544,0.0015271122765191435
297,0.017233356686603283,0.7162675432778229,0.26192137515614633,0.0025341576046682595,0.002043567274759242
298,0.002791094368030345,0.9061524761894132,0.08920736029283927,0.0009853249843924544,0.0008637441653249072
299,0.008689373140349782,0.7484476183480243,0.23896170376309311,0.0025567539953071047,0.0013445507532257436
300,0.004476253102314853,0.552411223541112,0.44153833596538533,0.0007254607765432172,0.0008487266146445301
301,0.003988816581615182,0.7500876973587923,0.24399136048690687,0.0012599133683715486,0.0006722122043139093
302,0.0017985696796746279,0.6057247950849846,0.3917454047303913,0.00036893856089718354,0.0003622919440522448
303,0.004532368084826107,0.6855134763006253,0.3088488579453487,0.0004606856365211007,0.0006446120326787853
304,0.001799301183496207,0.4529228779952056,0.5442563359243703,0.00047490479888281386,0.0005465800980451277
305,0.0016673291415285787,0.25167613945227824,0.7461516406048676,0.0001751619699479086,0.0003297288313775774
306,0.0008369511882951423,0.15907728256865497,0.8396395305732941,0.00015324874355044862,0.00029298692620515306
307,0.000673202072631293,0.11095111502539298,0.8877112747634914,0.000183102967020057,0.00048130517146433076
308,0.00012456910609264928,0.047113774210174694,0.9524638460713702,5.8172309431029124e-05,0.00023963830293148805
309,0.00024856055885959856,0.02368885936785041,0.9755200902205566,0.00017446674078433697,0.0003680231119491478
310,0.0006032698578916127,0.022984841420147485,0.9753971016536948,0.0003755076400453376,0.000639279428220937
311,0.00010616679706165629,0.01780146390530259,0.9814885855371953,0.0003245424016155571,0.0002792413588249012
312,8.19163507297862e-05,0.008985797290310597,0.9905068944288765,0.00022212145509068482,0.00020327047499233095
313,0.0001437658039120951,0.006970169428652123,0.9919323559611114,0.0005262959267814404,0.0004274128795430656
314,4.675332395007017e-05,0.0031443675776013816,0.99669633075257,3.0763387734638725e-05,8.178495814394702e-05
315,0.0003021714208858108,0.006770879918479251,0.9921065841236038,0.00035226602868581236,0.00046809850834542453
316,8.712781581244739e-05,0.004024484634967582,0.9955411128780407,8.40454766866234e-05,0.00026322919449276144
317,5.5263545032768235e-05,0.0032970733705705354,0.9963617703291432,8.404025548421504e-05,0.0002018524997691571
318,6.921255261101824e-05,0.0032626098053039148,0.9963625018145167,0.0001072977126601556,0.00019837811490826046
319,4.0847100961732535e-05,0.002728849694345838,0.997033895727951,6.349547977091241e-05,0.0001329119969705333
320,6.53916017917091e-05,0.00480558895608615,0.9947812917932415,0.00011755680772212634,0.00023017084115874097
321,0.00014513638871830142,0.007873355227395734,0.9916054671419481,0.0001497625354688423,0.00022627870646932196
322,0.00011792588200356634,0.007027896335737591,0.9924958681225137,0.0001658103377405745,0.00019249932200441177
323,7.656885015658494e-05,0.0047261303606294675,0.9946867173386121,0.00027231251378004344,0.0002382709368216573
324,3.124879644033303e-05,0.004068200088390964,0.9957482556565846,4.596649776872238e-05,0.00010632896081534024
325,9.867680512229264e-05,0.008534221548150582,0.9910930531022661,9.086813520785052e-05,0.00018318040925301848
326,4.0756228121548074e-05,0.003530055967917129,0.9962842608080092,3.609114175222899e-05,0.00010883585419989942
327,0.00015313932516945142,0.005650202371329594,0.9938536707168996,0.00014627698994089017,0.0001967105966606061
328,4.5182793430029294e-05,0.0032707152006066892,0.9964385211179478,0.0001156339301875816,0.00012994695782782325
329,3.1717033755158995e-05,0.0029808145063232433,0.9968480063993325,3.6406376951952464e-05,0.00010305568363725776
330,4.732416842602872e-05,0.003777057329982733,0.9958353362233511,0.0001278649179476328,0.000212417360292282
331,9.088094919615176e-05,0.006115756184699424,0.9934380135811959,0.00010021233129252345,0.0002551369536159152
332,8.392934950179865e-05,0.003469799872949279,0.99617363013632,8.627971909427076e-05,0.0001863609221345182
333,0.00016952774137355157,0.009058588858979482,0.9903397868148852,0.0001321346991421368,0.0002999618856195565
334,7.025747254439495e-05,0.005132756219044954,0.9944813971873788,8.325320157600655e-05,0.00023233591945584476
335,8.729095952344998e-05,0.005948638300251,0.9936883747293469,5.329350884086146e-05,0.0002224025020376282
336,4.413471968242391e-05,0.002268535090651416,0.9974139996786001,5.671273471324462e-05,0.00021661777635270757
337,0.00035329396058685455,0.013376161366403964,0.9855806868196495,0.0002498296802590979,0.00044002817310050563
338,4.011040760869493e-05,0.002761396208892921,0.9970312631668447,3.0499882963558114e-05,0.00013673033369023763
339,0.00010670539568429948,0.005222838614691561,0.9942290512128841,9.972380396068207e-05,0.0003416809727793166
340,0.00013276349335067307,0.004455918303838715,0.9948572742169216,0.00017406250250175643,0.00037998148338717815
341,3.922238401910151e-05,0.0016286218364046222,0.9981134209106114,3.2972992458507116e-05,0.00018576187650638746
342,5.2482092624915276e-05,0.002651122421802747,0.9969107771753349,5.358900788838035e-05,0.0003320293023488246
343,8.946204535307032e-05,0.00473747187709415,0.9947287272932452,3.967415339750975e-05,0.0004046646309101509
344,7.568265910046263e-05,0.004423779344999525,0.9951983346007526,3.9818295729542495e-05,0.0002623850994178822
345,7.529198580758828e-05,0.0029366778684706686,0.9967147357438815,4.848407466062026e-05,0.00022481032717962585
346,0.00015979044672954925,0.005684166933930452,0.9928062567804133,0.0005487263492620408,0.0008010594896644441
347,0.0004235672322834492,0.006853646701969996,0.9909766249952344,0.0005698023310416708,0.0011763587394705496
348,0.0005281391896718507,0.014087818351125403,0.9834186505544729,0.0006586134500259914,0.0013067784547038065
349,0.0032540866890787843,0.09293288418660256,0.8857737666202417,0.0013331758618636551,0.016706086642213295
350,0.018616652276114948,0.01975193335427011,0.023976521010281537,0.0011043794720315533,0.9365505138873018
351,0.1915638739385451,0.7141296682983953,0.04689923833788691,0.002291542285307154,0.04511567713986543
352,0.06617555883173393,0.5693752556120657,0.3460551801490076,0.00014447857228311656,0.01824952683490975
353,0.0748578237693359,0.882625359501647,0.023191963514004998,0.000771736160816674,0.018553117054195243
354,0.07663380351718352,0.7981198292453069,0.09576849014877785,0.0016764215577519303,0.02780145553097961
355,0.04279571465719141,0.8173656714619465,0.13048649348025082,0.002245606382957233,0.007106514017654198
356,0.056314773387089005,0.9057932182342623,0.02340833140041892,0.0016492139310248922,0.012834463047205008
357,0.022469519074776866,0.8673076010355487,0.10839925904317102,0.0007283561859673098,0.0010952646605362493
358,0.038316675775840976,0.8533238350257112,0.1060204609129826,0.0008066860310597245,0.0015323422544054014
359,0.048179411996527394,0.7940650172264583,0.1550708555983349,0.0014439196838450339,0.0012407954948343092
360,0.05980754540175578,0.8808930272009987,0.03691425071783672,0.017455742343663417,0.0049294343357454305
361,0.0053559868939727934,0.97893559659498,0.013336891210682083,0.0018135712992751326,0.0005579540010899525
362,0.02412300841878302,0.8446542281289375,0.12541721089689764,0.002014730130345875,0.0037908224250359827
363,0.10729567809085193,0.7893139363278457,0.0976892366444113,0.00455616853879996,0.0011449803980911467
364,0.01788931128097915,0.8368401568495543,0.1405311847258671,0.003157330505747553,0.0015820166378521384
365,0.01659245955810407,0.6489015701222697,0.31342050740266625,0.02021762697514107,0.0008678359418190603
366,0.004579388584423321,0.5097319007519377,0.4644323571751673,0.01982796494765928,0.0014283885408124075
367,0.021939489088107486,0.7953819580142013,0.09159564128116035,0.08525275976132608,0.005830151855204823
368,0.075236496466203,0.7636216697513057,0.0029769161089356184,0.1490118885852801,0.009153029088275606
369,0.0673304090124512,0.8366934852848724,0.005627623778968549,0.053172909897685444,0.037175572026022445
370,0.0918981493055873,0.6257332685036961,0.017447529333321738,0.2552775742527296,0.009643478604665114
371,0.051901699088840444,0.38457425669357076,0.00514216114976467,0.547220671226674,0.011161211841150296
372,0.019873724595060777,0.12321122097047503,0.003484759913506115,0.7645798694949039,0.08885042502605428
373,0.016002541403405665,0.0457185221800837,0.0014348852112793299,0.8408045036766617,0.09603954752856964
