epoch,N1,N2,N3,R,W
0,0.0012674187187743707,0.00012933203095192588,3.871451432702907e-06,3.23768575223873e-05,0.9985670009413187
1,0.001557900023852683,0.00012267559716368703,2.7799509758671337e-06,2.6902147899300884e-05,0.9982897422801084
2,0.002053186429996474,0.000199063800278197,1.1011692531565093e-06,9.563034834695507e-05,0.9976510182521251
3,0.0031968904303817597,0.00017988209682516905,9.318561445555415e-07,7.267688831879922e-05,0.9965496187283297
4,0.003420424393954475,0.0001814272975716509,6.465783780322316e-07,0.00014614852511921287,0.9962513532049767
5,0.006290942624751774,0.00017314309046138424,4.816451118741183e-07,0.00020479939274936114,0.9933306332469256
6,0.037624639165506985,0.000980223965145649,1.975945876087286e-06,0.0011017516084787058,0.9602914093149926
7,0.0515932348158134,0.0007640214687905005,2.1723338459968453e-06,0.0008983785137213836,0.9467421928678288
8,0.17629971181670778,0.005117191293844662,1.1397789455768784e-05,0.007074243269948832,0.811497455830043
9,0.2021464324054354,0.010194972737351581,1.6460292515552638e-05,0.04183121179511655,0.7458109227695809
10,0.23427761931798885,0.030066835694780542,2.6465482637354004e-05,0.09655324996303206,0.6390758295415613
11,0.03634247961707602,0.0024123227135832573,2.985485175638079e-06,0.020885670673678147,0.940356541510487
12,0.36579031019088626,0.020413438406550348,1.879777068949699e-05,0.07719293250166638,0.5365845211302076
13,0.2786145082999291,0.01922606731992784,1.8933377776169034e-05,0.013735071388425592,0.6884054196139414
14,0.7011248874717791,0.025193553403053293,2.3305806653379307e-05,0.027891789063495372,0.24576646425501872
15,0.32467602782269145,0.20631210894754012,0.0001593258166645755,0.16537491733747076,0.30347762007563317
16,0.2608117710445531,0.29093225524956823,0.0005501100112451434,0.06987048013209057,0.377835383562543
17,0.20225462589149532,0.23187915423242497,0.00028942206137297306,0.29271662039492624,0.2728601774197805
18,0.19188065304551763,0.03484995014742278,6.78629537035101e-05,0.06642926722443288,0.7067722666289231
19,0.36604568927401104,0.233640163603373,0.00019178435228267722,0.17261381560615005,0.2275085471641831
20,0.3080111405712225,0.28014834255936083,0.0003255801565379844,0.19983935289509824,0.21167558381778057
21,0.4264686241528458,0.2640239817845387,0.0001291058116793009,0.15303177170905027,0.15634651654188592
22,0.23366757651800005,0.1439518033950063,0.00018788115746439744,0.06619974889569327,0.555992990033836
23,0.31755440915887634,0.29084189881840167,0.0003910881254857979,0.040902080376218224,0.350310523521018
24,0.42797147258899193,0.4240416814062622,0.00028106057467549694,0.025798910842562632,0.12190687458750774
25,0.3998188812383161,0.4743774915829815,0.0006550818162553692,0.01740084239776967,0.10774770296467735
26,0.45064347319392534,0.3521077970624828,0.002255040308633105,0.025680924159704594,0.16931276527525424
27,0.13312960150381725,0.6947032144299758,0.009785445092029653,0.005428308554496876,0.15695343041968038
28,0.29142266337833067,0.516934758456041,0.014567152649212739,0.006826244319565795,0.1702491811968496
29,0.2552275741674442,0.21349044835564523,0.017454238427156422,0.001250744535384553,0.5125769945143696
30,0.5108023408373055,0.34804985956694157,0.007523125755752351,0.006804254791039505,0.12682041904896107
31,0.24828827598033051,0.4812859385447729,0.015066538098439964,0.00478311328357398,0.25057613409288265
32,0.3232558267266422,0.4510533466293158,0.014560525740597264,0.002334750825062815,0.2087955500783819
33,0.17579700432880863,0.5031597707655848,0.009731857980604379,0.001429042621600505,0.30988232430340157
34,0.14563117017926064,0.04551514498425468,0.0006178156076638276,0.0002933901432038129,0.807942479085617
35,0.397666883189067,0.5595404709321099,0.0007837905292298224,0.002613865383109969,0.039394989966483315
36,0.46482454092387476,0.3105504607566933,0.00280814986502594,0.0013292729573549016,0.2204875754970512
37,0.4093878244661549,0.5145182907568205,0.007291025775588673,0.0006906801956974228,0.06811217880573862
38,0.16346501646345848,0.7604608371408924,0.026923110006132293,0.00027146850078335367,0.048879567888733315
39,0.052759406527971904,0.8326432084098152,0.023839011601192315,0.00022649258778321182,0.09053188087323749
40,0.044268641679876,0.8421444697864516,0.021308256306227187,0.0003442172297166399,0.09193441499772839
41,0.08391277451535555,0.737130713058211,0.04313443903886572,0.0004864349373928778,0.13533563845017466
42,0.03505058887548213,0.871907372667908,0.0414642647975013,0.0004190724714010426,0.05115870118770765
43,0.02449471802425816,0.7743053705784866,0.10786703409576205,0.0004694920927645826,0.09286338520872864
44,0.053496876402044334,0.8618754205293351,0.04838817673958589,0.00025692818742335344,0.03598259814161148
45,0.01911442110164496,0.7584842596188418,0.18122301022552326,0.0003241509500069499,0.0408541581039829
46,0.03061470848985869,0.8029635624078715,0.12036084982254282,0.00027274178242935325,0.04578813749729783
47,0.03233546414313824,0.8594336879681275,0.07166486491683836,0.0002946422660236469,0.03627134070587248
48,0.017773933879050338,0.6618003197449495,0.27424800125618176,0.000391523316985758,0.045786221802832504
49,0.01280097514237099,0.5838285914819729,0.35029999849821625,0.0008595132558216337,0.05221092162161828
50,0.021573296950088756,0.6509261552479357,0.2700914754328603,0.0006618371395413317,0.05674723522957403
51,0.030926848251867717,0.735887513758134,0.16703649280893584,0.0004595372941123752,0.06568960788694997
52,0.01993430680828652,0.5728105307991525,0.2525525486953658,0.0007654603587445502,0.15393715333845048
53,0.02494733450804729,0.6422540387406507,0.23621049615405293,0.0005336175690252804,0.09605451302822364
54,0.0250268417247764,0.5982498692064391,0.2758585438918613,0.0003712700314624105,0.10049347514546085
55,0.017206722701731025,0.6028988660584355,0.29703086227400777,0.000265960344971896,0.0825975886208538
56,0.045341480669746276,0.59162373833211,0.1731286557622027,0.0006586256207500524,0.18924749961519094
57,0.014961044317212043,0.6229224882247575,0.0937417577468307,0.0010591857887851178,0.26731552392241464
58,0.020425303697705417,0.6979677036399123,0.06588044614683633,0.0015303178950059747,0.2141962286205397
59,0.02476436413139236,0.5829265815254948,0.279544437522452,0.0011059475336566364,0.1116586692870042
60,0.03198400730097421,0.6424502578874145,0.2168149314717415,0.0021142821261370226,0.10663652121373277
61,0.024406838743924256,0.4352114327432048,0.33403095451795184,0.001945990968317064,0.20440478302660212
62,0.07127013471626018,0.5875475520616433,0.05956169147041199,0.016948341921481543,0.264672279830203
63,0.1557549379516131,0.07042777865856382,0.001212567258446466,0.068110514239657,0.7044942018917195
64,0.07269079882756059,0.2870819642161759,0.00878636766382046,0.004614945471692707,0.6268259238207503
65,0.2386282652046199,0.3859405353356186,0.0275340242556026,0.004695653778586168,0.3432015214255727
66,0.29577916331101267,0.37324553038024405,0.009148350430818126,0.0033092496847252004,0.31851770619319986
67,0.23131637906671873,0.37054153316545624,0.01582312851259368,0.007304165631208568,0.3750147936240227
68,0.06093606389997537,0.040371052964300026,0.00119931512776531,0.0018835548686696893,0.8956100131392896
69,0.2318548563461792,0.3099999415760637,0.0037311013471540587,0.0025582669850649684,0.45185583374553806
70,0.46288968802625463,0.20501979626574998,0.004491527932968449,0.0036241726344952113,0.3239748151405317
71,0.2447903730147478,0.03915220596529087,0.0005589899681908003,0.00407750053546543,0.7114209305163052
72,0.4757363743288846,0.19601468157593246,0.005914784861089656,0.0038086907812098633,0.3185254684528834
73,0.40851483164483515,0.2604123197723094,0.01128262024281803,0.0035142735652370074,0.31627595477480047
74,0.3118100811715355,0.2756846035125243,0.006266628645467252,0.00662152167945419,0.3996171649910188
75,0.21507526886813905,0.1954378637477572,0.0042630962352538165,0.009325641684425323,0.5758981294644246
76,0.2770252824542973,0.17594365848329638,0.0043231553326602105,0.007839923127731057,0.534867980602015
77,0.38285393714002,0.2050334712208598,0.0034403778249752085,0.023104496428234797,0.3855677173859102
78,0.442463300709217,0.3453601617042643,0.005473015115028316,0.010309172294997681,0.19639435017649276
79,0.41362426008926717,0.4119444502427519,0.023215192984320787,0.004142936997203719,0.14707315968645648
80,0.28227651913518875,0.43677672127303974,0.022454998661689565,0.008556568947380803,0.24993519198270117
81,0.38616642274373514,0.4799781887133904,0.007877274120014516,0.008128980780630839,0.11784913364222917
82,0.329426905881504,0.33599512371324547,0.009233315727957258,0.027218936122438732,0.29812571855485454
83,0.2861572743901447,0.5234264731884025,0.013313516490156413,0.005516575377398157,0.17158616055389822
84,0.32943185864165375,0.5363040246100663,0.009254564014308802,0.013833262191862292,0.11117629054210887
85,0.30732075180428226,0.5413944991214115,0.022442125526056324,0.00610982504019895,0.12273279850805105
86,0.24243149251976892,0.6833423219776034,0.00543301263051949,0.0049704198736120085,0.06382275299849628
87,0.1496550920640365,0.06513430342942775,0.0006769890514146053,0.003201330648989756,0.7813322848061314
88,0.5014476598210534,0.33790371967850286,0.004829659486450728,0.003228358985146788,0.15259060202884636
89,0.39122018794070024,0.3020238846879928,0.002754630826161043,0.0015957271262217983,0.302405569418924
90,0.3739574235328921,0.5370968865193637,0.009788673688063373,0.0017421710475195235,0.07741484521216131
91,0.26242547637163377,0.6421557446398729,0.005485601596748307,0.00294967088580658,0.0869835065059384
92,0.19219892162655844,0.7291947838734603,0.004745520479611463,0.004935232409590292,0.06892554161077948
93,0.09288166676069161,0.7837197803010041,0.011691521509969329,0.002296080625761848,0.10941095080257304
94,0.1376422938758554,0.09277452870691573,0.0008997190582055529,0.0017725955748198027,0.7669108627842035
95,0.27946367687445245,0.47710877428042725,0.004851222261483082,0.0025787780907412807,0.23599754849289586
96,0.33372591183201156,0.12706375661600391,0.0017217148005939087,0.010283129164111317,0.5272054875872793
97,0.2560574878868422,0.16660625040200353,0.0010833331465786643,0.0012576043526782072,0.5749953242118975
98,0.1584341705626033,0.020783320038979345,7.957627518184435e-05,0.0019876451769266974,0.8187152879463088
99,0.4577639449432171,0.27844970002778874,0.0009455301264611435,0.0025033331344956073,0.26033749176803733
100,0.48259238508625624,0.154057466265569,0.0003982321988810966,0.005232375128636346,0.3577195413206572
101,0.4944693401265995,0.24277945108454468,0.0006339105802332148,0.00796496573026359,0.25415233247835917
102,0.398501882026163,0.470818379225076,0.0010901576872367317,0.013163465078821724,0.1164261159827025
103,0.440395679127624,0.28359715272248587,0.0015655546574414555,0.014096667529982258,0.26034494596246643
104,0.29711728569782886,0.4772113665033834,0.005112698546792511,0.014585485633920751,0.20597316361807433
105,0.2702968813302756,0.582985430205985,0.003769181321629478,0.010557118411138868,0.132391388730971
106,0.33643487753450274,0.3560371302726333,0.005109607864367277,0.00397209224312608,0.29844629208537066
107,0.3068722389339548,0.5598594298571301,0.006335371938892756,0.005875462467238311,0.12105749680278395
108,0.3001934452199747,0.4913260378707684,0.009831130912768871,0.007220030362492009,0.19142935563399616
109,0.2973770515747153,0.3277821491403376,0.007743077916805066,0.009282607654257799,0.35781511371388436
110,0.09679604306210252,0.07416992502005887,0.002276349186213213,0.003374492051799336,0.823383190679826
111,0.4571620313553937,0.24841913657969225,0.007402824238201748,0.0093171315147489,0.2776988763119635
112,0.22272352601770493,0.46956793535795427,0.001945348352690277,0.004547158613140399,0.30121603165851024
113,0.11579633562741058,0.030603580535824862,8.961877932581209e-05,0.0037215516061099,0.8497889134513288
114,0.2728959225424211,0.06953290020456451,0.00025295093820471167,0.00954843309537092,0.6477697932194387
115,0.5672437472922388,0.1444848088975115,0.0005915366007981253,0.01440742086122372,0.27327248634822787
116,0.5329144684532237,0.26341793593520774,0.0017349143731747287,0.001921820144898206,0.20001086109349567
117,0.30346694819198616,0.26321296703884506,0.003184500470472213,0.004454807928895939,0.42568077636980045
118,0.4612563997299283,0.18432806317762054,0.002005476108666713,0.008306626547291382,0.344103434436493
119,0.30914704529509934,0.366382431289552,0.0021258803664179317,0.012951138056279439,0.30939350499265134
120,0.4542315579381917,0.2738143769124526,0.0011420245914004613,0.015762248446883457,0.2550497921110718
121,0.5161424995478897,0.4124816963638817,0.004262932794532538,0.0022742301488489916,0.06483864114484712
122,0.3983244374613012,0.4804162131886185,0.003841654836838706,0.012575100136025603,0.10484259437721606
123,0.3503277026308964,0.3684166861154763,0.001523295028017571,0.012631387627956724,0.2671009285976531
124,0.3393650442205727,0.5614854288591193,0.0044721163245512955,0.014934283373347684,0.07974312722240894
125,0.49643534123387845,0.1722461985592168,0.002610554912936232,0.011625788625276728,0.31708211666869174
126,0.22289258008302365,0.622134681070254,0.01449876514014967,0.004163283449371238,0.13631069025720144
127,0.19832050623044645,0.6059027250204516,0.008664970805827244,0.003182331553646251,0.18392946638962848
128,0.371452300614578,0.4909952033560683,0.005227294949320393,0.00441269600083224,0.127912505079201
129,0.48961782255074,0.2535528225855777,0.004251857637526951,0.012558525878599956,0.24001897134755543
130,0.4416568280559095,0.41785671486755877,0.01127124091087244,0.009215536920479373,0.11999967924518007
131,0.2992373131474778,0.4210939170130413,0.005857305444532131,0.00659915417534946,0.26721231021959935
132,0.33278233723515277,0.5021727690063672,0.01666696636374416,0.0081847284908683,0.14019319890386756
133,0.6175026709706852,0.3043785379348468,0.0019719970529335352,0.015525890917563696,0.06062090312397085
134,0.5178333668093696,0.2997679100069294,0.0021079355626083167,0.015020515042443125,0.16527027257864943
135,0.2949345607841922,0.5739013659350981,0.0018795828668898354,0.00919184886612926,0.12009264154769055
136,0.30578504385620064,0.5904158673303843,0.002859245025186372,0.013739971857366166,0.08719987193086244
137,0.3650883330715119,0.5637861820620269,0.0037301375127311532,0.012264578807891153,0.05513076854583873
138,0.27609673217366526,0.38992857447276835,0.007015076295521964,0.007267656984369281,0.31969196007367506
139,0.46428987304790514,0.2586320086214552,0.001142282275237735,0.011089192162559621,0.2648466438928423
140,0.5792417982475141,0.28002787910112104,0.001875950047538626,0.03325969059660013,0.10559468200722619
141,0.6191641328068228,0.22681097980851797,0.0009792413680196261,0.013786275542465283,0.1392593704741743
142,0.3113295926399646,0.38900853813339736,0.0033608238772070936,0.005587511603638376,0.2907135337457924
143,0.2431198436888901,0.6805586573528662,0.007521955261955822,0.0112041915210626,0.057595352175225094
144,0.20499112149914422,0.7274202860695071,0.0027835492195124353,0.007519884705404864,0.05728515850643136
145,0.22572247141635354,0.6296355182534064,0.003533834838201094,0.006560286801189475,0.1345478886908495
146,0.4554475825352846,0.3133293101926945,0.0020415629658536135,0.017477550788021733,0.21170399351814542
147,0.16624945323826404,0.7196242161073542,0.007441930129564847,0.0052297380095717525,0.10145466251524518
148,0.6226029185417938,0.1571058557158269,0.0014129304891257095,0.014391384420036553,0.20448691083321704
149,0.304516137377548,0.6220905172802552,0.009539425718799462,0.0037017193982023743,0.06015220022519486
150,0.34943971092419635,0.5866360899112368,0.011320999527575516,0.0033705078449904544,0.04923269179200072
151,0.5259810752612345,0.27984254041485085,0.003501508462369033,0.025259597842700522,0.16541527801884504
152,0.2743397398272347,0.6473637360254135,0.005933027804508761,0.01529308246429055,0.057070413878552446
153,0.3149197767724373,0.5806563398553625,0.004494312839454788,0.02440449536029623,0.07552507517244893
154,0.05912327442994951,0.13553661465209282,0.010727140636463512,0.0008758087339038527,0.7937371615475903
155,0.6133420875953296,0.21305703969705075,0.0022827597707137447,0.00965182728287038,0.16166628565403546
156,0.573973812081047,0.24277473592627924,0.0009676274358219133,0.004905611878609652,0.17737821267824225
157,0.48166619216789175,0.46811764609969714,0.004277332507183735,0.002980390831210909,0.042958438394016446
158,0.2346772323579201,0.6636279415820138,0.017841952125739025,0.005837849264236084,0.07801502467009101
159,0.3227465406218994,0.503444780429143,0.009765610370259374,0.02125000055344416,0.1427930680252542
160,0.19647877736146252,0.6983825021917661,0.017384982728823047,0.03434914279729871,0.05340459492064954
161,0.4280648025707967,0.4639512323586216,0.0031574355897717485,0.043076409940916126,0.061750119539893705
162,0.5093846052992284,0.36259830994850845,0.0012035442680164124,0.050183280052242346,0.07663026043200445
163,0.24822618120868337,0.7106871016878451,0.003119588593990472,0.021270805661090658,0.01669632284839038
164,0.23408406173982899,0.71769805355545,0.020568100007128616,0.006684727660598287,0.020965057036993986
165,0.3018263605962979,0.6263831531691194,0.016389052376485365,0.00864767619300126,0.046753757665096034
166,0.132349466758264,0.8317759271323913,0.016136143449526432,0.009686294007075207,0.010052168652743219
167,0.1510856748128474,0.8120047052829655,0.010219523728701505,0.020796374084473993,0.00589372209101146
168,0.08353849442437779,0.8722946153049034,0.02620580177756368,0.008148823448940556,0.009812265044214405
169,0.21843603930135394,0.7218119860748489,0.010486246338885867,0.010927159190360617,0.03833856909455063
170,0.03488846984292163,0.9532361734872209,0.005411060291771765,0.0017434210720674711,0.004720875306018579
171,0.1876692066758599,0.7680928339439976,0.010984082228435912,0.006943160836052552,0.026310716315654036
172,0.04393031752531319,0.9245322197302771,0.02033089866525914,0.0027209538753712862,0.00848561020377936
173,0.0732402462886716,0.9011297503534211,0.007730803216358009,0.005051232677064323,0.012847967464484819
174,0.047231943941391054,0.8958709095856295,0.04195900430521858,0.0056722490385102,0.009265893129250873
175,0.23292526047519488,0.6028736629401026,0.04173149207140303,0.008788595450447296,0.11368098906285207
176,0.19083973622303144,0.7604958095416383,0.005530656368231481,0.011534142576380363,0.03159965529071844
177,0.2126690185345861,0.7554127650144978,0.01323464006106861,0.008717618816159295,0.009965957573688107
178,0.172220378933627,0.8101357296505945,0.006848308077504151,0.004389243864837568,0.0064063394734368995
179,0.0774533813633766,0.9070645917781008,0.008010016356657169,0.002674216651095334,0.004797793850769923
180,0.01764223685617066,0.9260689591314086,0.04729037828188515,0.0007200438453249207,0.008278381885210576
181,0.16995624182515862,0.8023074601186639,0.007706968620602565,0.01060188966497477,0.009427439770600184
182,0.11218096960344837,0.8553876449212929,0.01739518785823791,0.004485497864551029,0.010550699752469703
183,0.0660384281901606,0.8771272544507922,0.04133620436451665,0.006387022723868603,0.009111090270661976
184,0.1141611723661665,0.8154390281190539,0.052684883667248016,0.0070024722716781436,0.010712443575853409
185,0.023544810911674218,0.811718652070543,0.15508931251119196,0.003674058006947179,0.005973166499643648
186,0.029474080046458073,0.7352031521353477,0.21714830315387498,0.009566683756734492,0.008607780907584649
187,0.128811773065295,0.7681145458704933,0.03487601148739915,0.05241388903320236,0.01578378054361004
188,0.36634585657708096,0.42791350392637667,0.012535976539508114,0.12495010180059471,0.06825456115643946
189,0.17748316838318068,0.6274575820103441,0.007861912493391136,0.13765693329772333,0.04954040381536081
190,0.21934314598502982,0.5751230931159492,0.009123596431020425,0.15612902346004368,0.040281141007956815
191,0.088436352572439,0.26743463048983795,0.0018371097087480214,0.6132552200339758,0.02903668719499906
192,0.06792939635118712,0.13989917605187852,0.0011134469873047136,0.7462753327079938,0.044782647901635886
193,0.0734906743568295,0.07564625724298284,0.00025649894033942815,0.7919033842949641,0.0587031851648842
194,0.02166273047201624,0.032940639565004266,0.00024052359668147807,0.8985147161674716,0.0466413901988264
195,0.008682119991169406,0.003400060915309751,2.474742325754091e-05,0.9795600434808686,0.008333028189394841
196,0.005705206632531908,0.003734110151037682,1.7609299249796875e-05,0.9842060698075603,0.006337004109620275
197,0.04320650750756461,0.010342018852359212,0.00013338056250149878,0.8241147832745953,0.12220330980297933
198,0.08263206342377674,0.04014614582071156,0.00010678017329752491,0.6586338996808647,0.21848111090134958
199,0.1235264415255003,0.011126814958753593,7.985662546245183e-05,0.7559740025848798,0.10929288430540383
200,0.052678599110146364,0.010559488633675238,3.472247272986178e-05,0.9110148577450724,0.02571233203837612
201,0.02134482272358883,0.012576869913894636,6.748178410764366e-05,0.9567816908565814,0.009229134721827585
202,0.010801169654855582,0.00875582753832686,5.732085058473629e-05,0.9661671767529375,0.01421850520329524
203,0.018226008193304475,0.002628215772939949,1.8232238176342863e-05,0.9494495177252407,0.029678026070338693
204,0.011013445150818042,0.004652633116113523,3.949378564686092e-05,0.9735509421310456,0.010743485816375823
205,0.010010436850376368,0.003986822432733624,2.4487667943924625e-05,0.9770004572029808,0.008977795845965184
206,0.013489052320771985,0.002864778279177113,3.285643333674466e-05,0.930950047708669,0.05266326525804514
207,0.014961488331134335,0.0033792749335996145,3.013103881784803e-05,0.9654198144109138,0.01620929128553446
208,0.017646237505758753,0.0224711811913257,0.00017220497170447512,0.9463081231326702,0.013402253198540853
209,0.052599680181348106,0.011403431691916863,8.68026057714392e-05,0.8515813667396208,0.0843287187813429
210,0.011245835482756044,0.002894377943186884,2.8635226876087347e-05,0.9749511158111787,0.010880035536002527
211,0.010279436038885856,0.0035993628940516166,1.851590760696801e-05,0.9671629086749162,0.018939776484539317
212,0.020594514581042483,0.00988780130061441,5.5251368967954934e-05,0.9325480564120603,0.03691437633731476
213,0.03064657757475245,0.016943949209735073,3.863812955277947e-05,0.9271511366883747,0.025219698397584884
214,0.09714058437005682,0.021311358105892075,6.978858226791764e-05,0.764324590903261,0.11715367803852207
215,0.02388133388503123,0.029534525545729648,5.1907037316617864e-05,0.9374844128627287,0.009047820669193898
216,0.02892714710091872,0.017981150553784957,3.080065135225896e-05,0.9383431074242001,0.01471779426974404
217,0.0039053531314590995,0.005662822698306775,1.5126028083945568e-05,0.9885408902063939,0.001875807935756324
218,0.004958142919790848,0.003168773291505296,7.985308640247417e-06,0.989520861770592,0.0023442367094715015
219,0.013199053789277491,0.010277592029057044,3.726172169219186e-05,0.9557260080517628,0.02076008440821056
220,0.030734518829648567,0.008588060826885575,3.420541277946058e-05,0.940823034026869,0.019820180903817413
221,0.0468699963268013,0.01104847927882948,2.3741171588201755e-05,0.638628014184989,0.30342976903779195
222,0.21091760020026534,0.007675094763526054,6.210658960162114e-06,0.37979007956157423,0.4016110148156741
223,0.431631038504091,0.010957715822067905,8.700984760350192e-06,0.2957676683730577,0.2616348763160231
224,0.5350841215745621,0.015098002131101334,1.5167991203551719e-05,0.3020840592337623,0.14771864906937066
225,0.2918516239727173,0.05937888353063819,4.1040416351336525e-05,0.6018661077223691,0.04686234435792397
226,0.14527278139525762,0.018924649725106196,2.4958268043952682e-05,0.6334749981121738,0.20230261249941836
227,0.11917692662999499,0.02057647258424464,3.321853760833348e-05,0.7907676023484221,0.0694457798997299
228,0.15989723139082937,0.02052420840535722,2.1272355155030838e-05,0.694550800378957,0.1250064874697013
229,0.06657056859603397,0.04044239006462219,3.153608235396606e-05,0.8773250470835894,0.01563045817340065
230,0.05048482950883896,0.01923438333128862,2.3463174022905744e-05,0.9081353619931738,0.022121961992675705
231,0.036165726765291784,0.017369244400804163,3.836598861114405e-05,0.9196619069909683,0.026764755854324678
232,0.04399077833982634,0.013226644026881574,2.506573576671425e-05,0.8902591118095055,0.052498400088019974
233,0.10073695574500391,0.013101168032940801,3.2753540199454406e-05,0.8552789262788063,0.03085019640304962
234,0.07988400375216335,0.021839520036454348,5.318828649781489e-05,0.8729054799740167,0.025317807950867667
235,0.09313426402973594,0.05683142905634913,5.988226856983213e-05,0.8338801807477296,0.01609424389761549
236,0.035096120140849014,0.034923468006389874,5.3993947289899046e-05,0.9215274350797623,0.008398982825708843
237,0.029707141834410547,0.024195594756380667,5.481443511340564e-05,0.9377521258622104,0.008290323111884972
238,0.031225728268368343,0.012270220635355737,2.512616609416744e-05,0.9202803748942096,0.03619855003597228
239,0.05574470692499578,0.07130629199974108,7.610090068423456e-05,0.8634217569008937,0.009451143273685075
240,0.061205592972116064,0.06166246079389989,7.195622181354026e-05,0.8685465045564057,0.008513485455764764
241,0.0643390704951641,0.027156979928922922,5.0672183363932875e-05,0.8761440373605424,0.03230924003200662
242,0.04814424097087193,0.01675791567117229,2.8705017828266848e-05,0.8802663394619383,0.054802798878189236
243,0.05696604146683433,0.03321069018809912,4.7351304437560205e-05,0.8884925465137223,0.021283370526906733
244,0.05157593889805755,0.009541674272218118,4.178353340603014e-05,0.8936142676104573,0.04522633568586113
245,0.04483387341310754,0.010733040328374023,2.3145157133919655e-05,0.9350920078829726,0.00931793321841189
246,0.03753365102305397,0.014935733733504384,3.2832901560320946e-05,0.9152828596085206,0.03221492273336075
247,0.03464231771026923,0.005512059649305276,1.7914800247716137e-05,0.9275599857493557,0.032267722090822105
248,0.050106125641055085,0.009936988528711749,3.795622950449892e-05,0.8266808378934534,0.11323809170727533
249,0.057827254069044945,0.011134131368330753,3.62874112929967e-05,0.9071142176965794,0.02388810945475194
250,0.023660538449313984,0.00967456092479247,3.61141059648824e-05,0.9380196862187289,0.028609100301199748
251,0.043545153713622844,0.010173794269239518,3.0755553582690714e-05,0.8879602467771357,0.05829004968641929
252,0.08722539884940474,0.007280099344092414,2.7431984994796212e-05,0.6656006950551245,0.23986637476638356
253,0.1453127644915541,0.007008499932979517,0.0007350748740716007,0.532974347265012,0.3139693134363827
254,0.3991950268188727,0.008775579757425966,4.326156140308631e-05,0.32554538747134826,0.26644074439094995
255,0.3266398522757962,0.044046101299760644,6.463064018192488e-05,0.5561076806798183,0.07314173510444287
256,0.3863550383256179,0.03335376735337919,5.2838092969482866e-05,0.4036055164484149,0.1766328397796185
257,0.2342310089262764,0.0650454445539792,0.00013193532131683793,0.6247146526440427,0.07587695855438495
258,0.19521879091314245,0.13868901575861753,8.352013214526775e-05,0.5973076679345386,0.06870100526155604
259,0.23683111678214075,0.17942477969325105,8.380040473969955e-05,0.5387495946717269,0.044910708448141635
260,0.21979450586452506,0.1549665742609614,0.00015422166592182052,0.5866171714422594,0.03846752676633234
261,0.4138194659992594,0.20437876239890018,0.00020919812647516206,0.24748144497072744,0.1341111285046379
262,0.3815013431660341,0.32138248980637024,0.0002706052850773728,0.2235285663851387,0.0733169953573796
263,0.3037392257053533,0.4797561185761058,0.00016278901089141742,0.19331451628369933,0.023027350423950092
264,0.5222355078489924,0.2441731104565437,0.00014625557384156346,0.21393502838837228,0.019510097732250115
265,0.10651647952034597,0.7341183740175286,0.0004393823019330388,0.1527905452559157,0.006135218904276829
266,0.13756899826636582,0.6544035818140532,0.0006535522398607293,0.1944561875792394,0.01291768010048079
267,0.09517739850129539,0.7876133283478929,0.0003802070830746514,0.10790320730396301,0.008925858763774183
268,0.20342870667968146,0.6477552515180428,0.0006958605502958611,0.13702546547657493,0.011094715775404876
269,0.4440629117896221,0.46082017064446856,0.00073491606967774,0.036137614501373434,0.05824438699485821
270,0.2682502371804214,0.6666486748209184,0.0003200087713090043,0.04512536325804173,0.01965571596930938
271,0.19985587846146652,0.7664377856228669,0.00026021257554699207,0.0210746991244492,0.01237142421567043
272,0.21674022506241178,0.7547751671863335,0.0004339865410878531,0.020272847465129633,0.007777773745037027
273,0.20988991855681782,0.7546538603866471,0.0008784002250668088,0.012061279332340689,0.02251654149912748
274,0.06811916465399556,0.9138207830676047,0.0003928519614118471,0.014795983692988058,0.0028712166239999192
275,0.1181622160170983,0.8598790521696992,0.00048333553912549646,0.015531343345574138,0.005944052928502927
276,0.3446929508166248,0.6046623034128178,0.0014885245508369904,0.030813769328629625,0.018342451891090752
277,0.18449537424798218,0.7425272273304823,0.0017406058302379351,0.04153163144542678,0.029705161145870785
278,0.2168255227633429,0.7430320216624237,0.0005485075154902306,0.029242188066557307,0.01035175999218597
279,0.26911023177457216,0.6908995081158812,0.001065484518873446,0.019987756464174337,0.018937019126498804
280,0.22640092639900233,0.736966511306828,0.001048448069769137,0.022104122395104897,0.013479991829295422
281,0.19798647392244353,0.7463120369205122,0.0008955140511630981,0.025987752163918184,0.028818222941962925
282,0.07954536408954538,0.9002741984151499,0.001064253810425101,0.013496520148110536,0.0056196635367690905
283,0.09705028688975104,0.8791730409105915,0.002331052837037293,0.011578567060625038,0.009867052301995215
284,0.1081844361501961,0.8677536246242358,0.002053976490644165,0.011363199634054202,0.010644763100869923
285,0.12058815906307271,0.8526774922385194,0.0016696017075882971,0.006386708412822057,0.01867803857799761
286,0.08322532477864066,0.9010970452846327,0.0008444115223661318,0.0036161680102270695,0.011217050404133611
287,0.2720793696442118,0.048758633165865074,0.0005056049205824914,0.0011223859175489108,0.6775340063517916
288,0.3207802041040155,0.6488477035941449,0.0016436815454531058,0.001062029593455799,0.027666381162930583
289,0.2956459238296921,0.6944205565259449,0.001108080735343404,0.0009764598378805001,0.007848979071138944
290,0.30381831684226945,0.6484312745046928,0.001390605671720831,0.0022486470372808237,0.04411115594403629
291,0.03877879647096556,0.9452234809462797,0.003787128992696947,0.0020948606783120984,0.0101157329117457
292,0.19508511608610613,0.7714900561344599,0.0037013295968660064,0.008263342510371228,0.021460155672196845
293,0.07422373399816466,0.8958217665913226,0.016533728209263288,0.006050102817419841,0.0073706683838296256
294,0.020535228415326075,0.8406630742095553,0.12739311578326387,0.0016598575091082656,0.00974872408274648
295,0.0217217904651177,0.9442228470679898,0.02660192787182418,0.002744338987161669,0.0047090956079067865
296,0.07979522224966476,0.8328467513022312,0.05810830091292541,0.011122096334294023,0.01812762920088462
297,0.018441603253813287,0.9234903539551728,0.048143636886457696,0.004059775567002928,0.00586463033755339
298,0.07557171478932764,0.8745220200104279,0.031762658609411965,0.006956831438339845,0.011186775152492754
299,0.009695631082632253,0.9283004732239417,0.05624274034723944,0.002269637975102045,0.0034915173710846625
300,0.01083227281311807,0.8138125864984006,0.16572810821771852,0.0013540349978006492,0.0082729974729621
301,0.03310436905541259,0.9042134946307188,0.0483278342492823,0.0034014956495634777,0.010952806415022788
302,0.004305225493092793,0.594187896197665,0.3949676062523304,0.0009771620930239886,0.005562109963887909
303,0.014432810414439546,0.6619628394771961,0.3086928897705736,0.002242315624515277,0.012669144713275536
304,0.011249761827390145,0.6468175539155818,0.32381737046084935,0.0017298088132576943,0.01638550498292098
305,0.014295323129663931,0.657756846923721,0.30486126074087244,0.002802539420423349,0.020284029785319256
306,0.010866750662415759,0.6322946287616094,0.3447784476063504,0.0020328749772825574,0.010027297992341835
307,0.014438699906669322,0.8985006243853756,0.07373493935504029,0.004394321562192183,0.008931414790722793
308,0.0043834392064599215,0.6091057022008874,0.3774447262307826,0.000922917607752605,0.008143214754117415
309,0.004532995785195909,0.30939540908783114,0.677479292533729,0.0006094155082918003,0.007982887084952131
310,0.01200026274846331,0.35573237978227157,0.6237669293256869,0.0009757241488901133,0.007524703994688234
311,0.0040998332238544955,0.295700471863293,0.692244758714272,0.0005635156652769426,0.0073914205333034345
312,0.0034143875630342803,0.3270166464170644,0.6574088549246927,0.0006147790797813341,0.011545332015427217
313,0.009077642430527848,0.5268921307905096,0.44997777968330954,0.0014608814753182848,0.012591565620334788
314,0.034055935020035163,0.7519565590616244,0.19350527913993784,0.0013204784609762619,0.019161748317426373
315,0.02687277095244645,0.4172829888545036,0.5444469946851888,0.0012551296795194533,0.01014211582834169
316,0.016271948371733506,0.5195541987795735,0.45120813309867264,0.0009886639866418046,0.01197705576337839
317,0.005977440983648842,0.18933305658042876,0.7978528431011549,0.0004542666472659507,0.006382392687501495
318,0.02284822426771028,0.47684976455261885,0.48507422415869395,0.0014140330212862116,0.013813753999690691
319,0.0022266851833108747,0.22814953956556852,0.7652885700613553,0.000274730711961614,0.004060474477803764
320,0.0051971492678359495,0.31589001316452825,0.6676069415217748,0.0009924901637977412,0.010313405882063247
321,0.003797512462273232,0.45067854844979355,0.5394818019832517,0.0006230610187258134,0.005419076085955762
322,0.005898454744128971,0.24873350460673826,0.7337136149223532,0.0008809596912706853,0.01077346603550891
323,0.0020393816890859878,0.2032468130175373,0.7899294353438345,0.00046233928897608956,0.004322030660566116
324,0.02050076069296346,0.4805527358335613,0.47251667961205296,0.0015745710047531045,0.02485525285666924
325,0.007453420572206736,0.3592460123650567,0.6253660658081293,0.0007262549465553965,0.007208246308052017
326,0.004117189684232909,0.2144124477486213,0.7761516815123423,0.0005479905472836686,0.004770690507519793
327,0.01156414041004207,0.512387616522317,0.462571238704565,0.0014786396741065084,0.011998364688969325
328,0.00183078475122958,0.27305023905441406,0.7184533119146709,0.0004570877585372486,0.006208576521148267
329,0.0024651910762444143,0.35584000614471406,0.6346542908158818,0.00047780025285860353,0.006562711710301284
330,0.005117367369550891,0.4240035188070264,0.5636316115007839,0.000696264691289227,0.006551237631349526
331,0.0006036964641710573,0.1264564678876566,0.8704522984599553,0.00020065148000652575,0.002286885708210373
332,0.001651456368299071,0.24539252523400376,0.7490571290099886,0.00033538565292802144,0.003563503734780458
333,0.0028371799495454804,0.4308775650976585,0.5600419670619073,0.00044277124881114135,0.005800516642077367
334,0.007173791526950408,0.31766756136093177,0.6662588501541385,0.0010727936776219527,0.007827003280357405
335,0.0022976544918603373,0.27089070837145274,0.7219794405857584,0.00036636392863169647,0.004465832622297052
336,0.007953064678519512,0.5954349873203868,0.3868808556796997,0.0006537870313483246,0.009077305290045613
337,0.004416369249258758,0.4500495509321044,0.5353717984644548,0.0003400990628412615,0.009822182291340806
338,0.0006716252560492127,0.09901525770165813,0.8978740514652007,0.00018094191132224884,0.0022581236657697474
339,0.0010147262946618276,0.19390847788209412,0.8029578947608667,0.00026735646291662897,0.0018515445994609042
340,0.002431376731255115,0.24702122395830245,0.7475215495448296,0.0003865224562553276,0.002639327309357532
341,0.0011132384911286333,0.17484324628022027,0.8206580125034585,0.00042903200146021794,0.0029564707237324413
342,0.002464495552549427,0.21026415068799825,0.7737059744231829,0.0004888823646576959,0.013076496971611746
343,0.002595697698456064,0.40905046304207904,0.5816805470351087,0.00034132696259894324,0.006331965261757079
344,0.015651254857684184,0.6311060503747543,0.3431971657851454,0.0010762804725801417,0.008969248509836021
345,0.005030801132272578,0.25388705611218826,0.731433932358974,0.0004045028777139766,0.009243707518851185
346,0.0032392430241072316,0.2535027900586397,0.7361724499745486,0.0003786477025009339,0.006706869240203464
347,0.001042782356941895,0.19846964688166005,0.797010661228591,0.00023752358334901507,0.003239385949458007
348,0.0017151188546767704,0.2474276032572045,0.7461029147640514,0.0002747300330925351,0.004479633090974884
349,0.0026194937025948496,0.5033162293048303,0.4896195988706307,0.00034275669650799136,0.00410192142543623
350,0.001080053831353814,0.1834844171534067,0.8126309104029027,0.0002223849109348147,0.00258223370140204
351,0.0011698813415997253,0.1801263378056644,0.8140677664254025,0.0003061823527312583,0.0043298320746021236
352,0.0008223878798517968,0.18154323278403314,0.8136363184541546,0.0002368205854249562,0.0037612402965353465
353,0.002174326936085457,0.6247834863946573,0.3688674528482737,0.00042315702844713187,0.003751576792536317
354,0.0018023095513264263,0.39216308258894683,0.6026334074473302,0.0003167597854742845,0.003084440626922192
355,0.004828735566631013,0.5723269509803847,0.4161189306924536,0.0005738623523577083,0.0061515204081731365
356,0.009056433725345685,0.44851820665131176,0.5283799526172227,0.0008514161358530834,0.013193990870266783
357,0.006755799761486266,0.5124516274493566,0.47546516528404187,0.0004571836635094085,0.004870223841605911
358,0.00333234232201332,0.33862845552815585,0.6525487647172284,0.00031772950807668456,0.0051727079245256795
359,0.011275062202826685,0.5529211298829219,0.42026115615043236,0.0008692082709565987,0.014673443492862445
360,0.001295226833037976,0.22837965982092737,0.760834212410511,0.00028432602028905397,0.009206574915234616
361,0.00905650721174228,0.6261670585064821,0.35265168466960767,0.0008843511034905437,0.011240398508677555
362,0.0011121007787735105,0.24546601260862846,0.7503427377619487,0.00022367662147148077,0.002855472229177833
363,0.0019334237586932468,0.4228598746852904,0.5705419783584387,0.0004306894553302579,0.0042340337422474734
364,0.016268417184114724,0.7503492151693825,0.22092161249875608,0.0016204873654879933,0.010840267782258651
365,0.008571700114676489,0.6219530951902427,0.3580595433395822,0.001241170759912618,0.010174490595586103
366,0.007019416908320088,0.5642365613024057,0.41673834158695866,0.0016222251726417426,0.010383455029673892
367,0.0036500902088772726,0.29434820406179124,0.6949028486729786,0.001956619157184735,0.005142237899168089
368,0.007862170619080152,0.5272711573339096,0.4489064304075169,0.005287398264687036,0.010672843374806356
369,0.01530543495110822,0.6329740608367338,0.33201819215171746,0.008401206400343619,0.011301105660096955
370,0.09675837205746228,0.5289820250838699,0.019406369262613177,0.018871321904603184,0.3359819116914513
371,0.23243577452730008,0.6372490765175166,0.013891272965385901,0.08456730353098675,0.03185657245881066
372,0.1309602152853758,0.8087563732238734,0.02218655583566718,0.020181853357557695,0.01791500229752593
373,0.2639469378465939,0.6716894185941141,0.013422887853503722,0.01227805268031028,0.03866270302547797
374,0.07208394525771869,0.8556841312962833,0.03986775582471115,0.022649996371416157,0.009714171249870748
375,0.05394351113002114,0.8181687989369212,0.0869492433437447,0.025591888556300273,0.01534655803301269
376,0.1797400974680632,0.7226385351608227,0.009357335451675447,0.06391063205223134,0.024353399867207363
377,0.06592688093673894,0.872209215001475,0.034092748888335196,0.016394713649179105,0.011376441524271782
378,0.041552781704465164,0.8862178704736924,0.046818347140627735,0.017543778819621703,0.007867221861592966
