epoch,N1,N2,N3,R,W
0,0.003280164882433894,0.0014655649246403258,3.4483152268864916e-06,0.0013545230864405594,0.9938962987912584
1,0.005313117833986485,0.0011723572523245306,3.45508570848379e-06,0.0006855874799356982,0.9928254823480448
2,0.0016639075992697545,0.0011366848824979462,4.119813963335762e-06,0.000713431192589688,0.9964818565116792
3,0.01617035594073931,0.0012234053356416086,3.3167506965045445e-06,0.000912095391711973,0.9816908265812107
4,0.005815066574979682,0.0011620698670163992,1.9949617843281683e-06,0.0005564873343535065,0.9924643812618661
5,0.02426849125365666,0.002176538939972869,6.2319894002962365e-06,0.0011855855674702974,0.9723631522494999
6,0.17390590744123915,0.010437538709308131,2.4233249100254346e-05,0.005964947078526849,0.8096673735218256
7,0.14198414062513903,0.06605590903514527,0.00010120725785961843,0.011303811345298717,0.7805549317365573
8,0.06382565612721867,0.013412315410133423,1.0393656105641785e-05,0.004633650307616908,0.9181179844989253
9,0.08358525267371796,0.01696238608452025,2.2566087412231327e-05,0.006431041465338838,0.8929987536890107
10,0.0025625823725578846,0.0010754637694299852,1.606989667260723e-05,0.00014167290363097728,0.9962042110577086
11,0.0150138421454463,0.039395249680636346,0.0004438410049299199,0.002342830854278193,0.9428042363147092
12,0.008453261612937508,0.010126582493471101,2.9515920535018455e-05,0.004821133240167409,0.976569506732889
13,0.0009729912991695276,0.00013351586717040356,0.0014388245892042225,0.0006440847739198184,0.996810583470536
14,0.06284219409865999,0.0028531274748182494,3.519328308374774e-06,0.027195006591696363,0.9071061525065172
15,0.009052278203976938,0.0013374321106467346,1.5013852398962646e-05,0.0026866091969070492,0.9869086666360702
16,0.05161476645767312,0.008779194275493035,0.00047828319421444555,0.005398657487764001,0.9337290985848553
17,0.10176516493558525,0.010398441385324565,6.888813364865897e-06,0.01607460271915229,0.871754902146573
18,0.02754520952015304,0.0036532762518551973,4.447695229525088e-05,0.006308375036883107,0.9624486622388134
19,0.011378212475663299,0.0034489764225249264,7.761953861936763e-05,0.006394758038517377,0.9787004335246751
20,0.1107890408959554,0.00779760765748586,1.981443722049298e-05,0.05736627741002315,0.8240272595993151
21,0.22813215993054448,0.03826184756062571,0.00010494048602250201,0.04517991849882927,0.6883211335239781
22,0.15061584746935544,0.12297669228476253,0.0005521415822159115,0.01054080625117569,0.7153145124124904
23,0.23274342802418885,0.29370227132247084,0.00019263708049937106,0.037731176749393615,0.4356304868234473
24,0.28752551061667303,0.4356139019183139,0.0006025556806966846,0.04866634366418224,0.2275916881201341
25,0.12091693781240985,0.17239964775563899,0.00024823114247970877,0.012953856449048949,0.6934813268404226
26,0.2164867597437007,0.6002034790195837,0.0003442576739699346,0.016603170456198572,0.16636233310654697
27,0.03984926537884293,0.837979397137789,0.002115841839467595,0.0029989184555351727,0.11705657718836521
28,0.10682660680371435,0.714460013447212,0.0013990849817388492,0.019201261412052095,0.1581130333552828
29,0.07639812377965205,0.8722078783931769,0.004025512341223023,0.010324661374796942,0.037043824111151154
30,0.11653839878789264,0.7831879117603588,0.0015672845583412996,0.03443942238149548,0.06426698251191176
31,0.04892110970007185,0.9155552014318945,0.0017733731111671325,0.008308240467831025,0.025442075289035457
32,0.08066742626788609,0.8705212480050244,0.004282112792298664,0.0038030854761742397,0.04072612745861653
33,0.028729153746201788,0.9574900457655579,0.0074212336795742165,0.0021024012188898197,0.004257165589776401
34,0.0285379230213329,0.9210719334574069,0.04151251511926289,0.0027795862788639624,0.006098042123133187
35,0.012356187099775894,0.9788357402125474,0.0020490610230037777,0.0015279752735712132,0.005231036391101798
36,0.02015858770694605,0.9339659620958369,0.038851327209669176,0.001830715229861614,0.005193407757686329
37,0.0184797370667995,0.9664707062698112,0.007540850706218329,0.002978158356744402,0.004530547600426348
38,0.014525777671127579,0.9148305547514697,0.06448212269848595,0.0012758355074101045,0.004885709371506664
39,0.02613738846688058,0.8597318245134968,0.1052106870137276,0.001659296110863238,0.007260803895031708
40,0.007936605823684507,0.8784329460725815,0.11047738948454397,0.00046845412971145293,0.002684604489478549
41,0.0031437229323180473,0.6715913970283133,0.3229312250002404,0.0002840934961571426,0.0020495615429711894
42,0.005996523566434648,0.787666134130032,0.20266732994720785,0.0009819849878638827,0.002688027368461559
43,0.003798394519767807,0.7301708784331417,0.2611566374240564,0.00043292285232419963,0.004441166770709961
44,0.0053138961875682416,0.7267294786419223,0.2640885059768662,0.000807354167801406,0.003060765025842026
45,0.0053118883789580506,0.5944697704236633,0.39661950260868356,0.00041073214625369483,0.0031881064424414893
46,0.009906324449042441,0.770464619559344,0.2136461193225847,0.0009625193343061977,0.005020417334722383
47,0.005408074438491542,0.6410228943260795,0.3493040628923058,0.0008486798565654097,0.0034162884865576457
48,0.022935256751226506,0.3761860069350752,0.5983503644291922,0.0006885642317501916,0.0018398076527559016
49,0.014418570957213387,0.3655639389514922,0.618017780739242,0.0002703713432693047,0.0017293380087830853
50,0.0064137132799958205,0.2634548295205978,0.7280814871256954,0.00034514325805368396,0.001704826815657195
51,0.013571046413815702,0.4609692334843157,0.5198107496702323,0.000606280590767176,0.005042689840869162
52,0.007207389001604965,0.23811956078717178,0.7528480868458028,0.00019398869577770393,0.001630974669642775
53,0.00915354287259788,0.2001587843114327,0.788505581286258,0.00022343361755397165,0.0019586579121575027
54,0.008526027011721535,0.24004782571695782,0.7498617307832337,0.0002731090026726496,0.0012913074854142151
55,0.0044272905367159976,0.32570241400063943,0.6677330579647026,0.00023896134549105551,0.001898276152450908
56,0.0060061141385040935,0.29869715248898016,0.6935633209076745,0.000202411796310389,0.0015310006685307809
57,0.0031835282894737186,0.2441313165465486,0.7514774418686775,6.542465723914412e-05,0.0011422886380608747
58,0.0027328164573722996,0.19998790254426557,0.7961847860952671,6.495923614339851e-05,0.0010295356669517257
59,0.005212921255629279,0.18054616244463076,0.8130905691993712,7.336845198388568e-05,0.0010769786483848182
60,0.0031616134267968984,0.17107083923319774,0.8242535845853692,6.388008410731853e-05,0.0014500826705288606
61,0.0037293855909421004,0.16486671697933808,0.8300153514312435,6.233320692621848e-05,0.0013262127915500675
62,0.007122207976764756,0.20810257305964078,0.782356460748678,8.874688750084652e-05,0.0023300113274155295
63,0.0033220448516077415,0.21612614378962583,0.7791555717317731,0.00011179024216341387,0.001284449384829827
64,0.007669991649961437,0.20917824866765145,0.7797185638106799,0.00010559406679266967,0.0033276018049144362
65,0.0023787496360858293,0.14245130604936446,0.8538256252328864,0.0002051234578992113,0.001139195623764017
66,0.006814003388093195,0.18653668304957738,0.8039867631864961,0.00012812848757231198,0.0025344218882610054
67,0.006884588023172177,0.21311710183832866,0.7779431081300306,0.00010930403150618718,0.0019458979769621605
68,0.004682082756540971,0.2162185963548083,0.7770722540617216,0.00013014598051945295,0.0018969208464097143
69,0.003569962440495219,0.14985257558659965,0.8450548145774969,0.00013013114023494444,0.00139251625517343
70,0.0030162465531009823,0.10961370691548675,0.8858154096604085,7.831928359843087e-05,0.0014763175874052278
71,0.0063325184950633155,0.12622820273465107,0.8658681130580027,0.00011954507724779027,0.0014516206350352976
72,0.00824592228492442,0.05257447806492118,0.9362709813133492,0.00010978636115271642,0.0027988319756526406
73,0.0021611757630651844,0.08140982951592524,0.9139719687987199,5.186548801542086e-05,0.002405160434274523
74,0.003794149888285452,0.12378304996106865,0.8703105624415695,0.00010469980462527562,0.0020075379044509688
75,0.007394776813834042,0.1452181995140859,0.8444580957840391,0.00015102581610364115,0.0027779020719374617
76,0.0009829008999871385,0.1119513959406059,0.8856887863872019,3.900723162805861e-05,0.0013379095405769517
77,0.003362444234255684,0.16783183078258881,0.8247904106626394,8.356996331839242e-05,0.003931744357197753
78,0.002226374972169108,0.1132635618974076,0.8827289370462257,9.849021109975617e-05,0.0016826358730979761
79,0.0067163705681895286,0.15207074031080559,0.8360881012870142,0.00021514131568991647,0.004909646518300941
80,0.0023621671222115474,0.09755661071757761,0.8984337751904916,0.00019170741805154805,0.0014557395516678379
81,0.010831442182928438,0.13026325407295256,0.8565420341613873,0.000252130631665487,0.00211113895106624
82,0.0041666866622827115,0.10352816393480566,0.8911066373366174,0.0001388359526410561,0.001059676113653064
83,0.0011673876213262905,0.07151023954822439,0.9267171447280006,4.6925193444870815e-05,0.0005583029090038252
84,0.0025633562241439436,0.07761793238036221,0.9187781889884649,0.00016461025755992357,0.0008759121494690393
85,0.0038128214865338827,0.05663312269116366,0.9384790152337619,6.119646888477133e-05,0.0010138441196558348
86,0.0016235481819142131,0.03387723428241111,0.9635285390522946,4.3416634282348655e-05,0.0009272618490978023
87,0.012538494406742045,0.11873153642029005,0.866260136825325,0.00023543931602807512,0.002234393031614833
88,0.0028958210005399754,0.10112704689622161,0.8946019441312535,7.958646676389417e-05,0.001295601505220925
89,0.015214635545835575,0.18824162111873974,0.7914300415666929,0.0004544624465123657,0.004659239322219442
90,0.004059349445869216,0.10020046807054879,0.894370745211688,0.00021807949770715903,0.0011513577741867136
91,0.0019404941174226522,0.035283233813000185,0.9617595171878536,5.8016101076887706e-05,0.0009587387806469555
92,0.005502613841617271,0.12686246552049896,0.8641521507847475,0.0001903968303606423,0.0032923730227756545
93,0.0043557398934421275,0.06897239074270999,0.9231463094457927,0.00018235934829720157,0.0033432005697579307
94,0.013440725373321473,0.16116133174962088,0.820956576268407,0.00020618064395687598,0.004235185964693899
95,0.007464536253278973,0.11033366743030583,0.8716950641148515,0.0002594066157867685,0.01024732558577691
96,0.018061527151032302,0.20765432523980726,0.7563026170529901,0.005384647246041567,0.012596883310128917
97,0.013531408463081658,0.1984819745660024,0.7625444705158476,0.004216407536508283,0.021225738918560007
98,0.013505817958092947,0.14424585207969884,0.8016862915724594,0.005775327436125913,0.03478671095362292
99,0.13188897181466175,0.12743286610165266,0.03398312307815546,0.01333739535904718,0.6933576436464829
100,0.1876673511635179,0.3256813781814517,0.0063452363946515985,0.04950270944747547,0.43080332481290334
101,0.24746056555818546,0.2184687323127339,0.0022759874780327945,0.08933361384444805,0.4424611008065998
102,0.07228335738091485,0.023389433082267024,0.0004421481284860831,0.002789146372034197,0.9010959150362978
103,0.49288705327443755,0.24519569590322535,0.0009548834344865948,0.014455626549917609,0.24650674083793297
104,0.3685418056952236,0.1363818115380021,0.0006144925772917963,0.02062460093147385,0.4738372892580086
105,0.5435861731489666,0.21275183573356082,0.0007819522535850991,0.009331904841411448,0.2335481340224761
106,0.12374580952016052,0.7710652445439549,0.021526346035147616,0.0386050963027506,0.04505750359798629
107,0.21934486621064606,0.447180680107201,0.0026718034332319676,0.04244326519027836,0.2883593850586427
108,0.085526803731505,0.7936614630766645,0.010977424306962073,0.01971834727194326,0.09011596161292502
109,0.21297330560222189,0.4523259978680792,0.005609287087558034,0.009878546230779408,0.3192128632113615
110,0.07054112571746693,0.8505769005311472,0.003312728561251796,0.005900128295547264,0.06966911689458673
111,0.1757683998631524,0.6767816934310992,0.004623624565116448,0.027838832183112127,0.11498744995751987
112,0.04639845391818753,0.907237296392911,0.013373757712749583,0.0057092082368342895,0.027281283739317562
113,0.09479820752912856,0.8002863052556985,0.026977923059071162,0.02435962395087138,0.053577940205230504
114,0.0287410579411371,0.8830503703619206,0.07183325818952535,0.009239891650215359,0.00713542185720152
115,0.19662875065015079,0.5654148822049263,0.00832720837748441,0.024477805511063454,0.20515135325637487
116,0.07621896708709276,0.8695971934091794,0.008675284934042932,0.01650198834011694,0.029006566229567765
117,0.15684267913837144,0.2578248756132406,0.0017324974982818972,0.00992207981180233,0.5736778679383038
118,0.36501377247846317,0.49805829094492016,0.0043484772740769945,0.005124021276857324,0.12745543802568227
119,0.17747213552304705,0.5733703048911768,0.004815509986370931,0.004463702629882486,0.2398783469695227
120,0.3201306744251382,0.5912052567822376,0.008415914360717945,0.009805981329283231,0.07044217310262316
121,0.17251702067849758,0.6680292928341627,0.004798899516752135,0.1033903925265073,0.05126439444408033
122,0.16532286547480102,0.3709589342611839,0.002454784498658702,0.03167980059833128,0.4295836151670251
123,0.2060088215027047,0.22975151492074988,0.0017219060400420817,0.025674956680261412,0.5368428008562419
124,0.2783906445151129,0.6076899696048503,0.012219871411159069,0.014640351525146447,0.08705916294373117
125,0.2785607260517338,0.4245393972582972,0.011421278354219615,0.009169104879207256,0.27630949345654215
126,0.2770410850781194,0.48342834260671047,0.015210009056036469,0.0144852343753575,0.20983532888377626
127,0.1358361985133633,0.45494816714333336,0.04268366522919029,0.014706970165719839,0.3518249989483933
128,0.27992882015496023,0.5993957393269111,0.002335286407489603,0.009671741384179564,0.10866841272645941
129,0.10345466513930278,0.8476592283874226,0.008541443496855119,0.022074539460755237,0.018270123515664285
130,0.4205022753289509,0.444463934804028,0.004260024203843537,0.015561467295316458,0.1152122983678611
131,0.2256957757068038,0.7065710882690809,0.007247709833520728,0.014520226993729601,0.04596519919686502
132,0.0628298253967558,0.8797563312328113,0.034967635687831365,0.015941970381102052,0.006504237301499472
133,0.08919342015998588,0.8566524772896505,0.010523063001930783,0.028295816108191697,0.015335223440241224
134,0.05990646123813592,0.8932058019567456,0.008038767166183264,0.014707955161057416,0.02414101447787805
135,0.0754639419310159,0.8957754238703401,0.007004857662069284,0.013608744075295009,0.00814703246127953
136,0.07977720937060342,0.859777608155633,0.03634856471015324,0.012425944115962423,0.011670673647647976
137,0.11407046825858123,0.7576399339505903,0.004982635171265981,0.07480539520421574,0.04850156741534689
138,0.019319832759119263,0.8783454557465589,0.008208306994880104,0.007290707087426013,0.08683569741201577
139,0.006012712435288144,0.0034650927755239184,0.0009933435081459642,0.0026577841441869283,0.986871067136855
140,0.005510254594268058,0.0020896847862779135,4.9972439927263735e-05,0.0021171696612956154,0.990232918518231
141,0.1675145652763074,0.021879186542629322,0.0007102862803396576,0.012561605107707602,0.7973343567930161
142,0.22989379244120492,0.07705048806954252,0.004317028429546126,0.021700948814937553,0.6670377422447689
143,0.3669591862541288,0.07870982245877904,0.0019892006399181805,0.08421424250797974,0.46812754813919427
144,0.07097713798140325,0.03942225852878287,0.000740858308688036,0.026483322853732814,0.8623764223273931
145,0.008497534993087485,0.001833166703023542,0.00024409325438844986,0.0049821526743057815,0.9844430523751947
146,0.050991141712946664,0.002800128564932038,0.00011564640705651944,0.004186485289201154,0.9419065980258636
147,0.19270204735785504,0.003176243237248219,0.00010289599722880504,0.002631128958153727,0.8013876844495141
148,0.7514844087243706,0.05149585430474036,0.00022887290484620472,0.028261050606290656,0.16852981345975224
149,0.19643761415582195,0.04777890305972133,0.0011974535731000015,0.009821196836464745,0.7447648323748921
150,0.4476496422542277,0.2759489846174632,0.0023331467069001672,0.08484896998425324,0.18921925643715565
151,0.1513491488852244,0.7389848491111336,0.04115188042329726,0.05345596167512017,0.015058159905224612
152,0.19084430744989922,0.32905910542127026,0.012639721431244456,0.4342275566549619,0.0332293090426243
153,0.03630955172543498,0.8321020317555753,0.009651611137437552,0.09691984243419054,0.025016962947361537
154,0.017853660575240078,0.8092729896204268,0.08615155366206899,0.08178658333116492,0.004935212811099351
155,0.10246830795931924,0.5217812618899824,0.004592371008317954,0.3541703486881737,0.016987710454206637
156,0.13364439883847865,0.21512110404271104,0.010002146955077748,0.5417744740634184,0.09945787610031415
157,0.3296561148164046,0.12438699815127205,0.0019727654681237056,0.21253828061384022,0.3314458409503595
158,0.14755750965539124,0.33639950026474114,0.003706449948281956,0.4378587063247699,0.07447783380681582
159,0.10312133909188159,0.4883786100587612,0.0033390721003259153,0.3651062373888765,0.04005474136015488
160,0.13313220309506357,0.06265430270436477,2.6441996332217605e-05,0.754974112388019,0.04921293981622029
161,0.07900379093250477,0.09154594255503026,4.5825112875525044e-05,0.8060184603431447,0.02338598105644471
162,0.0964117108580291,0.12112487292966177,0.00030447987061053627,0.7493369560235106,0.03282198031818808
163,0.14466998979484413,0.10761993139080872,0.0001891947784374903,0.7107032776515073,0.03681760638440227
164,0.11234248195650555,0.08037516366949157,0.00010011959675429669,0.7752338142669524,0.03194842051029624
165,0.131216324312756,0.21606100787248708,0.0005755840352953299,0.5834380404627482,0.06870904331671329
166,0.0794144626771107,0.06615148488780832,4.654576088938938e-05,0.7992534324060828,0.05513407426810877
167,0.07672374836003341,0.09667878874226783,8.990840784255474e-05,0.7309333379832719,0.09557421650658418
168,0.2109732728117192,0.1618255454269844,0.00022797741606174745,0.523707112743492,0.10326609160174244
169,0.21122147958643364,0.12386060239187575,0.0004496722252490596,0.5709297898288048,0.09353845596763674
170,0.17055041454872635,0.07284952379069706,0.00011564643252647527,0.69394184334886,0.06254257187919018
171,0.13041167368239873,0.12331009840671281,8.68334534874254e-05,0.6968831236178067,0.04930827083959442
172,0.1104616256173333,0.08750127190346099,9.364301228525808e-05,0.7668849082820867,0.035058551184833746
173,0.17338369031030224,0.06689517401821148,0.00013655664325374663,0.6443310716656372,0.11525350736259526
174,0.10136380133187055,0.11140627524371796,0.0002938387014222819,0.7404240918315534,0.04651199289143585
175,0.12797070836134844,0.029891179969895678,6.190554757257512e-05,0.7926101623860347,0.04946604373514877
176,0.2809353906052595,0.040965626271012946,0.00017561456458331978,0.5821342826603539,0.09578908589879037
177,0.3106121556053533,0.13196679633189207,0.00018025258639682532,0.417530441791847,0.13971035368451074
178,0.14592972109804322,0.12346156724330232,0.0004391195977996408,0.376259217557878,0.35391037450297697
179,0.4544009579941906,0.09119971165504101,0.0008395256097713594,0.21682309453673534,0.2367367102042616
180,0.19352447322075864,0.04125863821240138,0.0002294098850109269,0.5758310891636526,0.1891563895181766
181,0.2032895267996917,0.05043161351136637,0.0009093652964165727,0.555269905610306,0.19009958878221928
182,0.34722412423136495,0.049235406391334606,0.0015387118901387486,0.4276582517906628,0.17434350569649887
183,0.12436862000930236,0.04564352273775095,0.00045626282862162306,0.7900802126885804,0.03945138173574468
184,0.12902863613091256,0.08209590628704404,0.0005723045257897849,0.45691977001884904,0.33138338303740456
185,0.15127122959956507,0.04730741638612599,0.0004557974814955948,0.6468670976784945,0.1540984588543188
186,0.14333170388211613,0.07445754679481627,0.000521154204412832,0.696626836514386,0.08506275860426878
187,0.26493590576293724,0.08613224554978083,0.0007484694215795894,0.3610106957641918,0.28717268350151043
188,0.34002067593923657,0.12133058342744903,0.0010433356231618759,0.3853826636975179,0.1522227413126348
189,0.2131230413142097,0.07108710940290984,0.0006694145400809839,0.5409266717911491,0.17419376295165032
190,0.1892299011449898,0.0639216023630186,0.0009398332993304667,0.4691714017307154,0.2767372614619457
191,0.03973406087227037,0.011596756896326022,0.00012560214973450314,0.9074187674442216,0.041124812637447626
192,0.1151761110292811,0.06142982718130868,0.00010838640230444143,0.7496164265767992,0.07366924881030668
193,0.3018398963700797,0.09882460579793109,0.0016422685392708423,0.2275896027934996,0.3701036264992187
194,0.17476251177686714,0.06950266323445078,0.00042895715540403436,0.6906578574151828,0.06464801041809536
195,0.04224839380822536,0.025728858615378887,6.56495093506479e-05,0.9190351753518919,0.012921922715153047
196,0.10446827673401095,0.02816020314689944,0.0001431974669661926,0.7768094064892195,0.090418916162904
197,0.20735506474608173,0.06399507599263281,0.0002047360995621801,0.6317673022946828,0.09667782086704055
198,0.37346040946001546,0.06067910411542256,0.00046753064555086696,0.3253391069099231,0.2400538488690881
199,0.23377167070143726,0.08275142750070279,0.0002709407684207224,0.6267549087054101,0.056451052324029166
200,0.18542313345471478,0.06713493959852417,0.0002592551422132707,0.5980174965708515,0.1491651752336964
201,0.20046308738633978,0.08438493134778917,0.000885644348336504,0.6320695725365324,0.08219676438100215
202,0.2259785831920765,0.08333397076428753,0.0008787094525949294,0.214751241097143,0.475057495493898
203,0.2629848989439683,0.07044030820215474,4.871685186609239e-05,0.5511394926945608,0.1153865833074501
204,0.4515820976741494,0.07743580983306755,0.00013833321478853814,0.3192453753217181,0.15159838395627634
205,0.2791728192694234,0.14673185431898386,0.0002855427723305203,0.4415161774061778,0.1322936062330843
206,0.32367666122484917,0.07510341271989333,4.959659215554896e-05,0.5424351005199414,0.058735228943160536
207,0.19470485866360115,0.0682424223547159,7.616735165566759e-05,0.6742090510380103,0.06276750059201693
208,0.16315926084695095,0.05475448752369334,7.0769311002308e-05,0.5246755423635929,0.2573399399547605
209,0.13813670073681805,0.04614458263097819,5.889968849092621e-05,0.5926355905886148,0.22302422635509803
210,0.2967881300152442,0.05014981982199646,0.00018191744953595262,0.5946784660256127,0.0582016666876107
211,0.2036414192624857,0.07551183646366112,0.00017743813618239674,0.49040498967826107,0.23026431645940965
212,0.13024988186341194,0.08408500211745278,7.648188064004658e-05,0.5969826001369366,0.18860603400155862
213,0.14318111859128008,0.21633170996289441,0.00012647439411865488,0.6041366726188663,0.03622402443284053
214,0.25072834580975734,0.1134291300812735,7.819989018553163e-05,0.6020040859763817,0.03376023824240193
215,0.18173936573714372,0.23350922326185589,0.0007155213244667176,0.16925327729779263,0.41478261237874114
216,0.1301657564505661,0.3475068465403492,0.00046160808139876714,0.423321699387603,0.09854408954008297
217,0.09840227275955155,0.09449337222196347,0.0003181016961044593,0.2953069916300525,0.511479261692328
218,0.10686132930459569,0.05625490328252188,3.4030845101166806e-05,0.8121044636422651,0.02474527292551613
219,0.29708343215131344,0.07758754045139256,8.335169781468052e-05,0.5842323669932018,0.041013308706277556
220,0.2043879100099366,0.0920284663751729,6.020141307472674e-05,0.6806693324784509,0.022854089723364966
221,0.18325378286144,0.062269841025296,7.67621801903148e-05,0.7263162237411236,0.028083390191950153
222,0.09534050166810788,0.0278961909854125,0.0005145643363742595,0.3334672764092659,0.5427814666008395
223,0.24273249893730434,0.01374601719785871,0.0003331011643774434,0.34977187091362316,0.39341651178683634
224,0.14691861163398479,0.013738219922299339,7.504777306349693e-05,0.7959450404231242,0.043323080247528144
225,0.2171871412092167,0.04185698718800077,0.00020609672388822824,0.7158712130723107,0.024878561806583512
226,0.09207979540108724,0.0314524967663743,0.0002509881632094508,0.8572463717700914,0.018970347899237513
227,0.33832760540635637,0.0873870982939797,0.00048626942704376277,0.36653303755015354,0.2072659893224667
228,0.10891301378593876,0.14216561547187517,0.0005390472271114456,0.6002963097451436,0.14808601376993108
229,0.09302448248115965,0.0439957894722676,0.00036385067746510906,0.8050087831951472,0.05760709417396041
230,0.2275554016088001,0.09004668435951652,0.014611873685714712,0.413908646069012,0.2538773942769566
231,0.2186074773293885,0.04633412951156061,0.001603255286665624,0.6763867773877755,0.057068360484609774
232,0.049388842640948984,0.018702409549830306,0.00011159541237592977,0.9238540650441815,0.007943087352663147
233,0.029322488606221976,0.011621015209147927,3.698398075525541e-05,0.9531569250397434,0.005862587164131653
234,0.07063120978683199,0.03535552803360485,5.8775063054541e-05,0.8786593452591875,0.01529514185732104
235,0.11775136008039506,0.028019795686155063,2.4767223065014788e-05,0.8261093086756852,0.02809476833469955
236,0.13330646080306596,0.029955732916860586,9.25922625748258e-05,0.38036650329067245,0.4562787107268261
237,0.12680433978408362,0.04764432407448724,0.0006827713102515845,0.10318383906962353,0.721684725761554
238,0.08434059297806167,0.012314466661886087,0.00014661230349836014,0.2120468343460121,0.6911514937105419
239,0.21967855190238572,0.03378241266510803,0.001025373081270554,0.17821140986029024,0.5673022524909455
240,0.45068994853187483,0.05847895456597518,0.0011936291525139297,0.15834871076306775,0.33128875698656823
241,0.46386178538029427,0.03980766699853584,0.00025539626135093055,0.24664868581836502,0.24942646554145384
242,0.2202560614204396,0.03700620427917277,0.0004855049688175713,0.2871852634271986,0.4550669659043714
243,0.3779557006564967,0.03959643389590262,0.0001091788662554995,0.35077548338841014,0.23156320319293508
244,0.15608281228738838,0.022703644864369953,0.00018114705693511666,0.19966259909668416,0.6213697966946223
245,0.2502686706300062,0.03213265372458282,0.00024213539310071963,0.5820605970221354,0.13529594323017477
246,0.38602066234775173,0.07782143396793878,4.132031030943805e-05,0.3707052150716336,0.16541136830236655
247,0.17677818399205172,0.2033065471431345,0.0004910468180649781,0.21171350784764345,0.4077107141991054
248,0.25747593474766906,0.08050611468040941,0.0027148607361455104,0.12582980621623555,0.5334732836195405
249,0.14516349595535727,0.1742622398718724,0.002408904015138131,0.48041005825026906,0.19775530190736307
250,0.17983998716934887,0.11749903545280527,0.0022440694463178646,0.2116995529033221,0.488717355028206
251,0.257197604448307,0.07637972917083555,0.003754012177079418,0.16986755934965211,0.4928010948541259
252,0.19001396057397069,0.25776671406137763,0.0017334652956516457,0.037502457061314665,0.5129834030076853
253,0.4623894138990066,0.34797646085659795,0.0034919920339332032,0.05080335196158223,0.1353387812488799
254,0.2117118067410707,0.15065213457107227,0.006864618815193688,0.025143493336348445,0.6056279465363149
255,0.2741018589584863,0.5240693083633254,0.022913326303562954,0.019377745953605703,0.15953776042101966
256,0.35738083423876343,0.2962028731226008,0.022886238432060235,0.01714121406337674,0.3063888401431987
257,0.4076658376140215,0.3627244200157895,0.015105851586692455,0.010536761224801608,0.2039671295586951
258,0.24096441977317157,0.3178699385386354,0.021472529289987746,0.004057138324564487,0.4156359740736409
259,0.6399235396075341,0.20046499024452796,0.004806599428234126,0.006128794054248674,0.14867607666545513
260,0.1308573774942273,0.8087434029975905,0.012882784170768368,0.0024895006923637596,0.04502693464505003
261,0.04553172140501097,0.8954958285976033,0.014121681290158864,0.0009515321806625367,0.043899236526563995
262,0.1095108804334011,0.8531863550963338,0.016448951659236027,0.0018520801307674072,0.019001732680261608
263,0.06799266155040623,0.8802041552790891,0.034357276290523146,0.004649263610647782,0.012796643269333757
264,0.0409080696437132,0.9098785642453712,0.03173017250713252,0.006357074364128618,0.01112611923965449
265,0.037807300210076986,0.9369380376455675,0.013413963049686324,0.005301223975493929,0.0065394751191752915
266,0.040131210967425834,0.9226304666395502,0.01477771412206547,0.009221190477909515,0.013239417793048991
267,0.02040753107430631,0.9374112301316874,0.03666528939679224,0.0019176357320896717,0.0035983136651244626
268,0.017069975877784947,0.8614133205756016,0.11658378993981118,0.002548261828720596,0.0023846517780817885
269,0.02301379596045027,0.9455538989873116,0.01815029317838677,0.005056719043536434,0.008225292830315012
270,0.011887033442051363,0.922384694232258,0.0578778797233466,0.0038660616941894148,0.0039843309081546464
271,0.03589090608641354,0.8679305829970779,0.08790676416925455,0.0035173696696636325,0.004754377077590255
272,0.02496498738007768,0.8332461182981604,0.13207802966113527,0.00440915969888992,0.005301704961736463
273,0.014606310162165879,0.8427488940916615,0.1382893430337638,0.001881951739146842,0.0024735009732619944
274,0.018170563631439755,0.8110647589673313,0.16035746126055414,0.002893681985115107,0.007513534155559725
275,0.013870216268831432,0.8631135930918925,0.11583759721402669,0.002062862551967663,0.005115730873281763
276,0.006545095981146098,0.7873312696077206,0.20310614101592178,0.0009912482756950511,0.0020262451195163286
277,0.0182012344310673,0.799291619133631,0.17804533200584075,0.00200734283782753,0.0024544715916333484
278,0.0198342603239972,0.8741997854791193,0.10110446406720201,0.0017292527715271895,0.003132237358154238
279,0.009036210958627213,0.6754536938003554,0.3090077151505744,0.0020073770936343605,0.0044950029968086926
280,0.004915580087436765,0.7021508027096846,0.29102790207420826,0.0006258383037769001,0.001279876824893478
281,0.013621266009509947,0.7039502659898114,0.27449999824878224,0.0015192534949364008,0.006409216256960118
282,0.008048509058816647,0.8512795581308273,0.13764640275999612,0.0009179155971448626,0.0021076144532152174
283,0.014073325344251812,0.8173698707007468,0.16384185661638132,0.001454124527772741,0.003260822810847386
284,0.01752474727058968,0.7688101254379812,0.20617430496743114,0.0014920313354758754,0.0059987909885220155
285,0.014691692634538296,0.6117875996027964,0.3680863442353306,0.0014443802445411776,0.003989983282793369
286,0.0041021005352739545,0.34810840982529184,0.6455508704473789,0.0006764331215416547,0.0015621860705134242
287,0.008518084687383074,0.7154046190014393,0.2647297029080771,0.0016150132530378936,0.009732580150062902
288,0.002946288180327408,0.4160111672126611,0.5787092577212203,0.0006121343352457603,0.0017211525505452985
289,0.012985724806196471,0.7597387474846747,0.2169514363316949,0.0011643024147323369,0.009159788962701509
290,0.000956915525612416,0.33222404612121736,0.6653778286645777,0.00017090025820124284,0.0012703094303913006
291,0.004375721589223005,0.28637529765024106,0.70647891374695,0.000446095847467845,0.0023239711661179993
292,0.0012548396679231042,0.2597461442621977,0.7374014420700119,0.00017241153480130694,0.0014251624650660469
293,0.0017858815892540369,0.17289790688296008,0.8243515594834554,0.0001752031533338606,0.0007894488909966632
294,0.004499986104526171,0.34458379216520396,0.6476043006902789,0.0004966624048018507,0.0028152586351891822
295,0.0007488659610260726,0.4407656436601575,0.557160235703355,0.00011965732684202622,0.0012055973486193683
296,0.000994606397806278,0.2421957391851631,0.7555890644399378,0.0001419028448464566,0.0010786871322464309
297,0.0005344545275791756,0.08182742021532137,0.9166433013555836,0.00032630367218474933,0.0006685202293312715
298,0.0020951305925634095,0.21527992256593453,0.7799480830420716,0.0002664645480773359,0.002410399251353009
299,0.0021062528343421846,0.12161168128322501,0.8743194661391377,0.00037874081025888193,0.0015838589330360825
300,0.0009218752588981022,0.10971968311841937,0.8882475306802048,0.00028959782052710606,0.0008213131219506242
301,0.0019943224386534393,0.09380138696765455,0.9028866644512147,0.00035055215473670084,0.000967073987740457
302,0.0025440510725092,0.1476849391532052,0.8472631959149465,0.0009156682019682333,0.0015921456573708827
303,0.0011347801751982686,0.10315634272464595,0.8944215625888176,0.00024825890925920315,0.0010390556020790807
304,0.0008227863091579938,0.046334955425724536,0.9521507607237437,0.00019249323910010556,0.0004990043022738306
305,0.001939821706776721,0.07787649264866879,0.9187785359939639,0.000347582920097701,0.001057566730493033
306,0.0008781799744339335,0.06990300807115049,0.9284897176318699,0.00011902831623456127,0.0006100660063111151
307,0.0009763300999910927,0.05288198756016202,0.9455748520980526,0.00011847714736612867,0.0004483530944281233
308,0.0009805599306185065,0.0696984783129126,0.9287599947306212,0.00012493811630678587,0.000436028909540873
309,0.00031220659905132627,0.0640735694617695,0.9351405710877758,9.719236454063225e-05,0.0003764604868626824
310,0.0006968283178776117,0.04283890780662772,0.9557588994250587,0.00023987859175024216,0.00046548585868565033
311,0.0005859679586101507,0.03780205010862746,0.9609005609358849,0.00026614720395241046,0.00044527379292497686
312,0.0006443828447767991,0.024255958462510385,0.9747166951765999,8.165075346523235e-05,0.00030131276264770023
313,0.0011160402018858605,0.08886343180852693,0.9087450363332207,0.0001799465140583659,0.0010955451423081942
314,0.0016025969005640636,0.040274030188116004,0.9565529255367254,0.0004993241864918681,0.001071123188102419
315,0.004377698624758213,0.14513654688710148,0.8482812609618384,0.0004378784433725037,0.0017666150829294006
316,0.00022198322237859777,0.035057840783931773,0.9642745473660369,5.8218125327387944e-05,0.000387410502325292
317,0.0010303749640077587,0.0816661908897912,0.9160472153587739,0.00021187637751867138,0.001044342409908412
318,0.00018991893141428423,0.04088346832185074,0.9585575465434509,9.010105192357024e-05,0.00027896515136063534
319,0.0007413384653510555,0.053151905523945005,0.9449587022285605,0.0003435572523316977,0.0008044965298117052
320,0.0010905204234155153,0.04274516561401434,0.9551287300847442,0.0003923274919632016,0.0006432563858627851
321,0.0010332509028884154,0.09473298419143816,0.9033171546245556,0.00013081439323034015,0.000785795887887511
322,0.0015686209219012335,0.056897362048269354,0.9405437048997073,0.00033621811906129777,0.0006540940110608441
323,0.0005195135225859312,0.027092445643793556,0.9713170194770097,0.00022677738593773013,0.0008442439706730204
324,0.00044946335316504066,0.03780002854052657,0.9612526291676095,7.760791530815915e-05,0.0004202710233907089
325,0.0003396453608960646,0.05238011351945402,0.9465233734818358,0.0001357364703259777,0.000621131167488233
326,0.0009527107933176908,0.04473298110149474,0.9531908667494247,0.0003461198030441654,0.0007773215527187434
327,0.001994885113404973,0.08475772982767729,0.911916882247794,0.00032871672136214916,0.0010017860897616015
328,0.0013150974561218366,0.03390905075960114,0.9626653108081679,0.0006937773817974418,0.0014167635943115743
329,0.003409865208474102,0.051248124073338806,0.9430825825275041,0.0007192466939520916,0.0015401814967307198
330,0.003715475577014619,0.12762501339835994,0.865308540750854,0.0004533019500371898,0.0028976683237342876
331,0.0011453382611381405,0.05741018338617647,0.9400722358283231,0.00022458992752581408,0.0011476525968363597
332,0.000586573675822413,0.02331024133369397,0.9748940644608125,0.00022556065217988963,0.0009835598774911357
333,0.0003482915373140379,0.022625311194194538,0.9765458032714074,9.617749895151834e-05,0.00038441649813255186
334,0.0002954907146835447,0.023884027824090385,0.9754205636527278,8.519979633304475e-05,0.0003147180121652014
335,0.00038166076776622253,0.03275754551245846,0.966355435824152,0.00015555897968418502,0.0003497989159393412
336,0.0005538815785239722,0.02925756029396897,0.9692070286807354,0.0003749786886910955,0.0006065507580807486
337,0.00039538125002491493,0.033614397121623146,0.9655132016430338,0.0001182535635971773,0.00035876642172112026
338,0.0008937969605232058,0.06276907792319902,0.9351723230717104,0.00040461955896973557,0.0007601824855975411
339,0.0006969094457298561,0.0341937724587434,0.9643148377176128,0.00033536109473452025,0.00045911928317957394
340,0.0005138954245929633,0.02569432827805221,0.9725788026522965,0.0005330828144175904,0.0006798908306409292
341,0.001142408871413922,0.07691370034309301,0.9207592723891888,0.00016857035407952215,0.0010160480422248986
342,0.0008879833910832478,0.06887411542196559,0.9291107924376986,0.0003858947217591987,0.0007412140274934568
343,0.0006893670201029558,0.09538469037280331,0.9031927071173232,0.00012068189945229008,0.0006125535903181126
344,0.00046169526855703954,0.0658383908616869,0.9329215188655333,0.0001908908349436404,0.0005875041692790516
345,0.0008263085622835743,0.05999940763078947,0.9379724353239948,0.0005880634504991815,0.0006137850324329902
346,0.0005334493290904478,0.09597683169613437,0.9021668611027404,0.0005354743207782287,0.0007873835512567024
347,0.0006321136326577677,0.03322233103016169,0.9649617170839303,0.0005584898697085041,0.0006253483835415853
348,0.0045191662290383185,0.19428267638360447,0.7757447457828528,0.000656902642724843,0.024796508961779616
349,0.00448197619068708,0.26786348028346624,0.7233990793948619,0.000882165736910661,0.00337329839407419
350,0.007980176591721117,0.4153927572714943,0.5711874968419738,0.0010377199205712886,0.004401849374239519
351,0.0032059875775910167,0.29145639627057035,0.7028765194082444,0.00044084699773527493,0.002020249745859132
352,0.004478571110430201,0.24797979014368965,0.7411893307640025,0.002568584540498139,0.0037837234413794743
353,0.0019370967934177646,0.25995899953344986,0.7368496711256229,0.00037046816195566437,0.0008837643855537478
354,0.007046920524830052,0.3673142904211297,0.6204417903020782,0.0018143732934179338,0.0033826254585440463
355,0.006251939031814612,0.26242966175803356,0.7268863657168559,0.002367188182189783,0.0020648453111059514
356,0.008265919488551451,0.4536356430643521,0.5271400770664659,0.006881823162422261,0.004076537218208239
357,0.011585910101940143,0.5873771042625922,0.39376726529942196,0.00443876993408933,0.002830950401956346
358,0.01846406024133929,0.6888961484590775,0.28313511506356387,0.005372945692550083,0.00413173054346902
359,0.004578897107918374,0.48327407450661786,0.5095216877383782,0.0011956792079812265,0.0014296614391042827
360,0.016503838365944233,0.59060447217063,0.386075671662911,0.0038076769731034336,0.0030083408274113456
361,0.009646518135002087,0.7382244384817126,0.24685242191403334,0.0014192145095364129,0.0038574069597155994
362,0.005864957462052259,0.4357993696524005,0.5552866534778724,0.0010421199982133397,0.002006899409461586
363,0.0065674575916912685,0.7955807721894794,0.19094636991486605,0.0007934187846992395,0.006111981519264021
364,0.007505214629931391,0.5559452414002649,0.4336839938581827,0.0004941566798322411,0.0023713934317887934
365,0.003155098523036649,0.40731630168718574,0.5868646420978358,0.0006390683572786981,0.002024889334662924
366,0.008955356459980631,0.6353605564564015,0.3501177876478234,0.0013613137019263262,0.0042049857338679235
367,0.0009799037151799448,0.2823579504543354,0.714925523868886,0.0003971368593635788,0.0013394851022350384
368,0.004918698249503741,0.2966898620413232,0.6961320218360159,0.0004337632106723879,0.0018256546624848121
369,0.0034006231768446402,0.3102321627525375,0.6826415450996816,0.0007172484760057265,0.003008420494930547
370,0.0018007903748348533,0.2715980863879263,0.724152466785837,0.0005431614011714818,0.0019054950502303378
371,0.0023886213846988223,0.2802584680452099,0.715521270031449,0.0003622302436506879,0.001469410294991565
372,0.0006881646549971106,0.09328556986882731,0.9049846251808334,0.0002734138123128049,0.0007682264830294581
373,0.001951218472257946,0.1751476515565658,0.8208765689828041,0.0002698345526881192,0.0017547264356839256
374,0.0007885462723387257,0.21542095143122422,0.7826511788703979,0.00011131375044633478,0.0010280096755925958
375,0.0013354484352354067,0.13935122048656076,0.8582458200280335,0.00025317133580731794,0.0008143397143630088
