epoch,N1,N2,N3,R,W
0,0.031639346077365446,0.0027226473316267694,1.2731187751992493e-05,0.001677557881475855,0.96394771752178
1,0.034714947589340385,0.0016391262672012482,1.1274912671844833e-05,0.001347587885959245,0.9622870633448273
2,0.02843674886332758,0.0010715738454923835,1.4478307898905681e-05,0.0015477737767149863,0.9689294252065662
3,0.10631928650151728,0.004195678812393068,3.3446007599980606e-05,0.0029286350272990755,0.8865229536511907
4,0.052759968611859186,0.0015588962442671783,1.2210386144832872e-05,0.002535872284289452,0.9431330524734394
5,0.08789537022291283,0.0023979784963688686,1.99158223566603e-05,0.0052051351980830374,0.9044816002602787
6,0.08369861049233912,0.0019339263809663703,1.704879830617522e-05,0.0021414788962418932,0.9122089354321463
7,0.16567575081735955,0.0027396958397454983,2.8974320220274814e-05,0.005688139212299929,0.8258674398103748
8,0.31264544368539765,0.00503758379007896,7.811374714152636e-05,0.016193302709410627,0.6660455560679712
9,0.17798758259285896,0.0038647226111871063,7.025651294719371e-05,0.0040749138014860445,0.8140025244815207
10,0.35521721681367713,0.008866568781509971,5.674457267052929e-05,0.015466081441897548,0.6203933883902448
11,0.3324257762892315,0.04233876364085501,0.00017194300420380154,0.060123756986012494,0.5649397600796972
12,0.1495102828220037,0.1631403456522136,0.0003934876375619289,0.040885257829010584,0.6460706260592102
13,0.0857296922728141,0.23731670862052215,0.0015566848946507177,0.06955602023484919,0.6058408939771639
14,0.027768581183552788,0.0077417306315418506,0.00010140466711511195,0.004015836235292905,0.9603724472824974
15,0.05265538013119857,0.025053992018338488,9.513652427435787e-05,0.005573321278458038,0.9166221700477306
16,0.19248451076677572,0.00992083322617827,6.377126521532814e-05,0.0048238422102751385,0.7927070425315556
17,0.4557600796302488,0.2343746667789216,9.965583534921842e-05,0.01162783187701649,0.29813776587846386
18,0.32160574089239896,0.2948939393032262,0.00034708312186587154,0.03126437021528715,0.3518888664672218
19,0.2169235166060069,0.5445947127490836,0.0007569781877164231,0.061312168885581914,0.17641262357161128
20,0.04960292285550427,0.025533536844629678,0.00014092168748039096,0.004477313996943957,0.9202453046154417
21,0.21573872117287932,0.08699301998191768,0.00010407599954728811,0.01102462392797943,0.6861395589176763
22,0.40890556865409516,0.05119117822182439,7.737278165236723e-05,0.0038116001654441697,0.536014280176984
23,0.680542137484339,0.2543036567451786,0.00021065210727192084,0.013960621914105947,0.05098293174910466
24,0.36933257999255753,0.49378333591703294,0.001273380264744649,0.03658892843248056,0.09902177539318424
25,0.14171092293880372,0.7422620030249042,0.0026001912127924945,0.02777669040045675,0.08565019242304288
26,0.28369620512302457,0.393753943632586,0.0009256460131619178,0.07369847702132779,0.24792572820989986
27,0.08727613067416577,0.7928344350915492,0.006435269320836318,0.052763515691580325,0.0606906492218686
28,0.1147964298132564,0.02887838577003549,0.0003283552986767519,0.0019873484302543602,0.8540094806877769
29,0.7044592470558892,0.07738014101801592,0.00018229406947721698,0.00492833510338276,0.21304998275323497
30,0.5407544638600823,0.3703017636607285,0.0009243158644789128,0.012562743305701996,0.07545671330900823
31,0.6855790520025057,0.281797881726223,0.0003949671218776806,0.006121434505811566,0.026106664643582196
32,0.1694702490450907,0.7642990892145339,0.003901689015344813,0.025195995964843558,0.03713297676018691
33,0.16319658247512112,0.6428659653185853,0.005373698921762217,0.10735911288535806,0.08120464039917341
34,0.3393200630071546,0.3601625313333268,0.0035354952418857975,0.13100871944724032,0.16597319097039243
35,0.10497469529924296,0.8386714830221087,0.004401070413685383,0.02922243964214308,0.02273031162282007
36,0.10789397459254903,0.03206398743916555,0.00026644169083674325,0.001988779072734452,0.8577868172047142
37,0.597729997430757,0.071540835867802,0.00032835736106037906,0.0032414001585713615,0.32715940918180925
38,0.6189888666475555,0.34184362696557263,0.0013309376047825944,0.008256435274273497,0.029580133507815857
39,0.6155001267728631,0.35024967054439793,0.0006007728957796719,0.009574690033380661,0.024074739753578725
40,0.12791036033317046,0.8406559401109972,0.00502030256367753,0.014013307519416051,0.012400089472738638
41,0.062018155745670704,0.8474986185283716,0.03327138994302947,0.015182809835493036,0.042029025947435364
42,0.09196878042354333,0.713821874424393,0.0741173199646772,0.031178894277423815,0.08891313090996267
43,0.016885252195375632,0.014151558775652724,0.00015898517416874903,0.0016606338022227508,0.9671435700525801
44,0.17454183744807203,0.018849791002786487,0.00020201838868112612,0.008303753717619228,0.7981025994428411
45,0.1918779232755783,0.02892615893192588,0.00015122213208612593,0.003283071957653696,0.7757616237027559
46,0.5273262449613307,0.012726202197668452,3.1004344728582536e-05,0.0009015317851199925,0.45901501671115214
47,0.8039663504842504,0.020100285382844797,1.3318638255865737e-05,0.0025582068187576393,0.1733618386758916
48,0.7796249716699429,0.033396851549658144,6.011815660315654e-05,0.01838576582655038,0.16853229279724533
49,0.2938392753454076,0.4811625419957379,0.000731626889325145,0.04068480455051307,0.18358175121901632
50,0.2469005160173174,0.11223045610109035,0.0003021704056836743,0.023478382045672472,0.6170884754302361
51,0.35158255959071844,0.12063151097893413,0.00018061446149101302,0.030294316586368285,0.497310998382488
52,0.2882658976652236,0.07256665020559368,0.00012476273701346303,0.030409744701011467,0.6086329446911578
53,0.06829347590624699,0.006847153891126868,2.579272898625075e-05,0.004035685762419713,0.9207978917112202
54,0.0540339215082174,0.005592862777625054,3.000120681817941e-05,0.0022367342079209897,0.9381064802994183
55,0.0006982828902934204,0.00041861378201463043,7.969194476348351e-06,1.191337629483243e-05,0.9988632207569207
56,0.0067035532700438945,0.0005562473482710262,3.3822670976664753e-06,4.819426950141637e-05,0.9926886228450859
57,0.014049923393077418,0.0003044315493087606,6.543596253905768e-06,6.879825953312982e-05,0.9855703032018268
58,0.01990779976865586,0.0004079137165345193,9.245956676257746e-06,0.00014027777962220055,0.9795347627785111
59,0.004292104778371016,0.00015128325249016733,2.1382727154275104e-06,0.0001177809447487251,0.9954366927516747
60,0.005039885770606743,0.0002908527225716104,5.899715882928525e-06,0.00017365957471360976,0.9944897022162251
61,0.00553726435845344,0.0002054564375273962,4.952150834048648e-06,0.00023890030535611255,0.994013426747829
62,0.01428546616204662,0.0004889062905278641,2.430051047870061e-05,0.000385955335711622,0.9848153717012352
63,0.01260735009509163,0.0006996370901725599,4.391601032997714e-05,0.0003445583146720631,0.9863045384897337
64,0.020413660008032415,0.0011555419936217979,5.910030172139732e-05,0.0005444589283878957,0.9778272387682365
65,0.09115789852294208,0.004384823155816396,0.00010966427740868638,0.002499253767057099,0.9018483602767757
66,0.48185572402453186,0.00599062077259532,5.7843910106621124e-05,0.003567131902866064,0.5085286793899002
67,0.5087257715166602,0.008746029147281767,2.980474240613684e-05,0.002817595351197286,0.47968079924245455
68,0.42911558251334164,0.20588322760270214,8.003054133028621e-05,0.0074663647742724375,0.3574547945683535
69,0.2627054250801226,0.05881042640294089,4.731702650845342e-05,0.011521836471472192,0.6669149950189559
70,0.34618747595042254,0.4305743058627291,0.0005853524692530966,0.030063066165744216,0.1925897995518511
71,0.4257950994988898,0.3273822347886573,0.0005842793346235065,0.018998404496082488,0.22723998188174693
72,0.15982938273967554,0.6727482493297045,0.0027711441488926167,0.005913321113830049,0.15873790266789753
73,0.20325565866729686,0.5914530950793964,0.004963741644826052,0.030019770741800584,0.17030773386668016
74,0.19637027676659297,0.5346449041707494,0.0024739198910279066,0.0060732328780894775,0.2604376662935401
75,0.1575013865524896,0.6199979099335464,0.002637063049173023,0.004781641377186306,0.21508199908760467
76,0.1279183733392035,0.5923718710486943,0.01973404777407355,0.006264893368137783,0.2537108144698908
77,0.11415409044324434,0.5116094577084556,0.042046540266422315,0.0008749010003550381,0.3313150105815228
78,0.13379385504058966,0.5966582346710023,0.05607719509613022,0.0009021887401837508,0.21256852645209404
79,0.08213241918553271,0.7033584542421415,0.1710508391818839,0.0005931302500126761,0.042865157140429086
80,0.10050856242090386,0.6831960642048202,0.17504693629206514,0.0019210987200428181,0.03932733836216788
81,0.07180875468955243,0.7786225252811382,0.1143247301849909,0.0015248937620459227,0.03371909608227248
82,0.09169640367296975,0.5909458864473307,0.2545143470784072,0.000909449117924522,0.06193391368336793
83,0.028232397528929126,0.7320528809927096,0.2061779004792371,0.0005523157486758684,0.03298450525044843
84,0.013811172788783944,0.6303704318915541,0.32901769797045266,0.0003240516001787468,0.026476645749030643
85,0.02306525975643375,0.7371511178829078,0.20446171173041278,0.00042586998702030674,0.03489604064322524
86,0.0017066937476211443,0.5667639763586644,0.42695102037801863,6.0637528793954475e-05,0.004517671986901961
87,0.015357118832947408,0.45151919611011987,0.5185433811597996,0.00045038873158200545,0.014129915165551066
88,0.0014787887263672396,0.359406845885604,0.6348653514876175,5.6098350189898046e-05,0.004192915550221335
89,0.0022740776190352066,0.47083595676509826,0.520228333688329,0.00011733602185117095,0.006544295905686342
90,0.002966174967323988,0.4720013340002796,0.5173776528307598,0.0001395656126450383,0.007515272588991532
91,0.007042149174560309,0.3976554895345463,0.5873589912535097,0.00048013805419069643,0.0074632319831929765
92,0.000572932693625195,0.2749678421293213,0.7215112634954973,2.2358324299793608e-05,0.0029256033572564785
93,0.006211851828399529,0.4784827128770635,0.5025810342127016,0.00038017198801690094,0.012344229093818352
94,0.0016920925639806036,0.4177305209603204,0.5738147402426709,0.00011827191855282987,0.006644374314475354
95,0.0022796236953787005,0.42937343843807724,0.5590940540003192,0.00010929734666953949,0.00914358651955533
96,0.0026252245340409757,0.5002120121357254,0.48637261783471103,0.00041402085557688475,0.01037612463994554
97,0.029009788427143208,0.8393768393555615,0.11102668215620315,0.003600140386716479,0.016986549674375708
98,0.1774782267452489,0.7082846321958145,0.011912598707205761,0.058689574799625645,0.04363496755210515
99,0.018090332422672776,0.8618552869980124,0.10571778117959918,0.005470389930190301,0.008866209469525346
100,0.02469396767531866,0.8357769018586699,0.11628439579309396,0.005990354125789278,0.017254380547128117
101,0.008969151756529644,0.7054023694828662,0.27347296027036433,0.003527387235150072,0.008628131255089648
102,0.1849099951382056,0.10414310616085343,0.0009383105649790153,0.050054115877439936,0.659954472258522
103,0.5076412047655402,0.13734787113218225,0.0005815389126047404,0.10852388866569201,0.24590549652398083
104,0.4078685947432119,0.06052216385578318,0.0008528321561104474,0.01066239925120312,0.5200940099936914
105,0.8429137102003855,0.09899112719101125,0.0006026684841198921,0.00788983768996407,0.04960265643451925
106,0.6395985724013608,0.3294730006242127,0.0024335269474863794,0.01756875768816281,0.010926142338777403
107,0.09164150022695836,0.8902297748608343,0.00946854322808068,0.0016942586219996362,0.006965923062127027
108,0.02240159649203025,0.8737386125965448,0.09181609225067273,0.00207982091450078,0.009963877746251362
109,0.048761789944870466,0.8159980308278378,0.11903539300597464,0.005177025662420121,0.011027760558896732
110,0.014544557323555982,0.8483317899334312,0.12597777343994115,0.0025896020385652763,0.008556277264506532
111,0.005149488437018674,0.8628627256919839,0.12399236195249554,0.0013700284380843714,0.006625395480417599
112,0.03331016913120278,0.7280956460667778,0.20579066348880498,0.010514694199331015,0.022288827113883584
113,0.014066968470205797,0.7571530220704055,0.2023519096250208,0.011060487781229105,0.01536761205313874
114,0.02551075972329905,0.5018705060582676,0.43226868385476347,0.007631358513923273,0.0327186918497467
115,0.02652240540499579,0.6533151002460283,0.23101111668513832,0.031207959842524193,0.05794341782131339
116,0.031345827887441835,0.0042626600234900195,7.189252632764543e-05,0.0058944031411394615,0.9584252164216011
117,0.06657425299963413,0.014643213478182508,0.0002869530448809345,0.01449302310978468,0.9040025573675178
118,0.47481916341324687,0.03284210178204533,0.00022120123253896099,0.031498871222708474,0.4606186623494603
119,0.597628841699775,0.008566105222863787,3.567320108447373e-05,0.004848024964565922,0.38892135491171065
120,0.7822298660021607,0.10412850615867307,9.870011374435928e-05,0.013763960754074725,0.09977896697134692
121,0.7764663153515584,0.06246846329367262,0.00013501905175828118,0.023882617369913994,0.13704758493309674
122,0.47907615836532136,0.45006459501713925,0.0013237245335646914,0.03777258488542459,0.031762937198550036
123,0.2526676182571324,0.6999907257058909,0.01145335723906563,0.018166997299642298,0.017721301498268664
124,0.03627134138479641,0.9290615836674804,0.02675678803119006,0.001771564098284881,0.006138722818248236
125,0.03415246219315829,0.8446555833254413,0.10106669485723578,0.002473187100570725,0.01765207252359381
126,0.11195864727027235,0.7656012251658657,0.10277483046910851,0.005521771451571076,0.014143525643182393
127,0.019012615334651033,0.7849043968418864,0.18986975775697099,0.0006208995552742085,0.0055923305112173605
128,0.006189553789631531,0.7166263672919209,0.27305999579932555,0.0002982536523336974,0.0038258294667883655
129,0.023995500058511688,0.6928354509011195,0.27118535139753697,0.0016119589849220282,0.010371738657909756
130,0.0021982884928575847,0.4629328077027531,0.5288329213121641,0.00024189599942486665,0.00579408649280036
131,0.013604080930516418,0.7048080295200467,0.26889615738039135,0.0010517498032433315,0.011639982365802245
132,0.002812861716637479,0.5980249680745203,0.3903464629708545,0.0006079951605907504,0.008207712077396909
133,0.2186326523101273,0.5008243206398809,0.017227460414876855,0.058955962966426176,0.20435960366868874
134,0.07942424607827103,0.8303681521152514,0.07442262457319355,0.004702047544936166,0.011082929688347919
135,0.028985408044163618,0.8873482050838343,0.0761700626110852,0.0010918314805659771,0.006404492780351033
136,0.02511544947463651,0.8723050524616376,0.09671554313554985,0.0009272072596500511,0.004936747668526017
137,0.028573971657680032,0.7184651047860263,0.24292087025108206,0.0018164395673601157,0.008223613737851665
138,0.03938521471997413,0.7208463286634323,0.21446012689749053,0.0051411892833467835,0.02016714043575637
139,0.025746358419288212,0.878504811594585,0.06998105488873925,0.01055124346189491,0.01521653163549266
140,0.3865339675030438,0.2068504788559859,0.0037738782482307468,0.11207290796786709,0.2907687674248724
141,0.1960371289750729,0.739893657368473,0.01884386672861344,0.023023435434669802,0.022201911493170853
142,0.0792811805789054,0.825146690048262,0.048960564041149,0.02258929283643164,0.024022272495252017
143,0.057873340098295756,0.8410726663273415,0.05645547786603355,0.02343469892890502,0.02116381677942414
144,0.07105967748899938,0.8133109358509067,0.022861733896454767,0.033770539566909265,0.05899711319672983
145,0.046884595427410795,0.015792656440271283,0.00043464651871930136,0.001730604637546251,0.9351574969760524
146,0.027391975887535478,0.006407769913848269,4.8178051480497266e-05,0.0008041257521033099,0.9653479503950324
147,0.6183500794596649,0.0276173476695701,0.00038191321319839866,0.0021219561663398416,0.3515287034912269
148,0.6489426516309148,0.011936182384302961,7.504949315160426e-05,0.00329429815547842,0.33575181833615214
149,0.7062653759970835,0.013693274881787995,0.00015343352430171285,0.006087664796269247,0.2738002508005576
150,0.779222180284662,0.0816769833175789,0.00026695371241498297,0.05522520091058351,0.08360868177476065
151,0.609021141265454,0.26170487036464724,0.0005591536362284708,0.0637509523892546,0.06496388234441555
152,0.18882857143597642,0.6696835704350684,0.0031946148075141707,0.11065463832803724,0.027638604993403763
153,0.09996816548485156,0.7671903632804866,0.006647807126278067,0.1133819604339576,0.01281170367442611
154,0.13776068818325693,0.8123001100430176,0.005058398729631983,0.029259872544925968,0.015620930499167567
155,0.2367572989083129,0.6460312572551395,0.007068317130874979,0.0874942804196874,0.02264884628598519
156,0.11198046219661845,0.7994892252698393,0.009253171026621073,0.064155258430505,0.015121883076416176
157,0.0755299268886254,0.8399767867993361,0.01861130147677315,0.05157698573489931,0.014304999100366398
158,0.13811401054260225,0.6832455281459924,0.010427222588239242,0.13858885556195527,0.02962438316121081
159,0.15180449900009518,0.5569084937585277,0.024968627457522444,0.23359181390741,0.032726565876444735
160,0.18491071704821382,0.47482755424885703,0.00397457984271117,0.13813273039865717,0.1981544184615608
161,0.06760821363522834,0.05645618830265358,0.00012502694846756526,0.01114852235526101,0.8646620487583895
162,0.08629198506171408,0.025247582323232483,0.00017611301951456568,0.0072888117077816944,0.8809955078877572
163,0.5952372399035646,0.013219758290622292,0.00010458016968922715,0.01613162428376217,0.3753067973523617
164,0.7410175661606957,0.049253730750502836,3.8422795697332166e-05,0.03455648413066622,0.17513379616243788
165,0.3056887827455334,0.019362871844839757,2.450760848735706e-05,0.014465926123633866,0.6604579116775057
166,0.5191234510489575,0.17684049140894828,0.0004430739890657031,0.26078318159315134,0.042809801959877214
167,0.21403994383473712,0.07772586397656531,0.00035894665880777327,0.31582454161020124,0.3920507039196885
168,0.3696755339047179,0.038023843223356606,0.0002624701736966391,0.10131250606539169,0.4907256466328373
169,0.4769055582103616,0.12313096630773297,0.00025041657724190705,0.14507177745586128,0.25464128144880216
170,0.48882329184379003,0.42217919460185244,0.0014527299849074523,0.07060819662966404,0.016936586939786082
171,0.35074104966694997,0.48959465033540833,0.000680524852807037,0.13926607102673944,0.01971770411809528
172,0.09309659599344765,0.7847889425997506,0.0016009526456127526,0.11465251523105358,0.0058609935301355874
173,0.22812779523659996,0.43997898305377875,0.0006757928465309401,0.128532346767156,0.2026850820959343
174,0.28021406726074105,0.6287341243395449,0.0003470487977443086,0.06218955848468158,0.02851520111728797
175,0.23365056127489447,0.7196644107701151,0.0005907115436944032,0.02681797552193992,0.019276340889356116
176,0.26084493072544745,0.6972979411874924,0.0014569473450865005,0.030045450812047188,0.010354729929926396
177,0.06331132269096264,0.9074020546137409,0.0006410868461932944,0.02490888460706584,0.0037366512420375342
178,0.2970277691832718,0.5130797791640683,0.0004860209473894034,0.12365879182738082,0.0657476388778897
179,0.07852578427684849,0.8418802879261333,0.007850567590085799,0.06028703795809848,0.011456322248834007
180,0.31027846932460634,0.44064327176828716,0.0003943087212523609,0.15243414330058191,0.09624980688527213
181,0.10966482642880873,0.7923488177791282,0.0009502466139803881,0.0858145114369928,0.011221597741089792
182,0.13368081737617798,0.23909916100843517,0.00039411747630489655,0.05348129631748533,0.5733446078215967
183,0.145871224179301,0.034847867546598896,0.0003315708447412909,0.0395907344205804,0.7793586030087784
184,0.02701758275329228,0.008690903429825514,8.035519271772178e-05,0.006344736071187981,0.9578664225529765
185,0.019858421605416628,0.002035350212615426,1.4859761274588574e-05,0.0016841492446612902,0.9764072191760321
186,0.06673777821874528,0.005197810215424533,4.318663056037226e-05,0.007098767724633292,0.9209224572106365
187,0.024302962441279226,0.0032842233309802555,2.9041925834804352e-05,0.0030295789967678347,0.969354193305138
188,0.012341781816622831,0.0016836006642632897,1.2574267617607826e-05,0.0020035735670604214,0.9839584696844358
189,0.005595789763941732,0.0008469969919712154,9.04285631082568e-06,0.0008009850762900957,0.9927471853114861
190,0.0044559893568519434,0.0006914794726293975,1.1432163215488098e-05,0.0006283069777356431,0.9942127920295676
191,0.026827612386568986,0.0016012680275359068,1.5458025508832673e-05,0.0008739415238120857,0.9706817200365743
192,0.07488779076611675,0.001117426180529756,1.1552595960505709e-05,0.0011881979866753094,0.9227950324707177
193,0.23560809961464219,0.004550604472971733,0.000135504742312395,0.0029518599742525096,0.7567539311958211
194,0.352588057196091,0.014549163262032531,7.863118791995671e-05,0.004038910263704932,0.6287452380902516
195,0.517817740398529,0.018460020280808252,0.00010256032434898483,0.0051853009680671545,0.4584343780282467
196,0.7551531489950027,0.07479728459382473,0.00010448744758360605,0.003563887824343841,0.16638119113924507
197,0.6821104178936168,0.24248931870968132,0.0013687646331689283,0.008792000293526626,0.06523949847000628
198,0.25578203092399726,0.6704642621768184,0.003992115409755991,0.004883890445549901,0.0648777010438785
199,0.3025944599874871,0.48195304393130234,0.023458414270226054,0.01947109437023978,0.17252298744074474
200,0.057532317523531454,0.8093837556111161,0.08840699496341788,0.025894573499464894,0.01878235840246962
201,0.06564900762157143,0.8128707962837203,0.047364572413739085,0.05345685868458735,0.020658764996381827
202,0.10170161417500279,0.6241080003101296,0.033748372819212266,0.19353175509766782,0.04691025759798763
203,0.16665908025367251,0.11861800326379725,0.0033153794933136267,0.15384907666950082,0.5575584603197158
204,0.29789349384552594,0.23780350559320065,0.0016244207379139612,0.4418480296476462,0.02083055017571339
205,0.18304654978839832,0.4961610799419385,0.003723784488110313,0.304949953216723,0.012118632564829932
206,0.07094255956418599,0.052692609936721244,0.0014245415332202144,0.8467869298817584,0.028153359084114208
207,0.009863434878338824,0.011967274725024107,0.0001344975772864399,0.9755667997622791,0.0024679930570715575
208,0.009068508140310535,0.0050301135012703795,0.00010405211096864172,0.9747047733111159,0.011092552936334479
209,0.007202258852710984,0.003373896301255513,0.0001199176205876728,0.9857375222320176,0.0035664049934282303
210,0.006921862596050443,0.0054761676445127866,0.00016070855453480902,0.9815124125451002,0.005928848659801568
211,0.022604813910814772,0.0068851056639112045,0.00013367844842994555,0.9623932198962296,0.007983182080614559
212,0.014476931159111408,0.010813328016486788,0.00018147887927137186,0.967796499279019,0.0067317626661115345
213,0.008069847212397953,0.00731453316887215,0.00016868577773113442,0.9670219554202034,0.017424978420795382
214,0.015537529735951095,0.009394878599259531,0.00026132176656918596,0.9622706333935542,0.012535636504665857
215,0.007287887284964876,0.006137645280966532,0.00026446307846921484,0.9739413025146881,0.012368701840911295
216,0.024494143082149648,0.006985366286786323,0.00028706940381770636,0.9562817616555142,0.011951659571732073
217,0.011924872453830082,0.006092018515659937,0.00020524859477829343,0.973362068592046,0.008415791843685759
218,0.012750733128175337,0.006437613318257515,0.00032564083347323366,0.971647331136739,0.008838681583354931
219,0.011042973099709204,0.004513389543822753,0.0001603942051508846,0.9699420306159228,0.01434121253539456
220,0.013939412867435275,0.0062827569179715725,0.0001176173376761495,0.947426404617086,0.032233808259831104
221,0.057886447784577584,0.0054236746690971786,0.0001118212354868171,0.8362796144068884,0.10029844190394992
222,0.1099548936341597,0.009898688683579775,0.0003475102278526262,0.7950145443036454,0.0847843631507625
223,0.08359215732539693,0.010489907117006508,0.0002197106332559966,0.8802460443091056,0.02545218061523493
224,0.11540189623331298,0.012165954607131262,0.00014169851632905628,0.8319117892257327,0.04037866141749396
225,0.0825377776080519,0.011886881136893112,0.00020404357352091676,0.8766447203595598,0.028726577321974256
226,0.06475284459621318,0.005309988320225498,4.766258105381642e-05,0.9156677394941986,0.014221765008308924
227,0.06743531942185048,0.006627188309534128,0.00012142929634851373,0.9018172784472521,0.023998784525014683
228,0.038412563553973975,0.006617851193569415,4.12475935120534e-05,0.9491705074160836,0.005757830242861033
229,0.006599725454295189,0.002058485974577254,4.3232494041264694e-05,0.9889380100720793,0.0023605460050070176
230,0.005254648666239292,0.0015613388617032092,2.6640893364707368e-05,0.9906324730098623,0.0025248985688304092
231,0.0037882012859087287,0.001573639068563468,3.335185533148227e-05,0.9933196353980102,0.0012851723921861364
232,0.005891800704216282,0.0020503105687146024,4.1924609982854755e-05,0.9885588279708764,0.0034571361462100167
233,0.005057778176545411,0.0022812596780432967,6.213995731816987e-05,0.9893269138304199,0.003271908357673241
234,0.005872789603960655,0.002112443324276111,6.667966065218307e-05,0.9876283781062407,0.004319709304870357
235,0.006643363763168992,0.0033133847710065637,7.739669234376077e-05,0.9830952273467491,0.006870627426731646
236,0.009532634152210223,0.0036728362118184465,0.00011208148331991862,0.9771240617804936,0.009558386372157763
237,0.005640728709755021,0.003100049038072511,0.00010363704511979697,0.9881812214883741,0.002974363718678607
238,0.005532489642590838,0.00235729209164432,0.00014011776328786687,0.9887248008113656,0.003245299691111295
239,0.007501918819504094,0.0039564558919038435,0.00010926980288777088,0.9837938140814365,0.0046385414042677715
240,0.0029962841775237146,0.001610975315480164,5.9186850464708307e-05,0.9926708120230547,0.002662741633476846
241,0.005721900741243639,0.0030562968712720363,0.00010122090560475915,0.9872521643972401,0.003868417084639388
242,0.013024963653558711,0.0037670957655242623,8.105220268354243e-05,0.9697306654253901,0.013396222952843503
243,0.09431895575451549,0.007225479580052303,0.00015805981291039568,0.7746749365005532,0.1236225683519686
244,0.25590751187701044,0.021344262408213716,0.0003551718828917024,0.6146276963218099,0.10776535751007425
245,0.4553544526026344,0.03567845814271422,0.0003565490726827511,0.4754724968857552,0.03313804329621328
246,0.21592770080415724,0.015137208887914366,0.00017156280152396406,0.4855789297210472,0.28318459778535726
247,0.5507492122828131,0.04348542553547135,0.0002271594829564424,0.32592659267739665,0.07961161002136254
248,0.6030166581592385,0.15479666409704665,0.0009440355811603933,0.22894661623054363,0.012296025932010771
249,0.3651382308614798,0.5995092744568302,0.005345117579575332,0.02490022855814626,0.005107148543968355
250,0.02326147391856899,0.944307988170505,0.02613024276746109,0.00372263847342637,0.0025776566700387205
251,0.04775259484272722,0.867476268027974,0.0635259164440082,0.01417433524765061,0.0070708854376401176
252,0.05066242201844701,0.827945198412331,0.106801849426054,0.008810595284035234,0.005779934859132914
253,0.04110601728151494,0.8331543733786816,0.11420725363447906,0.007723167375735315,0.003809188329589162
254,0.05133890961421404,0.8011363241378456,0.13333622580277077,0.007866011096469918,0.006322529348699609
255,0.04325920620156358,0.8281264041699175,0.1197660702637151,0.004440779877041157,0.004407539487762604
256,0.03370453583117988,0.849599949298227,0.1106930278138886,0.0033394175901015908,0.0026630694666026173
257,0.031968482083276045,0.8278308895662777,0.13181996199584814,0.004765988695689083,0.0036146776589088964
258,0.1109820306381923,0.7586062488850399,0.11185511162661341,0.01127552464313575,0.007281084207018495
259,0.018937124449705914,0.8163433212899193,0.1568899781606908,0.004647870741951894,0.0031817053577322084
260,0.033697351055238085,0.8420134254253191,0.11275050337484897,0.005390020964417233,0.0061486991801767464
261,0.03042866083463711,0.8918343353999478,0.06859698098700967,0.004780421962302624,0.004359600816102626
262,0.07468675502201973,0.8504808800646498,0.05435682163364448,0.013691182391881435,0.006784360887804326
263,0.04057031414195883,0.8701672416746045,0.07750135151138526,0.006934585347360483,0.004826507324691046
264,0.045959854328538614,0.8438008225456947,0.10054593532318179,0.0032581593828081264,0.0064352284197769045
265,0.08616273065291598,0.8600206617494981,0.03853337939671231,0.007840130118339918,0.007443098082533751
266,0.008464085392530152,0.8059292888805594,0.18306032150678397,0.0006935000421312129,0.001852804177995296
267,0.033244613604219174,0.8718196915856203,0.08767073774982109,0.002276695788825658,0.004988261271513566
268,0.029534542191430327,0.8352497789595305,0.12722841221138834,0.002449903074886228,0.00553736356276479
269,0.029426765233601136,0.874438736508629,0.08905384810564171,0.001999754057732255,0.005080896094395905
270,0.003674552647320913,0.7724921034948289,0.22125085775437098,0.0004928091479069919,0.0020896769555721825
271,0.006599375010331926,0.6767217001140717,0.3131017724835232,0.0005869726943882814,0.002990179697684859
272,0.0021271352092743436,0.6258094070773149,0.36895438433478916,0.0004733905183927115,0.002635682860228981
273,0.008801716886766712,0.638321493931986,0.34864936922828815,0.0007848280661011554,0.00344259188685798
274,0.004805460324076378,0.5019240494838028,0.4898493028277879,0.0004992754888626331,0.0029219118754703487
275,0.001204423047756077,0.5685681515613675,0.4279873594044945,0.000207318600952205,0.0020327473854297572
276,0.002463730947040682,0.6862405940407531,0.3087305232639962,0.0002799714897675775,0.002285180258442441
277,0.0027835304881078686,0.49716478068545217,0.4952107339319573,0.00035520310422253084,0.004485751790260093
278,0.000992922851280316,0.39188039297990607,0.6040046096024888,0.00012080276938929496,0.003001271796935409
279,0.0023153693416460134,0.5675781443752154,0.4273168602419351,0.00022267268845296422,0.002566953352750618
280,0.0014166753345401354,0.3408790245549644,0.6554150488935476,0.0001718644535474305,0.002117386763400417
281,0.0024784636409551407,0.39816956375296436,0.5960668439373995,0.00014203510737742744,0.003143093561303553
282,0.01099357933808228,0.5108347543511603,0.47066548773532285,0.0007615485273998928,0.006744630048034598
283,0.0015983712063717705,0.4254129389894083,0.5692161328455776,0.0001809570493120002,0.003591599909330373
284,0.002843515545204291,0.29024003588592795,0.7000429283442586,0.0003066595008647431,0.006566860723744378
285,0.0024484644538351457,0.4874392948918875,0.5059594731708538,0.00019932785318427836,0.0039534396302392475
286,0.0018886833955377266,0.2605961270120787,0.7342341090141028,4.362913088880407e-05,0.0032374514473920203
287,0.0034718524727168874,0.38372357098091114,0.6060220135720212,0.00020896460012475072,0.006573598374225887
288,0.0017794935159564783,0.31106008269079494,0.6820797749485696,0.00010511157448649898,0.004975537270192487
289,0.0020105100898669117,0.2574676328901457,0.7317827399413571,0.00018361892277154267,0.008555498155858952
290,0.0012540288226432594,0.27273090789181453,0.7224807992581203,0.00012236090563715627,0.0034119031217848548
291,0.0011276407562392419,0.2607133865352169,0.7334813433141864,0.00013350125199672287,0.004544128142360662
292,0.0015285808618995546,0.3770117817270652,0.6123005801935338,0.00020579593504830969,0.008953261282453138
293,0.001547262905904379,0.32133033253428867,0.6740658798275715,0.0002179230007535547,0.0028386017314818803
294,0.0011802444005714068,0.14267489279429194,0.8531020966499124,7.462380033848965e-05,0.0029681423548857037
295,0.0026236604130187606,0.25126801846897984,0.7413469962740455,0.00011559691207472653,0.004645727931881171
296,0.00403664760247536,0.31986989778867325,0.6717070613292029,0.00012828539171681576,0.004258107887931591
297,0.0021279938459772283,0.2708243311055844,0.723438554808197,0.0001249106315959755,0.0034842096086454195
298,0.0013197744012732001,0.2623944717327672,0.7326829216034723,5.755374924298431e-05,0.0035452785132444264
299,0.001644320671320987,0.32667108763414626,0.666374585498022,0.00011456942766988556,0.00519543676884082
300,0.0015644637822018438,0.23444855075502138,0.7583036804788523,0.00012468184788758075,0.0055586231360368115
301,0.0017869755326061646,0.29718164224573645,0.6962975980206967,0.00015400292058014673,0.0045797812803805744
302,0.0031914605175471992,0.34062962538150865,0.6524308442459836,0.00026132037772274197,0.0034867494772377527
303,0.0011707144922523422,0.316868290293189,0.6788257903147416,0.00011478122225907128,0.0030204236775579563
304,0.0022624124321544174,0.2151028243164561,0.7776549723643296,0.00018434031238254855,0.004795450574677324
305,0.0017998948453383204,0.2973770165186185,0.6971695146650833,9.849320183259021e-05,0.0035550807691272627
306,0.000857594684888651,0.19610193232484402,0.7983259737252741,6.571580104228429e-05,0.0046487834639508605
307,0.002110943396880786,0.37863097333868745,0.6122000210325723,0.0002417990202630705,0.006816263211596459
308,0.0021719538043639378,0.3479973326266858,0.643283925191004,0.00046215926010695384,0.006084629117839189
309,0.0029582372117645164,0.24646174035125704,0.743486252091972,0.0008439467611843009,0.006249823583822047
310,0.003553287257814369,0.14448836474931698,0.8410856016657396,0.0011980009626494214,0.009674745364479782
311,0.1957460872032199,0.5805408592022087,0.1058787068469409,0.07892650918925335,0.03890783755837736
312,0.13375675963720934,0.611735014248299,0.13440121750213802,0.07741851672973951,0.04268849188261413
313,0.10517753387709171,0.07324765267814444,0.0004283677634538023,0.026413035963165774,0.7947334097181442
314,0.5521503404861468,0.11267804419983686,0.001075464066015593,0.04928663288413238,0.2848095183638685
315,0.6990645604200146,0.07298962921508118,0.0009748945063488921,0.018576058951748107,0.20839485690680717
316,0.6235267008658781,0.22478870944151183,0.0008792930852523586,0.02058304841296446,0.13022224819439304
317,0.4184535335626788,0.36117037648640643,0.002765382697584673,0.03146450314748118,0.18614620410584903
318,0.27726393820747364,0.5495825770406463,0.0033604881722551464,0.01287219539358974,0.15692080118603527
319,0.14406054178351646,0.4314304165505829,0.01821600871972184,0.019708547250039267,0.3865844856961396
320,0.24148612280876972,0.4595262192872595,0.014228900236864904,0.05500469949711305,0.22975405816999267
321,0.14774636186691437,0.5159026742967494,0.04391376311334643,0.01368694068548058,0.27875026003750913
322,0.1469305693049136,0.4064771992373089,0.03241974891591368,0.020353314729833604,0.39381916781203014
323,0.15965619843688092,0.42779187133117896,0.013459843202158641,0.023507438885505088,0.3755846481442764
324,0.216089462115976,0.2554742385126745,0.009284250632812827,0.026099120542510852,0.49305292819602586
325,0.12191079465693896,0.376056442667465,0.08028228827388242,0.006469302865519941,0.4152811715361937
326,0.18355576493386974,0.18318611009964317,0.056427537927319874,0.008218705026015339,0.5686118820131518
327,0.10224265058483709,0.3352149271389794,0.10934047372790355,0.016983979749797797,0.4362179687984822
328,0.06458268026984226,0.23820063058099147,0.13666101740766212,0.018128729677811328,0.5424269420636929
329,0.028101012093159735,0.18250041334705383,0.05944306880059849,0.005346258021409879,0.7246092477377781
330,0.08730233993163845,0.15600069094241006,0.05675369531728251,0.006405832946034628,0.6935374408626344
331,0.06268417742475726,0.21380463256256174,0.08775457347644945,0.006989053626315405,0.6287675629099162
332,0.03603070119078454,0.1001309151657943,0.03847987561637862,0.006347752330620417,0.8190107556964221
333,0.10488290103928045,0.3420047026277955,0.2090932428812457,0.009933254736064358,0.334085898715614
334,0.12830141293178118,0.39347971017130956,0.20733802896637654,0.009172912159951696,0.26170793577058105
335,0.07193472902584172,0.4871720608184408,0.2960709215759282,0.006786641843581913,0.13803564673620744
336,0.05367166426372544,0.538437111624174,0.29359749251333894,0.007935756629569576,0.10635797496919212
337,0.08553424448645133,0.5705234474684818,0.1701818350272246,0.011931086602752857,0.16182938641508934
338,0.05840841043487525,0.4544289509417388,0.1870769207166674,0.01604659481937861,0.28403912308734
339,0.09624178803800819,0.6176754852806399,0.1512043452455918,0.013752725437025519,0.12112565599873458
340,0.051718267119150334,0.4146209446499335,0.26772784458037097,0.015411530726986162,0.25052141292355906
341,0.019085439566743415,0.1515640159860086,0.6532784400591395,0.0069835682724574384,0.16908853611565097
342,0.03339109093973943,0.41893603624120346,0.3871856541223901,0.015126285641531418,0.14536093305513564
343,0.06421247346602794,0.4776797963193515,0.26113082258904713,0.03396489546576271,0.16301201215981062
344,0.0605759523541925,0.44285537551707654,0.05967648554209844,0.011883181380294533,0.42500900520633794
345,0.025245055499652284,0.025943410164048643,0.0010742626965188245,0.019959031487269706,0.9277782401525104
346,0.23210011323447158,0.034192484716256966,0.0014334604799580645,0.04306591781983496,0.6892080237494784
347,0.4307118428954373,0.04867270851331912,0.0012746772769773034,0.02885963777379416,0.49048113354047207
348,0.2680720364001032,0.06897104998449928,0.0007322449211258659,0.024620406564862047,0.6376042621294097
349,0.417427109913292,0.43103365399349564,0.000611942431893436,0.024946194905804242,0.1259810987555146
350,0.36444710609522585,0.4096425268747889,0.0019487346230326128,0.05544750868609235,0.16851412372086033
351,0.27945487481662445,0.48365408187094766,0.007900601413809006,0.02319674292714089,0.205793698971478
352,0.12818281672936344,0.6373269542420926,0.01993379400742038,0.017375419046344154,0.1971810159747794
353,0.12699874076787807,0.6397846936975425,0.020218390385575408,0.023987895531938384,0.18901027961706574
354,0.06301228802572062,0.6070104479783107,0.05012602952254602,0.011543737505160082,0.2683074969682625
355,0.07133889728181611,0.5599393055025719,0.1378828469671775,0.009858070075964852,0.2209808801724697
356,0.14463986125122918,0.4647035044655883,0.18360223316909632,0.02030712346733315,0.18674727764675303
357,0.055830256517425327,0.665676908379238,0.041785948469012,0.009786192573093636,0.22692069406123094
358,0.17690566804343566,0.5231610789577078,0.03226144764384861,0.026949770546471293,0.24072203480853666
359,0.15453185171338613,0.5828202185737399,0.05128944307401383,0.024752233760850815,0.1866062528780093
360,0.07690659955725476,0.5866430751627415,0.14533978258935187,0.0071606056259800295,0.18394993706467183
361,0.0944637158851095,0.6556616986783874,0.11540132558967434,0.013413432081603406,0.12105982776522546
362,0.031049308089700196,0.3290979928386665,0.4972507946111916,0.009088471514037832,0.13351343294640397
363,0.12141492207109586,0.4102337667541243,0.16983998723744567,0.018633134869546694,0.2798781890677875
364,0.15872436015601732,0.44352932346430807,0.20117403922373522,0.02476376688794541,0.17180851026799407
365,0.07185522670922848,0.5698676144538569,0.211053348926011,0.016680598029603283,0.13054321188130047
366,0.10423593026629943,0.39921648372930596,0.30503013360256365,0.02303073572757578,0.16848671667425508
367,0.10435920609057533,0.3646009224386904,0.25545595727430637,0.03979427193369965,0.23578964226272817
368,0.11552694033557188,0.38170215207983926,0.17571110424255196,0.03156775467021521,0.29549204867182155
369,0.11406844226412508,0.4873118144344156,0.2048422870086062,0.0185699040600927,0.1752075522327604
370,0.12840791514109026,0.6212260336493802,0.14707552194639376,0.013943787760427399,0.08934674150270826
371,0.2648000893399716,0.49729294522973483,0.05069039732935095,0.036867446343011645,0.15034912175793103
372,0.21805129801676695,0.48456770382358777,0.09184305418451769,0.024826772231018174,0.18071117174410944
373,0.26138766578234035,0.5566956293895199,0.060861576110490645,0.02496984966909248,0.09608527904855661
374,0.15775155470506683,0.6544809108146614,0.05625642509955492,0.01914462468947704,0.11236648469123982
375,0.18147674315222798,0.6359785287383807,0.03895493189082229,0.04775170633105419,0.09583808988751494
376,0.17999574519623543,0.6355001018255776,0.07540700243642393,0.01774701175418326,0.09135013878757978
377,0.1600794211589606,0.5054171160975127,0.1526023324985289,0.023660587718572393,0.1582405425264254
