epoch,N1,N2,N3,R,W
0,0.005447170204432237,0.0005008348799634401,2.4194203315621777e-06,0.0004084613448757,0.9936411141503971
1,0.043874591927333194,0.004671176580336962,3.196744058483853e-05,0.0009352782059842971,0.9504869858457607
2,0.019269340966395244,0.00037150303087985767,7.201489045685451e-06,0.0002989048748495122,0.9800530496388298
3,0.015299142138238098,0.00047794635441967604,1.1563246493632666e-05,0.00026290424356388125,0.9839484440172847
4,0.003696809121465514,0.00026377183974306663,4.4566642604746345e-05,0.00017832877059200932,0.9958165236255946
5,0.0004720696052753945,9.033824549071051e-05,6.701040751840205e-07,7.815053726851149e-05,0.9993587715078902
6,0.041605064650629166,0.002584850785108946,4.572393337719062e-05,0.00108933780237613,0.9546750228285086
7,0.199618683104314,0.006661593692604667,7.982436003500481e-05,0.005475804177570283,0.7881640946654761
8,0.5405483661357522,0.01815505867358752,3.1502828017297927e-05,0.00447369794089476,0.43679137442174826
9,0.2941420301118749,0.04457796470247271,4.6252479904223135e-05,0.015876924082594494,0.6453568286231537
10,0.35874756116136897,0.15446287707638723,6.152864502881863e-05,0.00971145740694321,0.4770165757102717
11,0.35457165189268164,0.04864488478938267,0.00024425601076685484,0.014371419134595475,0.5821677881725733
12,0.371917029970035,0.11947862562715808,0.0016110076840548239,0.0053446343718992284,0.501648702346853
13,0.26556465647780075,0.4219302802651013,0.0008817571725946148,0.0016487957168156168,0.30997451036768764
14,0.3347502353156036,0.5027884292195376,0.0007952991043309044,0.02776409138094969,0.13390194497957827
15,0.18746944795606313,0.6711411410683203,0.001209106797577549,0.024743919473726218,0.11543638470431274
16,0.2518997515571542,0.6388448921562532,0.006164591128890105,0.024254561806705068,0.07883620335099738
17,0.2148138703533603,0.5428237651794647,0.00147916757774161,0.1533682793918931,0.08751491749754037
18,0.015654937160341897,0.9474474376118799,0.007351889921201505,0.01045239929877397,0.019093336007802674
19,0.04195086779722563,0.8936811968725631,0.0022730824633790084,0.038794304250689214,0.023300548616143307
20,0.06511875936963694,0.8483706993411158,0.0012707712758733268,0.056569154654068046,0.02867061535930607
21,0.07874654907838151,0.8933324335494872,0.0072581958357547105,0.011044189118246797,0.00961863241812967
22,0.18658589608126988,0.7606680568821986,0.0006141171035651763,0.029581551585596735,0.022550378347369577
23,0.11656026327589929,0.819540200637261,0.05271214468404032,0.004772512323217676,0.00641487907958188
24,0.06413431356201182,0.8875459081395268,0.0036740424214844218,0.012427999907102315,0.032217735969874824
25,0.010035832838996811,0.9674779862949302,0.015690055256282576,0.0014908864252922405,0.005305239184498176
26,0.012335679305815132,0.8741850388155403,0.10435920341236107,0.003385843317075049,0.005734235149208419
27,0.06208565339621784,0.9033469216831626,0.008995409284706561,0.008741230932402538,0.016830784703510668
28,0.02172222625699901,0.9476341721987015,0.01619026516287701,0.0037759771117770865,0.010677359269645373
29,0.04396527824973703,0.2993114934011612,0.020118591800102944,0.0029657489811010912,0.6336388875678978
30,0.19395262975566752,0.08661987686369478,0.0002592378914655807,0.006801293069144811,0.7123669624200274
31,0.406293869259564,0.29182033661803186,0.0007581148597620871,0.006832714741275237,0.2942949645213668
32,0.5992348714791544,0.2825109110514657,0.00034401146592976815,0.005688828055414889,0.11222137794803529
33,0.5476598943675253,0.3213124027393559,0.00040375202614373904,0.0199464071505389,0.11067754371643611
34,0.4209075790256094,0.5085218544883223,0.000411178042758146,0.00546091493735503,0.06469847350595519
35,0.37123367506008864,0.593407274012126,0.0007154494762732993,0.005424517211355853,0.029219084240156065
36,0.26058367749045835,0.7084101146810263,0.0028685971079687343,0.007291495857579616,0.02084611486296707
37,0.057212734916098705,0.9309665465826186,0.005255182996447057,0.0021422571016778192,0.004423278403157817
38,0.05198314027530404,0.9296364507857682,0.011066537050888945,0.005176128555777197,0.0021377433322617356
39,0.007102490199967222,0.9235113425490499,0.06618938241879017,0.0019649171781497424,0.0012318676540432182
40,0.007946307711478418,0.9298067463259195,0.04620051003034266,0.0024725898909676216,0.013573846041291597
41,0.01084228505321047,0.8644249662083368,0.12193400965529157,0.0014159635640398007,0.0013827755191213264
42,0.004178525278837868,0.9536244407542143,0.03951679644856978,0.0014263086529209795,0.001253928865457146
43,0.0028640653943773284,0.9428211787363656,0.053315581810246,0.00042089407748637685,0.0005782799815244933
44,0.0013570693157253543,0.8620997205682679,0.1347945981846743,0.0003421715524661572,0.0014064403788662447
45,0.0007254175252987739,0.7050668442249672,0.2937164004726619,7.915952106914013e-05,0.0004121782560028544
46,0.0009051107601256803,0.5130908957684478,0.4846590533839285,0.00022455127274717914,0.0011203888147508906
47,0.004913216169573665,0.5498401887414831,0.44388308786628705,0.0002683846971366298,0.0010951225255196612
48,0.003475497543774474,0.4356929688620291,0.5595295453838497,0.00045227172627737523,0.0008497164840693276
49,0.006278300352370078,0.7546242713725568,0.23680454829258243,0.0008895572824430157,0.0014033227000474907
50,0.0019855479072071074,0.5331552939251147,0.46366951066121986,0.0003265809903254392,0.00086306651613274
51,0.004369984117263349,0.4624551081463492,0.5316533037325902,0.0006865591112705909,0.0008350448925265958
52,0.007341288931616995,0.906988681618054,0.08066273299884782,0.001559563638206802,0.003447732813274325
53,0.0037385581061096457,0.4905803871787553,0.5045992630182834,0.00039624637790475507,0.0006855453189469545
54,0.0011494072079120735,0.7884979170112464,0.209775660635092,8.111662939602842e-05,0.0004958985163536506
55,0.0017534524052221488,0.5465342448260592,0.4512770304982334,6.446960162520568e-05,0.00037080266885999077
56,0.0006156328232248626,0.26355152919860125,0.735463580663,6.808338256199116e-05,0.0003011739326118608
57,0.0013908529694802302,0.46221154420765864,0.5355724552331421,4.203755128960476e-05,0.0007831100384294377
58,0.0006932597383342989,0.24893110168240493,0.7499073035051355,2.725959321392252e-05,0.00044107548091144394
59,0.0003460198034742224,0.12414076588281707,0.8750858707463225,1.4012415811063128e-05,0.0004133311515751704
60,0.0012647468817597082,0.40292332246632867,0.5953254467255573,4.745565931406658e-05,0.0004390282670403057
61,0.00040737479295015037,0.14441639714793306,0.8547412940805943,2.6600119682850594e-05,0.00040833385883971303
62,0.0011534424060108152,0.4665900736326003,0.5317511798219026,2.6478767416925976e-05,0.00047882537206927453
63,0.00023817765449175385,0.05587354158990819,0.9436599343951615,9.64440481940705e-06,0.00021870195561887165
64,0.0017004706519682697,0.32321987580944767,0.6744159176536905,7.369432131066047e-05,0.0005900415635828938
65,0.00035451815968912635,0.10453981271430034,0.8945751603548698,1.4441237614630072e-05,0.0005160675335259982
66,0.003477257668157415,0.3323511204993926,0.6631132421264089,0.00012131730587501702,0.0009370624001660458
67,0.0005131927546808973,0.197797654322982,0.8009345932255371,3.658823659230702e-05,0.0007179714602077591
68,0.000816933419016521,0.27147765339279634,0.7271522268162902,3.1844178412945695e-05,0.0005213421934839357
69,0.0013345743184891852,0.3733574143566648,0.624433487244666,4.236872508447938e-05,0.0008321553550955204
70,0.002074825129008795,0.3981997987968652,0.5990449041721473,0.0001069904419545689,0.0005734814600241221
71,0.0020095854073863906,0.39150344164787126,0.605900782672961,2.8615190461129456e-05,0.00055757508132026
72,0.0033085095913769663,0.4384858886570068,0.5576220112513911,3.6119243298814287e-05,0.0005474712569263435
73,0.0009262838455010989,0.3459856676346308,0.652752109778295,4.938382152791675e-05,0.0002865549200451835
74,0.0027932358030152886,0.3893759348208496,0.6071652208445876,9.514665525203914e-05,0.0005704618762956293
75,0.0013413500228938724,0.48228251166189035,0.5158612671421318,0.00011592559777579402,0.0003989455753081216
76,0.0007088901166648641,0.19289735299269228,0.8059871762778477,9.668960597463125e-05,0.0003098910068206919
77,0.0003633180805490011,0.1751676717761273,0.8242185671099521,5.716752220472366e-05,0.00019327551116674223
78,0.0008413686662844837,0.4000010557721378,0.5984227616288302,0.00020142775518620476,0.0005333861775613551
79,0.0011989990148440206,0.3624744354652645,0.635435899457776,0.00033238023348461463,0.0005582858286309074
80,0.0017335263020877415,0.4254460294962245,0.5716191378799855,0.00041807384674800204,0.0007832324749542787
81,0.044214325819550926,0.650145208280654,0.14017809090127584,0.0004267087573038481,0.16503566624121538
82,0.05774937736445377,0.9049300092525974,0.023882827219788367,0.0005551891180822081,0.012882597045078237
83,0.0813019333151834,0.8992411773017275,0.005753965263798441,0.0010487580179193755,0.012654166101371172
84,0.08385910966045954,0.9061921626445302,0.001975597996490669,0.0006879295258734576,0.007285200172646287
85,0.012533537213217903,0.9801362194089278,0.004004154830238657,0.0022061564929558406,0.0011199320546596522
86,0.027570151096379017,0.9512531175776302,0.017732601016847992,0.0014566689970627268,0.0019874613120799286
87,0.019276339769555638,0.930962499683117,0.041379257985394755,0.0018703028469437642,0.006511599714988806
88,0.022777686502480687,0.5989698213500485,0.1564275695807483,0.0007829334966050009,0.22104198907011746
89,0.07215364695928782,0.04971610280027257,0.0001381019245397391,0.004691471203563187,0.8733006771123367
90,0.5052312988648039,0.2854473173266539,0.0004828119591430613,0.015660041079621455,0.19317853076977762
91,0.2330586922090518,0.6234104004354576,0.0023710636130326876,0.003157112783746089,0.13800273095871185
92,0.18314908476154748,0.7041410185251703,0.0020723340432375983,0.0022553135668578884,0.10838224910318665
93,0.03194599778273427,0.9354746696596944,0.0019083767009542747,0.0023379228199211233,0.02833303303669592
94,0.06960867613270323,0.889944935824111,0.001146349820550021,0.011520768334016837,0.02777926988861868
95,0.03869588453976869,0.9288941638809739,0.002027434318028558,0.0024618981084547566,0.02792061915277391
96,0.08454263787013655,0.8703500497222534,0.001896735588913288,0.005560547051650514,0.03765002976704622
97,0.1294678283646431,0.8463806097070288,0.0031210997632818553,0.002224571708121132,0.01880589045692519
98,0.024050616937297663,0.965000982795246,0.007498404472063253,0.0012862584428550994,0.0021637373525379535
99,0.056128875889924414,0.9290849441371579,0.011461334048704827,0.00195579649491864,0.001369049429294172
100,0.02496173380988876,0.9472048324282715,0.01749190444848778,0.008817067254621433,0.001524462058730597
101,0.022396302756906534,0.9374244319549677,0.028844648504623784,0.009049402901038114,0.0022852138824636424
102,0.013208048311906162,0.9075089953737265,0.07023722494301811,0.007572379132136419,0.0014733522392129461
103,0.010959103067369746,0.9043236191487003,0.07922909501991897,0.004456806417111843,0.0010313763468991666
104,0.0008992935122668572,0.38879060880147126,0.6095649493059067,0.0002991951510708984,0.0004459532292843639
105,0.006728690845265636,0.5949977309051425,0.39644415369961045,0.0010439361976605516,0.0007854883523207777
106,0.005246906717154531,0.5026206792568366,0.4909486767374447,0.00037537615236238987,0.0008083611362017767
107,0.005883927797030678,0.5891024431006968,0.40250854803441083,0.0015038954826377404,0.0010011855852238671
108,0.027924060301295853,0.5310375885237907,0.4352895041543062,0.0031135056235276092,0.0026353413970796793
109,0.0034560989230519538,0.6333593562084979,0.36146946413924863,0.0006797468567126342,0.0010353338724888134
110,0.0011369733329346411,0.10986544432004282,0.8870631913895451,0.0006978499792412042,0.00123654097823594
111,0.005066003682988126,0.593605058237489,0.3988299009717473,0.0009978330605649448,0.0015012040472106205
112,0.00217169250830518,0.5084497205072036,0.4874153853354931,0.0009983489326983001,0.0009648527162998021
113,0.007984278387027461,0.7310897195112752,0.25799241838604775,0.0013528601659108953,0.0015807235497387207
114,0.003529314950245574,0.66400797127715,0.33148779646757154,0.0002902959396649337,0.0006846213653677032
115,0.017494910320104494,0.8846099067341138,0.09511523241057658,0.0020993634413313303,0.0006805870938736474
116,0.009405088306551856,0.4414049359638547,0.5475918912767459,0.0009604583307749592,0.0006376261220724564
117,0.008620029139010487,0.5696344389899548,0.4178200422612424,0.0031181173471400733,0.0008073722626522221
118,0.0037641373251868695,0.3724171318867935,0.6220716384170353,0.0009395547140043579,0.0008075376569799922
119,0.010359794346980127,0.8005067826276636,0.18380429687853958,0.0034405463827738925,0.001888579764042679
120,0.0064648699988445885,0.895650064243424,0.0902022660866701,0.0003593153777661305,0.0073234842932950964
121,0.03937955572660693,0.016902429484296516,0.00015002230773788388,0.00017726301294754065,0.9433907294684111
122,0.4115737136476122,0.5697764022535377,0.001523771661505752,0.0009612856641468904,0.01616482677319764
123,0.22050763422338007,0.7591981621991254,0.010701008810966207,0.0004174704353541068,0.009175724331174124
124,0.21676445487495405,0.775387355724761,0.002066624735402485,0.0018813310956889212,0.0039002335691936695
125,0.03044518508568042,0.9501871350779828,0.014632030088068688,0.0035908652023462087,0.0011447845459216983
126,0.01361297783651657,0.9305577123559515,0.051982269919437656,0.0027866965173290238,0.0010603433707651756
127,0.00831642522298742,0.9759322797747632,0.009889538872096107,0.004915409192620624,0.0009463469375327333
128,0.015114320233381497,0.9716211786733898,0.002787167451228918,0.00882784508680004,0.0016494885551997537
129,0.007871863243081255,0.9793931193357066,0.009803134138088776,0.0013556088495552605,0.001576274433567956
130,0.11931306271807735,0.829386049531524,0.0009304984922740457,0.040763149987653034,0.009607239270471418
131,0.034477097154849305,0.9500779711823597,0.005330265109546532,0.007192400105855105,0.0029222664473892374
132,0.1222917631310799,0.8309334711426549,0.0019394556328425037,0.024467934720724716,0.02036737537269797
133,0.18045590416455956,0.7638080113715877,0.004482848981641132,0.027464839119011174,0.0237883963632004
134,0.12671629105918164,0.635300531387274,0.001962859619750721,0.00794333747911936,0.2280769804546742
135,0.1716965685300049,0.031075691585684875,9.589723839861643e-05,0.005818194405328437,0.791313648240583
136,0.5104032973842147,0.4148058408401856,0.0008154744358399846,0.019281988268058485,0.05469339907170116
137,0.38511522224220773,0.5466229072626101,0.0012968635885418826,0.019122342882652042,0.047842664023988214
138,0.14560738885385457,0.780258041165735,0.004053911712825656,0.0102635351420041,0.0598171231255806
139,0.11645700874617111,0.8385960267804018,0.0010533760828290654,0.01981420183547757,0.02407938655512037
140,0.029179332059176156,0.9467012030586249,0.0034098143502786513,0.0035502232731086827,0.017159427258811692
141,0.03696747911187875,0.9349370102061844,0.00893764447374256,0.011182624819215826,0.007975241388978323
142,0.027214989673323742,0.9522661876080301,0.004103925870107336,0.011251817734486243,0.005163079114052611
143,0.01183362722670218,0.9536465371162538,0.029574691516848453,0.0034709940014875512,0.0014741501387080058
144,0.015997570942398807,0.928416480971043,0.013283410982975483,0.03888531101077152,0.0034172260928114345
145,0.12862910634608457,0.7271890529950038,0.0018686576199652043,0.02853025333493138,0.11378292970401513
146,0.01969045512548467,0.9601890693561604,0.006552851592386969,0.011801536822482866,0.0017660871034850215
147,0.0187499012338863,0.9590479749212726,0.002204472666211205,0.014850648832084134,0.005147002346545776
148,0.04348425109312501,0.940105692838014,0.002663862680925543,0.008059534291683015,0.005686659096252296
149,0.007313267704270145,0.967361995104916,0.003955609126445295,0.017028441794119595,0.0043406862702488865
150,0.015789803575558547,0.919401740076184,0.0098750233558756,0.04869552043804605,0.006237912554335723
151,0.042916330878808466,0.9129124344115431,0.007232679796067792,0.03084714746726926,0.006091407446311392
152,0.048260231149006835,0.8879491365928948,0.002888044740308495,0.05432822870587847,0.006574358811911579
153,0.059191229555626744,0.7634004424132512,0.10657321587783385,0.05471696715250743,0.016118145000780907
154,0.10702981792197039,0.6244263442775698,0.0019273175838750813,0.2535174831374498,0.013099037079135033
155,0.13522751688310197,0.4276143831996639,0.0007797676763959163,0.4134559587552584,0.02292237348557969
156,0.1550704362815887,0.2289545989561408,0.0002222818052503391,0.5980052707572711,0.017747412199749207
157,0.15429187224066174,0.18723027413526228,0.0008851792149015031,0.02960212526068455,0.6279905491484898
158,0.3676861686805014,0.23338266632654364,0.0005144030039634248,0.36939036074988296,0.029026401239108615
159,0.34259312428907013,0.3666289721878179,0.0012633139152081845,0.2507201615340452,0.0387944280738587
160,0.1910450051391779,0.17786623871107088,0.0023378177901912487,0.58027339334852,0.04847754501103996
161,0.10243394970115824,0.06661191211944875,0.0004869526806780606,0.7947813664965947,0.03568581900212023
162,0.14993706338361643,0.02216980660748461,0.0003554707801535531,0.7616795540481436,0.06585810518060187
163,0.20255484518380565,0.01728068816045036,9.596456054619013e-05,0.38629515003201287,0.3937733520631849
164,0.22059427296493875,0.027265761884389526,0.0002458531084454584,0.6768765118533351,0.07501760018889113
165,0.39456356895968947,0.02716581943334884,0.00020542189518486968,0.46055537996842205,0.11750980974335483
166,0.30021448645664,0.033577626361095195,0.0002483303091853689,0.43877235612364424,0.22718720074943513
167,0.1917678913588404,0.01874540248615786,6.177092850715084e-05,0.4992118387138415,0.2902130965126531
168,0.2366916048752913,0.03038766341490756,7.279964415860374e-05,0.5653907028766171,0.16745722918902547
169,0.4567306220594859,0.023728776267711717,7.760156016310837e-05,0.39222245292279745,0.1272405471898419
170,0.19490074872227614,0.021313900666617758,0.00015240201863650626,0.6062863023805537,0.17734664621191598
171,0.13272480984135715,0.020201776420507935,3.7521885428214027e-05,0.7685544679860375,0.07848142386666913
172,0.0786364969349847,0.07279675440563925,0.0002675498043912062,0.6229580233566667,0.22534117549831803
173,0.2528416424570334,0.05199186908887301,0.00012813569546973414,0.6136768470670944,0.0813615056915296
174,0.2319101690356677,0.027509665832915378,0.00011117280195762436,0.6475976574189902,0.09287133491046899
175,0.1165926560157535,0.06454066999998694,0.00035683635384311954,0.7313508880825248,0.08715894954789155
176,0.2506187920477978,0.08568529710730667,0.00010353581317822603,0.5595687297310427,0.10402364530067466
177,0.29866821117232756,0.25597575724102367,0.00021890148158490872,0.3363702970669694,0.10876683303809435
178,0.24028519661250572,0.08142822216744999,0.00033130876789610054,0.6418636183663953,0.03609165408575296
179,0.25448519823011617,0.19855856859619167,0.00023538859206440974,0.5059390755539852,0.040781769027642585
180,0.37638665974884744,0.11124057787728468,0.001069878848666304,0.45975368117807425,0.051549202347127225
181,0.2843410702282706,0.08239936379746127,0.0015977635793514994,0.2873908065974318,0.3442709957974849
182,0.12174493591566271,0.11123239184684097,0.00020099317011654913,0.6932618065605538,0.07355987250682591
183,0.07458833907230421,0.11405468039137676,0.00038794650133016983,0.7394396312882487,0.07152940274674012
184,0.2170872481648903,0.18914459077158888,0.00030358458621902853,0.5481584125581478,0.04530616391915412
185,0.30495798637463356,0.07850159445089568,0.0001563248702555106,0.539811699231714,0.07657239507250117
186,0.29118613296277435,0.06424716928266311,0.00018331950793532418,0.5826116369760653,0.06177174127056187
187,0.3150504846321156,0.351741567669333,0.0006932910208411112,0.2315355218589518,0.10097913481875842
188,0.5642553115349598,0.1633610965310811,0.0005548270217433663,0.21957570995464484,0.052253054957570884
189,0.21931105599081455,0.6687275753653368,0.0012846831253015487,0.07572247176369365,0.03495421375485351
190,0.09199428207386658,0.8041537573117623,0.004436719364542256,0.08757074988343821,0.0118444913663906
191,0.03968771817546314,0.8912700091339539,0.009892132143608581,0.05174857018297684,0.007401570363997562
192,0.04271869980764613,0.8682519667899763,0.001604834271862225,0.08423226770738158,0.003192231423133608
193,0.013552069109055835,0.967031781964013,0.005478694391428738,0.012631425784436042,0.0013060287510664372
194,0.01603556271407495,0.8812415543019688,0.07524023922126766,0.026474294934998616,0.0010083488276899978
195,0.021387849436394393,0.9468204616384945,0.01822719533589986,0.012499879301273423,0.0010646142879377225
196,0.056143399093312875,0.8766481038969386,0.0011846666542958673,0.05924404582506051,0.006779784530392115
197,0.01986700434847235,0.9058292317756955,0.030816163719998717,0.04181624426244977,0.001671355893383663
198,0.030662778339939484,0.9010429461389664,0.027954601208155447,0.03654363906328084,0.003796035249657764
199,0.042109125015628364,0.8846678552340649,0.042889788350415556,0.028334214175667755,0.0019990172242234207
200,0.02322972233093947,0.7294148646733966,0.22169182164631226,0.021040060605395497,0.0046235307439561335
201,0.014422751703632932,0.9140174969504941,0.06081757832938758,0.008897171637023266,0.0018450013794620464
202,0.020734536591643104,0.744939885499152,0.22812735563488293,0.0023385512781722816,0.0038596709961497
203,0.004554810145522853,0.40853099875945215,0.5852323874224331,0.00040085400050064366,0.0012809496720913856
204,0.007379644866232415,0.4772729488436232,0.513046902930459,0.0005732849771260474,0.001727218382559424
205,0.009626840862326359,0.6336179493465501,0.3537711730213898,0.0010036965886612698,0.001980340181072512
206,0.004437600939982694,0.3575669233007534,0.6363310392197814,0.00019823305669367173,0.0014662034827887178
207,0.006608927068411613,0.6522134584031276,0.33744750625174136,0.0003889540259261743,0.0033411542507931534
208,0.0032803425883766294,0.27781477731159687,0.7171813651025309,9.59141703470577e-05,0.0016276008271485568
209,0.003130352856181477,0.6105669123027971,0.38498244387792635,0.00022721555111763895,0.0010930754119773565
210,0.006372088421087803,0.5479565629164914,0.4436635302419891,0.00025374764292388944,0.0017540707775076955
211,0.0010801946388324286,0.3851656863524289,0.6129908784479529,0.00010624116572239196,0.0006569993950635336
212,0.00013561057625492007,0.04764338091269143,0.951911702905164,2.378452716924577e-05,0.00028552107872026577
213,0.001347049168644863,0.2936772830722029,0.7026186828739343,0.0001506546151509528,0.0022063302700669634
214,0.0023422811519448017,0.20039762700267733,0.7955826616817342,0.00018279353284875272,0.00149463663079506
215,0.00040151026268063576,0.10073249871346178,0.8982010628032969,8.089862354389092e-05,0.0005840295970166573
216,0.0003934855063875065,0.03207774909486288,0.9668722448841035,0.00010852139054481185,0.0005479991241012449
217,0.0006156725476450876,0.10596670587895289,0.8920041189661327,0.0003761607585599811,0.0010373418487093296
218,0.0009564395503712812,0.09376565956721036,0.9046460743427241,0.00015619864429429416,0.0004756278954000266
219,0.000693448796491717,0.041715383204117586,0.9571263104088249,4.471861537262065e-05,0.00042013897519324156
220,0.0022697414123442907,0.22449656058375617,0.7718617093955523,0.0001427761841108782,0.0012292124242362786
221,0.0001807055178587461,0.03296510567571726,0.966331288696162,3.559648536515178e-05,0.00048730362489668607
222,0.00011135941344704513,0.05286965284894303,0.9464138195674167,2.4654148477161228e-05,0.0005805140217160838
223,0.0009328833972058852,0.07496943729608038,0.9218215588615963,0.00011014407690095893,0.002165976368216618
224,0.0004128371085442966,0.07480446587364374,0.9238813242816071,5.7273357950392104e-05,0.0008440993782547162
225,0.00037983556683096544,0.03323367271592769,0.9657971003039421,7.052317487247127e-05,0.0005188682384269205
226,0.0003132464462165252,0.023529615029488048,0.9755327507084431,5.0817340464205885e-05,0.0005735704753880663
227,0.0006144007964287015,0.1029424697316704,0.8953283023998039,0.0001165324066537934,0.0009982946654433804
228,0.0007693899513735861,0.08864112982866655,0.9093477638490791,0.0001790010947360161,0.0010627152761447567
229,0.0004857204629958206,0.024580379144535355,0.9743236917241196,9.76150470899719e-05,0.0005125936212592695
230,0.00044056295530001946,0.03490821660633514,0.9636275593903553,6.227076514862256e-05,0.0009613902828607603
231,0.0002947771550269943,0.0335141607510426,0.9655283060184829,7.23379991707803e-05,0.0005904180762767576
232,0.00047970691608416056,0.08043382037814527,0.9181377515391138,0.0001489686197876674,0.0007997525468690655
233,0.00016799985442649869,0.018827493946756615,0.9806966288978297,3.925251101941071e-05,0.0002686247899677316
234,0.0008441897399504631,0.04784876205318241,0.9505932523632307,8.843430972437266e-05,0.000625361533911914
235,0.0006388328864801036,0.11116781111967414,0.8871823921277575,0.00011456339563098776,0.000896400470457337
236,0.0003089279042673739,0.018993437471227618,0.9803527516089838,5.627934463701343e-05,0.0002886036708842877
237,0.0005721818343811818,0.06315769271231905,0.935807837851115,8.326575813060927e-05,0.0003790218440541285
238,0.0002438881751479529,0.02488781343165779,0.9746543914416218,3.339487058133995e-05,0.0001805120809909752
239,0.000713617034893641,0.041613871292455445,0.9571274125200708,9.933162450315186e-05,0.0004457675280770681
240,0.00018823042331279164,0.015715348158588854,0.9838241880509578,5.09970747070086e-05,0.00022123629243365166
241,0.001401642495678073,0.055377010616204585,0.9417276208157014,0.00019982754066118422,0.0012938985317546444
242,0.0006394755026766356,0.040783757385352996,0.9578841655457337,9.498607038572154e-05,0.0005976154958508639
243,0.00020374127438222117,0.0409679103411171,0.9584848753535176,7.407668201765119e-05,0.00026939634896546393
244,0.00017636132397018007,0.05444372345062684,0.9449297413537843,6.335691055467663e-05,0.0003868169610640693
245,0.00030710902991185594,0.10202917939202548,0.8968241528690659,0.0003725052669622161,0.0004670534420346505
246,0.0007280809340450035,0.09870868747869142,0.8996397203393022,0.0003041399079162714,0.0006193713400451983
247,0.00024792471625548673,0.05731065934150422,0.9419007500317199,0.00019262420764799384,0.0003480417028724154
248,0.00012578914846727681,0.04463260747201609,0.954595902491922,0.0001842673278628967,0.0004614335597317283
249,0.0014990292804515895,0.14888949859176026,0.8484836073961034,0.00040776160145611736,0.0007201031302285504
250,0.006546427748401239,0.24381225461234993,0.747313235880115,0.0010220601409891407,0.0013060216181447583
251,0.0007236109402366245,0.07036195979091014,0.9281785526499644,0.00020775867276906024,0.0005281179461196495
252,0.00010231266308250072,0.08770288266772786,0.9115577484377844,7.279930320824854e-05,0.0005642569281970757
253,0.00042097053237763753,0.042548684361588714,0.9561026424552063,0.000104282228577281,0.0008234204222500824
254,0.0003413241046895662,0.04770486078759096,0.9512173834695042,0.0001078505761036846,0.0006285810621114423
255,0.0003945271038627111,0.03853475505575228,0.9601728259476773,0.0001478906317187297,0.000750001260989001
256,0.00040713844895592396,0.015218778666971806,0.9831524640422123,0.0001147482652466888,0.0011068705766130568
257,0.00023893121542312534,0.028272255938832928,0.9709153771229254,6.286312466519334e-05,0.0005105725981533739
258,0.0004993515996457651,0.05828036367400506,0.9405862035048855,6.622083836439028e-05,0.0005678603830992455
259,0.00025676343458566056,0.017278579914393577,0.9821189892086987,5.4974398591688944e-05,0.0002906930437304828
260,0.0004982417439578175,0.03703878511482609,0.9619586025895202,6.332911028230227e-05,0.0004410414414135623
261,0.0004177688994380267,0.02759070598021074,0.9713388918121544,0.0001026600861062272,0.0005499732220906672
262,0.000891686464369433,0.04620736540326496,0.9521497615535802,0.00011728406536611103,0.000633902513419307
263,0.0002944154804490521,0.031092841014319045,0.967894884388039,0.00011694047142302838,0.0006009186457700053
264,0.0012119116920953161,0.06938981464601854,0.9287242055366711,0.00011391614728226344,0.0005601519779327186
265,0.0007401882444332093,0.04186801340306288,0.9566610356132242,0.0001585950380403657,0.0005721677012394254
266,0.0007172134791374737,0.16194995918978827,0.8357477330419899,0.00024405082725496415,0.0013410434618293522
267,0.0002781940844114094,0.05397938513501154,0.9449463626713349,0.00021295007184358346,0.0005831080373987208
268,0.0011630630866462765,0.09646153451396679,0.9010654972469219,0.0004545603616545865,0.0008553447908104407
269,0.00023796675788343187,0.08679432509618473,0.912416461389085,0.00013641137089169433,0.0004148353859550168
270,0.0018317776607367148,0.14621820253426665,0.850847108503442,0.00030601428115057766,0.0007968970204038803
271,0.00019337007615756357,0.05034384551182884,0.948833633764331,9.867460451616327e-05,0.0005304760431663766
272,0.00026277895371611755,0.021600608079551716,0.9777062273676208,0.00011388802542237134,0.0003164975736891309
273,0.0012496407923000225,0.11862434921767706,0.8785820461204945,0.0003270794964894235,0.0012168843730388933
274,0.0010116663923419496,0.21488899683743795,0.7819453193652843,0.00021751529769243572,0.0019365021072433217
275,0.0021421332226169132,0.13602256490949835,0.8591712984765477,0.0006112697738620218,0.00205273361747477
276,0.004189372731044477,0.23811664512243572,0.7531615287329668,0.0009420187631426119,0.0035904346504103176
277,0.003271531799119332,0.3280578622935117,0.6616751185513665,0.0007959842236790919,0.006199503132323422
278,0.0013444138825223827,0.21561119395291395,0.7791669561015523,0.0006838193716225057,0.00319361669138868
279,0.005069531729722389,0.24722162659668062,0.7396096124523562,0.0019041797950565245,0.0061950494261842305
280,0.05880075755050189,0.46703806165995554,0.3444601234050522,0.0015157058932029602,0.1281853514912874
281,0.1707676807584405,0.7553944861394523,0.04689999826045671,0.00568889981916213,0.021248935022488293
282,0.4172986398996978,0.5126789977639159,0.025949147937877764,0.010270529714655467,0.03380268468385294
283,0.21744413773664883,0.2689304508994505,0.004971025022289971,0.005091266523755985,0.5035631198178547
284,0.41043084893832116,0.5054958604491042,0.0013764265200896782,0.02058973008418958,0.06210713400829538
285,0.29549273891188366,0.6523806669692359,0.0011629268750262278,0.015191387048757313,0.03577228019509707
286,0.2608759319594192,0.7129335597899834,0.0039050238411221312,0.005588763568239133,0.01669672084123619
287,0.09578213894818068,0.8644839254126907,0.01677293376348474,0.012060641785744104,0.010900360089899782
288,0.13556612252565076,0.7349463492702947,0.06905153332197518,0.014051512299570837,0.04638448258250845
289,0.0450796746633806,0.13533804112039852,0.00428552526029824,0.004210862239841524,0.8110858967160812
290,0.4982148338084046,0.32849504108296834,0.004326704207745595,0.0030659414114905473,0.16589747948939093
291,0.33569040572565007,0.6285267314198831,0.009433865193682946,0.0019389473094488566,0.024410050351334898
292,0.13769656431162683,0.7909313779718611,0.045516838951304525,0.0019429960276723052,0.02391222273753537
293,0.10738228497847892,0.7776977768332298,0.042131852537317674,0.034579341027917536,0.03820874462305602
294,0.15119808661816184,0.6328768866966253,0.12848769812433242,0.025357370741822073,0.062079957819058215
295,0.20409259564234922,0.5180339536629412,0.1379409625209365,0.019889278644858146,0.12004320952891506
296,0.2160498498144205,0.12843925488672273,0.0006505887847517632,0.009368334128902568,0.6454919723852023
297,0.4653895497269663,0.44609625362888744,0.0013820675778789563,0.013377927398835034,0.07375420166743228
298,0.41997255991265087,0.5230558261618135,0.026636609394674465,0.008501271033557528,0.021833733497303668
299,0.3070739068471563,0.6304885107278522,0.03932117350566359,0.0049431728519126784,0.018173236067415253
300,0.03182811679427924,0.952731886873879,0.0030005120556746614,0.010001032310682471,0.0024384519654846557
301,0.22874601397345093,0.5343359965058722,0.003735223650928007,0.026274512571481216,0.2069082532982677
302,0.16651648939619584,0.8048180317291496,0.0010155677687733015,0.0216534167974616,0.005996494308419699
303,0.09154786451454912,0.8799823884712505,0.0014467670775723032,0.025503596425833896,0.001519383510794116
304,0.14345197567559134,0.848090297794955,0.0005185538199238668,0.004647354643303881,0.0032918180662259103
305,0.035821642839119885,0.954843240426724,0.0021839815842539757,0.005843735369200878,0.0013073997807013054
306,0.029108106467736032,0.9536632540026948,0.008888364168842405,0.006482013168656203,0.0018582621920706572
307,0.040571519578959846,0.9073889800080044,0.0288801422201416,0.018827512917947146,0.004331845274947237
308,0.041466337094467697,0.8898801735369518,0.03350100488671901,0.03274816061760337,0.0024043238642582508
309,0.12294456899075992,0.3855373862389997,0.06389052665159217,0.3941801437847025,0.03344737433394577
310,0.06910315110273342,0.6229920937945453,0.025383242360824804,0.2768012192718409,0.005720293470055389
311,0.07263123348531768,0.5790640993567933,0.0680495023303671,0.2745401581428003,0.0057150066847216725
312,0.021271452697040942,0.8485733370895842,0.050919102965165323,0.07548803567479259,0.0037480715734168474
313,0.048808120090401794,0.7796092233324414,0.033892634620890746,0.13358200700736025,0.004108014948905553
314,0.01869718235569885,0.9051886723748496,0.05642408261898029,0.01632885982310264,0.003361202827368573
315,0.04224900433395489,0.8891131491697785,0.03832176457805148,0.02704261614679756,0.003273465771417634
316,0.04898072387591267,0.8912861432517689,0.025014193017888754,0.025843817422165034,0.008875122432264595
317,0.012842716672916085,0.9625473179923449,0.014072382085156415,0.00943510064127399,0.0011024826083084614
318,0.07204511055647267,0.8794145487344717,0.0011069454305432426,0.02946396564937594,0.017969429629136415
319,0.05051209193110301,0.9133816488026179,0.011063998914322392,0.013728658908639016,0.011313601443317724
320,0.04391790720228706,0.9254848632268184,0.0054919745375161,0.003229213983264205,0.0218760410501141
321,0.20543412123668078,0.1492528341967737,0.0005933040210802009,0.004848941305867877,0.6398707992395974
322,0.6190816623379637,0.31483913154590176,0.0005342351634187627,0.03259306922554481,0.03295190172717103
323,0.3476652920114621,0.6097667867838801,0.004857084912804139,0.0061707478094358064,0.03154008848241779
324,0.3012139261900478,0.6796749042378497,0.005249086394767172,0.006580504384001091,0.007281578793334105
325,0.28153474803946515,0.6641911749111086,0.011581024234976124,0.03375520644188922,0.00893784637256083
326,0.14835641198827326,0.7186128229630416,0.011420940989294923,0.02851060391746992,0.0930992201419201
327,0.18401208831927876,0.7890768579978926,0.0008978592615523012,0.013190166746779733,0.01282302767449648
328,0.1418027162922505,0.8509434083106543,0.0007656919498656073,0.0032073228515615156,0.0032808605956681468
329,0.09290574051479927,0.9007463383531742,0.002534163214084833,0.002247925430223491,0.0015658324877183445
330,0.0335209961819542,0.9242575880732444,0.03793444141053807,0.003177169804935146,0.0011098045293281632
331,0.033704887569748224,0.9548736045725204,0.004790971868959803,0.005577408624832371,0.001053127363939227
332,0.01562376469806292,0.9281211030970709,0.046021163338841875,0.00907872786139346,0.0011552410046311498
333,0.019659027688335405,0.7618278028793742,0.1799347996037373,0.03302246271635175,0.005555907112201455
334,0.021868478717665545,0.941457167275151,0.012695133210938857,0.02014103562212111,0.003838185174123415
335,0.04098028595168414,0.8815548415954304,0.004763109246937608,0.0500594603209191,0.02264230288502892
336,0.03082393249968646,0.9451633514556984,3.735721625397716e-05,0.02185469206085191,0.0021206667675092274
337,0.06920343408566001,0.8685341604584129,0.0008425084827947272,0.053307456119917225,0.008112440853215197
338,0.09330083564950044,0.6649521201966994,0.00038707512822659803,0.2246328552220496,0.016727113803524138
339,0.0642567769291639,0.8769825691148783,0.0019124017184076313,0.04889806960468453,0.00795018263286575
340,0.15994117293400623,0.5857640038408066,0.0003250757208105898,0.19835365454853185,0.05561609295584464
341,0.11907215523631022,0.5371506830013412,0.0009730827393144705,0.3281829650369086,0.014621113986125586
342,0.1744196181598101,0.14838618385140573,0.0004509200118001951,0.6409737756913418,0.03576950228564213
343,0.18217566074573502,0.25288458988437695,0.0002037101167471851,0.5384564141386593,0.02627962511448154
344,0.0879686906675093,0.26337906882743295,0.00022702984063132107,0.6106074374020148,0.03781777326241152
345,0.08188118163907532,0.04024882485603199,0.00018050758040025395,0.8080058053630268,0.06968368056146569
346,0.06869985299203855,0.06244044831482351,0.00031761735629324596,0.8311168802595706,0.03742520107727396
347,0.08679702873133172,0.07022892031351083,0.000282414817538356,0.7929525154999616,0.04973912063765764
348,0.08737353205258404,0.040718422001388706,0.0002740638779852586,0.8374401285791984,0.03419385348884352
349,0.15086486788357323,0.1171085605478006,0.00023226891532819374,0.6442881641998444,0.08750613845345359
350,0.26974152738906454,0.08732936884192995,0.00020246111651493203,0.6020305104458842,0.04069613220660643
351,0.21511748925912502,0.05695908121622506,0.0005243669209653135,0.5481278766472153,0.1792711859564693
352,0.12599630594995806,0.35604450803651844,0.0009682199897973533,0.4558617597979176,0.06112920622580858
353,0.08675263249391157,0.2766473177311837,0.0001952373418587279,0.5872795849780043,0.049125227455041616
354,0.05600340752444284,0.23082289237393666,0.00023039519655179005,0.6795801069771632,0.03336319792790542
355,0.09421985137854524,0.041791158998583405,6.103212206382297e-05,0.8066372452698112,0.057290712230996264
356,0.1326185251727641,0.05698077948946659,7.151164796922365e-05,0.7443828115003926,0.06594637218940755
357,0.16056995660537418,0.12196017400795545,0.00014518845910960364,0.6860823022263037,0.031242378701256946
358,0.2383108067244065,0.06599088037605556,1.545101824035743e-05,0.6632539069722274,0.03242895490907001
359,0.23997631111222964,0.08090992826650721,0.00014497208733121647,0.6511407889263208,0.02782799960761104
360,0.22938747570555773,0.04941850023171864,8.49958729359146e-05,0.7029687965873228,0.018140231602464956
361,0.20450016954274602,0.0495676334766471,0.00016532949794478217,0.7310621555645876,0.014704711918074343
362,0.16112899844157022,0.04753848901887646,8.704829351397771e-05,0.7773413161524363,0.013904148093603122
363,0.1048847469200295,0.1488254468975667,0.0004932196976338002,0.7021498452280535,0.0436467412567165
364,0.12699257502078246,0.08733439542091878,0.0004603462520850136,0.763361866655317,0.02185081665089675
365,0.11516533839287388,0.24625231718911436,0.0008119894694200023,0.5770923703344565,0.06067798461413543
366,0.15637220555624848,0.16870911607697697,0.0003978792075326197,0.5631783149086602,0.11134248425058174
367,0.1987668573092215,0.04467784452230477,0.00024250546284742725,0.7033690981324286,0.052943694573197676
368,0.17143730918839944,0.10201104250420566,0.0004128403163636688,0.6088150414845985,0.11732376650643259
369,0.13453804376667194,0.06376348414924862,0.00044261027929399285,0.6979689065156781,0.10328695528910749
370,0.18520456206696917,0.10262491297172584,0.00016579025104372213,0.6034145736557162,0.10859016105454511
371,0.2725546720504451,0.03492746400567396,0.00023694065314596759,0.6284371728841587,0.06384375040657629
372,0.28840824508331697,0.08126177045579483,0.0004647973825211512,0.4877411013620539,0.14212408571631313
373,0.18854326206524774,0.11571178910803455,0.000407481567862385,0.547025412786467,0.14831205447238832
374,0.12296283107355131,0.04001355866722724,0.000355909512856274,0.6684579819616288,0.16820971878473648
