epoch,N1,N2,N3,R,W
0,0.001860716651402016,0.00042796852400948303,5.821288035589132e-06,5.8379912492590404e-05,0.9976471136240603
1,0.0036830884849994292,0.0004815893693207861,1.474246476906614e-05,0.00017017222498514153,0.9956504074559256
2,0.003962361765435411,0.00021017060371476736,7.59967734087761e-06,7.674326492936959e-05,0.9957431246885796
3,0.002731551255086765,0.0002268426451096388,5.362275319415902e-06,7.687821735229345e-05,0.9969593656071318
4,0.016194719326670257,0.00046122761366543626,1.1691649887063452e-05,0.00017984597726110666,0.983152515432516
5,0.14766901389166007,0.004311097937466877,6.0210568428084565e-05,0.00123217074096986,0.8467275068614752
6,0.04169635473734349,0.0038190386751605432,4.8787897263523604e-05,0.0006165094583075836,0.9538193092319248
7,0.24002962404174735,0.019200654817418714,0.0001452483424401507,0.0035938582751615105,0.7370306145232323
8,0.21960309467562264,0.0845859588183359,6.360132363978602e-05,0.009407047324996254,0.6863402978574054
9,0.1856034788195674,0.09888280571179606,7.302856376086084e-05,0.02326281959021022,0.6921778673146655
10,0.15685469936643825,0.1056637524923582,9.955841903122969e-05,0.0214671803452728,0.7159148093768994
11,0.12562275419148936,0.2660422703330055,0.0004360944026995982,0.066229627721223,0.5416692533515827
12,0.014834431670320647,0.0037909207345722734,2.3459082143294093e-05,0.001165031564341307,0.9801861569486225
13,0.3014435850857752,0.07042160413232611,9.086683341964354e-05,0.006619509283447061,0.621424434665032
14,0.023299135780547483,0.003956283228463062,2.2511858885549872e-05,0.0008825138463905141,0.9718395552857134
15,0.07073294448301731,0.002496111923446704,2.350987471594468e-05,0.0005417085793941957,0.9262057251394259
16,0.16064672411928263,0.017867869706177146,0.00012343005847048402,0.0030593774479084805,0.8183025986681612
17,0.19599284427491578,0.03234872217414037,0.0006544604348075504,0.0025689980121303495,0.7684349751040059
18,0.03677205309609464,0.006430651996786516,7.779373990148531e-05,0.001853301577446886,0.9548661995897705
19,0.04487264138327933,0.022366413071143256,0.001170099344534276,0.00214144535801244,0.9294494008430307
20,0.024987067667301428,0.0072059256519377505,0.0008114986874346191,0.0005337688088247193,0.9664617391845015
21,0.04302413928330411,0.01030966658159589,0.0029746947852087218,0.00061213063647961,0.9430793687134116
22,0.024823219985080996,0.011932690078300964,0.007044689366975782,0.0002989864270878659,0.9559004141425543
23,0.1080718008865159,0.04671493960231563,0.0282545839734552,0.0005709705099267849,0.8163877050277866
24,0.0022561272052794503,0.0011321142713631848,0.0013555498403443626,6.793733815857559e-05,0.9951882713448544
25,0.008443765839678962,0.0033765458602335063,0.0007308029884063645,7.33304481593511e-05,0.9873755548635217
26,0.022790373720375484,0.006860695645632961,0.0014969766171779519,0.00026667246899484163,0.9685852815478188
27,0.03692960673116876,0.005473793756086004,0.001696998294603358,0.00018038807149454156,0.9557192131466474
28,0.01337842443668285,0.003373475015138199,0.00038042391469585423,0.0001590347093937201,0.9827086419240892
29,0.03177573868816981,0.032024135860403875,0.008973608105574786,0.00115549274226439,0.926071024603587
30,0.0408506107194444,0.023993370158667333,0.0021941408365459443,0.000912210520246596,0.9320496677650958
31,0.009372849618159073,0.005475698457985712,0.0006613319852362121,0.00021835591165945785,0.9842717640269595
32,0.046369644616641836,0.03452929389812448,0.0037659152961606146,0.0014231004963330299,0.9139120456927401
33,0.04615809732783609,0.05288079728435837,0.005012782896887283,0.0010719336706709118,0.8948763888202473
34,0.03264482074369368,0.11540417365837509,0.006970296036789802,0.001467619302288097,0.8435130902588533
35,0.04369681834472798,0.02680439096257289,0.0023605568192900123,0.0008869126773704138,0.9262513211960387
36,0.030277445336537312,0.0329412367413103,0.0032631924726612993,0.0009254858355259747,0.9325926396139651
37,0.018995047019180436,0.009070162822201308,0.0008961899721401617,0.00040982491686629305,0.9706287752696119
38,0.02652638459709001,0.032784343863415985,0.0013162941609673377,0.0005390243185484082,0.9388339530599782
39,0.023734018116373126,0.008097735505745482,0.001261383458463261,0.00020754834449729855,0.966699314574921
40,0.1243290066521005,0.05251845274732588,0.0024126426713662937,0.000723023052173313,0.820016874877034
41,0.09420677348777597,0.1974763098952494,0.03213149892670818,0.002300576348942448,0.673884841341324
42,0.005726256137923291,0.006304724999475551,0.0007409383721539045,0.0002328411658270377,0.9869952393246202
43,0.04557095896492273,0.03797743739621142,0.0033756015768296433,0.0010041921996166048,0.9120718098624196
44,0.1490207183457773,0.17233943244198136,0.012323415878702998,0.003252077957291391,0.663064355376247
45,0.16447236528179965,0.1566973772601299,0.026032596954167847,0.0015731323604704867,0.6512245281434321
46,0.011161986556347528,0.35385381998256543,0.5587531283860034,0.0016303141626481978,0.0746007509124353
47,0.06581104314209221,0.5882100204619213,0.19109913300006345,0.002671054504215391,0.1522087488917077
48,0.03134503496437583,0.6688333530092789,0.22868681127250487,0.0018585921337093492,0.06927620862013094
49,0.002350075675752004,0.43846928594537415,0.5502670055995169,0.00043707685100558024,0.008476555928351268
50,0.013421191553191086,0.5678954982343376,0.3894450219504806,0.0015269855529905995,0.027711302709000234
51,0.04433418049408694,0.6590752051447236,0.14110004359430248,0.0029582269838096557,0.15253234378307726
52,0.08844107404940654,0.6813493629821102,0.06408318517548596,0.004146227376921689,0.1619801504160757
53,0.0062747345204547085,0.6078446245561714,0.3196589744325107,0.0012460647167478879,0.06497560177411552
54,0.01881130147556338,0.024161596450896956,0.0021219151816720566,0.001227901193072123,0.9536772856987955
55,0.08733204828011926,0.07204579295276746,0.003920222774156232,0.0018819579845644357,0.8348199780083926
56,0.31852184491022534,0.3757633187788579,0.017472072600396932,0.004368055076162371,0.28387470863435754
57,0.1333569981619403,0.14971755362501826,0.017184849923208175,0.0018865825646383074,0.6978540157251948
58,0.034690923066284074,0.056880047223951555,0.02262438080789898,0.0012294497397587053,0.8845751991621066
59,0.0659308140666013,0.04642603181235592,0.011816383192844214,0.0014914068530599062,0.8743353640751387
60,0.16502056599745643,0.14258899238662992,0.02481590912887813,0.0027667490169246056,0.6648077834701109
61,0.15735562851655505,0.2833572178053004,0.021318639984078788,0.0049884901546559815,0.5329800235394099
62,0.11558475645428401,0.5980421823132145,0.029961309202100522,0.0062308753403946815,0.2501808766900062
63,0.25078079010479587,0.2375810469874195,0.013353748821173279,0.0045015549626682225,0.49378285912394315
64,0.04456006911098646,0.5650778374524292,0.1691275473092611,0.005336973502064422,0.21589757262525888
65,0.0593536432746865,0.3569027305045661,0.029378720619762863,0.00624234019878121,0.5481225654022033
66,0.05129935727112433,0.05179309465968345,0.011298645269593148,0.0011579380031735897,0.8844509647964254
67,0.0888221223927896,0.10212689804430243,0.008803991832240194,0.0023243932863339675,0.7979225944443339
68,0.16640120828810834,0.06639141913245247,0.012354955748777204,0.001480600298112458,0.7533718165325494
69,0.055176429430948436,0.5983188358677518,0.10122048050196349,0.00204635231839421,0.24323790188094194
70,0.04089122208982281,0.020778983854024706,0.003345848939963728,0.0009326268185805099,0.9340513182976083
71,0.2003721209178983,0.1159723609646132,0.015032613825049085,0.0028793728612984478,0.665743531431141
72,0.12059041341641466,0.032840181895399424,0.002145183907048014,0.0017813372889880022,0.84264288349215
73,0.21363123762329952,0.040588806532482924,0.007500373098470534,0.0012391517139192052,0.7370404310318278
74,0.12502839529438606,0.05828269075948652,0.0073730120439368645,0.0026333897479908744,0.8066825121541996
75,0.1542674127836124,0.0441915547974075,0.009016648560253842,0.001234563118452955,0.7912898207402732
76,0.17847378476852388,0.045337300505343396,0.004647575775954817,0.001784659429701452,0.7697566795204764
77,0.15869927824407143,0.06064978123973563,0.005804320994729758,0.001104594678783703,0.7737420248426794
78,0.1010873533643817,0.03035751370973547,0.009064492699346118,0.0009419246176485099,0.8585487156088881
79,0.09866631933575039,0.027649026873302805,0.008015580387940213,0.0011081439012881136,0.8645609295017185
80,0.0687419650900553,0.17641646836049601,0.02218820179616353,0.0019411082905476653,0.7307122564627375
81,0.031369794601630765,0.011524458086756837,0.007550628186756742,0.0005045561772874445,0.9490505629475683
82,0.0120757177822409,0.003642389827723191,0.0011430617004994537,0.0002432907890327198,0.9828955399005037
83,0.054298282035140054,0.008079280272829215,0.0022818520460558146,0.0004920713878984209,0.9348485142580765
84,0.0458633582470113,0.004407750245935044,0.0008440829256285687,0.0002647341845941459,0.948620074396831
85,0.06600296696233258,0.01137962590356101,0.0028168028093540185,0.0007490639965790426,0.9190515403281734
86,0.3037257922375394,0.05017408986328362,0.024915015244435294,0.0008146122010363534,0.6203704904537053
87,0.39524576008832096,0.09047977083862027,0.008562840689343145,0.002438914463063168,0.5032727139206524
88,0.1151178572900831,0.6930496455847273,0.044841066719575266,0.0018877227704575293,0.14510370763515693
89,0.2621565399617072,0.11023005757194287,0.0062681554894265575,0.003447032555200402,0.617898214421723
90,0.16829749443423042,0.48423084006256606,0.06888297920414704,0.005169922347169451,0.2734187639518869
91,0.024760971626790935,0.7656176050272784,0.1899454554035241,0.0027291526123133522,0.016946815330093276
92,0.1217695755453768,0.35132987552072653,0.023657288400280474,0.00634411937113003,0.4968991411624862
93,0.24651631224340612,0.40069504189455996,0.028043131582573246,0.012669613931430145,0.31207590034803045
94,0.03819911390746468,0.6729761047784323,0.2579367506264085,0.005008904628091542,0.025879126059602887
95,0.17988100927326023,0.7223294386469468,0.02632547013078793,0.008726800526253367,0.06273728142275169
96,0.23085306131076105,0.5665168077815639,0.12052525131889147,0.010682600613252756,0.07142227897553097
97,0.21879018827300267,0.6207359082268629,0.07515929079068231,0.01582797398195293,0.06948663872749923
98,0.10127865305622212,0.5719464925398322,0.18872903528539645,0.0071097491048966455,0.1309360700136526
99,0.4158537898019496,0.32455507781725507,0.011872368906646205,0.009998465681945078,0.23772029779220408
100,0.28808857650056957,0.6339766542916742,0.03251534366437221,0.003026172716330754,0.042393252827053404
101,0.2612221531385784,0.5911607463797914,0.05764521011639239,0.013364481195311839,0.07660740916992582
102,0.04474733866748308,0.8456535334144614,0.10116581534078084,0.0015546904183994811,0.006878622158875245
103,0.00942818453779297,0.4923847287337771,0.4931171091401128,0.001148829879918628,0.003921147708398509
104,0.1915803903684612,0.6513816276103703,0.06718710430314997,0.012391389406278054,0.07745948831174036
105,0.20204299984639923,0.5679734445429558,0.0590259467728292,0.01348510607445709,0.15747250276335867
106,0.05461138810926177,0.7301128194822415,0.19738558009653775,0.003620078124410094,0.014270134187548923
107,0.017257157254619057,0.5044797879618739,0.4680504025406431,0.0016553756561503061,0.008557276586713587
108,0.03543314155293752,0.6653233016848049,0.26441541231347343,0.007421675141523682,0.027406469307260536
109,0.07851978952827628,0.4322800499377983,0.10019658397533383,0.019708867584452266,0.3692947089741392
110,0.382322403590647,0.2710287339825631,0.015236051907154621,0.04919646122497444,0.28221634929466083
111,0.0748898723681479,0.8759326216905585,0.022597922749518055,0.0037015960948455543,0.02287798709693003
112,0.21522537594965094,0.13537344674421686,0.011322133516423746,0.0034890435711071445,0.6345900002186013
113,0.36633739617037203,0.3370731538731089,0.009203451049009851,0.022887384384553577,0.2644986145229557
114,0.16956629361253345,0.23584790696406235,0.01119691478851067,0.006043989491838266,0.5773448951430552
115,0.23269499800316895,0.03469129672615022,0.0010243955611580673,0.006102156611407364,0.7254871530981154
116,0.29173646636315986,0.1035308110312061,0.0033363971853608274,0.011072007043974902,0.5903243183762983
117,0.17471747602180435,0.4970241278106096,0.03617210720361288,0.009095244372884899,0.2829910445910882
118,0.028989424441976056,0.025218899772141735,0.0032817062146951,0.005652813149407265,0.9368571564217798
119,0.00419980460745407,0.001395703410551026,6.507129746563203e-05,0.00035694660807971095,0.9939824740764497
120,0.0005912284937595915,0.0002865233673003304,2.1999757215670212e-05,0.0003746309062415528,0.9987256174754828
121,0.007404168661962054,0.0005964083204551733,1.6409940752280416e-05,0.00020684571007361722,0.9917761673667569
122,0.0027277301198591866,0.0004613832574651316,3.1057723460296124e-05,0.0003402188597116957,0.9964396100395037
123,0.008876110331394639,0.0006089293356797215,8.124312393024123e-06,0.0002804301731000431,0.9902264058474326
124,0.003076194856257277,0.0005562738747660711,6.391721860328918e-06,0.0004856217686564431,0.9958755177784598
125,0.004705186669287308,0.0004921262718899677,9.452688559832883e-06,0.0006623685820627369,0.9941308657882002
126,0.060362503110986676,0.0023720905243039487,1.4233509533496997e-05,0.0027937916490348197,0.934457381206141
127,0.09499781301584304,0.003899214785821547,1.8562176047536303e-05,0.0029243149905139685,0.8981600950317739
128,0.09286806307807043,0.016049947959053398,2.4749905960116618e-05,0.019948449057840614,0.8711087899990755
129,0.07262795598864252,0.00651478323167117,2.3217873861162862e-05,0.02234035853206398,0.8984936843737611
130,0.2982693170384588,0.06440875924477191,6.208007716853228e-05,0.09697602291688948,0.5402838207227114
131,0.2831814990867468,0.03422626198020953,6.136341014508619e-05,0.17073028313785749,0.511800592385041
132,0.3878117439455309,0.28638077816009727,0.00014423715644291108,0.11230098462797189,0.2133622561099571
133,0.12215936769407036,0.20312840408619653,0.00011554783327178534,0.1872217219876211,0.48737495839884004
134,0.19309085357046268,0.26831633488570095,0.00021754194176443051,0.257950703502129,0.2804245660999429
135,0.008990655595198502,0.004494338268287331,3.3775946923140866e-05,0.0021714924928915957,0.9843097376966994
136,0.7188211143023833,0.06422321714662303,6.846887868776492e-05,0.013739861655297654,0.20314733801700835
137,0.7820210197934433,0.1516436687280847,0.00011251990851960854,0.02706616423710375,0.039156627332848644
138,0.6560590197611889,0.2920002652785956,0.00024005510637361343,0.016949478859955215,0.034751180993886584
139,0.13103073837484344,0.8212604402375568,0.00020686547546778283,0.027074086767391883,0.020427869144739944
140,0.03484581576614611,0.928269882013958,0.0006719803284997181,0.02836702265663478,0.007845299234761372
141,0.011335531441740416,0.9739025506726717,0.0009428922408311396,0.008883027388793896,0.004935998255962794
142,0.033130901210642945,0.8801291526270819,0.003576490215566216,0.04883140716829555,0.03433204877841324
143,0.017553910933011542,0.9308814087042127,0.017138701779123005,0.024590377438121966,0.009835601145530668
144,0.02529757893746393,0.037116167758679174,0.0005986317670756736,0.024743853298639346,0.9122437682381418
145,0.15641487099052323,0.2828063396166129,0.0003949818304407538,0.5005721702972566,0.0598116372651665
146,0.20735839485702465,0.15095424889538375,0.00034388574805311814,0.517681653092248,0.12366181740729039
147,0.13447056864332352,0.7087423452714461,0.0009069267894688738,0.14040356363166498,0.015476595664096534
148,0.0214969783115266,0.022876697111430866,0.00031822972075627113,0.02530302750249594,0.9300050673537903
149,0.299216863365487,0.052271999664532116,8.412002359649448e-05,0.21027401599020804,0.4381530009561764
150,0.28005052788175167,0.3795656845661365,0.0003794552323462034,0.1562052652098615,0.18379906710990415
151,0.16365390419040965,0.020882402032126948,2.1901040451945304e-05,0.02329811784898284,0.7921436748880285
152,0.4525540760009624,0.24193339182068654,0.00010515453394804049,0.04582778428783129,0.2595795933565717
153,0.11614457856875314,0.7555047619685873,0.0009726400973101665,0.06853677403521699,0.05884124533013232
154,0.1006211197428065,0.7519925346146895,0.00013358215786488095,0.04451719260970272,0.1027355708749364
155,0.012123168664234516,0.005907888862173726,0.00012446233141467423,0.006248323377085088,0.975596156765092
156,0.4973326041646103,0.03977838040660049,0.00011621948498356654,0.025320840580481518,0.43745195536332404
157,0.6510038280075302,0.18242478004252036,0.0005220378704948662,0.0140045558640181,0.1520447982154365
158,0.35645281871579626,0.6034339895538764,0.00040613975874212395,0.005259809279218692,0.03444724269236661
159,0.34017742443755833,0.6154876777316486,0.0008305048805178496,0.01708557000920635,0.026418822941068797
160,0.032299746031566524,0.9451347631274929,0.010280729164497623,0.007750582579696392,0.004534179096746586
161,0.02897498700991417,0.8717066005728666,0.08822415748329147,0.004282618871683625,0.006811636062244235
162,0.010512794627041838,0.9694574129824318,0.009581899709696548,0.007620842526262458,0.00282705015456731
163,0.05435412123479845,0.8908023938443407,0.011655619483150576,0.02935243336156785,0.013835432076142493
164,0.014302518503581644,0.9526254730787524,0.023371927054193768,0.004705572965121306,0.004994508398350879
165,0.09024144388288359,0.8747261489081818,0.0043799127176895845,0.014178298250486545,0.01647419624075843
166,0.004973743052597172,0.8980184881023515,0.0931839513233773,0.0004840591061268422,0.003339758415547275
167,0.015437717240551194,0.8467163138470433,0.1322003555371298,0.0012213147520293796,0.004424298623246369
168,0.005248448664900746,0.8107441631726964,0.17971973253226828,0.0010113703600218061,0.0032762852701127983
169,0.005285551679016672,0.6190875802808494,0.366128569333668,0.004176878802844794,0.00532141990362095
170,0.006193484641254301,0.8562101282554512,0.12967387732307448,0.00465132403804002,0.0032711857421799198
171,0.012390194466482516,0.5781497087129855,0.3847365436299145,0.018400463898380588,0.006323089292236882
172,0.020632310733925154,0.5131290239534262,0.39896474530131326,0.049379839459317225,0.01789408055201812
173,0.20002378880377344,0.2985343494083618,0.0022623251461520344,0.22573145429052938,0.27344808235118334
174,0.17483312502474413,0.5271545290942359,0.002543206384099526,0.14946859291209677,0.14600054658482356
175,0.06065226289038223,0.05092389110780179,0.0004927369505251751,0.7629992682924476,0.12493184075884317
176,0.15941119025100403,0.06558725605437765,0.00021194446681898623,0.6088181567564503,0.165971452471349
177,0.19676363346403652,0.040403743284757404,0.0006314651908571916,0.488857648911557,0.27334350914879196
178,0.22985923096999653,0.052806902138078544,0.00024332294828091378,0.5622636799628998,0.1548268639807442
179,0.18302675633996224,0.03167512968979191,0.00024148768645447988,0.5851076871943431,0.1999489390894481
180,0.03981262724430504,0.017389222669351858,7.708788913906817e-05,0.6759999980855474,0.26672106411165664
181,0.1548110676886662,0.09016608491841824,0.0002640874311235506,0.4770890086154934,0.2776697513462985
182,0.24332646951857947,0.04261908933914106,0.0008148356475698126,0.33001008678982574,0.3832295187048839
183,0.1444411499973417,0.04927297244939296,0.0004521307449383577,0.6074225581339826,0.19841118867434435
184,0.08339491715508171,0.042770145596735525,0.0005589714409702008,0.7309661868263165,0.14230977898089603
185,0.07181637586947438,0.02500217609404601,0.0005662460187942906,0.8160989358248536,0.08651626619283177
186,0.12067761878319211,0.025783015038638248,0.00019622884897541818,0.7894931970749675,0.06384994025422662
187,0.07042489511379613,0.023772391852906718,0.00011735629451250983,0.714012685250562,0.19167267148822276
188,0.0895052263850915,0.03448710063819783,0.00011147050849103788,0.6645954489831817,0.2113007534850379
189,0.09593568720653362,0.038700501194785755,0.00013120946973275567,0.664039655778224,0.20119294635072393
190,0.06344674898428271,0.01655783771845939,6.854308364050754e-05,0.4915154066522441,0.4284114635613734
191,0.22258955554085477,0.017143594029780197,0.0001702749906653678,0.13648450496423928,0.6236120704744603
192,0.28911439198713385,0.06319435014393264,0.00020860906132867026,0.3194928163254719,0.3279898324821329
193,0.13103996759494613,0.04802275846183386,0.00017646024091357595,0.20776416635010062,0.6129966473522057
194,0.08916464347338003,0.032294344278999534,9.908572212787146e-05,0.5348340975738526,0.34360782895164
195,0.15828957970978663,0.02909307548386096,0.00014108811511196254,0.2925786293389273,0.5198976273523132
196,0.18066980431345833,0.037021119711545855,0.00040896284640799455,0.0827587568792742,0.6991413562493136
197,0.5040286448819119,0.043943091679964304,0.00020259756202481923,0.3356378545489135,0.11618781132718561
198,0.1887116796407934,0.03965355446837674,0.00019531137219551794,0.2952977420699512,0.47614171244868303
199,0.22898927435342606,0.06910765444607385,0.0005995127734038324,0.34399589896461574,0.3573076594624806
200,0.1335767948147539,0.07038551082606677,0.0009966428657098567,0.2751470126340445,0.519894038859425
201,0.24314192786379552,0.06122606660377993,0.0005919639919709771,0.3013179270251034,0.3937221145153502
202,0.19292430808093342,0.09253373763165501,0.00030133595793131247,0.5540511138832719,0.16018950444620836
203,0.10953876637100224,0.04636372941967947,0.0001222528387177387,0.7553875484347055,0.0885877029358952
204,0.2023852563860262,0.09271345061234654,0.0007345535021914773,0.21886013169037424,0.4853066078090614
205,0.19519796116017052,0.12955455658709247,0.00436639478940721,0.25700601185963506,0.41387507560369474
206,0.08270091937149994,0.06143097896367276,0.0006249610006078739,0.2951925507902772,0.5600505898739423
207,0.19624442679278717,0.10865454403911909,0.004601687101384693,0.13184171094122674,0.5586576311254824
208,0.1840685617448117,0.07204628616017414,0.004405012626595576,0.08942679211606192,0.6500533473523566
209,0.3660298684271059,0.0911950129407274,0.0011006711479687114,0.26636836047552204,0.27530608700867587
210,0.37969912291099295,0.09171843185753616,0.003122059689594328,0.21850405736159434,0.30695632818028235
211,0.06448967248006071,0.06563508247074402,0.002219278888701818,0.02749841651332698,0.8401575496471665
212,0.10821790878389949,0.06948913575459884,0.000332274754200468,0.08604098904759641,0.7359196916597047
213,0.43596188116415474,0.06238069175368042,0.001113433995074537,0.039309078214642836,0.46123491487244755
214,0.40473806464638845,0.193024067909719,0.001150144721761879,0.14875401909546657,0.252333703626664
215,0.3293847355773267,0.11524858724240347,0.0002833091408012711,0.21210087439778222,0.34298249364168637
216,0.2804223248229696,0.3876643551269166,0.0007163104542647404,0.29491804576256425,0.03627896383328492
217,0.3170822563417517,0.4475893574572918,0.0012196782656851693,0.17196798612237188,0.062140721812899556
218,0.19389543217247387,0.6081851676373001,0.0031571243920098784,0.14416698186577537,0.050595293932440735
219,0.14167315602764388,0.6257676486475439,0.010116428039870395,0.17670724221422845,0.04573552507071347
220,0.12301505601063818,0.07650355460004386,0.0028076607371742422,0.022000209330857376,0.7756735193212863
221,0.4902542279149322,0.24315230998702506,0.008207510690430339,0.04069368904477671,0.21769226236283562
222,0.134861936890209,0.757943949152079,0.032276909439619736,0.05350491286426238,0.02141229165382995
223,0.4536280033799185,0.1554083567888575,0.012587965303383448,0.042442224388210166,0.3359334501396304
224,0.0978335975816261,0.807222114205582,0.04149793265758842,0.03767866145986597,0.01576769409533763
225,0.1571487645127543,0.724790320857617,0.04112061917178599,0.05746101921413039,0.01947927624371231
226,0.2442891843486253,0.6785240250250513,0.019782529758429698,0.03544254586856867,0.021961714999325095
227,0.08182798514064135,0.7955318695215153,0.04587385542912107,0.05450320019688381,0.022263089711838442
228,0.14369103846080722,0.5673624935627067,0.03625318330481936,0.057284682914976376,0.19540860175669014
229,0.21220191689422327,0.6270437842313288,0.02213596283849029,0.04274761826410625,0.09587071777185148
230,0.1591019814358634,0.26666435555049667,0.005187457152815895,0.036541271378104895,0.5325049344827191
231,0.4718577467106279,0.33140243616829196,0.008446057227877637,0.02981231834064534,0.15848144155255708
232,0.5433380466767147,0.3502611054866277,0.0036022722677274827,0.04376966221489955,0.05902891335403052
233,0.13497071320789888,0.691705353794728,0.005152040846497573,0.028767900924992526,0.13940399122588312
234,0.4294826625935839,0.11585235366029951,0.003054735238735427,0.027356773260561285,0.42425347524681994
235,0.2656536310702274,0.6311413609060053,0.019621927559054095,0.044345309026156764,0.03923777143855654
236,0.3130970668935595,0.33266203877429906,0.01935852320639625,0.032509144787017705,0.3023732263387276
237,0.3241170339293079,0.6126977798971063,0.006489838074013977,0.03366570960309035,0.023029638496481417
238,0.24407457608301095,0.6283817765363137,0.0069416827380639244,0.06559932895652064,0.05500263568609077
239,0.2677782027761523,0.5313740769568784,0.02399747532315147,0.061983310984503645,0.11486693395931417
240,0.19978853902349877,0.6961427901755363,0.009394778893619539,0.053097542797238044,0.041576349110107415
241,0.1276424427025316,0.6828945259994583,0.03936948182014059,0.038875372072055964,0.1112181774058133
242,0.2475007533682294,0.6503066349992966,0.015121780145297274,0.03484249700521534,0.05222833448196142
243,0.042521993267194066,0.8041937227367656,0.12306763006988658,0.016469987060267293,0.013746666865886575
244,0.14232710762717413,0.042763979151523045,0.0008747606594142739,0.014293529749125223,0.7997406228127634
245,0.38696694281033195,0.30956736078910374,0.003027844957093247,0.02059324356873114,0.27984460787473997
246,0.687844454836061,0.05303782988908019,0.0017412107419521364,0.015948968903535057,0.24142753562937164
247,0.5725332767677694,0.370803631615984,0.0065177882537892536,0.017544213036317386,0.03260109032613992
248,0.07570963705075445,0.778654924757802,0.11454241938539722,0.0202415342344395,0.01085148457160712
249,0.11391422170579105,0.7375063137550902,0.060438473596245115,0.06704856351829117,0.0210924274245823
250,0.0592914822153552,0.7847016846654267,0.06951608647749734,0.07405634929556638,0.01243439734615446
251,0.0986231726720128,0.5400760689962799,0.010608055522111673,0.20628373316267265,0.14440896964692299
252,0.12488580712308049,0.28962226182630885,0.0050391320253937175,0.019518237170468848,0.560934561854748
253,0.3959831867935847,0.4810487600667907,0.009494287210273202,0.014192453645198935,0.09928131228415248
254,0.17263079895325725,0.7764203647919604,0.021760168805417403,0.003756250918177073,0.025432416531187874
255,0.1839555648995082,0.7545505881556592,0.018588433410447303,0.01600037358301734,0.02690503995136802
256,0.06767960658577168,0.8613225351836844,0.006304262255580703,0.007294689564519068,0.057398906410443956
257,0.17196900017347533,0.18316167551252674,0.0022571255168441396,0.006109711452935815,0.636502487344218
258,0.22174541503939396,0.7204933440322462,0.016348322512760166,0.01984405720525211,0.02156886121034754
259,0.03683887795303767,0.855695775846195,0.0912522009527746,0.002619438709724011,0.013593706538268873
260,0.1749617377354605,0.7752832775230385,0.017081790286352837,0.00627682748583205,0.026396366969316052
261,0.09272120971777287,0.8296080203694399,0.017996037723622953,0.007718316477594015,0.05195641571157031
262,0.1349351624365511,0.8138223651100285,0.016634658946746976,0.009422746272019387,0.02518506723465405
263,0.00988340627980606,0.7382056710765554,0.24890340836056904,0.0011192461025943368,0.0018882681804750297
264,0.16747943054056755,0.30279471868819674,0.01031964593644031,0.005529995554243057,0.5138762092805523
265,0.02192895098726801,0.9208263190442981,0.05186050501758022,0.001062146886368555,0.004322078064485022
266,0.04558123779763917,0.9238610427265241,0.007247705108831443,0.0029951558209847526,0.020314858546020637
267,0.021116326201475178,0.9326060488111638,0.03511666847527385,0.001838654290558624,0.009322302221528543
268,0.10358550678731243,0.8177651563626142,0.004609304068562611,0.013864668878280192,0.060175363903230625
269,0.04479274269233846,0.8491763451471621,0.04635939135435755,0.0016028784631015155,0.058068642343040454
270,0.26704777246753225,0.6708282531210905,0.0044562192659540365,0.009682133572730553,0.0479856215726928
271,0.5194622443064097,0.38770109483920717,0.0017697101447341468,0.009362431841461788,0.08170451886818723
272,0.1261778711021882,0.8505971153435335,0.012682874272460946,0.003451343084209753,0.007090796197607453
273,0.04890076813167859,0.9155203566299043,0.025208966319480726,0.006632061783948666,0.0037378471349877956
274,0.014276316304647962,0.9173896659669596,0.060066442575746094,0.0041508059216504994,0.004116769230995995
275,0.005678950597500468,0.9595374009130172,0.0252471475266701,0.007522353378513896,0.0020141475842983987
276,0.02904457192288204,0.8132494204811289,0.04843101810952395,0.006739187602576914,0.10253580188388829
277,0.1164643998852673,0.818258353319738,0.01726391047823236,0.02261135608179392,0.025401980234968445
278,0.06658549892250407,0.8503752661509459,0.06415135725600217,0.005865140226392313,0.01302273744415545
279,0.39788554000036247,0.2667530601214924,0.003912713594441903,0.018208251171925705,0.3132404351117774
280,0.02680185320683719,0.9312313751903405,0.03580623292253768,0.0009369998751958891,0.0052235388050888695
281,0.13370623027223463,0.6625040205951641,0.01637586350581343,0.003951464566503516,0.1834624210602842
282,0.12565127632426468,0.8528443169977117,0.008396928951822454,0.0021261847658666866,0.010981292960334513
283,0.3153412107559869,0.4588935337100017,0.0024109894773783444,0.014071979064481821,0.20928228699215118
284,0.02997510248982005,0.9455323661167708,0.01972518907801208,0.00229190051765387,0.0024754417977432322
285,0.19601405998879642,0.6566871768115992,0.012999202836677947,0.008494661713904292,0.12580489864902208
286,0.08513712764046338,0.8652499939926945,0.02843324180044894,0.0075001365320858425,0.013679500034307348
287,0.11083961858917366,0.7123055463940089,0.0042380707793546,0.006879499684249575,0.1657372645532134
288,0.14140316704676348,0.11903395256319833,0.0004829040474824426,0.005446963863924949,0.7336330124786308
289,0.5050342687729746,0.2512255245519817,0.0005233472768205535,0.04214043579251374,0.20107642360570943
290,0.4389040800101934,0.13965008946741944,0.00016786539208030405,0.013971203578898266,0.4073067615514086
291,0.2722644851663148,0.580079387222301,0.0003912455188590838,0.010569406545791199,0.13669547554673386
292,0.5488418389236659,0.14261896517269437,0.0002894012935624036,0.05917612746823178,0.24907366714184545
293,0.5049933157155182,0.37991406750642964,0.00012361839328463393,0.06267734278042233,0.05229165560434526
294,0.18705131453933457,0.7594574340320648,0.0007454140494031593,0.02911288454123567,0.02363295283796167
295,0.48509462223865213,0.3019198337755525,0.0005299681646568992,0.028771623508561998,0.1836839523125765
296,0.26304791149809753,0.6911805934284563,0.00027939724403618196,0.020715271712336416,0.024776826117073658
297,0.20577482624694682,0.7431283978275429,0.0024672380575306947,0.007222839153948262,0.04140669871403128
298,0.018941855408692858,0.9765271011229851,0.003440936467539542,0.00027741796095811524,0.0008126890398242447
299,0.0072244079192385294,0.9876445166700882,0.0035496363645171596,0.0006705122966253948,0.000910926749530334
300,0.002308757912038756,0.7958338963152792,0.19994578370535546,0.0006048976289304676,0.0013066644383961333
301,0.0019128735132574665,0.7459107480060507,0.249192883217603,0.0015301180229285135,0.001453377240160322
302,0.000437341850735867,0.849153616621163,0.14956723548764295,0.00029484536074993336,0.0005469606797081743
303,0.0008444065479419578,0.21567147975728101,0.7821576062358289,0.0005066594556369111,0.000819848003311266
304,0.0020476379998066296,0.45560298499390206,0.5401592164253503,0.0007128988043526943,0.0014772617765882198
305,0.002127626089917762,0.17639344680432037,0.8197178498270614,0.0005811246815657572,0.0011799525971347348
306,0.001941007118809738,0.2885071800615545,0.7064295718582446,0.000913102738267447,0.002209138223123681
307,0.0684203582474027,0.7598134747474371,0.11697183845128695,0.00934439268824133,0.045449935865631765
308,0.04757953356467133,0.8025134617458509,0.13752357290642508,0.005653401683894748,0.006730030099158003
309,0.051482863225709066,0.7008668950743662,0.07731167130374585,0.004170480186367047,0.1661680902098118
310,0.14310421255046185,0.3989430364070365,0.002499123308272321,0.008494064940742384,0.44695956279348703
311,0.22533309394681234,0.6691008845790757,0.01020101546571586,0.020801551789997937,0.07456345421839816
312,0.36105709669435704,0.5797500153934276,0.004368246869239323,0.012117955993178137,0.04270668504979786
313,0.5373840914152538,0.4011292964810594,0.0005630319301299714,0.025530010298393295,0.03539356987516371
314,0.08323565457846029,0.847935166663231,0.0016561006782261013,0.056285207531120825,0.010887870548961918
315,0.0138030863343187,0.9494559219566614,0.003936343336679261,0.029946442741383705,0.0028582056309570314
316,0.11262965426815919,0.7311539266464049,0.0015349722287850654,0.10661407908193637,0.04806736777471433
317,0.08576875932383411,0.7256235010076221,0.0008278678440075176,0.1749178805578193,0.012861991266717084
318,0.24853736393626383,0.0696206110650301,0.00021795485220398261,0.0987541855427915,0.5828698846037106
319,0.19760936279973612,0.6940666637708021,0.00035101306240065654,0.07506506241514323,0.03290789795191798
320,0.2386619642138452,0.5472699319871586,0.00025019628411219926,0.07796210970425907,0.13585579781062504
321,0.7139058453021737,0.10489007137010921,6.43144086006751e-05,0.10887842755861087,0.07226134136050544
322,0.16993392010645766,0.7514285198833217,0.0004743016552349924,0.05854887584104447,0.019614382513941066
323,0.013434390134093975,0.9755378499530643,0.001748723254448635,0.007811927875575594,0.0014671087828174412
324,0.2809048212002907,0.48417258485529996,0.0002952019019989995,0.11719960427585273,0.11742778776655746
325,0.03719043585971676,0.94009261956888,0.00048393723970063443,0.017901289500048947,0.004331717831653377
326,0.10314626980219785,0.8549087704623742,0.00032400386860247527,0.016461190271373414,0.025159765595452126
327,0.03007678745879244,0.9640582095883256,0.001982746566848513,0.002446256684933653,0.001435999701099904
328,0.06667688845807443,0.9091499259767511,0.0005669835452523566,0.018353369311609535,0.005252832708312677
329,0.019658089526835367,0.9676987921258994,0.00045605416864655864,0.010550884724640709,0.0016361794539780695
330,0.006025199888581834,0.9745996369728863,0.013289865218743726,0.0032177190047524245,0.002867578915035625
331,0.033921524000345794,0.9541303063106121,0.0005882174047377928,0.008402300239406075,0.002957652044898155
332,0.013374381489726911,0.9681045028906647,0.00350799045874694,0.012006022696251163,0.0030071024646103756
333,0.3448714915989062,0.2887965674538846,0.0008215913708815499,0.019806205954349794,0.3457041436219779
334,0.053989780892131516,0.9268294087449034,0.008481417020128838,0.007823051540019735,0.0028763418028164567
335,0.32504565712073974,0.6027082788178805,0.00040320139844105457,0.036553579619077584,0.03528928304386109
336,0.03602277154523886,0.9436464780367684,0.008373895499173363,0.00834430792134301,0.0036125469974764715
337,0.2397081885857581,0.44343034025198763,0.001014853243878748,0.03463219038820376,0.28121442753017173
338,0.015901720795018885,0.9800454483710083,0.0002306956279318828,0.0012292630221829393,0.002592872183857742
339,0.27985868364391425,0.6559957487301606,0.0002677633181169974,0.03360450393103872,0.030273300376769247
340,0.025218878658047998,0.9702595429725208,0.0013314680629682653,0.0009889114524051447,0.0022011988540576568
341,0.025171319469776476,0.9650990671863399,0.0008334911455059252,0.006091557575927041,0.002804564622450756
342,0.008754717152534432,0.9843229099828282,0.002289303906119276,0.002759357836607183,0.0018737111219107288
343,0.02526822438478256,0.9135187877551146,0.0025362188343920813,0.05574709280242962,0.0029296762232809285
344,0.061502894754282514,0.5942482232627244,0.04014034275166251,0.012290343746956518,0.291818195484374
345,0.4238172476046792,0.39645488032029264,0.00044761423991657975,0.03167707722771568,0.14760318060739583
346,0.06260665698324822,0.8963989180150616,0.0016356110775713347,0.03504539436126559,0.004313419562853314
347,0.1574558355105232,0.7796947657891107,0.0022540399262489306,0.011430456094415231,0.049164902679701965
348,0.06600343853439075,0.17858677619483795,0.0037365201774850645,0.0318369160672102,0.719836349026076
349,0.020295942701615645,0.96231574194197,0.002608175037969215,0.00585997063511577,0.008920169683329433
350,0.3777056987767339,0.36852209441965766,0.0003400357328694579,0.14493895988438818,0.10849321118635083
351,0.05354921914748338,0.08902674485902531,0.0013872813641871,0.010094438807848338,0.8459423158214558
352,0.2963953742545644,0.06352210042432421,0.00023052159939844665,0.07883478188268139,0.5610172218390316
353,0.49615052245451524,0.09704429317008299,0.00011142704689853104,0.0204759160638517,0.3862178412646514
354,0.8325189270771033,0.026667432126667792,2.7358672892762406e-05,0.01143978943438025,0.1293464926889558
355,0.2412694960473463,0.747233944982786,0.0003460936571076223,0.005977428755900813,0.005173036556859308
356,0.1873919703136554,0.7665286408144106,0.00013537830119422735,0.029556567352307245,0.01638744321843252
357,0.007880081007837627,0.9862574759021264,0.002302871357785998,0.0025510744619905686,0.0010084972702591947
358,0.08302596812850761,0.8002750619048634,0.0006318073439967206,0.09410516810182382,0.0219619945208084
359,0.005756010403613736,0.9794791204287417,0.004279408308129786,0.009683669381983444,0.0008017914775314066
360,0.025535804586268772,0.9558438800239529,0.0003981039764655895,0.00960962450297063,0.008612586910341955
361,0.007799057448271129,0.9874546742814638,0.00161795050480822,0.002029217780269246,0.001099099985187684
362,0.02568306093818739,0.9627303812954483,0.001472928347791568,0.0074428732689039295,0.002670756149668686
363,0.004254435035980593,0.9857508933094659,0.007359466037320902,0.0019436218681464338,0.0006915837490860536
364,0.024855027072427788,0.943629917099763,0.0014298944315275777,0.02664761089494724,0.0034375505013343284
365,0.011670794881922061,0.9629059119679318,0.009268260462948447,0.013657373945903046,0.002497658741294519
366,0.016373255115806118,0.9259457637109877,0.007904052443697376,0.04633437427296732,0.0034425544565415767
367,0.06931050348929407,0.21152128206151513,0.002600181093618204,0.02651555208167705,0.6900524812738955
368,0.060912593446397933,0.9003925680389464,0.0003961084694972276,0.026662625724210992,0.011636104320947622
369,0.039021142068013034,0.9332535257119846,0.0008777612975724256,0.022858417585931146,0.003989153336498762
370,0.08524547825570525,0.8632601311889816,0.0002530314910449441,0.03674867786516433,0.014492681199104046
371,0.03999979433069979,0.9208149361840336,0.00024407702043045853,0.0314727559790642,0.0074684364857718465
372,0.11073318070182046,0.68424835242793,0.0004181409909665533,0.10138109633491059,0.10321922954437233
373,0.1522105136886724,0.5094771322729156,0.0010956824299250404,0.03503179373740337,0.30218487787108356
374,0.1602687514752164,0.09417070272359855,0.00020423884108672203,0.05893801122886421,0.6864182957312341
375,0.23974205603110865,0.056232011232728855,0.00023847137164720764,0.05995205253453167,0.6438354088299836
376,0.6075907457729357,0.14434176499280132,0.0003590025908582277,0.12198585967846398,0.1257226269649407
377,0.14777490490300535,0.7463971461056534,0.0009412299489423929,0.0791567781640712,0.025729940878327705
378,0.2820259467559351,0.19083511207617443,0.00026893765832039415,0.28990944024306714,0.23696056326650294
