epoch,N1,N2,N3,R,W
0,0.00457101679440166,0.0005270808559057852,2.70866358482009e-06,0.001468444240007444,0.9934307494461003
1,0.019113064434192095,0.0009173306663942692,5.789806958647903e-06,0.0033392703530875753,0.9766245447393674
2,0.004351320791293001,0.0005279078138962568,3.1458572210212524e-06,0.0027225561491278872,0.9923950693884619
3,0.002787857189106309,0.00013397224971918107,1.4968527703795307e-06,0.0009033527834628903,0.9961733209249413
4,0.018798816077844387,0.001109014209643881,7.499012986813151e-06,0.0050377349205416614,0.9750469357789833
5,0.019035384985619463,0.0007334151234665054,4.5648374924442425e-06,0.002553782671798137,0.9776728523816234
6,0.04321033513693229,0.002218214713939328,1.0876527042984527e-05,0.005431850249237141,0.9491287233728483
7,0.1320252349705073,0.005818445417361396,3.019504417908913e-05,0.021907352511033342,0.8402187720569189
8,0.03379907842056456,0.001527321975238647,1.0492626153955368e-05,0.008601881702450036,0.9560612252755927
9,0.000506985400595876,0.00031363414348398915,2.2406753277128277e-05,6.757976651935306e-05,0.9990893939361236
10,0.04177889688732239,0.001217173534443526,9.544732853807531e-06,0.00277623454226868,0.9542181503031115
11,0.00429540629464687,0.0005381091685518932,6.372548384238156e-05,2.2663002466241248e-05,0.9950800960504926
12,0.002263533345193656,0.0002632597715050248,1.604453546929269e-06,0.00016006166385145801,0.9973115407659028
13,0.0006532818322823621,0.00017513809893037065,1.2928321659592881e-06,0.000191954946549614,0.9989783322900716
14,0.0076191689254448275,0.00038743261017399683,1.0371303974397457e-06,0.00027130933453038225,0.9917210519994534
15,0.005030883841643325,0.0008851424346817031,1.4877607231474624e-06,0.0004306638991361549,0.9936518220638157
16,0.0077398782427859055,0.0009904542703338434,2.921299459994373e-06,0.0011347217342401771,0.99013202445318
17,0.00343795653627561,0.0007862631617905333,5.97102773351082e-06,0.00045187552247867265,0.9953179337517217
18,0.0010026367173611068,4.401467801751567e-05,1.991968532031886e-07,0.00012658120285112973,0.9988265682049171
19,0.003435681318569717,0.0002731302869211545,6.263572193989801e-07,0.00028375194383610834,0.9960068100934537
20,0.003422981890705964,0.0002441520294184723,1.1437711876927846e-06,0.00025241768804126763,0.9960793046206465
21,0.0005971924581563037,2.3071900391411426e-05,1.9184038445836412e-07,7.774205866879957e-05,0.999301801742399
22,0.005002923267712317,0.000345374423162921,1.1884698381359738e-06,0.00028564757268982843,0.9943648662665969
23,0.0028667303090084465,0.00016474035318093122,2.691684069553209e-07,0.0003729102537328587,0.9965953499156707
24,0.0029170103807568313,5.656257697826345e-05,1.9271923609195035e-07,0.00040904018206815856,0.9966171941409607
25,0.011188857743817204,0.000738263427032097,2.8548555847004033e-06,0.0016026610867735066,0.9864673628867926
26,0.007760748725938756,0.0003361602448432039,7.062156510352226e-07,0.0020391449164430817,0.9898632398971238
27,0.004779266028419035,0.0001521631827497983,4.1981021840340097e-07,0.0009252123568781203,0.9941429386217345
28,0.013477187443117,0.0005292858182178744,7.56711460189053e-07,0.0016259140766545026,0.9843668559505504
29,0.23175218581756737,0.0029496169864782133,1.304463381058759e-05,0.005995355992167142,0.7592897965699767
30,0.24367033097972485,0.015937175007603256,4.620528972939963e-05,0.023411379856177535,0.7169349088667649
31,0.002253461626904167,0.00026106749024987506,4.188449254193849e-06,0.0008139481623147509,0.996667334271277
32,0.007398748989259411,0.0004617262155437966,3.2376077373763043e-06,0.0031332845632473893,0.9890030026242119
33,0.17668424038392225,0.0065359173042547685,1.8474334300644336e-05,0.02492952459424427,0.7918318433832782
34,0.4490224907610419,0.029749546290271114,5.717750756166115e-05,0.060688975721124104,0.46048180972000125
35,0.07225304559632444,0.005374866180419801,1.542899779530316e-05,0.024689369788455845,0.8976672894370047
36,0.2503819184639581,0.080865603952294,0.00011742217750756786,0.12785692314335553,0.5407781322628848
37,0.41858535474906106,0.12483349965870708,0.00013946907176663482,0.20539051881083292,0.2510511577096324
38,0.15125252341631487,0.7031193666482988,0.0033189441172074385,0.038224816823893455,0.10408434899428545
39,0.19782035809596044,0.08331174441831618,7.830694313288778e-05,0.19161524581890035,0.5271743447236902
40,0.45813194501583704,0.18516596735643312,0.00022038411707455796,0.24966866300515503,0.10681304050550021
41,0.5019680522670783,0.3103840902681006,0.00023034494622600478,0.12105390706914804,0.06636360544944703
42,0.6053659630063444,0.33657972460133423,0.00040888751531086264,0.03887407368145811,0.018771351195552583
43,0.15085031595381374,0.8032393024388527,0.0010240769838211028,0.02807105242855847,0.01681525219495408
44,0.03846088003557457,0.7709207355476329,0.17960846869013203,0.002947308248209464,0.008062607478451004
45,0.23390052032999722,0.6485701416145336,0.0021918674953360444,0.049380381568039436,0.06595708899209368
46,0.03824664218666482,0.9270708329623295,0.0056109872759420865,0.020811951937859598,0.008259585637204204
47,0.032492693161812754,0.9197514339674904,0.022586962734410774,0.007655832229999687,0.01751307790628612
48,0.08072041165882264,0.8778922896841278,0.002398651598713871,0.026036103700998497,0.012952543357337226
49,0.010398158087507525,0.9233442119415524,0.054883332353268525,0.0027547799025740343,0.00861951771509753
50,0.4350711897234639,0.33524648008029045,0.0005497440650782089,0.03895423200402905,0.19017835412713838
51,0.31495229929097224,0.610827849910936,0.0006082736233882086,0.04957177947658839,0.02403979769811523
52,0.11728825843757527,0.8417585378545819,0.008616437136251329,0.003468826483051914,0.02886794008853968
53,0.08933603354559302,0.8892097144414407,0.00582616399833265,0.007313169462635474,0.008314918551998219
54,0.020152902230530418,0.9232337300675334,0.03672570671210734,0.0146217631606935,0.005265897829135386
55,0.1207495221399932,0.7947861560219388,0.0025736493091412646,0.06699569576381435,0.01489497676511255
56,0.030902722525610427,0.9245646812343128,0.01591370229020138,0.0190217360546486,0.009597157895226827
57,0.021394515115960935,0.931020419452142,0.015012869330966247,0.022436709828070025,0.010135486272860816
58,0.048707017757448665,0.8496236636493196,0.005704686545981371,0.08031929554618622,0.015645336501064366
59,0.016005094494868057,0.044200737835168924,0.0038881001206446863,0.001381584308263459,0.934524483241055
60,0.6170409636433519,0.09768058619152593,0.0006107669210109989,0.050590794255383,0.2340768889887283
61,0.738272851442314,0.19705078880910318,0.0008876107364833597,0.0052679655542944995,0.05852078345780486
62,0.5200292983235234,0.4606837824506198,0.0013168589014546902,0.0007537445490965085,0.01721631577530556
63,0.04364775628751579,0.9252651863390214,0.020616438273203388,0.0017067828570835305,0.008763836243175805
64,0.05267823127818544,0.9194992169542859,0.008540415637114463,0.00998417974141865,0.009297956388995506
65,0.035784024261160154,0.913026343814978,0.02588925197693687,0.014030182454172197,0.011270197492752735
66,0.0698523366832527,0.7598334369314549,0.10256153185848348,0.021076228472006932,0.04667646605480222
67,0.023329596595160887,0.8591480676222492,0.07989650252159579,0.013685281059617405,0.023940552201376537
68,0.011787410424669109,0.016573796606502676,0.0003191989720683352,0.0008014072392728953,0.9705181867574871
69,0.022797228206900406,0.010250027677189867,3.410097319796506e-05,0.0014617317960025716,0.9654569113467092
70,0.7423911082609178,0.09093458158933303,0.000154578666111877,0.060637537114756244,0.10588219436888105
71,0.5443020370543783,0.34936643039635873,0.002069027807631897,0.0259193367084448,0.07834316803318613
72,0.4150663846592438,0.3372492530712684,0.0002695143524227865,0.13067854241092736,0.11673630550613757
73,0.191465776572272,0.342687156372874,0.0002682383544858737,0.16375684498792317,0.30182198371244484
74,0.32397004161003506,0.3280235965608931,0.0003751802405314192,0.21992896039690463,0.1277022211916358
75,0.3168550726156857,0.3675331614084019,0.00027679291369619167,0.20042763579844028,0.11490733726377593
76,0.13243189083869383,0.677908021316352,0.0019777077748020268,0.09474733317545776,0.09293504689469431
77,0.1393811468189953,0.46121201768885345,0.000524642233716366,0.14713491099397494,0.2517472822644599
78,0.0013100947882365478,0.003293989011973331,0.00015812557185215087,0.0002444392595988556,0.9949933513683392
79,0.0010422354195808957,0.0005127162312834414,3.7890260817400786e-06,0.0003474661561134705,0.9980937931669404
80,0.0015695126974867616,0.00021152226732737179,1.9206115551495724e-06,0.000229550334667451,0.9979874940889633
81,0.0018386143728737426,0.0001819188982181628,1.6409441652090753e-06,0.0003383768893276188,0.9976394488954152
82,0.0008925365605684692,0.0001942598917404731,1.494190874330634e-06,8.628207119477165e-05,0.998825427285622
83,0.004933465746802385,0.00023390802262882949,1.1326263481851024e-06,0.00034183134011007564,0.9944896622641105
84,0.002995363581595708,0.0001998656102846342,1.0974113869864237e-06,0.00047275076304279195,0.9963309226336899
85,0.007673354972802886,0.00038187420543598234,2.299650195701556e-06,0.0012168211933281134,0.9907256499782373
86,0.007088281152683241,0.0003973429640868095,1.850864009473749e-06,0.0013758701082910887,0.9911366549109294
87,0.09842061771462678,0.0029000444375423106,8.660310729790865e-06,0.009138401159251136,0.8895322763778499
88,0.027228017263274507,0.0006392069251112854,4.734895796403758e-06,0.004473672711870729,0.9676543682039471
89,0.5570669484293663,0.023748966974036,0.00012337128009487863,0.14818676617385396,0.2708739471426488
90,0.09536706765347816,0.010979682083473502,2.2925049432798016e-05,0.06455262397829944,0.829077701235316
91,0.43326862846383857,0.027885695438311164,9.895758487162469e-05,0.20270631754500984,0.3360404009679688
92,0.30958653002336467,0.08018727813848851,0.0002597914729872697,0.5000983370365775,0.10986806332858191
93,0.18722229147897945,0.13035744125114856,0.00032628086737746805,0.13679425868019932,0.5452997277222953
94,0.12002444434592338,0.02291373623787586,3.897556581898783e-05,0.03688220108903029,0.8201406427613515
95,0.22822744706655348,0.12206988543092681,0.00011754115208798089,0.067199028070367,0.5823860982800647
96,0.33079439723892173,0.22747222441412276,0.00021261526344975922,0.09095994289837114,0.35056082018513457
97,0.11074181846869233,0.2754553130603385,0.00044619476694103836,0.034322088018638626,0.5790345856853895
98,0.0007391872381086252,0.0010918570829051434,4.336960314123104e-05,0.00031252820824525596,0.9978130578675998
99,0.0013216951643701788,0.0002954842389715429,6.2046906989347585e-06,0.0006719596028378171,0.9977046563031214
100,0.012463100717985629,0.0008112014525930343,5.330319888465317e-06,0.001667244112049668,0.9850531233974831
101,0.009030311510328624,0.0007862264080508869,4.914482828593638e-06,0.0005240561741473318,0.9896544914246446
102,0.0015641044435286014,0.0005238839769751934,2.401155941433826e-06,0.0003262491172169636,0.9975833613063378
103,0.004056196963206764,0.0004109840571778328,2.1929978550369357e-06,0.0006042716009048322,0.9949263543808555
104,0.002741578829040689,0.0005610895479230536,5.03396705688672e-06,0.0003343642991768053,0.9963579333568024
105,0.003180232929529152,0.00044816439421016996,1.853711819062025e-06,0.0006442319160729166,0.9957255170483688
106,0.001938841157617862,0.0003066902381305125,1.4155988434721431e-06,0.0005581987359363054,0.9971948542694719
107,0.0013924577311844463,0.00024277382454698153,1.0589790156256966e-06,0.0003267914433212034,0.9980369180219318
108,0.0017671239498001665,0.00028302219558730407,1.2348244505622234e-06,0.0004404631452437698,0.9975081558849183
109,0.001222568603766154,0.0002714336669089974,6.710353229876137e-07,0.00019972370466408247,0.9983056029893379
110,0.008060828123666958,0.0008016521093124339,3.754178338163515e-06,0.000562822823551924,0.9905709427651305
111,0.0008166231155636071,0.00040077866781540325,4.736529326539749e-07,0.0003767171760150179,0.9984054073876732
112,0.001616882328072609,0.0004282252391665446,1.306853627019823e-06,0.00040624118608678054,0.9975473443930472
113,0.004161521771617719,0.0010324561932633304,3.2341728443726907e-06,0.0005974766876942242,0.9942053111745803
114,0.0025467969154564,0.001049819109196876,6.288301114573085e-06,0.0005350014828972294,0.9958620941913349
115,0.0031077048758544885,0.0006137173108753721,2.469086124800961e-06,0.0007159015354153691,0.9955602071917299
116,0.0067126393446707636,0.001739050106336039,1.2234911965307785e-05,0.0009734103340610713,0.9905626653029668
117,0.0012489833284009095,0.00021827391521040738,7.816353710220243e-07,0.001155361395758051,0.9973765997252596
118,0.005647521971416937,0.0020558691732984365,3.4966931916591635e-06,0.001622731663391339,0.9906703804987017
119,0.0041673604499638875,0.0007668843913093662,1.9510413339228267e-06,0.0013694670434345297,0.9936943370739584
120,0.011062141888652309,0.0011417946589053626,3.513177819851106e-06,0.00317417621979532,0.9846183740548271
121,0.030311579920335858,0.0015298278858772558,6.043423465180954e-06,0.008218206222911676,0.9599343425474101
122,0.004449718482600385,0.001892454690311568,5.606084797381359e-06,0.004158648388501091,0.9894935723537895
123,0.0015412655728067196,0.0009457879003563871,1.9455300699028753e-06,0.0015216102527405785,0.9959893907440265
124,0.003424215097081518,0.001709579931320896,3.4523165649690115e-06,0.001617507871939951,0.9932452447830926
125,0.006726487369206163,0.0013521972906078018,4.776790825156335e-06,0.0018637744964539462,0.9900527640529069
126,0.011543288164093356,0.0028694040891982598,9.096674745019961e-06,0.00462695698196204,0.9809512540900014
127,0.0025231451637582683,0.0017963083762565662,4.766461967961887e-06,0.003370815662819228,0.9923049643351979
128,0.0011012856782174345,0.0005325208356629323,1.7938004738385597e-06,0.002054599144373856,0.9963098005412719
129,0.0021870682807094057,0.00026723211763805447,2.3507857464933494e-06,0.0029957023779399153,0.9945476464379662
130,0.0011227397593663738,0.0003712583302717128,6.730006052059556e-06,0.002008603610552087,0.9964906682937577
131,0.0011657927976338812,0.00021881529720688714,1.4828150384880908e-06,0.0018018441493387338,0.9968120649407821
132,0.0030158060970927225,0.0007762076842621548,5.325788838110967e-06,0.0013005736529605931,0.9949020867768464
133,0.0009419303474538079,0.00027806773847453077,1.1011037485453293e-06,0.0011082947415147531,0.9976706060688084
134,0.0011322928300615508,0.00025965864860383157,2.5832070849347796e-06,0.0013997482303407304,0.9972057170839089
135,0.0006271464451599928,0.000151834309721122,1.230468332668572e-06,0.0009385354074537065,0.9982812533693325
136,0.00034317035918100553,9.230455346917945e-05,6.136095525975884e-07,0.0006474723495455391,0.9989164391282516
137,0.0047491555454210145,0.0006017116064392286,2.8649205372532312e-06,0.00210235302103388,0.9925439149065686
138,0.0005105940623308088,0.00010995068935200742,6.30378177405206e-07,0.00046468211562746204,0.9989141427545124
139,0.0009606965433120162,0.00035585324943543124,8.442967928090408e-07,0.0007127838014587477,0.997969822109001
140,0.003909569563816595,0.001260236647507449,5.3697282593060005e-06,0.0018972715101776916,0.9929275525502389
141,0.00031661896280589573,0.00019655321171102108,9.229430364321198e-07,0.0002754351152919149,0.9992104697671547
142,0.00028759289595542,9.303838195817245e-05,5.862690790989184e-07,0.0003168330995837435,0.9993019493534236
143,0.00045955198991795966,8.830799128963087e-05,4.769235099798098e-07,0.0002662345681952877,0.999185428527087
144,0.0006218216116019268,7.568728983735354e-05,1.5806296697825071e-06,0.00034048732639342124,0.9989604231424976
145,0.0007470593827590599,0.00019481562369701887,1.8918708737444231e-06,0.00039195567756810637,0.998664277445102
146,0.000629962738919129,0.00020609037297664447,1.5702808352101242e-06,0.00020818673662129365,0.9989541898706477
147,0.0012011135703744757,0.0006368197748755662,2.0481829098679465e-06,0.0014308700243627606,0.9967291484474774
148,0.008324657297702303,0.0010324588160235174,7.227344407129275e-06,0.011188369941357149,0.9794472866005098
149,0.003761450422265124,0.0002676167890957356,2.6234225274149502e-06,0.004275764680745707,0.9916925446853659
150,0.02309983140569186,0.0015720515180194896,1.535206750190791e-05,0.030266776456708677,0.945045988552078
151,0.006522335649133112,0.0004870194479854763,4.766625530018068e-06,0.006017752563653255,0.9869681257136982
152,0.002750033752129493,0.0013916857843650173,1.1615389189885131e-05,0.00991758949740963,0.985929075576906
153,0.002094761088558003,0.0005922482215164088,3.236409088500038e-06,0.0026437492313061708,0.9946660050495308
154,0.0012113783826122682,0.00027891799455189597,9.594903314015837e-07,0.0031039340575988667,0.9954048100749057
155,0.00144555942661695,0.00027601130384236674,1.3499300041368096e-06,0.0027752233239188968,0.9955018560156176
156,0.005784270545035865,0.000645628038045442,2.2527794790865156e-06,0.002367400980243255,0.9912004476571964
157,0.0017961966666742949,0.0004902433190104979,1.87524176201594e-06,0.0023418613042782807,0.995369823468275
158,0.0016979693961320925,0.0005523834428133427,1.8580275363874644e-06,0.0021222994976877354,0.9956254896358305
159,0.002921678325755477,0.0004730353518526753,1.8122412474440149e-06,0.0018873793672320707,0.9947160947139123
160,0.0009573084487598524,0.0004944449774161109,2.77883998019436e-06,0.0005280171209495022,0.9980174506128945
161,0.0008455635075407324,0.00040633610285420365,1.1168291556145182e-06,0.00047079977785140036,0.998276183782598
162,0.0014876515367969634,0.0006397754841948821,1.4432806523012222e-06,0.0012555576648326276,0.9966155720335231
163,0.0010801552103876606,0.0003421575628889877,1.3903914072703027e-06,0.0007498249909120579,0.9978264718444041
164,0.0006357110339270529,0.00015136954771842454,7.010316259270473e-07,0.00035400627070647294,0.998858212116022
165,0.001586607578122189,0.00046937403707771204,1.9005477967763229e-06,0.0016182990789064809,0.9963238187580968
166,0.0006026981119900229,0.000209358043734318,1.1521781981775663e-06,0.00042294702125669173,0.9987638446448207
167,0.0003745637909334638,0.00011478763888604046,5.223439390852108e-07,0.00029340286798359386,0.999216723358258
168,0.003752606330898689,0.0007395561873418269,5.735312506614239e-06,0.0005808479401455912,0.9949212542291073
169,0.0004004068297762583,0.0001409419107201352,6.469069066142494e-07,0.00014566270717705223,0.9993123416454199
170,0.0006933555282140658,0.00021948896252693,1.8369834357467208e-06,0.00023086556139235176,0.9988544529644309
171,0.0011737307354174277,0.0005791640645047024,3.4740168783292706e-06,0.0009308760366345068,0.997312755146565
172,0.003581752755607814,0.0003772509372549343,9.514231422712071e-07,0.0009718949358279161,0.9950681499481671
173,0.025583200293536,0.0022119840606651528,2.676680746416862e-06,0.006906543423526441,0.9652955955415259
174,0.014211737728412619,0.0011271578183699575,2.2192053721004046e-06,0.003424276609891927,0.9812346086379534
175,0.026753340181748117,0.0029677681159036894,4.981648602322207e-06,0.01036480943199508,0.9599091006217507
176,0.006006518625938725,0.0007682800632729818,1.8148504079275311e-06,0.006619736991406385,0.986603649468974
177,0.0018645495713501819,0.0008468499040131569,1.274805350383073e-06,0.002604007838596337,0.99468331788069
178,0.003961613360288649,0.0017036462689083457,2.970387709978861e-06,0.003288764160444113,0.9910430058226489
179,0.0022052294412637273,0.0019779228819770327,4.589952128321951e-06,0.001668390594179859,0.994143867130451
180,0.002384830963403882,0.0008759605110010193,2.361209555072797e-06,0.0017350890532569236,0.995001758262783
181,0.0014737058818433187,0.001122449050662522,1.955706423076026e-06,0.0008042524443011776,0.99659763691677
182,0.002490197614746719,0.0010874422630289956,3.0176658360719526e-06,0.001465948012047873,0.9949533944443404
183,0.011889568665813074,0.003141375198297623,1.4444060748051342e-05,0.0018140016648567603,0.9831406104102846
184,0.0009525178498976908,0.0007946027914231098,1.821020822255565e-06,0.000765165748768576,0.9974858925890884
185,0.0030142667146671794,0.0010210185432723722,2.218953745148454e-06,0.001441410641431117,0.9945210851468842
186,0.002544816879375117,0.001364176163212078,1.6602868272022863e-06,0.002381710028118728,0.9937076366424669
187,0.0018520680170099268,0.002000460844720528,2.7503309175180042e-06,0.0018083020428799313,0.9943364187644722
188,0.001640727054090018,0.0006848655994036873,1.7779687461346152e-06,0.0019245244013108866,0.9957481049764492
189,0.007128085149473782,0.0040985068014307655,9.928179990861534e-06,0.0027967725165931948,0.9859667073525114
190,0.004375697331892459,0.0020061005585075694,6.213239427703124e-06,0.00936365820648728,0.984248330663685
191,0.0044914092221577315,0.0015203051097596688,1.797611189429938e-05,0.002725801971996236,0.9912445075841921
192,0.004706520192517399,0.000614434745235856,3.5341268792724307e-06,0.007575084197009756,0.9871004267383577
193,0.003465260288035494,0.0006070575936173409,1.8341946394616394e-06,0.0031686417616712714,0.9927572061620364
194,0.003319508447436764,0.0009664111426321805,9.50868751159145e-06,0.002387586196465278,0.9933169855259542
195,0.013800044629452337,0.000519748101110137,4.1954214476800845e-06,0.00888433876171243,0.9767916730862773
196,0.01547026635180642,0.000852177546644845,1.533654075550437e-05,0.003716678288045214,0.979945541272748
197,0.010515631630941004,0.0007468610269876571,7.3801042914058765e-06,0.006902108175327081,0.9818280190624529
198,0.05347662087192948,0.007772663015297915,2.0644823881138802e-05,0.025693348909579684,0.9130367223793118
199,0.06695333140401567,0.019661945663801982,8.459851941520047e-05,0.0167554669186934,0.8965446574940736
200,0.0006075688034798707,0.0025701213554335297,1.1363017911798199e-05,0.00026130471490907174,0.9965496421082658
201,0.0004668145647589952,0.004131053069222473,1.6955613840178817e-05,0.00017285927276855284,0.9952123174794096
202,0.0004729724752462066,0.0036206344755214132,1.709903282240589e-05,9.950233273065878e-05,0.9957897916836793
203,0.027920317842037592,0.017519934947226493,0.00011692428023427161,0.0021143049939550147,0.9523285179365466
204,0.0027783198332017966,0.00015928126303327796,1.0445100156208213e-06,0.0003833709472018883,0.9966779834465473
205,0.004643289433742046,0.00043927848663757207,3.752990817051565e-06,0.0013701442813165855,0.9935435348074867
206,0.003570421471220989,0.0003740172405467569,9.228485201062483e-07,0.0007276131619228848,0.9953270252777892
207,0.0008611218253231266,0.0005560571920505786,4.071509333835826e-05,0.00020974959307269218,0.9983323562962152
208,0.0002254773810971091,0.00019086537659401497,1.2807515670494378e-06,7.11554368239014e-05,0.9995112210539179
209,0.0004542166883601556,0.0002432948745531718,6.925704618830355e-07,0.00033064310191950245,0.9989711527647054
210,0.0018033115597599495,0.0006248799670272335,3.2632676662032875e-06,0.0006491551975240681,0.9969193900080225
211,0.0012107051737483933,0.0005468234689922718,2.526861955442291e-06,0.00044091922296228314,0.9977990252723415
212,0.0017515685298593443,0.0006568497325347679,1.406237333731854e-06,0.0015079492400829643,0.9960822262601892
213,0.0034701454834292563,0.0009909131518110045,1.736297370886329e-06,0.0030498337233451902,0.9924873713440436
214,0.002808382833185641,0.0007275533156210213,1.5897272076466882e-06,0.0017873478218278483,0.9946751263021579
215,0.011482919708411725,0.0029728056410392493,4.4465558014562975e-06,0.005376807973191243,0.9801630201215563
216,0.005184847170171059,0.0013012685101090932,4.740767443415777e-06,0.0063829658996885285,0.9871261776525878
217,0.008669928836299273,0.0020897292095469577,6.632639727519936e-06,0.008793675467978806,0.9804400338464474
218,0.016200673008730557,0.0033140951911031784,6.030641431484345e-06,0.005634080346511326,0.9748451208122234
219,0.0027015452888380542,0.0011180975751721503,2.6645314184948522e-06,0.0031574375763298995,0.9930202550282413
220,0.007398685265242544,0.0018807810846002621,2.5966536398443276e-06,0.0054088554691872895,0.9853090815273301
221,0.019244100586604338,0.0023261222177351614,7.355127428572464e-06,0.021690196278977097,0.9567322257892549
222,0.014827905756825372,0.0009896896611178978,2.753388536037372e-06,0.011718409959084563,0.9724612412344361
223,0.005447727497570365,0.000576108374702127,2.3043586567301224e-06,0.006943536652855803,0.987030323116215
224,0.03060469543606885,0.0021498187849699865,5.498498211107109e-06,0.0364160495379387,0.9308239377428115
225,0.10456041831613441,0.008810568997093133,1.3930312436107605e-05,0.04648250067979382,0.8401325816945425
226,0.010310233095183764,0.0005518134221003677,5.136976198234401e-06,0.014515479857888662,0.9746173366486289
227,0.042149376666329966,0.0024566570532888556,1.4243058090222805e-05,0.04604080185317895,0.909338921369112
228,0.5549917569951065,0.018498395219582207,9.660557975642021e-05,0.15453035720634622,0.27188288499920843
229,0.7201212021103832,0.07569572717784467,0.0001794129570126721,0.08472315111436694,0.11928050664039246
230,0.364095715951855,0.4582562542879637,0.0011176543499193678,0.1520447396401639,0.024485635770097925
231,0.08914481579472014,0.5316724259741326,0.04804471976462645,0.3231911050752772,0.007946933391243659
232,0.1361563534139389,0.2868419419423389,0.0016427353920619812,0.5674480227380898,0.007910946513570261
233,0.21112257507876978,0.331209074513562,0.0025274654414264184,0.4203648670298707,0.034776017936371306
234,0.049779582694963624,0.8300704545986272,0.011613549037796211,0.10259527833688555,0.005941135331727643
235,0.08054793022454473,0.7959413736532155,0.006688658074061148,0.11264494696473461,0.004177091083444158
236,0.01377241705457856,0.7501178350251947,0.022884012249552662,0.2106551626689447,0.002570573001729391
237,0.040474655975434544,0.4559230127280918,0.005273919612057522,0.49391191954642116,0.004416492137994937
238,0.023534299749899967,0.5196130728391691,0.004366982301138562,0.44931829064625334,0.0031673544635390143
239,0.1304862478665923,0.24103352841340497,0.0005092434619844493,0.44469033605689734,0.18328064420112092
240,0.3184907301350246,0.0792096129455918,0.00010352738016985187,0.20949423832300976,0.39270189121620397
241,0.6319776938396066,0.2687719286331195,0.0002325754480590816,0.09225009525911229,0.006767706820102532
242,0.14874036396661583,0.8014421604539894,0.003825163203004524,0.04219939424070617,0.003792918135684149
243,0.05599740437923251,0.8187272223837152,0.011333592369535267,0.11045868938867714,0.003483091478840076
244,0.179039869664344,0.6043225546827921,0.0003066853357045069,0.17703446040167925,0.039296429915480144
245,0.040895336013388274,0.8717023654772277,0.003839961567963372,0.08032600648456258,0.0032363304568581203
246,0.04039617391149148,0.8923125038593849,0.003998367225396378,0.058933535568406664,0.00435941943532066
247,0.05649364673148288,0.926315838995011,0.0013376918094018862,0.013349526761356045,0.0025032957027482676
248,0.028510823884549577,0.9297658651241717,0.008060400764192866,0.03140901557453298,0.002253894652552997
249,0.057493839375584485,0.9054507520974401,0.0047511719257214095,0.029665823194271426,0.0026384134069826187
250,0.01675050408287246,0.9679401182049407,0.009025884900828325,0.004360867474087904,0.0019226253372706284
251,0.013463222240975603,0.8945320552400746,0.0832399977451042,0.005818648097679581,0.002946076676165969
252,0.01956367156757305,0.9244587363611128,0.04782076500233284,0.005554523929868299,0.0026023031391129467
253,0.017494019802167714,0.9631299628513437,0.014247841085793272,0.002865933633903588,0.0022622426267918543
254,0.004315768926771224,0.8466325545966255,0.1433008829028229,0.0026223323613266732,0.0031284612124536666
255,0.02336700978659673,0.8644957027209003,0.10414413906586995,0.002822004701077698,0.005171143725555356
256,0.023963831557731838,0.8960241383941775,0.07071845809194348,0.0019228643434436733,0.007370707612703406
257,0.012065744195634397,0.89465337638269,0.08921806130039794,0.0007730381910328304,0.0032897799302445945
258,0.004250890109499352,0.814382641133707,0.17936285229387325,0.00044634519322344615,0.0015572712696967684
259,0.0030276757334729816,0.5522300678745938,0.442617310779833,0.0006230663790541056,0.0015018792330460148
260,0.0012914307602903386,0.1025566262094459,0.8954657751692064,9.511109715886436e-05,0.0005910567638985339
261,0.0012400702008780607,0.3587985741232838,0.6385481151030825,0.00024527903110532344,0.0011679615416502326
262,0.0017949881466262385,0.3134764337340961,0.6833350656767081,0.0001837778961507166,0.0012097345464189447
263,0.00047003680309640915,0.1256367925903625,0.8730754782288918,5.9785439699619235e-05,0.0007579069379496921
264,0.0006342646080148726,0.08293346785907918,0.9154764545491274,5.983300966158008e-05,0.0008959799741170788
265,0.0006815558922392011,0.10041183327803492,0.897730907555243,9.135271511681485e-05,0.0010843505593661408
266,0.0025728721072722192,0.2609273116021527,0.7340374223922445,0.00029369111360942645,0.002168702784721182
267,0.0008716071004306986,0.1287337231873278,0.8690031366798022,0.000147835661733184,0.0012436973707059052
268,0.0004747699338280205,0.050855459651813664,0.947870128933168,8.144912756174617e-05,0.0007181923536285003
269,0.0004557341525347591,0.06783703324391953,0.9309532545700976,0.0001258294741599304,0.0006281485592882508
270,0.0017797858626027875,0.15103512358457066,0.8433300606198184,0.00017283811129851245,0.0036821918217097393
271,0.004099482657722177,0.5389066595532881,0.45233311921222763,0.0005857601530449384,0.0040749784237171524
272,0.0010624209320794693,0.6860967828408612,0.3108354582167762,0.00027094375778383817,0.0017343942524991743
273,0.0011258208415877964,0.15062711246022528,0.8470288323333931,0.00010774486119265108,0.001110489503601194
274,0.00044014043705031033,0.09068953932630044,0.9082754249767369,6.278824073322527e-05,0.0005321070191790771
275,0.0019431450941219575,0.23575522104318442,0.7600290589898798,0.0003306010802300674,0.001941973792583859
276,0.0007622099901090608,0.06879948914440617,0.9296088993019248,0.00011869519193454351,0.0007107063716252467
277,0.0006949911890988356,0.12632005419001346,0.8714352878966815,0.00019138381093364374,0.0013582829132725337
278,0.006289853718595017,0.25661979326110335,0.7295714983821192,0.0008197146235524993,0.006699140014629843
279,0.0010362635531469702,0.08306106052147604,0.9143917942330848,0.0001333783989502424,0.001377503293342041
280,0.0010049118303030783,0.10576563633722628,0.892208889542636,0.00012392735560719394,0.000896634934227343
281,0.0018939547020160785,0.1336051252123454,0.8613526184087882,0.00025464943863587406,0.002893652238214284
282,0.00946281514848816,0.7228108100131364,0.2609731534226742,0.0011051586723895958,0.005648062743311675
283,0.03126961532882108,0.8495115173072806,0.11117444782494136,0.0018277097381564304,0.006216709800800472
284,0.0040323185618823644,0.5044181294080432,0.48980692846125323,0.0002175570979965135,0.0015250664708246927
285,0.0013446499646577582,0.3019801187037142,0.6950530996306157,0.00017749892322080403,0.001444632777791564
286,0.00039863190249363526,0.1502274599877881,0.8488683360112783,5.1124913223137675e-05,0.00045444718521688075
287,0.00021238069969040495,0.05057685767544227,0.9487987402371885,3.361911583265328e-05,0.0003784022718461329
288,0.000488138821773872,0.05345783567214676,0.9452616608614125,9.815333466979153e-05,0.0006942113099970101
289,0.0005171440679547882,0.0312302344861669,0.9676692930190558,5.4044377071670206e-05,0.0005292840497509926
290,0.00039679962419616815,0.020685240483103166,0.9784884601066464,3.998693284713283e-05,0.0003895128532071135
291,0.00013614924687977957,0.009982024303074297,0.9896439289809147,1.8918720801956683e-05,0.00021897874832905022
292,0.00011964883020451496,0.009656548015576806,0.9899214927311543,3.8600513371979885e-05,0.00026370990969244853
293,0.00016509112128192287,0.032023795754104155,0.9671316777275311,3.7110832765520654e-05,0.000642324564317353
294,0.00010886508902208365,0.015355574952604159,0.984071231810815,2.8643674487271543e-05,0.00043568447307155256
295,0.0001732586029774716,0.029266010532945457,0.9696043823341745,3.631004479074758e-05,0.000920038485111859
296,5.813326776013899e-05,0.007102535484855533,0.9925832292661935,2.1011170167526116e-05,0.0002350908110233774
297,0.0001037280244883579,0.012983283778401106,0.9864734447025015,2.2864626177319997e-05,0.0004166788684319132
298,4.0450769310584225e-05,0.011758847837437074,0.9879353673104763,1.5901147928827315e-05,0.00024943293484722877
299,0.00015533233838367988,0.011354547134847567,0.9880853216331342,3.601776896269646e-05,0.0003687811246718193
300,0.00019643615869157204,0.016915995290673284,0.9824728662570383,2.964728377024848e-05,0.00038505500982674806
301,0.00012131901155234368,0.017645368160560827,0.9818229000599734,3.196579845518371e-05,0.0003784469694580669
302,0.001351186713250196,0.22761416381247956,0.7683726426764824,0.00021816380314524552,0.002443842994642442
303,0.0007831808026633302,0.16485593078724242,0.8326248749342285,0.00016521009839176817,0.0015708033774738247
304,0.0009075710899473921,0.18154864866053394,0.8162084653784244,0.00011003887727149818,0.001225275993822753
305,0.001217081424045648,0.17681488009966864,0.8204984894454687,0.00015881513773777646,0.0013107338930792411
306,0.0005336141844595721,0.032049944103499456,0.9668315288881211,0.00011744692463920398,0.000467465899280683
307,0.0010511863441554996,0.060167265197020287,0.9376194889810288,9.338616747446742e-05,0.0010686733103209304
308,0.00011323464073987775,0.0195472401934781,0.9800666219516351,3.14254981356366e-05,0.00024147771601131857
309,0.00041053580110822746,0.03746915234726584,0.9613573104532248,8.616594337887957e-05,0.0006768354550222822
310,0.00036150628398933047,0.09960049971836202,0.8991073142296653,6.82098045639556e-05,0.0008624699634192256
311,0.00030179325040906665,0.06682551708981499,0.9321794596151538,5.4298505469964503e-05,0.0006389315391522331
312,0.00027084635583945197,0.025473459263449242,0.9736808653630221,7.115079163973504e-05,0.000503678226049386
313,0.0004956504909942316,0.028045202118420022,0.9709059362065345,0.00021797409086302575,0.0003352370931881643
314,0.00023819613500273312,0.023106376669057693,0.9762594731897781,0.00012064358908779964,0.0002753104170736104
315,0.00086215502716458,0.033456594233177754,0.9643887074398879,0.00033192953464865213,0.0009606137651211457
316,0.0021382606136131116,0.10519610508003552,0.8869472585196562,0.0010508414660264464,0.004667534320668499
317,0.009729918659352034,0.4572305623496652,0.5227893561261404,0.0030475989101264407,0.007202563954715888
318,0.007387535266630612,0.3872770959115189,0.5924996863968778,0.004454368850672804,0.00838131357429997
319,0.056852969378437423,0.86120942302456,0.03618174611678955,0.027915415537397726,0.017840445942815402
320,0.1653307720000637,0.08832923131146725,0.0008859342866064417,0.006917970298785573,0.7385360921030771
321,0.6566068394926813,0.30107269035504275,0.0013605542668743305,0.02142445029402206,0.01953546559137961
322,0.3731148304722511,0.5953943447494863,0.0051264868925049,0.022295902933573815,0.004068434952184063
323,0.086907942841988,0.8968097693653571,0.008479528825667855,0.004999622271628762,0.002803136695358259
324,0.07270517660240589,0.865713092818293,0.007346783664744359,0.0494883103124466,0.004746636602110204
325,0.010166192594649095,0.8518252338442162,0.10569643685256114,0.027523018147278647,0.004789118561294862
326,0.011264633007327563,0.9268918279207622,0.03577786634327777,0.02375763321426596,0.0023080395143666695
327,0.009389768095451544,0.8660303049079882,0.10535313352050726,0.016535817037568085,0.0026909764384850164
328,0.03132698956310052,0.8995036018200404,0.019399541546751168,0.04559582234719613,0.00417404472291187
329,0.01653627006201869,0.9333537311692514,0.017875919928514644,0.02882279946445213,0.0034112793757630575
330,0.03200137826068524,0.880549735621612,0.01300624376039979,0.07141571062287679,0.003026931734425942
331,0.02071860444460014,0.9420787886943621,0.015662215943641457,0.018731692039392678,0.002808698878003668
332,0.47841581459304655,0.2950171210359625,0.0005733920220323448,0.022444630068445607,0.20354904228051296
333,0.11608013494427312,0.8597557794622185,0.0023043241213257606,0.01942679520689179,0.0024329662652908027
334,0.09898311506184468,0.8711908852827489,0.00994500786841969,0.01769638432151868,0.0021846074654678998
335,0.27896075162899575,0.6910466067545187,0.0016420856764664308,0.01720769775118857,0.011142858188830604
336,0.044994550889957,0.9364680013263464,0.00629295326323734,0.009606162158938085,0.0026383323615208998
337,0.03696107485264748,0.9315117629334465,0.01976893740190883,0.008470447598223383,0.0032877772137738064
338,0.006522119504952653,0.8390599877227995,0.14880843901878885,0.00423449611575233,0.0013749576377065614
339,0.006315746287438841,0.9448680929333034,0.045216545851657346,0.002204056637689992,0.0013955582899104718
340,0.00501431900247439,0.9354960932974861,0.05591306964883003,0.0017385394513634615,0.0018379785998458521
341,0.0024096123879173365,0.7830486356987668,0.211674729247582,0.0014818383999038363,0.0013851842658300759
342,0.0013891190749658246,0.39494330536704675,0.6019574610809554,0.0009111408918889578,0.0007989735851430629
343,0.008880364837616941,0.5307058629072263,0.44998663408323064,0.00746092528335408,0.0029662128885719493
344,0.03327849979918129,0.7280806549158713,0.1974688393587692,0.03464946133104713,0.006522544595131331
345,0.011253996418520517,0.6137894213130136,0.34756114223423323,0.021908529537706334,0.005486910496526314
346,0.11843155223968878,0.6065159884325441,0.0428595107602566,0.05533820958785067,0.17685473897966
347,0.4010644820922211,0.23683076265456499,0.0011093536964007355,0.028773207943844255,0.33222219361296884
348,0.1499428809794511,0.030093715628451,0.00037831435710227536,0.005910892126304861,0.8136741969086908
349,0.8577707156387965,0.09694005312689141,0.00027641690530500563,0.00879868025012895,0.036214134078878135
350,0.6745222803025296,0.3034750854523454,0.0006011802467162002,0.014545687974323724,0.006855766024085135
351,0.12669363263517025,0.8591736765520571,0.005712928866938873,0.0051953514682556694,0.003224410477577989
352,0.030724252977358573,0.8969518715451696,0.018871593321425427,0.051006677668443245,0.0024456044876032105
353,0.012310965758697003,0.8527660346458752,0.10261080202003123,0.029735632659831278,0.002576564915565347
354,0.0036449048059573517,0.8878601566469521,0.08489815789552904,0.02222892954818364,0.0013678511033779909
355,0.10103707467745958,0.8137324551423089,0.005914662046026813,0.047076699688024734,0.03223910844618015
356,0.21179718493057953,0.7240238565111082,0.007225226399719842,0.0345839504037684,0.022369781754823896
357,0.48918915735113266,0.4714127937015396,0.0015811678772647293,0.006442849605370151,0.031374031464692725
358,0.08528940087377816,0.8905485868837041,0.02001726896477881,0.0018746706302694195,0.0022700726474694155
359,0.012642818109154642,0.5873899810978707,0.3979347850248905,0.0008485290980474531,0.001183886670036671
360,0.0358286102277188,0.9361156816590349,0.022373161951810973,0.0027981257007204264,0.002884420460714797
361,0.0028826770969064735,0.7623767604650155,0.23198862040889398,0.0013731255482498752,0.0013788164809341273
362,0.004374603615521632,0.7737408950242761,0.21586686090074586,0.002615485673239987,0.003402154786216283
363,0.005676314101658024,0.7134635324535451,0.2760746987137815,0.00242296905694834,0.0023624856740669456
364,0.004313687642059058,0.4676371212209758,0.522937466973512,0.0027149282870819907,0.002396795876371278
365,0.006729318397308182,0.5671197816675607,0.41810618140706307,0.004448958456975713,0.0035957600710923247
366,0.011226488316885306,0.6479136318124828,0.3271579746882496,0.00892741730601524,0.004774487876366837
367,0.05071711015715713,0.6955830782484127,0.17321900948884641,0.008415539368902224,0.0720652627366815
368,0.03679583018616041,0.04455571255179906,0.0005920201115586607,0.002708407536806176,0.9153480296136757
