epoch,N1,N2,N3,R,W
0,0.2373788172296535,0.005425647240766377,4.439544445981358e-06,0.007215243069122589,0.7499758529160114
1,0.1933777072340165,0.014156994567806334,4.050251940899574e-06,0.028696092374797085,0.7637651555714392
2,0.3161578360142323,0.018620742816693073,4.7435518618100216e-05,0.042362452103182915,0.6228115335472736
3,0.17856056729813025,0.007562130662054139,9.825264237099686e-06,0.026797913632451015,0.7870695631431276
4,0.33995899440322414,0.016176203218303726,1.5602907629538134e-05,0.026100971661657847,0.6177482278091847
5,0.1058528088034204,0.025495850813953492,4.589984263373313e-05,0.009820213864844997,0.8587852266751475
6,0.14025175444406676,0.022954259615092825,4.13636521451456e-05,0.017556788423616493,0.8191958338650788
7,0.09538799281320898,0.012354809465153889,7.792444137489076e-06,0.016712499951266127,0.8755369053262335
8,0.08662134996372281,0.009472727315408276,4.429154191436919e-06,0.009080281826630548,0.8948212117400469
9,0.13567489945803787,0.012303539927428378,6.378573313284945e-06,0.008129205662759964,0.8438859763784606
10,0.0932908256123484,0.025228916666845715,6.117496849149953e-06,0.007280105953633965,0.8741940342703228
11,0.10084090793060134,0.013447757330639866,2.6703913735187697e-05,0.0028314067825747444,0.8828532240424489
12,0.038063290844553926,0.022796512324937693,1.685623968392544e-05,0.002656455094365423,0.936466885496459
13,0.0650100477876774,0.007959852419105668,2.5262374767857243e-05,0.0034128834730209837,0.923591953945428
14,0.06585914305281457,0.0032476063446420767,1.4175614511400828e-05,0.0028902286446125525,0.9279888463434193
15,0.21122888574461424,0.009624226238590787,1.8443583231646978e-05,0.013187591161508803,0.7659408532720545
16,0.30665096368361644,0.026084827388747532,0.0001149171013224949,0.018854895304300432,0.648294396522013
17,0.3864490068200808,0.019044886682460342,0.00013974990817107076,0.019937318128764352,0.5744290384605234
18,0.2424765390671421,0.022251061380821818,0.00010171595110826482,0.021495434589590943,0.7136752490113369
19,0.21014174210892517,0.11796347707925835,0.0006070602309007448,0.034494685601616205,0.6367930349792995
20,0.1519571422994213,0.043614004099090456,0.0002055496317629206,0.01049424885654662,0.7937290551131787
21,0.23596736230709103,0.036390677839350405,0.0002284035325096011,0.012667239488769267,0.7147463168322796
22,0.030946400826394403,0.026972871710941218,7.768304467774055e-05,0.004633527835653547,0.937369516582333
23,0.2247530333913223,0.011051737212719084,2.888806750261165e-05,0.00969075802347016,0.7544755833049859
24,0.16999316262862696,0.005130416417450641,1.3783267776349143e-05,0.006089177103860054,0.8187734605822861
25,0.021919961591087698,0.005425589243590779,1.3069901022838074e-05,0.0014284759080858231,0.9712129033562129
26,0.04707008685014093,0.0028014731330634137,1.2711106655532985e-05,0.0009248557308953713,0.9491908731792448
27,0.04007247769523062,0.006814428458427433,7.432679374400195e-06,0.0013472900437919526,0.9517583711231756
28,0.06870156650808266,0.002094395414228463,5.329547137754779e-06,0.0006194979560731079,0.928579210574478
29,0.15423557808889368,0.004187765011835065,2.038558342136852e-05,0.0020926529342528534,0.839463618381597
30,0.16623749846332825,0.0066697898261461105,5.999653566890578e-06,0.008502095982379906,0.8185846160745788
31,0.15186269949693654,0.0043420760666027566,3.993533141808898e-06,0.009139901362724598,0.8346513295405943
32,0.17822420715504272,0.010849948830073324,5.3026338676746575e-06,0.017000884140247672,0.7939196572407686
33,0.2268357775417302,0.005843749668485015,5.397089985392236e-06,0.011620924065575307,0.755694151634224
34,0.44037279256884554,0.03335312088219561,2.0045256295700227e-05,0.027246155312256014,0.49900788598040724
35,0.12457772432410144,0.04043602470090588,2.1963728388326413e-05,0.02903175764492434,0.8059325296016799
36,0.25370958512948283,0.053219697865304734,8.149200185009856e-05,0.042905133461830024,0.6500840915415323
37,0.1482875533592934,0.058257698535429316,6.017690642545992e-05,0.05325320170497197,0.7401413694938799
38,0.16406496234975093,0.09429682627796972,7.211998519105076e-05,0.0743615864570972,0.6672045049299911
39,0.017579252894314855,0.007030920883729829,9.904439510725252e-06,0.008052289118348948,0.9673276326640955
40,0.060148641421587,0.013078304079053759,6.111458107840467e-06,0.016757107126704755,0.9100098359145465
41,0.060071545660946586,0.015524438694783736,1.7773647458126474e-05,0.01041798604664828,0.9139682559501633
42,0.04516026124089244,0.010423837072701357,2.5096380132094518e-05,0.007538228650609331,0.9368525766556647
43,0.03606398111698532,0.008234995876438587,1.8214518984063616e-05,0.009437691805946271,0.9462451166816458
44,0.08900982637176733,0.025485703854034987,3.1005116064017737e-05,0.021261707954875104,0.8642117567032586
45,0.05543898419304007,0.005537500464061364,1.241015662789516e-05,0.008669063420737309,0.9303420417655334
46,0.09535200832733134,0.044512022138253726,0.00012775179392678638,0.025730681870742227,0.834277535869746
47,0.10774264102317614,0.06707705317713077,5.813815969217342e-05,0.02732702291490252,0.7977951447250983
48,0.17057686275782744,0.09783326994050817,7.603308911674606e-05,0.021581746402926847,0.7099320878096208
49,0.3800629752520901,0.044711555505740214,8.877394435572833e-05,0.007728788928851154,0.5674079063689628
50,0.24903867136395502,0.18831101346627202,0.0004099901826963761,0.003659460517886952,0.5585808644691896
51,0.18122955638868848,0.5487303934173934,0.0008917135167269491,0.013292738458417988,0.2558555982187733
52,0.09099929542935248,0.08292370994397266,8.60828076349488e-05,0.007154294656977837,0.8188366171620621
53,0.16313823879235767,0.15482999706046172,0.00020706650219097497,0.007942309374595327,0.6738823882703943
54,0.2674617456105776,0.1898936675427933,9.559059175297306e-05,0.005821910401750262,0.5367270858531259
55,0.1814822511726808,0.5969506382823221,0.002573037101575302,0.003013974171541589,0.21598009927188025
56,0.1517344513336935,0.36250147547361383,0.0009073936216190356,0.012218300328971895,0.47263837924210167
57,0.1808481949928708,0.05013082015992371,0.00016026687612800264,0.021797146772359402,0.7470635711987181
58,0.08716720989625812,0.11486296082458419,0.0006060225247427996,0.004068736705725448,0.7932950700486895
59,0.1412261376379041,0.04328788105429941,9.867083284836894e-05,0.007241553575036997,0.8081457568999111
60,0.15755238158794313,0.03475965232411389,9.819909209971125e-05,0.0016709431305567135,0.8059188238652865
61,0.27546118969026956,0.06584040672333896,0.00024049843194281803,0.0049038167077811645,0.6535540884466674
62,0.5994951644138655,0.14225334883619664,0.00025406908975266824,0.013207002177761457,0.24479041548242378
63,0.31298293565644814,0.11877831123414678,0.0002848143573236974,0.027076747338615845,0.5408771914134656
64,0.04664076517708138,0.8685462713146628,0.011573519033676328,0.005185297695796935,0.06805414677878255
65,0.129674983878758,0.155960607324281,0.00019302493595554703,0.037597426166384965,0.6765739576946205
66,0.10105635207409688,0.04293135396941923,7.602932791434669e-05,0.01969921064291307,0.8362370539856565
67,0.07650003356401885,0.06136827613174922,0.0001739189847821648,0.005328563706447898,0.8566292076130019
68,0.3631702511730734,0.20726165109880357,0.0004804489157327901,0.005390920382595875,0.42369672842979444
69,0.12925633735749026,0.18706404471874258,0.0010148294349652583,0.005077993877381429,0.6775867946114204
70,0.43562742663289805,0.35354434580952737,0.0007270915119872799,0.04559992194027841,0.16450121410530877
71,0.08861297212836057,0.030888124024692504,0.00016804413274109853,0.012094447432189478,0.8682364122820163
72,0.08455458164675313,0.05965784261463883,0.00038986733459517195,0.004386852491130307,0.8510108559128825
73,0.19433754207710646,0.3279578737434795,0.0012687140490566674,0.016357200139375874,0.4600786699909813
74,0.5346775431672195,0.023268411036199824,2.209434748811246e-05,0.006874963317621578,0.435156988131471
75,0.38258770327444286,0.09933802260895645,0.00023488328277901583,0.007899021909349487,0.5099403689244721
76,0.1704042820900045,0.5579572223992232,0.0016542759637482084,0.009560203778128317,0.26042401576889596
77,0.16239535368159547,0.25570048562962644,0.0009812900998863575,0.014292650827457072,0.5666302197614346
78,0.19842124306325595,0.30584967956801884,0.0011885728001141125,0.03598496272164791,0.45855554184696323
79,0.158662126641723,0.24165377760497353,0.0008193858957778613,0.01698792365914504,0.5818767861983806
80,0.10596082779967766,0.44075580926556945,0.0023860237814829197,0.004568016534679072,0.4463293226185909
81,0.21060300697930984,0.14028243421062803,0.00023399363059287492,0.019701071942333725,0.6291794932371355
82,0.31758365931287286,0.4140611534548901,0.0014392909161579472,0.04142706202816805,0.22548883428791106
83,0.18120155674280114,0.2793410518268678,0.0002505532240862439,0.018669694372098648,0.5205371438341461
84,0.1971396384966308,0.20579436618956856,0.0007058625486938113,0.004043059939210937,0.592317072825896
85,0.04097189250010521,0.9267425286240261,0.005345802137785469,0.0030996758208267083,0.02384010091725664
86,0.3328676379076496,0.24020702428885515,0.00030167748647754166,0.09553797018823429,0.3310856901287834
87,0.16954962191924006,0.5179590017428575,0.003919715230928845,0.009788897304281424,0.29878276380269214
88,0.23361301613706872,0.5102561671842518,0.001073727737606188,0.13265066543931103,0.12240642350176227
89,0.10458599616688449,0.10928972205162457,0.0009709286268520161,0.005736613441186607,0.7794167397134524
90,0.20481095519849205,0.348969474901364,0.0026484949838790806,0.01788997268196369,0.4256811022343013
91,0.4630933750219923,0.10537665628426365,0.00030833089118643465,0.03853824608671144,0.3926833917158462
92,0.09257777812796573,0.030028416154951287,0.0009191302590002167,0.000614230282471245,0.8758604451756116
93,0.1547717561562713,0.4008347565990992,0.00378320437792654,0.007945868530050684,0.43266441433665237
94,0.4824423868084554,0.3125627645201481,0.000823350324749587,0.06481247775568143,0.13935902059096533
95,0.14155681853206986,0.04631863113315998,0.00017716245206201802,0.008537588820405886,0.8034097990623021
96,0.19025797366952948,0.6031850499959801,0.0013402821234572398,0.016875603707324837,0.18834109050370829
97,0.049329469104464035,0.9192608668141868,0.000496989605805987,0.014456248870157264,0.016456425605385946
98,0.2873825165198467,0.04209313666202329,0.00015123199907433917,0.017418323972370788,0.6529547908466848
99,0.061849874597776563,0.7936921217223847,0.0009861731889676353,0.007742733653108803,0.13572909683776235
100,0.13760437508961157,0.5210652990446963,0.0025333944671299276,0.008245278497982062,0.3305516529005803
101,0.10982525517905527,0.07764682512865766,0.00059778608737238,0.0019092079805356436,0.810020925624379
102,0.13823377122910965,0.513242474182184,0.0029213869156500807,0.010808531559258483,0.3347938361137978
103,0.1615304317707181,0.5016888194369955,0.0013369666309099328,0.0054944917847228455,0.32994929037665366
104,0.06852813069120482,0.3258588205322327,0.004835197203421118,0.0020447694770333305,0.598733082096108
105,0.25277090601725943,0.6161850781862508,0.0022991966810134903,0.024133946937490863,0.1046108721779852
106,0.11815894657972403,0.1838522532949613,0.0023901699844150115,0.0020079283105364203,0.6935907018303632
107,0.03680261449625547,0.9045129147822869,0.018107014735742825,0.0013400390628970564,0.03923741692281801
108,0.25613395118504073,0.6476048520567093,0.003102988928691361,0.01757829793363644,0.0755799098959222
109,0.1566809384783729,0.06600140718377076,0.00034262779084218853,0.002617740791796417,0.7743572857552177
110,0.042895721768934116,0.11614823081418545,0.0029970575176623306,0.00141862235931235,0.8365403675399057
111,0.1575049029873024,0.7121109072511701,0.004225282360467477,0.004275049359489413,0.1218838580415706
112,0.17784062418422933,0.24614658813542503,0.0015818702608063695,0.0009644975601663123,0.573466419859373
113,0.06668367459999434,0.5975448884684613,0.00964704950245198,0.0006517586114961857,0.3254726288175962
114,0.06429232110048197,0.9026998146357069,0.012028808867215057,0.003370782954837714,0.017608272441758357
115,0.19602683825914968,0.4402425817272442,0.0043803054589817165,0.00608757817237049,0.3532626963822538
116,0.0488311850804939,0.7428459518242615,0.012164486205298879,0.0011743717270460967,0.19498400516289965
117,0.1093679686402209,0.8497765951353943,0.005498039378029616,0.006078650372284995,0.029278746474069944
118,0.19247957559808582,0.5918083563284562,0.005483370739007763,0.0016613874252134194,0.20856730990923672
119,0.09277890901047543,0.6080036253033332,0.014974175056452377,0.0013372390965585349,0.2829060515331804
120,0.21160050046094758,0.7486586127335572,0.012193174231871606,0.011434050613493129,0.016113661960130407
121,0.09475223262766914,0.1646316051080362,0.005517433047084298,0.0013321721471962623,0.733766557070014
122,0.06690661671931768,0.9058744606516355,0.0072784047528642514,0.003985070542548449,0.015955447333634225
123,0.1637639170078515,0.34622122032848685,0.005143357088672938,0.0037157074427772523,0.48115579813221154
124,0.03607081254503624,0.8690752235509277,0.07163753452281728,0.0014058002645648544,0.021810629116653928
125,0.24330670130021295,0.15471325567322272,0.0022978886114971573,0.004625025917041859,0.5950571284980253
126,0.11559475026850943,0.159325418282125,0.007391549473896407,0.0011906840776274117,0.7164975978978418
127,0.1078363539222573,0.5756947496880289,0.018137699412665922,0.0032176503839566922,0.29511354659309114
128,0.2641239586433561,0.6860676940421593,0.030071842248023176,0.003894701752175668,0.01584180331428563
129,0.3338554901542598,0.32423893225802286,0.019812163605229662,0.001959815488969189,0.32013359849351847
130,0.24608369185756757,0.6442337667580534,0.02358114812044581,0.005589599648892309,0.08051179361504092
131,0.32423559144893815,0.35139657287789033,0.05603026454492835,0.003121739126028833,0.2652158320022144
132,0.06761026844154058,0.3411407320644348,0.585348801550145,0.0003605491854715625,0.005539648758408045
133,0.04549889998540734,0.8706937336646533,0.06956946807911617,0.0026777387393882527,0.01156015953143499
134,0.023579678250661307,0.43872870052681023,0.49495361775139635,0.0012422149079558663,0.04149578856317608
135,0.023171485475100218,0.8573315714008185,0.10691377836219074,0.006633868789890972,0.005949295971999633
136,0.027660852004724113,0.4625049395219085,0.24237774983145507,0.002386083499555915,0.26507037514235626
137,0.10922652647149002,0.7570209980038684,0.0690692107204999,0.015375734035949403,0.04930753076819215
138,0.22336390098312725,0.34470045799468324,0.08634692701962504,0.0033665069440863213,0.3422222070584781
139,0.1061791295115105,0.7463337588024228,0.11091223889673223,0.003433147357653534,0.033141725431680896
140,0.15401290486851174,0.23321250367262447,0.024139192607421915,0.005163442274689383,0.5834719565767525
141,0.2813764516994963,0.19948957518324723,0.024377972841547812,0.0035514735606997938,0.49120452671500875
142,0.3758406582320702,0.5082003418638589,0.0345942277685104,0.010072953539986624,0.0712918185955738
143,0.15233255547547733,0.13526807906619895,0.005571141875593541,0.0014194780134808604,0.7054087455692493
144,0.08626298016497697,0.6714502438177388,0.048024197953856186,0.0029719831594735464,0.19129059490395442
145,0.29355994292593135,0.563577132341538,0.026809843020005532,0.01473350702161734,0.10131957469090788
146,0.37475616189715016,0.3589236137894184,0.0088350533342806,0.00683078154646912,0.25065438943268176
147,0.364327567858454,0.2148239819688995,0.009122494460309768,0.04834187733218836,0.36338407838014836
148,0.06329796426603204,0.8355311934680835,0.045245212259089826,0.005168247589358839,0.05075738241743596
149,0.39934920226426396,0.4794991019273478,0.01752968842754922,0.007266211153189656,0.0963557962276493
150,0.19481182798990546,0.5814632029032045,0.02923008150883249,0.002857996552163167,0.19163689104589435
151,0.04026803460950382,0.8336519100838455,0.10442521502954631,0.0012060927471382213,0.020448747529966022
152,0.34077443909408217,0.3769727629628775,0.030163131453358638,0.004616165818588882,0.24747350067109272
153,0.29707098868658427,0.3133096886251532,0.09601870467874996,0.003367059308812862,0.29023355870069967
154,0.2158663662530161,0.7165228460592938,0.02746024797826313,0.0016630899202903753,0.03848744978913652
155,0.3919041248752395,0.4446186837201954,0.02020645017361858,0.002732488828340342,0.14053825240260628
156,0.4815831324679884,0.24002563945354013,0.009292630852823943,0.002337490263340157,0.2667611069623074
157,0.18547580066359398,0.7837944564601763,0.01703184004149663,0.004761611824445913,0.0089362910102872
158,0.27701582556435567,0.3361168738453561,0.01416259206352101,0.003863399762694956,0.3688413087640722
159,0.07056889970991845,0.8341409968045622,0.07741355352638528,0.0044159572699391525,0.013460592689194877
160,0.1730214805549433,0.19611649513355636,0.003352782700521442,0.020083722412021516,0.6074255191989574
161,0.4328203028524782,0.4949006777693717,0.010091545418442345,0.018604747806472116,0.04358272615323567
162,0.046540161651699545,0.031079164697873727,0.0007517902875025679,0.005144062349793324,0.9164848210131309
163,0.389032464461025,0.3399291656966899,0.0029776024705983947,0.15705761997017312,0.11100314740151351
164,0.26796692722625537,0.2633063063520787,0.003804731302980025,0.055828862628738526,0.40909317248994737
165,0.2598051140769486,0.0644738492428825,0.0005002480447288231,0.0661192819626445,0.6091015066727955
166,0.1675437979432899,0.127807198654277,0.003171120898099546,0.09833081407897647,0.6031470684253571
167,0.11343224418904346,0.03987299361049357,0.0005751343900390972,0.08173933415370892,0.764380293656715
168,0.05631312856662214,0.03422158666800162,0.00036272756563416654,0.02324397850528813,0.8858585786944538
169,0.17230154003542864,0.029886324582402077,0.0001582319802445417,0.0679067267552755,0.7297471766466492
170,0.0034848515789728043,0.004684091362433907,0.001478827306361808,0.0009428000657278723,0.9894094296865037
171,0.48025622508911525,0.01059881430903659,0.00013088241207581395,0.03130179918995638,0.4777122789998158
172,0.2614700961207834,0.026282844722119142,0.00022566051094402594,0.02816871324847456,0.6838526853976788
173,0.4793647449497962,0.017145230400230933,0.00039812015759499463,0.05388383383360651,0.44920807065877144
174,0.3090957279959064,0.08324852696100986,7.296827627165389e-05,0.15762670170160656,0.4499560750652055
175,0.38984976683727474,0.11938149568121513,0.00023313097040357448,0.40896281155526887,0.08157279495583784
176,0.18733503298773888,0.04541179163921265,4.899559174699497e-05,0.6941323220715082,0.07307185770979324
177,0.3348344373686619,0.03518531370498498,4.733866833455763e-05,0.5577888162011552,0.07214409405686337
178,0.07777981387247437,0.04096818488658105,7.256346662613812e-05,0.787991874654695,0.09318756311962341
179,0.3622201196078447,0.05504711041996075,0.00014380076982729203,0.5506919968411147,0.03189697236125243
180,0.09448936926502512,0.15834776835190173,0.0003050530373319111,0.7409741423819461,0.005883666963795032
181,0.1424003215886497,0.13120315407287375,0.0002607612035293726,0.5819314523444098,0.1442043107905374
182,0.07597747142023577,0.5293885142163594,0.0013634577029091731,0.3495371892353833,0.04373336742511245
183,0.18591711306128272,0.14909554201899983,0.0004124474550633107,0.6054286914892513,0.05914620597540292
184,0.2772040902067834,0.424268124135626,0.0007250687088461212,0.23827377810263417,0.05952893884611009
185,0.12242563695473983,0.8171155759864293,0.002232314148558252,0.0135953767762051,0.04463109613406767
186,0.04678917638637312,0.9193507727276622,0.0046778531755185485,0.023137063817150156,0.006045133893295881
187,0.17884277789195363,0.4954586740896953,0.004897971134471684,0.038650711422751054,0.28214986546112836
188,0.057175628226074277,0.8984202245873415,0.007539510839485365,0.015489480592762252,0.021375155754336694
189,0.04088719065434307,0.9344323878941956,0.0035832220853582973,0.015912252873365677,0.005184946492737476
190,0.1455126570448909,0.6786886543564302,0.00653402293573131,0.010256441998371493,0.15900822366457626
191,0.1704856345421687,0.6089414700523547,0.0026945461803787357,0.006062229087367891,0.21181612013772996
192,0.17362516009993198,0.8026796323794321,0.002934644030480191,0.007983529273500387,0.012777034216655226
193,0.1305608229360748,0.818728098078792,0.008562446603426635,0.004639257918957668,0.03750937446274893
194,0.14954111383381605,0.812959168487606,0.004690862164498993,0.010641751023622376,0.022167104490456592
195,0.29490150818572936,0.4444808356195708,0.0042886105450138535,0.018801756276019186,0.23752728937366685
196,0.24670881138540554,0.4674106910481135,0.00509204638667368,0.019067706281555557,0.26172074489825153
197,0.22859458088202422,0.5071648585577089,0.013340061240018913,0.0061863547022671965,0.24471414461798072
198,0.20050042273449142,0.7488996260018264,0.018645328442874132,0.01009404062540059,0.021860582195407593
199,0.33598174921529417,0.4525571655369689,0.0060494858241754495,0.009959905645547402,0.19545169377801408
200,0.3087241458467207,0.5168702943970135,0.01183280800667563,0.005666613386002958,0.15690613836358727
201,0.12945851200333278,0.8243481593813049,0.02255983815700437,0.009203296965757978,0.014430193492599778
202,0.19291488499708387,0.38005434620314343,0.015745112321409533,0.008631010569252166,0.4026546459091111
203,0.04320005194708005,0.8747791167216902,0.0724255757717907,0.001318102964395257,0.008277152595043729
204,0.046014562223021666,0.7825523977842629,0.055790223487354206,0.001568909018001547,0.11407390748735981
205,0.03404010773766308,0.7115837450477417,0.19079240518058568,0.0011027019424727704,0.062481040091536946
206,0.019504586370774867,0.7474078170345458,0.2254118791013098,0.001591919559434118,0.0060837979339354595
207,0.06566178370354067,0.7915020993037425,0.040272979265695334,0.0029076744925614914,0.09965546323446013
208,0.026065213206095287,0.9105339777701869,0.02337381659538844,0.0019095404347406959,0.03811745199358867
209,0.06239222359329308,0.9095117837166259,0.017294936884843754,0.002394362595670847,0.008406693209566447
210,0.08362022552836035,0.6880573055617281,0.04846093761740497,0.0029961000151890165,0.17686543127731755
211,0.08811793056589151,0.8674957635711221,0.028796970727772885,0.0018241589436939435,0.013765176191519577
212,0.053954964962857586,0.847470257116418,0.050166857991736154,0.0016901800208359633,0.04671773990815241
213,0.03006572519313583,0.9092569184420232,0.03908636581423626,0.0026054931701108494,0.018985497380493935
214,0.17147200506514781,0.6155197096379593,0.03248657150835798,0.008204966016475784,0.17231674777205916
215,0.02969074636920297,0.8765497237416415,0.05336299644716492,0.002864245820603621,0.03753228762138676
216,0.15808161806996462,0.7392931457768684,0.016471586416542703,0.009281298001834708,0.0768723517347893
217,0.18750201948032627,0.632519170856868,0.008041689898098146,0.003145138050222145,0.16879198171448537
218,0.01880803437638472,0.8248305135785092,0.13530436681147154,0.0030508732316352418,0.018006212001999245
219,0.132807146909334,0.8112386067371201,0.021156955369423875,0.017408514988971578,0.01738877599515054
220,0.012410591787136339,0.8338900153019578,0.12429309032369758,0.026162601668655878,0.0032437009185521688
221,0.06054444030177919,0.778049083929388,0.003274177559948105,0.11372214337507991,0.044410154833804914
222,0.11028467078057579,0.3748877091387637,0.0006171325972569644,0.340728021643938,0.1734824658394656
223,0.0789370361978834,0.1717652929555451,0.0007984462025316409,0.7290392656788476,0.019459958965192262
224,0.0742371763836403,0.078042624919336,0.00018259940833246645,0.7165229158654419,0.13101468342324937
225,0.23857200209641286,0.014130650586716425,5.178609414806676e-05,0.6501114601497193,0.09713410107300344
226,0.046370143760544734,0.005374757144634937,2.1389130628309068e-05,0.9396021804169019,0.008631529547290153
227,0.12956004228842055,0.022070860246406296,0.00025863744754269646,0.5380311891765164,0.31007927084111414
228,0.026146799048039387,0.004971803777694882,3.472238779086526e-05,0.964653100220564,0.00419357456591078
229,0.008774968046719428,0.009214178118097082,8.799573065222526e-05,0.9376781912989305,0.04424466680560083
230,0.018867737980538053,0.0032169971676940714,3.163059739892441e-05,0.9728818634713536,0.005001770783015367
231,0.004369950922916135,0.0026082030180908725,3.0504122172405816e-05,0.9895200790036746,0.003471262933146192
232,0.014267304372023136,0.0038736290667795922,2.5202996336703686e-05,0.9150748315119183,0.06675903205294231
233,0.017114666550921077,0.0024673280572153054,3.640181551138983e-05,0.972630917506628,0.007750686069724261
234,0.027664442622374975,0.0031567861341347024,9.037058738819561e-05,0.857385166007271,0.11170323464883104
235,0.0820196876223026,0.002079917311423974,2.0537515604539312e-05,0.8973085834133202,0.018571274137348704
236,0.03267284946737478,0.004431138741337389,4.4350806205390364e-05,0.8825858276818048,0.08026583330327769
237,0.04928844673257062,0.007064620477382584,2.7428773215218258e-05,0.8311078257578175,0.11251167825901404
238,0.07551569770838124,0.0026882862709027558,2.8253848309816258e-05,0.9150439870290633,0.006723775143342775
239,0.028932113795762698,0.012951787718981983,0.00011393021366911983,0.9173235952588896,0.0406785730126966
240,0.07632945122879928,0.007693023805845847,2.3558471725608815e-05,0.9006653447886133,0.015288621705016022
241,0.0168240419859331,0.00600994738898444,8.595951691341513e-06,0.9738710118246565,0.0032864028487344797
242,0.04175250766436076,0.015978297824093914,5.757211294649541e-05,0.8575391442809621,0.08467247811763676
243,0.02556385063175573,0.004938958235185302,8.752485493022991e-06,0.9657590033837885,0.0037294352637773746
244,0.04492340297995091,0.007990058391019529,0.0001628908382130519,0.2835546575565827,0.6633689902342338
245,0.0798342822692917,0.00530498020486872,2.61740164683251e-05,0.8826196095182143,0.03221495399115692
246,0.07857730944630194,0.019526017082871296,9.05460394408021e-05,0.8490520606470047,0.05275406678438134
247,0.12650150659231277,0.008132666577123991,3.864551342344333e-05,0.49692027673866823,0.3684069045784717
248,0.14608011373051064,0.02276766083534089,2.2646488306736087e-05,0.7390808735188408,0.09204870542700087
249,0.1783952022106753,0.03137418740420144,7.221722073235263e-05,0.7538822628005557,0.036276130363835216
250,0.17638907552638644,0.02290301148946035,8.001855577766573e-05,0.7066130215708063,0.09401487285756932
251,0.08700457865334958,0.01782556271687312,1.4335838252704104e-05,0.8330196056494944,0.06213591714203001
252,0.10481411457814181,0.03997327064223229,8.850498683466636e-05,0.7220557471037675,0.13306836268902375
253,0.10273745978175035,0.28232974863823473,0.00039943172329594707,0.550410406965921,0.06412295289079789
254,0.37784512629419104,0.07805223437488933,0.0003108248160987884,0.47350158593056646,0.07029022858425436
255,0.23446497485148246,0.2874762371099989,0.0005961018583195899,0.3171105510652874,0.16035213511491164
256,0.1543322016011639,0.2432056962379052,0.000589721299442191,0.48025409087214105,0.12161828998934768
257,0.3065674240602291,0.36222273829080087,0.00026951863979243534,0.2612868618969002,0.06965345711227743
258,0.1589116258629797,0.7484702900816463,0.0008960352198337013,0.054950319367623984,0.036771729467916424
259,0.11288447364137448,0.6936313243686497,0.001071077432519643,0.1756454722710883,0.016767652286367868
260,0.13852652355577166,0.6662441937032454,0.000443089378489493,0.06062794118453987,0.1341582521779536
261,0.04246676446600321,0.8892203316210281,0.0009190037216943218,0.053561693459409726,0.013832206731864709
262,0.2022841122102846,0.5090230678577937,0.0009531712718028982,0.1305710136838538,0.157168634976265
263,0.15161955943720948,0.3822751513396375,0.005414216093407677,0.017985160069231083,0.44270591306051427
264,0.2340373823339629,0.5009438034555714,0.0005315911374027929,0.13778006504094306,0.12670715803211988
265,0.5139181886831341,0.32381848767044863,0.0002048348298096423,0.04211144482633021,0.11994704399027728
266,0.22644962492840803,0.691864929447682,0.0007988997171414649,0.02788881426450851,0.05299773164226013
267,0.12623009691068227,0.8180319959168169,0.0006089176762840799,0.04890313574242869,0.0062258537537880155
268,0.24436035060451436,0.5917706497158319,0.0007049953595831204,0.03680185636945674,0.126362147950614
269,0.030042610432159625,0.9556351364972172,0.0015307912376847403,0.007159327653054496,0.00563213417988412
270,0.12137069137971801,0.774506178024826,0.0010400504229777987,0.008773173930138083,0.09430990624233998
271,0.026615754009937615,0.9498491244122451,0.0026580940290801113,0.0031025431175189097,0.017774484431218072
272,0.23145662681629545,0.7426901047905432,0.000666747755077237,0.012052100283454615,0.013134420354629668
273,0.17327130965244786,0.701959632526289,0.004433140272662175,0.002489919196314976,0.117845998352286
274,0.04704064859310548,0.9425471892834383,0.003014585159765033,0.004537920160004165,0.002859656803687015
275,0.1459986840968237,0.728906252273477,0.013061088470588558,0.00312239047150835,0.10891158468760233
276,0.056724096288504694,0.922854117816152,0.010614887794670203,0.003353347839212391,0.006453550261460518
277,0.0904508830617592,0.8771737789739605,0.007987407973999966,0.010102600146164646,0.014285329844115567
278,0.018489232033537244,0.9690474937415064,0.007576471310842732,0.0027911648394880906,0.002095638074625394
279,0.02083532274514096,0.9161454824665255,0.04645099115021066,0.003624606670314626,0.012943596967808214
280,0.06599635654846793,0.8705198438796498,0.014261446294380982,0.0034796367375853317,0.04574271653991623
281,0.022140006671255423,0.9156898537426141,0.05362708401399442,0.0038363348866505215,0.00470672068548553
282,0.09697499086599574,0.838056337267459,0.009761757063703382,0.007247860432923772,0.047959054369918146
283,0.020750684866486957,0.8937128928381832,0.07721761358929408,0.0011598733898065263,0.0071589353162291765
284,0.01267906396366361,0.9266865859316005,0.057686630684889016,0.0008939100234098029,0.0020538093964372244
285,0.026908935203278635,0.6758061464764324,0.26837125125925215,0.0013732965962910911,0.027540370464745625
286,0.0025314787755769674,0.8305027647617375,0.16445591369278362,0.0005427848927178386,0.001967057877184005
287,0.04877386038525427,0.8497425569827722,0.06526104486378681,0.00334970763418949,0.032872830133997256
288,0.03833323734146277,0.870183231643087,0.08044959594299785,0.0025668271281982682,0.008467107944254126
289,0.018204803283091434,0.84332258564325,0.1335518210848754,0.0004792522079298884,0.004441537780853392
290,0.004789481672023166,0.5236640460591004,0.46948025642358016,0.000431877614633947,0.0016343382306623399
291,0.00427136213504993,0.6053825613105892,0.3883356455288635,0.0003941888898182479,0.0016162421356790667
292,0.003024115997339428,0.38078421139681184,0.6136727986374696,0.0005217320869903812,0.001997141881388825
293,0.003237051572797866,0.5616577479180406,0.43296682248191615,0.0008378945632995371,0.0013004834639458887
294,0.004052638014095289,0.26785934074739015,0.7224175151530583,0.0009238553532610666,0.0047466507321951715
295,0.004852720458827148,0.5976367077579201,0.39511480837780716,0.0003882999831098669,0.0020074634223357013
296,0.010416798860530275,0.44309966858978106,0.5392800351347795,0.0008732651456762776,0.006330232269232826
297,0.0041768026453853045,0.2822094801449154,0.7100352894489992,0.00044282180832694854,0.0031356059523731275
298,0.003668638631666733,0.49428701254845586,0.4993359010244533,0.0005269735858467004,0.0021814742095774284
299,0.00597303004907563,0.34616398991727554,0.6411363401626946,0.0006473302085038385,0.006079309662450407
300,0.0045690578589882205,0.28612759949832645,0.7052327642027285,0.0002950992372716574,0.003775479202685292
301,0.011065929643122354,0.1602916239338795,0.8144520117216296,0.0010000027847433,0.01319043191662529
302,0.009747255004856686,0.4418455956663684,0.5406598489184608,0.0008261009992835616,0.006921199411030636
303,0.0033373857324577086,0.28135924484967295,0.7100967359556856,0.0007794140109972297,0.004427219451186502
304,0.011517211665439292,0.51773614946929,0.45982885775834714,0.002437644455668067,0.008480136651255542
305,0.04644979834062407,0.313513263583965,0.46972932459009503,0.009421379608930006,0.16088623387638598
306,0.005731966544138486,0.03989404169138082,0.0349848277825798,0.002684930317860826,0.9167042336640401
307,0.2976107101668049,0.4710085648841407,0.015037544752776924,0.005432658863619339,0.21091052133265817
308,0.48544344380440513,0.3308800413195785,0.06245914732507291,0.0014016411244240155,0.11981572642651943
309,0.051089894144348925,0.8035949169503555,0.1343360188734282,0.0008020306900634827,0.010177139341803865
310,0.30425938956886195,0.5506815494771838,0.027418981421797408,0.0028825979155081543,0.11475748161664875
311,0.033756479494762986,0.7969844699863755,0.15188283737820107,0.0020198357927580395,0.01535637734790251
312,0.2276018907853382,0.6367477040980865,0.007038353122879871,0.029862845122084418,0.09874920687161108
313,0.06260768674449987,0.8293760711857336,0.06556303154252284,0.0020879409091265917,0.04036526961811714
314,0.18582093867240185,0.7599721585310493,0.009474608497661192,0.02751377808251983,0.017218516216367784
315,0.0901875309532383,0.850005231732998,0.017552429846120994,0.005589693021024449,0.03666511444661834
316,0.023312672441563927,0.9181293476241534,0.04780356574253278,0.008604329204533278,0.0021500849872166054
317,0.08767705535608863,0.7049060775121945,0.05639543428554204,0.004528821893113607,0.14649261095306118
318,0.028146459397579888,0.8235670567743238,0.11926761714070172,0.014712912753957206,0.01430595393343742
319,0.10919784645981459,0.7069620763543486,0.024741003236468696,0.019703497466151163,0.13939557648321707
320,0.010997064362678765,0.7937766497936869,0.1890640110744414,0.001898898126277882,0.004263376642915224
321,0.11408379256692158,0.5279074280220976,0.08740660977401514,0.013399135577111726,0.2572030340598539
322,0.16839301715254476,0.6565389670229705,0.09834298954542382,0.0085538025674576,0.06817122371160322
323,0.24330290599018073,0.468525118777935,0.05082256485573949,0.009161402076585686,0.22818800829955913
324,0.4228083158545538,0.37136306298344585,0.07222926315593026,0.007845350471008433,0.1257540075350617
325,0.2233836865578021,0.6839360003782288,0.05020228258254061,0.01788149887609993,0.024596531605328705
326,0.38210749029440577,0.3599066851797406,0.05329677763143828,0.00866111871954473,0.19602792817487072
327,0.09990248401544476,0.640610188195733,0.13195830512012352,0.008634757879780476,0.11889426478891808
328,0.11459104622821023,0.8388576686200327,0.021725074433876918,0.012410152356532955,0.012416058361347241
329,0.11492513353583504,0.6664207026281926,0.13679083341496584,0.00588917511638986,0.07597415530461654
330,0.03549735095338381,0.8841898267760862,0.05940455563749145,0.01523344579725909,0.005674820835779409
331,0.09066704832255956,0.36000020594955107,0.026772430307035994,0.007619891243434444,0.514940424177419
332,0.03158422770506982,0.9047982153473548,0.056056403510901485,0.002783306858526407,0.00477784657814754
333,0.12237373872925753,0.6144099488451554,0.04253762902792287,0.003368348205656143,0.21731033519200801
334,0.019366210867799834,0.5768388476210196,0.39689051624869276,0.0009071917141164379,0.005997233548371252
335,0.08121096699470116,0.8451437968336177,0.02290553807275937,0.004369600739270994,0.04637009735965069
336,0.02228896011979335,0.9286400245739287,0.03226971094483749,0.0018790374891052247,0.014922266872335353
337,0.23373205101754974,0.7045251201233131,0.00980877629845689,0.011482807431449174,0.040451245129230824
338,0.046935398423089955,0.8132937785130248,0.0819960391989229,0.0011109821220546567,0.056663801742907784
339,0.42340588626256404,0.46041500893668924,0.0037386785152702003,0.004883414970813477,0.10755701131466318
340,0.1652857192910522,0.5163965893696811,0.06477760693641967,0.0015080281759814822,0.2520320562268656
341,0.06461973784245488,0.9010006638161787,0.02755291078651475,0.003599441862141985,0.003227245692709791
342,0.23002520165592513,0.15897682705352723,0.003720357527949951,0.002524252076247884,0.6047533616863497
343,0.029319831731427822,0.9489480424347159,0.015879663368061365,0.0015132640424236914,0.0043391984233713534
344,0.14613900154612283,0.6440189790258306,0.005945913946722938,0.003912241598085801,0.19998386388323783
345,0.014744012642644825,0.9031545846783451,0.07714174102574727,0.000843621832504758,0.004116039820758086
346,0.14019847170969074,0.7337135916885914,0.008549579460798498,0.007392181993375131,0.11014617514754418
347,0.01718594495329764,0.9139895330111572,0.061237767335807165,0.002926241771936981,0.004660512927801099
348,0.2063663478152223,0.7271247804881074,0.003265315978870707,0.011305192148942867,0.05193836356885668
349,0.026319494074168427,0.9488304387514169,0.017230736167359307,0.0034047913159134134,0.0042145396911417955
350,0.10222156803373174,0.7804158973228368,0.013608975104438651,0.005098448745925965,0.09865511079306699
351,0.09531303444971978,0.8425492374359814,0.02631229714353444,0.002880335698466353,0.03294509527229805
352,0.14672306792937173,0.8185430481702729,0.003784274728764087,0.014462042479022783,0.016487566692568408
353,0.19436196922410875,0.5382658546985968,0.015252722322683404,0.002554874877812663,0.24956457887679834
354,0.03571156116689246,0.947344387529681,0.006185577235809622,0.00623237279196666,0.004526101275650299
355,0.07289921454172756,0.7610245337812643,0.0777214853372316,0.00349364701713335,0.08486111932264304
356,0.006194157259660097,0.9756613184296323,0.010388322713807106,0.00590565587009443,0.0018505457268058875
357,0.07410554765230183,0.18820083344843988,0.0037000957736128084,0.005360154826625797,0.7286333682990197
358,0.019573039540557495,0.963814124046216,0.011419404295375213,0.0032611938352461625,0.0019322382826051582
359,0.12899660873425606,0.7220694721951191,0.009098888111847952,0.008681307273152977,0.1311537236856238
360,0.10708762794433627,0.8757504591739996,0.00741845484154161,0.0024099170993681102,0.007333540940754479
361,0.07497526222548455,0.8993124930485417,0.004234456210050161,0.0037616886525455163,0.017716099863378233
362,0.010424913657075787,0.8910648462550875,0.09518716754545821,0.001073102582799075,0.00224996995957949
363,0.16096067895475114,0.7985648342351839,0.004154324319037478,0.017369784644337517,0.018950377846689934
364,0.0796452344033777,0.823875099528966,0.022466119739007435,0.002267447300858025,0.07174609902779103
365,0.12513343171143795,0.8007959464300164,0.0069847806884647855,0.0023809465398620445,0.06470489463021906
366,0.024729762429771516,0.9450307642934329,0.024477912017373076,0.00085953885278276,0.004902022406639775
367,0.11066968584339064,0.7861780627364131,0.020869526975378444,0.004417558696956537,0.07786516574786147
368,0.013178786364797976,0.8773194287021369,0.10136219349646453,0.0008828710905693283,0.007256720346031366
369,0.27947344507693084,0.5925699343427043,0.0057921599030166795,0.0051899857295835345,0.11697447494776453
370,0.04244279446930143,0.8699489666852979,0.037333641022472976,0.0009626628194511575,0.049311935003476595
371,0.38718085427686766,0.5175885449732831,0.0032624176410668234,0.001955622021845447,0.09001256108693688
372,0.18155030717899429,0.7038798616190012,0.03260103199425263,0.0011718609896473778,0.08079693821810452
373,0.19158811812817064,0.7685363445780127,0.012232880684517649,0.002664069359713891,0.024978587249585064
374,0.22383886074889772,0.5513091037710303,0.03571653270349494,0.0016609395091992478,0.18747456326737794
375,0.11300187077802905,0.8367963297983644,0.032062550558386284,0.004829268893816408,0.013309979971403815
376,0.060602641733561245,0.7671079112199503,0.11824908092451793,0.004648533648865413,0.049391832473105184
377,0.06862571640884123,0.8586806377487032,0.04514023649689679,0.012120518923758677,0.015432890421800294
378,0.05316114471373941,0.8742704719367503,0.015939756712257645,0.012256320105316597,0.044372306531936155
