epoch,N1,N2,N3,R,W
0,0.00501909280139716,9.682203353792929e-05,8.342777551674254e-10,0.0005540603824628219,0.9943300239483244
1,0.006636102877284147,0.0003364596265353621,1.611055046316364e-06,2.8774361159831455e-05,0.9929970520799744
2,0.0020514001765461714,0.00013602671145024597,1.4732568948244318e-06,1.1075572437702203e-05,0.997800024282671
3,0.013360956551388994,0.0006897582510150663,4.107468477725044e-06,3.6327587964318786e-05,0.9859088501411538
4,0.07543270031122656,0.002269048126538499,1.6591598221055257e-05,0.0003852904536834437,0.9218963695103305
5,0.01558682778835231,0.0005422644911508568,2.0466992888424876e-05,0.0001163445421103496,0.9837340961854981
6,0.22033823004557215,0.00705133815375305,7.034901537345162e-05,0.001468551179590269,0.7710715316057111
7,0.5820009607639037,0.023722516071931765,0.00018480741421080855,0.010644763278405798,0.3834469524715478
8,0.04013866745035809,0.0048750076088572535,0.0001371752524138989,0.0022436541676841347,0.9526054955206865
9,0.17528033126251105,0.05917759268014962,0.001039996281978099,0.048841282228936946,0.7156607975464244
10,0.059024133265527544,0.019931731071608474,0.0004999676467091848,0.010325033037719164,0.9102191349784355
11,0.0035520357548255083,0.0005420894803785975,1.858080629913579e-05,0.0014539298535348009,0.994433364104962
12,0.006789167246384205,0.0004975247960141404,2.212899414637782e-05,0.0005180538627220455,0.9921731251007332
13,0.1182646327000884,0.0038634001390218907,0.00013389958423354366,0.0014330797024887222,0.8763049878741674
14,0.009660627645835718,0.0003626277629714902,3.0383734014319544e-05,9.981853772528364e-05,0.9898465423194532
15,0.008176193917620235,0.0003141865451844102,1.447152128897158e-05,6.360019631985955e-05,0.9914315478195864
16,0.5080060685631371,0.01619950817698051,0.0003666496252482886,0.001740966137706165,0.473686807496928
17,0.7263125679056255,0.029778958573042247,0.00042425927983722606,0.002221426738601348,0.24126278750289362
18,0.48095649286904074,0.032979625846146596,0.0004951553509269743,0.0036156807218210366,0.4819530452120645
19,0.2424569781228579,0.5873068732625756,0.008978615472017953,0.013987962867756018,0.1472695702747925
20,0.3062225426372591,0.35609278816979234,0.004834048353796049,0.044784982587334335,0.288065638251818
21,0.015391469832581139,0.5802452184341085,0.27338200441416516,0.002874868193028688,0.12810643912611655
22,0.038065485036859,0.8355635533224842,0.009427400558128438,0.01559333005735246,0.10135023102517574
23,0.005355324147396673,0.004311441647512559,3.39195873801716e-05,0.0009276497214835132,0.989371664896227
24,0.0022328606172741976,0.002710598581442352,8.714026732414043e-05,8.65881536222815e-05,0.9948828123803372
25,0.0042523554415158865,0.00038643548843883514,7.509026344796464e-06,0.00013212935180184873,0.9952215706918986
26,0.24412949201365722,0.002342439854168709,1.9987166106569763e-05,0.0002655957255767038,0.7532424852404908
27,0.3117419741792379,0.005810746058851201,3.238486635353358e-05,0.00028299512396540014,0.682131899771592
28,0.00881229988710666,0.0020370194160772167,7.230791227822579e-06,0.0004102215702518164,0.9887332283353366
29,0.01256320098319855,0.0028984957441822185,5.446152681703799e-06,0.00031196988043510904,0.9842208872395025
30,0.21350867502493168,0.006348493602545394,4.139354663759852e-05,0.0019963707950572,0.7781050670308282
31,0.21705616678212072,0.00711404749172464,4.588168802545558e-05,0.0009901851822002252,0.774793718855929
32,0.42853386911641855,0.02758638300514909,0.00011364639127327042,0.004811203389192725,0.5389548980979663
33,0.3589109209573207,0.03237277615187855,0.0002870601863370276,0.03745369968714192,0.5709755430173218
34,0.14749567838341837,0.013996579185913407,0.00010748253919844273,0.031456264535059016,0.8069439953564108
35,0.009252498474983432,0.0027204840255019664,3.230569121876706e-05,0.002496406986461064,0.9854983048218348
36,0.04483029874642185,0.005054830224429722,3.30934845931998e-05,0.0015379199569731234,0.9485438575875821
37,0.6573948999687894,0.007094191201949739,3.483092704735948e-05,0.0006362589018734104,0.3348398190003401
38,0.11588053407792047,0.00647744393073399,3.6387390912201266e-05,0.0006249634708643597,0.876980671129569
39,0.8632449181308199,0.02651546024001041,0.0001331083092311827,0.0011753512785849314,0.10893116204135352
40,0.7698701319480794,0.04212754492269238,0.0001224459753487229,0.0048026499403583675,0.1830772272135211
41,0.5899687510708262,0.27973977944139605,0.0008438612156277952,0.04721593552367259,0.08223167274847748
42,0.0708526133572983,0.901659351387576,0.001608902996281931,0.011679694491675274,0.014199437767168515
43,0.37919281248728676,0.29634546263330336,0.001051952267657713,0.10317565286724865,0.22023411974450363
44,0.4450035958014091,0.3086957356261301,0.0010263120782443506,0.06858478393069392,0.17668957256352244
45,0.052866527317540754,0.9386134523872626,0.0012617374914200442,0.0018679304570355098,0.005390352346741042
46,0.05518142791541137,0.9377826878962265,0.0020308854058597985,0.000455291016074614,0.0045497077664275794
47,0.06680848450891545,0.9193916112769036,0.003865433874434562,0.0005281620992105306,0.00940630824053583
48,0.24271231914544045,0.7175864433589362,0.0012667748921867113,0.004709624161465325,0.03372483844197123
49,0.2540420377167628,0.6989327499802095,0.0020079523617734492,0.0014490567449583424,0.04356820319629582
50,0.0083893387744117,0.9712627245176045,0.016162435339648278,6.235422700172073e-05,0.0041231471413336945
51,0.16393328922266792,0.822704892406373,0.001209091180439901,0.0005859322266588502,0.011566794963860316
52,0.03470897911249611,0.9529008869750767,0.0025235960909063553,0.0001945670471923217,0.009671970774328726
53,0.018051577386324943,0.9750804317968398,0.003133034178808195,0.000240783086722624,0.0034941735513045226
54,0.060043412569971234,0.9167700249247648,0.015598182905775141,0.0002734988600746481,0.007314880739414205
55,0.010816950877689092,0.9819272475075687,0.004337693922306523,0.0001154284757566387,0.002802679216679103
56,0.0036010741113055235,0.8936595392347306,0.0984263438248419,2.890738814404425e-05,0.0042841354409780584
57,0.004367973192847561,0.9492981669559388,0.03648760075565804,4.949834176137702e-05,0.009796760753794074
58,0.007015211516187769,0.8277896907776906,0.15062868598372595,0.0001296849035124515,0.014436726818883328
59,0.008336042165015479,0.8849484962885489,0.09252615473098112,7.73083706129239e-05,0.014111998444841642
60,0.006275713781070225,0.7140565263149038,0.2614069228217022,5.7390482919005e-05,0.018203446599404788
61,0.0008213899768089515,0.7902172170350408,0.2026561252814977,1.6667531687136912e-05,0.006288600174965376
62,0.005122284595983314,0.8889074281618689,0.08913250606434202,4.123034000686441e-05,0.016796550837798945
63,0.0007681653794165013,0.6453700488157883,0.3404530533012956,2.251534269443146e-05,0.013386217160805281
64,0.007068351212407726,0.7261995029778732,0.2520753861211547,9.821411502138524e-05,0.014558545573542782
65,0.002644328109279359,0.8117263864845347,0.17682545956925105,4.7438310471308346e-05,0.008756387526463833
66,0.003199813901291553,0.7607284145505865,0.22080711957521337,6.771674640040633e-05,0.015196935226508036
67,0.0008983088458037117,0.7215452336982844,0.26959210456819743,3.814558381664927e-05,0.007926207303897728
68,0.00013388133335337065,0.1903427875941566,0.8073355844261779,9.004780252384643e-06,0.002178741866059814
69,0.0009440572814052898,0.4535161025375417,0.537231733268366,5.680981650798367e-05,0.00825129709617884
70,0.0010988316586377446,0.6534503963333369,0.3324735605179846,4.6242114392167365e-05,0.012930969375648596
71,0.0014944273091400742,0.7107478898446952,0.2816547921401881,5.259574524847424e-05,0.006050294960727966
72,0.0013104378534909964,0.7220001137600704,0.27189254369450805,4.0847654681545816e-05,0.004756057037248929
73,0.000963846455130447,0.6714434980382745,0.32325028225482316,2.3300618474196157e-05,0.0043190726332975994
74,0.0008676206131697031,0.3940876465144665,0.6018837337904944,1.846703851042628e-05,0.003142532043359037
75,0.000638571974997817,0.6266364420785936,0.36713853565726784,4.3286387839867466e-05,0.005543163901300865
76,0.0004344891052404331,0.5032630517832783,0.49142356913171586,8.663736073487557e-05,0.004792252619030557
77,0.00043488588769464705,0.18930551271683532,0.8054982174217622,0.00017482325137053572,0.004586560722337208
78,0.012413534495524436,0.7080098866498056,0.2657693362550067,0.0023281194528750495,0.011479123146788433
79,0.03323576986951708,0.7796404367188906,0.14832243619824378,0.004673586174703099,0.034127771038645276
80,0.23367189882077288,0.08535716353134874,0.0025076105161192085,0.09096111071705164,0.5875022164147076
81,0.4328994846397275,0.2286088098031718,0.004310799763013422,0.03914133431749487,0.2950395714765923
82,0.43286677412210656,0.03146213001306592,0.0004916961438967513,0.01690442543368246,0.5182749742872483
83,0.533385894503167,0.09703565151680467,0.000351379091591968,0.012098007789642056,0.3571290670987942
84,0.5535497258296006,0.04991983791439415,0.0006595180420162496,0.021545942186805486,0.3743249760271835
85,0.3258131903315042,0.12051098286636766,0.00023687658425306668,0.02761152081048669,0.5258274294073884
86,0.12411607558160821,0.025357058118773194,8.044604567179707e-05,0.014826952252541922,0.835619468001405
87,0.010149998915943216,0.002708142306593261,1.172321208524927e-05,0.0007707593707726383,0.9863593761946057
88,0.16503369055938621,0.005438407795805704,4.1229054888335015e-05,0.003105069843969362,0.8263816027459504
89,0.40676868447334713,0.012543740050483455,5.204478291759455e-05,0.004331884486566106,0.5763036462066856
90,0.2612389943895444,0.02045051583478978,6.739470071794187e-05,0.004889582333316449,0.7133535127416314
91,0.3522608303329245,0.01704655643267114,0.00010079657521976355,0.017936278091106556,0.6126555385680782
92,0.654920705368984,0.058637773453704745,0.0002239406274923559,0.06098802803197867,0.22522955251784035
93,0.1523371818655211,0.15847060667062576,0.0002710271105456686,0.16103968109886263,0.5278815032544448
94,0.10199809177130496,0.04303563097128801,0.0004466224637703523,0.5188487479515406,0.3356709068420961
95,0.04170071170266533,0.06758027547829967,0.00036391687423986273,0.7886016257648876,0.10175347017990766
96,0.03940554022934788,0.03931963359493954,0.0006422494101565427,0.8970845913574539,0.02354798540810229
97,0.047039139534998275,0.01934971673040924,8.451570347443372e-05,0.804335068660475,0.12919155937064306
98,0.08285909845514991,0.017694815355661846,0.00011671218270804776,0.5521856374094697,0.3471437365970105
99,0.10289880245000174,0.07877384213500757,0.0003848254844955597,0.7741282571556592,0.04381427277483581
100,0.2556209171731482,0.2994810710499344,0.00020631657792079388,0.31351254801087236,0.13117914718812437
101,0.09388621045729567,0.08738848510761058,0.0002875521015778904,0.7439246319288462,0.07451312040466956
102,0.11633405753709358,0.04568012366175105,0.00015278776952274583,0.11383385624043982,0.7239991747911928
103,0.13578348090715897,0.022577333837803457,7.584488518137494e-05,0.09919106448088245,0.7423722758889738
104,0.43836764047096155,0.08116665330678868,0.00018195765211460692,0.12078251257669298,0.35950123599344225
105,0.12630013157965728,0.014058197924595443,4.008430500508821e-05,0.013566719458249617,0.8460348667324925
106,0.6515522865519924,0.03064685242422168,0.0001553270071939118,0.08616925385772638,0.23147628015886568
107,0.327528569415419,0.10168499500889609,0.00028354558125782075,0.20990985148272692,0.36059303851170005
108,0.4003881163745652,0.1149939549125911,0.00018442961928962921,0.20922607142848776,0.2752074276650663
109,0.36420777390557907,0.03273812374941253,0.00014561268523609255,0.20665496998056515,0.3962535196792071
110,0.09517286538874915,0.02707750674940796,0.00022789839374599773,0.020243921791757703,0.8572778076763392
111,0.09283374636378174,0.020860188113427883,3.24527414759733e-05,0.012817959347632916,0.8734556534336815
112,0.7051621377679801,0.028184186798094143,6.119794240654533e-05,0.012177378116649117,0.25441509937487033
113,0.7565760456679194,0.0178426003340007,7.520964666292987e-05,0.008050280826358537,0.21745586352505836
114,0.6719945855535601,0.08832732957196986,0.00014053479656768575,0.05285738909149114,0.1866801609864114
115,0.5126784994211842,0.11129731287223045,0.00019437980294527155,0.18327700466796312,0.19255280323567692
116,0.20617276473557808,0.28062056254066864,0.00027718330836304654,0.38428968846997474,0.1286398009454155
117,0.063557144829327,0.18400995142631893,0.00018911378350678533,0.7055176916572841,0.04672609830356332
118,0.054379434853039,0.17757909360436233,0.0001277874355780537,0.6956616296608383,0.07225205444618228
119,0.10123048990879371,0.04711568886826851,0.0001589984718649704,0.7596816845122993,0.09181313823877357
120,0.16763059477485745,0.21609215506198592,0.00021136483239780524,0.21651832008072971,0.3995475652500292
121,0.27975097942410077,0.2682894112694788,0.0002635756621395612,0.42519964859546644,0.026496385048814314
122,0.1618415117099814,0.3942236955623389,0.00020275993643389785,0.41735004101532874,0.02638199177591703
123,0.12445435912804712,0.10876057383493702,0.00010390324773314297,0.5006132142805497,0.2660679495087329
124,0.18615792435555928,0.10812419302247488,0.000313546086104996,0.6570996919160458,0.04830464461981501
125,0.23346212773895905,0.3476547883727738,0.0002429833438661232,0.33429038540017064,0.08434971514423031
126,0.39546216910732096,0.25174873258026254,0.0002824277039497728,0.24708323596411755,0.10542343464434921
127,0.07676645686376063,0.8261537767924938,0.00024641222916929514,0.08322279155833383,0.013610562556242494
128,0.2539961013122528,0.3498864773884176,0.0001404528109583488,0.11412261547013162,0.2818543530182395
129,0.5259290609099081,0.27753635493546697,0.00038916103955436647,0.11836650692525844,0.07777891618981207
130,0.21125125811266832,0.7201360111011861,0.00039850242162981885,0.03710477376432966,0.031109454600186014
131,0.6611946877421175,0.20820558626405253,0.00035478763489278447,0.05435576452364244,0.07588917383529457
132,0.23792761710345323,0.7319842052340213,0.0005995154865152558,0.018645111109574904,0.010843551066435309
133,0.034500315424761695,0.9581155378494814,0.0002001788647850351,0.004664064468783288,0.0025199033921886487
134,0.06388468974199271,0.9196387324154032,0.0005086321337744512,0.010823187680519186,0.005144758028310317
135,0.06967697366283919,0.9027886610881687,0.0004327148454681852,0.020533990821681038,0.00656765958184297
136,0.035652826206191715,0.9549544638922304,0.00022565784877470288,0.004461409619335681,0.00470564243346732
137,0.02151897490616139,0.9694438929022656,0.002871829732713767,0.0007649712772503647,0.0054003311816089045
138,0.3085664898383987,0.2196654976065597,0.000661386341294184,0.0024919346760187565,0.4686146915377286
139,0.0536927346398969,0.9322497499717846,0.0016197069270950397,0.0002783282412342664,0.012159480219989385
140,0.1936434075639747,0.7841832308237994,0.0006513488615796704,0.0027871133904386375,0.018734899360207842
141,0.046645613815979495,0.9303124432083894,0.007812868549557558,0.0003287054210192216,0.014900369005054575
142,0.0636112688688158,0.9224536117425394,0.003383293616954003,0.0015213799206170524,0.00903044585107378
143,0.038188444829157064,0.9411582141538144,0.0021520971092606088,0.005679058045852185,0.012822185861915684
144,0.04103552104132262,0.9416893656360039,0.003034506915596177,0.003461940435132807,0.010778665971944571
145,0.0993259611579502,0.8059734679599923,0.0013991901628362165,0.014876325039551488,0.07842505567966983
146,0.018602348588738684,0.9663999350267553,0.001457736649742873,0.005980268297826586,0.007559711436936723
147,0.36572166847637316,0.3234481476519018,0.00237211593182146,0.11365031509457582,0.1948077528453277
148,0.06974510783080919,0.9098544072601195,0.0017986073315783902,0.009409725160568297,0.009192152416924705
149,0.15991012024533152,0.7772335427081195,0.00406084233752103,0.036031351798331494,0.022764142910696436
150,0.07105616417406782,0.028791996466596567,9.287671903137781e-05,0.0369429229041048,0.8631160397361995
151,0.5373136017801504,0.10445062760373955,0.0006869396254084415,0.072421584827147,0.28512724616355456
152,0.3123989747990923,0.6141217863037707,0.00046596347254496454,0.046975219656324,0.02603805576826801
153,0.34741443324368537,0.500906555879509,0.00043252147819460886,0.03819977236706604,0.11304671703154502
154,0.49957300115060893,0.07400717866642552,0.00021947605807293917,0.19318139592142422,0.23301894820346844
155,0.25051345563078053,0.5912413819200706,0.0015716365299681808,0.05264242031698984,0.10403110560219088
156,0.09469177906902593,0.8111129778142954,0.0014761077814832416,0.030894794267299894,0.061824341067895465
157,0.2853018175014994,0.07148318225694075,0.0002722089609150561,0.18839467873510124,0.45454811254554367
158,0.010964269360507393,0.004842720216541823,2.7046726217785328e-05,0.0021728403086309685,0.981993123388102
159,0.04590691677151558,0.00340768473779239,6.061121150820916e-06,0.003481296657517735,0.9471980407120235
160,0.15492836318104253,0.005942962673707178,2.8779029316702298e-05,0.0019370027023536377,0.83716289241358
161,0.5374126030923279,0.01382613380217248,2.8146168543285754e-05,0.005779214437175174,0.44295390249978117
162,0.37841887204991737,0.0842424354765252,0.00028624694736833855,0.052729184828900544,0.4843232606972884
163,0.18581796075233192,0.03862804585150244,8.487909839595935e-05,0.04641607763056449,0.7290530366672052
164,0.009913549877123567,0.00258783837243344,7.938695087433179e-06,0.0012751422921964558,0.9862155307631592
165,0.47708824094274055,0.010207569060828694,5.896226216786279e-05,0.01278639217317987,0.49985883556108296
166,0.8767398426067506,0.04232583867213012,0.0001604688716086542,0.017623397795796275,0.06315045205371429
167,0.6965637806620187,0.06305732033496897,0.00012578987783157507,0.024130314534183777,0.21612279459099704
168,0.40789944184007054,0.3455188294165625,0.00017290189022540993,0.1743206408447052,0.07208818600843639
169,0.11211367451981301,0.5977736806032566,0.000555623710660284,0.2575662126010306,0.031990808565239504
170,0.21585066531839064,0.13695101916554062,0.00017819302038139624,0.5481002136672785,0.0989199088284089
171,0.13806964438860225,0.6220396067878947,0.0024639958640912648,0.17324770899776779,0.06417904396164396
172,0.11039317761598642,0.7488089387256833,0.004932713288533578,0.08802374206571481,0.04784142830408183
173,0.12601994672720754,0.636896801122935,0.003124991891059771,0.1319836809251479,0.10197457933364977
174,0.07881314950064808,0.040577922079343534,0.00014115252117172312,0.043905172406650234,0.8365626034921865
175,0.12657862833458036,0.0224393157590622,0.00011177771966604836,0.049125943841861454,0.80174433434483
176,0.30473493127999857,0.2192789245124661,0.00023556667375082267,0.06091455566733597,0.4148360218664485
177,0.027368110885093173,0.009031010643686789,3.510799750819844e-05,0.0044659573929823684,0.9590998130807294
178,0.010142918573447205,0.00890953010155821,0.00013371751857423102,0.0012497880610059862,0.9795640457454143
179,0.009264543338517702,0.0020430612161781237,5.388878162507193e-06,0.0009531799922355931,0.9877338265749062
180,0.015783427798470754,0.0020425749741777056,7.561664897178852e-06,0.0011640723010690563,0.9810023632613855
181,0.025447226395854738,0.0018881795891376029,1.0055570808948828e-05,0.0009720930983658357,0.9716824453458328
182,0.41009418053820057,0.008190283897798223,0.00011988643612708499,0.003094517537506833,0.5785011315903673
183,0.779267252654739,0.01559601002380929,6.079937647394179e-05,0.008771413350502482,0.19630452459447523
184,0.4129713097152291,0.505786117207525,0.0023064746577283676,0.02772476300712206,0.051211335412395635
185,0.20127005479835808,0.248300039614616,0.0017663603458429853,0.5057763639193532,0.04288718132182966
186,0.031691042476144626,0.04248491408090023,6.573718273871881e-05,0.8793482083424328,0.04641009791778376
187,0.04155622357670221,0.34068970589617537,0.0022990041508951582,0.5943568575208503,0.021098208855377033
188,0.02482021346887925,0.019773269451390785,4.600080551029602e-05,0.06274120437382555,0.8926193119003941
189,0.5884950981558268,0.039656954496399284,0.0001462012574527238,0.24355108607490702,0.12815066001541414
190,0.3655236290270466,0.4919325241423386,0.0010695573636420154,0.08212908111775127,0.05934520834922144
191,0.5262901944465551,0.29765783851627087,0.00013674649354245347,0.10278556687150509,0.07312965367212652
192,0.18191509112916862,0.11109226866195618,0.00017006256357503425,0.5075921801040688,0.1992303975412314
193,0.17219556178481157,0.4473241174290496,0.0002454992573973148,0.294892132104093,0.08534268942464847
194,0.4078108621289054,0.0838673410658808,0.00017111336420022824,0.4516056580792332,0.0565450253617802
195,0.25613063274466324,0.3642878491620151,0.0005065541553587183,0.3287230519283109,0.05035191200965201
196,0.34146535239619025,0.33394359514525773,0.00017957912282535188,0.2969342356858173,0.027477237649909465
197,0.07958115066900297,0.881297275749988,0.0007511780243922979,0.029745775324460495,0.008624620232156422
198,0.0882264106539554,0.8306057925009284,0.0005298887319041408,0.06209673027896706,0.01854117783424498
199,0.21832777587606875,0.5853121423780933,0.00026171162266095353,0.10521344532323904,0.0908849247999381
200,0.29050777284133367,0.5451790398198025,0.0004735820970506593,0.11228735392533533,0.05155225131647787
201,0.34864076461421045,0.2826911595811568,0.00032147237425351983,0.2120838544581475,0.1562627489722316
202,0.03723957450626017,0.9309788652903714,0.00020924116577227764,0.01313841277382302,0.018433906263773007
203,0.050973749457782984,0.8915769888188664,0.0002928570697778535,0.03456231772786979,0.02259408692570294
204,0.10286751533394702,0.7680401000212954,0.0015448456949768723,0.055802771418231145,0.07174476753154964
205,0.1770608799071574,0.09156161443208172,0.00023314870847714617,0.1946100496048753,0.5365343073474084
206,0.15835941248332594,0.12880098238334758,0.00014981137400103613,0.48131580529030843,0.231373988469017
207,0.025106664806518977,0.020307247441107755,0.0003695724859851216,0.002579775678785516,0.9516367395876026
208,0.17005481042955234,0.007517493902523329,1.8098212372524696e-05,0.0027606943116659007,0.8196489031438859
209,0.8547524720449996,0.034326905062568205,4.2137603814616315e-05,0.0033370895944162143,0.10754139569420125
210,0.8122490694161255,0.1275545090183414,0.00010084885424943739,0.005331519256815057,0.05476405345446865
211,0.09740107296744341,0.7425137158774037,0.0007919358374941491,0.13578829309048873,0.02350498222717007
212,0.11670326977031042,0.09740421023660052,0.00018558346520122285,0.6381518802251531,0.14755505630273466
213,0.16185315428659666,0.16213756564603923,0.0001502913423757694,0.5421651163143962,0.13369387241059214
214,0.09128592392479658,0.49414593744265317,0.00033112223908939725,0.38883170257646704,0.025405313816993725
215,0.10511784272104296,0.16221413747715638,0.00020227484105312684,0.40819750449756986,0.3242682404631776
216,0.11016941611031277,0.018572490889760828,2.4075951849083608e-05,0.24527039242786122,0.6259636246202162
217,0.21763117863061793,0.051899404645283365,6.632463069254089e-05,0.3935823693951237,0.3368207226982824
218,0.43878700999183623,0.07749214094175624,6.645580519700052e-05,0.3576316949541228,0.1260226983070876
219,0.545227856166263,0.08597874426328403,9.366403974618637e-05,0.1860920404985385,0.1826076950321683
220,0.4646712353858741,0.02775865746326032,5.891448843758942e-05,0.1747031943644586,0.33280799829796937
221,0.41104663073314157,0.2086956865858736,0.0003556117982674609,0.2981814052040908,0.08172066567862661
222,0.25047669616945323,0.16132392187815756,0.00023231687642749434,0.4528680769115563,0.1350989881644054
223,0.14346541647260522,0.2163396923519057,0.00029076843092780815,0.6100375497296853,0.029866573014876014
224,0.20177895249005445,0.2603765320001683,0.00044948961641030357,0.49992672932095666,0.037468296572410256
225,0.17367165775918567,0.44901506489796167,0.0007525759348714215,0.35184095996948866,0.024719741438492704
226,0.12333370435779759,0.6827083042449982,0.0003431654219540418,0.17408462298839344,0.019530202986856773
227,0.09936593721167643,0.6299566762073945,0.0011994733204836894,0.2476802788289593,0.021797634431486183
228,0.16574351030787204,0.6215682112140309,0.0012752677237013476,0.18860823311097225,0.02280477764342353
229,0.2898974305187235,0.19802747489735986,0.00024986134818193954,0.3028333401227366,0.20899189311299807
230,0.07566841269116528,0.7925351719203754,0.00032237098008190267,0.11834741497705568,0.01312662943132187
231,0.12760306059260587,0.2787757420449685,0.0004313625716882762,0.024981975850233498,0.5682078589405037
232,0.02670161292372837,0.008322868736251737,3.5463202745643105e-05,0.004718289410025149,0.9602217657272492
233,0.23375495455018394,0.049014202403884585,0.0001987238167753407,0.008845024895512402,0.7081870943336437
234,0.3442343662922672,0.40140278363223886,0.0029219474195387647,0.020722061253852196,0.23071884140210294
235,0.09098129815970532,0.02539635229264085,6.118415200667831e-05,0.012300634784996652,0.8712605306106506
236,0.007328293816617143,0.0016572305050117943,1.0489180489081548e-05,0.0015544073921299503,0.9894495791057522
237,0.0014754285301049122,0.0006445388042225833,3.563076475748957e-06,0.0005504117536612122,0.9973260578355355
238,0.011862603248164894,0.002355380956521687,0.00012928583072991217,0.0009347455602348825,0.9847179844043485
239,0.0037195759634075444,0.0009267098926753041,3.5582661656366866e-06,0.00040058600279241596,0.9949495698749591
240,0.0065170709744120595,0.0009090789842879641,8.459057294438323e-06,0.0004903039454699683,0.9920750870385356
241,0.015257310365786491,0.002590930603770274,9.855550341717612e-06,0.0009294472973335637,0.9812124561827679
242,0.01019151958399667,0.0028011817632588136,4.305864956257597e-05,0.0015721472278856857,0.9853920927752962
243,0.009406343672937613,0.0031186851166511587,9.310815810143907e-06,0.001403307599646122,0.9860623527949549
244,0.008757974155818277,0.0027899643699373687,1.1550036872061022e-05,0.0027614505831548303,0.9856790608542174
245,0.03862542833598357,0.0013275827640682261,1.1585932986076473e-05,0.005484146915428184,0.9545512560515339
246,0.20908307206840335,0.004568150118744376,2.6155781563431062e-05,0.009425083377133926,0.7768975386541549
247,0.6643619519034925,0.0549260469297761,9.260885341073294e-05,0.0973621963053414,0.18325719600797932
248,0.015399582096802174,0.0031637929246086877,1.0337095953966094e-05,0.009252662322668886,0.9721736255599662
249,0.14450020170511235,0.019413509412825748,0.00018060917063094593,0.02771006623925686,0.8081956134721741
250,0.4841452428925311,0.013977966541060807,0.0001661605500746787,0.1414895493143639,0.3602210807019694
251,0.7072587609926092,0.04074698814189334,0.0002794860553757634,0.1355262762073188,0.11618848860280279
252,0.41322356777521174,0.10690292796389296,0.00017960858581376473,0.42029565978980005,0.0593982358852814
253,0.12366692442296087,0.0590635331227279,6.576733124697314e-05,0.7701141687060805,0.047089606416983794
254,0.06957120476995166,0.012831338112328724,5.6793619326435496e-05,0.880804484492344,0.03673617900604905
255,0.03597096687796057,0.24105968799681865,0.00018193777923878498,0.7102859466399558,0.012501460706026158
256,0.04810002956380398,0.016404325119001865,4.1050875272806167e-05,0.38573050625011374,0.5497240881918076
257,0.3124679648417394,0.05791548375954646,0.00015091769530812827,0.5532475865171633,0.07621804718624267
258,0.2968662195583225,0.13598890232163358,0.00021546644524078626,0.49032066226401094,0.0766087494107922
259,0.07074527740823139,0.8229362054273459,0.00040333200648535447,0.07450431449852055,0.031410870659416716
260,0.1895316041250255,0.048748812374994795,0.0002444800386987775,0.6947837945988926,0.06669130886238818
261,0.24669661893618336,0.14022431567309576,0.0005411197584176728,0.4438482235674779,0.16868972206482533
262,0.15309858406167623,0.6637766148306445,0.0003746432138230691,0.14474161294117993,0.038008544952676096
263,0.0923784357981646,0.8606963001313269,0.0027464050049740307,0.02194367815684049,0.022235180908693777
264,0.2635280817054704,0.5393413995442956,0.0008630488968925743,0.1459330256780187,0.05033444417532272
265,0.19004259157053252,0.6247367073162776,0.0008473302162805582,0.1464328124332984,0.03794055846361077
266,0.13486031378953917,0.801325315656124,0.0009160534443471723,0.03510339522945034,0.027794921880539312
267,0.06909607271444654,0.8951018809302078,0.0015015613840550473,0.025373541405863825,0.008926943565426894
268,0.03908835847625033,0.9441706311178083,0.001357054932826988,0.005585405165151197,0.009798550307963016
269,0.3035103674669025,0.5832574195581264,0.0014312309823316393,0.06047710333390954,0.05132387865872991
270,0.2635684723381789,0.6429890435130345,0.0006951031122056545,0.030383935831620648,0.06236344520496024
271,0.049608660272615894,0.9447140933188148,0.0009078828034248873,0.001570425118877845,0.003198938486266808
272,0.04351612494004612,0.9455539723835176,0.0008006883451225969,0.0009290712827069779,0.009200143048606606
273,0.09837484741395591,0.8879901971726004,0.000685911721184293,0.003940127621926637,0.00900891607033285
274,0.02750842587522876,0.9644610107254289,0.00046484503478181526,0.0013610679307027925,0.006204650433857806
275,0.04047704483616221,0.9521170374966986,0.0006945474706011695,0.0023657387259743826,0.004345631470563694
276,0.025218984756321818,0.9676798737934319,0.00054089695144886,0.0017356519423451626,0.004824592556452149
277,0.029118484852080056,0.9603772360581481,0.00066896500567054,0.004723775515645682,0.0051115385684556165
278,0.06681424794350158,0.9142315688382027,0.00029435272948481083,0.008817574372971641,0.009842256115839311
279,0.15415114085925094,0.7865193716851447,0.0003577651953675958,0.034624773500803986,0.024346948759432704
280,0.05771471661667907,0.9024333145706621,0.001717930882301708,0.03001277902030425,0.008121258910052918
281,0.12994553824041935,0.08273834644932626,0.00024090299962763355,0.028693085617573486,0.7583821266930532
282,0.7277943561172505,0.06449088965463315,0.00033005520228839344,0.13335174486217455,0.07403295416365338
283,0.09282158334187367,0.05927326892023158,0.00011582360287337692,0.025854676200630984,0.8219346479343903
284,0.8212601518472088,0.07131857756647264,0.0001813950983358945,0.04614364825812987,0.06109622722985278
285,0.46115505553221026,0.10753042039487394,0.00017845879578611408,0.023829369634967023,0.4073066956421628
286,0.40587868852764397,0.014589663655556334,4.647367189115415e-05,0.01865675916645136,0.5608284149784571
287,0.7529444516063971,0.2017136940545838,0.00011075677083237476,0.012266577530824063,0.03296452003736255
288,0.325190513571661,0.6579411628387896,0.0004963911768711285,0.005943125449214785,0.01042880696346357
289,0.05750925051492252,0.9343276263545894,0.000856865215113528,0.0044350559948994304,0.0028712019204752215
290,0.1177643950899953,0.8591810423919296,0.000432916039342322,0.018024090679445007,0.00459755579928782
291,0.03646599667012234,0.9564987066340699,0.0005318609319085671,0.003779851375189105,0.002723584388710111
292,0.18619619262809062,0.7861827853838699,0.000624867913800138,0.018190891614063107,0.008805262460176391
293,0.1245280078751849,0.8607178713043887,0.0002855585739490338,0.00490791940650431,0.009560642839973066
294,0.09968363880179104,0.8869336156939519,0.0004897782912531741,0.003077261121321936,0.009815706091681928
295,0.04163321657732279,0.9553830195792207,0.00048548945676813604,0.000991243868034885,0.0015070305186531759
296,0.023575711993596416,0.9689163643339335,0.003981896008869595,0.0015520573653583552,0.0019739702982423755
297,0.0967283703181128,0.8510141026355074,0.002975315546216996,0.02107976941892001,0.028202442081242802
298,0.15688222077693137,0.7936502726492718,0.005852888907960396,0.02057083672508183,0.02304378094075469
299,0.3609872973794979,0.5481940606214122,0.0016316757138317693,0.044119238474197985,0.0450677278110601
300,0.09350484467229672,0.8871242542121376,0.0014697550734805388,0.006296224985172817,0.011604921056912562
301,0.42049722788370264,0.5137727043709647,0.0012112753871104985,0.04940918492990595,0.015109607428316327
302,0.09582307964777072,0.8787808316205074,0.001237142164457626,0.018574477834401085,0.005584468732863147
303,0.10116955004818974,0.8772497440172691,0.000307280177518556,0.014807324563001451,0.006466101194021288
304,0.028155340803348687,0.9615628233143181,0.0001308292982894748,0.006625857554743761,0.003525149029300138
305,0.08329142913736508,0.8792808596437084,0.0012580056646142226,0.01926579695509562,0.01690390859921663
306,0.2501838760900019,0.5970395013616397,0.0009579166564529665,0.07019354863353859,0.08162515725836669
307,0.08274636766917469,0.8594801692341089,0.0016441314220334922,0.028402304679127223,0.02772702699555576
308,0.09774163000343075,0.06957477861311352,7.487705013638998e-05,0.017248765600535412,0.815359948732784
309,0.4911380812575431,0.07841792797149788,8.025812774465135e-05,0.018689959165301206,0.411673773477913
310,0.7828260003631311,0.17200774394444723,5.859303615952974e-05,0.0144041665340242,0.030703496122237862
311,0.19354215679787143,0.794134847241595,0.0002946285590675971,0.0038742751365102245,0.00815409226495578
312,0.27439416126124144,0.7074111268948466,0.0001868633305189203,0.006366796747440181,0.011641051765952754
313,0.10083786489042632,0.8881389627207811,0.0006040492942957835,0.0039169284931554315,0.006502194601341319
314,0.11405557928299766,0.87146679023436,0.0005496594445089945,0.008071529938041121,0.005856441100092152
315,0.034507285795342256,0.9615619205954105,0.0003262634367075194,0.0010926345706830176,0.0025118956018566393
316,0.07261472587052221,0.9212577352178937,0.00047713031625016346,0.003846395359901816,0.001804013235432054
317,0.015751680531755782,0.9808123421105023,0.0001662666713741737,0.0009748235019904978,0.0022948871843772
318,0.046910415191458915,0.9461910581088926,0.0004864298270847195,0.0035223828650508145,0.0028897140075130143
319,0.1072389486989833,0.8814509264033755,0.0003107586078851255,0.003597727117355696,0.00740163917240053
320,0.022966642748256254,0.9689994424195937,0.001056371809082304,0.0013866316381492393,0.005590911384918694
321,0.07537467602837916,0.895276302485791,0.0021947189028050517,0.008892149558359356,0.0182621530246653
322,0.36060692982083803,0.5592945815106892,0.000247685775819449,0.01559563332321294,0.06425516956944036
323,0.22245970641882837,0.7165962647423934,0.0002711956268347066,0.050596871522805266,0.010075961689138276
324,0.029019505460650487,0.9539580944935644,0.00046751139340574395,0.011973669196282353,0.004581219456096991
325,0.038234476813122156,0.9169463330911318,0.00025243356737619435,0.03259017520695187,0.01197658132141803
326,0.04617463078906936,0.12807099019381837,0.00042781911880180516,0.007556782965130494,0.8177697769331799
327,0.014990512555459417,0.01009941354692206,2.0620200852074196e-05,0.0013915143835654606,0.9734979393132009
328,0.06699468217777113,0.006147780288988326,2.560380615065021e-05,0.0017449225592660262,0.9250870111678238
329,0.8335227347295093,0.012195665684764961,3.810356664944475e-05,0.0029921522557965685,0.15125134376327964
330,0.7912289749777387,0.14274362341752994,0.0001667798318619474,0.00609743718031042,0.059763184592558985
331,0.1628505280977516,0.6056716943950272,0.002231467636394539,0.01953494601667397,0.20971136385415257
332,0.020883037140442845,0.013382101427692425,7.348373644206208e-05,0.003392787541974514,0.9622685901534482
333,0.012970445032805518,0.0021776264625392506,7.845763894744569e-06,0.001251258475238829,0.9835928242655215
334,0.029555730329972118,0.002705405598248394,3.728469351023082e-05,0.00247979722303596,0.9652217821552332
335,0.6889850776249907,0.012982552403407153,0.00013150258916515335,0.006745870622767273,0.29115499675966955
336,0.9445020784124224,0.02232442213592689,3.883029132126673e-05,0.011265830737275129,0.021868838423054492
337,0.10770450300379344,0.7476135968724855,0.0026232153139249988,0.10997038045263749,0.03208830435715846
338,0.2008723419774311,0.08908709450037434,0.00011371473756812163,0.42143039133873955,0.2884964574458868
339,0.005389189132473597,0.0059750776937338304,1.1722668276520947e-05,0.020986492787580156,0.9676375177179358
340,0.5431906263730057,0.02705446937211699,0.00013353814742645017,0.2074239885113651,0.22219737759608568
341,0.7761995463480182,0.060956838861803565,7.003469800062194e-05,0.04164507925344239,0.12112850083873505
342,0.23305813218617058,0.7376229168739337,0.0006047520597687595,0.021419160682925743,0.007295038197201312
343,0.2139541386684751,0.6881895527266126,0.0007706167137998217,0.08508990051740087,0.011995791373711696
344,0.1178798622891819,0.7981607280406554,0.000694477967590173,0.06499292724782395,0.01827200445474852
345,0.0873215803424496,0.8880575527240313,0.0012433074070912584,0.013570277347042184,0.00980728217938561
346,0.48148068985615006,0.39964199762448444,0.0010010554702563651,0.09844819767597743,0.019428059373131686
347,0.06891259735114778,0.9153777368574406,0.006586118334100683,0.002499331006510075,0.006624216450801155
348,0.1628767861451938,0.8138738404960313,0.0006328835210326933,0.009537383408712139,0.013079106429029989
349,0.02059838544421681,0.9757967024835698,0.0013505507049181636,0.000566811902191755,0.0016875494651035338
350,0.02970601200605922,0.9629633695667581,0.0028366049177537636,0.0010330032278650701,0.0034610102815639332
351,0.008528142022581925,0.9842571993582114,0.004827757951164588,0.00031410804232278634,0.002072792625719357
352,0.005566286095804577,0.9734445315479574,0.01699009548172677,0.0006144474256125951,0.003384639448898634
353,0.1376528031110564,0.8414053835538868,0.003781830379998826,0.003960218591483847,0.01319976436357386
354,0.01826535926942699,0.9712583448451002,0.006675935824102981,0.001963281857761963,0.0018370782036079291
355,0.12113757419736047,0.8459881961655515,0.00890962939798563,0.009325880431801126,0.01463871980730139
356,0.0109746960864955,0.9704522747574058,0.014059399005780996,0.0020978199535421917,0.00241581019677559
357,0.06426254824560752,0.8758824301659716,0.0056264886600201095,0.01895190221094491,0.03527663071745609
358,0.03030190728302338,0.9150152587497953,0.011047231764768193,0.036030546496325325,0.00760505570608794
359,0.16637639176695365,0.5430064629685222,0.003536574673407004,0.21999028321614894,0.06709028737496826
360,0.1271033131835443,0.7138775535382489,0.0010498976032773215,0.10551721352855928,0.05245202214637028
361,0.19635613184764722,0.19128909503573352,0.000918432890476329,0.5851976801219657,0.026238660104177147
362,0.05077342371246431,0.04060944587658324,7.546698532107688e-05,0.9026342602498675,0.005907403175763976
363,0.044702335378526595,0.03090467976503626,2.6498110063917974e-05,0.8790996656082247,0.04526682113814857
364,0.06112620588664953,0.01554624103976693,4.568211629577181e-05,0.8574774860060146,0.06580438495127332
365,0.04033515736575853,0.040092511705146716,6.633551929448231e-05,0.9132588775650499,0.006247117844750488
366,0.016408232451362723,0.01859907121568953,3.3393808125818586e-05,0.9607560082228797,0.004203294301942216
367,0.010349107179588188,0.002985566150708721,1.526694160199408e-05,0.9779307821768194,0.008719277551281771
368,0.008064413336546975,0.005423774516847612,3.584713005863479e-05,0.47400550530119306,0.5124704597153538
369,0.06042535387498926,0.011071194358603374,4.657767105172392e-05,0.8479444956104054,0.0805123784849502
370,0.13881848154975657,0.013378476314808426,1.4002784517758688e-05,0.8369772519208376,0.01081178743007972
371,0.18268950867937295,0.015198756497357574,1.7409573762342273e-05,0.7645741267492897,0.03752019850021744
372,0.09579194866741594,0.025519933769640447,2.046525777093225e-05,0.525838610719179,0.35282904158599376
373,0.09193125017333131,0.014992479612323993,4.056644046232822e-05,0.5487599867294751,0.3442757170444073
374,0.16587708554672065,0.023132254929936678,6.19303664837004e-05,0.7619913284961009,0.04893740066075822
375,0.13064857097437071,0.02425350544148951,2.811637216995283e-05,0.7906461070041744,0.05442370020779563
