epoch,N1,N2,N3,R,W
0,0.0018030558151095972,0.00017223444646055102,0.00013903189588757261,0.0004173256571947606,0.9974683521853475
1,0.0026170907333889137,0.00031883081986852163,0.0003139629573974225,0.0007056896452670303,0.9960444258440782
2,0.00365509542054767,0.0008935709803535544,0.00048244343839601723,0.0011060151244822543,0.9938628750362206
3,0.0020723431647051123,0.003075006651462447,0.0003002262009706119,0.003979750407083493,0.9905726735757784
4,0.0013745878035587907,0.001734955775118507,0.00029538885437874944,0.0004826433482733952,0.9961124242186706
5,0.0008663820283486006,0.0013700527026501807,0.00028565071693971173,0.0004931651384420008,0.9969847494136196
6,0.0009550588328593241,0.0005972361954147636,0.00022947045909619466,0.0004987800936143893,0.9977194544190153
7,0.001285030579116475,0.0006778392856427957,0.0003578303546412595,0.0001582462430063636,0.9975210535375932
8,0.0004935340313181192,0.0008456143482089515,0.00022634342154738394,0.00015243383369525288,0.9982820743652302
9,0.0015595301709791583,0.004362646399592825,0.008433366636940387,5.0188235212940875e-05,0.9855942685572747
10,0.003495258297468672,0.007655384747389454,0.0019006257601420645,0.0001644540133821626,0.9867842771816175
11,0.04485635084069366,0.01679431856687633,0.0014617881711954611,0.0001642917891118088,0.9367232506321228
12,0.06767746976126753,0.09232594999398562,0.005490809507901373,0.000149795845862129,0.8343559748909833
13,0.2152683260363977,0.08324290974906362,0.004690504625595537,0.00022784289727284645,0.6965704166916703
14,0.22207024960944438,0.12479450286759745,0.019682485796114965,0.00021054703744493471,0.6332422146893982
15,0.08224149610555422,0.26966779677241953,0.24067006348941164,0.0003460764868805575,0.407074567145734
16,0.0040129397967980105,0.005041839441103258,0.0004362610888512821,9.33207783490173e-05,0.9904156388948984
17,0.00035274043936644144,0.0007168047317921438,0.00022736226678386382,3.5421645785972635e-05,0.9986676709162716
18,0.002304873667844366,0.002662892736395368,0.00027521114084751196,2.3518993599784396e-05,0.9947335034613128
19,0.3154462779442063,0.02949266738159164,0.0015726409954614344,0.00019025706115274844,0.6532981566175878
20,0.19900963009502715,0.0630815867349078,0.01989660364515027,0.0004064079358942726,0.7176057715890205
21,0.1658315066002134,0.04199884189449709,0.0026855252717405674,0.0005327954965317526,0.7889513307370173
22,0.026072646478569328,0.011091523731668274,0.0034942574571306183,0.00012951343449262782,0.9592120588981392
23,0.22331322611667745,0.045527090836580776,0.004710181482080534,0.0006423642893536978,0.7258071372753075
24,0.026204819504127876,0.05738532854866121,0.009619385527711055,0.0002821607702088125,0.906508305649291
25,0.10524495700635592,0.015979582064002677,0.0010341598477119356,0.00037529985596065896,0.8773660012259689
26,0.18100531969704237,0.07990419782033854,0.0036382558640266527,0.0013354855474518648,0.7341167410711406
27,0.12113272890536103,0.022187029594235564,0.0010342789441802629,0.0009241200701607886,0.8547218424860623
28,0.017545205965017796,0.007165821836760199,0.0010008271195185094,0.00014356059192429806,0.9741445844867793
29,0.20491566416800497,0.01769627127463225,0.0008328267687393046,0.000775620961588859,0.7757796168270344
30,0.08930630574779412,0.04986292885746477,0.0014795658658301471,0.0003688824414673572,0.8589823170874437
31,0.05037819662078955,0.006014582207935306,0.00021242406694199734,0.0004350404694243088,0.9429597566349088
32,0.12214798109265998,0.03240819558758245,0.001214862913064219,0.00029106057981429954,0.8439378998268791
33,0.12369642576607694,0.013935954565689516,0.0004742238764900498,0.00013865508750856098,0.861754740704235
34,0.012150818815467536,0.0031501121922124136,0.00020239732367976723,2.8636451187240426e-05,0.9844680352174532
35,0.002255963968930504,0.0008307893328607225,9.481880983123765e-05,4.942628538803777e-05,0.9967690016029894
36,0.0012405984885417818,0.0003058345501025372,9.180517034505062e-06,2.8308183541782562e-05,0.9984160782607793
37,0.0018772486879627067,0.00021092308937389933,9.630134163309078e-06,3.3235513273534755e-05,0.9978689625752265
38,0.0023857768134272397,0.0005632778105888969,5.791373671292329e-05,3.024224024302528e-05,0.9969627893990279
39,0.005730036351519106,0.002615516325126037,0.0004010805097413251,7.540214851820633e-05,0.9911779646650953
40,0.013082900165369499,0.0017191381798002613,0.00017825834165210723,0.00021085362218316116,0.9848088496909949
41,0.015171392419210858,0.0070035521810341995,0.0009915727822376987,0.00020093806725378314,0.9766325445502634
42,0.16015137885599903,0.020541621530231105,0.0020543900868288,0.0004269497410087224,0.8168256597859322
43,0.2601080244480318,0.09686465805087262,0.011086747060200934,0.0018746575526249428,0.6300659128882696
44,0.07991734909992097,0.26003495340227456,0.039500439841848624,0.008854556700603837,0.611692700955352
45,0.10209048950689834,0.2818160409953744,0.021984168977714946,0.00618376310823128,0.5879255374117811
46,0.15460877025650435,0.41255978579454905,0.014073231717010883,0.026729263429904063,0.3920289488020317
47,0.09111542574506902,0.5797367449228922,0.023414875448410265,0.037692180970161825,0.26804077291346673
48,0.17621309123227644,0.5573991342599791,0.07847782278929916,0.015115605998340458,0.17279434572010488
49,0.061940783254021976,0.21486351470040363,0.0049271662379603036,0.03787785635292623,0.6803906794546879
50,0.26535380959684635,0.2561914704310925,0.009990289229719198,0.0334880902595732,0.43497634048276884
51,0.2371651678398124,0.31140562449910186,0.01044315731997265,0.043021289875311355,0.39796476046580187
52,0.1474934919644611,0.739879540779959,0.061850637361690525,0.01322762592856976,0.03754870396531962
53,0.146217013281527,0.43772903035231975,0.009636155145412717,0.025721020525112687,0.38069678069562785
54,0.22016725719689917,0.5397725879309554,0.01792309347129564,0.012407311106913262,0.2097297502939365
55,0.08233796878533373,0.7645643645884547,0.09404063730280961,0.008927917641002045,0.05012911168239986
56,0.06413475427891528,0.812058361449553,0.10731970402353426,0.0028016065743233618,0.013685573673674258
57,0.052677320994848904,0.6821048125663615,0.18635733256944048,0.003785409154276029,0.07507512471507301
58,0.4859850295116127,0.37325957125752884,0.034901693769089276,0.002275564652199385,0.10357814080956981
59,0.07955294788560499,0.5323944661847378,0.3783239275377892,0.00037888882387583737,0.009349769567992345
60,0.05020062527061302,0.47537087363381936,0.46369134428762887,0.0007062999931850187,0.010030856814753707
61,0.01663139883143083,0.36214098511684456,0.6159597206473868,0.00028175211030565385,0.00498614329403225
62,0.0013201752083697473,0.21611567542745755,0.7796589034641399,0.0002900298109815837,0.0026152160890512304
63,0.004715318847619644,0.35303467249395226,0.6360003555314425,0.000547196887309015,0.005702456239676556
64,0.020385621141129656,0.3313399135342549,0.5729668085621944,0.0017349112715256635,0.0735727454908954
65,0.003277292413836036,0.18778995131828538,0.8040521731147372,0.0002724612053099916,0.004608121947831578
66,0.009422160208681394,0.17614360168550933,0.7977857237382949,0.001408191956470667,0.01524032241104363
67,0.00764673241260883,0.16139520018799455,0.8082236670268468,0.0013556588466511785,0.021378741525898814
68,0.013225317327306122,0.2784180954840553,0.677535749052705,0.0009246940425921516,0.029896144093341553
69,0.033861593538748624,0.06673696407635439,0.025504146123747323,0.003548241328565104,0.8703490549325845
70,0.11804548771615306,0.27974270863111106,0.06682633531493405,0.011103582518272107,0.5242818858195297
71,0.028144201290556548,0.05472653440165354,0.012043731123655739,0.002205457801693913,0.9028800753824402
72,0.23779434466990504,0.15811159012162623,0.03214600375890059,0.0025557019636857784,0.5693923594858823
73,0.037012018825836046,0.4090696052413665,0.45332447452932234,0.0014941077007939636,0.09909979370268122
74,0.06384702298735745,0.2731822698391785,0.016477129129180267,0.0030259876046096136,0.6434675904396743
75,0.37546044928732547,0.39970946913723604,0.049502685240119845,0.006866106442320588,0.16846128989299797
76,0.04413751953399467,0.6503320829959873,0.2544143605313924,0.004110888876759555,0.047005148061866155
77,0.3922631441327797,0.3881620208594052,0.011584509702786575,0.004600835644686087,0.20338948966034237
78,0.03162594761280962,0.6658834924594708,0.27904748328209694,0.0013858717273382262,0.022057204918284414
79,0.04247756663175545,0.6842283277155208,0.23523379153677124,0.003176198450550009,0.03488411566540265
80,0.21601868609755276,0.5476441633146454,0.16726846135809562,0.003042691664884774,0.06602599756482153
81,0.00822259723108298,0.36353603247774585,0.6213859195935231,0.0005085170892958251,0.006346933608352322
82,0.018222525321031014,0.40946089948481507,0.520014066064464,0.0031473850776312755,0.049155124052058706
83,0.02110580836987569,0.44241168473590786,0.504670319472695,0.004396213536023599,0.02741597388549776
84,0.009922124857508324,0.26745470854105063,0.6374949451040358,0.0029218522760334903,0.08220636922137173
85,0.09130795673787857,0.2547083956656514,0.5559964018413392,0.006309408510338601,0.0916778372447921
86,0.04420520620495491,0.3740092157629067,0.3991260180345027,0.00727036461098679,0.17538919538664902
87,0.06465769576613367,0.5217599140487524,0.34009776976609785,0.0044878646875392844,0.06899675573147682
88,0.02151652177802132,0.16162403168590023,0.12693129189684832,0.0035599748511668554,0.6863681797880632
89,0.03848387386560033,0.2814849985414586,0.5191027570471486,0.003376928826017036,0.15755144171977556
90,0.07187999237803169,0.3987163027329687,0.4025312256539651,0.006553617955395355,0.12031886127963913
91,0.045156954365535934,0.3335984673300007,0.45607759465779313,0.004907779936808748,0.16025920370986133
92,0.019178238067600537,0.17080223559973987,0.34631561792040777,0.003908809975851738,0.4597950984364001
93,0.04723590071774662,0.11667957235186921,0.06504325379856477,0.0032537935593039105,0.7677874795725156
94,0.05625597807785541,0.23931798815933292,0.43618120910834124,0.010430590996378244,0.25781423365809214
95,0.021932583903594045,0.20428960585751813,0.5631716359048122,0.005334922609455933,0.2052712517246197
96,0.0182741985533285,0.0845404970261429,0.14850441404089237,0.007779176043734764,0.7409017143359015
97,0.0022553890923692624,0.006369891793767999,0.006463960289386588,0.0010877310152344372,0.9838230278092417
98,0.04410406274813423,0.18510213642277676,0.405866586040465,0.007995405822919565,0.3569318089657045
99,0.038288284977460944,0.17368493971085508,0.0875855329809692,0.00386112453156862,0.6965801177991462
100,0.040074412801594454,0.0361780287951392,0.000828491633681909,0.0025078638105468826,0.9204112029590374
101,0.13465868609240575,0.20490243293756424,0.028883647009501228,0.019680695934969045,0.6118745380255598
102,0.031769898716973576,0.1638372210662548,0.013258416170531036,0.0038205464391211814,0.7873139176071193
103,0.29460103216548195,0.11099179307640204,0.016293733164979497,0.007388803598822897,0.5707246379943136
104,0.04953026845397092,0.608253999768192,0.09261000496471328,0.013169684977773096,0.23643604183535058
105,0.03806921702161872,0.14846402389025132,0.04685974247136559,0.006562981353476029,0.7600440352632883
106,0.13180761082175393,0.1154740691485859,0.011849861773093207,0.01292902136956773,0.7279394368869992
107,0.0319470930556563,0.3340468589712979,0.051618561101331825,0.005181476527599492,0.5772060103441146
108,0.18999352743723213,0.11644715899507582,0.012466007911335003,0.007334849269051071,0.673758456387306
109,0.18419614973058662,0.24070050958013806,0.02594511530245522,0.013925673003252115,0.535232552383568
110,0.22246596256880952,0.1423423424759107,0.013619536282066748,0.01992282590332533,0.6016493327698876
111,0.41444673021642314,0.2899749126559169,0.013956199718635664,0.01968078452952327,0.2619413728795009
112,0.26009813595185394,0.48827322993739647,0.04304091794488536,0.012542169139002102,0.1960455470268622
113,0.08722881795579956,0.18923805888494863,0.036489904740007455,0.02338813298993657,0.6636550854293078
114,0.21796493808542045,0.32422504199991625,0.017502201336983294,0.04191098286040909,0.39839683571727086
115,0.21236975628685742,0.270119080015684,0.01124133581252948,0.06246282689211339,0.44380700099281567
116,0.1729857933622332,0.6155803764724062,0.03994987431334045,0.0069567954150649355,0.16452716043695534
117,0.15354954238340518,0.37061104809395473,0.057313530802070585,0.018090593415448032,0.40043528530512146
118,0.35263333349462167,0.19932321260709068,0.007651178647547487,0.006485740787873863,0.4339065344628662
119,0.28931875768686727,0.433063031027483,0.02225911678112026,0.010226318266058434,0.24513277623847107
120,0.2888786973656867,0.5714757476245539,0.06886538932947286,0.0018013606313853213,0.06897880504890133
121,0.3192142752932456,0.6147407059938507,0.005805765734160296,0.015834875763806072,0.04440437721493723
122,0.06731745417876368,0.7760213465257135,0.14436340549915283,0.0026131400472127896,0.009684653749157314
123,0.036804353166755344,0.7772274661225755,0.16545129192632774,0.004393650358792174,0.016123238425549483
124,0.027427592876249084,0.45602332280419716,0.5031687638597555,0.004417136773131741,0.00896318368666649
125,0.011405769224630349,0.3919005785297926,0.5858633150300518,0.002111900457494638,0.00871843675803056
126,0.0018979500941281786,0.15028830434194376,0.844684606489185,0.0004414334749171441,0.0026877055998260147
127,0.05404593717248293,0.7081427570668538,0.21106889384943014,0.0036790385689248048,0.02306337334230828
128,0.006042735054601617,0.28201281410554174,0.7068491464573449,0.0005794097327057142,0.004515894649806028
129,0.0011744443606860127,0.20272930546975826,0.7943009720732093,0.0002554805672515366,0.001539797529094875
130,0.007023677402328435,0.30515827239823673,0.680713821694263,0.0006663344032815532,0.006437894101890408
131,0.000995972422429639,0.12230332668224822,0.8735290365282812,0.0005107288819869531,0.002660935485054019
132,0.0009623897544916025,0.08726306636303016,0.9091562954028961,0.0003251644328282024,0.0022930840467538767
133,0.0007410719486837258,0.0802727111643991,0.9153511313079881,0.0003038717459915269,0.0033312138329376554
134,0.0005221365069459564,0.07823795196536956,0.9187757074882572,0.00034385537514880233,0.002120348664278586
135,0.0003915933923155434,0.04262402393390485,0.9556399532044217,0.00018028646502942723,0.0011641430043285788
136,0.000314911396767256,0.03991564029813305,0.9581084161054506,0.00018997730100199674,0.0014710548986471492
137,0.0008916814006881884,0.07962357786978713,0.9160253132656961,0.000528708215445301,0.002930719248383214
138,0.0003860162605377891,0.040047659628048585,0.958066627211742,0.00027273405815539945,0.0012269628415161988
139,0.001365248592086068,0.08643033014032982,0.9033173417633454,0.0009235966975348235,0.007963482806703736
140,0.0039412868439741575,0.07888213309175021,0.8920057925403096,0.0017766570911457395,0.0233941304328202
141,0.002209311144953178,0.0692095105679361,0.924136582666131,0.00045314827129866106,0.003991447349681182
142,0.0008926941072452584,0.048310690100874874,0.9471817702119995,0.0005085872930428955,0.003106258286837539
143,0.002974150032250684,0.06348392487340575,0.9238102961622504,0.0008403719524307554,0.008891256979662348
144,0.0016269529885466459,0.05971621963260377,0.9314409965793659,0.0005444942639845318,0.006671336535499084
145,0.0036934815479214202,0.08238409792674878,0.9012703952997435,0.002142173891747794,0.010509851333838494
146,0.001004716642901088,0.033692717269646386,0.9622353055583402,0.0005622410071389639,0.002505019521973291
147,0.0502075007179511,0.44211124165312604,0.42901206766575795,0.014227611034220768,0.06444157892894413
148,0.00898617620493892,0.18302314356368712,0.7916740453350516,0.005431924458696499,0.010884710437625764
149,0.019123233629129686,0.3607988768923265,0.5894875888910842,0.008855434200373428,0.021734866387086174
150,0.04715818767739884,0.7482470682560367,0.14284143476632746,0.019630027370413486,0.04212328192982336
151,0.07688683758056228,0.6934460753026385,0.1511416888873642,0.013144960579136535,0.06538043765029862
152,0.16792548507190075,0.4259178025914577,0.07887642558382256,0.19212887854894983,0.13515140820386934
153,0.054627984859626694,0.25452582773163573,0.0006355898204220501,0.6782916344442792,0.011918963144036199
154,0.034422015581977376,0.08990489576628428,0.00021533251685182527,0.8663509653588222,0.009106790776064314
155,0.1671137508792312,0.10579884800898462,0.004472661760253261,0.36231024824867597,0.360304491102855
156,0.06275252187821159,0.03136367379373131,0.0004115481512487765,0.8930838437932285,0.012388412383579768
157,0.102822397204106,0.11736642453781178,0.0004711530564157475,0.7685731526609021,0.010766872540764538
158,0.24921650122241323,0.0496893951965358,0.0030909904616474413,0.26030327663239444,0.43769983648700905
159,0.08598255934147535,0.07042895360712705,0.003017981932265768,0.42450291580505445,0.4160675893140775
160,0.048639263066954215,0.159070665171355,0.0017427895834058798,0.7733941752929941,0.01715310688529069
161,0.12632526373818848,0.14536588172945686,0.00211275396384473,0.6857721658978243,0.0404239346706856
162,0.03194301971147066,0.037426566154519836,0.00010781715989632575,0.9254810574100161,0.00504153956409696
163,0.09096810060934914,0.24897277986743216,0.0007114853843967173,0.5804038009579848,0.07894383318083724
164,0.2913106499650572,0.07107701944684808,0.0013689696966647717,0.19937171030557163,0.43687165058585825
165,0.09420243061338855,0.11490153369521298,0.0001436024368844022,0.7636882953804424,0.027064137874071807
166,0.3570114218492237,0.12883358047176605,0.0006418818664220912,0.330824299315327,0.18268881649726118
167,0.08372544784622611,0.027909932613950854,6.204933046411023e-05,0.881918847938748,0.006383722270610923
168,0.18230180230902276,0.07807176730774779,0.0004486142972115933,0.4660187392107839,0.27315907687523405
169,0.4535375417710822,0.13053594838091553,0.005024119947599268,0.2951375937903378,0.11576479611006521
170,0.06292932132714679,0.08748295191276034,0.0006702566398689573,0.7818324185620796,0.06708505155814418
171,0.18598225422725498,0.10840726007921328,0.0022609072484710262,0.5834343080605894,0.1199152703844714
172,0.010446222761910325,0.019373218765220346,5.5555627381412385e-05,0.9651686595539812,0.004956343291506596
173,0.019346139671615484,0.010089111606445295,2.6803713228743654e-05,0.9677364714192486,0.0028014735894619823
174,0.010404989149021309,0.00736531948440099,1.070574902083897e-05,0.97841984121632,0.00379914440123682
175,0.04422089551206161,0.01871108590457268,0.00010511510238963219,0.9168578702100434,0.02010503327093279
176,0.019585266780319986,0.013452760755480537,9.259466663888566e-05,0.9582426230350163,0.00862675476254428
177,0.047228771157055524,0.013984804537699073,9.851292836252102e-05,0.9207005316790133,0.017987379697869583
178,0.2346839257963003,0.03391886746572947,0.0011052523134704156,0.6639723664564561,0.06631958796804382
179,0.016554744373315604,0.0040880537885685155,8.994360615243423e-06,0.9771654672463057,0.0021827402311950933
180,0.05771533050870352,0.015013306528265553,4.028116651575249e-05,0.8701549828101869,0.057076098986328365
181,0.13892350032212386,0.022738001957199723,2.334876093049641e-05,0.7374130628074187,0.10090208615232728
182,0.3698986619854894,0.05067529954220786,0.0001807482761557506,0.4793313436272479,0.09991394656889921
183,0.21973544820030222,0.06858832399735744,7.783562560856355e-05,0.21784166310283862,0.4937567290738931
184,0.18604079900439852,0.10292543358507047,0.0004132245243274819,0.121376563410105,0.5892439794760985
185,0.11839223749694344,0.09948625774665257,0.000602991607589288,0.054571789612799786,0.7269467235360149
186,0.5591022259070056,0.12576415900605958,0.0015893676384016522,0.030024575077046416,0.2835196723714867
187,0.13473590171145583,0.14605934515684058,0.006750658913197461,0.013834669439002347,0.6986194247795038
188,0.2917908797108763,0.053543142113241834,0.0041802895872674155,0.022815650056183395,0.627670038532431
189,0.09627674364828377,0.15287037857876343,0.0038499564981892592,0.017221937607560727,0.7297809836672028
190,0.3317608493018211,0.0463559690060331,0.0015665148431646125,0.0205548676969114,0.5997617991520698
191,0.22289974446512778,0.13978596466328536,0.005126037582621506,0.0173531062017108,0.6148351470872547
192,0.538063378189109,0.19758005172599089,0.0022300705169836957,0.03428287954743493,0.22784362002048145
193,0.25104175699240927,0.3848402457828027,0.003984618841506364,0.018310587771298292,0.34182279061198334
194,0.5554020823304522,0.18508721650455326,0.002906201181144305,0.03491029978538049,0.22169420019846972
195,0.23261468993307632,0.22508736871669904,0.0043451099646476515,0.04386277983438927,0.4940900515511878
196,0.07576020846796136,0.08084096699008643,0.007245136055516975,0.01239280615803912,0.8237608823283962
197,0.5556468575602933,0.08251217705539701,0.0016180647587304264,0.05579361540283363,0.30442928522274565
198,0.2937228393966606,0.23979910258357456,0.002274030878303281,0.03625229083195795,0.42795173630950356
199,0.3713905982538263,0.2089408267522507,0.005261167804574466,0.02844903006712983,0.38595837712221864
200,0.5798688293534014,0.2424875240536483,0.0028348085271926757,0.045662317938397506,0.12914652012736008
201,0.1766788964962048,0.5110990282823665,0.005232795694327615,0.03267114902486773,0.2743181305022333
202,0.3728701596808049,0.36757531204694927,0.0011008792196508974,0.1355981850951053,0.1228554639574897
203,0.3716287436048791,0.4800488695461183,0.0035453103733417896,0.07148826660723503,0.07328880986842573
204,0.21037702956296275,0.40211995984507665,0.0028597837772269064,0.05237195975369306,0.33227126706104065
205,0.4127458350054093,0.3486993034344442,0.0072344118801706565,0.10503487246564054,0.12628557721433545
206,0.11700139536268958,0.2814432924251766,0.007238923246174747,0.01152138297868244,0.5827950059872766
207,0.3526376329402219,0.5008953823370504,0.014617347976169683,0.04368470563532356,0.08816493111123445
208,0.07278698130780396,0.17698281518181774,0.002379966583294814,0.03492356433298783,0.7129266725940956
209,0.1938483466539562,0.36839027421226217,0.002125038312054452,0.10370250545138276,0.33193383537034443
210,0.3396854905963254,0.143943152725658,0.0011595707222855115,0.05749836923745004,0.4577134167182811
211,0.1713565800549086,0.3091731077187799,0.0034011644219305707,0.01593339492414193,0.5001357528802389
212,0.5076288729625682,0.20360289752484947,0.0027828270960005546,0.03132058773304195,0.2546648146835399
213,0.3499637432302667,0.3823852809533074,0.0034015967119616374,0.015831789646158223,0.24841758945830592
214,0.364112869512253,0.3124404540941541,0.0015101307107629666,0.04233851801294119,0.27959802766988867
215,0.13137992436823373,0.7345027352800872,0.02935754506178741,0.02817928293973667,0.07658051235015494
216,0.20112352558440844,0.402438252978517,0.003851416975772714,0.02878582369131524,0.3638009807699866
217,0.2308518951610707,0.6636558508050471,0.003527784824319484,0.06143545146437131,0.04052901774519133
218,0.15071144797926558,0.33248971136311806,0.0027882698330536602,0.02054084839168626,0.49346972243287646
219,0.5251794296513234,0.25454521733699476,0.0037640900896399195,0.07024789078726702,0.14626337213477492
220,0.06269382684348014,0.09308306144729636,0.029182520657031075,0.04208640703274491,0.7729541840194474
221,0.5213523200122955,0.12285323138503187,0.004610027089583068,0.02395099601790006,0.32723342549518947
222,0.0523462254929632,0.019539355650441407,0.001960888457314799,0.0036815935915338162,0.9224719368077468
223,0.013488206517772537,0.0036574683186336096,0.00015663132947364578,0.002076289095911478,0.9806214047382088
224,0.44109484881766425,0.046074208782956184,0.00015481953699152885,0.010150572690650733,0.5025255501717372
225,0.3551285188931406,0.06584200195889527,0.0012157443526347384,0.031434259936348026,0.5463794748589813
226,0.47550997242044485,0.3070531145422125,0.005293799537024519,0.06608433410458217,0.14605877939573592
227,0.25290990337027097,0.6587322549700706,0.01649354858852425,0.008859300119418783,0.06300499295171531
228,0.15978369385841432,0.7665110397961634,0.03477887941023348,0.01740700311942809,0.021519383815760632
229,0.14622321688773068,0.7297311503309194,0.05098178290560192,0.016727804844515245,0.056336045031232886
230,0.048467509372401935,0.8042073989492958,0.13150417244194976,0.006764690797941934,0.009056228438410566
231,0.03107438890187994,0.6951443811507194,0.25766390869556166,0.003372578287828735,0.01274474296401026
232,0.0296103661480713,0.7756220160298128,0.18421001069716292,0.0023504612548474525,0.008207145870105528
233,0.01428753874790684,0.6973208532125341,0.28121081294226163,0.0017953399927832965,0.005385455104514066
234,0.00573668835897795,0.46282630810016634,0.5251872393694637,0.001820493165039538,0.004429271006352592
235,0.008361355120470194,0.5197236263202818,0.4651868346926583,0.0015250566899709687,0.005203127176618729
236,0.005615852707612873,0.2972687575831479,0.692595863704996,0.0010859058017622266,0.003433620202481068
237,0.007215706086509587,0.7542440731967599,0.23272999372511505,0.002287736892273831,0.003522490099341617
238,0.00824055023655817,0.4973206093551567,0.485378151841289,0.003615045742928536,0.005445642824067532
239,0.012301298234480538,0.7382888936341189,0.23686698424331262,0.004421884033160047,0.008120939854927815
240,0.007798643227357138,0.3530728448144894,0.6263322031894389,0.0024249580776590754,0.01037135069105537
241,0.0449100928344812,0.4509763663958717,0.4760529066842566,0.0040297029214205185,0.024030931163970072
242,0.02671983772680348,0.6455223326788042,0.31346671768700074,0.003927067255402024,0.010364044651989507
243,0.02738252336897776,0.753018259548477,0.20990894351453274,0.0026218823669636277,0.007068391201048757
244,0.05330388775560293,0.6652360588154468,0.2605382807306289,0.0018233683942904494,0.01909840430403098
245,0.026217895687471907,0.8089454455209598,0.15322558123964472,0.0017120570827158835,0.009899020469207652
246,0.008265423150816041,0.3984858502108947,0.5891038451758985,0.0006786982210783606,0.0034661832413124204
247,0.01317245551067333,0.4915212127316039,0.4850404707722503,0.0009495110825328306,0.009316349902939865
248,0.0022939941863278014,0.25443641766603603,0.7398950256030351,0.0004647315768218704,0.0029098309677790496
249,0.0009028934339566101,0.12475436371782278,0.8725589501122211,0.00046916558100959494,0.0013146271549901835
250,0.0015244919420117063,0.1691364050253443,0.8244267716073842,0.0014406692138599453,0.003471662211399814
251,0.0031095048190739774,0.2696221667768334,0.720844536670569,0.001431263523530492,0.004992528209993158
252,0.00126942032101029,0.10622412567161997,0.8883968370562283,0.0016544585886146934,0.0024551583625267693
253,0.010390177633379448,0.2145657147788062,0.7425252423039314,0.0010603718659217473,0.03145849341796136
254,0.0025776086083461338,0.14240560579648828,0.8501097837290409,0.000932692754802475,0.00397430911132211
255,0.0014844606674176304,0.08912828737258578,0.9063597815014428,0.0006394312240455658,0.0023880392345082325
256,0.01450326654565117,0.2809060565957248,0.6916990160733282,0.0016651562763309608,0.011226504508964966
257,0.016176506452062846,0.3058771019925591,0.46738158601355445,0.0029928132091745297,0.2075719923326491
258,0.009775104283846389,0.3881814626386104,0.5905846147603733,0.0015984974547773366,0.009860320862392653
259,0.0031638826209562316,0.12218677736239147,0.8689571624222714,0.0006867488332244008,0.005005428761156474
260,0.0046555675599837774,0.14695390871137654,0.842528413444836,0.0008150590737872393,0.005047051210016721
261,0.0058160952440676605,0.4515764198637953,0.5329504062444488,0.0020007886666082706,0.00765628998108003
262,0.0037527777101814728,0.26890463926437336,0.7202496071040918,0.001662223590331923,0.005430752331021336
263,0.0019037353865067538,0.19024039348011842,0.8057018804740824,0.00029442769693874726,0.00185956296235367
264,0.0016297672340309561,0.17517380558331042,0.8210884188623401,0.00047205756145798607,0.0016359507588605703
265,0.0009977698127138176,0.08829649997288719,0.9088401301004073,0.0003333498992215326,0.0015322502147702014
266,0.0006066334928903958,0.0551301519130965,0.9424201294451058,0.00017132350170944311,0.0016717616471980366
267,0.0009031849783516564,0.08628493832143276,0.9100873008925106,0.0005256040190851359,0.0021989717886199732
268,0.0013964788496049635,0.08610115775349365,0.9092821930386453,0.0006761362318435632,0.0025440341264124614
269,0.0010556571200875202,0.05850954167787269,0.9383102582949021,0.00042386731898586065,0.0017006755881517704
270,0.0006170341227056764,0.08541719708079026,0.9108245306866459,0.000651291202867497,0.0024899469069906777
271,0.000587350416919222,0.05546095483885037,0.9414288298996789,0.00043327255022734156,0.0020895922943239046
272,0.00039163218394883554,0.059487363666332976,0.9377318007251004,0.00042342275924812754,0.0019657806653698164
273,0.0011919640594342,0.09505064124839417,0.8965722968376426,0.000719170590447729,0.006465927264081092
274,0.0013499451240360301,0.12064115767520564,0.8732910729657286,0.0011225908116737837,0.0035952334233558085
275,0.00029592434058721336,0.044663585209269684,0.9536338750610067,0.00028987163695022713,0.0011167437521861325
276,0.0005983071042455044,0.048141192183928865,0.9492259032513017,0.0003943696642362461,0.0016402277962875701
277,0.0031295351703871104,0.1866335790699737,0.8039340830514953,0.0012488543119779363,0.005053948396165977
278,0.000789588449722747,0.05440242153769138,0.9423607099144644,0.0003462782280205288,0.002101001870101016
279,0.0009042954536807226,0.048913840202100815,0.943519878544972,0.000929430333586458,0.00573255546566008
280,0.0007368754176977818,0.08184607543946285,0.9139660427565487,0.0007353415324289785,0.0027156648538616004
281,0.0014650694914730453,0.07008827662155503,0.924118457415676,0.0010155438785601715,0.0033126525927356745
282,0.0013864620909120262,0.09141930053923504,0.897905408165029,0.001283599302673355,0.00800522990215078
283,0.0005941179924041839,0.06227093424810009,0.9337424633343535,0.0006579546982264978,0.002734529726915573
284,0.0005355807522450185,0.05419347492057514,0.9433755551625297,0.0003327884484716872,0.0015626007161783602
285,0.0015472615791513578,0.07093342192698303,0.9216708080892195,0.0004796214896736365,0.0053688869149723095
286,0.0009530950473090457,0.07726636718144213,0.9174988455828395,0.00044502246455337195,0.0038366697238559717
287,0.0003043071332495443,0.04477594757989352,0.9534425884324845,0.00011039799713640938,0.0013667588572358735
288,0.0005453370022437524,0.07942931444601208,0.9177994929410425,0.0004743079044031527,0.0017515477062984112
289,0.00040031941796766054,0.04505598803940388,0.9520860839510514,0.000583395917952544,0.0018742126736244547
290,0.001014215737786383,0.09333220224032591,0.9009519180525382,0.0006456702764005321,0.004055993692949037
291,0.001148963419281829,0.09850306633362989,0.8976861627208856,0.0006878806657909609,0.0019739268604116963
292,0.0014737028168448545,0.08325562950313328,0.9106893025172073,0.0006917444806412783,0.003889620682173364
293,0.0005652428464482888,0.07139882346286151,0.9256025782109946,0.0005860378966429183,0.0018473175830527576
294,0.0010364262099258,0.09894425901533922,0.8925271369416602,0.001859194888443464,0.00563298294463128
295,0.0016566767068959464,0.12783592086339868,0.8642506799763967,0.0019120216949946526,0.004344700758313887
296,0.0013809464206852283,0.06928720908869189,0.9251774311602435,0.0005787560245524392,0.0035756573058269626
297,0.001821697391278778,0.10789767806604718,0.8866592311192202,0.0007393195551898803,0.002882073868263849
298,0.0017253891350374928,0.06607796294012512,0.9242110139976154,0.0019789347872901466,0.006006699139931949
299,0.0015720669118073772,0.07199339900215722,0.9195381414159645,0.0026723314081041703,0.00422406126196674
300,0.007373420296681336,0.15950065430096297,0.8188707868871756,0.0036024229263701144,0.010652715588809928
301,0.04321057166099827,0.031011477565993293,0.03690895029354128,0.001797975051748972,0.8870710254277182
302,0.10005238856222713,0.33298990917000776,0.47196779490839735,0.004008485136461902,0.09098142222290574
303,0.07868680089762134,0.27967699181770395,0.41066105139970704,0.0051847747354990936,0.22579038114946864
304,0.2266334399306157,0.6039332250546217,0.10806048984134409,0.007982048702945495,0.053390796470473095
305,0.011686505093810976,0.42275588553897864,0.5563819537354174,0.003084417422783383,0.006091238209009561
306,0.028560900441196125,0.7446670686747436,0.21680718304515506,0.0031083837464916156,0.006856464092413464
307,0.02713954020213771,0.8650100461442026,0.09639968944781793,0.0035235700845148376,0.007927154121327069
308,0.095882048784781,0.4773810556225311,0.12005876276158742,0.007995260157239956,0.2986828726738606
309,0.029638772002592823,0.6689863066198725,0.29049442493816896,0.003817171265997039,0.007063325173368785
310,0.06641338724408476,0.5681164188369783,0.284846769740881,0.0063017612934924425,0.07432166288456339
311,0.06332551819498436,0.7609047328292157,0.1430694705228826,0.016437209083547892,0.01626306936936956
312,0.014220146689180748,0.6535107119459669,0.3130544342798466,0.014968789005099495,0.004245918079906182
313,0.05465814883416937,0.6068624538182219,0.25403656479163195,0.04562806287428069,0.03881476968169624
314,0.05002910200722166,0.7739200059136654,0.09498096210803215,0.0704585263070066,0.010611403664074152
315,0.02078672554883667,0.549557707199248,0.09129499693971746,0.33048397134230884,0.007876598969888949
316,0.08583342768665608,0.5773393462973764,0.005624416402326475,0.27866644227265813,0.05253636734098299
317,0.1274217944808276,0.46013027869126355,0.0022081112746797577,0.3655057021590395,0.04473411339418962
318,0.06850840486017816,0.6213411095201611,0.0036810087518508137,0.29529127177950326,0.011178205088306541
319,0.1982320744410784,0.44103104124629045,0.001333101388892866,0.2656952890841289,0.09370849383960944
320,0.09138205559206616,0.6012389899683834,0.003996493486777374,0.29319238346714344,0.010190077485629537
321,0.10893414893045653,0.471558005863206,0.0031187500815043952,0.18807439721679553,0.2283146979080376
322,0.16123173676623562,0.5406190516732102,0.000584158416851924,0.2812122927708308,0.01635276037287145
323,0.04232030255154984,0.5520490567038744,0.0037381501098183697,0.3818986720792818,0.019993818555475565
324,0.05778631056023556,0.24066060427915303,0.002030738008656559,0.6872372508133924,0.012285096338562448
325,0.0279266964586804,0.2158852304304135,0.0003023740139090983,0.7511854256407263,0.004700273456270596
326,0.019601807658690032,0.09479066660605566,5.013301819180955e-05,0.8820430161571481,0.0035143765599144187
327,0.11807874975575616,0.18637654944418516,0.0002513293095967347,0.5343117620329387,0.16098160945752318
328,0.15593211930838244,0.15864613068939473,0.00023219209401225904,0.6145392446646042,0.07065031324360631
329,0.32015824744062954,0.1381097373311972,0.00021668461843414282,0.4684537606677012,0.07306156994203791
330,0.20205340446868514,0.02975162650585782,5.082534828752336e-05,0.7566335174772193,0.011510626199950124
331,0.16596220479581905,0.10541319095316298,0.0002227601908605033,0.6038324949043654,0.12456934915579214
332,0.11355966297522399,0.06626981946860255,0.00024265611766854733,0.8108798160242129,0.009048045414291965
333,0.06983515887263238,0.11044344897742209,0.0002954671348210206,0.7982481629206608,0.021177762094463613
334,0.12580907743125544,0.2509574916321932,0.0007692205390122264,0.6076588597785567,0.01480535061898254
335,0.0650144753004879,0.31023982053150917,0.0007555328262404468,0.6008601804904693,0.02312999085129312
336,0.016975873114066415,0.06430087463120741,5.874743738854259e-05,0.9167076734794996,0.0019568313378379738
337,0.009704342199967414,0.04303102575242595,3.3792974383056036e-05,0.945751790906035,0.0014790481671885375
338,0.016188320574529354,0.03237101678593122,4.9639825877485646e-05,0.9467769972255109,0.0046140255881509905
339,0.008850488901277612,0.018096428202461143,1.0359662631459992e-05,0.9718607072006814,0.0011820160329482933
340,0.008007636168701343,0.008175468195857885,7.116833127188455e-06,0.9827331482865277,0.0010766305157858232
341,0.012710328725785603,0.012445186152467948,1.4840238012975999e-05,0.9726089797156195,0.0022206651681138693
342,0.010314764520346905,0.007447644848798389,7.488184522830875e-06,0.9805931775869259,0.0016369248594060783
343,0.008339176802926222,0.0040901609791837105,8.283813475458264e-06,0.9861371704230714,0.0014252079813432544
344,0.034746438303847466,0.02474307406519885,5.8999813513643665e-05,0.9246069954502897,0.01584449236715039
345,0.01926503957839111,0.012682086080933056,1.1648147163770664e-05,0.9647183932095291,0.003322832983982896
346,0.015796794027997326,0.013066997682670636,4.7933125577001404e-05,0.9669986766503463,0.0040895985134089185
347,0.009776045964179919,0.015170539768898594,4.5909082887065684e-05,0.9738907907457887,0.0011167144382457908
348,0.03006276386066758,0.016002617441616813,0.00011269006953245142,0.944593081371031,0.009228847257152013
349,0.021715185060169798,0.008897361386157088,4.2919178592166236e-05,0.9183484419442663,0.050996092430814634
350,0.014861249312147268,0.008907068405959234,2.327403517026298e-05,0.9745483752549987,0.001660032991724652
351,0.03625181168446124,0.009031591866309363,2.4638612884489877e-05,0.949322419391134,0.005369538445210925
352,0.026628807558980377,0.04623345675750094,0.00013183501282175124,0.92064248985444,0.006363410816257073
353,0.02564704105895303,0.021023881405813346,2.024055619128093e-05,0.9481640304202501,0.005144806558792161
354,0.017658590612043362,0.01874611878995799,2.016521964723494e-05,0.9510674066172868,0.012507718761064471
355,0.017105645777701524,0.0110409850578804,1.5365393779151237e-05,0.9651387325242925,0.006699271246346445
356,0.015371190797945931,0.018001977520333813,6.4080739523072545e-06,0.9647867569089681,0.0018336666987999694
357,0.04654759625313732,0.011228330166071075,5.876489214955525e-06,0.9390197858540038,0.0031984112375728502
358,0.08234928085049545,0.05355070871029588,7.793056027081673e-05,0.6841443228293907,0.17987775704954723
359,0.0690743216073333,0.07425991930120343,4.088877416996357e-05,0.8440742229147578,0.012550647402535526
360,0.1298681632255119,0.046925738898040595,0.0006702837846447442,0.3332984199277461,0.4892373941640566
361,0.3814112726117704,0.08812782245922601,0.0006674160260934024,0.3563259686410728,0.17346752026183737
362,0.19001946711015888,0.09270388367978154,0.0003071147549506923,0.7096998688975806,0.007269665557528457
363,0.22175688273890506,0.0725935022208332,0.0006385793415402681,0.3881811323030616,0.31682990339565975
364,0.3733956490565136,0.05144402903447471,0.00012691166557320718,0.5427160345129185,0.03231737573051997
365,0.2064290762009567,0.253901791856302,0.003027897050682814,0.41268969671204575,0.12395153818001284
366,0.3177754804738404,0.11719368853581659,0.0002950921429334575,0.5303002595322802,0.03443547931512947
367,0.19184188102285446,0.45267415904119235,0.005123428429213501,0.16662844908640057,0.18373208242033906
368,0.4309910413771038,0.20436230214707515,0.0004938537086593019,0.26668267041765176,0.09747013234950992
369,0.22222574166884052,0.3758166658692858,0.0043116479588098805,0.17783661495533742,0.2198093295477262
370,0.5054239099813292,0.1440887770995685,0.0001318329758493875,0.2746610329658351,0.0756944469774177
371,0.23500054946624194,0.42238402171492295,0.0030189090941224635,0.11796030021189997,0.22163621951281265
372,0.3864076147704833,0.2661564368367407,0.0007800220401331381,0.30531605434030873,0.04133987201233419
373,0.17548905916757468,0.6563188571434138,0.0018745955387950823,0.07588653845618538,0.09043094969403119
374,0.2889992932183048,0.3348987760253755,0.0009473465718671648,0.17056095208383287,0.20459363210061965
375,0.08029677886784943,0.7712313384942436,0.0020611462806165593,0.13631755619705926,0.010093180160231092
376,0.16382246327018432,0.48607364446178275,0.004387254688725401,0.14345881451375614,0.20225782306555126
377,0.16157310554137513,0.6067585573781512,0.0016295454439838914,0.1705095674552926,0.059529224181197084
