epoch,N1,N2,N3,R,W
0,0.006633826261366375,0.0004902466050423731,4.0676037784410346e-06,0.0005998505059882086,0.9922720090238245
1,0.011303885821694285,0.0002444883832925777,3.5172852216430977e-06,0.00032364373197965466,0.9881244647778118
2,0.0061812630455132635,0.00047929451520348383,1.833805329086292e-06,0.000324257395159141,0.993013351238795
3,0.0031262444234165772,0.0003473403895031651,2.4491823210780176e-06,8.976839188498746e-05,0.9964341976128743
4,0.0033145883907754977,0.00020585065398419938,4.76278523433772e-07,7.5914856053229e-05,0.9964031698206636
5,0.009075954392996367,0.00036733392137366764,7.184259697033179e-07,7.847946774077911e-05,0.9904775137919195
6,0.010135570606469448,0.0005021808774668884,1.5629921517907856e-06,0.0002329882646642143,0.9891276972592478
7,0.03410721981430159,0.0013976615003509845,1.5083563340484622e-06,0.00038980235708017437,0.9641038079719332
8,0.1938236287503104,0.0024227756435275445,1.254823983021303e-06,0.002947967066380848,0.8008043737157983
9,0.02087734776771863,0.000699975142670523,3.5333151070889106e-07,0.0011320833188843485,0.9772902404392158
10,0.3309700076751958,0.004136896982437808,2.972180975032041e-06,0.00832451374902988,0.6565656094123614
11,0.13734301474907476,0.0016208219887746014,3.9690533112861036e-06,0.005218334978969063,0.8558138592298703
12,0.39121045113291897,0.005347347413146213,4.408784619293323e-06,0.02207466082901739,0.5813631318402981
13,0.1783521487063143,0.011559056643339834,1.8458875455179492e-05,0.14002366639705885,0.6700466693778319
14,0.17993081637052358,0.03245451671224157,2.0065617691845954e-05,0.3605290151255064,0.42706558617403667
15,0.12517119810260996,0.01586866577031011,1.231842250456109e-05,0.45190567094277745,0.40704214676179795
16,0.23621521111821767,0.03284929374441889,2.884452963062834e-05,0.47124178361695246,0.25966486699078034
17,0.36818143687450466,0.038593025771784355,2.8083363997804797e-05,0.2022049346008173,0.3909925193888959
18,0.3393097667497351,0.016563532503469505,3.171803410485906e-05,0.10715406227169613,0.5369409204409944
19,0.4185678605281037,0.1681263027011776,0.0003229928858914169,0.13862855431585014,0.2743542895689771
20,0.4926729888729044,0.20565001288780996,0.0002596599969219392,0.1721557237942304,0.12926161444813333
21,0.2661279854774776,0.24601929817745413,0.0004446366515913438,0.11831756054386997,0.36909051914960683
22,0.10416641364932738,0.20728421528483343,0.0006144304109098844,0.09236248784219028,0.5955724528127391
23,0.11379475227766257,0.20191313550861162,0.0005601554775707798,0.09034267931149352,0.5933892774246615
24,0.2474815971363229,0.12189081572673033,0.0004202787911080372,0.089602005823929,0.5406053025219097
25,0.15863148117609707,0.24130724775495593,0.0005799766923324629,0.025279704595081432,0.574201589781533
26,0.1248449690500663,0.04209775140803597,0.00028272512935025837,0.0033066372061796405,0.8294679172063678
27,0.2802192167664961,0.3810846221140136,0.0011937074169335892,0.005113124552177791,0.3323893291503789
28,0.07201665352412706,0.7616254596368661,0.08126893053882069,0.0008356403722813145,0.08425331592790485
29,0.08581855204944772,0.7781579179190308,0.030706692762375545,0.0009487869873680728,0.10436805028177791
30,0.02286514074803959,0.8574541207706683,0.07413684032141225,0.00040826951320429927,0.0451356286466754
31,0.010146196623877675,0.8767403571485884,0.09469262107541303,0.00022579644352111106,0.01819502870859982
32,0.07738125571893253,0.5293962330035916,0.020121045849661998,0.00040062411158226733,0.37270084131623155
33,0.35786786995533754,0.5980946459290309,0.0035968134227327337,0.0014554939397208228,0.03898517675317791
34,0.042016876152293985,0.9362294037397061,0.005897074639685502,0.00021812071284593506,0.015638524755468387
35,0.0760591803306145,0.811860892313924,0.02240492122539304,7.905059330155652e-05,0.08959595553676707
36,0.2513044445785635,0.7067402104992179,0.0025997137774600005,0.0011670644367459398,0.03818856670801278
37,0.04146637291034148,0.926072240202992,0.01300547379253368,0.00037284596950668767,0.019083067124626353
38,0.028196963156941427,0.9224564562512935,0.014051884735131486,0.00014047887741316936,0.03515421697922027
39,0.03198375768526777,0.9524695624832018,0.007690874093916065,0.00028544531407083125,0.007570360423543371
40,0.03768764280706411,0.9199972189868338,0.00887686262881245,0.00020530236918240018,0.03323297320810745
41,0.0503422583852969,0.9235680677055618,0.009999396027007295,0.000532077420155543,0.015558200461978589
42,0.006885292624296584,0.7611451064160595,0.2147657892526747,0.00018897784375546787,0.017014833863213803
43,0.09171150459049784,0.8419905675027664,0.019426725742200127,0.0003143387238508788,0.046556863440684784
44,0.060989621414859245,0.8912086996583749,0.01396834848796435,0.00024600428511812233,0.0335873261536835
45,0.0259384792741902,0.9297346158048826,0.03707087696740304,0.00014076127334661316,0.007115266680177636
46,0.021390518293415903,0.8441159530478857,0.11658960927861686,9.024747547641488e-05,0.017813671904605182
47,0.028264235978502614,0.9585302462958154,0.00800760835330964,0.0004755871770282036,0.004722322195344104
48,0.01248525284940383,0.9134940576377095,0.05768374215680296,0.0008645484605680013,0.015472398895515766
49,0.029623924039289914,0.9229855705284186,0.017219981865864372,0.0016558700970785243,0.02851465346934858
50,0.029406317934088932,0.8614446540562527,0.015690099969760236,0.0005856039586920582,0.09287332408120594
51,0.01892996104536573,0.833614433560865,0.03055746884059593,0.00026693535397283557,0.11663120119920069
52,0.04055841909140562,0.7707236423002611,0.043609867406505194,0.0012586051663346384,0.14384946603549362
53,0.04296725321636128,0.47875014082033746,0.11327803628760723,0.0019298572776132717,0.3630747123980809
54,0.001083916990825128,0.0009182555760886297,8.854085745311566e-05,8.200016316760413e-05,0.9978272864124654
55,0.0323378478242889,0.000682303110948035,1.2419207083525703e-05,0.0001499567961095062,0.9668174730615701
56,0.02244903111167524,0.0013900055237384258,3.864434625687743e-05,0.00011355254497803029,0.9760087664733516
57,0.8245566823174193,0.0047363772228167815,4.382141288479302e-05,0.0010581953636968535,0.16960492368318222
58,0.27644314450497226,0.012393447060026146,3.1965042988157565e-05,0.0014894785320531026,0.7096419648599602
59,0.607682895973386,0.03677430874654489,3.9365347576250435e-05,0.006564230404684611,0.34893919952780816
60,0.4696092035883479,0.24481286132211497,0.00044912580773659656,0.04147338005060721,0.24365542923119332
61,0.41204828017443385,0.4679333897878315,0.00030536599048223897,0.03304172154011964,0.08667124250713293
62,0.3739954098801381,0.5020133944232931,0.0008101851046193754,0.01762171892743517,0.10555929166451439
63,0.05876203407216729,0.9146805489698815,0.0013644128366847744,0.010133343813794191,0.015059660307472118
64,0.03332204164995125,0.9520514631916464,0.0032655370752934973,0.002137283383631528,0.009223674699477125
65,0.18686801211289206,0.7051575814975731,0.0011772686214655966,0.009655569741079477,0.09714156802698985
66,0.05826648733105882,0.9242369964709128,0.0017009556415971258,0.005182297847499259,0.010613262708931875
67,0.20973153769963923,0.7485184319681829,0.002208281088539811,0.015008948939496513,0.024532800304141605
68,0.06841652396435856,0.9175378731002166,0.0031095914646335028,0.0038187979044750978,0.0071172135663164215
69,0.030741672865573517,0.9266749298907103,0.030972203762362652,0.0007125584645420217,0.010898635016811526
70,0.041006723544933864,0.9423374732327224,0.0029472370392784864,0.001611816839800459,0.012096749343264521
71,0.04375591196268639,0.9393874319293873,0.0032718697086056904,0.001720435887317871,0.011864350512002752
72,0.0582935967449569,0.9066411654039147,0.022397448017153505,0.0020309607366352967,0.010636829097339538
73,0.010545110700527629,0.8746240026044512,0.10558549595103073,0.0007706636702499727,0.008474727073740317
74,0.012558676766907596,0.8891900420609865,0.08670698330179726,0.002124034762816859,0.009420263107491703
75,0.009466110051194267,0.9217737927518936,0.0500870467355472,0.0015291302388253363,0.017143920222539487
76,0.1505852858706878,0.453915468353615,0.0023901254184346423,0.02884642706323145,0.36426269329403105
77,0.04832460121111423,0.8865257000698257,0.002702026675973538,0.008204906393317932,0.05424276564976867
78,0.6754222828046881,0.044337868730345245,0.0001066300132954731,0.10049404309085848,0.1796391753608127
79,0.7408400899236053,0.1967765609195883,0.00030182518539315897,0.022402253661173425,0.03967927031023972
80,0.22992197844991183,0.5745654796602029,0.0007230824198105593,0.1538186874402414,0.04097077202983339
81,0.29844514098857194,0.5389339094581298,0.0007163430358833744,0.09451569791628664,0.06738890860112814
82,0.2980661346607277,0.172760740035705,0.0005954059591127312,0.12502757030507472,0.4035501490393799
83,0.352350486129973,0.3885403055955255,0.0004298356602939526,0.083515660140517,0.1751637124736906
84,0.3542399296639006,0.1191773279032971,0.00018572333291026676,0.010719539506591063,0.5156774795933009
85,0.682467543041042,0.19256540832035834,0.0003658596976374283,0.01920511012060271,0.10539607882035976
86,0.3843987653367671,0.5046360140939125,0.0007729485676221588,0.03696929176389304,0.07322298023780528
87,0.07225500360226884,0.8851634276470268,0.0009879579228731065,0.015775604235199605,0.025818006592631636
88,0.03417259887114405,0.9200215737390203,0.0016076324887671566,0.03129217015763255,0.012906024743435933
89,0.13989674024515858,0.27526620219522313,0.00566578285947094,0.003704355886489102,0.5754669188136583
90,0.15608037616436934,0.8297652636386733,0.0018680464796756167,0.002993673379442877,0.009292640337838895
91,0.2827160774191096,0.6983918666563211,0.004964269918933523,0.0018506333892714054,0.012077152616364311
92,0.08191903124501895,0.9023307990068914,0.009480107818173196,0.0007775737119775221,0.00549248821793911
93,0.01624752185560724,0.9507901626039329,0.025350949681024224,0.003002477315430056,0.004608888544005351
94,0.03523895043871832,0.9416513293313147,0.01406229202085845,0.0030438201261093123,0.006003608082999248
95,0.028650712990262103,0.9302385669686755,0.03225086008349589,0.002131296005086323,0.006728563952480215
96,0.021125313023192187,0.9445060479657067,0.027613684229023997,0.0025411963324159102,0.0042137584496613175
97,0.012676748210170969,0.864537356502526,0.11645594294947394,0.0016187793106776046,0.004711173027151242
98,0.029187964370956467,0.9257935788727519,0.031631434703875694,0.0026227202609015203,0.010764301791514238
99,0.05353949701234431,0.9061358544151132,0.02981239486680428,0.003207886808723796,0.007304366897014408
100,0.020385758650082225,0.8083295354283258,0.16583334619584866,0.00118842860073574,0.004262931125007768
101,0.07372665955609871,0.8026125170605848,0.09736706901871961,0.0038525089474220784,0.022441245417174956
102,0.022214678391116682,0.7930468839873198,0.17255865173572668,0.0016590940086061564,0.010520691877230627
103,0.08440231686051979,0.6887926503499258,0.032069952823702196,0.001967592880159507,0.19276748708569263
104,0.07733256110326406,0.7141870890778803,0.027090859209854302,0.006963278112542424,0.17442621249645884
105,0.32003146479263217,0.08054793571807138,0.0008595281951786357,0.0021643344927287276,0.5963967368013892
106,0.24146303626809273,0.7197077417042369,0.014139027725566624,0.0009512090539462983,0.023738985248157315
107,0.07142701793691462,0.8362919182479749,0.07548187022976707,0.001089871075401535,0.015709322509941975
108,0.03757227131301945,0.907145867333964,0.031149609735753873,0.002137889282901033,0.021994362334361715
109,0.03638286309690143,0.9219258211101985,0.027608299619672552,0.005115824797430767,0.008967191375797073
110,0.012149725197476778,0.9354754170137646,0.03853897078680884,0.0043216048365876,0.009514282165362138
111,0.05154152891724025,0.8952107760368213,0.0348126870242591,0.007312326914649313,0.01112268110703009
112,0.17372615583957435,0.5395122024045697,0.01405013070449051,0.003215560423531946,0.2694959506278336
113,0.04029153141649492,0.8404005681892285,0.10483684612564091,0.0010964856140598302,0.013374568654575623
114,0.048387347435682085,0.7921798030932027,0.1428347201059954,0.0005237518261845833,0.01607437753893517
115,0.05499960395533485,0.7557735302545057,0.18371870556721234,0.0005458819798338299,0.004962278243113356
116,0.2516351647634171,0.4020872502607203,0.01239253309485614,0.003311112138801866,0.33057393974220456
117,0.02613987576134381,0.8156709996563407,0.14934671082077378,0.0007513325049602783,0.008091081256581327
118,0.016544463979591716,0.6773450211429808,0.29881531661547334,0.00024946862921918823,0.0070457296327349084
119,0.04177335204445189,0.7715945077910957,0.17913994334390015,0.0005014743153681203,0.00699072250518412
120,0.004698562335640513,0.5547852950725765,0.4379913419060886,0.00041278928219940246,0.0021120114034949697
121,0.0027253868300657833,0.4785199306840879,0.5172951892723717,0.0002054871399190293,0.001254006073555529
122,0.003574035202388793,0.3750860264685883,0.6198829364890391,0.0001344362034906381,0.0013225656364931327
123,0.002086127913267032,0.2367807093456657,0.7594355196796533,7.126949927290753e-05,0.0016263735621411316
124,0.000663691573463678,0.2747951685821361,0.7233920371835747,5.8204605269833854e-05,0.001090898055555524
125,0.00024094105320031218,0.046649762384766064,0.9525697993647384,1.087524320082691e-05,0.0005286219540944388
126,0.0003557207286979812,0.21974220615712267,0.7787824083337053,3.2548459868623644e-05,0.0010871163206054588
127,0.0003312732390150165,0.03746970545274647,0.9609846964063271,2.927339241309425e-05,0.0011850515094982217
128,0.00018472904991185464,0.0197229102486195,0.979639674579946,2.833039414699237e-05,0.00042435572737553715
129,0.00014816064304534198,0.012920194361886884,0.9866023586941766,1.6798507644261135e-05,0.0003124877932469492
130,0.0002548652320673448,0.028709949920182953,0.9702977964532206,2.623025197508807e-05,0.0007111581425541716
131,0.00044443255153133187,0.01159890816111015,0.9857683034313622,6.404071955862375e-05,0.002124315136437571
132,0.0005288634508600649,0.010649093838452063,0.9808903786207774,0.00015434468519657705,0.00777731940471409
133,0.0009373163736106018,0.018937205581935478,0.9758820226007521,5.936549941542692e-05,0.0041840899442865806
134,0.00036865694581868664,0.014254497248642606,0.9836316247840345,3.4483430245358805e-05,0.001710737591258866
135,0.0003889247999300751,0.0084252730667535,0.9903081789727584,1.4520090484929569e-05,0.0008631030700732572
136,0.00019120441796532998,0.012715337766204723,0.986477292201328,1.5792094760919815e-05,0.0006003735197410237
137,4.9087725755250134e-05,0.004949873973490005,0.994776306081756,2.6127580737885496e-06,0.00022211946092507903
138,9.574334198894867e-05,0.004067466319047202,0.9955927532821333,3.5306251074870548e-06,0.00024050643172319973
139,3.7704286229843325e-05,0.0038895721935365514,0.9959003910966358,1.7857916455064512e-06,0.00017054663195228986
140,8.344104646954145e-05,0.007598047466374393,0.9920658092811842,3.2476660368663757e-06,0.00024945453993516963
141,6.123846480354048e-05,0.003852169603676114,0.9958752220844955,3.1727757833501374e-06,0.00020819707124150163
142,0.00012658666518894167,0.008069832000043877,0.9913627907067254,4.6562619231697774e-06,0.00043613436611851313
143,7.429015342124157e-05,0.004192229405934587,0.9955169226980495,3.125778783908505e-06,0.0002134319638107165
144,7.431267581610803e-05,0.005055611807082902,0.9946262258720925,3.0312588092961236e-06,0.0002408183861993222
145,0.00018251206502973034,0.008647532703718758,0.9905425635206881,7.336267158294317e-06,0.0006200554434050563
146,7.056652838051884e-05,0.004497787552069246,0.9951982317546744,3.2997277287875693e-06,0.00023011443714734264
147,7.515807698003179e-05,0.004872156934871092,0.9948036696357963,3.7689335714068942e-06,0.0002452464187814091
148,5.547630589128029e-05,0.0030524132633093395,0.9966420796834875,3.961389798147894e-06,0.0002460693575137015
149,0.00013442634152801262,0.012240973855934074,0.9871875462233788,5.818528200590347e-06,0.0004312350509585595
150,7.10375775540511e-05,0.0067470929118317435,0.9929069472391403,3.458387511011922e-06,0.000271463883963034
151,0.0001260751277252966,0.00774097201062572,0.9917005049777868,7.605658309222355e-06,0.00042484222555304356
152,4.4984917968850464e-05,0.0037173930580411377,0.9960277344534878,3.72176746421578e-06,0.0002061658030377871
153,4.402124399214028e-05,0.003000381514396928,0.9967603801232598,2.5287486886098134e-06,0.0001926883696624264
154,4.038531665052941e-05,0.01477490299933504,0.9848314341123234,5.688734397108846e-06,0.0003475888372939581
155,0.00019060165632899366,0.00904040480827388,0.9902753771061894,1.2992084856735308e-05,0.00048062434435112853
156,5.924453153406595e-05,0.0045589038635159744,0.9951440090415568,1.117138179803596e-05,0.00022667118159519844
157,7.850482352411646e-05,0.0034799561450170767,0.996095583238678,2.6667304489573875e-05,0.0003192884882913804
158,3.6691651550039254e-05,0.0028999311178095916,0.996848457465622,3.851870289954674e-06,0.00021106789472843268
159,1.792844033827659e-05,0.002976086303420222,0.9968853924786039,2.102020721210065e-06,0.0001184907569164805
160,6.950274169925223e-05,0.004164302531666673,0.995488445609394,3.742182070654852e-06,0.00027400693516949835
161,6.140499752791525e-05,0.004061690881757282,0.9956206851273434,3.425287546491879e-06,0.0002527937058249589
162,3.320882071554061e-05,0.002575458781401161,0.9972379185300086,3.4129457253720865e-06,0.0001500009221493022
163,2.8755829074716247e-05,0.0023651951534086396,0.9974654674890918,1.8940067998326177e-06,0.00013868752162492028
164,3.0492421302389174e-05,0.00241420014222354,0.9972672998550689,3.6964276874428937e-06,0.00028431115371765913
165,6.031575342497347e-05,0.008523484814417085,0.9909248002834657,5.3748053780926286e-06,0.00048602434331409514
166,4.1447350348282874e-05,0.003613071768528492,0.9960507467563772,5.652099803296378e-06,0.0002890820249427057
167,3.730277472615581e-05,0.003328043907904735,0.9964514592884839,2.8329625350703715e-06,0.000180361066350266
168,4.550862961192126e-05,0.00418148096541605,0.9955834156529229,2.5528443579041677e-06,0.00018704190769129126
169,4.699650780485377e-05,0.0023589846018098283,0.997270559181076,9.031088304739267e-06,0.0003144286210046754
170,8.18509093094301e-05,0.004953478295742381,0.9946521656862304,1.1575664129472645e-05,0.0003009294445884959
171,3.977589287755111e-05,0.0033715067329160965,0.9963638962344621,8.347027931834214e-06,0.00021647411181237352
172,4.207903752521322e-05,0.0037893996250949863,0.9959299838606832,9.536143311713806e-06,0.00022900133338483588
173,5.2393982987081684e-05,0.009079688754315777,0.990415226215221,1.457315338427235e-05,0.0004381178940918834
174,2.1369081730180398e-05,0.0025144362121461102,0.9972357317684404,6.966884173517094e-06,0.00022149605350996115
175,2.180573606758528e-05,0.002955654964135876,0.9968223978623145,7.3624785947573265e-06,0.00019277895888725872
176,2.6972177707075853e-05,0.0036116462788384025,0.9961465796737872,1.0712325490345904e-05,0.0002040895441768285
177,7.212633142786843e-05,0.004491514665505188,0.9949220396840237,3.930831146882516e-05,0.00047501100757429325
178,8.979968412533021e-05,0.010326065654686406,0.988792790186298,1.798737709237922e-05,0.000773357097797859
179,0.00044020646883160007,0.01742644521616378,0.9813035040408481,3.350370134897033e-05,0.0007963405728076756
180,0.00029909640628006867,0.012190905233924436,0.9866230876607079,9.355229513777257e-05,0.0007933584039496079
181,0.0006616904997498932,0.028679925778057364,0.9677101051549374,0.00015699199548999693,0.0027912865717653057
182,0.0003455199005952739,0.028517329259349262,0.9700615255020513,9.216753842924783e-05,0.0009834577995750501
183,0.0003473468558451783,0.016716905155183086,0.9819467510080248,6.852902985175854e-05,0.0009204679510952814
184,0.2713498349034108,0.29194598893195484,0.2792807062541338,0.003036260092242337,0.1543872098182582
185,0.0930199354029816,0.3391251885615354,0.5271785626472619,0.0011460268883859443,0.039530286499835164
186,0.13071517908912095,0.6714605851005349,0.1589400652668434,0.003416677194583851,0.03546749334891694
187,0.030052215406880696,0.7304428427347607,0.22449808806031088,0.0012554005949793824,0.013751453203068472
188,0.016323280422128748,0.5758093769324268,0.3889326551755214,0.005736863598435367,0.013197823871487595
189,0.09569092323684508,0.752205838369073,0.04211838863444856,0.01935208949522506,0.09063276026440853
190,0.4669304049542858,0.4375816704331421,0.003301176328803293,0.07024433445258109,0.021942413831187533
191,0.10174879475061009,0.8367509861349782,0.0025271320683193706,0.05028832355827534,0.008684763487816978
192,0.03082590010529966,0.9549904882284797,0.0016316488568414989,0.009941111479743836,0.0026108513296352175
193,0.01464223883509407,0.9712735670488484,0.005017336337365844,0.006407679616865117,0.0026591781618265004
194,0.06420786491793783,0.8893109592037238,0.0011212727814712109,0.02974974949838956,0.01561015359847757
195,0.061330938959433,0.8320920983606908,0.001954435059936707,0.09888447757194781,0.005738050047991685
196,0.013856945372086737,0.9411528772763181,0.0035488915584445035,0.03981851114676307,0.0016227746463874978
197,0.15201444647683832,0.6608043174972098,0.0005546528238796872,0.16693485642101666,0.019691726781055616
198,0.0039857231401334535,0.9797526033798142,0.0031189625080672015,0.011634317262534187,0.0015083937094511498
199,0.06460467713017937,0.6831143220492015,0.0004038938227734832,0.23203018759247956,0.019846919405366127
200,0.15436004259682576,0.5243198612913902,0.00037045506396445136,0.3120820495843234,0.008867591463496256
201,0.032858244340815856,0.7983376967191288,0.0007120662559498271,0.16201455558086775,0.006077437103237674
202,0.05237247440394503,0.781146824134793,0.00036789373759415974,0.1624120090277288,0.003700798695939049
203,0.02057600141921477,0.8460910661943523,0.0008848179556990328,0.129932039132592,0.0025160752981418146
204,0.027306744427369085,0.24163078064041651,0.00029018818232223823,0.7223966493702394,0.008375637379652771
205,0.034668764070457984,0.4692165519424273,0.0035114628327787426,0.4821026262732823,0.010500594881053557
206,0.11545755124036973,0.20303487472627396,0.0035024434860918986,0.6476478351245345,0.03035729542272997
207,0.014689141939179,0.005296201157434293,4.111501641817353e-05,0.9766716141457971,0.0033019277411714034
208,0.01861970120748984,0.006552111626483586,5.927577097957512e-05,0.9691345375194009,0.00563437387564612
209,0.056478555628029586,0.007622737531349151,2.6451203455868887e-05,0.926512434187159,0.009359821450006325
210,0.035256858067657826,0.008063595346232317,2.773411407825362e-05,0.951493105811451,0.005158706660580563
211,0.014764665554612566,0.004840861978405202,1.5722941267307173e-05,0.9759463396458842,0.004432409879830757
212,0.012136805279248056,0.01166332760803099,3.767381660549163e-05,0.9650161881192844,0.011146005176831082
213,0.010925932339816846,0.002569373855167235,9.68724639382771e-06,0.9831906289166132,0.003304377642008942
214,0.008860761475924456,0.003043927411806052,1.8436216932216366e-05,0.9837292363416986,0.004347638553638762
215,0.002670093442807905,0.0017991899636116398,9.322932061354326e-06,0.9941918086503495,0.001329585011169744
216,0.005759755953594766,0.0024512180646031013,1.5286895775415309e-06,0.988472448038133,0.0033150492540916054
217,0.023156377184300456,0.00414210328988161,2.6007253551314037e-06,0.9635042083819574,0.009194710418505265
218,0.01952376277353319,0.0022959960013148374,4.983358957993704e-06,0.9752131437364729,0.0029621141297211454
219,0.039061689190483126,0.0058038771575494195,1.3482776311780709e-05,0.9512465744358249,0.0038743764398306564
220,0.06375591005952094,0.004438650472960062,1.5560524083771017e-05,0.9229997067280958,0.008790172215339382
221,0.019744946493103096,0.0037704995030967852,8.597149430872858e-06,0.9750672648930128,0.0014086919613564785
222,0.011892880084362777,0.0024331728916159173,5.989028493934351e-06,0.9834896372657141,0.0021783207298133192
223,0.012048858973908635,0.009803927986609146,1.5099996397689824e-05,0.9760724265947934,0.0020596864482911015
224,0.013488653028903565,0.004586899895931013,1.1105973029561995e-05,0.979090570898255,0.0028227702038807266
225,0.06957927158622454,0.015103849263964646,3.476026589997631e-05,0.9078397834956371,0.007442335388273573
226,0.04188188314830404,0.009317205220363486,2.942932185205969e-05,0.9372944571476174,0.011477025161862905
227,0.005421693575293242,0.0038374713961260363,2.0999187438722804e-05,0.9846510576469784,0.0060687781941636725
228,0.012275015674133347,0.004023884296040669,3.088017462420344e-05,0.9781960501813246,0.005474169673877257
229,0.02410741536284457,0.018040806160489822,8.966556264616762e-05,0.896596724864919,0.06116538804910031
230,0.08376470421760855,0.018676611738657204,1.8945547657523917e-05,0.8878618016124171,0.009677936883659675
231,0.13116617062707311,0.03904171814266283,4.6028424665468433e-05,0.7412769387207485,0.08846914408484997
232,0.6290576685885447,0.01668763622758878,8.503561004887841e-05,0.31976012651610963,0.03440953305770789
233,0.15620868941706514,0.012288842875599927,5.337188529054234e-05,0.8076574854317511,0.023791610390293313
234,0.382138348866952,0.016829483207270773,3.891640208564716e-05,0.5800423085300324,0.02095094299365918
235,0.07514926228571979,0.021616552468844197,4.254927337199209e-05,0.8938630073148116,0.00932862865725244
236,0.08146662877402974,0.033800193414955305,0.00011571337944872948,0.7836662427273289,0.10095122170423723
237,0.10440125129550296,0.04389457361974868,5.518259554798424e-05,0.815961972872469,0.03568701961673135
238,0.03902150406694187,0.00894156138883142,5.6707322813740214e-05,0.9439698710727336,0.008010356148679364
239,0.047354636909143974,0.008427602149131009,4.7656729157566905e-05,0.9346968163931194,0.009473287819447947
240,0.12342638967106126,0.02508846576686705,7.056442888808272e-05,0.83479892753594,0.016615652597243704
241,0.08006430972631834,0.018223226044760385,3.418999049725264e-05,0.8931276646517833,0.008550609586640676
242,0.22281559779241725,0.03961790816164241,6.715203048260877e-05,0.7222865736991329,0.015212768316324898
243,0.1619583108823706,0.14137251010333632,0.0001942845708625996,0.6914511204899053,0.0050237739535250675
244,0.15504734493395111,0.08598742935885946,0.00013677298837129454,0.7537684181342946,0.00506003458452341
245,0.06831442019842457,0.39530793187927177,0.0015812948137612223,0.5307789956037514,0.004017357504791014
246,0.10228717371354913,0.2166264761699546,0.0002568987928135799,0.676230719520907,0.004598731802775742
247,0.060234503082991254,0.7346758503262817,0.0009177278502818416,0.20136454751330446,0.0028073712271407206
248,0.00755951873770236,0.9405464670705134,0.0011975079727226696,0.04972056812636987,0.0009759380926917528
249,0.047662498035294,0.8078567876891581,0.0004789635385219838,0.14037721397749464,0.003624536759531261
250,0.018126661151465454,0.9592540932392932,0.0007696227257365318,0.019590062575559966,0.002259560307944949
251,0.00585036975490739,0.9829615793623911,0.0037206540598838317,0.0063755450859532955,0.0010918517368643792
252,0.010537247007998699,0.978244603907422,0.0006002261460747403,0.009631486681074119,0.0009864362574307011
253,0.01059251068890039,0.9835573214382327,0.0012598466280227736,0.002287110932560989,0.0023032103122832214
254,0.035295706187990085,0.9460441850047332,0.0010025132273096132,0.011866039194655979,0.005791556385311418
255,0.04398873494881165,0.9441366875511903,0.0004074164169985547,0.00861122343002269,0.002855937652976801
256,0.025470439371207576,0.9628895982940573,0.0018117047573191559,0.0009332816535696985,0.00889497592384611
257,0.06134932079196321,0.9315287375439788,0.000718751229247226,0.002107119274651384,0.004296071160159263
258,0.04810630003251989,0.9422304072401865,0.000812297219761405,0.0012925972455543051,0.007558398261977839
259,0.020460848388201447,0.9706218584404722,0.004178773936080765,0.00042670033340902415,0.004311818901836842
260,0.018902221697876725,0.97362256803064,0.004734338049090342,0.0007832507147141276,0.0019576215076789307
261,0.023287386495153453,0.9335952548271829,0.016435248312316183,0.0009504552968775118,0.025731655068470298
262,0.03900213505716506,0.9512455696397429,0.0040019427413536795,0.0016136852813865114,0.0041366672803516994
263,0.04054131091737669,0.95177426286015,0.0013879692677158776,0.002292288465885891,0.0040041684888715585
264,0.11184351418672231,0.8626769451018744,0.0017913104390452665,0.001839958087292091,0.02184827218506576
265,0.011863088155925298,0.9789956483339931,0.005244343813439479,0.0013998446851420084,0.0024970750115000267
266,0.015275750941608952,0.9733925764745139,0.006103259029345142,0.0010428979075400766,0.0041855156469918315
267,0.08582533463125154,0.8467473652017607,0.003589284381432704,0.0013623860209369485,0.06247562976461805
268,0.08688480466628795,0.9056620400618878,0.0014753998798693433,0.0032295564950125563,0.002748198896942287
269,0.07197331410949569,0.9173241751449018,0.0019032819868631495,0.001913968257595857,0.006885260501143476
270,0.09179092339500676,0.8994144717416337,0.002373321573455858,0.0037722090596087297,0.0026490742302947602
271,0.006373468489859772,0.9567001720123698,0.03198933576834932,0.004027070818992833,0.0009099529104282601
272,0.0149657755454925,0.9490085501097928,0.023426353185391387,0.01064790227864137,0.001951418880681876
273,0.0178759902901478,0.9372955478678269,0.031016159960497943,0.012191126144999408,0.001621175736527787
274,0.021865921201243685,0.9074868826038329,0.04651964602328483,0.02168134692934204,0.00244620324229665
275,0.0039488353619995115,0.937389905775144,0.051579592046066096,0.005371034572387715,0.0017106322444027117
276,0.013467022082049978,0.9453006080481362,0.020960253789113106,0.01865326132186436,0.0016188547588363393
277,0.022100951550539163,0.9234023765933258,0.010649914705401197,0.04097505051769802,0.0028717066330356355
278,0.016585233439631544,0.9529079749551539,0.013563408843152953,0.013167293310417723,0.003776089451644031
279,0.0115627999390107,0.9605032730231529,0.016913169610427246,0.008388777922115525,0.0026319795052938224
280,0.018958354907254095,0.9309317357780434,0.02733821241939259,0.019451670199597787,0.003320026695712172
281,0.010850870897755367,0.9490093797834066,0.03135468877877688,0.0059240190330922,0.0028610415069687434
282,0.07140931216817505,0.19752994623796324,0.0192858970159376,0.004175278179911557,0.7075995663980125
283,0.13558357082110475,0.8515759228474346,0.0022030021688730105,0.005093043856055476,0.005544460306532231
284,0.07734077638876034,0.8893685063883625,0.007885496962066883,0.0017854255602084282,0.023619794700601764
285,0.10526507438674958,0.8838691826580813,0.005878662196227443,0.002223270642400266,0.002763810116541394
286,0.013419818824394776,0.9816635068721068,0.0015260695907408773,0.0023914095550997016,0.000999195157657841
287,0.010017603410255286,0.9798111547829297,0.005912059874439272,0.002913861355699482,0.0013453205766762709
288,0.005293654656821389,0.9531024567204941,0.03736322172298007,0.003199218862550953,0.0010414480371534211
289,0.008410568278321944,0.951353949434218,0.034724052789391356,0.004299312588114128,0.0012121169099545209
290,0.011787801760242425,0.817003788198225,0.1651258405753032,0.004610140572497956,0.0014724288937313576
291,0.006993232984308645,0.9203217274677715,0.06733770248154107,0.003920521117490542,0.0014268159488883543
292,0.0019681396428266455,0.7988925839132492,0.19595832850290235,0.0018160491159629351,0.0013648988250587904
293,0.004210006588506592,0.7949277672602028,0.19560373737062728,0.003432801984051082,0.0018256867966123063
294,0.007421175997157037,0.793415913877289,0.19116028246315975,0.005448850944729208,0.0025537767176650903
295,0.004101785410017677,0.852192507651654,0.13842475064287174,0.0027157977376880576,0.0025651585577686317
296,0.009813687854461005,0.8173082402086655,0.1671133537632751,0.0027090216378340116,0.00305569653576434
297,0.004609479287341279,0.8427224650105658,0.14825830239413798,0.0026553237470835836,0.0017544295608715593
298,0.004174276424321165,0.7219078433973096,0.2709566244714037,0.001539486385706067,0.0014217693212594687
299,0.003976060933477891,0.5953180611690141,0.3987407446158921,0.0008609871919909368,0.0011041460896251346
300,0.004920550322423144,0.5958008878667799,0.3964294476493007,0.0008673836652372754,0.0019817304962589065
301,0.007669689792527056,0.8654523291504709,0.12155006689040983,0.0013706417654570438,0.00395727240113517
302,0.0035026271919348264,0.5880934535868743,0.4067300562825925,0.0005518622956960052,0.0011220006429025493
303,0.0024880256617183486,0.718290194548226,0.27672931991475264,0.0007198110251971105,0.0017726488501060914
304,0.0012820673689133324,0.5108599152946465,0.4869095378051927,0.00021140583076457203,0.0007370737004829619
305,0.0029868862015018853,0.6859354170249186,0.30792886496742305,0.0008785554710255527,0.0022702763351309923
306,0.0013381194046087992,0.41516423787265555,0.5822382711218749,0.0003476592648119314,0.0009117123360487589
307,0.0027788680899568175,0.5945448109899015,0.40079543049660044,0.0003672437997332499,0.00151364662380801
308,0.0020616615026293294,0.5456367879138686,0.45092141360260324,0.0003146294140892389,0.0010655075668094753
309,0.0022751475607578724,0.5880223768408342,0.4071477438709932,0.0005743461160262252,0.0019803856113886353
310,0.001077570014769047,0.17795881572803018,0.8201956867458504,0.00019422821709029866,0.0005736992942599223
311,0.0010023730416750022,0.2698107693937537,0.7279483870790893,0.0002452110863296691,0.0009932593991523145
312,0.0013857712729884377,0.33456291409827155,0.6620997064278498,0.0003942004149731293,0.001557407785917041
313,0.0014340970826196063,0.14991940670306664,0.8468388924074874,0.0003288772428487639,0.0014787265639775627
314,0.0008278618090116493,0.25347661657200227,0.7448956126229097,9.15389939474696e-05,0.0007083700021288299
315,0.0023708439298365555,0.5768541459610302,0.41850141208682773,0.0003498627061723426,0.0019237353161330871
316,0.0005206862422167691,0.12538751050289693,0.8733343220291733,0.00010978923528849184,0.0006476919904246281
317,0.0007863599522103605,0.31391857360338055,0.6838658338381995,0.00015133613252887748,0.0012778964736805474
318,0.00044175462667281915,0.20785498814731299,0.7909268648100106,8.52303693548642e-05,0.0006911620466486602
319,0.0004074011265757374,0.08341402105352348,0.9152510197353521,6.897087561987335e-05,0.00085858720892891
320,0.00025180956669017653,0.09114964405703681,0.9078994645595457,6.850223777292238e-05,0.0006305795789545138
321,0.00035268075083904704,0.08983275966023432,0.909074743971623,8.124903456167478e-05,0.0006585665827419835
322,0.0005113281488280707,0.07238263360163394,0.9262797945130086,8.810780246090987e-05,0.0007381359340686101
323,0.00032919779542218015,0.071121032730837,0.9276640821036987,0.00011645365129451378,0.0007692337187475591
324,0.0003839092640629185,0.060635977417900194,0.9382919086612423,0.0001780576383856122,0.0005101470184088767
325,0.0003960547896563719,0.06730872925733375,0.9314686972247002,0.00012640185527779444,0.0007001168730319101
326,0.0010831163339144504,0.16304587597436349,0.8343646963687598,0.00023767317719682268,0.0012686381457655271
327,0.0024021721838343437,0.2974244661524584,0.6969461156366531,0.0005481906550409578,0.0026790553720131044
328,0.0027076268637261313,0.36554323902889546,0.6264735647673106,0.000804304607166901,0.004471264732900887
329,0.006162103509639495,0.8100635988392332,0.1760715196087888,0.003966990479107556,0.0037357875632310143
330,0.009655541596650611,0.8804198853919765,0.10087154796767972,0.005869161083683616,0.0031838639600095414
331,0.006500288864914113,0.8127940250396274,0.177216009387034,0.0013710763523966532,0.0021186003560278045
332,0.006410881962336388,0.8294624947199245,0.16122306350642296,0.001259478094174856,0.0016440817171411474
333,0.0011889368827117648,0.5860943071262403,0.4115165307488518,0.00038213736469394085,0.0008180878775022347
334,0.00456924280862294,0.7479430522159942,0.24297402302830057,0.0022538039288473024,0.0022598780182349456
335,0.00957057065918469,0.7263306242173445,0.25937980527448534,0.0018074041829117076,0.002911595666073757
336,0.007152234442414833,0.7898661160340544,0.19896671323402326,0.0019051448472633683,0.0021097914422441946
337,0.004656179126909137,0.6347735813772095,0.3576276215602326,0.0015861970950357413,0.0013564208406128913
338,0.003351589287531383,0.4784874217260707,0.5159422684887327,0.0010219013736096343,0.0011968191240555029
339,0.00526047016890139,0.7366321542245793,0.2523258258897931,0.0031349448280718157,0.002646604888654312
340,0.002275870018855104,0.5689303572551623,0.4237373696319602,0.0026662724268780996,0.002390130667144296
341,0.00642505015598204,0.8306430255481166,0.1471256701655928,0.011171454032739602,0.004634800097569042
342,0.007844664479242643,0.8985886501776439,0.08314518253039417,0.008022394929172756,0.002399107883546605
343,0.004754000856508092,0.8375380046076826,0.1420032225611087,0.013414561414915503,0.0022902105597852876
344,0.03220714638749319,0.9005488310154912,0.03843355552323553,0.007930258987770996,0.02088020808600905
345,0.17875711579574732,0.5895303773891971,0.007889054247869514,0.2155146456602822,0.00830880690690389
346,0.039080934917017675,0.8478995796004579,0.0027244028105930115,0.10784355860112234,0.0024515240708089703
347,0.1315483824094216,0.6764416131143451,0.022926662877466395,0.05859723728062022,0.11048610431814651
348,0.18949698597329825,0.5770459384986114,0.0007876060098800877,0.22324689802080802,0.009422571497402285
349,0.130389349320829,0.7424012250083925,0.0026089479556853294,0.114599216674959,0.010001261040134197
350,0.0680601156005084,0.8697838358659155,0.0020932336704898506,0.05103600011240273,0.00902681475068355
351,0.12568831256283633,0.7029922828354731,0.007498421283303721,0.011511047220119402,0.15230993609826757
352,0.3265408433266326,0.5989602532165873,0.0008647207276714947,0.06190191264342594,0.01173227008568264
353,0.2488040713369898,0.719180000546726,0.0005817226208311771,0.021044892185074996,0.010389313310377927
354,0.14654853753992036,0.8457349880388826,0.0007810312453403135,0.004903147256468114,0.002032295919388628
355,0.016753761007278368,0.9794424392944773,0.0006167007659330727,0.0022185464974669327,0.0009685524348443932
356,0.0021448598430530287,0.9847569502690645,0.011123048062562983,0.0014970459974010823,0.0004780958279185126
357,0.003961689011688235,0.9892410856868428,0.0014603151398052358,0.0043573555957448235,0.0009795545659190498
358,0.004164727868669079,0.9853613803728564,0.0014429482947139122,0.008391011086311049,0.0006399323774495604
359,0.00186126189972012,0.9812039379115458,0.011879660135877455,0.0044898168549408375,0.0005653231979160186
360,0.0036595110322152047,0.9875805684705028,0.004054461351064117,0.004371754234716236,0.0003337049115018933
361,0.005347392251682623,0.9863488623849583,0.004528710889599447,0.003059294321886152,0.0007157401518732291
362,0.0025623080212439837,0.9882028909034697,0.006318194007977811,0.0025568677696320994,0.00035973929767644266
363,0.0023532957589025294,0.9850232368265353,0.01010135951212919,0.0021638014348063263,0.0003583064676265707
364,0.004683327284631861,0.9835252955498285,0.006622548182201215,0.004324197463880825,0.0008446315194578988
365,0.0023676848346517896,0.912102409573836,0.07996675650680385,0.004861853961227711,0.000701295123480745
366,0.003974553037766027,0.9545536557446469,0.035049092835330205,0.005326631747793863,0.0010960666344631467
367,0.0025434583122121907,0.9164363832653423,0.0713747818479849,0.008643390404068552,0.0010019861703921733
368,0.006880531018176719,0.8292838051632733,0.14259280119717152,0.01787622029806395,0.0033666423233145574
369,0.008994758909400425,0.733507842166671,0.21093803326478835,0.04323781174276718,0.0033215539163729438
370,0.015132922914104572,0.7312180446885153,0.1744783396016793,0.06807621839715348,0.011094474398547348
371,0.014805418847398548,0.768541675376057,0.06939891602670956,0.13854521875684944,0.008708770992985468
372,0.07824437883167373,0.05851151992305811,0.0003028873751031731,0.11172805046909522,0.7512131634010697
