epoch,N1,N2,N3,R,W
0,0.002280149186443988,4.212465985913913e-05,6.160526054532607e-07,3.0122884031633962e-05,0.9976469872170598
1,0.0015411116648528912,4.883698575272721e-05,5.15809478549445e-07,2.3712209991968132e-05,0.9983858233299239
2,0.0022695069446637206,7.280639678223957e-05,5.231897258096105e-07,1.919626094438013e-05,0.9976379672078838
3,0.048663446234695415,0.00029200808567800225,2.3153748376646295e-06,5.005516392551872e-05,0.9509921751408633
4,0.011115183082108786,0.00013868973775845765,2.0440270502224773e-06,2.8348417658391213e-05,0.9887157347354241
5,0.019465043393386484,0.000198352537579752,2.662580702443593e-06,6.343894276837862e-05,0.980270502545563
6,0.24067216033242797,0.0027442856081534646,2.6889225831622004e-05,0.0005711912292629188,0.755985473604324
7,0.09804921276164379,0.026189928500004053,2.5252860132461866e-05,0.0009340008591049848,0.8748016050191147
8,0.025927900574554387,0.0045514230154269095,9.929788404404513e-06,0.0008109411310708536,0.9686998054905434
9,0.0019549892884133616,0.0003356916417872255,5.288544492850029e-06,8.577467664916008e-05,0.9976182558486573
10,0.03095859213178408,0.002505666755015708,7.0712785776629185e-06,0.00037069725531819645,0.9661579725793042
11,0.003944187377604725,0.00021575599939232962,3.169498701878735e-06,6.647369189981576e-05,0.9957704134324012
12,0.05426208956534718,0.005207609148848661,5.636405771323043e-06,0.00041647783128854766,0.9401081870487443
13,0.0034397671998941982,0.0006305486129261614,2.01297698472892e-06,4.587155384168344e-05,0.9958817996563533
14,0.006099530879635048,0.0007665071132030689,4.482005524664682e-06,4.943632916376243e-05,0.9930800436724735
15,0.12193945206962588,0.0068489362310321916,1.0307473619745261e-05,0.0005614368628933491,0.8706398673628287
16,0.20600737559049878,0.2644929630878953,8.174125226794189e-05,0.0012084260887533335,0.5282094939805847
17,0.13111108935259985,0.5662155915510567,0.0006980764988946109,0.0008682154067188986,0.30110702719073007
18,0.19692706251230127,0.42573054555274226,0.0011358909101660613,0.018167178285693038,0.35803932273909744
19,0.07714407367261958,0.012084368882398694,0.00016429479108944248,0.0038781240007337873,0.9067291386531584
20,0.20934095001764744,0.5344938866165705,0.00041212307760100594,0.01111053292343941,0.24464250736474166
21,0.3531764745420647,0.3639780575187953,0.001037692529960179,0.018140692608130074,0.2636670828010497
22,0.16490958531942376,0.65149807438525,0.001115100740706293,0.008186488747423684,0.1742907508071962
23,0.009105672106247477,0.008560384032604867,0.0001447447935966072,0.0005134669217515592,0.9816757321457995
24,0.1313274328134743,0.026541747317403077,7.735727965155968e-05,0.00400731959055795,0.8380461429989131
25,0.0839180611022936,0.272539516386198,0.0014337782427427984,0.003182023305513961,0.6389266209632517
26,0.1666581499973631,0.6210456505954897,0.001017984970872944,0.0015430460518730572,0.20973516838440132
27,0.20441015922707376,0.08418765491139336,0.0002457847960064465,0.0026873273047614142,0.7084690737607651
28,0.23104907733690686,0.095558301204106,7.74359959819318e-05,0.0028156624178126916,0.6704995230451924
29,0.14325953691588802,0.7914233791455065,0.0005256586766623871,0.0007947840591651786,0.06399664120277775
30,0.18087050753801096,0.7690903655122039,0.0013292601934786917,0.0002603030610248481,0.048449563695281674
31,0.043138797745454316,0.9192602962061022,0.008244703661865749,0.0003272895605263097,0.029028912826051387
32,0.05143523225725964,0.9388302298995401,0.0008368115549749797,0.0013128739165179032,0.007584852371707337
33,0.04855215353641287,0.9215036648338826,0.0007812546708350584,0.0002848504094614386,0.028878076549408174
34,0.013289340364215129,0.9638736377699667,0.019571285297524683,0.00010890943790568986,0.003156827130387899
35,0.045768957640759625,0.9483900749011449,0.0013691999249992718,0.0003737303544778596,0.004098037178618195
36,0.021331537992187514,0.9088281049794824,0.06485511280738268,0.00012981068726996463,0.004855433533677438
37,0.02173726115864761,0.9396662889565939,0.03274971591415087,0.0003365960955996319,0.0055101378750081155
38,0.019031643843452628,0.9570707161014825,0.020372554667051013,0.0005293719668849151,0.002995713421128714
39,0.007882736140724664,0.9543102283959749,0.03259968412216235,0.00043228695069058874,0.00477506439044739
40,0.15474625622998775,0.5731909187832778,0.006246431079068515,0.0003085641775509686,0.265507829730115
41,0.050860407422265365,0.9287485865429984,0.014419153157670936,0.00016407059135796587,0.00580778228570717
42,0.014143204597702259,0.9656161663371103,0.01688084730604526,5.893863481136381e-05,0.0033008431243307535
43,0.011339515425526098,0.7837693026584307,0.20089201861325212,6.945474445739259e-05,0.003929708558333766
44,0.009180892999932178,0.9463748733371994,0.04157307587650414,0.000328796028492945,0.002542361757871242
45,0.007227762380112372,0.9436863033051172,0.0463507114530819,0.00037989131615632647,0.002355331545532343
46,0.0034921626725786087,0.8982523717118837,0.09560082913294685,0.00019973166868454985,0.0024549048139065784
47,0.0021482374038312795,0.7202459624190366,0.27495861525671306,6.847610878097434e-05,0.0025787088116380557
48,0.0064650341904374424,0.9046649434902189,0.08622978851001516,0.00010888853525555175,0.0025313452740731135
49,0.0010958172098716856,0.46333996941460015,0.5344646007845297,2.736389405888209e-05,0.001072248696939635
50,0.000990412952800837,0.49453730022458114,0.5031519812770107,4.844960749765969e-05,0.0012718559381097
51,0.0013864572218472932,0.4850620765953866,0.5118580202667877,4.668345888524258e-05,0.0016467624570930925
52,0.0010597392088893042,0.43889210338060514,0.5580551216149979,2.843921507381025e-05,0.001964596580433788
53,0.002304372341405377,0.722208073031206,0.2719963882299476,4.2304599402866026e-05,0.003448861798038215
54,0.0010762655448092265,0.42268434970826907,0.574240807241021,1.6768970490300644e-05,0.0019818085354103747
55,0.001495714941906877,0.5670545702045631,0.4278093275350081,2.6845669188053713e-05,0.0036135416493338996
56,0.000508816697991846,0.2561801876687771,0.7412398541931463,1.9409532723348578e-05,0.0020517319073612944
57,0.013411291856166158,0.37853903264941885,0.5968924051939032,6.494152884824029e-05,0.01109232877166366
58,0.0030201445998849583,0.2398783356529948,0.7406913297896214,5.055389129230455e-05,0.016359636066206575
59,0.0045807095251982925,0.15538684346645418,0.8244008378077552,0.00015735200863551484,0.015474257191956832
60,0.005773644051098022,0.17682141188015005,0.7986842379769242,6.05055852023161e-05,0.01866020050662547
61,0.06238155616443783,0.46752861391786416,0.4220947774917855,0.00016920299960565885,0.047825849426307035
62,0.004452491860255609,0.34577316120813434,0.6406876682807756,3.985965836497042e-05,0.00904681899246937
63,0.0038998259650042983,0.3987513064530987,0.5846379405720833,6.164364011228423e-05,0.012649283369701423
64,0.0027651202973249596,0.45339890242972647,0.5388891418385798,8.463354635090411e-05,0.00486220188801781
65,0.008073797825897679,0.48779471248202716,0.48954381315947865,0.000339819410572797,0.01424785712202384
66,0.001130450802329467,0.38745798978957524,0.6061838995199159,0.0002882174324653173,0.004939442455713977
67,0.0003103373068456071,0.0951590252786925,0.9018543738136954,6.68849026506249e-05,0.0026093786981159816
68,0.0014391841231368632,0.21909829159243507,0.768342469604008,0.00019394706029273628,0.010926107620127249
69,0.003667348104976676,0.19657478369451248,0.7550409197873623,0.0003303031240397435,0.04438664528910882
70,0.0009876349002092178,0.002320437143393394,0.0006990037433102332,8.070297512722544e-05,0.9959122212379599
71,0.029081903074584893,0.03432840508425153,0.0002541239511095468,0.00034656810171890555,0.935988999788335
72,0.0729543584041911,0.09887537702326436,0.0017600636801290068,0.00020297324725314836,0.8262072276451625
73,0.08575192825401963,0.03769294595018568,0.00038790032969912157,0.00018126827377587727,0.8759859571923198
74,0.0617574269165942,0.8516884524763342,0.0022503701910337468,0.00020353376723040742,0.08410021664880761
75,0.06724954951338832,0.8861019800597618,0.00418895125311597,0.00017536020489657562,0.04228415896883731
76,0.06327603660245237,0.9240594675832589,0.004028034796553148,0.00047341998291136123,0.008163041034824379
77,0.026330480233896388,0.9326215908391103,0.0327670180779216,0.000627378083758383,0.007653532765313183
78,0.007591327209855054,0.9047953973947731,0.08377027304290646,0.00029351231030918645,0.0035494900421563095
79,0.004180420944041172,0.821982962124567,0.1690740116011748,0.00042568586415427524,0.004336919466062849
80,0.008906674836483459,0.8188062785131149,0.16802033125711702,0.000524061163783253,0.0037426542295013435
81,0.0067643251291471295,0.8112201128563905,0.17727270093882047,0.00034300261165219793,0.004399858463989738
82,0.006619904660042598,0.725189752334344,0.2600729451674925,0.0002905038817393164,0.007826893956381815
83,0.03527503358824362,0.7606456396082656,0.18619551547725516,0.001136808293210068,0.016747003033025627
84,0.0084994911241353,0.5257293237416178,0.4580899484744119,0.0004485194289551357,0.007232717230879866
85,0.011345065193080999,0.7176742972486603,0.26392445602431236,0.0006004326146983372,0.006455748919248168
86,0.009327939375440982,0.7407843710906077,0.2405279845686839,0.0004694980303832837,0.00889020693488419
87,0.01359742520600817,0.5790259319552836,0.378021469750858,0.0006220046901123236,0.02873316839773785
88,0.03251901514506522,0.7427900375901527,0.14216486681793764,0.00184516936102356,0.08068091108582097
89,0.030363879679329492,0.7822604678428187,0.14961969634456043,0.0017159086818720733,0.03604004745141934
90,0.020414215538717743,0.4299130095464792,0.4399673047571982,0.0013070151792646688,0.10839845497834015
91,0.01879946695259622,0.3467532751984252,0.5380556062233129,0.0008332514788082763,0.09555840014685732
92,0.030864145560185543,0.4132986555247956,0.32116535370255367,0.002286662923989973,0.23238518228847513
93,0.009995849554000309,0.009819104320747212,0.0033715411847167003,0.0003802159988799249,0.9764332889416559
94,0.02924210102490955,0.009577371535307194,0.0008476033475049642,9.978681490876843e-05,0.9602331372773696
95,0.4156089425516262,0.31255377409687235,0.0032466085187957314,0.0003909976751332969,0.26819967715757226
96,0.23905588072749545,0.6917628726142409,0.014958721986744715,0.0003931229981948893,0.05382940167332402
97,0.024361894790834476,0.9516284440517018,0.013410784372017403,0.00029999724119902325,0.010298879544247252
98,0.028310246806055844,0.9565425564699973,0.005846182980310124,0.000982209099075538,0.00831880464456125
99,0.034391435302784414,0.909704079971832,0.0408562210546315,0.0011150993610744985,0.013933164309677467
100,0.010896293759848682,0.9530569675239872,0.03058870516142644,0.0009213323295324295,0.004536701225205248
101,0.012368480807034357,0.9384286171835586,0.04476222241372808,0.0009042275592042945,0.0035364520364747137
102,0.0027570526018532494,0.687971043063444,0.30605719964995803,0.00010731222611006949,0.003107392458634575
103,0.0018241373477266272,0.9106401523737392,0.08391473314280043,8.162915764919355e-05,0.0035393479780842733
104,0.012949942943871534,0.6789892456397308,0.2980177322902732,0.0006140626689221502,0.009429016457202264
105,0.016827074330096448,0.6835574022079408,0.29059877992948224,0.0004997634503670954,0.008516980082113552
106,0.01791556074231204,0.43120974074861124,0.5417863654367091,0.0005910369506847897,0.00849729612168294
107,0.03361264331078549,0.5396686186051108,0.3860765271913834,0.0009433375500827273,0.03969887334263765
108,0.052715091605613336,0.4326743982856073,0.3228929482188673,0.006123618822282533,0.1855939430676294
109,0.1487531622772647,0.5217534856069753,0.11510114771856893,0.012196418787844474,0.2021957856093465
110,0.02957484211755361,0.8944078567143847,0.05435921491036464,0.004841739076623741,0.016816347181073128
111,0.06383454359552854,0.7955505428829952,0.12670676589926833,0.0014078003988329522,0.01250034722337501
112,0.1852972647312275,0.45921605065269794,0.015899536870219437,0.004673064963579423,0.33491408278227563
113,0.03215464118777054,0.9179935068347491,0.032412802280496616,0.001971947698271767,0.015467101998711796
114,0.05856251061417637,0.8896723630251749,0.009488389726490498,0.0019207325883634084,0.04035600404579479
115,0.0963188845341656,0.8038746771842202,0.05472505905185603,0.0011536179211368842,0.04392776130862132
116,0.03449144895041675,0.8841879552076185,0.07022892295487157,0.0005822297057993536,0.010509443181293762
117,0.027491137920029534,0.8561257287326072,0.10726465952545483,0.0007331986206835442,0.008385275201225064
118,0.018025653013409446,0.776573294422112,0.1953965469966196,0.0008132654110268878,0.009191240156832245
119,0.02210655662777931,0.8416631006281201,0.12286757516649362,0.001198598936206516,0.01216416864140058
120,0.011259674114793759,0.8146866958311044,0.1685812856408664,0.00046953712299150843,0.005002807290243896
121,0.00835919502350731,0.7667402558235806,0.21856538842353013,0.0005829321329576343,0.00575222859642448
122,0.012839812534094604,0.6460927777411277,0.32459370162946377,0.0014392376619996453,0.015034470433314389
123,0.00751451765628628,0.6289781301651142,0.3511219458437546,0.0008488425111530188,0.0115365638236918
124,0.008507994345424931,0.4751674922126519,0.4992763078087826,0.0015431107697670956,0.015505094863373358
125,0.011369007324953986,0.5140012619158515,0.45442517642619185,0.0010466574642974604,0.019157896868705143
126,0.016178031967790423,0.791671479983542,0.1734273631555309,0.0017495857070575554,0.016973539186079096
127,0.0050436505231048374,0.334198056845332,0.6501132063129498,0.000622736287755612,0.010022350030857729
128,0.005522349528539136,0.58964941723152,0.39818594390801004,0.0009555091789038558,0.005686780153027173
129,0.015777309763924295,0.3040433950257283,0.6022343814162411,0.004981832522877463,0.07296308127122875
130,0.02915972496179307,0.5538467231520987,0.38167225368527075,0.008168970164276763,0.027152328036560685
131,0.008291112265590093,0.793334128340754,0.1887757727607257,0.0013432329832029767,0.008255753649727315
132,0.03372712492851177,0.5285907077060854,0.40155315721713153,0.007036969263996814,0.029092040884274622
133,0.06715419389640731,0.7227250040679404,0.15302916090800114,0.009573713379152422,0.04751792774849896
134,0.03556414680683543,0.8202768713204068,0.08311260442633855,0.008756322172013588,0.052290055274405535
135,0.04042861246041735,0.8133420012117698,0.11364522193392873,0.006552563999637176,0.026031600394247047
136,0.11902554774383092,0.6270832050861844,0.1821475467212695,0.004968502866573771,0.06677519758214132
137,0.10801098287641701,0.7874346246635883,0.06683592445509516,0.002940751584840167,0.03477771642005926
138,0.022805290684196212,0.7512837434801775,0.19908997856974758,0.0008994104264324992,0.025921576839446212
139,0.04323595551382357,0.7037185140876512,0.17070959405266817,0.0016615815937244948,0.08067435475213251
140,0.03806643391393666,0.6620234744112836,0.19008471110047734,0.0015896176436152488,0.10823576293068729
141,0.056206744469610215,0.5334690225589875,0.23999481008531331,0.004033149908525771,0.16629627297756308
142,0.020423323708492216,0.5666490978335265,0.3040996057769955,0.0017169709156161395,0.10711100176536957
143,0.02206174452961986,0.7267199694858947,0.23615241140095153,0.0018798940428215373,0.01318598054071235
144,0.07819419783887055,0.7933925396429861,0.03691702121537965,0.003601138892997971,0.08789510240976568
145,0.06935792777948067,0.7792347932726941,0.08956889763457446,0.0017172181684509704,0.06012116314479987
146,0.11388377135182119,0.6568129066478274,0.15011427234288693,0.002206179210878478,0.07698287044658597
147,0.28813954160162353,0.4157893531711479,0.1338358170983046,0.006419626284848486,0.15581566184407547
148,0.21683380359739654,0.5300353427382571,0.20278474522639348,0.0032467409467088365,0.04709936749124401
149,0.1051011539385071,0.5598341193512322,0.2872649262154268,0.0032692516200583696,0.04453054887477558
150,0.11575826289669286,0.6719515391685638,0.1280388913540494,0.002263220817916057,0.08198808576277793
151,0.09544964039216171,0.6482749480934057,0.13831106705293428,0.0075947721595320304,0.11036957230196631
152,0.01733762967758652,0.6615319809777689,0.2866309278125322,0.003296526416271412,0.031202935115840925
153,0.01628292611465602,0.6072331639817203,0.34051910010485836,0.0014679777243955172,0.034496832074369696
154,0.055276942260928594,0.8608611789019811,0.06506006970899836,0.00513185269405045,0.013669956434041541
155,0.061411285464202686,0.7720474829291728,0.14577754936297732,0.0014242000240208398,0.01933948221962631
156,0.14245658684631132,0.7632340172499641,0.07835259660586816,0.001708914841539644,0.014247884456316789
157,0.03534819981050685,0.7295347458127625,0.22532949967032667,0.000695672690357217,0.009091882016046793
158,0.044604735722615224,0.7603347256529291,0.18641229227942235,0.0006909444921589065,0.00795730185287445
159,0.018626579884340286,0.6223177627909603,0.34886011381211063,0.0007573801254895705,0.009438163387099144
160,0.022984559483603232,0.9204837088892389,0.05009562409275818,0.0009461390329587163,0.005489968501440823
161,0.044874326626170476,0.7783079341751528,0.16774711934653308,0.0009624292423055568,0.008108190609838042
162,0.002033210315575085,0.5171644658743294,0.4786917770878686,0.0001261296271312016,0.0019844170950957065
163,0.02951505458283791,0.855871675894501,0.11019704039978401,0.00041585140966467074,0.004000377713212521
164,0.006947142024978407,0.6386635325915385,0.35221868358653796,0.0002221921162195299,0.00194844968072563
165,0.005317113704483254,0.5997222719076261,0.3918367464824815,0.0002487630331596034,0.002875104872249534
166,0.010481142747075874,0.5624908546647288,0.4232318486380851,0.0001584144338733433,0.0036377395162367925
167,0.013319801234914946,0.7287230430646457,0.2530029447320174,0.0004303905624594581,0.004523820405962525
168,0.0251201079594678,0.6728616091603923,0.29766823874006404,0.00035235124330105404,0.003997692896774821
169,0.13649870358701088,0.7748194904115201,0.07493869541974467,0.002091962895689517,0.011651147686034861
170,0.006128063863531098,0.7716553041866241,0.21975277465506327,0.0005264380777358975,0.0019374192170455449
171,0.01170874169002524,0.7909489813059133,0.19316204886990226,0.0008493949620786641,0.0033308331720804567
172,0.02272784680151477,0.9136817479365035,0.05636586244486496,0.0016106283698556591,0.0056139144472613514
173,0.004777230891424539,0.888030098175098,0.10501979674624334,0.00031923098351889376,0.0018536432037150787
174,0.005201010403289599,0.6457275404302746,0.34710449044950825,0.00020529061548173267,0.001761668101445718
175,0.007408659339832612,0.8715735312904558,0.11582917284078344,0.0005060428181022338,0.004682593710826107
176,0.006513304370052031,0.8897358355568907,0.09910691321902546,0.00048475203289937346,0.0041591948211326625
177,0.0052888789875593385,0.8296780766886089,0.16082471100234574,0.0003902041898523986,0.0038181291316337616
178,0.020906947014442526,0.832183610058998,0.13747482045925102,0.0004497137502239623,0.0089849087170844
179,0.016643128968607767,0.6628844581393345,0.31595552261094606,0.00018554769754708234,0.0043313425835646525
180,0.05076567593813488,0.45653013201944864,0.48343018468844423,0.0005460108484843512,0.008727996505487709
181,0.24951515475374111,0.6781443538093741,0.06578553755291966,0.00045002991111175463,0.006104923972853404
182,0.008952369170880072,0.7064417487580025,0.2806326779651978,0.0006750005734181178,0.0032982035325016374
183,0.0034574507305823593,0.6020418718934555,0.39238741449030146,0.0002942441222840297,0.001819018763376718
184,0.0021878260557446926,0.3546473373386783,0.6410889013261412,0.000550919716587814,0.0015250155628480618
185,0.08086782909533745,0.7694119860208084,0.10829977396462018,0.020923188770314263,0.020497222148919622
186,0.00725098873655051,0.9256927678573498,0.062431671460608136,0.0020250735312832063,0.002599498414208397
187,0.020684604895677996,0.9196581275642558,0.05558913949657447,0.0017810020021716833,0.0022871260413200446
188,0.03635925492910923,0.9397522478532181,0.018303201472068223,0.0034462730153509203,0.0021390227302536596
189,0.043722491034454296,0.9124914029240174,0.03438357631493059,0.00672442955169683,0.0026781001749008096
190,0.007672686794757853,0.9328923022081056,0.05326005830365843,0.003879116196692205,0.002295836496785791
191,0.016160435793320663,0.9602408405427268,0.014358273731483209,0.005617014797692421,0.003623435134777039
192,0.034649192021363635,0.9472716179984211,0.004288298430783049,0.010645832955890873,0.003145058593541364
193,0.03245179980899989,0.9352673113030504,0.01791546173834995,0.009258467461775473,0.005106959687824333
194,0.032215335001270703,0.9562397155238072,0.0014123354244218794,0.007346227471677859,0.0027863865788224137
195,0.02778177524539605,0.9565095979787446,0.0028270526073452935,0.010197895497363475,0.0026836786711507687
196,0.041015493614275346,0.9445862822903673,0.0008777444951132678,0.0062431942280528905,0.007277285372191074
197,0.022985050095196323,0.9578636252504213,0.00028965352971725667,0.016742349538575858,0.0021193215860892544
198,0.01767804912928179,0.9695889631138891,0.00037275589593749586,0.009671317887382236,0.002688913973509501
199,0.13021754581172085,0.780510371626682,0.0009643775636864613,0.06805755558095747,0.02025014941695316
200,0.00999114349697672,0.9727264022397042,0.00021738826145106276,0.013576454564552915,0.0034886114373150964
201,0.020039923110539166,0.9183355788326026,0.0003093969148286646,0.05241720277703484,0.00889789836499479
202,0.029935360143367,0.9150060766041999,0.00041058271892497987,0.04957796023402987,0.005070020299478366
203,0.11784961156889348,0.6407005827063594,0.00041599780844701477,0.22625493424020235,0.0147788736760976
204,0.060387431429379454,0.6735107531201422,0.0005958075844185663,0.24142183369628295,0.024084174169776974
205,0.07006433097315093,0.49161937872406913,0.0003754569989597854,0.41827741890648495,0.019663414397335408
206,0.17645054284252784,0.312816454492474,0.0006553792614454329,0.48807280563454675,0.022004817769005897
207,0.0846762380961518,0.6113632311041766,0.00041018852659026675,0.28559496995892086,0.017955372314160587
208,0.11426145558340653,0.2935495065445914,0.0004531509747580955,0.5795717674704556,0.012164119426788494
209,0.09154526829387397,0.5413156515432564,0.0010023809151279413,0.3554143667269479,0.010722332520793859
210,0.17237650961611978,0.33925735192042095,0.0015979704530880282,0.3715909047955902,0.11517726321478094
211,0.2919752028566377,0.405506066798761,0.0006323101237055908,0.2835566074246868,0.018329812796208954
212,0.05943445778154784,0.8446506875080293,0.00037381504068057035,0.07937009655123853,0.016170943118503575
213,0.1739717701416759,0.6959498011470269,0.00047648266922856864,0.11054042895260843,0.019061517089460352
214,0.05190231213820742,0.7732192239093011,0.00023569676015618317,0.16264292064941674,0.011999846542918606
215,0.09041972910707978,0.8326897274887339,0.0007366672629409725,0.06610670570893122,0.01004717043231403
216,0.07083193653854108,0.7826954271480026,0.0005544063913974938,0.126423208971503,0.019495020950555893
217,0.043093664229145956,0.8859751500760737,0.000427189995056099,0.06611760515185743,0.004386390547866837
218,0.2065965376214356,0.5938481230058932,0.0005478617618871719,0.18760639855552783,0.011401079055256216
219,0.02661222203550176,0.9005977352776704,0.00010285945713886067,0.06925151018051287,0.0034356730491762267
220,0.08926488394845243,0.7923527410126121,0.0002280170873439092,0.11153430643589514,0.0066200515156965315
221,0.04270376770169415,0.9220022040815898,0.00024344954102350588,0.03121079240999782,0.0038397862656947227
222,0.10217652161521217,0.8442260699566863,0.0004895121535422028,0.047442368499884924,0.005665527774674596
223,0.03392370212634489,0.940507092656423,0.00012184904536236605,0.021543955396691773,0.0039034007751778494
224,0.17782957250442513,0.7339585497599976,0.0006223376450242314,0.05224094059316338,0.03534859949738979
225,0.16588085918435863,0.7826168233547031,0.0008315886807307134,0.039380792356130304,0.011289936424077163
226,0.3530471717861098,0.5253723234821543,0.000665313307049085,0.05836769090871336,0.06254750051597344
227,0.2209731194258276,0.7398175515606652,0.001266764630884402,0.021523576477572116,0.016418987905050572
228,0.07104824578505795,0.8987320975176759,0.00030544387245154636,0.025695008168570354,0.004219204656244106
229,0.22897068109017693,0.7185459852116947,0.0006710793304865994,0.03987002159541669,0.0119422327722251
230,0.05736083290301259,0.9235311863057323,0.0014983771275766413,0.01262129815652154,0.004988305507157075
231,0.11415576545461918,0.8569817688704702,0.0032107592794308106,0.016921627903404856,0.008730078492074978
232,0.10383394341503845,0.8601364441511453,0.005936726000163341,0.02139549466260037,0.008697391771052386
233,0.05719846349919792,0.9124493689421124,0.002048168566182781,0.02462846662896164,0.003675532363545307
234,0.021444660369867814,0.9572304437997144,0.00960354768531642,0.006144797687744375,0.0055765504573567805
235,0.061646664781925674,0.9036698703372678,0.004070402888738881,0.025237529302927192,0.005375532689140675
236,0.03491635753477556,0.9401020892261654,0.0009490709236489186,0.019670357885758636,0.004362124429651211
237,0.03243250856444582,0.8560862881171502,0.0835121564523333,0.007009976039378913,0.020959070826691902
238,0.07097731385138484,0.42701484246865745,0.050604076354355314,0.01630518124006338,0.43509858608553903
239,0.045971523077952575,0.06041784667905291,0.0030874268412915316,0.013166439326975676,0.8773567640747272
240,0.055126082185771655,0.047129930755544544,0.0014319242170678379,0.013829833496472944,0.882482229345143
241,0.06911191223670086,0.08615347439021229,0.0011292072704164272,0.007082315199915637,0.8365230909027547
242,0.22589338242571438,0.1822060482281814,0.00018921691326448205,0.008494312895244547,0.5832170395375952
243,0.07953107124649433,0.09011438165755643,0.0003974970193894273,0.004999147240296163,0.8249579028362636
244,0.12881692221084545,0.1287110439163693,0.0002778766444841744,0.006839458129970541,0.7353546990983304
245,0.11577735074428974,0.5236313760970968,0.0004892843468396319,0.006011969851770371,0.35409001896000347
246,0.20636138303871482,0.3837231119422927,0.0005045830438207401,0.013867425204612888,0.3955434967705588
247,0.15735604652688176,0.4880845134130847,0.0007899134846741603,0.04606448615081356,0.30770504042454605
248,0.5938101032671704,0.12383723258751576,0.00023680801132320816,0.19034577105776357,0.09177008507622705
249,0.18890605974341929,0.614327727155268,0.0003218802523268065,0.07327754378885709,0.12316678906012887
250,0.4466986038209213,0.305811981619964,0.00040509826768744535,0.14300388751728552,0.1040804287741419
251,0.31344188170383497,0.34555060293385015,0.0005065747665457051,0.10401934999439275,0.2364815906013765
252,0.32641997962506286,0.40655964847082937,0.0021755833902824128,0.08247338104197367,0.18237140747185174
253,0.32401352180379683,0.29034137939411847,0.0025284614632429124,0.038421069070486924,0.34469556826835485
254,0.35621061198445614,0.3604802856669197,0.002087677565725985,0.0959977065603273,0.18522371822257083
255,0.0774115273594948,0.7970705194963361,0.004737927223394989,0.03157757543014215,0.08920245049063197
256,0.10483280370084636,0.7656867098121326,0.001247101052630093,0.039086464888667447,0.08914692054572337
257,0.06637568717778829,0.28946783929230535,0.014123527553279329,0.006899940124863625,0.6231330058517635
258,0.44051957650967255,0.2795535353645147,0.0011594854411201081,0.018797146963328,0.25997025572136456
259,0.19145339000246392,0.602228712882659,0.0034101993191886478,0.004862141991273958,0.1980455558044145
260,0.07139297717278663,0.907386751330407,0.00037431830368905806,0.005053781368173406,0.015792171824943683
261,0.1121612544248389,0.8700487812901898,0.0007129299811615196,0.005018982116165829,0.012058052187643937
262,0.046110659085429634,0.9439363756247972,0.0006562789616809404,0.002756153128128819,0.006540533199963432
263,0.25751607980765623,0.6868062094607991,0.0029715673892825355,0.0048749201849993375,0.04783122315726292
264,0.08642087898557109,0.8999745695364825,0.0016786035746915466,0.0036042395231461423,0.008321708380108648
265,0.07402369968776064,0.9129789199162675,0.0010920886108355754,0.0052405979629299125,0.006664693822206555
266,0.036664119596612144,0.9459675546973451,0.008055068009659678,0.0025947998069562007,0.00671845788942688
267,0.02874811516709178,0.9558902521007803,0.005290673075916743,0.0031198094242012196,0.006951150232010089
268,0.04994091398654981,0.8760916692611491,0.027618822351309386,0.011999725735523114,0.034348868665468456
269,0.19291670379465217,0.7182822224738695,0.004737400130111213,0.054628731810924425,0.029434941790442707
270,0.0595311919989726,0.8922511380897034,0.012943642312985464,0.01700898417185932,0.01826504342647954
271,0.05040267796368606,0.9260801230929873,0.005049788868648537,0.01223939333421163,0.00622801674046641
272,0.07695684855329092,0.8853777641236663,0.011796456789940627,0.014245914278783299,0.011623016254318976
273,0.029327491240061048,0.925495788831391,0.02602920910095681,0.005136933231138311,0.014010577596452852
274,0.02889035901997139,0.8940998696584497,0.054292588031919255,0.004555614919496329,0.018161568370163323
275,0.03779906962201164,0.9170579382060926,0.010467637558417254,0.016659813593543397,0.018015541019934966
276,0.02378328326374731,0.9536641994737184,0.008846965880452575,0.006511468534457293,0.007194082847624517
277,0.019661299141976042,0.949343691218408,0.020782135484815313,0.002969655715029043,0.007243218439771782
278,0.03267329369130367,0.9450171128490263,0.011953418518565415,0.004699585092239122,0.0056565898488655205
279,0.07974486424286514,0.8594723815576768,0.01891119516478278,0.017064337152075726,0.024807221882599585
280,0.04621687399009227,0.8760693506814182,0.032299718650355164,0.01340397204890508,0.03201008462922909
281,0.05787488745447896,0.8823568605584964,0.03470072882726829,0.011473801288212147,0.01359372187154413
282,0.016652862712475142,0.8553579494894711,0.10024317596279596,0.00858804801461331,0.019157963820644438
283,0.1238688391009159,0.7762656170347074,0.03064259079167971,0.04109187235025472,0.028131080722442203
284,0.017207063152465528,0.934782476841156,0.02387526368107128,0.011243296325595372,0.012891899999711581
285,0.0429450873098803,0.8301099193609285,0.06821585449838768,0.030627135864172653,0.028102002966630877
286,0.016832013180548007,0.8975966018350016,0.051601292313559644,0.022330135037022553,0.01163995763386826
287,0.06404867562925705,0.8362701885096447,0.05502298225246315,0.02485046542248881,0.019807688186146227
288,0.03552472588716778,0.8404637905052253,0.054457045479333666,0.047369027394294806,0.022185410733978554
289,0.04545404190571262,0.8662488331033603,0.04453756774738343,0.022988997207867262,0.020770560035676386
290,0.047833366984041184,0.8881010106563499,0.031445374668787066,0.01780920127880418,0.01481104641201752
291,0.016893037034083364,0.6145508882389498,0.2989587525037277,0.030494553454095786,0.03910276876914337
292,0.034662283858587585,0.7805968040054467,0.140841293780604,0.021001134491063132,0.02289848386429854
293,0.012407558840886825,0.7408615501589878,0.19719217686930954,0.024905223503157086,0.02463349062765872
294,0.013898344526637975,0.7507223119661608,0.1847939143896753,0.023832276796204307,0.0267531523213216
295,0.01949870569448929,0.6917187884303924,0.2528264379645163,0.017989246422301337,0.01796682148830061
296,0.07185218778004471,0.780336695413119,0.1004634915442127,0.016749848573068552,0.030597776689554997
297,0.05079847334704897,0.7621771611555146,0.10878428104686765,0.020367082840290717,0.057873001610278196
298,0.02779828219136426,0.8816606363481512,0.06689647799705058,0.009175016286649027,0.014469587176784954
299,0.0314293840907658,0.8957238910126347,0.03872785219727871,0.01399564243072169,0.020123230268599225
300,0.026721565840626068,0.902991253718107,0.03332500920504041,0.022417670685069307,0.014544500551157226
301,0.1614458151636819,0.6409568783511285,0.08186795747574259,0.03894068194179713,0.07678866706765
302,0.06856730453477941,0.7933364437331768,0.06268357223643524,0.02793334725335092,0.04747933224225759
303,0.0794338239522494,0.727880711481842,0.024240687263260376,0.07299627799513604,0.09544849930751216
304,0.05189898157082345,0.8119710833240475,0.056372439037306314,0.008494588421959817,0.07126290764586295
305,0.10584438673247573,0.7226531055490398,0.10229733791901462,0.007010698676016574,0.062194471123453186
306,0.07994177493397968,0.7447568223500017,0.14125432149899445,0.004721800909080572,0.0293252803079436
307,0.016333086851227273,0.6243315987167134,0.3447485399565845,0.004760322128546852,0.009826452346928163
308,0.023033789379207456,0.7802411067795714,0.16004615264696867,0.008114261439200453,0.028564689755052195
309,0.006389501684694622,0.7523184563906194,0.23433539879507814,0.002220647955998239,0.004735995173609333
310,0.00908866840681684,0.8861262785698654,0.09634722879826073,0.0033211736078838346,0.005116650617173402
311,0.010214248694788644,0.6363354831660677,0.342079296815458,0.006106586556623911,0.005264384767061674
312,0.01775245962633212,0.8387795099983651,0.12667576958707427,0.007884072155009959,0.00890818863321829
313,0.015647697957042912,0.9070942384500775,0.06728587146521717,0.005950343710935825,0.00402184841672681
314,0.015208700865036456,0.8281684749706951,0.14782532136483398,0.005844688643174864,0.0029528141562595676
315,0.036146856897868125,0.9085695018035247,0.04791967030213404,0.005281562082179038,0.0020824089142939856
316,0.03049011735823913,0.8231682175889066,0.12887359622697006,0.011929343569148623,0.005538725256735405
317,0.08180687930879331,0.8047558705830984,0.06473474883874272,0.03749656815805192,0.011205933111313569
318,0.02498302992075438,0.9445092968543309,0.0260265779560459,0.0031589152645991533,0.001322180004269386
319,0.015629568555716032,0.9280523478030499,0.04970048848368562,0.0041032860913192155,0.0025143090662290155
320,0.009818299603666562,0.9114819840181577,0.07501153517250296,0.002101168725891632,0.001587012479781159
321,0.006475985713712932,0.8312424286995042,0.1553287072097983,0.0044090135063957975,0.00254386487058909
322,0.014678571684707238,0.8701885734651271,0.10834166344781211,0.004307863910361479,0.0024833274919919524
323,0.02124368748385533,0.9228782812256926,0.04620807481808069,0.007244192546721673,0.002425763925649704
324,0.011409452634964928,0.9325530363415049,0.05115935579604723,0.0029244513888103964,0.0019537038386725253
325,0.011801988154793688,0.941269689902718,0.04280692077805737,0.0019439759878957805,0.0021774251765348624
326,0.0028985744478081522,0.9125305688531669,0.08192597192297933,0.0016758414204939584,0.0009690433555517265
327,0.0078402417267362,0.8886452280097779,0.093401276272821,0.005169610653400944,0.0049436433372640155
328,0.021094163353753973,0.9068978718633838,0.06200557845087973,0.0052319784013064525,0.0047704079306759295
329,0.02675911332270538,0.9379325169261351,0.027153977506441863,0.005334012701995045,0.0028203795427224477
330,0.028795861657788486,0.9334796209102217,0.026602404880123113,0.0071789269379601995,0.003943185613906496
331,0.031536924016332686,0.9319569628616313,0.02911595347195755,0.004745261194536825,0.002644898455541411
332,0.024845336584932973,0.9348905045547709,0.033025325710788665,0.004302024035594706,0.0029368091139128248
333,0.013906072652048202,0.9243865371715387,0.0533238729523165,0.004257840227083974,0.004125676997012566
334,0.11976787468674852,0.5711544387331596,0.18831335683623668,0.04642238804927419,0.07434194169458089
335,0.0609945887356892,0.7205249036449741,0.12559901747477742,0.05326161119096928,0.03961987895358998
336,0.036970818808062515,0.8888324502601453,0.0562786109350373,0.011205027550498636,0.00671309244625613
337,0.03905380490040869,0.8330060318354956,0.111157403141817,0.010197971129199478,0.006584788993079323
338,0.017071837016220174,0.9449469444280857,0.028715663521095204,0.00637993356497341,0.002885621469625568
339,0.01275205231055844,0.9282008878056076,0.04647719794119482,0.009663831604538492,0.0029060303381006464
340,0.018264172640064295,0.9054813501387561,0.06482195009508293,0.008144887419237325,0.003287639706859539
341,0.01598058979234139,0.7845327129589952,0.17735766942465447,0.01754792096891317,0.004581106855095916
342,0.033125780957560795,0.7501019769048156,0.16745037842208696,0.039443635483108926,0.00987822823242779
343,0.06152961013604475,0.8382534465911278,0.051503736682668576,0.04218925413864813,0.00652395245151083
344,0.025933055444079534,0.8481306825088327,0.08906361104200984,0.02485376984797654,0.012018881157101423
345,0.0448813666907587,0.8923398928775942,0.038974346681812384,0.01986952319328313,0.003934870556551678
346,0.053116256877153,0.8036541250468989,0.11111775243559247,0.02137842726588997,0.010733438374465658
347,0.013921657589503764,0.8581757578311517,0.1136377481801458,0.010940090731942624,0.003324745667256116
348,0.04080306548704603,0.8917846561981996,0.023908808096227526,0.03151814902703244,0.011985321191494407
349,0.03136660120757414,0.9012907517399742,0.051979721834653984,0.009373775418340963,0.005989149799456969
350,0.027272602684932413,0.9128194629833323,0.03889870282831825,0.01283343524494976,0.008175796258467283
351,0.019355539591832137,0.9436517337302698,0.02576006787428059,0.006764881284516175,0.004467777519101533
352,0.04497212445731915,0.9128471434139167,0.016585303623356386,0.01578070857479743,0.009814719930610418
353,0.019422670769326605,0.9349953133399032,0.029348935815769472,0.00888552882303301,0.007347551251967774
354,0.05041802028080269,0.8868761513250755,0.04232628700721848,0.015957742253755566,0.004421799133147783
355,0.043964665566066784,0.8541263765768871,0.05915509780089339,0.03335961153878518,0.0093942485173676
356,0.033001673581934086,0.8934691654018261,0.03190126820712182,0.03038044034938422,0.0112474524597339
357,0.019516678473878217,0.9292517031907148,0.03179248198822976,0.016025296500143785,0.0034138398470332215
358,0.02651984789678416,0.7247975620928244,0.17131579240898873,0.06772828558314366,0.009638512018259124
359,0.05016750539148255,0.7803606243115583,0.09960989151270122,0.05984340768460274,0.010018571099655435
360,0.03182419158765413,0.6884295106720787,0.19174238434058966,0.07250616854134584,0.015497744858331672
361,0.027657169342832057,0.8643332519943929,0.038066488349631195,0.061260270752315174,0.008682819560828822
362,0.02703110093935546,0.6806160979315651,0.14477897854242083,0.12203021536561758,0.025543607221041074
363,0.03314675474331735,0.7607121998402615,0.09799605883613559,0.09020264894897277,0.017942337631312734
364,0.038004013951186105,0.7112263600730515,0.05809318006694741,0.16993429851875388,0.022742147390061127
365,0.031043531526579786,0.6531767216558423,0.10113989050756783,0.17658036409867311,0.03805949221133701
366,0.04608207163594953,0.6210726542208763,0.040205250092943276,0.2572320687030345,0.035407955347196374
367,0.04950984338442089,0.8174323802476944,0.02307941844060966,0.09718933980134022,0.012789018125934882
368,0.04049903998718619,0.893280657533008,0.0218610519119842,0.029972806675414382,0.014386443892407078
369,0.11426877203592788,0.8029568468566761,0.009013529441178322,0.051579127872658524,0.022181723793559083
370,0.06940211820067278,0.8658285332045773,0.013742016003404675,0.04122482057793119,0.009802512013413906
371,0.07513092714080442,0.8448247315801864,0.03289687435223795,0.037212153018130925,0.009935313908640192
372,0.0474996330349522,0.7637805543343118,0.13250103830664395,0.0446122120395052,0.011606562284586796
373,0.14215530286569472,0.7246995067815918,0.02397130854704156,0.07431118067402796,0.03486270113164396
374,0.13272270253526622,0.5867969694498512,0.10443394720612258,0.036142946093290114,0.1399034347154699
375,0.16667836712495765,0.6210111883714791,0.062265603013062394,0.02861121979374321,0.12143362169675768
376,0.036131651357865495,0.8877133376219876,0.06006947389946531,0.00148099864234989,0.014604538478331545
377,0.07106196655495656,0.835053890054424,0.0421122149838775,0.006090186455202171,0.045681741951539984
