epoch,N1,N2,N3,R,W
0,0.18854985624742285,0.02715889013807258,0.0008293600189304109,0.004540114581390195,0.778921779014184
1,0.22361279149622384,0.015280128415571494,0.0010583017607533984,0.006186155544101666,0.7538626227833496
2,0.17292588728113167,0.00848216836629724,0.0014301197276034678,0.005096959539199075,0.8120648650857686
3,0.05094622739263407,0.009990138324346764,0.0011442506043606482,0.002129915068889008,0.9357894686097694
4,0.11189341889874511,0.024327992136357862,0.001031831857492932,0.003682055387058411,0.8590647017203457
5,0.05038723292140846,0.023344219037724368,0.0019021105209159675,0.0030791839546333304,0.9212872535653179
6,0.13398174161196902,0.15023393699770157,0.004823437902548527,0.004651921495514211,0.7063089619922667
7,0.08280294423544408,0.07284348764725981,0.004149864252091416,0.007786372719342635,0.832417331145862
8,0.05109405592364412,0.09635168148995625,0.003257977269666884,0.004144376203704244,0.8451519091130285
9,0.07661855062658832,0.0995008955839715,0.0032983526729901454,0.007875309040653656,0.8127068920757964
10,0.07520472653258174,0.09788562630993979,0.0026712256182109214,0.005658906065694253,0.8185795154735733
11,0.14099225946677277,0.3523620596773238,0.009254089655264065,0.009043391046574355,0.4883482001540651
12,0.11690362360459862,0.5338621843668726,0.008458543293264795,0.012171580993663696,0.3286040677416004
13,0.06588800680301612,0.12312260582257305,0.003340016741935603,0.008902400652086662,0.7987469699803885
14,0.13041381312560296,0.19959297150697786,0.009453645914984057,0.013985697912853643,0.6465538715395814
15,0.19065382223172153,0.2694582492846728,0.00801639627948842,0.00876373432925249,0.5231077978748647
16,0.237858002509172,0.5022830367791278,0.014748079537067997,0.011923855041422576,0.23318702613320966
17,0.14461716412289197,0.07380661928209123,0.0049868772289758225,0.013024719309652641,0.7635646200563885
18,0.19248227883714455,0.32324436465226813,0.008709224448427198,0.011045223959074778,0.46451890810308544
19,0.22061000070429007,0.18293273709080754,0.00435214655851006,0.011061133695640555,0.5810439819507518
20,0.05791548811582412,0.031635564764792,0.002628866715303368,0.002793018079222056,0.9050270623248584
21,0.14018342187123975,0.08899834065615336,0.007346295402418906,0.011707787299582325,0.7517641547706055
22,0.17867006340228864,0.07633179042196003,0.002082887045635751,0.007043638814127727,0.7358716203159879
23,0.10637411990488933,0.06239052072043499,0.00277224993405926,0.003263001235687089,0.8252001082049293
24,0.08200100296733984,0.014770911183158455,0.001849685290884639,0.002202331796001274,0.8991760687626158
25,0.06680487318756145,0.027935938414934868,0.0010647907661393897,0.001969547902503802,0.9022248497288604
26,0.044172424574382155,0.0147675211138281,0.0010149389959875693,0.00117079635422409,0.9388743189615782
27,0.16952728149719082,0.09526046834057701,0.0012559741073197021,0.002936473537851447,0.7310198025170611
28,0.045011564879620526,0.0299775921374165,0.0007914967579575708,0.0018686498997200292,0.9223506963252853
29,0.1372938181596469,0.5530087470883908,0.007542978505949946,0.004529081610593336,0.2976253746354188
30,0.1872008121797218,0.15080591931794624,0.0011262118800893406,0.004187088939357995,0.6566799676828846
31,0.11818780538181904,0.09063059280386915,0.0009844090882682095,0.0037695954234587153,0.7864275973025849
32,0.14558495019675577,0.35055188028457923,0.0037202086827195033,0.0033217897776444526,0.4968211710583009
33,0.2632690192050489,0.3650878398369464,0.0011566532596971211,0.0031168085233395618,0.367369679174968
34,0.2634121957094801,0.17000992115646035,0.0036757142410777897,0.0024090819082333726,0.5604930869847484
35,0.17577074407540705,0.26663099150667646,0.006809399044611692,0.006761758956624222,0.5440271064166805
36,0.1581227548157648,0.5877559128220244,0.009774819311920735,0.003638416487212852,0.24070809656307698
37,0.0806848804961761,0.27517041590231683,0.0014956401619150713,0.0017692339415488257,0.6408798294980432
38,0.1041417104913489,0.15386124397966272,0.0019588018781766746,0.002312177311353444,0.7377260663394583
39,0.041863070572711845,0.21926068637949153,0.004996363801691388,0.0007906925153363238,0.733089186730769
40,0.010577664591345176,0.011813669946991574,0.00011560166807041731,0.0006359913456748682,0.976857072447918
41,0.07660822836598453,0.012700500710742068,8.21446238688158e-05,0.000846813796177931,0.9097623125032267
42,0.10043414937624079,0.05616495393308105,0.00043793281595421547,0.0006052541790181671,0.8423577096957058
43,0.09631418326199341,0.0733938021217009,0.0001506890023052841,0.001724919089962398,0.828416406524038
44,0.14723749860638766,0.24022199783456685,0.0001529904922974289,0.002422004515363999,0.6099655085513841
45,0.10074946569044187,0.10701185566291888,4.6053794417489285e-05,0.0026343542207020727,0.7895582706315197
46,0.16178197486534754,0.10471770883162673,0.0002122640633760729,0.004626991672833503,0.7286610605668161
47,0.13365289444618797,0.1493464075464609,0.00016401475421531897,0.0010482988299650973,0.7157883844231707
48,0.15929619569633174,0.2809949146612718,0.0003093797468502315,0.005813913167691832,0.5535855967278545
49,0.1710607649547962,0.14464765984268413,0.00024316339036412104,0.0029339933522892028,0.6811144184598664
50,0.3507670104758694,0.1718940475430991,0.0002863322524755158,0.015223444421118558,0.46182916530743756
51,0.3677768708008698,0.5236963188036818,0.00018772274892522173,0.019419237710757768,0.0889198499357653
52,0.2847415008530083,0.3474342533391177,0.0002521772865300388,0.057753763414742754,0.3098183051066012
53,0.18276693753351714,0.5122847867728426,0.00015216054815941874,0.10463381132424553,0.2001623038212354
54,0.2298770491999281,0.3856174129034765,0.00038613853469609573,0.1969046574071989,0.18721474195470036
55,0.17863802472938722,0.5085423764210357,0.007864455973877771,0.08415153991084133,0.22080360296485782
56,0.11146230755831887,0.6324091116461876,0.013411001653691074,0.10063827817541368,0.1420793009663889
57,0.14589245547805182,0.4596432346171668,0.004658635892625568,0.12348933765440194,0.26631633635775387
58,0.21239427131939823,0.4408372578291355,0.0056598057680484655,0.060512629606698835,0.28059603547671896
59,0.20349413219649382,0.5594662771026673,0.013447414771218255,0.05028749156906531,0.17330468436055535
60,0.12974663045550283,0.743922544315899,0.025653697283410944,0.03316558999754139,0.06751153794764583
61,0.11398491074029694,0.5366015821270088,0.01815108051020877,0.11052075860891215,0.22074166801357323
62,0.16491009671139495,0.5370903139169215,0.008457360765374398,0.07975123519025683,0.2097909934160523
63,0.133074024817966,0.2202980128254902,0.01217653708349716,0.12764866802940159,0.5068027572436451
64,0.23376775466905153,0.4243370459847039,0.029684910987921607,0.022319789218529514,0.2898904991397936
65,0.20833129714334606,0.269227790799102,0.022313648471741606,0.029884171779170934,0.4702430918066396
66,0.11664670491503622,0.6064006360298613,0.009943331752483449,0.02161326797679031,0.24539605932582875
67,0.17178751669062717,0.4257280670563413,0.0007468497310128536,0.04446611781806951,0.3572714487039492
68,0.11651312106688179,0.4460360209481022,0.00028965849014160757,0.02691479938539456,0.4102464001094799
69,0.084016429400516,0.24662252741178034,0.0003137944591121241,0.011048136970199568,0.6579991117583921
70,0.026994217129508474,0.13207730990118827,0.00014416058685560816,0.012986102392225881,0.8277982099902217
71,0.10099296265079032,0.21428445477209773,0.0019276517782379327,0.01061968968118851,0.6721752411176855
72,0.1342149989014601,0.2184146907610441,0.0002941259807558181,0.04675596383328552,0.6003202205234544
73,0.17535206372521367,0.25643958538402695,0.0003409172289423461,0.09772957231465786,0.47013786134715924
74,0.15223523550380802,0.13591956196126395,6.77414610637947e-05,0.15069792689773157,0.5610795341761325
75,0.22282220425492158,0.391974460627304,0.005767623314691146,0.035253187766808636,0.3441825240362745
76,0.39674810114543635,0.15578427788909593,0.005058375924150342,0.06272335217217886,0.37968589286913845
77,0.2636804971222834,0.48665996593038946,0.009571731922471963,0.06763942097252892,0.17244838405232624
78,0.14938135338714137,0.6945980943309351,0.04191689532846321,0.03490244494143406,0.07920121201202641
79,0.14835541897122526,0.6897272867029517,0.05177491623415398,0.05407818491853323,0.05606419317313589
80,0.31450259066644964,0.47557692776835664,0.003426196808682784,0.05737666403665201,0.14911762071985893
81,0.2975967569976687,0.5243367212193759,0.006611514124940677,0.054582388520112865,0.1168726191379017
82,0.22285366502864462,0.5407521099374712,0.0029029703345661477,0.020351869445079603,0.21313938525423853
83,0.06920649891155722,0.8635816880238599,0.001824445587656768,0.025393971199623805,0.03999339627730236
84,0.2015902464576431,0.6928360165106614,0.0013684137208384002,0.03047367761588225,0.07373164569497495
85,0.20539772746057103,0.6636399643769603,0.0012364512654204935,0.052532993818711855,0.07719286307833641
86,0.10963877914298226,0.7926115897483277,0.003006666624031155,0.033719031485197865,0.061023932999460954
87,0.21635301511396127,0.6247148980934875,0.0057624923946067,0.03838535619546493,0.11478423820247954
88,0.26972103684132565,0.5897591855834535,0.005560532060745248,0.055188048319242906,0.07977119719523267
89,0.22032758316846582,0.45400267657991455,0.22013658082583606,0.038061384474488695,0.06747177495129496
90,0.1633213607259511,0.7234085902149171,0.0033815030411003897,0.05077542058879026,0.05911312542924108
91,0.12789147622400415,0.6475376695799604,0.005210500316779819,0.05081213716697681,0.16854821671227885
92,0.03382604551010662,0.21526343632065326,0.0013877248772011994,0.012740174094853353,0.7367826191971856
93,0.1985063065245296,0.18858046055823008,0.0006416634109114868,0.04879498527465915,0.5634765842316697
94,0.17551981872913447,0.23139152142987,0.001761536532159344,0.028919894481858742,0.5624072288269774
95,0.09307693709851822,0.39382953904772094,0.0022572563243436657,0.00811184668363663,0.5027244208457806
96,0.0006404000510942368,0.004760364913127861,0.005102887465868391,0.00026008506499059923,0.9892362625049189
97,0.011838087622576448,0.03270658103266035,0.005567973060553295,0.0008303955849183301,0.9490569626992915
98,0.023354275859418593,0.0293007640956752,0.0026586600360148363,0.0011115491072798695,0.9435747509016115
99,0.03332902309548352,0.01847280136704574,0.00458659600875213,0.001468307822566229,0.9421432717061524
100,0.045806995468696855,0.037351394440394065,0.002979306811806008,0.0015766429595639828,0.9122856603195391
101,0.0908101498096325,0.04603554469220811,0.00671666356661767,0.0038648222486343865,0.8525728196829074
102,0.005571147926446937,0.007017683896084292,0.0011408048227342,0.0002746270080208814,0.9859957363467138
103,0.406034424433919,0.15804900732617888,0.0008714196831427162,0.02796123737190356,0.40708391118485593
104,0.434009998976577,0.2038635575264333,0.011238523062335911,0.0658317690225409,0.2850561514121128
105,0.2117445338159763,0.4825304902180879,0.0009681053854415699,0.010692446759701548,0.29406442382079256
106,0.39650096337551305,0.29328092296661123,0.002734320894383384,0.010645814470608476,0.29683797829288394
107,0.33913005874311397,0.2846932514633743,0.016881108821539436,0.01026974041270688,0.3490258405592654
108,0.28400088525452505,0.4386178333168561,0.021707176511234137,0.013323028731766186,0.24235107618561855
109,0.15928260029120386,0.5136589622156753,0.04129938906556622,0.027712959532523184,0.2580460888950314
110,0.20547697642564555,0.5993675004167968,0.027794164900156407,0.019556681066061343,0.14780467719133994
111,0.26080203013730624,0.3545183805152244,0.11235787730674208,0.0489019577616769,0.22341975427905048
112,0.19577996337623813,0.5654182564231993,0.034945653056131544,0.00963100719230842,0.19422511995212252
113,0.2691617906558891,0.4124473803614802,0.03473164639777047,0.026552572144383786,0.25710661044047645
114,0.1847552480140358,0.5111743856778294,0.12464359692084885,0.014699550063092594,0.16472721932419337
115,0.19579248600463298,0.5873351273027869,0.08195079454763991,0.009667069677657888,0.12525452246728225
116,0.1646047657487849,0.6629043291568933,0.043402850748968165,0.010080910822919826,0.11900714352243384
117,0.11798906487972367,0.6221475265339766,0.04056227812352396,0.01490008947068619,0.20440104099208942
118,0.1193389477063805,0.6342088901511381,0.027807280710627654,0.007127115499895558,0.21151776593195826
119,0.09549036050074543,0.6500843055535945,0.12145896519296973,0.008802271680119336,0.12416409707257092
120,0.09175379677986281,0.523905499875693,0.0892390027079364,0.016055701672846468,0.27904599896366133
121,0.060650502325819505,0.5659056124325571,0.1827204316604811,0.012307620948043042,0.17841583263309924
122,0.18819014775831516,0.41387446139272194,0.08446856186984177,0.03724278830493462,0.2762240406741865
123,0.17081071150479102,0.5814048699840254,0.050722651897500304,0.015001303341225486,0.18206046327245778
124,0.20595496326166599,0.2929196027662437,0.01275974101526117,0.04398084266443929,0.44438485029238983
125,0.3346564547117867,0.2803804467366682,0.010159362350616352,0.019950893711689465,0.3548528424892393
126,0.29038307499988636,0.3932155808415309,0.011960698709968581,0.013027755580504587,0.29141288986810954
127,0.3284903450327394,0.48962770961371577,0.004984359519493476,0.008132493040107948,0.1687650927939434
128,0.1663844267164976,0.5675517227661133,0.011580874578067663,0.016578107305474366,0.23790486863384694
129,0.1393087725025569,0.6297464982573739,0.004182131420844752,0.02653416180483502,0.20022843601438933
130,0.38999633550412194,0.36288458864232725,0.01711463479616298,0.012061955022901237,0.21794248603448668
131,0.12337088570159481,0.6202125612347783,0.012786273792173966,0.006262176293446785,0.23736810297800606
132,0.3040633964796789,0.20712109413587737,0.00760718245259158,0.0276036727041142,0.45360465422773805
133,0.2748424013205178,0.12549741543491968,0.006307285055447121,0.035934193071459064,0.5574187051176563
134,0.32669741328012425,0.3413888778723349,0.014021052894421068,0.026736933318850374,0.29115572263426936
135,0.2547238026509398,0.3852258217684907,0.016613969407157234,0.020248144258801552,0.3231882619146108
136,0.08885684185757939,0.512837484707162,0.010896427704143771,0.026283672088645574,0.3611255736424694
137,0.14601555802551403,0.5549173981277733,0.0058167839448350555,0.015667954776019358,0.27758230512585846
138,0.09232627175837935,0.16467487355206525,0.0016599072923939656,0.038266234329226864,0.7030727130679346
139,0.09980193525529835,0.09053345105636078,0.0016469750476977088,0.020883254043162866,0.7871343845974802
140,0.0009370226246333774,0.0014280681513623014,0.00036235993026087097,0.0001620582991133393,0.9971104909946301
141,0.0023824345409492625,0.004323844621025361,0.0007622246674413155,0.00037182372930041267,0.9921596724412838
142,0.006558648690497419,0.0036221533772751377,0.0009156972115163609,0.00024020763281063423,0.9886632930879005
143,0.03777163967770495,0.008398079007946183,0.0011519073567661095,0.0011713002243560102,0.9515070737332267
144,0.01744114683035197,0.01173054652520531,0.0018386253066202272,0.001114872994676466,0.967874808343146
145,0.04262885988407087,0.035142804497544415,0.0002919146541007092,0.001594039343904987,0.9203423816203791
146,0.11956565678071267,0.07928753481914026,0.0014741989455269973,0.004810295052234679,0.7948623144023853
147,0.13807341190682604,0.06817186538113375,0.0016749648815512126,0.008284850038638006,0.783794907791851
148,0.16953234279607074,0.26888291734602954,0.0036204202531730685,0.005170374728555489,0.5527939448761712
149,0.09161517345226108,0.7253697301714834,0.003112387965550757,0.004570528512716831,0.1753321798979879
150,0.10856386636122727,0.12405062008807939,0.0028350764114841655,0.004659751902351466,0.7598906852368577
151,0.20922110288108742,0.2472657207516176,0.0014916546981753505,0.010585239999873866,0.5314362816692458
152,0.10801272882571093,0.633147450640556,0.007221118203639149,0.03185906989430374,0.21975963243579022
153,0.22914735321332957,0.3937921074191561,0.010823495170718423,0.09769920511546622,0.26853783908132967
154,0.3241471727579508,0.16877107215365045,0.00196637466115435,0.14255396848075894,0.3625614119464855
155,0.1755873716624461,0.37528041083635494,0.001168748530687423,0.32676841069214324,0.12119505827836817
156,0.13662934444827712,0.11336265856994417,0.0010234754835740942,0.13195351894706156,0.6170310025511431
157,0.388286423742789,0.12216614186201616,0.0010911259116166705,0.09089304647188774,0.39756326201169045
158,0.41694894418234557,0.06772697341610219,0.00032856329473699987,0.2628512144284569,0.25214430467835836
159,0.4536890216340633,0.24904162270691738,0.000961970284175758,0.11161038922195245,0.1846969961528912
160,0.28209247590571257,0.5368889661794137,0.0030339662814785444,0.09440289917306094,0.08358169246033417
161,0.31800783387957715,0.16651911445646517,0.0012154582380916798,0.10446346274964731,0.40979413067621884
162,0.18923050093989147,0.1267755700850334,0.0024826521517671675,0.03416202192108554,0.6473492549022224
163,0.20857522583584545,0.6379818088725071,0.013854494902315589,0.05437077115980084,0.08521769922953115
164,0.2533681382637633,0.511762016543291,0.003386076143948894,0.06751508337465974,0.16396868567433712
165,0.13648410750222698,0.7733321070400976,0.004329854827637967,0.04115515166056896,0.044698778969468465
166,0.2048732258016189,0.536923367699068,0.0037255295142362083,0.1463960851685608,0.108081791816516
167,0.274358035636766,0.44177639270685737,0.00108972315759679,0.19232009271534295,0.09045575578343695
168,0.051434118687752155,0.8489938382405212,0.00879338729507628,0.07596313601111682,0.014815519765533513
169,0.29045465481204785,0.6265603445229665,0.0037941279101755174,0.056654973839008915,0.022535898915801104
170,0.08338686096364467,0.8216791318255775,0.011011462909694274,0.07156772824658239,0.012354816054501085
171,0.16802432413222262,0.6101053579980233,0.002938568727370126,0.1387827835274498,0.0801489656149341
172,0.20752375506770393,0.6344876876617571,0.0022165211283742764,0.06819694831170976,0.08757508783045492
173,0.060012182073564777,0.7347552782420019,0.022018860439983495,0.05467385966443288,0.12853981958001684
174,0.30660201260329467,0.5332289054336133,0.008487172277679993,0.07416013887490554,0.07752177081050644
175,0.20600518740898324,0.2540306676853119,0.0075541751004675126,0.10144184865784653,0.43096812114739075
176,0.18582677473920123,0.15041347592723692,0.0016790544816769142,0.03838317230123542,0.6236975225506495
177,0.4043753217042425,0.23616918707867907,0.0016672411577591437,0.017027987032116443,0.3407602630272027
178,0.373493619314864,0.4476835413563479,0.0023483356514459883,0.011159076572461167,0.16531542710488104
179,0.14654066152904568,0.802170761880272,0.0007129111702548259,0.017851496416076182,0.03272416900435144
180,0.14840296104662898,0.756100459292533,0.0006607784100064474,0.03587273408652666,0.0589630671643051
181,0.09269675085170863,0.8584080267406956,0.0015006686666181406,0.025310085071972965,0.02208446866900488
182,0.25266374888609905,0.659371575938857,0.0067243910316167966,0.04481389826832092,0.036426385875106326
183,0.0599241481779653,0.8678804972062879,0.0043428980697958084,0.05625504173246362,0.011597414813487425
184,0.016256419818132466,0.8927623359779197,0.01483989434147905,0.06948452411290802,0.006656825749560821
185,0.06308139044113928,0.8005720948030098,0.0006043702851822302,0.06625302196917042,0.06948912250149829
186,0.08839014480896955,0.7594117363864505,0.01105848010354915,0.10198971864078592,0.03914992006024474
187,0.08989307979377788,0.3946062917070851,0.0014237968764137725,0.04522266252003564,0.46885416910268773
188,0.256846030526437,0.30933766115683187,0.0020720373782950516,0.07478130560982164,0.3569629653286144
189,0.2641403137457693,0.5142228267617416,0.0009984309015482653,0.10122321967360881,0.11941520891733198
190,0.0653143577317308,0.030641242031395625,0.00013538094054312138,0.01775277297081437,0.886156246325516
191,0.34090179117983543,0.10624378816367358,0.0006340609803616913,0.0316554995576211,0.5205648601185082
192,0.2729763236610674,0.10512220225082033,0.005761199062320765,0.015570374197579832,0.6005699008282117
193,0.38779434435513915,0.08441863819428344,0.0014805749220778701,0.01432903575887066,0.511977406769629
194,0.21016257958638002,0.0335509806610878,0.0005415976474670223,0.01137741044493535,0.7443674316601299
195,0.09839500658552168,0.02676650345019163,0.000952789017910701,0.01697630568901024,0.8569093952573656
196,0.24762627835784856,0.06862362007067493,0.002525207222042207,0.025392705000481124,0.6558321893489533
197,0.10181250539442163,0.05164907980998639,0.001268202146587556,0.01851822877660595,0.8267519838723983
198,0.19311562289966988,0.1840033332903541,0.0033627861502798393,0.05761539647066112,0.5619028611890352
199,0.21904112358648184,0.06883861150192336,0.0012008561211927099,0.08208028528784009,0.628839123502562
200,0.09306326739121168,0.1547839169165944,0.0011539289230609504,0.20366372856752807,0.5473351582016049
201,0.17399653882000693,0.24966184014329978,0.0015254922000930721,0.2749907730505393,0.2998253557860609
202,0.1273786098891459,0.05268546616988847,0.0018544887901922576,0.1525289383947593,0.665552496756014
203,0.43595289828182904,0.1758601589786615,0.0006896738439117706,0.17662400847727416,0.21087326041832358
204,0.39204945147664577,0.08782508176208416,0.0009333253970851091,0.12740571973677675,0.3917864216274082
205,0.3313031608975646,0.15647628428486818,0.000601472252275576,0.2729667856700798,0.23865229689521184
206,0.39249031192238926,0.15212395743463134,0.0008527663654877232,0.23561846680471418,0.21891449747277744
207,0.5125878609454475,0.11268223158392032,0.0004089090812452011,0.21465315936577045,0.15966783902361653
208,0.31925888893356374,0.23948939261632962,0.001086096501494332,0.33906466014262204,0.10110096180599029
209,0.2939041873589269,0.31316965684387743,0.0036204739917888805,0.23900447405353764,0.15030120775186903
210,0.19932571502356203,0.3567702045395253,0.0010072852394918121,0.29598964555277035,0.14690714964465054
211,0.27374001144655435,0.21386131874158196,0.0019351612160861762,0.31849931886061894,0.1919641897351586
212,0.21546227209961552,0.2551607506700758,0.0023570633364230456,0.3887216600794929,0.13829825381439276
213,0.20139716011503642,0.25307644913255734,0.0030555348298697393,0.48353313439016615,0.058937721532370334
214,0.09081291613686984,0.20295648773192945,0.0006410311035929488,0.6260962802734737,0.07949328475413406
215,0.0465646581171445,0.09369264337092206,0.0011956135837821414,0.029343353388509987,0.8292037315396412
216,0.27526235499526525,0.11529815486086999,0.0004659012802318366,0.185248132511818,0.42372545635181497
217,0.40462284936958187,0.19990254206361766,0.0007483278562826013,0.18409749813671697,0.21062878257380102
218,0.5398529955730588,0.15484635115231551,0.000713630781036102,0.07560637793921668,0.22898064455437303
219,0.37546422421221964,0.025668295555894637,0.00034192902757591306,0.16557145662631234,0.4329540945779976
220,0.3063456465612479,0.30336332652807335,0.0008491634438605087,0.23384634226872567,0.1555955211980927
221,0.2072618659727129,0.5381574970995336,0.0011095101735430673,0.18092558846414797,0.07254553829006254
222,0.0429669301487764,0.8106408494695786,0.00037871193446907384,0.13682808875681987,0.009185419690356045
223,0.04515663282661315,0.6896942667151683,0.001731686568501603,0.24895814937705774,0.014459264512659248
224,0.021718331328317624,0.7640427597200407,0.00015853600705755284,0.19919039315499268,0.014889979789591603
225,0.022985155285927452,0.8895652316182139,0.0003747891632293649,0.05127576748792932,0.03579905644470001
226,0.05997118009008918,0.6420043476507814,0.00024135184413911253,0.26870164838732113,0.02908147202766916
227,0.18564164333117697,0.2827580304641433,0.00019256828493620444,0.30847332636736974,0.2229344315523738
228,0.1871053480455721,0.3388063468590812,0.0010070494855138016,0.34210642206008995,0.13097483354974285
229,0.06414638862455936,0.0812096767997535,0.00039369977556922447,0.058730485767937095,0.7955197490321808
230,0.3372744522389778,0.14629596609986692,0.00047416687720010914,0.0334577694893271,0.48249764529462813
231,0.5049452880634304,0.08884319584312267,0.00028511305177457994,0.028625474057185372,0.3773009289844871
232,0.5767079799007122,0.17631725323257136,0.00047469156853915804,0.06460279949063606,0.18189727580754114
233,0.5594686396144295,0.13602101773753858,0.0009651898297508362,0.13098808937363515,0.17255706344464608
234,0.25374080660733767,0.5079430528373085,0.003079171280635987,0.1553031625046065,0.07993380677011142
235,0.34519075802335775,0.28194580460879354,0.003354068784349172,0.31584804937740746,0.053661319206091955
236,0.21011367396140107,0.3817448150730793,0.005523760631762044,0.37363408047146,0.028983669862297716
237,0.2066579914649529,0.39769514760637176,0.00184217258787868,0.3181430382391699,0.07566165010162676
238,0.09334135924596366,0.7399556381109228,0.0075982275461566945,0.15013406849766464,0.008970706599292243
239,0.045757639906716906,0.7700179460784536,0.03585183790173625,0.1395985135303993,0.008774062582694002
240,0.0735992409675864,0.6802359421722979,0.033295704336116956,0.18364342206877748,0.029225690455221325
241,0.052046854844374,0.6487221759121631,0.0026128218109672564,0.28685684210661533,0.009761305325880388
242,0.04333857807966733,0.7550539102838222,0.005160233038969433,0.19147208291860796,0.004975195678933179
243,0.05394523032052167,0.745420870670946,0.011728951564359356,0.16818272554774424,0.02072222189642879
244,0.09277442749346623,0.7243051037133996,0.0056419947311322875,0.1646289448083192,0.012649529253682807
245,0.10159099789050191,0.6759683825696907,0.002863528593928442,0.1515219030619621,0.06805518788391682
246,0.10010647479428116,0.7719936670542613,0.012663016824595004,0.09098699672356392,0.024249844603298487
247,0.16155755882950978,0.663782209566468,0.012346489602651419,0.1399103281951969,0.022403413806173837
248,0.21109148590941768,0.6176433260537134,0.0074391812126063635,0.1435048570627571,0.020321149761505366
249,0.11769634919323724,0.4780235430845916,0.016484167903856338,0.3695109438372063,0.018284995981108693
250,0.17194109011836523,0.5065128387433387,0.0028909661583984164,0.2657469463155393,0.05290815866435836
251,0.094562151811505,0.6091022797637825,0.008575018324203269,0.2767833395312134,0.010977210569295707
252,0.12250815850359553,0.679732961824453,0.004218732581984261,0.17978602523918769,0.013754121850779602
253,0.09155510129624456,0.7903883690427339,0.004485031546365285,0.10126024336396189,0.012311254750694323
254,0.14055919360536026,0.7286295198840717,0.005375207089739377,0.08461467734721695,0.04082140207361165
255,0.15262459582822704,0.7478272073714717,0.005404129099502553,0.07438305327248916,0.019761014428309454
256,0.19008121968726688,0.6838547434914751,0.004838796437006396,0.03442320599167956,0.08680203439257218
257,0.07505258944564296,0.875872999557961,0.004228172161791544,0.014848418211857542,0.02999782062274695
258,0.14376966560297205,0.6813569600631576,0.014063815908922538,0.05931967116541561,0.10148988725953222
259,0.04062511405364843,0.6531584694462004,0.020408197769630185,0.012895359185400206,0.2729128595451207
260,0.0009176687909464495,0.0012343763250415802,0.0005633527844232807,0.0011652211206305359,0.996119380978958
261,0.001368188996024166,0.0007955048074724726,0.0001643800339625398,0.00065026968252247,0.9970216564800184
262,0.011531698197451576,0.001127569011851609,6.81592636587108e-05,0.003685406305899261,0.9835871672211388
263,0.041301917028626504,0.005136039967268001,5.367241583778026e-05,0.0055641954231174925,0.9479441751651503
264,0.11304357088832892,0.00854021688817644,0.00014231355517217505,0.01738656018451803,0.8608873384838045
265,0.03180658763280811,0.010315555207284036,0.00010528514472795532,0.010884267581859005,0.946888304433321
266,0.18853601359557579,0.021540841844249217,6.929999474913494e-05,0.053127710593585065,0.7367261339718408
267,0.18970789150166734,0.027319395705952668,3.516008039639204e-05,0.07932231637057391,0.7036152363414097
268,0.21893878987968932,0.05583687429126701,3.102462648453438e-05,0.15936097750829067,0.5658323336942683
269,0.3831442826207671,0.16208389108697585,0.0003547971069660111,0.09369840834017755,0.36071862084511364
270,0.3745781184756645,0.07820346903610714,4.135893398438544e-05,0.23381628797947093,0.3133607655747731
271,0.42730036996240106,0.11633609833478904,0.00017813564688410198,0.195822651253103,0.2603627448028227
272,0.24603390137669676,0.12993429824793304,0.0001290528159880181,0.34440110337620994,0.2795016441831721
273,0.20915445776111355,0.0388769202877864,2.119378976520091e-05,0.27473124020030704,0.4772161879610277
274,0.36500804535725373,0.12043570156103198,0.00011102903196343591,0.2778829832349832,0.23656224081476765
275,0.3281010671255827,0.09678917565590223,0.0002513770686960367,0.18314413237313967,0.39171424777667935
276,0.0643517448531386,0.024040282269770185,0.00025341360481745216,0.020463710873399654,0.8908908483988741
277,0.2534487284587755,0.05120330072717408,0.0003096614946090619,0.15511081983908306,0.5399274894803584
278,0.29022738530279474,0.406386544029755,0.0011673243879532346,0.13659695161466956,0.16562179466482746
279,0.3443499074057457,0.08964346311320745,0.00039516334829712283,0.34870914987421914,0.21690231625853054
280,0.17742856224527717,0.2633429039561885,0.0013943754165399054,0.3059239117615579,0.2519102466204366
281,0.251272100259542,0.040461255182684265,0.00027358169708576775,0.32954539793566645,0.3784476649250216
282,0.2658222243411248,0.1157323840144275,0.00041529734388591927,0.520099347269606,0.09793074703095575
283,0.2679799687445623,0.03952650758802911,0.00018962544785760247,0.24456955578350695,0.44773434243604393
284,0.4358347549245351,0.09892864615530848,0.00017630070170636438,0.22673487815877513,0.23832542005967502
285,0.3562976793013047,0.35612716631986147,0.0010977709946299564,0.16681937293298393,0.11965801045121997
286,0.08255846733460365,0.7419798326792306,0.0008183731427447517,0.16277306873628733,0.011870258107133644
287,0.11495223257313775,0.6458535566922545,0.0006681698828518363,0.18557592083616883,0.05295012001558709
288,0.06068586716857544,0.7060468419802616,0.000532155129324508,0.1819902048512765,0.05074493087056197
289,0.10544552131769575,0.589634450186775,0.00275807719852533,0.18851174103875992,0.11365021025824408
290,0.291026143565417,0.24868793026526262,0.002459522835791471,0.18775140339388344,0.2700749999396455
291,0.11324835254369525,0.6954950319504728,0.003202972103779947,0.09746894022963438,0.09058470317241755
292,0.15905157707488876,0.6647838339373602,0.002206875763215327,0.14899743884223537,0.024960274382300446
293,0.11720630205863848,0.5411208478341994,0.0002866553673949419,0.31359392042614614,0.027792274313621034
294,0.05752543255721561,0.7061217189962873,0.001555724902668614,0.2014653566115825,0.03333176693224597
295,0.08207882568430643,0.42850463662628496,0.00015650698761874988,0.34846768422865687,0.1407923464731329
296,0.08115206655795387,0.4898578251914941,0.00020665288284260792,0.32912891722570853,0.09965453814200083
297,0.08098370198915324,0.4217305399687029,0.0007663969613405673,0.4517084775350508,0.04481088354575239
298,0.16697420574263314,0.2927768163728316,0.0010669153654510658,0.46991373425679284,0.06926832826229139
299,0.20573784983907073,0.25553123820440216,0.0011374537940150927,0.3888749718889444,0.1487184862735676
300,0.12803180236228143,0.5316097851216223,0.0012348605763960508,0.28817043664272896,0.05095311529697123
301,0.0773035739984048,0.660412458619924,0.0007751654112566042,0.2474779285996523,0.014030873370762196
302,0.2934221302962813,0.326082413864104,0.0021028423847977403,0.3123902324982525,0.06600238095656445
303,0.2550032430142071,0.21567877709914404,0.0008391579240392121,0.10297225146190853,0.4255065705007011
304,0.38909274274478783,0.28713426290663846,0.0002838278776248634,0.1396334339349984,0.18385573253595056
305,0.41681184612411076,0.31350166599094165,0.001548577986146532,0.19647368845354546,0.0716642214452556
306,0.120910517338694,0.7439832870081573,0.001203316837427189,0.10313482526085709,0.03076805355486432
307,0.29525942075212874,0.2652330167688752,0.0010662975235975697,0.29959594698512204,0.13884531797027636
308,0.17367186539992982,0.3855975849961362,0.0012894372667733333,0.3869378038485198,0.05250330848864087
309,0.18866397025439058,0.3026719445796999,0.0052121495154270805,0.3597837475612167,0.1436681880892657
310,0.20392643542790767,0.3923501954654119,0.0013397018343223697,0.3008778584532259,0.10150580881913206
311,0.22618111448550354,0.42339029595242805,0.004990892405560972,0.25028574028941286,0.09515195686709474
312,0.21390474154844433,0.46886637268354847,0.004713747467675557,0.21613393118865992,0.09638120711167174
313,0.11101286425267724,0.21915333354413474,0.0013192814044934123,0.04641553347375404,0.6220989873249406
314,0.014744747954108926,0.01875975958923703,8.470924435333973e-05,0.003562593180916592,0.9628481900313841
315,0.23575673915775044,0.03108157405885549,0.0002477807876480802,0.007481843711641957,0.725432062284104
316,0.408268681845073,0.10469997651509845,0.0028201315269112876,0.0059066906397331675,0.4783045194731843
317,0.3278323765321214,0.1406988352820393,0.006833428114765711,0.006084204465799891,0.5185511556052737
318,0.305196715954553,0.28294648862493077,0.004872494506821856,0.01035410402147735,0.396630196892217
319,0.20699143075784598,0.14938978052546606,0.002111832396097864,0.015902971211576262,0.6256039851090139
320,0.012089041147844584,0.008822374533591042,0.0012497849968801933,0.0006909029181233747,0.9771478964035607
321,0.28591932020563265,0.5384212303320187,0.009454456484293414,0.003959023555610851,0.16224596942244432
322,0.1786390787577077,0.3782426330413285,0.005512929687432569,0.004388292820737692,0.43321706569279356
323,0.23286704427736984,0.5546186380200208,0.004902761349403042,0.009852715385981078,0.1977588409672254
324,0.32744359943452134,0.4232387253981056,0.011076787058902145,0.012472240189101726,0.2257686479193691
325,0.3678196533195693,0.5557154707255991,0.015594700108584977,0.008692608865379961,0.05217756698086672
326,0.24175522517090603,0.5790302330540046,0.015852374637391073,0.006852477420237246,0.15650968971746096
327,0.22518904131350345,0.6584842897943833,0.044896412413262025,0.018362058368847144,0.053068198110003933
328,0.1499665038171311,0.7825646755438773,0.042683564423944026,0.00890595053722955,0.01587930567781782
329,0.13241734179850922,0.7980724464452255,0.04142689343002987,0.009044069195330708,0.019039249130904847
330,0.07553728897822366,0.8378221196160978,0.0746768721015247,0.004555393451106202,0.007408325853047923
331,0.09013918063066043,0.8051468019774436,0.08350899110345662,0.008614694788313481,0.012590331500125933
332,0.092935586187666,0.7244921099457314,0.13251197819611926,0.020039165450347562,0.030021160220135797
333,0.0609751070836252,0.8125241232564786,0.06332368718964455,0.018546293283945747,0.0446307891863059
334,0.09190924173438043,0.8430447508252519,0.03172446946326342,0.01563090187803718,0.017690636099066973
335,0.02587683899789866,0.8209010897246538,0.13610674324852318,0.009170714012445734,0.007944614016478549
336,0.057650933154140334,0.8522241435681889,0.07288269512856685,0.00573164097324889,0.011510587175855066
337,0.030698595148423765,0.8967451850557754,0.054897863531883,0.0077569820818281935,0.009901374182089792
338,0.006024685321256646,0.8632001802676792,0.10204713418938853,0.023086353989026708,0.005641646232648811
339,0.024519071357210577,0.8379046106761112,0.09674925811092801,0.034074987311036246,0.006752072544713779
340,0.057322620850948455,0.8112820008102101,0.05037851583815591,0.06954470171305323,0.011472160787632286
341,0.030218824173388312,0.8633220225165372,0.04527163002554794,0.04147062418465689,0.019716899099869525
342,0.04784999517283632,0.8438715192889991,0.05926644211560263,0.0326586420306057,0.016353401391956332
343,0.10852965259990865,0.8100895382226366,0.02492168407727198,0.03690927446350178,0.019549850636680865
344,0.029575938797499566,0.8755020243627258,0.05033543808582377,0.027761072192664674,0.01682552656128621
345,0.04469481899564523,0.85494316913894,0.023506608957635358,0.0659712374400331,0.010884165467746171
346,0.07950029170253753,0.8169953557824347,0.02643686226903568,0.06469555600835382,0.012371934237638315
347,0.0326845747916428,0.8691100613288567,0.05930583675610546,0.03139550603057858,0.007504021092816438
348,0.11497059992089,0.6435539675832972,0.027414070139748913,0.03717898331474387,0.17688237904132012
349,0.32494738627538444,0.5229238278288799,0.006480908552633429,0.057180607578579096,0.08846726976452321
350,0.08805994207621963,0.8508749238001011,0.022817096992219434,0.015838006700888203,0.02241003043057177
351,0.1712018524169576,0.7591333929992504,0.00811360642942607,0.03894780316419153,0.022603344990174235
352,0.21749744030590265,0.5094711166780505,0.009505555276419797,0.06316220173903059,0.20036368600059637
353,0.2104479974802455,0.5336368623113462,0.053764234102526856,0.009345529357025366,0.192805376748856
354,0.22548928098817003,0.6172501443955132,0.05315612991501417,0.008068874307404862,0.09603557039389778
355,0.016143106377317612,0.012025415684196624,0.0019738979181990394,0.0029077952989307243,0.966949784721356
356,0.21021013453008358,0.6629063793400504,0.00696308705289522,0.01024979849247973,0.10967060058449118
357,0.0041514870186453515,0.010246300679408293,0.0015094716597631574,0.0004912962025332864,0.9836014444396499
358,0.006582974323095327,0.006986198697538806,0.0013587947073906476,0.0006315539469584718,0.9844404783250168
359,0.009854990674462872,0.013449307999069321,0.002861515357417032,0.0005254536963886581,0.9733087322726621
360,0.025307699076930354,0.009370716814315998,0.0006727148016755497,0.0017853417096401396,0.962863527597438
361,0.0007561835327256746,0.0005748524722938136,2.653293492904503e-05,0.0001996111718523924,0.998442819888199
362,0.005116505432105644,0.0427903160212735,0.00020015890667159767,0.0008033702753240374,0.9510896493646253
363,0.009199517849724902,0.004465839843107749,0.001608460185244364,0.0007390848080903943,0.9839870973138325
364,0.047619539313168646,0.004218995743274249,0.001987265244192271,0.0006795913189992068,0.9454946083803657
365,0.04899359713599405,0.004635636780824743,0.0011700241319359058,0.0004281606454435954,0.9447725813058018
366,0.053984983083636674,0.004563364210051804,0.0010004095121427413,0.00040884292517412327,0.9400424002689947
367,0.05529828479322365,0.004875380402657685,0.001283718164124106,0.00041214785788690704,0.9381304687821077
368,0.3563600929762282,0.01874389911439874,6.620909411160431e-07,0.0010069693195579445,0.6238883764988739
369,0.022430618369898455,0.02105285194741285,0.0013397193926211754,0.00611343757888551,0.9490633727111819
370,0.05947995137118887,0.003169489302625614,4.6685827815760376e-05,0.00037194645062173205,0.9369319270477481
371,0.033367725194082494,0.03643771628695921,0.0002154462447188625,0.0014437684754725752,0.9285353437987669
372,0.01915975284238042,0.01700946613716247,0.0001075428734500269,0.0009941369132070836,0.9627291012338
373,0.01707640979605519,0.016096575512437854,0.00026813020210500276,0.0020177245171900697,0.9645411599722119
374,0.012352974330819406,0.002252685950373545,0.00018583909907562786,0.0024131366468609487,0.9827953639728705
375,0.0705991856454891,0.003493790818074334,0.0003027244641681948,0.007377307114318331,0.91822699195795
376,0.05531518101161558,0.017194220485571187,0.00014299427925065121,0.020697629802837552,0.906649974420725
377,0.191172991306252,0.0638990566547579,0.0006989132376843339,0.014111626719459477,0.7301174120818462
378,0.21492939706600148,0.09694157074523864,0.0029424559729562547,0.02274319382584936,0.6624433823899543
379,0.1771985958502421,0.07964095859327869,0.00835441739725825,0.029009233331359685,0.7057967948278613
380,0.4473449868990808,0.0901661219744789,0.005099834371004308,0.037735450112111976,0.419653606643324
381,0.19347490533787956,0.14501562873995877,0.010280995649166812,0.05328034558106644,0.5979481246919284
