epoch,N1,N2,N3,R,W
0,0.0025517101233614174,0.00012896970862651927,3.607213527094816e-06,1.3005600950990822e-05,0.9973027073535341
1,0.002226715824982234,0.00014935203626403412,1.7515858480893605e-06,0.0002475612006688073,0.9973746193522369
2,0.009679595964853833,0.00038349473589777003,8.595711967517239e-07,0.00154221576853926,0.9883938339595124
3,0.014071604989356366,0.0008060100464825097,1.3883385599454818e-06,0.00039980567396759206,0.9847211909516335
4,0.03853917515516367,0.0013843407248094013,6.783910005387766e-06,0.0006514828259940923,0.9594182173840274
5,0.31273703350274673,0.007600668432722278,1.012495320779011e-05,0.0016296875396409796,0.6780224855716821
6,0.4767442923850331,0.004101670545359687,1.689994332115406e-05,0.0005147065891081023,0.5186224305371778
7,0.5885297650480157,0.0042411977644634755,2.9042894985891056e-05,0.0008597644100918242,0.4063402298824431
8,0.3511600197960835,0.016708866715962795,5.03042881858035e-05,0.003288253062837183,0.6287925561369306
9,0.30317746929018585,0.010742369384177358,8.011804678693078e-05,0.0029454217927564327,0.6830546214860935
10,0.3719394995989014,0.044669899613220376,9.42662549261763e-05,0.018048436452542012,0.5652478980804101
11,0.40639077053640243,0.07456806073211734,0.000230706185695094,0.016612816860319818,0.5021976456854653
12,0.29520400210869024,0.06623425125110256,0.00012970668238700923,0.012389152386904129,0.626042887570916
13,0.1030450153362543,0.06970207043198404,0.0002960543993049259,0.004364914600277723,0.822591945232179
14,0.17833801872674257,0.34331598143024744,0.0005023974706360629,0.010049580296485467,0.4677940220758884
15,0.10485792353459933,0.2847405555596884,0.00030427922603255906,0.00438481698976199,0.6057124246899178
16,0.10114392016809827,0.44608615195078094,0.0009097903609651057,0.00800762325382318,0.44385251426633243
17,0.052480679861660426,0.41970136508540185,0.000479531007792555,0.00331392221047735,0.5240245018346678
18,0.12498152260901642,0.21568937723598783,0.00025315180116093226,0.002989584687968714,0.6560863636658661
19,0.13681217819565755,0.5048878336395026,0.0006787870287666726,0.0010165687270496896,0.3566046324090235
20,0.1298630352638572,0.599863844682267,0.0009255936441435171,0.0006120682687363637,0.26873545814099586
21,0.3203387155592856,0.321360051637625,0.00043003178705624206,0.0012064939472689585,0.3566647070687641
22,0.04348170345512971,0.4876669974364387,0.0007504957645799965,0.00039576473004046265,0.4677050386138111
23,0.09381760642505052,0.4866583444363067,0.0018729505992781353,0.0007783374137851292,0.41687276112557947
24,0.10307043292742091,0.5792544076540272,0.002730094183301491,0.0004304850113703022,0.31451458022388
25,0.06707489133647009,0.46516549515414196,0.009398694661999206,0.0006127572354605227,0.4577481616119282
26,0.07039888540615766,0.46504851251773766,0.00432135533337561,0.0018625554363727083,0.4583686913063565
27,0.046515657959597057,0.5550694872280366,0.05911093463078755,0.0014609913636246799,0.3378429288179542
28,0.06439228488292835,0.7260415384687462,0.01157999600435563,0.0020364501452665665,0.1959497304987032
29,0.07841595860194993,0.7104618324247639,0.016550968728020365,0.0020059898412241126,0.1925652504040417
30,0.0685921881552691,0.517258101205099,0.06092558216617047,0.0009581133009239245,0.35226601517253764
31,0.09311125884043185,0.6764254425831759,0.06945101689794926,0.0016937553630161904,0.159318526315427
32,0.10101668752420853,0.5348648466261852,0.028408981456877133,0.004459686247528636,0.33124979814520056
33,0.027030338146857565,0.6845954137930415,0.24813965298406712,0.00039116608387070755,0.039843428992163185
34,0.02960942941904015,0.7822949323805454,0.14032247147770283,0.00039041569611573913,0.047382751026595754
35,0.01808737483756238,0.7144162208410454,0.24591317928763504,0.00013291983961637985,0.02145030519414074
36,0.014954479670728089,0.6341727439350731,0.3335532669334793,0.00020315922743647627,0.01711635023328311
37,0.018944526178101165,0.5336769846087888,0.42958148129845447,0.00018238471137251307,0.0176146232032831
38,0.04408406197079074,0.41804253876441416,0.4690395933243692,0.0005188903010853125,0.06831491563934071
39,0.015437266658983538,0.26879920366536253,0.6266206715892939,0.00014526792384865242,0.08899759016251131
40,0.012332000101144047,0.3023588977394748,0.6702911364595523,8.943193141444593e-05,0.014928533768414489
41,0.026275437405562,0.24122579712404563,0.6854024421933268,0.0001910465185182138,0.04690527675854729
42,0.0321054535992273,0.17107910850087638,0.6855108438625914,0.00022203313234019008,0.11108256090496467
43,0.01685487398906127,0.14408265960401384,0.7202376825410696,0.00014639530920117842,0.11867838855665414
44,0.016919168166259192,0.1032163082097854,0.8263747188022782,8.35457044842113e-05,0.053406259117192975
45,0.007306986460451001,0.12744626902844816,0.793191559349689,9.094781374995674e-05,0.07196423734766198
46,0.012504815720123685,0.4268688462834273,0.5317655520282959,0.00019957402292109717,0.028661211945231992
47,0.004211114072825343,0.09984128250174529,0.8721102230022857,7.393696890727691e-05,0.023763443454236546
48,0.003697873213808646,0.10654831567170578,0.8684814252824432,4.837484951920681e-05,0.021224010982523144
49,0.002074235993853471,0.10218793255750326,0.8773654396097562,2.8700961855996194e-05,0.018343690877031114
50,0.0020491995122092197,0.07699107115774154,0.8932461953101737,1.1264289819469382e-05,0.027702269730056135
51,0.0015210438075495252,0.06474983942999747,0.9105656828917386,2.006540393134832e-05,0.023143368466782912
52,0.0005045769079220679,0.06268570781296935,0.9289510267878632,1.614334393349806e-05,0.007842545147311976
53,0.000956162362162584,0.068367515103383,0.9144876166795248,3.771108950358203e-05,0.01615099476542592
54,0.0005577722465109912,0.06506424681597113,0.9298889698011535,1.6722098472160415e-05,0.004472289037892076
55,0.00023833696521876485,0.03533850166881547,0.9615160550470415,7.006206497715719e-06,0.0029001001124264463
56,0.0005900187411840534,0.05557969672807823,0.939524906523363,1.7222397347758465e-05,0.004288155610026894
57,0.00031760595419873076,0.029169827068609173,0.9680190653289591,4.107848598458236e-06,0.0024893937996342983
58,0.0006691883600115642,0.04699734972957083,0.9498014975876317,6.8918872934623474e-06,0.00252507243549259
59,0.00026037596939667304,0.030762122986985583,0.966098663761264,2.1393494828551256e-06,0.002876697932871052
60,0.0006239184984965096,0.07996466521802899,0.9150740291684516,1.2465325221235134e-05,0.004324921789801449
61,0.00031362107035081874,0.028784314067901905,0.9690173065039451,4.3487702040170555e-06,0.0018804095875980115
62,7.282297019063034e-05,0.019794532103303238,0.9792918697348735,3.3539199373347017e-06,0.0008374212716955124
63,0.0002558188594573435,0.031006352596148996,0.9671825842665114,3.334635015520512e-06,0.0015519096428667258
64,0.0005278849679848207,0.03925492169183805,0.9579122532643756,1.6091557325726312e-05,0.0022888485184757957
65,0.00047026402794698324,0.033085812200375625,0.9637874705884868,1.237553273245786e-05,0.002644077650458243
66,0.0003947007271623305,0.028379986594361032,0.9693732093802901,1.2325609782990056e-05,0.0018397776884032761
67,0.00020281159152765,0.020398693890571497,0.9779435513010322,6.697289098501315e-06,0.001448245927770326
68,0.0004657019943837539,0.07227538774045056,0.9247216530308404,1.6124567071239812e-05,0.0025211326672538534
69,0.0010093226682814911,0.03456424255734904,0.9622962216711092,1.3690431586703592e-05,0.0021165226716737
70,0.0008115399836469333,0.04536469835018288,0.9519153957515951,4.662067074590007e-05,0.001861745243829191
71,0.0010149328763705606,0.05773780054379578,0.9381136853106855,7.597114264743554e-05,0.0030576101265007197
72,0.004219350436122149,0.10362301312910849,0.8854237643605806,0.00018722741567657317,0.006546644658512279
73,0.0026273473434098803,0.05914821388311946,0.930330304275595,0.0002163169215308608,0.007677817576344725
74,0.01825878040126705,0.02129779578863786,0.0007869962322324919,0.0005414248892673689,0.9591150026885952
75,0.558104092696191,0.11365429406779463,0.0007439049994881851,0.006119706297235692,0.32137800193929056
76,0.7951954126049543,0.09701861565432113,0.000624728908188896,0.007726410023080082,0.09943483280945566
77,0.6709040700652495,0.21588909799840444,0.0012509818162220316,0.001263590534636884,0.11069225958548685
78,0.4363660404604589,0.24028441735347966,0.0005750462160851237,0.03795224648246633,0.28482224948750995
79,0.017497750448179434,0.049839145197088895,0.00041670520310394584,0.0030063962502858126,0.9292400029013419
80,0.11137419695110136,0.5204039651785648,0.0011608020514384425,0.12008780449576394,0.24697323132313154
81,0.14080492631774208,0.15189286297808569,0.00033879783703582623,0.234021389538235,0.47294202332890145
82,0.03939268542409161,0.7045506493361762,0.001204591742828624,0.025932007283072933,0.22892006621383051
83,0.0816178749109146,0.4913797011131905,0.0010377636286674381,0.14599559424443165,0.2799690661027958
84,0.14844890672168504,0.5707309976572521,0.0012067690921754835,0.1754084424130957,0.1042048841157916
85,0.12788153143584155,0.3750120723453534,0.0009715979626330802,0.17744395031044893,0.318690847945723
86,0.2520358842948905,0.544488208670097,0.0006936941484887703,0.11441901716119819,0.0883631957253257
87,0.2772402863124799,0.5959386137642422,0.0006030298879544327,0.09858347762607489,0.027634592409248496
88,0.07212979374141648,0.9142716122874666,0.001783205936190039,0.00224144547566361,0.009573942559263339
89,0.10652852459309667,0.8807883623098238,0.0027786065934124454,0.002619236614549477,0.007285269889117727
90,0.041053962731367265,0.9381782007410245,0.00834101104282291,0.0035457705599202744,0.008881054924864915
91,0.06216722157354955,0.9087833050384996,0.02025020083533731,0.0011579841825815223,0.007641288370032244
92,0.07966925517078892,0.5849788318031787,0.32123157405327435,0.00041046322506535835,0.013709875747692784
93,0.015084963527733983,0.4528100299937697,0.5257969743755887,0.00031435747373819144,0.00599367462916941
94,0.019217992889020163,0.8643643884618483,0.11049048077563853,0.0002879796211167506,0.005639158252376268
95,0.010359718849008423,0.14209891158117052,0.8410587045691562,9.095155007344105e-05,0.0063917134505915366
96,0.013756089493331203,0.344436582073327,0.6276755863390643,0.00022169960406287977,0.013910042490214544
97,0.003275281691574812,0.10901981932662573,0.882489608157833,5.597596392914278e-05,0.0051593148600376166
98,0.006635193630870829,0.4906424303548296,0.493164179637448,0.00039900608716819457,0.009159190289683287
99,0.001301657657352803,0.10275657886447288,0.8926804707841172,4.9872947905102704e-05,0.0032114197461521007
100,0.003377108977763065,0.29171792399881674,0.7013877387951462,0.00016813033685500174,0.003349097891418976
101,0.0011944179720496464,0.10939418680182408,0.8851149035235616,5.827300859633418e-05,0.004238218693968498
102,0.0028470271829050373,0.1817806446497782,0.8064617295976896,0.00010551414078622425,0.008805084428840863
103,0.0007851919929426392,0.08309914974622455,0.91339565949394,2.0174146503313103e-05,0.002699824620389485
104,0.0016952235088269656,0.17038253184673602,0.8243406569758756,4.583427357570047e-05,0.003535753394985636
105,0.0009592966351928537,0.07439583564372054,0.922783317065041,3.593983541113369e-05,0.0018256108206344728
106,0.001407330605056754,0.12061361598494053,0.8748485324551658,7.434648363980588e-05,0.0030561744711972813
107,0.000980067750424984,0.14916897093728926,0.8467142886867706,7.375565234900598e-05,0.003062916973166233
108,0.0004065489121254278,0.04390292972647505,0.9544926850119941,2.267364797263673e-05,0.00117516270143253
109,0.0008093442760328061,0.1090031854416267,0.888179974764453,4.197530610382448e-05,0.0019655202117837634
110,0.00022489247123147536,0.06583923157490408,0.933118706996409,9.725099486138895e-06,0.0008074438579694054
111,0.00038199650596435934,0.031213701059180025,0.9674078618280596,1.0622494607679897e-05,0.0009858181121883017
112,0.00034442267343698553,0.06650319337448471,0.931961735103474,2.041542082886017e-05,0.00117023342777542
113,0.0006107438405878478,0.08764854923860395,0.910237896655503,3.498615292091065e-05,0.00146782411238413
114,0.00017345016870330918,0.012506402090109796,0.9860371182367131,1.3534631413802026e-05,0.0012694948730600682
115,0.00037110506851525867,0.021552277117553545,0.9769460220692677,1.7731476444658913e-05,0.0011128642682188066
116,0.0007178646364442559,0.06463094819701118,0.9325899393069798,4.4285801647103585e-05,0.0020169620579178343
117,0.0006279074095297599,0.03477483280208814,0.9635735112020278,1.4672863714033296e-05,0.0010090757226401416
118,0.0007277073342560171,0.07851579275103775,0.9193745040927699,2.693404308818089e-05,0.0013550617788482754
119,0.0007729817290754631,0.06590662855676953,0.931712771536903,3.2168997401673664e-05,0.0015754491798504276
120,0.00109478032076296,0.02787426293291452,0.9692933676307054,2.249394968222189e-05,0.0017150951659348204
121,0.00207596450171877,0.07769013648066624,0.9172783045079699,6.707895293761041e-05,0.002888515556707594
122,0.0024992819106308033,0.09340494334122688,0.9005802267037365,3.59583753142149e-05,0.003479589669091467
123,0.0015171572082793461,0.12181804307543999,0.8731616235950328,4.148641681083806e-05,0.003461689704437028
124,0.0010357400226004333,0.05836065733018553,0.9390389648768903,2.967725733291927e-05,0.0015349605129906397
125,0.0013418853019708972,0.12226185385044985,0.8737396955723711,0.00013432602827915014,0.002522239246928981
126,0.0016336393038566687,0.06526530196795344,0.9310404455517067,4.686167351395297e-05,0.0020137515029692568
127,0.00048559267604894596,0.03606762752442354,0.9625998309749234,1.3026289842631887e-05,0.0008339225347615331
128,0.0007191640410804862,0.033351492907380625,0.9649707098502229,2.1480155004571455e-05,0.0009371530463113882
129,0.00044243789473787565,0.03131465770780422,0.966866574216354,1.8625446740959742e-05,0.0013577047343630304
130,0.0002028789805676102,0.02016448092264192,0.9791056945575237,8.91507857014352e-06,0.0005180304606966683
131,0.0003707586903333323,0.026085811819667428,0.972609964736152,1.775714830371635e-05,0.0009157076055433526
132,0.00012415233820778053,0.02270659554378498,0.9767002356888806,5.412042683166501e-06,0.000463604386443522
133,0.0004970251036726277,0.035334596923299634,0.9630617545884954,1.9515616589086306e-05,0.0010871077679434464
134,0.0004204192160078628,0.02587860476045278,0.9725422613594839,2.2281650052465977e-05,0.0011364330140028766
135,0.00015564162466893155,0.01095920383957686,0.9879807980235187,7.792754106260138e-06,0.0008965637581292689
136,0.0004898781689832923,0.031011109968587518,0.9672708488806966,1.8844402512693736e-05,0.0012093185792198626
137,0.00019980451098151707,0.01670364782874085,0.981631653054518,9.204641629733999e-06,0.001455689964130063
138,9.624599065821411e-05,0.014645186544029966,0.98450504479609,8.267976568337666e-06,0.0007452546926535753
139,0.00023594278877853717,0.011265825988784908,0.9875711017094267,5.576262521210799e-06,0.0009215532504887203
140,0.00024708419036317196,0.009817700122086579,0.9885285436089472,6.3611865738406095e-06,0.001400310892029242
141,0.00046245239982721184,0.020346381742217333,0.9781649417397246,8.978931956922853e-06,0.0010172451862737798
142,0.0005633200601725105,0.034380808280861576,0.9632730436865768,1.75318535908029e-05,0.0017652961187984459
143,0.000406707449139586,0.019954034992351898,0.9780212300628017,1.3109465974645386e-05,0.0016049180297319822
144,0.0006331209348895482,0.02748547400315352,0.9703586670766285,4.270276806516413e-05,0.001480035217263448
145,0.0003990477902192023,0.024181190551184038,0.9730064821333674,4.4895571176450974e-05,0.0023683839540527413
146,0.002007147683994644,0.03236266711066429,0.9572177163687522,0.00028648113747564225,0.008125987699113383
147,0.002764323110079661,0.08922463185146892,0.9027004434438806,0.00024394161584105197,0.005066659978729904
148,0.010007436719273262,0.1493535279660215,0.8092833971039014,0.0006873129973345398,0.030668325213469398
149,0.13887462527020333,0.4213123888737922,0.2772650215678077,0.0080167275353043,0.15453123675289251
150,0.06741742320082995,0.034146910826940095,0.0009449163306764563,0.005846396162395228,0.8916443534791583
151,0.20374718815534784,0.020470381848454684,0.00010044131069610878,0.012901913075639244,0.762780075609862
152,0.4520858179547847,0.2874312734603559,0.0006665037813040201,0.008238268588034893,0.25157813621552055
153,0.7920419398810387,0.0957680707335013,0.00010990821007839025,0.010991001597230467,0.10108907957815125
154,0.6224762157085221,0.05101362223485475,0.00010693497218830542,0.2853675971541709,0.041035629930264085
155,0.6435056637167537,0.090615052884081,7.446223371195343e-05,0.14923740649765482,0.11656741466779862
156,0.6862685128076728,0.041528983994049216,4.947339714617623e-05,0.2410727386294135,0.03108029117171835
157,0.22557762010261173,0.1185034651030165,0.00017724943916922774,0.6456683746373884,0.010073290717814237
158,0.09236433460090993,0.16745546170890135,0.00020522883089086241,0.7229270165724361,0.017047958286861745
159,0.01800442348198822,0.016180901296943755,3.0797457670171153e-05,0.9570980267541757,0.008685851009222426
160,0.013096924922004625,0.03910435455164123,6.805527346786718e-05,0.9438598741493017,0.003870791103584558
161,0.024098510032119054,0.01518170408218566,2.963120256100762e-05,0.9365104301852987,0.024179724497835425
162,0.026942898261280365,0.02175790186744566,8.099783244327784e-05,0.9395483411652317,0.011669860873599202
163,0.032192298410154294,0.010218968518399868,3.803158675235741e-05,0.9197901278972812,0.03776057358741221
164,0.09873976027198841,0.01150984197007425,4.594042122088807e-05,0.8711863011782277,0.0185181561584886
165,0.21193929322374158,0.02940476567329188,4.9548676200020965e-05,0.46494132527925874,0.2936650671475077
166,0.5232211254367372,0.03148967520686551,8.212564211819095e-05,0.3925545490740217,0.052652524640257485
167,0.4364959965229536,0.02077810092933378,4.890940775173372e-05,0.379493388721351,0.16318360441860988
168,0.2851608811964439,0.04913914625294292,0.0001955995754901522,0.4401686834757587,0.22533568949936433
169,0.05961653506391747,0.03430511971928732,8.591600625430355e-05,0.8639421248361048,0.042050304374436104
170,0.03917691004704885,0.0067085741187228815,5.494976813687294e-05,0.8965737618668508,0.057485804199240584
171,0.05161118613947747,0.009890805802515144,2.917260658520522e-05,0.8961090873542178,0.04235974809720448
172,0.09945758388544294,0.012191842624944197,4.220333006308475e-05,0.4153519342727802,0.4729564358867696
173,0.23776006274570424,0.004960649067107073,2.6954393130179936e-05,0.39782493870292573,0.35942739509113275
174,0.5310765446989628,0.009519110521178627,9.637735502078008e-05,0.28903250292531085,0.17027546449952707
175,0.550168093498166,0.011650535074639702,5.596793925449622e-05,0.20734584021119332,0.23077956327674645
176,0.5675522482216466,0.011572907969565671,9.644195614458341e-05,0.2368760509736239,0.1839023508790192
177,0.1150878603796472,0.010391654934222583,8.154969084494671e-05,0.8356461535151185,0.038792781480166766
178,0.12260745413688715,0.008066691194691793,4.548345900739335e-05,0.8576434322901413,0.011636938919272425
179,0.20997611438587008,0.008626926260174358,2.8549652913614874e-05,0.7563392392476186,0.02502917045342347
180,0.030667110207464373,0.006806957710397783,0.0001186748085116003,0.9355753592675906,0.026831898006035554
181,0.042574340924064674,0.003969839971292885,5.492276830177004e-05,0.938154266210483,0.015246630125857585
182,0.022233391885209227,0.006589041538875136,7.251187161100014e-05,0.9609488642015848,0.010156190502719736
183,0.017352586525455772,0.01011343300423812,0.00017015478173604376,0.9119082219896919,0.0604556036988781
184,0.029426614358753128,0.007086894211264321,0.00018591156550523937,0.9277099573776574,0.03559062248681989
185,0.013740924563756413,0.0032198404605416936,5.11140865691685e-05,0.9670312830756875,0.015956837813445125
186,0.01982455509097475,0.04573049065127839,0.006136965501673731,0.678122002472598,0.2501859862834751
187,0.04498500605197736,0.00413900088750156,0.0001393830980442113,0.8683800861482419,0.08235652381423483
188,0.15736035776194804,0.005125701741820278,8.367475862615683e-05,0.7789611401819181,0.05846912555568751
189,0.15797260390318432,0.004505256261756812,8.304396209652862e-05,0.803606308329085,0.03383278754387734
190,0.25372085693495056,0.009172952689048771,7.062055092544025e-05,0.7048189001512737,0.03221666967380158
191,0.15923830097150277,0.014391360253262837,0.00013744058308671618,0.7658613818403894,0.06037151635175822
192,0.11006181183789825,0.01067563328429053,0.00012135332511914859,0.8648224646767338,0.014318736875958237
193,0.09413144734109634,0.01062352404748864,7.598053508984736e-05,0.8835617288069887,0.011607319269336367
194,0.05703763920796087,0.006276987228499568,4.49403231659729e-05,0.9214584362181146,0.015181997022259001
195,0.056959807032365944,0.010156236921452759,4.961111472204259e-05,0.9191284523969876,0.013705892534471619
196,0.09206205071884373,0.010042904385464367,5.8889783877829615e-05,0.8838142840909157,0.014021871020898408
197,0.07915663863467098,0.031590388207150204,8.325244230890242e-05,0.8750947251471036,0.014074995568766317
198,0.06533618308235382,0.01529699296534224,4.0036844456413576e-05,0.903984520227805,0.015342266880042503
199,0.1921672356635455,0.033742544895284644,4.971620946598779e-05,0.7598647481969096,0.014175755034794322
200,0.08469221441522924,0.08879017423881917,0.00011037235627996205,0.8117420484611049,0.014665190528566664
201,0.18191737262711682,0.17693661517332293,0.00010098520178381746,0.6167093935734663,0.024335633424310152
202,0.08692352791562895,0.15715391836727713,9.295726640197054e-05,0.7431318592465642,0.012697737204127752
203,0.09644439772154788,0.10948682045698158,0.00011041076122350838,0.7801343663324626,0.013824004727784452
204,0.10298172344229851,0.2714628052836069,0.0004977792926162256,0.5292877216051404,0.09576997037633805
205,0.13449689304140994,0.2349082718994537,0.00047929953739568,0.6060462508121337,0.02406928470960686
206,0.09746307084035667,0.5054613445984636,0.0006309976382281455,0.37189687878431993,0.024547708138631667
207,0.06356896893898284,0.5392458673192337,0.00043069505623752075,0.38258393955156816,0.014170529133977715
208,0.07276154644947393,0.6665237222883065,0.00042793452416476453,0.24084060548161196,0.019446191256442813
209,0.03449238464316391,0.8704896138125412,0.0004789410552823281,0.0889641816476903,0.0055748788413222585
210,0.04905324883375674,0.823161166054915,0.00047659818868092625,0.1174654925041694,0.0098434944184779
211,0.06334397558875704,0.8377800315880286,0.0007685647213720247,0.07227754485023573,0.025829883251606737
212,0.02525862199027198,0.9307095846308405,0.0010522740774820461,0.03875758611427991,0.004221933187125547
213,0.11001888319864712,0.6814257005655192,0.0006201249561654667,0.20044624823769056,0.007489043041977544
214,0.014326196891155383,0.9700359099726016,0.0007067335251087848,0.01198286790371635,0.002948291707417971
215,0.08999887082249046,0.8456575010451365,0.0010398769850910512,0.05279075310065387,0.010512998046628195
216,0.05842573718655311,0.8997729938622058,0.0014784125517796898,0.014877402764034686,0.0254454536354267
217,0.023435707302949593,0.9676604865282397,0.0012522423177146872,0.003114777582211611,0.004536786268884258
218,0.04701546588609996,0.9434112388655518,0.0007735980317435982,0.00578792278411073,0.0030117744324940363
219,0.02291819086866882,0.9689648065545449,0.0006916025619605988,0.00494437811730927,0.002481021897516666
220,0.018175229212859825,0.9737114188669022,0.003210458596715992,0.0012672827698030182,0.0036356105537190216
221,0.016485443968727746,0.9682507634124637,0.011789771446006172,0.0010056739511126692,0.0024683472216896125
222,0.03416881510530809,0.9515053219074502,0.010292728723403645,0.0009129949898665882,0.0031201392739715144
223,0.010851208026898734,0.962200265774201,0.02451080655595066,0.00042851408675598267,0.0020092055561937226
224,0.018602429801023397,0.9773880691807861,0.0026515539992349874,0.00040923245569826676,0.0009487145632570912
225,0.012586300426550609,0.9751747322057531,0.010587352234858346,0.000424562831000507,0.001227052301837306
226,0.009618949843853095,0.9117206790079847,0.07523111445595507,0.00034847858620079325,0.0030807781060063987
227,0.008550147685402942,0.8446186805545803,0.14495635273111349,0.0004333737764912106,0.001441445252412009
228,0.020910951303479718,0.8776349354170864,0.09760451162536364,0.0008475031451198723,0.0030020985089504308
229,0.017973763473509784,0.8825049118107989,0.095691281668837,0.0009826142202699246,0.002847428826584241
230,0.007873031957010942,0.935690362085232,0.054336447802638056,0.000508936053064657,0.001591222102054397
231,0.0026012447588992394,0.6696399295154238,0.3255132922999325,0.00040712845299529246,0.0018384049727493117
232,0.004402210372161892,0.8621135624444168,0.13083241501283607,0.0011095259706296271,0.0015422861999555004
233,0.004743504840802467,0.7451636254584414,0.24509621424557188,0.002496071710659029,0.0025005837445252173
234,0.00848264449419147,0.6849207354814469,0.30034470263069074,0.003986950868673909,0.002264966524997017
235,0.151136216111503,0.7650265620346979,0.002993880447305177,0.05726343927132947,0.02357990213516453
236,0.07805756671001025,0.8848416286007504,0.0029387601366206765,0.020549231442618488,0.013612813110000371
237,0.12193945840689861,0.845341880184149,0.002479650606863776,0.020421224635506562,0.009817786166582042
238,0.05030011047925148,0.9361989584012076,0.0013412757071519013,0.009687788807174167,0.00247186660521488
239,0.06130764990130122,0.9188713438534339,0.0015407460227889538,0.012938833856732153,0.0053414263657437615
240,0.04492209542439535,0.9331423426829657,0.0011762854869047143,0.01725917620105442,0.003500100204679851
241,0.01022142267332645,0.9696123886037699,0.014238924641525466,0.0038767222099327526,0.0020505418714455333
242,0.08790472867902048,0.8502798544822999,0.0018504468258490757,0.04788874096317432,0.012076229049655988
243,0.06900932151819737,0.8695057646422155,0.001853803027293882,0.052283621230921465,0.007347489581371675
244,0.03222852297573326,0.9573500107653022,0.0009874306726610448,0.00752652004878189,0.0019075155375215746
245,0.0421291984322486,0.9479226071525221,0.0016286977753596358,0.0027209810479529263,0.0055985155919169895
246,0.013551693311155775,0.9824876365723818,0.0009660588378954158,0.0018900456069677555,0.0011045656715994365
247,0.08287397206073215,0.9046798718015189,0.0019868200514630897,0.006749010750264235,0.003710325336021914
248,0.011000236224755688,0.9793123896869514,0.007924660709270587,0.0008441500005242316,0.000918563378497859
249,0.03736699698593034,0.9256074242512211,0.028551973093209494,0.0018839775225182392,0.006589628147120604
250,0.0219504598746755,0.9256135371236484,0.049083308844613,0.0011417516288901716,0.0022109425281730552
251,0.02489755842170854,0.9160379465941386,0.05484633532946048,0.0017480773251767926,0.0024700823295158007
252,0.044836065713067245,0.9285994063703508,0.021510106505627402,0.0031791257898153248,0.0018752956211392727
253,0.017962649207620057,0.7372073905900073,0.2388267995314746,0.0019461076733038858,0.004057052997593979
254,0.021560403565848173,0.8335363179231655,0.13354536508907852,0.004824425253256396,0.006533488168651294
255,0.0032233507520161605,0.8140622801289019,0.17654306839221745,0.0035553697166022863,0.0026159310102621407
256,0.023243955569331575,0.8113552958445316,0.15208166861543346,0.008436119537814823,0.004882960432888533
257,0.031017351155700715,0.8780522838564792,0.0219343692430284,0.04504037044136528,0.02395562530342617
258,0.15079052218078368,0.689188592995005,0.0025892854673273164,0.14064649041093624,0.016785108945947712
259,0.08174869976617616,0.787552908878428,0.007383259362350814,0.09646030700401469,0.0268548249890305
260,0.1414745123760049,0.42027402019195803,0.0007772908783499718,0.3844530640093305,0.05302111254435658
261,0.2494470865700733,0.41501714814935203,0.0005455851301690429,0.30282141278760927,0.032168767362796453
262,0.2245141627527141,0.4958081663199502,0.0005556348750562213,0.26111070033410166,0.01801133571817766
263,0.2834402759797334,0.6199993509741231,0.00038349946960631985,0.08986317900958109,0.006313694566956148
264,0.0947242573500346,0.8440573429204337,0.0010563049665290101,0.05243518206190782,0.007726912701094966
265,0.07175395438728652,0.8544983790652975,0.0005349484484625088,0.06372621896931131,0.009486499129642372
266,0.042550449714203464,0.9151329991673234,0.00037156464841778036,0.03989242018819819,0.0020525662818570833
267,0.019477888614937187,0.9508856663877158,0.0011026965900523017,0.026211581517127276,0.002322166890167308
268,0.008679170252713137,0.9772029833210544,0.00043017955401303514,0.0128348833868924,0.0008527834853270753
269,0.03134384494913352,0.9320839879964633,0.0011074309879398002,0.03216219109782206,0.0033025449686412914
270,0.038170212148723494,0.9406456272734488,0.0015244883489080505,0.013841033848835593,0.005818638380084126
271,0.06765607075905336,0.9079943012553969,0.0016908970849622582,0.017774691284749237,0.004884039615838082
272,0.011053160624446917,0.9819897732028325,0.0013194340132959802,0.004671971076877727,0.0009656610825467505
273,0.020799277770715295,0.9621086737437996,0.005160377735694252,0.008953987523425333,0.002977683226365327
274,0.012389693628843389,0.9733444940436888,0.0030096659579909872,0.008159718741159262,0.0030964276283175695
275,0.014872087183748021,0.9598960523923165,0.002774005430227718,0.017810253355743547,0.004647601637964159
276,0.020433082860167134,0.9492530540879235,0.003747010813190843,0.019252923704697136,0.007313928534021365
277,0.055380055116436434,0.07304217176605177,0.0005607433524086231,0.010819612293460854,0.8601974174716424
278,0.23986822937576974,0.03589365329584284,0.00016748782568095123,0.005341627326640212,0.7187290021760663
279,0.9337006994006403,0.017035032158169514,0.00011372102047995163,0.009358369102612889,0.03979217831809718
280,0.8776757363303308,0.06889631356720842,0.00021183500584290855,0.011986897889670771,0.04122921720694712
281,0.7523787837280788,0.14268763532414738,0.00015890891664605632,0.06591187726124562,0.03886279476988212
282,0.18919516568921976,0.4860083159655379,0.00048186587606185077,0.21801634978713635,0.10629830268204415
283,0.06941490281889504,0.5141879941854326,0.00042406955815187325,0.40266405797330984,0.013308975464210686
284,0.07145208025677066,0.6367359395167382,0.0004446538963682718,0.26064606221297454,0.030721264117148206
285,0.04083093899946462,0.6804096840843654,0.0006728329048753954,0.24660799918760137,0.031478544823693014
286,0.06019651571533916,0.6236305813123453,0.0004587433706321218,0.30167171744269045,0.014042442158992778
287,0.05695419715625451,0.7065454597277511,0.0004442299141896241,0.22667211355032663,0.0093839996514782
288,0.12355189481013354,0.6325719686776874,0.0007331109452073887,0.2220801026936036,0.021062922873367994
289,0.08295932764424635,0.8164525039262496,0.0005713932238559022,0.09541988752949955,0.0045968876761487785
290,0.06669560050803673,0.8808277452750395,0.0006894366530668609,0.0484820664668007,0.0033051510970561727
291,0.10254693128401297,0.8669598684755923,0.00028428747493767473,0.02681451787794035,0.003394394887516566
292,0.010749382903888952,0.9760726972365341,0.0007399116973997248,0.010929578664027152,0.0015084294981500077
293,0.02970514544469167,0.9463614703333326,0.0016568007009971956,0.019697208835217014,0.0025793746857614946
294,0.06562030827871045,0.8904221171758311,0.0009017531717639104,0.039363093359417636,0.0036927280142768876
295,0.03741740205054237,0.9188169362289497,0.025463047891242797,0.015885733815675148,0.002416880013590096
296,0.01225429449427479,0.9707697038461826,0.00872841640311303,0.0072689320977675585,0.0009786531586622048
297,0.029531068749530858,0.9561593543590138,0.0059734982645749885,0.006685931529185049,0.0016501470976950832
298,0.012123544445623689,0.9505976070974963,0.033248945128124444,0.0018096385077788636,0.00222026482097668
299,0.013407866608344081,0.6441928834830685,0.3339780525621057,0.0018519089671556039,0.006569288379326142
300,0.019556618730337785,0.8843960759490518,0.09133928382037408,0.0014128381438224837,0.003295183356413643
301,0.0033632499566980056,0.5293895558043747,0.4650791037796163,0.0003595752513154813,0.0018085152079955278
302,0.0028089297440711094,0.2830817974732231,0.7115669755422974,0.00022251096668003215,0.0023197862737284773
303,0.0042408429841951124,0.3937624123860475,0.5987511314288347,0.0003499536657668781,0.002895659535155721
304,0.0014400153619844702,0.13982648657620927,0.8565988728029056,0.00013949153860305882,0.0019951337202977256
305,0.0018260673067100276,0.1097542175530639,0.8859228759390686,0.00015199630440079518,0.0023448428967564575
306,0.00354904167503054,0.5182420690466315,0.47487475614253755,0.00023256642788484932,0.003101566707915666
307,0.0023078666191471615,0.12559674665704984,0.8701869363573098,0.00015262593952711158,0.0017558244269662202
308,0.0009869390144105709,0.07318380127201443,0.9244692770540512,0.00010759614469308688,0.0012523865148305632
309,0.0012948685878698245,0.09540777327934734,0.9003041990573263,0.000144128308006504,0.002849030767449961
310,0.0022179749084307895,0.0956799569153407,0.8994636179359606,0.00017039120285832003,0.002468059037409607
311,0.0024017246742608998,0.17900728246317477,0.8154846690200515,0.00027253685145068614,0.00283378699106213
312,0.0014998866219143349,0.09980713086816621,0.8964871630845758,0.0001522604520221478,0.0020535589733216533
313,0.0020915453147551176,0.10932075695735421,0.8854500862666286,0.00016778526967273493,0.0029698261915894098
314,0.003109994022379528,0.06567834729738242,0.9278363992582509,0.0005295972002321244,0.0028456622217549934
315,0.008116730259289752,0.28255067796329336,0.7002992857912659,0.0009330079940539779,0.008100297992097197
316,0.004666797214898963,0.23674122122341132,0.7545945849561974,0.0002844477570580958,0.003712948848434183
317,0.0035014283836744477,0.3146662279448729,0.6781014896185689,0.0003883683538668094,0.003342485699016961
318,0.008839095679316419,0.5493992429041235,0.43305228298655596,0.0007852161181885328,0.00792416231181565
319,0.0012538459179041025,0.12376678390388562,0.8734208332493371,8.561054159944585e-05,0.0014729263872738825
320,0.0028197899040518257,0.14184322026953053,0.8523306736774416,0.0001576976021870406,0.002848618546788991
321,0.0013092328862844716,0.08487833386335371,0.9117534119828233,6.28425108910632e-05,0.001996178756647479
322,0.001604961555385367,0.10081240049334787,0.8958494339296305,0.00014070905367932646,0.0015924949679570943
323,0.0021409578746664384,0.08814761335017321,0.9078972877149755,0.0002544934574780659,0.001559647602706827
324,0.0027984169276605115,0.11102865402919576,0.8838307756939988,0.00027710284939587025,0.0020650504997489407
325,0.0009386530186423124,0.1492250748062728,0.8479517557502481,0.0001591051833488331,0.0017254112414880883
326,0.0014047259571484945,0.09845753276166912,0.898031830628629,0.00014792370520297541,0.001957986947350406
327,0.000630223512015463,0.06680949251419663,0.9311680792065584,0.00011100009800668704,0.00128120466922282
328,0.0011636587792803314,0.08385108047926706,0.9133453313907486,0.00010017714938554174,0.0015397522013184837
329,0.0013875118778930804,0.05108958611511874,0.9465045089348055,4.600072187265536e-05,0.0009723923503099658
330,0.0010554621399473144,0.03907074753543442,0.9584586411874789,9.610337095112931e-05,0.0013190457661882364
331,0.0008995454893521884,0.05178719099811362,0.9465605663098847,2.9519613758395554e-05,0.000723177588891252
332,0.0011260125131473623,0.1132548404441291,0.8835030292867051,7.049727456180158e-05,0.0020456204814566386
333,0.00014767569892300934,0.029344540169181314,0.9699072848428095,1.3881388820556918e-05,0.0005866179002656007
334,0.0006672005170050538,0.048428852603084285,0.9495272073225869,5.045090887725922e-05,0.0013262886484465095
335,0.00032942226096023037,0.031063661628651693,0.9674088285726261,3.725953246216679e-05,0.0011608280052997544
336,0.00041154813950084097,0.034785696663553384,0.9640704120552862,4.952599825917631e-05,0.0006828171434005772
337,0.0014739469448985015,0.06763372089065497,0.9276678255702411,0.00021846827539869819,0.003006038318806579
338,0.00028260493031363596,0.023920715362268707,0.9752642408950052,3.555475125226638e-05,0.0004968840611601524
339,0.00025690424782550596,0.03085907392451855,0.9684165862814351,3.1165761002590626e-05,0.0004362697852183013
340,0.0006493381745885531,0.036252536075857565,0.9622764909964016,4.592867384238793e-05,0.0007757060793098479
341,0.0002687928140049658,0.01799133239048607,0.9812366019604241,3.9625631826548947e-05,0.00046364720325845496
342,0.0006131425662862648,0.05909566049420298,0.9395161463566278,7.200762331284604e-05,0.0007030429595699571
343,0.00015649558149831278,0.013386378821552709,0.985999468145524,2.1880159558091688e-05,0.0004357772918669673
344,0.00031612314525732523,0.02019725442165482,0.9788164697950502,2.1297324309118964e-05,0.0006488553137285882
345,6.883793783814436e-05,0.024500083387330347,0.9750638655290313,1.3139095283499748e-05,0.00035407405051659054
346,0.00017370145727676342,0.023777103229263637,0.9755635026041998,1.7420598770961953e-05,0.0004682721104888557
347,0.00021637885938998816,0.03302069754859908,0.9660592700267242,2.2580394298242064e-05,0.0006810731709885411
348,0.00043923753461925824,0.02529723570841871,0.9732391690724288,5.8808853577287286e-05,0.0009655488309559838
349,0.0004433066079139416,0.042205644021875696,0.956506452141265,5.1977051039536855e-05,0.0007926201779058535
350,7.551721420828765e-05,0.012820730718859034,0.9868057645573681,1.1885563432752278e-05,0.0002861019461316829
351,0.00012432391932775715,0.015911465306127123,0.9835271771294531,2.6521427178441518e-05,0.0004105122179136553
352,0.0003334470071520156,0.02484039838751484,0.9739987596211716,3.589837432262861e-05,0.000791496609838806
353,0.00045559611626168567,0.0330026896585475,0.9656517439852568,4.74651150821644e-05,0.0008425051248517968
354,0.00011362804071770916,0.026058738800833852,0.9733114915315421,3.0096307483194818e-05,0.00048604531942325217
355,0.0001553584664979902,0.024006048715382595,0.9753517618916255,2.499535178564971e-05,0.00046183557470814697
356,0.00020064906440887026,0.020261206878819545,0.9789470046842502,4.9511323577042474e-05,0.0005416280489442167
357,0.00046136991157347235,0.03512254567157189,0.9636008870076167,5.84959819449461e-05,0.0007567014272928914
358,0.00016251055323495732,0.0311619199372546,0.9680589729455538,3.020744629609457e-05,0.0005863891176604865
359,0.00016380558664531034,0.01648488825854161,0.9826587925188849,3.699679120730485e-05,0.0006555168447208351
360,0.0005372807775258857,0.03414383740811704,0.9638057585208284,5.164138269097587e-05,0.001461481910837686
361,0.00010748615632397581,0.02512615576857342,0.9743212396542424,1.4156869089585046e-05,0.00043096155177057844
362,0.00046781119014103546,0.03378350497700825,0.9644697344932971,5.174355492788704e-05,0.0012272057846258162
363,0.0002678714543809275,0.018201478249880863,0.9806902312145789,3.1529252715456176e-05,0.0008088898284438976
364,0.00031076578238531193,0.02829725912676154,0.9706363600004921,2.8527350413106534e-05,0.0007270877399479711
365,0.0005762766153165151,0.02855865022623185,0.9696113884950077,9.504864686677125e-05,0.0011586360165771004
366,0.0007442626358124545,0.02512141651422824,0.9711966934159946,0.0001454150564864993,0.0027922123774781434
367,0.00018324549821174016,0.01027163077349577,0.9888581398308598,1.988471283047063e-05,0.0006670991846023197
368,0.00042781174399724755,0.015893546654106208,0.9806556208244142,2.5745669924856527e-05,0.0029972751075573573
369,0.0007464620858767872,0.03073049360379346,0.9673606467566271,4.46940107491479e-05,0.001117703542953406
370,0.00041133500297651333,0.03144888507074797,0.9669832836675483,4.573293731809045e-05,0.0011107633214092326
371,0.0011109526916242391,0.10141201517416105,0.8949673277092922,0.00011765843630990928,0.0023920459886127405
372,0.0004276058153864597,0.04597867545494815,0.9525978819038319,6.079320181878946e-05,0.0009350436240146222
