epoch,N1,N2,N3,R,W
0,0.02858545612919145,0.006399982609680208,1.4992043256182813e-05,0.011785683473051518,0.9532138857448207
1,0.008884962341015339,0.0032208357796196896,5.890079797133291e-06,0.002876607119894196,0.9850117046796736
2,0.018548500938794506,0.0018209371123906312,3.7024591898654993e-06,0.0021207457181505853,0.9775061137714743
3,0.04113291470408789,0.006392931087498529,0.00026284402231567094,0.008521574013792103,0.9436897361723058
4,0.02460819103710621,0.0026083463897136586,0.00017110699916732348,0.0026960060099883686,0.9699163495640245
5,0.034062980365929016,0.0028335576485015797,1.1865230575773848e-05,0.002319182267118199,0.9607724144878753
6,0.02195404287373358,0.0017877690330323098,0.00018758984622224443,0.0028500787996748427,0.973220519447337
7,0.01092874477541792,0.0034532873426120865,9.16270453646565e-05,0.0015508595328068637,0.9839754813037984
8,0.04741960953392509,0.006646872587400801,3.173591368385802e-05,0.0020284478136386695,0.9438733341513516
9,0.011818360478167126,0.002532669685034778,0.001168210715389786,0.0012860471569613864,0.9831947119644469
10,0.005962606799456348,0.006807360271137447,9.332002448290898e-05,0.0021668807889001387,0.9849698321160232
11,0.0026094572423565002,0.0005059206927287965,0.0006393327365597376,0.0003600923622552349,0.9958851969660998
12,0.003451175418643401,0.0009023326875446846,0.00017927984575256706,0.0010534078851007198,0.9944138041629587
13,0.006556966445061635,0.0005283426712472225,0.0005609918012378183,0.0014457336399477728,0.9909079654425055
14,0.006669356549797179,0.0007243819019592537,3.877820826003551e-06,0.0025086465946174965,0.9900937371328
15,0.014228837106599009,0.0009888597130560063,3.468453059380345e-06,0.0032724813412064154,0.9815063533860792
16,0.013343624575840757,0.0015993320175915814,2.0317071555088133e-06,0.002135504336827401,0.9829195073625847
17,0.0031763081549819115,0.00040680498628352195,0.0006177002214691423,0.0008784431889227571,0.9949207434483427
18,0.01669270510867873,0.008488619502578452,3.971620415272126e-06,0.0043746904827793665,0.9704400132855482
19,0.004104759743025681,0.009836194684214195,4.06625811046428e-06,0.004893271042333157,0.9811617082723165
20,0.011821591849020902,0.01587032631912311,2.477216268919556e-05,0.003993863254212571,0.9682894464149543
21,0.0043287630093940535,0.003212604408873333,1.973520872940713e-05,0.0026827703388483904,0.9897561270341548
22,0.02326574315237133,0.011991024438607403,0.00010094239786054533,0.011564884279813562,0.9530774057313471
23,0.025326924817146712,0.007207938533019059,3.5338170110678854e-06,0.02469787063301838,0.9427637321998047
24,0.00517461660566161,0.008116381638715961,3.588571669132431e-06,0.007418028962768105,0.9792873842211851
25,0.02161201848016471,0.016013662511091657,2.675231031993216e-06,0.00850024312922444,0.9538714006484872
26,0.05727371998391279,0.15810698009005444,1.205386520089376e-05,0.04238562821319175,0.7422216178476401
27,0.01488046067933548,0.016488475196610484,6.061031715760805e-06,0.01555777344999488,0.9530672296423434
28,0.04110978060709108,0.049456406601089804,8.1540735487283e-06,0.05146126585540062,0.8579643928628697
29,0.3091983418667277,0.14560281993974833,7.250481032797384e-05,0.05904902590502669,0.4860773074781693
30,0.0059464459532287085,0.013161775690291649,1.9960747678623874e-06,0.0067362159978200595,0.9741535662838917
31,0.019335596664181193,0.010080882236321325,2.7910048522921004e-06,0.02317986725834694,0.9474008628362982
32,0.011444988845365512,0.007217816876279761,4.789858318022007e-07,0.0026170307654167957,0.978719684527106
33,0.007949871423811502,0.008570873935361779,8.420671885325382e-06,0.004381524541237072,0.9790893094277044
34,0.018379750785319678,0.015724556349093574,2.4281632111926113e-05,0.0012581845485530217,0.9646132266849217
35,0.11315774412539872,0.019055114727086063,0.0016568205536114371,0.00021408907896712824,0.8659162315149366
36,0.0013400895642285452,0.0007464933594590004,0.00015063624844781218,0.0001350771798796307,0.9976277036479849
37,0.0004639783620302007,0.000470391916990515,3.5961838274046715e-06,0.00010095441256366668,0.9989610791245882
38,0.0005081085381301899,0.00018138307280933576,3.41404787701156e-06,4.1368322420503423e-05,0.9992657260187631
39,0.0012591955463862033,0.0011456213224645938,1.2501338028156443e-05,0.00039297048083851964,0.9971897113122825
40,0.018377437702518453,0.0017670390056905298,1.4210913786535822e-05,0.00119484191944582,0.9786464704585587
41,0.0021793099708439703,0.000506154323545783,1.0104637011598648e-05,0.0007322340576173592,0.9965721970109813
42,0.006803324028434145,0.0002672603359467372,0.0001306495452576395,0.00011328237927572705,0.9926854837110857
43,0.0007498246251454703,7.110484685312421e-05,0.0004365650806751342,3.5466173302634066e-05,0.9987070392740237
44,0.0018229242672201133,0.00011625863613485895,1.2279425949540455e-06,0.0001520852334517905,0.9979075039205982
45,0.001753025895020143,0.0001289089033060162,1.5859192747416976e-06,6.771511962775631e-05,0.9980487641627713
46,0.001120562905733606,0.00012312673862730744,8.156767659588762e-07,0.00020031907268327492,0.99855517560619
47,0.0011649408905027782,0.0005332572272433239,4.288528814347985e-05,0.0005212731846345302,0.9977376434094759
48,0.003342148786712695,0.0013980826698628346,0.00019187623120097837,0.00044398789090106106,0.9946239044213223
49,0.002534108595964498,0.0012126100280151766,7.762611617693846e-05,0.00027682662578656643,0.9958988286340568
50,0.0025087498771260756,0.0013223894028894703,3.2513709802326673e-06,0.00029877224628739206,0.995866837102717
51,0.0035678340777716825,0.020734550607196967,3.710217307480644e-06,0.004098706343436355,0.9715951987542875
52,0.04975206866711491,0.057546100470677854,1.0691981475586116e-05,0.009873507279493285,0.8828176316012383
53,0.04669958140650914,0.021317507447022477,9.968649782839309e-06,0.026608312225167543,0.905364630271518
54,0.07287323981053982,0.025164436551264047,7.452948039239061e-06,0.024950478840959578,0.8770043918491973
55,0.1799768456172392,0.0879072115266585,9.155077690177352e-06,0.052030937972095494,0.6800758498063166
56,0.037506488200304264,0.03995432235140522,2.993028437357982e-05,0.010657875903717005,0.9118513832602
57,0.07211119219568048,0.11808798983289914,2.609657246205588e-05,0.07470956093617716,0.735065160462781
58,0.03573283000090796,0.1165864149929467,2.0843052673635864e-07,0.20897228848448365,0.638708258091135
59,0.04918955068816715,0.12877747432009257,2.827340143906902e-07,0.17382397642526953,0.6482087158324564
60,0.04010792529176146,0.2973592678439699,8.962328899267005e-05,0.03631494903278339,0.6261282345424926
61,0.02276289016084615,0.35312188791271315,1.557978006666094e-05,0.09906431527863177,0.5250353268677423
62,0.023828162455871035,0.551058804325657,1.3817549946074504e-05,0.06067961877806866,0.36441959689045716
63,0.04084151737004932,0.4979287479884203,8.124050883860371e-05,0.05282393068479403,0.4083245634478978
64,0.05284576481632926,0.10828306294244974,9.994277327125244e-05,0.025924593764081516,0.8128466357038683
65,0.018156217707606438,0.934424156749297,3.649675947300479e-05,0.02431599240658597,0.023067136377037355
66,0.05123358317094884,0.7208318842235028,0.0011338491955120579,0.05920870342253654,0.16759197998749983
67,0.0061334350163452355,0.9770180941606028,6.119475963176467e-05,0.006717292949168583,0.010069983114251606
68,0.0057044675663474684,0.9542034055147302,0.0001485915982317336,0.028198001250102602,0.011745534070588247
69,0.0067410988454051106,0.936067337765665,7.553661224655096e-05,0.03500434475742925,0.022111682019254193
70,0.030754185603281064,0.9194303425872482,0.0001434701335850996,0.02128920324604613,0.02838279842983936
71,0.010195781054960914,0.9301649725798857,0.00035337425470377255,0.045060156365969065,0.014225715744480349
72,0.01762556531599799,0.930663668190249,0.00019896416234956168,0.04046400392801804,0.01104779840338532
73,0.010815386278603725,0.9727356262022948,0.00032619120365031887,0.010204181060468684,0.005918615254982385
74,0.01910013484126107,0.9411014838841434,0.0008127752251937748,0.022094185421871054,0.01689142062753069
75,0.009250576232068557,0.9537716104656455,0.0002804811772513194,0.021891870967773546,0.014805461157261052
76,0.008117292130047152,0.9655909608843721,0.00022739076142598937,0.016764312665197793,0.009300043558956875
77,0.0073703482019258386,0.6321643901252212,0.3365117911645226,0.005906107152919842,0.018047363355410555
78,0.023261053450304235,0.9102413458964446,0.002027931826670796,0.026765030413174854,0.037704638413405475
79,0.00933412386310569,0.928593315260774,0.003816543814343869,0.03814704303910613,0.020108974022670513
80,0.022335164475533822,0.7612208914990425,0.07480062813919193,0.015054347235766765,0.12658896865046496
81,0.006236673560668097,0.9638420125531313,0.010903935894899604,0.0057478056990984214,0.013269572292202549
82,0.008952345646220768,0.9557730004875921,0.0009434713245528328,0.010803552965565504,0.023527629576068704
83,0.0027277147791200233,0.9764621922635746,0.0005541078358365355,0.0077209582760004525,0.012535026845468243
84,0.010170650338197185,0.7068699803024662,0.004559732222798149,0.017745653870368343,0.26065398326617023
85,0.09732219214098933,0.3086561451038171,0.0020263445993752593,0.4462815890272507,0.14571372912856748
86,0.043260890884150194,0.734645743526564,4.805237448065906e-05,0.11351563710878643,0.10852967610601877
87,0.01786392506188663,0.9393999654877297,0.0004912028190695705,0.021157665004635735,0.021087241626678323
88,0.010990206154780637,0.9174079445910693,8.696886349688836e-05,0.05704804096853992,0.014466839422113098
89,0.016031023195008934,0.8989680449773224,4.8836600843943634e-05,0.026640540673332117,0.05831155455349265
90,0.0034375934407562068,0.9835856809350784,9.063850698834613e-05,0.007984292396717605,0.004901794720459538
91,0.00394104056594519,0.9698538675415898,0.001088423641838943,0.016834271885199065,0.008282396365427207
92,0.004773641578433423,0.9640405378558415,0.0008473897959182233,0.021664617264017215,0.008673813505789486
93,0.007984754096120298,0.9486421725432738,0.0015475254158936948,0.020471791024199902,0.02135375692051229
94,0.014777026648161095,0.9154277768698929,0.001468276586724785,0.03802155768450028,0.03030536221072081
95,0.01599686286688589,0.9175092760431786,0.0006898050825846269,0.026803492385415677,0.039000563621935075
96,0.01930950610844775,0.7537537451394317,0.00016489878873595295,0.11128216706753849,0.11548968289584632
97,0.04639675290898389,0.5559697881448875,0.006777174381407447,0.20130529984466553,0.1895509847200557
98,0.008519091276830195,0.8983416539447093,0.0027853495795797504,0.05743678373687729,0.03291712146200356
99,0.03165903170083106,0.7525285149814952,0.0007441296345968241,0.13162408776993273,0.08344423591314427
100,0.0036273977066949388,0.9209916081510344,0.0007668355108717234,0.05965901563990397,0.014955142991495056
101,0.022059427549779465,0.6459466459651801,0.0017373317628694134,0.23061708314601334,0.0996395115761575
102,0.04411157421889933,0.5283791309397153,0.0006732295702471427,0.3936352303097465,0.03320083496139161
103,0.014876884540916046,0.7921065055561011,0.001206416069291312,0.1465491612635078,0.045261032570183816
104,0.029620230439129584,0.449555667285492,0.0005672623770058024,0.46305877430234504,0.057198065596027546
105,0.02101138715927983,0.732211379782891,0.0011834479111582298,0.2305375989747412,0.01505618617192994
106,0.034810416836193014,0.7374562190150992,0.0007560035085813124,0.17493787577169576,0.05203948486843079
107,0.01621543863060221,0.15302508069398402,0.0015358224192750882,0.05612904944936307,0.7730946088067756
108,0.33405676870875545,0.3174976299033701,0.00026747139267713617,0.0958618630536509,0.25231626694154635
109,0.16467558467766494,0.6504216467803358,0.020162285157202347,0.023010015478430183,0.14173046790636692
110,0.16745274899962354,0.551676809591507,0.0016408194250328051,0.04341994662779011,0.23580967535604663
111,0.159358364663428,0.5055089445383713,0.012902766858707842,0.026822007609016475,0.29540791633047636
112,0.032709798854782535,0.7129575691280081,0.008837782365047148,0.010514038734213511,0.2349808109179486
113,0.08410557225762094,0.5468099374220781,0.00515056981623467,0.009650714674882396,0.35428320582918393
114,0.015815747039457602,0.9273563809310962,0.015353095780685718,0.007957296650667276,0.03351747959809328
115,0.07241074606095116,0.6263657247683067,0.016647310444650534,0.021386976341597082,0.2631892423844946
116,0.06056801062885922,0.836033939113672,0.011041689848918684,0.014170901254822028,0.07818545915372808
117,0.02997039369857937,0.3349781717696683,0.013629469580770333,0.012743314509030212,0.6086786504419518
118,0.12215171044329079,0.38553245160317684,0.012626048707486877,0.028242553515602918,0.4514472357304426
119,0.05649512660878662,0.779046844165492,0.005493832348066877,0.019073386953492987,0.13989080992416153
120,0.19905583302906052,0.43977357666414374,0.013007642589641865,0.038335581911662024,0.3098273658054919
121,0.12055086306658072,0.5377330380258475,0.04677038899552327,0.030281179536124646,0.2646645303759238
122,0.11870828749866852,0.20709354479320313,0.013599502398355617,0.006185295531010507,0.6544133697787622
123,0.10482406429249132,0.5234521708070474,0.02130061055396417,0.005570266129568959,0.34485288821692817
124,0.2285055327810142,0.24163234890864735,0.0044958143612177925,0.0030945866932721388,0.5222717172558484
125,0.09430045968305105,0.5481026670791656,0.02153590265943152,0.001774362348206927,0.334286608230145
126,0.10041841679973906,0.29239342583727385,0.010695415233501414,0.002049162951085784,0.5944435791784
127,0.1339749688046464,0.649592983612854,0.007779420310793479,0.0043063664971498,0.20434626077455634
128,0.1461426693406052,0.7428925834183182,0.013231492196295764,0.007722887903083245,0.09001036714169755
129,0.05952583697103836,0.19761438221016395,0.002435996686668097,0.004974392120357046,0.7354493920117725
130,0.1549718839779157,0.19257323312728378,0.005247749010084491,0.012188512188112196,0.6350186216966037
131,0.02967675623465041,0.015500431592252728,0.0009564480900973345,0.0022556944199074837,0.9516106696630922
132,0.025123187015571133,0.004308734030464479,7.427584222100975e-05,0.0009650911425351961,0.9695287119692082
133,0.3477836147853322,0.027667270548001575,0.00027321150973423316,0.001051239976166726,0.6232246631807652
134,0.15807515154533358,0.05650975478844823,0.005048363591614034,0.003013841902554771,0.7773528881720494
135,0.07247214964405213,0.02061714243648598,0.001371232167470132,0.0034343215777461757,0.9021051541742455
136,0.1403468820163072,0.022651869618218416,0.0011347539664519279,0.005410374736541561,0.8304561196624808
137,0.0724459671064816,0.026503430379248648,0.00010828358611219414,0.005322034196664969,0.8956202847314926
138,0.1111183245073946,0.0454871327558828,0.000447684811194292,0.004640831428613742,0.8383060264969145
139,0.19119592789989312,0.12137053099734868,0.0006965913573660153,0.0067328150477582345,0.6800041346976339
140,0.5139005174937361,0.0921409363952226,0.0007513000362257318,0.008981937056022807,0.38422530901879287
141,0.2546081257877261,0.5409408872249528,0.003361542570216492,0.006470319811369996,0.19461912460573452
142,0.164394480484891,0.34113198578956666,0.01360771233323737,0.009869028351035142,0.47099679304127
143,0.24232147110061877,0.30579948260963863,0.006095118426011215,0.021116180011962287,0.4246677478517691
144,0.07267925406171308,0.15244432009012687,0.007199342886616115,0.0442570168264691,0.7234200661350748
145,0.2190243176929793,0.3817567766741444,0.013459856775632597,0.0700390493010399,0.31571999955620383
146,0.07116810257420528,0.3771466159908152,0.003970184267195398,0.037924849121814076,0.5097902480459701
147,0.1264636985372304,0.3922081715039729,0.004820221273474319,0.048733306446943736,0.4277746022383787
148,0.16492040033907276,0.30738780433225943,0.002703546294647426,0.07376661698695677,0.45122163204706356
149,0.08052666886744897,0.1986035510809035,0.003305816517743085,0.01900907132300072,0.6985548922109036
150,0.14657913122886032,0.41509999932774366,0.004856515226978629,0.03585326960229432,0.397611084614123
151,0.19148699408649947,0.1430675923908803,0.0029564691887878428,0.02908412240116877,0.6334048219326636
152,0.07977369915654463,0.13539982581806695,0.013121754065702214,0.022879074511587758,0.7488256464480986
153,0.08697642044892279,0.696386507887504,0.006891562241345387,0.0670825271657135,0.14266298225651444
154,0.06804966738794793,0.1337328798903901,0.013128707735222197,0.019613929154864172,0.7654748158315756
155,0.24311449663498555,0.4240132687145283,0.018802237674599882,0.036589248005419,0.2774807489704672
156,0.1172584301865635,0.7594583750120582,0.008496733156365809,0.05816925896592665,0.05661720267908586
157,0.06907292681253002,0.6832288988196442,0.039047846169250444,0.03903176394118308,0.16961856425739236
158,0.0976143613493742,0.3352789739384069,0.013074016338946599,0.06285111606622396,0.49118153230704825
159,0.08031407645159434,0.7339893911927519,0.01837195590948303,0.03821971812540732,0.12910485832076343
160,0.058797258364765924,0.665330214839728,0.009439207914792717,0.022441413737692508,0.24399190514302088
161,0.2453439444349019,0.5328735864073136,0.015416230663795582,0.03538836164150466,0.17097787685248422
162,0.10574954404264296,0.45740798076679795,0.006458072728280201,0.06835077446076539,0.3620336280015136
163,0.12210091582776758,0.41172847596786327,0.003984536112781041,0.11327021609073476,0.3489158560008533
164,0.20728710318906587,0.1201285080396151,0.0009839367340133786,0.33125001732380976,0.34035043471349585
165,0.14723308849090824,0.5512992322748694,0.015664668451792433,0.06425493174208935,0.22154807904034063
166,0.26897994546718484,0.5465340564465916,0.007559036364629687,0.07646490596176113,0.10046205575983275
167,0.0895643982726447,0.6864040662656301,0.004012960929425745,0.04742518156704062,0.1725933929652589
168,0.26036522869985473,0.2869692582762644,0.0009778156425745486,0.2333322007623746,0.21835549661893175
169,0.15596285871716165,0.37718676962265135,0.013761910132184418,0.0662112596263201,0.38687720190168234
170,0.06700470930978995,0.3752181466146863,0.01144726790203842,0.030569908450126054,0.5157599677233593
171,0.0606719973005306,0.46466393850451876,0.011867455705157902,0.013220876764477828,0.449575731725315
172,0.09010196691507866,0.39677806469564386,0.02091977678791532,0.01688086873463794,0.47531932286672424
173,0.12060350377071864,0.3125019631979364,0.0062375889062024036,0.042576289592268265,0.5180806545328743
174,0.006467664855640518,0.0759482585388697,0.02584795921866929,0.004760807655748725,0.8869753097310717
175,0.004605145092004963,0.020911722202347265,0.011435234459698775,0.0031084684794481722,0.9599394297665009
176,0.052480666776978525,0.08618556565747403,0.009127601495746646,0.0030894336890594184,0.8491167323807415
177,0.06251117443550844,0.06528939974926484,0.0019436026788564517,0.002001370245128372,0.8682544528912419
178,0.13464015641814547,0.38354295935476973,0.04879436686522064,0.005059012076261542,0.4279635052856027
179,0.11028900634770314,0.2160159281650078,0.019479832951629368,0.006409731525270631,0.647805501010389
180,0.07609716991515467,0.20939944367260335,0.004156547524980574,0.007945436901054436,0.7024014019862069
181,0.1148789607542242,0.22864935493717534,0.0036787470092044454,0.013827131821298192,0.6389658054780977
182,0.12955480572291544,0.30882827096582044,0.006856818271731063,0.02371602801375442,0.5310440770257787
183,0.047157960986563115,0.18379228176240398,0.008833182266498084,0.027378736996087675,0.7328378379884471
184,0.04608603116272432,0.10590958838919044,0.004023513541565529,0.016893585654128986,0.8270872812523906
185,0.04954182407851282,0.13774845835775348,0.012527957219359086,0.011100906803791907,0.7890808535405828
186,0.154492188556759,0.1683008905498137,0.0022648020833224347,0.018217897008019072,0.6567242218020857
187,0.1637692048809658,0.6396015848056908,0.010095680643046967,0.01322364082213744,0.1733098888481589
188,0.19051532990711126,0.588348451108986,0.010026990984812039,0.011370526392879506,0.19973870160621124
189,0.1451422830370864,0.7464094619340292,0.004184736540636222,0.005314298036905477,0.09894922045134266
190,0.03630306698923131,0.7777841230474212,0.0077945954825641905,0.005188963518462248,0.172929250962321
191,0.048592449515600857,0.8382331021954743,0.01224530150893387,0.0037776115660026494,0.09715153521398819
192,0.1308692676620068,0.6274845734034807,0.011227002123535232,0.006718356831996862,0.22370079997898065
193,0.14298239438385396,0.2830191209096459,0.001783963102136026,0.006970963850233543,0.5652435577541306
194,0.07207125209786654,0.833616953841024,0.0074309993859706155,0.002206787254129027,0.08467400742100985
195,0.035514992999267705,0.8802851537213665,0.006988588382557209,0.001156531283991018,0.07605473361281746
196,0.0433069089512805,0.892652789158545,0.04514001459888772,0.0014423300519247797,0.017457957239362082
197,0.03140231963129443,0.11964266768880473,0.005294866791346614,0.005491526946229668,0.8381686189423245
198,0.1304645775002301,0.4441243581272711,0.007805312914239618,0.009659648255680062,0.40794610320257924
199,0.09556590478466279,0.6737258058323636,0.018234889876584014,0.005794227995677194,0.20667917151071233
200,0.03866114832818875,0.8436260514982038,0.04680603661723572,0.002526815922149687,0.06837994763422196
201,0.035316787188834874,0.8910969815927886,0.024285854565653926,0.0032941495574213982,0.046006227095301194
202,0.034837794511754165,0.7772279806080079,0.02029836562365384,0.0037156765553796574,0.1639201827012044
203,0.10119010000329587,0.7654258727009635,0.03567925739961101,0.008727692814443943,0.08897707708168565
204,0.026266115605592926,0.8203080565958218,0.06427555301425296,0.0033271726301570674,0.0858231021541751
205,0.09215320356933998,0.7054431748718086,0.03711947464163974,0.00748897061373873,0.15779517630347295
206,0.064988620846383,0.653318314243814,0.049778901034217615,0.013058626228015851,0.2188555376475694
207,0.022464977154470458,0.04446459877900276,0.00462833094847877,0.003406426107745923,0.9250356670103022
208,0.32847827556659265,0.41909462377585205,0.014620604120848485,0.015705486538722224,0.22210100999798466
209,0.03544826738978779,0.10581184839933976,0.018331771041528153,0.004099341160853949,0.8363087720084903
210,0.09531594996410866,0.10777559764905655,0.004611109307745563,0.004276828306057182,0.7880205147730321
211,0.22127316333754699,0.18096790633696377,0.015361745457330519,0.022065452394628853,0.5603317324735299
212,0.09083419389322962,0.06857306004274547,0.00995247038256812,0.007969518352747182,0.8226707573287096
213,0.042781286530108514,0.043574446004998504,0.0038346276335593744,0.0032091041787306817,0.9066005356526029
214,0.11747122844442426,0.1122207949419891,0.010863603395784247,0.0158733101672086,0.7435710630505938
215,0.03918856544766468,0.046422208692063385,0.002320560145471421,0.0035235892107787835,0.9085450765040218
216,0.11041312197099779,0.1629182711092298,0.0034047964614482154,0.013611016665878462,0.7096527937924458
217,0.035784643139486635,0.03130011302909777,0.0018296571912886212,0.008592250231530523,0.9224933364085964
218,0.00887035692149119,0.023619109525154572,0.003120700478232717,0.002534102099055657,0.9618557309760659
219,0.08579996788080667,0.08182222948695031,0.002173461085497596,0.026877582840772157,0.8033267587059733
220,0.050352193812676145,0.0389193656507613,0.002845443048832084,0.005041278342985146,0.9028417191447453
221,0.012486013787055512,0.014236563802446301,0.0012777819492331463,0.0023921856027841345,0.9696074548584808
222,0.009139850757210523,0.015125670154387604,0.003162949289879272,0.003607826863418176,0.9689637029351044
223,0.004096939402640444,0.003867205218003993,0.0005223568851658675,0.005232111079516188,0.9862813874146735
224,0.00598176027594069,0.016574194705212812,0.0019875872733340423,0.006159164424893891,0.9692972933206186
225,0.027168929789363916,0.014067612098492608,0.0051148950625738545,0.005354615365448565,0.948293947684121
226,0.013872358251088082,0.013255542883513443,0.0008160589308568958,0.0027126383974688563,0.9693434015370727
227,0.013451764129845193,0.00846839652702284,0.0008696663485677646,0.0026735140982936667,0.9745366588962706
228,0.022014003569901734,0.1434932591888177,0.5608125269075291,0.0008638066884364928,0.27281640364531506
229,0.0016417796993715816,0.02157908670269324,0.002958458330550307,0.0010537077140544292,0.9727669675533304
230,0.004981062156227615,0.060980762722166,0.0015194912422434109,0.0007505651227408573,0.931768118756622
231,0.009812001736956094,0.07327805166894664,0.01264491297094841,0.0007277960675336171,0.9035372375556152
232,0.0053573730887399185,0.028393300589822337,0.020685750662563028,0.0013466388926226714,0.9442169367662521
233,0.18270771188392274,0.137700682757929,0.025751105797978905,0.007314972830374686,0.6465255267297946
234,0.045757878082961154,0.014045905085168462,0.0007278581025577592,0.004668300604954384,0.9348000581243583
235,0.06135085412584464,0.015603183679825262,0.0004889839147486308,0.0035678642205185323,0.9189891140590628
236,0.014495416685634364,0.031113092045928194,0.0006936738341565089,0.007206658711498993,0.946491158722782
237,0.02133704772244741,0.07902894536078175,0.0037508102148101925,0.00374859213947745,0.8921346045624833
238,0.016949884675002126,0.08355913081568042,0.001172077123339111,0.014434056131922135,0.8838848512540562
239,0.01884706311275064,0.03968498831054936,0.0005241089715431577,0.0342401688743082,0.9067036707308486
240,0.017498297996017965,0.027378297601285025,0.00041861083561902095,0.04206178261367318,0.9126430109534047
241,0.005408034261604623,0.0101611740828486,0.0002800655848460399,0.05273440564219961,0.9314163204285012
242,0.014524000934276225,0.01763017677066904,0.00654997365544892,0.05600372055345765,0.9052921280861481
243,0.013115708180522483,0.01482853024685516,0.0008069238064198613,0.04383286878867301,0.9274159689775294
244,0.019576225497820197,0.03712304477123416,0.0014153403274238861,0.038367462001314634,0.9035179274022072
245,0.00474603923281107,0.010569230005852831,0.00035158095473791567,0.009106420427615114,0.975226729378983
246,0.009918174807811353,0.017644928956989374,0.0006312379749766748,0.015291766842804472,0.9565138914174182
247,0.003947752381667267,0.006730634159194925,9.511900342295736e-05,0.008293420620720983,0.980933073834994
248,0.005635576364064303,0.006006199044931493,0.00038665527949055376,0.006221681364976239,0.9817498879465374
249,0.0027984934466832425,0.004819766302389566,0.00023775041772897669,0.003850059185954203,0.988293930647244
250,0.006582399181373774,0.011529231455003104,0.001590479787054592,0.007248276848226455,0.9730496127283421
251,0.006100076855240895,0.011062075055683778,0.0017809148156489965,0.008623171428849472,0.972433761844577
252,0.003300402732983364,0.005588199180633927,0.0009963500163874131,0.004900835525151805,0.9852142125448434
253,0.0026410827797908394,0.00233089855738809,0.0002549493414683541,0.0018154403645030928,0.9929576289568496
254,0.014160555026850239,0.014589038152794324,0.0008971530740293584,0.009848708439435142,0.960504545306891
255,0.000698422647490232,0.0019503575752006846,1.768845518257323e-05,0.004271158860064365,0.9930623724620623
256,0.004417392856725433,0.009179291625078634,0.00022251656809617988,0.010950603997825352,0.9752301949522745
257,0.00215020522896602,0.005533920871991562,5.646137365992095e-05,0.011878450208961224,0.9803809623164214
258,0.003114053907590311,0.004004887663675555,7.316448511186383e-06,0.02181562602359275,0.9710581159566302
259,0.010171314770920542,0.0055571552005740325,0.0001269054194053722,0.06070661767000239,0.9234380069390977
260,0.011858210025370155,0.006972474399435509,3.7529153385640295e-05,0.04083913820924916,0.9402926482125596
261,0.023348988414698627,0.008739479543617397,5.268967460049779e-05,0.02853820570300888,0.9393206366640747
262,0.006134703741518953,0.007390921657814006,2.73373974138385e-05,0.020554647600558584,0.9658923896026946
263,0.004286916738457044,0.0035029468983943145,3.686286822708693e-05,0.013566191364537156,0.9786070821303843
264,0.0028337528958320636,0.004587162549539447,8.144336825839637e-06,0.004680108346405924,0.9878908318713967
265,0.01063692311913496,0.006653134122544184,0.0001211468225424208,0.002624479654402839,0.9799643162813756
266,0.02171864208863677,0.018620347489968818,0.003937231676464338,0.02201275833465397,0.9337110204102762
267,0.0033621090933454783,0.0052268525100095985,0.00073935065093265,0.003974709780460374,0.9866969779652519
268,0.001240059900202553,0.0018993477821384111,0.0002722491456507003,0.0011982835897912194,0.995390059582217
269,0.002704386747633466,0.0020442434410357676,0.0013718677110739076,0.0009657287451267659,0.99291377335513
270,0.0025542219836642787,0.0031079046175402102,0.003218042445341328,0.0010534473921790673,0.9900663835612751
271,0.003812654207018563,0.0032956692991104176,0.0015607844631995488,0.0010064200310079302,0.9903244719996634
272,0.004154519588765283,0.0024363207462263564,0.0028447332295818157,0.0007514451043818223,0.9898129813310448
273,0.012625998228650038,0.02966293151148578,0.06694095297236426,0.001574682815924594,0.8891954344715755
274,0.0014496664534118246,0.0025803093404629246,0.003212926900967561,0.0008998131299204302,0.9918572841752372
275,0.002011015045138831,0.0008690103484317272,0.0009351990672692854,0.0014217549073236545,0.9947630206318365
276,0.0009612556353951131,0.001025679390272502,0.0002262770455689402,0.00035026260092135055,0.9974365253278421
277,0.0013223786272202622,0.000624878791380249,0.00026120912446318703,0.0004396985331540026,0.9973518349237823
278,0.00111313281949117,0.0020055644375572288,0.00049838940960312,0.0006578274886949554,0.9957250858446535
279,0.0016248858457531346,0.0022774180060771312,7.363041546553057e-05,0.0010934539053847948,0.9949306118273193
280,0.0037204365509281552,0.0017366433770997201,0.0011560118335866385,0.0014374847063604802,0.9919494235320249
281,0.009318254699106642,0.0035130796651192983,0.0010752109367913737,0.004452770582014361,0.9816406841169683
282,0.002132031219841353,0.00033644926500508234,0.0001618061262056556,0.0009016505013275825,0.9964680628876205
283,0.0035513225080455496,0.000725269423340217,0.00010252460517656362,0.0012951694449682277,0.9943257140184696
284,0.00740550532318875,0.0010943238763848541,0.00013758630035356746,0.002509114980881763,0.9888534695191911
285,0.006033935075307656,0.0028493310562304,0.0007401942509201657,0.008005070256372353,0.9823714693611695
286,0.043279466795642055,0.01345842638231652,0.0006201500971095724,0.033434520371777465,0.9092074363531544
287,0.0390316960816198,0.012329292324125387,0.0001884738652871986,0.12216421077430391,0.8262863269546638
288,0.11909102148574348,0.03229655102810487,0.0006718472364276339,0.15025144470236723,0.6976891355473568
289,0.32251925892861516,0.0576001249073876,0.001645983368637778,0.2903132321661273,0.3279214006292322
290,0.06526587251527963,0.021498255128746164,0.00034175052023843836,0.6637148901994523,0.2491792316362834
291,0.10334393323133687,0.062003418965990015,0.0026316015892084124,0.5243875843883697,0.307633461825095
292,0.09875265647815593,0.09080265433574858,0.0016755147423584275,0.5197551056602993,0.28901406878343777
293,0.16619220898227388,0.09330495573420872,0.0005571557566353692,0.5329472572595015,0.20699842226738047
294,0.2690995030358716,0.13613724993228132,0.0005573276687716812,0.45712979509300355,0.1370761242700719
295,0.10480972845141294,0.0523823221857043,0.0006399374868263637,0.7721411166337706,0.07002689524228589
296,0.04798362358781148,0.04114664519171881,0.00021297054483965613,0.8923522246095704,0.018304536066059657
297,0.1150548751228372,0.09275464169158609,0.00047022826267324784,0.6764756444580917,0.11524461046481174
298,0.0872274333497248,0.08434970433614156,0.0011050326395625142,0.780076606330173,0.04724122334439824
299,0.09572236341136109,0.31634417793252395,0.003950907683390257,0.531247136999514,0.05273541397321077
300,0.10599019049709486,0.41447036045671853,0.006419074560788563,0.3852027811256415,0.08791759335975664
301,0.08706185670516427,0.22629035534802125,0.0007185189585777392,0.5956843640669754,0.09024490492126117
302,0.10406783320835432,0.34761693147529815,0.00139689410502225,0.20276223597068,0.3441561052406453
303,0.03426090925206148,0.8490097977205984,0.0008711307975151866,0.08830084235287908,0.02755731987694595
304,0.060006426297838526,0.39237264367837466,0.007133222217793355,0.30299745394077965,0.23749025386521383
305,0.10265522917009208,0.4798400821543165,0.0008566848015794,0.18369999490896402,0.23294800896504791
306,0.08222042233890937,0.6257213702386324,0.0037324489414648295,0.0992569794085893,0.18906877907240405
307,0.06254288091693647,0.5934846626592631,0.026854965360465256,0.10487792915008261,0.2122395619132525
308,0.19637945350691846,0.3669042855614769,0.0012210640563772388,0.17770890004919201,0.2577862968260355
309,0.11106220570292351,0.6196082064337244,0.002967019836646291,0.1070164638655031,0.1593461041612027
310,0.09891990232053491,0.5483247852297854,0.004281635725239569,0.038378802231952704,0.31009487449248735
311,0.25370336455222137,0.6038592983366847,0.0022468469414851913,0.014085002374118994,0.12610548779548983
312,0.11692157549867263,0.7256271306152102,0.005511916363196059,0.01897379194775154,0.1329655855751695
313,0.0736633146942918,0.8284462695483531,0.005498911156691705,0.0067680141563268275,0.08562349044433645
314,0.11252010505967251,0.7437005677427907,0.003942893003214057,0.010678390039409302,0.1291580441549133
315,0.056088262111048615,0.8648579605640333,0.01695555832481178,0.004894410884332181,0.05720380811577396
316,0.052881879115710316,0.8877077009673375,0.0079461727854203,0.006224920288054208,0.04523932684347757
317,0.036324492435603525,0.8718801266713894,0.05036750647613779,0.006685481327323242,0.03474239308954601
318,0.040828211478850344,0.8517437300348104,0.016929607408733303,0.014435804335151198,0.07606264674245469
319,0.11244412585441267,0.6961976461826401,0.02620525411432937,0.027874145727378813,0.13727882812123898
320,0.09534951639039188,0.713358047688796,0.015946787652562085,0.02517609128333087,0.15016955698491932
321,0.031761057875302416,0.8413737965511524,0.017643869270814835,0.008016657405373806,0.10120461889735656
322,0.07019661337560802,0.6769342871141976,0.02113271843260863,0.015062524523159858,0.21667385655442611
323,0.0174717836808098,0.8981863706073155,0.030345334331011678,0.012259690631052924,0.041736820749809965
324,0.09852801509677911,0.5216347105535549,0.015702157787371444,0.03450290637550208,0.3296322101867926
325,0.040331036325935404,0.18722107349878486,0.005749851464725328,0.034576615724894066,0.7321214229856604
326,0.27893881579968216,0.31494432033727454,0.003424611943975407,0.033715623792256434,0.3689766281268115
327,0.1742785564271375,0.6714835519458608,0.007007822116833773,0.006829611106566619,0.14040045840360116
328,0.16832639075790026,0.7434472843361684,0.007718226835977233,0.018351429948754376,0.06215666812119994
329,0.0724207003162138,0.6862145869705841,0.017295122677815567,0.030202359344776223,0.19386723069061035
330,0.06907794701876568,0.7537015993695451,0.005148937638325777,0.040207740236431685,0.13186377573693192
331,0.06088844904618952,0.6425213245688636,0.005146654605659347,0.016814060883866673,0.2746295108954211
332,0.13092591046052077,0.690542587458961,0.017547347082048782,0.04709394578428217,0.11389020921418738
333,0.01873658485390236,0.08372070597462099,0.004126922718189101,0.004690699544276637,0.888725086909011
334,0.13082248033696564,0.694321689015443,0.029106103442908943,0.011887653757062166,0.13386207344762033
335,0.24988535242156404,0.61137334946441,0.00834990445201794,0.02356136608629753,0.10683002757571054
336,0.14376756905457125,0.6871911427920503,0.02991225197622401,0.0069905411867667595,0.13213849499038774
337,0.06843715624130106,0.8369851076941253,0.016009338249215077,0.015547365088453495,0.06302103272690487
338,0.046379736592767215,0.8492379567492321,0.02925761753547915,0.021872834801641317,0.05325185432088044
339,0.082947071170971,0.7795730481051591,0.014137334806331316,0.021836818925376873,0.10150572699216166
340,0.08964133376988728,0.7337533325458757,0.02176565053966089,0.027434789577417504,0.12740489356715853
341,0.03143391667820887,0.8783081361846942,0.03498749205394617,0.009742743819900961,0.045527711263249816
342,0.16384151003188993,0.5210065188199207,0.009557736127247389,0.008045705463847697,0.2975485295570944
343,0.05911023972499016,0.8897057742194354,0.011524345296707266,0.005289310268820414,0.03437033049004668
344,0.043430942242948786,0.8630716731720725,0.021423825053477626,0.007987699250613909,0.06408586028088738
345,0.1137516918481357,0.7967273927537863,0.03733160127803493,0.008696063027254768,0.04349325109278819
346,0.057535152187379916,0.8143092436805797,0.03918282106715227,0.00870367871384045,0.0802691043510476
347,0.07293221915789612,0.68267240695064,0.05219770042056416,0.008611356043152633,0.18358631742774717
348,0.048345152656190035,0.8662170945871827,0.034378601957156654,0.004246351424525936,0.04681279937494476
349,0.05082191805586015,0.8649915068395958,0.030086237523382346,0.0024125445526849377,0.05168779302847666
350,0.023129453505635958,0.879644376807735,0.07137697425292462,0.0028116778959978977,0.02303751753770636
351,0.011764554157397635,0.8533067189710466,0.10634056510045957,0.0022044452926506244,0.026383716478445583
352,0.01963413626821698,0.9219208958980555,0.03396085602440055,0.002815993935953236,0.02166811787337356
353,0.06306326217432391,0.7072860544300211,0.07211342757196551,0.003451705088725211,0.15408555073496422
354,0.03170454130159858,0.8056911135854496,0.07432715154186102,0.0015421368098339724,0.08673505676125658
355,0.027349672634130157,0.9060020242645298,0.019661066837928,0.003903716712803989,0.04308351955060811
356,0.07215167149972522,0.828319752978343,0.05931819328759761,0.005434663983983186,0.034775718250350786
357,0.034534786776117224,0.8719930588823774,0.06274841648653005,0.005128199715254806,0.02559553813972044
358,0.055086945268145095,0.7818003058209151,0.09103632928248255,0.026289507561301235,0.045786912067155884
359,0.024090805866555154,0.8491933330934047,0.06926605797383593,0.011258954873146083,0.04619084819305806
360,0.03221643024631706,0.6267148585148078,0.05446619823279565,0.017031089093318786,0.2695714239127606
361,0.13929891384084828,0.5639079718631212,0.013273635431507818,0.03307061564578829,0.2504488632187343
362,0.06591470224094349,0.4455806582192612,0.012273911142588183,0.0182820447969954,0.4579486836002118
363,0.04383048476655168,0.8444944276299687,0.0057210073996092825,0.005221820083243683,0.10073226012062637
364,0.026463371644753535,0.8756359505385276,0.006669783255441391,0.002600673310724034,0.08863022125055356
365,0.14350545087629807,0.3604115967134272,0.0015513022686678751,0.02628322065950204,0.4682484294821048
366,0.046296198654527575,0.7078691193480476,0.012491864679989426,0.03520458831877105,0.1981382289986644
367,0.04729124856738419,0.42192808030304485,0.005409106195515637,0.009559285843360674,0.5158122790906947
368,0.06272637066983464,0.793785202129177,0.01554538387920814,0.03927371005600826,0.08866933326577203
369,0.04871386249356894,0.6673709574184564,0.028090337692570015,0.05324645588177387,0.2025783865136307
370,0.018274355619852793,0.43673813677278145,0.034939014639849324,0.030284986452452926,0.47976350651506366
371,0.004062798877714015,0.015132430033334664,0.0019557296006736807,0.012158040552076624,0.966691000936201
372,0.12285002336325643,0.3563625309655894,0.0026514754365365802,0.20123355782939684,0.31690241240522077
373,0.21804419810078332,0.1478004027076438,0.00214005288771426,0.34350899028586984,0.28850635601798874
374,0.15742928508152562,0.29036453091396297,0.00041055857086099866,0.03290700460475964,0.5188886208288906
375,0.19970069507884072,0.42456929289331136,0.0026543061652131647,0.0513710689131296,0.3217046369495051
376,0.25512795125033605,0.3866027580443781,0.0020003250670854403,0.09421749683182533,0.2620514688063752
377,0.09136054181522381,0.30534632074934653,0.0133199649197167,0.10663532278038954,0.48333784973532345
