epoch,N1,N2,N3,R,W
0,0.0436785067180975,0.011049779763189688,0.0001688297531355636,0.007023939244475737,0.9380789445211014
1,0.12150983034475485,0.00871208833531694,3.2186059675252105e-05,0.008416365558591253,0.8613295297016618
2,0.1217822789019958,0.005559056119061195,2.3715469395207425e-05,0.005198522770313736,0.867436426739234
3,0.04665447057274977,0.0014150773599026516,1.2080103652884849e-05,0.0015960626241614143,0.9503223093395333
4,0.058075175281287535,0.0014969845676032043,1.1543972585358122e-05,0.0016098358436321023,0.9388064603348918
5,0.2589540973606526,0.005188314465101826,1.7954967076418154e-05,0.0031421242195547867,0.7326975089876143
6,0.2977763389150829,0.013704969405300686,0.00011617340728193927,0.0031771891103784065,0.685225329161956
7,0.3420803555126969,0.01535953077726514,7.084532997202361e-05,0.012295104188617149,0.6301941641914487
8,0.038737512754630506,0.0013298103572387842,1.0420812412092535e-05,0.0025419349111130978,0.9573803211646055
9,0.13074448825846607,0.0029887722142865857,1.2076758985844447e-05,0.004128919311228316,0.8621257434570332
10,0.6886122618053856,0.018139589627949957,8.303356079950041e-05,0.01765298561764666,0.27551212938821823
11,0.748655239741514,0.03379749667708398,6.758578651651687e-05,0.025395898701189964,0.1920837790936953
12,0.534425794892626,0.03876690550210885,8.251767281304452e-05,0.04002906183963941,0.3866957200928128
13,0.5746594984235328,0.14271158693196265,0.00011268552941423056,0.1510696310045373,0.13144659811055306
14,0.5666656114284176,0.05828686742934063,4.713995509309148e-05,0.11673886320419417,0.25826151798295455
15,0.26151547628818506,0.4655900830391661,0.001202673320147888,0.09675561104426898,0.17493615630823195
16,0.2941772864870707,0.16172495427593261,7.545891883071167e-05,0.16674404294088846,0.3772782573772774
17,0.35316036387732375,0.1398097132064473,0.00011575408309952974,0.1378536679668632,0.36906050086626613
18,0.126892755144208,0.398568142575687,0.005861241958596601,0.017992755038670278,0.450685105282838
19,0.04104289833075543,0.010819149419400686,9.231131285454935e-05,0.008016210921580865,0.9400294300154085
20,0.2738903548580477,0.15693248166927584,0.0002840801923141073,0.029977593849249324,0.538915489431113
21,0.0239121013674363,0.0032001902105136077,5.483951532031421e-06,0.0018059817030048981,0.9710762427675131
22,0.22092942812420885,0.009622226343225999,9.87455280197971e-06,0.007325531258285558,0.7621129397214776
23,0.4447457442149225,0.04201007193584058,2.935099437621154e-05,0.018810325343009245,0.4944045075118515
24,0.021333337077513826,0.05104333635848292,0.0007381475654968208,0.0001413891759178913,0.9267437898225885
25,0.003430512775176732,0.0019114198271990238,5.028703327248839e-06,0.00031297388952028206,0.9943400648047767
26,0.005700345963503494,0.0008663305919903885,5.100535076000107e-06,0.00021886601767093992,0.9932093568917592
27,0.03098261102078701,0.0019746526882945554,9.196182603135569e-06,0.00024352591160847097,0.9667900141967068
28,0.06324242808969033,0.0013321540386553906,1.1097744931552645e-05,0.0002159182090613499,0.9351984019176615
29,0.5986144452660949,0.06172617893816243,7.791455795926898e-05,0.0006102537102025895,0.338971207527581
30,0.4710357472104729,0.22446058766509863,0.0030865003879735026,0.00023588014876321932,0.30118128458769156
31,0.39461089208462097,0.4668758956680866,0.00041465805143250695,0.0011709667576892437,0.13692758743817066
32,0.11730783570898011,0.8674138595561807,0.0013946280135691239,0.0008997087628112392,0.012983967958458765
33,0.0275903079503502,0.9584622097199603,0.00820936353373897,0.000151780061615392,0.005586338734334992
34,0.051131658362831275,0.8822176560359931,0.058106883590525064,0.00022591508077420553,0.00831788692987639
35,0.03637103637943028,0.9104177255380695,0.044005976256780745,0.00026297943319949184,0.00894228239252009
36,0.02681577318710333,0.9621102554596194,0.005270973951416131,0.001914378056706566,0.0038886193451545046
37,0.017519211173897056,0.9624388115742334,0.01541287447390672,0.0005505372289990057,0.0040785655489639396
38,0.01284683704121007,0.9581827971219488,0.025893022018591203,0.00037278977255567633,0.0027045540456942883
39,0.015778548228668365,0.9006397044157424,0.07883366659889846,0.00041228259583715314,0.004335798160853662
40,0.008566209855511615,0.9517423757144998,0.03626365438312304,0.0003146884707591447,0.003113071576106457
41,0.005091678250466168,0.7678768504196953,0.2239622222359138,0.00015228661259207422,0.002916962481332603
42,0.012957784721739763,0.8834110704430476,0.0963791966721507,0.0004290330184846952,0.0068229151445772405
43,0.009186470244964174,0.8075603166110185,0.17991895994748883,0.00014836693659982247,0.003185886259928682
44,0.004975857589662707,0.613669438151925,0.3777654312637596,0.00010624320113870668,0.003483029793514027
45,0.007916827463624121,0.9334186280916024,0.056012327483077336,0.00010008886463727067,0.0025521280970587827
46,0.007097874743177699,0.8204854703774286,0.16793599829307057,6.521023220523866e-05,0.004415446354117809
47,0.004163314990163472,0.38449750276226363,0.6077505517696024,5.2231547903412346e-05,0.003536398930067161
48,0.008185098377251879,0.7125396386014202,0.2753964320108851,6.273466346655699e-05,0.0038160963469761893
49,0.005317235382863691,0.37627701613519504,0.6137574562592665,0.00012120501504338543,0.00452708720763141
50,0.004230727409162397,0.5087638680265446,0.4839722519391422,0.00011972076415704005,0.0029134318609936993
51,0.0022362469233870776,0.2355230970069632,0.7593686108292035,5.3099904790717386e-05,0.0028189453356553982
52,0.006359952011622145,0.252603770168287,0.7369031930781152,8.420118788013471e-05,0.004048883554095582
53,0.01929092308918653,0.6178511329317923,0.35595825055320995,0.00021905134103444577,0.00668064208477671
54,0.010901988714023023,0.41370673388244966,0.5708143928644305,0.00011449957173307785,0.004462384967363735
55,0.008623017822684185,0.7326378617856678,0.2544608230014725,0.0001037735410839753,0.004174523849091512
56,0.005850144866276883,0.3551246102607248,0.6350277400933706,8.280620339444506e-05,0.003914698576233384
57,0.003246924609675688,0.29781593199121953,0.6957102848195789,7.252819033101144e-05,0.003154330389194949
58,0.010221608288101152,0.5055230808401935,0.4782952258080811,0.00010959680184319221,0.005850488261781173
59,0.005416488217654977,0.2640442902062399,0.7270522791209056,6.344603891417138e-05,0.0034234964162851685
60,0.0015854703414344598,0.1692378136492725,0.8269987945997156,3.572562678780461e-05,0.002142195782789378
61,0.00371572370006359,0.16328331603969534,0.8287841487151127,7.350824438217966e-05,0.0041433033007459135
62,0.01064428922312143,0.6249467743207198,0.3598692946214787,0.00011076642263072935,0.004428875412049377
63,0.0028820358078055406,0.3140697514897964,0.6800199541340115,5.25738635306698e-05,0.002975684704855999
64,0.01085403154644113,0.5476822824118942,0.43604820067948885,6.371679952396307e-05,0.0053517685626518294
65,0.004502988664744354,0.4469339803872105,0.54374403481773,5.918626614365589e-05,0.004759809864171589
66,0.011638790065032005,0.37641373065916134,0.6067521145749994,8.268733556857491e-05,0.0051126773652387806
67,0.00461163047901999,0.21069643669849253,0.7811069536429166,3.957568364951097e-05,0.0035454034959211396
68,0.012627061053990179,0.3468374803180208,0.6326960172387078,0.00014501628884262848,0.007694425100438663
69,0.010992750344271494,0.33990077158505566,0.6397990078141476,0.00020562393010354734,0.00910184632642169
70,0.006747218269925555,0.350097517042051,0.6386031061076526,0.00016788385263809155,0.004384274727732751
71,0.030304653454454312,0.715284067598765,0.24624329393936825,0.0007345389619780093,0.007433446045434618
72,0.09433779029872053,0.807214747065334,0.07418222705787213,0.004289697421528229,0.019975538156545028
73,0.02002199078804618,0.7858918136872515,0.18394126306068673,0.0014091009386937102,0.008735831525321813
74,0.02562064605300231,0.786242260816667,0.16646858036534198,0.0023316128154075235,0.019336899949581043
75,0.03782091213428384,0.9081070492802912,0.02820299709347164,0.00536547547787371,0.0205035660140797
76,0.08017344485204528,0.6829011265072684,0.11107518696117229,0.013455682827178909,0.11239455885233508
77,0.3409255234918523,0.4587916410405313,0.0019893420422905633,0.1141165248230229,0.08417696860230309
78,0.2860600269716659,0.3507440334634112,0.009364177969618203,0.027078047706635626,0.326753713888669
79,0.3885378829854389,0.42229588167452725,0.0006515923794274671,0.0968666142617166,0.09164802869888994
80,0.5888107855101066,0.08036316647606494,9.754061226749051e-05,0.059144438799754506,0.27158406860180656
81,0.23360434420947157,0.6674270004235051,0.0027332055724705417,0.051727227847224264,0.04450822194732841
82,0.42725892719466,0.29779424585488823,0.0002039262208627001,0.11656387027470988,0.15817903045487905
83,0.4805230121769516,0.3655844682578312,0.00029010659231814846,0.08817705501406056,0.06542535795883843
84,0.36102636053352566,0.40856459156724867,0.00038716397609595547,0.1955212561898492,0.03450062773328069
85,0.45062261665677555,0.3775910988898078,0.000466118665188678,0.13098407342743845,0.04033609236078961
86,0.26237761097336276,0.2220057730482435,0.001668739539418387,0.038252230196287054,0.47569564624268806
87,0.32076953595147484,0.5586579564042005,0.0004975891736166483,0.06036011922302954,0.059714799247678606
88,0.46408502765060883,0.36147908702698334,0.000305296175137358,0.0898883562885433,0.0842422328587271
89,0.1283166887634323,0.7715511906482243,0.0019630085356778203,0.02990751328925311,0.06826159876341238
90,0.060672448876585836,0.8839779368093382,0.004487719899576854,0.008698833620581077,0.04216306079391778
91,0.22904714012459323,0.6333695334385006,0.0007132326467848212,0.10769910390732078,0.02917098988280053
92,0.21491217380139996,0.3167758773042322,0.0002603490325955288,0.06219933500809084,0.4058522648536814
93,0.2727020333028799,0.6149148374600834,0.0007150365771071503,0.06962331424068977,0.042044778419239925
94,0.09065715818638263,0.04170070501365704,0.00038731492756177065,0.004937378487632224,0.8623174433847663
95,0.8251489884804015,0.09361365134181135,7.724704256113527e-05,0.007970054928701769,0.07319005820652415
96,0.2900664229668784,0.6999820864851247,0.0006762072496053369,0.0014649318103557914,0.007810351488035681
97,0.19710958533277115,0.7911120809211453,0.0033140173872622525,0.00039921807570638844,0.008065098283115002
98,0.12800680953810142,0.8611868657484689,0.005415487941917866,0.0007665301631051735,0.004624306608406547
99,0.023203238068202205,0.9692371418171684,0.005547470379168949,0.000531936761901644,0.0014802129735589
100,0.011052291014043203,0.9071133458328965,0.07889956158681628,0.0005401272828471744,0.0023946742833968874
101,0.016657872303800076,0.9180243085617799,0.06232280384854246,0.0008851089923295582,0.0021099062935479437
102,0.008225482561030995,0.8272863730167657,0.16083687707472302,0.000745619988709727,0.0029056473587705887
103,0.003878140953247519,0.7151853349795992,0.2789176384443424,0.00019251214678551144,0.0018263734760255476
104,0.005124505226235631,0.8434539148424828,0.14891420826380666,0.00011728110784625007,0.0023900905596285003
105,0.014831069059594476,0.7703441017238865,0.21168372478797653,0.00031285483834188777,0.002828249590200662
106,0.004332396348741832,0.5972743351345964,0.3962895780958004,0.0001558463261357639,0.0019478440947256642
107,0.0035202499315594975,0.8109482868439702,0.18351118460009883,0.00020160811813346843,0.0018186705062378204
108,0.004050399666584646,0.5897229529285135,0.4040382654135006,0.00027246045758461406,0.0019159215338165052
109,0.005000916362832612,0.6796608806802675,0.3136012552947881,0.0002704031083269657,0.001466544553784782
110,0.0048576570489573005,0.41743959091813854,0.5753323785413906,0.0003202323626346039,0.0020501411288789337
111,0.00449618134618625,0.2539009341156972,0.740132034795063,0.00019939161401242504,0.00127145812904109
112,0.010171290806213595,0.5296178031190535,0.45725568125096955,0.00039218022624735576,0.002563044597515947
113,0.0023626278767292256,0.2105827384233874,0.7851735339023419,0.00017662225142399136,0.0017044775461175
114,0.0038005848657125057,0.39539799680507515,0.5985826083305275,0.00016301979358025536,0.002055790205104698
115,0.00313316878253938,0.37743499985046247,0.6173439951769261,0.00026533483502620654,0.0018225013550458935
116,0.011681982685801553,0.5094577552566604,0.4750651681417103,0.00035110500433445564,0.0034439889114933632
117,0.002186873321406511,0.2876906236986014,0.7077624079289688,7.291870343216005e-05,0.002287176347591213
118,0.004430162769340818,0.5264458865992762,0.4662263885711422,0.000271181538092538,0.002626380522148341
119,0.006595250930300016,0.3687560450184103,0.6207408608267003,0.0003064966096258905,0.003601346614963517
120,0.00839189208387986,0.543157440905193,0.44456907914994354,0.0002967584037258526,0.003584829457257666
121,0.004301399688442449,0.2256901365968041,0.7674355941857758,0.0001813691768894937,0.0023915003520882474
122,0.0032526983595809666,0.41052345964130255,0.5835704289496055,0.00024134139318637764,0.0024120716563246444
123,0.007952287582891687,0.6987588359964539,0.29016122377961995,0.0004861669190694998,0.002641485721964931
124,0.003394077204182166,0.21177726236316713,0.7830143657945233,0.00015028818691030654,0.0016640064512170654
125,0.001003911551481514,0.12574307055229694,0.871638916885401,8.740608353720215e-05,0.0015266949272833682
126,0.0068063631428532416,0.5214040506599502,0.4666887067054663,0.00042051902249787553,0.004680360469232322
127,0.002894846102174856,0.22015756326835173,0.7744495308733851,0.0002953833092302997,0.002202676446857936
128,0.0076611484539435525,0.5652086536412695,0.4209856230521735,0.0003530578112450402,0.005791517041368486
129,0.029358100214451094,0.794083462322783,0.17216956746259213,0.0010576923942143658,0.0033311776059591182
130,0.014777659341961204,0.7302996053258914,0.2519913419807105,0.0004347881870702814,0.002496605164366784
131,0.01863661605378591,0.8707104632417864,0.10478944272775573,0.0011258806314475174,0.0047375973452245266
132,0.007742535119515405,0.446238844395482,0.5384328133530819,0.0019066868079010042,0.005679120324019609
133,0.01852079505007208,0.7094747301578579,0.26123042015983094,0.0036085017664558546,0.0071655528657832155
134,0.05690190063252067,0.7146389801776474,0.1933281976140002,0.009506263953967364,0.025624657621864364
135,0.041474217540967216,0.7779253632710852,0.14375739756225792,0.016354842210379788,0.020488179415309893
136,0.05610948546213712,0.5983369385816899,0.1244265843453999,0.00881973006692183,0.21230726154385107
137,0.33692404504507456,0.3797025952461045,0.0018695518089321469,0.0588531683158197,0.2226506395840691
138,0.22516946107906846,0.5733344312419087,0.007982052094980277,0.025932529002186244,0.16758152658185632
139,0.7009834752348358,0.1837326173426881,0.0005146343599086365,0.04958046053822154,0.06518881252434598
140,0.46234232875139963,0.5030591949628457,0.001047256342060992,0.014654225948852174,0.018896993994841446
141,0.49651669936362247,0.19106919486685608,0.04228745942025084,0.008783509131112307,0.26134313721815833
142,0.48982400639961493,0.47022187799957743,0.002340294550635483,0.0063593416573917965,0.03125447939278034
143,0.11420265737508396,0.8591384235036595,0.006064314558457832,0.0047964440763321745,0.015798160486466456
144,0.4019557816460432,0.5592008548750502,0.0008520963642307421,0.018937105605100306,0.019054161509575538
145,0.05611936911959955,0.9332681377292539,0.0017970688810291435,0.005839952860440815,0.0029754714096766072
146,0.5083407762145872,0.4477772872189234,0.0011229107753902494,0.02719878586691523,0.01556023992418394
147,0.12649214862774158,0.8612318935334244,0.0013362504688355689,0.005312923679962572,0.005626783690035939
148,0.03713833612918147,0.9485984409592743,0.002850945560698244,0.009282445038064331,0.0021298323127817258
149,0.03325048811237865,0.9223894527473415,0.03513165789424064,0.0051326409293585736,0.004095760316680351
150,0.05322504882568252,0.9244766558649271,0.009922311094336632,0.005663634201855142,0.0067123500131985375
151,0.07036786809720794,0.9054331456015714,0.004553645889394201,0.014139872627369925,0.005505467784456562
152,0.028251808132354925,0.9590444473343164,0.004333615912423585,0.0061680383613554905,0.002202090259549801
153,0.02898569541248109,0.9542818244302592,0.010550385565450257,0.004427696683111837,0.0017543979086977978
154,0.03193414128115891,0.8384281034746404,0.11971065406544543,0.004736056725337881,0.00519104445341756
155,0.058198998074075754,0.8979900916921594,0.0198205490282491,0.019582147213381394,0.0044082139921342404
156,0.03924978442771879,0.9334293940372768,0.018563072693790993,0.00503447407536299,0.0037232747658502863
157,0.036150965999656635,0.9326451462717998,0.01816234423951829,0.009108602868405367,0.003932940620619761
158,0.026233809398446,0.9408267744546758,0.026439090765126863,0.0037226200461575446,0.002777705335593801
159,0.022768885200348976,0.9294006749081195,0.042516872150081035,0.0018129640656298798,0.0035006036758207545
160,0.0185483829047013,0.8917277877394173,0.08153630008671348,0.004431638289362305,0.0037558909798054937
161,0.016763879211699598,0.7943952408895639,0.18165678035283858,0.0016887942038978556,0.005495305342000086
162,0.01816708584681342,0.6014367463970848,0.3642265302093321,0.006457704857870443,0.009711932688899229
163,0.04881572524259968,0.8749028735438501,0.04403682714673179,0.021269350512961336,0.010975223553857149
164,0.06804107693454303,0.8392451744030194,0.06468843909505571,0.01444783618209708,0.013577473385284762
165,0.03580922367615294,0.8042870590008201,0.10233274134618728,0.005021627156959103,0.05254934881988055
166,0.46705404521527577,0.08120234791515991,0.002143792923389884,0.007089234599868868,0.44251057934630567
167,0.16716333199366257,0.7870502882770998,0.009522116413321131,0.00689303775143392,0.02937122556448256
168,0.050724724821219744,0.9230658182552566,0.013892885726886175,0.0008811067344572255,0.011435464462179978
169,0.2084271366684754,0.7743294952735058,0.0023757611417616715,0.003512194039193341,0.011355412877063854
170,0.04710830818395803,0.9402002972626813,0.008315816182966635,0.0016545146772060022,0.0027210636931880457
171,0.00957165345087958,0.9431850586518644,0.04462640098194031,0.0005741333101519577,0.002042753605163669
172,0.013406934852510382,0.8646960919990491,0.11870259500910822,0.0012361450957675242,0.001958233043564726
173,0.013038926824285577,0.9062891838381643,0.07577166664166846,0.0015084993664962725,0.0033917233293854366
174,0.004687119869473065,0.9228937796495267,0.07009761340511314,0.0007818734545604328,0.0015396136213267516
175,0.00785888101269603,0.9469318199403709,0.04174561250637156,0.0009458741371205678,0.002517812403440895
176,0.006703247663383496,0.7101951252434774,0.2776853177902139,0.0022146056916881626,0.003201703611237148
177,0.00880356775268836,0.9570927631109132,0.028668332852955305,0.0026994118099514615,0.002735924473491845
178,0.014612028939524643,0.9352038572707227,0.044569172132427226,0.002578506213506245,0.0030364354438189704
179,0.005979121668533146,0.770099882024436,0.2201699902980931,0.0008508968768306376,0.0029001091321069223
180,0.016787414945392654,0.9524266509535735,0.02690789337600109,0.001640082803435469,0.0022379579215974377
181,0.008249999043472275,0.9369444259514579,0.051034210380883016,0.0009624398924848995,0.002808924731701865
182,0.009358647738459522,0.7205869413150758,0.2670834471520258,0.0007575372586070005,0.0022134265358318057
183,0.011700860410450032,0.905719485290614,0.07968504451812312,0.0010697089846764254,0.0018249007961364415
184,0.0037422933070837437,0.6008129390435422,0.39338394017452316,0.000275948799520835,0.00178487867533004
185,0.0052984251117890934,0.6054943539856907,0.3851001794680458,0.0006187381248742213,0.003488303309600251
186,0.00437569832313734,0.8308658084913744,0.1622850145169029,0.00039411305382770306,0.0020793656147575844
187,0.0036128060868376353,0.34266100061309585,0.650980015344548,0.000431874818625573,0.002314303136892991
188,0.01245173888485993,0.5326165814477671,0.44411894822149744,0.002564595916016479,0.008248135529859084
189,0.011670940021029582,0.36317212933092097,0.6134034534657509,0.0034430336968040813,0.008310443485494541
190,0.00702073913712644,0.2809981496368189,0.7018261736766392,0.002290422106320073,0.007864515443095398
191,0.014151733330023697,0.40019351568772665,0.5507904413884707,0.010423752417993318,0.024440557175785693
192,0.007025530522751822,0.2677342332129187,0.7097635270834675,0.003163822852451989,0.012312886328409833
193,0.020049169334174825,0.5983605981874006,0.3175567209745863,0.022106175081217483,0.04192733642262074
194,0.02302281379189722,0.4839749772108597,0.4357074312831143,0.004796610326953372,0.052498167387175436
195,0.045676279177295456,0.4814523961956541,0.3074602286628728,0.016370961396813773,0.14904013456736384
196,0.028985829178060793,0.43266588360501174,0.36479915398491236,0.015235314806177788,0.15831381842583742
197,0.042730546511421656,0.3720573356548765,0.32824479464494993,0.04983248360543217,0.20713483958331985
198,0.0387801597020205,0.4313560549360261,0.2605689058633565,0.0815353002036236,0.18775957929497325
199,0.051513434989260684,0.07931827144140459,0.02782841716809776,0.019258646968272924,0.8220812294329639
200,0.3539710850567185,0.31374045402637263,0.02791510886173916,0.05412952671642803,0.25024382533874173
201,0.38255295787754845,0.2416728752921854,0.01231904464675109,0.055554689513546106,0.30790043266996886
202,0.19365578710180748,0.7368793517860588,0.03439462617914573,0.009603904740807445,0.025466330192180395
203,0.18204749174366328,0.7202946077513983,0.005215403350916406,0.0171629042929214,0.07527959286110053
204,0.16961964308346789,0.7776928013990394,0.006773716194363252,0.006252952559003976,0.0396608867641256
205,0.40505498134628054,0.5019897343000003,0.006657472871177465,0.013838763545244754,0.07245904793729706
206,0.17051401153309406,0.7623196377294992,0.013891910473062189,0.005461162178381397,0.047813278085963
207,0.32002121456301075,0.6235350753952482,0.01881868948922632,0.018104831449520575,0.019520189102993978
208,0.07077737491175458,0.8890969843423824,0.012492395614128862,0.009726665267535383,0.017906579864198947
209,0.19567027024743014,0.5471027538499705,0.019903992240322917,0.010587076566139428,0.22673590709613708
210,0.06917742641946469,0.9223022914147095,0.0018576478855438124,0.002464371988945983,0.004198262291335908
211,0.04484748969131339,0.9291760492265867,0.01991331711882794,0.001370913325325443,0.004692230637946423
212,0.04224395013478979,0.9468805303511938,0.005997223226214764,0.002001639189691778,0.0028766570981098635
213,0.007573644083433426,0.8896436224090363,0.09956976046061315,0.0007883198973796434,0.002424653149537655
214,0.03720315423825834,0.9180044437938282,0.024509323461165928,0.009006746098174145,0.011276332408573488
215,0.0012670004406685187,0.719368956558522,0.2750921458848886,0.0025852850564457093,0.0016866120594750706
216,0.012095838383624805,0.8480579772295099,0.12619221931125646,0.007521584736978547,0.0061323803386300006
217,0.005332057002882385,0.862026985671338,0.11470883406389569,0.014096462343442638,0.003835660918441466
218,0.1505644878439095,0.4882615777176745,0.004710578960340574,0.34529921829236326,0.01116413718571218
219,0.23441105344829796,0.5552645272703157,0.002016076319774187,0.19729178676765288,0.011016556193959302
220,0.07508362252742341,0.19565677696909528,0.0005754705159541683,0.7209278125930623,0.0077563173944647755
221,0.06550107250681338,0.07920712695658688,0.0004254184430964388,0.8424525997767852,0.0124137823167182
222,0.0284357998097751,0.02443030005853864,0.00019226226950777608,0.9413450678982497,0.0055965699639286826
223,0.031466327228055646,0.04759779316651341,0.0007532110303284124,0.901572104000678,0.018610564574424476
224,0.006388464915893884,0.005747691731379701,8.43179097902512e-05,0.9855917300133672,0.00218779542956902
225,0.008824367680118567,0.006673360073904571,8.546038882355003e-05,0.9779175613566262,0.006499250500527141
226,0.003606061860877385,0.005746324234538263,7.627595185176213e-05,0.9810739067427803,0.009497431209952386
227,0.008688689592230668,0.011603525066701537,0.0001362672911134398,0.9599207686174954,0.019650749432458793
228,0.016106999897251482,0.013275655852609015,0.00014311384952466543,0.9561719069503882,0.014302323450226768
229,0.024389804963004427,0.015180753305233526,0.00016841782692645594,0.9278853873048594,0.03237563659997618
230,0.014680683578338021,0.024949186234434442,0.0002064448130258861,0.938766912025976,0.021396773348225758
231,0.04161714717887784,0.03431049028553694,0.00025277125776928746,0.8979877578790512,0.02583183339876478
232,0.13486900014763611,0.05222538441099731,0.0008695794938627705,0.5466999547548589,0.265336081192645
233,0.08633293947908059,0.04653761692680557,0.003936197268725561,0.11111106712932953,0.7520821791960588
234,0.22614071117142595,0.024316073801392384,0.00023446281622055526,0.3112792726879617,0.4380294795229995
235,0.6410901433689382,0.02413058761836438,0.00032206546390308263,0.2311307018562954,0.1033265016924989
236,0.49467721294964834,0.020170434864520873,0.0005091999624621394,0.2181900733101104,0.26645307891325815
237,0.17358896112165623,0.027766995621300212,0.00017184546343368667,0.596802896115433,0.20166930167817682
238,0.1589876743629355,0.061355797715899725,0.0001641761284276759,0.5326821612594944,0.24681019053324268
239,0.45842104145303825,0.028428881569456155,7.55334892589908e-05,0.29426252243083073,0.21881202105741598
240,0.47761570175790774,0.347768041528041,0.00015932955009090535,0.13821990737269593,0.03623701979126455
241,0.3951269756229812,0.47149615611281304,0.00013836035448493633,0.11411834263406784,0.019120165275653075
242,0.09741904459034731,0.8495296041269216,0.0007387742909053238,0.04506514154291726,0.0072474354489084954
243,0.1864306934203603,0.5719928056801039,0.00035723254614947213,0.22825174424443437,0.012967524108951826
244,0.06484198966866145,0.9011806144083032,0.000290678029510397,0.029015674175096342,0.00467104371842883
245,0.03603091211643593,0.9497665811672876,0.0007240476585703355,0.010308528517892606,0.003169930539813624
246,0.01642894752502946,0.9743903315980547,0.00029705519991601637,0.007048575457399777,0.0018350902196000026
247,0.2108755705962679,0.7266394878563689,0.0005117326523740633,0.04329169399100652,0.018681514903982673
248,0.12210290642152147,0.8353417921120575,0.00037525359573346455,0.030153596167648188,0.012026451703039403
249,0.04543882824349123,0.9372562552325223,0.0007168852322929903,0.011654362827625251,0.004933668464068183
250,0.04876683382844087,0.9351926786365167,9.397947086809613e-05,0.012435769290322583,0.0035107387738517685
251,0.008726061297216122,0.9858567207331562,0.0008259337292063533,0.0030818325094770834,0.0015094517309440722
252,0.0526795480589948,0.8985166971312187,0.0008148801609954891,0.0407828506517989,0.007206023996992207
253,0.42835581403308837,0.25601259018236094,0.00037605396479791295,0.2525914825834996,0.06266405923625308
254,0.10218712653874541,0.8522557762124008,0.0007849625352216194,0.04029620518929317,0.0044759295243390175
255,0.16996978044341882,0.776670757232919,0.00022912794560198889,0.04410490290848653,0.009025431469573752
256,0.05840230376770033,0.9314340524832228,0.0004968691649813044,0.007297112842931376,0.0023696617411642796
257,0.14899292253812765,0.818778327849123,0.0009697762067077764,0.0254827260227049,0.005776247383336674
258,0.037072049482053136,0.9552546988213667,0.002678470558480428,0.0026238924861938643,0.0023708886519058477
259,0.10898187173697739,0.8787820856912946,0.0010362603325998767,0.005869172335972527,0.005330609903155731
260,0.016968696981951196,0.9803257329172242,0.0008516992740315571,0.0006980514280109198,0.0011558193987820772
261,0.11101435970320556,0.8804036661572539,0.0007012456428035713,0.005167192388280443,0.002713536108456586
262,0.009609739731527688,0.9885464812968608,0.0006077831544993427,0.0005042527053627466,0.0007317431117491556
263,0.04767344769093282,0.9487388279901209,0.0008401531938808188,0.0010290066616825608,0.0017185644633827782
264,0.018116242404743445,0.9774916005689682,0.0018902697073018993,0.0009452849485005313,0.0015566023704858107
265,0.021673865949912295,0.9622689987222595,0.011856019405937883,0.0018216262217320626,0.0023794897001582264
266,0.05256279785441858,0.9250170316874199,0.014109451472041713,0.005574051164464307,0.0027366678216553726
267,0.023462748082896435,0.9578576443718024,0.011198285385705954,0.005871604651211989,0.00160971750838307
268,0.039504226077907004,0.9506602832236751,0.006011356525360694,0.0023616349793382954,0.0014624991937189024
269,0.008041023623467928,0.9672124425597126,0.022523992741071152,0.001136425325373861,0.0010861157503745686
270,0.014283028490260695,0.958726744647102,0.023905077483449673,0.0015331866101041896,0.0015519627690834795
271,0.00953755382218562,0.9634388064727482,0.02518122913977737,0.0006838670209166512,0.0011585435443724383
272,0.011096817791150002,0.9731601570093631,0.013747844750689287,0.0008416464863409685,0.0011535339624567298
273,0.012187155002465715,0.9652409545270806,0.020696685614752717,0.0006814074475126313,0.001193797408188434
274,0.00841916109774939,0.8939977210157481,0.0942473928532709,0.0007525214801510769,0.0025832035530803216
275,0.003080985096992104,0.8996157196748112,0.09581368373417237,0.000534396089928318,0.0009552154040959253
276,0.02713671540077132,0.9536852377629306,0.014117214480485953,0.0025328170471156106,0.002528015308696586
277,0.010798446847183917,0.9645110913501785,0.0217422829509481,0.0015672212334940068,0.0013809576181954485
278,0.0036279183935868835,0.8526244231557322,0.14160368143802932,0.0007338625700563922,0.0014101144425951943
279,0.01761888659687372,0.9470449566919421,0.031089767444657544,0.002271291244065591,0.0019750980224607687
280,0.007947666943840652,0.7218942125403807,0.2659096937904101,0.002051880245062756,0.0021965464803058855
281,0.02919677751822964,0.9313763109247811,0.022503097940019662,0.00993046190366755,0.006993351713301684
282,0.013210618491849216,0.9372611772857982,0.04114783952028445,0.004684171007079318,0.0036961936949887935
283,0.01558004048152411,0.9165787696350693,0.04879252439952094,0.00886963941353506,0.01017902607035069
284,0.11599922044558668,0.5675119101220384,0.02678271916524303,0.03524885009829124,0.25445730016884066
285,0.35178128014317717,0.4467073437203876,0.005366912347741064,0.01925460456846178,0.17688985922023248
286,0.4756474879059138,0.45733633651218175,0.0008031903697050233,0.02531253767831178,0.040900447533887566
287,0.33223601790564167,0.6043366022243368,0.0013800775111710295,0.004792605849143852,0.057254696509706694
288,0.32099554946617415,0.6608735450951685,0.0005358536929833526,0.007191937046094502,0.010403114699579566
289,0.03384624127214397,0.9602786613663727,0.0017292921256639236,0.0012394783524387906,0.0029063268833805964
290,0.3192919597067547,0.652495434932765,0.0005773931218529315,0.008217359761363108,0.0194178524772642
291,0.2262387157845116,0.7570790985369025,0.0012090068316486394,0.007640686608134865,0.007832492238802573
292,0.016316525876810668,0.9789075710985865,0.001885857602578753,0.001912967545429573,0.0009770778765946424
293,0.14045309310397547,0.8420105819420627,0.0009025164591404337,0.008341210062022823,0.008292598432798722
294,0.05487670195039645,0.9316273789941226,0.0019488838470735812,0.009082479841540307,0.0024645553668668566
295,0.09728826647020145,0.8786315106098308,0.001016663520575405,0.01964691667339088,0.0034166427260015537
296,0.1615235768785272,0.7955112662094121,0.001806233064486803,0.03551725883075619,0.005641665016817666
297,0.05360885956912629,0.9266517789975846,0.006960334383032959,0.007805955792219621,0.004973071258036464
298,0.0708508911180632,0.9036978929977035,0.007369547058721022,0.013531736210294062,0.004549932615218158
299,0.09786769580874738,0.8700427178188012,0.006100923745681781,0.020841296351530356,0.005147366275239281
300,0.05325246463171431,0.9236642507548064,0.007115560744241352,0.013812949771694583,0.0021547740975432074
301,0.02549339307649891,0.950868803250386,0.01707323100673824,0.003841432525946428,0.0027231401404302826
302,0.0299853025974889,0.9214750505252064,0.034114249823137426,0.012094457096156542,0.0023309399580106606
303,0.062151512392440725,0.8911983597191395,0.021910337568660506,0.01943542189376507,0.005304368425994339
304,0.021423761579831214,0.8675534726846259,0.10164652517350777,0.0062813225241147175,0.003094918037920566
305,0.04835510125998398,0.9163651375936692,0.02086583694398343,0.010092981997286464,0.004320942205076979
306,0.025791686270250656,0.9353057237201946,0.03287656203882185,0.0037957066395938833,0.002230321331138991
307,0.03880567171782759,0.940685153761219,0.014563114482255973,0.0033200565947277276,0.0026260034439697104
308,0.04343216884395884,0.9201054132612446,0.029426098968607445,0.003516626461684192,0.003519692464505132
309,0.01957602191848155,0.8012733468444105,0.17048058252231538,0.003233633834658366,0.005436414880134321
310,0.01415204479448388,0.9097542515411059,0.07064553603182819,0.0025160814811310316,0.0029320861514509555
311,0.02716001285585843,0.9465866652573538,0.020665927219979372,0.002419803469458954,0.003167591197349258
312,0.04636029536049054,0.8835778032660264,0.05986284735328006,0.004893077176681482,0.005305976843521267
313,0.023030101195650108,0.9451007176464157,0.024063331145667072,0.004680021958670565,0.003125828053596609
314,0.37563433483226416,0.352616658009262,0.04320924227785675,0.018306384701559392,0.21023338017905766
315,0.053445452667987774,0.9332240475173534,0.0052668527170244145,0.003868254310252245,0.0041953927873822515
316,0.13374546463680415,0.832710820406608,0.007453001395724357,0.010186247036355145,0.015904466524508276
317,0.04351078388387546,0.9209997019108306,0.01863827795121362,0.0032644831908866397,0.013586753063193551
318,0.023612550558880542,0.962804480534353,0.008585285276283642,0.0030183927031036846,0.0019792909273793013
319,0.08396089271457322,0.901107431265354,0.004638204576355472,0.004742495561327505,0.005550975882390167
320,0.061139519223712066,0.9185184215185676,0.013309658408422057,0.003254438789783429,0.0037779620595148316
321,0.21867315996743053,0.7451732518041552,0.0090638265972421,0.01823955039831708,0.008850211232855195
322,0.06293730259016614,0.9008128696874493,0.024203950327104876,0.0026611270104037695,0.009384750384875778
323,0.04759949113120452,0.9176228692377826,0.029432158370266314,0.0022878765411010566,0.0030576047196453847
324,0.049130246493484866,0.9142427800867825,0.03117000771032186,0.003261156673312553,0.0021958090360980798
325,0.013804973616725742,0.8363066451026451,0.14556401968325916,0.002473859966676667,0.0018505016306933366
326,0.01410202447128236,0.9267544175812013,0.05383390216831522,0.0032431711579502423,0.0020664846212509655
327,0.008581169567496869,0.8808777562829005,0.10624725152231604,0.002770308100347322,0.0015235145269391743
328,0.005553505322944076,0.9034649223099943,0.08692796464361616,0.002088021433176939,0.001965586290268363
329,0.01643618277038667,0.8396266206141245,0.13741465909889367,0.003063372735313386,0.0034591647812819617
330,0.01749207451820565,0.9405932773242464,0.03784123083565229,0.0020389144626217536,0.0020345028592739455
331,0.017020964009805576,0.9382400097601828,0.04097311185181842,0.0021093393973306766,0.0016565749808624569
332,0.009754957231905202,0.7717969152086106,0.21432305387557185,0.002160873596106691,0.001964200087805616
333,0.01674482420937552,0.9184896187492755,0.060131680283689315,0.0021946048577030242,0.0024392718999564533
334,0.01931215192230032,0.7783759390865593,0.1957281902074149,0.0030051462259335173,0.003578572557791831
335,0.014019823062969894,0.8473633108343523,0.13309479155266513,0.0026454526096666505,0.002876621940345865
336,0.02235586041991818,0.8806165280645987,0.09034381038474933,0.0037735047998795337,0.002910296330854303
337,0.022309557809782932,0.7776825274735738,0.19292239415800722,0.003140451234989462,0.003945069323646525
338,0.015971628462200595,0.8245105572677561,0.15308986205506545,0.002605761921645566,0.003822190293332391
339,0.014342212520757257,0.9217284253043102,0.05885712395097458,0.0028166699729006905,0.002255568251057133
340,0.01440363575101081,0.8426038723559162,0.1374687569525826,0.0026996885705832465,0.002824046369907108
341,0.007023325833936386,0.7801872951444919,0.20920230989607871,0.0017918259043986553,0.0017952432210944244
342,0.012479231273452912,0.7903996373950677,0.18988341611397697,0.004165429287338716,0.0030722859301638246
343,0.010242771060653905,0.8313391039814784,0.15243426062900023,0.003599847277653586,0.0023840170512138526
344,0.014831490997630483,0.8936260636674416,0.0864017133948058,0.0026502693176050445,0.002490462622517024
345,0.01089964347379938,0.7810763395310935,0.2024415540698666,0.002386662019156473,0.0031958009060839153
346,0.015342526154329478,0.8247230635016264,0.15321268082917489,0.00244768159593557,0.004274047918933628
347,0.02258284547018741,0.8300163957493002,0.13628205083095812,0.003761716775683665,0.0073569911738708025
348,0.014578095325823324,0.6932092349272182,0.2810061073095388,0.0030934017477725535,0.00811316068964701
349,0.006878570344876922,0.7992797138425284,0.18714952840081983,0.0014164777398711775,0.005275709671903754
350,0.01443470604736828,0.7336900864595133,0.23751052496423747,0.005897657177547117,0.008467025351333724
351,0.014973354775098969,0.7443924374142512,0.2131561111840897,0.01113464047526286,0.01634345615129731
352,0.013621251048488372,0.8700254906734842,0.07904225256440867,0.016170434304015477,0.02114057140960338
353,0.060716483281626904,0.7996783277299794,0.10075103811639984,0.018249039387917203,0.020605111484076725
354,0.07049215334042937,0.819573364366037,0.06568388261592355,0.018127143315974332,0.026123456361635693
355,0.05765292678265722,0.7890569708221054,0.09324210102567262,0.009671302526572351,0.050376698842992375
356,0.04777977729040237,0.7157550301560083,0.21994229911040816,0.0017287908970635443,0.014794102546117648
357,0.11946927675979642,0.7552400632219799,0.10516223067228082,0.0034654468134398347,0.016662982532502993
358,0.07285797844093868,0.776828039806576,0.12339251081358475,0.0046889331842709225,0.022232537754629564
359,0.05849286438509538,0.7974925262846236,0.11120605028476559,0.006366073750724296,0.026442485294791176
360,0.0480849357702205,0.6795743721226453,0.2504851403323177,0.0017654171131498994,0.020090134661666644
361,0.0695052819362645,0.7380002693398596,0.16598086962695296,0.0037692169057135213,0.022744362191209306
362,0.06197811932345917,0.7475193188628692,0.1667496432557079,0.002780250818512227,0.020972667739451337
363,0.06563580711421091,0.7274640133798048,0.15532608929561773,0.007220948421933279,0.04435314178843328
364,0.059255948699686097,0.747293629088974,0.1710048246345193,0.0022257456133962378,0.02021985196342451
365,0.03451885279675578,0.6674796781568247,0.2685708030597209,0.003940057535572591,0.025490608451125937
366,0.08541306058771693,0.7550025027258639,0.08141053936872443,0.02130379413408068,0.056870103183614046
367,0.09195678911526234,0.5552934937804634,0.28502444124947074,0.0034994187488883713,0.06422585710591516
368,0.0652252906697435,0.6500624940394018,0.17568015277901206,0.013742032597960583,0.09529002991388211
369,0.13493420322417568,0.5652686987577678,0.15091408352988492,0.009241495379687477,0.13964151910848427
370,0.06232924561613926,0.704149352401273,0.16856143817397234,0.0022746875930822847,0.06268527621553327
371,0.12968101398887985,0.5766716939873245,0.17346000888272556,0.009082322795443389,0.11110496034562672
372,0.07322490696529604,0.586741567320875,0.27382548458820094,0.007327999877775729,0.05888004124785236
373,0.0983968954292892,0.16985463177733728,0.04599706742053382,0.0432482553417338,0.6425031500311059
374,0.5865963943655653,0.2522268465031832,0.001426763131962932,0.09026586907690676,0.06948412692238179
375,0.490768892095494,0.4065786043124468,0.001807063270889935,0.033783236745855844,0.06706220357531335
376,0.3896515226084618,0.49155905081435197,0.004275703116524036,0.046066383255083714,0.06844734020557838
