epoch,N1,N2,N3,R,W
0,0.02140247033566042,0.0021979635286075365,7.936208188512948e-06,0.001059635433150875,0.9753319944943928
1,0.020096897287231578,0.0031990902569387393,6.029808108228013e-06,0.002452289807972566,0.9742456928397489
2,0.03435622145610435,0.0030788895526558343,7.79270071996092e-06,0.0019996255715110517,0.9605574707190088
3,0.30501356882627,0.035128061335997225,9.864149961529719e-05,0.017058609509292052,0.6427011188288254
4,0.21173076354965795,0.03509026444372655,0.00010354060537517999,0.023639439335103627,0.7294359920661365
5,0.3343711226580331,0.1565500332483163,0.000316891763612757,0.06543139159755897,0.4433305607324788
6,0.028387143666665993,0.008507442860796952,1.0752771107758031e-05,0.008537279182966253,0.954557381518463
7,0.3720215237826424,0.11671695658622915,0.0003367442559039054,0.05106136058130746,0.4598634147939169
8,0.2560164050369498,0.623526914627149,0.0025902957993443275,0.03973167609333786,0.07813470844321889
9,0.16226713507108462,0.7418491720825936,0.0022278574519581447,0.03641515764581976,0.05724067774854385
10,0.25174190314451,0.1697868493699856,0.0005487770992848105,0.15815901217168374,0.4197634582145358
11,0.20409976803222404,0.6221958167536976,0.0027484964918725947,0.0461481469878912,0.12480777173431445
12,0.23903317803926127,0.5947968301618598,0.001358380608443875,0.024543377969901747,0.14026823322053336
13,0.26753657501490724,0.5771031952131025,0.013186150803134357,0.004839327634732494,0.13733475133412343
14,0.022314697915100646,0.876196867307801,0.03657786587270872,0.004170780321973414,0.06073978858241617
15,0.14994177923543622,0.6724842668971702,0.03580287251850697,0.004266357355897287,0.13750472399298921
16,0.13355758927651315,0.7881406830563196,0.023837090237217917,0.007688890249926876,0.04677574718002241
17,0.06533076438334344,0.8467099229894252,0.024326914881738246,0.0029402999026643083,0.0606920978428289
18,0.04790646963681183,0.7837449351011678,0.12074957003526841,0.003042987130229679,0.04455603809652213
19,0.29419487193762595,0.6229316714012728,0.04369214413237704,0.002467024803632764,0.036714287725091437
20,0.2674524076543762,0.6356092470245502,0.04669312060024698,0.0025477552443558004,0.04769746947647082
21,0.204087938215943,0.647068489581334,0.08196408297205372,0.002738560805477747,0.06414092842519142
22,0.07428972383370952,0.7200536780832283,0.1350204304204532,0.0014675135285377513,0.06916865413407132
23,0.100538953582647,0.7438467641314204,0.0204845675891986,0.004240314291139192,0.13088940040559488
24,0.24481655089845067,0.6532348085729095,0.01578870044409586,0.006440082927557732,0.07971985715698633
25,0.19042128285686827,0.6715402183516292,0.0067570409370854125,0.0032870615633827775,0.12799439629103437
26,0.2631343942468047,0.6684867700940338,0.019900630769000338,0.0026159526497514995,0.0458622522404097
27,0.2476196092799253,0.5705510592133742,0.01606346331150773,0.005750425348741222,0.16001544284645153
28,0.16771331115384638,0.3554703318572947,0.011694618243999609,0.007317397510610808,0.4578043412342487
29,0.1931165845875789,0.6736920761441966,0.08934956497193496,0.003586573972670205,0.040255200323619324
30,0.25715160110019175,0.4594650176625779,0.051546427885311545,0.004774678730392445,0.22706227462152645
31,0.13354761264928822,0.7041471761093132,0.09438297556019405,0.005057123024725486,0.06286511265647896
32,0.32605700370243323,0.4782418721944252,0.046525659588275,0.003928639427292309,0.14524682508757425
33,0.18979860168079685,0.5951619311573556,0.14460832906619941,0.0014177475111544484,0.06901339058449371
34,0.34815937836822675,0.5094410014518058,0.1031438909216412,0.0015180694917489158,0.0377376597665773
35,0.34675398468133717,0.3154569468607689,0.05013313972706713,0.0007355972177589785,0.28692033151306784
36,0.2997470619515148,0.5946179028867183,0.08147397927520006,0.000549983030320127,0.023611072856246623
37,0.04133787071429732,0.7684280279247631,0.17480525919787568,0.0004830351620898761,0.014945807000973988
38,0.15174953667754332,0.7509658756042339,0.07526480754119573,0.0005654210425030529,0.02145435913452398
39,0.01799295280205463,0.7635530170804058,0.20164877418452798,0.0005673038009183522,0.016237952132093343
40,0.027295158034119384,0.7155998259847801,0.23963115480694464,0.0005586403059655678,0.01691522086819032
41,0.07493262923765628,0.6822218075261198,0.2070077019072954,0.0010004502089890858,0.034837411119939404
42,0.055060999775979634,0.6340337744421808,0.278103151559774,0.0021471086700498715,0.03065496555201574
43,0.08251760021069263,0.7103559258332737,0.1938619089485613,0.0005381521804426522,0.012726412827029703
44,0.09109592078709937,0.7552570885813547,0.054903718190144224,0.0006601252262388238,0.09808314721516295
45,0.2634819511899078,0.6715398912616454,0.037165750712783066,0.0007864159408565688,0.02702599089480706
46,0.17452561439604808,0.5749679484655288,0.22514383938309113,0.0004232386747581109,0.024939359080573834
47,0.04873676967000209,0.7854159515876623,0.1506697742330669,0.0004399677224446477,0.014737536786824088
48,0.01255194581003064,0.6255682167445344,0.3517713044727076,0.0002509176376653425,0.009857615335061846
49,0.003712074451736809,0.3365199677038268,0.6533221933472532,0.00013118340741975776,0.006314581089763494
50,0.00804760032355915,0.5367581193302435,0.4459198832183683,0.00025799534231245536,0.009016401785516694
51,0.035139838258859815,0.3863729439614812,0.5401932904967582,0.0010300972010527313,0.03726383008184816
52,0.10496816461540899,0.6439201991570894,0.1320899744463534,0.001297537441436607,0.11772412433971156
53,0.1879417020465886,0.501463198999908,0.28006194699656933,0.00044756923422549765,0.030085582722708514
54,0.03827598589827514,0.6001678515115656,0.3423101047173896,0.000244924548956233,0.019001133323813493
55,0.03519236632921167,0.4104665808014275,0.5463568669992178,0.000142845417720355,0.00784134045242264
56,0.03572993618868394,0.36401419073293345,0.5901335736747707,0.00016832359328438354,0.009953975810327456
57,0.0036211555019833204,0.25442778655204645,0.7368478184214581,3.8746514280399636e-05,0.00506449301023173
58,0.004674583559864718,0.08780931485581366,0.9034214901578178,2.3779168141328094e-05,0.004070832258362453
59,0.014571745735014048,0.27458824183747543,0.6927095480155434,9.529553353744052e-05,0.018035168878429552
60,0.004405973445730779,0.16797855002868436,0.8226968772397532,1.6404672213966397e-05,0.004902194613617831
61,0.010176966601188726,0.1531658228268941,0.8265405217008315,3.729519517987376e-05,0.010079393675905731
62,0.00552117025797549,0.13946259119338744,0.8480139800597708,2.460906438714121e-05,0.006977649424478966
63,0.02307692266602994,0.24211238084973186,0.7210739666651422,5.1509253194466076e-05,0.013685220565901577
64,0.0034117987455931724,0.07641887725447212,0.9145084732822494,1.7366616674306583e-05,0.005643484101010871
65,0.0025268083775621124,0.05251733621032861,0.9393551151927756,1.5008242954165964e-05,0.005585731976379613
66,0.009441803095200312,0.12175553611096482,0.848594103531851,3.663036361176175e-05,0.020171926898371915
67,0.0136076861770154,0.14903341085974514,0.8185398858731318,3.095955179407416e-05,0.01878805753831358
68,0.003944387820624822,0.13362375965052814,0.8579158638618737,2.6692274094788998e-05,0.004489296392878533
69,0.0024636871778747084,0.053827989715200815,0.9382745488157672,1.4197640885023477e-05,0.005419576650272195
70,0.0013924367829237698,0.0870669254195438,0.9091790161032365,1.3600667521409718e-05,0.002348021026774642
71,0.002966407177699477,0.116569295462511,0.8686335031355261,4.223341058309855e-05,0.011788560813680267
72,0.0043972403846294986,0.17500811197990038,0.8152954905368929,2.7441678936612406e-05,0.005271715419640552
73,0.01041316236623569,0.2766688197021289,0.7087760988878907,3.045032425040248e-05,0.004111468719494294
74,0.0044903435944630985,0.1517925404994563,0.8405800487668067,2.311470411880765e-05,0.0031139524351552405
75,0.005440851939957045,0.07355078880902559,0.9160337103914286,2.8998980931919913e-05,0.004945649878656928
76,0.018471899201896312,0.26854958264069817,0.6986956872316537,0.0002178159758656561,0.014065014949886124
77,0.004189973478302735,0.16255762223837728,0.8298436391183616,5.827969796087335e-05,0.003350485466997584
78,0.019939041416730034,0.10180832895933299,0.8727665840721973,0.00021770048628953065,0.0052683450654503194
79,0.005406261514067812,0.1488620200986657,0.8369241344515304,0.0003253117381193746,0.00848227219761683
80,0.006176097742466405,0.2022629764783979,0.7798961218143607,0.0002492974353400846,0.011415506529434738
81,0.027367495315600954,0.6189249493306166,0.32701556927490505,0.0006478246653632122,0.026044161413514212
82,0.044138838499307616,0.40396092313622906,0.24277119227868368,0.001179413569483724,0.30794963251629603
83,0.031150373156527588,0.6980392395861804,0.26424105550858185,0.00029892863938456917,0.006270403109325686
84,0.012011873984978877,0.43627807644094074,0.5463244082285895,0.00020551516910886333,0.00518012617638183
85,0.013351803008870932,0.46424603662236463,0.5141543945444688,0.000642478440086545,0.007605287384209063
86,0.012289928662763723,0.4926385867509799,0.4860892333577863,0.001097665273859162,0.007884585954610944
87,0.007185953831483704,0.36531362864948497,0.6178842730123786,0.0012166032681903203,0.008399541238462543
88,0.024194255461253707,0.5348882978456968,0.41056077430012344,0.0017248239956689064,0.02863184839725714
89,0.0696518038861445,0.12179629047188298,0.047537922624677056,0.0008019485825564082,0.7602120344347391
90,0.050803632951752886,0.3543741113265526,0.5824578554452863,0.0005728415329406928,0.011791558743467417
91,0.12381037277284963,0.60630534466592,0.25594221056787897,0.0005545133000602674,0.013387558693291075
92,0.04888015334947573,0.6919879755209567,0.24811932351660818,0.0005798774749503937,0.010432670138009161
93,0.0027426442935952946,0.2025807701774291,0.7895968258574391,0.00032965069714878457,0.0047501089743877695
94,0.14107122284970794,0.599481697480786,0.1991763373004844,0.014604359679868496,0.045666382689153136
95,0.08226746261012205,0.7241209358086106,0.16487278768385116,0.005138011067456038,0.023600802829960098
96,0.08137071902321563,0.8465704934787212,0.04572172960577685,0.005081477437799234,0.02125558045448684
97,0.07663801727874898,0.7394567788489202,0.1524326257596207,0.0022856689861435143,0.029186909126566577
98,0.02346019770063717,0.8323834445957423,0.1243949061735584,0.00278616965330541,0.016975281876756527
99,0.05467895869132449,0.8834878810342585,0.03666806149547274,0.007976344894281727,0.01718875388466261
100,0.07445116198824152,0.8766130861012167,0.01244448310503783,0.01391640338622409,0.02257486541927973
101,0.3606973412257165,0.26415079247757395,0.004696367333904682,0.007208589865883817,0.363246909096921
102,0.08333921960570387,0.8750058104099511,0.021139799497763546,0.013567115765714434,0.006948054720867041
103,0.14026252596449634,0.8040603053972781,0.013694440955399834,0.019211077384011947,0.022771650298813714
104,0.03509768362758776,0.920024071209217,0.020446102793491145,0.01915856780554632,0.005273574564157613
105,0.03394904856091714,0.7824868147777885,0.10631717266075569,0.0659563464419222,0.011290617558616538
106,0.09771522487595857,0.49835279273661304,0.026457196557244517,0.3148140639348484,0.0626607218953355
107,0.11437143877984877,0.10974998799115826,0.0002557770361799358,0.3843431955427295,0.39127960065008355
108,0.1435463755821199,0.12142009503248721,0.00026655182821923464,0.6886036184714897,0.04616335908568398
109,0.46388678686023493,0.09137486431545315,0.0001367854439993717,0.2884348877703894,0.15616667560992326
110,0.6867845665876953,0.08472598636745624,0.0003356614788705473,0.09731137822342285,0.130842407342555
111,0.3450583224807523,0.11353402207680198,0.000437475646801675,0.4320806387672418,0.10888954102840219
112,0.21117056618622546,0.2019880668481646,0.0004646734049827272,0.5215377324453653,0.06483896111526213
113,0.12252432616197291,0.2242895890189177,0.0004785913468244299,0.6039883483724668,0.048719145099818124
114,0.15868750296262193,0.051139563093636306,0.00013510046191388982,0.6798044239059484,0.1102334095758794
115,0.06225135634237069,0.049178792343801736,9.713267723084663e-05,0.14278686099495336,0.7456858576416434
116,0.07385376309509839,0.01571092747006002,2.2948974863007388e-05,0.08640622298403984,0.8240061374759388
117,0.2929766591091534,0.03806600029480387,8.936812108266176e-05,0.12245759912704884,0.5464103733479112
118,0.29448984092519853,0.03815078388440324,6.0929240472507405e-05,0.21196808222846644,0.45533036372145935
119,0.09203149917276793,0.12974707546787292,0.00028666278568231746,0.212965944591295,0.5649688179823819
120,0.029120283936229546,0.009564965678515048,1.4020082048184574e-05,0.037904728475623484,0.9233960018275837
121,0.06558480264614822,0.009842664353712888,1.361126963901874e-05,0.051003462538877054,0.8735554591916229
122,0.009275228616939466,0.00655460774026726,2.192779081642289e-05,0.00740609523715561,0.9767421406148212
123,0.01716762859206572,0.004454086655052644,7.738745211621284e-06,0.011482793954048304,0.9668877520536217
124,0.16241868463997713,0.01754311111658401,1.8524941110274394e-05,0.0312871190796409,0.7887325602226877
125,0.009101210215989879,0.0024922700299943802,6.5594015755877084e-06,0.007302328266898586,0.9810976320855416
126,0.007088185741322699,0.0027791021041726023,2.785358817666908e-06,0.004675331710804378,0.9854545950848826
127,0.16827631779741686,0.028682932192983745,3.898255047422948e-05,0.057875248952784966,0.7451265185063403
128,0.0030408896829793217,0.00317043203423598,1.0382074680281275e-05,0.0024841174583676707,0.9912941787497367
129,0.0030862027550091825,0.0013695054850970862,2.095559433087113e-05,0.0012352784667757214,0.9942880576987871
130,0.01653435789788533,0.0018055244308619696,1.0971125763351678e-05,0.003930110761196909,0.9777190357842924
131,0.5096588114059316,0.04960939608666919,0.0001848887596298063,0.028421994814735445,0.41212490893303405
132,0.5610673854535962,0.18931467477476266,0.00041746835053389796,0.04943795607336335,0.1997625153477439
133,0.2731614317928751,0.3413858977149528,0.0007032109041949918,0.10213603348218592,0.2826134261057911
134,0.1474626720078065,0.6764271133672228,0.0007199848213935199,0.10064719544212405,0.07474303436145312
135,0.37438514470120915,0.3694824835816379,0.0013726101536440244,0.1384599662666833,0.11629979529682569
136,0.2392885612727774,0.5384106163922531,0.0009146717311079971,0.17140203789423972,0.04998411270962185
137,0.12011305125805036,0.7877560069856376,0.008661661274114756,0.005716163135636736,0.07775311734656064
138,0.056597813372242844,0.9059704714219405,0.011133674032741295,0.006905880398836727,0.01939216077423841
139,0.19554179281192266,0.744231149535914,0.009030270969553146,0.008442044132840693,0.042754742549769555
140,0.12147578377511825,0.8401321731058982,0.011659938942667217,0.014050217041664528,0.012681887134651786
141,0.08710043447819019,0.8800578728312879,0.012752896577599235,0.005744451148869867,0.014344344964052652
142,0.14563543151851274,0.8220853509959317,0.014831612929412123,0.003619568310708744,0.013828036245434694
143,0.1950826250874474,0.7606310725268289,0.010728301757429604,0.003789359534434251,0.02976864109385979
144,0.07616020604831812,0.8956910395226589,0.009090761783891987,0.0037795327992358844,0.015278459845894973
145,0.1950272782140418,0.7710817723832238,0.004344224959236417,0.0051532288778943555,0.024393495565603534
146,0.20859880588586982,0.7679780314437897,0.007578736897933891,0.005381611848614475,0.01046281392379201
147,0.23515258384905202,0.7163356029888605,0.01693957214866514,0.00450020366675819,0.02707203734666431
148,0.05133751878581253,0.9036665296429325,0.03652190355108689,0.001687297152455721,0.006786750867712616
149,0.0845023643226407,0.8192920992115758,0.08318349103534417,0.002790642064583951,0.010231403365855521
150,0.09399827006799664,0.8539305393432893,0.011300588798675305,0.0038664577589310146,0.03690414403110759
151,0.06708358605009712,0.9043276048417908,0.014840324130714504,0.0016566114210520753,0.012091873556345467
152,0.13136643499100475,0.8164960465986051,0.032781379162911045,0.0025281436853463895,0.016827995562133012
153,0.0221312671676389,0.8845631302883677,0.083061353591291,0.0010131794026140657,0.009231069550088638
154,0.28070089203821297,0.40847665410233797,0.019488292875685584,0.009582511153410902,0.28175164983035256
155,0.22917164957815045,0.6430300404554551,0.06607011257146433,0.004092400367445269,0.057635797027484705
156,0.09100670678494883,0.8510595488743532,0.026135921761931243,0.0015828300128157512,0.030214992565951133
157,0.20134486731749285,0.47301236125435314,0.07757534755800741,0.005742509982176604,0.24232491388796992
158,0.2121713902564888,0.6395217850522625,0.11127812479068,0.0022957350363579047,0.03473296486421085
159,0.24739493101900015,0.6699567406130342,0.014466637685169715,0.006246911295677377,0.06193477938711868
160,0.17015304219045296,0.7791725635309468,0.023102252660947547,0.0023087677886916382,0.025263373828961093
161,0.08705098376462414,0.7423422716468066,0.15648618872064857,0.0025913182924107753,0.011529237575509959
162,0.040995646483335944,0.9201099330199595,0.01886158560191256,0.0038393010374243707,0.016193533857367555
163,0.15025561477018698,0.7738797959375564,0.04473738568481742,0.005539798222589533,0.025587405384849646
164,0.018309711609834137,0.8577695588758484,0.11236996803954376,0.002265775875765836,0.009284985599007948
165,0.07307554399445748,0.8340263566789773,0.07741340234868888,0.0016516044911122998,0.013833092486763888
166,0.009708536756368619,0.7676979095613502,0.2177922988770688,0.0006344441509736411,0.004166810654238677
167,0.03463698150681596,0.7591626930299004,0.19261169434970885,0.0008423854192211957,0.012746245694353791
168,0.01908449543118191,0.5121858487282862,0.4644479517008454,0.0004342282917855453,0.0038474758479008805
169,0.040250964430723825,0.8831357518102837,0.07152752769965481,0.0006651221098332607,0.004420633949504138
170,0.01752885016390619,0.5116548291322526,0.4665398385844935,0.00036820791571581373,0.003908274203631879
171,0.009946466337735665,0.5576004837341506,0.4255115463326574,0.0009189656314130645,0.00602253796404323
172,0.022278239430104183,0.5380719110198584,0.42934325842420695,0.001447272543711917,0.008859318582118454
173,0.005049753045949014,0.17679785138407436,0.814842583668008,0.00046502698309038086,0.0028447849188782052
174,0.002805569713325249,0.16803047348196354,0.8273690603649401,0.00023015286980379565,0.00156474356996737
175,0.003403790312361139,0.18223484989780944,0.8126221633334141,0.0002452141012385562,0.0014939823551769018
176,0.012018516948772616,0.35638473036995544,0.6286167139234912,0.0006201055375728532,0.0023599332202078596
177,0.02276611415465202,0.4930523884838845,0.46995802571131323,0.00130292123131975,0.012920550418830525
178,0.02665629307941527,0.7759358462370961,0.18602681436658106,0.0017377694448587318,0.009643276872048722
179,0.02296628657490489,0.7321059903644351,0.23111802648728935,0.0008599181958349057,0.012949778377535715
180,0.034744824266145266,0.8074582474188997,0.14246192365066168,0.0031560913463748765,0.012178913317918302
181,0.011077362554895453,0.21880880564104213,0.7650909082248607,0.0005685903619737237,0.0044543332172279435
182,0.0358316287820959,0.6661284496828784,0.2732183997644643,0.0020514152939725507,0.022770106476588767
183,0.04267107144625625,0.6609749404293644,0.27962756287363777,0.0029472535726176156,0.013779171678123888
184,0.027556053289098926,0.5358111281291041,0.42269629362999467,0.002116861415880637,0.011819663535921612
185,0.02680499244311905,0.33146749263043995,0.6319549191275623,0.0011153130789121914,0.008657282719966568
186,0.11744872203078306,0.1200840422531458,0.061269304900516186,0.0036612681944335375,0.6975366626211214
187,0.11372616262307178,0.7815717582631262,0.05171513320808958,0.0013827828115334328,0.05160416309417886
188,0.22091792885725453,0.45478499998304606,0.02689709604154154,0.009643501586598413,0.2877564735315595
189,0.23247179778066307,0.706463500065278,0.018164891896087828,0.004906307452409076,0.03799350280556214
190,0.21838780074772102,0.673194699426288,0.01586049961017719,0.008589619660771175,0.08396738055504256
191,0.17226130258098526,0.7649522576803071,0.04594549401580442,0.003230366011164496,0.013610579711738681
192,0.11503211649351036,0.7738674605646325,0.10091636315183605,0.0038223747281577736,0.006361685061863188
193,0.048677286184600446,0.8176824068111351,0.11779486569888561,0.004280652890421772,0.01156478841495697
194,0.022260389911424414,0.825619232742181,0.14363264129084255,0.002532909883847923,0.005954826171704211
195,0.0073833038772395995,0.4545448565686224,0.5323192387037248,0.0017358040006859323,0.004016796849727152
196,0.019264950711767318,0.5662574718768276,0.40679833420117606,0.003393705155544145,0.004285538054684791
197,0.008886834174924743,0.6302161243890383,0.35594066168592564,0.002220236865623088,0.0027361428844881143
198,0.009318777671547873,0.6723864463271635,0.2962780485933261,0.008378484612344125,0.013638242795618412
199,0.017097545194062373,0.5934865004013705,0.38344534938303554,0.003219419340502513,0.002751185681029009
200,0.012353108157328147,0.6684280915804921,0.31427896945671757,0.0021670620299607465,0.002772768775501356
201,0.012021105063165007,0.8677158010034998,0.10281733853766216,0.010569047512889583,0.00687670788278332
202,0.03262812351598051,0.46209043703457425,0.49444425779440127,0.007456364452750208,0.003380817202293807
203,0.0047372972498826525,0.46136991213706624,0.5305622915915755,0.0015841239704468715,0.001746375051028808
204,0.00350365945802023,0.28360210723399354,0.7108094915588931,0.0004485602991721757,0.0016361814499210908
205,0.00633879812536895,0.5431496628734562,0.44768402292400067,0.0007108982208560131,0.0021166178563182176
206,0.08194792324786188,0.7385723937298904,0.12089131265012484,0.008045680910508276,0.050542689461614596
207,0.0831040230068137,0.3385752501691936,0.5650143058967788,0.0030689557612525323,0.010237465165961444
208,0.045800864505471925,0.09153514509417741,0.04496228781367437,0.004836291867840479,0.8128654107188358
209,0.08343735461261544,0.8363942237448874,0.058854671579541294,0.002746394945709158,0.018567355117246633
210,0.0764290492531618,0.727940560284209,0.1738880909417758,0.003678496591643329,0.018063802929210025
211,0.025616997451469302,0.7344093526456325,0.22134768735069382,0.006924109844355484,0.011701852707848964
212,0.04715201338694457,0.06661890583226776,0.003800012988774772,0.02895216671725657,0.8534769010747563
213,0.24818974817202336,0.5707962170257359,0.09022662220043902,0.041596113917196434,0.04919129868460519
214,0.31650693795484675,0.5160577152311531,0.09095511117607566,0.04508914801430651,0.031391087623618016
215,0.17676012984999834,0.7253147446815335,0.058266069188265344,0.012791064507814687,0.02686799177238813
216,0.0535262218073192,0.8203014806745877,0.06931316079846304,0.04746908627130288,0.009390050448327069
217,0.009370265092365083,0.8094582443956034,0.15190282378537948,0.0231906995628392,0.006077967163812894
218,0.10224401204118151,0.8334974677460241,0.032821394073958426,0.020928424799219775,0.010508701339616348
219,0.02758367791137098,0.7464687012496498,0.2101268137712139,0.011528365848887681,0.004292441218877714
220,0.01212212891862248,0.7628718393310386,0.20794295402397445,0.013748168953488127,0.0033149087728761802
221,0.011252225508236843,0.7190831093233364,0.24706316899541006,0.016537107571672965,0.006064388601343788
222,0.11891929923841409,0.746236398301795,0.07694228544779712,0.029194928556670958,0.028707088455322636
223,0.011518432229364115,0.7532414446131984,0.22458993996943283,0.007654903398957718,0.0029952797890469554
224,0.0121694852560382,0.6822138401451862,0.2901413035856296,0.009115940820471775,0.006359430192674408
225,0.17835464540889862,0.5241233727266503,0.13712462590877839,0.022559754036372556,0.13783760191930008
226,0.0879095497666927,0.8160133116872171,0.06253395706704928,0.017824472112154804,0.01571870936688612
227,0.2613961174306034,0.6842465558085505,0.020822027067680535,0.011114968585742565,0.022420331107422985
228,0.11390271675706007,0.8391200761104434,0.039637340169249934,0.0026846849973173087,0.0046551819659292745
229,0.007529205100444566,0.7875171220187035,0.19605765844869402,0.00226451636020964,0.006631498071948385
230,0.05684820033539993,0.8957605840514565,0.035026222681108735,0.005188665563435293,0.0071763273685992324
231,0.005221943202305154,0.5970603786543783,0.39304630046350886,0.0019254626077955252,0.0027459150720121413
232,0.04720139447495706,0.783524037668693,0.1579384223940405,0.004207659259346236,0.007128486202963122
233,0.0029015967300831647,0.8530647265358763,0.13938347187291664,0.0021387644059662637,0.002511440455157658
234,0.007808114972212919,0.4284460972113311,0.5611956409050661,0.0011040538319991228,0.0014460930793907078
235,0.0018812927870227906,0.22367515706416088,0.7736609760971753,0.00010715608794025083,0.0006754179637007579
236,0.004077352396465837,0.2583158880054435,0.7362344204316417,0.00018674900424891643,0.001185590162199802
237,0.0012800387113355433,0.34940176093557623,0.6470255315990834,0.00012615589189218383,0.002166512862112757
238,0.004048246462451853,0.0723860699648102,0.920186134005008,0.00012382746263807086,0.003255722105091786
239,0.002400084470117857,0.12198448196485816,0.8695672131545631,0.00019385926662428784,0.005854361143836575
240,0.0006526463190971945,0.12358663413471198,0.8746428561921056,3.984407690857662e-05,0.0010780192771765753
241,0.004562558937483644,0.08004260942995324,0.913409108805357,7.546497092998343e-05,0.0019102578562760735
242,0.003292094994627016,0.060256639601404226,0.9342640481097446,5.491555818520137e-05,0.002132301736038913
243,0.0029830417545082346,0.23762603715427738,0.7576334524415822,0.00012672706094465295,0.00163074158868743
244,0.010140493800022304,0.13485017410147876,0.8513475752087222,0.0001791003690384312,0.0034826565207383368
245,0.0009224480175621273,0.09878512806678857,0.8988832517352521,6.747277146958484e-05,0.0013416994089274707
246,0.0057975181652891485,0.08932617449019324,0.9020875524811142,0.0001951721647985909,0.0025935826986049956
247,0.011617760797727486,0.24510333983991253,0.7372656463926412,0.0003651360432295192,0.005648116926489244
248,0.004767329248050192,0.19393265987001665,0.7979996809633931,0.0003787631889472908,0.0029215667295928107
249,0.020874674166737557,0.7055997400349895,0.2535425651394336,0.006392125596781488,0.013590895062057896
250,0.030038872802476836,0.8369013080813117,0.10422876460287481,0.012362889225303441,0.01646816528803312
251,0.01766491955941739,0.8486182511220907,0.11830746132166631,0.007493584562809528,0.007915783434016058
252,0.0487748741880038,0.9154603571657405,0.015334783321366731,0.010410409276388534,0.010019576048500425
253,0.25138933475481473,0.2513124202301074,0.004221026990891021,0.014221143622446955,0.4788560744017398
254,0.3446372266775159,0.4507245550950414,0.008862331636024373,0.07256252366505392,0.12321336292636437
255,0.39334239767442386,0.5123994628139463,0.007890148423110425,0.045680222150795535,0.04068776893772382
256,0.39815506896663616,0.34457050436438846,0.0029797275883179657,0.20920816325471644,0.045086535825941014
257,0.13543069995712972,0.2023615885034568,0.0007270880739615864,0.6373445773591359,0.02413604610631601
258,0.0501696794548722,0.01566931662532021,0.0007995596339833403,0.017484249338254723,0.9158771949475695
259,0.33191223901331524,0.18250455095198892,0.00012326508511840246,0.2620227770969134,0.22343716785266413
260,0.2720555817265534,0.16572951036634476,0.00033144169952596393,0.26672342963127216,0.29516003657630374
261,0.13791872018191748,0.176086837825929,0.00090044122453631,0.021205813090120824,0.6638881876774965
262,0.3003499903130509,0.25829333575518854,0.0006170817547427638,0.3514409837130228,0.08929860846399512
263,0.09739117458023516,0.17596840377371128,0.00035041227816612314,0.05243070414138167,0.6738593052265057
264,0.1440337491969137,0.11600372862896151,0.00017504451158408297,0.0791866474477677,0.6606008302147731
265,0.3748690790877072,0.11107530917490162,0.00040958080322662046,0.39436157259249377,0.11928445834167065
266,0.2855273454673631,0.19818072298538209,0.0008285255355817259,0.47251273351611456,0.042950672495558465
267,0.2242924550577108,0.10907817459827336,0.0004530337820570617,0.4052745063006901,0.2609018302612687
268,0.24338666647190682,0.1000112274344435,0.0004368880954438298,0.5329473768446642,0.12321784115354173
269,0.21237993944695477,0.18605078040323844,0.0007026562933454715,0.4446383813939504,0.15622824246251096
270,0.25220305102501867,0.24474441063503524,0.0007200507732928313,0.33593798464855373,0.16639450291809962
271,0.22534098476263684,0.17680043807377346,0.0004784016211965848,0.5475271386288821,0.049853036913510854
272,0.19616790845622978,0.42122604925648244,0.00040371949985985964,0.29271868644556714,0.08948363634186084
273,0.16003586351571333,0.044453077639006876,0.0001483641865549049,0.22386408393293056,0.5714986107257943
274,0.20573180390521267,0.19682520207669443,0.0002610136528189828,0.1745407256862129,0.42264125467906105
275,0.09031214076885155,0.0638471939151769,0.00020040926444302152,0.08948449156711823,0.7561557644844102
276,0.1556835847480465,0.03699789154881069,0.00020325391749631335,0.06939391196044785,0.7377213578251987
277,0.3375553012618954,0.05822101556196193,0.000356759927040168,0.3574698657728932,0.2463970574762092
278,0.44891531154166886,0.08039034570432511,0.0005216901412272299,0.41359212829223585,0.05658052432054289
279,0.3169416943648219,0.21785531150399653,0.0008638595483769039,0.3036433338803014,0.16069580070250317
280,0.1544887684091101,0.04629329000482915,0.00023044077764078615,0.24653819409966454,0.5524493067087554
281,0.24487762258708928,0.10534826897690945,0.00040240256400746123,0.48490207130469565,0.1644696345672982
282,0.3124275142909136,0.14085565686989476,0.00034376495208433545,0.3930217622611503,0.15335130162595717
283,0.157570121222655,0.0963005701981062,0.0005046603150144418,0.12233955126038173,0.6232850970038427
284,0.33819411308654285,0.12844095599621996,0.00047750185747771196,0.434914064106574,0.09797336495318551
285,0.21741511905956235,0.29069603896921764,0.0013590405203232532,0.18699021763397633,0.30353958381692037
286,0.09401196551258495,0.07652931636926111,0.00015774778427099243,0.11792523338040244,0.7113757369534806
287,0.21156042895374996,0.2159648509682785,0.00038099020306471494,0.5203005829930917,0.05179314688181524
288,0.04813602243709606,0.03932917802701404,0.0002479790351582663,0.048915519589269166,0.8633713009114624
289,0.27296974704377835,0.1143624179805546,0.00011033181840953004,0.3915538401789211,0.22100366297833632
290,0.13702200512558926,0.15521014022984667,0.00037213683878874665,0.11601513036238875,0.5913805874433866
291,0.3737483779384493,0.11357147085441803,0.00021600878606130907,0.3205285579546513,0.19193558446642012
292,0.2898676582538387,0.16950953379324613,0.00035363095838993524,0.4363555665138244,0.1039136104807008
293,0.3283676128425611,0.17753524399031076,0.00020902632875666,0.3109714206580919,0.18291669618027953
294,0.28517042086623495,0.08007136591990514,6.626178292127232e-05,0.31820927406250205,0.31648267736843644
295,0.3806189777489449,0.19883331631515197,0.0004014190716582475,0.30120654425142596,0.11893974261281892
296,0.02392215071989627,0.013478277904665936,3.21111572578574e-05,0.003649234965956152,0.9589182252522237
297,0.09225461747929897,0.030136707904513765,0.0002091636164839614,0.12245916556843023,0.7549403454312731
298,0.0675953282012382,0.04750917861099258,5.426059214579381e-05,0.08491972267085113,0.7999215099247724
299,0.32729440410244026,0.0384335783692525,9.694245957839035e-05,0.16446664066887373,0.4697084343998551
300,0.12688400654125098,0.027357435501017068,2.881590112584926e-05,0.10909099564402742,0.7366387464125788
301,0.33006434738461654,0.07573533465954586,7.75532481737018e-05,0.28380100191704344,0.31032176279062035
302,0.0514556209527646,0.019308691610542186,7.115053279894762e-05,0.030435280888295453,0.8987292560155988
303,0.34347526232512476,0.04908047001158404,0.00017053491062443403,0.3708373545222926,0.23643637823037408
304,0.22984955826296963,0.06494404340265154,0.00020048129616816936,0.5810317858312677,0.12397413120694302
305,0.20682718206426293,0.03685734135072184,0.00011257414261911671,0.5881154406008886,0.16808746184150747
306,0.1368168261281121,0.01947420545306112,8.684343432373467e-05,0.7516187825732288,0.09200334241127416
307,0.2589837139702852,0.12292530318150025,0.00030110900480742576,0.498134804899497,0.11965506894391009
308,0.27026116077894646,0.11857110707306444,0.0003103748937004733,0.5310576919869799,0.07979966526730864
309,0.2437984147541995,0.17337561993222106,0.0003944324118365176,0.5106515926857006,0.07177994021604234
310,0.0441065337724328,0.043120421612368176,0.0002440156052494097,0.08383457569422822,0.8286944533157214
311,0.31836460812758405,0.09833422456147545,0.00026725955968526406,0.48015994685333924,0.1028739608979161
312,0.2680282118015412,0.0964289496897594,0.00014947198157205997,0.36004823695547855,0.27534512957164875
313,0.31304434165118733,0.055960844051537006,0.0002021633336754303,0.4181642525748211,0.21262839838877914
314,0.11462715460430975,0.03380081472540506,0.00011078088611576648,0.06682729339045868,0.7846339563937107
315,0.26510098699238904,0.14153069615679287,0.00015459556405641122,0.26263577669421345,0.3305779445925483
316,0.23297589692796583,0.1172048405246773,0.00010676143149955599,0.3398943098976155,0.30981819121824183
317,0.239852669160428,0.16284538691341202,0.0002792392893259672,0.2499646876821488,0.34705801695468524
318,0.018954024134888156,0.01112613521082527,8.928399767773854e-05,0.033578698608069425,0.9362518580485394
319,0.06946287268322705,0.017242575513458855,3.143541383106108e-05,0.17794613727108868,0.7353169791183942
320,0.045327844793043304,0.023885971892561256,9.019368349122076e-05,0.09619246979941586,0.8345035198314883
321,0.005883300619459114,0.0014190159558489983,9.54807893397113e-05,0.009137793936419204,0.9834644086989329
322,0.03933417781882737,0.002648064930302622,4.7701715407879865e-05,0.03311932286593407,0.9248507326695281
323,0.06815433106485998,0.005722791672283974,3.11842342510088e-05,0.03493774925834224,0.8911539437702628
324,0.19409944807301288,0.10726436889628618,0.00015965673291164125,0.12067192029102566,0.5778046060067636
325,0.06734626830181348,0.032124991218631306,1.0782904297626064e-05,0.052557311606838124,0.8479606459684195
326,0.09788110321274053,0.022820904518902903,1.054813868428087e-05,0.11671029352007818,0.7625771506095941
327,0.008225907710260768,0.004748897128868069,5.622237418641257e-06,0.02502403365909535,0.9619955392643571
328,0.2168869818888362,0.02712992092319908,4.3494633207819336e-05,0.16267280380818427,0.5932667987465727
329,0.004158724188969223,0.0027684560729690864,6.096721946413853e-06,0.019915002571631937,0.9731517204444833
330,0.17412179323951082,0.012556262474020663,2.22100233261448e-05,0.04883954277381997,0.7644601914893223
331,0.04462255403923767,0.009989808454793268,1.3316517925686164e-05,0.03134418235936967,0.9140301386286737
332,0.45579602706594974,0.02811646381564575,6.295474046044053e-05,0.14159410534108904,0.374430449036855
333,0.3146657544166292,0.09191175577598659,0.00011960951118122535,0.3235570193760964,0.2697458609201067
334,0.36669385859803444,0.1432720241589711,7.494775175203466e-05,0.22651797864070078,0.2634411908505415
335,0.08192251723534894,0.8169482210235974,0.0004361280575153353,0.07291111919692644,0.027782014486612078
336,0.031247760942820297,0.9187832068937568,0.0009434317247982529,0.036124478567670905,0.012901121870953746
337,0.020802307384658346,0.9190152386548763,0.0009779669817061457,0.0511614104216849,0.00804307655707401
338,0.05278551906660285,0.71035766126461,0.0009482813391460733,0.1852932188911819,0.050615319438459164
339,0.013872593369449283,0.9258268341356682,0.0016689666019588487,0.05519906797526379,0.003432537917659828
340,0.006727484424778567,0.9733572654835784,0.0007214084431140525,0.017694050786473837,0.0014997908620551198
341,0.01423243825049899,0.9578603096114514,0.005357953945914208,0.01927046827369687,0.0032788299184386186
342,0.12018570044283826,0.5595977908937171,0.0013679482368638622,0.27089263348440834,0.047955926942172385
343,0.07358425727575607,0.78764497206078,0.0031953572179392294,0.09940605211129076,0.03616936133423409
344,0.07384542937429006,0.8695142014769792,0.015400857310297856,0.01902316027604798,0.02221635156238483
345,0.049955249313193596,0.9119854378844109,0.008624579942935386,0.012875441913636591,0.016559290945823462
346,0.11674956984778892,0.7852483596827072,0.005410997617062496,0.027130056891243235,0.06546101596119798
347,0.10987731087296689,0.8242997298527716,0.03071419823206421,0.015317931799902061,0.01979082924229522
348,0.05880046049603001,0.916862999247712,0.010311333207412543,0.0066826090675320545,0.007342597981313595
349,0.0274017052979051,0.914146972511794,0.04910216977867524,0.003559602627966518,0.005789549783659202
350,0.026499420394101626,0.918120414371904,0.02460093192746677,0.02243840657913758,0.008340826727390125
351,0.04149226288447414,0.8966193266554261,0.034445126356378836,0.02086877039262833,0.006574513711092789
352,0.012797563680156786,0.9209400453997378,0.04391161979383347,0.013868740034017535,0.008482031092254375
353,0.05623699381305187,0.7684266162559074,0.025649688445422543,0.00860681915179738,0.14107988233382088
354,0.1181003401963632,0.8310082648888181,0.017032893935342495,0.02300954935324639,0.010848951626229758
355,0.06396004579307539,0.8918186319276745,0.017477866257871972,0.016592793206718283,0.010150662814659771
356,0.11463241558444587,0.7986320951620335,0.02716288074111963,0.0023088271904260172,0.05726378132197479
357,0.1216047048135357,0.8513908639556445,0.005329962558287073,0.011774300536126209,0.009900168136406588
358,0.11812633987339197,0.8529934097214414,0.011555977155088463,0.00812374661063816,0.009200526639440022
359,0.049522928152933,0.9293763871107421,0.011098318829363258,0.0060289919114195345,0.003973373995542164
360,0.05755005386177744,0.8912837280771865,0.020500129188256805,0.0074365218863995325,0.02322956698637983
361,0.01186380095656609,0.9053519492080013,0.07691830061807708,0.0027972678483939705,0.0030686813689616106
362,0.020298557050791803,0.948040067410075,0.02438851638640235,0.003240886378861975,0.004031972773869014
363,0.010344341717238794,0.8980080603449678,0.08395053939893797,0.0038648586115608632,0.003832199927294458
364,0.009792392943245664,0.8895327756069827,0.09481214407813726,0.003534679602814743,0.0023280077688195735
365,0.06054708283425195,0.754975318522138,0.13316392731646995,0.011613134024322843,0.039700537302817536
366,0.18483986841174282,0.7729144397540574,0.020199489541699513,0.013079427081371284,0.008966775211128849
367,0.10122689725751355,0.8398447873198529,0.04791716977259345,0.0045804981427861905,0.006430647507253888
368,0.19225123690555554,0.7743647817172493,0.02264830199489755,0.004131080332451275,0.006604599049846231
369,0.018105458067417726,0.9443727290421269,0.032732985294932904,0.002048986377794059,0.0027398412177284622
370,0.013091365251201657,0.9256325074461152,0.055621079801318675,0.001448453254239256,0.004206594247125164
371,0.02173352308834868,0.7919610821030952,0.1592256072167109,0.001527965161697431,0.025551822430147867
372,0.01884959879160185,0.9197176531186997,0.054232014853749615,0.0011939165416311787,0.0060068166943177325
373,0.023086906228564675,0.904523414079545,0.06574735126911993,0.0014124907316766348,0.005229837691093693
374,0.021353720764487143,0.8422034596827719,0.12971334942052412,0.0015622311602782487,0.005167238971938418
375,0.004042832983578321,0.8028727062574894,0.190699969607279,0.0004601433501362405,0.00192434780151693
376,0.0023388548565450033,0.8531426304279423,0.141942021680398,0.0005048860215978181,0.002071607013516962
377,0.002429788406602306,0.6525470204958946,0.3436351691584243,0.00011967001668459256,0.001268351922394226
378,0.0007561055210932153,0.3724161945779631,0.6258138600484285,0.00011428902577069857,0.0008995508267443632
