epoch,N1,N2,N3,R,W
0,0.050360908369944855,0.0005553627712785435,2.023838639269101e-06,0.0005065418303834812,0.9485751631897538
1,0.04488771023647348,0.0005381644990412083,5.119678604148375e-06,0.0002737838629102425,0.954295221722971
2,0.02698366006074157,0.0003422129215976542,2.1236751249176887e-06,0.0003128546662317584,0.972359148676304
3,0.18175942632811867,0.0012026984150662393,7.005455928903636e-06,0.0011837942427819755,0.8158470755581041
4,0.010847468446453795,0.0022063921037754537,1.313157622619204e-05,0.0007838936390868851,0.9861491142344576
5,0.014272183067532643,0.00045138645657194786,8.499204960047094e-06,0.0008009292568484011,0.984467002014087
6,0.03371909276570504,0.0006350963729218672,6.6323648523767046e-06,0.001753295976161014,0.9638858825203597
7,0.01695602719901383,0.0004656762953199382,5.654257014675032e-06,0.0012328082413991907,0.9813398340072524
8,0.20189962731657043,0.0013545099927110187,1.6927293459300126e-05,0.00432111816584644,0.7924078172314128
9,0.10637293689792127,0.001751575468289933,2.9084830226768655e-05,0.003612366817926598,0.8882340359856353
10,0.0602166961607569,0.011843120078716714,6.015268208876948e-05,0.029295078419485535,0.8985849526589521
11,0.062455827214922655,0.03351719191035809,0.0001292017622014383,0.1994190637350318,0.704478715377486
12,0.011847928893383387,0.0006158805830873569,4.6883123259033464e-06,0.013960450125129958,0.9735710520860734
13,0.08368651358995464,0.0020858637639065607,1.8720645542340025e-05,0.03189781766558161,0.8823110843350149
14,0.07078338072945223,0.0015672381401715745,1.8396462637110954e-05,0.003809901272646006,0.9238210833950932
15,0.3707461467287481,0.007846097280533794,2.8188388720480248e-05,0.007379174701371507,0.614000392900626
16,0.1117045709894032,0.0031486378448265244,3.721444430264032e-05,0.008104905341470802,0.8770046713799968
17,0.13496212595329207,0.031856970345539685,2.6244153896066905e-05,0.02141381661134931,0.8117408429359227
18,0.05399860231389254,0.007727584092732818,1.4459933383805733e-05,0.00824910624298844,0.9300102474170023
19,0.024756225539579756,0.0014906907870293694,6.2362464365064825e-06,0.0007201277157470756,0.9730267197112074
20,0.01178045679608527,0.0005061438768112203,6.080179978530031e-06,0.0002808023681414964,0.9874265167789835
21,0.09769341108760031,0.0014625496397595306,1.2874806786790989e-05,0.0009482157024374152,0.8998829487634159
22,0.0026618370432011386,0.0008927926963110778,3.37639866663296e-06,7.723519643672507e-05,0.9963647586653844
23,0.0072248979204299945,0.0008557752088944443,5.31987078762874e-06,0.00035156088563850145,0.9915624461142495
24,0.0036858526244873823,0.00032214609206480694,1.4468715444396615e-06,7.254245430129944e-05,0.995918011957602
25,0.03849776726302068,0.00018084016289555927,2.769842073501385e-06,0.00017752611597858671,0.9611410966160316
26,0.013942867348284926,8.710338312211652e-05,1.0781836103766766e-06,8.723330854186325e-05,0.9858817177764407
27,0.017699198008837725,0.0002527766314235222,1.7212179270513256e-06,0.00022649526637711986,0.9818198088754345
28,0.09945804485383425,0.00048750251141724976,1.1182764814619348e-05,0.0005361639359032462,0.8995071059340306
29,0.2568700337745551,0.014906452409745278,1.8265345018992507e-05,0.0010640921794620708,0.7271411562912186
30,0.3209035220912668,0.012702824914279934,1.4731649910868402e-05,0.0031290665518433616,0.6632498547926989
31,0.27918361982664497,0.04665945163295195,3.626387878101495e-05,0.01409728928905388,0.6600233753725682
32,0.0590630082401114,0.1557336798312532,0.00010517680754918078,0.017100873205832895,0.7679972619152533
33,0.17321059072706382,0.03451770400131831,2.3203253782220497e-05,0.043563394474840936,0.7486851075429948
34,0.20743060440260042,0.04560483987630933,2.3640243115992165e-05,0.07732857265482845,0.6696123428231457
35,0.36603393716028493,0.198428181475447,9.211928269759925e-05,0.058656079627499684,0.3767896824540708
36,0.2713679942294326,0.5013242033096378,0.015080486107428286,0.01289207700263054,0.19933523935087064
37,0.14910444634075587,0.15212306266892311,0.0007814729360513055,0.07432366359790664,0.6236673544563631
38,0.0041250128392131755,0.0018149329802090604,1.029230632317235e-05,0.0024915079785088525,0.9915582538957458
39,0.02652895382257961,0.000837849358345104,3.38609202759856e-05,0.0003022731863716749,0.9722970627124276
40,0.0696294861860351,0.001631102478152591,2.1816224907616723e-05,0.00025984156938329753,0.9284577535415213
41,0.3114200764716835,0.0038871967263400856,3.613112849653495e-05,0.0002127658542856531,0.6844438298191942
42,0.04629259988545751,0.0010509714971846896,1.2122344873960497e-05,0.00029221643629092573,0.9523520898361929
43,0.38027971614907813,0.010960605536100294,1.895733924332785e-05,0.0008808434984791462,0.6078598774770991
44,0.2036824295193179,0.012429893967532394,2.289489910619051e-05,0.005317611549663622,0.7785471700643799
45,0.21744688328921916,0.01085072082244295,1.534131865454842e-05,0.001968824831772097,0.7697182297379113
46,0.18249542618450362,0.038851619748305234,2.9145681251353716e-05,0.009496162350484394,0.7691276460354555
47,0.4226339873881156,0.09742557524946943,0.00014732993183992076,0.022424629809957127,0.45736847762061805
48,0.010840412658532063,0.004113840544809837,6.907895600862605e-05,0.004552133529292273,0.9804245343113571
49,0.28852267652591385,0.006298935553143396,4.696062842003355e-05,0.009180644089999855,0.6959507832025228
50,0.49212158341115986,0.02461760334154784,3.70867647572347e-05,0.012707094534858463,0.4705166319476765
51,0.5107819014923415,0.11566284615779038,6.77100452687663e-05,0.008632133454342735,0.3648554088502566
52,0.39597646670908204,0.034143848997827436,2.2056705391263138e-05,0.014672264318138856,0.5551853632695604
53,0.5026814955338398,0.15411960657391838,5.5140156984147684e-05,0.02114880006542556,0.3219949576698321
54,0.24536067246964335,0.5915380455793604,0.00015248085109745798,0.013879220177285512,0.14906958092261327
55,0.22636884227791843,0.5628281525645151,0.00023763408470601146,0.013300128063113125,0.19726524300974732
56,0.11834526423381812,0.708515549596279,0.0004077658937680903,0.020603935403163604,0.15212748487297117
57,0.2101959597843851,0.5359007270293403,0.0002443470674588117,0.042489964262756884,0.2111690018560589
58,0.04722268727290051,0.7641343419500052,0.005884673579858087,0.00585851231375222,0.17689978488348398
59,0.1277198430919576,0.6174931483887919,0.0003494706191809745,0.007292810383013382,0.24714472751705613
60,0.06830363098147912,0.837945128009103,0.0023750192718901978,0.004956796260661656,0.08641942547686604
61,0.1970375557699681,0.7299642258378717,0.0002359180270471586,0.02664061292853985,0.04612168743657339
62,0.2778835131204405,0.5325573165028848,0.0005158980316474063,0.025766925277958295,0.16327634706706906
63,0.0830645232568562,0.8901472238835708,0.0009442909794764778,0.004171350254284461,0.02167261162581205
64,0.06232201377182245,0.921420678248343,0.0019673440263581823,0.007322376671507772,0.0069675872819686385
65,0.06478864650377124,0.9067363347257529,0.0002711387952739475,0.007976282671234979,0.0202275973039669
66,0.09189281838496774,0.8665723651006583,0.0011177208643531574,0.017848218377268386,0.022568877272752405
67,0.040596080707800374,0.9432925288282615,0.001147638114409881,0.005304418032330821,0.00965933431719732
68,0.3565738064678157,0.08083589241650857,0.0002577356794887001,0.004794738759914641,0.5575378266762724
69,0.5940558399386658,0.3805972831178135,0.0004718772279114094,0.0030277449458496098,0.021847254769759565
70,0.09858144597780263,0.888670449437203,0.002297849189967001,0.00029228072827443627,0.010157974666753002
71,0.04354256411988316,0.9478948892010178,0.0027031463228147992,0.00019492768645506427,0.00566447266982915
72,0.12715301202440918,0.856304373820562,0.0013587957314747168,0.001895633063447352,0.013288185360106713
73,0.028615106352480282,0.9595409293282582,0.0029874501301258307,0.0004973146686535624,0.008359199520482257
74,0.018401000156377252,0.9542254037794439,0.022543904785552748,0.0002225127557152763,0.004607178522910666
75,0.056955153723343394,0.9333119787225759,0.00438928037225287,0.0009594725846100051,0.004384114597218044
76,0.017394941979821447,0.9721246754442985,0.0053558519202759804,0.00025216162375950275,0.004872369031844776
77,0.015490963460536333,0.8812055740247743,0.09154406443353234,0.0016267278866557609,0.010132670194501273
78,0.11176646740053423,0.854845141015992,0.002729010924387258,0.0041351829674068545,0.026524197691679834
79,0.03198828347097108,0.9547045717012723,0.005526684150093036,0.001047807837507488,0.006732652840156085
80,0.08614305107741711,0.8987879979280048,0.001495113761559151,0.0044914814864730306,0.009082355746545749
81,0.016067802857442606,0.9781928238892086,0.002345097284124195,0.0004803689138558975,0.002913907055368408
82,0.11659955040705805,0.860096951305543,0.0008690684967511528,0.0043672319083642285,0.018067197882283614
83,0.039744200160117316,0.9464161793404875,0.0024460544031318287,0.0015180023337067322,0.00987556376255668
84,0.017616859341631208,0.9731680227582012,0.0045744211394085155,0.001610288207328732,0.0030304085534304274
85,0.04449678263356714,0.9312231181167944,0.011103677292709295,0.0026689834327127404,0.010507438524216713
86,0.07930911675681411,0.9016260338638882,0.002719062863735513,0.00504273826483675,0.011303048250725454
87,0.07885907439845288,0.8772999121692981,0.006939688639903268,0.009890985398738386,0.027010339393607426
88,0.2437413255649664,0.5916669518868286,0.0005120159576819291,0.01575946148038766,0.14832024511013547
89,0.5172856749275304,0.23164506168104412,0.0001789185876698357,0.012457795296076511,0.2384325495076791
90,0.2663516639552991,0.6881546672912046,0.0006566482556604599,0.0028811235239855535,0.04195589697385042
91,0.09472359550720502,0.8865329710428764,0.005105421834162305,0.0006877170984677697,0.012950294517288316
92,0.07225548122207892,0.6227455532634213,0.046583432642387027,0.0011679136168469585,0.2572476192552657
93,0.15345148221870125,0.7861018428813578,0.004317970332117913,0.004042827829457425,0.05208587673836575
94,0.06933528396196115,0.8979562482359,0.0017587040741650828,0.0011824938988672254,0.029767269829106508
95,0.28711520637518595,0.5811235360005998,0.001805276979645425,0.001777153534856454,0.12817882710971226
96,0.06369879133889984,0.9258965406071844,0.001476545945440667,0.0003595173056089594,0.008568604802866064
97,0.022982707765774022,0.9567545557315901,0.010119489761228128,0.00015286592393960117,0.009990380817468206
98,0.07653189230454266,0.9065487287236191,0.0009647078883183077,0.0005667494987575989,0.015387921584762532
99,0.011829205653687733,0.9595480351621527,0.016739675886015257,0.0003961440870339121,0.011486939211110554
100,0.012400716312801749,0.9756200312876601,0.002585345649422233,0.0006781677474223379,0.008715739002693464
101,0.06424563358342472,0.8559605619257827,0.008275308423740625,0.006326637161986906,0.06519185890506501
102,0.03923726786588092,0.9238903316460961,0.003808195857569853,0.0106030246877847,0.022461179942668386
103,0.03960201484147576,0.8938579224468006,0.008299446257049361,0.007585285711199481,0.050655330743474676
104,0.038368655242976626,0.033479562114439095,0.00022746409862611718,0.0017986101459823167,0.9261257083979758
105,0.3247143467798037,0.016503024100246483,6.662848315219917e-05,0.003079628392492451,0.6556363722443052
106,0.6796326233480419,0.0447188833128177,4.179390430949791e-05,0.002234403674602684,0.2733722957602283
107,0.43107646364671265,0.08234609780586585,7.934329476611858e-05,0.0019871185686499617,0.48451097668400556
108,0.5531703571393399,0.24299390832287251,0.00023007871443053864,0.016000591007314262,0.18760506481604278
109,0.10319940944511148,0.6590864801775784,0.0012124625098543697,0.03570590791351296,0.2007957399539429
110,0.10995800224772934,0.11443393185970097,0.00011732820281323082,0.08066901221169594,0.6948217254780604
111,0.17487447453390242,0.20435381137916991,0.0001572617803238462,0.19800667482170128,0.4226077774849026
112,0.0565296583647496,0.029415747776766567,4.448940555708595e-05,0.01059595633530723,0.9034141481176196
113,0.06801987215185303,0.0057174013689684266,1.8373074587189e-05,0.003842456914673486,0.922401896489918
114,0.2681999722721857,0.017867734646947908,3.30243417948705e-05,0.003985428403239762,0.7099138403358317
115,0.18291882914508387,0.010588686505465694,1.843980467804633e-05,0.0020070973898082822,0.8044669471549641
116,0.37787001150617483,0.26653150983253776,0.00035879236296788207,0.008294572851495562,0.34694511344682394
117,0.251503164024138,0.36681532961038177,0.0005958645958663676,0.03323411571312221,0.34785152605649156
118,0.25140257918824915,0.4497370794281304,0.0002473219427078891,0.21112412136454412,0.08748889807636834
119,0.19056747644159017,0.3856244730400175,0.00022399002602643941,0.20157039648471867,0.22201366400764716
120,0.1831909800399825,0.7178553087427293,0.0007722406420435041,0.07076974621790089,0.027411724357343934
121,0.5269735043492867,0.09799387180718051,8.057393066634286e-05,0.04164188475655304,0.3333101651563134
122,0.21012705062411766,0.7346841713068846,0.0010628220466143475,0.010349217585813678,0.04377673843656972
123,0.17973171245044983,0.7595355055587805,0.00045634519292504745,0.017827550020375994,0.042448886777468615
124,0.14108735347757206,0.73943517465821,0.0007291346461634606,0.01061026769904552,0.10813806951900896
125,0.15260949809519148,0.7864599180143789,0.0008648763879858684,0.020135793036448673,0.039929914465995094
126,0.044688835399927664,0.9187760246200003,0.004050426648716049,0.0056978986215321095,0.026786814709823935
127,0.12577575327452678,0.639504178863928,0.0012884940447431214,0.012245694545863672,0.22118587927093863
128,0.07411976047912973,0.8468440870076124,0.0025117049664783097,0.00510450961334922,0.07141993793343024
129,0.16593627066484049,0.6502260655696597,0.0020585725547553717,0.025192621744346173,0.15658646946639845
130,0.16063132263490015,0.6849230809267868,0.001969545544661549,0.01930247265447616,0.13317357823917528
131,0.1184152004368183,0.7203752186341174,0.008387643076101936,0.03222822049050327,0.12059371736245915
132,0.06929245950432085,0.5632697335916557,0.010487616780061234,0.024859960255165032,0.33209022986879727
133,0.0919290022683607,0.5076982390106188,0.0014535255691631333,0.027505627198246566,0.37141360595361084
134,0.02150156362222821,0.003981222140930197,2.2198425247000224e-05,0.007533787105596886,0.9669612287059978
135,0.03288161286154679,0.0016981316360521396,5.2791718967813734e-05,0.0015630561125168055,0.9638044076709166
136,0.0019733580537098982,0.00029080015730120973,4.682135305370248e-05,5.244150053899758e-05,0.9976365789353961
137,0.0038305417681072716,0.00012199490879921925,2.9602756616498003e-05,6.302697256173834e-05,0.9959548335939153
138,0.0010228521731097645,0.000135134022090147,7.673841021408954e-05,2.430694205377466e-05,0.9987409684525324
139,0.00183505063011115,0.00011750927511800623,0.0001014240985132512,8.458062506063664e-05,0.9978614353711969
140,0.0046733695214598095,0.0003499633733141297,4.054871678918725e-05,0.00041338001885653827,0.9945227383695803
141,0.022233889690724075,0.0007600087799298775,0.00010906628765100195,0.0033906905728319395,0.9735063446688632
142,0.023499527573990573,0.000606814047054199,0.00013106688700676895,0.002006477486154875,0.9737561140057936
143,0.03927142509483312,0.0008428947445520178,3.5668079190066042e-06,0.0009702252272087927,0.958911888125487
144,0.515066777106844,0.009069293782207432,5.670272563382179e-05,0.003918835945025872,0.4718883904402888
145,0.7704412732245568,0.028410978588673207,0.0001170572026658905,0.009654179449080534,0.19137651153502355
146,0.2856114408144154,0.2868006940426789,0.0017005960634649678,0.11838145284741008,0.30750581623203066
147,0.14813841587947807,0.4342348643788328,0.0021301865331745527,0.31592573442619254,0.09957079878232224
148,0.19859568580340875,0.5413231839316432,0.013749261745409793,0.20260950246696452,0.043722366052573694
149,0.14244141478905853,0.5363382053469802,0.008768329474253725,0.21646803560756245,0.09598401478214522
150,0.16888670416668428,0.5237137703931393,0.0024067908927199507,0.17992562832833772,0.12506710621911873
151,0.15841096443690778,0.4816787194668886,0.006961595252765815,0.253664140137746,0.09928458070569171
152,0.15725380758088842,0.6290513828753119,0.016152687989885953,0.0622377998297988,0.1353043217241149
153,0.525329892929683,0.2168522612004477,0.00269471300439912,0.0477230880869067,0.20740004477856339
154,0.12811003318808323,0.79995641712768,0.012254069781796243,0.039411160533649264,0.020268319368791147
155,0.16759103324700386,0.7342583768374217,0.0076976034238532024,0.0535707028342032,0.03688228365751787
156,0.3403170857015073,0.3433863496605299,0.0019949679484862295,0.26035078396532746,0.05395081272414909
157,0.03627920920011194,0.9062788685393582,0.02682032268125298,0.01647639671801562,0.014145202861261098
158,0.09536816042522202,0.7828377319688699,0.001414490503574089,0.09831583332609155,0.022063783776242577
159,0.15067509506352372,0.7248184380862398,0.0024712480038894206,0.09211612929877502,0.029919089547572005
160,0.13827353295414635,0.6148467032539549,0.0059416061495760715,0.22126940432150383,0.019668753320818893
161,0.2675389507294513,0.19780225612459199,0.0011781230456990607,0.07304557227893052,0.46043509782132713
162,0.18370199855670505,0.04869506689255642,7.408598373092698e-05,0.05155246159479776,0.7159763869722098
163,0.3526298360070021,0.472216791246302,0.0005549777878268112,0.10037215175417709,0.07422624320469191
164,0.4746640687108413,0.43457656672555045,0.0005172317503226027,0.04998599300063775,0.04025613981264781
165,0.3536920803911346,0.5042500313043646,0.0006292599780966542,0.06827637833088622,0.07315224999551782
166,0.14152310024340845,0.7888972710764036,0.00023458471347631243,0.05330426458198878,0.016040779384722724
167,0.40660559138486996,0.3944358973909249,0.00024626596523738846,0.17222565637895892,0.02648658888000899
168,0.05955581845841993,0.9033568515378225,0.004447201635996782,0.024469820287093703,0.008170308080667084
169,0.06978525336374307,0.8878228629072547,0.0011116543160965163,0.030058868973522612,0.011221360439383222
170,0.15561603296225357,0.7868908987711317,0.00039908525782027726,0.03179770550617499,0.025296277502619317
171,0.0636737985239684,0.8998539789351488,0.005851625194804505,0.01081128300902235,0.019809314337055944
172,0.16258128674575634,0.7952592988896229,0.001373650852768785,0.003747263605445293,0.037038499906406695
173,0.023559242672844663,0.9682927932516463,0.002372600053203436,0.0009257279699671745,0.004849636052338402
174,0.0609911782660436,0.9300496377220959,0.001552099983889699,0.0013386051423757586,0.006068478885594837
175,0.043819737235883956,0.9462290945505881,0.004488756262097798,0.0007659787333055099,0.004696433218124502
176,0.02008314167637117,0.9512008927928902,0.015776915220807496,0.00028415195134359555,0.012654898358587352
177,0.0537161570580871,0.9408072800645816,0.001183880692578176,0.0003714276669828841,0.003921254517770196
178,0.015269086711221359,0.9715262576496322,0.009213322414517782,0.0002793678806627786,0.003711965343965705
179,0.007622410951019181,0.9667944073349697,0.020324224016122754,0.00016191429293668783,0.005097043404951777
180,0.06291690355515436,0.9249787950678425,0.004103343847858567,0.0005576122915648319,0.0074433452375796795
181,0.012329162070274326,0.9835874166368759,0.0021670533868614283,0.0003248124984756688,0.0015915554075126251
182,0.008034156896408478,0.9531615079809452,0.03594297170318033,0.0011082930791087768,0.0017530703403571507
183,0.015629830193936718,0.9602630236382399,0.018145873152189507,0.0014601644009463164,0.004501108614687664
184,0.04651202138928756,0.9356924520812339,0.005503831740333706,0.003133005063302216,0.009158689725842536
185,0.014151800384245405,0.9764296892046482,0.0044429060707583965,0.0018443340271160546,0.0031312703132318743
186,0.11642889522745004,0.8657858693237284,0.004639077956195006,0.006219274074672962,0.0069268834179536986
187,0.029568741782712207,0.9642314828386244,0.0015074533830247774,0.0025415997097299283,0.002150722285908761
188,0.06931899860544033,0.9186754496836654,0.0021123292241796423,0.0012327630336433748,0.008660459453071118
189,0.026423053511412203,0.9617466298617385,0.00715796976255198,0.0005818684602915801,0.004090478404005606
190,0.05223644936922833,0.9391398064502117,0.0035655704052564505,0.0008678708502317226,0.004190302925072027
191,0.026733308927037343,0.962934086117466,0.00619663669052769,0.00048807933002064546,0.0036478889349482605
192,0.02229481986350825,0.9702239804728342,0.0036559868654371824,0.0005173227881138491,0.0033078900101065124
193,0.011155238459982198,0.9663444709114355,0.018070195398543105,0.0021550189314682305,0.00227507629857099
194,0.019774416412043624,0.956812829458839,0.009259778123843597,0.002211456366971041,0.011941519638302657
195,0.03621938820433118,0.9097855372109303,0.0141708434325944,0.0058829245194440315,0.0339413066326999
196,0.0915833063093791,0.8717112090409066,0.0029781697986076467,0.015033817402461498,0.018693497448645038
197,0.19943454278909054,0.7301723292342172,0.0031749409702490194,0.0245867982537447,0.0426313887526987
198,0.03253715770041271,0.9412415379832269,0.005382674788011135,0.014363823047833875,0.0064748064805154
199,0.16377374537458558,0.4344101379966805,0.0015679990803593867,0.3255583331747568,0.07468978437361759
200,0.07599124319258413,0.08384345661456186,0.0003352241817209579,0.5748760017721085,0.2649540742390244
201,0.12947679616436356,0.06455437870059233,0.00014822980157441374,0.15407575848517988,0.6517448368482899
202,0.2726840242677562,0.05031665461115763,5.6504969596108426e-05,0.13754099553267649,0.5394018206188136
203,0.4924472927858732,0.05524488070374886,7.026165220816027e-05,0.31609840443266,0.1361391604255099
204,0.3514047022791397,0.041188141403919014,6.457854771474008e-05,0.41427628327901445,0.19306629449021215
205,0.10756826165165422,0.08045928662744595,0.000125708907270097,0.7189779644961897,0.09286877831744007
206,0.1043255568484036,0.06378668762425564,0.00013254043798753974,0.786366061610213,0.04538915347914017
207,0.06922334149661766,0.0542321434844666,0.0001342356191001782,0.8413750107319278,0.035035268667887795
208,0.03951062035908118,0.08916265074632501,0.00019850139898823613,0.8480812399467844,0.023046987548821236
209,0.047784434426104895,0.04434140485485816,0.00013372099064946737,0.857111610869767,0.05062882885862052
210,0.04437720341633137,0.02100681785255156,7.433499311466422e-05,0.8956491345022433,0.03889250923575913
211,0.05601416355297099,0.011461896620190606,3.056382723823757e-05,0.8693443329513054,0.06314904304829468
212,0.13140244950512112,0.025221912864498795,5.3071694598435735e-05,0.7877593581622506,0.055563207773531034
213,0.10465049300879722,0.022933000644689706,7.43267813501148e-05,0.8081728853477885,0.06416929421737441
214,0.05563654440853392,0.021243808301608536,3.604288337200012e-05,0.8448829244329148,0.07820067997357077
215,0.045086795320876824,0.023929999774801092,5.013936886965931e-05,0.8850379485446545,0.04589511699079798
216,0.07718020822283153,0.023282982647739377,2.3360220802515665e-05,0.8019741159459547,0.0975393329626719
217,0.07946992893813001,0.019920444979436167,2.5404806197538943e-05,0.781212453155906,0.11937176812033021
218,0.06272564186128024,0.0243658082473822,3.762231745732757e-05,0.6651114526648998,0.24775947490898037
219,0.20643642924086197,0.022127553721437782,7.61024551046045e-06,0.7431021880391658,0.0283262187530241
220,0.5020979732112715,0.009735742585943261,3.825266875131093e-06,0.3661994409130386,0.12196301802287167
221,0.5829445956647458,0.021447107725230168,1.6839060137937276e-05,0.33201771882714354,0.06357373872274275
222,0.3798572318447719,0.180607385234819,0.00011056800641302647,0.3950793406715539,0.04434547424244225
223,0.5994922607177156,0.05792680639571815,7.222663787124298e-05,0.18235138602275205,0.16015732022594314
224,0.49753842318450897,0.3076490080060694,0.00010967204488332402,0.14787107184658096,0.046831824917957315
225,0.097078414899766,0.8564843150818253,0.000503666931028328,0.03835480943642748,0.007578793650952929
226,0.6674567133699855,0.15194286899274476,0.00015019297671743645,0.10535525822438728,0.07509496643616513
227,0.07305662079347751,0.8658008523548617,0.00045154305994312885,0.05657562495747263,0.004115358834244838
228,0.20578342121263418,0.6211771980888143,0.0003271429531324778,0.1626344400404098,0.010077797705009025
229,0.12723307646322235,0.8444617414528691,0.0007833892954456705,0.023850345867464588,0.0036714469209983545
230,0.020400242310798657,0.9718016313081309,0.0009162553105038997,0.005096934058232719,0.0017849370123339094
231,0.0918614053598653,0.8878289769478073,0.0023004236784813967,0.013494628675945478,0.0045145653379004055
232,0.018405840041635018,0.9756299211412752,0.00344464648681563,0.0011154918495203967,0.0014041004807538277
233,0.03858294388588202,0.9488013492886975,0.007380914340049489,0.001482989890665781,0.003751802594705266
234,0.012491132832037172,0.9729287911526409,0.012537928230049412,0.00048721028128945345,0.0015549375039832604
235,0.003691591441174677,0.9294538286586723,0.06409230212777636,0.0004624558089699801,0.0022998219634065152
236,0.017154562852390733,0.9610309919349482,0.019035234053318296,0.0008930612597803043,0.0018861498995623926
237,0.0026239468309359644,0.6221493734953141,0.3729666154457778,0.00014515777800696748,0.0021149064499651395
238,0.0018560648247873625,0.36320656503333915,0.6302368874971203,0.0002976776728319724,0.004402804971921184
239,0.0016673504682859672,0.3763523030536208,0.6182915551482387,0.0002495801270905217,0.0034392112027640293
240,0.0013380126755622198,0.2629783783762535,0.732747486081941,0.000102968128259213,0.0028331547379842037
241,0.004007851729812626,0.29201923821985315,0.7004732938369015,0.000259995394850724,0.0032396208185818437
242,0.0005103747817917676,0.1032348258169679,0.8950390570730085,5.211606025108841e-05,0.001163626267980857
243,0.0031011376482199962,0.3710892201175062,0.6223664988415336,0.00017925549833009753,0.0032638878944100747
244,0.00019464293064278609,0.05636802989528089,0.9428084874542829,1.3304661312525052e-05,0.0006155350584807869
245,0.00031403847163721045,0.09799423282834709,0.9007628542173031,3.427742681808897e-05,0.0008945970558945212
246,0.00054550813946068,0.3700849982363136,0.6282136869937412,5.751679853904182e-05,0.0010982898319454415
247,0.0006215929768951397,0.17490666135433042,0.8232759034125446,6.89089761724184e-05,0.0011269332800575447
248,0.00022023974109586155,0.10662808152076021,0.8925683541563592,2.6312148447714707e-05,0.0005570124333371371
249,0.00019082980859443772,0.06297378678312933,0.9364089578188294,2.089749752451158e-05,0.00040552809192229107
250,0.0007219498328504109,0.1271935969567344,0.8710500691607511,9.100714438139794e-05,0.0009433769052825364
251,0.00012672552616862576,0.05073427953200764,0.9487746563232055,1.7138745661975427e-05,0.0003471998729562889
252,0.0007038902823926164,0.16075247674652535,0.8376280850286631,4.885292526275844e-05,0.0008666950171561819
253,0.00014461074050960645,0.05015710797292501,0.9493819340373092,2.2215791240304023e-05,0.00029413145801593046
254,0.0002575360046665426,0.04947108515750564,0.9497694296022157,3.539300687467922e-05,0.0004665562287376102
255,0.00044074200557400473,0.18684736069711846,0.8118624802879394,6.879030883752064e-05,0.0007806267005306774
256,0.0019284846735507476,0.27822439066837606,0.7183364720016675,0.00015858359835390024,0.0013520690580517336
257,0.000484242519950135,0.07432923763071772,0.9246767018686474,6.072034069863257e-05,0.0004490976399862999
258,0.004971723591473721,0.20795448195297503,0.7844076946422384,0.00021614298390320886,0.002449956829409733
259,0.004204438707942077,0.3604416475904939,0.6335669775808511,0.000299703868160451,0.0014872322525523519
260,0.0017390596286864664,0.10732542424673878,0.890008328626072,0.0001311990769921879,0.0007959884215105119
261,0.0017740677899844841,0.10292010926015471,0.8941379287554228,0.00015569586496916478,0.0010121983294689384
262,0.003009722488529895,0.30633555805944046,0.688702107583412,0.00019080014744551386,0.001761811721172247
263,0.0002625177967529135,0.08422433157162824,0.9149259058443792,4.0334758058584286e-05,0.0005469100291810541
264,0.0006351752600434516,0.12930457231442558,0.8693426558257729,6.336365222313566e-05,0.0006542329475347706
265,0.00047384890149673996,0.05693166999242514,0.9420791795125254,2.6468112730974727e-05,0.0004888334808218181
266,0.0009944280067347238,0.18295809439593294,0.8147912078887116,0.00011955310514499481,0.0011367166034757477
267,0.00017756681478265263,0.06084495876873194,0.9385585007820686,2.9111177081924607e-05,0.0003898624573350203
268,0.00047533688409163175,0.0860150439302478,0.9127708324787951,3.469925082558675e-05,0.0007040874560400774
269,0.00025457765681486977,0.04695905469871513,0.9523876181821403,3.053635629182549e-05,0.00036821310603799484
270,0.00012242170277693322,0.03732850071415981,0.96218712297353,1.9134317133769742e-05,0.0003428202923995278
271,0.0001811466212627433,0.047411982593148695,0.9519990231597734,2.1815461281333707e-05,0.00038603216453371263
272,0.00020963467888671387,0.036995054758632684,0.9622630204649413,2.1991571748457383e-05,0.0005102985257909013
273,0.00017010903332113147,0.10521033022829705,0.8939679145680975,3.4026814707398166e-05,0.0006176193555768041
274,0.00021781731636906032,0.05754828401364772,0.9416420265067992,3.8156897693622743e-05,0.0005537152654904664
275,0.00017071332944644277,0.04251620583013703,0.9566918362776611,2.5205650227912617e-05,0.0005960389125274174
276,0.0003059053611072866,0.14807514450452014,0.851027071767974,5.815095279259973e-05,0.0005337274136059598
277,0.0002974405373853377,0.05264223986878616,0.9462482558211789,4.444215109187359e-05,0.0007676216215576454
278,0.0008088241647548482,0.2170737774707137,0.7808321983041273,0.00012922004409181908,0.0011559800163123428
279,0.00029654138838340334,0.05292952191834805,0.9462964269177272,3.621687188630215e-05,0.0004412929036549005
280,0.0005443919595354801,0.3250222141985217,0.672817216039973,0.00012660858681194857,0.0014895692151578339
281,0.00040395452895077293,0.22197268086174832,0.7767353346981233,5.701869367399315e-05,0.0008310112175035517
282,0.0002452943709718831,0.2529287725960666,0.7462298732906654,4.4997792069729524e-05,0.0005510619502263205
283,0.0003103977206699872,0.30028883059614797,0.6988832836095503,5.102694113257272e-05,0.0004664611324991667
284,0.0001370587982901673,0.17347504447095652,0.8259153579337902,3.771089085465968e-05,0.00043482790610851845
285,0.0002747672281705412,0.12299267638039771,0.8760990636231385,4.288809056540404e-05,0.0005906046777278018
286,0.0002048295202685497,0.1545404835060385,0.8447052191632914,3.886990840842415e-05,0.000510597901992996
287,8.388250926450667e-05,0.042814934706206474,0.9568497903502419,1.1066209204630809e-05,0.00024032622508240214
288,0.00021419997426865524,0.14440630366261392,0.8547899926839989,5.535528296993604e-05,0.0005341483961487162
289,0.0002224363101722101,0.10212554957275831,0.8968800858152088,5.53119952968079e-05,0.0007166163065637556
290,0.0006245198212823658,0.21969412991430184,0.7787094037434306,0.00010635108089783446,0.0008655954400875155
291,0.00029701469884093354,0.24382507773839854,0.7548081151514995,6.710944481787777e-05,0.0010026829664430803
292,0.000507531003074993,0.09136814667392015,0.9073033638412396,6.513382767156735e-05,0.0007558246540935817
293,0.00025116484044111016,0.07556108122986292,0.9236201349086987,2.77671480497721e-05,0.0005398518729475319
294,0.00023747414189908474,0.07390095504068703,0.9252138593925684,3.5751110962600765e-05,0.0006119603138829099
295,0.0001467213737386536,0.0774790808206227,0.9219427088857549,2.6472616815114566e-05,0.000405016303068741
296,0.00015312727893710567,0.04284378752214355,0.9566221899331411,3.1001742689422105e-05,0.00034989352308879195
297,0.0002088940153685433,0.10839078368380532,0.8908670416288985,4.548748186562853e-05,0.00048779319006196555
298,0.00017406549995020574,0.08430742821984755,0.9150114035956793,4.020484041516099e-05,0.0004668978441076977
299,0.00029195513292290954,0.1272357330075245,0.8719071145667467,4.67662867803885e-05,0.0005184310060254538
300,0.00020729831268794045,0.09930939383947195,0.8999585722664017,4.719806565682006e-05,0.0004775375157815964
301,0.00016201370447901809,0.08667058121668027,0.9127301679681975,3.8767047052711496e-05,0.00039847006359056624
302,0.0007834455853590502,0.11538339258626291,0.8824918458464021,8.830734858016553e-05,0.0012530086333956579
303,0.0008935597102737901,0.10206140114798395,0.8961309426713906,8.308354298176348e-05,0.0008310129273699931
304,0.00037117785286648993,0.06371326415342317,0.9351893712614131,5.5038429631356225e-05,0.0006711483026659104
305,0.0001796160120782326,0.08087083805857874,0.9181897757560028,4.1038596985175415e-05,0.0007187315763550626
306,0.00025583488607473374,0.08297980696739836,0.9158376483269255,6.462638414890611e-05,0.0008620834354523139
307,0.00022576961274235123,0.07566141747210331,0.9234840322402464,4.921229655487185e-05,0.0005795683783530004
308,0.00058133998297345,0.207743471955019,0.7904734654516957,0.00010904212136730342,0.0010926804889446963
309,0.0004853652318872064,0.11541472082011084,0.8831909451957537,8.761212862135063e-05,0.000821356623626876
310,0.0008392455121110789,0.23048522999819285,0.7677895174695514,0.00016137887839740166,0.0007246281417471551
311,0.0009424594533746508,0.18646701533468518,0.8114013300182705,0.0001822003214624622,0.0010069948722071036
312,0.0018363240493347694,0.13361794686391465,0.8629383422542318,0.00028614837257357416,0.001321238459944999
313,0.0005677482451320633,0.10174083382357531,0.8967061937948132,0.0002669892915609598,0.0007182348449182407
314,0.0024455196282539273,0.11928894761037874,0.8735869299181958,0.0006380053777395926,0.004040597465431937
315,0.009641760698087455,0.4618932302568486,0.5138026361844751,0.004990165869086551,0.009672206991502185
316,0.029270322883653187,0.5716310826082424,0.34631190829928993,0.02200367217892071,0.030783014029893797
317,0.03492276054298411,0.7287118026742491,0.15679209591028964,0.028928582292338606,0.0506447585801387
318,0.12940446413241588,0.2896107382737493,0.016208864635506488,0.056338829091922095,0.5084371038664063
319,0.03686377172262043,0.05816139613748816,0.0029006793222998524,0.02650783413915221,0.8755663186784394
320,0.07535039580783338,0.02412121792453615,0.00028094055114610773,0.007157411593444373,0.8930900341230399
321,0.2493299927264626,0.08522648974800424,0.0004196612426889357,0.019830682243742986,0.6451931740391011
322,0.2857594195907024,0.03318203314034364,0.00023775317790663536,0.018325052967558965,0.6624957411234883
323,0.36909664962619976,0.05692416337084556,0.0003958811458818391,0.015553579007841434,0.5580297268492314
324,0.4209021378663326,0.18323326933170656,0.000607718353563477,0.11466199809670878,0.2805948763516886
325,0.20496402785401951,0.38337237417519165,0.023686105094616244,0.033890402561810265,0.35408709031436236
326,0.3791543351320448,0.43494799046275795,0.00550694070016424,0.07368691951194277,0.10670381419309016
327,0.13933742625249323,0.762941474652372,0.0060143265306574975,0.0419178509757035,0.0497889215887735
328,0.2238019479823377,0.48884336986441757,0.0005598380948074967,0.23730905650772569,0.04948578755071133
329,0.17508388644717734,0.580452239734836,0.001423776259201593,0.199236116645495,0.04380398091328999
330,0.15100997960709017,0.5658085362853147,0.0006209936229472602,0.2642209692048481,0.01833952127979976
331,0.19817401516313965,0.5763117090016695,0.0013511440078852388,0.18362324801313823,0.04053988381416745
332,0.13678424406687728,0.6669864542491445,0.003825920538339867,0.10064970367757053,0.09175367746806791
333,0.1641522791019608,0.6519880513425417,0.0004764073887508133,0.16288217181839,0.02050109034835672
334,0.19338297264469603,0.7233402636179636,0.0007561052844853107,0.05975680949812167,0.022763848954733382
335,0.2306577810962354,0.6668695775852668,0.0004681474901461393,0.07229241244045871,0.029712081387892924
336,0.16633108238363264,0.742333323251559,0.0006895824208694094,0.07182309927205194,0.018822912671887196
337,0.2816883173234401,0.615994105020726,0.0007952389842452479,0.07136428778137754,0.03015805089021108
338,0.24219050100325412,0.6922014018753944,0.00039510028183846994,0.03607947115455197,0.02913352568496121
339,0.25367802511714876,0.6698861655823354,0.0009503988610130788,0.05932888981943548,0.016156520620067425
340,0.2279771568269933,0.719209932020218,0.0018128396715092348,0.028792353712794715,0.022207717768484587
341,0.18897622136406111,0.7709609979297485,0.0015239869947964513,0.02319050563391733,0.015348288077476414
342,0.28582686369235333,0.6383585949026324,0.0008726407460519327,0.06603296796879167,0.008908932690170557
343,0.1521921079665552,0.7974483877941987,0.001937579049749501,0.042430064502530486,0.005991860686966177
344,0.08049225069555337,0.8812459647838707,0.010735918214945508,0.01886916321147889,0.008656703094151492
345,0.10298697695818394,0.8399920638764035,0.00656987848786693,0.04071037199471077,0.009740708682834923
346,0.2716006901543523,0.36774914140123716,0.00626926594570524,0.05190437483766259,0.3024765276610428
347,0.3433255820385591,0.6031943049339361,0.004003463100604108,0.038170798228529014,0.011305851698371542
348,0.2545059076318744,0.7022693034463904,0.00575569888154263,0.025117731796741035,0.012351358243451571
349,0.23431868506410974,0.6260636802692213,0.015797385642849146,0.010546800343962487,0.11327344867985735
350,0.07017593437502793,0.9102794483155303,0.004826363415099475,0.007466250886025253,0.007252003008317008
351,0.09163976016107746,0.885707946055626,0.006663957123211696,0.005492165971944008,0.010496170688140818
352,0.07605254397169525,0.9038742676506416,0.0077496317695511276,0.002389043475273079,0.009934513132838801
353,0.05568021218289616,0.9183365329401912,0.011962506398757606,0.0050601633623942495,0.008960585115760866
354,0.038067752405322904,0.9352596440310411,0.01788707497157707,0.004000890029694728,0.0047846385623641265
355,0.06641203808147376,0.9039486050287449,0.017508201093169563,0.005972009649121411,0.006159146147490355
356,0.01972027436951661,0.9577776502458418,0.014501109683300708,0.0027813211489736652,0.005219644552367006
357,0.016112799840291344,0.862962188260858,0.10493253098010175,0.002545036093210913,0.013447444825538075
358,0.06143752738005946,0.9152469420154458,0.009251901782009974,0.008193663576710029,0.005869965245774842
359,0.053994145390326445,0.9203993117403387,0.01061212558806714,0.005052807424615078,0.009941609856652642
360,0.028066927808289188,0.9039504774829283,0.05273120814247914,0.0050345601417677984,0.010216826424535773
361,0.0425025111958477,0.9195452048865791,0.016345825505421428,0.00753033164694082,0.014076126765211076
362,0.042728574717515296,0.11178208503071553,0.019102546918774273,0.003772389905729839,0.8226144034272651
363,0.09829399654516532,0.03341510850405479,0.00018990396457306191,0.0016613902333096862,0.866439600752897
364,0.6609753088814917,0.15083021240252473,0.008081432979790984,0.009586578991106159,0.17052646674508642
365,0.17567964787493942,0.7431317999569503,0.012324976800741098,0.004497651636846104,0.06436592373052312
366,0.24810510478218156,0.5369078201158117,0.05537931090518856,0.01601363377661439,0.14359413042020375
367,0.2217730798893354,0.6131229336170341,0.0011324103819411679,0.05537949978570915,0.10859207632598025
368,0.04697232771242259,0.04540943025629893,0.002949789050224671,0.005156468169162968,0.8995119848118908
369,0.6812713968094717,0.05213814230903744,0.00029509444734451406,0.00750842623674831,0.25878694019739795
370,0.6831889010258383,0.2541848516349389,0.00015216191384332048,0.0028598818634863465,0.059614203561893106
371,0.7680869463772928,0.1654684655161475,0.0003313094243742528,0.006217636593564218,0.05989564208862139
372,0.5593569657592062,0.3488716684795493,0.000258100881399821,0.03585445751447649,0.05565880736536817
373,0.09626897899287679,0.7398453208256452,0.002754949097696717,0.08086258460858413,0.080268166475197
374,0.16242914361080338,0.49360642460540716,0.0005938951408152039,0.2839747574719905,0.0593957791709836
