epoch,N1,N2,N3,R,W
0,0.010855244681486605,0.0006465106567862068,0.00033141317565068266,5.338967529083347e-05,0.9881134418107856
1,0.008182252817634768,0.0007605559147904325,0.00018139225637167552,5.9004650919617366e-05,0.9908167943602836
2,0.0017215167939806776,0.00023270476047985525,2.034025225968566e-06,6.823810170266172e-05,0.9979755063186109
3,0.0020688250127896095,0.00021374914535865605,5.427661387596916e-06,3.5762288657418986e-05,0.9976762358918069
4,0.016500055305650817,0.0006433428477235122,4.079549206665366e-06,0.0007906039814626259,0.9820619183159565
5,0.022357042115083606,0.00043431462640868283,6.1818019011057206e-06,0.0021109579742224554,0.9750915034823842
6,0.037310951416381244,0.001621239266736399,1.0945738211842435e-05,0.0012912486692409758,0.9597656149094297
7,0.06478333454126513,0.003692444868061936,3.475221392994506e-06,0.005462642862167293,0.9260581025071125
8,0.05880692680770933,0.006534428396486827,3.636962465076283e-06,0.0040654624295255425,0.9305895454038131
9,0.01604037722743573,0.00430843892925945,6.173383949115444e-06,0.0042658861052425915,0.9753791243541132
10,0.04460521538881168,0.006769861857549083,1.237963469404002e-05,0.006080413545594986,0.9425321295733503
11,0.014767534937214324,0.006903299752645564,7.865443942136296e-06,0.005779464706654276,0.9725418351595437
12,0.0018550621693185939,0.0009851717708879858,6.709226944649469e-06,0.0005480597372308189,0.9966049970956179
13,0.05484918276488777,0.005285599717491854,1.0539737643888681e-05,0.003241326741291456,0.936613351038685
14,0.12337628776977447,0.019109540965710534,2.500349539946694e-05,0.0060320614912307245,0.8514571062778848
15,0.07396465070475466,0.06172985846840382,4.5150207278233104e-05,0.02364480854191018,0.8406155320776532
16,0.0986113278589991,0.12929782789120967,2.3709044018441456e-05,0.01727338238839491,0.7547937528173779
17,0.05633423108575798,0.7717566431542807,2.4017588535076692e-05,0.005532980812148598,0.16635212735927754
18,0.10727368297661376,0.6273633676223002,0.00026516720906243475,0.01980001574520906,0.2452977664468146
19,0.047560833394471085,0.8057801245259975,4.614217299758048e-05,0.014210732738352879,0.13240216716818076
20,0.029310892247752143,0.07364924240476745,1.387665867901934e-05,0.0512996186517799,0.8457263700370216
21,0.030580490983699544,0.33005314257553314,2.6791434229170715e-05,0.005935063047611808,0.6334045119589263
22,0.0959688556668015,0.8614760211239053,0.001572790038577786,0.0032099370166657525,0.037772396154049696
23,0.031691141438148066,0.9344659682309872,0.0009141759521578512,0.0004940529719092622,0.032434661406797696
24,0.008179689278082854,0.9798281276648175,0.0008439467966665459,0.0014910248920873724,0.009657211368345764
25,0.01565035879448159,0.953875386775016,0.011266509066051745,0.0025891217131577497,0.016618623651292956
26,0.013623475300856006,0.9350137844852819,0.008678690748149162,0.001399369357353003,0.04128468010835996
27,0.008133469479818021,0.8524857719060712,0.10644504902567736,0.0013962418038295848,0.03153946778460382
28,0.007358270987943763,0.9469745571324466,0.02284133574223825,0.0011008512016943727,0.021724984935677125
29,0.018777101807554087,0.9386973144332221,0.02027404537407816,0.001199145758988132,0.02105239262615737
30,0.009275344739135744,0.7328662726857198,0.24609716435385684,0.0012377710237446505,0.010523447197542977
31,0.0038092271683459384,0.6999445121393868,0.2895517689709639,0.0006274306653926266,0.006067061055910859
32,0.004614599097354041,0.9316196136921255,0.057518816213518974,0.00039801898598127545,0.005848952011020179
33,0.012637382989132178,0.611856902362941,0.36608187853594887,0.0008857209254039001,0.008538115186574045
34,0.008070868431431288,0.5887238313302721,0.39579464298013645,0.00033930517511036423,0.007071352083049852
35,0.0054725586209919165,0.7629531715897518,0.2261313364906656,0.00030903057064141337,0.005133902727949253
36,0.012372904352678299,0.43632314207634404,0.5462439493478282,0.0003613918204419581,0.004698612402707538
37,0.013180456799700375,0.5350895267446141,0.44632072368266285,0.00030363150503664316,0.005105661267986102
38,0.0025132813816836114,0.4334398093610892,0.5604240530308184,0.00019638981493126835,0.0034264664114775282
39,0.002669170384556565,0.13841812386814759,0.853742852169446,6.79973766302964e-05,0.005101856201219747
40,0.003706380857182363,0.13095803682828455,0.8615985879373929,5.9789459139924634e-05,0.0036772049180003696
41,0.004506729718055737,0.197455327322023,0.7899057583166184,5.744738604567868e-05,0.008074737257257181
42,0.007596465866201165,0.08725613640326549,0.9012506345941104,6.0597180018552714e-05,0.003836165956404665
43,0.0010365348705446294,0.048456952598276225,0.946941917336394,2.7857377414691785e-05,0.0035367378173704824
44,0.0035345720461863904,0.21008924259501807,0.7784283711188859,0.00019380384762407327,0.007754010392285566
45,0.0016443910382314153,0.06716366595858206,0.9271557144420692,0.0001510833157218781,0.0038851452453953494
46,0.006765025265096077,0.1025582882964109,0.8745587464651354,0.0003234220732381734,0.0157945179001194
47,0.014804119361750414,0.09016982017448187,0.8787246539778902,0.0004747865362700254,0.015826619949607577
48,0.008142503633344646,0.0048390384762458764,0.0038808276729789554,0.00023530106080330414,0.9829023291566271
49,0.0005196395453596432,0.0004415430957917988,0.000190252771158756,1.7142104779062738e-05,0.9988314224829107
50,0.0038730142855699346,0.0009084981644534856,0.00013402451579385332,6.499885818924022e-05,0.9950194641759935
51,0.002223349797247965,0.00036568444841781055,2.3956410113459735e-05,2.4074381686183202e-05,0.9973629349625345
52,0.008419162867725686,0.0006887299471232024,0.00010406898612700344,2.335985864844691e-05,0.9907646783403756
53,0.007670032215513646,0.000855974206107851,2.6199511913283296e-05,2.2035209683573762e-05,0.9914257588567817
54,0.011286709348875176,0.0008133703632465789,3.719253372554248e-05,5.366465899343677e-05,0.9878090630951593
55,0.013484761077646373,0.001207208600818853,2.1236610124720692e-05,0.00010889558326992229,0.9851778981281402
56,0.019242624839814503,0.0021763984251088795,1.8805404874714945e-05,0.00040559983192526216,0.9781565714982767
57,0.010077686740229706,0.004159057414838272,2.4410623049762528e-05,0.0006768161349625701,0.9850620290869198
58,0.006743032562462549,0.0020588179597610078,1.7217743383997813e-05,0.00047421529179829646,0.9907067164425941
59,0.0061990969730514305,0.004435227924614231,4.793361832230736e-05,0.0012881222697284597,0.9880296192142837
60,0.010430349872358193,0.0030959800474728663,7.612134323268792e-05,0.0010946504600711652,0.9853028982768651
61,0.04543116577883346,0.005103907699815328,6.876312545431311e-05,0.0015843012826656912,0.9478118621132312
62,0.020819586405780882,0.00734634229636461,0.00017281501592397884,0.0016537516524476935,0.9700075046294828
63,0.03985933832377711,0.005055959491612844,7.121388199321082e-05,0.0024398887696561386,0.9525735995329607
64,0.040158843076862294,0.003931770795757785,2.01005703429666e-05,0.002506896229958874,0.9533823893270781
65,0.011990763091768733,0.0027746635068184927,1.0883519607790982e-05,0.0010279291592635174,0.9841957607225416
66,0.02613526074335289,0.0032659304561796433,1.6998602133654883e-05,0.002580802893647405,0.9680010073046864
67,0.009656184757547155,0.0010686132218560738,2.2077926002164466e-05,0.0008228559737052839,0.9884302681208893
68,0.003070866426117772,0.0008032473841336296,0.0003688347788458119,5.626209830391007e-05,0.9957007893125988
69,0.004848341594797711,0.001024748924617869,0.000144057973834503,8.20753750695049e-05,0.9939007761316804
70,0.00313635910717834,0.0005526116883256413,9.388396027181362e-06,0.00010344100504135227,0.9961981998034276
71,0.0040979894020598704,0.0003492936549680511,4.066013494174981e-06,0.0001818389064085363,0.9953668120230693
72,0.0035204496560665224,0.0007971705577772086,6.490250134915617e-06,0.0004897339663906715,0.9951861555696306
73,0.0042591745029196566,0.001426921644142155,8.543382426139414e-06,0.0006088451286953303,0.9936965153418167
74,0.012949044618059378,0.0010381945424841237,2.7591525830652414e-05,0.0003846283340339604,0.9856005409795918
75,0.002499223768988331,0.00045365426556174556,1.1854117584453545e-05,6.429519047391249e-05,0.9969709726573917
76,0.00941097708362782,0.0012144645860483333,2.9380455611316375e-05,0.00031425910664302747,0.9890309187680696
77,0.005377678864016568,0.0018081422119232257,5.844620985518293e-05,0.0001184718133155167,0.9926372609008896
78,0.009010967822742013,0.0026993257729920504,3.0451203773609965e-05,0.00019077158461223878,0.9880684836158802
79,0.015153269447062438,0.006465935153170491,0.00015583680977160528,0.00021852001471455793,0.9780064385752809
80,0.04317261283628585,0.018979457667153234,0.0005296407847337041,0.0005803429401163316,0.9367379457717109
81,0.020820088343901783,0.004938591222956413,0.0001841062213825886,0.00046637929796227785,0.9735908349137969
82,0.014867775173661541,0.0027908325870264128,0.00011746746407539213,0.00021509552705277442,0.9820088292481839
83,0.00868138525600729,0.0033183037477910234,9.83410027667742e-05,0.00022132702213774918,0.9876806429712971
84,0.0008968197396456091,0.0008348671791849317,0.00021458292861168687,3.949686352895638e-05,0.9980142332890288
85,0.005498557673925347,0.0009605483601101494,7.845386360545796e-06,0.00014966186564070375,0.9933833867139632
86,0.0006335022209168515,0.00036963951969581606,1.6142600499951253e-05,1.3417457461410612e-05,0.998967298201426
87,0.0031834069429163823,0.0007269959754576488,3.437482658677683e-05,4.220888746107124e-05,0.9960130133675781
88,0.002200727277191792,0.0009590319707006945,0.00012695492752018992,4.933356346582514e-05,0.9966639522611215
89,0.0016578197194929006,0.0001586453339259847,3.0230979366507583e-05,7.005907908077283e-05,0.9980832448881339
90,0.0012681662203859903,0.00010144787039955109,1.020257980630522e-06,2.449500850883728e-05,0.998604870642725
91,0.0002467094567455672,0.0002550169527220029,7.207065949325431e-07,1.6378480523849818e-05,0.9994811744034136
92,0.0008594177163063903,0.0003060561794417436,4.6963459292542117e-07,4.976988053509e-05,0.9987842865891238
93,0.0007303723451485382,0.0003437610359877415,8.577308361783685e-07,4.3337996186373527e-05,0.9988816708918411
94,0.00020285864348313252,0.00042036772041271624,3.7279180018939568e-06,1.173887567492976e-05,0.9993613068424273
95,0.00020297859906503627,0.00037708553241417876,4.031399645040066e-06,5.161343966137069e-06,0.9994107431249095
96,0.018502310323327588,0.012684660228277411,4.3563556472602565e-05,0.0005695324726362474,0.9681999334192862
97,0.01203475789322873,0.0038097274881912814,0.00030667245990309414,0.00041133185542028855,0.9834375103032565
98,0.0029596231068377355,0.0018374082415673271,1.72783001458001e-05,0.00020536171002526695,0.9949803286414238
99,0.0008364030900539032,0.00020560861646100036,4.954157744424088e-06,0.0001026909009472267,0.9988503432347934
100,0.000683075263238814,0.0002578469494969982,9.868818073800785e-06,5.0954498954076955e-05,0.9989982544702364
101,0.001474075504396942,0.00021304702361065955,5.7754932983098125e-06,5.738592578787024e-05,0.9982497160529064
102,0.003024940608642466,0.0002700427447293937,1.0007826211442883e-05,3.287308965178144e-05,0.9966621357307649
103,0.009777616008376927,0.000399900114657086,2.7651478661473874e-05,3.667323194436974e-05,0.9897581591663602
104,0.0047637635594980545,0.0002612832959848628,4.784626073178253e-05,3.954321421215821e-05,0.9948875636695731
105,0.001757690711359951,0.0004402980592510792,3.799512152637244e-05,2.787701411846075e-05,0.9977361390937443
106,0.001967560058537681,0.00038093180763516533,1.533221528105764e-05,4.589924186547076e-05,0.9975902766766807
107,0.0011596786360344373,0.00013568356134813794,1.230927804633441e-05,1.9729988077992805e-05,0.998672598536493
108,0.0036322036183907597,0.0004558090789601916,4.462414162851031e-06,9.373354771679984e-05,0.9958137913407694
109,0.0035298914413557647,0.00015207648169908216,3.0270467198179905e-06,7.475906770819226e-05,0.996240245962517
110,0.004006943520872258,0.00022345122075947063,4.323975068743597e-06,8.05384371041073e-05,0.9956847428461953
111,0.002007773488845113,0.00031178174012440416,8.025983080837332e-06,0.00020673732236559447,0.997465681465584
112,0.006301342898659707,0.0013637418878998415,1.4615235179016975e-05,0.0006846495146906706,0.9916356504635707
113,0.007164570009677518,0.001425973990671309,1.0644731106363152e-05,0.0007106813899392901,0.9906881298786056
114,0.023535964351111043,0.0013192074545376078,9.64877783991161e-06,0.001612795846749836,0.9735223835697616
115,0.030609550645285442,0.0033214091699809325,7.39043687142552e-06,0.0019348495918093014,0.964126800156053
116,0.01358177657423959,0.001532268796203353,6.525893504739585e-06,0.0005201562634892321,0.9843592724725632
117,0.002716930138642466,0.0014713803253033418,1.87672935450328e-05,0.00030069426424926446,0.9954922279782599
118,0.0006407745539126158,0.0003116736079001337,2.7037345449760976e-05,8.675238018526398e-05,0.9989337621125522
119,0.007890228000508237,0.0009008482220553083,5.332853769008253e-06,0.0008932510292971385,0.9903103398943703
120,0.00714526637909082,0.0003598742854308264,6.943576132615383e-06,0.00025993546965559744,0.9922279802896902
121,0.00743240189475534,0.0005946115538090152,1.225645949559712e-05,0.0004235417258534101,0.9915371883660866
122,0.054153134324081004,0.0016457454594424347,1.0607785333099504e-05,0.000815242304259024,0.9433752701268845
123,0.009465399995159827,0.001711663196061989,8.207528442340414e-05,0.00032884741800521617,0.9884120141063496
124,0.007103155729908046,0.0015268384118536208,1.238158041762644e-05,0.00023947872229522206,0.9911181455555255
125,0.0013300290000250001,0.0005010942412929634,2.1347952509992776e-05,0.0002747062456956939,0.9978728225604763
126,0.014411131252048077,0.0009653220871161263,1.3567011855345233e-05,0.0010570640613285528,0.9835529155876519
127,0.004558598213260028,0.0007569142223138199,7.63842876947968e-06,0.0004125823128549516,0.9942642668228018
128,0.007005418401764146,0.0017499412380701566,0.00022914225408306857,0.00030756629457183535,0.9907079318115107
129,0.002847306837246346,0.0012489799553818566,0.00013023050681581217,0.00018455556685389746,0.9955889271337022
130,0.0058303998145747245,0.000938773864225994,0.000614770541533055,0.001172851272758449,0.9914432045069078
131,0.05577972031267208,0.004111284712215005,9.583875205055609e-05,0.021283860249954437,0.9187292959731078
132,0.04409394177970097,0.0038330071205051578,9.313681416593893e-05,0.01703254757481917,0.9349473667108087
133,0.00360210398660445,0.0014297315406388057,0.00015142341806823306,0.0016684416686553235,0.9931482993860333
134,0.040026064099676815,0.011098222595853111,7.367126218166544e-05,0.023566887342077982,0.9252351547002106
135,0.007391695605931968,0.00218712771809223,9.148417429509881e-05,0.004167805874786857,0.9861618866268937
136,0.0873026509217819,0.009330835850138917,3.99840304598145e-05,0.02820766737383829,0.8751188618237811
137,0.011855328872854958,0.0048585613370637866,4.883739124130306e-05,0.009472764465017257,0.9737645079338226
138,0.05326224086223589,0.004341887797195809,0.0001738186949787665,0.015115726718388754,0.9271063259272008
139,0.10561924697114072,0.01697459711972404,6.856545338745021e-05,0.1006669199438926,0.7766706705118551
140,0.17513445632643,0.010954201594706132,6.402781200973707e-05,0.11922841566923897,0.6946188985976152
141,0.018062941669901283,0.012655210988479455,0.00017555068442633143,0.03519673170539454,0.9339095649517983
142,0.01269346955111944,0.010143973192760235,6.534918434480333e-05,0.02528646064827927,0.9518107474234963
143,0.013791449352288484,0.0031346025917044543,8.177426050973067e-05,0.017242494053302377,0.9657496797421949
144,0.02270492876460304,0.006646715119626315,4.27893182989503e-05,0.05257105031500945,0.9180345164824623
145,0.034303775615745324,0.005479651653233891,8.74932879440293e-05,0.04079230668307652,0.9193367727600003
146,0.025239289019369997,0.012285517954338574,3.778016696420396e-05,0.0405472833698986,0.9218901294894287
147,0.04364172034417031,0.030624129462695632,6.361074347433114e-05,0.07397072244681294,0.8516998170028468
148,0.09274094930926116,0.03262800401740313,0.00010401221450781775,0.13126408642272497,0.7432629480361029
149,0.20616720755073492,0.06249776128991471,5.596277048115105e-05,0.19769095865311703,0.5335881097357522
150,0.39421156203101376,0.14015914720830314,0.00010404516760006002,0.10535695740802493,0.360168288185058
151,0.4312917256416151,0.47867592125255304,0.0013223588513224447,0.03618785900242151,0.05252213525208792
152,0.10389232181732042,0.5101702773643803,0.00024342501563161291,0.3052688605678211,0.0804251152348466
153,0.07017901887294617,0.5093477768271982,0.0005484460693699399,0.34264125118903593,0.0772835070414498
154,0.03028510083396143,0.8960956768157202,0.0021007013996499737,0.044119775190566146,0.027398745760102174
155,0.05356785195084616,0.7211300418166375,0.0007678437491056349,0.20543844342804254,0.019095819055368023
156,0.044204566515037076,0.8459820248720962,0.00656129288331156,0.040788136268664066,0.0624639794608912
157,0.050305723996586185,0.5243815129288302,0.001826954664479134,0.026739917619438405,0.39674589079066613
158,0.020213372282581663,0.9615133327583446,0.0024828106314037715,0.00840583953461609,0.007384644793053863
159,0.009117113793259345,0.9809230664905827,0.00046919405792364335,0.006179113235413224,0.0033115124228211465
160,0.013814750536920276,0.9547459472961745,0.017323061650700237,0.005375460816105511,0.008740779700099706
161,0.019893183112576963,0.9357574008669857,0.0028961643100179455,0.003712062772518121,0.03774118893790127
162,0.005075619833470017,0.9660727792608869,0.020894187126116143,0.0018805569736250812,0.006076856805901865
163,0.028194466096972872,0.9403651535632612,0.004847067975158265,0.005798652426244716,0.02079465993836278
164,0.007371446784846425,0.9303551465749145,0.055902932912777974,0.0013647355117569382,0.005005738215704139
165,0.003675291765402169,0.9313254015226589,0.05944128505599323,0.0032081054502413335,0.002349916205704116
166,0.010604812107221319,0.9040166109377187,0.07326382230594211,0.0027517693253946486,0.00936298532372331
167,0.022271296137553204,0.9064752930043233,0.04429713906451817,0.0037929223427641038,0.023163349450841256
168,0.00899399881748268,0.6380093579074818,0.34431702946721615,0.0045460329826928336,0.0041335808251266835
169,0.006107933830028539,0.6648094508773585,0.32375487677580467,0.001664836670802437,0.0036629018460057486
170,0.003949665936733142,0.5020528500560163,0.49116830951380275,0.0005594204525319568,0.002269754040915878
171,0.006719204746084702,0.5196976294705331,0.4672507237183412,0.001480858774656415,0.004851583290384449
172,0.008918730117513374,0.4253912487394641,0.5578641560480633,0.0008916343757974629,0.006934230719161776
173,0.004394748793035897,0.28556568203307775,0.707383009968462,0.00026182554073388403,0.002394733664690432
174,0.007073011131971634,0.3179257477490667,0.6619732834214082,0.0003045148421941398,0.012723442855359372
175,0.0015659743070992919,0.08163770874223103,0.915480992660649,9.487589533517265e-05,0.0012204483946854263
176,0.009206420529126536,0.16883124101166405,0.8108206027859822,0.001047051108536745,0.010094684564690442
177,0.005485584251241845,0.09860572618384204,0.8922891851427571,0.00019550163717943852,0.003424002784979362
178,0.005443787431136882,0.14248380319292042,0.8478108729111032,0.0002960948025968299,0.003965441662242528
179,0.007261836902980816,0.19092658350887776,0.7937370314620934,0.00035316506591603073,0.0077213830601319255
180,0.013911123221577457,0.29255205759377656,0.6763834467050808,0.001016065341912801,0.01613730713765237
181,0.004157251969184395,0.18071511993624678,0.810579853499745,0.0002746077539777945,0.0042731668408459034
182,0.0015984925921346054,0.041318311266063924,0.9556814175062651,0.0001283147896731383,0.0012734638458632474
183,0.009532266977269237,0.10664800947861498,0.8808084607962566,0.00026693275482547274,0.0027443299930337674
184,0.0016952454067276882,0.04813005170672854,0.9487186059692246,0.00011834023270686645,0.001337756684612272
185,0.007606145128562417,0.08171533906245428,0.9075736092898382,0.0003351528854965268,0.0027697536336486295
186,0.00626148290618572,0.09777234167635378,0.8913573215158735,0.0003717195095928044,0.004237134391994263
187,0.001714249951831039,0.03963434099502354,0.9575018236139284,9.582980177069838e-05,0.001053755637446254
188,0.0008896960145008254,0.026518105396171724,0.9716869445560326,4.950435095749433e-05,0.000855749682337567
189,0.00026489939760267303,0.017297386838599743,0.9819759341095754,2.6819237651897448e-05,0.00043496041657046196
190,0.00022265078152809427,0.014201677259653636,0.9849941900840941,1.9449521010180426e-05,0.0005620323537139905
191,0.00326696673039534,0.03680494590862825,0.9571928052904175,0.0001034022646619891,0.002631879805896798
192,0.003153163470990921,0.04741236796820672,0.9473283878335766,0.00011933321709168411,0.001986747510134004
193,0.001388924339620673,0.035381007266575656,0.9619431624729358,5.39600093422017e-05,0.0012329459115255454
194,0.0018829561885281589,0.035408195498029614,0.9611606442794549,5.358862016937775e-05,0.0014946154138177228
195,0.0003390397117675619,0.017563168889400318,0.9810370463846472,2.815417715273977e-05,0.0010325908370322056
196,0.007809082974978102,0.08052937557735938,0.9041983061014219,0.0002332686218600781,0.007229966724380584
197,0.00030237340825252774,0.019877219581774738,0.9792027640757417,2.6497771679528343e-05,0.000591145162551604
198,0.0005776138758092891,0.015650778992904117,0.9827288867047665,2.3395141377657603e-05,0.0010193252851423394
199,0.0016420923085320896,0.027352395582446527,0.96838073662324,5.682983497150238e-05,0.0025679456508099045
200,0.004054736545031206,0.03207539950059962,0.9610372941010896,8.135476621328673e-05,0.002751215087066308
201,0.0006678610682518938,0.012707864646698576,0.9854152999526754,0.00017040394027894882,0.0010385703920950471
202,0.0013209195511649189,0.012886131587683026,0.9847755624596047,5.0926600688100186e-05,0.0009664598008593487
203,0.0030935180304234116,0.034239568634989365,0.9598853250769737,7.701032871877755e-05,0.0027045779288945595
204,0.002536815599811828,0.03550209199321218,0.9604821980735732,5.5438256881106074e-05,0.0014234560765217221
205,0.0009483792962965081,0.011317561489404483,0.9868521044143591,3.448388570857398e-05,0.0008474709142312735
206,0.0002179972739976841,0.00971793567680744,0.9896232335358515,0.00010843133258665728,0.00033240218075687944
207,0.0050873201955371605,0.05867617157806212,0.9330642691208373,0.00015613284815671214,0.0030161062574067957
208,0.00017980582824860512,0.009510293793524966,0.9899017468175993,1.1126280014950768e-05,0.00039702728061201387
209,0.0002558028020550507,0.01926576206447911,0.9794977321317586,2.576849028932172e-05,0.0009549345114180041
210,0.00029721775745504406,0.014929422173698862,0.9838278964478572,1.879374143734858e-05,0.0009266698795515367
211,9.710165561743628e-05,0.008732906256683142,0.9905157602966885,1.2026158452241348e-05,0.0006422056325587568
212,0.0002792486329450808,0.026421418080020548,0.9725831116111524,3.5230443678155155e-05,0.0006809912322037997
213,0.00024206142786231983,0.012500841437273333,0.9865534629279367,1.2921524471735905e-05,0.0006907126824560266
214,0.0003647280971248736,0.02309547574217652,0.9754683159656695,4.073654373775416e-05,0.0010307436512912477
215,0.0006077449411971984,0.019331290973127198,0.9789527873437565,4.102777791951467e-05,0.001067148963999756
216,0.0011268901029114124,0.030933857564888482,0.9657297300531181,5.1345007870587615e-05,0.0021581772712114095
217,0.0007766502768379599,0.025757183649300467,0.9728384052910417,4.28287681895609e-05,0.0005849320146300832
218,0.0004307055493409155,0.02413295482078668,0.9744295582591934,3.889562603724457e-05,0.0009678857446415586
219,0.000808669706629619,0.041978082579742684,0.9559016246807219,6.240398031460542e-05,0.0012492190525910164
220,0.0003198532980945497,0.02169445191722275,0.9772832734940643,3.201998885543014e-05,0.0006704013017627357
221,0.0003780576211256802,0.02345042038238104,0.9754730994771296,3.325105635481665e-05,0.0006651714630089919
222,0.000807041413715114,0.030495041739747025,0.9674085136233672,6.0354456680945235e-05,0.0012290487664896033
223,0.00015748222950427194,0.00947124253370534,0.9898033671525249,1.3085373960530842e-05,0.0005548227103047222
224,0.001719448028449225,0.04342874412672484,0.9512662576882424,0.00010692587568997798,0.0034786242808935424
225,0.0026387687933321943,0.047244691176193704,0.9429046028472232,0.00013328638622898059,0.007078650797021953
226,0.001353347043509262,0.04106073220755801,0.9560482769121873,6.312340647035038e-05,0.001474520430275173
227,0.00012025380328859035,0.024176825799048715,0.9752218465089887,2.141251407831904e-05,0.0004596613745957494
228,0.0013825002604985533,0.06703643698283714,0.9292466568035145,9.65415755121219e-05,0.0022378643776377618
229,0.00017203731485093083,0.009087332437465272,0.9903215309635244,1.0324569100490049e-05,0.0004087747150590235
230,0.0008023262173185611,0.04398507999820571,0.9536384163338003,3.284814990693226e-05,0.00154132930076853
231,0.000307786902601049,0.025327252562710272,0.9738155230399533,2.5803496456479205e-05,0.0005236339982787322
232,0.0042766360256141535,0.10257439198228761,0.8865975598302608,0.00015127847168682485,0.006400133690150454
233,0.001107433281590512,0.05758023770859561,0.9391259161164884,5.770088097042239e-05,0.0021287120123551326
234,0.0006937207956006498,0.03713278865770404,0.9609059832360072,4.560607431899448e-05,0.0012219012363691392
235,0.001262319622690924,0.043180790720761836,0.9545149515087945,6.692609286217544e-05,0.0009750120548905569
236,0.0005066830584324659,0.028166356572278593,0.9705169426998793,4.137813658385736e-05,0.000768639532826017
237,0.00042364327807683106,0.024510517794641123,0.974561009994806,2.8556140233112116e-05,0.00047627279224283337
238,0.0008289770527152534,0.01980844089081437,0.9776975450357849,4.018803374457246e-05,0.0016248489869408872
239,0.0002698178427691337,0.026587012084851567,0.9718125149126488,3.0253643202840937e-05,0.0013004015165278683
240,0.000647870157359804,0.024326517791018343,0.9738868870805859,5.287489762478476e-05,0.0010858500734111155
241,0.0007449726136719274,0.026631230433826477,0.9712411587216492,7.391293570848326e-05,0.0013087252951439643
242,0.009084462279843912,0.10076196593498846,0.8773748006296452,0.0014569667207131045,0.011321804434809032
243,0.00430013245284454,0.09205853573066403,0.8977011839648948,0.001282152253846565,0.004657995597750094
244,0.0022414406082771044,0.09317817248195698,0.8991291074694348,0.0013868134802651005,0.004064465960066148
245,0.006909010640361688,0.13367701990951067,0.8487441939464172,0.0026150713633656584,0.008054704140344794
246,0.04120568417962648,0.23165016242619332,0.1748340050972844,0.020386493152774743,0.5319236551441211
247,0.062055024986617635,0.3589929704756271,0.0159785528749675,0.1539436508330175,0.40902980082977014
248,0.03312106847323099,0.020183998047214352,0.0005218609498276436,0.014173896566553903,0.9319991759631732
249,0.03922100679215529,0.03535603588854678,0.00019417590019859434,0.1285042220076129,0.7967245594114866
250,0.04807407136660095,0.047735925972386,0.0002827283625009369,0.1413462688104601,0.7625610054880521
251,0.09664044010872634,0.07837232037142244,0.00017694817290142697,0.22195150705960237,0.6028587842873473
252,0.14858908299819681,0.09561558756688872,8.376410986263634e-05,0.30740105729991474,0.4483105080251372
253,0.10954030338374371,0.04617392463966257,4.643511934421023e-05,0.5294426420030143,0.31479669485423517
254,0.04830866973317369,0.042004941618581974,0.00035268370918247746,0.14716786005770982,0.762165844881352
255,0.03192533140191677,0.026838032840355602,0.00037715600148775303,0.260663500479096,0.6801959792771439
256,0.04201286130697719,0.024352188569488793,0.00015514114909008416,0.6346943174133352,0.2987854915611088
257,0.01599062846000656,0.016284384641445077,0.0025421518765332022,0.09925116057623928,0.8659316744457759
258,0.04412769181387513,0.06412042006101315,0.0002878646061328011,0.6331795290192885,0.2582844944996904
259,0.06407323018774713,0.07789660792126887,0.00017806827595838034,0.6610725247178573,0.19677956889716833
260,0.04715730078985447,0.15048670414911472,0.0003193378903461069,0.5322410210395744,0.2697956361311103
261,0.08756219110183212,0.0937278381082957,6.314703175286315e-05,0.7547307034609435,0.06391612029717579
262,0.04393854832792012,0.08652526185799786,0.0002020049566312183,0.7243229708748364,0.14501121398261427
263,0.05424424191253118,0.06779239855047571,0.00030095698413957995,0.7977457462782447,0.07991665627460884
264,0.03512505654736412,0.04044440881600724,5.742270418711162e-05,0.8692288227354541,0.05514428919698746
265,0.05900295615295618,0.0856637801803642,0.00013710468744421373,0.5823117927557258,0.27288436622350964
266,0.05421879517804938,0.05174311232180079,1.9005948466349363e-05,0.8419483127084072,0.05207077384327615
267,0.06915196186594552,0.04779036901250588,2.8070889625365017e-05,0.8134563162510338,0.06957328198088947
268,0.03812587865435317,0.10454265190429823,3.7547165710986774e-05,0.7646270251589418,0.09266689711669575
269,0.06317403959097626,0.06662545039191037,5.742085487363904e-05,0.7784478624066051,0.09169522675563467
270,0.013751338728199171,0.042149035207379705,3.253760787332166e-05,0.3303507194027916,0.6137163690537563
271,0.031859311464429524,0.05456998863363593,3.032865650916469e-05,0.6463209264144069,0.26721944483101845
272,0.02459697205169021,0.06235356640012711,2.574678436785665e-05,0.6609296896821283,0.2520940250816865
273,0.07880004675488243,0.06714501673916107,2.5404438209965042e-05,0.6034271946017575,0.25060233746598903
274,0.045127630510279584,0.05957668863205169,3.4440162011422746e-05,0.6590145860953593,0.2362466546002979
275,0.025634375715347504,0.035130145492168606,0.00021040205957971743,0.2881672359147614,0.6508578408181427
276,0.0916979222309687,0.11484513920814468,6.226865822244743e-05,0.5262605571609882,0.2671341127416759
277,0.06753725486223125,0.04039104708663278,3.840840364631517e-05,0.6452165630149148,0.24681672663257498
278,0.013494049097985902,0.027272397413260912,0.0005050624386713976,0.10304667314016841,0.8556818179099135
279,0.03888616184787243,0.07288885355544675,0.0001433924024893264,0.21540200793984857,0.672679584254343
280,0.013201462765832464,0.006285547123686465,0.0006817090573347294,0.021709723054373027,0.9581215579987734
281,0.055198621965981555,0.012686260773422092,0.00040877370174133683,0.13845520572013967,0.7932511378387153
282,0.27445427461922434,0.06306516460911522,0.0017077949698368186,0.11188896260114578,0.548883803200678
283,0.15620831941962326,0.14129078326354153,0.0038037361134804714,0.08035061682864146,0.6183465443747133
284,0.16138143776242395,0.24174848980348507,0.0007326613133916207,0.45678263078082443,0.13935478033987486
285,0.134662501327865,0.2630020529997657,0.0006756999630383884,0.514749131520154,0.08691061418917681
286,0.12273178790747319,0.40841342514437234,0.0042189674077881024,0.38905624106609016,0.07557957847427622
287,0.1654274858795256,0.20719497129559894,0.0010415460180206242,0.5269890952975022,0.09934690150935263
288,0.11002746129274919,0.3077303365275685,0.0020734912098745186,0.521374771486009,0.058793939483798865
289,0.1009081393239681,0.28955541368459375,0.0009825597154168846,0.5778934104377464,0.03066047683827486
290,0.07330642730883039,0.5716328755458175,0.004018333503192701,0.31906326872999424,0.03197909491216513
291,0.11621341122603875,0.5029098985790209,0.0027777328665101603,0.3117216207660839,0.06637733656234614
292,0.09136243952220507,0.5831460504322084,0.004134782777946323,0.14905810112390658,0.17229862614373365
293,0.17401497938970387,0.5174790719007634,0.008210745013393432,0.20177428200898867,0.09852092168715065
294,0.24717334902904173,0.39382877548012735,0.00823523463039869,0.1715568812347112,0.17920575962572116
295,0.34008343639317834,0.23380404816422365,0.0032292046181771183,0.21291879322931997,0.20996451759510104
296,0.02582379982204076,0.08059935645282372,0.003725962745156092,0.005793381404128973,0.8840574995758504
297,0.09598829773028246,0.1808151340097617,0.004270333688012014,0.011158564351732703,0.7077676702202111
298,0.35174007271140784,0.13352424061040613,0.01059838663177872,0.008851710064092754,0.4952855899823145
299,0.09727228299304198,0.1580736079301732,0.01662090201094834,0.007166793704809734,0.7208664133610267
300,0.1815628720664162,0.4792069923450196,0.013823569029572963,0.07127627207000123,0.25413029448899
301,0.22553374796796763,0.5459476559581827,0.010671737084520709,0.09577641088669349,0.12207044810263555
302,0.21797204187384078,0.34344032644767203,0.0035693558813348,0.3351909771547045,0.09982729864244794
303,0.05695035692441218,0.8497580461125506,0.002384480718451168,0.07642726746299068,0.014479848781595446
304,0.061103436690688046,0.8695988431999531,0.004800318064963296,0.044370949774012756,0.02012645227038267
305,0.0605396721149328,0.8385274440299947,0.00895937625632577,0.049450014396884005,0.04252349320186256
306,0.04725245229155503,0.9002879022619261,0.008151520062962273,0.02499982055070187,0.019308304832855065
307,0.0579467615152774,0.8757295102189976,0.014982206888000388,0.033567288398357126,0.017774232979367432
308,0.04584098743707519,0.8893720610605025,0.013869615745754045,0.017545201155641545,0.03337213460102675
309,0.06891972659072035,0.7771283338288765,0.017604713116410015,0.013502268570230697,0.12284495789376239
310,0.07056721068712944,0.8576524562378673,0.015137474178795194,0.01139422991790409,0.04524862897830397
311,0.08676872072398827,0.8026189891403492,0.051420231074575606,0.021362949312545468,0.03782910974854148
312,0.05447712587662848,0.8407455789123116,0.06334182050696166,0.011291732039673924,0.03014374266442423
313,0.06847658933338303,0.8510146153457866,0.04563120645032581,0.019584374425804893,0.015293214444699608
314,0.027484496585013445,0.8793107423541848,0.0726085370128989,0.012506847052665419,0.008089376995237216
315,0.021857698266462007,0.8784176061460477,0.07515176096154087,0.01001961725185979,0.014553317374089476
316,0.013025538392801938,0.8423740402238545,0.11356582124167554,0.006435587477711906,0.024599012663956005
317,0.018197821307196972,0.7187813928355894,0.23576536094985442,0.008887284719159482,0.018368140188199857
318,0.0879446239378831,0.8410332544807302,0.030133970507997557,0.020774412180083468,0.02011373889330564
319,0.03869903317548205,0.6058681258041111,0.3297712919819288,0.006307260348079364,0.019354288690398774
320,0.03216430281390674,0.8212422472501582,0.12298812491030346,0.00697963392725986,0.01662569109837194
321,0.018866418420146084,0.899364366294146,0.06821800572955468,0.005010787556184838,0.0085404219999687
322,0.003366312510578054,0.8282922724138533,0.1645131380719824,0.0014146592801801837,0.002413617723406187
323,0.019557462640448033,0.6826730697739746,0.2690975144128179,0.004098560174579083,0.024573392998180316
324,0.020884838670638638,0.9124176195561843,0.05389828953219407,0.004786611504315688,0.008012640736667357
325,0.010054512707031027,0.5647228131819866,0.41851445126888687,0.0019446601756378554,0.004763562666457674
326,0.026313914410050404,0.6889390395066627,0.26474721209548674,0.004429419958994861,0.015570414028805253
327,0.006311735519062143,0.7122705014027894,0.27791898938550347,0.000987976815182279,0.0025107968774627054
328,0.010319325396969493,0.5924261531100546,0.38694598376792605,0.0026239910607215,0.007684546664328356
329,0.013221967733075018,0.7262174886176795,0.25630578468212034,0.0016772015881948317,0.002577557378930261
330,0.0036106799924771585,0.7016033014866603,0.2920111345013954,0.0006539776240450312,0.002120906395421929
331,0.009182836568405952,0.5286005211346365,0.458226356538077,0.0010900122905220984,0.002900273468358311
332,0.022379212911665634,0.4788496473282531,0.48605027870868567,0.0020448512666033174,0.010676009784792238
333,0.008695381857276892,0.6895578635401186,0.29136551362136986,0.0020550121961214374,0.008326228785113274
334,0.004361417035679623,0.37331022920516627,0.6194174831519889,0.0006735203000645206,0.002237350307100585
335,0.008672720187067308,0.6328283648781564,0.34948842870376856,0.0014923404511550296,0.0075181457798528094
336,0.007066220296644756,0.6096669461655261,0.37931550841479195,0.0007269008247358842,0.003224424298301406
337,0.009181317579429452,0.4531539981601253,0.531741582567119,0.0009885126252309842,0.004934589068095289
338,0.014654572653564806,0.5416263900323448,0.4287318664686642,0.0019710697805883316,0.013016101064837917
339,0.010692410045368028,0.3388153825618979,0.64107287811949,0.0010955431948137017,0.008323786078430252
340,0.006930839980809615,0.48305173856525396,0.5043986263569814,0.0008330569774701471,0.004785738119484962
341,0.003363198636357775,0.21963760424390963,0.774397066328902,0.0003568843693350558,0.0022452464214955444
342,0.007978866732328201,0.29452886851742566,0.6917563890316106,0.0010992288445832647,0.004636646874052225
343,0.0039715580283837745,0.33781482563131227,0.6549466610349906,0.00041204417425175433,0.002854911131061682
344,0.0007103525708644022,0.20947170005865162,0.788180861126857,0.0003116797586119617,0.0013254064850150634
345,0.0073802686790510035,0.3315862309788577,0.6560689767672652,0.0010688350399789524,0.003895688534847263
346,0.0027821978085024665,0.24979472455962595,0.7447368330226651,0.0003358803010404333,0.0023503643081660875
347,0.0012895620690105334,0.09569327962661225,0.9013230254042148,0.0003745342448374646,0.0013195986553249447
348,0.0016345564036155758,0.10564713492274841,0.8910020264301837,0.00023697753503204035,0.0014793047084201197
349,0.0032207045955444835,0.12493090733284713,0.8684630526191252,0.0004525729959190565,0.002932762456564254
350,0.010861651613273175,0.336417468183839,0.6476069466903998,0.0010971698192129083,0.00401676369327513
351,0.0019238473977127542,0.1259142500895944,0.8694669431962326,0.00026359133371857424,0.002431367982741502
352,0.0015271223445802382,0.22012394521432802,0.7766982106420112,0.00021623599462818852,0.0014344858044525101
353,0.0007950321764147622,0.08975583617975166,0.908192595326423,0.00014501612924559576,0.0011115201881649079
354,0.0010484893336975198,0.08178058180288197,0.9160698837398787,0.00012681561644691376,0.0009742295070947423
355,0.0033115741654091524,0.07246882741211491,0.9173866654587212,0.0012313606345349072,0.00560157232921988
356,0.008902860526333574,0.2229604815737368,0.7631581070801794,0.0008448656825628323,0.0041336851371873255
357,0.003602282286326677,0.130397165831365,0.8619316613025374,0.0005562101467875747,0.003512680432983363
358,0.0017707162048531309,0.08532140142143467,0.9114318502175754,0.0002752066705804669,0.0012008254855563599
359,0.0037732215158533607,0.1664683422124498,0.8242439167293616,0.001549278303369398,0.003965241238965718
360,0.00099277361275281,0.058803570636670695,0.938703202323334,0.0005057879086098967,0.0009946655186325699
361,0.005072123538859644,0.21155697475183805,0.7726965008439831,0.0033212099506581432,0.007353190914661071
362,0.009838582581466311,0.20562351842910026,0.26136168803910176,0.0064819565581679785,0.5166942543921637
363,0.11497426996313594,0.1490094307325148,0.009488988159137976,0.026439616061818265,0.700087695083393
364,0.28355631734611975,0.1430697756397953,0.0014581344682685375,0.020004303339925672,0.5519114692058908
365,0.3478960471171381,0.49600158299856756,0.012580664860428137,0.029861361974789065,0.11366034304907706
366,0.10774801705276364,0.7712011250537453,0.0058601252895862455,0.05129195248362135,0.06389878012028335
367,0.22179208927588506,0.3716663192350634,0.006797507211094564,0.13216527664327457,0.26757880763468234
368,0.08124947804595237,0.4403024266915355,0.011001706597456586,0.1824366233691852,0.2850097652958704
369,0.04224717805124551,0.13332036536013245,0.006467594360579358,0.17353042613800015,0.6444344360900425
370,0.09539849359923307,0.07629794044327351,0.0009319813678687152,0.29226366675786863,0.535107917831756
371,0.04214874696852667,0.029591898140070235,0.001543641099471767,0.09164123513231487,0.8350744786596165
