epoch,N1,N2,N3,R,W
0,0.030324356164273664,0.003180142866488782,5.161038042604971e-06,0.0028559042498998914,0.963634435681295
1,0.12531445458133683,0.0054938633051136,1.4076228812593092e-05,0.011506079409703126,0.857671526475034
2,0.13737784523265206,0.0031315693519826807,8.329043039643455e-06,0.00947714311228964,0.850005113260036
3,0.06725984048912755,0.006579720868595248,8.561504568253901e-06,0.010443855416357851,0.9157080217213511
4,0.16181310193683132,0.004260849233160529,1.1766044027846002e-05,0.012541417647670484,0.8213728651383099
5,0.21339998056731477,0.006399905056726564,1.3334281826220799e-05,0.02222883654059965,0.7579579435535327
6,0.10982648841069931,0.006296364512426469,1.8806258980402555e-05,0.02576459476589269,0.8580937460520011
7,0.22068038909062335,0.004766699640966867,1.7553344277442698e-05,0.01753129528332759,0.7570040626408048
8,0.23932190159523473,0.007657253563431487,2.1095361147979764e-05,0.020007122532209463,0.7329926269479763
9,0.00934969809754731,0.0014894131574382569,5.229713656336574e-06,0.010144324221874168,0.979011334809484
10,0.056171765444815995,0.0015714143661277303,7.628722634078631e-06,0.009502739447638329,0.9327464520187839
11,0.05155079011087535,0.003980644762779201,9.910871204229262e-06,0.0037963319460803105,0.9406623223090608
12,0.0522185989725914,0.002540453872605632,6.246099411233182e-06,0.002839541445191033,0.9423951596102008
13,0.0014777762824914956,0.000570108502465332,1.3190218557470103e-05,0.00011626337240839225,0.9978226616240773
14,0.025962600741336102,0.0009248840377338601,2.2851557039443076e-06,0.0012088600695404172,0.9719013699956858
15,9.270423273273385e-05,1.6032223686736422e-05,2.4485531297253574e-06,3.051420873177875e-06,0.9998857635695777
16,0.0017558779092593907,0.00011896505896636013,1.6126196768732222e-06,2.2566965694737572e-05,0.9981009774464026
17,0.019138648285627318,0.00028423885542541884,1.4230661657597339e-06,8.979258240958022e-05,0.9804858972103718
18,0.02536160056051276,0.00021602249496804527,1.9562236718607833e-06,0.0001627026670746559,0.9742577180537726
19,0.08152737870348102,0.0022555257442473,4.659400986394364e-06,0.0006870681957410368,0.9155253679555443
20,0.02949918588152221,0.0011422170934161928,6.049593638824954e-06,0.0008077732503990925,0.9685447741810237
21,0.13623564804237784,0.001876135543662429,5.131123111786932e-06,0.0037432416772212075,0.8581398436136267
22,0.17442742761119182,0.002462302324463922,4.342546976232636e-06,0.004880098927912658,0.8182258285894554
23,0.4080985280473319,0.004618162631264805,5.544130629600203e-06,0.009015158329614822,0.5782626068611588
24,0.06407424123216286,0.0037499746486543504,1.1280552364650132e-05,0.01370476303263725,0.9184597405341809
25,0.08593782523932711,0.004620925284986112,9.518562920015676e-06,0.011401295626649257,0.8980304352861176
26,0.45336640086505364,0.00600295288233084,6.4260601631894675e-06,0.047123963841933736,0.4935002563505186
27,0.31509619180790277,0.003640012551991885,2.128727295836445e-06,0.041983502218209914,0.6392781646945996
28,0.3876664409571815,0.00556083489607869,1.4700087191382064e-05,0.07154441281385984,0.5352136112456886
29,0.6719189709246988,0.016760471802494237,8.313708981198279e-06,0.03791614396049111,0.2733960996033348
30,0.6598453831427619,0.07638829630979788,2.2193687378582472e-05,0.08413306831266665,0.17961105854739515
31,0.6177867637488489,0.03478473705657301,6.637659628908582e-05,0.09587472740227411,0.2514873951960148
32,0.2459429690150741,0.13917758643745246,0.00018005389335073126,0.16361367671576854,0.4510857139383543
33,0.22186157004348078,0.17211868242049724,0.00024273084118215597,0.21865511159707593,0.3871219050977639
34,0.2180678664745517,0.2051110911930907,0.019114301934633413,0.014133016408375833,0.5435737239893484
35,0.16638196886996967,0.2230412048889883,0.0011340602782867392,0.44580725521856135,0.16363551074419405
36,0.15343418178880464,0.20945662461679784,0.0017178828557567244,0.10599334277358777,0.5293979679650529
37,0.18339195783736364,0.36586693269202714,0.0028988334655222856,0.01326640028919644,0.4345758757158905
38,0.19127149788872966,0.6155739337906448,0.003458767961305662,0.050296334479905655,0.1393994658794143
39,0.17298256779804744,0.40883808680510586,0.00046995425309825055,0.3290153938884038,0.08869399725534467
40,0.10735779458058227,0.5121520581991726,0.0003993995695344114,0.10792673978589118,0.2721640078648196
41,0.19644656610476613,0.646189554564256,0.0014041102355131594,0.01700876867608758,0.13895100041937722
42,0.11016396903342963,0.8285679149775348,0.0010794410716077028,0.016797776472893676,0.043390898444534365
43,0.22835564744100084,0.6420548504561667,0.0007322913374122495,0.03457613805514475,0.09428107271027558
44,0.12882295690513557,0.6986538197568952,0.004121764306539065,0.0034140044626835165,0.16498745456874672
45,0.1511696043986388,0.7214578452529455,0.001663880970673887,0.009016482085575504,0.11669218729216622
46,0.04610138619083,0.8147083303203715,0.010863941179751807,0.0016569777236021843,0.12666936458544448
47,0.039458474135672765,0.8913124959819484,0.02784485779853744,0.0009710940146890424,0.0404130780691525
48,0.09872137803531367,0.841516033389168,0.004420587501093998,0.004067588026729817,0.05127441304769429
49,0.07466349450052603,0.8544430569609724,0.01086106786415819,0.0022265410901221817,0.05780583958422119
50,0.011558085930677166,0.6179115144700056,0.35212677253611235,0.0008146465230560696,0.01758898054014885
51,0.049764102934679554,0.7838457375027994,0.008090488011709416,0.002071651078513878,0.15622802047229783
52,0.10257274165536066,0.8755378560042179,0.004341313205415679,0.00408249109387263,0.013465598041133228
53,0.01143722281976551,0.6938285441359294,0.284864340676581,0.00046662449706177906,0.009403267870662289
54,0.0172009454235881,0.9062431563198339,0.06708355286666762,0.0003521513665421716,0.009120194023367952
55,0.01833401395936152,0.8231438124412928,0.14800983740745316,0.00033721475999277787,0.010175121431899983
56,0.01194559651423146,0.4483806532539411,0.5306479858847358,0.00023755071543651147,0.008788213631655014
57,0.008797137985500737,0.3749321231735137,0.6129879018822012,0.00015332206262711452,0.003129514896157215
58,0.015740516738486348,0.19613764738282266,0.7781959528223242,0.00020375143381897665,0.009722131622547776
59,0.004960606101196165,0.46937429653709506,0.5212474598829745,0.00022894940728671726,0.004188688071447543
60,0.009863418451607398,0.30505037051399364,0.680072422782732,0.0001682850278598599,0.004845503223807116
61,0.0037162765748246953,0.09580686931771966,0.8994084191080519,2.5380427202982212e-05,0.001043054572200684
62,0.0028909119109163423,0.1721407401313282,0.8226491270150584,4.418934107823935e-05,0.002275031601618697
63,0.0024743400657538353,0.10483389751703046,0.8892776859264095,5.121787026183244e-05,0.0033628586205441836
64,0.0010097300321098735,0.07912671111564575,0.9186731392699934,1.7869361544149804e-05,0.0011725502207068673
65,0.0009155438836752179,0.04316704210457207,0.9539648381602607,2.7287636924283756e-05,0.0019252882145677917
66,0.00056553264112427,0.05395907435575671,0.9442284451408517,2.345568819118777e-05,0.0012234921740761561
67,0.0005172260683053158,0.02974171238646307,0.9681283758380421,1.056914609325721e-05,0.0016021165610963228
68,0.0005312369902705821,0.04550741711718813,0.948731206639518,1.5300345661449156e-05,0.00521483890736201
69,0.00020028923963374908,0.017679472909322,0.9795825453906076,1.0349287877518583e-05,0.002527343172559062
70,0.00047332080212453276,0.029173159736870242,0.9673133380628125,1.879584811602128e-05,0.003021385550076912
71,0.0005500929963185729,0.026129952560728816,0.9703868669844377,1.4811951599184482e-05,0.002918275506915729
72,0.0010197823413340753,0.03444829844920771,0.9613128424947455,1.64458053470498e-05,0.0032026309093655856
73,0.0020425656506056385,0.10305280808646752,0.8879106051312091,7.564621099257796e-05,0.0069183749207251885
74,0.0001214136807055627,0.013392009219729347,0.9786612427071762,6.229484271914237e-06,0.007819104908116973
75,0.00014958811620903716,0.01409697726439639,0.9818257714655543,9.849528390922405e-06,0.003917813625449446
76,0.00015832027040266496,0.015156933701136955,0.9825696507530561,8.243465013489917e-06,0.0021068518103907123
77,0.00022159858687856732,0.014189416605675171,0.982702927085576,1.5293120466074478e-05,0.0028707646014042485
78,7.208388540354156e-05,0.004399052056596982,0.9906074937678928,4.181819812840323e-06,0.0049171884702937825
79,0.0005499437410479383,0.01944181679499147,0.9676809733839299,1.248784218799595e-05,0.012314778237842884
80,0.0001086211158080461,0.004281523444612838,0.9906100493992473,7.754513805887025e-06,0.004992051526526021
81,0.0001290191415009585,0.007437373760142022,0.9904139411108267,7.805545888226499e-06,0.002011860441642011
82,0.0001277783153456294,0.008398778164334349,0.9891817626378706,7.4850886917839505e-06,0.0022841957937576292
83,0.00022968051941163738,0.013987526096828316,0.9813392767399337,1.240047738666425e-05,0.004431116166439669
84,0.00010460652798256412,0.005042679677852407,0.9901843584474134,6.092958211830316e-06,0.004662262388539906
85,8.8294139038854e-05,0.00416975568879401,0.9932647788235711,7.745529293845147e-06,0.002469425819302251
86,0.0004233399213610599,0.011558208109789782,0.9855705128231659,2.0705427427284212e-05,0.0024272337182558567
87,8.859254125779878e-05,0.006463710349338101,0.9915200617446991,1.225570293540279e-05,0.0019153796617695522
88,0.00010789681013971184,0.0068720248101351205,0.9913220835570266,1.4057399978250473e-05,0.0016839374227202491
89,6.779846740539704e-05,0.006688291714650755,0.9920981447915622,9.688075472322395e-06,0.0011360769509092463
90,0.0001086906282771597,0.006299878111202972,0.9912629462297489,1.5767334980715147e-05,0.002312717695790257
91,0.00012132854407243141,0.010135618465086668,0.9862499660393592,2.3803862508750167e-05,0.003469283088973073
92,0.0011032842249269585,0.04868072945974281,0.9379018412403581,9.40922368232161e-05,0.012220052838148957
93,0.0050456982939345784,0.4328773673573172,0.5294662086999168,0.000689159493014504,0.031921566155816976
94,0.0017436470796308038,0.2607036382667606,0.7301901907511663,0.00015462327379806384,0.00720790062864427
95,0.0009635046243251547,0.0642267192297773,0.9308088664241171,4.7026535126682136e-05,0.00395388318665387
96,0.003954869638528681,0.09651493677773168,0.8929829064211187,0.00011539890745099814,0.006431888255169753
97,0.0005795526657264053,0.056847646953463705,0.9407921942449999,4.1088676174048045e-05,0.0017395174596358592
98,0.00014790925164024862,0.011788486770539116,0.9869463868373709,1.6464041228805885e-05,0.00110075309922098
99,0.0003346288604585367,0.03226281108190665,0.9654015559942587,4.382807469203708e-05,0.001957175988684115
100,0.0003868209889519631,0.039870348180107804,0.9580829517484429,3.221193176644754e-05,0.0016276671507308306
101,0.0002564552061660157,0.012965851104690463,0.9847572770983235,1.4836653129780699e-05,0.0020055799376902626
102,0.00026538678044627363,0.021856152609023485,0.9753962084845403,3.191475868930756e-05,0.0024503373673005987
103,0.00023363087368232088,0.009953465964625433,0.9884275326473728,1.144610625067909e-05,0.001373924408068851
104,0.00011654360183836946,0.006130679803260348,0.9919949537638446,7.503457765147131e-06,0.0017503193732915352
105,0.00020716751013029179,0.006217379073304901,0.9915390687418261,1.725553641675154e-05,0.002019129138322079
106,0.0006363313621794251,0.017460191734553675,0.9800411167011964,1.599585053648121e-05,0.0018463643515339156
107,8.504270345928116e-05,0.007649930548426864,0.991187907920036,6.213369368878183e-06,0.0010709054587091976
108,6.090059002097888e-05,0.005605592579737326,0.9935746103411587,7.536483988699527e-06,0.0007513600050943546
109,8.331335919919549e-05,0.0065800150362555505,0.9919097019278217,9.777655234229882e-06,0.0014171920214893039
110,9.09021704719881e-05,0.0046250689306826746,0.9941389850772616,1.2410394177997717e-05,0.0011326334274057114
111,0.00010554319021614358,0.0034802964536861845,0.9957578543839918,8.093546146949737e-06,0.0006482124259588751
112,3.752055907123096e-05,0.004696237392938918,0.9946940424821006,6.386534785562145e-06,0.0005658130311037583
113,5.124937243674412e-05,0.0030265721001012085,0.9960767943501737,7.271629818183502e-06,0.000838112547469954
114,6.210571109646142e-05,0.0038055090715614776,0.9950189140215087,9.621453893163148e-06,0.0011038497419403694
115,0.00014980870442875613,0.003998130934127301,0.9948775979603948,1.9903860296006358e-05,0.000954558540753094
116,6.145210790308848e-05,0.005752597415040822,0.9934642567692075,1.1246960007755979e-05,0.0007104467478410505
117,0.0001110199460516764,0.004777196509962185,0.9941972471420351,1.2561971543142471e-05,0.0009019744304081436
118,8.850487580555089e-05,0.0070288415581949565,0.9916192103418341,2.331779323354068e-05,0.001240125430932
119,7.922498021643158e-05,0.0055236442878493705,0.993787453964153,1.126730921213763e-05,0.0005984094585692539
120,0.0002459712940594276,0.0071229722979494646,0.9912271814032222,2.6986914572514694e-05,0.001376888090196423
121,0.0002745953921553429,0.012761677948712502,0.9857665276405387,5.128518574254573e-05,0.0011459138328507345
122,0.00048611172245423365,0.009914951913640987,0.9878267909988411,7.969642058741422e-05,0.001692448944476362
123,0.0012968948882417495,0.023738945178074566,0.9712144500470969,0.0002843114354611143,0.0034653984511254657
124,0.000300214852839947,0.02049549458357276,0.9749278088477671,0.00016567547412855624,0.004110806241691647
125,0.00047191715293245373,0.027493478046106582,0.9628206751242555,0.00016136546994652113,0.009052564206759027
126,0.006421936316284348,0.008450480519340858,0.00039146943915819026,0.0007302229488773398,0.9840058907763392
127,0.6246238923793688,0.08621091297559133,0.0005136183795370866,0.03172361684364872,0.25692795942185404
128,0.6501934388027041,0.1531177208051848,0.0017351833931612312,0.008000315575776443,0.18695334142317335
129,0.4959103425099518,0.43433939228925184,0.002561521117104769,0.004390607067200674,0.06279813701649083
130,0.13447653434704132,0.6497189598014991,0.011983572878850256,0.003245726971796994,0.2005752060008125
131,0.13601991956824655,0.8116641920583608,0.002500531136728722,0.01642120310022046,0.033394154136443394
132,0.06747934968486224,0.8909825913746959,0.023188451388325117,0.009013528572823656,0.009336078979293035
133,0.03986989272299863,0.7613519479351853,0.18447470119895823,0.003946132274960758,0.010357325867896894
134,0.033525898917683504,0.9555635790964283,0.004813044164288282,0.002817856400348127,0.0032796214212518554
135,0.019130826946560688,0.5692004465017403,0.4054054461572488,0.0016500517482908727,0.004613228646159248
136,0.02964251100478939,0.9357718895156046,0.027908423653824052,0.00327064531369355,0.0034065305120884173
137,0.012725994081028147,0.9683276566356983,0.01579616540437941,0.0013880304766154688,0.0017621534022787583
138,0.016498663251560776,0.8191035025755137,0.1581823284969003,0.0015049448905778097,0.004710560785447562
139,0.029981655510765225,0.8155701691092045,0.14861387812833782,0.001713521857088986,0.004120775394603584
140,0.011011204546893796,0.6534315620242429,0.3305803527056205,0.0014503386863923891,0.00352654203685056
141,0.018996618053274125,0.4336881194035622,0.5419899436223283,0.0018948522211160214,0.0034304666997193333
142,0.02910502343768315,0.8692910851561981,0.085413594099256,0.008943949468474354,0.0072463478383884864
143,0.013021107996605066,0.5838353520893571,0.3920907055587624,0.00754144575084165,0.0035113886044336406
144,0.03610024623320583,0.907220970735471,0.030777391244271163,0.017890174051278195,0.008011217735773788
145,0.058092893996469705,0.8956120242687948,0.012743516894104337,0.021419382935577894,0.012132181905053021
146,0.05749200055897781,0.8537443199280939,0.010667363564480194,0.06527350491675435,0.012822811031693703
147,0.23008481423214816,0.5050481643645648,0.02535005205876503,0.20782878775183294,0.03168818159268908
148,0.060360338008980136,0.26080718220182353,0.0006241628937392306,0.652634262062811,0.025574054832646066
149,0.026018517494584656,0.049014188065286235,5.520352150443333e-05,0.9124836177526852,0.01242847316593953
150,0.03340522290357379,0.0394002796798315,0.00026188645811651924,0.9201290200097603,0.006803590948717857
151,0.043632828550891296,0.03867701052930523,0.00014114175714945328,0.9084349436201588,0.009114075542495362
152,0.054943040816576236,0.012765581636687623,5.7339156373020944e-05,0.9146993258339272,0.01753471255643595
153,0.0376082411626355,0.03446897224289046,0.0002859374187205619,0.9166351279128094,0.011001721262944044
154,0.02783537494559788,0.00783752294908742,6.863866241106802e-05,0.9576324068530259,0.006626056589877594
155,0.033077603795987294,0.006952184301078541,4.844135491910671e-05,0.9524543648806358,0.007467405667379366
156,0.026544319461887487,0.007158163566327835,6.173579565715474e-05,0.960576272025614,0.005659509150513423
157,0.02348068870006904,0.012275674353563595,9.746537876712006e-05,0.957628661176135,0.006517510391465271
158,0.007974310377818254,0.003661545478000308,1.2613052441411581e-05,0.9850549571336027,0.003296573958137321
159,0.005761347128787439,0.004481304463919884,4.071580274188906e-05,0.9868453603814982,0.0028712722230526933
160,0.017620906900634004,0.008202745077174221,9.796937494986339e-05,0.9497230668467582,0.02435531180048353
161,0.059198362599545966,0.006958373659488415,8.9894422210248e-05,0.90635963466419,0.02739373465456527
162,0.024285756726848646,0.017200670405958775,0.00018751451578353454,0.9419775773960387,0.016348480955370406
163,0.04794182135739615,0.02296666910933038,0.0003477133183099209,0.9079002290479579,0.020843567167005687
164,0.011009847850534795,0.007830484180648006,6.653808514017894e-05,0.9686683591753288,0.012424770708348137
165,0.00947731212338131,0.005924212862256559,3.528298773716682e-05,0.9791206814631884,0.0054425105634365355
166,0.01237992572605564,0.004350975083362222,2.376287620928768e-05,0.9774165360130038,0.005828800301369199
167,0.009228905885187988,0.005194701171988613,3.286617891356908e-05,0.9817716431348612,0.0037718836290484025
168,0.01509608333175699,0.006876234449273385,2.0769694174194845e-05,0.9647881499963598,0.01321876252843581
169,0.02670161421792997,0.008364504201024811,3.357199505117281e-05,0.9556346849182669,0.009265624667727257
170,0.01692770760011084,0.0055657170424587375,1.1889104589349806e-05,0.9673971985104917,0.0100974877423493
171,0.09220912267860307,0.047073320202734234,0.000165693514999711,0.8282779641474152,0.0322738994562478
172,0.21894578723334213,0.05669076191371219,0.0002888699699745286,0.6735298407422496,0.050544740140721536
173,0.09366359364565624,0.030962271666459325,7.670665563593939e-05,0.8406107011569603,0.034686726875288086
174,0.06420238777104154,0.027125717642371445,0.00014027285807623402,0.807891174997543,0.10064044673096774
175,0.020825557656756245,0.01611080393087895,0.0007802872792724481,0.03280490727911724,0.9294784438539752
176,0.3823820502336783,0.038538892579825526,0.00013662893169392296,0.3154212497865853,0.263521178468217
177,0.632373192305116,0.02754574152995381,7.58267166705661e-05,0.2426153424012661,0.0973898970469935
178,0.8305775012198751,0.02214772413510834,6.111597819651997e-05,0.11002554815210264,0.0371881105147174
179,0.5398507396453007,0.10976048895378149,0.00014215184991064994,0.32555833008646473,0.02468828946454247
180,0.4360051771710494,0.12862340893209112,0.00013343504713616636,0.42398494533869646,0.011253033511027022
181,0.3074106282252106,0.2371282348841752,0.00029550576209073757,0.427418313979626,0.027747317148897527
182,0.25613367241822077,0.45938597720808283,0.0005202930804000253,0.27655656124891304,0.007403496044383365
183,0.11335399449658645,0.6758695328052531,0.0005514028724194497,0.2046893576570104,0.0055357121687305885
184,0.018836045523059654,0.9406995769109325,0.000402754684950363,0.03836541804314556,0.00169620483791199
185,0.012394010070101168,0.9537302418140932,0.0005635626288841922,0.032234502546907136,0.001077682940014261
186,0.0713618147379506,0.8343295461027654,0.0006577890512081933,0.09090364946773652,0.002747200640339283
187,0.022738527173105684,0.9441044752351448,0.0006595258873432273,0.030011563315850722,0.0024859083885556002
188,0.02447972721895135,0.9565830136331566,0.0016889686137649346,0.015330193868299407,0.0019180966658276211
189,0.059250405873083785,0.9196332191038179,0.0006818152062686734,0.018868525845658433,0.0015660339711711577
190,0.03078263482319512,0.9480310490356516,0.0005187618963156843,0.01881361147079157,0.0018539427740461014
191,0.04321057353894639,0.9431756760554362,0.0016192965495096796,0.009272734240311135,0.002721719615796592
192,0.033154760777799004,0.9399662196305921,0.001999434341277554,0.022706385351096516,0.0021731998992348127
193,0.01276762478567095,0.9768606818909771,0.004329439061501291,0.004930170619141424,0.0011120836427094423
194,0.007350742604922784,0.9813150150878794,0.006372855095868806,0.004011084058102364,0.000950303153226332
195,0.014175938841295675,0.9692300833877306,0.008325306428396488,0.006554850841617777,0.0017138205009593274
196,0.014239274652131333,0.982034782727179,0.0003285448071572231,0.0021633644433998434,0.001234033370132785
197,0.012411467978821018,0.980186459579234,0.004460144485721143,0.0020728046181210896,0.0008691233381025875
198,0.014738593690037665,0.9504197142655284,0.03165326081753755,0.0022017332261338894,0.0009866980007624715
199,0.012255510934673789,0.9751660144485124,0.009666740482736746,0.0016347524256512288,0.0012769817084257494
200,0.013851394102642911,0.9699507427997681,0.01308327761181056,0.0016450972812169483,0.0014694882045613736
201,0.013876221101131032,0.966241358070275,0.017194936934630513,0.0012979839427231944,0.0013894999512404688
202,0.011012879400460387,0.933818446935965,0.05158097386260136,0.00227917447023082,0.00130852533074242
203,0.004053790154399663,0.9754804066437225,0.019036773636159545,0.0003233591367069582,0.0011056704290114284
204,0.009465608198299402,0.8201675766800434,0.16671824880603486,0.0017816504894067303,0.001866915826215568
205,0.00899365356152678,0.9768405436857298,0.010963002448153883,0.0008400324307147939,0.0023627678738745374
206,0.00820622148984938,0.9697166143671168,0.01934468301377956,0.0008869121455004634,0.00184556898375391
207,0.020261675083977398,0.9372795936599971,0.03877118318820462,0.001455859066785345,0.0022316890010353678
208,0.022588756164829884,0.9107952897182414,0.06283940057183798,0.00099073231223586,0.0027858212328549232
209,0.009046001519407442,0.9616266511591028,0.026422312844886043,0.00091495103956011,0.0019900834370438626
210,0.022392143027731036,0.9095675931609425,0.06402994293052541,0.0017038857056549705,0.0023064351751459324
211,0.02163864539910323,0.8829046534314994,0.09116774871922241,0.0017249472728729455,0.0025640051773020466
212,0.011770815736845444,0.9150019601156376,0.07002712840154501,0.001410351973368698,0.00178974377260326
213,0.005198123561879423,0.6145840884091565,0.3775893256160581,0.0007400734708060006,0.0018883889420998755
214,0.004043374535571287,0.2595758884026157,0.7352023737095305,0.00019037977240871909,0.0009879835798740429
215,0.006128786485801699,0.8636522871777143,0.1267664319813422,0.0011608409381700774,0.002291653416971901
216,0.006219756701818329,0.55947060038309,0.4319420794811667,0.0007300494145643182,0.0016375140193606742
217,0.0026107352273130944,0.4136329568963094,0.5820082798687208,0.0003121263722102004,0.0014359016354464627
218,0.003740740327507306,0.786844748276785,0.20606242482414633,0.0007815129255025389,0.0025705736460589113
219,0.004990222071767795,0.4230117193780807,0.5705336660798126,0.000350539080118028,0.001113853390220956
220,0.002778082785537841,0.4233985487602322,0.5725784646333688,0.00019839570705551586,0.0010465081138056893
221,0.0027793232221854786,0.2081327709114564,0.7878651683962962,0.00017047098767608953,0.001052266482385919
222,0.009488034647160696,0.7115342105268235,0.2763246386577343,0.0003515535106688843,0.0023015626576127256
223,0.004768033492422473,0.1760483850512828,0.8168114005050521,0.00022359703562093802,0.002148583915621646
224,0.003605080252715148,0.20230189470456722,0.7926324064034568,0.00014112471192503456,0.0013194939273358198
225,0.0015724621480415189,0.13126023312213828,0.8656262375225852,0.0001840489995422778,0.00135701820769265
226,0.0006696906795011715,0.07024602650862324,0.9282481303078142,6.266263007423297e-05,0.0007734898739871851
227,0.004089471868996926,0.28479450454836597,0.707063430217168,0.00033524478938175387,0.003717348576087293
228,0.0030977813414702344,0.14598957872403076,0.8481789623640273,0.00013865596395294067,0.002595021606518788
229,0.0018343175718572554,0.07139303030141277,0.9253986942718712,0.0001428015845778131,0.0012311562702810933
230,0.0008894728674444639,0.09052390402059612,0.9070969362385962,0.00015960953734572592,0.0013300773360174277
231,0.00040288274726194625,0.04957705950788842,0.9490529325070638,0.00015995774868660115,0.0008071674890994592
232,0.0009165833661492817,0.04678540680104268,0.9509735514264396,0.00011252266939616342,0.0012119357369723184
233,0.0003096866002348185,0.0341698994303154,0.9646276191596791,0.00010038551467346901,0.0007924092950973955
234,0.00019106081331271435,0.036151973189540394,0.9630418806828557,0.00015699875070001706,0.00045808656359132803
235,0.0001928472489226924,0.02196501383392251,0.9772723595749019,4.624292502143758e-05,0.0005235364172315497
236,0.00033351023550759967,0.04465739765746103,0.9542008030584586,9.409069858087574e-05,0.0007141983499921898
237,0.000711844194816682,0.023076652322615555,0.9742747235658817,8.886995766459123e-05,0.001847909959021301
238,0.00013986700049531647,0.011073015632351335,0.9882265562495256,3.435337587850216e-05,0.0005262077417494256
239,5.390415193769862e-05,0.009894652741657451,0.9896495561154535,2.5976877368162134e-05,0.0003759101135832383
240,0.00035999396749448684,0.011192637276334792,0.9876861543140127,4.9011292779420474e-05,0.0007122031493785159
241,0.00013928902863466808,0.006093087714677545,0.9930810902549316,4.211557789560801e-05,0.0006444174238605495
242,0.0001260605943519281,0.009799555112865108,0.98955192403078,4.561549904686266e-05,0.00047684476295625897
243,4.830767583436141e-05,0.00594668987260089,0.9938261689799339,1.863960056391382e-05,0.00016019387106685384
244,7.425787624840586e-05,0.007079075112356203,0.9924630602871616,2.3959405368650108e-05,0.0003596473188649201
245,0.00012578635810005063,0.014549682831768633,0.9849297802464135,6.536381596301791e-05,0.0003293867477545385
246,4.1201139369899255e-05,0.010077194821700344,0.9896066502050468,2.6620315996132157e-05,0.00024833351788684777
247,0.00017292684647372827,0.008468218100814278,0.9907411344097639,4.853006572793165e-05,0.0005691905772202642
248,0.00010764557192737624,0.005253320497071644,0.99433692735814,2.897129736110448e-05,0.00027313527549992694
249,0.00047835369440303295,0.02521875205893052,0.9729164049638637,0.00020305011884194456,0.0011834391639610098
250,9.074858591100448e-05,0.003918329398185099,0.9954937662050657,3.254963346318408e-05,0.0004646061773750929
251,0.0003403860841167286,0.014027857367852472,0.9847449331079031,6.670070208028812e-05,0.0008201227380474589
252,0.00021948911949302608,0.0221574411649967,0.9768531535137089,7.807359765837527e-05,0.0006918426041429846
253,8.330527897381078e-05,0.012115506496436352,0.9873308924820764,3.898738845562213e-05,0.0004313083540579725
254,0.00013482114550004452,0.010324790386326861,0.9880732923954005,0.00019382237911869568,0.0012732736936537576
255,0.00010018213370172814,0.01842040039078241,0.9809730551949275,5.214279576890767e-05,0.00045421948481943824
256,0.00023029512137244903,0.020636902829232546,0.9785859192619495,6.554202176824888e-05,0.00048134076567738615
257,4.18239041967366e-05,0.014647958320378851,0.9849479670769294,5.455759381486834e-05,0.0003076931046802799
258,8.994054364060313e-05,0.011083776845947888,0.988489406279617,2.912578117496021e-05,0.00030775054961954305
259,0.00010031300387902544,0.011660437979053619,0.9878698382061037,4.5528971528756805e-05,0.0003238818394347632
260,4.294097282322205e-05,0.007341450422203323,0.9923732333180124,2.980819807044578e-05,0.0002125670888904986
261,5.81124571586125e-05,0.003889181866720403,0.9958485082723483,3.304817803002541e-05,0.00017114922574258868
262,8.565343889582431e-05,0.0052785270616081195,0.9942975927658945,4.27538895540271e-05,0.0002954728440476141
263,4.598559988581661e-05,0.008904107406245414,0.9907948653988732,3.101548103662101e-05,0.00022402611395924718
264,0.00012164762170895112,0.005944368697162587,0.9934680206477617,7.286565030022064e-05,0.0003930973830665676
265,4.4805662200812646e-05,0.0037459450794041895,0.9959025189851349,2.593465746787435e-05,0.00028079561579220246
266,5.3808462384981585e-05,0.0020961671644003374,0.997596551144331,1.6639071516162598e-05,0.00023683415736729425
267,0.00016299120186247495,0.004346997466378043,0.9948398459368393,5.571503596343968e-05,0.000594450358956717
268,5.4272543149498676e-05,0.0056336476896187105,0.9939730178616578,3.199945644212821e-05,0.0003070624491318232
269,3.700086497500263e-05,0.006501078048573734,0.9932084811031573,2.2856575615425776e-05,0.00023058340767848344
270,8.89008298753294e-05,0.006370843972733907,0.9931226038257905,3.810632117630419e-05,0.0003795450504238655
271,3.409725762896526e-05,0.003143365762168472,0.9966697764469842,2.136980234399876e-05,0.00013139073087454687
272,5.344529511722882e-05,0.0073790074233844715,0.9923184592100337,3.1849035310158144e-05,0.00021723903615444035
273,0.00012667621946934208,0.007012863956704462,0.9923074322296104,4.0472351031477576e-05,0.0005125552431842897
274,9.900313695491471e-05,0.008172712935512586,0.9914162701538638,3.029335507641372e-05,0.0002817204185921959
275,4.133537223506805e-05,0.00625732333685124,0.9934918891323116,2.3911952259360397e-05,0.00018554020634269945
276,0.0001181802099044418,0.008571029754672858,0.991010991751172,4.493856361517253e-05,0.00025485972063554697
277,5.3272121585325644e-05,0.009704255431653123,0.9899851002040497,3.0957502671545076e-05,0.00022641474004013
278,0.000208980082720755,0.02061935712207537,0.978603564777858,6.438433868507277e-05,0.0005037136786606266
279,0.00026782314111026213,0.012451409582953434,0.986735972847283,8.974492757318829e-05,0.00045504950108031533
280,0.00011277177777730215,0.00980256743428323,0.9896549691270758,4.2740884974027505e-05,0.0003869507758894608
281,0.0004488532437946406,0.026113718293255685,0.9718973998803776,0.0002789353816702193,0.0012610932009018032
282,0.0005068190619775024,0.04011805850148869,0.957687131532231,0.00017006611446818747,0.001517924789834634
283,0.001959785416424991,0.1508020640586824,0.8441070541222218,0.00034352585609579664,0.0027875705465750323
284,0.006348877403617923,0.1544963496828703,0.8354741051851534,0.0006421406710693886,0.0030385270572890356
285,0.09303207399478276,0.5188921137905891,0.30639830479052155,0.0066219725567145385,0.07505553486739204
286,0.06086297575185812,0.8334980584419768,0.08972379543274324,0.003386225965951321,0.012528944407470616
287,0.015090142143231266,0.8685570199403888,0.10904403743436286,0.003983028489554594,0.0033257719924623705
288,0.030296156773504713,0.43298189928715547,0.5310420453403174,0.002985506732417513,0.002694391866604727
289,0.02218406519574436,0.8678099504249175,0.09137648684718191,0.014090725283842845,0.004538772248313279
290,0.026984850692542223,0.8924949791566397,0.043297176735574455,0.029195153672891612,0.008027839742352046
291,0.08644274692273668,0.18231555110881942,0.0006144500831055715,0.7190145738269733,0.01161267805836501
292,0.026630484707203295,0.026538689947436897,8.289130727487958e-05,0.9439042680719335,0.0028436659661512623
293,0.04441047588155791,0.026242928314820158,0.00021328534173589863,0.9260017392429715,0.0031315712189145884
294,0.06813331309303576,0.03061778162520098,0.00011015655926027758,0.8980484918036921,0.0030902569188109605
295,0.021018404828450726,0.008879928100697163,1.6532967146877846e-05,0.9685736828310292,0.001511451272676159
296,0.012549267146432928,0.011194465316385797,0.00017390691931377637,0.9742530080505656,0.0018293525673020003
297,0.004849255340046387,0.007765109013802031,7.320064938809125e-05,0.9859686437596629,0.0013437912371004645
298,0.01282828445235245,0.004614128252426949,2.9497435682529156e-05,0.9807314728321236,0.001796617027414489
299,0.007985679952357059,0.00883972632406509,9.054405154310714e-05,0.9815184474452519,0.0015656022267828628
300,0.0084769606218627,0.0072850262502706315,5.7695808630773055e-05,0.9830073000472692,0.0011730172719668
301,0.02498839912339463,0.014047903967528917,0.00010278232277647233,0.9560775707336143,0.004783343852685741
302,0.006209674927325422,0.010678410146130827,7.467410074481189e-05,0.9800568128852206,0.0029804279405783534
303,0.007014889765184991,0.0044478719829170645,5.6188842001322464e-05,0.9860039325551389,0.0024771168547577617
304,0.0062679058084924265,0.003263510602599717,3.2410399798938594e-05,0.9889039808363334,0.0015321923527754889
305,0.032659230904965385,0.003018081847602126,3.3421867428909514e-05,0.9544164972240842,0.009872768155919436
306,0.05442662411525264,0.00466192766952104,2.7675438138115014e-05,0.9362833881582396,0.00460038461884845
307,0.0887363844976799,0.008234556798145488,3.073489732868843e-05,0.897814343232744,0.005183980574101908
308,0.03821447480053645,0.0031366039236174204,1.2655757313640982e-05,0.9555707827762323,0.003065482742300151
309,0.026412185436397038,0.0064941011559700645,3.722090430402039e-05,0.9653077433540608,0.0017487491492682735
310,0.007735743229339855,0.005139747782520785,3.9439135675771134e-05,0.985569831933696,0.0015152379187677596
311,0.008441565038352717,0.004726873976066729,2.3546576950588207e-05,0.9837605168786163,0.0030474975300137236
312,0.0024513457382519216,0.004013779637883264,0.0003756921031875811,0.9915143598878638,0.0016448226328132814
313,0.006473373142917673,0.002969293552061487,0.00016888757929313288,0.9879971448466175,0.0023913008791103777
314,0.006632161000437406,0.0062107476093837145,0.0003861603056027509,0.9840760533711945,0.0026948777133815657
315,0.012228079879357335,0.012268679665894967,0.0009555121234009755,0.970868934678528,0.0036787936528186395
316,0.006058411365254731,0.0025476146467270787,0.00010226502619502544,0.9897520513429284,0.0015396576188948117
317,0.011409172266347821,0.010420133794080013,9.506774816461845e-05,0.9749691899751538,0.003106436216253747
318,0.02338232553669516,0.01048900189828986,9.219285192133094e-05,0.9606879361277444,0.005348543585349271
319,0.03316325168119789,0.006921478210512092,9.685047906713582e-05,0.9537386288108892,0.006079790818333573
320,0.014950299137272522,0.00362372158547049,1.8192076024376418e-05,0.9798914528760735,0.001516334325158995
321,0.05718732636712211,0.005095464400277127,1.6581292871256112e-05,0.9350390001823348,0.0026616277573948723
322,0.05203697238094829,0.04012861195344465,8.263927343698674e-05,0.9015623453181942,0.006189431073975945
323,0.18137922453517222,0.03354333450147747,3.197368261498715e-05,0.7785612537914074,0.006484213489327951
324,0.25685879777467047,0.07769567552956512,7.2957168829617e-05,0.6587218959375895,0.006650673589345337
325,0.14468228309199546,0.1970278111667275,0.00022101882459815198,0.6522500116085741,0.0058188753081048405
326,0.12660838724204063,0.6735818704721509,0.00036126271760430703,0.191925993979256,0.007522485588948183
327,0.0761917285866847,0.6994402669066414,0.0005478674498832663,0.21776462675092317,0.006055510305867336
328,0.019837760008031592,0.9060335839317648,0.00039581279834845933,0.07036244541123861,0.003370397850616463
329,0.10417447236315146,0.712645078320384,0.0003953505703281558,0.17860972436409614,0.004175374382040261
330,0.03080571418363111,0.9348299849305158,0.0005491010239079586,0.03186920457358611,0.0019459952883590435
331,0.017789917178745226,0.9695679206305424,0.0004202056700527017,0.01136191589568277,0.000860040624976819
332,0.034653639473040086,0.9308490885276284,0.0014469828448960389,0.03054339764123191,0.00250689151320357
333,0.03785396078612617,0.9426791142762724,0.0003035461323648701,0.01780892366773924,0.0013544551374973424
334,0.008432563604182534,0.9866924934663265,0.0019828440872459224,0.002160111857885913,0.0007319869843591144
335,0.007263391704122138,0.9892849446994978,0.0003245909995328517,0.0024999046964293194,0.0006271679004179614
336,0.01813800265525094,0.9729829566726673,0.0013311659412072693,0.006355384310765051,0.0011924904201094865
337,0.005136642913067689,0.9914279938014977,0.0004234063411330446,0.0024992203248889932,0.0005127366194125796
338,0.008728435538503712,0.9865349040164532,0.002107249542444764,0.0015269378256688726,0.001102473076929522
339,0.029833679046183944,0.9604263993681409,0.0009116038865725818,0.00757199377763021,0.0012563239214721732
340,0.020019671045545407,0.9689048373775548,0.004222503176913298,0.004664484566778303,0.002188503833208164
341,0.012150242234087588,0.9814656835235709,0.002709820114931593,0.0027865300650326314,0.0008877240623773305
342,0.027747298524032335,0.847882663546881,0.1179542313314528,0.003370557107222657,0.003045249490411148
343,0.018294422140350847,0.97111987849053,0.005770053765816021,0.002578478154982106,0.0022371674483207394
344,0.03918505068098996,0.9545628846870868,0.0016239528044244723,0.0032641894696160763,0.0013639223578826457
345,0.01393899890067482,0.9813925064417756,0.002125944651799698,0.00120835281175553,0.0013341971939944107
346,0.010773694709913994,0.9838321219497159,0.0028241902822959573,0.0015404274538244117,0.001029565604249834
347,0.014831517003659029,0.9793677538941026,0.002366482692586583,0.0024960965392447055,0.0009381498704070767
348,0.003769827767661347,0.9894759892158477,0.00511474967937465,0.0010755001633578156,0.0005639331737583651
349,0.006940357873738368,0.9759588092304202,0.0151510266300844,0.0014263632216705746,0.0005234430440865465
350,0.010857878862789503,0.9804006075129346,0.005220174298816368,0.002385983303149054,0.001135356022310529
351,0.01061670956192133,0.9804736450784949,0.0062015274440488325,0.0013960648464895373,0.0013120530690453886
352,0.012757862849807535,0.9841591987412089,0.0015194952536256479,0.0009950627585944942,0.0005683803967633615
353,0.010066143807238529,0.9818825494357202,0.005709320604830816,0.0012051099585162067,0.001136876193694503
354,0.0026144212153954125,0.9842714929323053,0.012138331167768971,0.00045148377536593403,0.000524270909164363
355,0.008663796247887875,0.9555513911921489,0.03280827758004919,0.0017181139768417395,0.0012584210030725136
356,0.011163067181673597,0.9707991659651504,0.015395619442887164,0.0009748327381693946,0.0016673146721196618
357,0.022239092094914772,0.9712920783941201,0.00397126248349604,0.0015860287555686417,0.0009115382719004315
358,0.013818620030655412,0.9824982584294896,0.001495956987169307,0.0014452806425106193,0.0007418839101750801
359,0.005700818896116652,0.9252156100046186,0.06724010867481887,0.0010049632442333891,0.0008384991802124461
360,0.005767512148799102,0.9689626167268999,0.02266635249640221,0.0015438355590487907,0.0010596830688500791
361,0.0070651281443469575,0.9800927072431665,0.01061533862939177,0.0008087703837920911,0.0014180555993025536
362,0.025549278724168564,0.9559294448118731,0.01402687870439327,0.002723393646768783,0.001771004112796468
363,0.006618373126456509,0.857711870441046,0.1331089329103272,0.000961992543646305,0.0015988309785238935
364,0.014615267130144306,0.9698017937511196,0.012272226248677331,0.0016067854092566298,0.0017039274608018737
365,0.012519693294827695,0.941274699202763,0.04155038850139196,0.0028954916327087756,0.0017597273683087153
366,0.009597379622733312,0.886229605147679,0.10047105210066541,0.002254061013625402,0.0014479021152969539
367,0.0072476792632002835,0.9878073788649818,0.0027195689778932094,0.001288159966246408,0.0009372129276783724
368,0.004121114781601275,0.9006305513557842,0.09183291817566801,0.0018887950977360287,0.0015266205892107002
369,0.00803798360856436,0.9661405936302657,0.022575964849732462,0.0012839191269727302,0.0019615387844644987
370,0.009089750234163379,0.9576796501035377,0.029392169371520574,0.0022324582629705656,0.0016059720278078847
