epoch,N1,N2,N3,R,W
0,0.0010276339637073698,0.0004861344402874024,1.629593639988803e-05,3.1559430951839366e-05,0.9984383762286536
1,0.008887743091662757,0.0006311679260560218,7.27378600745121e-06,0.00017460176266519047,0.9902992134336085
2,0.013063555731996955,0.0011399415717378862,5.333908971220214e-06,0.00011856762763503848,0.9856726011596588
3,0.005973696283652916,0.002771151137889245,0.00010591605421736609,0.00010581376649940327,0.9910434227577412
4,0.05567991476881598,0.00682647379769711,3.556667329569027e-05,0.0004768641676025186,0.9369811805925887
5,0.00015562859063371722,8.571148871660591e-05,0.00015223818718531956,4.653929418444579e-08,0.9996063751941701
6,0.0005394572610241943,0.00025613578486454087,0.00021432029257268645,3.7868903143992315e-05,0.9989522177583946
7,0.0011959253911436203,0.00025176139935742926,3.3983944657076124e-05,4.6476121632762144e-05,0.9984718531432092
8,0.0060188709422062635,0.001305822222209088,2.2413176460649627e-05,0.0001809528702663874,0.9924719407888576
9,0.0044558288530342485,0.001243380019915199,0.0001783947722630074,0.0006358835224295489,0.993486512832358
10,0.04024559669664964,0.010402849201091273,0.0002693783473195689,0.0016977994977540375,0.9473843762571854
11,0.16237509035303593,0.06572919523491431,0.0015550454205869408,0.0005242020914327153,0.7698164669000302
12,0.18782063287689174,0.3036307328672042,0.023337910852746307,0.0005096447262772182,0.48470107867688067
13,0.002672848719567909,0.0017136708419029719,0.0004133352045026468,2.8696102739206053e-05,0.9951714491312872
14,0.05794102784906401,0.01800423416839131,0.0014701354683521427,0.0006123702129862057,0.9219722323012063
15,0.019598413746049946,0.02427761216249915,0.011701982236412774,0.0005146334705453627,0.9439073583844928
16,0.28511833769530753,0.11700555428640415,0.0015466581733789427,0.00106560602870085,0.5952638438162084
17,0.19327676931838564,0.2480640655407214,0.004836719994647814,0.0010554002104864613,0.5527670449357587
18,0.10648121216691957,0.6664950480488958,0.03428167179971737,0.0004940127836015159,0.19224805520086571
19,0.003130471714772407,0.005655982568512079,0.001313324345999927,0.00020417081701468013,0.9896960505537008
20,0.012241965002656901,0.008912826999639438,0.003545856531062848,0.000443352565300539,0.9748559989013402
21,0.07917916049236891,0.012297101693125706,0.0030318440883367495,0.00020769827310626092,0.9052841954530623
22,0.010165290065844108,0.009709704105762681,0.0262400821207254,0.000934801937888919,0.952950121769779
23,0.1527492765559222,0.06577509750909379,0.013795072740456321,0.0014786781312050707,0.7662018750633226
24,0.12047081774249854,0.03480848387366054,0.0007766457159555033,0.0033292519880956787,0.8406148006797897
25,0.05749484680988084,0.013987892155295098,0.0016226768759699899,0.0032083335922277367,0.9236862505666265
26,0.061770443305215854,0.04468478808167288,0.0016560200291042713,0.0067203205578209215,0.885168428026186
27,0.166290334560239,0.24855232154447102,0.001254418358454201,0.01226296935068377,0.5716399561861519
28,0.09122167369947014,0.44427869541577925,0.005665170491398501,0.005948003561504795,0.45288645683184736
29,0.2464353407353073,0.2623626424187898,0.000450155094347852,0.011836856322152513,0.4789150054294026
30,0.1575915563111402,0.7620012053322021,0.0015741300242516612,0.003252888529414543,0.07558021980299155
31,0.1672891697008947,0.6506478006865566,0.001420848134479245,0.00763980716443236,0.17300237431363713
32,0.24273751283438827,0.06545710543072737,0.0001840814652774381,0.02669688696670221,0.6649244133029049
33,0.022615256936185293,0.015535661031333697,0.0023856976861155537,0.001140489690608444,0.958322894655757
34,0.21358159493744228,0.24429264422486605,0.0004595224220756159,0.025335258148384512,0.5163309802672317
35,0.05225197772573751,0.22020788527814802,0.004913019767592031,0.0008205501899373785,0.721806567038585
36,0.10974104446107802,0.03213031253685938,0.00032427696115953117,0.003075971124484321,0.8547283949164187
37,0.2661625106203927,0.05499644598083828,0.0013110917903433326,0.0022609474834847667,0.675269004124941
38,0.19630961144535483,0.026633594722202218,0.00010524908313068545,0.01147988400272893,0.7654716607465832
39,0.25795186513440294,0.2858920527927918,0.001520277718810825,0.00571040130215653,0.4489254030518379
40,0.009253085423364412,0.024333811287440582,0.0017152768604328066,0.00044798825900849257,0.9642498381697537
41,0.00284697830486069,0.005451766369365315,0.0005039239401848429,0.00019412416967809853,0.9910032072159111
42,0.08979301007026379,0.03164925039881149,0.00015125933089623383,0.005098165444027949,0.8733083147560005
43,0.6565285913577438,0.05500672836232998,0.00021646099168139737,0.007935205585800839,0.2803130137024441
44,0.5791468440701951,0.04684724657186567,0.00023794099430027015,0.0041011107767334656,0.3696668575869054
45,0.16800872342996723,0.33239462409872267,0.004713591391926799,0.003660929717178224,0.4912221313622051
46,0.26633380187608685,0.2217097370183644,0.000333396947514905,0.005828401806510985,0.5057946623515229
47,0.0708000456373016,0.7854834336425275,0.01191852556740898,0.0006284703994518183,0.13116952475331012
48,0.08289481212757333,0.7111069334616839,0.019045895066320595,0.0011669485331362397,0.18578541081128583
49,0.017156381593735923,0.013467175552379767,0.0013190521038818276,0.001442869902222,0.9666145208477804
50,0.4305740289040793,0.12703224637306298,0.002631062085661201,0.012994169113967783,0.42676849352322876
51,0.4477667068966873,0.4190955518198334,0.0021391265567272237,0.005237055579962765,0.12576155914678944
52,0.788619664210316,0.14411889479722173,0.00043600106153906984,0.001924916354983518,0.06490052357593967
53,0.17737449618847292,0.7416889861668556,0.004418811049447371,0.0010120179281946314,0.07550568866702967
54,0.3620465522484488,0.5491352201550119,0.0008191471706145298,0.005548499112123317,0.0824505813138013
55,0.05316689823946334,0.9312143901678935,0.005658798113673753,0.0012089764165996479,0.008750937062369724
56,0.020888373699947584,0.965549877525957,0.0007493333570537487,0.0030518764500221955,0.00976053896701954
57,0.05666366902177926,0.9247479293194896,0.005729163061495744,0.001947357510794728,0.01091188108644073
58,0.07366263931008718,0.2406902100979548,0.031210198120120488,0.0009514870465723565,0.6534854654252652
59,0.14557617652733712,0.6470879726572065,0.025958960047761385,0.0006508203891193072,0.1807260703785757
60,0.02623589667506114,0.5573923158659224,0.11524920378479382,0.0005898058861802978,0.3005327777880424
61,0.0009949891735037467,0.0014608305625020497,0.00505826095830559,1.0776944257363741e-05,0.9924751423614313
62,0.011694223719265448,0.011153115040596987,0.0028770417454309903,0.00015257557845143165,0.9741230439162551
63,0.008637598171457752,0.0020442328367853376,0.0007703048070948797,0.00010774448374430258,0.9884401197009176
64,0.05715514038999264,0.03291995924706672,0.003799006371928869,0.0005251790808058751,0.9056007149102059
65,0.1341684033529436,0.06216515450766501,0.0007157669308348305,0.004219131994132861,0.7987315432144237
66,0.07514282318793339,0.03227144958946768,0.0015037408311569685,0.0024178338850945193,0.8886641525063474
67,0.643416182469305,0.13766638911339207,0.001963854855382159,0.007711347139791149,0.2092422264221296
68,0.10038562616021972,0.6328974009653469,0.018440312637706235,0.0013307718418506568,0.24694588839487672
69,0.17577880845069702,0.47480996577179624,0.0027849154256349997,0.0034573641456044856,0.34316894620626726
70,0.05752678760349554,0.898685222683024,0.0015811509251565151,0.00913521404162212,0.03307162474670176
71,0.03500272720072741,0.9399132198947036,0.006997692453479791,0.0029601216811257587,0.015126238769963572
72,0.08760121753469496,0.4103341943891619,0.014990698239856224,0.00217173384127301,0.48490215599501385
73,0.179756457569363,0.5227309830687501,0.0015422560276142606,0.013126688877588263,0.2828436144566843
74,0.14995005058767594,0.7032525735081643,0.003440611055664002,0.0032878966806686224,0.14006886816782724
75,0.1409790431937139,0.6722514537077771,0.004159351886963323,0.0058344777445221915,0.1767756734670236
76,0.03824699570077453,0.6482038407344061,0.013465353124181829,0.002238282853159818,0.2978455275874778
77,0.023894483998478665,0.035127398142311056,0.005935008570286707,0.0037497052957706557,0.9312934039931531
78,0.37525358230029515,0.11487023590157885,0.000268511029283092,0.015932010224667895,0.49367566054417505
79,0.6214101376862142,0.19488062114280366,0.0010534135310103605,0.012697098827137782,0.16995872881283397
80,0.5656842939198881,0.19648734249070599,0.0007590502552904964,0.003166566696212982,0.23390274663790242
81,0.3777820347431523,0.4470149725873073,0.0035722908590785345,0.002867027690658558,0.16876367411980317
82,0.35495876683378075,0.5891761031569475,0.0008037110026654519,0.011070315856338404,0.04399110315026779
83,0.3007619401884684,0.665968759040221,0.0003941181234065795,0.00832530818603086,0.024549874461873317
84,0.02867268577243412,0.9328880238905646,0.0342449775677567,0.0010943363968313289,0.0030999763724133176
85,0.05451148050655302,0.9256964933075735,0.012050155462135568,0.0031649812573859852,0.004576889466351713
86,0.007587797879981501,0.8565628026338526,0.13232018608378024,0.00047918345504268533,0.0030500299473429074
87,0.006664323144601758,0.7890345016505375,0.20036315679729969,0.001267386431294183,0.002670631976266867
88,0.0036913081587288056,0.49195469246227824,0.5021237847714474,0.0004448202760762385,0.0017853943314694158
89,0.0033051590833327116,0.46926897464708545,0.5251913296805736,0.0004583391501977878,0.0017761974388104589
90,0.0094868281054021,0.833047717015684,0.15269189135719335,0.0008560237141335836,0.003917539807586958
91,0.004399129776427606,0.27479281150757956,0.7195094322595171,0.00022987820198116049,0.001068748254494496
92,0.007398890233185373,0.16460051862693487,0.8258411125762326,0.00010395566514216516,0.0020555228985050275
93,0.004499095775752497,0.6036074549144269,0.38956771382455985,9.21277617564531e-05,0.002233607723504403
94,0.011143641757104545,0.773177979842915,0.21240953425531203,0.00020225623496134703,0.0030665879097071004
95,0.0070674545791880395,0.5432587235118032,0.44650943935449383,8.139643943143317e-05,0.0030829861150836646
96,0.03392253076418297,0.20802138577179147,0.7196647838102662,0.00028007299228180937,0.0381112266614775
97,0.054829049028675164,0.03896144783844146,0.33111957368066275,0.00045333584780052913,0.5746365936044201
98,0.08472101845091048,0.48954144513572234,0.34251015317420797,0.0005142103806943034,0.08271317285846486
99,0.18334274551757992,0.6470050132905422,0.07750882047092561,0.0006420357453046146,0.09150138497564787
100,0.11308287014707678,0.6440534185455411,0.14950726331918318,0.001333349690591275,0.09202309829760764
101,0.017572896922461806,0.4038266884144745,0.561135338706802,0.0005617483505797688,0.016903327605681903
102,0.060190970017930966,0.7742411333614944,0.10756785562383452,0.001183598571358965,0.056816442425381336
103,0.16266720211658914,0.4586685990591659,0.3137071482491802,0.0011439276591136546,0.06381312291595077
104,0.08924305396378414,0.5118303835856973,0.3739352958133634,0.0010089606412257003,0.02398230599592949
105,0.11387540690184726,0.6743324973500097,0.20320539542203836,0.001406602183340226,0.007180098142764491
106,0.0628166414027069,0.4569264924397619,0.46446225038456446,0.0013401911912028876,0.014454424581763907
107,0.03635318271036812,0.6349496204370685,0.3216712944663922,0.0013523002160529484,0.005673602170118235
108,0.04702120190624367,0.5095394838382387,0.428476517130716,0.0046133128571928805,0.010349484267608799
109,0.02964022774445343,0.5335887660061847,0.42192148264582247,0.0028721771908219074,0.01197734641271757
110,0.01752866197058738,0.43060437751587094,0.5390426731901312,0.002406541499799532,0.010417745823610908
111,0.017904080276319716,0.707147195487655,0.2615748850294801,0.00796500730809981,0.005408831898445312
112,0.03631607091771871,0.7964610375465565,0.1463951224115503,0.009465942792680605,0.011361826331493859
113,0.013456687222144728,0.8484121676821005,0.12280093240842715,0.012247202645034493,0.0030830100422931297
114,0.02292746724305146,0.7109326699578157,0.24267793810712235,0.01882177519232423,0.004640149499686263
115,0.06344999130756086,0.8664192880140986,0.025863803712951525,0.03587104853319392,0.00839586843219524
116,0.034586946301764225,0.9208445496016532,0.030037878822210786,0.004477942840482939,0.010052682433888955
117,0.02856361004376816,0.8787342363939507,0.08583488935804451,0.001555058282485505,0.00531220592175107
118,0.09584644215548416,0.8452420534639797,0.05191099736158117,0.003089210118527625,0.003911296900427307
119,0.03066773220285861,0.6651549772041286,0.2985576161083045,0.0023413009054532355,0.0032783735792549394
120,0.010320294453875733,0.8199280569446121,0.1631094697787408,0.004280903578516032,0.0023612752442553507
121,0.05332643611633264,0.6810510903902439,0.25468176887421046,0.00588228346608351,0.005058421153129448
122,0.007452582039076553,0.24673202965629223,0.7386887771057683,0.004743578020465831,0.0023830331783972025
123,0.034453870357552235,0.7759522499777207,0.13488412812574035,0.03200483730902744,0.022704914229959485
124,0.02976287052069098,0.8255170516013768,0.02786682306707211,0.11271626102620946,0.004136993784650614
125,0.02457495249385136,0.18932590600856883,0.03883434806729613,0.02227225694558346,0.7249925364847003
126,0.22021903557391342,0.5809277738918471,0.0019289010207290843,0.15524544879473293,0.041678840718777616
127,0.20736565213643554,0.7123068243864205,0.0034769265430502024,0.05215711509301025,0.024693481841083484
128,0.363400559893213,0.4982956393949234,0.0005763154851862285,0.10977502130977784,0.027952463916899428
129,0.16567087295509922,0.773344494628858,0.006751379468874445,0.02691650308600091,0.0273167498611673
130,0.1264684547934679,0.6970592285482649,0.0011415408816236748,0.09653107084150296,0.07879970493514041
131,0.0927978836529055,0.7935883180074109,0.00565417533497483,0.08941655286565488,0.018543070139053708
132,0.15583472684827598,0.579891654455638,0.0012504535036100375,0.10828049256741101,0.15474267262506491
133,0.044978094726491585,0.9382791168951752,0.004533748473278359,0.008603460507514489,0.0036055793975402406
134,0.06240598117160252,0.8983292163097274,0.02271377354287534,0.012968573180840265,0.0035824557949545896
135,0.06689249646856768,0.8960507513749436,0.011921954388745038,0.009891150771608178,0.015243646996135417
136,0.02928264840049869,0.9247166873238137,0.019315961521715875,0.008153995295860451,0.018530707458111226
137,0.02853411891942188,0.9334773249674988,0.018280891399651732,0.007556510625359841,0.012151154088067792
138,0.07729306183454998,0.881326472685778,0.017212964179740022,0.0047993485262290215,0.01936815277370284
139,0.025759363925221997,0.8920176917313702,0.07493417824826436,0.0009029812370027864,0.006385784858140667
140,0.03900779961092251,0.9023192020158745,0.04783090251831024,0.0019839391537595425,0.008858156701133357
141,0.008071458667245469,0.9291373872626949,0.06056864385581573,0.00037621543397466946,0.0018462947802693635
142,0.010003433575563617,0.8115886333628032,0.17491066588777548,0.0009520131293311284,0.002545254044526502
143,0.0034104669356875344,0.5136737397826295,0.4808128584631563,0.0003526652226177463,0.0017502695959087807
144,0.0034557987274725036,0.6970496007964728,0.29694307935974035,0.00034082481815876533,0.0022106962981554884
145,0.006453840629303183,0.451114589274276,0.5396951860384592,0.00024850083473114805,0.002487883223230395
146,0.014651409507481684,0.3196535691324508,0.6636040960237897,9.774725295206757e-05,0.001993178083325842
147,0.009473118529425631,0.4440328899975965,0.5431222077184489,9.374660298155353e-05,0.0032780371515475004
148,0.031878450083379306,0.5982301636225217,0.36422287133524134,0.00019088677001106075,0.005477628188846506
149,0.004775945450894143,0.21669166500825596,0.7767118946581476,4.971304269212684e-05,0.0017707818400102516
150,0.011079604588170701,0.2647757689458171,0.7199562879440458,0.00017455318310384356,0.004013785338862534
151,0.10866157628413138,0.2860660659794736,0.5996915398035726,0.0001580509822411575,0.005422766950581359
152,0.009201562346715497,0.16143276490564487,0.8267955983777285,4.3503988686300005e-05,0.002526570381224779
153,0.01453783659847372,0.34173441314786007,0.6387986470737916,0.00015230129391205965,0.004776801885962491
154,0.00635706342813154,0.11329241891465977,0.8792635799999432,1.675819289258102e-05,0.0010701794643728948
155,0.005134295148960799,0.08596026714998928,0.9070645874935186,2.3819270707532054e-05,0.0018170309368236311
156,0.012689302383808849,0.10971721241157943,0.8745999860073403,2.8019554398820092e-05,0.002965479642872609
157,0.00632161849736101,0.13961283353552073,0.8509917534590898,4.789330497338728e-05,0.003025901203055055
158,0.0010599008575093757,0.055116237668115985,0.9430654568781773,1.111874837149642e-05,0.0007472858478258296
159,0.03876751882541166,0.2596626758434124,0.6920243099774085,0.00017176125015200614,0.00937373410361534
160,0.010547844425946713,0.13485507550564854,0.8495504513491099,6.391046543727744e-05,0.00498271825385774
161,0.0014437068779596177,0.08686541498495381,0.9101463829336803,2.384216757035649e-05,0.0015206530358357645
162,0.002125794293687806,0.15808275508334896,0.8381578507275014,4.373227024604817e-05,0.0015898676252159413
163,0.018452870161477494,0.250244185766448,0.7255291347185016,8.294780943924152e-05,0.005690861544133769
164,0.0010543062069848026,0.04377290870878585,0.9544372766693459,1.5151150626657642e-05,0.0007203572642566576
165,0.003985109452805589,0.40010508390448657,0.5932901765611872,8.085703341751787e-05,0.002538773048103139
166,0.005831706529316251,0.10666220551649908,0.879419879635284,6.199229808408243e-05,0.00802421602081646
167,0.006071213802161574,0.12913909622679584,0.8606964908335651,5.735480214693314e-05,0.004035844335330675
168,0.06176041297067507,0.46687705143445846,0.4614928275153416,0.0004832647250856239,0.00938644335443932
169,0.006140741413850048,0.627473015410105,0.3621530127761949,0.0004961650708833956,0.0037370653289666806
170,0.0022680391236756204,0.40188787574706913,0.5937781239529821,0.0008179477163789627,0.001248013459894015
171,0.014384666088934817,0.8366657864003009,0.1314501881916784,0.00782210264595029,0.009677256673135582
172,0.02771523633592824,0.8886756006625124,0.07023812040449473,0.009156334081761804,0.0042147085153031215
173,0.02362884963266536,0.8978310175639467,0.05131219825828356,0.019042710748902326,0.008185223796202106
174,0.0828332183032172,0.7834111626244323,0.006036232380448301,0.12003618185834554,0.007683204833556689
175,0.05926299399295188,0.6441236255525463,0.008979003235329984,0.2756024996553992,0.012031877563772624
176,0.1443402406724776,0.37191491146245287,0.03583715191109859,0.33871469019458317,0.10919300575938784
177,0.05249365120741025,0.10756749613040766,0.009527303451255431,0.8162673040117773,0.014144245199149476
178,0.014417488328612943,0.09134915857531989,0.0026938084760219877,0.8800850178617932,0.011454526758251895
179,0.049024382540471305,0.058006229334135594,0.0021141183351829516,0.8250151361487942,0.06584013364141601
180,0.032518855450538356,0.06485303013989738,0.0003501023837373932,0.8935702189628845,0.00870779306294245
181,0.04931145998284121,0.0924132379162357,0.003031565335311983,0.8391198690480617,0.016123867717549454
182,0.035380512466739816,0.09013552808519701,0.009446284702315611,0.7909788825959286,0.07405879214981904
183,0.00619520225251793,0.01774841182470821,0.00035408825880028244,0.9689054230817937,0.006796874582179899
184,0.0027661636107611473,0.01810893841082638,0.00019099542992697362,0.974604952180769,0.004328950367716468
185,0.022236344897701148,0.056207369789963824,0.0025804669181282262,0.8873519022567816,0.031623916137425184
186,0.006809201319070664,0.020872903570073757,0.00011556633078632312,0.9668773337473535,0.0053249950327157805
187,0.020808978226265314,0.04537333301854538,0.00014425359546371358,0.930784708562039,0.0028887265976865538
188,0.01430601697136488,0.029866848582633762,0.00013060498329703154,0.9501361425518675,0.005560386910836841
189,0.02924204856412468,0.062484371466611024,0.00029592328541651146,0.8930465760089406,0.014931080674907329
190,0.09996969372368628,0.15817864150628366,0.00044995681833688095,0.724617765848184,0.016783942103509204
191,0.23535923856865792,0.36905442983658526,0.007140185610112037,0.23575385326981377,0.15269229271483112
192,0.3364892821147261,0.43333704959320124,0.021331910417987265,0.09750716136441062,0.11133459650967478
193,0.0740104396734834,0.6466025679477797,0.017714382903437253,0.22974510195313957,0.03192750752216008
194,0.08518780321672416,0.4149445298038131,0.039088912394729586,0.09730362267705207,0.3634751319076811
195,0.10875327573044836,0.19640887244808403,0.0021254723877294065,0.2991355094319385,0.3935768700017998
196,0.17486656632390346,0.2943156383505615,0.010745028125724662,0.11986111431356945,0.40021165288624083
197,0.01137114158229827,0.008755019694124119,0.0027385195412073966,0.00459393189669562,0.9725413872856745
198,0.08858075993839654,0.08614797148962387,0.011996740801547267,0.05335553597873484,0.7599189917916975
199,0.15442780719906798,0.1137456582391376,0.01362395981249307,0.1359328284329433,0.5822697463163581
200,0.11626067574492331,0.06254108836736968,0.00291296932428714,0.18823448584299032,0.6300507807204296
201,0.1545871745480776,0.24264701830714352,0.011975632083678474,0.31844371950931166,0.27234645555178877
202,0.20158255584598797,0.1257914834833219,0.00911990938422211,0.23482012386596543,0.42868592742050254
203,0.1289006691424608,0.06443055756710694,0.0005211479482610767,0.5705501765570783,0.23559744878509295
204,0.09356353884921766,0.1561734650693854,0.0007308534367853507,0.6555197139533588,0.09401242869125269
205,0.12610081412163585,0.4356548646529959,0.0264766478864258,0.27893920202658545,0.1328284713123569
206,0.2125568165837817,0.2463364304175178,0.028130167978076544,0.3145400764224668,0.1984365085981572
207,0.08862316014882818,0.4728497254509434,0.10920948794064844,0.22125026005875054,0.10806736640082945
208,0.22532978718005933,0.4340803841242298,0.04049069477464699,0.22878575185913913,0.0713133820619246
209,0.13849138036886902,0.5692285351916454,0.08926631292758008,0.1289278564436866,0.07408591506821886
210,0.11739341638816454,0.632550895163349,0.17553293079734053,0.027985131187532278,0.04653762646361375
211,0.09201086501853384,0.6889235556357232,0.14242922557625667,0.03289060777833811,0.04374574599114823
212,0.08871051085129197,0.7145750424669524,0.13260362272097473,0.02562605574804507,0.03848476821273589
213,0.12270436856270722,0.7787370836069124,0.04753150370416979,0.025586491524293653,0.02544055260191695
214,0.1435616965877052,0.5536883895434878,0.17809460550099232,0.03659253592093121,0.08806277244688358
215,0.2784311910306661,0.603145938327593,0.05705970128427757,0.05179653213887421,0.009566637218589134
216,0.1361502930089077,0.7014059143476525,0.03465403189776957,0.07310325758964391,0.05468650315602629
217,0.1052401871568566,0.7988170839478792,0.03723787327002196,0.03903469989299714,0.01967015573224489
218,0.21695351166085747,0.6614290623895226,0.07905033879209097,0.021284250215935656,0.02128283694159331
219,0.06298717308119794,0.8209250718231349,0.025397936461033575,0.07062598048939585,0.020063838145237774
220,0.16610119627072,0.708775360940831,0.06494981049220346,0.020950620819273538,0.03922301147697188
221,0.16565589989173082,0.6680198315034733,0.03981195839506916,0.04560974259062122,0.08090256761910543
222,0.1899886062766839,0.5321470358501941,0.06893407401860684,0.027986071316426275,0.18094421253808896
223,0.0758548866018435,0.2460069333999596,0.09391519840330823,0.0352915128825783,0.5489314687123104
224,0.18192607665267566,0.3662430004809151,0.004346121156650435,0.08972558591685731,0.3577592157929014
225,0.0025701823302935207,0.007778319263481512,0.0029516808284556152,0.0014008005466630317,0.9852990170311062
226,0.0036997023885158866,0.009903854573363001,0.0007279675349325506,0.0016785884870058503,0.9839898870161827
227,0.2913276736368713,0.02693509198149739,0.0004004819345895425,0.013812912304936718,0.6675238401421051
228,0.02612062269137448,0.0042052735397715285,0.00014943589631516722,0.00597813793875154,0.9635465299337872
229,0.34453779203500234,0.09411292705765298,0.0006234063847771264,0.1573809709186747,0.40334490360389275
230,0.3366360763360136,0.1580964263244784,0.0006754569416434442,0.3605559131104578,0.14403612728740672
231,0.16919067968886287,0.12235854422391428,0.0006462317814962742,0.18612469604814885,0.5216798482575777
232,0.3896519395925346,0.10223462939981515,0.00012960668468588873,0.249638005516216,0.25834581880674823
233,0.29086082581377093,0.21930560983732875,0.0009840060122789502,0.1943610812714143,0.2944884770652071
234,0.17835163759270062,0.20966632342455055,0.0010400766161738125,0.16818008584462,0.44276187652195503
235,0.34644532376072973,0.2687917677903979,0.00044920624240619127,0.18706436685109457,0.19724933535537167
236,0.1067671372972255,0.10589042865007478,0.0032495115307668667,0.16675750044920798,0.617335422072725
237,0.17377045754084852,0.11993624200457045,0.0013410662616672269,0.4718225590306513,0.2331296751622625
238,0.12957538843077918,0.3727589142249935,0.027747260382712222,0.09395661947461766,0.3759618174868974
239,0.15793124700891759,0.31019589792186136,0.012849124838991482,0.08368564059646492,0.4353380896337646
240,0.10178991860459906,0.11780928599331152,0.00027841592594806324,0.08663921312375349,0.6934831663523879
241,0.10427511290933276,0.08391933397977318,0.000487601605289896,0.02388884004050948,0.7874291114650946
242,0.13456931665770108,0.5170514547093022,0.0068877066444759695,0.04285906497941455,0.2986324570091062
243,0.15289785497430744,0.39893766986572143,0.015548121704682066,0.006829366978311973,0.42578698647697716
244,0.00048602366990255745,0.0007380726250420865,0.0005764766102998221,0.00010438773740457699,0.998095039357351
245,0.1836923128763017,0.03293639217126482,0.0012976079118229018,0.009256479547566901,0.7728172074930437
246,0.016073887658996644,0.003316090797409988,0.0001910930568539201,0.0014928864356616894,0.9789260420510777
247,0.2209875562398388,0.07008090684547835,0.005225370557713466,0.0245207506593371,0.6791854156976322
248,0.33931865622502505,0.07262167634480542,0.0010500679773578047,0.030049918947124048,0.5569596805056877
249,0.039465731881842325,0.006738962686141302,0.00022571950660087883,0.005210986713650676,0.9483585992117647
250,0.21286388670110576,0.3823664897002338,0.002964735108554817,0.24118096797622424,0.1606239205138814
251,0.1767953430952198,0.09561737268850079,0.0003926956180861009,0.40771053641972865,0.3194840521784647
252,0.07401477364825328,0.60980569344941,0.001995138322203031,0.19032717174943034,0.12385722283070313
253,0.177296033310035,0.10218766546422012,0.000640289688286272,0.21354264889145658,0.5063333626460021
254,0.3089837596585479,0.254007863478268,0.0003576865699996272,0.4092198108667101,0.027430879426474326
255,0.24122627565167162,0.1333614070482674,0.002521917243360876,0.1958026897283487,0.42708771032835147
256,0.37989417714637286,0.24008576877269025,0.0016041452748025364,0.14925740695180423,0.22915850185433012
257,0.35066918423515686,0.09937358692168426,0.0003996464389615621,0.059941372819420226,0.489616209584777
258,0.21385643544893995,0.6656871042245857,0.001810652307369211,0.055460791087888005,0.06318501693121717
259,0.4928619703550196,0.2747490007218214,0.0017536178101021874,0.08376751259254737,0.1468678985205095
260,0.2158183719058926,0.5690129304668066,0.024562549206270212,0.02832773978131425,0.16227840863971654
261,0.2206151476410842,0.6575023774193759,0.022303710226017532,0.021966824860781227,0.07761193985274105
262,0.1941028486190353,0.6845300447708754,0.01558604535850509,0.020373098044285783,0.08540796320729828
263,0.1066372456032361,0.7269929429355257,0.05147995934748654,0.03841291991976664,0.07647693219398487
264,0.08813647541081182,0.824816519418759,0.025863959853993167,0.024791213215607295,0.03639183210082887
265,0.1897745275624977,0.6287988542983022,0.0449432919256286,0.03732261361795951,0.09916071259561206
266,0.06695400864669263,0.7771154429124987,0.13090143794302805,0.005929500912551545,0.01909960958522916
267,0.07546389630446733,0.7947391018307559,0.0572502314379072,0.012972786925647168,0.05957398350122242
268,0.11276047284445305,0.6328008464141941,0.05472124192401686,0.01038043408848626,0.18933700472884976
269,0.3084119593906143,0.4668886712110344,0.01190323980600291,0.0200043765635789,0.19279175302876964
270,0.11425542414782199,0.7187653004965483,0.020904069685604664,0.02967154467738078,0.1164036609926441
271,0.16193209252005233,0.7606437007724004,0.023433540143848523,0.008601339016719561,0.04538932754697904
272,0.24018678177794525,0.5221914635648114,0.0394338773167553,0.00953624726299118,0.18865163007749675
273,0.14848950411803175,0.7006568769982929,0.03730386996945515,0.007849381377090939,0.10570036753712919
274,0.5972532082600003,0.2678228356808664,0.012314149336087083,0.020295347185617724,0.10231445953742861
275,0.24678115874302747,0.6778141322709994,0.013296884676663723,0.004515630257580262,0.05759219405172904
276,0.037454668240444654,0.9214405814203667,0.030363857540583766,0.0012642605752117716,0.009476632223393061
277,0.16235341973454143,0.5540316871519968,0.014002364830782441,0.002077912510460891,0.2675346157722185
278,0.1461029361912069,0.7623552160298936,0.032874606727676066,0.003653104008718187,0.05501413704250522
279,0.13183525450369166,0.7412327743833097,0.00954827872737542,0.020364903999294866,0.09701878838632823
280,0.19962957465556566,0.7728643079366814,0.008196112256417256,0.00825352315250055,0.011056481998835209
281,0.05442239591380046,0.8365646748795871,0.004976053532405812,0.05084659744634713,0.05319027822785957
282,0.13125316091981548,0.8006814693863509,0.00245750870047661,0.01961613382529204,0.04599172716806527
283,0.05771522359627224,0.878383807307323,0.0018703102601102944,0.0533890000932153,0.008641658743079038
284,0.06976938105715462,0.8289120027270649,0.0009188563018008879,0.07486522048204271,0.025534539431936856
285,0.07545257079004478,0.8622382243284666,0.0014392638595452328,0.05052517395489905,0.010344767067044295
286,0.0758412991518827,0.8790380109644196,0.0008149372636232559,0.019554804040744733,0.024750948579329586
287,0.10245027675514189,0.8144883752855807,0.00564170709723547,0.010484427082333986,0.06693521377970807
288,0.08324202982735807,0.8891470084233329,0.0013312055712796822,0.0041636842300020035,0.022116071948027186
289,0.016114237700533243,0.9470038498787686,0.03196900756732469,0.0010411895189434961,0.0038717153344299897
290,0.10551132202417675,0.830820860496925,0.011042742671263142,0.014762092810364925,0.037862981997269965
291,0.026553327570487888,0.9290779360384059,0.017296183430339923,0.004270262547683343,0.02280229041308275
292,0.04767844563367951,0.887809499213807,0.008865712750063936,0.006702511522295844,0.04894383088015382
293,0.04649759387893601,0.8843882687729799,0.002568462112746172,0.003950009431763391,0.06259566580357452
294,0.04492092476397763,0.9006663002198411,0.00478231098950176,0.012580876207343722,0.037049587819336045
295,0.14175674478178626,0.7563133444080075,0.01583007925938748,0.00592809585159557,0.08017173569922317
296,0.09059969031977094,0.8318345339079746,0.04628140289346697,0.003059632118222592,0.028224740760564696
297,0.14069300282484176,0.7735386220180364,0.011934024282120304,0.012785119231750023,0.06104923164325162
298,0.061678157948341535,0.8865284231196201,0.028419575709323457,0.006715831231844901,0.016658011990870098
299,0.06833425051290869,0.7683763767385648,0.034865842345423,0.006443320099222674,0.1219802103038808
300,0.3876337854151869,0.4403120975352382,0.005017549379785459,0.019519527187523606,0.1475170404822659
301,0.05907687553217024,0.88113183969982,0.030129469946956967,0.0028267521508387418,0.0268350626702138
302,0.3474613152568608,0.5690105522675042,0.0075385138940655405,0.020211260232830017,0.0557783583487396
303,0.1295500478186046,0.8321523021329948,0.014814476805359295,0.0045198153129438826,0.018963357930097468
304,0.11524775792268299,0.8429327291840368,0.018452516261814524,0.006385576120729295,0.016981420510736502
305,0.16465009698682467,0.7868756526840373,0.008697318932798166,0.009145142760144142,0.030631788636195884
306,0.3295576930792339,0.6031969239418482,0.02141071151452589,0.01662592042581788,0.02920875103857415
307,0.09359904335556768,0.8759690873953541,0.013045084408853005,0.007589969367172699,0.009796815473052662
308,0.2569780038686167,0.6765140348670157,0.01815783185536104,0.007040388931313112,0.04130974047769352
309,0.07878304271472716,0.8894522136508338,0.019051406448725605,0.0074989447691221,0.005214392416591249
310,0.07979093901956961,0.8742997354073307,0.01768571206299089,0.0028379103644483933,0.02538570314566023
311,0.044055345656831627,0.897130368107509,0.0523293003896178,0.0010532910192580028,0.00543169482678367
312,0.2927690572594241,0.6114191224515604,0.01781924774786,0.005301116441291487,0.07269145609986392
313,0.0857768679688359,0.8683283754802171,0.029404985944008578,0.0070729771781344,0.009416793428803805
314,0.0667442680881705,0.8848871728746998,0.019174942724586672,0.0046213022976940585,0.02457231401484914
315,0.06314467947938056,0.8791615793941271,0.03162703411189286,0.0058335784293686264,0.02023312858523084
316,0.04055134413409268,0.926756595427587,0.012802002767048367,0.0069863870070605415,0.012903670664211267
317,0.09590481332860204,0.8123673774690545,0.07507069489579153,0.0034767578239046624,0.013180356482647235
318,0.1572069145493016,0.7904356773878818,0.03458609481048683,0.00357949737726349,0.01419181587506627
319,0.05174815513451118,0.7474425487580997,0.1411191042503688,0.006095074043722126,0.05359511781329817
320,0.1093011718955389,0.7599775430604565,0.07933425496493007,0.0014509743751577706,0.04993605570391686
321,0.05014265017082414,0.7746110060199918,0.13898341231642478,0.000508233111598154,0.03575469838116099
322,0.07829044861896087,0.8577438106454053,0.039567119589974754,0.007429245011491108,0.016969376134168133
323,0.08260178754359812,0.7831696089703368,0.08902044270555133,0.0005570384188852321,0.04465112236162845
324,0.07890209610065307,0.8585874624460976,0.045684345236781075,0.0016943152846271943,0.015131780931841131
325,0.09257094444256653,0.7744455791857776,0.08253897308884617,0.0011934957445534381,0.04925100753825607
326,0.030119822527086844,0.7785973847362649,0.18716432487319015,0.0003165208640163088,0.0038019469994415678
327,0.020767320673188025,0.7378603679956639,0.20255967255962398,0.0010355507188498651,0.037777088052674206
328,0.08797062365656916,0.803087437023656,0.08913882919604804,0.0020297681177628324,0.017773342005963887
329,0.027011004611495974,0.8139755656181255,0.15439185534399397,0.0004333053446740416,0.0041882690817106275
330,0.05577754450538985,0.8740214851781288,0.059692329124063984,0.001044367041424274,0.009464274150992833
331,0.0392232969768142,0.8689511579086627,0.08527822624656041,0.0003113662177339086,0.006235952650228885
332,0.03107833459469235,0.7391409463320425,0.2230522815146149,0.0016267148691804705,0.00510172268946975
333,0.15400880118507462,0.7971696608974914,0.028115234682610835,0.006289634147246321,0.014416669087576873
334,0.04168191256124747,0.8153251990485204,0.12900512942350714,0.0013376157647473723,0.01265014320197749
335,0.03203145783160296,0.7679746987827729,0.1916935359670253,0.001135242375832569,0.00716506504276621
336,0.11266916626355582,0.6444921511112142,0.1337048697984684,0.002049076495399027,0.10708473633136271
337,0.13285383669244455,0.8182961064040639,0.020709945330577063,0.008073686996727942,0.0200664245761867
338,0.08042497882105773,0.8216885962549466,0.06543199817884011,0.005151463358281841,0.02730296338687368
339,0.03715581269197935,0.8756368360883368,0.06163093106183362,0.0010649538816116335,0.02451146627623882
340,0.19285429565835152,0.7378114794310431,0.04356553394378882,0.006612998610486797,0.01915569235632959
341,0.011037364442099813,0.748951532402187,0.2289861577171046,0.0008277461770534297,0.010197199261555032
342,0.2036979811038594,0.707635923674731,0.015998020375768036,0.01749921746671962,0.055168857378921944
343,0.1994002338683336,0.7541567242314402,0.013612921566348374,0.002936944739928263,0.02989317559394947
344,0.12352003735962744,0.8027731679433305,0.05528631704035528,0.005191153489665773,0.013229324167021063
345,0.023083421612359437,0.8764378706577943,0.09511013315569453,0.0008969549147021652,0.004471619659449496
346,0.4548447190889527,0.44443938213200795,0.01571762673224981,0.03038412034468097,0.05461415170210864
347,0.01598063121122404,0.8941508190836321,0.08563120197144998,0.001115154103945254,0.0031221936297483595
348,0.22738213925038164,0.7334538602310597,0.020210202648021595,0.0051066608718958045,0.013847136998641358
349,0.032493047609816875,0.8798302803942107,0.06683309831510141,0.003928152117152258,0.016915421563718735
350,0.014324201157523118,0.901621590560657,0.0774433318475285,0.0022878269354316806,0.004323049498859641
351,0.14311497490517086,0.7870126169016665,0.04950524655705419,0.0013562628029683006,0.019010898833140145
352,0.07933514108931065,0.8610133287511511,0.049610473816785225,0.0023813301227076818,0.007659726220045309
353,0.011478938592606734,0.8257836087425732,0.15778416978361257,0.0005115549819230057,0.004441727899284484
354,0.15969393323762604,0.7429008492139502,0.06947558491598772,0.003384506437891873,0.02454512619454426
355,0.03202371438085207,0.736368725105243,0.22730590395382308,0.0005152082697983371,0.003786448290283709
356,0.20585517440115478,0.693408399788437,0.08195997311795102,0.0028985742039664532,0.015877878488490815
357,0.0161743290772968,0.7927371467584544,0.17825484978645137,0.0024500339929055697,0.010383640384891826
358,0.29709410649589413,0.43201258708709006,0.023810888601772884,0.0057735264577488555,0.24130889135749403
359,0.055615357461465766,0.8524385858266849,0.07025182451181765,0.007696345023676542,0.013997887176355191
360,0.06414017207743382,0.8641981563390417,0.057009540960453145,0.002709593507057653,0.01194253711601356
361,0.33839475347712183,0.6022707704248123,0.022372039421082197,0.010769081273823354,0.02619335540316043
362,0.030457608420164154,0.9200126421454564,0.024370667213164613,0.008843536202144127,0.016315546019070568
363,0.18109122859315063,0.7603449125393442,0.021513272723034684,0.006334602922749489,0.030715983221721057
364,0.25966774950161403,0.6762441037567543,0.020482944545759624,0.012054325320236535,0.03155087687563556
365,0.006991926102205189,0.8779277640753994,0.10301928714453075,0.006811281620836941,0.005249741057027682
366,0.11374170056552776,0.7233247519715013,0.015691051478867,0.01942677315387545,0.12781572283022843
367,0.12610453767851887,0.731421004760279,0.009225976539580277,0.06789095949768287,0.06535752152393881
368,0.010631479016993708,0.939522604296207,0.029010098102102044,0.01625825135451049,0.004577567230186597
369,0.3158833652368835,0.3521291975787567,0.0014629643004725956,0.04486791048362169,0.2856565624002656
370,0.05668441592663536,0.8925707430936267,0.003344252221032951,0.040246770061796645,0.007153818696908456
371,0.030433457245757807,0.920080121100631,0.018640707575265137,0.018690697352588007,0.012155016725757934
372,0.1353144849321734,0.7772170403309336,0.001373797469305509,0.07022873549077928,0.01586594177680808
373,0.01900338012670462,0.945491986266146,0.022780071759983703,0.00698726877090679,0.0057372930762588864
374,0.029137201699940683,0.9302116740758244,0.013464536916530982,0.01757326120180919,0.009613326105894686
375,0.013541168328115244,0.9367546268919181,0.037996597695510954,0.006922375124027516,0.004785231960428426
376,0.20491856346437937,0.5267299075323334,0.007674939841203993,0.02176428854624122,0.23891230061584207
377,0.013871472536042253,0.9218655634169278,0.05626337993828075,0.0022172723990224494,0.00578231170972691
378,0.012430385455226735,0.8765347898327901,0.08122006798596995,0.003550952284760478,0.02626380444125281
379,0.2557085684345014,0.6325401377787879,0.017773896585747462,0.046567267676797454,0.04741012952416578
