epoch,N1,N2,N3,R,W
0,0.0001234638804976488,3.460872063313523e-05,4.492368393368667e-09,2.8585153704405955e-06,0.9998390643911305
1,0.00013831782454518853,0.0001615865587692771,1.638704448394931e-05,9.546202622128955e-06,0.9996741623695794
2,0.0006771924804298465,0.00019586901984151305,1.1232572470993172e-05,1.2901922293854208e-05,0.9991028040049638
3,0.0008193299478630975,0.0001941187930113328,6.2957645989859045e-06,1.0419650389434847e-05,0.9989698358441371
4,3.3605651034271355e-05,5.839071382838136e-06,2.2219434379940065e-06,5.733321237307554e-07,0.9999577600020212
5,2.709066332027618e-05,4.821375710580111e-06,6.428749267027881e-07,2.8546689210854434e-06,0.9999645904171215
6,0.0004172372222282202,1.8203069501924274e-05,3.0976800925077853e-07,1.0447996980661929e-05,0.9995538019432798
7,0.0054696457179466505,1.9436483875417478e-05,1.980080027485344e-07,1.0218346059446557e-05,0.9945005014441158
8,0.0007197112202205943,2.5731869029364154e-05,8.876299351827581e-07,8.743947223513392e-06,0.9992449253335913
9,0.0019089155297402594,0.00019697774481930216,3.3341225126506724e-06,2.5725127895932596e-05,0.9978650474750319
10,0.004408386117630859,0.00010532380579212155,2.188108455723342e-06,6.510213751712772e-05,0.9954189998306041
11,0.010603141702376112,0.0002529355194080719,2.5394855265104333e-06,8.124722724794457e-05,0.9890601360654414
12,0.019516521575795094,0.0005249775685623186,9.470608632931525e-07,0.0006555150935189742,0.9793020387012603
13,0.0076066173071028965,0.0016487984074869358,8.24648633272579e-06,0.0003592298305704265,0.9903771079685071
14,0.021147347961285614,0.020796092370447657,7.091550920304919e-05,0.0030123877925242936,0.9549732563665394
15,0.03893813550175384,0.029147696317855222,0.000225628589798955,0.0018427888328822815,0.9298457507577098
16,0.02841010247488568,0.03940529943405713,0.00021492254560786413,0.0045292176940814905,0.9274404578513679
17,0.005214951804175131,0.0019412612520918568,4.6148411348449134e-06,0.0009407009194059091,0.9918984711831923
18,0.06747404660104346,0.018484814207381482,1.8009755583026464e-05,0.0040474059415458105,0.9099757234944462
19,0.10261217634431383,0.012099350110789199,0.0003115643204732164,0.0023540378065420834,0.8826228714178816
20,0.08253519276732108,0.08048140052652726,0.00022764170369300198,0.0017106837615234636,0.8350450812409352
21,0.07807573221424596,0.052349936054277485,0.00010071129196984621,0.004378747619725684,0.865094872819781
22,0.2138180763009848,0.2612091523209929,0.005209651117759271,0.00814122956278463,0.5116218906974784
23,0.1549910215068453,0.593593446083087,0.0022342318973028377,0.004469357747706997,0.2447119427650579
24,0.07833389021223348,0.2794937296715719,0.011516886806558307,0.001566036988397605,0.6290894563212387
25,0.08285946588593548,0.8518040894826018,0.002058024532937913,0.0035907251729441645,0.05968769492558089
26,0.032890261055436035,0.8949042792921106,0.03481101343176531,0.0019935763224637865,0.035400869898224274
27,0.044417342389198186,0.8122965126922774,0.08871874386021703,0.0008170936903774211,0.053750307367929885
28,0.0861243457154454,0.7347357142365166,0.020768446446036953,0.0004652186518735148,0.15790627495012757
29,0.07170257167499253,0.6413593956215534,0.057268771167044215,0.0006018501946580138,0.2290674113417518
30,0.06060961927775561,0.7410217312870786,0.15820551327579957,0.0003784626588004361,0.03978467350056586
31,0.036172325915324065,0.6103283484590539,0.20913933349601244,0.0003583281638705882,0.14400166396573896
32,0.04896082909378702,0.5233936143635409,0.09631403926312135,0.00021543283910565694,0.3311160844404451
33,0.042500697272558584,0.6029301611618614,0.23448878541024212,0.0004574221662995546,0.11962293398903842
34,0.011162615264822243,0.6427446533036331,0.29623005127178775,0.00013487834821499848,0.04972780181154195
35,0.06856885049814825,0.5722468314919217,0.26518647265532375,0.0002730600632049934,0.09372478529140119
36,0.10570539436632642,0.3037532534921124,0.36911740460212505,0.0007092338324805548,0.22071471370695545
37,0.004685824290277242,0.13281474916421937,0.7858253227898039,7.572479152025656e-05,0.07659837896417927
38,0.12360975625126273,0.2086650928058013,0.5030455807205143,0.00013074106676351247,0.16454882915565816
39,0.006760098585018422,0.10830337005020509,0.8574779371015235,0.00018562554063196807,0.027272968722620958
40,0.0012681945471119476,0.12289921900136516,0.8689057741483607,3.08891166200222e-05,0.006895923186542299
41,0.00031287020474048957,0.03716984030758946,0.9606958891415517,1.6832898126348297e-05,0.0018045674479920766
42,0.0002964699043242864,0.03531582729384826,0.9616478516128357,1.1071041508748566e-05,0.002728780147482883
43,0.00042317850407311714,0.04621801588704585,0.952018594346945,1.3472701055520562e-05,0.0013267385608803017
44,0.00017384458817086115,0.023804446840894937,0.9754529436656094,6.958433655627635e-06,0.0005618064716690948
45,0.00017687384005768503,0.01916859710278448,0.9801318361222302,4.390476183085925e-06,0.00051830245874453
46,0.0012007793353827699,0.050758155031645165,0.946536682875034,1.52718609955731e-05,0.0014891108969423837
47,0.0005284063033607451,0.03861278911445482,0.9598760216543248,1.0807974104591885e-05,0.0009719749537548865
48,0.00048605156623642666,0.03048848491386117,0.9681343230068515,1.7098827790539038e-05,0.0008740416852604863
49,0.0003339644019337582,0.012139900367080382,0.9871375877463465,7.883283788558105e-06,0.00038066420085099205
50,0.00014330130037057745,0.008443785075908403,0.991181927941458,4.3342219757677775e-06,0.00022665146028712457
51,0.0001485716999852063,0.008007821382707073,0.9915320208608305,4.630188287733004e-06,0.0003069558681897022
52,0.0004981008634938582,0.01864931316918185,0.9799918376246749,1.3784013636473312e-05,0.00084696432901296
53,0.0004744033531389684,0.01756000386427585,0.9814745074923446,8.493456414846006e-06,0.0004825918338260404
54,0.0003471707721328919,0.010958597164296018,0.9880802575586034,7.143966500543835e-06,0.0006068305384671274
55,0.0006603818442765044,0.015499539477503581,0.9831783912953125,1.367269562995175e-05,0.0006480146872774831
56,0.00043205388082011813,0.025619649461614973,0.9727299768407143,9.098831759987132e-06,0.001209220985090556
57,0.0003706066336916901,0.014127892973972593,0.9840190881070596,7.134183176352735e-06,0.0014752781020997499
58,0.0009074717407125954,0.028394768204235064,0.9684461161705853,1.1702226612502322e-05,0.002239941657854534
59,0.0006431893777804344,0.014750705680447547,0.9827134472758907,8.86599954440273e-06,0.0018837916663367227
60,0.0008198257580193158,0.011741470054590471,0.9856754193804479,1.1558125432948457e-05,0.0017517266815093593
61,0.0013503435595575088,0.027570247868121404,0.9660247914047609,2.1652541763691372e-05,0.005032964625796341
62,0.0007191743513938747,0.007794792446371676,0.9877204157173469,1.040763141149407e-05,0.0037552098534759724
63,0.0009205613378289037,0.013624577600827258,0.9841429646859196,1.0497039042506671e-05,0.0013013993363819667
64,0.002255103986082767,0.015908214549749135,0.9803444546364126,2.169251482653093e-05,0.001470534312928894
65,0.00032939983559147104,0.004310094338439584,0.9947013692703759,5.074987831196148e-06,0.0006540615677619402
66,0.0002462422290475494,0.006926853273809839,0.9922532319738239,6.74012368909748e-06,0.000566932399629796
67,0.0001205453478705039,0.001912206768406765,0.9974503198351209,6.284610989582389e-06,0.0005106434376123129
68,0.00014729339302923877,0.003300824080525471,0.996113308444383,2.766961736986526e-06,0.00043580712032545264
69,7.55935243932831e-05,0.001211112460900912,0.9984006927665338,1.9552984774159957e-06,0.0003106459496945121
70,0.0002322271339129043,0.005997500091165446,0.9927861879326416,4.9513326234243176e-06,0.0009791335096564022
71,7.418917052115617e-05,0.0013794292759029556,0.9983105261258962,5.644409307258206e-06,0.00023021101837231983
72,0.0001332295336482022,0.003757726446037323,0.9956245290136639,3.687920215338158e-05,0.0004476358044969906
73,0.0001442117323520741,0.003443812316277596,0.9958732114239796,3.8833466125748364e-05,0.0004999310612650172
74,0.00011758388072502072,0.0016055584545765882,0.9977611477406433,2.279876187424893e-05,0.0004929111621808195
75,0.0001321270738998503,0.003403132493867735,0.9959286877074596,2.8150920804834735e-05,0.0005079018039680258
76,0.00012955988819777117,0.0020183102482968732,0.9969770838984264,3.391659060992808e-05,0.000841129374469191
77,0.00023440241400985514,0.005283702223440501,0.9923131684396445,1.3380012377903031e-05,0.0021553469105273747
78,0.00032033752875305845,0.004060625493546857,0.9945064746447575,9.427533448121149e-06,0.0011031347994942642
79,0.0006436104562613072,0.009319892149325703,0.9873867276018661,1.9379850961013414e-05,0.002630389941585967
80,0.0005113557705385042,0.007919605328674355,0.9887289572293457,1.5059217443266864e-05,0.002825022453998236
81,0.0007401380436391023,0.007266200268762665,0.9901890604266386,2.458315457966607e-05,0.0017800181063801406
82,0.0019162384111991526,0.02317412915661224,0.9714547811958643,5.238443905054624e-05,0.0034024667972737785
83,0.02008096036917302,0.06653207674828171,0.8998046824171186,0.0001836792558920423,0.013398601209534646
84,0.009482564134271053,0.17592273765810404,0.8058285428957102,0.000185481102454541,0.008580674209460114
85,0.02253224146611495,0.47318796756186865,0.4993685488460965,0.00023122666699023538,0.004680015458929692
86,0.007247007443353461,0.292866701120599,0.6967713636515889,0.00014603317776971166,0.0029688946066889913
87,0.005292125033511404,0.4060360103776797,0.5837816272548184,0.00018739378655511086,0.004702843547435337
88,0.006157987011306449,0.42632070784285575,0.5657761034095103,0.0002181833511277642,0.001527018385199708
89,0.002735279131940299,0.2482286523993142,0.7466078378587149,0.0003170749552269901,0.002111155654803544
90,0.00986681573008513,0.4936563591460343,0.49355166293211994,0.0009136650273598654,0.0020114971644008524
91,0.016546927845090972,0.648887772105192,0.32855918086461,0.0006161947300546393,0.005389924455052519
92,0.07651077196568937,0.8450650874949738,0.06826893177398248,0.0021146114998280992,0.00804059726552632
93,0.015711346079302843,0.8378436360484747,0.14386900079090645,0.0003008387844057115,0.002275178296910225
94,0.06827582966758963,0.8474805998437926,0.07518252697549446,0.0011254471743689226,0.007935596338754382
95,0.01589818247918615,0.8219784279930835,0.15973099752893508,0.00040773411774984984,0.001984657881045449
96,0.011569216511263681,0.6968161921510899,0.28954318283878866,0.0001801544294969752,0.001891254069360813
97,0.011448422586802579,0.859880808475268,0.12538739192398346,0.00048131422101159335,0.0028020627929343047
98,0.007511523995289966,0.5897966961545811,0.4007883337284644,0.0003127220111220534,0.0015907241105425933
99,0.0069456633090994825,0.7478396318039338,0.24262175909885125,0.00035719229138217906,0.002235753496733194
100,0.0034066899160734606,0.394623090989831,0.6006116739439562,0.00014116154191367802,0.0012173836082255787
101,0.00516636872744785,0.4172452884335654,0.5753259537117482,0.00021697089043285452,0.0020454182368057016
102,0.0029997278661735302,0.42656006477852726,0.5687935915533099,0.00011199659746205145,0.001534619204527188
103,0.0007940148339196949,0.21712981268818157,0.7803870419173375,6.007230437817964e-05,0.0016290582561830165
104,0.0006363180097184175,0.12441859211223223,0.8739109567053022,3.737336396665263e-05,0.0009967598087806213
105,0.0020217671024926396,0.16519486905147993,0.8307557847261584,0.00011490753247296598,0.0019126715873959566
106,0.0006161001575220121,0.02531349593386557,0.9735012608277269,4.256702757356301e-05,0.0005265760533118282
107,0.00019915416352082657,0.013842272248260425,0.9854911928957582,3.2859187206221836e-05,0.0004345215052542404
108,0.0003337175796217958,0.030375520948684242,0.968284061802564,4.35098657630742e-05,0.0009631898033668555
109,0.00013313908955133765,0.006928449466552963,0.9924731477413932,1.071730935928469e-05,0.00045454639314323683
110,6.931305058740394e-05,0.004080560316647228,0.9955556283671315,8.057348713327744e-06,0.00028644091692046236
111,5.170596181140716e-05,0.005549647009041426,0.9940978844614413,9.829344471317285e-06,0.0002909332232345111
112,0.00018851653929841125,0.01016676230067294,0.9889383138136888,3.981480476936997e-05,0.0006665925415705627
113,0.00016060978012511428,0.013563825593942567,0.9856580240751228,3.331667310107025e-05,0.0005842238777085322
114,4.5050342979455604e-05,0.0054399332894294605,0.9941653802283542,1.1752581459072485e-05,0.0003378835577779923
115,6.725774552042573e-05,0.008374284482492025,0.9910456863135957,1.2196732561323122e-05,0.0005005747258306103
116,0.00013286999467328949,0.011085617299438001,0.9878893989141322,3.86612470706804e-05,0.0008534525446856985
117,3.71151455461624e-05,0.006472154527874398,0.9930167733959467,1.2674648422667378e-05,0.0004612822822100338
118,3.318843120743004e-05,0.007481267280435082,0.9922644242642428,8.971158650524734e-06,0.00021214886546409064
119,0.00017889104673781978,0.023444075064052355,0.9756714146789434,2.032278567583161e-05,0.0006852964245905539
120,9.242138396280461e-05,0.029496065334782582,0.9698936913978287,2.2040348157107103e-05,0.0004957815352689165
121,0.0001322076598792137,0.018634341513631775,0.9809534546595005,1.3701587819724233e-05,0.0002662945791687083
122,0.00028724657993756895,0.07017310693818404,0.9288146246881795,2.3118756404851346e-05,0.0007019030372941904
123,4.5869904371855755e-05,0.01792289875182543,0.9816157651753273,8.037121459085947e-06,0.00040742904701615183
124,5.169636540978239e-05,0.00629209722417083,0.9933521191538143,2.0700172592261627e-05,0.0002833870840129898
125,2.642516872673005e-05,0.01076306361197196,0.9890375376612752,6.984352584846776e-06,0.00016598920544123188
126,7.26471768072962e-05,0.007242983079939583,0.9923746797211073,9.569975771633554e-06,0.00030012004637421547
127,5.2289439842444585e-05,0.004250295253753859,0.9950562869282872,2.3260774529613766e-05,0.0006178676035869053
128,9.302820756076854e-05,0.005527407822754381,0.9937550402560829,3.682930509633144e-05,0.0005876944085055314
129,4.0382082749961235e-05,0.0021913776731713017,0.9973920604438352,8.707995227710849e-06,0.00036747180501583033
130,2.668195869313862e-05,0.0038497629207215295,0.9957702907813181,8.098788765238689e-06,0.00034516555050210265
131,3.498104677254794e-05,0.0025163300859327225,0.9971395246668553,1.1985898393603425e-05,0.00029717830204587187
132,5.124898766689768e-05,0.0022674661728071554,0.9964950550004104,2.2250736717196253e-05,0.0011639791023985843
133,4.103775817807477e-05,0.003023395496705528,0.9959784855423925,6.908023513696493e-06,0.0009501731792101749
134,2.5821963680409183e-05,0.001900460689094951,0.9974948351932462,8.304334827145902e-06,0.0005705778191515248
135,4.521922141408205e-05,0.003263755589367961,0.9958368848576872,1.341891744389213e-05,0.0008407214140868321
136,3.199419152035091e-05,0.0015221614139627995,0.9980402484498495,4.926012348199785e-06,0.0004006699323191929
137,3.056963046214641e-05,0.0025245150731533937,0.9972270159696942,3.670740682493258e-06,0.00021422858600783696
138,5.291093874135828e-05,0.0021204971825676423,0.9971559834339828,1.0029977365100016e-05,0.0006605784673430677
139,8.334808389110721e-05,0.004510099150085011,0.9939352388302939,1.2008637261120415e-05,0.0014593052984689819
140,6.955755046128724e-05,0.0027169556199748445,0.9968889889448812,2.925196232703738e-06,0.00032157268845005267
141,7.690918425725846e-05,0.004591335401350565,0.9945719872652932,4.543324952036412e-06,0.0007552248241471327
142,3.7561568843004806e-05,0.0027716484649854024,0.9964943089094099,2.9361234082158112e-06,0.0006935449333534412
143,4.8099836874681954e-05,0.005720517388697448,0.9935149026771991,3.5569860899274535e-06,0.0007129231111389025
144,7.472136025200527e-05,0.004100804588422818,0.9932905770151281,1.147691685570349e-05,0.002522420119341567
145,0.0001299478690062335,0.011425788733769777,0.985991279999735,1.379137674666691e-05,0.00243919202074219
146,2.372672861154702e-05,0.003273624880596129,0.9963251372402178,1.2972703939430188e-06,0.00037621388018079427
147,9.30826567382927e-05,0.00554359487113136,0.9919995682488544,1.1399960782447972e-05,0.002352354262493412
148,4.0497206728337115e-05,0.0041685567295387865,0.9953821417365956,1.750588382600143e-06,0.00040705373875472476
149,6.121989528827509e-05,0.0027915173123243646,0.9963780706457284,4.935494011316894e-06,0.0007642566526477159
150,5.1611331026341013e-05,0.0028820987946170623,0.9963901594969508,3.4225185537497158e-06,0.0006727078588521532
151,9.082608171781879e-05,0.0034359802634330947,0.9958024635628514,5.787684591727823e-06,0.0006649424074059076
152,3.2131409160880654e-05,0.0026622497788780183,0.9969697629017459,2.8741516756831673e-06,0.0003329817585393651
153,7.02650316630233e-05,0.0035535094052787206,0.994025753614608,9.494071927502851e-06,0.0023409778765228623
154,4.3604350857837403e-05,0.0039173861455863625,0.9953554461348407,7.855504061300942e-06,0.0006757078646537905
155,4.293803574451368e-05,0.00222393635208205,0.9972932116279309,5.57598023366988e-06,0.00043433800400887287
156,8.134169364712824e-05,0.004302376809567575,0.994049121073764,3.977523898238933e-05,0.00152738518403887
157,9.656473482292945e-05,0.0075602751269357804,0.9910337473895537,3.681906428948471e-05,0.0012725936843981868
158,0.00020292369101618344,0.006672392368290021,0.9913240255416834,0.00012872656852488338,0.001671931830485507
159,0.00013734387274248917,0.00526355835831474,0.9938652312357237,0.00010590861464597573,0.0006279579185732157
160,0.0009903842918033844,0.018568885164208928,0.9783839189370461,9.516745987767184e-05,0.001961644147063983
161,0.014408465718004054,0.28920716223952914,0.678760575329105,0.0018605813122058443,0.01576321540115595
162,0.026443476735163198,0.1701917714944482,0.770048753034892,0.001718003221100585,0.031597995514396085
163,0.21267273235642487,0.6438222497611515,0.07796979857922112,0.006791075183505868,0.0587441441196966
164,0.1331916423005242,0.70703383138788,0.13888365270936318,0.009253503975317299,0.011637369626915165
165,0.15464814940695093,0.7549314462772565,0.07615706666205484,0.006139204505258742,0.008124133148479045
166,0.188848736351189,0.6591979005211105,0.12214024747665583,0.013992741707772373,0.015820373943272376
167,0.22742668668593197,0.5822518507257579,0.03960439057105565,0.027974710128013797,0.12274236188924065
168,0.04418258743356195,0.8664180720099264,0.057916265299670214,0.014662451614451993,0.016820623642389457
169,0.17004308973086665,0.7290706491147698,0.009669099396488572,0.013099463832268983,0.07811769792560583
170,0.16961987148964133,0.7408147653473204,0.03306758205622322,0.025035636176859815,0.03146214492995528
171,0.096945754333472,0.7090635423417001,0.18361241752774324,0.0024156570504118495,0.00796262874667281
172,0.1278054479111753,0.8061648460810195,0.04820840776286455,0.008384266259138495,0.009437031985802263
173,0.03747817590940577,0.8523997853068819,0.0922988659347599,0.009723158059467529,0.00810001478948492
174,0.05401749355241864,0.7626663132920639,0.0956935600045019,0.044942205296365174,0.04268042785465043
175,0.10613927061411826,0.6519207819489472,0.032271082020551206,0.17484366457943773,0.034825200836945694
176,0.0480206949861044,0.7325225527210573,0.03427042645405828,0.15449628112646613,0.030690044712314096
177,0.05097290627976536,0.27980989369558457,0.00022564829058476107,0.6550052637437043,0.013986287990360871
178,0.09130728899722475,0.22131554668529455,0.000671796788195857,0.6517204902492097,0.0349848772800751
179,0.09293026778421684,0.21618631405633496,0.000375618308391304,0.6752327947744277,0.015275005076629218
180,0.11181238959674612,0.0992745603075082,0.00019554408101390148,0.7744765987081111,0.014240907306620589
181,0.0849705996683997,0.18848777574821687,0.00037406236430549797,0.7073742267499459,0.018793335469131988
182,0.1026228078984474,0.29442199659561036,0.0005044993011655439,0.5364531974444885,0.06599749876028822
183,0.08176256165965862,0.16807649941044994,0.0012172943151625925,0.7119482294036359,0.03699541521109304
184,0.06575263323652757,0.08808651009714416,0.00042516608815044147,0.8163916762861518,0.029344014292026
185,0.09997365298802974,0.0941023479868464,0.00019866634296735478,0.768734452250234,0.03699088043192248
186,0.12271803326304341,0.05000111540597953,0.0001213085708616597,0.7932111838777274,0.03394835888238808
187,0.17693035416943803,0.07008252503935188,0.0005530919179328598,0.655908449266199,0.09652557960707815
188,0.09852760120664635,0.08626100466813669,0.0009711329152825855,0.6332587794622806,0.18098148174765388
189,0.16823972263661968,0.07751308960372219,0.00026249156996933427,0.674840771280899,0.07914392490878988
190,0.10209457020437672,0.11196428593906216,0.0004029253939089632,0.7138007422752268,0.07173747618742543
191,0.05389396411325495,0.07494271707758306,0.00037620767227631533,0.8509227289980883,0.019864382138797425
192,0.041609988727713994,0.026407053556523178,4.272886390470677e-05,0.9146026605809368,0.017337568270921453
193,0.04436454862720935,0.1447224474084427,0.00023910777268962917,0.768130838250332,0.042543057941326304
194,0.03861864749726804,0.04032954635640226,3.180794020289691e-05,0.8492067551389602,0.07181324306716667
195,0.06074622399167773,0.042532036907896066,0.00010221050752542721,0.8075299028477261,0.08908962574517469
196,0.2155584381684866,0.013915400329070371,0.0001550352528509314,0.5538259438414747,0.21654518240811746
197,0.017116539411657573,0.005767964523046193,2.7377657273350776e-05,0.914901183152472,0.062186935255550725
198,0.01185764366829214,0.003406203297478643,1.527077762225873e-05,0.9324885337764737,0.052232348480133424
199,0.027943185637895544,0.007529372953565715,6.193017957411796e-05,0.7326876709044302,0.2317778403245345
200,0.037778635306332756,0.00644973754586721,3.382081887367201e-05,0.9374978088845968,0.018239997444329484
201,0.04331259565549406,0.009865576050701309,0.00011797547476952592,0.9248501408600527,0.02185371195898237
202,0.04482295950180191,0.010570975520236186,0.00012484784377764233,0.9072752516001873,0.037205965533997055
203,0.026420435216911634,0.009365045145358268,0.0002564592011779934,0.8398434140812656,0.12411464635528646
204,0.039296331849733045,0.0054714774283682955,0.00036677028554369143,0.8663022183892759,0.08856320204707904
205,0.012007023377362487,0.0019929003996813077,9.044983902591888e-05,0.6673762373913386,0.31853338899259165
206,0.3715526211596889,0.011509591301963603,7.006170901415863e-05,0.4157448671851754,0.201122858644158
207,0.14249391824926402,0.005873486779553001,6.675631091211721e-05,0.18829017710623755,0.6632756615540333
208,0.11875290991941108,0.01714995166326097,0.00019335547262772866,0.20342167871406333,0.6604821042306369
209,0.4086737101005416,0.020501261893235572,5.226133066808818e-05,0.2289431004935955,0.3418296661819593
210,0.05438740798037834,0.013208565428699751,6.314461533369425e-05,0.21123171794453904,0.7211091640310492
211,0.10660504050755461,0.01864217872456275,0.00019357158748134265,0.3330500598136331,0.5415091493667682
212,0.12472939340164245,0.012420179191539009,0.00015779387711979407,0.28799894120238506,0.5746936923273136
213,0.2907290262942173,0.06262208987630051,0.00013045988353088109,0.38481715678105555,0.26170126716489567
214,0.20636772665081934,0.04177042939157567,0.0005688636191732889,0.13247602115198728,0.6188169591864445
215,0.08225589424614911,0.05881878609168224,0.0010896525539141615,0.08552987711901384,0.7723057899892407
216,0.19675235791028067,0.19086078532237877,0.001287010622479359,0.04873809883831402,0.5623617473065472
217,0.35408672268749336,0.04136728925633002,0.00014423518834075116,0.07835764146602603,0.5260441114018098
218,0.6159040630417312,0.09922033929657009,0.0005954240072510485,0.1378613821897245,0.14641879146472317
219,0.5947149821694129,0.21778164006838024,0.0007365496933653947,0.05264172019177864,0.13412510787706286
220,0.38867582812067364,0.4333614456173204,0.008061948080024714,0.03705078929730705,0.13284998888467414
221,0.02042481986928566,0.9339574938127652,0.006613073242748641,0.010360026312747687,0.028644586762452785
222,0.01555826532865968,0.9616926662098323,0.005193964122106079,0.008948172026168244,0.008606932313233735
223,0.04846092551719168,0.8995410146408396,0.0117068664749669,0.012841783788806198,0.027449409578195864
224,0.023320295505438342,0.9402029245213354,0.008919086965743034,0.013278092255795022,0.014279600751688258
225,0.03416218225759331,0.8884168279846146,0.011860802402867951,0.0354838295466108,0.030076357808313157
226,0.03759564099940433,0.8038147930473445,0.015832655956156075,0.0397014270930893,0.10305548290400583
227,0.14473085370627864,0.6618521905749253,0.0063354936167057275,0.08310844868734132,0.103973013414749
228,0.08074827794377688,0.8766485903192786,0.004208452499472352,0.021369844801092695,0.01702483443637961
229,0.053693899342155724,0.9213244302497694,0.006694348071534669,0.006226593381389314,0.012060728955150781
230,0.11686650245013064,0.8477495094636656,0.005655882745346225,0.016458088127263848,0.013270017213593659
231,0.02494255745109545,0.9406948173982546,0.020592598423879376,0.006345114798034126,0.007424911928736741
232,0.033828888576031696,0.9203708577964727,0.016778914003688056,0.007381344767025553,0.021639994856782026
233,0.012992027031607432,0.9671578418114735,0.011354108667251438,0.0031921325919584092,0.005303889897709469
234,0.02185665042739286,0.9323592939022142,0.028167295470691474,0.011733747436541228,0.005883012763160411
235,0.007956381807468067,0.9513332017712439,0.03267516549848211,0.00399454097586914,0.004040709946936744
236,0.017770853531318815,0.9465193775473095,0.023972511796851576,0.006338447671631131,0.005398809452888948
237,0.02040397203076178,0.956251452451134,0.004972196949285752,0.010586122571277999,0.007786255997540414
238,0.04371008044648993,0.9276507834222053,0.014604607862546828,0.004017662033498082,0.010016866235259799
239,0.026112753843189743,0.9513989456524676,0.009188890101775244,0.005583308764345573,0.007716101638221975
240,0.018713968027848967,0.9561238426326292,0.014460046224872005,0.002227571844724025,0.008474571269925797
241,0.013881221001224466,0.9154764966573108,0.061583264743685265,0.0013555837867163002,0.007703433811063184
242,0.015400739552567747,0.9647805975323547,0.014525220207279855,0.0015517564915619691,0.0037416862162357387
243,0.0306998658610817,0.8744245194530313,0.00876270816873326,0.0013683033555366643,0.08474460316161696
244,0.07168298201445361,0.9046182769579034,0.014322115877268886,0.0015775214863183594,0.007799103664055676
245,0.02005661533439675,0.9517604231794041,0.024744083975977764,0.0002818673205454832,0.003157010189675737
246,0.019947129376746035,0.9594405573657958,0.014666210922697735,0.00040918881262560586,0.005536913522134658
247,0.02200034564517633,0.9486028468562558,0.024898849305801992,0.0005098577583383024,0.003988100434427565
248,0.006689012920016108,0.9497735490301334,0.035429629464877606,0.0006827933344540828,0.007425015250518708
249,0.027811868743508182,0.9120205511393581,0.05372535900218269,0.0007473753256390986,0.005694845789311942
250,0.004151196144377493,0.799706687331997,0.1946310213662233,0.0006173481642230585,0.0008937469931792779
251,0.00839471283898955,0.8649148037607374,0.12319510033916933,0.000844025169414955,0.002651357891688737
252,0.023925503119392035,0.8906009493997075,0.061980722499945774,0.0032796119398421793,0.02021321304111242
253,0.012441614319762909,0.939684009959012,0.03896975546027132,0.0025463155957043426,0.006358304665249323
254,0.012706647876583361,0.870263902411384,0.11092335712029777,0.0022843509861446864,0.0038217416055902078
255,0.006571673678843276,0.8936301974931737,0.09791916810339443,0.000872483420987045,0.0010064773036015657
256,0.005647453494376888,0.9218993178870367,0.0687077267935659,0.0008090426495922473,0.002936459175428172
257,0.005800226048664946,0.8633523573809199,0.12806822506141075,0.0007102945599806221,0.002068896949023752
258,0.019384761051299042,0.9134134494136842,0.06074250860271443,0.00132031714854355,0.005138963783758939
259,0.0032893141288896774,0.7718508372695321,0.22288884304132242,0.0005110608601779008,0.0014599447000779634
260,0.013396591421418932,0.7041217071711603,0.2802826517712414,0.0008155993923431702,0.0013834502438362086
261,0.008729428465066776,0.7823437954521877,0.20453981335223392,0.0009559871933951399,0.0034309755371162106
262,0.01713261301375374,0.875180741150006,0.10041518965576801,0.0008612102436151724,0.006410245936857032
263,0.005897655353600622,0.7421293009876018,0.25073840427668825,0.000409215939578888,0.0008254234425304161
264,0.011883149386895704,0.7189771539621524,0.2663891180599109,0.0005928406927399087,0.0021577378983010423
265,0.005850511324345299,0.6597290613797375,0.3320496962721517,0.0006617444622935691,0.001708986561472007
266,0.01311543572412838,0.8320835399650826,0.14407944788425175,0.0015615697704042262,0.009160006656133023
267,0.010411380908732403,0.7989661416391006,0.18561608271520774,0.0008338466128514341,0.004172548124107978
268,0.004045171489286788,0.6468921055824323,0.34750235128162776,0.00040802287415835135,0.0011523487724947772
269,0.01442824875508812,0.7178010377447848,0.2632427195835872,0.0006804091881516386,0.0038475847283883863
270,0.014017413889396303,0.6144740230395516,0.3692874908517561,0.0006674167724272352,0.0015536554468687915
271,0.002822871530254042,0.4350241190051968,0.5608110882513534,0.00020600423882597232,0.0011359169743697729
272,0.0026104342615691062,0.43011713685826475,0.5663305076589897,0.000158978266333203,0.0007829429548433057
273,0.0012256846507773436,0.3481756559827921,0.649093379126325,0.00011557803587804074,0.0013897022042274844
274,0.00045210991988858297,0.20093862564042508,0.7978028327479623,0.00010565461852450045,0.0007007770731994825
275,0.0006764234822734255,0.16090793453750604,0.8375998454280154,7.954420799096674e-05,0.0007362523442141769
276,0.0013223288010336715,0.23837232902314312,0.7589343515920227,0.00015515868875333474,0.0012158318950472305
277,0.0011437739590942925,0.1426452654802626,0.8547017418323324,0.0002461269580910845,0.0012630917702195442
278,0.0013805081579274631,0.17052867202155092,0.8266141534036915,0.0001820348959889911,0.0012946315208413593
279,0.001306881231951244,0.2086426554397244,0.7889465397916366,0.0001933628387194967,0.0009105606979681453
280,0.0005004452568565113,0.13991888539669722,0.8586655746555125,0.00011814609919915277,0.0007969485917345888
281,0.001977812886496651,0.19612357227829588,0.8000732607626254,0.00029427830584861773,0.0015310757667333608
282,0.0018698377860505153,0.20939680128111768,0.7858828496444983,0.0002523683581467572,0.002598142930186815
283,0.004385346869145935,0.22951853993414792,0.7627414698610859,0.0006149098835064201,0.002739733452113884
284,0.002995589534106675,0.3840135170687369,0.6093998874126563,0.00040665510388300275,0.003184350880617206
285,0.003783719963757805,0.7073322746271485,0.28528780227101624,0.0005528874349766689,0.0030433157031008844
286,0.0074980239517174795,0.7293413749679346,0.2579615700657291,0.0005264761931013888,0.0046725548215173435
287,0.0034986132893944366,0.7048598191284193,0.28966297265314467,0.0001574510915766327,0.0018211438374649098
288,0.014945953880999988,0.7193353331275418,0.2635259088263358,0.00030105504522744554,0.0018917491198948576
289,0.004027938832698328,0.582101656431713,0.4120827599260868,0.00015840769292329668,0.0016292371165786866
290,0.001374601398472715,0.3902493744103443,0.6074129491061522,0.00010050380986919674,0.0008625712751617827
291,0.0012453927091198127,0.21298615575425917,0.784761814289819,8.761188068151141e-05,0.0009190253661207807
292,0.001082400821008669,0.2121331466186706,0.7855849387249235,0.00010769827288864974,0.0010918155625084741
293,0.0008273082300552917,0.2549802988719316,0.7433772142448599,6.76387818140117e-05,0.0007475398713391881
294,0.001276666998538025,0.4104449460237452,0.5867025569878757,0.00011331996629208624,0.001462510023549122
295,0.00020435311324975625,0.045288682059299,0.9538628725570998,8.42992379478302e-05,0.000559793032403659
296,0.00038424321538533553,0.15246508249691557,0.8464227950380684,9.899363183469622e-05,0.0006288856177961236
297,0.00021016596875322478,0.04776238509947089,0.9513891590509368,7.49425461809918e-05,0.0005633473346581547
298,0.0006026189669152917,0.06608192265925845,0.9324387713614343,8.446870696119165e-05,0.0007922183054309778
299,0.00044357488556492935,0.10427223822162345,0.8945768993021764,9.098268904879086e-05,0.0006163049015863213
300,0.0010065026982078206,0.1205094914237777,0.8770739272355074,0.0001421446877007659,0.0012679339548064253
301,0.002215146998771091,0.1521574611699355,0.84327253723718,0.0002969782161707971,0.0020578763779426964
302,0.0010136664076271773,0.2075201241934758,0.7904896692555203,0.00014774570883742982,0.0008287944345394003
303,0.0019219070589122586,0.23409877657079334,0.761857802652781,0.0001915612890196901,0.001929952428493772
304,0.0010149431879940547,0.2408072139041758,0.756942576973301,0.0001820081526850427,0.0010532577818439894
305,0.0005592712503854119,0.12564185900691857,0.8730428634598295,9.835736275042591e-05,0.0006576489201161085
306,0.0010649894074014896,0.12829672589977423,0.8685023907647691,0.0004970967101407181,0.0016387972179145935
307,0.00035548084584447154,0.04505050096902497,0.9538386954311978,0.00013928034655611728,0.0006160424073764492
308,0.0002175906831177083,0.043152647555704235,0.9561342793317311,9.07507685918455e-05,0.00040473166085498816
309,0.0015995310320726713,0.1482987639282914,0.8485347436249445,0.00033974092013745955,0.001227220494553859
310,0.00011147279826584,0.024740981600353745,0.9745149181782657,0.0001051465979761207,0.0005274808251386107
311,0.001048699585912179,0.08221456597758615,0.913879600908032,0.0006687627416045986,0.0021883707868651224
312,0.00185193172799255,0.15624713464989462,0.8388523677282171,0.00036029865778985747,0.0026882672361058357
313,0.0007271785686152062,0.06026477516558022,0.9380219540524865,0.0002004512954253395,0.0007856409178928971
314,0.0015038463786648428,0.07606855120253854,0.920728271968574,0.0003265575043354534,0.0013727729458871182
315,0.00021628226343353712,0.06628497750379411,0.9329614540814081,7.292911641313699e-05,0.00046435703495095065
316,0.0003957919567628235,0.05571930621694681,0.9430549532427817,0.00019357204653211527,0.0006363765369764722
317,0.0012807393800788503,0.053026906524667766,0.9448459876642634,0.00015717407130308182,0.0006891923596869943
318,0.04394276573427668,0.31343582467174075,0.6308403000493442,0.0033684094858537662,0.008412700058784592
319,0.006863243589119999,0.5463051216954956,0.43844200752740586,0.0025302560863114643,0.005859371101667094
320,0.014877626557129186,0.6213397975860607,0.3585251981209842,0.0013394556708397679,0.0039179220649861275
321,0.028743324126913196,0.7914795082151571,0.16961878005531644,0.004983064393054031,0.0051753232095592665
322,0.029362653799231787,0.873752803303395,0.08628920097313156,0.0044674174574029875,0.006127924466838673
323,0.016298250609951694,0.936235634623519,0.041325600577258044,0.00401369002419763,0.0021268241650738828
324,0.007466574456173169,0.942693562532508,0.04665794942898672,0.0014420731784730277,0.001739840403858968
325,0.03491798999549358,0.9001545861530589,0.06138514818235353,0.0010610099207092865,0.002481265748384727
326,0.03346913714828644,0.9077581766332811,0.048513303119610655,0.0023772739516019267,0.007882109147219986
327,0.10992871098697973,0.811824655005996,0.029105373771523942,0.005710830118317122,0.04343043011718327
328,0.037281565937548146,0.914348171658161,0.041432846518103854,0.003458835259053567,0.0034785806271332613
329,0.027470680217171386,0.9395254690485494,0.027443755493774587,0.002418069790337615,0.003142025450167173
330,0.02817402356545621,0.9262153747177334,0.03592214629298554,0.004512636711816009,0.005175818712008554
331,0.03752936953945298,0.888603126320385,0.06419918909314598,0.0020322349632381858,0.00763608008377776
332,0.03470018016979687,0.9358139494605068,0.025705181432020108,0.0009542627067078551,0.0028264262309684973
333,0.0108163330024304,0.8892944001243352,0.0965988977348703,0.0008485227606786559,0.0024418463776853527
334,0.015862452443994864,0.8992349375955736,0.07964651669041412,0.001157913103661011,0.004098180166356516
335,0.013568905711934778,0.9129149596011826,0.0701334550748998,0.000922199781254187,0.0024604798307285547
336,0.026755163650242844,0.8752508672541973,0.07900609803715837,0.004043643052808019,0.014944228005593219
337,0.026691095864412866,0.923074004359054,0.03728220544176003,0.0026594885994038666,0.010293205735369435
338,0.07919968462231992,0.8271575899424752,0.0839618728903925,0.0035506605629182526,0.006130191981894284
339,0.154676395396918,0.5943213020786008,0.01379527535230401,0.016662969544360813,0.22054405762781656
340,0.22188119692820613,0.7197323968208795,0.006637099835819844,0.03326784307375059,0.018481463341343932
341,0.0345596079976273,0.9171253217413826,0.03306166563328785,0.0137635855888424,0.0014898190388597764
342,0.11295876346882489,0.8405509280443922,0.006183178016942326,0.033864556986748215,0.006442573483092205
343,0.07105491955865505,0.8575052841463982,0.008282348692384065,0.05952772241723559,0.003629725185327222
344,0.012925965461216982,0.9568232086086744,0.01302176199957277,0.015546386273853002,0.001682677656682722
345,0.008380604573603434,0.9610830808801966,0.02141917056607954,0.008436566693774263,0.0006805772863459941
346,0.0362307083286827,0.9223847818908539,0.0067911988714779185,0.02823311836040897,0.0063601925485763395
347,0.05094134859776079,0.9121754336606543,0.011885733109421865,0.020524666798058405,0.004472817834104607
348,0.458154654255327,0.2568691979036543,0.0002941890401791497,0.13954959648930723,0.14513236231153237
349,0.09638282786079642,0.8575646429115779,0.006718712430443189,0.020606608369094306,0.01872720842808828
350,0.16799857423797307,0.7990277295789051,0.0005172961750121014,0.023999464470166494,0.008456935537943406
351,0.06839436415233323,0.9020055514046188,0.012502585883615245,0.010881481140150905,0.006216017419281991
352,0.08083323028604267,0.8611754533739588,0.022325060899285747,0.031324318794352476,0.004341936646360228
353,0.06991979464297217,0.7764455287742704,0.026696631418250853,0.03576808167883448,0.09116996348567195
354,0.04160487194244999,0.8144228319068005,0.014938344525995502,0.057038752651352234,0.07199519897340181
355,0.11552427819012163,0.36726496593367064,0.0008827113335922484,0.4544510935899525,0.06187695095266318
356,0.20546182244360842,0.26132619202639606,0.0005192928173985551,0.37500190294007213,0.15769078977252488
357,0.16112872884258647,0.10039997788651987,0.0004636344007886588,0.5797600566114959,0.1582476022586092
358,0.16509965121915507,0.08949835372392557,0.00012047404405193572,0.7071730404511846,0.03810848056168288
359,0.18172323099410442,0.025354996616870903,0.00029654997934562414,0.68632063797854,0.10630458443113906
360,0.07642958222960987,0.13781638351048653,0.002445745046123792,0.6365363326655757,0.1467719565482041
361,0.025029033554084434,0.010877110002404957,0.00026141071432676604,0.7162316282350402,0.24760081749414367
362,0.05626714960716085,0.009129418609867424,7.984766368797431e-05,0.8907138602094921,0.043809723909791744
363,0.05160569263047538,0.008292818180987207,0.00010188309846982492,0.8826292442014522,0.05737036188861538
364,0.00969851898051775,0.006526292584797734,2.8809022326201775e-05,0.9512871961865891,0.032459183225769135
365,0.02021925991119292,0.011621247567001393,1.6296142962214574e-05,0.9573586598123721,0.010784536566471317
366,0.014844712388978755,0.014837514208242579,0.000339274076212318,0.9289579887496288,0.04102051057693769
367,0.01964109960413116,0.00486493702557465,8.342023825865458e-05,0.9627782794809159,0.012632263651119661
368,0.011819229893605537,0.018130493442417395,0.00012824426986171808,0.9260361790317182,0.04388585336239704
369,0.01715947615238741,0.009576735192347622,5.105778687115526e-05,0.9357976472913603,0.037415083577033555
370,0.011412776980812521,0.012146893500592847,7.542048238740994e-05,0.9210289637031179,0.05533594533308926
371,0.06093198786054347,0.014459224076305368,0.0005094692649282542,0.8769948819644211,0.047104436833801715
