epoch,N1,N2,N3,R,W
0,0.0025633138204533565,0.00034635974810500635,2.467709454763408e-06,0.00020846047401377156,0.9968793982479732
1,0.004708783640476208,0.0006214665427636537,1.7358715640440376e-06,0.0003454497481170723,0.9943225641970791
2,0.005058595329933025,0.0007349284449904087,6.148654575405745e-06,0.0003947719556743464,0.9938055556148269
3,0.01645589940100178,0.0013107043784027351,5.059992019097772e-06,0.000549914460254589,0.9816784217683218
4,0.027212785645433783,0.0015571387949933652,1.2575229699049241e-05,0.0017668288979372144,0.9694506714319365
5,0.03231208666660479,0.0042994732445335825,1.2121372349176296e-05,0.0005069902607702956,0.962869328455742
6,0.11641683562823713,0.047005894944621866,6.705621662982603e-05,0.007499058578509044,0.8290111546320021
7,0.13014489694380824,0.09630424288969607,6.249109296646677e-05,0.008119827969497697,0.7653685411040316
8,0.04245241528654423,0.0056867542449350805,3.7178908946402705e-05,0.0037732454892525575,0.9480504060703216
9,0.05662470968892164,0.051484183633268836,0.00019623009036502846,0.0028560298604787967,0.8888388467269657
10,0.2642413997394529,0.0749533957117995,0.00012720268547866478,0.006907790079137299,0.6537702117841316
11,0.0747042539572233,0.1490115222674202,0.011216721326222406,0.001166013990459661,0.7639014884586744
12,0.04169197009150978,0.36779172286928224,0.03862525064846172,0.002580019734200158,0.5493110366565461
13,0.033912857780909286,0.6945381055621972,0.03901490231926247,0.0024868581304998256,0.2300472762071313
14,0.21639077627681635,0.030844378914198053,0.003781307541465093,0.0017520354380028789,0.7472315018295176
15,0.018978509251037164,0.006776444509759892,4.581264574935776e-05,0.00035910853920451244,0.973840125054249
16,0.14351091260388146,0.42945180622103735,0.0070215333647927775,0.0037049446836473774,0.4163108031266411
17,0.2897549373801654,0.2966252720072358,0.0008764465174188998,0.002276452635404503,0.41046689145977555
18,0.11446209567817617,0.09159215174599623,0.00017215933918633276,0.0002412821292714648,0.7935323111073698
19,0.05218716608166653,0.7778483093297468,0.03614319051903379,0.0011492670224412514,0.13267206704711168
20,0.048304418208928133,0.5779898759929589,0.0729123984213088,0.0015321986496345578,0.2992611087271697
21,0.11557023024803181,0.2803495172259876,0.010257850347288058,0.0017478100753272065,0.5920745921033652
22,0.03564774234217045,0.7401909938391678,0.04303582299544277,0.002267488638578265,0.17885795218464062
23,0.08729512835327145,0.41072653003613746,0.4284955380918499,0.0020092513010578255,0.07147355221768319
24,0.05761326047840157,0.7411024503178646,0.12620665539645998,0.0006350980162067074,0.07444253579106709
25,0.029548752310668194,0.48147230043042577,0.43049760437947854,0.001367187850536412,0.05711415502889102
26,0.015869469352270633,0.5312327088844745,0.4172613424428481,0.0006334671288341109,0.03500301219157245
27,0.006924771171990178,0.5017035247490762,0.4665174616155018,0.00018184573766620837,0.024672396725765704
28,0.009313365640713523,0.3614169817570347,0.5984303653002074,0.00020529547877752284,0.030633991823266732
29,0.018391576389568814,0.47077231220386423,0.48039926395813537,0.0003010738439994339,0.030135773604432477
30,0.007054145527588513,0.4160475245298548,0.5344703952870887,0.00020109836752432679,0.04222683628794358
31,0.011708618925405166,0.4417576860033485,0.4851988097174528,0.00030062396025055846,0.06103426139354287
32,0.02742547255412764,0.4080672565088858,0.507881747027546,0.0006533136308555659,0.055972210278584955
33,0.03669459545292389,0.45251571673301827,0.4538498678845227,0.00045585650396595857,0.056483963425569085
34,0.04037587451926889,0.4264721072786266,0.49697798929044523,0.0005233435884177695,0.035650685323241484
35,0.008449357598374554,0.28295634142910214,0.6844354600389428,0.0003714634296753122,0.02378737750390525
36,0.0032023049470843896,0.1639920584317627,0.8180165365280979,0.00024973995277854943,0.014539360140276564
37,0.01868386302946352,0.3108640463926429,0.5622014869141763,0.0006710030536945542,0.10757960061002264
38,0.12108317886896364,0.7053338130216127,0.04574787015132202,0.0018953763029399434,0.12593976165516177
39,0.014961516360715405,0.655825527861331,0.3174167715108213,0.0002905258424306823,0.011505658424701531
40,0.02850739236639844,0.3365233493584271,0.616904052633595,0.0001690412510965535,0.01789616439048292
41,0.0175563017191837,0.3661543911372302,0.6002742931548064,0.00011684950109204198,0.01589816448768772
42,0.0026520571255622865,0.1131157920085578,0.8791997382688056,8.421629661847167e-05,0.0049481963004558765
43,0.00857392730572163,0.2414372492044465,0.724713239315194,0.00023425212631927511,0.025041332048318578
44,0.0072069365417239,0.20147739458259786,0.7627741251130493,0.00026037989014804537,0.02828116387248089
45,0.008523951713603652,0.14457165570122554,0.7890879703787258,0.00024939355647832814,0.057567028649966635
46,0.0140640316359565,0.14466658992161377,0.8033358937765532,0.00033221901926680356,0.03760126564660978
47,0.0024273817772762587,0.08050561398433798,0.9002836881706694,7.672750390367089e-05,0.01670658856381265
48,0.008564763746774236,0.15612601770953558,0.7935551828398665,0.00014305156989536557,0.04161098413392857
49,0.06852455006982326,0.04539035420030598,0.5274364296183923,0.00010103829862745218,0.3585476278128511
50,0.005247669449458951,0.0881095482742543,0.8214754002990646,4.457766390517093e-05,0.08512280431331698
51,0.03936105836955755,0.01764840808581391,0.794322175490855,3.712697561567175e-05,0.14863123107815782
52,0.006581904348883099,0.04851301952369494,0.8204391741066958,4.775345115820413e-05,0.12441814856956802
53,0.0030694054234213664,0.04416826843807656,0.8935067181370416,3.424950500598601e-05,0.05922135849645447
54,0.0008125750812338801,0.025415465008743286,0.911925793338589,1.5653759607424674e-05,0.061830512811826194
55,0.011871556489105697,0.3061996653286206,0.5143790773860846,0.0004934473241578561,0.1670562534720311
56,0.00034194534736744906,0.021721221167240845,0.973410688411683,8.977966530921601e-06,0.004517167107177664
57,0.0020516686902084585,0.08202232696268666,0.9108474962124457,3.137434574551716e-05,0.00504713378891385
58,0.00041979388888927155,0.037798219255399564,0.9569508583026409,7.006239888265884e-06,0.004824122313182176
59,0.0005627112265096833,0.034884068365756124,0.9612125953088336,7.857654819085458e-06,0.0033327674440814
60,0.0003107175147527457,0.023599651700469248,0.9730689779235853,5.925941293741527e-06,0.0030147269198990056
61,0.00020873288296030933,0.01891235235264203,0.9781477148444038,4.291482282536243e-06,0.002726908437711418
62,0.0003100601137573331,0.031264637421008504,0.9649421928626758,7.84066727536088e-06,0.003475268935282876
63,0.0006139465787833559,0.039490972423741166,0.9563643894652164,1.616860036213708e-05,0.003514522931897028
64,9.273114265828524e-05,0.009148615794360498,0.9895598373039085,3.401502886577029e-06,0.0011954142561861295
65,0.00018844492692578598,0.023161142620508782,0.9740283985859591,1.0155806255709713e-05,0.0026118580603506675
66,8.897833032191075e-05,0.012951278380779183,0.9856055763550712,6.932415275109037e-06,0.0013472345185525268
67,0.0008219502390159518,0.02889785726069626,0.9618856824378899,1.819965387060597e-05,0.008376310408527297
68,0.022371045604934588,0.5501199384598477,0.3996939853189247,0.00044564085975423853,0.027369389756538662
69,0.003565471066513781,0.11341362392286136,0.872026451357286,0.00015439471620932213,0.010840058937129454
70,0.004545154269523045,0.10014480518844661,0.8821971847735014,0.0001229092285856719,0.012989946539943401
71,0.011533661607425812,0.3397560290445804,0.6394236492014891,0.00016191681311249984,0.00912474333339219
72,0.0032497443899490277,0.1167468288054395,0.8753783220632195,0.0001489461790561713,0.004476158562335862
73,0.0010141036129158012,0.06229724873525371,0.9333515010365343,5.2090169375715565e-05,0.003285056445920361
74,0.0017235737938351722,0.09533909648979201,0.8978713363812404,0.0001024608550852852,0.004963532480047169
75,0.002515493282431505,0.10420366400125047,0.8869449748637891,0.0002187294473456415,0.006117138405183297
76,0.0012678482495911293,0.07410952339975624,0.9214133952745526,7.917702710511345e-05,0.0031300560489949387
77,0.0010137286221276846,0.03920085030214798,0.9548308012703939,5.670014122370468e-05,0.004897919664106699
78,0.022345136524218188,0.23197537311117555,0.71285812218555,0.0009086890416695784,0.03191267913738676
79,0.0024013457693141467,0.13150269925004932,0.8600284780086802,0.0001607844945345805,0.005906692477421801
80,0.0012202655199722834,0.06260681781677874,0.9313285825260361,3.5211212632714766e-05,0.0048091229245801
81,0.001547995154480062,0.09024666117366337,0.9050629324088673,5.6471608057784234e-05,0.0030859396549316066
82,0.0012102085396128582,0.06318555381974815,0.9311460850470474,5.0146717910398424e-05,0.004408005875681183
83,0.0006419067898947198,0.05073579178473508,0.9462368244480251,1.2120728126326764e-05,0.002373356249218486
84,0.00031871994533897894,0.032025515962590664,0.9654687886079968,1.1236305218534004e-05,0.0021757391788549845
85,6.809523107823062e-05,0.012457943046547227,0.9860538996270214,4.78657203357187e-06,0.0014152755233194868
86,9.641692107730916e-05,0.013908052841261865,0.9843987714720682,5.273290578843581e-06,0.001591485475013878
87,0.00013553776688420067,0.015345783096006718,0.9825775772204867,5.3513103112534735e-06,0.0019357506063110105
88,0.0001741508003203569,0.022333637533103003,0.9755250803000507,6.875486408884029e-06,0.0019602558801170675
89,0.00023756973654574386,0.0147111870048661,0.9818280714398111,8.328041533877636e-06,0.003214843777243325
90,0.010652642726723274,0.09467521588632578,0.8566400954861659,0.00015214887582186223,0.037879897024963194
91,0.002563660872710948,0.07814419563194604,0.9164361159769571,0.00010529021717882992,0.0027507373012070954
92,0.001403561741108937,0.058919898466201985,0.9326073609120473,3.550195037110327e-05,0.007033676930270749
93,0.007618993618247342,0.3578774392213545,0.608211202456001,0.0006473213015825024,0.025645043402814767
94,0.001958958321906779,0.06152676135946752,0.9304196255875032,0.00014162723887277753,0.00595302749224969
95,0.007420286310071513,0.14172609083335352,0.8292630856185212,0.00041742289394124696,0.021173114344112544
96,0.023575312051886257,0.33878980821347054,0.5818954099905181,0.0012435376822054341,0.05449593206191962
97,0.014500776882181998,0.314889207036383,0.6147869693898128,0.0015038149453943854,0.05431923174622769
98,0.01300617535222139,0.16595251436587766,0.7753508573136487,0.001839264358630197,0.04385118860962203
99,0.20019955981128928,0.26473518240485544,0.020140432822826165,0.004022693203234534,0.5109021317577946
100,0.17290012109916153,0.3680507044507405,0.14700616663814614,0.009312372002875597,0.3027306358090763
101,0.3123179477075278,0.22946079180744758,0.0017461162787008142,0.007930741669107651,0.4485444025372162
102,0.39278784489254537,0.5135334180127205,0.0005175395700949503,0.024358529362602386,0.0688026681620368
103,0.09216910710523546,0.8570272007088515,0.012518837371277352,0.00868543573673042,0.029599419077905188
104,0.040556429005045504,0.7860355689804706,0.11348459984002168,0.0032614509770441786,0.05666195119741805
105,0.056915259421058795,0.9050814936087617,0.007981866150349255,0.010053451600740265,0.019967929219089908
106,0.012080266408322536,0.9291825585221719,0.0355471541667523,0.012326058234554503,0.010863962668198847
107,0.10339324453081968,0.7407279952112454,0.005419323947851443,0.04992400555971962,0.10053543075036372
108,0.30798725477705585,0.2745555147649773,0.0014385178917770615,0.06338774251385045,0.3526309700523394
109,0.031012456820472826,0.8796057963000704,0.040035488998030604,0.00900470292374676,0.04034155495767939
110,0.3919770177940073,0.30186257415107887,0.0031425297504537116,0.09197787234247573,0.21104000596198452
111,0.1921558134180317,0.29665630797470927,0.0007452374358684667,0.1093109518715977,0.4011316892997928
112,0.17686100380744935,0.1819005716646503,0.00045302782126149186,0.3222984742269156,0.3184869224797234
113,0.20865108315206182,0.1714796643610042,0.0007632458061470071,0.4259606650627132,0.1931453416180738
114,0.14122337225181927,0.1091226047898054,0.0003397731081544764,0.6744143398226299,0.07489991002759083
115,0.15942698643153652,0.17301599043554314,0.000897932148308409,0.5243480192691709,0.14231107171544105
116,0.1105169326932769,0.09984439595337533,0.0006485030545105353,0.596494038783392,0.19249612951544534
117,0.08864795154180906,0.06944710805493765,0.0005058459646174188,0.7015357743334876,0.13986332010514835
118,0.12385488704556052,0.09133794826231437,0.0006059271720424388,0.5939123077814151,0.19028892973866757
119,0.16866950222169827,0.05345169003095825,0.00040034275536546954,0.5013106093791555,0.2761678556128226
120,0.15970331382307976,0.10455081306160262,0.0003763560798421931,0.5669284719803835,0.16844104505509191
121,0.08896431458660786,0.07551258119051601,0.0002780624988313756,0.6530093713753962,0.1822356703486485
122,0.08310091446809548,0.11801137820370254,0.00040376243998727237,0.5154271912404111,0.2830567536478036
123,0.10460809353646423,0.12556464157583952,0.00036418983143765435,0.5871509448011054,0.18231213025515322
124,0.037293157363705996,0.03772834614394332,0.0014916942400698197,0.07380501381238322,0.8496817884398977
125,0.20604840372609987,0.07247671788562582,0.00045475387865371507,0.24399096971875034,0.47702915479087027
126,0.26389453204561647,0.13033579498459266,0.00016989281304992683,0.1976619547445546,0.4079378254121863
127,0.11753896276866732,0.01802190836290487,0.00013743447326393902,0.053974481498733344,0.8103272128964305
128,0.29924689343646227,0.07112038277096838,0.00021069474414349776,0.11777943014651447,0.5116425989019113
129,0.2688146074298567,0.08308783401765499,0.00014331498948695615,0.16995880417109327,0.4779954393919081
130,0.08166166759196607,0.033378967708621254,0.00018414211332736782,0.05731288160250533,0.8274623409835801
131,0.14282725080512204,0.14667453256810012,0.0003183454571121031,0.06604846852505437,0.6441314026446113
132,0.06822422009588336,0.014605193208856167,0.00033867354329051956,0.01684321975649197,0.8999886933954779
133,0.34193591483254876,0.0298889527620837,7.37725596393014e-05,0.021194635102542905,0.6069067247431852
134,0.5991368252449746,0.26684022504470295,0.00015175688868848705,0.017271651450129648,0.11659954137150431
135,0.33879476421428767,0.6444347562395984,0.0003193613552079226,0.005505239887833223,0.010945878303072795
136,0.24405557555945634,0.7285932775396575,0.0011906108383630677,0.012250377975899875,0.013910158086623147
137,0.014150299391136776,0.9713420302768083,0.009453161919645245,0.0029431517257960224,0.0021113566866136618
138,0.02438033613852208,0.950504709691522,0.013207817896932931,0.002895001927500457,0.00901213434552242
139,0.009611231672496516,0.9346775795857177,0.046734759659535274,0.0058148314884231365,0.003161597593827381
140,0.03898350190192954,0.9277981621506928,0.005938618900975706,0.006867261629724803,0.020412455416677196
141,0.012685508749890953,0.9403699801489971,0.04017893309821872,0.0024056929037684356,0.0043598850991247865
142,0.0072347632770576814,0.7477433730699864,0.2393446263811774,0.0011142586566271835,0.0045629786151513
143,0.018750913876421322,0.788093111459317,0.18288292564055922,0.0013641145646191499,0.008908934459083306
144,0.021244012530529502,0.8734155352760414,0.09652815530132049,0.0023564796125447344,0.006455817279563772
145,0.004375931595732674,0.3593809237287964,0.6315501699265756,0.0009762092838025179,0.0037167654650928123
146,0.020449088964484018,0.7078237165935303,0.25920789128470967,0.001242694738447071,0.01127660841882911
147,0.010582497260411028,0.5683750121133596,0.40828462463359605,0.001240680281845612,0.011517185710787577
148,0.02713882246148802,0.7021696138831796,0.25439641705183746,0.0025567889860890675,0.013738357617405767
149,0.031098468806822405,0.41909222847624605,0.5102219107850359,0.00292915633674717,0.03665823559514847
150,0.1853530509864908,0.7323391502196963,0.019212272895589803,0.0071498534200724155,0.055945672478150694
151,0.007109763688322414,0.9482276339904506,0.04120093304740334,0.0004664710242969581,0.0029951982495266074
152,0.01538957946711433,0.8684392381011989,0.1095205917806359,0.0009286232462633583,0.0057219674047874645
153,0.007266498731586216,0.6214845503129292,0.36617620549281127,0.0007240225703822601,0.004348722892291199
154,0.0069486852542758465,0.7288821394378022,0.2505402465850529,0.0011153715311495753,0.012513557191719557
155,0.01795259648556143,0.7170071515426558,0.24998545638535163,0.0015026856595796686,0.013552109926851496
156,0.04841825232083375,0.5109927331771629,0.2775577971354197,0.0027434464275991484,0.1602877709389844
157,0.10324954759853507,0.7263051684996157,0.14033882124652064,0.005290693954258508,0.024815768701069992
158,0.03459091738971919,0.8731943971589834,0.07858296657170233,0.0009028833206973448,0.012728835558897712
159,0.041570285046888596,0.6574388619477606,0.2849801984916134,0.0008195042229515207,0.015191150290786022
160,0.01807336147879838,0.7650015324058922,0.20802814188716223,0.00035641976486422915,0.00854054446328308
161,0.024862049479699912,0.7682648074636448,0.2002157647089787,0.0003969441617250475,0.0062604341859516435
162,0.03108174422116613,0.689798425249254,0.2730362257893473,0.0003574355155832624,0.005726169224649202
163,0.004030863041847561,0.46774343089205195,0.5236682992148018,0.00022778445469985212,0.004329622396598826
164,0.01403686706198529,0.7529027526254171,0.22399153875163957,0.000454254416603112,0.008614587144354915
165,0.0052988027972085,0.2799439928667132,0.7116562682648027,0.0002593310089603479,0.00284160506231529
166,0.006012415246360323,0.2217158915795803,0.7675534992868563,0.0003941073662714664,0.004324086520931685
167,0.007348507294538802,0.4574963018121138,0.5274219182935654,0.00041893469432869034,0.00731433790545329
168,0.0015958664496054115,0.0698361909451973,0.9259882036015329,0.00012669464842751337,0.002453044355236818
169,0.0022201467830821183,0.16694703631923996,0.8262186247667128,0.0003484471741222757,0.004265744956842776
170,0.0010484740146933518,0.09090084603811614,0.9057101764389254,7.610291086649076e-05,0.0022644005973988697
171,0.0008220504644140869,0.08544226562675648,0.9121724462548152,0.0001108647575872991,0.00145237289642676
172,0.000780689142732986,0.06730402134033456,0.9301969655919954,7.907412881514167e-05,0.0016392497961220261
173,0.0009034482396975539,0.05909195839845457,0.9384372147686981,7.827957836687426e-05,0.0014890990147829206
174,0.0005901260517285044,0.060698891931680155,0.9375561652754273,5.0118937117519696e-05,0.0011046978040465056
175,0.00011740998071912918,0.021056224104786546,0.978113803639519,1.4560479966979473e-05,0.0006980017950080107
176,0.0011762563743862031,0.11694799579539514,0.8768447006180391,0.00011147408022778437,0.004919573131951649
177,0.0005131411377944141,0.045024343326022176,0.9532270329444525,2.861179440083331e-05,0.0012068707973299656
178,0.00029667400351946393,0.03588848818666065,0.9624906136862381,1.905131754285146e-05,0.0013051728060389238
179,0.0002598429347084811,0.02030710315193841,0.9786085139304921,2.917469712095745e-05,0.0007953652857400179
180,0.0007651250011831418,0.0826128615429563,0.9136628508602189,0.00010699012602569715,0.002852172469615892
181,0.0005678919216921751,0.0619543399686502,0.9367129285559875,6.987818423605989e-05,0.0006949613694339093
182,0.001634708310266482,0.08103252224245983,0.9120141872324273,0.00011942897940776833,0.005199153235438721
183,0.011980328488541407,0.32280526784350094,0.6533750288627473,0.0009071674873586307,0.010932207317851677
184,0.0020227006861438424,0.1934094514224571,0.8009154837915018,0.00040707062791012964,0.003245293471987169
185,0.001991463336823279,0.18930750002882907,0.8044419258467561,0.00032077492674510325,0.003938335860846509
186,0.004053193823843985,0.17317522303594238,0.8020810494032413,0.0004417119436731595,0.020248821793299183
187,0.01215274968685335,0.6360286419919121,0.3444866880341685,0.0008365565315657662,0.00649536375550038
188,0.002692256665842192,0.19087228380789067,0.8018457892507012,0.00038592407741707454,0.004203746198149081
189,0.004480226727285446,0.388232041155126,0.6034602285196355,0.00032322697565813265,0.0035042766222948825
190,0.0009387955775687623,0.11275315431279516,0.8847514539752879,7.963683423557462e-05,0.0014769593001127187
191,0.0006531052462269353,0.0726187333743255,0.9256380293495073,7.321674930281833e-05,0.0010169152806373874
192,0.00039935378583694936,0.03037889733178318,0.9685671286265478,2.187519783807644e-05,0.000632745057993981
193,0.0017411327104408223,0.06370846159172029,0.9321189356813772,0.0001075994341645394,0.0023238705822973024
194,0.0003120468430286802,0.03221256358485668,0.9668576559565223,1.700419378349272e-05,0.0006007294218087836
195,0.0013668425836791114,0.04077582146721975,0.9558686393245802,3.163711361083786e-05,0.0019570595109102426
196,0.00042314933557714875,0.019463882650597328,0.97929422832223,1.233643034853914e-05,0.0008064032612468918
197,0.0018544046550509885,0.04555341204413989,0.9461855729489537,5.347967702829592e-05,0.006353130674827218
198,0.0015814832468684279,0.1331885455293507,0.8630278542319506,0.000171760544104024,0.0020303564477262364
199,0.0013807437930337721,0.0721622832381726,0.9254235611250977,8.007342127192598e-05,0.0009533384224240505
200,0.0009332287304459538,0.05823010731137209,0.9390696682768638,4.470581394828203e-05,0.001722289867369818
201,0.000943892465032449,0.060136106349380276,0.9376658111320818,5.1797491029755165e-05,0.0012023925624756824
202,0.0005036272071323154,0.035275194534558574,0.9631088115876911,2.013314628881189e-05,0.0010922335243290196
203,0.00043685494430640795,0.030615051810340493,0.9677032849132426,2.409701382624418e-05,0.0012207113182841581
204,0.0003161913790946995,0.029399275246028412,0.968256776524919,2.6051436826369756e-05,0.0020017054131315592
205,0.0001772865725670003,0.017113195940219376,0.9820406360679826,1.3243194016957006e-05,0.0006556382252138717
206,0.000612850919667491,0.044368595198851356,0.9532146810997543,2.7806131619915804e-05,0.0017760666501069767
207,0.0012395210665825484,0.06859581801037955,0.9275835669439804,9.491386358645018e-05,0.0024861801154711367
208,0.0010165798599329752,0.04866052334748818,0.9485811105577985,3.81238207320105e-05,0.001703662414048301
209,0.0005761675978575414,0.01907038170331783,0.9790184071858098,5.261479778416911e-05,0.0012824287152305017
210,0.0016706699779432867,0.05142033274752822,0.9440270087614444,5.391862723030278e-05,0.002828069885853865
211,0.015166368202847284,0.2265397753162743,0.7370779784266246,0.0008380199797601358,0.020377858074493754
212,0.0020180289486456077,0.07390782352818469,0.9228979722598486,0.0001140194212927675,0.001062155842028414
213,0.001681474132528356,0.1167398871083779,0.8792265048411793,0.00025664574328972546,0.002095488174624785
214,0.0026519525967670645,0.07540485907531536,0.9181612206844241,0.0002984455497217932,0.0034835220937715554
215,0.026202007750042746,0.33280457222915333,0.6279422581980232,0.0026095774640954666,0.01044158435868529
216,0.012434641331660935,0.40259738777855275,0.5765298374722599,0.0007732119620763719,0.007664921455449966
217,0.005407980464558157,0.1693407241294709,0.8207371644560024,0.0003441067701864615,0.004170024179782003
218,0.02115851708196323,0.39053842394489197,0.5460012077512603,0.0013030608524130082,0.04099879036947158
219,0.02700728579244124,0.9148111315720147,0.047769710171315115,0.0025731663492971663,0.007838706114931634
220,0.0021806957759070654,0.15958801791719776,0.8342020970081464,0.0011400706410901191,0.0028891186576585908
221,0.006123081502273529,0.15601882499425437,0.8315450126833085,0.0013885477939642415,0.00492453302619945
222,0.02596267079352802,0.6317893183341063,0.3125856457827969,0.01342726082579525,0.01623510426377349
223,0.04720215201710701,0.6016085895285797,0.20203169707761015,0.07089502581349037,0.07826253556321285
224,0.16186832415026536,0.3284687635392084,0.018819931112211204,0.293477963652193,0.19736501754612215
225,0.17013534869298125,0.4528656027013449,0.0016532391120602334,0.20871106623416888,0.1666347432594448
226,0.2637914447869957,0.28237559780067417,0.0011816068004232786,0.2111985148443095,0.24145283576759738
227,0.17306744776084512,0.2523756021282832,0.0027307469181326234,0.06985476244566799,0.501971440747071
228,0.20799870359593764,0.30611592388369196,0.0015312612276128402,0.3587379961472889,0.1256161151454687
229,0.17799436808307262,0.3073306246040753,0.005541174218487344,0.3965020576612774,0.1126317754330874
230,0.17217124156029479,0.15513784693100952,0.0012292547331437726,0.4186081289624431,0.2528535278131089
231,0.09386969744553401,0.15403136707447776,0.0022713849428708495,0.7110341531121517,0.03879339742496568
232,0.07440946709680112,0.18422996958647866,0.005076865426462052,0.503046008482931,0.23323768940732703
233,0.11865441146431562,0.08772493351761017,0.001286501110714622,0.6854234827463727,0.10691067116098699
234,0.1643233202789539,0.07327815374284438,0.0008585747336756629,0.5951954429515404,0.16634450829298572
235,0.2060768914472493,0.052134606443185495,0.0003027580549651794,0.6868524954646421,0.054633248589957904
236,0.19101521804237093,0.1450168545619816,0.0016927342169095866,0.5975979223072297,0.06467727087150828
237,0.052270659433904354,0.0629651749867673,0.00016307360278210308,0.8683013404343042,0.01629975154224198
238,0.019306339084775574,0.0930318454885633,0.0009975871155875585,0.7697608951182864,0.11690333319278719
239,0.038782865807258496,0.03699775407626367,0.0008053324118074422,0.8022022160509074,0.12121183165376315
240,0.04963235167813922,0.059669378714349665,0.0005281572074727361,0.7258093628928168,0.16436074950722152
241,0.12453568744536983,0.05346532475380187,0.00028432419832988043,0.7699294567789192,0.05178520682357925
242,0.10462164498755051,0.05662393060077539,0.000492343215657424,0.7431985463389308,0.09506353485708596
243,0.06437780870605117,0.03910098605832638,0.00021053495447360073,0.8625858264516933,0.03372484382945546
244,0.05161831888654817,0.04980798639025318,0.000539816248322122,0.7955105994012102,0.1025232790736663
245,0.1066469217389563,0.06069206926907173,0.0007320163619562316,0.7560680812393565,0.07586091139065915
246,0.08926734793885209,0.07183316123364013,0.00034724960073235063,0.8040159012813383,0.03453633994543719
247,0.0711634688036669,0.05760926023016754,0.0004329230399645339,0.7968708819546453,0.07392346597155575
248,0.023770671281846234,0.04720745896775752,0.0006714253729826317,0.7975709347568463,0.13077950962056728
249,0.0320062093471942,0.03667661048681725,9.684539872487522e-05,0.9178541253214637,0.013366209445799807
250,0.030569192807107258,0.026538036781232305,8.0378626956611e-05,0.9270377009596692,0.015774690825034524
251,0.055904959948969477,0.0490560653484928,0.0002281277988546779,0.8207081177673523,0.07410272913633073
252,0.07766359092223286,0.051373971166001564,0.00043577966431354413,0.7837585678998773,0.08676809034757475
253,0.16835289095334544,0.0766435773996211,0.00023926496207744277,0.7203587072344018,0.03440555945055428
254,0.17175782378046173,0.09701220215712048,0.0007179895541985523,0.4952472200070089,0.23526476450121034
255,0.13910426311960686,0.16548653926846163,0.001088530241870405,0.22568470633115137,0.4686359610389097
256,0.35786671155089905,0.14388640635394176,0.00022538697892441017,0.3766953348625074,0.12132616025372735
257,0.3500355999722184,0.22895925608025786,0.00046709522345990406,0.35830157134466173,0.06223647737940217
258,0.3116864850352435,0.0919116192674951,0.00019883102665166477,0.4923478487845353,0.10385521588607445
259,0.1998104032617225,0.19125268432036371,0.0006326964516644804,0.4456126935084046,0.16269152245784457
260,0.18044855750682987,0.40679210907543384,0.0013163133940675782,0.22568862275651258,0.18575439726715606
261,0.2672247291660521,0.3572037850910858,0.0018898588414452693,0.26318742911643994,0.11049419778497699
262,0.22172905124402495,0.5082635160610633,0.0002889800228188611,0.22688627339604517,0.042832179276047606
263,0.22432974308535905,0.5825360281869189,0.0006497635201952752,0.13613806382741964,0.05634640138010726
264,0.27138089791502457,0.3641944416597838,0.00029401288282139646,0.20916921471497188,0.15496143282739833
265,0.17324247376497887,0.17459557941456558,0.0004956659356747938,0.11201502570902847,0.5396512551757523
266,0.3463663089803119,0.23770269675599046,0.0002751200200962208,0.2723978453492643,0.1432580288943369
267,0.4430402784080829,0.09778578976914461,0.00039656315562616306,0.15189080652888418,0.3068865621382622
268,0.030676319811444825,0.029903963891037947,0.003121642647306864,0.010863737893379825,0.9254343357568307
269,0.025007993422787356,0.015965848831910233,0.0001680268853394083,0.003630071321774892,0.9552280595381881
270,0.14401155865759624,0.06067064600654334,0.00027172302666977877,0.02804732461796629,0.7669987476912243
271,0.007871586678066339,0.0039223659423910364,7.020201576286977e-05,0.0021761441074933403,0.9859597012562864
272,0.09614886768982535,0.016125457989828694,8.827747962469236e-05,0.014045269524567304,0.8735921273161539
273,0.5238097315482669,0.10979340274961928,0.0005253265817345172,0.051586116717751665,0.3142854224026275
274,0.5659902849829185,0.23501712052591417,0.000558951476578028,0.06019916563833508,0.1382344773762544
275,0.35299392889735176,0.5037844285027542,0.0006008223609651314,0.09035122104075079,0.05226959919817811
276,0.04205973110054812,0.8537637751465299,0.004644627051089907,0.09158875980110753,0.007943106900724674
277,0.027250248673981802,0.7658283291024025,0.04413789309541105,0.08827994215532352,0.07450358697288109
278,0.06463738096059593,0.07457352384715041,0.0010593544050623955,0.14371079615923799,0.7160189446279532
279,0.34514201978647774,0.1326055538679966,0.0007436287877900561,0.09654365037756818,0.42496514718016754
280,0.2968062232078227,0.6473704769600084,0.0013111380618954288,0.005696714059001081,0.048815447711272365
281,0.1331368816457343,0.8600055196153741,0.0027718399769313035,0.0010451994896406504,0.003040559272319475
282,0.029100951189949452,0.9661445755172361,0.0009053437477585352,0.0013274976353214113,0.0025216319097348615
283,0.05542960123792039,0.9320257270874893,0.0011250734454076538,0.004290392192984661,0.007129206036198234
284,0.023263168112624726,0.957638183883986,0.009548803199785726,0.0035953067777195185,0.005954538025884064
285,0.024906791504148654,0.9219106009467162,0.043943187809985795,0.004951253210132356,0.004288166529017083
286,0.006684810666648475,0.9218639564371703,0.06727205773109347,0.00150721918708831,0.0026719559779991475
287,0.045583619266381784,0.8463433842104682,0.07391133968822548,0.010720782055944228,0.02344087477898053
288,0.028918014250911932,0.9507806055883732,0.005520499860770332,0.008883698291050483,0.005897182008894158
289,0.0250123311597868,0.8122291912562961,0.14494799041292714,0.0067995840613297425,0.01101090310966032
290,0.033666223649738265,0.9256620957899706,0.027669647052061194,0.004866507751044222,0.00813552575718559
291,0.020587781173528334,0.9486732806190982,0.021614656772383636,0.0031159433106411802,0.006008338124348853
292,0.011614090727692155,0.8355083956371423,0.1451135346525948,0.0015392143724286425,0.006224764610142017
293,0.007742089118504066,0.8204388307252387,0.16675979086884404,0.0025652527523904447,0.002494036535022697
294,0.01726192893766149,0.5138002283572057,0.45165628091783866,0.004190550727046039,0.013091011060248047
295,0.05934119896793898,0.771660037011677,0.09427611372761624,0.010815683178166313,0.06390696711460159
296,0.018896737173367113,0.9345467723098129,0.028824629056896447,0.007266459841994001,0.010465401617929483
297,0.019441528466914104,0.04764146983226945,0.0019410117081084285,0.0018914280378618913,0.929084561954846
298,0.2508736949924298,0.6027030603492711,0.009304884262642296,0.01264764352917598,0.12447071686648083
299,0.04229341763398638,0.6808678579867413,0.1297278739224128,0.021833107644163335,0.12527774281269613
300,0.0011524666732638104,0.0014204176530222782,0.0004258306876138315,0.0016130956995771665,0.995388189286523
301,0.003953264622542701,0.00356151580304694,0.005870386981311268,0.0008479259779741137,0.9857669066151249
302,0.010820224020859028,0.011238890602886532,0.0016897558402927545,0.010951464910967317,0.9652996646249943
303,0.0005055756713208045,0.0008304585925907004,0.0002785304359021435,0.001136102930498467,0.9972493323696879
304,0.0007451288833071158,0.0004649645568443127,3.088162314711707e-08,0.0004698931062362471,0.9983199825719893
305,0.0020703358087373522,0.0006242678317090775,5.525082622420982e-08,0.0006132749755946628,0.9966920661331325
306,0.0011499515860335938,0.0008850216224677594,0.0001981595986919819,0.00023913843524437926,0.9975277287575622
307,0.1371738967821008,0.08904394506151077,0.19908650102917427,0.01662934608468795,0.5580663110425262
308,0.0006760719228362061,0.0001674989651366148,7.006242626934373e-07,0.0003694018537230966,0.9987863266340413
309,0.0010258334910061297,0.00018903666916320056,1.0778176094989214e-06,0.00044051695185826393,0.998343535070363
310,0.0005511216115766887,0.0002009988942024549,1.7899811642323275e-06,0.0009099281801402007,0.9983361613329164
311,0.0006711052090497821,0.00014724171159909903,2.6127701237095594e-06,0.0003035736323326955,0.9988754666768946
312,0.0002573111582731382,9.896456048092142e-05,4.112626127226428e-06,0.0003116399992216672,0.999327971655897
313,0.00022015923123679197,0.00018016769725045376,1.145929393233259e-06,0.0008515827663027766,0.9987469443758168
314,0.0023215593594242464,0.000493967674200219,2.4711059978135866e-05,0.0010611605394278136,0.9960986013669696
315,0.003474035828583084,0.0005461580079151692,1.9815224396706375e-05,0.0013415710362622204,0.9946184199028429
316,0.0008166734246117383,0.0002771847279175987,7.568456332932036e-06,0.0018334850313428495,0.997065088359795
317,0.002658301951170266,0.0005022333749754268,1.6281570220640636e-05,0.002054381119187877,0.9947688019844457
318,0.0010279193971936059,0.00032845510618548137,4.194678763177778e-06,0.002304335990942642,0.9963350948269152
319,0.002044917104653904,0.0008755977368918042,2.3637193630977626e-05,0.0029734288513746606,0.9940824191134487
320,0.0016759454223470836,0.0006484677710564444,1.4750987681085159e-05,0.002867466531171737,0.9947933692877438
321,0.00420527356593599,0.001106870535228044,3.2621317039247535e-05,0.0025670110796353163,0.9920882235021614
322,0.001708108774698105,0.0007340110911896766,1.3473659626283399e-05,0.0031180513869546707,0.9944263550875313
323,0.002917161273273811,0.0013452696783528716,2.659127294655538e-05,0.001573948551156317,0.9941370292242705
324,0.001404012347836382,0.0006733639812721168,6.301903349511209e-06,0.0018198467323454896,0.9960964750351964
325,0.0014451267568129456,0.0006409424522482962,1.1525550523274615e-05,0.0010371083777806678,0.9968652968626348
326,0.0010921668333944653,0.0005574254703051257,3.1226308825479e-05,0.0006891904089693504,0.9976299909785055
327,0.0008483639137563446,0.0002491093962308025,3.427896387113392e-06,0.0008444761805329674,0.9980546226130929
328,0.0007296301168273312,0.0002130870584000205,2.926618411177206e-06,0.001516558624390593,0.9975377975819709
329,0.01462030388862822,0.0012673448227894387,4.438028315482006e-05,0.002436454787951912,0.9816315162174756
330,0.0016296969430998286,0.0006188791281334512,6.7616433692923745e-06,0.002288068792289201,0.9954565934931081
331,0.0007599915955638427,0.0005651816836962212,5.651899747838328e-06,0.001797741838847871,0.9968714329821443
332,0.007700711033735645,0.0015506845004926422,2.874417257160578e-05,0.002284560657189229,0.9884352996360108
333,0.0009141378662619605,0.0010328984000910675,7.828672890559362e-06,0.002368302378699776,0.9956768326820566
334,0.001424437178264479,0.0005494741618384882,1.244015168431172e-05,0.002689291217485328,0.9953243572907274
335,0.015273969923214283,0.0009597153218081699,5.047518209643642e-05,0.004407861982454686,0.9793079775904263
336,0.009224977454517237,0.0016001332187472368,2.716856663722179e-05,0.0021282421415522524,0.987019478618546
337,0.0203588318114327,0.0013965979248179632,2.6086499371063026e-05,0.0027135360700808113,0.9755049476942974
338,0.0042088243527874086,0.0014929989386935135,1.0328989961825616e-05,0.0038675430468739056,0.9904203046716833
339,0.001447266447029643,0.0005758052250249136,4.103897360231508e-06,0.002486095605943651,0.9954867288246416
340,0.0020576199844695316,0.0008978915216000847,8.567390747707405e-06,0.004078213330497253,0.9929577077726855
341,0.0012436590789409886,0.00040748482520128513,2.630838611711629e-05,0.0011739336464870484,0.9971486140632535
342,0.00024364827192655447,0.0001719622353354312,5.068321525191515e-05,0.0008825407765209632,0.998651165500965
343,0.0006569842280086724,0.0003367486982465588,1.92334686182534e-05,0.0022401159509505227,0.996746917654176
344,0.005482356976146581,0.0006452030800878448,3.5133926554649165e-05,0.004867332335012506,0.9889699736821984
345,0.0021703059397244796,0.00023735977260666316,8.581013401684935e-06,0.0032170205124048864,0.9943667327618622
346,0.0022286629761401953,0.00044310429343108595,2.073795463181572e-05,0.005209670936628675,0.9920978238391683
347,0.0009540461960136622,0.00036215707580990907,1.9818520620885736e-05,0.0025485528717545695,0.9961154253358011
348,0.000724963522492363,0.0004629219857259411,2.4058633723165926e-05,0.002130305402529413,0.9966577504555292
349,0.000773219646354745,0.00024750196724544017,1.3494810580157171e-05,0.0016965020978704378,0.9972692814779492
350,0.0009439138997767288,0.0002771215765211511,1.993779134197097e-05,0.0011156482937504325,0.9976433784386097
351,0.00028104122143268403,0.00022231300314593896,4.1941237492900167e-05,0.0006787549011470454,0.9987759496367814
352,0.00024271368366228358,0.0001940410709194479,2.813222476820102e-06,0.0005723183381193123,0.9989881136848221
353,0.0013918709912373493,0.0005282199579907849,1.2734563149391252e-05,0.0020099158107574236,0.996057258676865
354,0.0007491695267625264,0.00035604837128528835,7.866095709469964e-06,0.0007401425335761006,0.9981467734726666
355,0.0011907219418843193,0.0006680161353564039,7.915169323088968e-06,0.002432163417407218,0.995701183336029
356,0.0017484267485682755,0.0010754496256443482,1.1867562835007887e-05,0.0022654058666017746,0.9948988501963506
357,0.0018619383239291494,0.0011693556531357763,3.7382858260118715e-06,0.0018125447214422,0.995152423015667
358,0.003310314662958875,0.0015667053436983736,1.2072693813984284e-05,0.001253093978637951,0.993857813320891
359,0.003484837393344446,0.001044525253140666,1.0527778241191106e-05,0.0017643365197652938,0.9936957730555084
360,0.0030512957208079818,0.0007395863495840135,1.2194310643684325e-05,0.0026801777624477926,0.9935167458565165
361,0.0035206867967271295,0.0009064916934430793,8.986101209856238e-06,0.003027843493688467,0.9925359919149315
362,0.013746007005913058,0.0008315086131337355,8.390832272459554e-06,0.0025476879690134353,0.9828664055796673
363,0.003315634532995526,0.0008628308416660961,6.500690017248098e-06,0.0024723514038275203,0.9933426825314937
364,0.008699960601347088,0.0018022325011261646,1.480427727605733e-05,0.004259058355841751,0.9852239442644088
365,0.01373894144148177,0.0015376897183677408,3.811115227545477e-05,0.008479622901959114,0.9762056347859159
366,0.002899236427975819,0.000896024281970223,1.3153939923360416e-05,0.003171752426650943,0.9930198329234796
367,0.0012340245158860084,0.000499472085698991,8.885358934612395e-06,0.001925552497698173,0.9963320655417821
368,0.0005743610598485728,0.00027521299169873566,3.957464218221725e-06,0.0011649807797744986,0.9979814877044599
369,0.0022896274948924216,0.0003513326057862612,1.040381549710888e-05,0.0025962859968963804,0.9947523500869279
370,0.0009987061406915609,0.00030632229590817035,2.214779697474093e-05,0.0011978321232836112,0.9974749916431419
371,0.002965414923185209,0.000435818158450213,1.617188819237647e-05,0.002732916710303311,0.9938496783198689
372,0.000999581032988956,0.00019143151013286135,6.460642415348226e-06,0.0031733475375514872,0.9956291792769114
