epoch,N1,N2,N3,R,W
0,0.13709400854115703,0.0024133648264837277,1.3581918064522813e-39,0.04756910100366998,0.8129235256286892
1,0.04573783575256906,0.0010183004817937778,3.1037151843937174e-40,0.019226423541912088,0.9340174402237251
2,0.19136902977300685,0.0024319521730649975,4.135342539376193e-40,0.03919286174190741,0.7670061563120207
3,0.27200738609039343,0.003907492853722467,5.5672260222805386e-05,0.0650666193994737,0.6589628293961877
4,0.38783345453165025,0.00827979354533555,6.076192865410403e-05,0.05024686533427851,0.5535791246600815
5,0.28000440128007975,0.04619798673193994,0.0001791297430918386,0.27124311911985577,0.4023753631250326
6,0.2602729999665068,0.018997565345987334,9.453344564284278e-05,0.15928458984434296,0.56135031139752
7,0.24832478227579427,0.27166306468798623,0.0003877509212701899,0.19112863739451222,0.28849576472043714
8,0.047953935516325326,0.009682639925258784,3.450201397306578e-05,0.10490593462295057,0.8374229879214924
9,0.12911278243180077,0.01316111761650721,3.51910781977826e-05,0.07668661876570852,0.7810042901077856
10,0.2158603300830066,0.036861362030382844,8.914507825966511e-05,0.1306659268217478,0.6165232359866032
11,0.35992203219248003,0.12929151786208698,0.0006490838491271731,0.11230824966392355,0.3978291164323824
12,0.34284533589013044,0.16083060287269532,0.0005096337892114571,0.17211392943849654,0.32370049800946626
13,0.2978337299420027,0.13471210055420882,0.0003228384367614691,0.13894642373915247,0.4281849073278747
14,0.37274800805014724,0.3542242060284795,0.002255089311654066,0.14864108749456842,0.1221316091151508
15,0.25164705590062153,0.5958886804508093,0.004884249839774366,0.07582287311037227,0.07175714069842265
16,0.33312136228233735,0.2470789645437544,0.0004584157051134905,0.13073831792722881,0.2886029395415659
17,0.1419026937750529,0.6710233742262235,0.004632282228013812,0.07588591591545156,0.10655573385525828
18,0.18760262876710188,0.2781790325944947,0.0012786458682968731,0.06188998286885533,0.4710497099012512
19,0.3173216929821049,0.517883698761718,0.0012401477963067784,0.06892398172808992,0.0946304787317803
20,0.40896787877126156,0.34036221051721194,0.0005249770062819111,0.0779705805617293,0.17217435314351506
21,0.34401245471747405,0.5067101936492514,0.0004529680941980962,0.05588243480795885,0.09294194873111762
22,0.24124676136925716,0.6130011018805952,0.002140518042590284,0.047466652738775206,0.09614496596878212
23,0.15728214243624505,0.06911457012687298,0.0006652766672380198,0.014636550959751698,0.7583014598098922
24,0.5569761990036427,0.22863842544962076,0.0006532390122190322,0.03296269830852918,0.18076943822598826
25,0.40518730690769467,0.5265748473572566,0.004031367084924668,0.02357395029348327,0.040632528356640926
26,0.6375405824072568,0.24884620049707548,0.0022127654488775335,0.07221595749049546,0.03918449415629476
27,0.1859503951101779,0.7386711034997695,0.00655031950338561,0.04941699120498526,0.019411190681681637
28,0.27565237170445567,0.5639039035085958,0.002413480499697578,0.12349071221354271,0.03453953207370823
29,0.24674818239920612,0.5660475700947228,0.003483729847196423,0.0809143011394779,0.10280621651939684
30,0.07346099787587873,0.8980770198337934,0.013830017717646803,0.00429007647778814,0.010341888094893129
31,0.0606552092741382,0.8964819543033737,0.025047841845754627,0.0028932769945014974,0.014921717582231799
32,0.05312819826421659,0.9044644914121786,0.0320461896335839,0.002567335853161155,0.007793784836859798
33,0.04387564677867315,0.8675131274567792,0.06873505599121564,0.004644648319089724,0.015231521454242183
34,0.08377828694923954,0.7881433073294252,0.09636286060970302,0.006807304239938074,0.024908240871694073
35,0.024453557851393488,0.9243138271667363,0.04500880889614704,0.0021322104221216383,0.004091595663601524
36,0.042407937495804744,0.9023211105340029,0.044785965538825905,0.0025510899063538625,0.007933896525012503
37,0.010436812038674723,0.8579356232293173,0.12650815845532998,0.0009897984946151816,0.0041296077820627336
38,0.0527951330020307,0.8089149158571111,0.11524179630385543,0.007407503251099815,0.01564065158590295
39,0.03421569116843358,0.7771559913561162,0.16974304094768006,0.008530121244155264,0.01035515528361485
40,0.05412318576190718,0.8979593687829631,0.02918350834379764,0.007473827667555407,0.011260109443776416
41,0.1800222720244647,0.7433465677102217,0.018569947493703408,0.026992482358658563,0.031068730412951617
42,0.06217885596291497,0.899143756081127,0.016109755060058115,0.013093151480949248,0.009474481414950582
43,0.061802368556867396,0.884378743378613,0.03617130521044878,0.011671693429171442,0.005975889424899233
44,0.01923186787990833,0.94511855845042,0.026591734730021275,0.0023376806449735923,0.00672015829467684
45,0.04942764992232864,0.05683751035435565,0.00013257190155511336,0.011650203128115216,0.8819520646936453
46,0.33169350557257316,0.49168275995974037,0.002647402152667003,0.03763474730175566,0.13634158501326393
47,0.19661320472089522,0.7422507432833297,0.012547158608692526,0.015757352245593752,0.032831541141488674
48,0.36529410720047795,0.19292070127614924,0.00025195221794621517,0.0633018454729556,0.378231393832471
49,0.5482876331955404,0.20556736530313188,0.0005516561320032786,0.09150552668301086,0.15408781868631363
50,0.37643853317033177,0.4725587591043693,0.0016431319708143665,0.08347231831352096,0.06588725744096353
51,0.28534538541525617,0.666205567198457,0.002581368551996761,0.025725005366983626,0.02014267346730655
52,0.25002927811244485,0.6180592836790209,0.0030474534251975108,0.048293257628467166,0.08057072715486961
53,0.055002992262934675,0.906052413471564,0.004815941693267332,0.023260206363426624,0.010868446208807439
54,0.18923382507909955,0.5269014775464511,0.0012781662313056203,0.010913525275658989,0.2716730058674847
55,0.43718209925628954,0.41556246749842596,0.0012741801648502701,0.04869731082877489,0.09728394225165929
56,0.23963889094649324,0.7089478609450489,0.005194597618955437,0.024810493757059963,0.021408156732442587
57,0.13280190939222283,0.8449789030934075,0.009444846373118942,0.007309930624051935,0.0054644105171986635
58,0.08826747966862523,0.8915214743221064,0.006257419365448806,0.005813692985811282,0.008139933658008493
59,0.09367215830023405,0.8729040623654248,0.009697977296864764,0.013714222955274026,0.01001157908220221
60,0.09374331315327449,0.8720608134259883,0.01788369458812909,0.0070780396077306336,0.00923413922487742
61,0.12207437922651056,0.8280612004220205,0.024216948008498558,0.00984014833470599,0.015807324008264574
62,0.050489009749906874,0.9224110248283266,0.0170060592768186,0.004201715838824398,0.00589219030612382
63,0.03134296479670071,0.8954927162046169,0.059290250270521205,0.007128437059266714,0.006745631668894351
64,0.054387314381283185,0.811693027786561,0.0246049141982226,0.0012619216525590353,0.10805282198137424
65,0.3109434695730175,0.6286136810473368,0.018942263502444493,0.01244619660638963,0.029054389270811425
66,0.14777239502291958,0.8189635417714759,0.013342352014456871,0.007271775207736854,0.01264993598341077
67,0.33197339477721427,0.17121467280305425,0.0015588067042742457,0.0015507737746497995,0.49370235194080747
68,0.1890313394512242,0.785414198615698,0.01466612410301824,0.0032598373832412046,0.007628500446818512
69,0.07647460118512184,0.8888172804354368,0.027886261636355214,0.0009130432485674555,0.005908813494518462
70,0.06779067212459587,0.8868759704827814,0.03691572364388836,0.0019411471911554424,0.006476486557578782
71,0.024979386471150604,0.8848084129539963,0.08355005970832602,0.002309233908976649,0.004352906957550613
72,0.023441207472828594,0.8985060513912638,0.0722382951258856,0.0023018682865413973,0.003512577723480575
73,0.006041927627075532,0.8839168343625485,0.10588906605236309,0.0008226501531113794,0.003329521804901359
74,0.008829331292681588,0.7590700507271585,0.22579732380404022,0.0012827080616942355,0.0050205861144254895
75,0.0046459804054029144,0.6786999306941408,0.31267585854027846,0.00042149777604522494,0.003556732584132347
76,0.001373915068850416,0.1254525979004573,0.8712085532884604,0.00020554763925501065,0.0017593861029768852
77,0.0041233897425770666,0.2352218309919241,0.7575361884352635,0.0002442135531340991,0.0028743772771012135
78,0.0012728865792248991,0.21539484067423337,0.7807502964917298,0.00018963119454932066,0.002392345060262574
79,0.0018407840293455226,0.13107364211241698,0.8616774402366785,0.00024035841689935565,0.005167775204659742
80,0.0004959875214763134,0.08455617401891666,0.9135423028342796,7.894809064436311e-05,0.0013265875346829613
81,0.0007401131195718255,0.06840895540898077,0.9287288874772075,0.00013750943205105177,0.001984534562188887
82,0.00036159771635267213,0.03267510772197336,0.9649558381285669,0.00013585188525062577,0.0018716045478563968
83,0.0007652493310187646,0.05444451252940371,0.9415236449808937,0.00021423900617823278,0.00305235415250574
84,0.001256543650049698,0.07259590741889488,0.9224968289882156,0.0002729782969208298,0.003377741645918781
85,0.0006305037503598121,0.049795665339841325,0.9453215671402886,0.0002565691418138275,0.003995694627696387
86,0.000492619993512346,0.03324813275702233,0.9640450349447073,0.00012044883203513917,0.002093763472722987
87,0.0007523519802485608,0.06781851434074605,0.929607503145392,0.00013340991512538673,0.0016882206184879334
88,0.0008882724829914817,0.044658298705798134,0.9527121163563395,0.00012111343112716674,0.001620199023743654
89,0.0009454746904405327,0.09182399343438344,0.9027153259671306,0.00020877963751012022,0.0043064262705354356
90,0.00025903044881697376,0.02650921125430618,0.9721650525629292,7.010592351099192e-05,0.0009965998104368191
91,0.001383173035001626,0.12420183479782697,0.8709598947492292,0.00038336656493150197,0.0030717308530107974
92,0.0014275969536695523,0.0868152432827902,0.9076638464815401,0.0003040720232180048,0.003789241258782266
93,0.0004589980805051664,0.030000193403247534,0.967515331310872,0.00014846162599285314,0.001877015579382498
94,0.0009899619206344221,0.05487528957020075,0.9397153983466114,0.00029924308195385276,0.004120107080599493
95,0.00041403959687435116,0.04714971901545001,0.9491273742478363,0.000200341007259448,0.0031085261325798515
96,0.001537216979480322,0.1552985909311189,0.8386216676649948,0.0006427514925405503,0.0038997729318655874
97,0.0005885033590358538,0.05329681782693008,0.9427632408621476,0.00018782440117190771,0.0031636135507145963
98,0.0007185178863835737,0.04636688466663439,0.9495127239395272,0.00028969034979640966,0.0031121831576582876
99,0.004371605753667288,0.247547255180145,0.7428499711933326,0.0006108211575226516,0.004620346715332574
100,0.0019977707014212425,0.058906283721863906,0.9330370890569841,0.00036185806940211394,0.005696998450328513
101,0.002606863927208142,0.1655367783654879,0.8283811808959832,0.00026942535771913535,0.003205751453601576
102,0.0029850069898684326,0.10420339084379272,0.889936573824226,0.00032842456882543517,0.0025466037732874308
103,0.0018600078619614782,0.10728831545067583,0.8853305594468391,0.00027928271560007084,0.005241834524923622
104,0.0015534899249195822,0.05082340529384371,0.9437439080043518,0.00022088010007137134,0.0036583166768134343
105,0.0014977821814808486,0.023125453255972896,0.9707847868728365,0.0005141585697918796,0.004077819119917796
106,0.027917615613314645,0.24933173987416718,0.6979264168823687,0.0014468879308118406,0.023377339699337613
107,0.009634789086490859,0.009445067464386845,0.0008415696562942264,0.000978887527982925,0.9790996862648451
108,0.5437440783512348,0.11252382988123859,0.0005533521759390407,0.05416948975928864,0.28900924983229886
109,0.4646058167442606,0.33217091866576215,0.0024973450123516767,0.03130977941659051,0.16941614016103515
110,0.46464386545836295,0.09743277642151123,0.00035689040030105745,0.03764719207073511,0.39991927564908974
111,0.049107840858268505,0.015158115424429639,8.475231885378722e-05,0.0032444175698480315,0.9324048738286
112,0.10712480849883173,0.006108590995054371,3.0186835157668183e-05,0.006780684035346197,0.8799557296356101
113,0.4163268935919075,0.010361893093212438,1.1846100249430205e-05,0.005408007012275127,0.5678913602023555
114,0.046107724331803344,0.007276863456913107,1.077705897584597e-05,0.00576626950229929,0.9408383656500083
115,0.005002276933903983,0.002891838517760998,1.0604286086280793e-05,0.0015699425783208877,0.9905253376839277
116,0.016501872007075046,0.006669554552005697,0.00832166719124258,0.00027722028012849587,0.9682296859695482
117,0.00010436769018114906,0.0002660831395471409,1.5358129343024255e-05,8.631322025256395e-05,0.9995278778206762
118,8.069330178780228e-05,0.0003922832823685823,1.2239374998727308e-05,3.854142160813336e-05,0.9994762426192368
119,0.00015315501780791094,0.0006844491884061407,1.871484113857212e-05,5.51838324640982e-05,0.9990884971201832
120,0.0005545227477351567,0.0015287048781202081,5.0486252720213345e-05,4.7757935411065883e-05,0.9978185281860135
121,0.0005602850504025416,0.001067948900868488,2.607058171125409e-05,5.1196715535638636e-05,0.9982944987514821
122,0.0008009143861167822,0.0012720080222106752,6.174601195586105e-05,9.395948579294148e-05,0.9977713720939236
123,0.0011239508397900711,0.0003194241953614693,5.760972140968684e-05,3.158398476854481e-05,0.9984674312586703
124,0.003094230178318138,0.0003225147248937744,1.168505353224673e-06,6.694643324319397e-05,0.9965151401581915
125,0.007726707728372182,0.0004724998354723535,2.083205235576638e-06,0.0001197617046783718,0.9916789475262415
126,0.04525560273812017,0.0013286416885016528,1.3375215581192856e-05,0.0025882048721324004,0.9508141754856645
127,0.031727210815612875,0.004112005612629001,3.129755977134132e-05,0.0026729246408625186,0.9614565613711243
128,0.050550915998823436,0.0059824774661947225,4.711538593516711e-05,0.0033501411114539074,0.9400693500375928
129,0.11352663338794862,0.017178078548165096,0.0001310071645856774,0.014320103637241151,0.8548441772620594
130,0.09136850610070342,0.01029231831042915,1.2098999833142e-05,0.01910634843175286,0.8792207281572815
131,0.16084579551567402,0.010440255340129307,1.824334611387369e-05,0.13554019170033155,0.6931555140977512
132,0.08204987164036344,0.007526864267682354,1.0476455544653328e-05,0.0646932874321157,0.8457195002042939
133,0.28933372076567526,0.09959251994247825,0.00023284685097283792,0.22583938352209768,0.38500152891877604
134,0.2893743241625935,0.03372151582013275,6.711843665747528e-05,0.22777057899581185,0.44906646258480437
135,0.3481004792357625,0.047076695550403135,5.5496433081767936e-05,0.3014479712170043,0.3033193575637483
136,0.3681571190834049,0.047887590312665575,8.931437261772836e-05,0.38877685856766936,0.1950891176636423
137,0.3173044480096585,0.026968271198398338,0.0001965092963209067,0.4779933765147186,0.1775373949809036
138,0.13955877885763066,0.024027384178888788,4.0196055319924646e-05,0.09238292044091788,0.7439907204672427
139,0.060266407244492115,0.013611628025469733,5.444090041340061e-05,0.027167081775464917,0.8989004420541598
140,0.06192883269193707,0.012673242875296482,7.603279147508493e-05,0.02659629725527206,0.8987255943860193
141,0.4309208085764256,0.0274233729649719,5.3152502989101855e-05,0.07006569382071814,0.47153697213489526
142,0.14693468289621514,0.039483595545779966,0.00030390122731844106,0.04974517473172997,0.7635326455989565
143,0.015107473967185378,0.0026560479074269235,2.9865559639325864e-05,0.008390264860110646,0.9738163477056377
144,0.012641688087902012,0.0023353801979791957,2.7535413446396205e-05,0.0041935502261331425,0.9808018460745391
145,0.010019384833441962,0.001069051090448412,1.3579521421333788e-05,0.0016745342709408465,0.9872234502837476
146,0.12851244955278812,0.005080765978479735,6.629618369952817e-05,0.00750381379104143,0.8588366744939911
147,0.056854200283563805,0.009942269349185188,3.137850413317863e-05,0.003329373069613265,0.9298427787935045
148,0.0069524948095196866,0.0038151174641751825,0.00018631166801300804,0.0005396068391839843,0.9885064692191082
149,0.029140734812161388,0.003843310025026548,1.0230790312049443e-05,0.0013117755709950792,0.9656939488015049
150,0.011290778827381644,0.0006480150142367308,5.125577323272683e-06,0.0011807782493119755,0.9868753023317463
151,0.017323730485335122,0.0016055960252602196,2.375008276319351e-05,0.002267255413199508,0.9787796679934421
152,0.09997775732359272,0.005322660875997154,8.499930730935418e-06,0.00971619470158962,0.8849748871680896
153,0.027852846123379862,0.0063128877718253654,6.499573720733142e-06,0.00285875980734427,0.9629690067237298
154,0.005283593674079697,0.0020854936916732,1.1397860275970553e-05,0.0013257671953341133,0.991293747578637
155,0.10003893982535436,0.005344630385283729,2.9565683430180215e-05,0.004726204701467682,0.8898606594044641
156,0.01418862350199403,0.0050380534991639695,9.712039087271727e-05,0.0035731661371469193,0.9771030364708223
157,0.013446386521993248,0.004829920050768648,0.00034123312228917285,0.00135578522074396,0.9800266750842049
158,0.012465016816288305,0.0017052095597489335,5.55889078920469e-05,0.0020396248790409788,0.9837345598370298
159,0.004601695751885572,0.0016930110369477059,0.00015123504820322505,0.0007484360756305673,0.9928056220873329
160,0.0048570736729436955,0.0017608807085465125,1.149866661453496e-05,0.001328966533891328,0.992041580418004
161,0.011254014291577593,0.004033058952157866,0.00016362784224260157,0.0017463100361920691,0.9828029888778299
162,0.03295800459050509,0.008967661088069323,0.0005174169990120696,0.0017863130298960302,0.9557706042925175
163,0.007646331950617801,0.0036644683015313946,3.4857227142900004e-05,0.001612188879790841,0.987042153640917
164,0.005353294653597245,0.0013857535885146632,7.116888358045563e-06,0.0007590818440238233,0.9924947530255062
165,0.00569020815806209,0.004954930868841146,3.075655462286956e-05,0.0011261664125934649,0.9881979380058804
166,0.00747358714088739,0.005673635770202941,0.00022704022572357448,0.0009628807382786675,0.9856628561249074
167,0.0071993434692628755,0.0028424750704489753,1.6222429386018655e-05,0.0016064143459469592,0.9883355446849552
168,0.022309721080434056,0.003125675011066707,1.9097990126101856e-05,0.002141513552606776,0.9724039923657664
169,0.10951075800338989,0.007928774460312149,0.00011261897228847979,0.007230462392544196,0.8752173861714654
170,0.37275727709161416,0.016732574051399014,0.0001817186311124647,0.0537259448294934,0.5566024853963811
171,0.48062971898537654,0.027337536707355215,0.00039733087869626787,0.11587044956542836,0.37576496386314356
172,0.4665827945634438,0.025350921015585916,0.0001592157355076048,0.13661087460000954,0.3712961940854531
173,0.3539757072827436,0.021480922910104196,0.0001622201022048562,0.08704701223421339,0.537334137470734
174,0.46875015902694744,0.03640759457502475,0.00028259508342411876,0.055802810754584355,0.4387568405600193
175,0.5648342294845567,0.06378941119510903,0.00016476879544777,0.053855705863525685,0.3173558846613608
176,0.4475375130779715,0.26963646319348006,0.00037095422339272153,0.12111069041306889,0.16134437909208676
177,0.15794200194469363,0.05143518963774966,0.00023385131176465704,0.015181833019359329,0.7752071240864327
178,0.012466529789922782,0.04180393922708352,0.010386248959727715,0.0009882033729828332,0.9343550786502832
179,0.0019900615118096585,0.0010115035255865797,7.962089344195288e-06,0.00039709755690630786,0.9965933753163533
180,0.005631052506844005,0.0028450119873749532,4.550315116165851e-05,0.0011540114363041889,0.9903244209183152
181,0.004339307739318588,0.001011985987396779,8.098199319326607e-06,0.001103104629999722,0.9935375034439656
182,0.0059788323584744965,0.0034208673570134593,1.993515189342967e-05,0.0009482639030045105,0.9896321012296142
183,0.013521833107206982,0.005939551642129429,9.508067412101962e-05,0.0025074951159056265,0.977936039460637
184,0.0023680488906000353,0.001811204515592887,1.4568794061558423e-05,0.0007685652351094619,0.9950376125646361
185,0.0032690531662611213,0.001185450497670046,2.0414277047592246e-05,0.0007449676127143563,0.994780114446307
186,0.014873641397089837,0.003381177642849674,4.9118045967141226e-05,0.0025234680069314936,0.9791725949071618
187,0.013610291093785584,0.003390788309557378,3.1980153198007356e-05,0.0028726667576253724,0.9800942736858336
188,0.01666730222688416,0.0024583975636069243,3.6761988788623045e-05,0.004693652153951706,0.9761438860667686
189,0.030464651987875298,0.0029051116783325496,4.5399590627273763e-05,0.007328848032708978,0.9592559887104559
190,0.1617613524733438,0.009042360572759462,0.00017674595838559087,0.031470183599694446,0.7975493573958167
191,0.43645125941721724,0.011868825565817752,0.00017426685063434485,0.08158863669271366,0.469917011473617
192,0.5926612527011064,0.030907532219404846,0.00019705614300906656,0.07027281783512687,0.30596134110135287
193,0.7090623233351893,0.039068793933049864,0.0001044350654509356,0.09371660061300809,0.15804784705330197
194,0.7170151373922593,0.07755581310778613,0.00025594791986707663,0.13930887695040553,0.06586422462968194
195,0.5470597756123321,0.24573559553665078,0.0005397466616407357,0.1927129916414216,0.013951890547954895
196,0.12295499785883676,0.6596371356440721,0.004406523880414737,0.20868857367650817,0.004312768940168158
197,0.032841188097288664,0.8659404001230523,0.009643113155175322,0.08955276508024634,0.002022533544237504
198,0.056813411041771414,0.7978096647565435,0.022064198003132814,0.11801137779823759,0.005301348400314848
199,0.1030131980373301,0.6770675577921512,0.010299381443562941,0.2014750621962193,0.008144800530736315
200,0.05560876087386497,0.7690211226544562,0.007694172259594334,0.16300727120630895,0.004668673005775489
201,0.03968858464897184,0.8443449914891732,0.01949454961140187,0.08776435565182111,0.008707518598631909
202,0.059493257418947995,0.5485938532694064,0.004641910466482533,0.3801914771236597,0.007079501721503317
203,0.0674115620364014,0.18801174531328652,0.0009879507355713686,0.7372975459185152,0.006291195996225648
204,0.0444211167557234,0.051575650811447965,0.00023840368741076613,0.8918943632828616,0.011870465462556183
205,0.1230080090667104,0.0505566558412834,0.0001720125812691697,0.7462879533931652,0.07997536911757169
206,0.01670465015199252,0.011451441577891436,2.4476973419069682e-05,0.02260004094795098,0.949219390348746
207,0.2609909044510145,0.016845027296158603,2.1213312243323138e-05,0.28844810319404357,0.43369475174654004
208,0.5480617149091401,0.022378429803526223,6.192976453920111e-05,0.31624052171410505,0.11325740380868941
209,0.3331749449545668,0.011585127579495263,2.2278109890851927e-05,0.19324820332922263,0.4619694460268243
210,0.34695500747242974,0.06469171567731345,0.0001911936453175395,0.4616173686975688,0.12654471450737048
211,0.16535152453236204,0.4704814428587499,0.0011953646797783551,0.32134475108799043,0.04162691684111919
212,0.2599271599665437,0.17934119755462133,0.0005768508857854807,0.4999613253165063,0.06019346627654332
213,0.10140568739740458,0.65783891059155,0.0028874967106762546,0.15156683023449766,0.0863010750658717
214,0.23372429541579404,0.06315096053630906,0.00010803343181601483,0.5331898659412627,0.16982684467481815
215,0.2686705869341913,0.19907362695995598,0.0005654099751911504,0.49663116490146936,0.035059211229192234
216,0.09545880987302278,0.7283901676549093,0.0014445250696753706,0.1440431893013623,0.030663308101030216
217,0.11938009451971483,0.6703926129204898,0.0007479810161813659,0.1529859734678432,0.056493338075770914
218,0.015512647873977973,0.011686142381935674,3.6539635137899065e-05,0.0248946401135712,0.9478700299953772
219,0.00995198586963786,0.006566031499629528,0.00016043787650714378,0.008802310623025243,0.9745192341312002
220,0.005549116136348531,0.005385417182166848,6.961039881281368e-05,0.0023129616791957956,0.986682894603476
221,0.0085744692165471,0.001289559882810995,2.0986105402846704e-05,0.004190596093449651,0.9859243887017894
222,0.03181224215593774,0.011385000845265177,0.00014268094588638187,0.001958310607924961,0.9547017654449856
223,0.0005929711274257047,0.001067356725592914,1.3343317640330282e-05,0.00013243858280449316,0.9981938902465365
224,0.0004627803612558975,0.0017148432792839375,1.9144398964707518e-05,0.00016165891093326013,0.9976415730495622
225,0.0006397013652626543,0.009716225948254054,2.135195613718825e-05,0.0002697632555987401,0.9893529574747474
226,0.0011963675114490691,0.004549886295723343,4.7848161476611996e-05,0.00023844207968375426,0.9939674559516671
227,0.001623867853936025,0.006072430781339337,0.00012015743820121401,0.0005143598918653192,0.991669184034658
228,0.018507621819723062,0.011600530847656568,0.0004628689171095347,0.0034704963829996524,0.9659584820325112
229,0.002987429803459938,0.0008070501560054192,1.317925621021026e-06,0.00268658716764986,0.9935176149472636
230,0.008648958739157567,0.00011895261836297458,1.0512272199100301e-06,0.0054518677345311625,0.9857791696807283
231,0.008154805329071826,0.00023217022848456414,4.77708984781714e-07,0.0029579173717249017,0.988654629361734
232,0.0026180323340904625,0.0004189274974391004,4.4174456463645486e-07,0.0020235529379323226,0.9949390454859736
233,0.07031405606060097,0.002309598743395017,6.354257058648723e-06,0.022876537149766046,0.9044934537891792
234,0.20508238736590784,0.0069446402522652575,1.9210754674203172e-05,0.15501485928315434,0.6329389023439983
235,0.30934561973147406,0.00962709365347863,6.424041835695555e-05,0.3994518002833493,0.28151124591334103
236,0.2929288159290001,0.012958657112415858,5.673325482493172e-05,0.26456757843686696,0.4294882152668921
237,0.032021641638714494,0.004811772585523142,2.808456984479825e-05,0.06547818930779226,0.8976603118981253
238,0.22898964667472116,0.008212948767581467,3.764365475234153e-05,0.6182042310647688,0.1445555298381762
239,0.05093239219465568,0.003155657851945555,1.4922650673305123e-05,0.06291091884876583,0.8829861084539596
240,0.41499615820825525,0.020631340616790256,0.00010036810265846208,0.4455336399370175,0.11873849313527861
241,0.3449961123807851,0.031145981143393515,0.00012138786256635713,0.49797133332806254,0.12576518528519257
242,0.5217967758593872,0.05417107513923354,0.00014068051895014107,0.3745908160901934,0.04930065239223566
243,0.28911044850628603,0.06760700768234976,0.00017994209078193865,0.585689882236399,0.057412719484183306
244,0.1744643193438176,0.10083878396259575,0.0003577833549184307,0.6905645251810456,0.03377458815762273
245,0.13636826101043095,0.17125619404603395,0.0005926352458044866,0.6461513744885982,0.045631535209132434
246,0.19248640734566524,0.22089139735900645,0.00046283980727140233,0.467006123426934,0.11915323206112302
247,0.003145641623952659,0.0028644167253870654,0.0003041677657542133,0.00083173128674746,0.9928540425981587
248,0.013129730730226321,0.004215816480914317,2.4169854715061932e-05,0.004446894245654654,0.9781833886884898
249,0.2632232055668791,0.007564011113234272,3.1382662790581437e-05,0.011934583325553876,0.7172468173315422
250,0.6906853145227014,0.009694229425663885,6.842991736505983e-05,0.008773152154725471,0.2907788739795443
251,0.89903712961074,0.02721502649470215,6.59056680519807e-05,0.023427746245173457,0.05025419198133227
252,0.6504687988145341,0.1757663256146096,0.0005822358565071081,0.14017265664103917,0.03300998307330994
253,0.42160373463720063,0.4608407114297217,0.000667569575067985,0.0963879044220612,0.02050007993594853
254,0.15058044287322225,0.75901888596141,0.003582250438862843,0.08026246002125498,0.006555960705249893
255,0.12729854232699914,0.697587003485485,0.003477689107219213,0.15972439650028236,0.011912368580014423
256,0.0314504928267571,0.9277667516287679,0.00532582874833895,0.03244347850216844,0.003013448293967617
257,0.052007523757232985,0.893445018449934,0.004332363783457388,0.04627911013049529,0.00393598387888043
258,0.05013880613287354,0.8821731988344188,0.01057004709472383,0.05360205311539516,0.003515894822588774
259,0.020437642891705562,0.9194738130394654,0.04006260428346421,0.016709543881601622,0.00331639590376317
260,0.033351388509292465,0.9173826344584844,0.02173681966165507,0.02457649336725481,0.0029526640033132796
261,0.05442618758660817,0.8943293528579657,0.029164600714452735,0.017553934326300764,0.00452592451467282
262,0.06038911922889499,0.8735025817815388,0.02118165208707375,0.041214161752094726,0.003712485150397603
263,0.044322875769212296,0.8879085666700214,0.02443775782689434,0.03852490240407431,0.004805897329797736
264,0.06039185573037017,0.8737866506466208,0.017823555943593666,0.044617520297139744,0.003380417382275595
265,0.01562014302616592,0.925849749067833,0.047171725815244245,0.009022012193997281,0.0023363698967594627
266,0.07301942241041634,0.8681943838983605,0.02530750423871556,0.028584548879002792,0.004894140573504945
267,0.054331709684254825,0.9068790549352734,0.01728312453017956,0.018117759290334243,0.0033883515599580118
268,0.02166108674544521,0.9241940667132624,0.036850409472950076,0.013688627594147717,0.003605809474194601
269,0.09061624542852935,0.832327882228503,0.00811048224800746,0.06204430566774138,0.006901084427219038
270,0.019285258338421006,0.9290800552134636,0.03989669945193703,0.010190819859815072,0.0015471671363631837
271,0.03218027958594713,0.915563725216153,0.03759561003236208,0.01250348773464968,0.0021568974308880124
272,0.010291353241175655,0.8640841951252406,0.11423279950431241,0.008489001913602837,0.002902650215668493
273,0.012518582299776926,0.8509104208110836,0.12377732279166503,0.010017259148910084,0.0027764149485643656
274,0.011642200075540813,0.858776515280673,0.1185990542871828,0.008839134632222216,0.0021430957243813433
275,0.014302598734398745,0.8505956563748985,0.12431423054083032,0.008084725406503773,0.0027027889433685224
276,0.00841393832730961,0.8101188337130979,0.17429850956161932,0.004367062710276707,0.002801655687696446
277,0.015319540027197088,0.8044304288168229,0.16442375111268986,0.007395436935434857,0.008430843107855435
278,0.009962277276909853,0.7255287502833417,0.25651551194246114,0.0044799045229806855,0.0035135559743065376
279,0.02376925920985868,0.8502438233120874,0.10336148752984006,0.014746771449425307,0.00787865849878859
280,0.12336548390001502,0.1511686810915984,0.007289637691242201,0.007777502901654258,0.7103986944154901
281,0.25121662450668275,0.07164681952998858,0.0005241063700854425,0.007011897307836629,0.6696005522854066
282,0.46340888440000766,0.3694945819044164,0.011487561763388566,0.03468081375098176,0.1209281581812057
283,0.45332345828904097,0.5019712921928396,0.015875157790618447,0.009696333407243954,0.019133758320257037
284,0.13160665741697614,0.8166211468435394,0.028973791861577478,0.016261487772153513,0.006536916105753304
285,0.07738338989470979,0.8408327922839915,0.032316319411890615,0.04261937685537468,0.006848121554033274
286,0.04238145336466061,0.8986131404540496,0.009751664089120596,0.008183615715201471,0.041070126376967685
287,0.08291126333982828,0.19273881786851377,0.0070325696394727445,0.003635254572501615,0.7136820945796836
288,0.45142213531327025,0.4832604516914494,0.004506820441076871,0.03602083980392207,0.024789752750281467
289,0.25543539410093175,0.7116459412084413,0.011852405985905805,0.012071055233615045,0.008995203471105943
290,0.10397818013319937,0.880283286534161,0.007506889862303897,0.003968297769475787,0.004263345700859735
291,0.08004637591779755,0.8734636669673677,0.0069969573461808165,0.03262604621528981,0.006866953553363932
292,0.056233902172154744,0.9046189365467965,0.020118789488276143,0.013637854915039334,0.005390516877733262
293,0.05607231796640541,0.9062619404149299,0.0149961915120215,0.019186818854954248,0.0034827312516889667
294,0.052766697959068604,0.888409203392839,0.018442044612854126,0.037195346476560566,0.0031867075586775096
295,0.02504485731929276,0.8841173504806527,0.07332322017654276,0.013552432260811346,0.003962139762700466
296,0.05114173724650183,0.8762981762850734,0.03678002790879703,0.030404693322034698,0.005375365237593086
297,0.00700220628720916,0.8694642681853926,0.11627221897761497,0.005640529007011827,0.0016207775427716745
298,0.010935188823134394,0.8508947163865594,0.12061618498398248,0.013719922479722098,0.003833987326601675
299,0.0356827865962277,0.8390549528848779,0.07172842376571167,0.05019695296478375,0.0033368837883990332
300,0.025321070401959515,0.8468903593913495,0.0776575331389958,0.0447550278781259,0.0053760091895694
301,0.03118935425544836,0.8447200055680028,0.08317239386839555,0.034028240330229914,0.00689000597792325
302,0.06218434210103247,0.8718631138840465,0.03254829607220684,0.029553655412669355,0.003850592530044798
303,0.017271471995725856,0.8643692501197582,0.10010903136977382,0.016134289713362112,0.0021159568013800153
304,0.016211921049115435,0.8123219882296577,0.15386811930115504,0.0135085655653316,0.004089405854740252
305,0.0703570669589777,0.8432284130629526,0.036118038156555614,0.04369942640662018,0.006597055414894095
306,0.007905743879486752,0.7560804453087375,0.22289297440851502,0.010727512401887618,0.0023933240013729144
307,0.07557318066671898,0.8304350140666068,0.016861551652415426,0.06912313715975708,0.008007116454501886
308,0.08621530750812535,0.8227260167494229,0.017029295135597373,0.06878901061052788,0.005240369996326456
309,0.0666914659912344,0.8349509516630129,0.01542114996611426,0.07793101132317205,0.005005421056466299
310,0.12699416832886143,0.5682418684347326,0.002137736089763006,0.2899294744381123,0.012696752708530594
311,0.05606028547405915,0.39090079497537766,0.0010839216381566773,0.5466613838447812,0.005293614067625259
312,0.08325743348056613,0.3070398231341166,0.0009429925286364389,0.6011331914069231,0.007626559449757598
313,0.024734012999869645,0.04108533528734553,0.0006881761366425769,0.013282595526127051,0.9202098800500151
314,0.6705796380216617,0.06420177505791992,0.0005935574425805307,0.1680858240474545,0.09653920543038333
315,0.4471293022793568,0.32791176595570176,0.003037081664476036,0.19386190024229,0.028059949858175476
316,0.5793519843198001,0.09333897113132957,0.0005467086937674894,0.26040034675675316,0.06636198909834962
317,0.048164555694030414,0.05804551016716374,0.00015326588633054935,0.03371154521786168,0.8599251230346137
318,0.05782531958094241,0.028342230481492023,0.00034143238593462185,0.013271310399940067,0.9002197071516909
319,0.060621355270673666,0.026270449197377303,0.0003145385354755394,0.005364785004052579,0.907428871992421
320,0.01939451435557821,0.0064880411358611625,5.679123587961105e-05,0.006747905947728647,0.9673127473249523
321,0.021431938105550122,0.011432218714846027,3.210339711974932e-05,0.016829373493361655,0.9502743662891224
322,0.027542400512011286,0.01362275562116961,0.0002599615976684623,0.007761645825637198,0.9508132364435136
323,0.04520485552431885,0.10980729158696013,0.0030254334404285553,0.019816260230186705,0.8221461592181057
324,0.0022144623021842003,0.003512907011747553,0.0002303456619122935,0.0006897606112594196,0.9933525244128965
325,0.0007307360177783138,0.004152550154733456,6.754898071479725e-05,0.0006475729755942434,0.994401591871179
326,0.001121781764005634,0.003992982897053106,6.55563262930574e-05,0.00046480151913511883,0.9943548774935131
327,0.001846404771885256,0.0029017031503901862,5.307261497985578e-05,0.0004891625669032154,0.9947096568958416
328,0.002553638931221986,0.0038638819152883,4.778928792830378e-05,0.0008929982915831437,0.9926416915739783
329,0.003186774010095988,0.004803950578594212,4.429766199713578e-05,0.0009281243131638809,0.9910368534361488
330,0.00910174458006125,0.005619444793455777,0.000375201831632234,0.0019158128441258075,0.9829877959507248
331,0.0036271295154512843,0.001099480913336381,5.865972489768895e-06,0.00014006071026723515,0.9951274628884553
332,0.0016711864019948823,0.0003616640586083522,1.2728162717362994e-06,6.599918436798804e-05,0.997899877538757
333,0.0031643613398453264,0.0004575311507704364,7.557769982700584e-07,0.00043565764197698947,0.9959416940904089
334,0.005265269981651752,0.001192954811408252,1.050456191188091e-05,0.0014548515239187203,0.9920764191211094
335,0.016444303372931485,0.0026594145588112387,1.290140465148495e-05,0.002889844876626797,0.977993535786979
336,0.01780275147743552,0.005030366250382713,2.6795946051765136e-05,0.004045549248772954,0.9730945370773569
337,0.008344989682067736,0.0009074618091778906,0.5428299574285494,0.002467176720714578,0.44545041435949034
338,0.01495042502103425,0.0022760712501003768,1.0851812103434139e-05,0.01040708267615468,0.9723555692406072
339,0.2956081782179518,0.03785233147053623,7.359794982424769e-05,0.057590429319630085,0.6088754630420578
340,0.004355326586720381,0.0015537465408492167,4.722404175223609e-06,0.004766519415395946,0.9893196850528593
341,0.06054185472694118,0.01288713227470843,3.407180200603641e-05,0.01567603901675368,0.9108609021795906
342,0.010208890038064617,0.00327876411037864,0.00010115545639448933,0.0060109713940686565,0.9804002190010935
343,0.012741680650273427,0.004325470252660653,3.8453860084209995e-05,0.005784914924863076,0.9771094803121186
344,0.014480411292889695,0.0020094323758059075,2.5937742826029558e-05,0.0024018696700853844,0.981082348918393
345,0.015768951058004292,0.003927959684362158,3.1318742840458166e-05,0.004005650127758808,0.9762661203870342
346,0.009320223524034561,0.00444206278850711,3.8497137701427735e-05,0.00468774836654981,0.981511468183207
347,0.019187228585015783,0.003556579491955566,5.819993304847067e-05,0.004207855799730817,0.9729901361902494
348,0.026351400865096932,0.00983977556834278,0.00011196220163039766,0.00458904094618044,0.9591078204187494
349,0.048244230091600164,0.05656764393143679,0.0026028196242326943,0.01304675537835938,0.8795385509743711
350,0.04366938882926616,0.0056452114392915665,3.3892734463263435e-05,0.005726248486598212,0.9449252585103807
351,0.0763066065951483,0.006498482523386583,5.6172645903237786e-05,0.017923296691048415,0.8992154415445134
352,0.6324892287790929,0.025170861013180893,0.00016296184168752717,0.04147171105441117,0.3007052373116275
353,0.745759571351204,0.04566133255031792,0.00014460840969944032,0.10834804517883702,0.10008644250994177
354,0.6282230056147334,0.1278552742490776,0.00024423451897816754,0.20181907801816498,0.04185840759904574
355,0.48937717208901915,0.314691931122944,0.0003512631763473874,0.15489081478689345,0.04068881882479587
356,0.3715175651304157,0.22706615241836828,0.0010192169251689262,0.37950923959218835,0.020887825933858867
357,0.09804055916226594,0.5756205326160165,0.003988874642356983,0.3171074624478895,0.005242571131471112
358,0.06692597084980267,0.5233691154709601,0.005410531661161009,0.3966425609935267,0.007651821024549452
359,0.05512238941536531,0.7758486224503304,0.004134705103409002,0.15839896508281637,0.006495317948078808
360,0.065855086306214,0.7622497405255514,0.004654764998291146,0.16064348412951146,0.00659692404043197
361,0.052412068290079064,0.8636772731875895,0.009024280932431714,0.06949516793771263,0.005391209652187049
362,0.054463475854479006,0.8925688723695168,0.011969542569650191,0.03716146932614077,0.0038366398802132736
363,0.07234934267828692,0.8460058703320674,0.010728451461376243,0.06253354903439777,0.008382786493871508
364,0.04423810166136715,0.9202204352313866,0.011574295729297988,0.0215349833808947,0.002432183997053873
365,0.037432236309127946,0.9231403756157666,0.01729091493491063,0.019599846998890502,0.0025366261413044535
366,0.04298361650855156,0.9100842185807748,0.021654998629721478,0.021739695798606816,0.0035374704823451395
367,0.049400973027550726,0.8966468424260676,0.021522667268576406,0.02913114594242598,0.003298371335379305
368,0.046316414257739025,0.9024488142652125,0.027539659231957985,0.016663239153024423,0.007031873092066173
369,0.02018607760766265,0.9074670911422188,0.06156730209710959,0.007849089351681481,0.0029304398013275247
370,0.030059809867175376,0.84457204228462,0.10497746567189313,0.01613778686144614,0.004252895314865398
371,0.035808889159717576,0.883690274727453,0.05547076399338174,0.020792009714562243,0.004238062404885687
372,0.04507680864234283,0.8664105905367676,0.04412323348110267,0.039878898301440896,0.0045104690383460325
373,0.014254720923653893,0.9219495868556463,0.05482491793536801,0.007038863599333049,0.0019319106859987125
374,0.044150050192096245,0.8948962696245024,0.04391957568743182,0.01370048316343894,0.0033336213325307596
