epoch,N1,N2,N3,R,W
0,0.001981961691849811,0.00014927696358789106,3.2136445913296425e-05,0.0006275968457012078,0.9972090280529478
1,0.00023663336761848785,1.0579490809772753e-05,2.652617896713193e-05,8.16520380876835e-06,0.9997180957587959
2,0.00027144092221435384,7.395361890565897e-06,7.5424980182898475e-06,7.499229291699146e-05,0.9996386289249597
3,0.0013347651778725111,2.1581589129709093e-05,4.37447424468002e-07,4.364200117424457e-05,0.9985995737843991
4,0.0016193298200959257,0.00013840487361653538,3.314485977754749e-05,6.0600735197163154e-05,0.9981485197113129
5,0.0002361287840768288,8.933638908188547e-06,1.2230320055018312e-06,4.550727895429054e-06,0.9997491638171141
6,0.0011782696063611807,3.3158842056911005e-05,7.232612492867852e-07,1.1115795082523018e-05,0.9987767324952502
7,0.46542031322730404,0.003329865361122504,5.592451462567077e-06,7.916695045620855e-05,0.5311650620096547
8,0.23578544696011755,0.017655658738024733,7.242065797145903e-05,0.0003069745464220759,0.7461794990974642
9,0.04233652795149531,0.005520926340697393,0.00014002895761226777,0.00013631206629381354,0.9518662046839013
10,0.2599416516915731,0.2311321665185268,0.007462086684620815,0.0027297304482545885,0.4987343646570247
11,0.20538613609907644,0.3186399133795313,0.022005500895123556,0.0024591863874258934,0.4515092632388429
12,0.10423175982375005,0.2799059658741148,0.05327090119859656,0.0035832958428286747,0.55900807726071
13,0.15504049196912079,0.23503267615533288,0.02109310565989606,0.008574378549522083,0.5802593476661282
14,0.0634951690248315,0.4231344615131068,0.042838824846044204,0.0054048922276757234,0.46512665238834183
15,0.10693823681199331,0.22322216116562843,0.007414263382663806,0.0032130953949325446,0.6592122432447819
16,0.09489681995447258,0.5177899609445867,0.006300999336482808,0.008633272394949517,0.3723789473695084
17,0.01802882659922788,0.03434930631716214,0.004783753959673439,0.0006939638226829818,0.9421441493012536
18,0.5145706471048954,0.14847621797942787,0.0007583852953053136,0.005259770011215212,0.33093497960915624
19,0.1275074357553408,0.44256160946957657,0.03771339972694275,0.00250280075743902,0.3897147542907009
20,0.036165985536729096,0.034213759208158265,0.013189564242603815,0.0008793349143569654,0.9155513560981517
21,0.022008423603548693,0.09235733342455556,0.010355432871189719,0.00046418848549036404,0.8748146216152156
22,0.1271493076806471,0.0557712661979164,0.0004440132763821662,0.006375538985807854,0.8102598738592465
23,0.052534947188870425,0.31682426450882123,0.08542122029411425,0.0019535117398971936,0.5432660562682969
24,0.13846797199852678,0.03147324005579873,0.00016271377925840128,0.0016906191808491611,0.828205454985567
25,0.5382957434671299,0.19275979843371613,0.00041355533880020633,0.0027752011640495276,0.26575570159630424
26,0.13758596970785236,0.7335022240775128,0.020352213991741825,0.0006574998797942863,0.10790209234309875
27,0.19642404514831882,0.6625377714027818,0.05566474054238757,0.0007173883708767684,0.08465605453563495
28,0.07439572875180872,0.5943329896455435,0.28679750869692167,0.001200301228226047,0.04327347167750009
29,0.044444692139276695,0.7404812175086383,0.15452450770031514,0.0008074871275245254,0.05974209552424558
30,0.03138757976931106,0.6007298705245537,0.28418173970299987,0.0013255130412309292,0.08237529696190436
31,0.02601514978023984,0.53918459622452,0.3751364026084819,0.0008339073623217084,0.05882994402443663
32,0.007027082869220433,0.1862316536636663,0.7732107338293797,0.0001476384280344285,0.03338289120969927
33,0.01203318609891553,0.31837926313987147,0.6353654948556957,0.00011272494348855624,0.034109330962028665
34,0.013417486875410705,0.31523009401414237,0.6112129045010293,0.0001429898951120004,0.05999652471430564
35,0.0018944946678559154,0.14844671847652496,0.8321157638636678,5.3653221340183936e-05,0.01748936977061113
36,0.009558693813758665,0.30290143398648467,0.6660112274615297,0.00010731039501658632,0.021421334343210512
37,0.0034646135862718276,0.1270359149764717,0.8532641005849969,5.6986039133154094e-05,0.01617838481312627
38,0.002288014595722558,0.09384049754031266,0.8966767843125953,5.4051152895529734e-05,0.007140652398473842
39,0.0011565297313367124,0.08265174329721078,0.9048032913718632,6.915465536065279e-05,0.011319280944228427
40,0.002023704058945971,0.10848619127895494,0.8829824435855401,0.00010665717881755638,0.006401003897741458
41,0.040526440466990964,0.22645045510213493,0.457252947972047,0.0002958937777982689,0.2754742626810288
42,0.003774734128847035,0.12163078915920311,0.8670270643834703,4.4339474588569944e-05,0.007523072853890849
43,0.005655235084659994,0.2582707065574734,0.7288855692037401,5.8310860054278015e-05,0.007130178294071943
44,0.009927249956532061,0.2788304669897462,0.6916265601812123,0.00011373856026673725,0.01950198431224275
45,0.0009878559721915796,0.07678485132487493,0.9136182303514853,3.510203524509518e-05,0.00857396031620322
46,0.0003726980700444001,0.05512737087663136,0.9425493196984024,1.2951836717862461e-05,0.001937659518204013
47,0.0004654050569383267,0.05248068907163706,0.9446107719448527,1.288746606825457e-05,0.0024302464605036557
48,0.0007281085788146756,0.059421223538101135,0.9342793658261253,1.0143944961642075e-05,0.005561158111997311
49,0.00013160677696151491,0.017261390162486207,0.9809633626905989,3.900816684270955e-06,0.0016397395532690758
50,0.0001783499793212621,0.019967513749171634,0.9773474251794827,4.328501909332992e-06,0.0025023825901148073
51,0.00030559290757676725,0.03642366023748522,0.96056972501844,8.458363651237577e-06,0.002692563472847046
52,2.2534241128804225e-05,0.006853828826743922,0.9920185455364148,2.655795622498894e-06,0.001102435600090041
53,0.00026485217358183173,0.02717867749631128,0.9651860968288907,8.408462295566506e-06,0.00736196503892066
54,8.765754892511408e-05,0.009420112668468938,0.9883758298467163,2.3559674624611924e-06,0.002114043968427183
55,9.979641835339883e-05,0.013363621391925458,0.9820495793175902,2.7182183583203262e-06,0.004484284653772772
56,0.00014223030756254157,0.017833649615392806,0.9760992629509719,2.468685758505923e-06,0.005922388440314302
57,0.0002699504078432118,0.02445114352331516,0.9709578850588236,5.429891784122445e-06,0.00431559111823379
58,0.00015465736386673174,0.020046637328791764,0.9745249144233477,3.3884385372573277e-06,0.005270402445456642
59,0.00032249459158708096,0.03540712565385332,0.954187888909609,9.203097769329342e-06,0.010073287747181317
60,5.449311627319328e-05,0.013467372025541794,0.9817275826738736,2.9446736337025883e-06,0.004747607510677936
61,0.0006104584219332951,0.07389782419761015,0.9150572614013162,9.177904317626803e-06,0.01042527807482273
62,0.0005194620437707752,0.06789073530075662,0.9230774230888142,1.3153274988437038e-05,0.008499226291669939
63,0.00023216097443808404,0.038344568565122285,0.9557830549317327,3.952707018521229e-06,0.005636262821688432
64,6.378041720178758e-05,0.013884671656210303,0.9806175912039636,2.4404797758435167e-06,0.0054315162428483455
65,9.047347914586895e-05,0.013410979661606983,0.9822759465514341,3.1579370209423423e-06,0.004219442370792209
66,0.0003315354550450974,0.036985507833262904,0.957392880399452,1.3847196712031065e-05,0.005276229115527888
67,0.00016395783196980444,0.007324661823798517,0.988958048815148,2.472317634359475e-06,0.0035508592114492595
68,3.886808085980137e-05,0.004845044366000028,0.9932980559311203,1.4250971545334768e-06,0.0018166065248651692
69,3.4176695731190066e-05,0.004597018783967169,0.9924630293231524,1.7402605430323063e-06,0.002904034936606027
70,0.00012777535946562616,0.014989992088766316,0.9799466970092638,3.7176081900468545e-06,0.004931817934314205
71,4.553499398616699e-05,0.007594305446716819,0.9898537634485568,2.6081649827483516e-06,0.0025037879457574077
72,0.00015498935141511304,0.0163647897963001,0.9776874020507883,7.074106311656442e-06,0.005785744695184757
73,4.5166388802065495e-05,0.0043578474819066714,0.9932768773955529,1.8945030972596873e-06,0.002318214230640871
74,7.388144673489791e-05,0.008245390644522298,0.9886816963633704,2.551710446319707e-06,0.0029964798349258947
75,0.0001244119995909026,0.020440618228871846,0.9760475782571707,3.6022645054987793e-06,0.003383789249861264
76,0.00012456682408220775,0.012431127571564933,0.9844285023227232,4.371645139829699e-06,0.003011431636489814
77,0.00014991342936642748,0.01611012541609535,0.9794048911559877,8.210522909282244e-06,0.004326859475641138
78,7.570279646920607e-05,0.00849726432700639,0.98917253268448,5.861634126273768e-06,0.0022486385579179634
79,0.0001039708931789198,0.014557339805150976,0.9820612323232787,8.655543265192853e-06,0.003268801435125934
80,0.0008007885143811549,0.05899856060753268,0.9184467922051625,4.6886142237518914e-05,0.021706972530686146
81,0.017393752816829394,0.6043857250874581,0.23155069455043148,0.00021324165454477575,0.14645658589073624
82,0.0015156131789319292,0.12252550818507398,0.8626207706022905,4.649828111569193e-05,0.013291609752587988
83,0.004220193555835635,0.14970032158330346,0.825443177869334,0.00011395767081119843,0.020522349320715706
84,0.0008740214073917564,0.08971459477584372,0.9022283403794111,4.475032434797574e-05,0.007138293113005423
85,0.00048439398398439614,0.06281333756433898,0.9295413473492145,6.164124475361679e-05,0.007099279857708515
86,0.00032025107631772175,0.0369956577813412,0.9546328331577614,4.9677213205120014e-05,0.008001580771374544
87,0.00024328066936189825,0.02935483510812452,0.9669834971370781,4.475557956242052e-05,0.0033736315058730134
88,0.023183795823134776,0.1601723180779115,0.21037257228450293,0.0003980858381895102,0.6058732279762613
89,0.02013071755911781,0.5992081008813339,0.3556890020355282,0.0003992765835437338,0.024572902940476322
90,0.010366646025033432,0.2467008072450447,0.7342911854697444,0.0002708930187330337,0.008370468241444318
91,0.007608907561038059,0.2950371434417037,0.6918179904445518,0.00042203872759334686,0.00511391982511308
92,0.0071831517006983574,0.49794415567529493,0.48669000896839487,0.0017270460892218598,0.006455637566389984
93,0.004445799856606342,0.2500768118565586,0.7382952908295886,0.0007462817727963031,0.00643581568445017
94,0.0031555929088404955,0.14398165907929497,0.846762871672291,0.000924622066891622,0.005175254272681772
95,0.010637179530665048,0.18939753695000983,0.7789559344178223,0.005484277533389347,0.015525071568113469
96,0.01592853674006488,0.3476312809559951,0.6170681237614513,0.005395480601090161,0.013976577941398765
97,0.03591206163191285,0.4429677522315249,0.47768908150046274,0.011268206686390394,0.03216289794970929
98,0.0879893620246911,0.8131274462332234,0.012423683213443728,0.0737441418844928,0.01271536664414896
99,0.0435902264745898,0.6130670357530641,0.30081023668455686,0.021372165794147847,0.02116033529364139
100,0.06306440201191128,0.8096323944814813,0.04699097084549556,0.06600923709404322,0.01430299556706881
101,0.04136956783534361,0.7696112128722864,0.0765627168129457,0.09223544706026719,0.020221055419156968
102,0.04385964988820056,0.4518958930014951,0.0033501628110496444,0.48919614374645887,0.01169815055279581
103,0.06355695311330989,0.414670630687638,0.0009552268151607443,0.45879286164696864,0.062024327736922666
104,0.08247597366203226,0.13158094787641103,0.002562024743444767,0.2503595420404503,0.5330215116776617
105,0.3275944281360926,0.10431524892428522,0.001319188790824751,0.4177514972879323,0.14901963686086506
106,0.44808067326844353,0.2592726787155573,0.0015266785689712578,0.2281516593101012,0.06296831013692682
107,0.29860816956870173,0.2696132921954377,0.000704613473514327,0.38292224252049406,0.04815168224185215
108,0.08433493361977867,0.061894344970407994,0.0005690953160492392,0.7682752652788998,0.0849263608148643
109,0.08518940846003852,0.08673153044223769,0.00011841965104971569,0.8104287736758573,0.01753186777081679
110,0.10093335307658355,0.06337191050208024,0.00012705947504830994,0.8003679949705025,0.0351996819757855
111,0.4155423032752386,0.05090440976153705,0.0005659883315049158,0.3093273911524386,0.22365990747928072
112,0.16098334682017884,0.07590235527820297,6.747175779063168e-05,0.7397806991612318,0.023266126982595756
113,0.16207399203484896,0.22450205874471793,0.00034786972439969463,0.5640146370474031,0.04906144244863037
114,0.10390788971716036,0.03853055212520186,0.0007317175014108292,0.2920736250326158,0.5647562156236112
115,0.13364802233232279,0.026908622444350234,4.376943465631377e-05,0.806280109382448,0.03311947640622262
116,0.22187548375980853,0.047354621004968185,9.125939580050502e-05,0.6531388769604154,0.07753975887900734
117,0.2179266821761196,0.08405918993884579,0.00022291720631588305,0.19099231337345632,0.5067988973052624
118,0.11663614106172912,0.06986889472412168,0.0002866020128879293,0.3544401826841104,0.4587681795171508
119,0.45076652374133314,0.104407469327926,3.964299579876542e-05,0.3064381156233762,0.13834824831156597
120,0.31536392632794547,0.07736130730632128,0.0004881081652897854,0.08957998953866232,0.5172066686617812
121,0.32712383644609194,0.08320543656038838,0.001145197289749877,0.11321313994927097,0.4753123897544988
122,0.335848462232433,0.10893582656724465,0.000669184204505103,0.1787499937990104,0.37579653319680684
123,0.4998546789063592,0.07390708650015357,0.0002061002266974329,0.3098056398168038,0.11622649454998597
124,0.1275082912513159,0.025906980715207376,0.00011421135861212735,0.05478195252849804,0.7916885641463666
125,0.4805780075195985,0.0540842673330117,0.00012218237362157652,0.2000963727924575,0.26511916998131063
126,0.6391091051237844,0.06483091233697377,6.019308186159612e-05,0.2280557892892301,0.06794400016815005
127,0.45530032428212375,0.08776291997009412,0.00023778797734676292,0.2649218183818989,0.19177714938853657
128,0.14520208750779595,0.07025433298623775,4.0736122881330875e-05,0.740096266991943,0.044406576391142
129,0.1828511208017138,0.08490779914032602,0.00042838073536684805,0.1778273520943094,0.553985347228284
130,0.5152688698111757,0.06129738430887259,0.00038263542171536075,0.2292620109896808,0.19378909946855546
131,0.5014629617004743,0.09368989997060138,0.0014690241594933796,0.2711405688629281,0.13223754530650295
132,0.4068198841272757,0.1265218478602152,0.0010180050701442279,0.1588662776557251,0.30677398528663974
133,0.30158557691785803,0.09554230838073956,6.626801762050248e-05,0.5476234043738125,0.05518244230996934
134,0.12807550410215549,0.10542469159471929,0.000258512845298231,0.7430608403406009,0.02318045111722607
135,0.2160283117999037,0.09491716525947037,0.0003140324012915442,0.5831327641529587,0.10560772638637564
136,0.13691347061813838,0.08071147830745097,6.455741930203247e-05,0.7714755548830802,0.010834938772028404
137,0.0791068504950415,0.12079821558718656,0.0004617702076235621,0.7711984380172057,0.02843472569294263
138,0.07027278901633394,0.15128388356307312,0.0004720902568113487,0.7643179121122156,0.013653325051566146
139,0.07209104983745385,0.10376184658430213,7.061625784340902e-05,0.81934984705545,0.004726640264950564
140,0.07593493961566561,0.07040962458533422,0.00021465404761542814,0.8471660219860986,0.006274759765286192
141,0.19642910905807107,0.09727812437313535,0.000421875708750002,0.663564655957877,0.042306234902166506
142,0.12334555090489617,0.390202626936209,0.0002595514559653154,0.47838969770345596,0.007802572999473462
143,0.154426551853164,0.6493638591362191,0.0010310718873301318,0.18076351996823056,0.014414997155056411
144,0.288794756510836,0.5951179437898647,0.0013624624743445168,0.10141018304516222,0.013314654179792502
145,0.026739969612675094,0.9556012012372577,0.008227440693179051,0.005910119185694822,0.0035212692711932294
146,0.06277771113118433,0.8882491593172445,0.004828425902521045,0.0291448837275407,0.014999819921509526
147,0.042161473238489226,0.8952929290149855,0.03346549782515255,0.015192564998913378,0.013887534922459302
148,0.017940216602630687,0.9580878652183062,0.010810003972295892,0.005793672900153811,0.007368241306613506
149,0.006904120960402356,0.8988820747032937,0.08405998555788567,0.0013082352433435578,0.008845583535074652
150,0.020794096596833914,0.9210165576576325,0.039741819856300785,0.004194276687536566,0.014253249201696423
151,0.017200671057034534,0.8908967584128529,0.0798773293499184,0.003394181027861358,0.008631060152332665
152,0.02931538968142183,0.7932381740494668,0.11877449375835994,0.0026971476232153396,0.055974794887535914
153,0.25773236336734473,0.24556774786823865,0.00594880876708275,0.0031177005109230306,0.4876333794864108
154,0.06415244450770982,0.7064142819453272,0.17985297210647094,0.0011269102477886794,0.04845339119270355
155,0.05152249218586974,0.1302350136373037,0.01755713547049086,0.0007036183064697266,0.799981740399866
156,0.5821212051188801,0.2599385716656339,0.008384262198499626,0.0027408544207318817,0.14681510659625457
157,0.18706447333655846,0.7197684516139555,0.01958311761973611,0.0018589088346926256,0.07172504859505723
158,0.13176166086847352,0.8044602114076769,0.01525269601695866,0.0009174214259070207,0.0476080102809841
159,0.0996073398477271,0.8525818863005136,0.023777958070467536,0.001309592821727985,0.02272322295956384
160,0.027117681726638955,0.9092000791281368,0.04424421798533036,0.0009429071097605133,0.01849511405013336
161,0.049046431540164026,0.9002300599762982,0.04209790059242182,0.0013004419148870564,0.007325165976229009
162,0.015083887341471895,0.9066690223992857,0.07297665982429372,0.0009967990140735306,0.004273631420875167
163,0.0111230014316454,0.8272107228765807,0.15534669917384802,0.0016790694464352421,0.00464050707149077
164,0.011648616840457475,0.7596211863854603,0.22315075143836843,0.0017008122560673022,0.0038786330796467057
165,0.007952889537348224,0.7655864911472094,0.22192046399210727,0.0016307405807050644,0.0029094147426300325
166,0.01560726847482753,0.6888285999331389,0.29018146852030463,0.0017502821601915795,0.003632380911537336
167,0.007607215529229942,0.5552732830532257,0.43244983313489654,0.0013944312835976215,0.0032752369990502223
168,0.004143669284009348,0.2760822089173463,0.7168333719656476,0.000802636284127857,0.002138113548868944
169,0.010356868317507676,0.5741174193345794,0.4090608488085172,0.0016008889376023321,0.0048639746017933964
170,0.0040026761890330585,0.32235670903777497,0.6703588981266033,0.0003533428251013023,0.0029283738214874165
171,0.006146883676129052,0.4124620264018511,0.5779547532711434,0.0005498814621750977,0.0028864551887013965
172,0.0027676789026528847,0.35003868551191036,0.6452000440840812,0.00022022665234957498,0.0017733648490061257
173,0.002651038453461349,0.39028822996541007,0.6046029316561372,0.00014923846347472808,0.002308561461516772
174,0.011732578065574503,0.60127775852689,0.37613881205918065,0.0005677239433233073,0.010283127405031707
175,0.02361315651784716,0.6412589628267399,0.31873832382831235,0.0011222182073074595,0.015267338619793156
176,0.00818684720405528,0.347438368497926,0.6399474789117848,0.00023774541516364357,0.004189559971070262
177,0.005167147547929392,0.23623513011282019,0.7564217772437647,0.0001742977590422446,0.0020016473364434448
178,0.0021788439733518602,0.16576130954279955,0.8292580566696623,0.00013404245060784768,0.0026677473635783994
179,0.0020739492662199695,0.15017118480224245,0.8455926141881936,0.00015215356339485066,0.002010098179948956
180,0.0024941636293784155,0.16809043237694,0.8268639187523334,0.00029263903722356345,0.0022588462041244384
181,0.0010284080099966896,0.10784257976155796,0.8895236262038962,7.842220784063973e-05,0.0015269638167083675
182,0.00209156387619976,0.18591865019939935,0.8101444755744995,0.0001419848458432444,0.0017033255040580532
183,0.0008672685275259162,0.1387536742058699,0.8589870589349794,9.819305081226145e-05,0.001293805280812556
184,0.0004123471739789916,0.08812527255517648,0.9108023122993759,4.332742145261984e-05,0.0006167405500159343
185,0.0005934846118317033,0.11247492623281387,0.8855162473965257,4.233565753910978e-05,0.0013730061012896615
186,0.0003662544903471199,0.05689218461533966,0.9419363230155716,2.3405812680107915e-05,0.000781832066061495
187,0.0002041408228201189,0.03465681353870914,0.9647861935763723,1.363879707755928e-05,0.0003392132650209839
188,0.00023254486991317082,0.03132419563349635,0.9676154090566348,1.7286804014807497e-05,0.0008105636359408742
189,0.00013532561515643422,0.03246485482907747,0.9669751930384374,3.0490637569113896e-05,0.00039413587975969483
190,0.00010078269659165786,0.023495295883275962,0.9754179523980423,2.3644601605676743e-05,0.0009623244204841444
191,0.00033127908737720445,0.03430847478572646,0.9645192103602626,4.7923304787284016e-05,0.0007931124618466009
192,0.00017390780908762397,0.039394076283895685,0.9595425456295924,5.804383555737986e-05,0.0008314264418666608
193,0.00018505751431243644,0.03941292437854655,0.9591564004062139,5.406831494483119e-05,0.001191549385982478
194,0.002879671074364719,0.1717074266634771,0.8105544970348924,0.0004982837090932009,0.01436012151817267
195,0.03814573186816752,0.20300228068760487,0.12860727915180428,0.002410415831216243,0.627834292461207
196,0.05618463778335957,0.5576667347753924,0.37397120513933135,0.0008855748811473122,0.011291847420769368
197,0.04276007478100177,0.5258673195401437,0.41988334472670735,0.0003252431988220501,0.01116401775332513
198,0.02384964348709428,0.3709854490909591,0.5985880784811252,0.0004979899891947605,0.0060788389516267406
199,0.025832338693686625,0.7021442208638705,0.25976849150004266,0.0037846059872985102,0.008470342955101582
200,0.024881326828731412,0.6782783044443415,0.28619783747884847,0.002953195172887367,0.007689336075191281
201,0.01694258926503198,0.5700360057583754,0.4025838570263785,0.0022321130667657665,0.008205434883448432
202,0.01458772921438971,0.4236114858156932,0.5529213636973069,0.00194929926128817,0.00693012201132198
203,0.02736859196146029,0.5418712459947724,0.2642225802357329,0.0022693418330603943,0.16426823997497392
204,0.05646852048722737,0.5405117516914757,0.36692914114346264,0.005976195413000635,0.03011439126483363
205,0.015398985088565086,0.576438657398115,0.39068533443064773,0.0032102991113391985,0.01426672397133303
206,0.023321922099292052,0.5115565438325452,0.4464127450549921,0.0035430952474580523,0.015165693765712591
207,0.0018099141468054494,0.26095317602199025,0.7351258619193626,0.0004548017755571492,0.0016562461362846202
208,0.0021854503221479128,0.21702377015892707,0.7778260382473476,0.0003878413548737796,0.002576899916703681
209,0.0004523811618985284,0.060972791165490134,0.9376120762745487,5.622814860761071e-05,0.0009065232494550982
210,0.0005109288086356722,0.10518765878272036,0.8930999406428733,5.7022798935837664e-05,0.0011444489668349174
211,0.0005456751190229422,0.13247205028869147,0.865129074669171,7.08631531756729e-05,0.0017823367699389891
212,0.000351443627587287,0.053783293283280846,0.9443253507621938,3.784766912122107e-05,0.0015020646578168917
213,0.00011101051292351233,0.027870154537618798,0.9709873404741497,9.076787811176644e-06,0.00102241768749687
214,9.453130943312705e-05,0.045623999985936546,0.9527582674712635,1.2627915091565442e-05,0.0015105733182752177
215,8.702623848142989e-05,0.015269999344479422,0.9840047081123572,5.714035204737696e-06,0.0006325522694773012
216,0.00018652785137080157,0.019292532276652195,0.9793999995124334,8.444902341454453e-06,0.0011124954572021
217,0.0001824091703222436,0.02809042462120687,0.9701944219776081,1.3321742196757425e-05,0.0015194224886659596
218,0.00010444483663814856,0.031905180122595765,0.9666107944868221,8.907702321307183e-06,0.0013706728516227858
219,0.00010653739859097285,0.019428037504629455,0.978658904081325,6.427544139408738e-06,0.0018000934713151605
220,0.0001983002570616511,0.034647263066906096,0.9627464410795603,1.1436450102323951e-05,0.0023965591463694287
221,0.0003339186962960077,0.03963508891314936,0.9572504311462448,1.1262772844375054e-05,0.0027692984714655904
222,8.442686067366088e-05,0.016788199605707436,0.9812944958721717,7.119176739165702e-06,0.001825758484708145
223,0.0001852034547610384,0.019797853241053404,0.9777312386208942,1.0086884919764005e-05,0.002275617798371748
224,0.00010713711073889139,0.018617638851899147,0.9802096224356974,7.408515464343763e-06,0.0010581930862001148
225,0.00011880485460621912,0.019859355942311252,0.9780374500482047,6.898556832627905e-06,0.001977490598045205
226,4.833991085096489e-05,0.022173382809429716,0.97665577212291,9.097903085038874e-06,0.0011134072537240054
227,9.69402029818206e-05,0.024564649446123746,0.9741904384514599,6.779098043028509e-06,0.001141192801391549
228,7.555249762466913e-05,0.017885781705513457,0.9802838363239116,5.335173872227318e-06,0.0017494942990779222
229,0.00012623998032936838,0.021008302162574165,0.9759508759930591,1.1078581273269038e-05,0.0029035032827642382
230,0.00011867986287791321,0.023120203432467113,0.9752952769513149,8.26234331286918e-06,0.0014575774100269417
231,6.444194697248829e-05,0.021148398006054253,0.9776331403328107,7.701777877974036e-06,0.0011463179362846611
232,0.00025023905328548234,0.025991172882592572,0.9712721216044097,9.727599578182124e-06,0.0024767388601340443
233,0.0002121694533264457,0.025460487393925903,0.972458735672248,1.4687730007940211e-05,0.0018539197504917032
234,0.00010348241714784195,0.025850135971311843,0.9718857928462727,9.91635523532914e-06,0.0021506724100322887
235,9.178384070109202e-05,0.01875927673918108,0.9788903602662649,8.047334460120884e-06,0.0022505318193929385
236,7.715299475538743e-05,0.012790744552611645,0.9854518655941977,8.488743838213388e-06,0.0016717481145969147
237,0.00010648487743093567,0.02226071344750887,0.9722241539150172,1.2687425281628026e-05,0.005395960334761427
238,0.00012852504496167446,0.023357003626855038,0.9727696380226285,1.290274964736514e-05,0.0037319305559075796
239,6.735091857235125e-05,0.011992969746368095,0.9857673493961904,6.70524755185767e-06,0.0021656246913172063
240,0.00018158969110548405,0.017470367093580623,0.9794488849520692,1.1714287701089247e-05,0.00288744397554378
241,0.00011998522146372066,0.018847239841012074,0.9775857868985557,1.05700017638797e-05,0.003436418037204812
242,9.415785789115595e-05,0.02741684692188564,0.969310311584809,1.0404034350187432e-05,0.003168279601063934
243,0.00018075534713063085,0.030285131001634054,0.9655244506437561,1.732112257737163e-05,0.003992341884901742
244,9.865588195802402e-05,0.015375979379125092,0.9825627941383931,1.3777662678454574e-05,0.001948792937845497
245,0.00013996936812977616,0.02120601317683731,0.9763023229990014,1.475919978982314e-05,0.0023369352562416118
246,8.028649706599098e-05,0.015771870375263303,0.9827775620401872,1.0383414409296469e-05,0.0013598976730742082
247,7.768676233438415e-05,0.019692618358246934,0.9788317238195505,6.75547916259581e-06,0.0013912155807054942
248,5.937536651909605e-05,0.012472511175887007,0.9863277221534449,4.578931897470876e-06,0.001135812372251597
249,7.332904784364719e-05,0.01805267635503048,0.9805069867905405,7.017130355985195e-06,0.0013599906762295842
250,8.762925603371814e-05,0.018271112891016687,0.9793672323873368,8.593354873453447e-06,0.002265432110739301
251,6.116579800168116e-05,0.011923049375292634,0.9868569020939993,5.965894592742273e-06,0.0011529168381136177
252,8.429231570633263e-05,0.021173921817919387,0.9766114633731683,8.560432683669217e-06,0.0021217620605223785
253,0.00022827847073185687,0.018897933371474794,0.9781250497479886,9.56088771426306e-06,0.002739177522090569
254,6.926913938957375e-05,0.012635181416154903,0.9862154060141606,6.5308408665221475e-06,0.0010736125894282658
255,0.00012929053541325657,0.021928933477159067,0.9753749811724204,7.6010940165167674e-06,0.002559193720990985
256,7.006919429832534e-05,0.010977919158220007,0.9874030661230253,6.647681505934063e-06,0.0015422978429503425
257,8.967849380212661e-05,0.01123776776624411,0.9843517757416216,6.171548378620445e-06,0.004314606449953495
258,9.451474734040775e-05,0.0163110649797906,0.9813877680699492,8.833447557446322e-06,0.0021978187553623146
259,0.00013519271865720806,0.014605149502985812,0.9830554913081759,1.1905553606480715e-05,0.0021922609165744436
260,0.00010637671647544452,0.01048359617595406,0.9881130442559386,8.423584879813166e-06,0.0012885592667522584
261,0.00010936817401849962,0.022427913555691688,0.9761924249395564,1.6580014069588628e-05,0.0012537133166637313
262,0.00010222888968241006,0.016746983976230104,0.9818981885263219,7.61154951928002e-06,0.0012449870582463638
263,7.954725427686556e-05,0.011917792776515355,0.9871588630198492,1.0164353773271316e-05,0.0008336325955852905
264,0.000162531372222956,0.018712465028160534,0.97991644016488,1.718656705726222e-05,0.0011913768676792968
265,8.423564131154122e-05,0.017575655321318256,0.9811154666866292,6.669084533912474e-06,0.0012179732662071445
266,5.1688621111424124e-05,0.013974981415582939,0.9853934664025927,6.819497826955555e-06,0.0005730440628859241
267,0.00011437999445445881,0.015030765044376396,0.9833956746761234,1.980133889175613e-05,0.001439378946154059
268,9.952176870525459e-05,0.026941714647215783,0.9718467867552646,1.3834197975625793e-05,0.0010981426308388843
269,8.033305877646441e-05,0.021235080416459544,0.9777088990686041,1.4255543322586396e-05,0.0009614319128374084
270,5.580848406902209e-05,0.021009766681136553,0.977864274943112,9.106165887689845e-06,0.0010610437257945195
271,6.705141113027242e-05,0.01867167209653452,0.9800025739312602,9.842146469009562e-06,0.0012488604146062576
272,0.00015428535801140445,0.02868082402421574,0.9695669182152418,2.6800707626541464e-05,0.0015711716949046205
273,0.00011642847832010526,0.02969876450949544,0.9675085468284248,9.912377417915037e-06,0.002666347806341776
274,0.00015574639470945962,0.05067252523076033,0.9468487524010123,3.3308466046175976e-05,0.00228966750747172
275,5.970461638235422e-05,0.024315824575803606,0.9750783924766739,3.2608002960906304e-05,0.0005134703281792325
276,0.00020112216906604516,0.029227786374122412,0.9692033264681923,6.729247440089662e-05,0.0013004725142183988
277,0.00011150625498220049,0.03954588509099799,0.9593329170340678,7.878603414100682e-05,0.0009309055858109207
278,0.00020887311480641916,0.034593016751520884,0.9640323005824709,0.00020008568391329594,0.0009657238672884857
279,0.0015450503561923992,0.06446631480642073,0.9274298464261391,0.0002753267977172186,0.006283461613530394
280,0.013114935299165813,0.09135693960342434,0.05494935139957694,0.0023629128470426435,0.8382158608507904
281,0.05147160534368395,0.7700737744099988,0.16157098678019857,0.0018398649522782258,0.015043768513840346
282,0.015650948153870806,0.4558963121082414,0.5195089264891017,0.001050695900083796,0.007893117348702145
283,0.01227541336809871,0.3339295052995366,0.6473927803411025,0.0010461754579657958,0.005356125533296419
284,0.006656076787168995,0.3870347931348932,0.5878702313853142,0.01573562584444743,0.0027032728481761123
285,0.014764407306933866,0.4305701769673817,0.45838845978898224,0.09199092878858484,0.004286027148117363
286,0.03106700373647208,0.4414947237456583,0.005208524166451598,0.512440439247544,0.00978930910387407
287,0.05103310637885854,0.10669067197016896,0.0006635487486251934,0.829715657939675,0.011897014962672387
288,0.020497857487306915,0.04485135087458499,0.00017374431319291817,0.9269646500572649,0.007512397267650424
289,0.016773631695647818,0.030727477396721332,4.807292428233463e-05,0.9468721569018259,0.005578661081522622
290,0.03187896169011916,0.04163389768661624,5.61684540587857e-05,0.9205672514410972,0.005863720728108656
291,0.021793450149653424,0.023640858448531005,0.00012075683656514246,0.9238880525586097,0.030556882006640706
292,0.01458677000549968,0.07500736692465174,0.0001247807430342771,0.903802444789918,0.006478637536896242
293,0.02114199856543416,0.028588475342984337,2.3925245949286042e-05,0.9454696952108169,0.0047759056348151505
294,0.019628798823127964,0.022265737124836836,2.498537970839986e-05,0.9534291826230417,0.004651296049285312
295,0.024036658661337702,0.018211001162040934,1.318005683254813e-05,0.9525525686539769,0.005186591465811852
296,0.01723444268018659,0.0190478560806272,2.385354588553519e-05,0.9604570014683115,0.003236846224989065
297,0.018678146140885688,0.039324932014726824,8.876494192245375e-05,0.9330080402100457,0.008900116692419358
298,0.03468555483422562,0.05807466488651157,3.348216467902813e-05,0.9044371979837913,0.002769100130792495
299,0.03176152391316711,0.05758881181488639,2.8700615852269273e-05,0.9074107767304278,0.003210186925666426
300,0.04187798674740194,0.07135812418625379,3.8393602646442775e-05,0.8821738514804784,0.004551643983219355
301,0.03962199220271623,0.043176820891928085,2.7270665601974556e-05,0.9095620362080249,0.007611880031728791
302,0.03630784534242873,0.07982059410539714,4.318584168590745e-05,0.8795392005945418,0.004289174115946458
303,0.0646098217842359,0.10289202784998962,4.0790013414112656e-05,0.8188490328166522,0.013608327535708195
304,0.06335305439297771,0.08963209852594888,7.803067514614197e-05,0.8352432750436638,0.01169354136226356
305,0.07831958542953016,0.07562385779209381,0.0007131866609282156,0.7531465714186941,0.09219679869875363
306,0.07349114459428494,0.025953891595607858,0.0003232512589529957,0.2855817379904585,0.6146499745606957
307,0.2830158867722983,0.09225962538790838,0.00010655689991178131,0.5988142535872437,0.02580367735263783
308,0.2677554167679358,0.04687806289255205,8.130365189596642e-05,0.6420656283518799,0.043219588335736185
309,0.4074304212320498,0.08451210444101727,4.4042002430699904e-05,0.3428653844805405,0.16514804784396184
310,0.13616990332779913,0.23755947753591442,0.013101975050522983,0.42043749639565675,0.1927311476901067
311,0.1482092933350256,0.13612793589920796,0.008743528724169896,0.4110685362611471,0.2958507057804493
312,0.1150476219701374,0.032822322485119536,0.013069661647943178,0.13820971539456176,0.7008506785022381
313,0.42740687272590927,0.1136275556296262,0.0021177098904891205,0.3922726538538509,0.0645752079001244
314,0.08659890182014959,0.030405409282688096,0.00047580848098526034,0.8571727530803175,0.025347127335859646
315,0.16891059118009397,0.059547765744719316,0.004685730727560667,0.4203602314646781,0.346495680882948
316,0.14633603666545708,0.051799220480888836,0.0008528573387080607,0.7722936350613431,0.028718250453602847
317,0.14266991774239177,0.028540810364593716,0.0015401287894824442,0.8011404558108463,0.026108687292685888
318,0.048670548886681875,0.028945270576684192,0.0012293217367592758,0.8862912359869765,0.03486362281289823
319,0.03819011369561686,0.018386747905995288,0.00043211324399500885,0.938291526757192,0.004699498397200873
320,0.0407197628115184,0.017872375018362058,0.0002030387705438613,0.9335216291637175,0.007683194235858096
321,0.013535646710276282,0.0067479743304429095,0.00014813225519227702,0.9749441988817293,0.004624047822359307
322,0.12690918249148445,0.01659518703251687,0.0012811624888364424,0.829702983246007,0.025511484741155097
323,0.10964409753785921,0.03230674443111167,0.0005533417788439555,0.6527057762648377,0.20479003998734746
324,0.13954263609872586,0.040695252723277286,0.0005042225994208063,0.7939373804232646,0.02532050815531163
325,0.20101339871112853,0.0367371345174491,0.0009068962279152903,0.7272772333079868,0.03406533723552045
326,0.06170465594748311,0.06906070492208505,0.0007755654406671727,0.8377124477024551,0.030746625987309522
327,0.08003679857065281,0.11115338040663983,0.0006998499061859283,0.769946818360501,0.03816315275602037
328,0.13698793329276493,0.05784818598910234,0.0005806570412202018,0.7686841229826503,0.03589910069426225
329,0.17213194725886485,0.04379512220903626,0.0002889449379786817,0.7636404159200887,0.02014356967403146
330,0.10915311605649805,0.043946885610703305,0.00024108956017577067,0.8404525981320944,0.006206310640528446
331,0.07731474453023124,0.026763637357893284,0.00032455982251859044,0.8741333939973204,0.02146366429203648
332,0.3006017330226842,0.04585891181884116,0.0010549689047165607,0.4933723929666269,0.15911199328713113
333,0.22417151645656946,0.0702963488261803,0.000645466546604169,0.6882539926212937,0.016632675549352483
334,0.20336818978148222,0.065538619830667,0.000736275369860479,0.3051933257658992,0.4251635892520912
335,0.35020600469818536,0.04714642164358721,0.0002459170926914636,0.5908334703339685,0.011568186231567605
336,0.21120026327046015,0.07169157633653915,0.00034236933099806476,0.6902977567798437,0.02646803428215895
337,0.25303050919793285,0.023233334491455253,9.729844566431305e-05,0.7122875816630152,0.01135127620193234
338,0.07562925796177764,0.0600714103960353,0.0003791016025228275,0.8586208777173845,0.005299352322279826
339,0.05992044508478296,0.03857819119201317,0.00013920503871283485,0.8956488444763834,0.005713314208107784
340,0.08914090989026908,0.15859367367071334,0.0003847288163223911,0.7423791382053412,0.009501549417354042
341,0.055686573824186986,0.06160439801868949,4.5022916298220056e-05,0.8797178260606288,0.0029461791801966165
342,0.07292669590957412,0.20986421436995464,0.001532306124570393,0.7044673396341818,0.011209443961719034
343,0.04597423831758867,0.10924787306772105,0.00010120574299021326,0.8406501168464644,0.004026566025235799
344,0.056263846691788966,0.07878266387810855,5.302895980262266e-05,0.8579972525794421,0.0069032078908578464
345,0.09617898791870719,0.2426794966386019,0.00023163066518770985,0.6549968669475024,0.005913017830000924
346,0.05863476675650452,0.16769755428514632,0.0003349859479655593,0.7668747796432833,0.006457913367100414
347,0.09149138491465186,0.35994307698808964,0.00036900910700566014,0.520536236987716,0.027660292002536863
348,0.12829212469408885,0.12021704346350656,5.529410885054143e-05,0.7358253659710476,0.015610171762506413
349,0.24221196604356332,0.26489492723326313,0.0003953832294675193,0.4708700796119625,0.021627643881743593
350,0.3445741547752063,0.23195985940062241,0.00011589253968483688,0.41086304985704386,0.012487043427442774
351,0.2187230805276499,0.48263915840815524,0.0007718108344189151,0.2891891282891569,0.008676821940618943
352,0.08941439496195211,0.4938447925149544,0.0019826458637337355,0.4077375168562185,0.007020649803141097
353,0.09449818240171758,0.6330766779029827,0.000862291025242807,0.259618714904941,0.0119441337651159
354,0.027048017531426858,0.7239805664093366,0.0007638908637351741,0.24340279702179524,0.004804728173706321
355,0.07229627968505332,0.6322513973526269,0.001417450331791288,0.27860391829430825,0.015430954336220232
356,0.20184429283576066,0.6283744610183385,0.0015887339436517149,0.12528184280558757,0.042910669396661605
357,0.06826317706845801,0.8149113626793364,0.0218369916408722,0.0688709041330583,0.026117564478275214
358,0.09965820778428637,0.713871926500128,0.01643242923803308,0.1333955697207778,0.03664186675677464
359,0.14135526142157065,0.6636614344759277,0.0007257764771283894,0.16961690891753808,0.024640618707835307
360,0.038833577696579635,0.8764668216147621,0.009352233769113096,0.06712485109397986,0.00822251582556536
361,0.08510831838527297,0.6950188438504349,0.0011014925566370933,0.206417703939446,0.012353641268209124
362,0.20008881469015016,0.6277961665643577,0.0011913389555284438,0.14722862327652736,0.02369505651343635
363,0.08544252411921342,0.7768074224656106,0.0051372199407104385,0.11265441270775005,0.01995842076671555
364,0.04684805630699624,0.8837636971693739,0.0027592049599081086,0.061665549736107446,0.004963491827614298
365,0.08936650971211987,0.707614585403783,0.0038824356593719807,0.18431939605450276,0.014817073170222529
366,0.03216156346704799,0.8962255466468759,0.0027490381455406642,0.06320380433676129,0.005660047403774318
367,0.04098090135850173,0.8645039851147895,0.005118579050665525,0.08015582713013449,0.00924070734590874
368,0.05062264041565974,0.7947459928456733,0.0008939264976404581,0.14639195259084437,0.007345487650182328
369,0.022399740933215593,0.9102549505525345,0.021909264711335575,0.0337988868551213,0.011637156947792982
370,0.06807475149129984,0.8378918357420463,0.0005959157874793855,0.08062024603797413,0.012817250941200323
371,0.02464606913358668,0.9266290882535673,0.003168483415299498,0.03621238915959248,0.00934397003795396
372,0.0628516462410062,0.891624982177797,0.0008019862961795524,0.028785864121733114,0.015935521163284182
373,0.10629231566455667,0.8464667865620082,0.0017991020180385417,0.02472351863739924,0.020718277117997223
