epoch,N1,N2,N3,R,W
0,0.0013088222639475095,0.0002615961947738532,3.283053114753282e-06,3.52997796596263e-05,0.9983909987085043
1,0.001479896775343558,0.00015452929966058084,1.5197789898130205e-06,4.3589855446419504e-05,0.9983204642905595
2,0.01196591950089718,0.00033096628278504395,4.692368312345768e-06,9.971932377138153e-05,0.9875987025242341
3,0.07171901689393234,0.0008963509994512375,1.1211753972137359e-05,0.00025172908679570215,0.9271216912658486
4,0.5866495493197621,0.003971379842017967,9.462888672044757e-05,0.0005936744421645059,0.40869076750933503
5,0.5842656297755712,0.006793542570853556,4.321330528657371e-05,0.0013793323238745975,0.40751828202441426
6,0.8343582695290719,0.07884555978897655,0.00012274969787197154,0.005186196166920983,0.08148722481715887
7,0.644293104290891,0.2899012963338997,0.0005213762740303251,0.026957667875630434,0.03832655522554874
8,0.5936614555222702,0.3030870571870569,0.0001825362261403698,0.03805757704464642,0.0650113740198861
9,0.2540379166258585,0.6676872500400515,0.0008324395953265513,0.05737616118645634,0.020066232552306922
10,0.20607297311718006,0.7157867731768538,0.00075138387788469,0.03253667532918967,0.04485219449889181
11,0.07207622875549104,0.8861933880442614,0.0022157514121589053,0.02221828964797379,0.017296342140114714
12,0.21462956420690613,0.6695784061810097,0.0005911982323282962,0.037545737423409206,0.07765509395634682
13,0.07060963408460831,0.8822009257963584,0.0023549110140187123,0.008229378147866277,0.03660515095714839
14,0.16092531169664248,0.7232030413461447,0.0010064571767402115,0.055461807012059536,0.05940338276841318
15,0.31354074200289667,0.438412216174586,0.0002600444043605458,0.07425997068783213,0.17352702673032458
16,0.357862869126947,0.27794701669612,0.00040528889141048976,0.11326423172728216,0.2505205935582405
17,0.05927188753028112,0.011014462415727906,0.00011059535777398002,0.007307730652865355,0.9222953240433517
18,0.3146023807779743,0.03134987772308738,3.575168929035898e-05,0.015014301294575644,0.6389976885150722
19,0.3415839919422512,0.02952329499581107,3.4131830847293914e-05,0.008254442404128563,0.620604138826962
20,0.6224820109096845,0.1503975787569245,7.99675074745058e-05,0.01964500399386949,0.20739543883204709
21,0.5038524701567361,0.1523015707523249,0.00010610319713696152,0.04940781950313981,0.29433203639066224
22,0.34274533019909575,0.08052724096637368,4.649872446120322e-05,0.05689594032685883,0.5197849897832105
23,0.36364110820633794,0.2042595334843591,6.924045632235499e-05,0.08975377674032668,0.34227634111265387
24,0.4785677783741078,0.13093376201508797,9.360253183459072e-05,0.07676414072811259,0.313640716350857
25,0.41197603130402954,0.40262524679123396,8.035260607295111e-05,0.049362251183954445,0.13595611811470915
26,0.06662454665848094,0.029554794477612105,3.8761717887558e-05,0.012990813674799182,0.8907910834712202
27,0.2553085855649291,0.13078107628786084,7.145554381251154e-05,0.03218129309871406,0.5816575895046835
28,0.3526786742137416,0.17531786864077226,0.00010963411636939143,0.037342902247263825,0.43455092078185287
29,0.41076494372319117,0.12954402854091362,0.00015895940833698596,0.021838437962113013,0.43769363036544506
30,0.213582368769046,0.06778469646134225,7.043139091979831e-05,0.020120833726672813,0.6984416696520191
31,0.539371523140746,0.09114574878927097,7.646250380738681e-05,0.05432054063964654,0.31508572492652914
32,0.31870229535423045,0.07442784559584738,7.027797208543305e-05,0.0074025650031218386,0.5993970160747149
33,0.19046702040454352,0.07028431572958485,5.9392887473487456e-05,0.0031654856765304475,0.7360237853018677
34,0.8175005839427419,0.04703982475801255,7.046470785196108e-05,0.009097159780878805,0.12629196681051463
35,0.36382041204490806,0.5330798955100071,0.00013076689099250792,0.008621922627793925,0.09434700292629841
36,0.39075040834421537,0.5404880969789713,0.00041750723835865515,0.023166733663865492,0.04517725377458927
37,0.5189917741329637,0.3438692694225954,0.00026127502080576607,0.03019699539880689,0.10668068602482807
38,0.5292562523871693,0.3792436836346094,0.0006252518202485462,0.06291173188212178,0.02796308027585082
39,0.41238198679651844,0.5006507956925793,0.00027858671681037814,0.01582506499039693,0.07086356580369493
40,0.38820981551493194,0.5908599552903365,0.0005906928918759448,0.005325380671370643,0.015014155631484831
41,0.4537755000838601,0.48326840047650327,0.00046342700938649183,0.003923426827550008,0.05856924560270021
42,0.5796753882186176,0.38011596173915474,0.0006224286729586369,0.006933140982800002,0.03265308038646889
43,0.02698908913464258,0.969251686979404,0.0006252639619267435,0.000938045133954238,0.0021959147900724773
44,0.014351129573769938,0.9808567374828638,0.0009485161285737353,0.0006213993780539501,0.00322221743673851
45,0.05110020896320071,0.9418497548480645,0.001236665239397434,0.0019383777593806218,0.0038749931899568707
46,0.009526793098991758,0.9817283663982012,0.005828271023291737,0.000793003127887715,0.0021235663516279047
47,0.019219227343028743,0.9740578760763527,0.0024365759068074094,0.0005657118022745542,0.0037206088715364925
48,0.021595044680977674,0.969557262637584,0.003345599565496761,0.0005891689681886425,0.004912924147752875
49,0.01911614784519584,0.9683832054626051,0.0100336446023314,0.00032404247982985497,0.0021429596100378833
50,0.011178162096957057,0.9825485569521708,0.002424196683749448,0.00014131911453899978,0.0037077651525837933
51,0.08725920983643362,0.8964593332573544,0.00792777806316898,0.0011550396137465116,0.007198639229296665
52,0.020406315668826478,0.972082840673344,0.003862858000074667,0.00030476849046731056,0.003343217167287574
53,0.010874228603761464,0.9793517421304088,0.006571027904307939,0.00015039771053403038,0.0030526036509878826
54,0.00631208165911544,0.9601181334056119,0.027427346631965263,9.80300850010917e-05,0.006044408218306428
55,0.012252776213274235,0.9651081805423755,0.01806138515878445,0.00039336100073971537,0.0041842970848259015
56,0.010347581346809251,0.9705466372506916,0.015040727845486275,0.00040516121786904054,0.003659892339144006
57,0.011046889736724115,0.97198443472738,0.01148794660413461,0.0005021867669456387,0.004978542164815528
58,0.01205281810198855,0.9511069989541246,0.032284297006614754,0.0005979715575858288,0.003957914379686231
59,0.012940610754436513,0.9592424026465015,0.02341154674737755,0.00019153718267809623,0.004213902669006451
60,0.025236150028590556,0.9470735273140697,0.021068011435369856,0.0008964914360414663,0.0057258197859285384
61,0.009256160478235444,0.9290363966715514,0.056958825023188185,0.000186825350213741,0.004561792476811351
62,0.00517592444824691,0.9397320272523516,0.04978856251732358,0.00013935602913242755,0.005164129752945179
63,0.025939492075768785,0.9229823632882566,0.04609383935136297,0.00034619165366802155,0.004638113630943802
64,0.0042640002992586044,0.8343111750884482,0.15799461499116313,0.00013386996062330475,0.0032963396605065446
65,0.004011899006469076,0.8056079704339273,0.18696507877958937,0.00014729650412309342,0.0032677552758911444
66,0.0236536483352512,0.9171023987513282,0.053058390115091135,0.0006302233804795548,0.005555339417850134
67,0.02014765031122517,0.9299464758337256,0.044307511132828395,0.0004157756488790417,0.005182587073341846
68,0.033720906245305715,0.937958947604012,0.02051991790628859,0.001460279651361456,0.0063399485930323695
69,0.07064230856714063,0.9058501583808417,0.016844706173115342,0.0018935427064433886,0.004769284172459104
70,0.0014928475341165128,0.9792410176423092,0.0167702947230904,0.0002535349774254561,0.002242305123058306
71,0.017922058462019632,0.9260480703366958,0.04548525287490523,0.003302437154531535,0.007242181171847731
72,0.023812102518405535,0.9457688091724831,0.013675302542978144,0.008629165470417012,0.008114620295716168
73,0.25067249232769123,0.46712401757258304,0.005629259496455325,0.09107569071912278,0.18549853988414766
74,0.2820163254818004,0.521982392219618,0.001986395081737937,0.06515943469404635,0.1288554525227975
75,0.22960608547105743,0.20602217451399704,0.0014379861924435076,0.1366270134164347,0.4263067404060673
76,0.36932929611042375,0.026705310287669343,0.0009385316135716807,0.01182802047781654,0.5911988415105186
77,0.09211534706451309,0.018256414850320295,0.00028356456769388565,0.009470282846587373,0.8798743906708855
78,0.028594895471269432,0.002292227205899726,2.0372522726317866e-05,0.00045581170274504524,0.9686366930973594
79,0.0063343039828570105,0.0025726749327270406,0.00010440473111507942,0.00015391273685114786,0.9908347036164497
80,0.0012097625674795335,0.0003380339143792221,4.2277413844283475e-06,4.673327599108964e-05,0.9984012425007658
81,0.0030389911832948958,0.0004155855180564787,2.5865063509953307e-06,0.00010272235584786484,0.9964401144364496
82,0.0010942503559741507,0.0003289629823288849,1.5351263328955488e-06,6.042789029727815e-05,0.9985148236450668
83,0.010150543358140593,0.0006271938932317622,3.2507219087084032e-06,6.618633147913232e-05,0.9891528256952398
84,0.006495348582589048,0.0014799179195378212,8.464948251950444e-06,0.000342525480219754,0.9916737430694014
85,0.024378835024877202,0.0009556715013217628,9.913007924741936e-06,0.0001732884987532546,0.9744822919671231
86,0.01445736579078383,0.0011188701061018247,8.941451857421884e-06,0.00014393931581834106,0.9842708833354386
87,0.09106907727739909,0.0024580381784692447,1.5737806219549913e-05,0.0007680504002508412,0.9056890963376613
88,0.29547624497758773,0.003861183171778905,5.231068151517283e-05,0.002271247714220279,0.6983390134548978
89,0.8810324319121176,0.030480618848189155,4.942201559953931e-05,0.0070685929966846275,0.08136893422740912
90,0.8996299038261345,0.03480043044578171,8.363301862861599e-05,0.013517364475210823,0.05196866823424416
91,0.7859500735988125,0.16227058407400838,0.00013033605352604383,0.025784870796987967,0.02586413547666493
92,0.44043594257441987,0.5274121857409959,0.00048249261361041064,0.023252084104231442,0.008417294966742563
93,0.365579096280832,0.5921145595891678,0.00021077986370885267,0.026672992525314316,0.015422571740976972
94,0.1526389122045663,0.8266289744684154,0.000755347277227245,0.015463562518910456,0.004513203530880669
95,0.04269650012063745,0.9436523981908191,0.0005696896932619338,0.010144751881261188,0.0029366601140202145
96,0.029490738985864143,0.9639003686981321,0.001923988473083847,0.001964815712552807,0.0027200881303670065
97,0.06701653365178666,0.916673761775005,0.009255254519801095,0.003547434481697046,0.0035070155717103232
98,0.02006459922199543,0.9735688537765862,0.0031819760295713805,0.0016360628793238732,0.0015485080925231362
99,0.00799578001539564,0.9813755690242174,0.008544663189640402,0.000668893916963595,0.00141509385378286
100,0.10619132005453714,0.8699029108324785,0.012128642628352065,0.006048930350785698,0.005728196133846654
101,0.01776881376654344,0.9642787558791988,0.014756135322107957,0.001132178907654899,0.0020641161244950245
102,0.03204751827100036,0.9502500981615408,0.010531748488124042,0.0018723523380306962,0.005298282741303984
103,0.054274415085555784,0.9060367676453582,0.03491962596982837,0.0006856359430623161,0.004083555356195234
104,0.016771879281426295,0.9671289435814779,0.013409759323456385,0.0007856961503016928,0.0019037216633378108
105,0.0790251932380054,0.9018303055023418,0.014732913796982081,0.0011082403601643288,0.003303347102506397
106,0.06760182885001396,0.9171730239352422,0.009774069632349332,0.0013804458716730904,0.004070631710721352
107,0.006132034193612048,0.9525718991884107,0.03921939671531733,0.0002515559910441946,0.0018251139116155608
108,0.014456525288632829,0.9251861142160019,0.057835680267678935,0.0003366469228002883,0.002185033304885998
109,0.009062136017096576,0.9388685645528664,0.049365374697170755,0.0001525204805673239,0.0025514042522989905
110,0.005475947086795294,0.9279649774742703,0.06455259327075964,0.00010204775948969328,0.0019044344086849155
111,0.00405039284210083,0.9270877786636752,0.06688205410403761,8.74741924117348e-05,0.0018923001977745482
112,0.001843501265714622,0.8864648324513725,0.11037866112751112,9.289002240749677e-05,0.001220115132994296
113,0.0048807429390341946,0.8407685747993155,0.15156158040237314,0.00016067420581784047,0.0026284276534593717
114,0.009792950201121508,0.8742306333813631,0.11288569971364917,0.00014571901189201577,0.0029449976919743333
115,0.015546378925068051,0.8719113271640236,0.11022999589833711,0.0002142919366788258,0.0020980060758925504
116,0.009006520460379887,0.9516015186985858,0.03752172556985815,0.00024229478850104809,0.0016279404826751813
117,0.02618790169757161,0.9146490834688208,0.056339991765729215,0.0002858887953487399,0.0025371342725296836
118,0.0034476445980787893,0.9492786041777664,0.04583952294866303,0.00010972691179076064,0.001324501363701086
119,0.011175448431366263,0.9540224697071291,0.0324607980056144,0.0002852709393542448,0.0020560129165361125
120,0.004226779010712688,0.9288149688677283,0.06484038844275197,0.00015589943367965524,0.0019619642451273785
121,0.009532833875768075,0.9454149581061824,0.04216620635340687,0.00038968394069444323,0.0024963177239481354
122,0.008767405927973055,0.9706556794957132,0.017168184320930126,0.0010705482010084162,0.0023381820543752815
123,0.01765166229243558,0.9058643707674964,0.06924210417734221,0.002997328711208313,0.004244534051517606
124,0.08671865413046848,0.829356628460847,0.011152645025985584,0.06610137182625254,0.00667070055644617
125,0.341680034151908,0.3292171565051102,0.004663850367894169,0.31303026156542857,0.01140869740965896
126,0.2794211334427661,0.49724525710232625,0.001793155239743563,0.19776346550622598,0.023776988708938046
127,0.0829629261301305,0.8764169921487313,0.0010561283020133377,0.03310293761433704,0.00646101580478797
128,0.3213948753383889,0.5220653051003412,0.0018636318187508947,0.12910585784261208,0.025570329899906877
129,0.2609513941404701,0.5988104990821954,0.0008039740284969436,0.08831862965206232,0.0511155030967754
130,0.20468755451916087,0.5538407711885441,0.0008520224621974096,0.21343836135132982,0.027181290478767658
131,0.27247988239348797,0.12743526360319035,0.0002203135972414811,0.5610071197271456,0.0388574206789346
132,0.16310328273557273,0.13926231911538914,0.00015379889140544725,0.6624503792488247,0.03503022000880801
133,0.11465851931255318,0.10023590475013866,0.00011869970848842083,0.7665472478268979,0.0184396284019217
134,0.07628085810054035,0.03954589681090738,0.00011441981469664545,0.826695309274436,0.05736351599941947
135,0.11886893924866848,0.02063804669374829,0.0006323208113426963,0.651075162721617,0.20878553052462342
136,0.11978671946484581,0.037916226936831915,0.00010792492874892056,0.6291660001445941,0.2130231285249792
137,0.20233214969327148,0.06670295782149324,0.00042121155659180276,0.5762886616379503,0.15425501929069316
138,0.21170166488525932,0.04252697682675356,0.0002820292971581549,0.3812932006557267,0.36419612833510234
139,0.1928088384977705,0.041651239601222634,0.000188613977365937,0.4053492042493306,0.3600021036743103
140,0.08917081075101663,0.018933348405690314,0.000122908426028429,0.1663194076764711,0.7254535247407936
141,0.21286619166051338,0.01596649997215973,8.70741415266222e-05,0.0956008938484469,0.6754793403773534
142,0.1947118361107495,0.015694253885360488,2.8596413127287827e-05,0.06502871444532633,0.7245365991454363
143,0.004997581634314036,0.002062259281690158,2.5642079774021003e-05,0.0007141971994836375,0.9922003198047382
144,0.00545278885502009,0.007755653293563073,0.00024251971741764256,0.0022602299225179556,0.9842888082114811
145,0.0019042278470348597,0.0003757614839200183,1.6789584793423834e-06,0.00014647226003534583,0.9975718594505305
146,0.0026821323434663047,0.0006426280168852224,2.7952890642839486e-06,0.0002326753035815314,0.9964397690470027
147,0.000829944927697693,0.00030195133428662465,1.3788296480864893e-06,0.00010574855037789874,0.9987609763579897
148,0.03383770715770013,0.0012331181920278858,1.0090257278162882e-05,0.00030479129789871004,0.9646142930950952
149,0.02920230876698076,0.0011738203933054638,3.894404707465873e-05,0.0008678973381086918,0.9687170294545304
150,0.18553560865925,0.004797559091180773,2.7140673728829525e-05,0.0015032792735531057,0.8081364123022872
151,0.015192267239662292,0.0019041824157158215,1.7117468552511947e-05,0.000802021590907952,0.9820844112851614
152,0.0020099786284780417,0.0007553344069071828,1.4263112200488033e-05,0.00038102524857106456,0.9968393986038433
153,0.020108454212193087,0.00115935844323112,7.572209191834835e-06,0.0007608009306486243,0.9779638142047353
154,0.47271385991368103,0.0151736884505114,0.00013371314746513983,0.010959666013616419,0.501019072474726
155,0.08930456228758486,0.016102863556255814,1.940038504227492e-05,0.005397062501779171,0.8891761112693378
156,0.0075484763406606205,0.003421724537122369,0.0017027139156776884,0.0008818946824330628,0.9864451905241063
157,0.002393489539920602,0.0010872053991361841,9.381001274079916e-06,0.00036146423947301274,0.9961484598201961
158,0.004740143823989366,0.00048809143960769406,6.21206376655363e-06,0.0002906424673328917,0.9944749102053035
159,0.4855211742328031,0.006405997721650638,6.277716514324204e-05,0.0017173917775346649,0.5062926591028684
160,0.6874786991329787,0.02704010063619407,0.00012395935934599644,0.002758319991787164,0.2825989208796942
161,0.8266750611634932,0.11142866218309541,0.0002024769422897699,0.009307879002761213,0.052385920708360394
162,0.485554938636684,0.47373352480546305,0.00016425259292020852,0.018582582115671303,0.021964701849261574
163,0.1236983674341143,0.8592092304334732,0.002188057712766717,0.009466258484574578,0.00543808593507131
164,0.27643872110401946,0.6078578407061191,0.0003302134148340125,0.09252694521502822,0.02284627955999926
165,0.06033485785875135,0.9129673568733959,0.00024422118023164426,0.02212216265149535,0.004331401436125763
166,0.30222246007848436,0.3899839413845787,0.0006105552146399663,0.13845255915128443,0.16873048417101238
167,0.006498066285574544,0.0159576244661241,2.8706906337986994e-05,0.0014096678220009893,0.9761059345199623
168,0.6660749530120391,0.1034862910709682,0.0002887940681910853,0.009504301197421718,0.22064566065138003
169,0.2068202185233077,0.7832538855195794,0.00013179719512109442,0.001454368865141428,0.008339729896850355
170,0.7106581352170952,0.1416097506432715,0.00011064260154012926,0.0027488684545249028,0.14487260308356828
171,0.09272080866392707,0.8994761323437797,0.00021651143955637224,0.0027899579402024567,0.004796589612534298
172,0.0604324170990098,0.9292512481360532,0.00036951886623946324,0.006667797014191956,0.0032790188845055585
173,0.02574791291057796,0.9691823698564053,0.0005435562694270964,0.003036487668512144,0.0014896732950775348
174,0.03504759498184611,0.9389810666948423,0.0005577903139632054,0.02254476088077504,0.002868787128573318
175,0.012706440558489202,0.982071119576539,0.0013097830570636476,0.0019472838735191294,0.0019653729343890505
176,0.02882164222670764,0.9631178951070917,0.0036831975844855984,0.0019167016017171575,0.002460563479997784
177,0.06636127860826796,0.923261360208001,0.002490561191241091,0.004702429159549763,0.0031843708329400934
178,0.017388240557069532,0.9715572799619553,0.006021669551597975,0.001328761544506847,0.0037040483848704694
179,0.05738135185963691,0.9315008283608284,0.0020356053861469684,0.005990601424502248,0.003091612968885487
180,0.020987810402178664,0.9674086268844284,0.007415068751089351,0.001909985642080586,0.0022785083202228333
181,0.024141227481911293,0.9609061859366295,0.0070085380290540915,0.0025495984068889363,0.005394450145516168
182,0.03847914290519055,0.9466447423216742,0.010682850561823533,0.002384370245464719,0.0018088939658470096
183,0.0239993574700365,0.9671227071645278,0.0038266303848581164,0.0026904732594139617,0.00236083172116355
184,0.06558679843153702,0.7687942254265594,0.027212011260994214,0.0034496699268194825,0.13495729495408973
185,0.3521174534157084,0.5878739973419401,0.004508801436070778,0.029182179494544047,0.026317568311736667
186,0.02961747747462442,0.9585910553374384,0.007925502361040797,0.0011023587001909385,0.0027636061267052067
187,0.052876833848954495,0.9388812006250582,0.0017352409641647516,0.0020416340143224786,0.004465090547500239
188,0.023073666697738356,0.9676730907520597,0.003216680949831948,0.004577771819432716,0.0014587897809375113
189,0.02058997767376322,0.9630812444657522,0.007634351856666105,0.0035655772822708047,0.005128848721547851
190,0.368260133904346,0.5709341036158893,0.002951885223165509,0.03942842039223233,0.018425456864367053
191,0.03279913184680099,0.9537999192928484,0.0014624500556340292,0.00857168243008831,0.003366816374628328
192,0.024972937352559472,0.9619986492813795,0.004863829885673133,0.005695201412577915,0.0024693820678097804
193,0.18838575905348234,0.7732761432227873,0.0024906784686680185,0.02541111612428731,0.010436303130775032
194,0.16464011037017479,0.7801044579487062,0.002333782184156621,0.04250339808101643,0.010418251415945953
195,0.036800468199760815,0.9482682764357664,0.0024060064688722215,0.010674604035912092,0.0018506448596885775
196,0.024390075291124046,0.9655272800807245,0.0030824678441287536,0.005121915774307734,0.0018782610097149279
197,0.03503999198552363,0.9518404703245441,0.00351453103167312,0.005376175269785536,0.004228831388473637
198,0.39395567739572335,0.47546593968553696,0.0018870629963458297,0.04061791195939051,0.08807340796300335
199,0.10388391708393384,0.8790904788805347,0.00492455403840738,0.009797936424583854,0.002303113572540197
200,0.043181024555161054,0.9470855535885403,0.00480359414079086,0.0031838936023406415,0.0017459341131670404
201,0.009628685266085877,0.9835695581336561,0.0035667304709758635,0.0010421834634519527,0.0021928426658303865
202,0.05492795252880288,0.9246204664886357,0.008983448680816788,0.005110136952292266,0.006357995349452254
203,0.06440485108472305,0.9109875839087621,0.015900573200587277,0.005079191789207831,0.003627800016719786
204,0.011287132815665507,0.973855828241762,0.012530723215109413,0.0008158858046742752,0.0015104299227888254
205,0.10370111769020784,0.8771773691383202,0.01012079635702651,0.0014265189595208563,0.00757419785492471
206,0.01896084524138541,0.9685168862873698,0.008230387835211442,0.00045944765883428566,0.003832432977198997
207,0.015309972450661664,0.9630986654844984,0.019497067980824668,0.00026661205895259097,0.0018276820250627333
208,0.007019331573861551,0.9753760996852334,0.015930553714706495,0.00011723628851105767,0.001556778737687508
209,0.018531296911540724,0.9613077470029154,0.017437865768659463,0.0005327094663389485,0.002190380850545544
210,0.02567000701247933,0.930752289886681,0.04096390949257812,0.0005610856033717138,0.00205270800488964
211,0.00814161163851728,0.9338281986878869,0.05610568534593064,0.0002418857864629279,0.0016826185412022856
212,0.004757228821096962,0.7518246711868593,0.24140774031847953,0.0002406296867993764,0.0017697299867649344
213,0.02004283141349173,0.926613549921977,0.05022647453373684,0.0005616101427689948,0.002555533988025724
214,0.012784160252964796,0.9409826015238788,0.04329996773883468,0.00034723573501278424,0.0025860347493087965
215,0.003807607645469986,0.9260769284805794,0.06841635183922808,0.00040119075816146926,0.0012979212765608635
216,0.014742759477563261,0.9214910618440132,0.06154541516739361,0.0005749883243615625,0.0016457751866684415
217,0.017515704384742214,0.9079781074316091,0.07109981894512421,0.0007218200875946288,0.002684549150929835
218,0.028728368942798257,0.9465737141793211,0.02082887091551256,0.0018384525426817437,0.0020305934196862088
219,0.012884687735173827,0.9399835020877845,0.044220592507912646,0.0013713181515921005,0.001539899517537012
220,0.06656789175464124,0.910128346497271,0.012228533648679119,0.003881114272910559,0.007194113826498233
221,0.01524863105916516,0.9555383707164251,0.025543616796189033,0.001325019851468872,0.002344361576751901
222,0.011612843747197635,0.9494915410775865,0.032352758693631134,0.003387193585106814,0.003155662896478025
223,0.019219245316793372,0.9218985001372605,0.04973168443609203,0.0039842967796605185,0.0051662733301935
224,0.3273790540198401,0.5891477240952083,0.005529331989543216,0.05919372438914772,0.018750165506260755
225,0.09977398408965206,0.7385485076992898,0.0026803127543942153,0.15111425453562888,0.00788294092103516
226,0.09908894554175268,0.826760730242434,0.0012326714193851213,0.06436188339911954,0.00855576939730876
227,0.1694535213747438,0.7550855722367108,0.0013020741427442536,0.05433315646460755,0.01982567578119362
228,0.23222545757569407,0.5126157787903755,0.0011995617121546246,0.2416979713451585,0.012261230576617242
229,0.12632866768630865,0.785137946612706,0.001712969281630029,0.07275654479091215,0.01406387162844323
230,0.3245534879389422,0.3974819750968357,0.0009080802413866968,0.23727768692087006,0.039778769801965354
231,0.30574921704313796,0.152772303391455,0.0003418945672485334,0.3076092281016028,0.23352735689655568
232,0.02977220306293253,0.02953728405948355,0.00018475619432475562,0.0025195573030177285,0.9379861993802415
233,0.6350083297518465,0.08793871273661093,0.00021273559319330584,0.01171527300487395,0.2651249489134753
234,0.796092649851717,0.09457269857858856,0.00010216196005011025,0.040592099429408106,0.06864039018023622
235,0.6215940114542539,0.14271974988006178,0.00017961448452979073,0.09921490346549931,0.13629172071565512
236,0.009845996609188523,0.0117376936199757,0.00014503098660095419,0.0069047229199616705,0.9713665558642731
237,0.3846031227363435,0.07730810522194027,6.697596405695212e-05,0.02539088778497385,0.5126309082926854
238,0.022079514015815045,0.010331320316248845,4.9223827464203466e-05,0.0038835454574367243,0.9636563963830352
239,0.32171264405712136,0.018717120495440748,3.352708478551364e-05,0.030184624655002327,0.6293520837076501
240,0.5538107328278353,0.10131427122960812,6.0515244509228476e-05,0.22919431314668068,0.11562016755136668
241,0.5408673696626763,0.04566058962419322,4.180167188124349e-05,0.259885641845116,0.15354459719613317
242,0.2894325954206457,0.028722778462155662,2.3802431436035647e-05,0.4430982593420556,0.23872256434370698
243,0.21691602873930094,0.021629681808769133,3.184004705530872e-05,0.5535880158408076,0.20783443356406703
244,0.03388583668536788,0.004041747740919888,1.2824961932957369e-05,0.033124384679986185,0.928935205931793
245,0.023030827539311245,0.004131754556281094,3.8917127747269794e-05,0.007823433338417281,0.964975067438243
246,0.0073956405762829365,0.0017268721886454634,6.4431413823483675e-06,0.0023157956809344033,0.9885552484127548
247,0.6689661605803994,0.012164784671308904,2.3219825437999893e-05,0.018938926404348373,0.2999069085185056
248,0.7331801804596856,0.052961181727865424,4.4767252964977484e-05,0.051647344663393074,0.16216652589609096
249,0.5785661119381417,0.09198842303389843,4.603627052263047e-05,0.23708324496628075,0.09231618379115639
250,0.14826958787906105,0.020682728482459077,6.205738520101017e-05,0.5006557719542113,0.33032985429906764
251,0.01331446876336364,0.0036277581225036197,1.172924633865285e-05,0.048761348902956095,0.934284694964838
252,0.07643742937425307,0.0130282237320713,3.206370787459307e-05,0.12930444773942232,0.7811978354463788
253,0.16994985085295003,0.004458672575024082,4.887517592186344e-05,0.6167666420171067,0.2087759593789973
254,0.07800183584235981,0.0022631323527610198,4.59903789930195e-05,0.6916752465384901,0.2280137948873961
255,0.02644785204268474,0.0015095110035180563,5.5151859962869904e-05,0.8728242931732079,0.09916319192062656
256,0.01104906418570968,0.0022192004972726846,3.427905750114303e-05,0.8796898984197883,0.1070075578397283
257,0.014397501641798174,0.001260891253108228,1.0614950659417347e-05,0.9304621701833939,0.053868821971040245
258,0.007741515424581903,0.003201137990693211,5.715152986151718e-05,0.37827527724644827,0.6107249178084151
259,0.05498294446495917,0.005103645774472475,8.561423624404966e-05,0.8105941646751046,0.12923363084921957
260,0.06291041639684992,0.00426204155651957,4.45431419147843e-05,0.42066482754764756,0.5121181713570682
261,0.02410509687477655,0.0022629405525583786,0.00021140383398191227,0.11804124849442628,0.8553793102442568
262,0.03224952916840943,0.001107898299314293,5.0317328516742326e-05,0.09763059609856073,0.8689616591051987
263,0.0005634503726953342,0.00023270768926600426,5.433106296690084e-05,0.0013102820472730137,0.9978392288277987
264,0.00043570147148962174,0.00013082897946807394,6.359865320178086e-06,0.000259983740414975,0.9991671259433073
265,0.005750371085531376,0.0006491751114547148,1.037430379580911e-09,0.000831241987821155,0.9927692107777623
266,0.00014999257474639153,3.5321513467711034e-05,5.356046919393887e-09,0.00010696325375889305,0.99970771730198
267,0.0006476102751422459,0.00024727164175923383,8.618620622813581e-08,0.00042878872055689794,0.9986762431763354
268,0.0005019032444872453,0.00017469539056915286,2.261544967970727e-08,0.00034086704376165995,0.9989825117057323
269,0.00044525825709603025,0.0004755380236359835,0.00019074169951798842,0.000559219647937561,0.9983292423718123
270,0.007849496185783662,0.002676528976025509,2.517849136653109e-06,0.0010357355818310877,0.988435721407223
271,0.0012113853320765298,9.19106059899252e-05,0.00034845019323228395,2.1098607316553462e-05,0.9983271552613847
272,0.005060906372530945,0.0002992653319842923,6.8529692202925356e-06,0.000311262473162789,0.9943217128531016
273,0.004062729559766642,0.0002644104117253889,1.2857480095202313e-08,0.00020153996697688922,0.9954713072040511
274,0.00916797059618946,0.004892232191570281,8.764272817001755e-05,0.0014709361448651754,0.9843812183392051
275,0.001489577825029572,0.00037118392050601215,2.850456078171374e-06,0.00014530939831550272,0.9979910784000707
276,0.0009055438007671741,0.00031169087219099845,9.945072244435966e-07,0.0001729755567888203,0.9986087952630286
277,0.0024171736197586505,0.0010428216827638576,5.2125397364007506e-06,0.0005864875919859546,0.9959483045657551
278,0.001379416302935661,0.0011434958826047517,9.125292927958165e-06,0.000872023682638539,0.9965959388388932
279,0.006928843862890638,0.0023323601896453956,3.1935775853271106e-05,0.0018856505108428812,0.9888212096607678
280,0.00543730149803088,0.0012126708610434194,1.1576209645184219e-05,0.0010952691153524978,0.992243182315928
281,0.0016638619825028217,0.0006537116595844163,4.600458749100029e-06,0.0006142706948622399,0.9970635552043015
282,0.0016294795074093273,0.000812583730522928,4.443643540970719e-06,0.0005970122472276166,0.9969564808712993
283,0.01730336753950961,0.0034914145634793847,1.3218469953687949e-05,0.0025042864268938975,0.9766877130001635
284,0.002276976967906412,0.0005501993318762501,1.010658437736463e-06,0.0005340973143202976,0.9966377157274593
285,0.01769318257723889,0.0022380944099106605,5.590765731550786e-06,0.00107895996716481,0.9789841722799542
286,0.026134866708952507,0.005719842980049437,5.944038765722469e-06,0.0016663252790976807,0.9664730209931347
287,0.00329816049880548,0.0007683196482612926,1.647401343286235e-06,0.00027549529655041655,0.9956563771550395
288,0.0023505323547885542,0.0004626658909861541,1.8237075043526248e-06,0.0003562777366899017,0.996828700310031
289,0.00697253351695887,0.0010932879621396259,8.224132021793618e-06,0.0004422185481154631,0.9914837358407642
290,0.003727653987144812,0.0008827823661271433,9.280955250779027e-06,0.0003934751137704623,0.9949868075777067
291,0.024372020382915686,0.0019394971303946604,1.1562743546755322e-05,0.00082965484687544,0.9728472648962675
292,0.023925207412720778,0.0027539405869625197,1.38289521553195e-05,0.000936708401526045,0.9723703146466354
293,0.00811315767690735,0.0019865311652381193,4.2482320619927835e-05,0.0006898816097990414,0.9891679472274355
294,0.0029019996809595493,0.0020977271297089014,1.4528002942016025e-05,0.0004590832042992206,0.9945266619820903
295,0.0028560560416893833,0.0006462249760632251,6.389792839583546e-06,0.00027634469803290674,0.996214984491375
296,0.0019914207253702355,0.0015921880322400275,7.061054357518496e-06,0.0004695200084045895,0.9959398101796276
297,0.0030722121161680855,0.0006542099260408173,6.561604164822783e-06,0.00018586742943669095,0.9960811489241895
298,0.025706161659381225,0.002015012922700534,2.9956458883757208e-05,0.0011337610216819304,0.9711151079373526
299,0.0038463179590206434,0.000889122275209383,1.4683968599973589e-05,0.0006158421041492375,0.9946340336930206
300,0.10876530199497807,0.0029678093198860674,2.548893752193839e-05,0.0017655383728674332,0.8864758613747464
301,0.42357056781921887,0.00851367806753384,5.432487234327207e-05,0.0031534879761938514,0.5647079412647101
302,0.8060870051866641,0.04345865350010708,0.00010969690811368392,0.007945144751914893,0.1423994996532002
303,0.7612184382828132,0.05259402669578139,0.00010095512003755437,0.0126892502844303,0.1733973296169374
304,0.5572978490525822,0.4161665359899149,0.0002361869798170087,0.014806902212529323,0.011492525765156702
305,0.11857293230670553,0.8517198006840606,0.0008221858991801522,0.022594861171538458,0.0062902199385151064
306,0.16284923439630483,0.7743376314820081,0.00034841118544711716,0.054256327116421935,0.008208395819818042
307,0.12804638972277346,0.7869329914375957,0.00029216929584239615,0.07382671101758627,0.01090173852620225
308,0.07256821033092573,0.8948428650793466,0.0006693250865160204,0.02556827414277186,0.006351325360439748
309,0.44147029124466125,0.39761778636662065,0.00023221078281965957,0.029615274765319544,0.1310644368405791
310,0.21895425985631958,0.7492692351070722,0.00039740003266973563,0.02304623143799716,0.008332873565941323
311,0.06530153005990774,0.9239023600801918,0.0004258101047834657,0.007000398370726341,0.0033699013843905413
312,0.2986718113357906,0.6476302973861284,0.00035309141746459554,0.024536978216486628,0.028807821644129726
313,0.024977658901527314,0.9673161895010047,0.00015054533811525062,0.005422872954629382,0.002132733304723238
314,0.05439641489465849,0.9357276951883722,0.0008548514537324596,0.006633300298572534,0.0023877381646644903
315,0.04789228823640858,0.9427969761221692,0.00039873434917857536,0.006571676862404043,0.0023403244298395203
316,0.035197984363877846,0.9526377925885401,0.00028186036634187685,0.009567253513102544,0.0023151091681374598
317,0.039960908063192045,0.9487120558560207,0.00013925803535422022,0.005218982468815055,0.005968795576618067
318,0.06875830549953722,0.9216386443779383,0.0006675776634182595,0.006462671519644882,0.0024728009394614607
319,0.02181457153061797,0.9745890856279452,0.0006832118207286353,0.001423447631885285,0.0014896833888226662
320,0.054461392340169765,0.9335307231824825,0.0012122259822932198,0.008697585252794068,0.0020980732422604125
321,0.041013173803498025,0.9355590954363472,0.0005104740721424165,0.019623733318792812,0.0032935233692194094
322,0.08737938576840579,0.8749637091408997,0.0009205522933307765,0.03163033794518115,0.0051060148521823384
323,0.036946526481898306,0.9501022139241629,0.0002705264777742657,0.009961036226706193,0.002719696889458358
324,0.07878765109790793,0.9100242179284334,0.0005246415532033909,0.007169901596132951,0.00349358782432249
325,0.01949158038046527,0.9758538042979068,0.000313285469328479,0.00246100040356552,0.0018803294487338253
326,0.0740856473679022,0.9154849076274807,0.0004929824337134239,0.004867515722813257,0.005068946848090495
327,0.008426713109356188,0.9863696299648873,0.003332255197163859,0.0005634678134037505,0.0013079339151888668
328,0.08661959740788858,0.8888884225403528,0.0028279693406034617,0.017815608727858662,0.0038484019832965045
329,0.07638150602110125,0.9022160425381374,0.0007114556092452056,0.011566153406776388,0.009124842424739927
330,0.027276504122254987,0.9636074921837807,0.0056962413436863766,0.0016877164555427076,0.0017320458947352464
331,0.03140175763833378,0.9630438077528121,0.0014964577121065082,0.0025439728836830233,0.0015140040130644768
332,0.027152613499794614,0.9620703498878797,0.00102534570857065,0.006308009384183778,0.003443681519571246
333,0.015259150845784795,0.9770265067678154,0.004835294000117266,0.0013456288293744588,0.001533419556908098
334,0.013411323998205348,0.9772245754556266,0.00626638908402621,0.0015176642335351393,0.001580047228606853
335,0.023232030368422467,0.9626927179437217,0.00668634477325871,0.004623002061872001,0.0027659048527248434
336,0.018629594006967575,0.9698276327314004,0.006656649722733361,0.0024452992353307923,0.002440824303567884
337,0.10944217729937762,0.862077094972491,0.004951603771758112,0.013778379408690953,0.00975074454768245
338,0.023110566491067602,0.9657184732068236,0.006561723852274859,0.0029571267056876815,0.0016521097441462866
339,0.20617985296182303,0.7367359350487002,0.0019222080910872854,0.014307250350238042,0.04085475354815135
340,0.04457662547746229,0.9482489421542634,0.000655407476655065,0.003913706043941302,0.0026053188476779943
341,0.014028887396117072,0.9800156471993913,0.0013931215187655997,0.002062878922754957,0.002499464962971078
342,0.08328410168705874,0.8879564611155979,0.0016388810717720787,0.021990916795317686,0.005129639330253388
343,0.014323722900627344,0.9738515230374774,0.004277143798373992,0.0058036246010299206,0.0017439856624915115
344,0.10780555261584389,0.7205191898681973,0.0009212835276741982,0.1429785667116932,0.02777540727659144
345,0.04756091691787573,0.9117723006456006,0.0020545588026734023,0.03153928648571611,0.007072937148134311
346,0.11218335051599969,0.6462071405835523,0.0015136444979135157,0.22422113782498615,0.01587472657754842
347,0.0799201825105034,0.19748345825085215,0.00031973772499995634,0.710836999659019,0.011439621854625453
348,0.027061504579095477,0.019255636623584312,9.516975993941317e-05,0.9397010080369855,0.01388668100039526
349,0.024692971752276218,0.007620232548435116,9.954692959023726e-05,0.9530484067767052,0.014538841992993275
350,0.0733456924712354,0.007321715409397756,6.935556627071431e-05,0.8723444050448762,0.04691883150821984
351,0.21868879679276346,0.016544261961967805,4.4025241831953246e-05,0.5637000163346593,0.20102289966877748
352,0.028239976653457805,0.003937112234046124,7.960582766280525e-06,0.10641574980571869,0.8613992007240112
353,0.35122821487395445,0.01976852775701782,3.3878257106995175e-05,0.13871846843164107,0.49025091068027954
354,0.6595647530425076,0.06874792982563897,0.0001036274131537644,0.10876727855715893,0.1628164111615408
355,0.5621320180885195,0.019858989287159384,8.07412728315593e-05,0.19359343099987922,0.2243348203516103
356,0.008359201006387502,0.002154818806107,1.3446156061942896e-05,0.009667509365535053,0.9798050246659086
357,0.014948725420464387,0.004911700449633566,8.516403649716912e-06,0.01790754498408782,0.9622235127421646
358,0.026132740365071003,0.0017094770803746076,5.7061608067403695e-06,0.011622230513624193,0.9605298458801234
359,0.5139713635294195,0.011075854419560605,4.4858651594078095e-05,0.04005919752905513,0.43484872587037066
360,0.5463477791322404,0.01348717047685327,4.051033245341049e-05,0.03973411548123874,0.4003904245772142
361,0.620811528797642,0.025833096967615973,2.2161242463043295e-05,0.10163350917965064,0.2516997038126283
362,0.5801332583788885,0.060271990720031934,4.7025600593013295e-05,0.22613720964273035,0.13341051565775622
363,0.01494041542114041,0.005591258741705269,3.2425354504925634e-05,0.011756374578285116,0.9676795259043642
364,0.0890401895498458,0.03125097727154809,9.299719274425887e-05,0.050072291804634864,0.8295435441812269
365,0.0034776353755680686,0.0023771155043759134,4.3117188333332725e-06,0.00076225288031328,0.9933786845209093
366,0.0027833495648067162,0.0005703166334633629,2.387090468031933e-05,0.00048553616810852716,0.996136926728941
367,0.005551317243736753,0.0009018804826401881,4.331399487346306e-06,0.0005639699986353054,0.9929785008755004
368,0.6762708647473498,0.017374805275923368,6.867520123816096e-05,0.006945758813872863,0.29933989596161564
369,0.6688904099349607,0.017909522798838746,9.668577058507921e-05,0.022625844769634387,0.29047753672598114
370,0.6973471071491385,0.07905694683292559,0.00010597591727971829,0.14672299453370433,0.07676697556695188
371,0.35705147236488527,0.14283861619759836,5.3921187187266624e-05,0.3608996268134393,0.1391563634368899
372,0.2351049354049001,0.03542704523154366,0.00011999119741294673,0.5182248941359465,0.21112313403019675
