epoch,N1,N2,N3,R,W
0,0.00015735619782079356,0.0001228076848666656,1.7891479144482326e-10,0.000157651561456181,0.9995621843769417
1,0.00044675221650109913,5.2448662774916976e-05,2.18697873143685e-06,9.108773623450147e-06,0.9994895033683692
2,0.00028061969330335404,0.00012336300464654224,9.73109532322318e-07,2.9594423047737722e-05,0.99956544976947
3,0.0006314465573256213,0.0001004031639297025,8.395954746387957e-07,0.00011677804037195063,0.9991505326428982
4,0.003171631252472439,0.0001445869203612916,3.682831863926529e-06,5.41687906263372e-05,0.9966259302046759
5,0.0012668885531763798,0.00013187201925699915,4.769947672597137e-06,1.3899135185145412e-05,0.998582570344709
6,0.005002775650592181,0.0012133965609859197,1.686958724481583e-05,0.00014276547099502016,0.9936241927301821
7,0.006791011200094916,0.0020511486813867756,1.1612293891048625e-05,0.0004904526650719834,0.9906557751595553
8,0.01891188695123334,0.010508121790939198,1.9644116331726834e-05,0.0011788493043828543,0.9693814978371129
9,0.008102434496559811,0.003740890910090727,7.694755611307268e-06,0.003457361059700698,0.9846916187780373
10,0.10980849557739074,0.16675889847470604,0.0006779577249906939,0.002486072029918779,0.7202685761929937
11,0.046441492128227624,0.07675337451963134,0.0007951009017251078,0.0020138864827495538,0.8739961459676663
12,0.038348202686552105,0.15213491586282815,0.0008094064956009494,0.002131172594773982,0.8065763023602448
13,0.07886510699298727,0.1731123116097731,0.00012323959435937273,0.005093800440162704,0.7428055413627177
14,0.10707337141393915,0.6645732703426966,0.0002717902685921173,0.017306841559121794,0.21077472641565034
15,0.09920111312473211,0.5154270985232068,0.0018303391266657628,0.01029772746806661,0.37324372175732873
16,0.06010630359328749,0.7776424929243873,0.0038305871868727563,0.0013502614443271304,0.1570703548511253
17,0.05591975248543619,0.882909369177981,0.0007968062585219161,0.008585672914528115,0.05178839916353303
18,0.08638882907126694,0.7488894652653301,0.006479302276630175,0.004539213957319055,0.15370318942945377
19,0.0522806406957453,0.9058371556124103,0.0032167083629460625,0.003335508582228524,0.03532998674666995
20,0.04013112043803263,0.8091082013099115,0.008803318717734498,0.0005658288045936477,0.1413915307297279
21,0.12955321406909295,0.7946400135455199,0.0020937694606360763,0.002270900472342439,0.07144210245240867
22,0.10436283030503193,0.8296792060020741,0.0062274011568136224,0.0008439514850282114,0.05888661105105189
23,0.03165236357610721,0.9411648997318186,0.0068670803705846006,0.0002342077937093812,0.02008144852778001
24,0.13592808727585132,0.7831351373791915,0.005301736813995673,0.00444280155517688,0.0711922369757846
25,0.0599479689063296,0.8267291799809353,0.013420496225482767,0.0026306330039528618,0.09727172188329926
26,0.12600668263982304,0.7711057611807571,0.00967093128859882,0.0035127936801733605,0.0897038312106478
27,0.04055730723472133,0.866220818347768,0.011790642768157278,0.002937778288102294,0.07849345336125116
28,0.05844565552052729,0.8442653943982164,0.012233549147891128,0.007201180327403325,0.07785422060596191
29,0.06536400950123397,0.9046201090762538,0.0050017183939799915,0.002054230398446761,0.022959932630085344
30,0.046742322965099344,0.9146337397586306,0.011710572694595444,0.0006638320435848544,0.026249532538090006
31,0.05616250503357212,0.8753500140358904,0.012633121818117717,0.0009095146332151375,0.05494484447920471
32,0.0536628454188299,0.8622239456303736,0.0342491556118698,0.0008253382214085415,0.04903871511751809
33,0.12915720521383833,0.5211067442243725,0.14753741434564666,0.0006427463782967011,0.20155588983784578
34,0.044107400862466305,0.78542463568327,0.0264873092741002,0.0009717647289061381,0.14300888945125736
35,0.08088291281679842,0.6830070609399482,0.08066240208796331,0.0003444360003133733,0.15510318815497653
36,0.18906285838195128,0.5175665696815287,0.08474569984061923,0.0006058699771043647,0.2080190021187966
37,0.07460844420342107,0.38383320115164465,0.23576062974638207,0.00032481482844944846,0.30547291007010274
38,0.07055049692143853,0.39825625899182127,0.12690785132860435,0.00023151808500205235,0.4040538746731339
39,0.04685690691592673,0.3381924999936176,0.09093947884854063,0.00013414131558240675,0.5238769729263326
40,0.04677300039083603,0.690111842800915,0.04710663283229565,0.00010063295522196935,0.21590789102073135
41,0.04435363866407388,0.43341628740433136,0.08341961540459869,0.00016946426238709036,0.43864099426460906
42,0.05578240366163509,0.642061020926102,0.1027608327757154,0.00011036749908934834,0.1992853751374583
43,0.02089218474860546,0.6053694547557504,0.1759526497188251,0.0001136767469888637,0.19767203402983
44,0.03566603707890224,0.5954782961222944,0.2094393342351056,0.00017960518053924366,0.15923672738315856
45,0.021626001527266413,0.48025308594884203,0.34207946085853397,0.00024130122603243696,0.15580015043932516
46,0.0607963158312573,0.6201180697954501,0.21382397631733643,0.0003634503201371697,0.10489818773581878
47,0.008923162770783116,0.4859670895262517,0.48836784231389896,0.00014469414811775372,0.01659721124094848
48,0.016975266639920876,0.5912452077864778,0.37509571473889,0.00014705591555712666,0.016536754919154194
49,0.030941776347132133,0.5498198559748211,0.3963802497652672,0.0002635761193207188,0.02259454179345886
50,0.039593986783879896,0.7945489807759925,0.14617957839562223,0.00022360990505515126,0.01945384413945028
51,0.01135873964236392,0.5744423639348626,0.40596832442965425,7.27711168880895e-05,0.008157800876231145
52,0.01455407758194864,0.6882551314447481,0.2768461054608931,0.00039924628385439113,0.019945439228555722
53,0.041840986920147115,0.6602891002246333,0.2791986047027678,0.000348184800951765,0.01832312335150007
54,0.010881907366169306,0.644019783975785,0.3326321789288735,0.0001230951218483915,0.0123430346073238
55,0.015709031758109195,0.6223988774606836,0.33381112867539553,0.0001976526921984298,0.02788330941361328
56,0.02818556029740739,0.7791548530252033,0.13893675984015766,0.0005524667136901725,0.05317036012354139
57,0.025142667406007863,0.7672976588345004,0.13530409645373104,0.00038577546000638,0.07186980184575421
58,0.024835680713052873,0.6669255968896922,0.2677784828448303,0.0005345826536313223,0.03992565689879317
59,0.02031411537344304,0.6337413017459886,0.31150203466957704,0.00024010384514186237,0.03420244436584918
60,0.017843437209029384,0.666374216537786,0.2631746056242067,0.0006309851520121775,0.051976755476965834
61,0.0247536531848601,0.7307265933996853,0.16280265152910425,0.0007785259936224387,0.08093857589272807
62,0.03655631807153381,0.7307689433848692,0.1697618622787361,0.0010474149157110185,0.06186546134914972
63,0.0506372802528158,0.7545998084381011,0.08801448536887271,0.0012877096746596608,0.10546071626555063
64,0.06355887256289781,0.7517569534330878,0.10345873962318608,0.001224838114754253,0.08000059626607395
65,0.043646025669839356,0.05180356244021672,0.006025244163809024,0.000982303527838754,0.8975428641982961
66,0.17381466717192837,0.22114459573094403,0.03178569818808282,0.0030844413584422063,0.5701705975506026
67,0.21713789964201166,0.2407987965596267,0.010450124023907326,0.0028627073162637495,0.5287504724581906
68,0.23000814771099057,0.4372622076267465,0.029974692374165796,0.002612712363918974,0.30014223992417816
69,0.1616655523161205,0.37572196650298373,0.03322248483617785,0.003419355116786753,0.42597064122793116
70,0.13611968427928603,0.6421277266025466,0.05130079501845954,0.001452682180609083,0.16899911191909883
71,0.11990897197141781,0.7420257066040695,0.08469542007947613,0.0016915835442545583,0.05167831780078188
72,0.20308883667254218,0.579500619248784,0.14735904471225134,0.002360277202946137,0.06769122216347628
73,0.07705542835394051,0.6707714410949591,0.21361231070472952,0.0012120275663841669,0.037348792279986644
74,0.03416732548664331,0.8075603183677145,0.12840476674277157,0.0029807496407641943,0.026886839762106544
75,0.027442646473305778,0.881819600321647,0.046422089065496205,0.006744775324329794,0.03757088881522129
76,0.027633198151673952,0.8921036680065643,0.06349553063145728,0.0037865688210940007,0.012981034389210512
77,0.038114431940046635,0.5714978447620864,0.34517426757107317,0.01088826563481048,0.03432519009198337
78,0.05091000882882394,0.7720893273461534,0.11522831368388861,0.014571111046246615,0.0472012390948875
79,0.10432099797310275,0.7674299595173628,0.0650287878018123,0.016384946677382772,0.04683530803033933
80,0.08675275789295749,0.7568849995110399,0.06703468069584069,0.00578105000253416,0.08354651189762781
81,0.10004112799068461,0.8216358750628978,0.04224352821177122,0.009452431353191775,0.026627037381454475
82,0.047079242081747276,0.9236182023045011,0.015819826507671667,0.0023582372389276403,0.011124491867152482
83,0.016143891311662998,0.9070447695118198,0.06257569874270727,0.0006578083994580211,0.01357783203435191
84,0.049453501160709686,0.8164403427710791,0.10289709420858645,0.0004391038559843876,0.030769958003640237
85,0.03168306706516917,0.828137829882383,0.11742182705589178,0.0009146852691830473,0.021842590727373035
86,0.01242924095738233,0.7505091836213289,0.22389708511695297,0.00032376580117030447,0.012840724503165325
87,0.01647618377619319,0.6146677308178673,0.3521388708208958,0.00026215910214198273,0.016455055482901725
88,0.03014446685482166,0.8267722030134989,0.12158420722050056,0.0004478762267486224,0.021051246684430303
89,0.028052939209406044,0.8226944178101121,0.1185862448943102,0.0004518742371517574,0.0302145238490198
90,0.01893428864130741,0.5102715246378973,0.4028606448109537,0.0003501507878043473,0.06758339112203729
91,0.02174569681850356,0.5956086134651143,0.3235577034039863,0.00012628260224934544,0.05896170371014646
92,0.020230484769208534,0.3677120330200749,0.45276458809213466,0.0002925760732512342,0.15900031804533069
93,0.010062448007650736,0.381972301546203,0.5795946664816416,9.051629276707019e-05,0.028280067671737637
94,0.028040394367049176,0.6738773611159741,0.20530409252205478,0.00042931957047999663,0.09234883242444202
95,0.03415561677457503,0.708337531178634,0.20109237620202508,0.0005030599739685337,0.055911415870797315
96,0.0899829578627755,0.4992843106020465,0.3290458126206938,0.0007369902069679021,0.0809499287075163
97,0.030181870840935977,0.6914596987411529,0.19662890906725972,0.0010295641831594023,0.08069995716749197
98,0.10090135509369372,0.5975669987922545,0.13652111369125136,0.0020307275313165086,0.1629798048914839
99,0.042139965918141856,0.7335939142507224,0.18853743885706606,0.004039978435031288,0.031688702539038424
100,0.028588686443611143,0.6772757820742025,0.25203837830422143,0.0019160067854032238,0.04018114639256171
101,0.024149003664512024,0.6660432434426038,0.28398944598977144,0.0014324608928941494,0.02438584601021856
102,0.05327093522775539,0.2801207787860958,0.06563299422668388,0.003159764082600535,0.5978155276768644
103,0.21513304207810682,0.5950334407692288,0.06454399185372173,0.007276941973276122,0.11801258332566648
104,0.1021219090674833,0.17312124477924468,0.0060184209739522964,0.0036071799815262846,0.7151312451977936
105,0.2551703914271799,0.5157627410678449,0.005908988656523086,0.006321670179223197,0.21683620866922887
106,0.09757175993774841,0.8835699799145477,0.004995207005700229,0.002983627270051841,0.010879425871951825
107,0.03833898908523938,0.9271047192483983,0.016352367381206545,0.001395838862299426,0.01680808542285624
108,0.04293191680695205,0.926500503376937,0.014688447904966217,0.0035930373011190337,0.012286094610025633
109,0.017600988881802702,0.9386025770500626,0.014771575106058055,0.005406157330445996,0.023618701631630778
110,0.07873108433256491,0.873709418394565,0.01691816287252854,0.007145778062617716,0.023495556337723884
111,0.04634080182148658,0.902042843067562,0.030692263445911697,0.005132002464223675,0.0157920892008159
112,0.0791865227219093,0.8383821697228496,0.06326971539720865,0.0031195599260415,0.01604203223199106
113,0.034593814190700005,0.8809407090345982,0.07463756012085578,0.0014091336166143966,0.008418783037231677
114,0.03292490518963876,0.9042131755928146,0.05092919999368323,0.0015363020329645974,0.010396417190898882
115,0.11282024120830081,0.7282113905105481,0.13578157666969964,0.00125087721965866,0.02193591439179286
116,0.11988507390500264,0.6034268809687776,0.25984278122466853,0.0012069855517392249,0.01563827834981193
117,0.021520681105133967,0.48601896985203885,0.4854713310388243,0.0004876400284460509,0.00650137797555675
118,0.03500553780121098,0.5336646179172507,0.42074953782262936,0.00023804960013087338,0.010342256858778003
119,0.03200253130570818,0.5954319489655295,0.3599661998329274,0.0004303454902979641,0.012168974405537157
120,0.07163447067567948,0.7143623305210136,0.1736934856526757,0.0013595829212647104,0.03895013022936631
121,0.027469526682558254,0.7939027312440562,0.1381932591081149,0.0011756817799842573,0.039258801185286345
122,0.056193306568262026,0.7229934716437514,0.13163963949095212,0.001188511808733165,0.08798507048830109
123,0.01929530636462462,0.6040002230299638,0.357580968311718,0.0003169939028347405,0.018806508390858807
124,0.028316785596353155,0.6154074654031941,0.3122828202627836,0.00044697431504363055,0.04354595442262553
125,0.024841165300397053,0.6090202108261292,0.3280066180205375,0.00037551240426915374,0.0377564934486672
126,0.016486888846315936,0.3313249168488278,0.6336061274373432,0.00026641932751043966,0.018315647540002665
127,0.02970892372320044,0.7172537900824484,0.23341383015390688,0.0005199237129500961,0.01910353232749415
128,0.020984180593590623,0.7206710778105762,0.2387013725981092,0.0005758637803913301,0.01906750521733256
129,0.013059526927273494,0.6585813769870175,0.31621292968930653,0.00045448142256391405,0.01169168497383861
130,0.037664648302396235,0.634375350199183,0.29184335863820615,0.004527292344038667,0.031589350516175854
131,0.04239959674130159,0.795700129222662,0.12952162972011433,0.0029929556415369783,0.029385688674385242
132,0.08644421837072674,0.6648713642667576,0.18937897024009534,0.003938044503504989,0.05536740261891539
133,0.14307741163930615,0.6880777691068887,0.060176556498005525,0.012912979508259936,0.09575528324753974
134,0.10691871688785139,0.6808069771194872,0.1425263601308731,0.005805042608430065,0.06394290325335827
135,0.075288984743529,0.6164580495555265,0.1092478007629743,0.00567839746248847,0.19332676747548164
136,0.0911282775149215,0.053260477393363245,0.0005867370647050578,0.009089279590832194,0.845935228436178
137,0.032359578903222525,0.05369326084591525,0.0007464993525568679,0.005252363300274886,0.9079482975980305
138,0.2158128884667737,0.2306147727917578,0.005418066198521122,0.02189784517211802,0.5262564273708293
139,0.12874174666465873,0.41079640765275993,0.0011346840553797513,0.007354670573521372,0.4519724910536802
140,0.0970734681178999,0.10840383548085773,0.0036898836029727712,0.003212894926972884,0.7876199178712967
141,0.24098396221794965,0.3408277694984354,0.0012506257667537662,0.019760311199945185,0.397177331316916
142,0.08638264178915858,0.2002612991475061,0.0010001884145107432,0.005325437368568436,0.7070304332802562
143,0.28277941328518535,0.5890353319424095,0.008840592639195146,0.006183815887212975,0.11316084624599702
144,0.08243062822577649,0.5249100804370322,0.018408798127388055,0.004742594902684722,0.36950789830711844
145,0.24483711206260955,0.3921935970045417,0.0027572226948420243,0.010440426204909143,0.34977164203309746
146,0.18841829474632793,0.6639157645621111,0.006306407807498699,0.008518747227554623,0.13284078565650767
147,0.0583514340501688,0.8760102141362374,0.011063981318379214,0.007358574025349625,0.047215796469864964
148,0.19287941850866047,0.5987761412390408,0.011111926955080814,0.03507459820402855,0.16215791509318933
149,0.16369611558593739,0.7492982806765363,0.00693152977872394,0.04960704886861914,0.030467025090183283
150,0.04006923417810656,0.8767177411927022,0.012834583466614854,0.008414124188261558,0.06196431697431507
151,0.1756813353234522,0.5329658556154487,0.008686488793168513,0.013532296513398056,0.26913402375453244
152,0.07396586569874708,0.8346116146540177,0.011317363889255456,0.01429624895143997,0.06580890680653968
153,0.0692897916532933,0.8125186214596319,0.008824603451986966,0.007293143208415143,0.10207384022667275
154,0.08088676166994926,0.7676369138366198,0.02696728622072685,0.005216486118072618,0.11929255215463144
155,0.09882955804325567,0.7859610306581979,0.012126028142197372,0.012661812319110757,0.09042157083723829
156,0.04833480811962123,0.9051051574747682,0.008262396759754508,0.004975444661670246,0.03332219298418574
157,0.018366611932966164,0.9308011656539583,0.020192563303759407,0.0025654078469068923,0.028074251262409144
158,0.1632781066126435,0.7335497028793351,0.00650055779357856,0.021173556280960064,0.07549807643348272
159,0.219932945121141,0.5461236896155808,0.011312156199688218,0.0300063102715384,0.19262489879205158
160,0.04256058813262992,0.8886884356549615,0.007686020717814864,0.006649945451492025,0.05441501004310172
161,0.07743889625987287,0.8747283034169632,0.011517800984395539,0.013837333008586973,0.022477666330181365
162,0.16928988419646696,0.25491966922136605,0.004451837434883285,0.06137398899047864,0.509964620156805
163,0.23232267302537257,0.2646062166388229,0.005506187014815878,0.017069170985634086,0.48049575233535463
164,0.11437309407841839,0.2397705330401975,0.0020346743188955512,0.015454099027627021,0.6283675995348615
165,0.170948153755256,0.4784704273764639,0.00311459166105633,0.021444437512161286,0.3260223896950625
166,0.007457904615371749,0.07280095375420335,0.005014009812710833,0.002253091071347756,0.9124740407463662
167,0.0026529723214517836,0.004289626202226544,0.00010937190742297525,0.0009323765635559155,0.9920156530053427
168,0.035344932256529536,0.010144353089279818,0.00017748636071565025,0.004543010847879719,0.9497902174455952
169,0.02731249469545903,0.022392394284600072,0.0004915928645432789,0.001823475529047196,0.9479800426263505
170,0.005066669342691841,0.0020870263312187222,4.030964840333939e-05,0.00026314267370071236,0.9925428520039855
171,0.673590157620852,0.13243274696122587,0.0005485618887776788,0.01135173601810209,0.18207679751104247
172,0.20922916500149746,0.2941179027984238,0.000722297386132112,0.015309000539757102,0.4806216342741896
173,0.12630802516904105,0.7397811073884112,0.003862726328603769,0.024731126245833873,0.10531701486810992
174,0.09414676124022656,0.2747817142630154,0.00129514704877519,0.07237321553304503,0.5574031619149379
175,0.2510317904738923,0.5061365025570437,0.0035507683213389187,0.11852729664523456,0.12075364200249053
176,0.045506269581119876,0.8008805112776203,0.000545214741693438,0.13590411579029363,0.017163888609272746
177,0.29336216910259916,0.23706184601641123,0.001916412251252551,0.23535469126269984,0.23230488136703722
178,0.07263933347460316,0.8589385609603986,0.006360561922833582,0.04842479307620482,0.013636750565959975
179,0.16282575113484898,0.5243280355386384,0.0028005193706300054,0.2013108797996868,0.10873481415619594
180,0.23390969764081665,0.25165851894711905,0.0009448372696605401,0.43831796520122557,0.0751689809411782
181,0.14038740494316307,0.6390851743421677,0.0017139450606373369,0.16896749500891023,0.04984598064512157
182,0.09803276971887735,0.7999205717742516,0.0006265062280800327,0.08247819946331746,0.01894195281547357
183,0.16284971091617959,0.48577338296885025,0.002234737967622977,0.13091927201968453,0.2182228961276626
184,0.062466544980625226,0.8587990853978105,0.002354375354423397,0.038634787189819754,0.03774520707732105
185,0.17541702234293305,0.43123847052413145,0.0010537844173204582,0.2219108963956123,0.17037982632000262
186,0.03176726456403174,0.854399618407993,0.0026811852083896445,0.02132696512074173,0.08982496669884375
187,0.031248003506170585,0.9107768795331668,0.0034011478369280236,0.025987831431190146,0.028586137692544648
188,0.049144296094261006,0.22864378176061054,0.001199104872708025,0.012417919400801626,0.7085948978716188
189,0.03596176737102871,0.02226818172556393,0.00039717999413316555,0.008696846825354924,0.9326760240839194
190,0.07678594844091123,0.022481759678766457,0.0004099173028173765,0.014174891847485604,0.8861474827300193
191,0.015330205069742463,0.026853222831573046,0.0029800970607668773,0.003890168237038172,0.9509463068008794
192,0.027757049362832742,0.013250254005607824,0.0006165467475863411,0.0035064499345339884,0.9548696999494392
193,0.1297156745134812,0.032054637047482466,0.0001929874325822926,0.021846368280876133,0.8161903327255778
194,0.18859874617690336,0.16065062313289355,0.00021987105091408296,0.04251285914042979,0.6080179004988593
195,0.2854061281613307,0.4137523732021116,0.0006273019972620561,0.05797741122017196,0.24223678541912366
196,0.24088066859440943,0.45744022090689307,0.0001863736570751618,0.0420586596546036,0.25943407718701894
197,0.15187136515411007,0.621041820717785,0.00020741011846935677,0.06058916372962221,0.16629024028001338
198,0.08018868296223192,0.8447555083852579,0.0003213529130695535,0.03562593892552742,0.03910851681391328
199,0.036965745039343516,0.7587540132495961,0.0014742829245680772,0.011099248675087723,0.19170671011140472
200,0.09189851044597232,0.2985928175107334,0.0007261110909104089,0.04461487245777834,0.5641676884946055
201,0.10378157459409078,0.7867909599848538,0.0003149542390334349,0.06566516315795942,0.043447348024062485
202,0.0480726852800626,0.35375863786725054,0.0003329659006553706,0.020783175307712082,0.5770525356443194
203,0.21076124389458628,0.5678930351328364,0.0021599817196076296,0.06626961323040804,0.1529161260225616
204,0.05418196040104903,0.8637630216382042,0.0018573724514827487,0.015683980646953744,0.06451366486231042
205,0.039226576267438355,0.5399355988088989,0.007513872317542086,0.014578779275151228,0.3987451733309695
206,0.11365251895414345,0.5773243257831926,0.006706746068569889,0.02214262196924613,0.2801737872248478
207,0.0883559646624068,0.5438035200730538,0.0028251015714919436,0.05269006459426992,0.31232534909877746
208,0.05530280724019711,0.7564584447853602,0.0018088543438996507,0.014027312970804675,0.1724025806597384
209,0.04946359065712878,0.23946256632593976,0.004569695399188409,0.007594299526658151,0.6989098480910849
210,0.11210539628946542,0.07696171925419719,0.0002286043595564482,0.011652053889431625,0.7990522262073494
211,0.02975596649025788,0.031329526835099916,0.0004937704241016236,0.0008640870221432005,0.9375566492283973
212,0.0023481307479129992,0.002054963326108607,7.301640977135939e-05,0.00013513812608200807,0.9953887513901251
213,0.02146528826746023,0.022297147749025505,9.516721891745815e-05,0.007617455416375665,0.9485249413482212
214,0.0025438924822068,0.0041160940998201155,0.00028018896633499597,0.001448870167665747,0.9916109542839723
215,0.002135597592657871,0.01310205537172399,0.00023628918612641803,0.0005821366544250823,0.9839439211950666
216,0.0033962889753054743,0.019840253022686227,0.00037201576497734135,0.0003680181381696867,0.9760234240988612
217,0.002493135162451275,0.011410490588598672,0.0008735233883793632,0.0001864459706798298,0.9850364048898909
218,0.006360858203635452,0.012452433078512555,0.00032926659681015207,0.00011324791362716121,0.9807441942074148
219,0.0008200815358465392,0.0018290984913246382,1.9939945225404305e-05,0.0001499574274483335,0.997180922600155
220,0.013743495716535839,0.0029614860617307704,9.717547339958447e-05,0.0006777917114562718,0.9825200510368776
221,0.009202152770212909,0.0041396357903657754,5.717821706180847e-05,0.000508487221973694,0.9860925460003859
222,0.005390116870645359,0.009027483339824635,0.0001391584354129038,0.0015464525934350895,0.983896788760682
223,0.001145707683487781,0.004817114672412318,3.636110538834357e-05,0.0005416556813655918,0.993459160857346
224,0.008438894846724576,0.00864014762365218,3.170777902040014e-05,0.0009422579737659503,0.981946991776837
225,0.007875585122263948,0.005163837190488033,0.004107541389381397,0.011728244225467869,0.9711247920723987
226,0.0005163481167309585,0.00044490100547399337,0.00028570799454031475,0.000651919706612751,0.998101123176642
227,0.0019281113209165652,0.0028377405217671643,0.00024594493629263837,0.000985190459329153,0.9940030127616944
228,0.007726871331942195,0.004334370303801984,0.0002304669323427606,0.0011745452964435684,0.9865337461354695
229,0.0060022598516601,0.002556799407049463,0.0002154946721725859,0.001436926292533614,0.9897885197765842
230,0.002390371294348262,0.001208851490373862,5.575549697263198e-05,0.0009407394823873952,0.9954042822359179
231,0.05208051886271327,0.008111692993340802,0.0002807621432511508,0.005592108842161072,0.9339349171585337
232,0.4208305123070842,0.07016768670284236,0.002936613074235589,0.03595148191669274,0.47011370599914526
233,0.49263357418437265,0.20872324781046364,0.0013462433023206397,0.1792787615884099,0.11801817311443316
234,0.08784527405316461,0.3063791492844576,0.004489167747014255,0.3566145113611865,0.24467189755417698
235,0.0977927844095274,0.13519249798180827,0.0014345435248686465,0.5342521564870055,0.23132801759679017
236,0.07444010086307043,0.09979845284093795,0.0007568333848136004,0.7730002127101302,0.052004400201047754
237,0.1585701008958083,0.13626056831236283,0.0007743066896695721,0.5509989673484824,0.15339605675367693
238,0.09858785896953288,0.18251803544068865,0.0026280220538336947,0.34917508029576566,0.36709100324017907
239,0.188860417053386,0.06920725440215866,0.00021949586697491278,0.6743149151284832,0.06739791754899721
240,0.10946611220517978,0.4809233797423444,0.00395124630390245,0.38706096733207873,0.018598294416494646
241,0.10291198342126834,0.4643767422989218,0.002721256131989856,0.3439565865043587,0.08603343164346139
242,0.18044820427797167,0.18441947284450882,0.0002527947727827554,0.6084253280466935,0.02645420005804333
243,0.05940864775487479,0.4418314504859991,0.0004104388508370282,0.4843758851292153,0.013973577779073843
244,0.05730843561699211,0.6385699069214392,0.0011050069633292755,0.22811120813912417,0.07490544235911516
245,0.10527771207741417,0.16382663621192123,0.002012068314347068,0.2565399928589393,0.47234359053737823
246,0.0698939302074579,0.6937614286869687,0.0016337063712379622,0.1696886659525472,0.06502226878178843
247,0.07485801293600182,0.7116636573738442,0.0023580647681045157,0.06148049726016025,0.14963976766188927
248,0.07591049112246119,0.7953602941637543,0.0012546500705924403,0.06546308695093418,0.06201147769225792
249,0.03470265033527696,0.8776936058961246,0.002552370202838678,0.03285851377592515,0.0521928597898348
250,0.154668574764938,0.5554800618708913,0.0003719097999505952,0.13029107880591706,0.15918837475830305
251,0.2704488380988939,0.334793794909646,0.0009295744471219272,0.30081346167559947,0.09301433086873855
252,0.18585869824179932,0.6056939136450376,0.0013067906098003536,0.17214132171795854,0.03499927578540429
253,0.12855258381935739,0.7085944977254701,0.0017418170444766707,0.10727610758748836,0.05383499382320742
254,0.20015951101063015,0.3689760824422566,0.0006634080061669308,0.13685281116195203,0.2933481873789942
255,0.32720877784693564,0.4288029936850628,0.003779029107387017,0.04561964964464242,0.194589549715972
256,0.08174811695453811,0.7161985136467909,0.007405982768282486,0.019637471562245497,0.17500991506814317
257,0.2732970612645749,0.6147418240600974,0.0005550883981719282,0.08286801443688649,0.028538011840269415
258,0.13432701543357745,0.7399679980442626,0.004262712512319413,0.02120197310762975,0.1002403009022108
259,0.027529444061220782,0.8667098469378574,0.002694610427731575,0.007708186509283613,0.09535791206390656
260,0.20498808426492413,0.5697063630819447,0.00484771429276709,0.015211615738915526,0.20524622262144857
261,0.028666999525577445,0.9556441544507647,0.0018606574271370175,0.0012190521033125176,0.012609136493208337
262,0.043013835611007176,0.8552268073637449,0.011777682348925069,0.005211836790265593,0.08476983788605737
263,0.13479193075409027,0.7878684033998584,0.0036891629613802013,0.010752489718887471,0.06289801316578378
264,0.05397507270819963,0.8061292467346889,0.0054515854843208075,0.0043541242326389775,0.13008997084015173
265,0.09498252494104929,0.8224797111169323,0.00528962570680067,0.004676872675519514,0.07257126555969834
266,0.055697122928164366,0.8941704535294054,0.007539910047909796,0.005276141626393692,0.03731637186812677
267,0.10093643508794957,0.8701968209635957,0.004721082369040477,0.0059033957130522705,0.01824226586636214
268,0.0938143703657095,0.8462843827897045,0.004603371037448703,0.006326158536556869,0.04897171727058043
269,0.05000005659682078,0.9184190642173652,0.007927913579301794,0.007095920261898536,0.016557045344613774
270,0.026487122477127267,0.9444318082432896,0.015417299696832882,0.004222401270317314,0.009441368312432847
271,0.04203023053280672,0.8957134804760538,0.028552778497288447,0.007295194162991045,0.026408316330859855
272,0.07845110765487551,0.8847329660530117,0.007220896255577407,0.008193598298868104,0.0214014317376675
273,0.03407655665271783,0.9141278319268878,0.020179476648057533,0.0028984369241791793,0.028717697848157635
274,0.05216617281824985,0.8987335192384912,0.021511041973488305,0.0034235910264646696,0.024165674943306015
275,0.03576862510339585,0.8504747867412813,0.10605937644467126,0.0026139028813817315,0.005083308829269863
276,0.03021522452858307,0.9312126074461844,0.013879296073407045,0.0020843178439515254,0.02260855410787378
277,0.02211429089994643,0.9463934495683543,0.019405074864271014,0.001576407070605775,0.010510777596822521
278,0.03924428927536539,0.877063598039202,0.054575610079633574,0.005405231515370235,0.02371127109042881
279,0.02819549187248417,0.877162908528029,0.08082550185108077,0.0022482470535764875,0.011567850694829587
280,0.027710498114455303,0.8985601133134372,0.055799367374150796,0.004166226626533849,0.013763794571422931
281,0.035687531880075576,0.8387727807770021,0.11998779181562837,0.0018047449890418081,0.00374715053825231
282,0.03233481508949305,0.8490275121393512,0.08339401939711306,0.004918289273836007,0.030325364100206628
283,0.01628688562740787,0.9023424210521576,0.0749539523823253,0.0017380208701858449,0.004678720067923305
284,0.013946877960901804,0.709183138523675,0.2613200694062649,0.002285175116544604,0.01326473899261356
285,0.017551666497622482,0.8019241366404314,0.17653530053510288,0.0009573566746002713,0.0030315396522430727
286,0.015495193824341379,0.8067355182865854,0.17412273845099638,0.0011239555078043201,0.0025225939302724017
287,0.010117623146837217,0.7239343271260751,0.26167672369891837,0.0009441169397627648,0.003327209088406477
288,0.03837416087025752,0.6983725497434145,0.2544839268198672,0.0008437004093768878,0.007925662157083919
289,0.030870191246797494,0.7523816863927962,0.21037316675334275,0.0016979054197517104,0.004677050187311701
290,0.021372392414265955,0.7054614210163034,0.26701974821148783,0.0019119809339666295,0.004234457423976112
291,0.012313562933543158,0.38167151307349045,0.6024947722688508,0.0006162313349071207,0.0029039203892083526
292,0.005819160049920999,0.4090661599699273,0.5831110274785305,0.0002475754547655339,0.0017560770468556277
293,0.007892674328596099,0.6378280447776826,0.3496227599350034,0.0011493505134695678,0.0035071704452483317
294,0.013997302568753258,0.7918148241821084,0.18864130333067147,0.0013311123104954123,0.004215457607971554
295,0.02328138090736288,0.5773237460475743,0.38308305653148084,0.00547898143143529,0.010832835082146651
296,0.04025157782573223,0.7656552268285717,0.17433063077736136,0.0032430249796004482,0.016519539588734408
297,0.11658085772877036,0.4174002941159399,0.017543713269954582,0.011744441519710762,0.4367306933656245
298,0.3330361504769677,0.5088754851729193,0.009438765822255906,0.059661790592594015,0.08898780793526319
299,0.052596482145919235,0.9200077490173788,0.004635283067274549,0.005203799844892446,0.017556685924534923
300,0.25494795621486477,0.6957422548807766,0.005080520646497069,0.006962873994778317,0.03726639426308338
301,0.06775353656022061,0.8933354190140267,0.0025111515878871514,0.021362822127118375,0.015037070710747322
302,0.10973302810558588,0.8174121289921777,0.0011759690651246145,0.03578644133046915,0.035892432506642674
303,0.12250327478341329,0.6814118410783979,0.0018225107942627273,0.11370389043354504,0.08055848291038108
304,0.10765650655070748,0.6694473834245369,0.010738839473117328,0.088761676804228,0.1233955937474102
305,0.23359221231964913,0.6060129770873182,0.0044713373248005655,0.12779662756033516,0.028126845707896954
306,0.12381352233109993,0.6011311801248093,0.0018558812078983298,0.02695792555094198,0.24624149078525034
307,0.17597223169730034,0.7542199329737559,0.002017732705968984,0.04416127148628631,0.02362883113668838
308,0.045629681522743264,0.9335601777318024,0.0003219736286902841,0.01291958940585882,0.0075685777109051385
309,0.09999503993071192,0.8438038777825714,0.0011719279763170718,0.018436188961491726,0.03659296534890802
310,0.07468577908648104,0.8529264224658438,0.001983528577153848,0.03921697375427757,0.031187296116243827
311,0.13376820987904284,0.7642299649949894,0.0011054667657219575,0.0788315911847173,0.022064767175528494
312,0.11749977309497034,0.810978365563838,0.0008807481803396413,0.035978327378356136,0.03466278578249606
313,0.15286217845534494,0.747074446862874,0.0017649170821999857,0.03137927718004762,0.06691918041953335
314,0.03403714736024497,0.9112179044703486,0.0028986653644042385,0.008036010824252926,0.04381027198074932
315,0.031684296920038886,0.9270615890138278,0.0030825588357016208,0.004127916929868005,0.034043638300563756
316,0.07332083135289379,0.8589629756837538,0.0060262970692429,0.01943244673260633,0.04225744916150331
317,0.06861925290682225,0.8593389984140095,0.0036788266645182708,0.01799540818668432,0.05036751382796561
318,0.03423941734808345,0.8178377928422629,0.002368885260724358,0.007124196328222909,0.1384297082207064
319,0.09152254992941393,0.8859305508484682,0.0011699862548667206,0.012206877629247527,0.009170035338003563
320,0.03598992202661885,0.94592988287242,0.0032744556185599965,0.0056587611297261135,0.009146978352675013
321,0.07239805256587573,0.8322618804007808,0.005384181905070191,0.022535311937096857,0.06742057319117643
322,0.03151539531177749,0.9284257159528189,0.006887595466331649,0.005155240654928647,0.02801605261414348
323,0.12128062630862582,0.7796470712831552,0.004449566662879534,0.08015473383147965,0.014468001913859678
324,0.22674241244054621,0.710796365153173,0.002120897625070982,0.033241814906408394,0.027098509874801377
325,0.037621575416284206,0.9501576144160399,0.0008008614552458732,0.006642640885408028,0.0047773078270220955
326,0.052925951452623375,0.9269555559787828,0.0028479213712209353,0.006810006667715293,0.01046056452965761
327,0.07488739252449532,0.8815695507150959,0.0025079724192637203,0.014189284736167864,0.026845799604977218
328,0.08727503926260774,0.8200272981179036,0.008121507006085465,0.024087299535076993,0.06048885607832604
329,0.0210636797870622,0.9482120546603567,0.013233149069415698,0.005438650347097587,0.01205246613606797
330,0.04896551241676341,0.8078296831573736,0.12163569769009981,0.005769384645935468,0.01579972208982792
331,0.29980060563891947,0.6013370895851271,0.030231745009216902,0.00939275795155081,0.05923780181518576
332,0.1849140666516444,0.28608348617858526,0.07304058078637826,0.0055130321998009555,0.45044883418359094
333,0.598397824984975,0.20960844775399556,0.007849737173490414,0.00939527217930614,0.1747487179082329
334,0.37676659763224063,0.49625440133463794,0.020091393031040763,0.005433540105934878,0.10145406789614593
335,0.12467001819279674,0.5632937197591041,0.04889232721839162,0.006882098877955305,0.2562618359517522
336,0.10632099257301494,0.7969839397767491,0.03853064015273324,0.007257208157823456,0.05090721933967926
337,0.11848495392968102,0.7121468021473609,0.021368399896531755,0.012876298013236868,0.13512354601318952
338,0.11762045911871329,0.7923740573701594,0.024724987624801416,0.010986697659909103,0.054293798226416654
339,0.06781970534968731,0.7654195943599158,0.03871763200758223,0.009527695753903715,0.11851537252891076
340,0.03209990418761873,0.9117095670191492,0.004449744735502248,0.005218344658757171,0.04652243939897255
341,0.0905745480391341,0.852592580734105,0.0051461232830205955,0.01726059218029343,0.03442615576344682
342,0.024583619603746013,0.9427881779590165,0.010979811213098468,0.0046945933080417,0.01695379791609747
343,0.08504602588608942,0.8145546166235329,0.0021082863969074253,0.01950270181778284,0.07878836927568746
344,0.09978968544639819,0.8335164965053108,0.006909570528127203,0.03812454675929922,0.02165970076086463
345,0.025866068205863593,0.8513422219757402,0.0922760881323744,0.011011285437768002,0.019504336248253876
346,0.06873298392105319,0.7818487819027977,0.10940447772190509,0.01533901536197911,0.02467474109226479
347,0.05875322861427539,0.8220301515167469,0.06896045865553099,0.03456681058055492,0.015689350632891976
348,0.07977426580757949,0.7046523758010623,0.09777370935255232,0.042464952449776404,0.07533469658902944
349,0.08600747690665678,0.8080864277387303,0.012200698587049369,0.034949387082854604,0.05875600968470882
350,0.0499114174021511,0.8960809256523534,0.028672180323678947,0.013205899065297805,0.01212957755651867
351,0.08151683893319159,0.8230467397953012,0.010384374399707305,0.03335482984735024,0.05169721702444983
352,0.04651936366395539,0.9071700785038382,0.007697559502613191,0.021807096199889395,0.016805902129703638
353,0.022474149368348906,0.927462445344283,0.02959179941142136,0.011126971435065908,0.00934463444088076
354,0.04687518369976146,0.8506291493883226,0.012786307927081958,0.04751069963116876,0.042198659353665284
355,0.024356040319601344,0.20255349414406648,0.007912372804537104,0.005104071971110179,0.7600740207606849
356,0.014388702529432397,0.04285767153251024,0.00682454583796407,0.0016622921165425674,0.9342667879835507
357,0.01072597136976541,0.015328884928251315,0.0010524892596813428,0.0007848751612438703,0.9721077792810581
358,0.4293520976421987,0.17310517259519176,0.00548005708409038,0.011871352062691793,0.38019132061582733
359,0.10391919996245959,0.030205428349001456,0.0006498118352530399,0.0059191402254167805,0.8593064196278692
360,0.09132278414813344,0.06581304347984793,0.000972272003822705,0.006310346703935702,0.8355815536642603
361,0.18801343210132307,0.37794356740641555,0.0017179988866673078,0.0579030127128046,0.37442198889278944
362,0.10558961453533626,0.5822091889400705,0.0019067236310668456,0.0714288658085064,0.23886560708501994
363,0.01652361845326845,0.04203179599333927,0.0007241507518952812,0.005727618235282521,0.9349928165662145
364,0.48305193623903603,0.15856979369399055,0.0009849675183168784,0.031276328390380956,0.32611697415827573
365,0.1424827222715539,0.7601864144899346,0.0034707222874744642,0.05851647394720342,0.03534366700383362
366,0.12318608640888441,0.38827172968145157,0.0015434794379200062,0.16877526990161085,0.3182234345701332
367,0.04594597907993853,0.5799378443019076,0.00046974497882428114,0.34397378007132345,0.02967265156800599
368,0.03368936590739882,0.06632928858308962,8.673732182817483e-05,0.8759891560098022,0.02390545217788118
369,0.07762898714818442,0.1304687051238015,0.00011327935839819594,0.6752222664110366,0.11656676195857929
370,0.05559429502466452,0.195593260204756,9.137271684818441e-05,0.7028608664188313,0.04586020563490008
371,0.04067140296529316,0.057566244029657584,3.348363501863592e-05,0.32220766105123505,0.5795212083187955
372,0.05482751385797865,0.0246817106335543,3.3097376166204155e-05,0.337499256112103,0.5829584220201978
373,0.005222411414593298,0.024436487381980208,4.3035188932822685e-05,0.021052925851402397,0.9492451401630912
374,0.01293467512223094,0.030024862235498346,5.429808658632635e-05,0.028765323663176412,0.928220840892508
375,0.04223276751032065,0.11800025505219908,0.00010653156989525379,0.3719820726629303,0.46767837320465466
376,0.028398710211937836,0.06213464082031968,7.09845924834294e-05,0.2918287438840083,0.6175669204912507
377,0.024370236945324825,0.07826208038193398,0.00010010546669215296,0.2444572308960902,0.6528103463099589
378,0.02292869737844823,0.05535823398036294,5.315078334680772e-05,0.3964853178180331,0.5251746000398089
379,0.024186341298045495,0.044055808104546346,2.3779075944607313e-05,0.41145161807981145,0.520282453441652
