epoch,N1,N2,N3,R,W
0,0.0052520234358036395,0.00011232536192911924,1.9328968572883e-06,0.0006050338462425438,0.9940286844591675
1,0.018523863423721146,0.0002552304988660166,5.337513549570707e-06,0.0015243359052868467,0.9796912326585765
2,0.028883279878544336,0.000746549427566186,1.5092552079715753e-05,0.004484596036364923,0.9658704821054449
3,0.013979766082750008,0.0005320085504672451,7.850525186173482e-06,0.0034097820059093968,0.9820705928356871
4,0.003974610697474701,0.0004047788725769386,7.037595405695932e-06,0.007788883264686218,0.9878246895698566
5,0.011904286853736762,0.0002583182625175927,5.390933447001869e-06,0.0063512281921747895,0.9814807757581239
6,0.045107519329390645,0.0015317305646085405,3.6911540092991976e-05,0.02509395147255276,0.9282298870933552
7,0.040103453333924795,0.0020850180458613773,1.91421323105959e-05,0.027682450133152525,0.9301099363547508
8,0.023363651703183472,0.001522543683992956,1.4222451120956509e-05,0.046082774116294745,0.9290168080454078
9,0.00331174346053557,0.0006524595637352322,6.415285571449452e-06,0.018386412952948055,0.9776429687372096
10,0.025827250102586678,0.0011702385521929048,1.8837719398989472e-05,0.02193067873949401,0.9510529948863274
11,0.015338131655084974,0.0006136165763078323,9.848687529698236e-06,0.011611515024278712,0.9724268880567988
12,0.006126371822399611,0.0005540079644610358,9.365773177254682e-06,0.00931697168464207,0.98399328275532
13,0.03279463709755008,0.00698878780667543,1.8984899600229863e-05,0.1223565561418189,0.8378410340543554
14,0.0018591641354001088,0.00020244942675539705,2.2164994362590324e-06,0.003324940749221166,0.9946112291891872
15,0.010486434015973841,0.0007559010845166909,1.7821986502939926e-05,0.013070369252740013,0.9756694736602665
16,0.016887158440641516,0.0010832186479391643,1.0055211849959087e-05,0.022944671143031455,0.9590748965565379
17,0.09931480584174268,0.004531584144793722,2.541083249641308e-05,0.032490326197951114,0.8636378729830161
18,0.03371220421613392,0.017130964571462633,3.2785455181373556e-05,0.04950007554984469,0.8996239702073773
19,0.038517996563446906,0.02264765337328927,4.6969072491499827e-05,0.09758778123923131,0.841199599751541
20,0.05022028316131497,0.018826338297261526,3.758813472405501e-05,0.058947184678714536,0.871968605727985
21,0.08295533010019526,0.1848846003419088,0.0006453172940479969,0.044976239463826735,0.6865385128000212
22,0.005086439660299445,0.0013977013107681336,2.075961907088487e-05,0.00572457554484993,0.9877705238650115
23,0.2857493039454179,0.025882573348427987,5.069512450976587e-05,0.041604041369189125,0.6467133862124551
24,0.19273636917021858,0.07657252121207307,5.9017083180105674e-05,0.053450074086504235,0.6771820184480241
25,0.07523283172043023,0.025654904901648352,2.1655980845847812e-05,0.01639914513958175,0.8826914622574938
26,0.13706623846786734,0.04847617589089854,3.13499603243124e-05,0.01401594284830724,0.8004102928326026
27,0.15751470004831983,0.5876996765290552,0.00010159455345011251,0.045139593459925395,0.2095444354092495
28,0.13842565022754433,0.1540958155223058,0.00014028920130808035,0.023447393066386983,0.6838908519824548
29,0.20384338690241055,0.22205911864603745,0.00012755394930704598,0.03374382793076811,0.5402261125714768
30,0.15333513069667218,0.7260700483045182,0.00012483899168583412,0.037130674176129905,0.08333930783099387
31,0.12232632712741479,0.8243340463819444,9.435863366092262e-05,0.024444928805204172,0.028800339051775817
32,0.0220692794831243,0.9620335068579788,0.0003903234170191675,0.005960194240565613,0.009546696001312015
33,0.09998064701859212,0.838994171486328,0.0007336323533798703,0.0436011156182619,0.016690433523437874
34,0.24318251927551673,0.31683103736042595,0.0004138284837589276,0.01803700208836811,0.42153561279193025
35,0.013790975466151214,0.978380622106918,0.0009265465641581443,0.0008289892576580502,0.006072866605114496
36,0.02840587116702871,0.9658025076283872,0.0006245252221202882,0.0008851939133376116,0.004281902069126241
37,0.08635016173935096,0.8937977202892752,0.0023260829055030095,0.004602667084100405,0.012923367981770536
38,0.03266784103024313,0.9525618170020291,0.003183616093244906,0.0043886366065229105,0.007198089267960077
39,0.09180370353293364,0.8769233273908001,0.0011933664751323388,0.007380612809158389,0.022698989791975346
40,0.005623295272338823,0.9779756754973981,0.012285462334403308,0.0011113659370646913,0.0030042009587950285
41,0.022696763459690655,0.9660815197867472,0.0017864960136547892,0.004871821350492192,0.00456339938941519
42,0.03601404782350228,0.9409958542856075,0.002896080760644032,0.007635046049082472,0.012458971081163657
43,0.15032240266382685,0.8027356903803001,0.001128085621394457,0.02609343244789635,0.019720388886582424
44,0.008354028896125527,0.9843208079117037,0.003998614067034135,0.0007689512685198479,0.002557597856616819
45,0.1372290362428692,0.8270476557176237,0.004320318923279622,0.013523099250640004,0.01787988986558719
46,0.013302399575039944,0.9747431142874541,0.006687785382420155,0.0006723355232238904,0.004594365231862008
47,0.009117476974699034,0.9731643380168831,0.014185429236627075,0.0009623847439755445,0.0025703710278155607
48,0.005911950615800596,0.9686120192532904,0.021337174479528834,0.0009800746307613468,0.003158781020618907
49,0.004527096485432823,0.8873444744628806,0.1015502148312797,0.0017545684937908198,0.004823645726615951
50,0.0039522774396268685,0.9338842002325688,0.057449523176656934,0.0009639919531542223,0.0037500071979932117
51,0.0029508028952012883,0.7519440077903526,0.23914335167736278,0.0007422545054181336,0.0052195831316651006
52,0.021024116781545303,0.8744015681640285,0.08643956045014978,0.004149628357246663,0.013985126247029684
53,0.009502497260548906,0.9277962033496278,0.05659133819230448,0.0011620855197725403,0.004947875677746433
54,0.005332123656689272,0.88223292816801,0.1068060277059289,0.0013528851913802082,0.004276035277991517
55,0.008411272387171126,0.8846066786978729,0.09966248477987079,0.0017074334825622178,0.005612130652522863
56,0.002775956783405627,0.8448527733167962,0.14737915076903269,0.0009685171685620958,0.004023601962203357
57,0.0035521937980311853,0.8757641782157396,0.11290630409441797,0.001887210138992362,0.005890113752818703
58,0.00788147103857588,0.8282012211575347,0.15795493296301089,0.0013680954002693697,0.004594279440608924
59,0.0017449933302915398,0.7669046168017899,0.22829110481182732,0.0003457919343897178,0.0027134931217014766
60,0.002162068502364912,0.7404633783284694,0.25380447127961187,0.0004382105337577718,0.0031318713557960945
61,0.004544962725228047,0.6290783500321059,0.3611730204386195,0.0005612123233453892,0.004642454480701072
62,0.003167729841201902,0.671913270542784,0.3191892358117368,0.0005284485359912357,0.005201315268286113
63,0.00241893994484158,0.7071243468222492,0.28471899173811954,0.0003795277405531545,0.005358193754236684
64,0.010460789261295476,0.6588784922351381,0.32480343005037743,0.0008710153718571412,0.004986273081331967
65,0.0063976078440018645,0.7374479166874947,0.24873547920360442,0.001480712107446692,0.0059382841574522
66,0.002740694469791316,0.7312566252494763,0.26120838012323383,0.0007691814096286109,0.004025118747869963
67,0.0048059287173179525,0.7283401368621245,0.26165986976246824,0.0004666780181382621,0.004727386639951015
68,0.007439134083541391,0.6004952669189385,0.38495939372253685,0.000723698408675537,0.006382506866307796
69,0.001655099554847982,0.29171952601922835,0.7048114905332689,0.00010685972495715976,0.0017070241676975916
70,0.0014589881573261834,0.6331995841074026,0.3625140506588826,0.00035920600565159116,0.002468171070736936
71,0.0037897325548518586,0.700250991741324,0.29151339506177293,0.0004813897681056193,0.003964490873945667
72,0.0028891009672805034,0.5820742926061148,0.4113814127770969,0.00034733409103851834,0.00330785955846921
73,0.0016438675946882078,0.6368925924744385,0.3586853791006482,0.0002246929124263492,0.0025534679177986468
74,0.0018609702857425993,0.3269714429980063,0.6689347637027534,0.0001447434872281861,0.0020880795262694114
75,0.0036978188220592235,0.7178570583442696,0.27452401440761304,0.0007421193105127919,0.003178989115545361
76,0.0016381601326234277,0.6775837445875013,0.3169891394763696,0.0009002096192634437,0.0028887461842422627
77,0.0007913907180885444,0.46704834948626817,0.5301982059124163,0.00016886587718913508,0.0017931880060379497
78,0.002038027450558516,0.6098145916417013,0.3848399945006125,0.0005273950276574246,0.002779991379470142
79,0.0034424606554138443,0.4818957955229828,0.51113251724149,0.00028473763402380516,0.003244488946089511
80,0.007799984388870189,0.707473769860346,0.27802791542307065,0.0010794446951828893,0.005618885632530295
81,0.002499015753698488,0.6564064548259119,0.33716731577367576,0.0009257633801792642,0.0030014502665345654
82,0.007268330584052974,0.6934585211447397,0.29445188738514977,0.0010963394087483364,0.0037249214773090416
83,0.0025646568769795435,0.7232476850469427,0.2704945951333516,0.0010128135134099502,0.0026802494293162145
84,0.0007799530743667854,0.25594107678646155,0.7416036357993017,0.00020837037059456552,0.001466963969275439
85,0.004528132872029262,0.5830114197316214,0.4066661924602722,0.0010436535540702565,0.004750601382006954
86,0.005608227247801093,0.6009518353902812,0.3884761144657327,0.0009817683031517169,0.003982054593033368
87,0.009027770900231305,0.738892449439017,0.24439882313291275,0.0014723148841960562,0.0062086416436426695
88,0.0027284242855222544,0.5987702024980881,0.39593883178940703,0.0005713311699387815,0.0019912102570436643
89,0.00210581286118995,0.5516858364801892,0.4439279541749999,0.0004338385409837458,0.0018465579426372315
90,0.0032885272482778196,0.5827613190639861,0.4110453841743534,0.0007075269765663734,0.002197242536816425
91,0.0048088761665856725,0.5861004223704334,0.4048903100490471,0.0013242419048961683,0.002876149509037764
92,0.004180018545087586,0.7475361070992722,0.2438526058216369,0.000982939349178766,0.003448329184824574
93,0.0029787231402070595,0.5076762860149664,0.48565703927923254,0.0007053812582072122,0.0029825703073867657
94,0.0035604664908481733,0.6288515509952367,0.36085206548559334,0.0005040683784210462,0.006231848649900707
95,0.004733011538321333,0.7242479767943462,0.26699481820975024,0.0008228922935530782,0.003201301164029184
96,0.0028516500031134833,0.49045795237899736,0.5027792982265223,0.0006661764644572614,0.0032449229269094805
97,0.0021042274141291075,0.5033935474811985,0.49138741975510214,0.0006196974216813497,0.0024951079278888334
98,0.0075295003487446405,0.5089747924543433,0.47834556051230986,0.0004250152961009139,0.004725131388501337
99,0.001793881054264977,0.6936881322366479,0.30163384313749414,0.0005561035061179344,0.002328040065475085
100,0.002838919718200066,0.6047758494945327,0.38937662085226027,0.0005408225573804062,0.002467787377626502
101,0.0026133913188105414,0.7185196622870771,0.2722883804573386,0.0010001373806487023,0.005578428556125175
102,0.004124728622908501,0.5244017683634676,0.46825377563370685,0.0004122238217839462,0.0028075035581330843
103,0.0011301565374295616,0.37918285726378903,0.6169698473628303,0.00023999328814802227,0.002477145547803056
104,0.004625743431396761,0.757196910634025,0.23255114614494696,0.002002571108120683,0.003623628681510665
105,0.0017375842078917632,0.604046547055955,0.39151418343905847,0.00046778463528716283,0.0022339006618076578
106,0.0038208105474960593,0.6276670789738044,0.3644171235129465,0.0014197757837010486,0.0026752111820520772
107,0.006837403960082675,0.7131104076146566,0.2736287608297669,0.0030438514156327437,0.003379576179861284
108,0.0017130474354273056,0.6868255644399561,0.3076838886459827,0.0011377071168276755,0.00263979236180623
109,0.004800637120015287,0.6643174183303341,0.3254294133145121,0.001863709163942486,0.0035888220711959946
110,0.0034888592906961286,0.6371931316376247,0.3554105285486771,0.0008927378930703377,0.0030147426299317608
111,0.0024337701981033345,0.6034775842100628,0.3907693356755863,0.0008617531956914343,0.002457556720555968
112,0.001791553752143111,0.7104702320572414,0.2846022233153234,0.0007585049892738922,0.0023774858860182097
113,0.003220500041450029,0.6222733740241392,0.370397121304562,0.001058124853587962,0.0030508797762608102
114,0.008678155083128787,0.7496813614226301,0.2366683837636799,0.0016297158356657986,0.003342383894895504
115,0.00791106625386475,0.7068413891495048,0.2760419272793383,0.0030774031419055995,0.006128214175386485
116,0.006595036420073182,0.6245692077993854,0.3653655675941367,0.0009899993113504425,0.0024801888750541506
117,0.004736184347033293,0.7813815627943725,0.20978278252056004,0.001809874577505744,0.0022895957605284494
118,0.004332631137324591,0.8064467814988803,0.18314364995647914,0.00287877913027782,0.003198158277038259
119,0.00879529015941081,0.8080677448918658,0.17562706359440383,0.003835163360757043,0.003674737993562688
120,0.0034592878437368284,0.6183463367841047,0.37470809243609293,0.0012682430033877571,0.002218039932677677
121,0.006935288298299495,0.8485134583007709,0.13904087821783181,0.002743712913547176,0.0027666622695506774
122,0.002981422301050232,0.6699671991452285,0.32314835865086045,0.0011824689722820755,0.002720550930578751
123,0.005084496050803308,0.5620486481929938,0.4296604889045662,0.0009820017296330503,0.002224365122003534
124,0.005579973023000031,0.7221583512942655,0.2652064034662486,0.0019716768570247935,0.005083595359461134
125,0.0030485748637044414,0.4289581104396126,0.565828215938171,0.0005102469550940218,0.00165485180341785
126,0.0049349497314199195,0.7334222883101816,0.2559440710256791,0.0020264032363901557,0.003672287696329061
127,0.004578616073000707,0.6846624490984057,0.3062047920922586,0.0016721052574548184,0.002882037478880284
128,0.009371983815028035,0.7698280264412503,0.2156648807427845,0.0028529488449732326,0.002282160155964099
129,0.0014070160383469173,0.5772081471612538,0.41881179956557646,0.0007103126110040804,0.001862724623818802
130,0.003092631053180798,0.7139875832131395,0.2782679667432238,0.0011426838224954557,0.0035091351679605773
131,0.00277895201649592,0.604950359072845,0.38931873474762707,0.0007928885639509055,0.002159065599080922
132,0.004323089109559893,0.43165048387492827,0.5606884767940317,0.0009298502970260318,0.002408099924454051
133,0.0020824455365855456,0.42273471124387524,0.5727747340405639,0.0004264161975246302,0.001981692981450756
134,0.010065081505336703,0.7135684333758372,0.26954292602764796,0.002546689711082402,0.004276869380095682
135,0.004379059082239848,0.537034168981634,0.4550674291350311,0.001059585885894881,0.0024597569152000546
136,0.0016251595250312185,0.7185555238389215,0.27574951886858234,0.0010979944603250887,0.002971803307139804
137,0.0015873713826837247,0.5118771371333335,0.4836144434773099,0.000696545120368669,0.002224502886304224
138,0.004100526917150702,0.7138901493198049,0.27627482248016966,0.0031499755616936605,0.0025845257211812222
139,0.0025224303706238996,0.5860855629982643,0.4073836615073617,0.0015663040660047428,0.0024420410577452537
140,0.00330898722314257,0.7462731944128596,0.24649013700410244,0.0019083670056136161,0.0020193143542817857
141,0.0013432843549966986,0.6244976229706346,0.3716872812900307,0.0007948031278835106,0.001677008256454526
142,0.006632922812367744,0.8053526575817693,0.17891715201397426,0.006041775588526134,0.003055492003362412
143,0.005580839126723276,0.7968562108365601,0.18732651908982365,0.00640577263362013,0.0038306583132728662
144,0.008545231004307565,0.8050756462291443,0.17308631274631775,0.008458551468254073,0.00483425855197616
145,0.008153205722167099,0.826223966811188,0.15372125787800275,0.006930926854500367,0.004970642734141691
146,0.004728774426360665,0.8061158158975273,0.17247335380815626,0.010075531880733315,0.006606523987222358
147,0.009405248530836604,0.8736800272953797,0.07319660878493307,0.03375107394921578,0.00996704143963472
148,0.010046132890824266,0.010521478011290284,0.00010809748110293946,0.00952306626641584,0.9698012253503666
149,0.13823845293722692,0.06493922050972514,0.0004421715167471236,0.0823405413149604,0.7140396137213403
150,0.36309644951869896,0.12564285049421042,0.0002598779748774808,0.08657670594578773,0.4244241160664254
151,0.6323836639604709,0.07130996135575333,0.00014666806393571688,0.0256342687102239,0.2705254379096163
152,0.4640660285242478,0.24426338894923474,0.00017900470398515307,0.19048996844180946,0.10100160938072283
153,0.27025621804733485,0.1509451450912115,0.00021969761937364648,0.3748477648259416,0.20373117441613833
154,0.13362214871541983,0.22522482559338153,0.00020850901758556116,0.5466290036159224,0.09431551305769074
155,0.0682786874100992,0.3413973530010699,0.00017212373213807748,0.5633258187449929,0.026826017111699987
156,0.09089230977815822,0.23593890143013316,0.0002033646460882533,0.6310856159092813,0.04187980823633912
157,0.03410473143745981,0.2520336169922888,0.00019161630745279348,0.6804288120765778,0.0332412231862208
158,0.09015351415736056,0.25276754670518375,0.0005074052242836097,0.4773997549753797,0.17917177893779243
159,0.1795058412186758,0.10230530009979887,0.00026685312873533685,0.6145464449792566,0.1033755605735334
160,0.07166871691943669,0.029940863113684768,0.00010799430098145899,0.4161298446761429,0.48215258098975416
161,0.21627976302095653,0.03527391013404421,0.00014862911351523226,0.5855422652049127,0.1627554325265712
162,0.09797705989861971,0.05235986122998991,8.679787853359811e-05,0.5490466959337116,0.30052958505914523
163,0.1418979067012738,0.019041379131493365,6.348060418303084e-05,0.4175510069392983,0.42144622662375153
164,0.005005060708832672,0.001488716101031607,5.053130458432779e-06,0.03478892699271031,0.958712243066967
165,0.004928362491533781,0.0014552928789896516,3.8094317318578136e-05,0.006508738126304096,0.9870695121858539
166,0.003648627548178949,0.0017433031186550362,0.00017198563578447153,0.0017671163985201984,0.9926689672988613
167,0.0044819213247085715,0.00015439542556897135,2.303342519317615e-05,0.0030932085023301025,0.9922474413221992
168,0.016132918361729653,0.0009551911522568671,1.6432247424266447e-06,0.011365269542842189,0.9715449777184287
169,0.09654525635884861,0.0031599358099765667,7.918197832840177e-06,0.02041765790356875,0.8798692317297733
170,0.273027457547098,0.008264412309205129,2.4085122997750684e-05,0.08343052042592558,0.6352535245947735
171,0.2453344101181036,0.016748266413111407,4.0968526346554725e-05,0.2208772297973532,0.5169991251450853
172,0.304806353658929,0.017806002337443616,8.132116471852445e-05,0.37350915929107487,0.30379716354783404
173,0.22979996311097725,0.022576940242544124,0.00012257754192015633,0.4254787391112621,0.32202177999329634
174,0.07101948197243134,0.021485633059556832,0.00015466062013654646,0.6767472248774928,0.23059299947038248
175,0.11234982596084897,0.024032677032060048,6.113449517431716e-05,0.8390355240399054,0.02452083847201128
176,0.06369601553374615,0.19510839725692644,0.00011815585948283632,0.7209692657523762,0.020108165597468478
177,0.07131095672142261,0.18658514197468767,0.00010804197152185865,0.7219402215345553,0.02005563779781269
178,0.0686038327487184,0.14454163790492483,0.000141667584307012,0.7571814043055615,0.029531457456488185
179,0.06473595566259405,0.4127080760279218,0.00015559718094581952,0.5086155154740751,0.01378485565446324
180,0.053465815589269626,0.5039381535395143,0.0001959957694726612,0.4147975093538668,0.02760252574787667
181,0.09298032964857117,0.4108592465394235,0.00025785411829888454,0.4458345500488233,0.05006801964488305
182,0.06781802810520529,0.7935878802139341,0.00013795111386403483,0.12327396320162555,0.015182177365371051
183,0.11639013269993236,0.7451212353208546,0.0004021325617279811,0.1134352383045204,0.024651261112964815
184,0.02967962014385992,0.9352101834845241,0.00010431307741511708,0.02840626976865985,0.0065996135255409665
185,0.01883944103209919,0.9586347069333561,0.0001978260560491613,0.018927424424044378,0.0034006015544510927
186,0.20986690460690127,0.6433769217047642,0.0003717410272776675,0.11618820320981464,0.0301962294512424
187,0.016739323959991136,0.9699381526073068,0.00021233432925460828,0.00855371578363268,0.004556473319814924
188,0.028633196861787988,0.9557050322063189,0.00012284844197096135,0.011381763004093597,0.004157159485828707
189,0.09490698580705394,0.862172742304389,0.00024758519177979775,0.02826686893376072,0.014405817763016686
190,0.03177989645076935,0.9480956842319774,0.00027179489467934597,0.011479045229751517,0.008373579192822412
191,0.02748458451869024,0.959970719236168,0.00026286395304595873,0.007269623570820107,0.0050122087212756804
192,0.011785549622096448,0.9833450416927066,0.0004970434070373305,0.0031712975197526316,0.0012010677584072043
193,0.022555715269541275,0.9692061070282134,0.00047200076006296453,0.00456942409030944,0.0031967528518729673
194,0.022044921038179024,0.9664487463953365,0.0024098180532815356,0.00510529466535214,0.003991219847850726
195,0.06891912259519012,0.9053857117551234,0.0006779829810747224,0.01233950903412043,0.012677673634491293
196,0.010831967406934408,0.9835322519726291,0.0007613248083190929,0.0038413025401204657,0.0010331532719968922
197,0.016771779167821414,0.9722548442164676,0.0007896153167061517,0.006844174893495031,0.0033395864055099284
198,0.014966727241773326,0.9750883842671714,0.0013087502741785976,0.006050103332658595,0.002586034884218367
199,0.02395255428737856,0.9599559166638171,0.0004184713497984288,0.012228092872496007,0.0034449648265102253
200,0.006643952935027109,0.9868078522163968,0.0033150951594950046,0.0015989270976279502,0.0016341725914531546
201,0.014413920784335696,0.9745583214608288,0.00249128009873963,0.004409302471736618,0.0041271751843592885
202,0.012243045223389103,0.9760131051225194,0.002350475472250534,0.007378259107416306,0.002015115074424712
203,0.02023038812732941,0.9658281967466564,0.003454828779049935,0.00688141163788866,0.003605174709075706
204,0.07339705870736402,0.8982628075550303,0.0004684896194168417,0.01629458031774937,0.011577063800439455
205,0.004256572709412522,0.9880548278463652,0.000630913555007106,0.0023147608038575898,0.004742925085357614
206,0.019051081066649586,0.9751235602240728,0.0005944274032342899,0.0032841908745552006,0.0019467404314883199
207,0.02824973043513635,0.9620728153169908,0.0002474331350062328,0.005183920675359869,0.004246100437506653
208,0.021778706708332048,0.9633967543995855,0.004001596850183186,0.007180633590085488,0.0036423084518139377
209,0.014567438406526472,0.9784781223500661,0.0008000983995584605,0.004519369377603227,0.0016349714662459397
210,0.0023112062623278002,0.9801534962826721,0.01454542872836164,0.0016594696281854073,0.0013303990984529928
211,0.009137884241169354,0.9749731964999248,0.007622079036600078,0.006182120329313897,0.00208471989299198
212,0.0019666270080945752,0.9873009768889407,0.007781864346774573,0.001940142152002255,0.0010103896041877328
213,0.02607399679873419,0.9478175700858836,0.005862616212117971,0.014633705679486067,0.005612111223778187
214,0.021587280186589664,0.9599429072714155,0.007902801593403848,0.008180030962915858,0.0023869799856753387
215,0.02875027479206022,0.9431642982667111,0.006642760115879347,0.01901161531300166,0.00243105151234756
216,0.019951024850081975,0.9599503331958494,0.009568491314077,0.008052962609875829,0.0024771880301158555
217,0.007949662122271032,0.9652940589825336,0.019808248321405365,0.003152671110801758,0.0037953594629883086
218,0.01160179097059201,0.958044571421682,0.024089787360593872,0.00362648133091148,0.002637368916220704
219,0.012605741620474818,0.9722102823206021,0.009469220028996448,0.0036210462741517583,0.0020937097557746772
220,0.005913100455021838,0.9670912857655948,0.020737184738418537,0.004184394527694068,0.002074034513270681
221,0.012431427413987749,0.9535225818993096,0.020116194385123076,0.010912064454875229,0.003017731846704417
222,0.012438312996596364,0.9603441243805403,0.016110427547660726,0.0070785181531309235,0.004028616922071466
223,0.03375997727510743,0.9360496185340053,0.01512451259000273,0.01079307926189625,0.004272812338988504
224,0.005975435524769678,0.954059312769704,0.03367583866231703,0.004388547178780494,0.0019008658644290252
225,0.02927262446894114,0.9319404669237711,0.027361877436365263,0.007832965928593184,0.003592065242329467
226,0.01711265288969788,0.9236623641056422,0.03823632461317069,0.016320072714721176,0.004668585676767959
227,0.021745920785885813,0.9499511008615168,0.015804195702393636,0.010308512259545564,0.0021902703906581202
228,0.01252747228386775,0.9733075814614008,0.003227462926492285,0.009013322258639865,0.001924161069599402
229,0.010766545538138446,0.9489029851017194,0.0315725852740964,0.005673436062411446,0.0030844480236344005
230,0.008754175695679852,0.9360437893967324,0.0458542330429207,0.005875865200597275,0.003471936664069807
231,0.0020932968052988226,0.8814040893340453,0.11118983892417887,0.003095697053881964,0.002217077882594972
232,0.009903441896652754,0.9580861246449071,0.025684122793852987,0.0043350427206915645,0.0019912679438955526
233,0.007368418356499963,0.8741459154268596,0.10825930858802825,0.0049873317426915136,0.005239025885920663
234,0.013910844844166997,0.8575108798867719,0.1158012801095958,0.009076969224313466,0.0037000259351517044
235,0.009442418300851893,0.8644977415918481,0.11209887269695333,0.005725589118585835,0.008235378291760924
236,0.017576790081465808,0.9275503402241541,0.042894338825128726,0.006968111175316311,0.00501041969393526
237,0.023129190818025308,0.8864279634858521,0.06481587627118258,0.019225397844101495,0.006401571580838458
238,0.007094583808534017,0.796060591102933,0.18179887532352382,0.008194923311999315,0.006851026453009778
239,0.03239128759155933,0.892412443722825,0.04293538448711045,0.020431316789853708,0.01182956740865143
240,0.06482717508591607,0.01832385733150195,0.00014656635172014825,0.006406145076886692,0.9102962561539752
241,0.3102352383384513,0.08274540487501086,0.00022274107331336632,0.06262534389188602,0.5441712718213384
242,0.7590715253575241,0.08099995765328455,0.00027116016286939424,0.015149553765830343,0.14450780306049163
243,0.6737762387595887,0.18871061495737493,0.00023368180159929453,0.003716768849743566,0.13356269563169337
244,0.23782358496806671,0.740189377774085,8.890631368380252e-05,0.006138999263022496,0.015759131681142076
245,0.007298203123951054,0.9897571204184928,0.0004957189507861419,0.0016397767202909746,0.0008091807864790991
246,0.03221687295206574,0.9286823744871638,0.00020617807992446579,0.03326179822679969,0.005632776254046296
247,0.023851692919227216,0.9559113533605391,0.0008032991882811601,0.01660432859021862,0.002829325941733806
248,0.03180189193618323,0.9457770869306513,0.00044749736041363924,0.011288179550714221,0.010685344222037645
249,0.026634127851620924,0.9669042918481933,0.0002704011721113145,0.0036368757292674883,0.0025543033988068126
250,0.017779444089116976,0.9752319682299464,9.784854989082988e-05,0.004497110887540933,0.00239362824350484
251,0.006142530193692506,0.9915579920750414,0.0007497320607301467,0.0009346233792335651,0.0006151222913024367
252,0.005950436344831133,0.9885044697903649,0.00019720887336215447,0.0034968182354843647,0.001851066755957484
253,0.012560912915163472,0.9688436695633597,0.0019198349927915224,0.01502183275309656,0.0016537497755886232
254,0.006935033627600536,0.9617958471979834,0.0007912077687435773,0.02725750446756241,0.0032204069381100084
255,0.02834657583641977,0.7424605509302684,0.0004990760346870602,0.20275353903593304,0.02594025816269183
256,0.07814984821175562,0.44456744369784423,0.0006253369697695276,0.36019350285239593,0.1164638682682348
257,0.07562094569663542,0.17529780503923506,0.000247659333145496,0.7124520487895472,0.036381541141436914
258,0.07073608064306343,0.08197634683040157,0.0001702342651781744,0.7256901531995448,0.12142718506181217
259,0.06389514140765326,0.020884911091462875,9.087177246211041e-05,0.8353761325855016,0.07975294314292013
260,0.03903721603112044,0.009745653881980737,4.1616067540872197e-05,0.9402190460613319,0.010956467958026055
261,0.048636668297408994,0.006836609927284724,4.5250548369667887e-05,0.9062333855819497,0.03824808564498705
262,0.0430034047117825,0.006465660245462014,5.046209992440909e-05,0.9329423714772436,0.017538101465587676
263,0.019256407331675253,0.00841458328762965,3.2540818810486946e-05,0.9551523099307558,0.01714415863112877
264,0.037850636068621636,0.005313260287612773,4.210755285550005e-05,0.9475744630478928,0.009219533043017274
265,0.02320844403077438,0.004514767298188985,4.950244265099156e-05,0.9632089343795102,0.009018351848875455
266,0.020029343758885296,0.003611914935337778,2.2213012092416284e-05,0.9719884434945741,0.00434808479911022
267,0.018505245957869402,0.0049738398029560435,5.7802859297991717e-05,0.9684653842932776,0.007997727086598959
268,0.025500439730203217,0.012340407681472989,7.128655593983278e-05,0.8880178437052645,0.07407002232711944
269,0.02876671628149232,0.010866990847060415,4.736659460551704e-05,0.9301627054645021,0.0301562208123397
270,0.03632861619776073,0.0118079994500252,6.552204772656902e-05,0.929773120131892,0.022024742172595455
271,0.08330066569461989,0.021424543852806583,6.763398514158497e-05,0.8588300736912852,0.036377082776146666
272,0.00623219725747439,0.003712802598265615,2.98820551435554e-05,0.08088518566086805,0.9091399324282484
273,0.08515662342831055,0.013452705525891949,5.596648296499295e-05,0.5534287748152455,0.347905929747587
274,0.17976132653770888,0.0125743213733763,0.00011565280059616102,0.7230710590726861,0.08447764021563259
275,0.0953098344314297,0.02295925895505312,7.600515116870238e-05,0.6314347936335293,0.2502201078288192
276,0.00998295153480564,0.003616122346481707,6.796402995961723e-05,0.6925014326441482,0.29383152944460467
277,0.025616834681663137,0.009983193463328629,7.061162493933118e-05,0.8749245215016286,0.08940483872844027
278,0.048630979803879155,0.006189742820276743,4.91097371628887e-05,0.9249882636548039,0.020141903983877253
279,0.019085159885203543,0.0040049031376191025,3.848577513377188e-05,0.8409393219088518,0.13593212929319187
280,0.043849962220294414,0.006443072848919633,3.536797737777754e-05,0.933005503659795,0.016666093293613137
281,0.03534165341253719,0.006664263238378266,4.9920140276967644e-05,0.8863918544191203,0.07155230878968726
282,0.05342696864084348,0.036848581016969716,4.716444204704401e-05,0.8583246181055072,0.0513526677946326
283,0.0273398697604873,0.01785369086807563,5.12494061420295e-05,0.8845392194905607,0.0702159704747343
284,0.07748180118104678,0.01784471207619462,6.113889877122152e-05,0.811021717564946,0.09359063027904127
285,0.11036179588706763,0.09741879927324007,0.0002115827737281038,0.3862345153897376,0.40577330667622663
286,0.08043022964983003,0.023810438655605722,2.844142256194965e-05,0.24011336069887218,0.6556175295731301
287,0.17430711435829263,0.011810625741157061,3.204296448656622e-05,0.30951652138710684,0.5043336955489569
288,0.23131613499360507,0.01882562179753942,2.947522680856431e-05,0.4330389556978567,0.3167898122841902
289,0.2001395658486147,0.03267668553237472,6.658061718623683e-05,0.418814108157193,0.3483030598446314
290,0.1413684328734007,0.0404491688496557,5.593960381561312e-05,0.7409867622284906,0.07713969644463733
291,0.16789080237620246,0.03846551008684936,5.7452165181480464e-05,0.7056957356878857,0.08789049968388103
292,0.09107947977543417,0.09096328283407114,7.640230908383966e-05,0.8028922267726879,0.014988608308722855
293,0.0495148822838202,0.04548508118403217,7.032900482919578e-05,0.8808887033247694,0.024041004202548927
294,0.05624805341550793,0.3893071674764886,6.141563345270107e-05,0.549068638714686,0.0053147247598647135
295,0.054380380115512286,0.07937242106667446,8.351018484783859e-05,0.8360248914987062,0.030138797134259168
296,0.07041357726084566,0.17081352123152832,0.0001046332103713093,0.7327825357302881,0.025885732566966746
297,0.05466259352395822,0.3716735545739048,0.0001708244974209192,0.5612058535407629,0.012287173863953236
298,0.04878454814024558,0.5372148342784807,0.00021203755357881657,0.37929636621822244,0.034492213809472434
299,0.073413598861533,0.265581028851613,0.00021378234861848654,0.5940668674176034,0.06672472252063218
300,0.06060755595481463,0.5666161350951243,0.0002976935396455507,0.29655719236528644,0.07592142304512896
301,0.15054477297761937,0.028610027251024434,0.00019869544982798983,0.4480494447001975,0.37259705962133083
302,0.18639073179787102,0.14311743871806387,0.00011724494162849495,0.640288477333325,0.0300861072091115
303,0.06108789250104368,0.40444130732188455,0.0001416710414412068,0.5089577283445024,0.025371400791128203
304,0.03299704694342806,0.043129479959181205,0.0002610606769869022,0.32561553097223794,0.5979968814481659
305,0.16185476980870786,0.14741760498611464,0.0001592978828726537,0.6274022297603009,0.06316609756200388
306,0.1023651990119095,0.6333596222796279,0.00024351327597892488,0.23278505792504783,0.03124660750743577
307,0.07351858499552727,0.04710478305958696,0.00024728153858761366,0.0980930200808286,0.7810363303254696
308,0.15799642649970425,0.4907766139657907,0.0003877214231530312,0.2060442339176867,0.14479500419366523
309,0.5082699699754455,0.206177077788673,0.00042013638107158763,0.19863380210441217,0.08649901375039783
310,0.08379785905839676,0.8777666283233283,7.290134984633513e-05,0.02868868831916376,0.009673922949264783
311,0.020938629887932988,0.957980708293702,4.477153419837103e-05,0.019245583912176647,0.0017903063719900893
312,0.0035415695716851953,0.9905204704476632,0.00016320050827051949,0.004520600274073157,0.0012541591983077295
313,0.031539640560743126,0.9221565578909425,0.0002705466926472716,0.040843845075734166,0.005189409779932938
314,0.020862643759197597,0.9624428942198643,6.963543810170428e-05,0.013507651684227746,0.003117174898608499
315,0.008445559353895288,0.9831496890437021,0.0009955317031385069,0.005965518890274648,0.001443701008989351
316,0.12277831918371399,0.7940038666554134,0.00020534931229843154,0.04983973431225652,0.033172730536317814
317,0.030275721392262395,0.9419343112297943,0.00010687444941083833,0.02082282171809926,0.0068602712104331555
318,0.050290092626651496,0.8693284428494007,0.00019900298424108898,0.06373752972544613,0.016444931814260693
319,0.04774288406977247,0.8200986810952059,0.00020312368589639528,0.11342918848773385,0.01852612266139115
320,0.036280398093065096,0.8189485269266956,0.0012385592844092988,0.0713011553121681,0.07223136038366183
321,0.012281491736851698,0.049938794219300066,0.00044971796042923514,0.02137055332877937,0.9159594427546397
322,0.030503427564966403,0.029540432157593673,0.00017236320910739191,0.037729601775083825,0.9020541752932488
323,0.10623226607814266,0.024657490620829236,0.0001267642937903901,0.048394288369669074,0.8205891906375685
324,0.5291291892512381,0.06567412837239185,0.00017962890149358183,0.06294677802014606,0.34207027545473034
325,0.535260376140866,0.17612175326811821,0.00018310265793242106,0.07201446108933594,0.2164203068437474
326,0.1819086552901979,0.7574121000020918,0.00010227674735496972,0.04031462186560335,0.02026234609475197
327,0.017556555404130803,0.9773998662938572,7.394762760812881e-05,0.0024462398021057297,0.0025233908722979673
328,0.00559508272911034,0.9915523710381962,0.00012526697511505716,0.0016418553987156297,0.0010854238588627646
329,0.009013726791015817,0.9870368188831523,0.00019093862335861346,0.0023571566420840366,0.001401359060389193
330,0.03382123514911035,0.9540900340817882,0.00040748321844072524,0.008419615565199682,0.0032616319854613493
331,0.008501336076406248,0.9877387995978999,0.00013260634632404497,0.0024667006449654166,0.0011605573344044117
332,0.014335785520511712,0.9821222340851269,0.0001473437367695852,0.0011912650264578664,0.002203371631133987
333,0.005895984207995905,0.9902810756628081,0.00025958148377318166,0.001942212789935541,0.0016211458554873362
334,0.015026324606593018,0.9806723546699327,0.00020912806166419713,0.0017620380167262617,0.002330154645083765
335,0.016016160355817252,0.9803070137511216,0.00027664830658914415,0.002353098019100673,0.0010470795673713665
336,0.01476149835074459,0.9773241774192202,0.0003009021987082278,0.0027247519578409004,0.004888670073486251
337,0.016118872801294298,0.9790127862608562,0.00046790255913705216,0.0026114544538600334,0.0017889839248521374
338,0.003753321753653995,0.9890595201553426,0.0030282234088266865,0.00291321041661062,0.0012457242655661107
339,0.02211129360137469,0.9535299150045328,0.002186661374804939,0.019003109767281628,0.0031690202520058453
340,0.008648705608639557,0.9762564205626939,0.003135162523451897,0.009989924520935547,0.001969786784278876
341,0.013876611091535741,0.9595634456472226,0.00171844557170775,0.017373186335318713,0.007468311354215171
342,0.0065331843019437045,0.9864928710105827,0.0017867323169199877,0.0029840579557302758,0.0022031544148233577
343,0.006073098384061026,0.9835595529660645,0.004382616692883483,0.004218827704755103,0.001765904252235853
344,0.0358575514545083,0.9379587720817086,0.008685578238353007,0.012923451301474802,0.004574646923955447
345,0.017004393880152954,0.96697701500224,0.003319538205373463,0.008815253426215456,0.003883799486018118
346,0.02529454247983024,0.9559989165571596,0.004057955448174295,0.010842922263121942,0.003805663251713827
347,0.041960979558966674,0.9396168295327532,0.002930424537204956,0.00793619452139487,0.0075555718496801505
348,0.007683197051685393,0.9871646133746341,0.0005271697136184184,0.0022774550577953747,0.002347564802266418
349,0.00876294701930217,0.9793146146760959,0.0011361672393336258,0.003565988275340705,0.007220282789927481
350,0.001788427275598101,0.9559514916382089,0.03998366184238625,0.001337334816010423,0.0009390844277962688
351,0.016039053631620996,0.9647837614220957,0.012176632440125741,0.004080159488167935,0.0029203930179896704
352,0.02878671927720169,0.9539753056633284,0.004140793852656105,0.009083185296261755,0.0040139959105522875
353,0.00637245315181265,0.9543881584389886,0.034398160915456846,0.0017688506858051262,0.003072376807936725
354,0.0027660736609087977,0.9652546251342679,0.028483543263729472,0.001552386347880612,0.0019433715932129342
355,0.008525513236740511,0.8983736062258868,0.08093807695488799,0.005639975100418639,0.006522828482066122
356,0.0626279374649359,0.8878207130883063,0.027023122048527415,0.017221132126801892,0.00530709527142834
357,0.010161493268236359,0.9408941531266893,0.04177744505517431,0.004788245564670116,0.0023786629852297126
358,0.013767982544953825,0.9591612838161184,0.0193962103218468,0.00518721349115309,0.0024873098259280417
359,0.006052465133215199,0.928767480163981,0.05690159500648943,0.005546207479766186,0.0027322522165481437
360,0.0035541009561617766,0.9080410575547878,0.0845574334207255,0.00181942388314715,0.002027984185177871
361,0.02392415538982471,0.8813832688172106,0.07440448267428594,0.010450407737193862,0.009837685381485
362,0.02578210863947145,0.8846681143461242,0.07111474998283096,0.014564248553754877,0.003870778477818346
363,0.011272700652661111,0.9074103117009505,0.06812087451636453,0.010686686939022125,0.002509426191001817
364,0.011228174944798035,0.9263746504495067,0.05543108928215436,0.004098222522194043,0.0028678628013467287
365,0.001135030150141655,0.8192542487115327,0.1769269192657908,0.0008965623606425238,0.00178723951189226
366,0.01163658581806733,0.8811205460215243,0.09644025527515715,0.0076595376521836475,0.003143075233067658
367,0.0019461131165361596,0.7428974904402548,0.2506385467131815,0.0024419866752494945,0.0020758630547780205
368,0.006594060213690421,0.883854767338766,0.0950336988862661,0.011300725291392276,0.003216748269885048
369,0.008172083839665022,0.8444840026101269,0.1297950165725053,0.01342182318214432,0.004127073795558563
370,0.012004810217010666,0.9029853708946896,0.07441428566785298,0.006938897229032695,0.0036566359914143123
371,0.002198054136549305,0.8081011933028428,0.18402580359711462,0.0021253523704393524,0.0035495965930539054
372,0.05343113201573802,0.89330010885645,0.025472663975874034,0.017355254588913998,0.01044084056302391
373,0.08610308447694945,0.8480055315095518,0.022262376977409418,0.024137161790646608,0.019491845245442424
374,0.004760304224963108,0.9547751074929,0.036020363076589124,0.0024490828815323116,0.001995142324015631
