epoch,N1,N2,N3,R,W
0,0.056399241292589414,0.006765618586802454,1.1953841233319436e-05,0.0036595365860011236,0.9331636496933736
1,0.006455087569108905,0.005991715241199526,2.3924286221797945e-05,0.0005651834228220672,0.9869640894806476
2,0.014630032779751678,0.008240394462935934,9.883356020166739e-06,0.0020277883700738643,0.9750919010312183
3,0.01331042231527847,0.004905093354248154,6.585610931463944e-06,0.001377872155188016,0.9804000265643539
4,0.027164783601566534,0.007812806687124672,1.0677111572442088e-05,0.004364087982254965,0.9606476446174813
5,0.07258710742462614,0.028556896354366146,2.6051674923284875e-05,0.00825898637127807,0.8905709581748062
6,0.028468205967877528,0.008511564163383443,1.2689955436624677e-05,0.0030987562509405962,0.9599087836623619
7,0.012946337174302885,0.010552419097077432,7.651654526307216e-06,0.002365751637051627,0.9741278404370418
8,0.013829459870715316,0.004028642229726524,3.925731908922979e-06,0.001351730978462789,0.9807862411891864
9,0.02380710547167828,0.003468100508518104,6.0948673797783236e-06,0.0009977066484922982,0.9717209925039316
10,0.0567429199057374,0.023178914825999108,4.100169463687264e-05,0.003537540701868596,0.916499622871758
11,0.09025727803194473,0.005428771959147609,2.0610188622476017e-05,0.0032300501676113622,0.9010632896526738
12,0.09295175112107483,0.014862638924972072,2.3486592519808268e-05,0.009662232370811853,0.8824998909906214
13,0.10213324045043091,0.015494151484377208,4.382183785503641e-05,0.013960109386683245,0.8683686768406536
14,0.21949230546434648,0.02354988436872798,3.802820128191299e-05,0.02100539640334298,0.7359143855623006
15,0.42625714281946303,0.029100579047314425,5.834505556829074e-05,0.019531353818382016,0.5250525792592723
16,0.45765852864482287,0.04493286991730469,7.526899190922542e-05,0.06119372710380296,0.43613960534216034
17,0.539228068947709,0.04172595102320337,7.287047618414919e-05,0.07233738764872097,0.3466357219041824
18,0.37079285275566104,0.10749976888673952,0.00021615633423620995,0.22892935349880233,0.2925618685245609
19,0.3158211535646885,0.118304258237838,0.0002324928549431525,0.18329441511826514,0.38234768022426524
20,0.1856747945877368,0.10148099186303546,0.00026782045106941624,0.3594158778030317,0.35316051529512654
21,0.10114181217596414,0.21618711433608184,0.0018980741693420734,0.062189796077695744,0.6185832032409162
22,0.1985063360607744,0.21206177429740256,0.0009890719485562366,0.27418153482838925,0.31426128286487753
23,0.13535130871171192,0.17184121722970222,9.553129856699752e-05,0.11160638425889455,0.5811055585011243
24,0.1336771433603322,0.3938625944479091,0.0009255896953923321,0.06516438076434651,0.40637029173202
25,0.1773989780329881,0.48611845273354126,0.005291620639427454,0.016096953903845194,0.31509399469019783
26,0.12054799881947002,0.29039878885578313,0.0005451056799373671,0.03957258132785756,0.5489355253169519
27,0.25397009420816025,0.16320572588614682,0.0001418386750444733,0.1404234390293349,0.44225890220131364
28,0.2150888734436327,0.0929536884345929,6.733384390643706e-05,0.028811006685260286,0.6630790975926076
29,0.6333327794639378,0.03950981179271738,6.575470430513793e-05,0.0409010703763862,0.28619058366265354
30,0.7390791980255322,0.1166542611424383,0.0001064049513305479,0.017512565025794846,0.12664757085490416
31,0.6043410829796113,0.20311599621609414,0.00022962740093282366,0.007468339570593808,0.1848449538327679
32,0.4050168259719771,0.3496563180415763,0.003172766771130379,0.0033907726364988578,0.23876331657881741
33,0.2670787119866228,0.6483033464797221,0.002382405546979101,0.016745807270618657,0.06548972871605734
34,0.10751968035916908,0.7958543040128383,0.0008980530045841279,0.03644552801538402,0.0592824346080245
35,0.06788244711598086,0.8940366888086418,0.003023431537555916,0.012713676326128517,0.02234375621169298
36,0.30291122398841436,0.4357341797507267,0.000579888700045677,0.20826568869348294,0.052509018867330254
37,0.11286545221939366,0.8580840304255233,0.003994476411657584,0.004681720217417146,0.020374320726008286
38,0.14633466157340622,0.8274378017511144,0.003019956463613204,0.011060900085225723,0.012146680126640354
39,0.04807979420638652,0.8877367012937567,0.053768963231004004,0.0053787548506661715,0.00503578641818662
40,0.021248816557631077,0.9465511687372987,0.02013304233319866,0.006082807447719592,0.0059841649241519764
41,0.010022779648279254,0.8799485688477108,0.09932964853335922,0.00719401983333349,0.0035049831373171756
42,0.0057001493620769785,0.7966280370042403,0.18825214559573097,0.005106889221845502,0.004312778816106247
43,0.08433694959391988,0.8435693318637281,0.0016775276213197182,0.05440211498227016,0.016014075938762303
44,0.014904473337364263,0.9486667393955207,0.028405311517156098,0.00330449718684401,0.004718978563114956
45,0.029871890305859634,0.9176949295897268,0.0367127029368199,0.010525527322147942,0.005194949845445787
46,0.052530550036040374,0.8335376795218166,0.08829908445460558,0.012097658569761579,0.013535027417775916
47,0.025292644545823726,0.9432750844104463,0.01594776122138257,0.007322381080559632,0.008162128741787905
48,0.06515455603234853,0.9101386810055533,0.005552237171617934,0.006250601961137573,0.012903923829342684
49,0.37093724376275333,0.5244987348335552,0.0003517359800187646,0.054415916358946825,0.04979636906472589
50,0.062006039196101384,0.9286907383910566,0.0012007739431265482,0.0019210284788653738,0.006181419990850022
51,0.05788231786217406,0.8460403654024872,0.08883704175477344,0.0009582841783421754,0.006281990802223196
52,0.028930903501803374,0.9137434599766352,0.05261781946691474,0.0005792243313827477,0.004128592723264116
53,0.033599776502348244,0.8528606962318112,0.1031807483939484,0.0007820811694149349,0.009576697702477441
54,0.010893180392137145,0.7786554695522444,0.2062301795372156,0.000837849710770641,0.0033833208076323013
55,0.009917062007056911,0.8516354062791159,0.13458104688390582,0.0005520474231063782,0.00331443740681496
56,0.014681160260540917,0.8153902631586712,0.16560147505035272,0.00026968489803823277,0.004057416632396906
57,0.01670181465941276,0.8212779976143011,0.15815245442875753,0.0003503122949296063,0.0035174210025989486
58,0.005254532063854679,0.7404076927828968,0.2528341272387508,0.00012141764994930524,0.0013822302645485945
59,0.012305144159251297,0.7623531342150899,0.22096079821760942,0.0004599851836902958,0.003920938224359121
60,0.007962653545688696,0.7635138356730429,0.22416082160951586,0.000309086978134854,0.004053602193617758
61,0.006355541322848127,0.7077486547353067,0.2828875602710317,0.0004800010211151735,0.0025282426496985606
62,0.004547902772895453,0.5666466049007834,0.42575261599233094,0.0007596403771331766,0.0022932359568569242
63,0.013502520955817016,0.614992946423477,0.3513433072966386,0.0028246438703142286,0.017336581453753133
64,0.074379432542951,0.1549376667423344,0.0003010655918784788,0.0009282622971792049,0.769453572825657
65,0.2710052189985576,0.5507882915390268,0.0013593656776002016,0.012003206579824068,0.16484391720499145
66,0.229096982212032,0.6988015016860525,0.010167274415936416,0.0031600432653702084,0.05877419842060885
67,0.2332488223864008,0.71995793650165,0.001108336852559542,0.0022144313037742247,0.04347047295561545
68,0.07385625980300124,0.9056966145659584,0.006610177668479601,0.0015448766971689575,0.012292071265392038
69,0.04656060349208213,0.890430052984457,0.051905417914327186,0.0012168588582128976,0.009887066750920956
70,0.03736017530726162,0.9365006902133344,0.015409972754741503,0.0019280207669123224,0.00880114095775036
71,0.03806490095302086,0.9086749078674017,0.03795483217449123,0.006115856497805238,0.009189502507280949
72,0.012590565278884577,0.8696036689747644,0.10996568407892979,0.0031831512420455875,0.004656930425375593
73,0.01777672266403313,0.9598808882880531,0.017295578923815565,0.002127140933704888,0.002919669190393255
74,0.017235552417022532,0.824703166949916,0.15456399853019945,0.0012309078275449276,0.002266374275317171
75,0.012487966021135888,0.7558510744508291,0.22828936590693202,0.0010554805160909566,0.0023161131050119747
76,0.054070041162987435,0.8222474190956557,0.11602322197374065,0.003860521730306996,0.0037987960373091173
77,0.010988381871654577,0.6142510342767824,0.36907828055432934,0.0020941032958624187,0.003588200001371125
78,0.008143348776779203,0.7589326790286159,0.22670943246309733,0.001978816722378138,0.004235723009129396
79,0.02976051151313681,0.8322005401098905,0.12997090055383026,0.0032279781329934473,0.00484006969014897
80,0.04230919376984172,0.7023291637605741,0.2466307838923603,0.005010373160744686,0.0037204854164793553
81,0.011184013527597542,0.6449227506861909,0.33824874193851007,0.0020363751073426846,0.003608118740358806
82,0.02524351948371279,0.538790852274081,0.4289448170343969,0.0023058096440538643,0.004715001563755394
83,0.007907033889350063,0.7983987946856386,0.18622614159017048,0.003263690031453074,0.004204339803387751
84,0.0122616962277269,0.49156783011474153,0.48918546736320523,0.003965192603048505,0.003019813691277946
85,0.018384805304709057,0.50100694669974,0.47376339197737727,0.0013580616738061617,0.005486794344367442
86,0.007815137682745119,0.7928905494644819,0.1949116800702648,0.0012535160311940737,0.0031291167513140057
87,0.01283296262396714,0.7676130753488809,0.21326475764420696,0.0015986391032466291,0.004690565279698261
88,0.013539079038757671,0.7275142387702528,0.2534924709464505,0.001620034563158121,0.003834176681381042
89,0.008219748552739301,0.48453056947117235,0.5036193075165062,0.0006304995215932545,0.002999874937989019
90,0.03462688472096778,0.7091657004051342,0.24647953486876562,0.0011264143757960348,0.008601465629336447
91,0.010200418909755137,0.799277578814142,0.18743852115953438,0.0005536293043095743,0.002529851812258978
92,0.020409372515584955,0.779520590929578,0.19628959134704152,0.0008787330067920721,0.0029017122010033185
93,0.01106788714601132,0.49870190717552515,0.48635120803584786,0.0013192231266772655,0.0025597745159383054
94,0.007096888085044822,0.41528699688752957,0.5756873183043284,0.0006919100112536332,0.0012368867118436472
95,0.005819105716235578,0.4494239575134942,0.5417260968805986,0.001142146000905653,0.0018886938887660682
96,0.004196107374857937,0.4183586318885811,0.5733864735926125,0.0023293883704129693,0.001729398773535462
97,0.0027731276422191735,0.46148447652109764,0.5290289988709724,0.005176798202247877,0.0015365987634629757
98,0.005978418170387058,0.46104150816376127,0.524188935510949,0.005950971332911004,0.0028401668219916816
99,0.04737391623914594,0.718767797536997,0.19360611675420017,0.010528652043205624,0.02972351742645113
100,0.035170100320935684,0.8098609578886654,0.13567240367891553,0.006510248941550318,0.012786289169932949
101,0.02938417328695509,0.8460587325528197,0.08663320117573801,0.002668920489282773,0.03525497249520449
102,0.08954298510548342,0.8399786864080447,0.04167654753046817,0.005707899874932375,0.02309388108107128
103,0.19828344217487345,0.11514834697741944,0.00010215829726922968,0.00918750529691886,0.677278547253519
104,0.256955446055884,0.6823702234114924,0.0013521102920287067,0.01342205030888315,0.04590016993171172
105,0.21861392392366877,0.74924697909685,0.0006284135979504639,0.008042622987742304,0.02346806039378836
106,0.12875055420156067,0.8169306228093022,0.02455936536844911,0.002946847889536573,0.026812609731151488
107,0.0792243364582236,0.8722100494465153,0.005868684387995727,0.017222706896879946,0.025474222810385545
108,0.06728483298598718,0.8644797034450158,0.005509779482446142,0.024806844158860687,0.037918839927690136
109,0.035052291486885316,0.9205871039524588,0.018050897807899615,0.006908140251658436,0.019401566501097724
110,0.08311783873852685,0.6378554897594978,0.0006473431732277755,0.05381368439950424,0.22456564392924322
111,0.10538692271171299,0.7215288518012719,0.0029535387576418025,0.07220012129274246,0.09793056543663085
112,0.017966828827773344,0.9019531145559728,0.010054674723266302,0.005424351901123775,0.06460102999186355
113,0.028426577083350182,0.07536936304159973,6.911070137211886e-05,0.003135487192483917,0.8929994619811941
114,0.41888776011537704,0.12854926136151448,0.00036964204524121073,0.10453116427522444,0.34766217220264284
115,0.22903144696321132,0.33819858786282464,0.0010179798745015827,0.042365520563738567,0.38938646473572386
116,0.20802198638318348,0.5699503499519453,0.0010043573795423442,0.026891174234057697,0.19413213205127125
117,0.36756183596467706,0.30359634815503594,0.0002297755167214228,0.11629813707241643,0.212313903291149
118,0.059220511403456653,0.8452291521100636,0.006911677161736288,0.010912439762512726,0.07772621956223098
119,0.12075633189954446,0.6492184657781891,0.0006889441729623081,0.08234074457634365,0.1469955135729606
120,0.11073954651908194,0.6987963775372263,0.0009160015319419236,0.13557042028949232,0.05397765412225753
121,0.11230352437150959,0.7701753722752575,0.011069612684811145,0.05663522841202178,0.04981626225640002
122,0.0414792627246427,0.8976499907191657,0.003875751678047259,0.03655594313601986,0.020439051742124296
123,0.10350587064528431,0.0788349456764328,9.558927654745306e-05,0.018444868360008512,0.7991187260417268
124,0.5881310114238426,0.13293999171455373,0.0004162155653608565,0.15749321791047202,0.12101956338577063
125,0.40698881922803737,0.45347612532856146,0.0008598113364710362,0.047302054654288314,0.09137318945264186
126,0.6061222728300283,0.21490192555777649,0.00022163866810966213,0.11352074485357669,0.06523341809050885
127,0.17152138247800255,0.7377067639532925,0.02026161148423347,0.02081335155529609,0.04969689052917538
128,0.06717897860250338,0.8522043856661156,0.06027011072963895,0.007730651789198084,0.012615873212544156
129,0.04246264115255446,0.9132335614457163,0.0029631109353586635,0.017019245281061794,0.024321441185308774
130,0.09375875967118621,0.8055143848355181,0.0021508979362683763,0.06459471624578392,0.033981241311243554
131,0.014029316438382714,0.9637412202901519,0.007023904552494802,0.010207467853291794,0.004998090865679131
132,0.07373672717932095,0.8873954473840991,0.007463194355166431,0.018289798023767595,0.013114833057645783
133,0.05390608295652396,0.9095914783756363,0.02304604156918251,0.00957119544213163,0.003885201656525561
134,0.013432646769382621,0.8707808153513245,0.10228177021201758,0.005438794179053687,0.008065973488221531
135,0.035569223337236514,0.8569429012237556,0.0070493688597366485,0.031358574845568976,0.06907993173370228
136,0.12241524214605452,0.3824080915396009,0.0009829168138463763,0.4002450998669608,0.09394864963353754
137,0.12230539540183417,0.6589167096719655,0.002331511113960337,0.09605988668700706,0.12038649712523307
138,0.18233914602713386,0.11098971995711761,0.00010021830918748758,0.16414414023779453,0.5424267754687665
139,0.26190500569362957,0.07426632437535136,0.00015508149922767109,0.14679246449511643,0.516881123936675
140,0.17996612240994395,0.11749819288144073,0.00034903285379381737,0.12633385597770475,0.5758527958771168
141,0.2923128738369008,0.2652084401172422,0.0007646884107638238,0.16218666747397295,0.27952733016112025
142,0.14982712922196031,0.19407439956708705,0.0006338795625085038,0.19945510442981834,0.4560094872186258
143,0.07435631281725019,0.024863586405523157,0.0001592743680875913,0.19654559923753934,0.7040752271715996
144,0.07790117238678924,0.020428789458950908,0.0001604283962102476,0.3118656878140332,0.5896439219440164
145,0.0776417733937395,0.006740468490779167,0.0001710770538595466,0.07031767703096348,0.8451290040306584
146,0.10502384018628828,0.006075444403311685,0.00018840188113758487,0.051945548267744814,0.8367667652615176
147,0.17373778043564994,0.012279039453831636,0.00020424816832319764,0.15040213659478338,0.6633767953474118
148,0.21605307409047633,0.009116615282773589,0.0001721375743374204,0.14868046064166726,0.6259777124107454
149,0.17661345610694162,0.012224491673152128,0.00011032796222092811,0.07310811420833391,0.7379436100493514
150,0.25875377452930476,0.014946295314654894,0.00013445664269106367,0.17831153253809368,0.5478539409752555
151,0.13652205215495286,0.07920500518913914,0.00024066435057796604,0.14654122808232123,0.6374910502230088
152,0.130786664955266,0.06359503925350936,0.00015490583683187004,0.24148671306583028,0.5639766768885626
153,0.01144872146172435,0.010138712441383277,7.798984227217993e-05,0.0511458273099367,0.9271887489446835
154,0.1079027697259402,0.015725196568212304,5.3556243294338635e-05,0.16399716893536673,0.7123213085271864
155,0.12456998223334564,0.01719017914608527,7.151951788060159e-05,0.2875826608702401,0.5705856582324483
156,0.09417706169692347,0.010008313928168222,0.00015531400490087125,0.45004676838311475,0.44561254198689276
157,0.08842070661329883,0.008079200565098161,0.00014033222784216398,0.20139934077899133,0.7019604198147695
158,0.18201727541241747,0.012069899114832385,6.335383206002978e-05,0.2889325852429255,0.5169168863977647
159,0.24207768182233072,0.013987319978694047,8.263307773238251e-05,0.2834401915741013,0.4604121735471416
160,0.3524274371728319,0.03116375276312633,0.00014770102585934144,0.307074272562167,0.3091868364760154
161,0.34042282607112884,0.016695090183745584,0.00010218466398376158,0.4264196287754718,0.21636027030567015
162,0.36758170626724757,0.10188262623322085,0.00016861760843397502,0.40515732376938024,0.12520972612171735
163,0.16772723908412696,0.5221526953389353,0.0019192269764566061,0.2412156608718798,0.06698517772860141
164,0.05806742288155495,0.8742256557301521,0.0075767045683427965,0.04831127349877291,0.011818943321177305
165,0.04634583589164903,0.8061949760467414,0.002483122063401097,0.13591142490547625,0.009064641092732258
166,0.04303165120703372,0.8261782040311725,0.000984769123972554,0.12420732393215851,0.005598051705662773
167,0.03112872742810771,0.9131822387389517,0.0016615600095806202,0.050281477267828355,0.0037459965555316868
168,0.04347757506225482,0.9028130342755203,0.007914194115467645,0.04302177863457865,0.0027734179121787533
169,0.04260230795753661,0.9162467819039882,0.01786332278270716,0.021345230287470138,0.0019423570682976662
170,0.02876229433377149,0.9184538453672565,0.015023507153905852,0.03621232137362145,0.0015480317714447322
171,0.030256003603555365,0.8810471808153083,0.0554823619654262,0.029748199404965554,0.003466254210744277
172,0.018719565806610196,0.9167226644572399,0.005422271275558026,0.0574429902495681,0.0016925082110234692
173,0.029058974905715136,0.8191200306152696,0.1395391558355302,0.010688782182334626,0.0015930564611506002
174,0.007870520120440453,0.8252345110427457,0.163046698094486,0.003230259258461207,0.0006180114838666145
175,0.006973445389804296,0.8609286263466152,0.12483241362129355,0.006304957476017911,0.0009605571662689121
176,0.007875219019617193,0.9221638893078365,0.057326215337141134,0.01105912865970573,0.0015755476756992525
177,0.01953783561757765,0.9322479042037691,0.040243299049359325,0.006038290818959525,0.0019326703103343806
178,0.004414544313647636,0.9070504826700542,0.08406065188738877,0.003610170418339074,0.0008641507105702402
179,0.010529207111279913,0.7718350143891944,0.21259127670255026,0.0029043048605669705,0.0021401969364083315
180,0.0048550724669127404,0.7349842903230086,0.25688808842208516,0.0014705015470522593,0.0018020472409412723
181,0.014942632747174648,0.45017122620564426,0.5285252453956577,0.0049988065631303875,0.0013620890883930398
182,0.005438363040499502,0.3064164678955007,0.6866757945450369,0.0006298925374632442,0.0008394819814997363
183,0.003973090996315009,0.23330459122703567,0.7604343819143804,0.0016555654142296182,0.0006323704480393616
184,0.000593954272212005,0.09463489770182776,0.9025628522541492,0.0008420787908493319,0.0013662169809617352
185,0.0017292303497329054,0.12350314555132012,0.870576840295556,0.0017001537578895493,0.002490630045501496
186,0.0012524387094985582,0.09824463244472693,0.8957513310610228,0.0010153095005363615,0.0037362882842153318
187,0.013792218013664937,0.28072272062796555,0.6858496016115703,0.0058168006541352525,0.01381865909266395
188,0.09701972643539741,0.08342595707233476,0.0069478263026854625,0.00875363377377217,0.8038528564158101
189,0.6863265919505396,0.1015101431401579,0.0008156408576561451,0.02597439264815517,0.185373231403491
190,0.6142838375787777,0.2687370327408421,0.010138902843021724,0.010650784271458965,0.09618944256589954
191,0.7497454119846808,0.14889931098462508,0.0029353538091661077,0.013566284318446049,0.084853638903082
192,0.24358284106505512,0.6885377470848991,0.005025188150169305,0.04811671801402124,0.014737505685855273
193,0.19060324523410505,0.6655171524983738,0.03878737302489288,0.0987571667489919,0.006335062493636265
194,0.12680667098562456,0.6851423890218497,0.05397796625380916,0.13229098423755087,0.0017819895011657904
195,0.05929582270569635,0.7950941083617259,0.08315750641967355,0.05990278441678085,0.0025497780961233874
196,0.006448828003930481,0.875730543692797,0.10498099380586325,0.011117025558967701,0.001722608938441479
197,0.02569578816028728,0.7487711710987469,0.2151760625886317,0.008603400900812817,0.0017535772515215114
198,0.003120520084068525,0.6540276981149925,0.3408981355163245,0.0012316647979999581,0.0007219814866145095
199,0.0025492927729557392,0.504735288755517,0.49165506364015427,0.0003985770455766759,0.0006617777857963397
200,0.006064612851618153,0.5508517490479383,0.4417206001724756,0.00025371863293059606,0.0011093192950373078
201,0.003625476680231328,0.42282557767830414,0.5715069797556566,0.00024830070529182605,0.001793665180516116
202,0.001298681661738804,0.26512402258847095,0.7325461163038613,0.00022245586639030283,0.0008087235795385476
203,0.0003057317374832076,0.07512196169459497,0.9241490091953382,4.867488479331715e-05,0.00037462248779036406
204,0.0007708420777755987,0.09635130275478512,0.9016207541839792,0.0006902564859364243,0.0005668444975235336
205,0.00034814610041166056,0.04945543947745879,0.9494519272935067,0.0002781089898787615,0.00046637813874402385
206,0.00045950756852896843,0.031200192911578807,0.9674447373835912,0.00037883117451552914,0.0005167309617854693
207,0.0002795090540123845,0.03855575836186725,0.9594128919533286,0.0007313423184428503,0.001020498312348959
208,0.0003191930638386188,0.0382104410077754,0.9594982149151656,0.0007684994008313469,0.0012036516123890137
209,0.0006607378593661381,0.07507431526923915,0.9214817789456082,0.0012593697714901083,0.0015237981542961941
210,0.00016272859029282667,0.013880819132094577,0.9851136276172466,0.00016383059764387255,0.0006789940627220893
211,0.0005422066312071995,0.04431614505856577,0.9524924363805051,0.0012833909197008148,0.0013658210100211572
212,0.0014734247681420256,0.08731037770890909,0.9056467829088799,0.003265802615451224,0.00230361199861774
213,0.0005745862922700885,0.07129105714040712,0.9249669260636214,0.001321403000807615,0.0018460275028936808
214,0.0002487582070763547,0.02437621556520259,0.9729454412391679,0.0007680387682818197,0.0016615462202715066
215,0.0007342049344303837,0.04359435898043874,0.9530231160383645,0.001125505628173858,0.0015228144185925592
216,0.0015892868923107401,0.2583738795234723,0.733926059941788,0.0030046446330056946,0.0031061290094233293
217,0.0012644588581292204,0.08721119134554407,0.9096417684423167,0.0005160829736163877,0.0013664983803935399
218,0.006745581147457313,0.2352474673223196,0.7512416098986818,0.002862171261674888,0.003903170369866392
219,0.005486092605505251,0.14495917726698196,0.8423672918949254,0.004096840478720386,0.0030905977538670947
220,0.014734919719214373,0.3583810455424247,0.5713905989675797,0.04019257086420763,0.01530086490657351
221,0.01922715009552901,0.2772686988225446,0.6687905299871141,0.018075970325231224,0.01663765076958114
222,0.08085780469417272,0.47315741075625983,0.13266906384833396,0.039531952838530955,0.27378376786270264
223,0.10872333690873755,0.7003784630211107,0.05221405383970937,0.038812556554662855,0.0998715896757794
224,0.1293805192877617,0.0818777653022142,0.00019560479076504767,0.025613165142999526,0.7629329454762596
225,0.32098463905007063,0.1656582681864191,0.0035498401825737186,0.024477612523781223,0.48532964005715523
226,0.49030770464474,0.18262126493794714,0.009086975734534927,0.04295093147583932,0.27503312320693857
227,0.3382689212979551,0.1875321412126449,0.01921819190328475,0.05935537206232741,0.39562537352378785
228,0.292353149257187,0.456721781116643,0.03586260254945585,0.09298549263987489,0.12207697443683928
229,0.08330519020008811,0.25127831997826566,0.0098806799066032,0.18120786772900133,0.47432794218604163
230,0.07481568699051368,0.046080309322832906,0.00045368815975150087,0.0979913922712064,0.7806589232556955
231,0.2905413962863679,0.09004541026367177,0.0007739511900251703,0.11225252797370674,0.5063867142862285
232,0.490964415127467,0.15921451405983253,0.00585693641985479,0.0875232711227589,0.25644086327008664
233,0.45161023923113336,0.23875045199377853,0.006716357874162368,0.05386141001150082,0.24906154088942487
234,0.5347147350131457,0.17591244643098333,0.0021444409382213227,0.1126247905023849,0.17460358711526489
235,0.4859685990085327,0.17832016087973393,0.009129071579181636,0.10205039878177136,0.2245317697507804
236,0.32903368655195747,0.5587988410548541,0.029875589155937955,0.03456988749224214,0.0477219957450085
237,0.48771534507257136,0.3648033763205683,0.04386553093977442,0.06762939107569639,0.03598635659138938
238,0.1146670235415433,0.6998049597392617,0.09613305275027391,0.062026629080364735,0.02736833488855634
239,0.3324559477809788,0.3988232678676802,0.006867946796574746,0.11460703246126651,0.1472458050934998
240,0.5081955953973757,0.28214566861949597,0.0063515578295957695,0.09252645899716279,0.11078071915636994
241,0.11983028564343842,0.7840369552047589,0.03605199222649212,0.03504353900816875,0.0250372279171417
242,0.17976043883534396,0.6296739713832081,0.14658301209099087,0.022992107529946543,0.020990470160510415
243,0.2901899663686956,0.49350317104392005,0.08365786431891782,0.08864103978008814,0.04400795848837829
244,0.0979378721745931,0.571355322004846,0.03711010377085806,0.0684498138692438,0.22514688818045916
245,0.21399958316732137,0.1519820835558335,0.00935741553045631,0.41546896964619473,0.20919194810019412
246,0.2621017966967046,0.13636864742514987,0.0009784188488259945,0.32546637990090344,0.27508475712841607
247,0.4857591597646306,0.06900793921670337,0.003157466988227787,0.11223146630489088,0.3298439677255474
248,0.5678095108235298,0.1272115194966666,0.0044372925435320655,0.16609819863394854,0.13444347850232308
249,0.4316151185217624,0.326046298278741,0.013773994081020468,0.04362379501478627,0.1849407941036899
250,0.33374509402782443,0.1208916489066963,0.000969757269779334,0.1353964054933019,0.4089970943023979
251,0.3043022132983355,0.08906725654162072,0.0015321343118155884,0.0488441998110254,0.5562541960372028
252,0.7586499813831048,0.2050593773219714,0.0032483588615934648,0.013703866376462048,0.019338416056868164
253,0.5101509968562778,0.44994981186457095,0.021193735497444903,0.009994782047155825,0.008710673734550365
254,0.4400409068225087,0.5068929660305094,0.016022757762964825,0.01623952341294247,0.02080384597107463
255,0.07430725558932835,0.6892334978244297,0.21588300688945947,0.009976913959212942,0.010599325737569597
256,0.28786614658316445,0.5169628498721669,0.17509224236120208,0.010135273019240379,0.009943488164226329
257,0.021729053351156546,0.4825911555676514,0.4914897369588068,0.0008677050060054228,0.003322349116379631
258,0.03103610042380795,0.5789604559654818,0.367518923182302,0.0066454005367481035,0.015839119891660147
259,0.011385455514982613,0.4817495561809782,0.5027578763265217,0.0010726568700040182,0.003034455107513596
260,0.008707749275372063,0.3470493632653367,0.6405896439256433,0.0011707296731859871,0.002482513860461836
261,0.015470793278267688,0.27292069856252876,0.7034586178471494,0.0020215946529978496,0.0061282956590563075
262,0.02283786040990465,0.37132677882308723,0.5979026954082998,0.0011519665511132455,0.0067806988075951756
263,0.015084493891905752,0.3404371738707944,0.6413073834474533,0.0005175998426030417,0.0026533489472434684
264,0.026562946567115244,0.3858681488943001,0.5770387354916033,0.0019363155324147825,0.00859385351456655
265,0.036273048550693215,0.4099862507323264,0.5432491801391239,0.001209950131162329,0.009281570446694242
266,0.02703527604276017,0.395249840063772,0.5662707070736479,0.0018198242347743493,0.009624352585045409
267,0.015331059006488072,0.3214059830170386,0.6406690686309502,0.00547840271980017,0.017115486625722962
268,0.024090274732141113,0.5575473870054365,0.40319336682763296,0.004077590554493955,0.01109138088029548
269,0.006577699856648088,0.15261137010429787,0.828388432410632,0.0048152685007790096,0.007607229127642915
270,0.09722099763819918,0.20521437474863202,0.0279467018769367,0.008286603102745295,0.6613313226334867
271,0.013226088131613349,0.016674009269924375,0.0027795144475755754,0.0009358651967712696,0.9663845229541154
272,0.3024564125067461,0.14557216134805648,0.010583401344665911,0.006433530647021186,0.5349544941535103
273,0.13818938120827728,0.38207927806620273,0.394111879442982,0.0044513694487385135,0.08116809183379937
274,0.15386242757289437,0.6363396557401019,0.07637158727243508,0.00816301983837571,0.12526330957619305
275,0.2359993067016673,0.5156044003599132,0.09881198184181988,0.013357297249680673,0.13622701384691893
276,0.11076719085534883,0.6777952787522372,0.07923800371822544,0.012192504507280376,0.12000702216690817
277,0.029326710364668707,0.023478350725772028,0.0011856385754115686,0.0015235039648778936,0.9444857963692698
278,0.011840702897211711,0.017500721459626497,0.0003247135456347825,0.0009033470504177113,0.9694305150471093
279,0.4078203702027626,0.26649875961346314,0.020037467013499684,0.007087656475968683,0.29855574669430596
280,0.4076490205252249,0.48946511510737684,0.011850132296894095,0.0020099699018494427,0.0890257621686547
281,0.2085891364754588,0.6485926809068425,0.01913311729724252,0.005089849266774835,0.11859521605368131
282,0.30595169131315153,0.6411362834485037,0.015433620922680498,0.013774799267130476,0.023703605048533832
283,0.37270195805913026,0.540552485928733,0.04071829229224101,0.015220864565988241,0.030806399153907472
284,0.3653007987260062,0.5457842663338253,0.07835866108282803,0.004255056684292717,0.006301217173047697
285,0.2782888861159567,0.6352747306408688,0.06561437254242304,0.00927649002120845,0.011545520679542948
286,0.05512665723302601,0.6394805752757339,0.29804875140014697,0.0025935359642350196,0.004750480126858063
287,0.07025815697347061,0.7180864455862579,0.19313386590448173,0.007792214298275858,0.010729317237514063
288,0.07465850302348637,0.797617924525988,0.11665190531816974,0.0024533515510340963,0.008618315581321527
289,0.07518015343987237,0.5728367721541211,0.33588722482628064,0.0065594063896908935,0.009536443190034842
290,0.012591542594954227,0.35401704233424147,0.6261482073367245,0.002198127833312599,0.005045079900767205
291,0.040448669772403384,0.440633024018892,0.49927288470000863,0.00464134629985611,0.015004075208839913
292,0.09604966851247013,0.4706494106877066,0.4110590248777144,0.006769352676267947,0.015472543245840834
293,0.15166005912326552,0.2744659486682338,0.007732437502234768,0.012716509537664882,0.553425045168601
294,0.42738694579076536,0.37149264646783564,0.018435033984487367,0.023799255435861248,0.15888611832105037
295,0.16270455794669397,0.08686339045576674,0.005532612135476589,0.0020386091921295907,0.7428608302699331
296,0.6312368277014986,0.14959269133865224,0.0011551500827620554,0.002841157048831351,0.21517417382825568
297,0.24152896432997595,0.6702921149408868,0.05727557853490093,0.0024980583227952246,0.028405283871441145
298,0.19637684388215879,0.7224077852661719,0.01779082357934213,0.001977670655742468,0.06144687661658469
299,0.078032088254235,0.8592711904719277,0.038418532140631255,0.006899875043692358,0.017378314089513736
300,0.02515493035738282,0.6399423831542934,0.31520037431973663,0.008565698729570751,0.01113661343901645
301,0.06702583206676346,0.695827126543986,0.21083107150433444,0.015703036804658305,0.01061293308025766
302,0.08077885810272564,0.7101492686109121,0.17886992848752128,0.013660770515084134,0.016541174283756815
303,0.09548045972472143,0.7154157769203441,0.15830296081410763,0.014341741863325999,0.016459060677500713
304,0.06798866848218997,0.6047575438221713,0.307760890900583,0.010592271864454593,0.008900624930601142
305,0.06876386409220604,0.830433339451005,0.058124244176545665,0.01843144857226942,0.024247103707973932
306,0.17194707815400886,0.7157399364708075,0.051658614796987704,0.023855496707166832,0.036798873871029245
307,0.12770398547176345,0.7562561281371877,0.09137880912710468,0.007485409519681382,0.017175667744262837
308,0.2263154603646359,0.6439151466737291,0.11237783752301966,0.006239210515249999,0.011152344923365407
309,0.14374256945783773,0.7354540515101464,0.10654931723286223,0.005375820222633407,0.008878241576520078
310,0.17003792115201594,0.575879342720866,0.24335014999418994,0.004340686761873868,0.0063918993710540585
311,0.09527520400272338,0.4841163558537979,0.4058043211516288,0.006973208652035384,0.00783091033981463
312,0.023772120693167996,0.46816324968004214,0.4999594180387869,0.0023615843266487106,0.005743627261354326
313,0.04644007369584678,0.4379498874428181,0.5090407725353131,0.00257245359781315,0.0039968127282087795
314,0.0034781112210432053,0.18656411810299212,0.8070709067113729,0.0006011840357002001,0.0022856799288914487
315,0.007888584764516886,0.2422359080718757,0.7442332578197173,0.0012329458719621063,0.004409303471928213
316,0.013350896182937297,0.39021802172972375,0.5922012840512113,0.0012625180293426763,0.002967280006785014
317,0.012014654604756174,0.22826375726251,0.7549646209387721,0.001365663837116857,0.003391303356844757
318,0.015557272038939774,0.250590156828975,0.7294440248467965,0.00151161740503584,0.0028969288802528637
319,0.007632348749492459,0.3700206401029154,0.6179184632013135,0.0009070796833666465,0.0035214682629119494
320,0.008324220870673596,0.46925546130892504,0.5156256617374574,0.002416402107824134,0.004378253975119886
321,0.007928314045415876,0.4676950987551762,0.5148627745873692,0.00267300787680333,0.00684080473523535
322,0.03983370097289332,0.6015735659449247,0.3465284475782741,0.005511448068026516,0.006552837435881365
323,0.008855344988297414,0.4442651385675135,0.5299964029136265,0.0051263608108337785,0.011756752719728692
324,0.1267176451303417,0.5281490803103055,0.2782189294487755,0.020059504839442365,0.04685484027113504
325,0.22319487845665367,0.3608257702791995,0.01528847944314182,0.050047706184679894,0.35064316563632514
326,0.3128504501336121,0.3398871806646415,0.032936010961578575,0.02690340223148781,0.28742295600867995
327,0.22054735537471495,0.5750274645407251,0.0025484775819886347,0.12233948383907184,0.07953721866349957
328,0.12281073658526184,0.24286568127640284,0.001435671750608132,0.06494372640275561,0.5679441839849717
329,0.3843410268536154,0.13373566733688408,0.0001562781244185379,0.21442832705610124,0.26733870062898074
330,0.1805642403944362,0.3507480577779776,0.001008623482115715,0.3009056508039681,0.1667734275415024
331,0.38686202106396594,0.12476279648089918,0.0002938617936822689,0.3695785476384133,0.1185027730230392
332,0.1671759974550482,0.3827129268545613,0.00030447512248931303,0.20451892660663104,0.24528767396127021
333,0.19444034225861542,0.13459462034186684,0.00010861808245519455,0.4940812260032237,0.17677519331383879
334,0.25355072656124356,0.0672567658431278,0.0003941878935191363,0.3206227211925337,0.35817559850957587
335,0.22804554894259027,0.054879411522685335,7.95520648985939e-05,0.6317946678617566,0.0852008196080691
336,0.06669267495181098,0.030932302595803082,0.0010163843987383288,0.08751914335104362,0.8138394947026039
337,0.09542952489788412,0.09574999994511475,0.0017456998066903283,0.362589673817811,0.44448510153249987
338,0.06307439758610472,0.03184245118432382,0.0014240421435659358,0.06409562327338217,0.8395634858126234
339,0.4429949434421336,0.028204530547654975,0.00024206507680843097,0.2582612788158341,0.27029718211756887
340,0.29658473257231965,0.04193199832976944,0.0002015475017305869,0.44011744250688456,0.22116427908929576
341,0.2980216239624588,0.015410334475749445,0.0001421162338753084,0.5899228630693307,0.09650306225858564
342,0.15195806116360733,0.0671491784942151,0.0008364265868901636,0.5993742569080265,0.18068207684726095
343,0.17017583590243204,0.023757551781929107,0.00010693700782103455,0.6731942902785583,0.13276538502925953
344,0.1808907322227113,0.03043965391685928,0.0005401258390888583,0.5845415135049659,0.20358797451637467
345,0.18247459391993057,0.04496732670518061,0.00029761183451381074,0.6771576028946479,0.09510286464572704
346,0.18658290467107155,0.026728560086854883,0.00014993950544932348,0.7171040159371663,0.069434579799458
347,0.09930511425589038,0.020078703114163703,0.00015589306281357858,0.8365110501908667,0.04394923937626563
348,0.14001311191534396,0.03459942853913532,0.0003602154792157547,0.7347041269870704,0.09032311707923449
349,0.09210940034371609,0.029525666115597964,0.00026387297360181864,0.5797842343306024,0.29831682623648165
350,0.10082671797871638,0.01668136931172334,0.00019233679703363862,0.7418320351848873,0.1404675407276394
351,0.08243865788630583,0.012318638332974299,0.00010510109065187432,0.8472891489571618,0.057848453732906056
352,0.1172246048326804,0.029243002816687208,7.07343966780661e-05,0.7769813698247781,0.07648028812917619
353,0.18090653813342797,0.02601376924634521,0.00015047749241224684,0.2207225655720533,0.5722066495557612
354,0.2543622773549204,0.02762460870019639,0.00013560777296178105,0.4310236925834151,0.2868538135885064
355,0.3169347484269315,0.014318039711968865,9.199553753918816e-05,0.48339884270638944,0.185256373617171
356,0.08665586651517072,0.024531282713663286,0.00012160771841555612,0.42553223714159494,0.4631590059111554
357,0.07800765685933017,0.027425839416159538,0.00014780816174598375,0.617050444343449,0.2773682512193153
358,0.2297765778082344,0.023189408104100542,5.071916070671742e-05,0.40670981829912284,0.3402734766278355
359,0.07305956341944597,0.013742771685902577,7.721810280582755e-05,0.0419623755580846,0.8711580712337611
360,0.3480740186558806,0.025621921393102435,0.00015739119150858137,0.1981232607805274,0.428023407978981
361,0.35736038633211337,0.05275839467535842,0.0001919494600165571,0.247117885946594,0.34257138358591777
362,0.21105157955599807,0.10361418275054837,0.0004891098078995588,0.2126209233218156,0.4722242045637384
363,0.060949980696898026,0.04032195859450269,0.00012434415590350498,0.0515491985715431,0.8470545179811526
364,0.21688255903908832,0.1368670015977946,0.0005181037868870096,0.39627728703446496,0.24945504854176506
365,0.10205694244557169,0.4049232210391531,0.0030541483939527324,0.2509039577463672,0.23906173037495532
366,0.19177042117923104,0.1594992267725536,0.0005223138017709839,0.5380445141518824,0.11016352409456194
367,0.06228478469245614,0.12236112316654803,0.0006544559870535284,0.6656334419422346,0.14906619421170775
368,0.10973928821788163,0.20191911039034152,0.0005681121823273352,0.6350600393643886,0.052713449845060836
369,0.14958357234880001,0.14249302577904063,0.0002955629917365777,0.6586003574645922,0.049027481415830576
370,0.25192216111902355,0.14664521213732304,0.00023263959556333452,0.5551594064406772,0.046040580707412966
371,0.17541421411661137,0.6384398992176991,0.0013267798838049938,0.1716355924003733,0.013183514381511259
372,0.17653082335035136,0.3834524207936439,0.0010352931113449476,0.42325056997692495,0.01573089276773489
373,0.13035533264386637,0.65799923050458,0.00014767102386741295,0.18546914726752425,0.026028618560162066
374,0.05266467801872472,0.8165297655875928,0.001739674318230494,0.11438766928524972,0.014678212790202275
375,0.07006367092486175,0.6804055102060366,0.0006730526846139144,0.23964051908531878,0.009217247099168957
376,0.07395713267806871,0.6438427363654522,0.0020730735151208816,0.2663713999983895,0.013755657442968656
377,0.04841109896388133,0.7023765244300776,0.0045853728616214616,0.2338268776946537,0.01080012604976595
378,0.059087397541898234,0.7237347489608869,0.0012723072343999698,0.2099540585548648,0.005951487707950367
