epoch,N1,N2,N3,R,W
0,0.0015095944704198185,0.0024969968875247425,6.335629813750124e-09,0.00013069747249846772,0.9958627048339271
1,0.00024766003490976017,3.219614917858496e-05,1.5198197660326027e-06,1.2966429006252127e-05,0.9997056575671392
2,0.011697436691170085,0.0010561929674070896,0.0002208444151674853,0.00020665339289529738,0.9868188725333601
3,0.0005115675188244447,6.587604696229517e-05,2.966845501850039e-05,3.0117361888157204e-05,0.9993627706173066
4,0.00012300224224808136,2.9280255655379886e-05,3.4126666763556204e-05,8.976054282245452e-06,0.9998046147810508
5,0.0004463056458635281,7.289862715141723e-05,3.4197318364991784e-05,0.00023113211960977908,0.9992154662890103
6,0.08677091883999069,0.0012296311245708863,3.3261806836786475e-05,0.03166084949576047,0.8803053387328411
7,0.11158384048672804,0.00242589644386581,6.421498478495998e-05,0.04099715531894285,0.8449288927656783
8,0.16007472578934176,0.005322476012044813,5.317754562125129e-05,0.08233933878723863,0.7522102818657536
9,0.19522477332446744,0.021511978495895433,6.916465379078443e-06,0.08064825222946073,0.7026080794847973
10,0.6492336479627908,0.02596798648005797,1.0600401839820511e-05,0.031237121458598385,0.293550643696713
11,0.2081019198121303,0.14228051185784343,3.209000780630762e-05,0.17411616082699036,0.4754693174952296
12,0.38399258531208685,0.09958557038708421,4.194620474777917e-05,0.12042974839284314,0.39595014970323805
13,0.3868047452086975,0.1142731044737495,4.702915898975927e-05,0.06976598412545368,0.42910913703310966
14,0.2677861278823651,0.2339001313808815,0.0001510430149781525,0.08026300723009928,0.41789969049167597
15,0.22714838578670699,0.2158343638957455,0.00020847483190991568,0.09674693297125361,0.460061842514384
16,0.10293961599966277,0.02172532246377845,3.7839783581831746e-05,0.011417240475166455,0.8638799812778105
17,0.17053604275935375,0.017135999822078744,2.0743869659460315e-05,0.0102316501339163,0.8020755634149919
18,0.02509470464393841,0.027016417937518276,4.39837298060321e-05,0.0020530493436552843,0.945791844345082
19,0.02807368324395056,0.23078880560081286,3.502899975121434e-10,0.001219824202000339,0.7399176866029462
20,0.04157047045897256,0.035720049961985106,6.408729807961134e-11,0.0012763651450021676,0.9214331143699529
21,0.011821715151952489,0.0036685753828952657,0.00024115984764439439,0.0005248865916290832,0.9837436630258788
22,0.006285114527087766,0.0019961861043420173,0.0015474024362138827,0.0005125284582109588,0.9896587684741454
23,0.023192445960012097,0.0041988464186221534,4.7410325564614264e-05,0.0004941647593587261,0.9720671325364423
24,0.00848912885202341,0.007264603844408519,0.0004836475935359055,0.0004521200757001519,0.983310499634332
25,0.013515986145218192,0.0015495331877932944,5.2538602222537135e-05,0.0010775003484750712,0.9838044417162909
26,0.11430164745829657,0.13721612279883783,0.004323628528772396,0.008305790382013161,0.73585281083208
27,0.01992694798331981,0.34206454535914,0.0005072663718844234,0.0017434322238533357,0.6357578080618024
28,0.03600003953642913,0.6407099813988656,0.0020069302302498583,0.005290291088057126,0.31599275774639823
29,0.04203281059156121,0.752537283808001,0.00047288548868492254,0.0033433019835906615,0.20161371812816217
30,0.02942237908631383,0.8986332886800358,0.0008573705476067685,0.014489416412768436,0.056597545273275256
31,0.20378995317111562,0.5706901680800759,0.0013828131259417118,0.019566957831670128,0.2045701077911967
32,0.13167199121164647,0.6151885697923469,0.0012117806779467575,0.0014957101175036918,0.2504319482005562
33,0.13594355060626168,0.7137318528093882,0.009245189038368266,0.0077873476491507575,0.1332920598968312
34,0.16071254934739573,0.4274646554570307,0.0007489565715761514,0.005058561414236747,0.4060152772097607
35,0.031577166314839734,0.015625872370653278,0.0054097699972201745,0.0009606324208414292,0.9464265588964454
36,0.08278754344498836,0.0629076768504184,0.005885249150927091,0.0033303992213121595,0.845089131332354
37,0.09882436220778554,0.1639137864301898,0.0019807611992035,0.0020134350124334658,0.7332676551503877
38,0.10026173067544322,0.5954050184034996,0.003463479589244134,0.006894283869695229,0.2939754874621178
39,0.06640583470227561,0.7629626039695033,0.01348693114901227,0.001354860651312667,0.15578976952789617
40,0.14082638020988808,0.562328328049429,0.0010991458582753375,0.0013186960018124361,0.29442744988059505
41,0.1795480861722107,0.761578668389613,0.003493046343408867,0.002424970174327073,0.05295522892044023
42,0.10426575363190084,0.821888554704855,0.03805611258694854,0.001814393351399037,0.033975185724896655
43,0.10719297924302368,0.8089323785841258,0.055111248881057305,0.002733593828256817,0.02602979946353636
44,0.02109700987716977,0.6803950458388736,0.2825503844996989,0.001498400625845591,0.01445915915841214
45,0.013950329296894753,0.7767690053483338,0.19168878321283822,0.0009477641861989099,0.0166441179557344
46,0.00911475088423652,0.5167784210477185,0.4609617637719668,0.0010439115343430388,0.01210115276173515
47,0.005578038381497687,0.5739621636880639,0.41238366711757074,0.0006055093670680479,0.007470621445799782
48,0.009112739232033396,0.4591623573081783,0.5241650732861045,0.0008844922329992323,0.006675337940684586
49,0.010914361861941002,0.6062752480057556,0.3705991187552893,0.0009945152243997339,0.011216756152614336
50,0.011678423363189527,0.6031062340488295,0.37459268788820776,0.0005120600837206987,0.010110594616052548
51,0.008112350336828639,0.28747257939702214,0.6996212262390616,0.0002288441535275758,0.004564999873559974
52,0.005061630150111072,0.22613434009788505,0.7629771323008512,0.00025088579890565594,0.0055760116522470355
53,0.015651620478636358,0.606969462029884,0.369130540053325,0.0005859911237445555,0.007662386314410262
54,0.006833845591513656,0.4305384617635067,0.5530791881031617,0.00033095556087745626,0.009217548980940536
55,0.011757586132756619,0.5017149865715546,0.47929496264008564,0.00037063269812025445,0.006861831957483126
56,0.005623109778866561,0.4497469576841839,0.5313424914831425,0.00045994320912935997,0.012827497844677734
57,0.004992438148227575,0.1890546784613894,0.8026711790929539,0.000327886201933185,0.0029538180954959605
58,0.005393594291109265,0.39300953064516797,0.5941838763846121,0.0002575771011162548,0.007155421577994301
59,0.0056769484066285765,0.13491542879694293,0.856176575743268,0.0002488838526519915,0.002982163200508355
60,0.03116967695976857,0.648173182872089,0.27592450335241536,0.0020860122611679787,0.04264662455455899
61,0.008967533275771164,0.372231945034991,0.6097123902859469,0.0005729521190530676,0.008515179284237756
62,0.021189693722215543,0.6720216157223654,0.2779581180124633,0.002094416189774921,0.02673615635318078
63,0.029590108888524574,0.25555619151556713,0.6992220756401862,0.0034223043996370215,0.012209319556085054
64,0.05206818321244549,0.40393049087464167,0.42900848500554106,0.009884156120496047,0.10510868478687581
65,0.03266626629768674,0.3172048975096373,0.033038709964740814,0.0069709022875088,0.6101192239404262
66,0.026363171371381826,0.04105185101267605,0.00045022979487262927,0.006545862919899263,0.9255888849011702
67,0.31612552050307025,0.02293571642543979,0.00024283864324568043,0.06441856216648854,0.5962773622617557
68,0.6781545391475705,0.07972626210875901,7.926516050527709e-05,0.016671738278156125,0.22536819530500912
69,0.1451245873204311,0.2914077055289896,0.0005363975422142369,0.0030814101821076793,0.5598498994262575
70,0.5872768691454275,0.1584677569864952,0.00010773904199367731,0.09066743827215487,0.16348019655392862
71,0.43810755394757717,0.4167218007873659,0.0003109749234586597,0.018731131427160513,0.1261285389144378
72,0.28182276406224793,0.4821675878908957,0.0006356257189503185,0.010188822788114726,0.22518519953979138
73,0.12374594599602613,0.7568613327785566,0.0011076826858145551,0.03775030492244799,0.08053473361715487
74,0.04331609229724352,0.911874044548426,0.0016911206755615205,0.016085461313316993,0.02703328116545181
75,0.09535547818867063,0.7771160022405407,0.0002240713534350975,0.03414931221192762,0.09315513600542605
76,0.14444969702593266,0.7274692948251948,0.0001929857476205246,0.06709533249682725,0.060792689904424574
77,0.027112975838243108,0.9484668749749837,0.0015700116869412169,0.004080804416006211,0.018769333083825942
78,0.3130527852870849,0.5580137773784226,0.00029983324583053616,0.04263835738316863,0.08599524670549337
79,0.042939712372081634,0.9258176156325842,0.0037896280626447234,0.006378331052151097,0.021074712880538228
80,0.07791647350732699,0.853718363246951,0.024090198543350354,0.01213304009404682,0.03214192460832468
81,0.10839168279368584,0.7775072660739478,0.03300591092851971,0.062043735854141434,0.01905140434970528
82,0.01598824712125999,0.8233590150278648,0.13388796723361024,0.01370043371546666,0.013064336901798259
83,0.028932143792723925,0.7736012388832545,0.12158790585631662,0.027859925238685253,0.048018786229019804
84,0.033605600808204336,0.7532206468216514,0.1210378581404137,0.03563285600306409,0.056503038226666503
85,0.016259815061862058,0.803603532422207,0.1235817490037619,0.01589135669098316,0.040663546821185795
86,0.026113777939639607,0.6789119603650802,0.0024445678027817017,0.004687446289632418,0.2878422476028661
87,0.17679739498598138,0.22062393347964365,0.0005565677005395833,0.10219300331591821,0.49982910051791707
88,0.37488852165137665,0.20786294656219478,0.0003768639818354397,0.056900563000249066,0.359971104804344
89,0.41792065140486656,0.36797053923891077,0.0003422852306625363,0.013214399625496743,0.20055212450006338
90,0.38607046674054746,0.4405976989110133,0.0004851802329784006,0.018142744551759196,0.15470390956370164
91,0.044434884858928846,0.878281296271539,0.003833505086865876,0.03318151369233119,0.04026880009033507
92,0.05233274383266756,0.8300964679067366,0.003734582799283441,0.0197750346904227,0.09406117077088962
93,0.03811065405660218,0.8042717235455314,0.0012644991205696006,0.018769440202435875,0.13758368307486096
94,0.032831834126181875,0.9119472182658321,0.002006481394622054,0.011225449388833318,0.041989016824530385
95,0.0158122518357141,0.942077124241411,0.004609149530239988,0.006918817143261728,0.030582657249373257
96,0.020972749002726904,0.8524665035684408,0.0017957224070535643,0.010986711007748496,0.11377831401403017
97,0.04988994605242417,0.8166379730339481,0.0019924888160854433,0.02883747884856045,0.10264211324898173
98,0.04092197354188956,0.7469640671382161,0.004020561688114911,0.023903853353056725,0.18418954427872258
99,0.06042890974235601,0.2048420763078716,0.00020702621229194237,0.03322818452820818,0.7012938032092724
100,0.028201095753142,0.3585796286175627,0.0010386500825098496,0.014212705856550179,0.5979679196902352
101,0.006992487075940243,0.0006910977978617851,9.00150487141322e-06,0.002818220478583718,0.989489193142743
102,0.22943821707293213,0.0056358699559185205,5.257027449303696e-05,0.06207283497163465,0.7028005077250217
103,0.024249023975807454,0.0055247861260271985,1.304628774270252e-05,0.004694410613903105,0.9655187329965196
104,0.16451194659923066,0.010453037640115383,7.083518150947413e-05,0.12213395364977579,0.7028302269293687
105,0.10338208963155054,0.030182059122725483,7.752216926231762e-05,0.09369071441013785,0.7726676146663237
106,0.07606988742043834,0.039260127676869594,0.00010781248450846215,0.11681816703988109,0.7677440053783026
107,0.08826137696236093,0.20058868454444592,0.0005723734979777045,0.09441597007667635,0.6161615949185391
108,0.1307294137956943,0.2765846999550392,0.0017407292564409044,0.05761779252120501,0.5333273644716205
109,0.06872966615015605,0.818141864258022,0.0014368670181522827,0.060548421407935,0.051143181165734644
110,0.15910181417255118,0.36705150399142067,0.0005624976684789102,0.18968277752835944,0.2836014066391898
111,0.07503020097337726,0.7541418149970666,0.0031696581327798736,0.038239463927834554,0.1294188619689415
112,0.2219941898085927,0.6909038346118315,0.0010411235479650183,0.04362329130762748,0.0424375607239834
113,0.10074218337855703,0.7664249692686816,0.000779860463965001,0.010258551373227781,0.12179443551556834
114,0.08466888962396092,0.8174451887778318,0.00972709542439938,0.008615874193726879,0.07954295198008088
115,0.19186354953354395,0.7131646995005484,0.0022176007988716786,0.011956437232255571,0.08079771293478047
116,0.03447589735712299,0.8363339025865932,0.04296178285358259,0.009319484459996606,0.07690893274270465
117,0.16857621851951238,0.4640554503807758,0.0005583113838236161,0.023194213895856172,0.3436158058200319
118,0.022776380289154192,0.9006086492805997,0.060618441699059944,0.004439047882322194,0.01155748084886411
119,0.0832263048205959,0.7391515287010905,0.02674850725354587,0.017630273430283113,0.13324338579448453
120,0.053130760926285575,0.8858520264819455,0.026339244112139035,0.007825503387417927,0.02685246509221195
121,0.10452835825463223,0.5465515562966586,0.03666490722469174,0.04070830005123729,0.27154687817278006
122,0.13970429839267393,0.6225574876396828,0.0075216993688078096,0.10857494922578918,0.12164156537304632
123,0.09105539334952843,0.643227786630213,0.0030859959425704954,0.049169683893532753,0.21346114018415532
124,0.17093343311537296,0.18889004832343775,0.002419358831554707,0.053586506403643874,0.5841706533259908
125,0.048926934785450016,0.7359592545068724,0.00117565007017554,0.12124080263918514,0.09269735799831688
126,0.09709550584935919,0.48153339649362475,0.0025352147175525578,0.08462354626390524,0.33421233667555844
127,0.06539155307781215,0.19441265412636616,0.0005093267867299124,0.052060916604463554,0.6876255494046282
128,0.0379771426546649,0.01878967122454944,5.810657512896687e-05,0.20401816352553845,0.7391569160201182
129,0.03164450491749457,0.034573489421712254,0.00015955780981084434,0.06553082957287136,0.8680916182781109
130,0.07682649232676746,0.006211601288559244,1.3229468037337007e-05,0.15766427697982288,0.7592843999368132
131,0.06059417914059785,0.04652792277297858,0.00015189541376198435,0.22401059279954558,0.668715409873116
132,0.38472675873826434,0.023795895690368128,3.378290879182027e-05,0.3570405939650218,0.23440296869755392
133,0.41440734487538194,0.0461144116349029,4.5264682326586175e-05,0.45751402841451144,0.08191895039287715
134,0.3278622424374883,0.3186454918709515,0.0007221734971024121,0.2633866757508795,0.08938341644357824
135,0.17993747424706605,0.29962692891342196,0.0007700530294470012,0.38473453082452413,0.1349310129855408
136,0.1184897578574593,0.7385124766846183,0.0015552338811707282,0.08711966631788758,0.0543228652588641
137,0.16075017283561138,0.22049815615498763,0.008409852268310319,0.03889733286248558,0.5714444858786051
138,0.19969697012350127,0.6637131257039108,0.027700906590205323,0.01620660333615228,0.09268239424623033
139,0.07335610163945924,0.7906973701502307,0.014461529840484285,0.03935824699136165,0.08212675137846423
140,0.1425381297760883,0.27678081825739,0.004259637630044283,0.06529094293170923,0.5111304714047682
141,0.023238251019162475,0.8920086872928553,0.04190349721999551,0.014368976855263688,0.02848058761272302
142,0.09789169395628579,0.5457001183336185,0.0032565150049946633,0.07201906024309997,0.281132612462001
143,0.0018681858268305301,0.0011568952265756933,0.0002065562073608176,0.00042721424857637236,0.9963411484906565
144,0.01970311074741942,0.003475227424715097,3.2548281856287896e-05,0.006282836746281662,0.9705062767997276
145,0.2897493527190768,0.0080558725594795,3.5621228556715976e-05,0.049253274296014726,0.6529058791968722
146,0.31229008199018904,0.026969169298762072,6.130459899286485e-05,0.11133885358587611,0.5493405905261798
147,0.2571412575423267,0.046155126941866076,3.6856154732913806e-05,0.3321326265158431,0.36453413284523123
148,0.3204128559181397,0.06994705337220265,6.75446862746963e-05,0.45028412182244754,0.15928842420093528
149,0.2683598424553204,0.3037319013564277,8.915108620545238e-05,0.3716798285888923,0.05613927651315415
150,0.21248665874878983,0.6281557731316701,0.00010113214562931737,0.13591334159141374,0.02334309438249709
151,0.09532526308405224,0.6528475466401052,0.00044726995720663056,0.230252578521096,0.021127341797539983
152,0.03827816406856382,0.848148786165082,0.001004117823043959,0.09254676532303584,0.020022166620274586
153,0.012491232516542486,0.9175820258872006,0.000821060056973695,0.0589754692600384,0.010130212279244785
154,0.043754602750483026,0.7393094577313837,0.00047817496581708423,0.1337638352176378,0.08269392933467844
155,0.03231996166302723,0.811910424676171,0.002917569772118747,0.0699921611873307,0.08285988270135249
156,0.1041306857922868,0.5817822013400118,0.0012455465300803324,0.24257164066331574,0.07026992567430532
157,0.030389443554900628,0.9041908083328195,0.0023529746144640394,0.05000933415439117,0.013057439343424734
158,0.0399235920356766,0.8832333442164078,0.0028391625539520523,0.0566459987376393,0.017357902456324396
159,0.014803009008527867,0.931923276822675,0.005173859183330435,0.03732945136612341,0.010770403619343342
160,0.2762553068909627,0.13410502214106299,0.00025035632067862057,0.47973917465643334,0.10965013999086237
161,0.12319774233078913,0.7256886145599462,0.0027676349148888996,0.07281847078172847,0.07552753741264709
162,0.5095111290852883,0.23544001530066638,0.00037823130563906145,0.06575124779294922,0.18891937651545704
163,0.06831169891568112,0.9074115536240898,0.00543877264030301,0.00896900331365842,0.009868971506267756
164,0.20270821774487952,0.5334495993025263,0.008965885815229294,0.03726827841844438,0.21760801871892047
165,0.11752179491573234,0.8472524713021482,0.0011578573490092334,0.021138977915073017,0.012928898518037163
166,0.034308998772636254,0.8942099406647176,0.03768962802431688,0.0081704578123541,0.02562097472597496
167,0.027130062578838793,0.9133118565644545,0.043636446950981636,0.005421379007032524,0.010500254898692569
168,0.027936375853904377,0.9333428053486077,0.02211657568048897,0.0037436440763283455,0.012860599040670452
169,0.03701918783526604,0.9362370887419907,0.009998425007734778,0.009096317231463896,0.007648981183544586
170,0.027239470764677066,0.8870915053502152,0.06883508734460383,0.005349578219945664,0.011484358320558444
171,0.025197486116712547,0.8374844059246886,0.1231908324157082,0.0049205477004410705,0.009206727842449676
172,0.08548733038405128,0.8127531272708431,0.05832469698545257,0.021114764957461434,0.022320080402191588
173,0.012967214362649387,0.46339203406450247,0.5071169269783599,0.00582254682458551,0.010701277769902737
174,0.029063332954763623,0.7099181413757644,0.20988305351338774,0.035009389911866244,0.016126082244217924
175,0.055127562221315936,0.8658228325795527,0.032596220354324974,0.016712548401648052,0.02974083644315851
176,0.009724766878369127,0.681892430001851,0.2926014396583488,0.0030804110834016366,0.012700952378029498
177,0.1343659251616932,0.8068537058010136,0.01819529048698115,0.002803491593060645,0.03778158695725136
178,0.027884295202802997,0.8605299884259046,0.03471252378560602,0.0030009198910979826,0.07387227269458833
179,0.02239553662088482,0.7369088932897819,0.21322999448220709,0.002785460856451337,0.024680114750674737
180,0.05523754211843646,0.8224897049563927,0.05996594494462099,0.007753112973600485,0.0545536950069493
181,0.004213042307290351,0.491267415156235,0.49676576230141173,0.0020315958317851895,0.005722184403277726
182,0.06596990199275707,0.3171630985568856,0.005068218364999415,0.01234156834878484,0.599457212736573
183,0.04581748711862247,0.05717626438580551,0.0005898453904857073,0.0017402362103388963,0.8946761668947475
184,0.4400225917100737,0.3604466667017908,0.0022272832775322403,0.005359501368576885,0.19194395694202634
185,0.23133745240859696,0.6991030865163763,0.0036629363736317465,0.001853167147190271,0.06404335755420457
186,0.18948934632189635,0.7307941923474491,0.0017679148121925213,0.001587268657232546,0.07636127786122969
187,0.1195667331106498,0.8626629330106295,0.007834612305433494,0.003674598498109476,0.006261123075177562
188,0.036729027279479604,0.9136860007285278,0.04053070149831149,0.0012591996198831107,0.007795070873797885
189,0.010904863671306365,0.9294077415092987,0.045847729502924116,0.0023419469227546775,0.011497718393716366
190,0.08685635176622451,0.8743032218696034,0.006143306568447172,0.003356248070612343,0.029340871725112433
191,0.025314627375266175,0.8400880610593681,0.12836098532747028,0.0008362960947441448,0.005400030143151163
192,0.0031186627008956574,0.5350659410934745,0.45831564601759,0.00032686641215381405,0.003172883775886126
193,0.002201248825784274,0.5957642229904164,0.4002930122420295,0.00029631331707438653,0.001445202624695372
194,0.0022773356861350426,0.4543264679270202,0.5394624290918911,0.00044514411303402194,0.003488623181919466
195,0.0006104918319246213,0.29433844221271344,0.7040925231335553,6.170757198937359e-05,0.0008968352498172106
196,0.0011381056292472918,0.44837494380272264,0.5480060920018328,0.0001427480202355667,0.002338110545961761
197,0.0004397548964218519,0.045582241988882534,0.9535484661168221,3.7464586530311176e-05,0.0003920724113431953
198,0.0006359387187555981,0.09426478000329698,0.9035216974427042,3.4825512036560375e-05,0.0015427583232068857
199,0.0005625654311358965,0.033699333107925326,0.9646160394683213,5.448702376434428e-05,0.0010675749688530889
200,0.0004110294439001115,0.049640390934741103,0.9485620945141687,5.134613941491289e-05,0.001335138967775172
201,0.00034996389439532235,0.01936564593430612,0.9794517163359985,3.268272645485853e-05,0.0007999911088453
202,0.0002515364987910217,0.03512795437831642,0.9639096945669007,3.0759721313391674e-05,0.0006800548346786121
203,0.00013806616503663462,0.020572425284247277,0.9786479655170351,1.3054192224739116e-05,0.0006284888414560759
204,0.00028163770344308406,0.07618648871355996,0.9219092490555243,1.0894724295017128e-05,0.0016117298031776874
205,0.0003470314869577503,0.03139272339068527,0.9665426028288434,2.760828337662749e-05,0.001690034010137067
206,0.00035220093922561064,0.044160770873296694,0.954467127185059,1.984889250274334e-05,0.0010000521099160632
207,0.00020424748871800198,0.025102210126068336,0.9740508883072576,1.0740324222431277e-05,0.000631913753733783
208,0.0001290690910937532,0.011904134465346657,0.9871962986984816,1.4924402134711091e-05,0.0007555733429433202
209,0.00015090264053526574,0.01416302220797414,0.984808582965842,1.6815514439234312e-05,0.0008606766712094222
210,0.0004884131683796538,0.03213754187434794,0.964220030756969,3.821133498273287e-05,0.003115802865320534
211,0.0003009608494969351,0.020210525616877317,0.9779638684855118,0.00020173110419038705,0.0013229139439235782
212,0.0008458774573232223,0.052206149469983656,0.9449028491076243,5.450827076074979e-05,0.001990615694308135
213,0.000872737329174927,0.028610824127932376,0.9678890870920794,0.00011337064496270681,0.002513980805850468
214,0.0026883915537185194,0.06801479586742296,0.9216664757389768,0.00022621517003012061,0.007404121669851636
215,0.0031010468889645466,0.09464367459921003,0.8927287783752895,0.00038965226079218997,0.009136847875743639
216,0.007641692544577299,0.10669349702237266,0.8754331198460372,0.0009492561440174243,0.00928243444299535
217,0.013374244535132845,0.4612490534576339,0.5037839504268881,0.003754770107466777,0.01783798147287843
218,0.07470832857893488,0.660065851374284,0.1841448258469221,0.011744980492834555,0.06933601370702461
219,0.05880019798910727,0.8230631756146762,0.09703727574544334,0.013926916163914047,0.0071724344868592345
220,0.06348779691008655,0.8742231440554558,0.011552055031281195,0.0064887094084906,0.04424829459468599
221,0.04850880430450685,0.9130018544856177,0.027076814092472326,0.002663789614397407,0.008748737503005567
222,0.038326647442923294,0.9509121555074442,0.006951988136455555,0.0010241230840446463,0.002785085829132212
223,0.010125672826281849,0.9008124594317056,0.08602959511592952,0.0010482870348399232,0.001983985591243219
224,0.03120600063407601,0.9077032867582939,0.04511720639021472,0.0029565008453626904,0.013017005372052682
225,0.038351183899486725,0.889375003672872,0.06133346127477207,0.0035242863668523594,0.007416064786016696
226,0.022962908787619668,0.9160181127855529,0.04397636254218223,0.003307996548079995,0.013734619336565198
227,0.007414839928923449,0.7308255354792733,0.25939337493095094,0.0008427626247842445,0.0015234870360679386
228,0.003840116579777029,0.7121023603268499,0.2784311063294091,0.0008309995037550314,0.004795417260208946
229,0.009260374072327602,0.667320430126959,0.3156076595064417,0.0034899669436168857,0.004321569350654687
230,0.030959165724521946,0.7867155572432006,0.10052065613579134,0.029554068405538182,0.052250552490947844
231,0.007655880472090387,0.7828653466864549,0.19455025845680246,0.006424445373249921,0.008504069011402252
232,0.05551819132401391,0.8468478444995186,0.04797374242143227,0.03252627901685915,0.01713394273817608
233,0.05936306220882842,0.8523943027725688,0.023451995116142585,0.012268669637242916,0.0525219702652172
234,0.023527864482217827,0.9052537556439233,0.013464886607799447,0.049042792901328486,0.008710700364730886
235,0.034188846358498004,0.838655945823532,0.006027608767371398,0.11345857446378811,0.007669024586810384
236,0.036805091702584884,0.6050927944756437,0.004627505640028585,0.05967008988073172,0.29380451830101106
237,0.15645997106089807,0.2062785167511645,0.0011056955564019528,0.1317778902972226,0.5043779263343129
238,0.19886361908736902,0.4965808734902894,0.009012755120442759,0.061992348748347255,0.2335504035535516
239,0.7742007893893711,0.08780386205528383,0.000650797995222811,0.03578334541692875,0.10156120514319354
240,0.6454258223827022,0.24307349895363056,0.00102336370287865,0.03259661698118125,0.0778806979796073
241,0.27227109777069713,0.2780855262463208,0.00042450337342824217,0.34782180561252374,0.10139706699703017
242,0.2264332976782712,0.5687665753221061,0.0017086039157257254,0.14242596694003057,0.06066555614386658
243,0.18388403499729206,0.6699918099012439,0.002486466437635585,0.11450299281481133,0.029134695849017105
244,0.07374982421411413,0.7270525818719202,0.003343047032421976,0.14536508732520814,0.050489459556335416
245,0.10049880658091129,0.3885248744417366,0.0009516896083673536,0.42057088791050445,0.08945374145848012
246,0.035713530963512985,0.7701761784443572,0.003304147106573049,0.16356554597245054,0.027240597513106205
247,0.12231035927026998,0.2711420276699181,0.00043153703775743185,0.06460813280252874,0.5415079432195258
248,0.161744098735651,0.4009321432757127,0.0015126210105643712,0.0374690225982794,0.3983421143797926
249,0.02375602862501412,0.016102246476426274,8.857238802080421e-05,0.001204480585106275,0.9588486719254324
250,0.7264880592170049,0.14484967888899022,0.000364056077549034,0.014944115681802723,0.11335409013465308
251,0.18137368169105367,0.7540412263122847,0.0020622432334502306,0.00298329257368014,0.0595395561895312
252,0.5127393038457431,0.4750562598780451,0.0005736879975328146,0.0029466040054345445,0.00868414427324457
253,0.018225434229862933,0.9772298399521024,0.0022582106664623225,0.0010186995166734038,0.0012678156348989232
254,0.01604830603876023,0.9765742240432219,0.002937662556650523,0.002851542779272949,0.001588264582094428
255,0.006315292883947877,0.9765977001031025,0.013960185192995939,0.0015515327666260044,0.0015752890533276792
256,0.0011586595527217237,0.9634675192545984,0.03261419868533502,0.002254192064536495,0.0005054304428083457
257,0.006000319109661076,0.9813114993128643,0.003235951379437344,0.006411358612264012,0.003040871585773056
258,0.010190009765025789,0.9126816866474516,0.01807075036635703,0.05115839722461581,0.007899155996549749
259,0.0040940363233093035,0.8440861194307931,0.030783874488112536,0.11863199447773427,0.002403975280050621
260,0.01797702870254719,0.7192234521955406,0.003026588459827079,0.25492354863037603,0.004849382011709139
261,0.017621692781419406,0.3076640051986784,0.0007914439086774851,0.6698934546447454,0.004029403466479362
262,0.014226159724828687,0.12252623067185464,0.00012736560353099097,0.8586064573767539,0.004513786623031808
263,0.01900541489312194,0.02955537781245159,4.1034363338094726e-05,0.9491392833244848,0.002258889606603532
264,0.012303345933556585,0.026148984151644926,3.697446438440063e-05,0.9587927002952306,0.002717995155183531
265,0.005598002530281237,0.024098942200316505,3.407010828422683e-05,0.9648174228147576,0.005451562346360414
266,0.004920489526825411,0.011388661862949174,7.91676220936686e-05,0.9784132407050263,0.005198440283105302
267,0.014592669747245112,0.022307787872267414,0.00022399379820400004,0.9564360068550937,0.006439541727189889
268,0.005603018672660125,0.00954122087013801,8.449030107222918e-06,0.9809079761993894,0.003939335227705206
269,0.007210907604278844,0.010539556344579865,8.569749972656857e-06,0.9804151323748237,0.0018258339263448329
270,0.02621953356876434,0.01639163188934695,2.523072115426377e-05,0.9556071515620275,0.0017564522587068378
271,0.01188952176547168,0.015062439218407947,4.926094218295999e-05,0.9705685163422054,0.0024302617317318955
272,0.004547035390166726,0.015440397996679586,3.3295050465997604e-05,0.9782504664814313,0.001728805081256343
273,0.009743101518306499,0.015398913993134894,2.561996323899275e-05,0.9713579235540647,0.003474440971254942
274,0.019794504977343867,0.021520206063715415,4.854159588916158e-05,0.9544974560927281,0.0041392912703234214
275,0.018822188101050307,0.016208916653006535,1.4168475149117885e-05,0.9628402772809359,0.002114449489858077
276,0.04690583112107185,0.014731872733641694,2.2890231829530686e-05,0.9350407931655352,0.0032986127479217283
277,0.04833090806274363,0.01106517297547473,6.615017896402343e-06,0.9336457252432385,0.006951578700646589
278,0.03360539776913346,0.013972628766273637,2.792634088755049e-05,0.9504150502183372,0.001978996905368084
279,0.04041294796306698,0.013067523208001067,1.1909905132300125e-05,0.9270471587093775,0.019460460214422128
280,0.02593761032737651,0.02372402360932475,1.2636641470619409e-05,0.9364243488092652,0.013901380612562938
281,0.0629295380205892,0.02979031084464553,1.8154463489578002e-05,0.889635740851468,0.017626255819807667
282,0.03392717404361899,0.03830113908315463,0.00011418414223411185,0.04444543140528836,0.8832120713257038
283,0.056065413356582314,0.03339318305698687,0.00016394113277447804,0.020032758792061962,0.8903447036615943
284,0.32243250437610865,0.10013531542565417,0.0002685355752926304,0.07711256404168305,0.5000510805812615
285,0.226150160127363,0.05565936229383542,0.0001440046114185748,0.02140069347765325,0.6966457794897298
286,0.19385784241074341,0.044202116201242966,0.0001194905834940299,0.052225920332818386,0.7095946304717011
287,0.240464044875806,0.08922662044807829,0.00010926761510496399,0.043115399494792345,0.6270846675662184
288,0.1555773682627506,0.03839946733199222,0.00010025781201241542,0.07957352280079302,0.7263493837924518
289,0.5488403337617079,0.09303792371654865,0.0005708628337660941,0.024892714485253868,0.3326581652027235
290,0.42667001423566825,0.05725456328394435,0.0003973078252580785,0.0243556269000456,0.49132248775508386
291,0.6536547424019244,0.09206277451051635,0.0004820927804398199,0.023580583353145383,0.23021980695397412
292,0.5429412703536285,0.30177829650025195,0.003601744046915122,0.026334990375922202,0.12534369872328224
293,0.07142322775857061,0.8587998185139012,0.016417829130904987,0.01714453411260054,0.03621459048402255
294,0.10155822300545601,0.8461005051266476,0.014124494688905732,0.02510922231850729,0.013107554860483367
295,0.02776819989625224,0.9368314264378855,0.028042468714233056,0.0025086606132603997,0.004849244338368557
296,0.0051694313127772056,0.8090714281707696,0.17690594890024275,0.0012762334479361412,0.007576958168274163
297,0.07687360371163267,0.8792980554457862,0.01911759094405771,0.012777723221288916,0.011933026677234736
298,0.03391522645695989,0.9291566529892821,0.027592770841488146,0.0014005731276927381,0.007934776584577025
299,0.012400317501031722,0.937841267302997,0.046518337058181675,0.0005801002681305455,0.002659977869659319
300,0.011709555430344774,0.8733276443487071,0.10976029194225644,0.00030308076060252736,0.004899427518089089
301,0.02392345671768473,0.7596788617588547,0.20206875900537455,0.0014050828421762335,0.012923839675909921
302,0.0646694130183743,0.8588340507468074,0.05393991291209307,0.002653725189602632,0.01990289813312261
303,0.024614473153052655,0.8379029219180184,0.12485348586504866,0.0018675300697978889,0.010761588994082397
304,0.01835047752939808,0.5362952175784518,0.43849928177003417,0.0007050175944155625,0.006150005527700393
305,0.016433628198467845,0.8354889439322524,0.13113156475118296,0.0005067085167388591,0.01643915460135795
306,0.005559066753905615,0.7246408428398906,0.26349854242732723,0.0009753303382270208,0.005326217640649718
307,0.004645635769792931,0.8777845031043895,0.11335836082821987,0.0008630166352429484,0.0033484836623548075
308,0.0018901631916857019,0.8006705069483232,0.19461690097682857,0.00027613662141715115,0.00254629226174537
309,0.001993403319070632,0.4996542053481627,0.4957542294952482,0.00040907485791816847,0.002189086979600398
310,0.0010990973873003568,0.34574801735345434,0.6502969449692527,0.0010333103432332493,0.0018226299467592093
311,0.0017605151735367228,0.7900095037127078,0.2051965795893846,0.0011443404371322037,0.0018890610872387005
312,0.0030822511448464845,0.7627416038892891,0.2279930013208255,0.0018706373300265854,0.004312506315012281
313,0.00406673923170051,0.8527003022310397,0.1386939809163834,0.0020865359986412192,0.002452441622235181
314,0.004924066749910493,0.4307966941961312,0.5607754826172866,0.0011444753754198287,0.0023592810612519718
315,0.002643027321795333,0.7358644366052671,0.254234088253335,0.0005519411338456145,0.006706506685756762
316,0.053886695898468506,0.8660401405994977,0.059719726715808705,0.002139166414505808,0.01821427037171928
317,0.0020587366481229848,0.5977893476015458,0.3981153363806455,0.00028164336547759365,0.0017549360042082064
318,0.0029590659677949786,0.5403640835910357,0.4548941854623359,0.00031486320039560367,0.0014678017784378607
319,0.0027615757770962208,0.8001731529930423,0.19298031769127832,0.0008378000741761815,0.0032471534644069743
320,0.003128630974696621,0.8647064224301703,0.12423138693065111,0.001300478624351963,0.006633081040129936
321,0.005526986090336983,0.723198070484861,0.2648624557755338,0.0031702159631881804,0.0032422716860800883
322,0.005654466555180436,0.8376492525851676,0.1469567917192835,0.004322863228513496,0.005416625911854974
323,0.08185981511953426,0.7316999733825397,0.028473174698446246,0.004646512391299316,0.15332052440818048
324,0.014788838870557115,0.9151052708538614,0.059535891332262295,0.0038091984461823794,0.006760800497136699
325,0.023946065492901125,0.9162531325262405,0.042326265007002824,0.008782400309134106,0.00869213666472138
326,0.1498046711803466,0.555206048143198,0.00603210164051825,0.010807906182940271,0.2781492728529969
327,0.1963772982840321,0.6141581477030509,0.014435765494094886,0.021826239614363956,0.15320254890445825
328,0.16869766039674539,0.5928084679006314,0.004539664366102454,0.0038879475184451615,0.2300662598180756
329,0.34854273565592675,0.6099454486570299,0.004225388758121147,0.002781524640505478,0.03450490228841686
330,0.16721507602153193,0.8082817422531926,0.006196361264648814,0.002506182107243651,0.015800638353382926
331,0.0642266197355708,0.9119898604009955,0.014653377313905685,0.0020063186900403603,0.007123823859487464
332,0.010317182930264549,0.9427312565162516,0.03532403522886571,0.004969956353583071,0.006657568971034928
333,0.01591615070143997,0.9277555609761989,0.029471225411742772,0.011400288549511448,0.015456774361107088
334,0.010177478671321212,0.8426350235862498,0.1126509679073915,0.0204580203560817,0.01407850947895586
335,0.011004194109495526,0.8851581463561128,0.07659905181916454,0.01397649802134679,0.013262109693880269
336,0.14782734775163803,0.6320674869764752,0.004468586382015822,0.053408495481781684,0.16222808340808928
337,0.037228426960043595,0.9102051653624594,0.015474161725910755,0.007977471464124785,0.029114774487461463
338,0.1760476646399934,0.7535208799031012,0.0020226638735382843,0.014005172428779172,0.054403619154587864
339,0.09560285194020823,0.879660408807037,0.003270716775880265,0.009614534314925814,0.011851488161948776
340,0.027729969033238308,0.8993488936866305,0.019537819916682558,0.009420283815138646,0.043963033548309945
341,0.02381055485917025,0.929639469340275,0.023110477596749186,0.005192530464939994,0.01824696773886549
342,0.04259208160894765,0.8807458303037906,0.012549524995057066,0.023763927270717067,0.04034863582148765
343,0.10808570840175263,0.7403688173406325,0.005000822114320002,0.020258217154360252,0.12628643498893477
344,0.05775670516827325,0.8661726044409025,0.012168540724780795,0.008140583900315482,0.05576156576572797
345,0.2357884807191222,0.6822221763953398,0.006053868076858242,0.024965442310264954,0.05097003249841486
346,0.07989996586435949,0.8281218194236949,0.021504599254948468,0.007818932679252152,0.06265468277774489
347,0.15256429412811204,0.7918361235886673,0.003913766808189415,0.010462275929828341,0.04122353954520302
348,0.27559245882637906,0.525704100836593,0.006493943914748834,0.008269032033084194,0.18394046438919495
349,0.020931488801530534,0.9001329851313449,0.06878766752912788,0.0040225390224900275,0.00612531951550646
350,0.019442754707567355,0.8793091603195207,0.09277118344214477,0.0028177827873273127,0.005659118743440031
351,0.013935156871998401,0.9157713404449735,0.05875696460523958,0.005523370563014013,0.006013167514774649
352,0.004342428019092551,0.8878545471298535,0.09630007147864258,0.00627763464203792,0.005225318730373522
353,0.009937709708757618,0.8046864581063204,0.1736374155637229,0.007337935971512276,0.004400480649686727
354,0.00797595341258254,0.7910767417200472,0.18993481397745207,0.004747513111705188,0.006264977778212976
355,0.00694066994122209,0.6691393959378518,0.31800225209589256,0.0034187514649126737,0.0024989305601208164
356,0.014219666605743714,0.8954622012845694,0.07891089245548438,0.003482057247041967,0.007925182407160317
357,0.00467345138609708,0.7796887185177627,0.2107843125027642,0.0016574335070117423,0.0031960840863641577
358,0.0038311918786698767,0.8637097252991647,0.12590131224137638,0.0011452814137652132,0.005412489167023903
359,0.00782243873574524,0.7438928565318966,0.24421358525782738,0.0009477469762262338,0.0031233724983044235
360,0.002068392234343767,0.6513935396370065,0.3429129657827044,0.0006609693694981504,0.0029641329764472928
361,0.0012062505651581482,0.6467510746789209,0.35008282690442827,0.00033671828913285287,0.001623129562359778
362,0.00150575309725323,0.39933642949192066,0.5964933295315736,0.0007439710011457938,0.0019205168781066195
363,0.0018277506054242042,0.6892314239789323,0.301362954313164,0.0027491089980328444,0.0048287621044464865
364,0.005381006521080274,0.36723832798371764,0.6173771084263182,0.004458161496742723,0.005545395572141233
365,0.004070080428849055,0.3326992486103714,0.6530147146512889,0.005300271445785359,0.004915684863705192
366,0.005693429278510739,0.4145502297325759,0.5625322770817646,0.007986128425330953,0.009237935481817802
367,0.031135950986360284,0.3755913090536621,0.04492863809501554,0.01303477239061686,0.5353093294743452
368,0.1984156446664502,0.6716852530233867,0.018967345759806974,0.04378189779445528,0.06714985875590074
369,0.287356873145696,0.6283640515986,0.014493388364419407,0.02116985164399132,0.04861583524729324
370,0.36709321371217046,0.3204610585243912,0.002102708898830245,0.002286851578511493,0.3080561672860966
371,0.19266401670421937,0.7650053915563493,0.013368896439375649,0.003626428800423961,0.025335266499631956
372,0.2844951950155394,0.638857429230457,0.0022527210589504644,0.008827403796116438,0.06556725089893682
373,0.04297767332208075,0.9355482007597197,0.010229078026302036,0.003510350318862407,0.007734697573035049
374,0.014375880118135146,0.9164245054594333,0.05630376414204244,0.003769497848628722,0.009126352431760357
375,0.045150537586672215,0.7854708751669081,0.0038954134701937853,0.025942469625473953,0.13954070415075198
376,0.08065515908252767,0.880600206235478,0.0014923491289125972,0.02648789560113217,0.01076438995194963
377,0.07643429664756553,0.8750328886071463,0.003546534545343253,0.007017692536544341,0.03796858766340053
