epoch,N1,N2,N3,R,W
0,0.08246318783332227,0.06918333407375264,0.00015513004712182216,0.008404522264172622,0.8397938257816306
1,0.007423669926772732,0.004544101890245686,1.2510405848301064e-05,0.0009331643799499659,0.9870865533971834
2,0.08311313614639528,0.028878520428517063,0.0007665978055535219,0.0023360652582962295,0.8849056803612378
3,0.042380317159247234,0.03486560435605805,0.00015543113001638932,0.004247832969079109,0.9183508143855992
4,0.037654959891475714,0.011747222771237444,0.00011012113268885917,0.006003761830449277,0.9444839343741487
5,0.006750431029861431,0.009165503860745583,1.9683862087835737e-05,0.0018244030068410336,0.982239978240464
6,0.01938027100067666,0.02829653173182209,0.0005204455693518356,0.0005283200837320296,0.9512744316144173
7,0.00190219402589182,0.000709845189400119,0.0004116280562845299,1.1885660593063998e-05,0.9969644470678305
8,0.16318934815386,0.027088319279489206,6.195882889526592e-05,0.003283286233781084,0.8063770875039744
9,0.23486279317663764,0.16349476604063365,3.7095844893143113e-26,0.03004458514934302,0.5715978556333856
10,0.20113468518080257,0.4383906098641147,2.3064940366040605e-26,0.06099498605718877,0.2994797188978939
11,0.023353638475998056,0.09183166308442058,0.00013431803466216227,0.028657311384735096,0.8560230690201841
12,0.22658881813312604,0.2556785634766297,9.852613722955222e-05,0.10986229712259517,0.40777179513041967
13,0.4053794252630972,0.2274024672323176,0.00020604367014524506,0.08913285462280209,0.2778792092116378
14,0.10152268737501209,0.6405341185447858,0.0008910258117944455,0.09703018883520537,0.16002197943320243
15,0.08460351607906903,0.6630530949224914,0.0006716732892371596,0.10278645607899027,0.14888525963021207
16,0.07567634027103422,0.5682726944439728,0.00031375188540462144,0.09434834902981361,0.2613888643697749
17,0.05556289124496465,0.5160565553196964,0.0004239002853682712,0.15942979336858235,0.2685268597813882
18,0.06597995438259745,0.3275827555475379,0.0006232789876801417,0.12342654351257067,0.4823874675696139
19,0.15089096406419772,0.2763328073218187,0.00011764328346868589,0.2895259066748175,0.28313267865569747
20,0.14121613992395118,0.3241521398200717,5.0724260872332326e-05,0.2991279665120111,0.23545302948309366
21,0.20669189855888437,0.27924599551713164,8.726506567411644e-05,0.2077434104825655,0.30623143037574435
22,0.08703622910285606,0.32163837082990504,0.0005384541563387433,0.25799604739349963,0.33279089851740057
23,0.14315954688063368,0.1583779851516751,0.0005456810112645329,0.06227893646171184,0.6356378504947149
24,0.11739289372542104,0.15623442480430175,0.0005832908551360097,0.05893776410760503,0.6668516265075362
25,0.21169264327986534,0.09732651001919487,0.0001944796312013918,0.08889976584462647,0.6018866012251118
26,0.3465880041477471,0.15850454235046982,0.0005604155180361017,0.0510865449388077,0.44326049304493936
27,0.322617689282877,0.3002666733067897,9.710462899505584e-05,0.11076538739553951,0.26625314538579886
28,0.24805637634544153,0.3860329618634246,0.00020754113959904353,0.13000202923673185,0.235701091414803
29,0.1329848351578028,0.37780138850832407,8.648958553089548e-05,0.3280100323046686,0.16111725444367356
30,0.13102663876066356,0.7052562907056125,6.257143325780633e-05,0.05563183200982689,0.10802266709063917
31,0.11745365867725413,0.5903023962679965,0.00012934470146529672,0.22180082197404183,0.07031377837924224
32,0.18721707270201673,0.5065686893687964,0.0003041544903350989,0.1492527251781644,0.1566573582606873
33,0.10980348666668903,0.5049149561001095,0.0003287568421679832,0.14485112594631674,0.24010167444471686
34,0.11711380003197183,0.33023408308104324,5.153438997734756e-05,0.3649933233772977,0.1876072591197097
35,0.23532953917548327,0.3973613637631325,5.452726822516046e-05,0.13424169895971683,0.2330128708334421
36,0.2572232713688717,0.21584813115649693,0.00014804037778224282,0.06365815914815144,0.46312239794869775
37,0.12942842445563035,0.32016211394301874,0.0003280206415066949,0.1099268011936694,0.4401546397661747
38,0.11341954205402302,0.25940970816794207,0.0008384988249762433,0.1683629702912592,0.4579692806617994
39,0.08236279455214357,0.09721088060398426,0.0002325683679644687,0.17406772074094723,0.6461260357349604
40,0.08675758187240658,0.04687901654832767,9.687391111733997e-06,0.07478868702033369,0.7915650271678203
41,0.18597827462761665,0.03948346181805466,0.00022204682685094112,0.053727685549471604,0.720588531178006
42,0.2372427956308093,0.050363654851124755,9.552831610300789e-05,0.11624054577113753,0.5960574754308253
43,0.19407062579387604,0.0340185639536073,0.0002616804012647517,0.011200207037752171,0.7604489228134999
44,0.31504633425638334,0.07025763723135939,0.0002037082972712363,0.13586528809129803,0.478627032123688
45,0.3237097547919039,0.10417092276557519,0.0006396889050308008,0.05814458875452552,0.5133350447829645
46,0.535639241425728,0.16952519271978755,5.083794498239302e-05,0.12724552090599311,0.16753920700350872
47,0.2783635605770004,0.21842550104338285,0.0001711609603999472,0.3621666344329087,0.14087314298630804
48,0.1830941922363115,0.2906754438089059,0.00023059286637507122,0.41165147587326095,0.11434829521514647
49,0.2182234257958592,0.17273274283620235,4.500829820487664e-05,0.4586239145319777,0.1503749085377558
50,0.29000552086401,0.16998894188839173,0.00011126168359565232,0.31566790404103173,0.2242263715229708
51,0.19108698461215123,0.17789289147261006,9.552225158580805e-05,0.47989613263115344,0.1510284690324994
52,0.24576011067506023,0.2049533779372659,0.00010287804114672364,0.3771941042935844,0.17198952905294257
53,0.2673620254566648,0.2873022037015058,0.00023694857405944032,0.253235622338367,0.19186319992940298
54,0.19783358726801364,0.21729519361405233,0.000987831150457665,0.09717353362960601,0.4867098543378703
55,0.22495080084068342,0.056518427383967264,0.0004754736002283876,0.003589007247975016,0.7144662909271459
56,0.2743680164264423,0.10298865581675452,0.0001695487224528626,0.3185021665905228,0.30397161244382753
57,0.21479811584814604,0.013847399668887777,0.00042979110373481946,0.019154685037099575,0.7517700083421319
58,0.18510869744605316,0.0171194309346468,4.984509454996636e-05,0.11695111452793512,0.680770911996815
59,0.047798695371189706,0.0033471899045213107,0.00015738266212516228,0.005614098755093641,0.9430826333070701
60,0.02029932386271052,0.001225898537153974,2.1163547372080855e-05,0.024198574644819313,0.9542550394079442
61,0.031412356619369926,0.003223659232305846,0.0001006735629565074,0.006820069574209598,0.9584432410111581
62,0.0035381708971683116,0.0003938651964949589,1.0741407639790519e-05,0.00036926418276258307,0.9956879583159343
63,0.022413143376319444,0.0032710643672200957,5.337457854165917e-05,0.0018572405898417876,0.972405177088077
64,0.1811708551604065,0.06749158133050653,0.005024175654214122,0.010642321936666957,0.735671065918206
65,0.2949411779440446,0.08558018793480025,0.010818389861733578,0.020078111804154444,0.5885821324552671
66,0.2986004418736396,0.07748557434263076,0.0034447700950942526,0.015553956634376927,0.6049152570542584
67,0.28676820890626636,0.12150223971090943,0.017563569604736547,0.01901518934166915,0.5551507924364185
68,0.3511953547130633,0.25884518481102,0.04140140809967193,0.024931232597424836,0.3236268197788199
69,0.2944694468862901,0.3580015974128607,0.06430900574717342,0.02052658355729818,0.26269336639637747
70,0.15049211601559445,0.6456004381160687,0.06429881156331621,0.011017290794406914,0.12859134351061355
71,0.09853469285966374,0.8211299539064646,0.023702376256068552,0.00801832283409967,0.04861465414370348
72,0.04504317015552935,0.8598909938290173,0.06311996377148955,0.004574566650617939,0.02737130559334575
73,0.05560962955119572,0.8820138850291038,0.03767458360620902,0.0036012336277865585,0.02110066818570472
74,0.05308640504306651,0.8892971762654875,0.04052835139028875,0.003743209629049216,0.013344857672107942
75,0.04249553635352113,0.7465454270318335,0.2020675410652724,0.002530437689822642,0.006361057859550376
76,0.017497535234775523,0.7991155151267969,0.17304969689643585,0.0020937860381308676,0.008243466703860782
77,0.035069896451816455,0.8607253885732364,0.07581217621457281,0.0034904432692067443,0.024902095491167738
78,0.020004473725009898,0.7665713271022669,0.1992655165846871,0.0018085825704232809,0.012350100017612732
79,0.030330525751812054,0.8419954556168473,0.10484386939262412,0.003180927828194665,0.01964922141052175
80,0.02200439359896382,0.8433649508748323,0.0864033000621827,0.0031581615826462377,0.04506919388137491
81,0.02099976383727571,0.8035180808539195,0.16035397745140068,0.003431029398263052,0.011697148459141228
82,0.029162160033309806,0.678608198979465,0.2576906575299653,0.0061833538983878545,0.02835562955887195
83,0.018687203364825312,0.8048392923986487,0.14342108669079132,0.005935821593643353,0.027116595952091396
84,0.02383108986848236,0.7293557597684388,0.236261049067705,0.00340471039241503,0.007147390902958809
85,0.02555806677111069,0.7015750853129793,0.25010796462143725,0.008183104637794736,0.014575778656677961
86,0.020476612965643622,0.5770691244649699,0.3880930288930188,0.0037951955230120637,0.010566038153355705
87,0.021581658551491342,0.7579574656715339,0.18869652544962653,0.005304463187613156,0.0264598871397352
88,0.022310175363508426,0.6559787832575289,0.2969031139902035,0.00761967481339084,0.017188252575368504
89,0.011439413302306137,0.5229299968779121,0.4469918204750476,0.004150167364425403,0.014488601980308718
90,0.04832732661601039,0.6769720395382155,0.23305499154798628,0.006724156151660558,0.034921486146127355
91,0.02037396759473843,0.5346410284848837,0.41965647798219263,0.0034904726513279418,0.021838053286857267
92,0.0746241880252878,0.6420888453166148,0.23181763426377944,0.007756487498702814,0.04371284489561512
93,0.027333546337576835,0.3956368922341386,0.566253102374953,0.0022424273518372403,0.008534031701494218
94,0.021801181515578097,0.521052576316188,0.4443513053006714,0.0032443340290590535,0.009550602838503333
95,0.009712309169933136,0.2508713482466289,0.7347366555093606,0.001414202596616705,0.0032654844774606625
96,0.020202964440095856,0.5803459177586173,0.3883385904059496,0.0038685067275616393,0.007244020667775618
97,0.030050124358916047,0.30046848985948665,0.653616441060935,0.006559456774862472,0.00930548794579987
98,0.020002899062807843,0.2191385751470867,0.7366059624449285,0.011169801708191375,0.013082761636985503
99,0.013433652355644364,0.2165595623943688,0.7626754225219684,0.0019695367279168917,0.005361826000101563
100,0.022279747113352455,0.12824851114923844,0.8396828858267382,0.003208703881272316,0.006580152029398601
101,0.021994128377815714,0.3342634655064484,0.6292407474716643,0.004144889835631619,0.01035676880844013
102,0.01331031609886451,0.30556384843502954,0.6686543043866533,0.0031727924366701113,0.009298738642782623
103,0.009179659186609129,0.18868268528405874,0.7958779223897164,0.0017280976612294762,0.0045316354783862265
104,0.060035308029796744,0.3616948121799321,0.5614842090563753,0.003835514139729147,0.012950156594166592
105,0.025961987525636172,0.21930072560333932,0.7299953709490066,0.0052734959889294275,0.01946841993308849
106,0.035458848300106025,0.2385445573041305,0.7151450775400383,0.002914764531227303,0.007936752324497757
107,0.08987366342675339,0.3379555489652839,0.531046637879942,0.00949938415225228,0.03162476557576832
108,0.014618326793322162,0.15953655117108764,0.818419648600479,0.0015975468654126775,0.005827926569698699
109,0.029908076043029766,0.17574810051750756,0.7822866125467206,0.0032188511562260087,0.008838359736516034
110,0.01389212642557887,0.10319561565767067,0.8760762326755869,0.0017383086433483492,0.0050977165978151225
111,0.018581231166765456,0.2506964002205186,0.7127120415365619,0.0029064379310986517,0.015103889145055407
112,0.009207196432978572,0.1206133558813159,0.8660766444039545,0.0013518612376177855,0.0027509420441333876
113,0.02249656586806677,0.14168047420742333,0.8179133661147273,0.007002360882561463,0.010907232927221022
114,0.0196843010136444,0.26583922174767155,0.7069642632842107,0.0022554511263226493,0.005256762828150633
115,0.018804201893871275,0.15470281429433103,0.8206815350107999,0.0019511502766451322,0.0038602985243525157
116,0.016820375160388038,0.12425831587535083,0.8507908448740036,0.0032629854992467008,0.004867478591010734
117,0.024563162746671013,0.21705910099856845,0.7475266131311897,0.003608362071927892,0.007242761051642786
118,0.013097750820727748,0.09398988171587158,0.8789972500830963,0.00650244843050866,0.007412668949795778
119,0.020308757926815472,0.12651013841421044,0.8450641574420864,0.0017823499662465003,0.00633459625064125
120,0.015628501973570484,0.07639816060123343,0.903282523114182,0.0014184117979101922,0.003272402513103747
121,0.01626583053158813,0.1113602249594554,0.8649243645371818,0.0036233865086554014,0.0038261934631190916
122,0.013043314740776048,0.15409270905544278,0.82659908468189,0.001687026297362738,0.004577865224528371
123,0.02686409786355331,0.22596154739322588,0.7347919985973822,0.0038931078110679735,0.008489248334770709
124,0.03832487429427765,0.36110779538452115,0.589496388839422,0.0027709915447463136,0.008299949937032931
125,0.018408909136624865,0.21665599702912364,0.7558598517171771,0.002799065517751541,0.006276176599322863
126,0.04489304757001101,0.35265912213436507,0.5759971399551032,0.009192690258134637,0.017258000082386066
127,0.09091056345843201,0.3730950652638743,0.5100425000474079,0.011817984310051833,0.01413388692023408
128,0.02732032805257531,0.17849756365148522,0.7835479315700576,0.0038153774962211406,0.0068187992296607075
129,0.04158594245754072,0.18845260678527592,0.758223128331941,0.004060274761403019,0.007678047663839471
130,0.03510771761817904,0.18547205130553504,0.7681531468962804,0.003050951351976528,0.008216132828028723
131,0.04079619512243396,0.22274905102879375,0.7017506118026788,0.014735422486442593,0.01996871955965091
132,0.024614111706982238,0.19186879579148197,0.7691375076463616,0.00537979476157105,0.008999790093603284
133,0.014703303585686483,0.18071089104334165,0.7935642589182618,0.003733836234631122,0.007287710218079077
134,0.019465301360996345,0.1310043670229755,0.8379183999491778,0.004332173982012305,0.007279757684837884
135,0.016034987410025108,0.23480719369838274,0.7405964027728649,0.0031550123868763417,0.005406403731850863
136,0.026469660393931393,0.24465540709148395,0.7127363765474568,0.00816769256123823,0.007970863405889789
137,0.018731812306674044,0.1525788145285319,0.8182114945618758,0.004917436679106582,0.0055604419238117694
138,0.0632294411885654,0.28334918308537593,0.6302536925459937,0.015057388136053666,0.008110295044011413
139,0.019924947870530788,0.11961596526665856,0.8496284817658718,0.005178498770861177,0.0056521063260778215
140,0.019709611683530484,0.14336467267638106,0.8258920655118165,0.005177856963751957,0.00585579316451994
141,0.024331837284646947,0.13358050476164474,0.8308293260651795,0.006072687143974224,0.005185644744554625
142,0.016289582125739284,0.1356027782530285,0.8351711196304191,0.005645076656345082,0.007291443334467939
143,0.020475769183408463,0.14896340028335922,0.8157534596449261,0.005944141987695984,0.008863228900610228
144,0.02232733529221121,0.09167373332483021,0.8708245356802085,0.00713020627887753,0.008044189423872744
145,0.0174182807274689,0.07330150035456635,0.9014342423298367,0.0036915913486950187,0.004154385239432931
146,0.020761057232138693,0.13531917872909402,0.835848279229563,0.0030784791543968354,0.00499300565480737
147,0.009793718613632433,0.1086059098007602,0.876381931560207,0.002617144721538365,0.0026012953038618883
148,0.01647262993535508,0.15538739647071825,0.8166392560935556,0.007468942330763424,0.004031775169607595
149,0.01736431764339915,0.20114979095465552,0.7703320731841399,0.0037423286393403446,0.007411489578465151
150,0.019913557544993656,0.19246107253232828,0.777105770849907,0.003215462307952576,0.007304136764818612
151,0.09428696145283812,0.2881670779614213,0.580182069677821,0.017142270439945644,0.02022162046797399
152,0.04317210159283838,0.3752418941172074,0.5647967286593736,0.005600539274400908,0.011188736356179774
153,0.023752329460560207,0.15780284173208312,0.7940429270597248,0.009037405277020244,0.015364496470611836
154,0.09296242987089236,0.3309899779229074,0.540758230269243,0.017665985101277096,0.017623376835680205
155,0.04002801403331546,0.13009912776609941,0.8013668701337451,0.01618657231739158,0.012319415749448429
156,0.03603372627824902,0.18874720559033936,0.732337007391809,0.01890449325714315,0.023977567482459588
157,0.010341302223267086,0.11125095923401969,0.8683565459208417,0.004496672603583137,0.00555452001828839
158,0.012926127641981575,0.10812383388648765,0.8648471054431905,0.005598218930780579,0.008504714097559422
159,0.020208584288671193,0.10754141490836927,0.856104134612566,0.008158337437684472,0.007987528752709116
160,0.0103264057278933,0.07416031873694735,0.9025137471945113,0.005048286199284771,0.007951242141363212
161,0.05862104597234907,0.20720543925745627,0.6722711935673942,0.041500951020794534,0.02040137018200587
162,0.012619952501409145,0.06616362534890845,0.9134791579859184,0.003361072062289721,0.00437619210147423
163,0.007697013928825469,0.1042952363561115,0.8785592692314235,0.004218937657088545,0.005229542826551031
164,0.02443599360991114,0.1706643239035651,0.788782085651105,0.007340204024550004,0.00877739281086874
165,0.005991534450567396,0.04842892496274419,0.9413933857993612,0.001043255074880732,0.0031428997124465343
166,0.012388759745882475,0.06898854361574332,0.9037523214089671,0.006629076938975728,0.008241298290431175
167,0.012020018751000065,0.07232821652574517,0.8936239848905685,0.012372515672011284,0.009655264160674977
168,0.011069074759203696,0.10200106994109907,0.8725709517707324,0.005075138181642659,0.009283765347322026
169,0.04377296715747947,0.22118316679444106,0.7096988347852953,0.013093773228325865,0.01225125803445843
170,0.013390190075896638,0.0638776348632513,0.9100179587887506,0.0060772160486544154,0.00663700022344697
171,0.03886342168063199,0.21495581232747948,0.720628296943738,0.012362151948839512,0.013190317099310978
172,0.019429660389757325,0.09582824721271473,0.8777220768522541,0.0031881345408395568,0.0038318810044343657
173,0.07910371073792791,0.33570515754343194,0.5430601157247095,0.024011640982225,0.01811937501170563
174,0.015069109014911278,0.21283156050174262,0.7661037197305284,0.0026737654265468645,0.0033218453262709737
175,0.008756301839008565,0.1868862968944057,0.7982495937390152,0.003268884858291482,0.002838922669279228
176,0.0282553272037668,0.17206001451333763,0.7768887732122354,0.015454531580197153,0.00734135349046301
177,0.021422955148476332,0.23669110275038155,0.7317603069912934,0.006487061388385983,0.0036385737214627628
178,0.033182897547258255,0.2806936388474603,0.6697317127301425,0.009108752010791466,0.007282998864347388
179,0.08720938971756789,0.42700337535020355,0.4585072459287718,0.008948965962764864,0.018331023040691886
180,0.030996075633190453,0.41725681268470227,0.516699374142279,0.01692098226835786,0.018126755271470507
181,0.050056891298326384,0.45882918211094315,0.4515314037095017,0.018367414803167444,0.021215108078061318
182,0.041202253926028685,0.4849040996114492,0.29757458229251277,0.017303712610757586,0.1590153515592518
183,0.05815410774294252,0.34779607304973376,0.4632481161997263,0.03726719473291743,0.09353450827467996
184,0.06667400808826784,0.062798950783697,0.003514727435793675,0.0023093488429008434,0.8647029648493407
185,0.2594956335427646,0.5023332663055924,0.03839989040818322,0.016388233431746783,0.18338297631171294
186,0.16908759006777738,0.6448950450177902,0.055283532817954124,0.008031607048084784,0.12270222504839369
187,0.2678392664905928,0.643951538387254,0.024171965850757825,0.029967938984140994,0.034069290287254306
188,0.026802722723651962,0.9022272359899859,0.04284231438522928,0.01983573940274467,0.008291987498388373
189,0.02113443663818097,0.9340477382719484,0.01526643161348552,0.025632819837762166,0.003918573638622959
190,0.007277761960070632,0.9284413062257014,0.02734301165559441,0.03459164316594304,0.002346276992690406
191,0.010108215331770516,0.8824578097482922,0.05313268022593932,0.05231639551978749,0.001984899174210226
192,0.010009826500766308,0.8958069560705819,0.06820935489339983,0.024707160693902754,0.0012667018413490942
193,0.013203197098091249,0.9263304753590427,0.03940774282887808,0.01972411100623314,0.001334473707754775
194,0.009342904136438058,0.8980098949785527,0.059640330155397984,0.031154587540209625,0.0018522831894015835
195,0.008507499875852234,0.8888228436164652,0.028969713612233362,0.07096784983381703,0.002732093061632132
196,0.00822281619641569,0.9015421471774323,0.022408039915298838,0.06540889334787123,0.0024181033629821274
197,0.014369446194649804,0.8970394175347701,0.039907831201913935,0.04699328789068921,0.0016900171779768952
198,0.00731134829021522,0.8793983446825114,0.08395334455420059,0.028453748049420906,0.0008832144236518415
199,0.007304755567310414,0.9489940220440569,0.0038382421613165647,0.03875652227333101,0.0011064579539851254
200,0.007066584180527999,0.8990944451590456,0.03874298174673474,0.05330595784784602,0.0017900310658456827
201,0.0052694420323635815,0.9391046862393767,0.026723274795945384,0.02738709424751028,0.0015155026848039908
202,0.005038931671616041,0.9139964577517395,0.04211347495681639,0.03758603731174429,0.0012650983080837294
203,0.008880099445137036,0.8955828928534028,0.01333537804547397,0.07608340389508281,0.006118225760903232
204,0.005068191929010135,0.8556855515810048,0.003680735894466204,0.13422079136777648,0.0013447292277424968
205,0.006508237722218583,0.9217969699784109,0.0017865410059265917,0.06697766926250406,0.0029305820309398077
206,0.02467874063152869,0.8772666646475319,0.008797818122174552,0.08630290614194495,0.002953870456819621
207,0.007069533845639289,0.8109716235244753,0.007964184302055421,0.1708721275364198,0.0031225307914100877
208,0.005536283270939356,0.9068350659835387,0.005095539171935605,0.08079449482677648,0.0017386167468099731
209,0.06221643516944032,0.6423190661249076,0.007444124571893658,0.26946449953639023,0.01855587459736824
210,0.0025476831054116,0.9706949693990543,0.006870936133800793,0.01856129166000876,0.0013251197017244637
211,0.007064668723835469,0.9316370402165397,0.0039055975770838336,0.0553432324129659,0.0020494610695751163
212,0.03675837787975921,0.8265024670914591,0.004039884249311031,0.11558445506079057,0.017114815718679892
213,0.012562108689560404,0.9020179115894487,0.018637706076755158,0.06308613977851511,0.0036961338657206435
214,0.024200565375185574,0.8448221016347841,0.0017767552720115275,0.12656860849010163,0.0026319692279170104
215,0.030502476104762,0.8934651794075279,0.004151483811086465,0.034081697915628976,0.037799162760994647
216,0.19689859578822091,0.39544682601097686,0.0005968023488108754,0.11466679524367109,0.2923909806083204
217,0.1506033728472815,0.6983620204854046,0.0034190025980675117,0.13097099617929536,0.016644607889951004
218,0.07983442558979119,0.8048243216844558,0.004723243412580188,0.06832843815161478,0.04228957116155814
219,0.054530286823172916,0.856171720976889,0.0014142167220958424,0.07681202798068203,0.011071747497160167
220,0.10580260412810237,0.7972538611640339,0.01769199648432404,0.0411472837267264,0.03810425449681351
221,0.1354135140907949,0.7390840664385168,0.009258281375336972,0.05422472804770336,0.06201941004764813
222,0.35809494372721656,0.5651853186490476,0.006041750406984968,0.032224082855478536,0.03845390436127234
223,0.19562621635652938,0.6726008383762212,0.01121258901192726,0.09343896545933214,0.027121390795989977
224,0.06622546221925944,0.8885848170233119,0.00998277150072528,0.01814785420351666,0.017059095053186573
225,0.0560416483044983,0.9099535168368693,0.014133469704299713,0.007864555938413217,0.012006809215919427
226,0.06493016312166404,0.8932679357110298,0.011097984307192907,0.0168713242484301,0.01383259261168326
227,0.045282467775996704,0.9151549283825632,0.020285667680700222,0.012002455406902052,0.007274480753838064
228,0.09684895316170535,0.8628907943431655,0.01838084532417817,0.01413109274106607,0.007748314429884943
229,0.020120980005503244,0.9390116602008312,0.02822795683588864,0.006401856035225987,0.006237546922551105
230,0.026904029060726697,0.9262521951068835,0.020806147976442608,0.012518869805037173,0.01351875805091003
231,0.05779097008164547,0.8849339233045904,0.024609492319121566,0.025086004195058558,0.0075796100995841565
232,0.05759917946605676,0.8750511923073679,0.01918145551686038,0.03942516522100482,0.008743007488710153
233,0.1247522015729329,0.8122301080343544,0.021021028297700334,0.03142502270275446,0.010571639392258142
234,0.1148274472798036,0.8033618732275106,0.030588771167790116,0.03708689904153236,0.014135009283363123
235,0.15066487498129164,0.7360583855395104,0.05712563116167235,0.04082591269309817,0.015325195624427334
236,0.0418922665856536,0.8589130506140695,0.06007795351136449,0.03031634475072655,0.008800384538185827
237,0.06157555159785842,0.8068926315022776,0.05979187186211465,0.03526283523305562,0.03647710980469377
238,0.11695750320934689,0.7478407002669574,0.05114147697410154,0.044372898320303084,0.03968742122929112
239,0.1163059915137854,0.7398956879856466,0.05355529519100194,0.05398332184539711,0.0362597034641689
240,0.04350094953583172,0.8303130785187092,0.04732109941709803,0.03129192537838033,0.0475729471499808
241,0.0541682254418292,0.8167469404434041,0.08572154305428561,0.02506992569264412,0.01829336536783697
242,0.07234921247156109,0.7775830324371477,0.06941884295003117,0.05405095103871053,0.02659796110254958
243,0.15836817624979088,0.6905017627898093,0.05412582173828598,0.05873418371358016,0.03827005550853367
244,0.10534026707099478,0.7548211569442063,0.054992205103171134,0.04633004986915768,0.03851632101247013
245,0.10707105100487092,0.7221040447646702,0.07474843886799863,0.0389799527418565,0.05709651262060371
246,0.0692931855966397,0.28719248536429715,0.017205469443124354,0.019826158162689,0.6064827014332498
247,0.052129604734209536,0.044016756919382505,0.0020293285232592492,0.004656499470869298,0.8971678103522793
248,0.5297216712597904,0.2898742900346706,0.013974930152667644,0.025277494538662966,0.1411516140142083
249,0.2684635792387811,0.6467360119126468,0.016149571719557713,0.010527938003218346,0.05812289912579592
250,0.1777128765050446,0.753651883888282,0.02322218264893507,0.01681394085153415,0.028599116106204123
251,0.08008302644551442,0.8611045341462449,0.010228292995332821,0.031771268801782875,0.016812877611125113
252,0.06424172086782326,0.9023009986311126,0.01633045015041844,0.005462630961224222,0.011664199389421589
253,0.04415932516640101,0.9110782475293464,0.02689233390524367,0.005045732915615694,0.012824360483393091
254,0.05257763590300143,0.9077391553703499,0.0186576433799877,0.006271152808087282,0.014754412538573892
255,0.02053925605249491,0.9401770503524797,0.021873206118171507,0.003972777155909624,0.013437710320944202
256,0.021067288998621692,0.9599731367176904,0.009286008937804627,0.0029512806655903603,0.006722284680292831
257,0.03783276553986987,0.93793225804122,0.01064712103520197,0.0036423032562076132,0.009945552127500507
258,0.024408465511331526,0.9614512620282734,0.008937960061866378,0.0025702911484886217,0.0026320212500399506
259,0.07855206800791976,0.8885638493522361,0.013692258979237733,0.0038054188831987165,0.015386404777407586
260,0.036929753038392764,0.9261082807731037,0.017243707720667016,0.005751972457515783,0.013966286010320832
261,0.046758132394035354,0.9010879602124063,0.02281770230057613,0.004100820095807592,0.025235384997174495
262,0.029867252740722862,0.021954348833418024,0.000966776875487337,0.0023126997968232177,0.9448989217535485
263,0.26243051965690706,0.6927491749482884,0.007190101822252023,0.008107414998042909,0.029522788574509802
264,0.031066509680926477,0.9441191587379433,0.01212994012613285,0.005635061084181856,0.007049330370815326
265,0.10599905002632772,0.8726811194041058,0.005400790664123341,0.010100089997949199,0.005818949907493964
266,0.08753796860856267,0.8841152809885475,0.008412633391381654,0.010633914174714654,0.00930020283679344
267,0.04108238345776589,0.9307409670100725,0.007905700990209276,0.009295194619858336,0.010975753922094062
268,0.06595605311278127,0.8998489386947219,0.013978379359455718,0.00952548761183545,0.010691141221205697
269,0.06277882543437405,0.9086226092717402,0.007082415515813151,0.012381555654428902,0.009134594123643622
270,0.05013857729129571,0.9274062769753441,0.012165932466075564,0.006621448782198694,0.00366776448508603
271,0.037970320728923576,0.9213272660288829,0.03157150258020254,0.004668206072743203,0.004462704589247827
272,0.058035458330823866,0.8854877119425455,0.03896052289563557,0.00955358877384474,0.007962718057150453
273,0.043280033562295955,0.8830913929864762,0.054329151447405175,0.009896308817523514,0.00940311318629911
274,0.09464257956904314,0.7769904167288777,0.08998520986831296,0.01730724349116617,0.021074550342600192
275,0.05773882113008869,0.8823015179424686,0.04269326193276658,0.011050034395813714,0.006216364598862223
276,0.0683351802353077,0.7855264946571784,0.12685396267587232,0.010838506372307887,0.008445856059333777
277,0.03520774546318176,0.8913241017556864,0.052460560429192754,0.008071554621374797,0.012936037730564176
278,0.03296038320041413,0.8841947112011423,0.06954123729169258,0.00581788352555261,0.007485784781198212
279,0.05809675968509983,0.8276308082504099,0.0917895333889194,0.010132575418512656,0.012350323257058175
280,0.05994813769042838,0.8175029276708513,0.09832935906434924,0.00912266027944925,0.015096915294921914
281,0.03429035026034457,0.836263647313847,0.10934747923265421,0.007459129528934716,0.012639393664219567
282,0.035869906463478866,0.8791103525562342,0.07546753657377368,0.005637064807281721,0.003915139599231411
283,0.04633601619355881,0.822974419924051,0.11680236981248796,0.007525138629547981,0.00636205544035425
284,0.029491701544431172,0.931967388776727,0.02907776698844819,0.0043444316703213914,0.005118711020072297
285,0.03929861166102296,0.8782589491040134,0.06758383512962443,0.006748484706030797,0.008110119399308424
286,0.0740385249358067,0.7943511106558395,0.11162630459316306,0.01039887257230872,0.009585187242881947
287,0.09409861804311138,0.4853551341213055,0.07825085901393526,0.009878944143203111,0.33241644467844467
288,0.17663146241870403,0.7102598700274306,0.008531607521131303,0.013312877372709435,0.09126418266002471
289,0.0803515276111092,0.8864085615593651,0.01726241790098734,0.002999408378782956,0.012978084549755426
290,0.04538381395695858,0.9265278442749516,0.014196312754904624,0.005259179429509196,0.008632849583676086
291,0.06884014795624009,0.8986536329484571,0.010466126500226934,0.010928473273102847,0.011111619321973049
292,0.055014962138205316,0.9230366953748005,0.010782291841859882,0.0057686186851739546,0.005397431959960233
293,0.05671415692573032,0.9026146187042625,0.019636944819471955,0.01037079659287734,0.010663482957657802
294,0.03353489570691705,0.9253953573877346,0.018729046000756526,0.009341458110092014,0.012999242794499762
295,0.09328945701599847,0.8460869392358947,0.028150488799353345,0.015322429294257261,0.01715068565449598
296,0.037007678044267724,0.9088832475355038,0.03483487979395258,0.009248071435343397,0.010026123190932656
297,0.08764233854362175,0.8329476087249703,0.0449617638778119,0.014607573101037703,0.01984071575255829
298,0.02926432319018669,0.9281595223676703,0.027315420460866192,0.005354056473247948,0.009906677508028778
299,0.021884151632155496,0.709494459045356,0.24457283231799753,0.006572828100683865,0.017475728903806942
300,0.09425135472526774,0.8106051394532202,0.07318980588632366,0.008117223146724651,0.013836476788463838
301,0.03645128261041247,0.8931899161357415,0.05566925146146155,0.006492244539465191,0.008197305252919172
302,0.048774081125883814,0.8921583335885156,0.04340982224127136,0.005579742593520542,0.010078020450808764
303,0.07159155838306058,0.8375738170750681,0.06832302691447568,0.009342582930178828,0.01316901469721694
304,0.03877625591451481,0.6729093024355317,0.2672671085062391,0.0076744276434747285,0.01337290550023963
305,0.05805573345746214,0.8385064810831253,0.07000166856546516,0.010838079628965018,0.022598037264982544
306,0.07292286992306769,0.7366570748551613,0.04413416051724397,0.010588982499467166,0.1356969122050598
307,0.047894187830261455,0.9212090312302589,0.015768077456483585,0.004326955161634391,0.01080174832136186
308,0.029685982436947218,0.9448791831264357,0.015222619780151783,0.0026226007978057083,0.007589613858659782
309,0.11042295266578736,0.8403260897409679,0.02376807940499144,0.008362314926287666,0.0171205632619654
310,0.1453489405053037,0.7856055033241931,0.030715388824145096,0.02238550791739201,0.015944659428966088
311,0.0869414319978029,0.8359316302097594,0.04460468455790332,0.018057570545602027,0.014464682688932138
312,0.038804072336274205,0.8933771841841779,0.046520936799946455,0.008619978014955369,0.012677828664646134
313,0.05295301621168096,0.8704669380489621,0.04328046055086658,0.017008182759569956,0.01629140242892024
314,0.10617328497215853,0.839006325915424,0.0291774499995552,0.015357131309450494,0.010285807803411736
315,0.06975278941603523,0.8750933028971366,0.04029106904740464,0.008749061567485974,0.006113777071937535
316,0.03662854460639755,0.8727717072495398,0.06340298739411371,0.006798840898630989,0.020397919851317996
317,0.07833826321281578,0.859803138047539,0.029172131931440307,0.010007255798451386,0.022679211009753442
318,0.03857082486253964,0.9348111292619712,0.014519894568804155,0.005926781582468273,0.006171369724216859
319,0.04034008297027046,0.9105765662811924,0.03629174018263998,0.004718820114880629,0.008072790451016705
320,0.04752655686530958,0.92549164735696,0.016032833611624626,0.004354404567454652,0.006594557598651032
321,0.018111093324326772,0.926084253731569,0.04065391980973754,0.00391299276039379,0.01123774037397292
322,0.051113594471937085,0.8301508653243372,0.08292924721618414,0.019060567299710875,0.016745725687830774
323,0.04208390211959294,0.8177681303152264,0.10825587236165576,0.011720446457442468,0.020171648746082408
324,0.06287220364316953,0.8929417836131769,0.01531134212403818,0.01072310051204707,0.018151570107568422
325,0.06154030326445661,0.8791214431710617,0.034934711921073835,0.011034491394963914,0.013369050248444099
326,0.03327978688764366,0.9251482746804273,0.029704472790313446,0.005059057260621853,0.006808408380993828
327,0.07481860141063477,0.844326138321902,0.05773068222343394,0.00952513735604737,0.013599440687981943
328,0.055800162764187033,0.8511673210511602,0.06860673363427533,0.009568870517007187,0.01485691203337016
329,0.1261718753487479,0.66978153618785,0.042189530798309456,0.005196485902041375,0.15666057176305148
330,0.03806064566472804,0.02610899828006687,0.002483765259630396,0.0010499111388328763,0.9322966796567418
331,0.5316952490566882,0.3605499266491281,0.0210713849640992,0.003823206277262072,0.08286023305282242
332,0.08159298871612865,0.8359850042015857,0.05818231347026453,0.0013910602234402923,0.02284863338858085
333,0.16358712110228935,0.7724175782835402,0.030523730728946055,0.0022624768110299704,0.031209093074194325
334,0.06812936601507373,0.8742709818068779,0.013225900213803956,0.010484427794901873,0.03388932416934248
335,0.025024810830547885,0.9275379581367913,0.01243412880435288,0.014019104654534091,0.02098399757377377
336,0.0582650869920735,0.9066465036662037,0.010493119396221608,0.008933739554295267,0.015661550391205988
337,0.034306719692528846,0.9449162077538292,0.007624867739746601,0.0058239744091855734,0.007328230404709475
338,0.011514018395027498,0.9730477933566277,0.009037972735894947,0.0023086528063439066,0.004091562706105908
339,0.01980211323591331,0.953030401646975,0.020174990938162666,0.0025360700602903236,0.004456424118658906
340,0.0622988099097261,0.9077003421253322,0.011413911459037742,0.007239746963335367,0.011347189542568695
341,0.257317008563823,0.6219851102337042,0.001179424692155616,0.029716042398467677,0.08980241411184957
342,0.15942325264494966,0.7794351293926111,0.004053854203878966,0.034124751053075275,0.022963012705484894
343,0.05868306996807905,0.9076381315980592,0.020853595040799873,0.004884675071259053,0.007940528321802778
344,0.07969528454264965,0.8673329276467764,0.01084290712028126,0.01795815752535844,0.024170723164934054
345,0.1115021598275455,0.8544344133396039,0.009372036567844398,0.012608651527221765,0.012082738737784501
346,0.02074252158585554,0.9355831131122442,0.009606762595101903,0.009730401581626826,0.02433720112517158
347,0.04074158284722813,0.9388383580895545,0.005906211212427367,0.007605589571116178,0.006908258279673799
348,0.04365848654917291,0.9223411524051234,0.007956813144140377,0.005656919976089859,0.02038662792547357
349,0.07745219164312961,0.8864884201604262,0.006827730790994101,0.010509569648954095,0.018722087756496093
350,0.09815489878599903,0.8571790705646138,0.018300525697348947,0.007887861042465132,0.018477643909573006
351,0.025014843290168298,0.9058809192545112,0.03080102658448957,0.015062848632836884,0.023240362237993906
352,0.05308149428861819,0.8805736676568279,0.027264179319286243,0.009130868035787932,0.029949790699479773
353,0.029993767318268864,0.88214292690503,0.035395920927720495,0.008421545202367672,0.044045839646612774
354,0.0018525891468251505,0.002793589344097752,0.001793337940646763,0.0011772297878468404,0.9923832537805835
355,0.0015669274786700939,0.003007731110128333,0.0003850866563096869,0.00023944211572499884,0.994800812639167
356,0.008202268759960059,0.0026796042319576735,0.0005223506188648764,0.0015884561126796259,0.9870073202765377
357,0.021046699531259892,0.027077605400441573,8.710954144019744e-10,0.000686299197457337,0.9511893949997456
358,0.003172712813529356,0.022441120152058285,0.0008644687120230379,0.0015713792611420894,0.9719503190612473
359,0.015055078729980128,0.027015964502315304,0.0006008077922523218,0.002653680162303201,0.9546744688131491
360,0.014920971689743125,0.03156261305044825,0.0005463401369198206,0.0014993538981559378,0.9514707212247328
361,0.0549476772670717,0.1000955333947799,1.9536413070165313e-09,0.030452410583710652,0.8145043768007965
362,0.010831888251378026,0.005226428276471979,1.8893043670873095e-07,0.007863374298414407,0.9760781202432988
363,0.02711015911802936,0.03635930748375849,7.63912568866703e-09,0.006964791195100906,0.9295657345639856
364,0.023341237133074375,0.02997451565260132,0.00011640895645103103,0.007671794909149789,0.9388960433487235
365,0.008024360358139934,0.01906653609971641,0.001062700620214745,0.003691189739549276,0.9681552131823795
366,0.014698703697867247,0.02572708907393548,0.002820760127081503,0.0049154302517606194,0.9518380168493552
367,0.004808359794052812,0.0027614746173741616,0.0015103405743637022,0.0018315577091393674,0.98908826730507
368,0.022186536766063667,0.5469780721487992,5.0099342416694184e-05,0.004056326714678539,0.4267289650280418
369,0.005533584129330186,0.03610154056159134,0.00023362093117173575,0.0028778175189764937,0.9552534368589302
370,0.025825750728295703,0.048099954878428657,0.00043289549987140873,0.005481177300452458,0.9201602215929516
371,0.02137473194658051,0.02735080068962385,0.0008421994206009861,0.01184018842876604,0.9385920795144286
372,0.005704271410389787,0.010536204950790308,0.0008667640927669164,0.004249265762795099,0.9786434937832578
373,0.004944138011175945,0.007767220335192525,0.0005938554615293823,0.0032277729293500213,0.9834670132627521
374,0.009382356380187327,0.008451729942147903,0.0007034292211296021,0.0038743615216538197,0.9775881229348815
375,0.00954246868825843,0.011582656594998422,0.0009157697564077934,0.01787016856752682,0.9600889363928085
376,0.008820314429810041,0.010334761748557728,0.000684288044741838,0.0037660647837162906,0.9763945709931742
377,0.00882886738859494,0.010344783249717417,0.0004947785322422084,0.002990201103645782,0.9773413697257997
378,0.00882177224121807,0.010160079103824828,0.0006955130573224172,0.0037666872345652677,0.9765559483630694
379,0.008264921820977407,0.009753326044959638,0.0004967756916894848,0.002954304967807303,0.9785306714745663
