epoch,N1,N2,N3,R,W
0,0.04411951703794987,0.02839964765750441,0.00013343051059931814,0.0034297018480542022,0.9239177029458921
1,0.0043389016132874434,0.0017348726407974094,1.675772043731705e-05,0.00029178957176029106,0.9936176784537176
2,0.010196323986536884,0.0008258946334841744,8.920694904315367e-06,0.00045542602033841426,0.9885134346647363
3,0.033954271226258645,0.02651993117147999,0.0004435791289442079,0.00017473578452902378,0.9389074826887882
4,0.10108704275621558,0.005062054502126356,4.228640503624768e-05,0.0009578083184354029,0.8928508080181864
5,0.06648489889108501,0.028268589278686272,0.00020199904064104838,0.00045166223508774937,0.9045928505544998
6,0.06335877392231626,0.35604895332751707,0.005922831423666569,0.0006883618072545542,0.5739810795192455
7,0.2722011845903906,0.06031810559704199,0.00021779639830118308,0.0022404758408063915,0.6650224375734599
8,0.13074475557640294,0.5284716399481673,0.020769957505888958,0.0015311590725997604,0.31848248789694106
9,0.27147970107478975,0.10217719271631454,0.00029958034154850565,0.0085910564819681,0.6174524693853791
10,0.18661028039702496,0.7607350536218239,0.0027766960927067892,0.002376547803447882,0.04750142208499642
11,0.059505878572532346,0.888216919974715,0.004999598124308964,0.0023083958790726202,0.04496920744937116
12,0.08778704470678234,0.8257336437103446,0.0005143503688590344,0.0020857397730614674,0.0838792214409524
13,0.04558313297726256,0.054936393727798634,0.00012868890801766815,0.0015639256218334687,0.8977878587650877
14,0.23326062885305518,0.6431777787428523,0.002670889011543922,0.004162939886633286,0.11672776350591522
15,0.1379094851648574,0.8035008343409562,0.017908745543666962,0.0006586179543841081,0.04002231699613544
16,0.05722870608472106,0.861289894275113,0.04110876718105954,0.0005403444554936716,0.03983228800361255
17,0.27264211177551945,0.507134943806156,0.0026224871730114287,0.007363247312511022,0.2102372099328021
18,0.11197068410234703,0.8067942648675246,0.009334605025192703,0.002256573246270041,0.06964387275866567
19,0.09461750318533108,0.8713617424813048,0.005252489358149315,0.0012145456837154172,0.02755371929149956
20,0.03567483134460468,0.9293478293547055,0.007640778137274815,0.000721894082689312,0.026614667080725594
21,0.016742475243952712,0.9495459811685,0.011792656617551306,0.0020660279846453295,0.01985285898535076
22,0.005847713363273618,0.9096674733914276,0.05790805568505028,0.0009874311003037766,0.02558932645994486
23,0.2183771331091174,0.5516342243487816,0.0005622234606032909,0.0059710851875047245,0.22345533389399305
24,0.11572073010355428,0.8635812224088613,0.0012460149010376387,0.0029892787022433986,0.016462753884303346
25,0.007470979984922792,0.9489837127334491,0.02706292583063744,0.00027604727991245977,0.016206334171078172
26,0.04709430589675403,0.9287635316619476,0.003741908066344387,0.002032773435514871,0.01836748093943922
27,0.005132148325388434,0.9074612935614799,0.061726255051026774,0.0007640924504504586,0.024916210611654457
28,0.0074036657750681046,0.8862658965094699,0.07978715944809617,0.0026780383441540457,0.023865239923211864
29,0.026328186954537296,0.8527498935892095,0.0330880983216148,0.0023482613590126485,0.08548555977562589
30,0.19084759710368673,0.7014788280593364,0.001657072987126991,0.02269466976968485,0.08332183208016514
31,0.08139314751537695,0.8849515662187779,0.0035616291496411213,0.0027383228324387426,0.027355334283765406
32,0.2527651096267845,0.6613290071503383,0.001111966577380026,0.004157255261619548,0.08063666138387773
33,0.20933274384617975,0.7274201174528209,0.001357747508712611,0.010588920701764032,0.05130047049052268
34,0.0428807616195026,0.9279148130907034,0.008689934013967632,0.005257773395073148,0.015256717880753178
35,0.0492720910305601,0.9077161176490353,0.00806431565806666,0.01105841654325715,0.023889059119080625
36,0.022880714461838886,0.9410955148734009,0.006924129740972351,0.017470970704473135,0.011628670219314774
37,0.005364625781715148,0.8986614089388113,0.0784754794148725,0.0033729914855693084,0.014125494379031796
38,0.16442751107542786,0.19071054121902417,0.000454658761957434,0.04403544708589131,0.6003718418576992
39,0.018047247770748218,0.011784460106641656,0.000416517767481568,0.0008685712060731315,0.9688832031490553
40,0.5602854078704711,0.3372098730411355,0.001567443859377718,0.005020485674433189,0.09591678955458258
41,0.2890940290275946,0.6788046952740056,0.0030782309121343493,0.0016763674747329906,0.027346677311532515
42,0.36288936823711815,0.4691395554418007,0.0015609732307285402,0.00351458524337415,0.16289551784697845
43,0.17536848114633424,0.7890010535615231,0.0011867929291078756,0.011269803277351014,0.023173869085683894
44,0.0392907372658389,0.9386046876752918,0.007562543019209131,0.005143684876054406,0.009398347163605747
45,0.030835119210337887,0.9438999887595327,0.012713032980412932,0.002659011390250085,0.009892847659466426
46,0.0933092465613299,0.8852446253534434,0.0021648721121250354,0.007886816138747844,0.011394439834353702
47,0.008696071863545119,0.962665095417487,0.02098576056055656,0.001759933163290475,0.005893138995120869
48,0.09441195261632565,0.8397006116441119,0.005604200954902245,0.0033508173178687403,0.05693241746679156
49,0.16132858345873943,0.7889257781621839,0.002359861795157872,0.0017439028306052257,0.04564187375331356
50,0.15018316291253636,0.8102668657029851,0.0065551926686543485,0.0014214739686738739,0.031573304747150276
51,0.04547833455829357,0.9417656126656001,0.0060847165585782665,0.00041937180751039387,0.006251964410017677
52,0.025821005866342683,0.9387780621949341,0.026135698606529294,0.000560379311866811,0.008704854020326834
53,0.018070143573089923,0.9565185388119989,0.01475541682488897,0.0007346253100939921,0.009921275479928155
54,0.0006478691132236563,0.34247431756887275,0.6548651778824931,0.00011718015866156574,0.0018954552767488195
55,0.0026112772185263146,0.7475606287674795,0.24118429069751798,0.0009339021190073204,0.007709901197468848
56,0.0022410875453950083,0.3613874597748374,0.631259771263511,0.00021445323969394457,0.004897228176562764
57,0.00551119807256233,0.6607363027222839,0.3127604056338802,0.0007004128458788908,0.02029168072539483
58,0.11385405130230764,0.051871427328307865,0.0003660562815546952,0.012730066973134996,0.8211783981146948
59,0.1832902644313696,0.6214754621024541,0.024475630134307,0.010923790405770859,0.1598348529260984
60,0.2685200700481466,0.061880111979703514,0.00039409666105017123,0.008154126129979905,0.6610515951811197
61,0.3361409532465812,0.5780079073864806,0.00508864781550863,0.011203485150266363,0.06955900640116322
62,0.3166652582013834,0.41488676843632877,0.00040217676726885795,0.04962356553996884,0.21842223105505007
63,0.6354723208219692,0.18967827804622353,0.00035132632024394926,0.04037463547845956,0.13412343933310358
64,0.2992792386951006,0.17023079784499132,0.00018996806196412092,0.07519634543317658,0.4551036499647674
65,0.6041653284185093,0.17979445678518982,0.00023552491182753427,0.04426173225621142,0.17154295762826194
66,0.25100753066620335,0.05146761676069484,0.00011632613580946557,0.01591942184527692,0.6814891045920154
67,0.1461610525607544,0.7291415772136765,0.006720235982279138,0.013125688298382418,0.10485144594490774
68,0.051779031897988534,0.6768714093902547,0.00873140610570643,0.0041058216557577605,0.25851233095029263
69,0.002559540357048898,0.0014181453442920675,8.675248386565314e-06,0.001346419539534,0.9946672195107383
70,0.0041081758430080335,0.0028193010061477847,9.737609015370845e-06,0.0005339409365031996,0.9925288446053256
71,0.006715303379131553,0.0011811168493424565,9.885489544155453e-06,0.000298665093171527,0.9917950291888102
72,0.010181076012877812,0.0007167282092108816,6.806762595166396e-06,0.00013902061756150062,0.9889563683977546
73,0.011462110951005435,0.0009446402904537333,1.789234763491659e-05,0.00016093120161520078,0.9874144252092907
74,0.0349668583030986,0.0018377969448528152,2.089231983094361e-05,0.0002179286183895733,0.962956523813828
75,0.007019180862111723,0.0012315295858471651,7.782143423986171e-06,0.0001496391468461413,0.991591868261771
76,0.023550521329581107,0.006536001998685581,6.139850215556184e-05,0.00017765394862218607,0.9696744242209555
77,0.001997429182124601,0.0006048594259736028,3.6411559702757233e-06,0.00010540587229051549,0.9972886643636409
78,0.003851308625320276,0.0012319120265970917,9.492783265862128e-06,0.0002106209280229536,0.9946966656367938
79,0.002470097842989787,0.0007678125879173555,7.848470106658191e-06,0.0001688082870898001,0.9965854328118965
80,0.007633583889759897,0.0024913436633486143,1.3123050145438133e-05,0.00039216727706588045,0.9894697821196803
81,0.0020697149091036177,0.000817639221642571,5.042066596748975e-06,0.00020373056350950737,0.9969038732391476
82,0.011099155576145535,0.000681884406464526,7.086753599857303e-06,0.00024926174810634973,0.9879626115156838
83,0.011415176122954472,0.0007396083241963672,7.357905983262445e-06,0.0003052413641175161,0.9875326162827484
84,0.00690608585413407,0.0006491498743140759,8.889965425251745e-06,0.00033781755513832357,0.9920980567509882
85,0.004426147316862482,0.0006346701828006427,8.90472550518039e-06,0.00036639806893924134,0.9945638797058924
86,0.0010055978724875221,0.00019181633722766797,3.187701797436809e-06,0.00027599206720501106,0.9985234060212824
87,0.07202121078276669,0.0020999692930749312,1.191663380960664e-05,0.0013076018010433528,0.9245593014893054
88,0.09491015287752311,0.1421348721990749,0.0006551201998406025,0.003411973295766041,0.7588878814277954
89,0.10922774806534707,0.011069397816461587,4.0410919117121145e-05,0.01498837796843742,0.8646740652306368
90,0.1554499524807837,0.022594264292433462,6.678933564549591e-05,0.03230758074200878,0.7895814131491286
91,0.01603056602265795,0.0017225655915255507,1.3778364312447227e-05,0.006807597708732596,0.9754254923127714
92,0.4691886698062794,0.10426329831169079,0.000550319545747573,0.04801986621918989,0.37797784611709234
93,0.0848756709759587,0.0714634257065997,9.45620810001215e-05,0.012846521379330393,0.8307198198571111
94,0.023047690203342016,0.002314914878273595,5.9234462060755935e-06,0.002817653679720648,0.9718138177924578
95,0.22719902404984993,0.15985088465504876,0.00014508028906298648,0.042517685679915644,0.5702873253261227
96,0.14182994027238485,0.31486666610079567,0.0005398493229348581,0.013995682455065031,0.5287678618488195
97,0.0043525655069097625,0.001304254489693357,4.03290357114356e-06,0.0018364915960995425,0.9925026555037262
98,0.005882359117754512,0.0010554592784699545,5.270303300168994e-06,0.0014595309103904474,0.9915973803900848
99,0.0021681155489162622,0.000835093266147066,7.398534728137783e-06,0.00012687597975451337,0.9968625166704541
100,0.009271716323997543,0.0012126089662385987,4.880389389143456e-06,0.0004415374290847149,0.98906925689129
101,0.0021257646707032916,0.00040617653560597223,6.69203436080718e-06,0.00027737182966083927,0.997183994929669
102,0.008652193908657244,0.0031062638948646084,1.5131929309024051e-05,0.00038491686403766055,0.9878414934031315
103,0.004582353164783505,0.002127147540402012,1.298008825662991e-05,0.00033611046742083406,0.992941408739137
104,0.0015351181954427649,0.0006792532901003422,7.469784005127469e-06,0.00046949789583246684,0.9973086608346192
105,0.007551181469575034,0.0009346879122934941,2.9634760273531696e-05,0.0002594630037521755,0.9912250328541057
106,0.006876325353997687,0.0011588850026028464,2.1614767114631384e-06,0.0003406700225904668,0.9916219581440975
107,0.012395863153816604,0.0016179628808756282,7.085722173119282e-06,0.00036518051623116653,0.9856139077269035
108,0.0015153279304781302,0.0005464655006572302,2.3774051832461856e-06,0.00013668922048712658,0.9977991399431942
109,0.014708017491643535,0.002527183744526707,1.1770276266045752e-05,0.00028653336794944544,0.9824664951196141
110,0.013899635453526432,0.008720681479412571,0.001331610208828415,0.00014989593657711977,0.9758981769216555
111,0.005958868829957289,0.005587148731206743,3.5475214248688325e-05,0.00026826227952820295,0.988150244945059
112,0.0024126786796792917,0.0012080699539785851,3.193227733902489e-05,0.00017804976018469463,0.9961692693288184
113,0.008579225167400447,0.0024828148996070528,1.2410369728773147e-05,0.00020335256468596635,0.9887221969985779
114,0.009389514193061823,0.0012339659082676755,1.4683326125567893e-05,0.00046138535150840835,0.9889004512210364
115,0.004317233114544485,0.0003114242589423841,7.53327993026557e-06,0.000281147458098511,0.9950826618884844
116,0.006932973677036039,0.0007593775074677306,9.00690427266404e-06,0.00040531922878868815,0.9918933226824349
117,0.05867971759022606,0.011809174031248329,0.0002052843333669427,0.0016449816754818796,0.9276608423696768
118,0.0022304860335527936,0.000617180119040843,6.739368834441209e-06,0.0005058798302238426,0.996639714648348
119,0.041255625282058166,0.002927774702647621,2.6354287709981736e-05,0.002531436321707069,0.9532588094058773
120,0.0095615164490896,0.00042112731049827855,4.714023626441608e-06,0.0007477734443915122,0.9892648687723941
121,0.09094812761999478,0.004090729785559522,1.5157403544033273e-05,0.0027969485273599964,0.9021490366635417
122,0.33952271493385794,0.013527689753234687,7.029422780141886e-05,0.00791566146864297,0.638963639616463
123,0.7430159368070048,0.03782744888283107,0.00010363895323037856,0.009975526693818054,0.2090774486631157
124,0.49521878270787983,0.29858844874344426,0.005311798648304085,0.02089426536299204,0.17998670453737994
125,0.41854167830764555,0.5125097468594911,0.0022610008948409136,0.02079806241894244,0.04588951151907991
126,0.052785331190902514,0.9129933268909145,0.010464895028632454,0.014073258513168856,0.009683188376381682
127,0.03127108647515674,0.930274249477196,0.005851222299848082,0.02144215016399863,0.01116129158380041
128,0.04009588545514526,0.9375069036195955,0.0017205732521535719,0.013459418607582508,0.0072172190655229495
129,0.004919634354617941,0.9621664112283136,0.024727972357785902,0.0038419101882075867,0.004344071871075095
130,0.1515796778392171,0.7506141472818103,0.003487372072432425,0.018952947981032937,0.07536585482550712
131,0.07290490949540003,0.8852562686894029,0.0038424290154496867,0.017131422139178808,0.02086497066056834
132,0.014781726511581878,0.9696922538402426,0.0012376294965079835,0.006519020394670367,0.007769369756997087
133,0.0726289200422933,0.8392741593529022,0.004516222764902708,0.06465071401225213,0.018929983827649675
134,0.05472132311372651,0.7610384943610283,0.005779433834108327,0.15118409091882623,0.027276657772310614
135,0.0835188776933217,0.7264780694408852,0.002854525808109204,0.13402298064637722,0.05312554641130673
136,0.08038282332617615,0.06954196290780316,0.00010374557215077944,0.367966937278998,0.48200453091487194
137,0.09308434888602714,0.752591531587186,0.002345998215889967,0.12868211079852843,0.023296010512368414
138,0.23383628986296492,0.1420126279363166,0.00019312505604571138,0.4478011872496872,0.1761567698949857
139,0.5207742171535723,0.07687242884706269,6.551018793111297e-05,0.30845235343889216,0.09383549037254163
140,0.19246609090765843,0.28804199486712784,0.00014731703852103418,0.475751500952558,0.0435930962341347
141,0.3084693266976142,0.43653300399981915,0.0010769854702631938,0.230807506779385,0.02311317705291866
142,0.08020835290885074,0.6745595973263601,0.00100446060605488,0.20530664290044442,0.0389209462582898
143,0.18516736208924234,0.258430275162631,0.00014957112345362166,0.49747217570668895,0.05878061591798404
144,0.01980342823141824,0.9186601274522295,0.0011706517936912661,0.05549484416576105,0.004870948356900129
145,0.13493483732996586,0.6188379404677288,0.0016942281623448367,0.15000652240496423,0.09452647163499625
146,0.08350320302836146,0.7954821935775088,0.0019500363738846217,0.09268468903973029,0.02637987798051489
147,0.08145532373154481,0.7558334787327542,0.0008996804315271334,0.1282970798896028,0.033514437214570925
148,0.05551288281444732,0.8289565893652977,0.0016461077474580535,0.08116747765949929,0.032716942413297714
149,0.04272036340474383,0.877267836988625,0.0011248592802558383,0.056563992985579375,0.02232294734079622
150,0.008377046557262388,0.007127666991723691,6.209983873384352e-05,0.0028732815761897098,0.9815599050360903
151,0.48478738138309735,0.1805150836928774,0.00022554310410284405,0.02028599038472123,0.31418600143520126
152,0.5649482785935123,0.4046541709404374,0.0002772969280288934,0.0050301906167431925,0.025090062921278276
153,0.3177153204491884,0.6693654483776544,0.0006716493776695549,0.0007799530730274837,0.011467628722460215
154,0.04024350620022381,0.9553809622809153,0.0005877380388194319,0.0009305524401984727,0.0028572410398430316
155,0.00441170505078954,0.9921679243721322,0.002220446616867431,0.0003231200046470337,0.0008768039555637443
156,0.003774998823730051,0.9895121231085146,0.005169623886085103,0.0004898144737415465,0.0010534397079286475
157,0.002501077112426459,0.9615821586727186,0.03285380785062394,0.0004200279355848639,0.002642928428646017
158,0.0013615933717157794,0.953287096111725,0.04162445046263295,0.0003873471320887918,0.0033395129218376104
159,0.0005778113792105884,0.6635205987966256,0.3338328885743991,0.00014494597443794893,0.0019237552753268781
160,0.0008839119872305455,0.22378677981018444,0.7702935384853813,0.00011409406324423519,0.004921675653959471
161,0.0018070270019938583,0.5414000410826639,0.4514606529677154,0.0003846778641340921,0.004947601083492788
162,0.0006959647992729074,0.10609192993771259,0.8912588851009113,9.038381128235772e-05,0.0018628363508206907
163,0.000598649350348156,0.1832679380321524,0.8123848826516815,0.00012564235378883297,0.0036228876120291955
164,0.0009818659554514408,0.35362076982530943,0.6404586773064783,0.0004552884690744475,0.004483398443686357
165,0.0017386705745773333,0.4547539720024516,0.5294289118681978,0.001303750749745782,0.012774694805027336
166,0.13009532075053792,0.5845073570970664,0.06053185003176302,0.008743054721634693,0.21612241739899798
167,0.0776848352518545,0.854333401092876,0.036162819951304756,0.014543373691088197,0.01727557001287639
168,0.05421699528566651,0.9134583020684227,0.011500248914441753,0.004713392346440528,0.01611106138502839
169,0.3687473454473649,0.5955060566022293,0.002590054519317068,0.012938995767453231,0.02021754766363536
170,0.11164106213091338,0.8433801975684321,0.0017755758107203072,0.03247765956566369,0.010725504924270745
171,0.08131821079508553,0.8883562109195627,0.00510195294116863,0.01855621206782488,0.0066674132763582
172,0.030678528221121156,0.9491999049955402,0.0064531890336126906,0.010079026771630598,0.0035893509780953515
173,0.08383412550407089,0.8653734922309149,0.005532305732021382,0.01514195954753503,0.030118116985457844
174,0.029459953682571035,0.9491947972722158,0.0023680288624994884,0.015064217697893262,0.00391300248482061
175,0.03744894541612132,0.9464181107016331,0.0016118978920369347,0.008203530725461927,0.006317515264746603
176,0.005319946857117439,0.9562470091010605,0.03440994809398497,0.0019227403682314887,0.0021003555796056997
177,0.3302383761960791,0.5453542389167625,0.0009774318356865297,0.020326781349519,0.10310317170195278
178,0.0399326637638934,0.9248422364233291,0.0233386638200827,0.001263323263132893,0.010623112729562088
179,0.13379953196493807,0.8376884926279107,0.007354392600340679,0.005365142828829929,0.015792439977980622
180,0.07852229920494433,0.8990521658481151,0.00603455763223285,0.005249068888350881,0.01114190842635669
181,0.05752184851611961,0.871425177533293,0.011475650697857965,0.03026086735287052,0.029316455899858967
182,0.020634279708621875,0.9337061721155225,0.01828678981905584,0.014485289485447897,0.012887468871351813
183,0.2560130897733037,0.5390713589553596,0.0012503264471700167,0.0718023163921522,0.13186290843201443
184,0.08406563044112006,0.8663252905116251,0.004245938964251022,0.03466091883662728,0.010702221246376554
185,0.25587915213088985,0.5849028685572262,0.0008260174248853491,0.05672849120196392,0.10166347068503469
186,0.15245263144471213,0.813980006578835,0.0012326932765484228,0.023116962253395885,0.00921770644650857
187,0.057349772832755566,0.9177134244483773,0.0008172274167815741,0.017852949202104722,0.006266626099980844
188,0.3157313563247993,0.640513911217519,0.0009738681823388277,0.01775254971134649,0.02502831456399624
189,0.2048662720256471,0.7547293409035959,0.0008261666179644653,0.00992323328700827,0.02965498716578446
190,0.1326657827110578,0.8502334921194249,0.0022007120700078507,0.008367314134125706,0.006532698965383951
191,0.0056800000434553966,0.9133755939845608,0.07596792491734031,0.0008700243193325206,0.004106456735310929
192,0.13394060109050154,0.8498655778926144,0.00515695251491695,0.003431897824406315,0.0076049706775608355
193,0.02007354162792818,0.9693811981291097,0.0049025797278045985,0.0014079914295845812,0.0042346890855728845
194,0.004546667845894726,0.8247739615150541,0.1682048382185786,0.000550443566455886,0.0019240888540168007
195,0.0026834556871194438,0.8811825003748399,0.11259549242762068,0.0003567579119754262,0.0031817935984447864
196,0.0010370756891511974,0.562024558939201,0.43282314209191675,0.00023199287925364535,0.003883230400477483
197,0.0030375200048322983,0.7654286501390661,0.22487313975506015,0.0009446179149244331,0.005716072186117032
198,0.006913016105751228,0.6978057205206207,0.2822778526561748,0.00095539092889502,0.01204801978855841
199,0.008726181006501181,0.8881817406724865,0.09520122477613517,0.0011550586116002395,0.006735794933277015
200,0.0012923485020420193,0.8249918300251969,0.1702372138950343,0.00030613075001018715,0.003172476827716521
201,0.005470356824801689,0.8699542796984773,0.11490044792156426,0.0008063053534806842,0.00886861020167624
202,0.0015512773778727281,0.7943426347902539,0.20063834250068271,0.0003088207543270518,0.003158924576863529
203,0.0007578650761947705,0.6463097011443,0.3508394871331842,0.0002845983170827246,0.0018083483292383531
204,0.0006147094745940089,0.6084614833467521,0.38890082545725035,0.00023655426624345901,0.0017864274551600944
205,0.0002596863159215006,0.23214117265677217,0.7666006567057886,7.823303583683931e-05,0.0009202512856809514
206,0.00020255594629261787,0.2131407809502954,0.7853615034487043,0.00012372482964316685,0.0011714348250646547
207,0.0003407396856570495,0.26109894443572373,0.7368129926885894,0.00013983196035963512,0.0016074912296701683
208,0.00012057829522078302,0.05705753549770387,0.941843415446034,6.345413065831836e-05,0.0009150166303831558
209,0.0005564716275390547,0.4392163985847054,0.5569842150466014,0.0003393916982460696,0.0029035230429079683
210,0.0018109059870373072,0.20868273458753706,0.7809183388455867,0.0008965621781782209,0.007691458401660747
211,0.008472754548716049,0.9068509028836202,0.07503778233510033,0.0024262758927901568,0.007212284339773018
212,0.015291227649944268,0.6505478696852885,0.31424285108498157,0.001652059496852464,0.018265992082933214
213,0.0016626099889669437,0.28197034394177334,0.712612835182414,0.0004896713925047726,0.0032645394943408065
214,0.03998819694527339,0.92616204141199,0.024639026497158083,0.0037239075989779174,0.005486827546600609
215,0.003038402766016374,0.8295218397891115,0.16406039659751567,0.000540530947906913,0.0028388298994495883
216,0.003969705167001823,0.862444296708476,0.12968608128259654,0.0007414454719891525,0.0031584713699362847
217,0.001940780499764947,0.8140607275484045,0.18111068292753454,0.0005047759200854674,0.0023830331042105834
218,0.000333607220729141,0.25940714919703556,0.7394188705381365,0.00013887488923017808,0.0007014981548686913
219,7.696575452688174e-05,0.056185910655347934,0.9432882226351118,4.5490196550033885e-05,0.00040341075846340627
220,0.0008428333948911744,0.6709009433510651,0.3247178744795438,0.0003341152949791461,0.0032042334795206588
221,0.00011659905488349169,0.09483851131081285,0.903337518350285,6.700512965776455e-05,0.0016403661543607532
222,0.00012372018633901273,0.0769829612679802,0.9210688336198931,0.00014768995887366819,0.0016767949669137575
223,0.00023909228815613046,0.40848692223731364,0.5867425053542111,0.0003213936375706148,0.004210086482748482
224,4.328420939365161e-05,0.036683760172862984,0.9604570202465449,5.1981641890739864e-05,0.002763953729307764
225,2.4151142912077266e-05,0.0237121943784665,0.9739212569966031,4.04571240127825e-05,0.002301940358005304
226,4.76480803226275e-05,0.046075144510825804,0.9501255339703385,0.00010466837234926537,0.0036470050661637204
227,0.00013290666472850023,0.04044283941045933,0.9561812528891628,0.00010879456086470903,0.003134206474784637
228,0.00014087515739417757,0.02968251474278272,0.9496169803926293,0.00010043602702992874,0.02045919368016381
229,0.0002268475160343489,0.06636466560658197,0.920874461137424,0.0002218225445586844,0.01231220319540102
230,0.0017568026182256237,0.09302520687070319,0.8680145259828711,0.004412070739090476,0.03279139378910947
231,0.012969658501320145,0.1096011293206476,0.37479458512611097,0.03219964919307353,0.4704349778588478
232,0.07233442583562809,0.546429419383467,0.11668310592611339,0.07945502035536237,0.18509802849942913
233,0.09549011273142993,0.17050631609552694,0.03487614343678242,0.030758107276480477,0.6683693204597803
234,0.2602951195197671,0.33331467570963647,0.01030115717350787,0.03944316716374745,0.3566458804333411
235,0.07138709415127865,0.6272307858063331,0.2218525113986158,0.03732693099164588,0.0422026776521266
236,0.04993323846198076,0.771657666446447,0.03739743080238157,0.10243394225974255,0.03857772202944815
237,0.1615745918084223,0.5572967586554057,0.026196557035330706,0.19473135616809564,0.06020073633274572
238,0.13718423827282014,0.6081995184639976,0.022242741938435184,0.17189522274996585,0.06047827857478127
239,0.1424020895343101,0.6261183508521865,0.038088127439792015,0.12253554880310588,0.0708558833706057
240,0.10494896374978001,0.337111804454944,0.006949101623158523,0.143725060607145,0.4072650695649726
241,0.022603377103228336,0.02755603523569388,0.001812468732281821,0.007309608801852088,0.9407185101269439
242,0.2925987881795233,0.317566073055741,0.001052226662771596,0.04106087872763126,0.3477220333743327
243,0.4926222744034531,0.3689150074143117,0.002993010668916896,0.04949681713885425,0.0859728903744639
244,0.09663202826512048,0.6708806154775943,0.030606709789700398,0.03618190231358875,0.1656987441539961
245,0.08510271460489628,0.22958014640671245,0.0006265132804013564,0.16671739348715175,0.5179732322208382
246,0.16244143900612068,0.045271570920049034,7.928884555836003e-05,0.6248847289719814,0.16732297225629061
247,0.085903366525299,0.05962794170760106,0.00010249284726496032,0.14834384163191391,0.7060223572879211
248,0.20724999956308476,0.07226871931898293,5.540128488448994e-05,0.09660668684959983,0.6238191929834479
249,0.08712351301933859,0.009292702000304048,2.212779351062414e-05,0.021269227295168107,0.8822924298916787
250,0.5495694662619738,0.1936882118044737,0.00033730582131756586,0.15529672804024405,0.10110828807199082
251,0.2812282663656653,0.3651154862835119,0.0006743977174566662,0.2512345161981687,0.1017473334351975
252,0.3148496739312914,0.04583688831917965,6.204936395107027e-05,0.2984345669070609,0.340816821478517
253,0.059365010439769106,0.02207174233360679,3.3237008595163854e-05,0.0907036686369742,0.8278263415810547
254,0.32772854586170386,0.31369481355313567,0.0002555836718267756,0.18353937005365564,0.174781686859678
255,0.14580454855145708,0.015864076822013917,4.1975488362309506e-05,0.018678850278038697,0.8196105488601279
256,0.12460527611241223,0.7452165494111799,0.0066720230528769684,0.040288135386245684,0.0832180160372852
257,0.2563792907023237,0.351360070832672,0.002612807948197659,0.25851501447730146,0.13113281603950522
258,0.11750365127696494,0.5889804019114844,0.006248460190050934,0.21168344554106144,0.07558404108043833
259,0.1534147026599724,0.37168230412409486,0.005429500699660003,0.37753896755754146,0.09193452495873125
260,0.10284704806976191,0.5756118752923722,0.004522373640554541,0.25836119789948564,0.05865750509782568
261,0.17111166806135583,0.23110306202033853,0.00038975017276572465,0.5689072466615103,0.028488273084029556
262,0.2881237603652402,0.09700286650221149,0.0001492618589094618,0.13631307926789443,0.4784110320057443
263,0.15799411265224156,0.6523722947563544,0.0018288498176401093,0.17712778089814027,0.01067696187562374
264,0.04479107236616549,0.8555149241591526,0.012048011489789151,0.07547765588668955,0.01216833609820293
265,0.056285048229328,0.7224015744781136,0.01946880294961706,0.18845074424427283,0.013393830098668316
266,0.09222399895721972,0.5587542484623353,0.006467144855564348,0.3248240753240242,0.017730532400856546
267,0.017679426162155395,0.6900591670461879,0.24153686709022823,0.03304894264610293,0.017675597055325572
268,0.08758571008787949,0.6486455029594329,0.0033760261962156534,0.0974075922157272,0.16298516854074468
269,0.028749350340939107,0.8622190641762973,0.005526287146525631,0.08836655555337133,0.015138742782866595
270,0.022991134654962553,0.8221352765889732,0.06254687865892913,0.056803235062790586,0.0355234750343445
271,0.019759155957173768,0.005856559619152094,1.7027397045934706e-05,0.8476993308560835,0.12666792617054484
272,0.015435825442789354,0.0057532114292276094,1.2188217060412627e-05,0.9646809059801966,0.01411786893072595
273,0.02526914990674725,0.003366763571853848,1.4616623065045245e-05,0.535570433768185,0.43577903613014873
274,0.27796777972914477,0.002472292758418853,6.000831847229861e-06,0.5773563091128022,0.14219761756778693
275,0.1738330122722707,0.004547425581420489,9.286457760404813e-06,0.7991124534636599,0.02249782222488857
276,0.21261189570669947,0.004878242667871469,1.7139657667671644e-05,0.7422476235726483,0.04024509839511295
277,0.05694421415524383,0.005526202920072628,5.04211787950881e-06,0.9285790913321958,0.008945449474608133
278,0.03970466616428607,0.004754708912459378,5.9920373828199066e-06,0.9486541859991992,0.006880446886672498
279,0.03647463261875953,0.006430267029851747,3.1017075509352344e-06,0.8285580939393733,0.1285339047044644
280,0.03270093229649109,0.0041787837453988366,1.0528647195999258e-05,0.9416957946392656,0.021413960671648604
281,0.014672461818640941,0.0015438146792677103,1.971388440515776e-06,0.9708793967981518,0.012902355315499053
282,0.029885997005139782,0.00646149373703579,4.040117259457788e-06,0.8845704965119663,0.07907797262859849
283,0.05872975355924529,0.0017805483335447858,2.933502691345981e-06,0.9171903236493407,0.02229644095517794
284,0.07936156771852465,0.002203859242979063,1.4950826602448921e-06,0.8941150013030125,0.024318076652823567
285,0.053009673209811,0.003960701584243227,2.0265201224282433e-06,0.936594328715082,0.006433269970741363
286,0.042940006902693346,0.002689868160492239,2.6827034457400246e-06,0.9453798594787027,0.008987582754666023
287,0.018064189854220217,0.007517932477330559,1.5145903674328374e-05,0.9246355520425642,0.049767179722210585
288,0.0741341300873124,0.0022099973678182845,3.8104087092214654e-06,0.8886804605986289,0.0349716015375311
289,0.03144665227614042,0.0054557248787065905,1.8983256131929833e-06,0.9525229484608194,0.010572776058720248
290,0.030274219860538354,0.010855295288388073,7.752031098178536e-06,0.9131803943816894,0.04568233843828611
291,0.0758337582351171,0.003542160445834389,2.8713376782653293e-06,0.9030178481061847,0.017603361875185554
292,0.05104683250568824,0.0054259928703762235,3.910008673506689e-06,0.926760121299568,0.016763143315694125
293,0.026046685306371498,0.005890866153471633,3.05832017211965e-06,0.9593118751875714,0.008747515032413243
294,0.03334568797038363,0.007003521905810049,5.148782789810117e-06,0.9499898615314728,0.009655779809543614
295,0.03967318090558701,0.0067282767907862005,2.6219007773980873e-06,0.9115469101451034,0.04204901025774603
296,0.09627502858072802,0.006876456168151323,9.736306375906752e-06,0.8732763592898917,0.023562419654853138
297,0.12402605079188221,0.007157740401099843,1.0509475061430043e-05,0.8563897818595628,0.012415917472393772
298,0.13888416959192396,0.0033838811810946727,6.365550820351078e-06,0.8066696962106643,0.051055887465496594
299,0.046246388130659656,0.005088952347477292,5.576678017787081e-06,0.5640029572293661,0.3846561256144791
300,0.3509693955575929,0.027611941986825365,4.552367789022049e-06,0.5523947020450051,0.0690194080427876
301,0.1362094696442642,0.17404394526039565,0.0008881288023824257,0.6656637263923917,0.023194729900566056
302,0.1309372566972623,0.18985145364931094,0.0015766919415297394,0.6397723008157328,0.03786229689616413
303,0.04539422859884086,0.30211711938009705,0.0012222286936731102,0.6359542253169427,0.015312198010446238
304,0.0639040991600082,0.226996456880148,0.001300610454393663,0.6692692701805719,0.03852956332487827
305,0.08933189196680628,0.03380286684716952,0.0005027937899034352,0.7023684843214972,0.17399396307462353
306,0.23495563758034813,0.05267969782021054,0.00012582016417970202,0.2594286117170998,0.4528102327181619
307,0.23999020537389354,0.26744838332681237,0.0014316971532296696,0.4560922284020074,0.03503748574405716
308,0.275466647851936,0.14868637491314735,0.002628404452416415,0.4735103613204048,0.09970821146209542
309,0.1241272871421428,0.4289000805093735,0.01349999178028253,0.3697906822271872,0.0636819583410139
310,0.031979002006679746,0.5667967444542913,0.009536086521797299,0.3802306761531754,0.011457490864056348
311,0.08658958669608353,0.046559476784376636,0.00408141348880304,0.06133890106805863,0.8014306219626782
312,0.22950920222010177,0.09290651060750443,0.0007503118663263799,0.15978602865006067,0.5170479466560067
313,0.040634543522467155,0.04908318636694084,0.0024904960463229832,0.002206160234406629,0.9055856138298625
314,0.5708186915779356,0.22433961292100735,0.0007896039380141294,0.003372056960352831,0.20068003460269004
315,0.20561909722716365,0.7652165087930006,0.0017045693201034188,0.005370329865495211,0.022089494794237094
316,0.061839951451441326,0.8930859162436844,0.004862008003136159,0.02495853038659683,0.015253593915141257
317,0.02053378666990963,0.8944451939963316,0.0025247955028709157,0.07676121085281165,0.005735012978076353
318,0.009458065199008341,0.9161204357939413,0.002615991745882541,0.06669847326545564,0.005107033995712119
319,0.03223011996924189,0.8756563062963661,0.0012455964347719787,0.0741755984093894,0.016692378890230637
320,0.014479185453937966,0.9512924365570553,0.006295937224519957,0.02143667693224361,0.006495763832243239
321,0.07648233746382813,0.826791359032441,0.0019083928274138515,0.09153013636980148,0.0032877743065154543
322,0.2055902701666067,0.6220740994953085,0.002622339317148289,0.15124650021415806,0.01846679080677852
323,0.07918077180419472,0.7514523260948182,0.002339087861852104,0.15623585710246912,0.01079195713666595
324,0.10820738957777995,0.6711260446534333,0.0006856770552083328,0.19573465259110365,0.024246236122474563
325,0.020568654166333855,0.9059571301142391,0.0008824778061834988,0.07123368023985199,0.0013580576733917648
326,0.040172050676596086,0.8695403079931388,0.000797897761279726,0.08186931634043361,0.007620427228552068
327,0.013886907934877934,0.9467619825926419,0.0017152931458681026,0.03525253961301531,0.002383276713596609
328,0.04314836681204781,0.829819810512061,0.0012433432095457458,0.11809411548814829,0.007694363978197153
329,0.02196320502091391,0.9194172237132617,0.0026946685042266395,0.051709660864135025,0.004215241897462617
330,0.08111160211096867,0.7432887513564779,0.016132987856149777,0.015801438342371465,0.14366522033403237
331,0.2328981086373803,0.70294048851883,0.002011609381442172,0.009649250199723224,0.05250054326262428
332,0.13456154541672863,0.8430771971377319,0.004210534786291274,0.006736806623259202,0.011413916035989104
333,0.2579615944832461,0.7057842543094212,0.0011867466085949685,0.00453178719181638,0.030535617406921237
334,0.02883380241888826,0.9497538365088697,0.014508887066364785,0.0014762987664796883,0.005427175239397515
335,0.011952960998117976,0.9834744678191343,0.0012350581035620312,0.0016022759836307316,0.0017352370955549948
336,0.02137350521215199,0.9678037889139888,0.0032249671006920663,0.0016079689868442964,0.00598976978632307
337,0.0280434856629429,0.9631167113898504,0.00438277406631751,0.0017272215296906966,0.0027298073511987236
338,0.004947411487826258,0.9847431902721406,0.008983455606737922,0.00036956216648134876,0.000956380466813606
339,0.006673140254957743,0.9890897378657871,0.0023423274833300825,0.00104683304016496,0.0008479613557599067
340,0.003246311615195548,0.990534551685845,0.004278738991146189,0.0007389233770847701,0.0012014743307284202
341,0.0027032297334757946,0.962778486723873,0.03009871489810886,0.0018269926160521875,0.0025925760284900476
342,0.0018164923960987305,0.9171877038422336,0.0749157233385502,0.0015098289629361845,0.004570251460181193
343,0.049946168404902916,0.23428357561533564,0.03358630531506574,0.005376352699020355,0.6768075979656754
344,0.21819771173041522,0.28578851456873977,0.0018023939987998638,0.012193682363446265,0.4820176973385988
345,0.5390936365241158,0.2541317018838449,0.001173507168862088,0.01125997128638682,0.1943411831367906
346,0.2871682870088955,0.6824445321332835,0.000978909256080972,0.004366483645491255,0.025041787956248795
347,0.27429888845331113,0.6104216933898193,0.03447812623992558,0.014993061974981596,0.06580822994196249
348,0.25535692749876154,0.34758460717099704,0.006131440204673556,0.3525816146780958,0.038345410447471896
349,0.03862172734182514,0.8893333130414174,0.008941886742335366,0.05482376159874475,0.00827931127567736
350,0.008510476738275874,0.9688142736189176,0.012922739421779551,0.00240597683371599,0.00734653338731128
351,0.0429471877782561,0.1913627238611888,0.0037593674399103404,0.0074771330869797805,0.754453587833665
352,0.16803030144407605,0.14889342195959135,0.000294720351241467,0.04709430483658928,0.6356872514085019
353,0.20275889749862186,0.6217027889269369,0.0024200052889571844,0.05944086740038425,0.11367744088509996
354,0.4561880282644553,0.18942886705561932,0.0004978759619520921,0.2611899063671079,0.09269532235086535
355,0.03616189015698417,0.03921558862588264,0.0005486821523159966,0.04929731478443319,0.8747765242803839
356,0.01565968451202542,0.008998393740122746,4.400604252832966e-05,0.010752335309773995,0.9645455803955495
357,0.10669747594870514,0.0075613155831861225,6.906832531406031e-05,0.00950512188448326,0.8761670182583114
358,0.8433423367703565,0.11576735721107342,0.0003232691438655977,0.006498789742533668,0.03406824713217108
359,0.24706009187077568,0.6279390985904775,0.001788205256562637,0.074992617546567,0.04821998673561721
360,0.20345616161518496,0.3959181389745224,0.00018952963932898677,0.27362169921984797,0.12681447055111572
361,0.0869366866058137,0.21948252392271578,0.0003752668475287771,0.6356018034769878,0.05760371914695406
362,0.044510754512209955,0.7302291225593962,0.00041040989312602705,0.2161506033914943,0.008699109643773455
363,0.16217712617265267,0.33657674445092084,0.0003075653248620872,0.48377944987231203,0.01715911417925218
364,0.1048027384839089,0.5446272954666252,0.0015033339309351123,0.32828597832838696,0.020780653790143665
365,0.20406889306434506,0.2275555758305481,0.0001403536922158486,0.5324579151925833,0.03577726222030769
366,0.08170530859200877,0.7823216507982799,0.0006630323978640346,0.1271031096855527,0.00820689852629444
367,0.02802206365303455,0.9494835332403782,0.0016225818460279754,0.018392386994293464,0.002479434266265752
368,0.047951624301202964,0.9119133914484224,0.0011830739114071342,0.03237890849618437,0.006573001842783149
369,0.006769912513440067,0.9735990849793436,0.0009358992087337093,0.01765599887345851,0.0010391044250243682
370,0.003342496193075793,0.9805635329143209,0.0029181944171399058,0.01244683550701514,0.0007289409684484785
371,0.02614694662865151,0.9607403092806798,0.0007341348305052073,0.006925996403921303,0.005452612856242205
372,0.020934108525974514,0.9684229474229926,0.0012125580905204506,0.005680122696506279,0.0037502632640060655
373,0.0587732738288564,0.9247910334668296,0.0007098057420140381,0.012258257771157436,0.003467629191142643
374,0.019415978287007567,0.9696847012502305,0.006968579019330341,0.0028019778439747475,0.0011287635994566884
375,0.01120847018920876,0.9800237098893804,0.004761960813866642,0.002551241884416535,0.0014546172231277327
