epoch,N1,N2,N3,R,W
0,0.0002459241927703649,0.0004702682941832335,2.3058961898544054e-06,0.0001292633550867357,0.9991522382617698
1,0.0038185666189250764,0.0010948719186820615,1.122652951101684e-06,0.0006332473962690025,0.9944521914131728
2,0.0038344043085603435,0.0004897479105165382,2.1691861534292263e-06,0.0003190218010248174,0.9953546567937449
3,0.000992108975937628,8.94749695887992e-05,2.697263362925782e-06,9.1883009698247e-05,0.9988238357814124
4,0.028793892618069847,0.0016638172647699182,2.032599531447739e-06,0.008017660379112697,0.9615225971385162
5,0.013056093487600914,0.0010340494703631302,1.019696739126613e-06,0.004376273057174507,0.9815325642881224
6,0.0022254523919047406,0.0004160079236167807,9.708047970770309e-07,0.0007532927721160557,0.9966042761075653
7,0.00037495349966556486,0.0003272514813551081,4.328349648777175e-06,0.0002128550037998945,0.9990806116655307
8,0.0005158749949703985,7.012412750136185e-05,8.080303797604797e-07,6.376495514578558e-05,0.9993494278920027
9,0.022806012034521615,0.0010092538306153863,2.047139861378665e-06,0.005367308406435452,0.970815378588566
10,0.025356092769910927,0.0028245128413609735,7.257176260761222e-06,0.0029563288441823736,0.9688558083682849
11,0.04008654285600553,0.006801565999818749,3.876476784607435e-06,0.005977976045456506,0.9471300386219347
12,0.008979234181778194,0.000627612688593698,9.945540556773763e-06,0.00016760020135066152,0.9902156073877205
13,0.028938373349661744,0.0010430779924857285,3.605374596913898e-06,0.0026575088275984705,0.9673574344556573
14,0.0013949846614143523,0.0006217043006393788,6.032299408757957e-06,0.00019243950988863612,0.9977848392286488
15,0.0024473697644822492,0.000895404579662732,7.902276522215426e-06,0.0007450501829963872,0.9959042731963363
16,0.05253472140538622,0.022963012744339897,3.0395036956029172e-05,0.014959563719600801,0.9095123070937171
17,0.031149269943633536,0.01675870982589932,1.7481823018492385e-05,0.002557961431456618,0.9495165769759921
18,0.02030329310661944,0.005086198548347696,2.5755134238116862e-05,0.002911869008383761,0.971672884202411
19,0.00040222005484194827,0.0006589099466124889,0.00019150707755555266,1.6133862630483666e-05,0.9987312290583596
20,0.0003792651724537623,0.0008875439594949044,5.234342192217011e-05,1.9890325691172204e-05,0.9986609571204379
21,0.03776389103516062,0.005019404876763499,2.6758113866494728e-05,0.0012205497203434605,0.9559693962538659
22,0.09984673832803247,0.017976130945316457,0.00033711254155239227,0.010682377836489329,0.8711576403486094
23,0.0780134993154822,0.08883421003681463,5.233851390591283e-05,0.0069304942704978495,0.8261694578632994
24,0.08534435518257012,0.029238678335920282,2.966803522601139e-05,0.008150687503559429,0.8772366109427242
25,0.014853393830320765,0.005281841422052129,9.454472211852636e-06,0.0005735944636092047,0.979281715811806
26,0.13057935226710377,0.013393360451591674,1.5046670859176583e-05,0.010457823130276048,0.8455544174801692
27,0.07996244054417986,0.01148645167886229,3.031079024039073e-05,0.01400843625253523,0.8945123607341823
28,0.014220429883883834,0.004024930279452652,2.228446056009895e-05,0.0009142326664891025,0.9808181227096144
29,0.11042637347955325,0.00996717822044377,1.2366634263342783e-05,0.009390832625303566,0.8702032490404361
30,0.08918668535572521,0.014538905353163989,5.162914597844309e-05,0.02232094388634993,0.8739018362587825
31,0.08566571381884208,0.03601089399896807,8.703629797858726e-05,0.05674605484614556,0.8214903010380658
32,0.13354703896945233,0.3345370794219597,0.0002857651441097311,0.09059224594041507,0.44103787052406307
33,0.2846828476721279,0.31820817476389185,0.0010467541763252903,0.03096004573516802,0.3651021776524868
34,0.2803883881062059,0.3640043465218977,0.00028701976505188963,0.08339468008639171,0.2719255655204529
35,0.40326578648505074,0.2770665482313819,0.0007410532605248716,0.05353567276520596,0.2653909392578366
36,0.27463939405308607,0.586611400338212,0.0017764869540528238,0.08537761638353866,0.05159510227111033
37,0.028599728457321522,0.08192979785067483,0.002995207247906223,0.0031614790410466054,0.8833137874030509
38,0.3791380761891255,0.39699108759230545,0.00043245362151690686,0.048664150107556106,0.17477423248949595
39,0.3142348598417102,0.4482072642155899,0.0007698224559748927,0.10237485630353138,0.13441319718319358
40,0.28215648422004186,0.676445405381916,0.0060108939076964135,0.00610177010941668,0.02928544638092922
41,0.203318280575255,0.6508970256081812,0.00033715918246937594,0.05717575044373405,0.08827178419036054
42,0.2134541803704465,0.18890236314965322,0.0003443023054860082,0.033086892257676886,0.5642122619167373
43,0.27582405368919355,0.6798692239066538,0.010016082052247752,0.012895452304670697,0.021395188047234122
44,0.3202742963928783,0.6588227201046181,0.00889515313183188,0.005891599649267953,0.006116230721403818
45,0.2823870318488813,0.6802544802020944,0.008656393221923575,0.006179779424484218,0.022522315302616527
46,0.0765336790081558,0.8749024072588223,0.036280045059431915,0.00838282298022728,0.003901045693362861
47,0.05116094856045406,0.9152253499503482,0.025795218755035713,0.0034822586293995665,0.004336224104762377
48,0.08400701496252885,0.8637203886096675,0.04078925328970965,0.007051556584973355,0.004431786553120682
49,0.028721743867932584,0.8652185156204435,0.10163886429742836,0.001938085130774161,0.0024827910834216457
50,0.010897713986692738,0.6873130487982543,0.298230376742711,0.0021376403345354593,0.0014212201378064487
51,0.015059113309563065,0.7599388763296292,0.21801718679659585,0.0026883872818117163,0.004296436282400199
52,0.026453567743134357,0.7163351440728767,0.25248232389022224,0.002478207766348285,0.0022507565274184076
53,0.030167833703214176,0.716891117138622,0.24570070023547566,0.002033290432579991,0.0052070584901082115
54,0.006057618653125072,0.5448790502208893,0.44080704649709507,0.0011999815780569217,0.007056303050833601
55,0.013088642619172542,0.4859830580402416,0.49431667838984383,0.0018683463289233327,0.004743274621818704
56,0.011984868495651134,0.41785221662408983,0.5639979326992195,0.0006710013062789349,0.00549398087476058
57,0.0021581206502791802,0.1288075874801791,0.8665000434481096,0.00021725557625795508,0.002316992845174122
58,0.002320590407261279,0.10012713906304498,0.8961600687747222,8.389308744870404e-05,0.0013083086675229317
59,0.0011515569745172778,0.08664010069085164,0.9110208936448664,7.968951650810819e-05,0.001107759173256633
60,0.0016881438112080628,0.10594897733474058,0.8900189978949744,0.00022815653841892522,0.0021157244206579102
61,0.004072171136412025,0.11078194451894378,0.882325676282328,0.0002448276078880719,0.00257538045442809
62,0.0009569733174047403,0.04286805918682828,0.9545444743080667,0.0002094399121783138,0.001421053275522212
63,0.0003977949470321673,0.016023296256179206,0.9827952826083541,5.3839054533879065e-05,0.0007297871339005768
64,0.0012271263279781,0.020976804197697378,0.9749618922041482,0.000123038742429287,0.0027111385277470393
65,0.0002228426054482336,0.005381346690382345,0.9937685628685854,5.71978683890706e-05,0.00057004996719492
66,0.001433743503319983,0.02380122789696631,0.9727532683612862,0.0001444354673959897,0.001867324771031464
67,0.0003475229086306662,0.00835251500925906,0.9904870593968259,2.764604030907148e-05,0.000785256644975174
68,0.0002743413614898387,0.0065978654613308,0.991815970614733,5.485328558714682e-05,0.0012569692768591245
69,0.0006652712259285668,0.01975951271830899,0.9780021732611931,0.00011910191044821307,0.0014539408841213637
70,0.0002534067368339516,0.0050268962960948165,0.9938169927634077,3.3258931012934694e-05,0.0008694452726505826
71,0.0004654340429318262,0.008354854580420765,0.9900052742816159,5.304722897930915e-05,0.001121389866052165
72,0.0004167647514843198,0.006472632536323614,0.9922134967767262,5.342980451163992e-05,0.000843676130954362
73,0.00048127286950541036,0.0073958490911709964,0.9913004169390973,6.684450184197816e-05,0.0007556165983841329
74,0.0010785585677125615,0.017255260963470933,0.9801244980911024,0.00012999824382975395,0.0014116841338843741
75,0.00033237136441708877,0.008803974136068699,0.9896836515515474,3.708819827731653e-05,0.0011429147496892856
76,0.00031761221312648564,0.007221684818021905,0.9912740572783427,7.554424994220531e-05,0.0011111014405666864
77,0.000149288958798345,0.0036852919347822245,0.9953622192210405,4.214427829686992e-05,0.0007610556070818712
78,0.00033918401488996304,0.009897157750556449,0.9884588103109073,9.299549827011056e-05,0.0012118524253762755
79,0.00019286534486226715,0.007180463498835203,0.9919108021637812,2.010565326696218e-05,0.0006957633392545208
80,0.0001590718137297879,0.004415608193989862,0.9949338824649019,3.383303537175554e-05,0.0004576044920067558
81,0.00035389390740444096,0.006113754033955866,0.99227176908391,8.0415250329936e-05,0.001180167724399839
82,0.00021715353054184414,0.004397567600444876,0.9947929423418488,5.2079546888201257e-05,0.0005402569802763176
83,0.0002621927677063444,0.004723900733268961,0.9940119699953708,5.009280898990919e-05,0.0009518436946639758
84,0.0007557017254212045,0.011427295605305804,0.9855704420920819,0.00015521676020916188,0.0020913438169818813
85,0.00026114841132413036,0.004542009838613439,0.9947168660726514,4.071768290319743e-05,0.00043925799450808984
86,0.0003564394109422867,0.007644123544487136,0.9909544657690441,9.877684791515765e-05,0.0009461944276114474
87,0.00024177556460168694,0.004741215529242111,0.9944086176822107,3.3876435450357466e-05,0.0005745147884951571
88,0.00020820564208961934,0.0032713420866108634,0.9958571653856039,5.561014050131664e-05,0.0006076767451942352
89,0.0003689949862700773,0.0072662802171330875,0.9916573810676983,0.00012676216468957523,0.0005805815642090522
90,0.00027294285488410635,0.004965658304552303,0.9941590424618401,0.0001031496031707625,0.0004992067755526653
91,0.0004966640628551938,0.012138332656149319,0.986122682306526,0.00011725577036037644,0.001125065204109053
92,0.0003227872999878517,0.01123135399311936,0.9876263391599877,0.00010667233719246789,0.0007128472097125372
93,0.0002562878188141619,0.010492106044067738,0.9884624908773715,9.442841061058954e-05,0.0006946868491360467
94,0.00033244140740055285,0.013452332213770034,0.9852853069604802,0.0001227819272591561,0.0008071374910900721
95,0.00019774467535288432,0.0088200959453436,0.9904627920560984,4.834781344313276e-05,0.0004710195097619626
96,0.0001786970105727449,0.003655088642927685,0.9956529880425724,4.365396342864362e-05,0.00046957234049843947
97,0.0006155517921693141,0.010525942547373681,0.9875915739512235,0.0001324413222430458,0.0011344903869905045
98,0.0003586486790174454,0.010487840978689688,0.98820324707663,0.00016494438005734165,0.0007853188856054675
99,0.00033940746258075014,0.008761173825932793,0.9899569600216631,9.567412270707327e-05,0.0008467845671163147
100,0.0005679411725189312,0.012436756485363165,0.9862201534641494,0.00011252340937486488,0.0006626254685937526
101,0.00021528684701935992,0.004002024294993559,0.9953456482680595,6.404459046144924e-05,0.0003729959994661796
102,0.0004976805203691571,0.012941349371197017,0.9857887603615643,0.00016354570650254545,0.0006086640403671081
103,0.0004783806237724081,0.013204645243937664,0.9856028960003816,0.00014514929463592158,0.0005689288372723536
104,0.00023939343531284395,0.008130798590657112,0.9907215828142215,0.00010752257210929638,0.0008007025876992959
105,0.0004759347092853761,0.017752594315937474,0.9806893102663524,0.00020462798353206954,0.0008775327248924499
106,0.0018048435674355428,0.03334177627618732,0.9608566158629736,0.00108990606601371,0.0029068582273899576
107,0.003107671532209285,0.05386001769873452,0.9387298272831556,0.0010666104664838962,0.003235873019416746
108,0.009568231875647213,0.17225029295700636,0.8051482153333512,0.0035536070126405933,0.009479652821354568
109,0.003205212180534592,0.04171504037342522,0.9517634036796047,0.0011357700930421338,0.002180573673393325
110,0.01173331573963887,0.04450380058151723,0.029290685243066026,0.0015281780312215037,0.9129440204045564
111,0.1495169332140811,0.578021044318809,0.07379574686933667,0.00791512713597257,0.19075114846180066
112,0.2885323154896063,0.5237948871652466,0.05970898982348354,0.01420997043324159,0.11375383708842193
113,0.16624268814426718,0.370006179360927,0.07810831823888412,0.0017965775631543469,0.38384623669276735
114,0.34041314513910964,0.4652591613781517,0.04830874732179631,0.0156649533636856,0.1303539927972568
115,0.4006308434465975,0.42551142777662104,0.10179094803739124,0.014213902190623347,0.05785287854876681
116,0.3154396038030358,0.44386550199366404,0.04087079796879443,0.0034944446461300186,0.19632965158837573
117,0.2949264512199527,0.5953229489404479,0.0879004851406077,0.0036290485037074865,0.018221066195284012
118,0.31117755093197463,0.4583543814305861,0.042793184547716155,0.018320849189241768,0.16935403390048143
119,0.11372240769772683,0.813234911285683,0.06155418393376113,0.0010262433892092159,0.010462253693619835
120,0.29291890699811857,0.6465254110493535,0.02450609017446152,0.01060501727297443,0.025444574505091955
121,0.08941695566417802,0.7829200528704524,0.1148354752330441,0.004120533108500733,0.008706983123824787
122,0.29497245166534164,0.6398481004720789,0.04417553093678033,0.014640948674726168,0.00636296825107302
123,0.06008819833479833,0.7730356607209359,0.15704197733426267,0.004309602101650616,0.005524561508352573
124,0.060311755174498806,0.8671067080540691,0.06148112701005834,0.005550045096043756,0.005550364665330127
125,0.11718195653632739,0.809668849032283,0.06103437839394941,0.005396401699542234,0.006718414337898096
126,0.08601135026936993,0.8290800760712403,0.07700684349420342,0.003565063100311957,0.004336667064874315
127,0.13205514572821045,0.8189856438054838,0.02158293690494273,0.006522071917539922,0.020854201643823105
128,0.10118301351036024,0.8447524929993151,0.04808848712101328,0.0023718697499382174,0.003604136619373222
129,0.039677656935072185,0.8929440131257312,0.05314887755271871,0.004057316950855477,0.010172135435622197
130,0.07263845681984728,0.8449689392185796,0.0755787703072041,0.0014034590320389036,0.00541037462233017
131,0.29691906053857825,0.6394018386467528,0.023189372115931826,0.017043071344375115,0.023446657354362053
132,0.04826338406822746,0.8744370370337309,0.06481223149554159,0.005113039999667714,0.007374307402832312
133,0.2538344631360782,0.7021655660839845,0.026264230649908717,0.010020053897984995,0.0077156862320436805
134,0.11386231180920504,0.7678705151412184,0.097958238587964,0.0010311620244154104,0.01927777243719714
135,0.22297265284302115,0.6677843887176586,0.0622385076466255,0.014130723969989323,0.03287372682270548
136,0.22370413132648045,0.7335066667366458,0.02903012111780081,0.0026541023578380983,0.011104978461234805
137,0.16675052478965455,0.7782075616095252,0.04159588992940917,0.002827107300761336,0.010618916370649828
138,0.15156314755988506,0.7897754395545058,0.03638444847230374,0.013844603585281725,0.008432360828023502
139,0.09962365251917418,0.8552714719604807,0.027578370885046083,0.01061500554289835,0.006911499092400774
140,0.07702695602273224,0.8611439477815408,0.03660362148917844,0.011477550928688582,0.013747923777859885
141,0.07453817566166861,0.8516771144869325,0.051732772424219114,0.009356575266801389,0.012695362160378507
142,0.10198605675490809,0.8567366663215668,0.029836288729391442,0.004143901331237588,0.0072970868628960414
143,0.11668617552311948,0.8314708345958303,0.03918386619646164,0.005734363309819516,0.006924760374769048
144,0.1219434921364048,0.8371068594502015,0.029268246436171822,0.006048930553253455,0.0056324714239684055
145,0.02275415726746921,0.9315535538869063,0.0312703818125677,0.0012613116970189308,0.013160595336037757
146,0.07288692271638764,0.13180486679870018,0.006745976490436433,0.0028143557166360783,0.7857478782778397
147,0.2796961000275611,0.4088615011472075,0.00427105084769092,0.01150388896970696,0.29566745900783353
148,0.29528404422457716,0.5569563036656007,0.020007497133179546,0.01651556263573804,0.11123659234090447
149,0.4218285406935656,0.3679755356620162,0.007704115359444342,0.07621163436934662,0.12628017391562724
150,0.12024029436931359,0.47729136325346283,0.00792253168588591,0.31969580794828806,0.07485000274304968
151,0.2634860705932675,0.4191624091001786,0.01028378417949608,0.1377275228274961,0.1693402132995618
152,0.24604001117475735,0.20062295121120485,0.002953738120983388,0.0822143535432546,0.46816894594979985
153,0.045048771276912564,0.019502279279425976,0.00016126275124289844,0.6923533605213804,0.2429343261710381
154,0.12571412029442874,0.025655245712476057,0.0007756630205931319,0.04342630748375649,0.8044286634887455
155,0.06305009778501457,0.008645664498406045,0.0001305143749659376,0.49741216855167697,0.4307615547899365
156,0.06061375187944876,0.0034065813839351416,6.8187169163293e-05,0.32449861154766846,0.6114128680197845
157,0.18232202849262846,0.007100531580256968,0.0001367902729543546,0.2958782845128138,0.5145623651413463
158,0.07693914819972274,0.016947641861774776,0.0006644823377817194,0.11029747891279824,0.7951512486879226
159,0.18226601175477197,0.009339033247735468,9.15401006149489e-05,0.39359291094950344,0.41471050394737413
160,0.08713840126211148,0.01036573438518675,7.256243166763675e-05,0.596961032969394,0.30546226895164025
161,0.09416491937097901,0.013677436342383557,4.705152558896609e-05,0.48814226349390233,0.40396832926714604
162,0.12939273123910403,0.008236637075071246,2.238332985623465e-05,0.4961030088136901,0.36624523954227833
163,0.17436214431735572,0.02570158454040673,8.996102679256106e-05,0.3945527739656529,0.40529353614979213
164,0.3619090155933216,0.013869036453918461,5.6492536381908264e-05,0.3364098551994423,0.2877556002169357
165,0.4598694796434775,0.008816740679011203,8.692396423604319e-05,0.028695476459303815,0.5025313792539714
166,0.23091301726602217,0.011616485907252385,0.00020558383366025093,0.1959100604770206,0.5613548525160446
167,0.11341044651190672,0.013386576925363023,0.00030567337551361604,0.0683677024938925,0.8045296006933241
168,0.21369238165699098,0.013814078082924477,0.00018374803389845456,0.6122008575613593,0.16010893466482676
169,0.10361832559400673,0.011655517617419354,0.00011768137761687015,0.7967454953175896,0.08786298009336757
170,0.39955843680482406,0.02972979276402434,0.0007704523452810823,0.4382234235392571,0.1317178945466136
171,0.10665302818656405,0.02169011054868035,0.00012979589105413834,0.7800749743190976,0.09145209105460395
172,0.23967251252701716,0.042650166060329175,0.0004275189237599235,0.28506044160559074,0.43218936088330295
173,0.1569043385008202,0.07554567186615103,0.0006340952118579849,0.5310146582817867,0.23590123613938402
174,0.22399023137729734,0.06040976798468364,0.00020998070822947807,0.455575805722564,0.25981421420722567
175,0.04431386552743197,0.015435409575213076,0.000286731771823658,0.06180818908570859,0.8781558040398227
176,0.12956566540572614,0.03251794229829862,3.284915494619209e-05,0.16331996936049106,0.674563573780538
177,0.002429272624676677,0.0035314774008246594,0.001299613920089752,0.0020804947853817813,0.9906591412690271
178,0.0010119300272968756,0.00013200746909406121,2.5400119110566168e-05,0.0004182692850915883,0.9984123930994069
179,0.008361226879637827,0.00046835759886298495,4.083918446254051e-05,0.0002219215462028993,0.9909076547908336
180,0.0020601461158009783,0.00019195993312540156,4.306081537759205e-05,8.568977304916094e-05,0.9976191433626468
181,0.004936206618587168,0.0004240493996604043,5.41881284064493e-06,0.0006570981640824191,0.9939772270048294
182,0.1749524377452828,0.009832690113849674,0.00011895958874419669,0.014716389961026415,0.8003795225910969
183,0.005036694402657205,0.000564309828337374,9.22957925228685e-06,0.0009815090875070263,0.9934082571022461
184,0.024153750800259374,0.0025103846938176783,2.6505889005721406e-05,0.003399087329394535,0.9699102712875227
185,0.001424787899977751,0.00036221469989669683,2.5215710621988588e-06,0.0011459697260196068,0.9970645061030438
186,0.3502020161475673,0.022030614999924154,1.5996230486481172e-05,0.07727461316521797,0.5504767594568041
187,0.24291822740336175,0.019508325636430453,0.00012076459578847942,0.09418058615587276,0.6432720962085466
188,0.19467895909360602,0.010710408137140933,0.00018950471365447897,0.015552522356704113,0.7788686056988945
189,0.2580013851206237,0.1770391401373032,0.0008749713409147425,0.2736566629729367,0.2904278404282216
190,0.2796607819999088,0.11899121452190735,0.0021108351198008573,0.3866360358717122,0.21260113248667095
191,0.2714410408536912,0.2717901177959957,0.0011625107532461044,0.38966714851148837,0.06593918208557872
192,0.12575885928803804,0.5467790913589068,2.211480121821579e-05,0.29886586178834723,0.02857407276348977
193,0.3988056968511826,0.3999738369379727,0.0021092829584760118,0.13301317525396275,0.06609800799840596
194,0.14998859608769238,0.6468740560406904,0.0028944783821792538,0.19420109167193864,0.006041777817499412
195,0.09731572156326779,0.8267132232240019,0.004062435705612149,0.06601377995225834,0.005894839554859803
196,0.2583623989713916,0.6340602024732686,0.0043168325488281535,0.07778658182451866,0.02547398418199299
197,0.08574496950534001,0.8254923118517832,0.00598003778181746,0.0751240193213709,0.007658661539688339
198,0.12960700424028607,0.7723132019353962,0.004727368364642,0.07736794988912139,0.01598447557055418
199,0.196044917665533,0.7535062589103487,0.009243998539649606,0.021885079850619205,0.019319745033849617
200,0.046372822815869436,0.8961252454387187,0.03092372431002975,0.015686169389357605,0.010892038046024363
201,0.13246437848913908,0.810162767519614,0.0309178062444812,0.009575617986917818,0.016879429759847745
202,0.10730141864519435,0.8372796637116784,0.04106207529136048,0.005231508005480779,0.009125334346286061
203,0.06781211116551804,0.8760376165265671,0.027212233224492916,0.015029178667163128,0.013908860416258833
204,0.06269336655581606,0.8727884724912776,0.04876430984320004,0.004660868473366928,0.011092982636339321
205,0.026624401187449794,0.8934908966377587,0.06062879504833842,0.00420114339382306,0.015054763732629895
206,0.1610125630090654,0.7438844147075988,0.05959644923904736,0.014832191466381373,0.02067438157790704
207,0.043544231733189075,0.8678794087438223,0.06945997836947898,0.012186239656294772,0.006930141497214872
208,0.03462256867426994,0.9079511450265308,0.04980166690653816,0.003183778889101013,0.004440840503559906
209,0.05400407746643333,0.8082878006456741,0.11240039151777872,0.02072432656593177,0.004583403804182019
210,0.03234029593256363,0.6941616612346401,0.24026036762597858,0.02736596316096747,0.005871712045850219
211,0.06253245905686394,0.5250889826767224,0.3591712567939176,0.04350683924933763,0.009700462223158405
212,0.09036836564894464,0.5793895124428929,0.2919744658826827,0.029988580752616904,0.008279075272862675
213,0.00939727247068707,0.5357100239330229,0.4456778034417258,0.005040604463234824,0.004174295691329524
214,0.011455701917342628,0.47147099597904024,0.5068539014867449,0.006065263919346915,0.004154136697525391
215,0.05003450396283426,0.5965220359496204,0.32878474981626526,0.020312193190593512,0.004346517080686592
216,0.035893282659230634,0.6874446325803423,0.256159986738722,0.017037539560524128,0.00346455846118101
217,0.028908866158166284,0.5809558770569526,0.37673173528168336,0.004756793560432761,0.008646727942765107
218,0.017014388726428187,0.4151250373288927,0.5568011298566363,0.007825081652933758,0.00323436243510902
219,0.015563030698388552,0.3642607807873947,0.6091697815453719,0.008084397830667544,0.0029220091381773317
220,0.012964122415668213,0.43975617195245487,0.5363469123571853,0.0082000209169378,0.002732772357753608
221,0.02331886688753492,0.29346484337852113,0.6701944303517873,0.010497561452197594,0.002524297929959132
222,0.003830666089190212,0.11400119653690197,0.8796830038402228,0.0009825316828575722,0.0015026018508276474
223,0.0032368797389607813,0.0993174929654391,0.8960063554884948,0.00033774551018220104,0.0011015262969230998
224,0.002422378972021588,0.08419636074817506,0.9092294493750719,0.0017161092912852194,0.0024357016134462645
225,0.003157904492649221,0.10828369528438096,0.8856403711573729,0.001392748919541623,0.0015252801460552193
226,0.0037398427636006213,0.06638278650364669,0.926743653267861,0.0015815195125815644,0.0015521979523101192
227,0.012063066498269149,0.1345809818971567,0.8458513948504245,0.004380429237113389,0.0031241275170364896
228,0.00285171954110848,0.060146960170189764,0.9328019216162744,0.002412326906653724,0.0017870717657735055
229,0.006045171705244441,0.11643191099618952,0.867585350683361,0.00411075470736719,0.005826811907837988
230,0.00380414850907208,0.08167324995490381,0.9010222930667847,0.0033428913004837444,0.01015741716875569
231,0.014322077569319495,0.1762269821514262,0.7917019028059311,0.002806094843565373,0.014942942629757639
232,0.12495567789404688,0.3837586116165627,0.43273415074132726,0.011594983474005241,0.04695657627405785
233,0.15937400238330765,0.5600079023460444,0.2323201676734182,0.015548966795548836,0.03274896080168101
234,0.27102858013301034,0.6406656197928309,0.0646928362700442,0.01607645776139012,0.007536506042724279
235,0.26586472800996014,0.3572910703533257,0.06967101129231111,0.014595996506219277,0.29257719383818387
236,0.4094792994289697,0.49054657197326107,0.032356056421164014,0.028220159812048985,0.03939791236455627
237,0.08695399340330084,0.8490067821785731,0.05495546807051515,0.0031451092568103075,0.005938647090800678
238,0.22301142128978022,0.6968829228878377,0.023954043968277477,0.039347096541768184,0.016804515312336475
239,0.05762857302223188,0.7414147278299542,0.17321373110059213,0.022766100081090198,0.0049768679661314165
240,0.07486093375255778,0.832512410571468,0.060574329264876145,0.022994022402406708,0.009058304008691226
241,0.11402762701003687,0.7407926030149412,0.03846079762270607,0.024931901053150747,0.08178707129916514
242,0.17094710218754394,0.751140801101584,0.027060925140765496,0.03806727403446043,0.01278389753564628
243,0.0800426408175821,0.7329887626329186,0.15600649864455202,0.017754041465344345,0.0132080564396029
244,0.09520666635523727,0.5976096861087478,0.023865720046723937,0.033628952689874966,0.2496889747994162
245,0.15015670477945448,0.7248181715959029,0.028405538900375754,0.07985708673954509,0.016762497984721698
246,0.028824632598489316,0.8282649802041653,0.12011910135162801,0.011083879630888888,0.011707406214828419
247,0.19131017035547665,0.721104135331483,0.04343787958817258,0.034377965766617384,0.009769848958250437
248,0.06725948298342078,0.7108966566127298,0.17889696920967957,0.030105289862739647,0.012841601331430122
249,0.18422262851671972,0.5419105043145089,0.041613152605113606,0.1146187778317325,0.11763493673192513
250,0.1535710099403597,0.6552706295635582,0.07832547890857151,0.08568340861240314,0.027149472975107433
251,0.02305273443648705,0.7839393325635899,0.17396178827366884,0.010373898756205794,0.008672245970048256
252,0.15136157603188768,0.7492648115327405,0.07555690863718519,0.015323459894491414,0.008493243903695498
253,0.08140834809460766,0.8547971722205961,0.04256823950799032,0.01064663944893587,0.010579600727869965
254,0.1167074853497106,0.7393131223995411,0.023625116575371877,0.013979645347676003,0.10637463032770036
255,0.11731571713780412,0.8188521578622608,0.04827672519671058,0.007879561084005931,0.0076758387192186256
256,0.09590832736412083,0.8408951274846341,0.051211656811398915,0.0027054991263103833,0.009279389213535683
257,0.16861277478804026,0.7835789947825169,0.033152993418726025,0.005706693602278064,0.008948543408438819
258,0.08647830550861292,0.7712252346175549,0.12099883137724071,0.010249342990545881,0.011048285506045575
259,0.08220160389125226,0.8052430167010584,0.1022105959850393,0.004602147063072997,0.00574263635957696
260,0.15153568067874215,0.783189130855434,0.037793754621604676,0.012426869948762125,0.015054563895457092
261,0.1261641531919723,0.800705093417776,0.06265361141417736,0.006855943288206216,0.003621198687868276
262,0.09318672622759488,0.7511951193678225,0.06578096810650658,0.007314713721895497,0.08252247257618053
263,0.09556905272410116,0.8598903817155369,0.04027597719620813,0.001720179475019546,0.0025444088891341827
264,0.08906046890622925,0.7474361834496765,0.15782082507543957,0.001263304319089059,0.0044192182495656675
265,0.1412316667202906,0.7054978766920165,0.14425875144681424,0.0042030572762041234,0.004808647864674633
266,0.10644536372447072,0.4102106339855116,0.1443575081742413,0.005719849618283232,0.3332666444974931
267,0.23634911655143534,0.6914064259712092,0.05135387639641225,0.009838802513288595,0.011051778567654763
268,0.08291079274459778,0.778037129013863,0.12466910632833034,0.005423385117114487,0.008959586796094312
269,0.0643117813804879,0.7640990967936167,0.167474127505658,0.001017232884549268,0.00309776143568814
270,0.030429228204799312,0.6340108986997594,0.3144677890995236,0.012690404310770504,0.008401679685147361
271,0.03781707451506635,0.6344717723061643,0.3145007908534973,0.008054938171608374,0.005155424153663727
272,0.012120074232350037,0.20191576569178388,0.7764510021041567,0.005562727045027669,0.003950430926681579
273,0.039051307920210644,0.4986560814944297,0.44203030534312904,0.014017021000596321,0.006245284241634222
274,0.019312836113409573,0.36255543107812055,0.6011812208002613,0.011020494699069943,0.005930017309138639
275,0.026229439536487747,0.38551239853955466,0.5688600328165311,0.013962213971285694,0.0054359151361409105
276,0.0147745077351546,0.26712514992799763,0.7078234758907634,0.004171980350633753,0.006104886095450784
277,0.009219939650480949,0.11459124067450398,0.8690798634061947,0.0042802876236971935,0.002828668645123074
278,0.0032366817902594815,0.06272611879640416,0.9302814460050004,0.002086525957087735,0.0016692274512482288
279,0.009754481814642509,0.08432604380470919,0.8973690751605433,0.004476711822146322,0.004073687397958449
280,0.0076559083611188045,0.11464038156531316,0.8693877720101345,0.004748057769371565,0.0035678802940618455
281,0.004946382089956683,0.09024888206482012,0.8967420774739301,0.004495493463090453,0.0035671649082027043
282,0.0265043437717329,0.26398348182857845,0.5462497302341714,0.011190569104365609,0.15207187506115163
283,0.010844751034851611,0.21508740418543285,0.7646381921204858,0.004685436436219772,0.004744216223010069
284,0.021644873157427753,0.2712650361187184,0.6969784411066858,0.005416666506375,0.0046949831107929805
285,0.04282170614098146,0.30710668119394513,0.6322083022450309,0.0014903968772252002,0.01637291354281725
286,0.04152735444799811,0.7828037624023448,0.15607534608092638,0.010268661915480953,0.009324875153249671
287,0.010618703289937918,0.1740977072941003,0.8121196869718257,0.0009074115453894693,0.002256490898746681
288,0.07811191538636963,0.6694150087409514,0.23030702531933486,0.01134177895080029,0.010824271602543836
289,0.05416412780576724,0.5598034699956419,0.3597155271726049,0.015390506632746406,0.01092636839323959
290,0.016240301806515225,0.24564326601404654,0.726320917326187,0.004588590233781005,0.007206924619470249
291,0.010225339189249678,0.12878291853272653,0.8540090594488093,0.0031151416548632505,0.0038675411743514395
292,0.007080290465368889,0.09654636983233475,0.8922274706690755,0.0021683188501968337,0.0019775501830240285
293,0.007017948831263064,0.09382215317469152,0.894334786437429,0.002520694373873889,0.002304417182742442
294,0.01722748064731353,0.1331303468038258,0.8429667100346017,0.0031219054912817092,0.003553557022977326
295,0.0019038200846905537,0.030398303782805895,0.965057476582329,0.0010357161815516937,0.0016046833686228943
296,0.0049185498878948075,0.07429144272143103,0.914137977413565,0.0030319845136119517,0.0036200454634973058
297,0.010356881060858294,0.17139121842773095,0.8037649604397785,0.005236336936556522,0.009250603135075768
298,0.0017081222384260067,0.03624298216597864,0.9573944246301835,0.001987501727989289,0.002666969237422449
299,0.004436266206785019,0.06866755192009646,0.9194828095482742,0.0030840853481946097,0.0043292869766495
300,0.092178057540529,0.48216534875660216,0.32544394864801884,0.026044544758022946,0.07416810029682687
301,0.009174212592093748,0.1915705045073407,0.7906890694427776,0.004375470768072252,0.004190742689715704
302,0.044855441187268454,0.4039668061481979,0.5212392200018354,0.018398620382278304,0.011539912280419916
303,0.010642786390874785,0.22831499943532294,0.7341581521818533,0.01615350106259873,0.010730560929350196
304,0.06239185396607885,0.34277354705353547,0.5365363204869874,0.01946615688191526,0.0388321216114831
305,0.10052132902773042,0.765969802080362,0.08398938708348602,0.022619108606020698,0.026900373202400605
306,0.16865987598936252,0.6792382540470823,0.12046921568422142,0.020314354213172438,0.011318300066161281
307,0.08156148776132285,0.528910689831949,0.3092842515544727,0.012310906785046536,0.06793266406720892
308,0.1357810000713539,0.6511787234716582,0.13792492985348093,0.03373235486758625,0.041382991735920756
309,0.22410737943708045,0.543087278871088,0.15825164917840123,0.04991128836911546,0.02464240414431491
310,0.13021579209785267,0.7347294897356987,0.08039963548751485,0.022956565083196136,0.03169851759573773
311,0.08590856912733819,0.505057946891199,0.20161176825117985,0.08976292635795236,0.11765878937233068
312,0.14527504937130073,0.5928900992047201,0.1755287641510326,0.04908763542672917,0.03721845184621754
313,0.1449564016314849,0.11526334191134854,0.0354753060171533,0.019393081820915373,0.6849118686190978
314,0.10267057496298357,0.05201952684981608,0.0009113251077406279,0.0169739492137071,0.8274246238657527
315,0.41537121872286775,0.42003253043843375,0.06035791388628425,0.033941495050153175,0.07029684190226095
316,0.3721109389178243,0.41535527711782677,0.04311115552147558,0.0804887675252257,0.08893386091764775
317,0.1340358068653888,0.19373628206612795,0.016721181989359013,0.41999079885688484,0.23551593022223938
318,0.10018500470452114,0.03379001063208053,0.004020707014169703,0.6016415087963312,0.26036276885289744
319,0.11961179331769338,0.04733698720400637,0.00261146962407322,0.46616141533856925,0.3642783345156577
320,0.14390606913983217,0.014318844192478437,0.0014770086833365973,0.7039649169759457,0.13633316100840717
321,0.0681510926593261,0.014549937416283246,0.0002661813241414034,0.8880933924526965,0.02893939614755276
322,0.11875909955589925,0.019132584855741284,0.0005182473406075004,0.7612425089924518,0.1003475592553002
323,0.1885363222284685,0.0212327874556251,0.0010290828265881386,0.6891155100222391,0.10008629746707909
324,0.10183511024032908,0.0222579133926638,0.0008451402409804817,0.7397268670240574,0.1353349691019692
325,0.061635918670691146,0.02163359092522928,0.0005047947626158052,0.7138886939064547,0.20233700173500901
326,0.07287049491787549,0.02046560144455852,0.0003475789409938179,0.863414816732481,0.04290150796409128
327,0.03647684669911175,0.021306324803549017,0.0005155268999504842,0.8325127937690242,0.10918850782836455
328,0.19443008142670937,0.019961039836624055,0.0017157378224613952,0.6424051241457811,0.14148801676842412
329,0.12985528023796486,0.01685982065070598,0.0024997750863962574,0.668359804165568,0.18242531985936494
330,0.04733761721151205,0.01963642960654969,0.0006848982773135699,0.8794486581987658,0.05289239670585886
331,0.04106531955307403,0.032168145162087436,0.00033958739591566443,0.8844786103918594,0.04194833749706353
332,0.12402047246429457,0.01998736502181882,0.0007957087758939942,0.8073728084919662,0.04782364524602633
333,0.08165165816303568,0.025558966319613702,0.00012744102503146678,0.86765847543287,0.025003459059449146
334,0.24805701965457752,0.045900330560270264,0.00015595411247747078,0.669533262990534,0.036353432682140724
335,0.20409963730064395,0.07198781990541071,0.00014808032875695583,0.6873246161254757,0.03643984633971263
336,0.08348681692608093,0.04121779483527452,0.0002553796262892775,0.8330441877508425,0.04199582086151267
337,0.042131830125388244,0.09154054632179806,0.00013449720026687358,0.8486937723688751,0.017499353983671747
338,0.05026479815741026,0.04081608546200562,4.047134284131113e-05,0.8882091170513096,0.020669527986433362
339,0.045910764182295394,0.03885592262584639,3.3035664082421884e-05,0.894575262849074,0.020625014678701745
340,0.11049656757221331,0.10082455795031113,0.00022260486847886258,0.7677537865653548,0.020702483043641938
341,0.07546534917185233,0.03859830129798144,4.0033034237398785e-05,0.8597171352533828,0.02617918124254608
342,0.052906165998413135,0.037548698286734274,4.316044294428761e-05,0.8953036246839475,0.014198350587960847
343,0.031436167271414954,0.05304971582522301,0.00022693466822843605,0.8922599377524774,0.02302724448265638
344,0.051057167216947044,0.04628685371233942,5.3542821403396984e-05,0.8861470550642091,0.01645538118510112
345,0.0236956246180979,0.030330771959673566,6.033323129591371e-05,0.9279073806649613,0.018005889525971267
346,0.034075846186649224,0.03753945799419093,0.00015254546767668194,0.904340896996757,0.023891253354726066
347,0.07309522425226095,0.02189514024683457,3.4459869088548174e-05,0.8783515795783756,0.026623596053440113
348,0.07442946349920229,0.04116338624790551,0.0007986093084546602,0.8355492779275953,0.048059263016842164
349,0.19660102114927844,0.039232313430468305,7.888545746435611e-05,0.7374698071911353,0.026617972771653606
350,0.07058861158689861,0.0395275292755903,0.00040634701598819085,0.8380630383079216,0.051414473813601286
351,0.06621879367338956,0.028455853620267587,0.000536544071965683,0.8036934472387491,0.10109536139562805
352,0.09204176486932038,0.021078164103797915,0.0017833747264851287,0.7191585190963377,0.16593817720405898
353,0.1854011564836246,0.03174259803274244,0.007652839591693031,0.5376905194177328,0.23751288647420718
354,0.11364846744513199,0.03360624355727506,0.001967244477855903,0.8048903184708802,0.04588772604885691
355,0.1752836385461155,0.045178744657777256,0.00934491293834062,0.5793856860770598,0.19080701778070688
356,0.07264448868510444,0.014612454296309132,0.001203444149081999,0.782643049013325,0.1288965638561793
357,0.1804542663442649,0.014398544103499956,0.002162038298110685,0.6073975394758495,0.195587611778275
358,0.04061744310600576,0.018394657831185504,0.0014774548624786807,0.5135313227315648,0.4259791214687654
359,0.19834649775197713,0.005580055512718391,0.00026918425193375907,0.767264335942115,0.028539926541255735
360,0.1904071665823155,0.016778510099124063,0.0013745323584122293,0.7375223499606929,0.05391744099945535
361,0.03892817782419853,0.016815181895494653,0.00032757049687332824,0.9200004302375576,0.023928639545875822
362,0.13658606563150827,0.03921400762217193,0.002473052491944645,0.7721161732238432,0.04961070103053188
363,0.05759913468676387,0.043397001948929696,8.715768013407367e-05,0.8771967355781909,0.021719970105981416
364,0.06627447034292372,0.04718723936681113,3.284660117466742e-05,0.8595559714089823,0.02694947228010826
365,0.15270459478526519,0.07494155048593963,0.00027091828600030627,0.5766698871703845,0.19541304927241038
366,0.08630864206574179,0.1470193838771003,0.0001562230810963179,0.6630919710458282,0.10342377993023345
367,0.1190573836666662,0.1591688472652724,0.0002874502779325968,0.6517110666382641,0.06977525215186463
368,0.0506126569451876,0.08644291527981877,4.199881300263547e-05,0.8214372827957921,0.04146514616619892
369,0.08523869879825928,0.09288551597671021,0.0004424439480765611,0.738444180572781,0.08298916070417282
370,0.05226833976596456,0.05854527160822047,0.0002560832195378992,0.7864835847117175,0.10244672069455955
371,0.054264265071266575,0.04710205445004872,6.097683546400416e-05,0.7891971981521866,0.10937550549103406
372,0.028554829624495244,0.05535586858255816,0.00030449804119997957,0.8111290676541042,0.10465573609764241
373,0.031141975818910497,0.06880335827384228,0.00014280937221153626,0.8595952828458333,0.04031657368920236
374,0.07677213838161223,0.084264158528587,4.687812089673253e-05,0.521735782189702,0.31718104277920206
375,0.05073930744737715,0.02477023169429777,2.7472794317559665e-05,0.4339488349388478,0.49051415312515967
376,0.11226659881438877,0.03239470759976177,4.49198978019917e-05,0.6664745602511445,0.18881921343690303
