epoch,N1,N2,N3,R,W
0,0.004246739008749365,0.002420757927513502,1.701465178214144e-05,0.00022086527817582926,0.9930946231337792
1,0.0015121565098962621,0.0005024890346353867,1.6590944998162928e-05,0.00011618406146263728,0.9978525794490075
2,0.0023087713453051164,0.0008299659036292268,6.539982515847275e-05,7.519653394828396e-05,0.9967206663919588
3,0.003025263499980022,0.0007249402535717541,6.904515611220776e-05,0.0012321034517267836,0.9949486476386091
4,0.023135658969018237,0.00476471744000615,8.659195366764701e-05,0.0008354606237980529,0.97117757101351
5,0.03834407944624502,0.002872359316920949,0.00015621234686894633,0.00034809495361163293,0.9582792539363535
6,0.23082674448521975,0.016172475166126465,0.0007263055940885947,0.000691573286890844,0.7515829014676743
7,0.3050513628805865,0.1219520233955926,0.0012658447989847249,0.02960921144672757,0.5421215574781088
8,0.38904210645580156,0.1514929328573334,0.019827591740651712,0.01189643741923271,0.4277409315269806
9,0.10430831146552721,0.6654591742338788,0.1046462224627135,0.02677951021393744,0.09880678162394299
10,0.039342068898600764,0.758472366792943,0.06909334126862685,0.025815851114821008,0.10727637192500841
11,0.020840478980067356,0.9167208370321845,0.01781990034584647,0.016466186847419382,0.02815259679448234
12,0.05807633203624798,0.23837269396736793,0.03929925743680098,0.00793202875954911,0.656319687800034
13,0.19911388490357065,0.32728276437183623,0.01235107771905076,0.18325519503632406,0.27799707796921824
14,0.18366496400648208,0.33048700875119325,0.008385408567624798,0.041887014703996917,0.43557560397070294
15,0.08315514888879741,0.04519852234000855,0.003952972259803866,0.0032436422887434065,0.8644497142226467
16,0.22670502109203586,0.19237538050367237,0.003439875739321266,0.023951235912013775,0.5535284867529566
17,0.07511131592639586,0.04547093948318243,0.00981108138189452,0.0009540385493828757,0.8686526246591443
18,0.377261994639856,0.16380731694689105,0.0025059429064071327,0.0222577303417513,0.4341670151650946
19,0.2340117619701125,0.5413008083988826,0.009784335075849894,0.01803793134351278,0.19686516321164202
20,0.16394762096433388,0.40457700156913634,0.012503442402222571,0.03469366688805256,0.3842782681762545
21,0.09888422165496989,0.4664736336231046,0.019942888436433305,0.015170672690557514,0.39952858359493465
22,0.10399497632805789,0.27470091911684447,0.00950132657479904,0.04866573859592112,0.5631370393843775
23,0.11069819205380357,0.20311218251284754,0.0448378848919018,0.018600303198462217,0.6227514373429849
24,0.08921821338644884,0.626175748889632,0.023457017701451664,0.00811991951192395,0.2530291005105438
25,0.013073310779263157,0.017646852392301137,0.0022666338777710075,0.0011813708706049845,0.9658318320800597
26,0.29087933017696554,0.3580128791949597,0.02546996451091058,0.0163600464724617,0.3092777796447024
27,0.032269958609562444,0.11049264308234098,0.023586380715901013,0.0026270147733272434,0.8310240028188683
28,0.07821576954552346,0.15962970471387392,0.010223549037165821,0.004866381628673859,0.747064595074763
29,0.2357048601874279,0.3690529762639396,0.012654852924336935,0.005058492594341361,0.37752881802995414
30,0.0930304378503919,0.7556897524455193,0.026257326696736916,0.004029323070960013,0.12099315993639193
31,0.0856548668987028,0.3497119291218413,0.015022498588491135,0.02617368353765729,0.5234370218533075
32,0.09916192795495223,0.4229808186177849,0.0212246402541243,0.029367361591599927,0.4272652515815387
33,0.05389121704511803,0.10107344174066898,0.004448014442216394,0.004070724752560109,0.8365166020194365
34,0.13354070290275383,0.3602342165100153,0.021435536334231762,0.015812976366604038,0.4689765678863949
35,0.11803242940299628,0.15540817765418952,0.0073740539258486315,0.0038981637105839715,0.7152871753063816
36,0.0021090777603594256,0.010126163421038274,0.014025993747044918,0.00011197583037565856,0.9736267892411817
37,0.002362343674075838,0.0015236398319782708,0.0017462854182815105,6.78172815606298e-05,0.9942999137941037
38,0.002201005314715205,0.001229673722708348,0.0006588088498399659,2.9187581539659608e-05,0.9958813245311969
39,0.0047264811382088595,0.001532155295277171,0.0006328464468289929,2.8979864094154944e-05,0.9930795372555908
40,0.0036453901054818187,0.0013670939888230497,0.00256960428338806,2.7027348153016145e-05,0.9923908842741541
41,0.004513007770061857,0.0007905418754246007,7.234169187726592e-05,4.839129368209986e-05,0.9945757173689542
42,0.0014187997352874179,0.0003840849058898877,4.261422256800805e-05,2.0664373665221534e-05,0.9981338367625895
43,0.0035817638760971032,0.0008932889635201047,0.0007527290798799278,1.320619124470755e-05,0.9947590118892582
44,0.008515695429744344,0.004409035644933051,0.0001580332704053256,9.836265411130229e-05,0.9868188730008061
45,0.001418201143316819,0.0011342722169257558,0.0001237191686633133,4.399563073602998e-05,0.9972798118403582
46,0.001619401691282298,0.0012591989264809185,5.632188493206762e-05,4.098932716122005e-05,0.9970240881701435
47,0.001004703081626113,0.0007641042409775591,0.0003001074640494813,1.8413874121367748e-05,0.9979126713392256
48,0.0020493215818202432,0.0017646627884863367,1.784410644162047e-05,6.529876395041848e-05,0.9961028727593014
49,0.003676143442968618,0.0029875518021843564,0.00015984118748295072,0.00010155839941737165,0.9930749051679467
50,0.001816155013110694,0.0007265615382374916,0.00015926250449104632,1.802641873630276e-05,0.9972799945254245
51,0.001720375934845722,0.0013215768594460047,7.273423457552143e-05,4.9756536986156986e-05,0.9968355564341466
52,0.0009378478107800703,0.0008904168812435501,6.87234788239758e-05,2.7531590580965812e-05,0.9980754802385714
53,0.0015712564294008337,0.00015902479423362414,0.00011337897752068187,8.711610253482194e-06,0.9981476281885913
54,0.00993047279763247,0.0008836500787264597,9.415890003566009e-06,5.7985859234872707e-05,0.9891184753744027
55,0.0012273763482817629,7.405162250086821e-05,2.1429769051971063e-05,5.43507993554044e-06,0.9986717071802298
56,0.008074133920085392,0.0012367866837386735,5.089068147369687e-06,9.480146775879981e-05,0.9905891888602697
57,0.005400118726428269,0.0012039075247306111,3.664960583168622e-05,0.00014902106336504243,0.9932103030796443
58,0.008053287058057261,0.0016409142092845355,3.101807198573707e-05,0.0003585281961116425,0.9899162524645608
59,0.22566712053217766,0.012551300249345587,3.7411329137469014e-05,0.003189665015092492,0.7585545028742467
60,0.008602316490922229,0.0027048989170343875,4.269743724667927e-05,0.00019858223584370854,0.988451504918953
61,0.012827136830317276,0.0027588464714610465,0.00019145414614511503,5.266555934125485e-05,0.9841698969927354
62,0.013042516370950448,0.0037178818273547166,2.9704623910671213e-05,0.00017715514387078117,0.9830327420339133
63,0.010235273070840831,0.002092912691304792,7.186717764253e-05,0.00014752979877111571,0.9874524172614406
64,0.08159801450762072,0.0044490225699669456,2.79544959707231e-05,0.000564222154919396,0.9133607862715222
65,0.008881288397296936,0.005008612816489826,0.0001180480887860675,0.0003874858699280515,0.985604564827499
66,0.014070282811150627,0.009336622068953634,4.530769930932863e-05,0.0012651480669775628,0.9752826393536089
67,0.002759428745847584,0.002974252810815093,0.0001480232114804344,0.00010998388501311311,0.9940083113468438
68,0.018243217691329337,0.005135832680655704,0.00013540595311947257,0.0002840593060598519,0.9762014843688357
69,0.13362673936936567,0.01664139313380258,7.181700680389086e-05,0.0012216561774715544,0.8484383943125563
70,0.11105990315999965,0.044848194983930105,0.00032687682289602306,0.0025070877034032825,0.8412579373297708
71,0.30208251405052294,0.048149515528298256,0.00024103204099203447,0.004296731291180669,0.645230207089006
72,0.2727347854171193,0.0860602701557779,0.00027024892815091025,0.02340413547967217,0.6175305600192796
73,0.3372676591362261,0.10768447730954232,0.00023835367919749042,0.05664665122143032,0.4981628586536038
74,0.21977495020594917,0.07797744355272661,0.0006393835233835493,0.03727252006144139,0.6643357026564993
75,0.1523728154516079,0.05924083525085389,0.0003270509219968646,0.120990791303434,0.6670685070721074
76,0.3042722683739923,0.18366325190540742,0.0018522169960526439,0.1634395118959673,0.3467727508285804
77,0.0654912679368031,0.011052400230831358,0.0004365874131090828,0.008395662750874357,0.9146240816683822
78,0.21798291025960748,0.07337747700421747,0.0014172635940016432,0.08725412635651397,0.6199682227856596
79,0.21792283487644434,0.042645623960682645,0.00029129495222590847,0.09603693092315528,0.6431033152874919
80,0.3608132904881014,0.17509659750028944,0.0037985030677001185,0.04792478207973588,0.41236682686417325
81,0.2556280130078529,0.17874500654362896,0.0006647672740804362,0.0073991248118668125,0.557563088362571
82,0.376956535260825,0.24404915816649303,0.0002585968658277315,0.0038416592701649988,0.3748940504366892
83,0.37816475652489745,0.31905530845405233,0.005255899427253514,0.0008398768861816381,0.2966841587076151
84,0.09642362533994554,0.7396096230033176,0.0936121984612318,0.001473585279889435,0.06888096791561571
85,0.0546437938598646,0.7994018505790347,0.10173231435976113,0.001997012213299857,0.04222502898803983
86,0.035473221846450194,0.6500508777990128,0.1998190811048935,0.0011634105384808414,0.11349340871116267
87,0.08592452079743866,0.01166918255889364,0.0001736941927491596,0.0010486276086841876,0.9011839748422344
88,0.0025646878660160644,0.0015195008048739186,0.00037625328862039614,8.247908573339965e-05,0.9954570789547563
89,0.06376382804594634,0.014078260535435434,0.00015871402289749164,0.0011737047552366298,0.9208254926404841
90,0.20864388599507339,0.014831018262709387,0.00016649069888349387,0.0008798329816378546,0.7754787720616959
91,0.09849762091401135,0.013349862979741963,0.0001351487277737714,0.0004722785265672964,0.8875450888519055
92,0.16719376227616767,0.061105652611894476,0.0005584182446970483,0.025432095367522802,0.745710071499718
93,0.16644906870211762,0.03235395389651831,0.0006205136568905613,0.03120215180972679,0.7693743119347466
94,0.04977770766083579,0.011674750164037394,0.001188019435637062,0.004198558787365123,0.9331609639521247
95,0.2938934594111391,0.14141797994296526,0.000922470563055213,0.20288075567628794,0.3608853344065524
96,0.41057130490883476,0.21976427293228026,0.002329694268258955,0.1834228044604294,0.18391192343019666
97,0.3400069505170634,0.17374148040977921,0.0020266215130491285,0.15010031283403505,0.3341246347260732
98,0.386095961840481,0.38708324249047216,0.01897124852031278,0.044753307598253085,0.16309623955048103
99,0.5423024248322721,0.10213208893667207,0.006304168562465463,0.027739643677727705,0.3215216739908627
100,0.4684338123215159,0.35910450613954364,0.017476156107458864,0.022950837724283232,0.1320346877071984
101,0.21295013667405752,0.6186319413795631,0.005567831670162335,0.031951532116148484,0.13089855816006854
102,0.3716772687820893,0.4618529049622577,0.016780119806685416,0.009944591554953898,0.13974511489401348
103,0.663970066965638,0.2466120107119441,0.008072418646880178,0.014241709138233331,0.0671037945373043
104,0.2026943835097987,0.7039933050367412,0.026907173268263043,0.004525791837435791,0.061879346347761224
105,0.08699229163598647,0.7328592871693325,0.015082094189841156,0.0014957297358111868,0.16357059726902856
106,0.06054138614138719,0.8871925641635218,0.025748034811738003,0.0015715778637810126,0.024946437019572085
107,0.11070931425671263,0.5138010294557366,0.10733263609590488,0.0013174010958394676,0.26683961909580645
108,0.048093807471403065,0.6655100929156774,0.25852381339045205,0.0006419193205373774,0.027230366901930037
109,0.0036625889784763174,0.2605723557325808,0.7279685888542333,0.00013776077947893461,0.00765870565523075
110,0.027641230537875202,0.508157521384348,0.4543465831721424,0.0004464306312012022,0.009408234274433156
111,0.000962719962462963,0.1523068689986805,0.8454064852468183,5.898235564510403e-05,0.0012649434363929816
112,0.026623140618980662,0.218061906839575,0.7474282610878765,0.0012356903985281708,0.00665100105503977
113,0.009952499300663463,0.27387762990904446,0.706330943731763,0.0009702776895749914,0.008868649368953967
114,0.26616295257121114,0.648970573240381,0.03748378713372197,0.009934292903358352,0.0374483941513275
115,0.03368764137650083,0.8926571611344846,0.052155622948199754,0.00443160836095288,0.017067966179862018
116,0.14907918818553967,0.7085710510139903,0.07219180110690436,0.011090884962957785,0.059067074730607745
117,0.030198197397592927,0.05728792490225874,0.011295029355759543,0.003860220341641887,0.8973586280027468
118,0.010846918860807965,0.009400753246312466,0.0019727120626178538,0.0005230199571052003,0.9772565958731565
119,0.10456651436696106,0.04563570199011043,0.00018289274943091577,0.0020307029570662194,0.8475841879364314
120,0.24553467134729084,0.08264579848553986,0.0014689709207672474,0.002886572372222588,0.6674639868741794
121,0.3483166825444525,0.23134249190942446,0.004170784070176393,0.010022639541184888,0.4061474019347618
122,0.2631560957241599,0.14968559241182905,0.004483685754762254,0.07326938375196623,0.5094052423572826
123,0.288583242136605,0.40437657297483554,0.011192676204500745,0.1340342618150205,0.1618132468690383
124,0.29708559486761893,0.30426493395655796,0.006564656765413044,0.10809011104116432,0.28399470336924565
125,0.25436854068314985,0.5071658492420356,0.013175164293463774,0.06317576052138324,0.1621146852599676
126,0.18814256100320634,0.15795533664494155,0.016348714581024132,0.015242549807601681,0.6223108379632262
127,0.3085621774967213,0.5027904008627079,0.04005453883603913,0.019896489235548775,0.128696393568983
128,0.07883661237784308,0.8470832358589407,0.03517231247373657,0.0035142858002976674,0.0353935534891819
129,0.11640779894306984,0.8132846827133213,0.03489664965180619,0.0020949599165774836,0.033315908775225056
130,0.10522098144081705,0.6977653080745525,0.1559162818637079,0.0007922747541466284,0.04030515386677584
131,0.105716603190617,0.7731671393187279,0.08281345092050726,0.0024957063124766295,0.035807100257671066
132,0.04571167581746177,0.463559115932951,0.4830389126602723,0.0005215358217560928,0.007168759767558463
133,0.010148147449091566,0.32750338332047085,0.6477694109486188,0.0005683748993837512,0.014010683382434889
134,0.004509478469894875,0.1345217217613674,0.8531214957842826,0.0002864297018168607,0.007560874282638209
135,0.06281528382872278,0.6394745304261594,0.26793894348174596,0.0022893610168521795,0.02748188124651972
136,0.02348977624096568,0.3423657663629556,0.6195557660752061,0.0014223404293594428,0.013166350891513058
137,0.018570242762368756,0.45595643371496597,0.504254727076315,0.0019766981910577224,0.019241898255292468
138,0.004309713541761026,0.20303721127421082,0.7859068337242616,0.0005444739833629631,0.00620176747640358
139,0.003701653475401045,0.23332059634894575,0.7582604905091012,0.00046099460583129854,0.0042562650607209235
140,0.001098341187602288,0.12641800649729354,0.8712654803471828,0.0002962512310347019,0.000921920736886661
141,0.02105687275170708,0.32029871532407894,0.0991915788100186,0.005188539080349691,0.5542642940338458
142,0.17393763939502635,0.2430015777364826,0.020618209420541746,0.01699291010953081,0.5454496633384184
143,0.03311669677752215,0.09373946764296935,0.0090828507229683,0.0020065915409177306,0.8620543933156224
144,0.10336909611556387,0.10393605042146532,0.0033466840400206213,0.0022431479600012435,0.7871050214629489
145,0.10539003000871075,0.2319658820419201,0.00796230320037166,0.018191477086410435,0.6364903076625871
146,0.02142814213132785,0.029599724415737383,0.005663092217676969,0.006670122936456036,0.9366389182988019
147,0.01545340202941113,0.03191198920302057,0.006878377276693788,0.005011242582678206,0.9407449889081964
148,0.008894141146410116,0.01707989819543711,0.0009784349799810007,0.0033596424930698067,0.9696878831851019
149,0.022888027670294547,0.012358282712242031,0.0006656599582480023,0.0071089047326545534,0.9569791249265609
150,0.007961546280443748,0.01182844189427072,0.0017267862162615403,0.0008779719054365752,0.9776052537035874
151,0.008016874645087208,0.009608426833330169,0.0001860546861799831,0.0012628832744252798,0.9809257605609774
152,0.032867447567143944,0.0411047019923378,0.0013083080069184025,0.005314087044921585,0.9194054553886782
153,0.09869342637399035,0.10068178582979631,0.0016357255522395685,0.016148549505240473,0.7828405127387332
154,0.05690382896061681,0.04921751025266028,0.0004788966933765809,0.016877243506212888,0.8765225205871334
155,0.05200771375470226,0.0639367287731987,0.0008611190613801675,0.02112068646572058,0.8620737519449982
156,0.003127167635593693,0.01673956065961242,0.001491227810796736,0.0019402508407430751,0.976701793053254
157,0.0023438405365842404,0.003918136213807709,0.0002564799469497674,0.0011088326926925428,0.9923727106099658
158,0.0022803189255287005,0.0014829566272100425,6.977712651998444e-05,0.0009297912566957136,0.9952371560640455
159,0.00555653261773897,0.003414046488001011,0.00023499189646230612,0.0010839342034027629,0.9897104947943949
160,0.009024651080506377,0.005191061810108696,0.0002508621644811189,0.0017096991967107513,0.9838237257481931
161,0.004874415351363191,0.004426990574063954,4.424294317918845e-05,0.0025059850420326756,0.988148366089361
162,0.001776012073526437,0.0023332105260667154,0.00016903587296086256,0.0009623782356292124,0.9947593632918167
163,0.0055253401997259035,0.0032809916773993723,4.0598975051994325e-05,0.0011525537354862103,0.9900005154123366
164,0.004160503100049417,0.0019275225731871083,0.0001847674043739726,0.0015483592918594123,0.9921788476305302
165,0.009927741381903176,0.00504862464562252,0.0006463667375798079,0.001305946062995626,0.9830713211718988
166,0.0012414541602280196,0.0017799696014719586,3.2091224371257964e-05,0.0014352245767114743,0.9955112604372173
167,0.003807432120684661,0.0015235300644784874,2.5766317042034553e-05,0.001997883342535137,0.9926453881552598
168,0.00481354435464116,0.0014773126402249544,1.0713217508351557e-05,0.0011164121581789786,0.9925820176294466
169,0.002319920872024079,0.0013612477532285929,7.746429288168381e-06,0.0006141408089914447,0.9956969441364678
170,0.0103131526977526,0.001325358956149714,2.020210378743026e-05,0.001729288018403329,0.9866119982239069
171,0.011769710899546594,0.0023467797064482153,6.574866492866864e-05,0.0016215901577266625,0.9841961705713498
172,0.00904634525937286,0.0034883390404989076,7.761328805133761e-05,0.0015779567291743502,0.9858097456829026
173,0.020574714405423116,0.0018900603438460899,2.807580281031599e-05,0.0010151963143937264,0.9764919531335269
174,0.1321276354161926,0.015102439328376294,0.00011990385727190905,0.004575005751460639,0.8480750156466986
175,0.00608902985312533,0.008647599346175117,0.00020448268218188173,0.0015031568674860574,0.9835557312510317
176,0.004846207839829037,0.003379906932278357,4.2524368705078785e-05,0.000654027893771674,0.9910773329654159
177,0.0013717776918650555,0.0009324060069562679,0.00044333307957627934,0.00017316054644884256,0.9970793226751535
178,0.0045184950380915976,0.0006414441215688298,1.911806402978766e-06,0.0002356611073033937,0.9946024879266333
179,0.012401248461019226,0.0014216110790431162,5.307410723462618e-06,0.0005787025324730848,0.9855931305167411
180,0.004247366451816401,0.0010282381786705574,2.3748681823810173e-05,0.00030897465864353874,0.9943916720290457
181,0.13279989536123915,0.023176406294815672,2.574683580375607e-05,0.003714993783752016,0.8402829577243894
182,0.1879789719590297,0.007999814055263175,8.816205847837844e-05,0.0098524584166071,0.7940805935106218
183,0.12001854759369503,0.0845813137441915,5.3224867885454466e-05,0.0286292755711894,0.7667176382230386
184,0.20439399106429315,0.07834583725870031,8.193130764102241e-05,0.08185683698007148,0.6353214033892941
185,0.4850363324254806,0.13879561920908662,6.739755903130038e-05,0.2713456750053951,0.10475497580100629
186,0.3998248494779046,0.39643317881221546,0.00046629052922358033,0.1186743872235872,0.08460129395706922
187,0.12291406756375506,0.6423887810229959,0.000379100156134427,0.20853617464842464,0.025781876608690007
188,0.23930518928808184,0.33223037229342434,0.0014217933217789704,0.3041769523073452,0.12286569278936976
189,0.08436201217912846,0.6778850527155613,0.003978021273629291,0.21275027719835823,0.021024636633322536
190,0.008937365349091501,0.9610894455548462,0.0007404968193404217,0.02848044228607184,0.0007522499906500328
191,0.037466702182277205,0.8991480089457468,0.013424983011860552,0.03271164518407024,0.017248660676045132
192,0.12907582980935062,0.7893987855432245,0.001103552829210953,0.06364845366855959,0.01677337814965404
193,0.013982429397654664,0.9787433496830553,0.000704717827265325,0.004654232417589236,0.001915270674435669
194,0.003335129201774076,0.9923689641068881,0.0013441053792693177,0.0014316754781744973,0.0015201258338940068
195,0.1993364665961404,0.7192883641715501,0.007995552768953263,0.020639140677948014,0.05274047578540835
196,0.029594195672932054,0.9401154226528455,0.0231310010030106,0.004747481866210898,0.002411898805000859
197,0.013168384029086069,0.9754583998898068,0.00428947568193046,0.0059638565425631455,0.0011198838566136742
198,0.11792128364806184,0.8004917230062006,0.030204311544214588,0.020071505961378685,0.031311175840144374
199,0.12721826662882046,0.7642307315174007,0.04303947323076183,0.03446162272477044,0.03104990589824652
200,0.14745075851599354,0.7643312346615692,0.003159018203829258,0.016252248072207064,0.06880674054640104
201,0.2778487881088612,0.6718649369727935,0.003419933073966207,0.004782154792097572,0.04208418705228152
202,0.20984587643187103,0.7273699193226686,0.009016363255253894,0.0029995689221833355,0.05076827206802298
203,0.04355998161653375,0.8766602731542786,0.054272600360815555,0.0011135909879725636,0.024393553880399557
204,0.008550489366243934,0.8598988636246307,0.12854394662258162,0.00025038001282145573,0.002756320373722418
205,0.00639929057853451,0.5371170010911389,0.4542086686517326,0.00036489771320437375,0.0019101419653896974
206,0.0017420588873877704,0.750401046772759,0.24589604511023003,0.00032127342255052865,0.0016395758070727867
207,0.0008126510348338748,0.30450550058127573,0.6935686816691455,0.0001663823747025083,0.0009467843400423131
208,0.009356827636444194,0.21103310910854642,0.7715207628645803,0.00045867023610896387,0.007630630154320181
209,0.027175851104771123,0.40596639045499266,0.5465649449921912,0.0005868689134444151,0.019705944534600638
210,0.004248766034106839,0.4239786157891336,0.5657924233964666,0.0001892970907491747,0.005790897689543867
211,0.07358441011160206,0.2620709271021729,0.6447745197978699,0.0006390238047161781,0.018931119183638902
212,0.00281490259733292,0.15311776179491188,0.8410132416277979,0.00010741789115483923,0.0029466760888024104
213,0.0007392575473446066,0.17422401703713658,0.822589180848713,8.249464762427995e-05,0.0023650499191815826
214,0.001255420349993459,0.10476477627811662,0.8922374584003534,5.236448092312648e-05,0.0016899804906135272
215,0.02540861016473347,0.2396958209333244,0.7288150257758432,0.00039647208354811605,0.005684071042550804
216,0.002113966668387088,0.11844429612501976,0.8777374596017562,0.00010741517678963645,0.0015968624280472343
217,0.0004335461882853432,0.06250505077956199,0.9362066001924911,3.67738112204774e-05,0.0008180290284409196
218,0.0013505059377201488,0.016614851508586746,0.9807770083034341,6.0979433446033196e-05,0.0011966548168130542
219,0.00016059389968064818,0.008636105601346065,0.9906304292995659,1.0668355513965092e-05,0.0005622028438934507
220,0.0006475888138665394,0.044065305007226135,0.954080928662611,3.6736310407070844e-05,0.0011694412058893236
221,0.00014286341864059785,0.008829534548383287,0.9907125215865034,1.3502028585991068e-05,0.00030157841788667567
222,0.0006893510565411519,0.00638665291096186,0.9921359070369608,2.615559404659351e-05,0.0007619334014895603
223,0.0002578559226379942,0.019790046785255967,0.9795349282137644,1.3763349440662841e-05,0.00040340572890097573
224,0.00045417014432838095,0.008446842199171736,0.9903578701261603,1.4393254588531356e-05,0.0007267242757509383
225,0.0002474527519255264,0.008785716673048373,0.9903435381709079,1.1179620983969357e-05,0.0006121127831342135
226,0.0009084292816624083,0.013983873750670872,0.9826204790637091,6.092245896657885e-05,0.00242629544499113
227,0.00035468468008473524,0.013552394751361807,0.9851970725833588,1.7356468217794483e-05,0.0008784915169768715
228,0.0021643023656416935,0.053372210709860514,0.9430358570390656,4.9128104436765186e-05,0.0013785017809955016
229,0.0032963581506183326,0.06427371993403652,0.9298203975549085,0.00011637728129527654,0.002493147079141394
230,0.0004331977726933474,0.017031577896863312,0.9818590832419409,1.8599837831909546e-05,0.0006575412506706436
231,0.0029440374759102453,0.022451935895818908,0.9729960167448553,5.3474135685669775e-05,0.0015545357477297803
232,0.0009079510815998555,0.012799765516843675,0.9856011146393258,2.456382834057786e-05,0.0006666049338900707
233,0.00020740177215671085,0.011180515308646865,0.9879757840279482,1.3557575652391373e-05,0.0006227413155960085
234,0.0004590882637308072,0.009485271780342409,0.9875752972905996,6.259365260711882e-05,0.0024177490127200024
235,0.0007410856203714264,0.018164360411182155,0.9799869721352747,3.502036723603516e-05,0.0010725614659354856
236,0.000493364728504591,0.023426918316117745,0.9754193427836352,1.9203083595232342e-05,0.0006411710881471268
237,0.00010634427866827525,0.007644961027547719,0.9918868541642237,9.006242223929724e-06,0.00035283428733626465
238,0.0007663627764685884,0.009800553714932991,0.9884905785661323,5.2530036837192524e-05,0.0008899749056288529
239,0.00018291640825866,0.012352005065046478,0.9871684215125583,1.1574041424348734e-05,0.00028508297271227594
240,6.776799392373122e-05,0.007398110818357047,0.9922697390448952,6.119428756847123e-06,0.00025826271406717056
241,0.0005741915580408913,0.011991893232068392,0.9865011108714308,2.3338090565710468e-05,0.000909466247894189
242,0.00010985654923634515,0.012359104594576047,0.9873356660214667,7.280803801388393e-06,0.00018809203091956137
243,1.620737705603761e-05,0.005652098458992254,0.9942075889979348,5.0074086119203815e-06,0.00011909775740510421
244,8.177236350025423e-05,0.003315996474219948,0.996341895107519,9.777862953576817e-06,0.0002505581918070766
245,0.00035961917588891144,0.004212245011500029,0.9945605650582819,0.0001175931368022418,0.0007499776175269053
246,0.00017072918215014498,0.007903782921026295,0.9908579136273702,0.00016640049752058615,0.0009011737719328857
247,0.004465779994464568,0.02270352466626733,0.016267463760085175,0.0024546097647679833,0.9541086218144149
248,0.007648346402517578,0.014975932054117423,0.003659770230274062,0.0017842657354221745,0.9719316855776688
249,0.049255041824342705,0.018733774709321697,0.0014179711692322518,0.0012814811981425546,0.9293117310989607
250,0.0032973230481221426,0.005526902460553095,0.0008777703335763604,0.00015393879801885982,0.9901440653597295
251,0.192843586364145,0.2157954012148227,0.0032905903994333414,0.018703479137933215,0.5693669428836657
252,0.12291567649578056,0.10226318635230225,0.00331228338717146,0.021838126844245458,0.7496707269205003
253,0.009388760990711013,0.00585373848929485,0.00552055079297473,0.002914388029697064,0.9763225616973223
254,0.043910086358663475,0.04556756453765969,0.0016475620318810087,0.018798204044675627,0.8900765830271201
255,0.025783557787051735,0.011053044085345754,0.0037062868061935195,0.00420406556238363,0.9552530457590253
256,0.1515865304832114,0.018903142297041573,0.00055564697970849,0.008400386684815103,0.8205542935552235
257,0.005015637881639682,0.0045884121323284495,0.0016782025695042278,0.0004148883718111961,0.9883028590447164
258,0.044785524209565254,0.005446484293318515,0.00032361630553276476,0.0022810588874010076,0.9471633163041825
259,0.1434884301843669,0.020461709817492173,0.0007660900883673614,0.021253910786176864,0.8140298591235966
260,0.01653456348873979,0.0021407266235068524,0.0006691193669851576,0.0010897933589919622,0.9795657971617763
261,0.34797824613418543,0.04436325646703277,0.0006051798892175949,0.09709653042155302,0.5099567870880112
262,0.47249897344539493,0.17870927856275298,0.003918582013724718,0.19766283459014858,0.14721033138797882
263,0.37184417883142407,0.10620806727021044,0.0018049324765671585,0.21752234051580208,0.30262048090599636
264,0.1869179929845799,0.24563033833160625,0.0033319455505866147,0.469236329464677,0.0948833936685502
265,0.15228689623939057,0.10621251778984205,0.0017990732490520192,0.6924845113646495,0.047217001357065844
266,0.1676798648264926,0.2942847639291814,0.0015106778360180404,0.5249612003089119,0.011563493099396081
267,0.08829909750110272,0.5157823304081842,0.005946055689380532,0.3655709750255777,0.024401541375754888
268,0.252936830964976,0.2751768786003243,0.0036533854450592194,0.40336149396542287,0.06487141102421748
269,0.18504229658204474,0.05777075272536133,0.0033432646845043754,0.17528332617216177,0.5785603598359278
270,0.04676039322655187,0.010365568307238877,0.000147235603200811,0.01735031651972339,0.925376486343285
271,0.4878965596619191,0.15592061386947562,0.0003269751322383756,0.1806891995363195,0.17516665180004742
272,0.44497812339199255,0.05057531432603683,0.00017141352079338076,0.09191488877257759,0.4123602599885997
273,0.46769568774287323,0.12404401333608621,0.0008261804135625626,0.11247486886680633,0.2949592496406717
274,0.36215553632103487,0.270568997725669,0.0011767594092866635,0.29056723577026833,0.07553147077374114
275,0.33016670981038065,0.5071512541344053,0.0022344858835874073,0.09201735428655118,0.06843019588507548
276,0.20189705898454685,0.7038295611485577,0.0025563829706600196,0.03843623977104899,0.05328075712518636
277,0.5243424945859733,0.33107880107701765,0.0009052105766923,0.06843702229065839,0.07523647146965838
278,0.08669888229779157,0.8899761479169687,0.0008718536306628962,0.00692695679849093,0.015526159356085993
279,0.03259845603864566,0.9286192661114816,0.021556789323631646,0.001951758126370382,0.015273730399870794
280,0.00951686466865436,0.9739409267567054,0.012904303029287205,0.0011592787681859657,0.002478626777167054
281,0.04930864131755156,0.8950751801442749,0.038635975689912394,0.004924031022785155,0.01205617182547614
282,0.028729269159418088,0.8282834491030536,0.07411526207404401,0.0017527168880109557,0.0671193027754733
283,0.2508231772372481,0.5902528753596242,0.002848710168582902,0.04709242354787071,0.10898281368667403
284,0.13276675355535744,0.6558169735663945,0.009056376374624198,0.01996558011554026,0.1823943163880838
285,0.0045134624147394895,0.015411269819026307,0.0010216836962340535,0.000987562861628083,0.9780660212083722
286,0.011526068934980673,0.011477504078707788,0.0009717541369542362,0.00195554557544926,0.974069127273908
287,0.034933249501366,0.021749791582732016,0.0008791954527455744,0.0025888087868221167,0.9398489546763343
288,0.009735653825863331,0.008908399406466982,0.0011274519464971639,0.000572265707144485,0.979656229114028
289,0.022689260512140017,0.013667173771094946,0.0002566336452826645,0.0011776969672210819,0.9622092351042614
290,0.019745619526212215,0.011329888507656536,0.000910618074415963,0.0011654989225630917,0.9668483749691522
291,0.44215298313573226,0.37699794967599964,0.0006983509331987351,0.051130833250662124,0.12901988300440717
292,0.20363711795240516,0.11503626161034296,0.0005735874075787211,0.07972390606407231,0.6010291269656008
293,0.11642119691575295,0.06691799959646534,0.00030885920471621065,0.5573842990328111,0.2589676452502544
294,0.1926818642700407,0.13581253983644245,0.00039036123132993653,0.5035096316307673,0.1676056030314196
295,0.2655254361803997,0.14194060600879493,0.0006987068570505268,0.44181133500757824,0.15002391594617673
296,0.14379372691077455,0.511798399122726,0.0013860926430143516,0.2712329604440835,0.07178882087940165
297,0.2914741532337666,0.428442235456849,0.0002977459524147668,0.23982228447233528,0.03996358088463437
298,0.20409456730797307,0.4131561478361002,0.007001812579929944,0.30223440444388333,0.0735130678321134
299,0.175217692637658,0.6241174277594549,0.005683537998833547,0.17944713282313204,0.015534208780921406
300,0.12312208667949023,0.5137467990232586,0.0017018828893808533,0.2909332388767821,0.0704959925310882
301,0.006832171583352403,0.9845002971245463,0.0005735611042784615,0.0067921572595468485,0.0013018129282760173
302,0.0018796112352720872,0.9635658106034577,0.027554540956325882,0.005979289802324168,0.0010207474026201458
303,0.00950951160824242,0.05431084070322928,0.005122322308320053,0.008069367593210704,0.9229879577869975
304,0.003685555632800059,0.011131360420019042,0.006249746949521684,0.001892716643210093,0.9770406203544492
305,0.0050940570224275936,0.006333970141522332,0.0004395441430628269,0.0024882437607477857,0.9856441849322395
306,0.024413443885156615,0.010562493209398234,0.0011185088244338138,0.003058277589481128,0.9608472764915301
307,0.06016615134780061,0.04451222199148068,0.001286473597339791,0.006780733045312471,0.8872544200180665
308,0.08519197596541524,0.1068865077620939,0.002462326517934265,0.02961917930570481,0.7758400104488519
309,0.4109206254060476,0.13924516920782007,0.0005304378634903593,0.17120051732774746,0.2781032501948944
310,0.20726609667420143,0.08139922954095762,0.00040475146467247076,0.09575376862264759,0.6151761536975209
311,0.2639590195213485,0.12239639026669046,0.0014260518103549231,0.06084039426756294,0.5513781441340433
312,0.20718884177230534,0.12485953839219616,0.002934022240997867,0.09570974844843087,0.5693078491460698
313,0.5076766914944911,0.17247352992061754,0.005730667453761122,0.1073840765909124,0.20673503454021788
314,0.36170184437273073,0.16653522452089606,0.00592345466811884,0.12217277615008205,0.3436667002881724
315,0.27849240188010427,0.2989740924508976,0.0034655860368347827,0.31295175453528434,0.10611616509687899
316,0.033889980917118076,0.8567318344574533,0.05409727069084511,0.05155854078250891,0.0037223731520747514
317,0.30139243183442055,0.4185253311168419,0.045711524253528577,0.07944910631476605,0.1549216064804428
318,0.37590645830791086,0.03583617157073011,0.0010239950352711235,0.021433258695109862,0.565800116390978
319,0.3185276278198061,0.09246009557861473,0.004433248892025545,0.023431006617241196,0.5611480210923124
320,0.46448849897612815,0.13722709790115456,0.0021583353694475094,0.023464992097273665,0.3726610756559963
321,0.5874937441588648,0.2283026805515778,0.012168785647204814,0.05451066018324453,0.11752412945910816
322,0.10300224317414325,0.7708949537331301,0.0373144427213469,0.02722826126244885,0.06156009910893086
323,0.09607453826867476,0.8091699393622727,0.05710672497346864,0.020900834101890607,0.01674796329369329
324,0.09125422390677385,0.8236663549148228,0.021714077934189658,0.021892183128817463,0.041473160115396236
325,0.006928404701603828,0.973060783529942,0.014764517985910781,0.001616247297918289,0.003630046484625163
326,0.03376478998302661,0.907216550451217,0.02789512180909355,0.002284188215786582,0.02883934954087626
327,0.12165033341696677,0.810001346023008,0.021630393628171582,0.021747520201574812,0.024970406730278814
328,0.11044869226209832,0.8160288435868134,0.014362229520335718,0.009613174392958976,0.04954706023779358
329,0.12791272063271683,0.7897190165811081,0.004975392212290801,0.019705009359838637,0.05768786121404532
330,0.04148580291401377,0.9322284898181515,0.014238352299228473,0.003990465812092577,0.008056889156513519
331,0.059322521645078,0.8289929738219284,0.013586516597915543,0.005315037906058163,0.09278295002902007
332,0.07253122358848814,0.9034892355486905,0.004141784377062305,0.009614055591014626,0.010223700894744382
333,0.035233302499390225,0.887289163718676,0.016795534313284944,0.0016829195186381792,0.05899907995001055
334,0.14389388189630625,0.8080661813462678,0.00235052482308843,0.0032317651653124843,0.04245764676902513
335,0.023221663637246263,0.9235405864095192,0.029897275718479836,0.0015631624371153616,0.02177731179763937
336,0.08294415867040786,0.8470977423317969,0.012411748409608762,0.006432228604231437,0.05111412198395497
337,0.058953925133857714,0.9133355740748523,0.0030264459656441332,0.00485334162869294,0.019830713196953075
338,0.013869745155117578,0.9230519936115859,0.042357244472040374,0.0031765428492360787,0.01754447391202023
339,0.024481019087139098,0.9652704190612087,0.0019978510284547986,0.0035656391155258925,0.00468507170767155
340,0.009433816607952816,0.9764117768385775,0.011124924967433844,0.0008789914205008957,0.0021504901655349054
341,0.08383575085416005,0.8242239123084538,0.0017743699534572455,0.015009809108242832,0.07515615777568606
342,0.029433000304642503,0.9346200006406994,0.008938701812707579,0.002788439391151548,0.02421985785079892
343,0.05564117567140016,0.9092117503579761,0.010668264627138414,0.007831444761592699,0.0166473645818927
344,0.02273335884595112,0.7946173252025321,0.13592341284206041,0.007211928893409254,0.039513974216047236
345,0.0061429042561829475,0.014628711555002732,0.009458447825315752,0.00461350321939824,0.9651564331441003
346,0.011702652640013807,0.0064357271721877125,0.00021419326419418498,0.00551948714516395,0.9761279397784404
347,0.0006876340039222795,0.0007170545007146671,0.0001562075294212811,0.0003274301135833911,0.9981116738523583
348,0.0018424721648917463,0.0005674299068228115,0.0001444772948260625,0.00045744400881895386,0.9969881766246405
349,0.0009318502116795155,0.0020757734998484156,0.0016695755365948894,0.0006031933217240509,0.9947196074301531
350,0.005304493414497624,0.001864721546216953,0.0008369183488496459,0.0013103968723415039,0.9906834698180943
351,0.0025334549894265638,0.000902225439228343,0.0002839565248666689,0.0012295643567302298,0.9950507986897481
352,0.0020909280361941962,0.004130267271299792,0.0014093746851534595,0.0017056282754233812,0.990663801731929
353,0.00943138833938532,0.006378628136177774,0.00031697826514634795,0.002009608517119447,0.9818633967421712
354,0.007876468282791082,0.008857617912453002,0.0006707226460095948,0.003601817798845989,0.9789933733599002
355,0.00540316234253029,0.010701807432163441,0.0002627304871092812,0.0033173277708930596,0.9803149719673039
356,0.012672755168752967,0.02144762169501592,0.00048216113134334516,0.005837317995205466,0.9595601440096824
357,0.012300560969543902,0.030191865461780976,0.0033482590108511586,0.011170836980564177,0.9429884775772599
358,0.0067885272805079415,0.016929457469770877,0.00010923425409187104,0.0130762299607003,0.9630965510349291
359,0.02854609801784118,0.04056763192946126,0.0002908991332838208,0.02424382752938932,0.9063515433900243
360,0.007294510639583028,0.021339567164452476,0.0004817100303831793,0.02983827413904777,0.9410459380265335
361,0.01570482755800417,0.018322443405116212,0.00031426885982311265,0.03080093714497259,0.934857523032084
362,0.012990194020588644,0.02505719087985178,8.10381130029527e-05,0.019382633879248153,0.9424889431073085
363,0.026802964133572624,0.05855980523305323,0.0001539326505414084,0.019038453774970446,0.8954448442078623
364,0.06255254349955215,0.023097993841109485,0.00015047465212204348,0.03941448428371686,0.8747845037234995
365,0.046999258043249136,0.04006563267214779,0.00017762115984380105,0.07274778642658657,0.8400097016981728
366,0.07886923428002798,0.02028059493206677,0.00013426968087217622,0.09552566489406376,0.8051902362129694
367,0.21521290598985862,0.055014312970927945,0.0004349762922033137,0.2618806787002819,0.46745712604672823
368,0.06659704249072339,0.07109237391676344,0.0003745408187418201,0.12031917071490829,0.741616872058863
369,0.08881366042258867,0.0877843222654546,0.001274362373283,0.2693606737970432,0.5527669811416305
370,0.2129643548668033,0.13134019211117548,0.000919695973216897,0.3325830011525778,0.3221927558962267
371,0.19471605354937088,0.2263887232800054,0.015367239602241529,0.3111331407952222,0.25239484277316004
372,0.08106485543882906,0.14891030101452343,0.0007162002310810708,0.29095038119960187,0.47835826211596444
373,0.00446531735194086,0.07411706931810647,0.008414915479376306,0.009526778700745973,0.9034759191498304
374,0.002272826160386677,0.0048806579534103065,0.00027061418174208814,0.003563356328194468,0.9890125453762665
