epoch,N1,N2,N3,R,W
0,0.00042522986555495036,0.00024604273606172554,1.7854269319749142e-05,7.03409963020259e-05,0.9992405321327615
1,0.0024100931567240243,0.0003461914006448099,2.3068008411857845e-06,0.000420308731905037,0.996821099909885
2,0.006588982644342476,0.0012492444654797934,7.256103605389711e-06,0.0019841103814100328,0.9901704064051622
3,0.00012432432947295213,0.00010960063590433285,3.679376593550557e-05,1.906299249210187e-05,0.9997102182761952
4,0.003191761635401774,0.0003765626132145455,3.6788943818061982e-06,0.0003802015140263394,0.9960477953429756
5,0.00750862572851995,0.00017482629510001105,1.5599296338572313e-06,0.0004987172923347257,0.9918162707544115
6,0.035384827651150585,0.0014701440210565804,8.313391282141296e-06,0.0017243084529382099,0.9614124064835724
7,0.009117301272166457,0.00042632147839916204,2.936622816094956e-06,0.00041292815410917465,0.9900405124725092
8,0.021709628058107243,0.0009572839771966133,4.508822115781264e-06,0.0006418893527631956,0.9766866897898172
9,0.22729826767660702,0.005059184238946954,2.9710831133228418e-05,0.007214577850083082,0.7603982594032298
10,0.34191513561862297,0.004460678622831212,2.7699645301512516e-05,0.004666820350721384,0.648929665762523
11,0.18244884430046568,0.005082303397765676,2.419819223984953e-05,0.007183093589929457,0.8052615605195993
12,0.595501431754266,0.02114215645835251,4.320602397157409e-05,0.02339475284373096,0.359918452919679
13,0.655891248048638,0.031926049702187057,4.549196924847268e-05,0.045423972055904885,0.2667132382240216
14,0.7076148851761564,0.09527666264883562,0.0001375859008326716,0.11943551985296422,0.07753534642121107
15,0.496958888884596,0.19485598942673307,0.00012444097625490674,0.20393119638019133,0.10412948433222481
16,0.2793018527243568,0.24601025593221193,0.00032274863659939975,0.4124662714665877,0.06189887124024415
17,0.18340452976059898,0.5281896596898292,0.0012800030350255177,0.24141027576382226,0.04571553175072393
18,0.3030991747914903,0.3502734605139451,0.0002273779141304711,0.11464671595719869,0.23175327082323538
19,0.17206857058536756,0.6925535564761011,0.0016763425914845058,0.07629994209237655,0.05740158825467017
20,0.098523941200684,0.8067521330307732,0.0023923975828941176,0.034152067236273495,0.058179460949375206
21,0.10134826503064784,0.7804911857498341,0.002083677756292029,0.05440966558159314,0.061667205881632964
22,0.0012568892540346676,0.006431913628545741,0.0013169156588635266,0.00013908175374925216,0.9908551997048068
23,0.21076682478405528,0.06308143301684423,0.00018074722510566277,0.004744553380100711,0.721226441593894
24,0.35614758180850037,0.29993718404727027,0.0007831044477047143,0.007718355712650484,0.3354137739838741
25,0.4646914525747078,0.4230227509828172,0.0022326490127299757,0.010885920547718368,0.0991672268820266
26,0.16955702074855583,0.7730745060868862,0.0005278137234632226,0.013280486567590398,0.04356017287350417
27,0.2066210556719892,0.5773439634685421,0.0005398673245696513,0.14100139001951323,0.07449372351538591
28,0.1290683179807931,0.6809031991070675,0.001421940913059622,0.15908652690431735,0.02952001509476237
29,0.154737811720956,0.65145561426791,0.0014059565102893185,0.16698681804922835,0.025413799451616453
30,0.06704996156200571,0.7550572902603379,0.002825499782369878,0.16313004458395322,0.011937203811333291
31,0.04672720127609694,0.8745965063461555,0.002142185292992957,0.0642782078498976,0.012255899234856982
32,0.0974764282834376,0.7806721934653298,0.006288997273788343,0.099938604195523,0.015623776781921242
33,0.07134648831293572,0.8076004138006215,0.004228450321284052,0.10088147115618235,0.01594317640897617
34,0.03440225786872398,0.916283162529945,0.008820646188737203,0.029256633154126858,0.011237300258466788
35,0.026625426725123958,0.9158049666450797,0.01956297489419079,0.01829776733931791,0.019708864396287534
36,0.036086191921769435,0.8851532040245946,0.015792768093715045,0.043794714367064995,0.019173121592855866
37,0.031083902207242532,0.9157639044105269,0.02200945659238691,0.01752428899947289,0.013618447790370924
38,0.03379632375866278,0.9003177724857848,0.020557752848129142,0.008795376268732802,0.03653277463869042
39,0.023887754105758725,0.9378866861081688,0.018303586760780505,0.008604732845187778,0.011317240180104063
40,0.057963468944586614,0.8962884141855767,0.014855190790243795,0.018641834818496263,0.01225109126109662
41,0.024367123157675828,0.9379946324797754,0.024672646370426043,0.003125485966107514,0.009840112026015212
42,0.05676238937584176,0.8629589069421483,0.05894750117604721,0.0019725983178281664,0.01935860418813486
43,0.016945817253223548,0.9281116013374701,0.04601610324892503,0.0015982350081054288,0.007328243152275847
44,0.016554347354940994,0.8437116187770279,0.12242138489333985,0.0016163766496208188,0.01569627232507043
45,0.017616216688674264,0.8148054948332704,0.1585780718563427,0.0008258991870643719,0.008174317434648335
46,0.0055285318637089305,0.6563522770868239,0.32470935577908533,0.0005456668608893237,0.012864168409492649
47,0.012995528329755344,0.8955917815004355,0.07949859472731152,0.0017902279714311778,0.010123867471066422
48,0.006660107376686966,0.6020498460984953,0.38418368222695576,0.00039030494573104595,0.006716059352130862
49,0.0037879167427524126,0.4728911527393747,0.5132134226854477,0.00033205183440678795,0.009775455998018346
50,0.00817296767768686,0.6333552012986667,0.347687213127375,0.0006928854662098917,0.010091732430061486
51,0.006574010348214635,0.5864388820278816,0.39844268614663436,0.0003926574928956368,0.00815176398437374
52,0.009388221828765805,0.6474908290664708,0.3330821350041575,0.0005152346942214537,0.009523579406384335
53,0.005760245742139812,0.6664987796768621,0.31192611139567056,0.00045562699047228475,0.015359236194855071
54,0.00934807287433063,0.7582515437002377,0.22267877164537628,0.0005610203905765447,0.009160591389478792
55,0.01590266495121746,0.7502746893758467,0.22113219231811337,0.0012746086754899639,0.011415844679332364
56,0.009498371610452562,0.6978480571624566,0.28370486343471385,0.0010058800432322013,0.007942827749144682
57,0.005023103703390295,0.6549982693757787,0.3311310293752138,0.0010293174512146842,0.007818280094402528
58,0.03494580945285301,0.9219475879347689,0.02938741438081798,0.003248892742553231,0.010470295489006853
59,0.020878505682393505,0.9017388709361076,0.06683290334904944,0.003014086744865551,0.007535633287583877
60,0.013980980386013486,0.9249403660738984,0.05507538983675148,0.0015614867537285934,0.004441776949607854
61,0.012275081910676704,0.8799198080702505,0.10178892619396085,0.0014751593212361175,0.00454102450387586
62,0.007221259724735045,0.5776238043186744,0.40738139945461993,0.0016662370413070167,0.006107299460663574
63,0.008844039222304643,0.7277447383263219,0.2516161711512353,0.004359683073365537,0.007435368226772428
64,0.03465630518144415,0.8490369049791181,0.0884474665502838,0.004992534153235412,0.022866789135918685
65,0.12185343746949483,0.8170588937505608,0.024061919962434997,0.02301452533132532,0.014011223486183963
66,0.10009687471934874,0.8703350358713925,0.01672963948012974,0.006820564861615196,0.0060178850675138475
67,0.07469384982805059,0.8966911297656868,0.020597001025084934,0.002739047334693,0.005278972046484713
68,0.019128172340514015,0.8040173832758494,0.17057731505542856,0.0009939578945022053,0.005283171433706022
69,0.02716518929072589,0.8679282054733541,0.0956054769666792,0.0022197590612196933,0.0070813692080211425
70,0.020575560174787896,0.8818415433518357,0.08962153610767605,0.002025074934460736,0.005936285431239447
71,0.011787908677510103,0.6178743559899647,0.3611331765109638,0.0009147435865392629,0.008289815235022108
72,0.013359410708169584,0.4892251361850799,0.4830818461239781,0.0013306280752459743,0.013002978907526415
73,0.01421659115286711,0.5887959717319236,0.38627352174700424,0.0014436076756430421,0.00927030769256216
74,0.011625195863499483,0.6964094942776752,0.2826943877304166,0.0013089885183448832,0.007961933610063674
75,0.00422466504903685,0.26232180726259824,0.7221957001400314,0.0008951342108797621,0.01036269333745371
76,0.002482846379953989,0.3254905398484558,0.6643579419392129,0.0005450272074400227,0.0071236446249373355
77,0.0032343521396615664,0.37843051548132844,0.6094694707777509,0.00046282542132687913,0.008402836179932297
78,0.005245903227799926,0.2866244435488444,0.6967855703565619,0.0006753608830857784,0.010668721983707932
79,0.004494506818741407,0.30793823582539076,0.6765812692659515,0.0005472199222649397,0.010438768167651196
80,0.001953796245181192,0.22950206015764008,0.7571082978369629,0.0004833631037644029,0.0109524826564515
81,0.0020575061420454524,0.14626188903807855,0.8438824241313303,0.0002629638551974499,0.00753521683334823
82,0.0033742921535657284,0.4009228714048349,0.582864291509931,0.00036514151524736054,0.012473403416420972
83,0.0014302652572501988,0.19637996069458158,0.7963577416207507,0.0003612263611923474,0.005470806066225165
84,0.001140282187866743,0.1161823681165692,0.8787256064659493,0.0003476399720766227,0.003604103257538078
85,0.0014364968430966496,0.1807112947125244,0.811890771374349,0.0004500458228797056,0.005511391247150384
86,0.0013498570349903206,0.19942722443623273,0.7934818500665185,0.00034883654546640863,0.005392231916792138
87,0.0005173135728676402,0.08001479887026527,0.9160440378998299,0.00019711111325252227,0.0032267385437846734
88,0.0013923593986444277,0.143370882157704,0.8484817295857945,0.0003530096745523736,0.006402019183304834
89,0.0013211755495038439,0.21497070683695318,0.7759250649862148,0.00046626637696738055,0.007316786250360857
90,0.001274973718163833,0.10961698025938997,0.8826138824981822,0.0003797534228039211,0.006114410101459926
91,0.001753227235558936,0.21544821599094746,0.776318941263094,0.0004448965873404667,0.006034718923059249
92,0.0011662352720958427,0.0933562069847128,0.8994452501738279,0.00024042189094455944,0.005791885678418795
93,0.0005133016597040746,0.06658046782706543,0.9282649259810688,0.00024707588331665607,0.004394228648844887
94,0.0005203264548849147,0.08051042805906433,0.9141938198040538,0.00014748147873435826,0.004627944203262688
95,0.004444863921568726,0.47397699063799287,0.5029486928070019,0.0009759934768181,0.01765345915661834
96,0.0006105770084879132,0.08592647196602983,0.9100189799587546,0.00011562751044894499,0.0033283435562786764
97,0.0003681884945343583,0.08785307524824452,0.9092585537908872,0.00018346306178633652,0.0023367194045475497
98,0.0006238585182542973,0.0930978168210117,0.9028835879374427,0.0003342941897460855,0.003060442533545173
99,0.00126792651216474,0.13333212904595348,0.860879313101738,0.00042723979305875066,0.004093391547084916
100,0.00044417539711300686,0.05719489387040973,0.939893190568449,0.00023540613657411946,0.002232334027454168
101,0.0008076802072921735,0.1365986476131459,0.8596229617150969,0.0003031599267614284,0.002667550537703605
102,0.002851536372662354,0.3040024298967433,0.6862554353264951,0.0006311829688804188,0.006259415435218647
103,0.004715939059949583,0.739693425136323,0.2503564535435733,0.0010160055800422709,0.004218176680111882
104,0.0016577365720573873,0.31554334483662405,0.6792555459922384,0.0004939987897388342,0.003049373809341223
105,0.005099233011725941,0.7905921641820692,0.1983675930532399,0.0009711638492875376,0.004969845903677632
106,0.0014358293225247617,0.2962518428061843,0.6987546865153073,0.0002847582885561791,0.0032728830674275122
107,0.0018655641852186543,0.5505991048441792,0.44412433736541734,0.0003507120135984169,0.003060281591586427
108,0.0022475595131844334,0.4419866424969468,0.5524927125527025,0.00042764874593946746,0.0028454366912268186
109,0.0008358736437683166,0.0942824752102371,0.9028922203241939,0.00013441339589000622,0.0018550174259106952
110,0.0013066066300135948,0.24019658165687285,0.7555547962251689,0.00022743938827482957,0.0027145760996699704
111,0.0008197886038870041,0.11363381218976572,0.8835112663865231,0.00018200241505916253,0.0018531304047651092
112,0.0011132641483523708,0.1880990443433659,0.8080515826454716,0.00018465778255144066,0.0025514510802588063
113,0.001178044197192972,0.13545639375377916,0.8608810072414117,0.00014569015612872474,0.0023388646514876437
114,0.0015758579226326371,0.12309906232263268,0.8718741801783642,0.0003313457899421101,0.003119553786428468
115,0.0012672025479329423,0.17215038082972117,0.8217128865833846,0.0004409793081847562,0.004428550730776466
116,0.0034598711804432964,0.33742116666865807,0.6529665316029244,0.00041291436124263786,0.005739516186731579
117,0.001831356877588486,0.16391341719784233,0.8304111090054628,0.0003182039857283168,0.0035259129333779916
118,0.0047107202120520815,0.3704328163614426,0.6179949120733517,0.0009442149588500271,0.005917336394303684
119,0.0027362640466645064,0.22970261400972175,0.7637855206147635,0.00043876511479712225,0.003336836214053041
120,0.006043614167285883,0.3759381678286326,0.6098591308347224,0.0007964679456600324,0.0073626192236989985
121,0.010550842630784096,0.39066852511323086,0.5870999082863668,0.001447606735577051,0.010233117234041028
122,0.005280925791447335,0.1158338972763694,0.8701901064051157,0.0014189299666429183,0.007276140560424542
123,0.04612338479511794,0.27868826846091466,0.39292089868920493,0.009426018892395107,0.2728414291623673
124,0.0013205110208307242,0.002136320380569798,0.0005558010063612607,0.000127963864294935,0.9958594037279433
125,0.26350620850894013,0.09307957634601585,0.001771770481114467,0.012244383711507373,0.629398060952422
126,0.2303391832431318,0.07866159410058018,0.00035490903428282987,0.0033017999203430307,0.6873425137016621
127,0.7086141426566345,0.162782695822534,0.0010341795806970112,0.002025751160542307,0.1255432307795923
128,0.45046420301514445,0.4694675874858711,0.0009556407963579305,0.012961134267262468,0.06615143443536406
129,0.616546722352544,0.29881608685234307,0.0008760056194427275,0.056645283136228027,0.027115902039442266
130,0.18280249325818457,0.7838021313332216,0.004914902374797568,0.005367191671341689,0.0231132813624544
131,0.20713696958046063,0.7309794918554535,0.001262878375304684,0.05133772450195082,0.009282935686830203
132,0.15932915801424224,0.81343098369277,0.0007680946479508667,0.022190663787357442,0.004281099857679361
133,0.029176373037907342,0.9557320991503903,0.0014676488124475689,0.012373976249948375,0.001249902749306525
134,0.029070686502079945,0.9071990334646763,0.0035012239473390444,0.05787901351321507,0.0023500425726896055
135,0.04823672225608704,0.9277227535112065,0.0008831750980135702,0.01581054233772598,0.007346806796967057
136,0.059214183832078444,0.7456011413179012,0.002026111112318933,0.18900311123269217,0.004155452505009404
137,0.012602828008595648,0.9472311654995019,0.002813810291723541,0.03548513035388909,0.00186706584628977
138,0.01759970336088165,0.878358954873283,0.002158838512407282,0.10017639417822109,0.0017061090752070601
139,0.07983408068711628,0.7882741062326379,0.0008558685281907281,0.09688750350744156,0.0341484410446136
140,0.06150347129717943,0.4475531060288603,0.0006490227713403559,0.48402394592826475,0.006270453974355243
141,0.10635777208989151,0.4218232304195926,0.00021598640846708436,0.4257315213379288,0.04587148974412025
142,0.09041605758844413,0.4251570219283324,0.00018786739534040224,0.4731126182246937,0.011126434863189498
143,0.08922131829286647,0.16269530340001148,0.0001313865737078394,0.7270670929860271,0.020884898747387165
144,0.14055153081509042,0.13982107172957098,0.0001920406800850036,0.5834336403191273,0.1360017164561264
145,0.04883614571547559,0.09853913036261128,0.00017163126892547986,0.6183656597861629,0.2340874328668248
146,0.11630693468596441,0.08553410204313486,0.00010653491659156169,0.7503670194843709,0.047685408869938384
147,0.02507691341558506,0.011784186091179514,2.5568160386981765e-05,0.9422096180174707,0.020903714315377686
148,0.025683746507290522,0.009765720999057247,2.48338593286774e-05,0.9212552010769346,0.04327049755738897
149,0.03706897202334215,0.03070201631632674,6.398041773188834e-05,0.84752926477919,0.08463576646340916
150,0.03538286958903029,0.00821639301916085,3.1195277991889e-05,0.9249490065150341,0.0314205355987829
151,0.032595755547336056,0.008593464531081282,2.3683957175851776e-05,0.9336206178705301,0.02516647809387677
152,0.08922942787731342,0.01764778207155943,3.199326696473066e-05,0.8632660964687688,0.02982470031539354
153,0.09525136133442386,0.029345356234536935,6.279643217703853e-05,0.8592245858972816,0.016115900101580594
154,0.1255623222190431,0.031375623357909235,7.057161950799017e-05,0.8100521545998713,0.03293932820366823
155,0.12464903558246353,0.05493408259110484,6.458262240032269e-05,0.7266745628435586,0.09367773636047261
156,0.08237785056943984,0.030591093396206172,4.02312744411878e-05,0.8175730926532493,0.06941773210666365
157,0.08121449856746983,0.03118106942977886,5.432875250945317e-05,0.31919866189151336,0.5683514413587284
158,0.03656066323626054,0.007171889186019592,1.3224280580143936e-05,0.0431081283267855,0.9131460949703543
159,0.4074422625542349,0.01808661448812601,1.765733855996544e-05,0.454100238772528,0.12035322684655107
160,0.32999901304576273,0.03017901876581578,3.074271606982269e-05,0.5653887356827743,0.07440248978957739
161,0.2852207537957751,0.021312167484872736,4.5539076139845404e-05,0.6349066950506682,0.058514844592544156
162,0.062211134295883576,0.019749024227983476,4.980686835878612e-05,0.8899959901845914,0.02799404442318283
163,0.02479258364099156,0.014386034529048226,2.9830954213571657e-05,0.9483691526566166,0.012422398219130175
164,0.035554128628340224,0.018113176132543308,3.568133335821304e-05,0.9182508356648588,0.02804617824089943
165,0.02251754595337177,0.008393323878969938,2.515314835810757e-05,0.9465524028596782,0.02251157415962196
166,0.009797278996665623,0.003929898966243463,1.1744532157412123e-05,0.9820015145156884,0.0042595629892451595
167,0.022041608692326825,0.004149277338428134,2.1635659144942392e-05,0.961534259423826,0.01225321888627395
168,0.020145874017529555,0.006067501034054794,1.6095022594550052e-05,0.9665264412913466,0.007244088634474616
169,0.029508793079903985,0.013204864258778292,3.0972857524340945e-05,0.9449909443783986,0.012264425425394609
170,0.029273663098979018,0.00521327947714589,3.259391046939742e-05,0.9543352469974898,0.011145216515915922
171,0.027304000472288,0.007392934740838221,1.574157762966301e-05,0.951917901468872,0.013369421740372173
172,0.03949734296309009,0.009366607911112967,1.936148636915725e-05,0.9373215012688548,0.013795186370573066
173,0.02717179519756637,0.01405187676084168,3.479287729038523e-05,0.9537335749078606,0.005007960256441028
174,0.05785073721627506,0.023449654591915656,6.192361565848269e-05,0.9100267018120469,0.008610982764103853
175,0.01596797404637312,0.011758142396319463,2.7620516804196263e-05,0.9692285602498331,0.003017702790670148
176,0.005543805132150291,0.0033515424082194746,9.85304432386052e-06,0.9892641560055488,0.0018306434097574698
177,0.006633408677273747,0.004244345492870495,1.2187391887018464e-05,0.9871971313112907,0.001912927126678169
178,0.008541856746263277,0.013664834178128391,3.434458878964519e-05,0.9746017968608475,0.003157167625971276
179,0.007210148346907559,0.0109267980673293,1.875584584613878e-05,0.9782541856906144,0.003590112049302626
180,0.013637439501061386,0.006947312001232829,1.2838267544625126e-05,0.9711241472870178,0.008278262943143438
181,0.009200512446441137,0.004746789907707284,1.4333117362841772e-05,0.9801239831421883,0.005914381386300443
182,0.016913276185954805,0.004806931784897478,1.6164256684258585e-05,0.9698521243919649,0.008411503380498753
183,0.026950762020175417,0.014749313783716645,2.058433029700743e-05,0.9481992422305567,0.010080097635254236
184,0.01895894842817696,0.018885207162833366,5.285411816423315e-05,0.9571533900487809,0.004949600242044516
185,0.01169560395584526,0.006736799621094722,2.0327600849131632e-05,0.9724114266052141,0.009135842216996771
186,0.011441358869241629,0.007791619936171141,3.1980614029590115e-05,0.9705266650993148,0.010208375481242735
187,0.007293566844590638,0.0068729484102691574,1.897058109919942e-05,0.9789767462623684,0.0068377679016724926
188,0.017556147262173503,0.009292776394707542,1.952703895048459e-05,0.9573970401769668,0.015734509127201847
189,0.035530138018151566,0.01785347692769718,6.423811690198664e-05,0.9224547352862843,0.024097411650964903
190,0.027847093059258705,0.011101185990669312,4.263767215788004e-05,0.944030884522525,0.016978198755389175
191,0.05900419392327121,0.02733429710622959,6.0783247141808826e-05,0.888635103695355,0.024965622028002257
192,0.047844540972326925,0.022685058714064357,6.606592642241736e-05,0.8978091301510405,0.03159520423614572
193,0.04815415602802082,0.03815082591697491,7.319903596298308e-05,0.8909937434273582,0.022628075591683127
194,0.023740780156646237,0.01792930242249839,9.2705721727115e-05,0.1161999527317313,0.842037258967397
195,0.09339373010407206,0.011547367281825585,2.512600374591035e-05,0.8396089979621991,0.0554247786481573
196,0.15947544307080522,0.023863629364976924,5.227880700323018e-05,0.7511907486133051,0.0654179001439095
197,0.25236243396952435,0.04010348966661484,7.734774824804838e-05,0.612053057190869,0.09540367142474372
198,0.07273053657722794,0.017241082180944906,2.5168340947522538e-05,0.31079907423420333,0.5992041386666764
199,0.10141756390105026,0.024296705981520738,7.470837697000249e-05,0.25863881404426786,0.6155722076961911
200,0.3282197798686304,0.029617667002925455,5.563540529018937e-05,0.5940676988973955,0.04803921882575845
201,0.35359552361780966,0.04380089502390112,9.065114089485967e-05,0.5692455556967952,0.03326737452059911
202,0.13009537323688206,0.11809668112905623,0.00022800623094443252,0.712102883562896,0.03947705584022127
203,0.13464500824871506,0.11284191634214755,0.00021496164024010519,0.7308600856910172,0.02143802807787997
204,0.15115953210216224,0.047468349662240644,0.00011553789173293198,0.7636058034297677,0.037650776914096476
205,0.22861990380624087,0.04989108691891107,0.00013682906562677554,0.6479608117316676,0.07339136847755363
206,0.002668122069104011,0.00722508704181536,0.001612240437717592,0.0009358786829541748,0.9875586717684087
207,0.7760044742866228,0.03356723016687485,0.00023147151486163626,0.025517819565937242,0.16467900446570363
208,0.717445130992742,0.2416876786849343,0.0006587592252095306,0.018176375442593318,0.022032055654520814
209,0.5116020395658519,0.427996775366768,0.0015684212485506043,0.022320771863407536,0.036511991955421985
210,0.07607188278841757,0.8034005535499936,0.000490322510837221,0.1153305389911947,0.00470670215955696
211,0.052064845703830846,0.6198729335144575,0.00047548189238660866,0.3227966136858107,0.004790125203514407
212,0.03007181197812904,0.8355154166310865,0.0006566207816325324,0.13174805236014767,0.0020080982490041804
213,0.01553834065577317,0.9200792617475976,0.0004549887186761026,0.062125725088947474,0.0018016837890055734
214,0.044406669821266606,0.7800497621191234,0.0006192706814535894,0.17074525329709578,0.004179044081060525
215,0.03751839572054579,0.9008994034749116,0.0019761012499944245,0.05719240330114059,0.0024136962534074898
216,0.01034686232749503,0.9580827313552519,0.003601002725687506,0.026553118790503007,0.001416284801062582
217,0.025215002904861554,0.882437535739699,0.0026102650071997122,0.0851963817482347,0.004540814600004998
218,0.025224135108881243,0.9066972468996306,0.008949915635936759,0.046217876537483084,0.012910825818068067
219,0.026131252838898094,0.8813256456194043,0.002992922054614289,0.08094165517737514,0.008608524309707958
220,0.026419306324017042,0.8920507535745473,0.0073353433973982925,0.022191232505881193,0.05200336419815621
221,0.0038146972647434304,0.016487295713799366,0.0011291568272097095,0.0024554620915430204,0.9761133881027045
222,0.0357008339963844,0.003618171823578574,3.7837876516355594e-05,0.05924370950016413,0.9013994468033565
223,0.2008468639202648,0.008909392083641846,4.683492204994666e-05,0.011734565691742043,0.7784623433823014
224,0.7183835510284512,0.03816647642442525,0.00010986455896322338,0.03883147564675575,0.20450863234140448
225,0.74903656744622,0.10813606355930455,0.00010524373371774652,0.09125290716271327,0.051469218098044306
226,0.5131413134688715,0.17865166259356216,8.592416479322246e-05,0.12496773190275016,0.1831533678700231
227,0.0788897531893858,0.8491076169005626,0.0009570303303594123,0.06565914544373856,0.005386454135953798
228,0.17038680227405223,0.6423609972329711,0.00013866560089495798,0.17167677140466758,0.0154367634874141
229,0.1915453799582112,0.5804337526603045,0.0004358454979585582,0.21550307009409878,0.012081951789426925
230,0.21567064838815866,0.6865184120438103,0.0006307659399313975,0.060091261045393744,0.03708891258270573
231,0.060663559686151794,0.9154315734769463,0.0011618993376150757,0.02046399818369812,0.0022789693155886794
232,0.011926455809270492,0.9809558779317511,0.0005725520606768093,0.005819930771922656,0.0007251834263788056
233,0.009565389251029316,0.9837660514561509,0.0010727886118187052,0.004540377449912811,0.0010553932310883329
234,0.005039751231368888,0.9877086599452679,0.0010555530870179491,0.00539031272180073,0.0008057230145444113
235,0.007075567395267441,0.9856690164644378,0.0006335208387799793,0.005385828451108708,0.0012360668504059218
236,0.0061593579611646165,0.9860426931844798,0.0021162865369125155,0.004606089606404586,0.0010755727110385112
237,0.022219979088678433,0.9592968373591783,0.0012564715535549565,0.015520926939480968,0.001705785059107564
238,0.022107635888947774,0.9646956629588809,0.004082764500011292,0.006186138818745684,0.0029277978334145333
239,0.020864168598035453,0.9574114743540675,0.006468373811608572,0.012026292518161312,0.0032296907181272867
240,0.01132457611084901,0.979778878561229,0.0036310597096060973,0.0038163282669305375,0.0014491573513853797
241,0.030957405570024268,0.9533877502382744,0.005854208811480459,0.006365872396930673,0.0034347629832901317
242,0.008721098761207679,0.9624817820640513,0.023710403051784686,0.0021731143170119578,0.002913601805944065
243,0.055854409517233555,0.9121747366941863,0.012457740612722987,0.010709511689422104,0.008803601486435131
244,0.026184630964767003,0.9523231853370209,0.007795123921033478,0.008719861879960253,0.004977197897218355
245,0.010704676944398932,0.9630323267656854,0.017623408650238672,0.004136014306858154,0.0045035733328187616
246,0.026814398859368205,0.9312192617461449,0.01791175233831809,0.015656536406180387,0.00839805064998838
247,0.24753695437823223,0.5938353112009128,0.011355508486782474,0.017520402794885745,0.12975182313918662
248,0.5119601905304503,0.1165529233726775,0.00038333163478528493,0.02854888680184771,0.3425546676602393
249,0.38303868067705554,0.5583946270154442,0.0009994158665997113,0.015553631626593248,0.0420136448143074
250,0.3802662779207116,0.4567394673922968,0.008148453438491363,0.005338751206072373,0.14950705004242798
251,0.7486372219020084,0.07181069632816092,0.0002759220661571151,0.004423445753942551,0.1748527139497309
252,0.21356271043025787,0.7492686266853941,0.010203290161029015,0.005761617761060451,0.021203754962258636
253,0.13062714109579626,0.7578125104589526,0.07692920553332333,0.0033204459834789207,0.031310696928449074
254,0.07165723393042793,0.8832674491273671,0.03447830829889593,0.0037791671251115886,0.0068178415181974214
255,0.03810793597770415,0.7909595610825895,0.15648939001726747,0.004002505838493702,0.010440607083945381
256,0.016934959997294646,0.8971397426449652,0.07880614178844299,0.002328233225014456,0.004790922344282726
257,0.024851062596255736,0.9198804540881572,0.04577576477673783,0.0040980637693159285,0.005394654769533301
258,0.021087867123713785,0.9165370126874065,0.05469386143075832,0.0038886761520194554,0.003792582606101786
259,0.039464657094450656,0.8672184578902913,0.08040177919089304,0.005432051524680715,0.007483054299684278
260,0.0494080468875155,0.9264382895227214,0.01809587026192516,0.0029950860950388753,0.0030627072327990695
261,0.042052191957095086,0.9427447178592384,0.00997400392660633,0.002620166741887835,0.0026089195151723908
262,0.02229673021003576,0.9654216722170637,0.007773860837157249,0.002853088225356173,0.001654648510387176
263,0.0457288182055507,0.9350616975364694,0.009479884341593376,0.006705059125748415,0.00302454079063835
264,0.006384411951682399,0.9742279327212306,0.014279728579363847,0.0036374727794925956,0.0014704539682304726
265,0.005016909921528873,0.9420802741085456,0.04646888426786275,0.003540126473007164,0.0028938052290555763
266,0.024830910587105084,0.8037987533396671,0.15237222082487928,0.0060162774266661065,0.012981837821682473
267,0.16849671029120397,0.7889552323265862,0.0036190752661878337,0.028107528467387084,0.010821453648635099
268,0.05701049223024296,0.9301294527910277,0.004381496289490252,0.005933110884413057,0.0025454478048261083
269,0.011706374179307413,0.8867916945209776,0.08816435579362514,0.008903305179172,0.004434270326917629
270,0.04628106305478318,0.9057372842341506,0.016323191211046806,0.0043472603597275285,0.027311201140291865
271,0.14926644106082526,0.8160952545865603,0.0018861988302476913,0.01148243361758266,0.021269671904784168
272,0.2017342481090633,0.7691700337104534,0.0023857399867901084,0.005082276772289441,0.021627701421403855
273,0.0866173815919749,0.9070904697066721,0.002799105417296218,0.00114497992391848,0.002348063360138514
274,0.07403004200759776,0.9179014121303999,0.004580910010776325,0.0016140590746218976,0.001873576776604162
275,0.04670746035784606,0.8984865312627124,0.050454054177795894,0.0017165374241474279,0.002635416777498023
276,0.021002657984143098,0.9261211145020658,0.044746998173388765,0.005828715422127052,0.0023005139182753443
277,0.01039982148589373,0.8163084278887315,0.16802230713241328,0.0030880934762794244,0.002181350016682025
278,0.006971456638975631,0.8993364310660252,0.08971304332467582,0.002424617220973943,0.0015544517493494094
279,0.004178795863057877,0.8712210787021634,0.12131073248393384,0.0016155654606948683,0.0016738274901501645
280,0.004766539408347865,0.8786000463289293,0.11394904952090473,0.0012401812814961828,0.001444183460321913
281,0.0037112863655559838,0.6835375806839258,0.3108123701039171,0.0005208748855186453,0.001417887961082322
282,0.004033385876266714,0.8861830181028831,0.10756536254748461,0.0008594512714480179,0.0013587822019173405
283,0.002557559940071282,0.5567636674813865,0.43881496810207704,0.0003290901554706106,0.0015347143209946232
284,0.002175022747949316,0.6968257170834552,0.29928592839580714,0.000318072222765643,0.001395259550022619
285,0.0011807927655484174,0.6053435852780454,0.3918112747302559,0.00028389925113280764,0.0013804479750173493
286,0.003762974473748096,0.28680932132383147,0.7076810867541885,0.00029283812189405764,0.001453779326337883
287,0.002393110881899196,0.62926941884764,0.3667395783597316,0.00033017964020557383,0.001267712270523513
288,0.0027613494565133893,0.6020648883757979,0.39380116832654205,0.0002855282956705466,0.001087065545476089
289,0.002314543665026446,0.21209622727956934,0.7845630319434101,0.0002108348450198022,0.0008153622669742172
290,0.002872223990398317,0.246793112120282,0.7482643117750598,0.0007778883222688065,0.0012924637919912647
291,0.0010140124306488823,0.11046538768250408,0.8871547702513752,0.0002434823053173702,0.0011223473301542868
292,0.0009734443567116853,0.21080021997570203,0.7866876669890365,0.00015408423887076897,0.0013845844396790609
293,0.0011681974120390359,0.3067798015336572,0.6906433059115947,0.0002591144629892723,0.0011495806797198233
294,0.0006889746406573277,0.10354952976318264,0.8947964277718036,0.00015106322907182333,0.0008140045952846848
295,0.0011885030315989204,0.1355379728635089,0.8616050427652939,0.00017014376128386346,0.0014983375783143012
296,0.0002739175829587707,0.03227620766343067,0.96645118990733,0.0001123759815046142,0.0008863088647760558
297,0.0013407346444658007,0.1814373436276529,0.8159504229950866,0.00014461823703819558,0.0011268804957566573
298,0.0001788600500262548,0.02746426057385884,0.9718506683610988,4.2159355666166014e-05,0.00046405165934989954
299,0.0006770587725791531,0.05531722549710659,0.942920395537153,9.011165055762359e-05,0.000995208542603593
300,0.00031976812223506095,0.04634869432355687,0.9522919075913738,0.00010223654937011147,0.0009373934134639966
301,0.0007728967676996647,0.09304093632988618,0.9047295269659279,0.00014922842765597048,0.001307411508830193
302,0.0006855804182225951,0.07037112308666574,0.9264993984624358,0.0003670848854489104,0.0020768131472269358
303,0.00139866834155276,0.12311076896208865,0.8720148640117231,0.0006062328506451487,0.002869465833990399
304,0.00041844570595484014,0.040310444415700426,0.9574653482199833,0.00022343920591717348,0.001582322452444218
305,0.0018392106335736878,0.18654536724661938,0.8064700963827592,0.0006877553630467738,0.004457570374000878
306,0.0003387990693677269,0.046097092768836466,0.9522432961626658,0.00017247677814944418,0.0011483352209807267
307,0.0007739132890393949,0.07860934109510402,0.9183840318405396,0.000324166211672283,0.0019085475636446143
308,0.0007425929318937917,0.11248327311828459,0.8851085015390486,0.0002194209367825414,0.0014462114739904057
309,0.0012447504901125354,0.09618425114020371,0.9006537089366757,0.0002562652279025126,0.001661024205105509
310,0.0011778893647579783,0.11389898818968339,0.8829799749419116,0.0003846456325777274,0.0015585018710691575
311,0.0015298000382698382,0.0772319203935992,0.9194348552721113,0.00035181470061012253,0.0014516095954095157
312,0.002748360496025602,0.26342577230626985,0.7317431957929552,0.00044472653590069545,0.0016379448688487249
313,0.0006991213036166173,0.07257868946270972,0.9252192499988308,0.0002628764487142191,0.001240062786128672
314,0.010086750357000844,0.4086771142405572,0.5755973960179429,0.0012554401154918659,0.004383299269007208
315,0.0052996050011849235,0.12167875308873048,0.8700011082999657,0.0005855034620065288,0.0024350301481125955
316,0.0022370995971840845,0.15093723094082423,0.8436323024843038,0.0009586444918030144,0.002234722485884958
317,0.0033093343637486355,0.13213327284005827,0.8610841230661375,0.0012932965945542454,0.002179973135501419
318,0.0038272272278093845,0.17780947562930965,0.8110447373699549,0.0027889246314017468,0.0045296351415244135
319,0.004501596645273383,0.15248525917474026,0.8321009654547584,0.004507828606227746,0.006404350119000312
320,0.10345585689716333,0.5899978296050111,0.09195310613712879,0.015186092583550456,0.19940711477714637
321,0.10413811819964204,0.7775704633818734,0.09607663708673635,0.00945173871692981,0.012763042614818521
322,0.18062794163940088,0.7105875474218527,0.05296335550016252,0.033757718881162926,0.022063436557420976
323,0.02625958687367101,0.8625149924336984,0.09798058535709502,0.0070793746211715,0.006165460714364013
324,0.052535524067167376,0.8523844191476353,0.0662826355365209,0.022595399722822082,0.006202021525854279
325,0.02402186319528459,0.8757181149808851,0.07179432989565325,0.02261535074414022,0.005850341184036732
326,0.01460313298528604,0.8516501180670708,0.05035741158009682,0.08023258563569104,0.0031567517318551526
327,0.027004969229695655,0.4290806581722981,0.007627318844402137,0.5312885691241267,0.004998484629477418
328,0.03446624825965978,0.07980885527877722,0.0007162362125601049,0.8693776206166459,0.015631039632357038
329,0.02233447184918589,0.03902467551183231,7.022500926900509e-05,0.9332948647233882,0.0052757629063245725
330,0.031178569158152775,0.10513312384599878,0.00014261365374906602,0.8601219752874016,0.0034237180546977
331,0.05321013531054394,0.034567167284625305,6.935783695871648e-05,0.8979132372247814,0.014240102343090486
332,0.05821317684631358,0.02476766271534688,4.923113522670561e-05,0.9056942110741067,0.0112757182290061
333,0.03352631469394612,0.022373871763080026,0.0004929242932544988,0.9249102243789412,0.018696664870778118
334,0.03059205470485044,0.007620959017435175,0.00016653058163991773,0.9583248563528608,0.003295599343213732
335,0.03692349313452487,0.032338864585961954,0.000897375492729393,0.908797497945093,0.02104276884169095
336,0.06930526579203092,0.017954235431655835,0.0005757258079360205,0.7673728962732368,0.14479187669514051
337,0.10905370208121512,0.012858931860667352,6.483026071264533e-05,0.6220883461122063,0.25593418968519854
338,0.1954794438239284,0.01291654064700157,4.530129342748401e-05,0.7751228374507083,0.016435876784934307
339,0.34669536184938626,0.04375043445806227,0.00011066645667801498,0.49412191049882814,0.11532162673704532
340,0.5245873226724267,0.017930971485264683,7.797090766297499e-05,0.4316560404498585,0.025747694484787153
341,0.10696444404081171,0.04754011459217762,0.0006075362507824458,0.7124257818235349,0.13246212329269333
342,0.15330204423140104,0.017645302759077178,0.00022640017469158005,0.8137980564481985,0.015028196386631616
343,0.18905711622489668,0.029977041476908217,0.00046656273334426125,0.5734940803974444,0.20700519916740645
344,0.404026863249701,0.014087466505391461,0.0005094658213040895,0.547289496619091,0.03408670780451247
345,0.23564103168863842,0.048064718986793965,0.001182858930936707,0.5478962013607288,0.16721518903290203
346,0.10435602907612716,0.016510487698767014,0.0007218022223206787,0.5258418814738594,0.35256979952892586
347,0.04231775937087336,0.019274170456414805,0.0009441308785997887,0.892805385418466,0.04465855387564603
348,0.07143074587899009,0.01607568282644092,0.001004820893914957,0.7645838601607143,0.1469048902399397
349,0.03725687113373882,0.01609439013201999,0.0005132206191920942,0.9032215498601341,0.042913968254914905
350,0.05450848671206178,0.004586015320648056,0.00013001132776798075,0.9234655946512924,0.01730989198822972
351,0.04591498783954149,0.010643229010387938,5.7608924531248435e-05,0.9245636320104833,0.018820542215056166
352,0.046054142715164566,0.013097601679184912,6.320905667107947e-05,0.9240838230298626,0.01670122351911687
353,0.03106425425246758,0.010232614410444499,0.00010815190958265666,0.9269582512228474,0.031636728204657974
354,0.027023130639257376,0.007356155138226947,0.00019047779608673902,0.8754209197325031,0.09000931669392573
355,0.009408885528349195,0.002807902560885684,3.008369978331299e-05,0.8321392988244003,0.15561382938658144
356,0.018662592866588786,0.003647970510295564,3.8558824471170215e-05,0.9164309820642651,0.06121989573437942
357,0.03231962099005536,0.006846630412650495,4.943336835431267e-05,0.8706473504826429,0.09013696474629705
358,0.08039499613967224,0.01402503633978329,3.1729679098054165e-05,0.8221560688527457,0.08339216898870079
359,0.08479785736856622,0.02399954697280069,8.752288904889033e-05,0.8387222512823034,0.0523928214872807
360,0.07702495450350184,0.010621980185228993,2.28351577773902e-05,0.8757504202038742,0.0365798099496177
361,0.06154355184442762,0.02704556390484814,4.337310874399982e-05,0.8907926758899475,0.02057483525203276
362,0.05307847635915349,0.0584225909390871,0.00010226915996062226,0.7174719928237656,0.17092467071803333
363,0.15132121545762628,0.0607766780005448,4.479436122167119e-05,0.7593956312009958,0.028461680979611312
364,0.12627463007564194,0.046526111595728684,5.311128661991878e-05,0.8039638322975959,0.023182314744413554
365,0.10619959847491217,0.11661723735435461,0.00016085033171219494,0.6262763324761209,0.15074598136290024
366,0.13389904490002844,0.08336160679019138,8.48751682612496e-05,0.749482012463781,0.033172460677737985
367,0.10218332315837304,0.05381907728420949,4.87922852617323e-05,0.8152711768646651,0.028677630407490697
368,0.09333799039569313,0.11648601186351606,0.00010269979907021913,0.7725797774756152,0.01749352046610537
369,0.17177074845524765,0.160206648768011,5.9014443172188245e-05,0.5219327474932491,0.14603084084032006
370,0.0902808872917362,0.06799568851125275,7.243919391389413e-05,0.8299542241736565,0.011696760829440598
371,0.0659776819474303,0.05355660922009433,4.5691023743797225e-05,0.868168214121903,0.012251803686828511
372,0.06182349351677184,0.039928240114540395,3.769499184043208e-05,0.88510850097863,0.013102070398217206
373,0.040096595292190264,0.023963247164798862,2.777710055976505e-05,0.9304431667716017,0.005469213670849524
374,0.038237939084891696,0.02364022085117989,2.880629145489396e-05,0.9304974809700981,0.007595552802375361
375,0.06740716442010607,0.03925613072786667,3.3142004272055287e-05,0.8840813688393347,0.009222194008420503
