epoch,N1,N2,N3,R,W
0,0.0037567134299437816,0.0005421661657189456,2.8487160501039347e-06,0.0002450597185800316,0.9954532119697073
1,0.008937492318728615,0.002075324137998799,7.516135173949963e-06,0.000476167173399952,0.9885035002346988
2,0.039533876230145086,0.004488067481212071,9.820143280381794e-06,0.0015738091244541787,0.9543944270209083
3,0.10945920760062065,0.00291346733645511,1.2667436990816489e-05,0.002644442839367087,0.8849702147865663
4,0.021077785503183524,0.0019333932752264899,1.1608361221459453e-05,0.002767333935228771,0.9742098789251398
5,0.47590252825904333,0.006249120129838454,2.7809706821923237e-05,0.00575182741735768,0.5120687144869387
6,0.8115230767879482,0.03312970970785178,0.00012983706955198415,0.008494119856222438,0.14672325657842542
7,0.6682911223738668,0.04794099853226503,0.00014005116592307026,0.022926902042737833,0.2607009258852073
8,0.5490349577616235,0.08659966624518528,0.0001082743686069948,0.08119436645924068,0.2830627351653435
9,0.41501292651803473,0.38273992309185745,0.0006237085250337585,0.08602029846523787,0.11560314339983617
10,0.37579046409884126,0.24815082732749563,0.00033926924454321305,0.2647514980588069,0.11096794127031302
11,0.17182291632012706,0.5824787738373041,0.0017199422729483626,0.14567426520283444,0.09830410236678605
12,0.10521170017829366,0.27799214360886887,0.00028559648812677305,0.5030473325525937,0.1134632271721169
13,0.10844768909115812,0.2118203687060481,0.00025879290512216053,0.5778764256062172,0.10159672369145444
14,0.07897433070838127,0.504194892834062,0.0014137229022030307,0.21712737555603978,0.19828967799931388
15,0.07266890550021886,0.7324661581477045,0.020713167963021716,0.041895266360590454,0.13225650202846448
16,0.14963976657424802,0.48092869462373966,0.0017438450146876577,0.07199428203870264,0.29569341174862196
17,0.0063099125064247094,0.0062266010944890034,3.7840046883384047e-05,0.0019541047396536286,0.9854715416125494
18,0.003940707275130227,0.0020946199371991965,4.065670525636378e-05,0.0008492231315689977,0.9930747929508452
19,0.006922786847520851,0.004148819288946446,4.4139444696297166e-05,0.0007913175248599462,0.9880929368939764
20,0.006045845024104302,0.00031148163735778125,1.5840740438458414e-06,0.0003953919360717782,0.9932456973284223
21,0.001115365419107707,0.0001312121172530848,1.879360970956878e-06,8.23569802136811e-05,0.9986691861224547
22,0.0003405184724918397,5.575608618288022e-05,3.5516704681023164e-07,0.00010836470643397215,0.9994950055678447
23,0.008167278095640424,0.000746479216214132,3.342210690924962e-06,0.00014483260172072399,0.9909380678757337
24,0.02301500243146266,0.00081514927466524,5.83035715525496e-06,0.00036692990749549905,0.9757970880292213
25,0.0026602125419946734,0.00031942584797811635,2.3977060307054044e-06,6.746346524526633e-05,0.9969505004387511
26,0.0017312326082626484,0.0005835975122444377,4.813986428353226e-06,0.00017331285886093166,0.9975070430342038
27,0.00038816810888879706,0.00010686280609405027,1.011616190274814e-06,0.00014315355153867078,0.9993608039172883
28,0.0003698559328365211,0.00012966897895496632,1.1458076194216203e-06,0.00016989813920512825,0.9993294311413841
29,0.009873740214268251,0.0004939986127593744,5.682324234341647e-06,0.00043497105101275335,0.9891916077977252
30,0.0017243107831976048,0.00023254929790447678,6.30040051668264e-06,6.137123307838215e-05,0.9979754682853029
31,0.004470509180197378,0.00047951354067552365,6.268516897394676e-06,8.915667368089312e-05,0.9949545520885489
32,0.009509651032937456,0.0006426728170577392,6.2702610651281235e-06,0.0001798446832182801,0.9896615612057214
33,0.0067081082914065785,0.0005184075736494966,4.891932313551478e-06,0.00015474228661976804,0.9926138499160105
34,0.13146593723740208,0.006118113889992684,1.7783889200405316e-05,0.0008667677845218828,0.8615313971988829
35,0.024418423457312387,0.0014968519252892838,1.1635814471936387e-05,0.0006786942221357484,0.9733943945807907
36,0.2812889968800411,0.020126026737409264,4.7056822572759905e-05,0.0030255921000674375,0.6955123274599094
37,0.30438023989414037,0.03374635333550478,4.260709798774401e-05,0.01108017250434828,0.6507506271680188
38,0.008572152675300725,0.0014783784331792043,1.230047732255774e-05,0.0005833990892811725,0.9893537693249163
39,0.3867697111772069,0.024007418054341853,1.85900747092757e-05,0.006608839006771683,0.5825954416869703
40,0.17227902352367586,0.007763147883358463,6.352406913724888e-06,0.004062520038579583,0.8158889561474725
41,0.8041519655914162,0.018457972628515083,1.5634129694230175e-05,0.008701835467051004,0.16867259218332348
42,0.32914374195587,0.015255022489379854,2.540597695178855e-05,0.01167572425825864,0.6439001053195397
43,0.4535173425643953,0.360350404382032,0.0002584741770420429,0.028051005996758666,0.1578227728797722
44,0.5422883999109196,0.25544485550026835,0.0001086649667668598,0.11088010266047663,0.09127797696156859
45,0.30384780535300887,0.3771511646518479,0.0004622702230987438,0.24714412239628603,0.07139463737575848
46,0.1133747694932289,0.5336500979251468,0.0034118867326286078,0.2696223970485102,0.07994084880048552
47,0.09806940109955352,0.5707327766036243,0.0020211445215930404,0.2322186417292696,0.09695803604595958
48,0.12418161361231779,0.3658376487911163,0.0017106208248712767,0.42568279619829436,0.08258732057340021
49,0.12304928284095816,0.5060422882344774,0.0005032880982739278,0.20908994676323261,0.16131519406305786
50,0.3487552427342043,0.21071347033170906,8.099512425536776e-05,0.06585324238919207,0.3745970494206393
51,0.1293149606095459,0.7883939688204995,0.00791473308583078,0.04062453366538453,0.033751803818739226
52,0.05269393529091306,0.8789282799543008,0.0026421929995430107,0.04610728602769762,0.019628305727545637
53,0.06945357909695526,0.8329722274064284,0.00498529134068643,0.02887449878979205,0.06371440336613776
54,0.11310016322001444,0.04486030145330836,0.0001433954074806218,0.0392834136773806,0.8026127262418159
55,0.1285053362672988,0.531437679562918,0.0004855753085279503,0.056679839096199766,0.2828915697650556
56,0.17266447953605585,0.08617855379950798,0.00015451093790047523,0.02002403890680416,0.7209784168197315
57,0.06907401254258179,0.013560020544285793,2.7656828403044574e-05,0.0011285772917470098,0.9162097327929823
58,0.652792075952009,0.10092948184274457,1.3206263281606633e-05,0.010856565724888042,0.23540867021707662
59,0.4237992974642746,0.19988145426251536,0.000908332643453005,0.0046107072647096434,0.37080020836504735
60,0.5327236402029378,0.19464818548710788,0.00021139586989819332,0.009976287331966607,0.2624404911080895
61,0.11299783552267614,0.623526095607475,0.020818258892117626,0.011819335329626415,0.23083847464810478
62,0.13638269135446004,0.7267608124208912,0.024397339810797565,0.015175309308186911,0.09728384710566435
63,0.10378854943424598,0.7783585967480474,0.044671471378404895,0.007310778692673011,0.06587060374662852
64,0.03662027451096124,0.027475026720110957,0.0005156092949351748,0.0015274626261234064,0.9338616268478692
65,0.5541121064076763,0.04126299376555794,0.0001892103137820905,0.010063533812944623,0.3943721557000392
66,0.42677184130947304,0.3537604367415225,0.003740446597760371,0.004699143801673677,0.21102813154957045
67,0.17636581268837306,0.7381740550141977,0.00632216822108946,0.00204443729948719,0.07709352677685265
68,0.1247216419579214,0.8239040172784332,0.003352270181848077,0.007018449307552035,0.04100362127424523
69,0.04255007678853938,0.9110082849543633,0.007224439516252896,0.016799711048904358,0.022417487691940043
70,0.05473346623178679,0.9046378678669222,0.0023380355262047517,0.01194106962307419,0.026349560752011877
71,0.0774775926218284,0.8922347918498577,0.003052060414371065,0.00823077188437854,0.019004783229564236
72,0.210023159692359,0.7252056738828518,0.0012088970185862,0.020204684744898418,0.043357584661304606
73,0.10923029945396043,0.8626723310711821,0.001680585596198377,0.015286687833601034,0.011130096045058066
74,0.18041290788216538,0.7622809099650947,0.0007550581226125091,0.04638597926229536,0.010165144767832101
75,0.2752898687570871,0.27809073596381795,0.0007927915615016603,0.00476062398466533,0.44106597973292794
76,0.18917630953814427,0.7879824231403187,0.0008464341045132496,0.004784696296936311,0.01721013692008737
77,0.11168869652717411,0.878775894910397,0.00030461455224066366,0.001787199910934408,0.007443594099253852
78,0.043517570245485096,0.9502222980647301,0.00302874152227484,0.00033803503368736603,0.002893355133822536
79,0.010725652204770812,0.9818095803779656,0.005008928065930445,0.0006769667256716083,0.0017788726256614102
80,0.03629518253899494,0.944672760082987,0.008766095771224973,0.0041822605913328145,0.006083701015460381
81,0.025934114192095552,0.878898267184242,0.08110479116154688,0.004548470363070149,0.009514357099045493
82,0.032357444910922954,0.9336792563868875,0.010929763482821276,0.00538000192935823,0.017653533290010067
83,0.01252675202594378,0.9666566951070946,0.016634699333869234,0.001016480004296888,0.003165373528795695
84,0.008705256919330146,0.8328124818115703,0.1540765912750007,0.0007987678295926616,0.0036069021645062
85,0.002885856768755304,0.43043495275297505,0.5618021426350667,0.0006100838508327193,0.004266963992370418
86,0.14246858651127497,0.08891909562164518,0.006194349601069065,0.011956437673625194,0.7504615305923856
87,0.048826223794942426,0.36588169061856834,0.34290461704805947,0.0013406834219142653,0.2410467851165155
88,0.06763425839386604,0.6688518679594282,0.20423042101571853,0.0012729590426513967,0.05801049358833587
89,0.20406132521071374,0.6809391157777769,0.05222291653745981,0.0017385550367049387,0.06103808743734468
90,0.022869930126259208,0.6017556210635651,0.33830330730896163,0.0023505528446258893,0.03472058865658818
91,0.022877007299549387,0.34183032070028857,0.5978990730015603,0.0019036433072704866,0.035489955691331204
92,0.012843516122360208,0.8126829543651997,0.14290234282709924,0.002451964390954417,0.029119222294386578
93,0.034303680414620986,0.7576321475856844,0.1731115043027073,0.002066162076024964,0.03288650562096234
94,0.020309208010645553,0.7357464167875151,0.1837194394928288,0.002569205948684122,0.05765572976032636
95,0.04525782446873847,0.5726330195248662,0.15221237158333775,0.0024414825118280023,0.22745530191122953
96,0.01654088667925674,0.5306618757518917,0.4152612065623983,0.0006656750500770122,0.03687035595637614
97,0.030305021593032423,0.6982215657114922,0.22491218778500144,0.0009100698196461267,0.04565115509082779
98,0.050526819600657184,0.6559629710033027,0.24051179696682015,0.0008226559763209632,0.05217575645289903
99,0.12881618780499254,0.5436884923714135,0.05188283282583687,0.0022495896592771123,0.2733628973384799
100,0.09310046896495272,0.6394670604508306,0.1257284520560789,0.0019646307055289874,0.13973938782260875
101,0.026788046463393965,0.5524107868011041,0.21769648347560186,0.0017029204014595328,0.2014017628584405
102,0.12354371915734615,0.6368558694328245,0.046444253604331166,0.0014948437009236618,0.19166131410457465
103,0.08845666040457158,0.5328639498424859,0.0638232085176483,0.0011670536674953551,0.31368912756779876
104,0.14901515645245741,0.4588958388691042,0.08523406158500349,0.003934615083782345,0.3029203280096525
105,0.09358923201948322,0.7374303122823797,0.03062508343099628,0.0010460133767578286,0.13730935889038298
106,0.039412764606685316,0.8393151710943855,0.08342885094061085,0.0009791752576235658,0.03686403810069475
107,0.057130355923719366,0.6891538968304932,0.03952333115119179,0.0032669431345555932,0.2109254729600401
108,0.0337071420082575,0.6988344442953061,0.14155248336593715,0.0032726837437743054,0.12263324658672486
109,0.06778585460499756,0.6152010258444192,0.09942357539112405,0.007949344546288022,0.20964019961317118
110,0.025749682998145878,0.02042085834173422,0.0009494518982451902,0.000809636967831716,0.952070369794043
111,0.00959881800823677,0.005751844213378138,0.0005023234874741407,0.0004300066049011171,0.9837170076860099
112,0.01566021283008802,0.0015255238206228212,3.6482977981985835e-05,0.0002342002166869167,0.9825435801546203
113,0.011658253748078473,0.0006117759137913091,2.1513095018914166e-05,6.748140552829545e-05,0.987640975837583
114,0.013839644967567757,0.001172680008145386,0.00010781273814421673,0.00032887986608776603,0.9845509824200548
115,0.0010518762096144816,0.00012898881831706363,0.0003184223196605733,1.1471820237621502e-05,0.9984892408321703
116,0.0008360246572623939,0.00018769399174707772,1.994405543222522e-05,0.00010291849146660616,0.9988534188040916
117,0.0007573105204735192,0.0004380389313555766,1.068223248417209e-05,0.00010008037445844504,0.9986938879412282
118,0.002336176406375466,0.0006530860030627213,0.0001562938214813437,0.0001992063399686484,0.9966552374291118
119,0.00020438068403336336,0.0001651811259000545,1.342045715761676e-05,3.8441582756662784e-05,0.9995785761501523
120,0.001179053068625423,0.0006961031148705853,0.00020123510203372524,4.972032758781204e-05,0.9978738883868824
121,0.0003480152462199968,0.0002095687950767017,8.916381958947523e-05,4.748055991731406e-05,0.9993057715791966
122,0.0004943871540982566,0.0003859684140429362,0.00023548356012109695,6.0202238989819265e-05,0.998823958632748
123,0.0049848393770498675,0.0006087144730784797,0.00012395867110608636,0.00012997910471081007,0.9941525083740548
124,0.003177982902995999,0.0004858027164989936,9.990594229047425e-05,0.00019832305834463867,0.9960379853798699
125,0.001550399299085378,0.00028961045238808504,0.0004057453111939817,0.00010815611772794454,0.9976460888196046
126,0.0046778705840250095,0.00028607494338171935,3.685796783656798e-05,0.00016304492581205394,0.9948361515789447
127,0.0008954117801229252,0.00014029862745033064,1.0428814829117358e-05,0.0001019719959055026,0.9988518887816921
128,0.0038936232844184165,0.00018558445961966617,1.300188431423212e-05,0.00029673494117969423,0.9956110554304679
129,0.003543259961596688,0.0001584857804549945,2.606962403031294e-05,0.0002039631712587896,0.9960682214626592
130,0.0005764451438591731,6.594601422597235e-05,3.996801094691883e-06,9.610815307944312e-05,0.9992575038877407
131,0.00035680323450950003,7.35469882610775e-05,1.4263134914199772e-05,7.834734052396557e-05,0.9994770393017913
132,0.0008050846134705781,0.00018226879771957204,5.446694028953324e-05,0.00012888027701791783,0.9988292993715024
133,0.0007438511841439656,0.00045568408615925566,1.84681297905519e-06,0.00029308307112331695,0.9985055348455943
134,0.0011378716387895164,0.0005440399882733594,2.508374152828939e-06,0.0003506945019617444,0.9979648854968226
135,0.0009208124453460561,0.0003259700788410553,1.1629877687957616e-06,0.0002787829477949139,0.9984732715402492
136,0.0013395416909285614,0.0005674633826138552,4.503998576333399e-06,0.00023031517755466016,0.9978581757503266
137,0.0015769923818781959,0.0006441724958433591,1.2901270948596406e-06,0.0002911675975035322,0.99748637739768
138,0.0008410628041292713,0.00048675523241721,2.0543090985567282e-06,0.0002682280563589829,0.9984018995979961
139,0.00037064570896562797,0.0005459360821368574,3.290843564898165e-07,0.00022802175083695364,0.9988550673737042
140,0.000528216335658826,0.0003406428131276865,6.166725823443133e-07,0.0003802487412426471,0.9987502754373885
141,0.00031079757872559286,0.004347737472627807,3.711158794510992e-07,0.00017043630304754568,0.9951706575297196
142,0.0014163206955515528,0.0008102692501212614,6.504622895289235e-06,0.000522138367489977,0.9972447670639419
143,0.002630356869320252,0.0011780546127397485,3.958104718180278e-06,0.0009262926775841795,0.9952613377356376
144,0.0003650504462345824,0.006648957274507386,2.4629674462910035e-06,0.00023635425053169316,0.99274717506128
145,0.002391357861547033,0.000825812237645512,4.460849068526821e-06,0.0007579837966396278,0.9960203852550994
146,0.0034499554691700706,0.0013388704781553675,3.4633744320659596e-05,0.001188887943880817,0.9939876523644731
147,0.0015424557493981066,0.00103978019698995,3.523001466438951e-06,0.0011793722316144613,0.996234868820531
148,0.0009489880890774972,0.0009960681126313293,3.628004911382523e-06,0.0009599652854332135,0.9970913505079466
149,0.0007346878782987767,0.0009311494096670006,2.632192566484392e-06,0.0004430115447897104,0.997888518974678
150,0.0027814537682803874,0.0009463059608032353,7.722951306071317e-06,0.0006537828597381703,0.9956107344598721
151,0.0034819133949428134,0.011073097758528315,7.836415356628167e-06,0.0007649349810474102,0.9846722174501249
152,0.04563443128912412,0.002869554539568873,1.1430302513208122e-05,0.0014569893440551176,0.9500275945247387
153,0.0026738583903170837,0.0010452568167933927,5.755332440504241e-06,0.0005947616375088471,0.9956803678229402
154,0.0005144094233135737,0.004329133284615211,2.1902394503186334e-06,0.0002552831995145936,0.9948989838531063
155,0.0008784016890632922,0.0005794134335316039,2.9034719956111326e-06,0.00031087621864100485,0.9982284051867685
156,0.0012008451369656652,0.00043697092313684026,1.1163283404831754e-06,0.00018644358185552153,0.9981746240297015
157,0.0037656054200176725,0.0005753818346327619,1.404153157356826e-06,0.0004297217760301343,0.9952278868161621
158,0.06465579507405819,0.001920326072480338,7.672067566869145e-06,0.0010897844435419249,0.9323264223423525
159,0.007899583892776311,0.0027356607943791844,1.8995453490382745e-05,0.0009278655938751257,0.9884178942654791
160,0.004243752545988075,0.0023824945717758196,2.800910563019755e-06,0.0017596519614610114,0.9916113000102121
161,0.32337112988982925,0.03135388954155204,3.8132327821354914e-05,0.017912934081412653,0.6273239141593846
162,0.4228811308269059,0.01976384010813255,2.9428146490752017e-05,0.055412447711790616,0.5019131532066801
163,0.3374594769653914,0.04268098292280349,4.934492172406331e-05,0.07904564985812679,0.5407645453319543
164,0.28663917398619465,0.20775557115024312,0.00023746738160195673,0.1451854909713011,0.3601822965106592
165,0.016830840039079586,0.006199761776596354,2.7310136558658144e-05,0.010943790648350282,0.9659982973994152
166,0.05177739085033771,0.02153912781810164,3.105907480897721e-05,0.05665951921913582,0.8699929030376159
167,0.2113909894192947,0.023197089528064777,2.8216418327718686e-05,0.11417714095900652,0.6512065636753063
168,0.22200615432147833,0.012081207138729752,1.6341463308605837e-05,0.04510974086822099,0.7207865562082623
169,0.25870757269297734,0.08250554255573485,6.648327285934457e-05,0.12603305984340446,0.5326873416350241
170,0.340193526449638,0.06172657552021105,5.5574409163263214e-05,0.2501834949881307,0.347840828632857
171,0.2225420505302086,0.13513764215973637,6.840371394813182e-05,0.1925882320290981,0.44966367156700876
172,0.012896181416734405,0.016590754938639478,2.6790082251278968e-05,0.024602928489924288,0.9458833450724504
173,0.03479423062459469,0.04190817164337255,0.0003759137247842401,0.019066153272277158,0.9038555307349714
174,0.021049813369961104,0.023337491404852608,0.00033322035862455075,0.010588726222482994,0.9446907486440789
175,0.003572249061620243,0.0017243920299723054,7.236006823502533e-05,0.0027605982939891472,0.9918704005461833
176,0.002390893373740272,0.0009263191996747678,5.628901652605467e-06,0.0023248197812686918,0.9943523387436637
177,0.00926229940177799,0.001539717121571579,7.675770988672162e-06,0.006073758602343953,0.9831165491033179
178,0.43870240153089307,0.013444886870290478,2.97496112468698e-05,0.019026523540410827,0.5287964384471588
179,0.7567688531126499,0.040459564302628766,9.385573799032827e-05,0.03634454899276877,0.16633317785396218
180,0.6736130431743477,0.10593728932232829,7.359864157759691e-05,0.11862086627685417,0.10175520258489223
181,0.059765127886846715,0.10545747490058956,0.0009266104500926835,0.05427301509516881,0.7795777716673022
182,0.10820970181061275,0.022224434697260372,5.877036562640068e-05,0.21579055688655,0.6537165362399505
183,0.4122552474016439,0.03889262219828195,0.00010290287727697484,0.2063006699433009,0.34244855757949627
184,0.7584494259955517,0.0748192791863676,8.509780685361712e-05,0.11509392137617867,0.0515522756350483
185,0.5975908792202558,0.2896978853001268,0.000176344010583329,0.08052271284474488,0.03201217862428924
186,0.1941186807932001,0.5389537889009018,0.0006769938191959239,0.23101508365383164,0.035235452832870585
187,0.06865698951108011,0.6096969194096913,0.005097415710504009,0.2861950744192552,0.03035360094946941
188,0.05404970963668456,0.34945792613029,0.0007048093651898661,0.5870866512985911,0.008700903569244625
189,0.0709700800923887,0.38827244825968604,0.0004952612178008774,0.5206507046511828,0.019611505778941548
190,0.04033975843094225,0.7934974544237694,0.0034592725612264644,0.15806168141632027,0.004641833167741582
191,0.13634179401682361,0.7371237442940715,0.0007789262655385683,0.10169589784349158,0.0240596375800749
192,0.13780749761994757,0.6961826067200348,0.0005189529938356181,0.15618167717302192,0.009309265493160261
193,0.026569412336841784,0.9080429464619627,0.0023992139171536636,0.059720385823076705,0.0032680414609650332
194,0.21694808470053253,0.43344272094399416,0.0003292139001436712,0.32662202452157496,0.022657955933754477
195,0.07285563797104774,0.8000978038162788,0.006693344575458771,0.10185482905751596,0.01849838457969889
196,0.012447958727874624,0.9633279982975776,0.005839620336561458,0.013600005956778908,0.004784416681207393
197,0.059430311505590826,0.8313540370030117,0.014363720522945255,0.03387236218593802,0.06097956878251436
198,0.02211874559384927,0.0386459006373017,0.0011535684142967785,0.0026982539217592,0.9353835314327931
199,0.6101436984425646,0.2862776765048318,0.0003821650941420665,0.04454905752278386,0.05864740243567754
200,0.23315576970871976,0.7301932393953865,0.003017153719193439,0.007596568686395086,0.026037268490305163
201,0.283957562829038,0.702594184108687,0.0004303523762325986,0.007038192937761629,0.005979707748280783
202,0.11838422741425472,0.8529975418940825,0.0026579589630174407,0.015586249859372061,0.010374021869273138
203,0.07374120560382656,0.9072222195033819,0.004338285996489566,0.009133093385266479,0.0055651955110355995
204,0.012020771906712302,0.9571923155749316,0.027317237950972288,0.0014514862148950344,0.0020181883524887723
205,0.012157430720620867,0.9621474474355834,0.020786698060408268,0.0019305491210842066,0.0029778746623032146
206,0.06327383850583722,0.9145197032317396,0.006312654850075212,0.00871804970372918,0.007175753708618973
207,0.006856604510621269,0.9832493055151938,0.00730414147859968,0.0008901545247965322,0.0016997939707886398
208,0.006166590530080411,0.9845644999324121,0.007353960560663517,0.0007420977400886728,0.0011728512367551924
209,0.004710260873089734,0.9815024672315247,0.011603559080933214,0.0005026672483850111,0.0016810455660676
210,0.006430148126155751,0.9442371825141741,0.04377787584129272,0.0028769265733333952,0.0026778669450439906
211,0.009850685633720848,0.8511894295808011,0.13071182992706085,0.003855589948557996,0.004392464909859169
212,0.008844098915683137,0.9506498419508311,0.03379761601523045,0.003720650384993281,0.002987792733261994
213,0.013889164224073533,0.051457678298784615,0.008796462901996392,0.0017891674741143545,0.9240675271010311
214,0.33117000656385565,0.18052553245380767,0.0015198370232616654,0.002556316251812278,0.48422830770726266
215,0.3817790749262053,0.5880999432255894,0.0024895190863641376,0.0028342533187446554,0.02479720944309664
216,0.213560220079603,0.7334454850061038,0.0020001589805205395,0.0008808128771002987,0.050113323056672175
217,0.30535281715072343,0.683122664977299,0.0007806232893375421,0.0025120970211829777,0.008231797561457001
218,0.022482458497774128,0.9606974927793374,0.012482733663091605,0.001116538738134268,0.0032207763216627076
219,0.04177128832687312,0.9361072261890804,0.014788787814147199,0.0018429030330607524,0.005489794636838708
220,0.02462514285067452,0.9556787645252922,0.015076225244807825,0.001246983509507528,0.0033728838697177415
221,0.006333265722226195,0.9792560350318745,0.01220040359666969,0.0006034022190434053,0.0016068934301863304
222,0.016497372270502107,0.9671278027088033,0.012311846970003286,0.0014583969743305425,0.002604581076360777
223,0.0070076558955877305,0.9205916362020055,0.06953637352082645,0.0005895076170712644,0.0022748267645091923
224,0.005351206398257195,0.8767687448795911,0.11566846797039117,0.000440560243032983,0.0017710205087276157
225,0.006925168074233123,0.7774474316407705,0.21272753106220116,0.0006721936103430584,0.0022276756124520944
226,0.005284047144537925,0.9535623420752398,0.03854461473169145,0.00116816291845244,0.0014408331300782566
227,0.005591230239663293,0.8094357478414432,0.18212737489588784,0.0008998283701804556,0.0019458186528251106
228,0.003071318846402368,0.8345357444530065,0.15928350832769342,0.001220662031901765,0.0018887663409959015
229,0.015090070981676782,0.8542006076272805,0.12046892883435391,0.0036051262329765106,0.006635266323712364
230,0.15961077941566912,0.8051603180550964,0.015721202559575927,0.008454359536852663,0.011053340432805982
231,0.031053717378880828,0.9206687862695168,0.0399549533812328,0.0014319843867612383,0.006890558583608231
232,0.0035297798096548955,0.7820343848334206,0.2128885097148171,0.0002334908964112576,0.0013138347456962659
233,0.02015518251884618,0.9270722095684344,0.048287224274246886,0.0009627537126593268,0.0035226299258130753
234,0.013425794494747399,0.9641729569361037,0.018804044622887463,0.0010299516358494212,0.002567252310412155
235,0.008270114124384245,0.9646392753429344,0.02434284499484028,0.0006054513299832804,0.0021423142078578435
236,0.0060757628372626795,0.8799707054025774,0.11126620580653512,0.00041560386732157487,0.0022717220863031394
237,0.00654425387576776,0.8629751841157339,0.12792383129329357,0.0008689849359760636,0.0016877457792285032
238,0.004261632078161946,0.7860554659308021,0.20591398614959702,0.0014990551749680672,0.0022698606664709993
239,0.007248424511409511,0.8466675818302917,0.1402285739582258,0.0032412875055766207,0.0026141321944962476
240,0.03429314382519248,0.8239222225314415,0.1017766164629962,0.029931553865188452,0.010076463315181198
241,0.00511612680930066,0.8716562104112062,0.09169260144007947,0.02828135826913507,0.0032537030702785284
242,0.06267329721557376,0.5678239143787572,0.006278327578129718,0.3407453019285817,0.02247915889895755
243,0.11013936185743214,0.17463411332446016,0.0013573332101410023,0.6883868183357427,0.025482373272224024
244,0.06829784718420691,0.20916403103209846,0.000738915144508498,0.6833031977376004,0.03849600890158584
245,0.03542312587818496,0.046719061762282126,0.0002372377881606179,0.902055553743127,0.015565020828245337
246,0.025740093088350045,0.08053902496727788,0.00030034452333074476,0.8904055221277738,0.0030150152932675173
247,0.04029794468209959,0.05100483996225317,0.00018423270973731506,0.9006105290104834,0.007902453635426507
248,0.036845543656368315,0.018184277893500595,0.00011511825375631924,0.9317404185751541,0.01311464162122066
249,0.027287940494802904,0.01258944991055411,9.259938302276072e-05,0.9510309407865342,0.008999069425086043
250,0.0256353767929789,0.019994364906123694,3.441973390115299e-05,0.9424861820960939,0.011849656470902411
251,0.02927283290876903,0.013951377897519828,5.463201573242805e-05,0.9489087115425175,0.007812445635461148
252,0.013277333667010595,0.006725290803342403,1.349296819117914e-05,0.9754163093071196,0.004567573254336013
253,0.020635841986499127,0.0059467009916624024,3.967970633753905e-05,0.9669927552639084,0.006385022051592764
254,0.025775792424936942,0.005445272555508126,9.92874207292077e-06,0.9587557381746893,0.01001326810279283
255,0.024486120011996404,0.004603117287530273,2.8546435078461676e-05,0.9626681023402623,0.00821411392513261
256,0.039433137995897295,0.005741812789269428,2.671245315784989e-05,0.9422692801131137,0.012529056648561642
257,0.0805267490022664,0.00829460035298688,1.4202175026944454e-05,0.8701971203953479,0.040967328074371735
258,0.050606137500419854,0.006803114132161858,2.6541691949116805e-05,0.9328115262441444,0.009752680431324759
259,0.06875235375492543,0.007255910004580575,5.513385732886593e-05,0.9041272865888047,0.01980931579436028
260,0.07734399086144947,0.014193652057908984,7.929506148387659e-05,0.8918585536013758,0.01652450841778187
261,0.05381703023657927,0.02427729940264234,6.130266648058137e-05,0.9065848354736483,0.01525953222064952
262,0.030190565587308635,0.010201461222925319,0.00019515476374604084,0.9453953501305086,0.01401746829551155
263,0.012084138511398444,0.007983629428712204,0.00040761011527264075,0.9659409467193617,0.013583675225255016
264,0.014938476674264957,0.008552915227652242,0.00021031643866168805,0.9423579440519696,0.0339403476074515
265,0.055822475537816524,0.027061280284215467,0.0008939150240141337,0.8796416739554188,0.03658065519853506
266,0.0933178987789611,0.061945658151172055,0.0007221477695044403,0.7486199701165805,0.0953943251837818
267,0.010595578552936146,0.004514345749450329,0.004796597753496468,0.011352832350037133,0.9687406455940799
268,0.00986052118653609,0.004336583281334447,0.00015949451818034557,0.024337857034102368,0.9613055439798467
269,0.20133914959881807,0.008538718694058837,0.00021566904602979598,0.014815421207278256,0.7750910414538151
270,0.3092814064346377,0.011277603307008423,0.0001526828049975418,0.027462553673863854,0.6518257537794926
271,0.10812389290608133,0.08855600766669787,0.000420852844795285,0.07294825321372471,0.7299509933687008
272,0.6769891985250351,0.08588760277513507,9.45248054765281e-05,0.09450859241022337,0.14252008148412998
273,0.5980499822358876,0.15418860985866092,8.772203426780188e-05,0.1779267018131068,0.06974698405807671
274,0.14977829307476745,0.09163856550215832,0.0005777326768246488,0.0717119487863837,0.686293459959866
275,0.6120802314640262,0.20626156960755024,7.22571581006569e-05,0.12955633018331458,0.052029611587008216
276,0.3717947665300507,0.5191963543413242,0.0003625634249835407,0.08318516210625694,0.02546115359738471
277,0.2404166418903205,0.6857054965983298,0.001620964179852027,0.04987159036132583,0.0223853069701717
278,0.030109764323056246,0.9408632114727129,0.001447328769459464,0.022464876757683477,0.0051148186770879275
279,0.05752973276217664,0.7444724653459794,0.007426856603654989,0.18033756382781901,0.010233381460369737
280,0.014003661276932875,0.9688704947335495,0.002671766630876162,0.011208095763968423,0.0032459815946731144
281,0.06994115538552516,0.8822214603021503,0.001343889769714198,0.04065661249726185,0.005836882045348707
282,0.049146119141744084,0.9286573216626077,0.0037549365120036235,0.013680591677456456,0.0047610310061882285
283,0.03498814674522659,0.95222398046337,0.0018646771322735631,0.00518183478721496,0.005741360871914945
284,0.08667465684845506,0.8846815777609358,0.010725462989439225,0.011782832777803781,0.006135469623366041
285,0.015942872102803346,0.974044522918918,0.0026962582836992425,0.005091574053246221,0.0022247726413332967
286,0.010854242123665613,0.9829338286686197,0.0032939578616973868,0.0013757610858461263,0.0015422102601710854
287,0.013532010914481698,0.9740968687633644,0.008379140835444984,0.0021355488217375054,0.001856430664971328
288,0.01684137393339614,0.9527328754860577,0.02550913910051755,0.0023990550718366956,0.0025175564081919987
289,0.005137609601596297,0.964364402080133,0.02707119666289604,0.0022348206228276855,0.001191971032547048
290,0.009692314546807234,0.9538822478206705,0.03237990210040786,0.002150285468907509,0.0018952500632069714
291,0.004624361919445153,0.9695642395721783,0.02343257210736009,0.0010110120649291028,0.0013678143360872999
292,0.004588175170403947,0.9587768667189167,0.03307282814872635,0.0019038072815978381,0.0016583226803550926
293,0.011384970802549656,0.9663715562276856,0.01756549259382351,0.002282590487121757,0.002395389888819364
294,0.006587598477043829,0.9573095915849897,0.03263013909236685,0.0011011010838807157,0.0023715697617189167
295,0.0053837722467157964,0.9197286879788916,0.07238480103405696,0.0007377436979178855,0.0017649950424177508
296,0.00526243350258351,0.9439486023901186,0.048298502430539195,0.0004042078609846398,0.0020862538157740743
297,0.0021707343421775668,0.46954668555082113,0.526423934819545,0.0004137547608815412,0.0014448905265748034
298,0.0021322421829255834,0.9298886273836218,0.06624919302065134,0.0004219381515186874,0.0013079992612825867
299,0.001278511048844304,0.702988682011206,0.29395319113245005,0.0006016242493685637,0.001177991558131076
300,0.0008515285793127566,0.4419665318668432,0.5557541894020219,0.0003810632260745471,0.001046686925747593
301,0.005730338216394144,0.7576052000819937,0.23249710867859855,0.0008426312409126707,0.0033247217821008933
302,0.0034288211069044847,0.3726119981172767,0.6218782109735614,0.00041240738441317875,0.0016685624178443988
303,0.0063831761176424045,0.5851259706700086,0.4054729308888565,0.0009748497361130781,0.0020430725873796405
304,0.006231616782937145,0.5400721918816627,0.451329326961773,0.0007236830755175452,0.0016431812981096165
305,0.002877089669666641,0.5178915048984617,0.47721339775444904,0.0005803801379971276,0.0014376275394255272
306,0.004225656737615184,0.41360059752724915,0.5782272116953393,0.0012046501910116256,0.002741883848784703
307,0.0035341731351319003,0.4284822688843516,0.5654086937240497,0.0008801611062970858,0.0016947031501697485
308,0.00557517688998651,0.42386310844679503,0.5663673085806314,0.0015749766860930815,0.0026194293964939422
309,0.09508294210942247,0.8538203835431806,0.016038826068618284,0.025450405115744937,0.009607443163033712
310,0.020328966727613234,0.713974138880601,0.25843106670591853,0.002011175798723436,0.005254651887143662
311,0.01744814936890063,0.8621204000221341,0.11312484585850838,0.0030694043714225017,0.004237200379034557
312,0.01095049111233438,0.9330286243780808,0.05183856225979518,0.0007728037684834341,0.003409518481306065
313,0.006660444391130977,0.8999644737627771,0.0899136646981847,0.0013705305753420561,0.0020908865725651747
314,0.02558276134956971,0.9275745222256918,0.035050131761188305,0.005341009250139492,0.006451575413410548
315,0.0024946741585138233,0.7553076183663265,0.23992825596615747,0.0006305325113806548,0.001638918997621787
316,0.0038333613504798066,0.9200966143664786,0.07214793067332184,0.0020432409109906106,0.0018788526987290786
317,0.006703985107345292,0.7220582457426574,0.26598710587312263,0.001887248431318643,0.003363414845555801
318,0.004672761736178819,0.823880731677973,0.16461161955091622,0.003502060451365729,0.003332826583566148
319,0.0457476885561616,0.9000040463134359,0.024016113927663695,0.015207907279233171,0.015024243923505832
320,0.08626412477898136,0.8730308580334658,0.00399719549550601,0.019444283546768637,0.017263538145278125
321,0.11946274687874565,0.8526048572100513,0.001855466950509653,0.005308547657791383,0.020768381302901935
322,0.007557955232694122,0.9855790558723035,0.005237890522494871,0.0006415373068525916,0.0009835610656548555
323,0.008116435565447597,0.9769208532446197,0.012312882980485662,0.0008136344782854166,0.0018361937311614787
324,0.01702115527062138,0.9614494683753022,0.009566773399293725,0.008339437872982022,0.0036231650818006143
325,0.05705584503936034,0.28511032095241173,0.014128353515610668,0.004968135923553639,0.6387373445690637
326,0.27278731565019804,0.6751244031493072,0.001529312610948815,0.005996730435832748,0.04456223815371332
327,0.050909957264431836,0.9345349744055239,0.002174610943507379,0.00154062643880165,0.010839830947735263
328,0.1264606443066281,0.85110326807889,0.002129654416616704,0.00414503052153313,0.016161402676332006
329,0.06090784023027417,0.9090257681624521,0.009937898402811996,0.00946904216018113,0.010659451044280505
330,0.09019945313817535,0.13265180483819344,0.002227387320031058,0.00444211836350748,0.7704792363400926
331,0.2534077149499935,0.7076936688703273,0.001379250093645342,0.02069956879662579,0.016819797289408193
332,0.09081400846857185,0.8929997920138585,0.0028351670364555126,0.003321123446033196,0.01002990903508089
333,0.11115724001025168,0.8803794277416364,0.0006669417434035086,0.004669561618435395,0.00312682888627294
334,0.06510294789917531,0.9132930346416218,0.010653179204510723,0.005278703843430391,0.005672134411261646
335,0.06865626376549777,0.9192317941010997,0.001802708308809911,0.0065099024995818894,0.0037993313250108732
336,0.04220341196255678,0.9408037984573048,0.00891938638243575,0.003857022311794348,0.004216380885908073
337,0.03637351217897697,0.9465996780531387,0.007315687637716006,0.006662837960078517,0.0030482841700899335
338,0.01503313751492452,0.9716472300599236,0.007233164826757948,0.0027981503094121236,0.0032883172889819675
339,0.02790791618494899,0.9496186834091871,0.012850827230542657,0.0026170081411384235,0.007005565034182977
340,0.17750481154923245,0.8040452643393708,0.0012295892974977824,0.006831331639969351,0.010389003173929713
341,0.008689132788252625,0.9712373096385543,0.01732234096496511,0.0006249081802660405,0.0021263084279620325
342,0.028277263288459156,0.959616962963407,0.0070379753017388086,0.001973998443533263,0.0030938000028615294
343,0.018163408081391712,0.9659812816191116,0.011906648266447578,0.0012030126948736996,0.002745649338175399
344,0.010099914500360914,0.9710973617144665,0.01283831552505168,0.0023781282131056535,0.00358628004701535
345,0.009120509399551365,0.9388174313493284,0.04459936814972088,0.0021687940939486877,0.0052938970074509475
346,0.03684837561615872,0.9305123290675466,0.01310574124393199,0.011636372498881494,0.00789718157348153
347,0.01076954089738448,0.9587509185384294,0.021673889648687047,0.005083684197404385,0.0037219667180948927
348,0.00396639961514823,0.014180509127257119,0.00656839910061288,0.001222808311532149,0.9740618838454496
349,0.28732103550270716,0.22844248184475635,0.0011574446252838621,0.01036862666783401,0.47271041135941855
350,0.3341932232752765,0.5874540531669173,0.0048709010094059434,0.01254678194883392,0.0609350405995665
351,0.008475461512303379,0.007816214403310996,0.0006989676392672026,0.0004855011765339955,0.9825238552685845
352,0.01630839611784462,0.011231447802853626,0.00028554558724744415,0.002576665095191375,0.969597945396863
353,0.1794013504667863,0.0161298644752191,0.00021953551784605638,0.007455835421504683,0.7967934141186439
354,0.658515261926884,0.20012249231609064,0.0008620544093919988,0.009357492405536166,0.13114269894209726
355,0.33591304222316615,0.6041573921188539,0.0008371501329596445,0.041743351544677634,0.01734906398034262
356,0.15422499676837853,0.5721576737626087,0.0008744841241436955,0.20669422369874685,0.06604862164612219
357,0.21019698800250455,0.4826259840949475,0.0009335810115170699,0.20558559067663004,0.1006578562144009
358,0.276342047448642,0.4546228351188606,0.0005417559105923922,0.2466021306568012,0.02189123086510389
359,0.15547147492354357,0.7838760218183946,0.0023554961952378974,0.0451483888735056,0.013148618189318288
360,0.5257563049780901,0.13598890138537967,0.0002501677278501308,0.029077436957540427,0.30892718895113963
361,0.3686649969952746,0.6017423649737156,0.0008691340478615165,0.0200804459269588,0.008643058056189415
362,0.06651377640191838,0.9075961879551215,0.015432680272721174,0.0030292569185955418,0.007428098451643322
363,0.0447471980420807,0.9471180374304847,0.0022254166079221554,0.0012832531676137632,0.004626094751898535
364,0.009806288907848989,0.9682645662144026,0.01749645305906999,0.001058412246397104,0.003374279572281446
365,0.009411188155572845,0.9828441667103456,0.005669506198827284,0.0009825549379953004,0.001092583997258847
366,0.01596183618204145,0.9408923384846194,0.037625535203879255,0.002420901386169056,0.003099388743290865
367,0.04462783345366436,0.9339535882070896,0.007139970490271427,0.009858767832968969,0.004419840016005463
368,0.010425869234240066,0.9241567732426987,0.060538879885777185,0.0016929615995582995,0.003185516037725514
369,0.020763932149965858,0.9710500420912106,0.004576884387563956,0.001626501047842675,0.0019826403234170197
370,0.016198899131734768,0.9555234109241931,0.024681750203907088,0.0008749828239120306,0.0027209569162529065
371,0.05244704673501181,0.9353292170327612,0.00451790403463318,0.003081024209663045,0.00462480798793101
372,0.03232903765276951,0.946881497292376,0.012984880652414339,0.0020068820388100834,0.005797702363630033
373,0.04435465530471945,0.9436968454475079,0.006148331617815835,0.0020401655291271093,0.003760002100829815
