epoch,N1,N2,N3,R,W
0,0.0004217834347021899,0.000470981061010318,9.46046645625798e-06,0.00045892979025564213,0.9986388452475757
1,0.0002813529791654532,0.0001942027759891581,0.0002901030798755453,5.804530473862831e-05,0.9991762958602313
2,0.003197564507798512,0.0006611686591697283,9.597093938127333e-06,0.00013083062132156393,0.996000839117772
3,0.0037078736885099053,0.0008358130179593726,4.5850706490976935e-06,0.0001388403105538209,0.9953128879123277
4,0.00970535060120582,0.0006702786832106651,2.368981379471681e-06,0.00022826391471800114,0.9893937378194859
5,0.022756334996190418,0.0008345336868433604,1.6346246405057087e-06,0.0001290923332792686,0.9762784043590466
6,0.12328577951498358,0.01693453271361028,2.4044532329186938e-05,0.0012114897125467504,0.8585441535265301
7,0.0627849931504688,0.07284494542051496,0.0006974267391807388,0.000964050016378571,0.8627085846734569
8,0.16397924560860472,0.2055718538071065,0.00013204123221689313,0.004757353931197864,0.6255595054208741
9,0.12293907054109207,0.6052146815936945,0.004888600432735408,0.003922634981178687,0.26303501245129923
10,0.16319282929692785,0.6246343175224693,0.0002271415114812389,0.014741657844477934,0.1972040538246435
11,0.09847585724099434,0.7093263801923845,0.010699095804801509,0.0021303390559518883,0.17936832770586797
12,0.16301534919459995,0.46724232865454923,0.0012283858327921929,0.010923739657308432,0.35759019666075015
13,0.0894172495296453,0.76536010841146,0.004379331630046733,0.005270017107951854,0.135573293320896
14,0.06691080153358632,0.6572424670883629,0.0005725581936731136,0.0034832985114442755,0.2717908746729335
15,0.12540380245083724,0.7060534549921935,0.004559019517068292,0.00383752419275612,0.16014619884714465
16,0.013559755813277641,0.7538518675342548,0.11011200327087747,0.0004259545834651868,0.1220504187981247
17,0.1811377557569454,0.05999085052622157,0.00019651606967293416,0.003367346379675051,0.755307531267485
18,0.09262744221683014,0.7799880418892094,0.01278270664081575,0.006157432795575691,0.10844437645756902
19,0.06037115727832327,0.8540766644984256,0.021321838277908848,0.002150078916695552,0.06208026102864679
20,0.050130305961720974,0.9166991154171453,0.005182960104871955,0.0013548655778455499,0.026632752938416174
21,0.020502724249967262,0.846174845955192,0.09265191383960131,0.0006522975957278122,0.040018218359511686
22,0.08301498497102261,0.8752624046915056,0.004581959086378502,0.0024281203322679924,0.034712530918825334
23,0.0488588792348461,0.9158089727210615,0.011180172329637366,0.0007029799572241815,0.023448995757230695
24,0.037365704400617754,0.8737783637061561,0.0725176870165048,0.000803577121776979,0.01553466775494443
25,0.056394218261627396,0.9228570440155298,0.001344907758958951,0.0008636702691593893,0.0185401596947245
26,0.032832671822121955,0.9429352212461771,0.011835480048236379,0.00020188484707660436,0.012194742036388012
27,0.10700402506357978,0.8701672725743356,0.0030045595542812623,0.0005035849352947394,0.019320557872508616
28,0.041001528553511205,0.8399422815960355,0.09508749322973328,0.00015272446351037136,0.023815972157209635
29,0.01629163195783525,0.6717362931782669,0.2970663285507419,0.0004289078709449414,0.014476838442211027
30,0.012608938468073547,0.8726516983144824,0.10467692693851224,0.0005139135043485793,0.00954852277458336
31,0.009483458653640931,0.5121836840773523,0.46690169623979066,0.001172992060540506,0.010258168968675662
32,0.01465777278428858,0.9556367738475854,0.01816674777939674,0.0005643483976182483,0.01097435719111091
33,0.012478648835584619,0.8658466886453251,0.11145095509407639,0.0002866937620395556,0.009937013662974453
34,0.04110936913829404,0.7347993738823297,0.18651001623095717,0.00025542853504549454,0.037325812213373465
35,0.049768476318541165,0.9119858284244041,0.02656311543073242,0.00018642096984054955,0.011496158856481703
36,0.029134573939385178,0.7636228321039796,0.19430852773173507,0.00011210141510438544,0.01282196480979579
37,0.02262020019629824,0.864076404145657,0.10450462710042514,0.00010821947196624125,0.008690549085653225
38,0.009251938628170782,0.6106851851124713,0.37142712192285865,0.00017706258942547747,0.008458691747073765
39,0.01344999149681857,0.7130307487855196,0.25804626773077416,0.00034081015694358805,0.015132181829943993
40,0.02463945742252225,0.8650119287636592,0.09696643330430735,0.00043340389715094203,0.01294877661236018
41,0.02392172912603334,0.4784466284428348,0.46826563531007925,0.000450924733631559,0.028915082387421076
42,0.47604416850175063,0.48537948345273046,0.0019292863641317032,0.0013826407048513052,0.03526442097653598
43,0.06720978898861653,0.9128470854274102,0.01350273462493838,0.0001444895167552546,0.006295901442279481
44,0.04875069585645449,0.8852367193310636,0.05993297502027722,0.00014277657552797305,0.005936833216676678
45,0.0112965188802066,0.8322572817759546,0.1506284024305541,8.135057475265668e-05,0.005736446338532089
46,0.004254796758497237,0.39384725156449274,0.59698948492659,0.00014017934947022225,0.004768287400949913
47,0.003463588652608687,0.7237905119693733,0.26557670505066056,0.00034821988579815583,0.0068209744415594015
48,0.0017748050870069639,0.744431902984761,0.24840036673889282,0.0003364338709882779,0.00505649131835086
49,0.0009443645726689943,0.13697875604921803,0.8591757913421151,0.00011054262983003364,0.002790545406167952
50,0.0009623381436346124,0.48619775428979783,0.5095372875168248,9.788694403717705e-05,0.003204733105705679
51,0.0010120633296906642,0.20974583290661022,0.7857741549262678,8.20408685869687e-05,0.0033859079688441642
52,0.00383622232697316,0.4869938468098318,0.5017230895486836,0.00010319472396228444,0.007343646590549051
53,0.005398210932796593,0.799923322608886,0.18738604273981882,9.326132006238807e-05,0.00719916239843616
54,0.0026253315223729295,0.2963781689639924,0.6956207881034457,5.015379068195421e-05,0.005325557619506925
55,0.0021805271765187634,0.3026818173308089,0.6912790357614901,4.676181991007503e-05,0.003811857911272199
56,0.0009567453143782439,0.11263984156153439,0.884481965054303,2.5287231369306147e-05,0.0018961608384150553
57,0.0007194990370448018,0.1589436767178637,0.8376181287379562,6.546972324525942e-05,0.0026532257838900526
58,0.0023750389662348342,0.08130595301823833,0.9124309164508948,9.157694108685027e-05,0.0037965146235451664
59,0.0010781811402422548,0.14846479556962466,0.8466204224610135,9.204067191999654e-05,0.003744560157199511
60,0.005823523786314704,0.6235276492034594,0.36234391793246146,0.0003110179712762151,0.007993891106488292
61,0.0034498617518338706,0.23105175482650314,0.7530536544765124,0.00015030506221125792,0.012294423882939404
62,0.026337951921257624,0.7416630154762717,0.22256036446116959,0.0001798411356064254,0.009258827005694895
63,0.038221647352354206,0.9065277802541313,0.05078653211212311,0.00011543886630001369,0.004348601415091486
64,0.002021213307034728,0.21377112619890656,0.7813265900227188,2.926709581983762e-05,0.0028518033755199576
65,0.0009744448278985921,0.21701762017373155,0.7797142849734269,3.418203579162958e-05,0.0022594679891514424
66,0.0004307647227910676,0.11951560404942196,0.8785564086395841,2.4605948155642486e-05,0.001472616640047225
67,0.0002787362987594285,0.03883468704318292,0.9598632788973305,1.2195742674862737e-05,0.0010111020180521876
68,0.0003717014873874267,0.13416491262452318,0.8636850041892322,3.080512782762305e-05,0.0017475765710295078
69,0.00023421305383640047,0.06515095380336114,0.933504904463893,1.3870086560706815e-05,0.001096058592348724
70,0.000611390626378267,0.05880818223500503,0.9394206893565964,1.3621105637700314e-05,0.0011461166763825845
71,0.00028230880767149576,0.02687797624586422,0.9716454004384657,1.4811337499135795e-05,0.0011795031704996005
72,0.00017772203084331814,0.027313275642444613,0.9715738864810702,8.928131283090293e-06,0.0009261877143586999
73,0.0005471641603963814,0.09955609004566793,0.8978230163133287,3.371299488648896e-05,0.002040016485720505
74,0.0005673353838288823,0.09264542990086543,0.9034168901703925,4.720705738510055e-05,0.0033231374875280846
75,0.0005207661559829086,0.05426920337920529,0.9427577490651918,5.0944729639773864e-05,0.0024013366699802714
76,0.0014360704610338465,0.06981273285278229,0.9254272817282576,9.683911032990014e-05,0.0032270758475963683
77,0.00103367407781997,0.07359786700760386,0.9220749821382757,5.259042914805715e-05,0.003240886347152531
78,0.0018078905873070374,0.15168385278012222,0.842346773755389,0.00010448135017963247,0.004057001527002242
79,0.010235938482189795,0.6657853626980663,0.3157466911382701,0.0004684632936189269,0.007763544387854908
80,0.0022635936235118675,0.23123371908172322,0.7616928919345701,0.0002540336359732953,0.0045557617242213385
81,0.012370930703778068,0.8548503721644912,0.12678123705363487,0.0007658966928399753,0.005231563385255989
82,0.01687567286376431,0.7773854052247898,0.196112163198694,0.0005782808695165612,0.009048477843235538
83,0.01590056086029807,0.919637887557332,0.05744678567426807,0.0007878369905935153,0.006226928917508459
84,0.04910989718750795,0.895415683396604,0.042224089405423444,0.0007230227656351099,0.012527307244829386
85,0.02167300595864259,0.8670612079385167,0.10536278012241183,0.0008065001066292183,0.005096505873799754
86,0.03381401161276527,0.8866436948082196,0.07314412904515526,0.0007797877335256182,0.005618376800334142
87,0.015764910994691923,0.9318126068233639,0.04640570075019131,0.0006005326579289281,0.005416248773823876
88,0.030566360552553663,0.8986438143540066,0.055847025212456144,0.0015295796261613835,0.013413220254822309
89,0.0072315793020346795,0.872608240086896,0.11344650352973078,0.0013139315062663751,0.005399745575072412
90,0.18429089062391452,0.7724710055185933,0.0038767457940897653,0.0035711528254232902,0.03579020523797914
91,0.06032593637215682,0.9118675237356243,0.015110774057623785,0.0019068706617678054,0.010788895172827266
92,0.08495116732140515,0.890540160106711,0.006503922019433645,0.0015547556236949799,0.016449994928755166
93,0.052595610819382015,0.894699037730801,0.04076480942989164,0.000464847716631155,0.01147569430329422
94,0.029002806787740327,0.9406833298247467,0.021295418969763658,0.0007342840045143248,0.00828416041323508
95,0.015466640400885264,0.9321586713148946,0.04720471418411652,0.0004026085276272116,0.004767365572476306
96,0.029268537705055192,0.9465369056018822,0.017760566270818196,0.000946814004068372,0.005487176418175896
97,0.02239406348155203,0.9197464026120978,0.05083895028997994,0.0004247105182271916,0.006595873098143237
98,0.006676047160774405,0.9299224217151278,0.06036417742867612,0.00023251790635848591,0.0028048357890632543
99,0.009210902387006467,0.760973519822943,0.2276502859652816,0.00017621447528412952,0.0019890773494846926
100,0.005881246358906008,0.6698630555099202,0.32081506966463724,0.00019834612189657838,0.00324228234463982
101,0.0035150977332807525,0.6217342321631472,0.3724097406385977,0.00015539769970079672,0.002185531765273702
102,0.007374749798887496,0.8240103670106297,0.16577253320185775,0.0002556861974511542,0.0025866637911738113
103,0.0014798035378827965,0.112596365044016,0.8846239479712583,5.329373149743198e-05,0.0012465897153455356
104,0.0011735463265304224,0.21784568858828932,0.7780046315803469,0.00010911230815911754,0.0028670211966741036
105,0.0005461061807552119,0.07296784864516044,0.9256220531644903,3.541878146035137e-05,0.000828573228133524
106,0.000990275282231236,0.13343910808030687,0.8633053051000686,0.00015141986409257873,0.002113891673300704
107,0.00048512918207396354,0.08441743982053042,0.9141573638015411,9.448164107991755e-05,0.0008455855547745534
108,0.0011636324737967685,0.1860090504740874,0.810870423744155,0.0001771241855958219,0.0017797691223649633
109,0.0005340781344492164,0.0332679705978105,0.9654401035440521,4.34283617558052e-05,0.0007144193619324791
110,0.0003017153701550188,0.07617997704452274,0.9226196919406371,4.303895570941259e-05,0.0008555766889756881
111,0.000398795044349507,0.047856634509511616,0.9502742111689897,4.4056549110086075e-05,0.001426302728039222
112,0.00030678902002862174,0.037455237008958496,0.9610342764877653,4.2918453703029e-05,0.0011607790295445142
113,0.0005656962377246086,0.098645558003129,0.8993132585640984,7.590373616037317e-05,0.00139958345888759
114,0.00024924708790449225,0.022428414185579466,0.9765761951879038,3.3387451573587216e-05,0.0007127560870387335
115,0.0012327440646129715,0.06549994605702603,0.9313277983451007,0.00011937275690329846,0.0018201387763569627
116,0.0012200827503910392,0.12888774002406078,0.8668334258650225,0.00018631747134545054,0.002872433889180162
117,0.011676316729134073,0.7466619222953346,0.2360556198804262,0.0013157385292070292,0.004290402565898236
118,0.0036054832843624295,0.6013763275393064,0.3919609780856246,0.00020027456139971221,0.0028569365293069577
119,0.010993574728783559,0.8762063335169233,0.10840673359300888,0.00045137049579896854,0.00394198766548528
120,0.011844702211294071,0.45860470775988976,0.5260802100490019,0.0003201681770206071,0.003150211802793676
121,0.0010397715328032899,0.4353499608097448,0.5622914865504329,0.00010500942541926545,0.0012137716815997226
122,0.0014762227265129957,0.37000448861821206,0.625642416207735,0.0003658673484495793,0.002511005099090329
123,0.0018322539150339206,0.3203729703805148,0.6740299001103117,0.0010964307372510278,0.0026684448568883713
124,0.0036753971479706916,0.32187703078737706,0.6679118889413181,0.0033823992226220626,0.0031532839007120572
125,0.003143090054437159,0.28485542967828653,0.7053807331207287,0.002554143621177136,0.004066603525370481
126,0.005743002079673708,0.39762997796041344,0.5814804084402861,0.007509994093936612,0.007636617425690101
127,0.14314760317101052,0.5519259865529463,0.0775767670736839,0.16667210584274825,0.060677537359611074
128,0.1554033123271937,0.30904683814866524,0.009982657851161513,0.49053310330967065,0.0350340883633088
129,0.13692302153216174,0.5905088539651604,0.019798991430326318,0.15645602719575488,0.09631310587659667
130,0.03141262986920771,0.06607674481399593,0.0005902675034986056,0.8875248506246554,0.014395507188642338
131,0.06429803358629937,0.06614121519277505,0.00034803698098892646,0.8155215611034983,0.0536911531364384
132,0.06523882192150204,0.05229556242534182,0.0002563855621336665,0.8485225380530516,0.03368669203797095
133,0.037251188177980635,0.017240914454107636,2.490788529941071e-05,0.9413488671882617,0.00413412229435054
134,0.04723604690310582,0.031273269648455254,5.763022820776832e-05,0.9139999441585503,0.007433109061680789
135,0.08968674744962542,0.07631221709855045,0.00011785309055490179,0.8241302631718446,0.00975291918942472
136,0.10854032995993079,0.07527224499616417,9.097416580081814e-05,0.7616910787525478,0.0544053721255564
137,0.10220912938169689,0.12088941381574074,0.00011679200568610026,0.7575199517719924,0.019264713024883785
138,0.03312393246090145,0.12960807416968614,4.052954634823993e-05,0.8075780333534844,0.02964943046957959
139,0.057857642326474036,0.051072974060878636,3.786359287106099e-05,0.8666031124712629,0.024428407548513536
140,0.03533164351833063,0.05452261639031308,2.1568983510794254e-05,0.7009888508224763,0.20913532028536927
141,0.07019840812194612,0.03245746829426169,9.365111847625628e-06,0.165842516513135,0.7314922419588096
142,0.09158287625961822,0.03488712273432928,1.392041563144558e-05,0.806591432612792,0.06692464797762908
143,0.10434701968099068,0.07932248829538972,4.629891827161057e-05,0.2641770711769267,0.5521071219284213
144,0.11894701550400048,0.061920784953907466,2.663212904444149e-05,0.7850762287315529,0.034029338681494714
145,0.13131543162176376,0.11610117707063558,2.25025454349157e-05,0.5141660743799332,0.23839481438223245
146,0.05351835767911223,0.05304584074415589,1.0823736557721803e-05,0.8424211957571479,0.05100378208302633
147,0.06392962860166009,0.052725701806755405,5.799114884850749e-06,0.8377340508521846,0.04560481962451526
148,0.03328560203012438,0.1656609446831978,1.6020872762842925e-05,0.7913833349962374,0.009654097417677506
149,0.05495646910509283,0.16831866060493553,2.8090289138964003e-05,0.6633053719342857,0.11339140806654696
150,0.04689516952222445,0.08719921329156453,1.681435447143339e-05,0.8396557245341261,0.026233078297613503
151,0.09169112165580237,0.1399034098546383,2.040498397997092e-05,0.7297685901572145,0.03861647334836489
152,0.05448362555759349,0.08351572559355375,3.784374517893206e-05,0.8527035517529082,0.009259253350765566
153,0.06632743673983738,0.01963404258528358,1.468416090197108e-05,0.8327441771558269,0.08127965935815021
154,0.09631556622122325,0.03366599528949306,2.9628599144701827e-05,0.8344082667013911,0.03558054318874801
155,0.051912071641539034,0.01638913054703379,9.60041741564888e-06,0.8813334649623428,0.05035573243166875
156,0.0714616434809971,0.018801209684502662,3.1452534529513835e-05,0.8877955194243846,0.021910174875586146
157,0.06804133634115192,0.02263565567775748,3.889891411676461e-05,0.8353248973457736,0.07395921172120033
158,0.04814841472074449,0.020679362052646054,1.4918011202927563e-05,0.9138313098677782,0.01732599534762835
159,0.04222588676222132,0.028130191927185886,3.997829860991596e-05,0.9090204134297836,0.020583529582199295
160,0.0822225615951229,0.009840264267101832,6.523256461154522e-05,0.8758650426424789,0.032006898930684695
161,0.06822343168761837,0.016624147839178698,2.3331322383844918e-05,0.8541897011157994,0.06093938803501977
162,0.06411736259412408,0.044067180712131074,3.2245361616678564e-05,0.8811958044241267,0.010587406908001489
163,0.07232011240345254,0.033782891798074074,1.1769259659652775e-05,0.15208786499985588,0.7417973615389579
164,0.09907196683289612,0.024044106342292874,2.8283342263226617e-05,0.8189136210243442,0.057942022458203575
165,0.06760842972785296,0.0666165576602879,2.1949704870229932e-05,0.8377149640013613,0.028038098905627543
166,0.16587563556033244,0.07028333225738914,7.987422338410356e-05,0.7218849745600092,0.04187618339888524
167,0.06985919634010547,0.05107415959704311,1.625039364481217e-05,0.5669695799497934,0.3120808137194131
168,0.07806162585591456,0.007960123298680793,2.17181803614697e-05,0.8829813522760851,0.030975180388957965
169,0.04596342812483895,0.03402355534851596,2.9502106825489877e-05,0.887553884407555,0.032429630012264614
170,0.047829996390329,0.04466704596268329,3.520314724810859e-05,0.8960015157421585,0.011466238757581277
171,0.05946250007297876,0.05443064872123436,2.825055542288095e-05,0.8007888488835461,0.08528975176681797
172,0.0348567359456765,0.03139479842725929,2.2555568369001257e-05,0.9178645001996285,0.015861409859066627
173,0.039092488548361934,0.04949504818788169,4.2902632862983613e-05,0.9017023040872229,0.009667256543670668
174,0.05648152918069049,0.04313787960662403,2.9516434192928647e-05,0.8902224671789633,0.01012860759952936
175,0.05422680710151688,0.01755288044196027,2.7192508120005378e-05,0.8987574078535133,0.029435712094889457
176,0.07440223165240702,0.042253270707887904,3.6465855767973585e-05,0.8610263295510773,0.022281702232859912
177,0.13375038994015437,0.036501510986834365,1.1902087817712587e-05,0.811233225056336,0.01850297192885761
178,0.11379056152989817,0.3182391323244024,0.00029211237074164655,0.5278423350460103,0.039835858728947605
179,0.07843212435127846,0.4922281407633625,0.00016498535256199222,0.3920020443337722,0.037172705199024714
180,0.07261010448951648,0.45851565083793716,0.0003239679803601688,0.45295867111422394,0.015591605577962072
181,0.09052888891704994,0.1588659463053118,0.0002574317033237176,0.727685073181694,0.022662659892620438
182,0.04596935937531986,0.6674274163516467,0.000986676485921078,0.26885060593959803,0.01676594184751442
183,0.04676830819193022,0.6262652620666758,0.0008812553297731718,0.31856269462031317,0.00752247979130741
184,0.0587724370131709,0.7881995702719911,0.0009111003235491435,0.1339359018130908,0.01818099057819799
185,0.06551108323126324,0.8125503567843356,0.0014939625555756622,0.10670037109363172,0.013744226335193713
186,0.08778404622884224,0.6974866075455166,0.0006266010469238938,0.20250988078557133,0.011592864393145857
187,0.03467557112000868,0.9252321757817419,0.0017277176065347802,0.031165243823013833,0.007199291668700723
188,0.048001646089388075,0.9048306153506415,0.0008145066211961554,0.04293723856726406,0.003415993371510343
189,0.06807651726250222,0.8638281227378883,0.0013788188354569625,0.06314063098706496,0.0035759101770875055
190,0.04257918107421074,0.9068218423084239,0.001227567243860948,0.04569921277270266,0.0036721966008018505
191,0.0077885179627683295,0.9701997139233041,0.012624740359923026,0.008126809722029258,0.001260218031975356
192,0.0073182855746375145,0.9861154287031182,0.0011459768812101874,0.004377907532898424,0.001042401308135645
193,0.007421196550955994,0.9822474668864829,0.0015750077087221242,0.007436612290552368,0.0013197165632864618
194,0.007224228459829873,0.9852099563531226,0.0029094073093211973,0.003051623039448861,0.0016047848382774869
195,0.02057351397332209,0.9635752700161748,0.003611159661442657,0.009975431759654804,0.002264624589405411
196,0.022943155083037736,0.9635342392523881,0.003295295852877923,0.007865780091455348,0.0023615297202408537
197,0.020819468494295456,0.9536967699754838,0.019653756021663558,0.0036517296808556846,0.0021782758277014546
198,0.0183573686423141,0.9564726289540841,0.019010574048767166,0.0036299964047909828,0.002529431950043697
199,0.013528241637414593,0.9775279228504299,0.005232823666727114,0.0021695994882445814,0.001541412357183902
200,0.016393344981502214,0.9747451777825783,0.004692969143909244,0.0025975239217923105,0.0015709841702180771
201,0.007965595819450848,0.9607452514373748,0.026977350280758778,0.001497045799831027,0.0028147566625846615
202,0.007921330858375732,0.9592921163001855,0.02997371905694051,0.0008175677686378711,0.001995266015860443
203,0.0043480883808936265,0.6949362751237527,0.2976463895620788,0.0010526986182989803,0.002016548314975952
204,0.007710948033523984,0.7905033012793364,0.19880995034214,0.0009313295351340635,0.0020444708098656277
205,0.007362614843890171,0.8791891292845418,0.1101920062111131,0.0012518155794499523,0.0020044340810050324
206,0.004164537302654828,0.781464476747923,0.2111042478887317,0.000926889734916597,0.002339848325774006
207,0.004165279548068324,0.6835584095456344,0.30978052720191285,0.0003113782382458009,0.0021844054661387196
208,0.003107428509381014,0.8485470178406267,0.14502078352436626,0.0004252157417479797,0.0028995543838779654
209,0.0020971951321649275,0.605971268429609,0.3887521148403728,0.0003244112378145795,0.0028550103600385765
210,0.0016114327968185136,0.6503790154969578,0.3455934722961472,0.0003145896703065006,0.002101489739770294
211,0.0034743308345420447,0.6165889835682291,0.37629244949334734,0.0003540480517222996,0.0032901880521591367
212,0.0008620663712556729,0.17427355750255633,0.8231606596045622,0.00010846713591241567,0.0015952493857132567
213,0.00654424113469171,0.7877932019683791,0.20192541067648728,0.0005870606628478394,0.0031500855575939068
214,0.00025372022240329405,0.07135471044301296,0.9279419804018104,5.050992573708224e-05,0.00039907900703618277
215,0.00038785512677339977,0.11215616395388477,0.8862350577982501,0.0001138009716291651,0.001107122149462428
216,0.00038966746888458975,0.11296777348066522,0.885538531953366,0.00012295684785484072,0.0009810702492291288
217,0.0005617480736899161,0.12886647749370986,0.8693027826797589,0.00021650241282758904,0.0010524893400136496
218,0.0002320271953868785,0.08975270156762752,0.9092108467477489,0.00010603484208433154,0.0006983896471523946
219,0.004623762563936507,0.22125317448182533,0.7684340943678046,0.0010564175135013808,0.004632551072932254
220,0.0031671631007164323,0.2886684185414847,0.7021266132772179,0.0016103496624721937,0.004427455418108677
221,0.02598334756626355,0.6834683225854742,0.2805976179696989,0.004866967162218611,0.005083744716344894
222,0.033529067150797745,0.8528547768303423,0.10467857127913485,0.004446801353192522,0.004490783386532609
223,0.014493581604996081,0.4363137843070348,0.540755987013703,0.002998396997894686,0.005438250076371302
224,0.007286978852947928,0.6288816501920421,0.36001278197552433,0.0016551046203289908,0.002163484359156594
225,0.005414151833200858,0.6124480507141848,0.3760907443415165,0.002019667113836488,0.004027385997261392
226,0.016373685172627078,0.6164540058065399,0.35963105547044083,0.002481131401623017,0.005060122148769115
227,0.004163154014690603,0.46626021851759586,0.5257551315185534,0.0010357686591719393,0.0027857272899882686
228,0.004708238870992269,0.7054690436045821,0.2858360196450508,0.0015227531211601767,0.0024639447582147384
229,0.0023442144305063127,0.8641417476747179,0.13031343261189193,0.0011699957695351128,0.00203060951334871
230,0.002290743111695698,0.46706975885441815,0.5277167042946406,0.001201597935778813,0.0017211958034667808
231,0.0067853804318828695,0.8257360503591912,0.16138294023379174,0.003710272090357327,0.0023853568847767683
232,0.005407795037874938,0.7651412426782096,0.22344342730159134,0.0039493550684741386,0.002058179913850114
233,0.0327446724436695,0.8499580488870597,0.10060182735105651,0.005818805736380696,0.010876645581833601
234,0.09801148722992067,0.7462734433529666,0.08019663141883394,0.03451580516294874,0.04100263283533013
235,0.1721338273741155,0.77313308050205,0.008904821307476534,0.03304573393333103,0.01278253688302701
236,0.16757076083287112,0.1221416204347787,0.023148114906274712,0.010811302846864202,0.6763282009792113
237,0.39103774587874623,0.13985931924175793,0.0014853880552886866,0.0028783820484206933,0.46473916477578625
238,0.6614620254774083,0.29540042779826686,0.0010497781767787025,0.004036963709871613,0.038050804837674555
239,0.2969853207916539,0.6747604262029119,0.00640398041260829,0.0010490809110445946,0.02080119168178125
240,0.35415794906614023,0.6296391709238129,0.006545331042666899,0.0011188588151227602,0.008538690152257104
241,0.01221990613222396,0.7879414063156565,0.19717235156610768,0.0011802105693047463,0.0014861254167069919
242,0.015649797866753374,0.602279165983363,0.3739177208578828,0.004264948041154218,0.003888367250846825
243,0.009867994006951262,0.8634729544960668,0.12033166307895207,0.0038185297191125267,0.0025088586989173243
244,0.0019174949988215054,0.5686325530932446,0.42692394822029783,0.0007136232488108441,0.0018123804388252597
245,0.0023881119511517486,0.4684279675945652,0.5258453894765664,0.0005609585481431043,0.0027775724295734947
246,0.0011498266628849343,0.177338677562087,0.8197261662858533,0.00024637669319198886,0.0015389527959828392
247,0.001676616824355384,0.16611616772327673,0.8296299139019561,0.0003433217151145769,0.0022339798352972308
248,0.002568871254419669,0.21228970172952236,0.7807697262959069,0.000693416861143087,0.0036782838590081295
249,0.006474721970241158,0.2212436039468641,0.7648957585525346,0.0017230947559489626,0.005662820774411187
250,0.0009969769877784165,0.16984720177657653,0.8267904320134064,0.0006312972348068572,0.0017340919874319495
251,0.00047028881036130136,0.0999762935941049,0.897495745298693,0.00030641276886946695,0.0017512595279711842
252,0.0021348304455594005,0.19591710569733944,0.7978236604303381,0.0005684693273657416,0.0035559340993971743
253,0.00036127063631260543,0.08412660174669873,0.913211641591305,0.0002197496642527888,0.00208073636143083
254,0.0005714870114443783,0.07865816136887421,0.9191174546076822,0.00015151716387367499,0.0015013798481254663
255,0.00046520635745311313,0.08561461562340718,0.9118408749423423,0.00019422774537075112,0.001885075331426594
256,0.0005642603076405884,0.09684748858779131,0.8980083324717566,0.00024849324014871,0.004331425392662862
257,0.0016764045527548957,0.11405496883765838,0.8796556210500093,0.0006848274522662758,0.0039281781073111375
258,0.003214917637867719,0.32444505268644214,0.6639054927592216,0.001282921000070248,0.007151615916398402
259,0.009632366008822444,0.5023591769833454,0.47748604589520477,0.002220205944431294,0.008302205168195976
260,0.002520164156024719,0.40253428512813255,0.5905540883245173,0.0010501091417866875,0.0033413532495387126
261,0.002486045092393978,0.39484427172848857,0.597075393309767,0.0009979856756621203,0.004596304193688337
262,0.000823063193800501,0.17165090911696818,0.8255097807437445,0.00023936361474590875,0.0017768833307408977
263,0.0012241575025548025,0.16588861177084038,0.8307797885691346,0.00042620275056259323,0.0016812394069077568
264,0.002231675852818729,0.22108041949448842,0.7739580174965197,0.0005960309843848864,0.002133856171788324
265,0.0007386188640868045,0.132430829025796,0.8655986644151727,0.0002385582289641651,0.0009933294659802048
266,0.0007031285873304747,0.18776410599304344,0.8091101814193771,0.0003269461490610089,0.002095637851187988
267,0.0007504979516031204,0.1584911214538876,0.8388338424610344,0.00022845791789122898,0.0016960802155837314
268,0.0001424498156810282,0.06502960872132989,0.9339033981718671,0.00012003002018550794,0.0008045132709364716
269,0.0003157960122304925,0.09261022621954018,0.905143465015347,0.00020311067525248137,0.0017274020776297551
270,0.000593362721364714,0.16902446618388764,0.8278784808215905,0.00049684683306362,0.002006843440093627
271,0.004173039762169759,0.256433336839118,0.734759760580461,0.000696985541981456,0.0039368772762696375
272,0.0004935836699470133,0.12312628450960827,0.8738180850696953,0.0003072048070112343,0.0022548419437381823
273,0.0026686705025455717,0.20542115695554453,0.7869841451250724,0.00030867288689574523,0.00461735452994181
274,0.0024615842540077182,0.15032845586282945,0.8414779309047757,0.00040936097310898754,0.0053226680052780645
275,0.0010205674479685288,0.1861940221707514,0.8097794493238124,0.00023034443707999086,0.002775616620387743
276,0.0009309165244626116,0.16416000320409846,0.8316428923672619,0.00026090042974887727,0.003005287474428093
277,0.0009620161697745081,0.09603031714958395,0.898176297121477,0.00023552138060634596,0.0045958481785583535
278,0.0007432011650608042,0.0747900490039555,0.9233606595576644,0.00023995640747536553,0.0008661338658438898
279,0.0005014041774845751,0.05290716032558516,0.9453852735841985,0.0003076261242649167,0.0008985357884669248
280,0.0003519131417278936,0.0941516758634478,0.9041472279501616,0.00027644441429412547,0.0010727386303687222
281,0.0003556659882385749,0.05252700452403975,0.9454958289002687,0.00031663704343462773,0.0013048635440182832
282,0.0003719499646286642,0.0420167555274991,0.9560409784826447,0.00031866830766831143,0.0012516477175594557
283,0.0009868065407049468,0.11253021345924863,0.8819697362131091,0.0009834261059096761,0.0035298176810278797
284,0.002916751721508654,0.12968536815757337,0.856683050448918,0.001572559274911064,0.009142270397088887
285,0.0543541553108544,0.6501509367429366,0.25276832515159053,0.013638407473318436,0.029088175321300057
286,0.07480578420953889,0.7652111283804461,0.12683258423285584,0.015221863865241258,0.01792863931191806
287,0.23772704440016443,0.551193838327687,0.05033992261052344,0.023552934171946625,0.13718626048967844
288,0.029715374349354173,0.6702095126914798,0.28167880167671927,0.003170773745888937,0.015225537536557985
289,0.07333669324032821,0.7783896143535165,0.11864032389917488,0.008788035893833809,0.02084533261314672
290,0.06991472278616415,0.6852403536778564,0.17067647901784155,0.012859205862817323,0.06130923865532061
291,0.09417241380699923,0.7801888969766826,0.07124169442483208,0.02397535073824036,0.0304216440532459
292,0.02470762363600218,0.48365133730358567,0.4761250267733087,0.005354743117292203,0.010161269169811266
293,0.018457321273675217,0.5853989901936171,0.3838887664426239,0.004621607620242555,0.007633314469841333
294,0.00478433849459472,0.47424589938394646,0.5109300112074947,0.002412084713640251,0.007627666200323874
295,0.000581945434522861,0.12017503661396935,0.8774974325838679,0.00026915460680416027,0.0014764307608357468
296,0.0018199241612764925,0.1926642871675725,0.8030554117961136,0.00046482493958248324,0.0019955519354547743
297,0.0021245123224039935,0.3570112530564995,0.6376330880695538,0.0007484174289494301,0.002482729122593255
298,0.0006388064359771481,0.12286788779186503,0.8755266300058828,0.0001977593132876708,0.0007689164529873308
299,0.0005366118916053614,0.12329751913631401,0.874851318786547,0.0002244488735948332,0.0010901013119387348
300,0.0010762067084268744,0.21804367763200005,0.7786522628599004,0.00048628943272470556,0.0017415633669480516
301,0.0012823301667093583,0.22158984646917335,0.7741498447229229,0.0008854519027083452,0.0020925267384862157
302,0.0006282565245849807,0.10025801938084018,0.8967836434826092,0.00040232858185632313,0.0019277520301094059
303,0.0017972322873827094,0.17639621874073116,0.8116588947399171,0.0010507781998942561,0.009096876032074805
304,0.013195705208117064,0.42957338237145426,0.5436158737715827,0.0040144554530424465,0.009600583195803626
305,0.02351480996521055,0.5622045198547864,0.39896239224744234,0.006432465174523749,0.008885812758036958
306,0.0059964169070211475,0.5602294260508511,0.4244818638674685,0.002094294191820057,0.007197998982838958
307,0.027455392097250227,0.5916033076657699,0.3633634750193858,0.005659448839376482,0.011918376378217596
308,0.05643738355640343,0.8088846666112431,0.1052427946547062,0.0184683127621334,0.01096684241551379
309,0.04337210153937928,0.7736983814340505,0.16449346637418322,0.009444656489855763,0.008991394162531289
310,0.04680282938101303,0.37884061779817685,0.046026624968810964,0.0025424202958201866,0.5257875075561791
311,0.11525776128457749,0.2362117855052185,0.09889818061578638,0.006030611710958278,0.5436016608834594
312,0.4541901183623235,0.3287426162294859,0.03765844480858735,0.004874746807163697,0.17453407379243968
313,0.07605717743401239,0.7001439408246325,0.18753565057301286,0.0008624769706775998,0.03540075419766469
314,0.3185050187364572,0.4998390821475937,0.09715312834443918,0.005181163118544123,0.07932160765296571
315,0.07487414742175978,0.5452259216278909,0.3132985101260336,0.006843051532440854,0.05975836929187491
316,0.4575116716438677,0.3999612705534252,0.008109792912876605,0.0510710093255366,0.08334625556429391
317,0.13128584322362655,0.7645955450675797,0.06735374438332792,0.012129878358963267,0.024634988966502572
318,0.10697729219497676,0.6777277910714388,0.17341980711146185,0.01059164964465513,0.03128345997746751
319,0.14480747430339866,0.7574681200898675,0.06790109313312677,0.01655798703339294,0.01326532544021424
320,0.10385555865398216,0.6131655411350143,0.24365735784083958,0.01984372989537576,0.01947781247478824
321,0.06473493942809665,0.8759611407632775,0.025867793023561573,0.00961557788310224,0.02382054890196215
322,0.0999873543201481,0.786051508411638,0.08435672500067484,0.006621968058154461,0.022982444209384726
323,0.129417909313601,0.7465271603672962,0.0803445914263858,0.004157160913151281,0.03955317797956596
324,0.0786044241740318,0.8219401898992619,0.07312895088774729,0.009019438205007961,0.01730699683395084
325,0.037320934569088624,0.8305250313124534,0.12433937711624764,0.0036396564901447206,0.004175000512065765
326,0.05005929314202846,0.8239497805515987,0.10630966943478776,0.008829205186013819,0.010852051685571172
327,0.011992121656725587,0.766070491507922,0.21119573049702875,0.003643704079437493,0.007097952258886365
328,0.035456939754541644,0.8088541130577249,0.11118481431818315,0.007594414067330437,0.03690971880221976
329,0.09083552811930579,0.5810564456063121,0.010010419462656024,0.009691768232042633,0.3084058385796835
330,0.130470603070867,0.03318330485664663,0.0018561699475475586,0.004180288999222468,0.8303096331257164
331,0.23863707978317797,0.5890237250498624,0.039858361259435815,0.007337664104920926,0.12514316980260265
332,0.2685894013106545,0.5568624030111373,0.03652593026613102,0.008606824624392113,0.12941544078768497
333,0.23893811183526178,0.6568065109768398,0.012202965565416458,0.015666958223269346,0.07638545339921265
334,0.015604740150535553,0.9298246159666218,0.02570790113105057,0.014507885997773792,0.01435485675401813
335,0.0405769016702959,0.050361314316939715,0.0005677913085349454,0.008457166081224416,0.9000368266230051
336,0.29132624042199357,0.48019781512385845,0.0038902945548304215,0.024835377410834244,0.19975027248848323
337,0.14077605738150417,0.80464829444248,0.011265252990968649,0.014042945705672692,0.029267449479374416
338,0.2938006348561121,0.5891145230291788,0.0013068768720913102,0.08387714668947065,0.03190081855314734
339,0.09042056551118156,0.8151803371347827,0.007637194235791756,0.05047802200272895,0.036283881115515115
340,0.03927308823235603,0.9043806200772765,0.0018500517638790452,0.04407005972519516,0.010426180201293182
341,0.17530613565740283,0.6453072459643023,0.0006507998129509236,0.1444888308836532,0.034246987681690745
342,0.06308729242105897,0.8684348377228144,0.027690743679747398,0.012270768125352586,0.028516358051026775
343,0.12907835413245936,0.3839611613790239,0.002612649907221151,0.03613790578485259,0.4482099287964431
344,0.2558322308081843,0.6468754576537923,0.0013855416942064698,0.043832847900966906,0.05207392194285008
345,0.12166732979186945,0.8221068819282443,0.009326653231449563,0.01995680261893146,0.026942332429505316
346,0.20723636015932412,0.4076775573161409,0.0010432082077531084,0.0377051863954087,0.3463376879213732
347,0.06115098505782859,0.9099823441508559,0.007878390158613923,0.011023964432419564,0.009964316200281969
348,0.19840521135246053,0.7115881731902318,0.0019619669630135308,0.07794428370370629,0.010100364790587846
349,0.2842514456175303,0.6471781368720652,0.003664099692603469,0.054473167680587964,0.010433150137213161
350,0.06564356615175891,0.8344524379079248,0.005249167673433759,0.08742340120235464,0.007231427064528197
351,0.023126340860085755,0.9232963259916007,0.007621758728399662,0.043473748720072126,0.0024818256998418785
352,0.042377505269652505,0.8477820089878206,0.007175851490799352,0.10003875639013032,0.002625877861597251
353,0.02034192586387145,0.9014478617596556,0.008397737132951716,0.06697231978570996,0.0028401554578112464
354,0.047551652135157024,0.6611150608823285,0.07140501392383006,0.20716325976359357,0.012765013295090763
355,0.024572502348250164,0.6884307686905649,0.11891657288329928,0.15769371065143759,0.010386445426448277
356,0.038857340770581,0.4564041606406186,0.006024758099786768,0.49092935006150823,0.00778439042750548
357,0.06367184049123764,0.29779780514594695,0.0003539336911748164,0.6036650889079526,0.03451133176368797
358,0.06820966956546981,0.07175304731524833,0.00017066210231713906,0.8383720235786123,0.021494597438352622
359,0.1033604983071834,0.10188846914433475,0.000306529422231933,0.7755670510264896,0.018877452099760387
360,0.22453227478682525,0.1260655999216794,0.00035830527487723567,0.6163655527946631,0.03267826722195504
361,0.24233678998794936,0.08661452074409001,0.00013579952571158164,0.5036669802631747,0.16724590947907433
362,0.1646624445839544,0.24823947618599787,0.00019501818847935854,0.5183635865897176,0.06853947445185081
363,0.25409181327042935,0.08721940209887427,0.00014789621856770474,0.56074275261048,0.09779813580164866
364,0.2389241814717082,0.12477082267053993,0.0002016578206784449,0.5940323136384195,0.04207102439865396
365,0.09885604750498275,0.0753029476373802,0.00020817622471016085,0.6971658685290623,0.12846696010386466
366,0.08945377366296813,0.07055731154188731,0.00022169983297817017,0.7931718425099596,0.046595372452206706
367,0.10862372413741973,0.1559258378284103,0.00037653292356902823,0.5411480415515968,0.19392586355900412
368,0.14176137606949035,0.08587925493344287,8.92450938158697e-05,0.5042934084749817,0.26797671542826923
369,0.28257524648976806,0.07529729280870072,6.585046775294784e-05,0.48320660485438444,0.158855005379394
370,0.1636101560446395,0.030372345490678885,6.545120862582692e-05,0.7868191629750425,0.019132884281013368
371,0.12821903631345621,0.04010326781474458,0.00012009098512168065,0.7866005276904817,0.04495707719619572
372,0.05301045719598586,0.02873219718487213,5.6203870867295456e-05,0.8659209993085094,0.05228014243976531
373,0.11307474367584383,0.035807305733862156,6.183824139732016e-05,0.7389982657984598,0.1120578465504369
374,0.11809713741453418,0.02877646334715885,3.147158341917777e-05,0.802450126001405,0.05064480165348274
375,0.1647880309301502,0.014593930458372666,6.880316246666862e-05,0.7426597572529662,0.07788947819604412
