epoch,N1,N2,N3,R,W
0,0.0017703374333017173,0.0009062177809637375,4.31173202693605e-05,0.00039755833502871154,0.9968827691304365
1,0.0037007411679414533,0.0007081617996992066,2.6856600641713783e-05,0.0003159312313837011,0.9952483092003339
2,0.0070343719338177855,0.0015384991325328825,0.0001132140251452501,0.0005530361648928598,0.9907608787436113
3,0.007335080556378167,0.004512032545122934,0.0001167144078843304,0.0010170279516691385,0.9870191445389453
4,0.009917597098598215,0.004621123318706397,0.00023253232076393774,0.0014440954828334436,0.9837846517790981
5,0.011196766016990828,0.0033852603609747694,4.8741979314910496e-05,0.0017834718838221821,0.9835857597588974
6,0.0021883601222381075,0.0005765428953527339,1.1778846907847457e-05,0.0006146149524733251,0.9966087031830279
7,0.0016928576437656494,0.0007675878594296482,1.1560085452705151e-05,0.0009719414273803243,0.9965560529839717
8,0.0021273168616774652,0.001014346370529817,4.216936233926524e-05,0.00019701844044344826,0.9966191489650101
9,0.0023077457338616515,0.0007862642248148174,2.2418801807226155e-05,0.0005553534801073633,0.9963282177594089
10,0.004652631554590694,0.0011499958626971858,1.2067845609720167e-05,0.00033410414659815695,0.9938512005905042
11,0.004863202538362603,0.0051455716061563845,0.00010425730016721856,0.0010228323953875781,0.9888641361599262
12,0.015953094722759537,0.0174879385385492,0.0003493479608080759,0.002076716254919331,0.9641329025229638
13,0.00755720112163828,0.006125823757357913,0.00010791819764795068,0.0069883134437873345,0.9792207434795684
14,0.008026141481265804,0.004672156585152138,0.00010582310648733548,0.004488360001529924,0.9827075188255647
15,0.0036346382369291095,0.002545964874815073,3.328910708392331e-05,0.01682407857874448,0.9769620292024274
16,0.00044051225884882616,0.0007928843691797535,3.542515275647599e-05,0.00022814639437585262,0.9985030318248391
17,0.004758500236232947,0.0029477195313785294,3.174705087010999e-05,0.0011473907616892343,0.991114642419829
18,0.01975500926294522,0.004623370775089189,2.6638338224453383e-05,0.0012079556069447615,0.9743870260167963
19,0.019920233626452104,0.011603108351365644,4.911577779127181e-05,0.001976855411153822,0.9664506868332372
20,0.01174091400400612,0.005176529290724397,0.00014650387544653046,0.008274020911244058,0.9746620319185789
21,0.005138051282185802,0.005184858984280166,0.00015603469291507877,0.006009521273874471,0.9835115337667444
22,0.00929631889904164,0.005951797255613566,9.528652175273707e-05,0.0048408882342101025,0.979815709089382
23,0.021517183524223944,0.01875918680491158,0.00020858216989902667,0.01682801305200809,0.9426870344489574
24,0.024979604692438536,0.024250555024057537,0.0001353964283887633,0.037248418259253124,0.9133860255958621
25,0.02797629671258593,0.04894054926559155,0.0005723041985205352,0.028719518958307478,0.8937913308649946
26,0.031494685677855766,0.0401861309859825,0.00015233422831321762,0.029495291484652464,0.8986715576231962
27,0.005679846706831281,0.013330859943271128,0.000312831313572565,0.005698497521860896,0.9749779645144641
28,0.042974689391108344,0.0845516108586682,0.0003178188481614329,0.014461103858465711,0.8576947770435962
29,0.04743841889081051,0.09027458533793892,0.0002828729790122772,0.02764500385497584,0.8343591189372626
30,0.025268570734786857,0.05482147005551094,0.00026355858068007737,0.005371446851978453,0.9142749537770436
31,0.05678466291583333,0.09913709994427719,0.00010115847419704397,0.026552454974167222,0.8174246236915252
32,0.08307797109806467,0.5203486111588312,0.0015101497526511772,0.025263461423487024,0.3697998065669658
33,0.07310301746346755,0.4480720024839892,0.0038597911316379115,0.01733973350685733,0.4576254554140478
34,0.05377643779545582,0.28358842288179587,0.0028458315323794106,0.017398840109861483,0.6423904676805073
35,0.006434911690822085,0.01785061410119091,0.002283976545505585,0.015585593946706746,0.9578449037157747
36,0.0024252381149600533,0.005512037877870544,0.00024697743127362006,0.0018453280916919104,0.989970418484204
37,0.013393260063740725,0.005847339815141179,6.802981304265986e-05,0.001439134235230436,0.9792522360728451
38,0.022710160280907565,0.006940939916062597,0.0001161514106268974,0.0012139508244669553,0.9690187975679361
39,0.021259447326508696,0.005454858344233837,0.00011630987452593222,0.0018954532466958927,0.9712739312080357
40,0.013453547781136428,0.004561057051740357,2.7593319362406158e-05,0.0023146623324756662,0.9796431395152853
41,0.06038414205134556,0.017376024029470586,2.6766241082736146e-05,0.011145340993337916,0.9110677266847631
42,0.01656832955334833,0.007725328816603414,3.949874419453992e-05,0.0038929697379304937,0.9717738731479233
43,0.011793391062573629,0.004187283300224481,4.759175504919742e-05,0.003317663139139992,0.9806540707430127
44,0.009173926038158399,0.0032163441057761837,5.103050803562286e-05,0.0033933613419194816,0.9841653380061104
45,0.06339938140027611,0.00864952800250237,8.24897767765871e-06,0.006669896190005578,0.9212729454295383
46,0.03965092600177397,0.008802759504014586,1.2942977221505928e-05,0.0075530650069718375,0.9439803065100181
47,0.18151828218438407,0.14593427642707746,0.00010408058882401736,0.08310394848729723,0.5893394123124172
48,0.07111213767760767,0.09607908503036099,0.0002362145070442375,0.14346143107022888,0.6891111317147582
49,0.03172263022042662,0.02809774860647186,0.00017728920061405043,0.04063461853024926,0.8993677134422383
50,0.0726544404139235,0.10598977367652644,0.00037860428399265144,0.0699149120822217,0.7510622695433357
51,0.02813532673742378,0.04001132257514831,0.0001620640769051546,0.039822094458462784,0.89186919215206
52,0.026764203485740577,0.020065581814746634,0.00014136162941331604,0.009937447643835699,0.9430914054262639
53,0.05500526533069902,0.10632366461529462,0.0008666911431024034,0.04709279872447331,0.7907115801864307
54,0.02690044113490887,0.04247550765597169,0.0009928015179915429,0.011894559982158588,0.9177366897089693
55,0.04271823390053635,0.42158807385942615,0.0008041703092675,0.01615863822402247,0.5187308837067475
56,0.026868932755959574,0.5263511168359599,0.004683943165245133,0.010365352647183647,0.43173065459565174
57,0.061583097544975395,0.13651541890617008,0.00017590869135746304,0.015040024297802948,0.786685550559694
58,0.01897144768640917,0.18669712341321137,0.0011087030933986126,0.004312770283298952,0.7889099555236819
59,0.01905280932100197,0.05992698345569236,0.0009430807495917912,0.010816069391184385,0.9092610570825295
60,0.007481089490726001,0.013657878428920833,0.00024071824866757872,0.0028986914829227054,0.9757216223487629
61,0.018936716775282882,0.020285427566472475,5.4435168500647656e-05,0.0035306394726092004,0.9571927810171349
62,0.05374729315812672,0.10950237121516045,0.0007027806113265393,0.004626216307154619,0.8314213387082318
63,0.09066149502206079,0.3740207095999155,0.0002635822967697662,0.013958906798316201,0.5210953062829378
64,0.10743901854356404,0.30720588837914425,0.000368354453651493,0.07079431213358675,0.5141924264900535
65,0.0968395210688981,0.1655507894127994,0.00020240279970824086,0.06434343825064706,0.6730638484679472
66,0.08406705237375386,0.49220385957958795,0.0015440609835691266,0.055436852068620666,0.36674817499446827
67,0.08736272899481856,0.17638781085445107,0.0003099296258033809,0.055086890469153126,0.680852640055774
68,0.038716375203917866,0.6601865343148824,0.002223788793900147,0.01009932540575413,0.28877397628154544
69,0.01605519861708506,0.06042535889388069,0.006806164532259615,0.007893608059439096,0.9088196698973355
70,0.011352913055066157,0.01428294194506507,0.000535855762154613,0.014440674194301851,0.9593876150434123
71,0.08088551428861376,0.08492014173185167,0.0002934655701822347,0.028538993417106518,0.8053618849922458
72,0.080460740824146,0.09851601870845941,0.00022111719158579134,0.03648313603476859,0.7843189872410402
73,0.03118900056059015,0.03708070298047758,0.002111620828476706,0.022453937993108002,0.9071647376373475
74,0.1499626713749886,0.12044107988495535,0.00014195718922510182,0.0475120243750786,0.6819422671757522
75,0.0839902498261034,0.06496682716098752,0.0002802251380241324,0.014589666452088094,0.8361730314227969
76,0.16171159943114466,0.23871545073972344,0.00029472678222284686,0.03843597292563332,0.5608422501212758
77,0.1444191508310876,0.4803556309561798,0.0021266291271319787,0.010902624142247139,0.36219596494335343
78,0.04756874333132678,0.819983784609082,0.0064782990583506,0.002397143306137629,0.12357202969510298
79,0.026586665966538848,0.9228889311843024,0.0027369081632020267,0.0006696431864828046,0.04711785149947385
80,0.042441848339784885,0.8298511825467195,0.001320392709142734,0.0025447371750840315,0.12384183922926864
81,0.02658642504554234,0.8720531641261289,0.002682688317912107,0.0007609456730873877,0.09791677683732918
82,0.041188417358348516,0.8030068864278532,0.034193328948916725,0.001666188337129536,0.11994517892775204
83,0.0336231913541423,0.7929849795931531,0.055892401394942434,0.01079902777042246,0.1067003998873399
84,0.04420125069871023,0.8274154890870236,0.00942593633229293,0.002015139300473884,0.11694218458149946
85,0.16447705562641313,0.680677374220066,0.0063069063776982175,0.010141171540485518,0.13839749223533718
86,0.03359018559455279,0.8843563708531956,0.019087623336163272,0.0017960683185694226,0.06116975189751889
87,0.0702410287470303,0.870112784113278,0.012264484749137203,0.004167727166975218,0.04321397522357924
88,0.03790711590199823,0.8965188744191349,0.04074506695264096,0.006647739486695564,0.018181203239530434
89,0.025103105180785658,0.8483120410908577,0.09123578926980123,0.0018219809509862136,0.03352708350756903
90,0.06582067422718349,0.8773211133257192,0.02454311806917162,0.011534212917664027,0.02078088146026175
91,0.06983180900009302,0.8703223012728911,0.0167029381747661,0.014834300678053849,0.028308650874195963
92,0.07500819412771959,0.8548260263129794,0.03777503117499515,0.007845641269966633,0.02454510711433917
93,0.09620578349516222,0.8148204519224136,0.06412317229819117,0.005042583146759738,0.019808009137473177
94,0.04292750943899494,0.9031150429799448,0.03301469823979911,0.0024433156683551704,0.018499433672905876
95,0.02754385006924155,0.8975920107276921,0.052460109245688134,0.0014093952484426715,0.02099463470893543
96,0.015459115070755829,0.9165090759033713,0.04415481870012907,0.0032542979279675433,0.020622692397776327
97,0.03623450576827091,0.8622969943657003,0.05609412329228081,0.0013356920342286578,0.04403868453951928
98,0.025276619715294664,0.9206948270410954,0.035412161764902444,0.003173952488990499,0.015442438989717111
99,0.024255730662572635,0.8901014229672153,0.06449552221796603,0.003056076128431576,0.01809124802381451
100,0.01870224325362671,0.8791140964196076,0.08285443088317819,0.002209023647999859,0.017120205795587855
101,0.022258120228492415,0.9125835199761504,0.04969163955367509,0.0010796437604666453,0.01438707648121555
102,0.012728316383790116,0.8590825478143419,0.1008368627013359,0.00589429910635685,0.0214579739941754
103,0.008014080977615657,0.8925437885843472,0.08918836261801891,0.002541490268878438,0.007712277551139616
104,0.008262187284191633,0.8001894662358982,0.1824971865306242,0.002073277116224614,0.006977882833061119
105,0.008787509470626112,0.8386927210351518,0.13917710070424436,0.000876831793006704,0.01246583699697122
106,0.011385651664826746,0.7649176522578598,0.21280552932763555,0.0012420108531198007,0.009649155896558214
107,0.009112751366111756,0.6861139691076775,0.2872869982716871,0.0011238636840464951,0.016362417570477072
108,0.008625514421691394,0.8202284943844927,0.1311968978493197,0.0018551168076182333,0.03809397653687793
109,0.0018248179619120611,0.6648971512565399,0.31910146510383297,0.0015394061922585928,0.012637159485456318
110,0.004393989941356442,0.6866374933382352,0.3013745805897484,0.001399317674639362,0.006194618456020487
111,0.0028718809375306723,0.4817503516795638,0.5037921738632006,0.0011816647520184692,0.010403928767686428
112,0.0012134109921554791,0.46400428301532193,0.527707114626421,0.000488323610242296,0.006586867755859486
113,0.00225682281416195,0.3252136825971543,0.6634700906503295,0.00043634621092831474,0.00862305772742602
114,8.647488240127168e-05,0.012900364564311465,0.9866599690686152,2.040114033614236e-05,0.0003327903443360406
115,0.0023212731269732696,0.377762894887705,0.6112467013035813,0.0003778544136705822,0.008291276268070061
116,0.0036625499788764957,0.4405108703854298,0.5486412585738333,0.000361704582457722,0.006823616479402773
117,0.002810551648170466,0.538032851370066,0.45110762061974574,0.000352624572711662,0.007696351789306142
118,0.0037365030850501075,0.4079612352876788,0.5764000959176099,0.00024769413725802164,0.011654471572403326
119,5.353978119001513e-05,0.006622277874869898,0.9930669151368787,5.862552459351071e-06,0.00025140465460209003
120,0.003059307250070706,0.2324718746846647,0.7604382951959366,0.00011775629241584473,0.003912766576912124
121,0.003007463176756858,0.34052878663703856,0.6490867819759899,0.00010059656663705734,0.0072763716435777425
122,0.0011111275866287588,0.12249753101362514,0.8726620501038029,5.23014441674702e-05,0.0036769898517758567
123,0.001353517731692369,0.1748640132965983,0.8158936621402938,0.00012277472167118578,0.0077660321097441695
124,0.001222135163963268,0.10422964613782525,0.8866667995677426,7.138183367447264e-05,0.007810037296794658
125,0.0004447470039779,0.0552059761188829,0.9351584521016185,8.4688545385542e-05,0.009106136230135271
126,0.000678749164734495,0.09441330745885529,0.889484679245863,5.665601918042922e-05,0.015366608111366748
127,0.0013515131222858053,0.1381733714734861,0.8492145872026906,0.0001578679494975953,0.011102660252039974
128,0.0007994730273925369,0.11113994277225203,0.8718737376439459,4.3222675826874275e-05,0.016143623880582665
129,0.0012252114064775679,0.14557742590616965,0.844117211796305,7.159383535848085e-05,0.009008557055689355
130,0.003615581187134039,0.13515034574436285,0.8420289127461672,6.606305633672796e-05,0.01913909726599929
131,0.0006384476443568687,0.1126830292369201,0.8733662480455473,0.00018710671411046112,0.013125168359065376
132,0.0007090008665718383,0.06797824299474275,0.921855483032577,0.00010622663592247556,0.009351046470185852
133,0.0028604381000394267,0.18813608088246042,0.782966604423895,0.0003073655311302245,0.025729511062475077
134,0.0009112470090194631,0.169797432542081,0.8143994252607417,0.00018830601166137885,0.014703589176496345
135,0.00093498906308326,0.1776417829443188,0.8122624643906303,0.000115250646095511,0.009045512955872064
136,0.004018917630530802,0.29900710524652113,0.6613763076233179,0.0004965670025600387,0.035101102497070026
137,0.0008488199305899454,0.17989142743924666,0.7991730026013049,0.00014249741231684484,0.01994425261654165
138,0.001600062312037274,0.2454714577578079,0.7199747548207152,0.0002493846968935341,0.032704340412546135
139,0.0014299577610864622,0.20012237520791226,0.7817142641394319,0.00016830693666191644,0.01656509595490747
140,0.0023507489404896334,0.1894022096001826,0.7761756380182919,0.0002768477336754855,0.031794555707360395
141,0.0029001233541098054,0.3115945120550101,0.6571460177316127,0.00029468510593545115,0.02806466175333194
142,0.0040341579994418,0.4626579992519086,0.48619942061242655,0.0003371514218941778,0.046771270714329016
143,0.0016462565818534764,0.12734946531602703,0.8446761152165587,0.00018277452701590658,0.026145388358544717
144,0.001552083353238219,0.21154141324066744,0.752166519400136,0.00018229411296153032,0.03455768989299674
145,0.00330032084120527,0.13477238732517197,0.8384106346386561,0.0004651807666039532,0.023051476428362697
146,0.0023221090514369933,0.19828869247334135,0.7334595974414104,0.00043093175330388966,0.06549866928050739
147,0.003537563142573362,0.24172040121023647,0.7265108649678385,0.0007075345100477601,0.027523636169304012
148,0.0031940722459417865,0.10960632590645535,0.8216847225278395,0.0005228895679357127,0.06499198975182752
149,0.21588583888628127,0.15649670007477187,0.030569092741482617,0.003058099687808015,0.5939902686096562
150,0.0544347988215682,0.34740661766500563,0.33384739506198546,0.00178878445159097,0.26252240399984966
151,0.07480367627052854,0.32382216589054363,0.5548327063940904,0.0007355296550419785,0.04580592178979541
152,0.04508581407998077,0.5358658684913814,0.3455762024701446,0.0018772794179115907,0.07159483554058162
153,0.031386601711404706,0.5743660907154429,0.33403686427227125,0.0007337365954974994,0.0594767067053837
154,0.023533080013014764,0.4953186039686153,0.34889259280606155,0.0008641317233482523,0.13139159148896012
155,0.013653569196993934,0.14952318797579484,0.8013974613944386,0.000617568922693087,0.03480821251007978
156,0.005218070769524757,0.2820608811857253,0.6482095735580008,0.0006708727740986688,0.06384060171265028
157,0.014100488414759926,0.3463831472085811,0.5910381624525926,0.0007055698133346145,0.04777263211073175
158,0.00957116434640938,0.21464530472296836,0.7364234175845259,0.0005173631506907326,0.03884275019540559
159,0.01476458661596447,0.24689159418139012,0.6781844235946638,0.001428213747177673,0.058731181860803984
160,0.009208243260756272,0.3877711530863909,0.5706238729813953,0.0008235668808299265,0.031573163790627606
161,0.009496428200907051,0.2801755925423649,0.6751742988631172,0.0015214898221534003,0.03363219057145757
162,0.017856627187522966,0.5797988350165595,0.2613517686545149,0.0009024560119920538,0.14009031312941064
163,0.04050986008723066,0.5172211427616132,0.25706217103079426,0.002950035119826766,0.18225679100053502
164,0.025061044979312823,0.3943785022897373,0.39563137275609345,0.0020971832983845496,0.18283189667647173
165,0.08000624631304709,0.5741048156625029,0.11465118207379134,0.0033155890216312483,0.2279221669290273
166,0.01539774051056215,0.35578637858323947,0.5899766263600121,0.002480187572875836,0.036359066973310414
167,0.04883625070561022,0.3919441198456888,0.28556524262741423,0.008874965155571816,0.264779421665715
168,0.012372929278195789,0.01886773897936657,0.0016067209703742682,0.0009178205713353369,0.9662347902007281
169,0.06434746679940251,0.12362619646691297,0.001173184015082607,0.00962756125183238,0.8012255914667695
170,0.1545188030180333,0.28149768123658436,0.000967892640108937,0.006655568632970309,0.5563600544723031
171,0.2200153251790203,0.5609835651853856,0.003204336477213664,0.004642533600399194,0.21115423955798102
172,0.051067355121095594,0.8680815092604517,0.008593571969663807,0.006307667225202638,0.0659498964235864
173,0.08681631115371549,0.7984871883854501,0.01863811204294427,0.016957868814368147,0.07910051960352192
174,0.022638729575559957,0.8838526231246755,0.04404197503145481,0.009008006945575088,0.04045866532273452
175,0.1289000339416315,0.764118875467958,0.004166828912496707,0.032790412007639345,0.07002384967027464
176,0.045735541521166545,0.8876012747686516,0.01784941782329762,0.026443266507911543,0.022370499378972807
177,0.07524156204857586,0.8427320222508882,0.032619949865194564,0.019557740009745795,0.02984872582559552
178,0.03859826993586076,0.8360596929645506,0.07161643318895594,0.005642278502199516,0.04808332540843315
179,0.019560796146026353,0.8024198780864318,0.065242918186853,0.0037295042648639283,0.10904690331582483
180,0.06035235860112795,0.7741667028213213,0.03934181908796693,0.0023047317975099964,0.12383438769207387
181,0.06356673071511425,0.8663485422988586,0.0358129008583905,0.0013984739489339912,0.03287335217870272
182,0.02779151717872437,0.772092823029791,0.16882084770881023,0.0021369062420296633,0.02915790584064486
183,0.027927231504442058,0.7548234827600189,0.054744614127847924,0.0015695055049880322,0.1609351661027031
184,0.0131424405167689,0.7916497330655438,0.17226216425974725,0.001633965612233157,0.021311696545707044
185,0.009421832844677229,0.7489470210918333,0.1694864630010493,0.0027846417393886064,0.06936004132305158
186,0.010421759296513669,0.6357777623666468,0.28420315579250466,0.0027104508789396143,0.06688687166539525
187,0.027447950568112448,0.6905797614979828,0.24422343645604783,0.0024616654829779446,0.035287185994878865
188,0.02090800980700348,0.6452302749650759,0.2739302953560403,0.0013479693545472462,0.05858345051733285
189,0.020827724323795697,0.632311818141818,0.21088748396721899,0.001071193537298108,0.13490178002986908
190,0.010413634152231184,0.4534947635161989,0.5181149003100808,0.0008744037619249277,0.017102298259564178
191,0.037080715550972615,0.5632753695785897,0.1469792230237731,0.001763299886022379,0.25090139196064215
192,0.03281830276261655,0.46412715496595197,0.42349757939692423,0.0011341848825549498,0.0784227779919522
193,0.014485467407713688,0.5328078308995225,0.3739668740417601,0.0016554421678311414,0.07708438548317255
194,0.009723757432541563,0.4652722491475751,0.5025226760079751,0.0005882468955120218,0.0218930705163962
195,0.012562353330610676,0.22293215102572206,0.6716061300364099,0.0005939903548543977,0.09230537525240289
196,0.025846961701621946,0.30097740383865074,0.5992855935404415,0.000985438342252836,0.07290460257703288
197,0.01050941125370875,0.49486521312164444,0.40488554274583505,0.0010343425548127755,0.0887054903239989
198,0.0037911180376907325,0.43259427076581514,0.48156113534781486,0.0007931246202066851,0.08126035122847258
199,0.00997228297971238,0.2875927141595607,0.5951451754946925,0.0008699563514260709,0.10641987101460829
200,0.00732325213734197,0.39579060365567675,0.5084364131720509,0.0006638032725237162,0.08778592776240646
201,0.0074253159097458716,0.26275768061957583,0.6600808253071231,0.001045464278829444,0.06869071388472572
202,0.011316367052638436,0.2709299519775156,0.6487383253250636,0.0014034829343806002,0.06761187271040173
203,0.007208121125933779,0.2937817925985485,0.5016920780108267,0.0011509279379674027,0.19616708032672364
204,0.09582287739908174,0.1046946805752871,0.008713884729649606,0.0027399493819752546,0.7880286079140063
205,0.2867332134938305,0.4745970823829452,0.10489257877836905,0.0026472136906465623,0.1311299116542087
206,0.10342788784324586,0.44083753842383216,0.02679032326366406,0.0018896404130663016,0.42705461005619166
207,0.07341416399748549,0.48313923817059606,0.04103925309979706,0.0015694395139616106,0.4008379052181599
208,0.018601858370640587,0.6069414925380447,0.308324672087089,0.0035083642740255465,0.06262361273019994
209,0.08110908885973944,0.6060547020483421,0.016104319149848015,0.0036618724492634715,0.2930700174928069
210,0.024484776519706132,0.7428688492670914,0.07647409655464488,0.0036841566758796197,0.15248812098267803
211,0.03782520809460612,0.8811125342599051,0.017558619286470276,0.0019236464003180886,0.06157999195870023
212,0.029984516618576783,0.9450294570852386,0.007976009284759512,0.002251923507864963,0.014758093503560341
213,0.024593767444990224,0.9359015600709553,0.020520348415218305,0.0017587789863587298,0.017225545082477606
214,0.017228937305099085,0.8671203413467424,0.04319918845136487,0.0017652121253899822,0.0706863207714036
215,0.027288813855479575,0.8546524464376193,0.10503922136504092,0.0022362945082818725,0.010783223833578466
216,0.014723622977769699,0.7093329572901682,0.1967811735667638,0.0015896382877395902,0.07757260787755872
217,0.00945302960715212,0.7137249768299799,0.2640131901629149,0.0012405905735185933,0.011568212826434422
218,0.010692172627359558,0.7327595713364947,0.23799053245051885,0.0009988710716361644,0.017558852513990603
219,0.011747366059343494,0.7217173945960229,0.19074496409187022,0.0013139794982830204,0.07447629575448038
220,0.011895567522332283,0.5983285563204397,0.3431778220570623,0.0019362482935703694,0.04466180580659522
221,0.004779219485012993,0.47219007077149644,0.493606545706865,0.0012688846211030718,0.028155279415522497
222,0.004085242404101588,0.4048725520750989,0.5473390180619295,0.00042783433787562346,0.04327535312099437
223,0.0069285858524831675,0.44460490230744665,0.5327506083412594,0.0004614596652965833,0.015254443833514174
224,0.011474404052653821,0.49068869101883467,0.4743828918158795,0.0006434181648664741,0.02281059494776552
225,0.012351595709552807,0.6877036748119709,0.26871901913375223,0.001001699636821533,0.0302240107079025
226,0.009992414197846933,0.574266748216544,0.37232314528216787,0.0020045763607129466,0.04141311594272832
227,0.00730650864919985,0.41841281469288916,0.546103841484705,0.0005175784937228486,0.02765925667948308
228,0.013622011185202863,0.5894847125860866,0.3378538054444838,0.0005501861847189069,0.05848928459950775
229,0.033538292014248225,0.5660892136546649,0.3445754469571588,0.002717781507951576,0.05307926586597643
230,0.00940775006446702,0.3447961152511438,0.5820631556663212,0.0009749578258728886,0.0627580211921952
231,0.013080003197113006,0.43706423767208014,0.5369952151105436,0.0004049619637541114,0.012455582056509156
232,0.011822514541710329,0.22565805196736094,0.7466553495371133,0.001168474937398872,0.014695609016416396
233,0.0035434556186582406,0.24380390673039753,0.742768319888794,0.0003428588844617226,0.009541458877688445
234,0.010165623588286264,0.48069268845661506,0.4732014103109283,0.0013825587669777184,0.034557718877192764
235,0.0071729087751787116,0.3171466335390944,0.6464655475513873,0.0005808784985192945,0.028634031635820314
236,0.07210788186454789,0.7607213143621034,0.12250396306637372,0.0031024055504472207,0.04156443515652771
237,0.0038423808495985368,0.29048491880306504,0.6841409569681122,0.0006764592603481776,0.020855284118876147
238,0.0032981720827894748,0.19386876161235658,0.785998298130463,0.0002938323587154551,0.01654093581567563
239,0.004990752489946182,0.39147623768989864,0.5931403522721315,0.00026704289426205985,0.010125614653761722
240,0.0020727562763115884,0.18985643333004057,0.7984542185504072,0.0003499606529480289,0.009266631190292732
241,0.0028295005249194447,0.2887342694622325,0.6977183304463439,0.0004724629281904751,0.010245436638313806
242,0.008850502330506146,0.3724669205165808,0.5878719940213634,0.0006980516923291701,0.030112531439220484
243,0.002213801870418144,0.20720003607946874,0.7857720878333176,0.0002701669409581042,0.004543907275837411
244,0.004402667656402643,0.4264413158140351,0.5566600611372727,0.000551523047886304,0.01194443234440327
245,0.00822438403837216,0.4275420102675947,0.54634054890137,0.0008753346133247054,0.017017722179338477
246,0.001979173013506672,0.3488254328890266,0.6391122061896641,0.00022869932734959574,0.009854488580452963
247,0.0023252181902566303,0.3559549473537053,0.6330411702396327,0.0002710123833760112,0.008407651833029186
248,0.0030107370914261096,0.17949574650134675,0.8028538986291157,0.0005752923052598568,0.014064325472851736
249,0.0030318604263759735,0.21974157244039347,0.7633366016895049,0.00039472862252956447,0.013495236821196006
250,0.003401575610494851,0.1623309298606535,0.818958773566625,0.0002696686044516462,0.015039052357774902
251,0.0022998578900202886,0.24406237830894967,0.7426365924957269,0.0007957531741622456,0.010205418131140988
252,0.013641810772148693,0.21377187847488335,0.7598468640412289,0.0003488320213956535,0.012390614690343266
253,0.004236344319633887,0.3708331649412034,0.6141822097457681,0.00034816306865236533,0.010400117924742306
254,0.0035647057271437667,0.20962914985687509,0.774569347075584,0.0005612562302680896,0.011675541110128996
255,0.011679371396665012,0.3411368653668153,0.6162921484386391,0.0016958906970171465,0.029195724100863487
256,0.00963858302992168,0.4365725729536174,0.5108108265817374,0.0006010859019532492,0.042376931532770265
257,0.02543347406590746,0.5492827778083504,0.4017450521568113,0.001975481585310854,0.021563214383619786
258,0.02589884607954456,0.6576767095081002,0.28242419514859196,0.002432074580956732,0.03156817468280662
259,0.026747677864552177,0.6827605071352407,0.24954714965358496,0.004745254438546455,0.03619941090807586
260,0.020585573001575538,0.5153219029870354,0.381175126560186,0.0026586239445409955,0.08025877350666201
261,0.061014873227973256,0.6756527335063331,0.16969440585722922,0.006663374010692638,0.08697461339777168
262,0.2911125783229383,0.2962233488339981,0.005627741053079751,0.026739730115786477,0.38029660167419727
263,0.02003129057628566,0.011403146753467272,0.00046416720268304247,0.003983834543026915,0.9641175609245372
264,0.018613312023174265,0.015962611056785085,0.00024525454508503595,0.006980810592333028,0.9581980117826226
265,0.19189754145843763,0.16016087775791957,0.0002999332496882166,0.039979169700465854,0.6076624778334888
266,0.05597000710889639,0.055586919779629165,0.0038787425786850154,0.0229466561340613,0.8616176743987282
267,0.06755618525329272,0.06923550815556147,0.0006905219197104111,0.02508152779910726,0.8374362568723281
268,0.06793449108155862,0.06759352307823024,0.00346902448076513,0.027795806386194603,0.8332071549732515
269,0.029789506840665777,0.037423045937677306,0.0037136359993379018,0.016769783775344226,0.9123040274469747
270,0.019857107755077055,0.020485568836359408,0.0024771289524876294,0.01817013173741556,0.9390100627186603
271,0.048062916989469996,0.023545428316372664,0.005554927052438682,0.03084799928047718,0.8919887283612415
272,0.024359146361644806,0.0390692659043149,0.004956580993821193,0.008955168740218544,0.9226598380000006
273,0.04668804013706263,0.06535531720512766,0.0030441088169425147,0.011288174705200079,0.8736243591356672
274,0.15754439965630723,0.23061026753466798,0.0049654714162204044,0.06418413257247267,0.5426957288203317
275,0.10142834855141933,0.7232283866713898,0.008375215367677121,0.059611164876639644,0.10735688453287419
276,0.049133897735578434,0.8337915347510687,0.007835791742748049,0.04275167036680335,0.06648710540380146
277,0.0712404677644789,0.7793548441464847,0.028273725334760344,0.06244627806895779,0.05868468468531818
278,0.12576149334003725,0.3855479349930021,0.005251441779924135,0.1525404126288746,0.33089871725816183
279,0.07981612629735507,0.536730163362268,0.0070113650693350345,0.1045522596780143,0.2718900855930276
280,0.035042397822432514,0.8256488911987764,0.022243180237289155,0.053197780019038556,0.06386775072246327
281,0.06561462675820517,0.814670686699462,0.00772253045752928,0.059096324815827855,0.05289583126897584
282,0.045718143678200845,0.7225832511078506,0.01163900153380479,0.1168148387804644,0.10324476489967935
283,0.045137917144521165,0.806102990559547,0.007653013427857555,0.10390657755205733,0.03719950131601685
284,0.05954173650043582,0.6867106039176781,0.010276908954882294,0.147554134795469,0.09591661583153485
285,0.053188233058276774,0.3899627591309917,0.02332773622920531,0.3932693428029524,0.14025192877857393
286,0.04204599666586032,0.3838126911414886,0.0005521741922054047,0.5365398933563937,0.03704924464405199
287,0.04866509982508064,0.3390975752116066,0.0016176942765659865,0.5322156035712543,0.07840402711549256
288,0.03667193719947732,0.19584675342257338,0.0006906791260445726,0.7318975479683102,0.034893082283594626
289,0.030107175931153887,0.15966743706166567,0.002778313035866892,0.7595735542140444,0.04787351975726917
290,0.028817707369421103,0.0900387368598105,0.0006480080776054967,0.8377459386767798,0.04274960901638315
291,0.03262587670492248,0.15321987346736943,0.0016352885635008798,0.7201972342441643,0.09232172702004303
292,0.026575601279458155,0.10986779978420447,0.0008044466680650241,0.8026819049606144,0.06007024730765792
293,0.026994508516473732,0.16003724390086116,0.001860906020402084,0.7150751925910006,0.0960321489712624
294,0.040038939523718606,0.19159804291069177,0.005419461186339049,0.6193509566039421,0.14359259977530842
295,0.03344847851173804,0.15713140202730458,0.0012359855303281434,0.7355466181536726,0.07263751577695643
296,0.027838265127275174,0.07710781220608962,0.000510160660147741,0.85728887883482,0.03725488317166758
297,0.01676443432127831,0.1957994332917632,0.0002120129500839989,0.7500324917352521,0.037191627701622466
298,0.026487230358913563,0.0572426063136363,0.00020340558013108343,0.882567450953414,0.03349930679390486
299,0.03192900635100657,0.08721381185829784,0.0002736349028620537,0.8444272943840639,0.036156252503769595
300,0.021514161349823695,0.2819037949032129,0.0001395867972492784,0.658032663041424,0.03840979390829009
301,0.033564970968952675,0.08962073593383746,0.0003239064891094897,0.8080570406290479,0.06843334597905242
302,0.014580875890550316,0.34553815803627613,0.00018106031330188992,0.6035790058971606,0.03612089986271109
303,0.03171862186844014,0.08880147939587413,0.002606221301373889,0.6712193440667404,0.20565433336757144
304,0.05410390521310303,0.09816398740776312,0.0029119557449811097,0.6035510695088706,0.24126908212528214
305,0.04649754202134665,0.10174765888935769,0.0017776305769133655,0.7640313075547893,0.0859458609575929
306,0.06481627317482148,0.08983393722541902,0.003307974953136958,0.5507999008866188,0.2912419137600039
307,0.05535649188046155,0.15412745933746852,0.014528072852058286,0.49889325469677726,0.27709472123323453
308,0.037197275475723664,0.06873693288428273,0.0032337147409382443,0.804157520256632,0.08667455664242345
309,0.037553767304026854,0.09271783242382862,0.004534759248188031,0.8119942148628928,0.05319942616106377
310,0.031012300441878603,0.1112592751622741,0.008176553037272093,0.6773462531586801,0.17220561819989513
311,0.030465738800820832,0.0822230250281722,0.012330986480468998,0.6189533329695797,0.25602691672095823
312,0.03197266818180268,0.032261165433179397,0.014087967667432415,0.5910405157873935,0.3306376829301919
313,0.025922963164308734,0.037259716231087446,0.0038907404599832413,0.9068788020097067,0.02604777813491374
314,0.02814482657659452,0.036317822207315796,0.0006428688586213463,0.7807901985592013,0.15410428379826704
315,0.031369009669171104,0.0395734894358328,0.0005112274208286621,0.8588150006507124,0.06973127282345518
316,0.015782742994430474,0.035680092563211044,0.00013453197838580314,0.8896209290389597,0.058781703425012856
317,0.01940614900415009,0.04511693089954649,0.00017205636023436075,0.9059852757725729,0.029319587963496107
318,0.027919409788662565,0.08837755104688685,0.0003160418937712652,0.8077599793798947,0.07562701789078458
319,0.012839771100287624,0.04529261952227665,0.0009448736925291791,0.8164462724483966,0.12447646323650988
320,0.043755593050727806,0.07944968768686235,0.0006963578023553249,0.7567921212871214,0.11930624017293316
321,0.11410393707453613,0.13875353612438804,0.0006517367594810007,0.6479247252430755,0.09856606479851936
322,0.12955327942566083,0.37891457468537876,0.0014207604990581013,0.44612724601379594,0.04398413937610632
323,0.023876120826528773,0.864376432535482,0.011531903052887543,0.07026368161888494,0.029951861966216728
324,0.07985122466627591,0.6374221596707191,0.0009881108594864177,0.19950738417692881,0.08223112062658969
325,0.0331409199116281,0.7670234065259443,0.020648370316776035,0.1465424162978266,0.032644886947824886
326,0.03096549826056565,0.845680894324958,0.0030070178920487568,0.10500470176811454,0.015341887754313138
327,0.03656465887044987,0.8420486766043987,0.032986003461229055,0.04152051801940783,0.04688014304451436
328,0.06324031702570394,0.7746898702353591,0.01772423786234563,0.04989655813253137,0.09444901674406002
329,0.11379508201574307,0.7603669644542418,0.001831848591964716,0.09114157880206733,0.03286452613598308
330,0.036552683332830405,0.8858346909221402,0.01245804390391917,0.02591093287120078,0.039243648969909325
331,0.006428634432968421,0.05024818280020609,0.0037591280244340104,0.00335076003647067,0.9362132947059209
332,0.006017095740479064,0.03933913749349917,0.0024618092744637604,0.005133613385413428,0.9470483441061446
333,0.004047830379563131,0.01766357051727579,0.0012109400420888337,0.0018338999644976928,0.9752437590965746
334,0.006181313209199441,0.015576464090697281,0.000770533094155676,0.0021802711416584147,0.9752914184642891
335,0.0063064893713457824,0.017598596728791098,0.0028176285744973776,0.005068569318111275,0.9682087160072546
336,0.001592419806479253,0.0102741358921272,0.0014996344541096586,0.001431084838526738,0.985202725008757
337,0.003415742409725453,0.009623568944747467,0.0007100338131177884,0.0036714987906608775,0.9825791560417485
338,0.003936238509693584,0.007211627719256514,0.0014070754599869763,0.003226112510956181,0.9842189458001067
339,0.006170912412387269,0.0084500949676433,0.000761941383572978,0.002889917232348753,0.9817271340040478
340,0.007339810221124364,0.011194870635829478,0.002593755972313744,0.006074895608107871,0.9727966675626246
341,0.006901114665272122,0.011080541782894483,0.002499779203824809,0.005228216693967205,0.9742903476540414
342,0.007429034253243083,0.007601150087790215,0.0034989883701635016,0.006370646359805329,0.975100180928998
343,0.006266176317247563,0.007808969917149624,0.0012063098182232132,0.005492533259374259,0.9792260106880054
344,0.00661700574268935,0.008903629600359057,0.003519196353728221,0.00923571639966624,0.9717244519035572
345,0.002734384124711108,0.004365147046198855,0.0004475000808707617,0.00386862396364003,0.9885843447845792
346,0.004919671834948606,0.004869097273011927,0.003164587944414414,0.006976095805391362,0.9800705471422336
347,0.004680345850715183,0.005397894574482697,0.0011198713953687362,0.0052507563547031155,0.9835511318247303
348,0.0033974172875381333,0.0024504431739164317,0.00042192050127295413,0.004463268370062518,0.98926695066721
349,0.0028069095040842767,0.003991193622676704,0.0011791983688118235,0.005238295500659896,0.9867844030037674
350,0.010359587548001245,0.01092206870713771,0.0015388320649589269,0.011045906366265573,0.9661336053136367
351,0.0062640775094644306,0.011576450020467364,0.0036582845838959155,0.010685587620598963,0.9678156002655735
352,0.008872143313423819,0.011660666299246628,0.004565963225711492,0.009996421218673094,0.964904805942945
353,0.01567403938292188,0.018016731375033745,0.0010566071436405589,0.007475977327301679,0.9577766447711021
354,0.01295832935717262,0.012096410522594747,0.0015222302935150782,0.011393746146062155,0.9620292836806553
355,0.009665033450154207,0.008934121628375237,0.0007576532971015777,0.01626466314090851,0.9643785284834605
356,0.05397926066971134,0.0598941218201752,0.0016332673177349862,0.17918054965523436,0.7053128005371441
357,0.0511491232872872,0.0317177929138259,0.000899564325411876,0.2274027274672477,0.6888307920062273
358,0.10324282052102818,0.05652857242395159,0.0009724386955949015,0.2741392526138735,0.5651169157455518
359,0.1417014371853459,0.24539360481708097,0.0014927668425386027,0.4739484172999837,0.13746377385505076
360,0.11483715591176336,0.16697493329278967,0.0013543186547203448,0.5600630287931709,0.15677056334755574
361,0.10825391236839178,0.3008979084506842,0.0012963904889430715,0.4829216503297668,0.10663013836221417
362,0.10790879862720099,0.28122510327184685,0.0015276552558963592,0.5063566133015778,0.10298182954347798
363,0.07664386429382694,0.49763646483635876,0.0025987225356749544,0.23583661929728333,0.18728432903685618
364,0.21908676332896385,0.4708624661533083,0.0005609425921111084,0.212291499237566,0.09719832868805067
365,0.1056784987470538,0.7182211293686124,0.004529870567417499,0.1282842939537125,0.043286207363203696
366,0.14675187780879773,0.6095797537843407,0.003916400585011673,0.10416852554434906,0.13558344227750085
367,0.0327662121465271,0.7827581352348596,0.0029177136817266787,0.019120667721591895,0.1624372712152948
368,0.019048115962711065,0.07427534160801148,0.0037267628805687917,0.08435609974660928,0.8185936798020994
369,0.03290396292865847,0.03750384340963533,0.0002990285719120032,0.01843159679356988,0.9108615682962242
370,0.006196244818135162,0.0064691215596385755,0.00015411076545187482,0.003433252360674693,0.9837472704960996
371,0.00838602586178284,0.008149325835482665,0.00031198925646017876,0.00228328982753293,0.9808693692187413
372,0.009199310399659679,0.005752854089254819,0.00039984134126737353,0.0019482306851584007,0.9826997634846597
373,0.0054435803082626385,0.00698440828224997,0.0006748709194644727,0.0026949977495343,0.9842021427404886
374,0.003823472575760511,0.011094404631568954,0.0008644293203097822,0.003643878067956544,0.9805738154044042
375,0.003018864296641557,0.0068206607577234665,0.0011702473515143358,0.0033221695182985385,0.985668058075822
376,0.0029788979904606596,0.007596892246952695,0.002047041332179242,0.0051060528264689565,0.9822711156039385
377,0.005758884050319487,0.013791758180603348,0.001458864098525319,0.0043497955526791525,0.9746406981178727
