epoch,N1,N2,N3,R,W
0,0.0020461325980734592,0.0007001657275451824,1.544357855263925e-05,0.00011341011712291998,0.9971248479787058
1,4.9816001402765205e-05,1.0469698535355973e-05,3.810323765139133e-05,8.511833780939446e-06,0.9998930992286295
2,0.00015151322541285045,5.9690250894751846e-05,9.272569670861787e-06,1.749702940902056e-05,0.9997620269246126
3,0.0017453984878488561,0.0001816284207439055,3.841927455830227e-07,0.00013270716594522157,0.9979398817327163
4,0.013158729163299035,0.00014216400846876574,1.560828853258225e-07,0.00012308016817846523,0.9865758705771684
5,0.0024076924911009333,3.463244723984913e-05,5.2439904927421514e-05,6.438782891127898e-05,0.9974408473278206
6,0.025554692592786993,0.00031770332554304924,6.14678121299303e-07,0.00018010196258426078,0.9739468874409644
7,0.1095104787715046,0.001806076722346193,2.317258862200683e-06,0.0007044616743386165,0.8879766655729484
8,0.02537344476408112,0.0009665410043347042,0.00011804150704260493,0.0009861943274865285,0.9725557783970551
9,0.07187120422305678,0.01936199274143191,9.411851680311118e-05,0.002118595735715973,0.9065540887829922
10,0.15688161970955636,0.037066941307971134,7.726341470001094e-05,0.0092577057248344,0.7967164698429382
11,0.14314860340348523,0.22845384982839184,0.0012057182162585802,0.01990077502540444,0.6072910535264598
12,0.12575448347508353,0.02526052982537227,0.0001878232303998334,0.004167942423094086,0.8446292210460502
13,0.09444500520488983,0.2593167097767606,0.0026429157119560735,0.00567141663926339,0.6379239526671302
14,0.02037408193610594,0.008663724647452584,0.0007374174810916946,0.0014778751269794526,0.9687469008083702
15,0.0801812771424993,0.12236078656961173,0.0031002585894373256,0.0034688894213062266,0.7908887882771455
16,0.22827216477147289,0.043047677386459995,8.348661549741838e-05,0.02388922280742136,0.7047074484191483
17,0.19325509844801964,0.07643207775727574,0.00048097476235821134,0.008392368427718119,0.7214394806046283
18,0.18345591339525338,0.47862299034239714,0.0008907922427663742,0.01533378247215072,0.3216965215474325
19,0.2931016979629339,0.26357968488031785,0.00024079366801897404,0.014523723482361446,0.4285541000063679
20,0.23169008400488245,0.5260581354652062,0.0009429907172940225,0.10499384576767659,0.13631494404494085
21,0.15520129635011357,0.6377794579120122,0.0004725508466566781,0.016590370353984255,0.1899563245372333
22,0.09367402997416438,0.8372507903496802,0.002635209635930258,0.013612741285442617,0.05282722875478241
23,0.1340106837002258,0.6677319108057707,0.003846193526004221,0.012331222966509372,0.1820799890014899
24,0.42973422329659217,0.10863545796577198,0.0004652884039470736,0.02034276526559329,0.4408222650680956
25,0.32378944498360995,0.30864948242369544,0.0009384705939098562,0.021188788503415473,0.3454338134953692
26,0.3705173404378686,0.5457026674751846,0.0004639711641652096,0.006739634571691914,0.07657638635108951
27,0.17174078518458374,0.7895760240403246,0.0016360670594002917,0.0031447245192131354,0.03390239919647824
28,0.3897637924850255,0.552914070005422,0.0006861763369958526,0.005182552314659885,0.05145340885789667
29,0.03289451571391508,0.9426305191445362,0.014031893084753477,0.00016860717035123944,0.010274464886443862
30,0.0789005558405388,0.7720522269304667,0.07778776743063119,0.0014936258897749245,0.06976582390858836
31,0.026123297426040148,0.8125064770595578,0.13339382168292013,0.0006255921739952183,0.027350811657486665
32,0.014815149854088976,0.5239220435783389,0.39594734592182934,0.0011382186920795704,0.06417724195366317
33,0.07049644258483552,0.8709648900278858,0.01050744998380188,0.0012492457074323561,0.04678197169604436
34,0.10406158053402458,0.5035708288501042,0.11630072923426416,0.00360835631489872,0.2724585050667082
35,0.00565404653849988,0.22147652508442867,0.7235593423417731,0.00025309410877322826,0.04905699192652524
36,0.0421762947609404,0.3146524586736068,0.29829271904757265,0.002589895008740551,0.3422886325091396
37,0.14469718692003983,0.6402527797276638,0.0047545113926657934,0.002843893604897625,0.20745162835473308
38,0.3514624757327949,0.49308573029543434,0.00516539167956334,0.006190506120380838,0.1440958961718266
39,0.03373379507836782,0.33240651722348363,0.06004351189231066,0.0005810883523025113,0.5732350874535352
40,0.19075431032650617,0.44262410199929647,0.2657396436772791,0.0011364561610603457,0.09974548783585804
41,0.05608372097013957,0.22606344967951864,0.4309971620819606,0.00036889432226833147,0.2864867729461129
42,0.40895405214820924,0.25005155150830266,0.019111499530453234,0.0005850681098966182,0.3212978287031382
43,0.06871647585028919,0.781377324219438,0.04521259018531277,0.0005658473543045892,0.10412776239065545
44,0.012021709028065118,0.3185215638191618,0.6354704736316003,0.0009212415811757859,0.033065011939996926
45,0.006671951800400368,0.3818457433208005,0.6001411168514279,0.0002955275474439424,0.011045660479927158
46,0.002938582361205695,0.22349022976182678,0.7703689786014568,4.5457444705362204e-05,0.003156751830805352
47,0.0023899887925319385,0.08697775443193381,0.8981793384579088,4.4931378568567e-05,0.012407986939056865
48,0.000405415925505885,0.0451779112131096,0.9522983194882675,1.621038098971527e-05,0.002102142992127368
49,0.0010124708206678131,0.07790113546864925,0.918399604609424,2.6736324422815282e-05,0.0026600527768359788
50,0.0012940431941542855,0.08677322000254291,0.9080477030391334,4.14964752562376e-05,0.0038435372889133053
51,0.0016688331547658804,0.15382007072818432,0.8390881525186284,2.4749700492345037e-05,0.005398193897929101
52,0.0020352343736077826,0.24321043034466483,0.750617445331532,1.8632239185764924e-05,0.004118257711009709
53,0.0010242992027914195,0.06763133358973862,0.9300769150576657,7.576269960867065e-06,0.0012598758798434855
54,0.03840775343559662,0.09450322967315489,0.49502144135278864,0.00014509318201755007,0.3719224823564422
55,0.008156296046545016,0.0837593930942863,0.9009252045635724,1.5454642731531187e-05,0.007143651652864838
56,0.0031670312353009994,0.07346735435905458,0.9122923493278138,1.5311233131351798e-05,0.011057953844699235
57,0.00439132430360345,0.27062398378810415,0.7114369327776687,2.792316727533694e-05,0.013519835963348294
58,0.0020529122439980818,0.14787333458410534,0.8473430115267204,1.569928744743996e-05,0.0027150423577285603
59,0.002017994012451884,0.15426216736907594,0.8416977637615755,2.2514016299088694e-05,0.0019995608405976957
60,0.0010559149871401901,0.07800477712509298,0.9188141400007995,1.1168176365085587e-05,0.0021139997106021705
61,0.0007474136522251049,0.14750103830603709,0.8489164714521387,2.360596181627605e-05,0.002811470627782991
62,0.005896487652556981,0.06802729357511375,0.922212340821479,2.093392493039122e-05,0.003842944025919899
63,0.016303307285221384,0.2575415608893093,0.7186334322807255,3.470323969022332e-05,0.007486996305053447
64,0.0010317988885109668,0.06693816841358806,0.9296750281809139,1.6901872550280123e-05,0.0023381026444369403
65,0.0017203898590831435,0.052453162969649365,0.9438515485952644,1.915232973796157e-05,0.0019557462462649754
66,0.024399762918643316,0.5287793165381011,0.3363499186739918,9.720967106600344e-05,0.11037379219819785
67,0.0045733300670778385,0.3487433563902296,0.6416460160561142,2.595996090334016e-05,0.005011337525675156
68,0.004495232492645009,0.21779249545325338,0.7738737833936734,2.6463647336214625e-05,0.0038120250130920037
69,0.004070173030645615,0.15588467007467302,0.8389132824865922,1.006813717988975e-05,0.0011218062709091982
70,0.0012147046530147712,0.12439319937720436,0.8731543359697066,2.21624143687472e-05,0.0012155975857056096
71,0.0008692267758235452,0.11280775333056939,0.8847156693073808,1.6369404834673954e-05,0.00159098118139167
72,0.0013902935545865047,0.13512205946371145,0.8623971374142977,2.1254500161587453e-05,0.0010692550672427043
73,0.12253709334641807,0.26638307313656506,0.5363198624737721,0.0002567364014284638,0.07450323464181632
74,0.0015539484917057843,0.058866116665697375,0.9371131865874115,9.730863945456825e-06,0.0024570173912398362
75,0.0025664093598741513,0.1335736475370601,0.8608044387740102,2.17843139281267e-05,0.0030337200151273756
76,0.0013048026376079403,0.09137002688150159,0.9051354983636293,1.9635083063073995e-05,0.00217003703419808
77,0.0003331627892701402,0.07097439869008579,0.9279048962855998,9.590043221775173e-06,0.0007779521918223619
78,0.0002042645392276549,0.09660246425960148,0.9025854497566698,8.689960298109094e-06,0.0005991314842030797
79,0.0008640857541556513,0.10331831610811218,0.8950069726533888,1.423270117018561e-05,0.0007963927831732364
80,0.0001225164215014621,0.04532892865008954,0.9541939517104789,6.887825053983238e-06,0.00034771539287614054
81,0.0017302753083839717,0.17955644006160726,0.8157175921871966,6.275590093375005e-05,0.0029329365418783154
82,0.0003412406848630103,0.029627844370003008,0.9692788612112714,1.6395374490175593e-05,0.0007356583593724373
83,0.0006536277233752842,0.09279904467331154,0.9055030396280722,7.284460565428979e-05,0.0009714433695865083
84,0.0014298916909014838,0.12036902844043765,0.8764515477692898,0.00030092900821949596,0.0014486030911514437
85,0.0014052327046508671,0.2100128339567375,0.7855522738234524,0.0007723746732584962,0.0022572848419007744
86,0.008694398227382081,0.3254812430093072,0.65009865324015,0.0017485306471299712,0.013977174876030658
87,0.06006930610548642,0.8084331588886866,0.04159039365580791,0.06678648056128766,0.023120660788731418
88,0.043386364879093,0.8365528611184682,0.06157014936568829,0.0472375379856776,0.011253086651073186
89,0.15970726573985838,0.7829120903325714,0.018379786868202182,0.017781943152125737,0.021218913907242305
90,0.27321528672077394,0.6197829216035877,0.00712043964263902,0.045277727960475245,0.05460362407252404
91,0.2028723724131332,0.6229666287724592,0.001033833129661567,0.14301062108708498,0.030116544597660954
92,0.16720601958531256,0.7477242257197279,0.00534823631155392,0.037890715735884296,0.04183080264752151
93,0.33648162680194194,0.4908371463143578,0.004396135824999187,0.13648003118295077,0.0318050598757502
94,0.4238376613711273,0.45418158746450993,0.0007088135810583229,0.09673881107301296,0.024533126510291457
95,0.3050615976817123,0.5750559810639909,0.0015324853954930145,0.04895379331677683,0.069396142542027
96,0.15132330699024066,0.8113445850356197,0.010788202606378982,0.008275974611238968,0.018267930756521947
97,0.11190467952708162,0.7890296108849987,0.02226331594922941,0.03520451752768955,0.041597876111000576
98,0.03743213527760198,0.8679145149349388,0.061952317764648095,0.00570936109269607,0.026991670930115154
99,0.07420555881224916,0.8602818878907548,0.022695644647024324,0.01606845960232766,0.026748449047643997
100,0.045605080669143025,0.8705764085138178,0.037660280621983455,0.018013246896487946,0.02814498329856771
101,0.031735409237334734,0.8530549819964259,0.06153795324075989,0.014260251507199825,0.03941140401827957
102,0.1755217337969704,0.3582682807322403,0.004328462114519487,0.06343194153614572,0.3984495818201241
103,0.10638910202584541,0.5319330226087761,0.008700786424652303,0.13187347516586106,0.22110361377486515
104,0.07630177874602927,0.6043042531344619,0.00215285123949177,0.048213628907076554,0.26902748797294057
105,0.11274618775475807,0.44392840976075304,0.002326568957303984,0.13187732181127873,0.30912151171590607
106,0.08203657642811243,0.03171042640479945,4.753137609471969e-05,0.038537410155728015,0.8476680556352654
107,0.09365510727410564,0.011696973744054637,6.48773990589836e-06,0.033975760340590244,0.8606656709013436
108,0.14022437965698306,0.015171724480450746,8.98889689749788e-06,0.01235111393907518,0.8322437930265936
109,0.7705749479120307,0.01672381737086141,2.018602484801597e-05,0.03530097325493761,0.17738007543732232
110,0.8279160508178115,0.03456332669570299,3.6492262701381755e-05,0.032739131099496846,0.1047449991242874
111,0.42645697009789746,0.017904540424018227,3.9653175322243805e-05,0.024875494868123436,0.5307233414346387
112,0.13739181554246221,0.015934444553615684,0.0004181892609172048,0.008655818946814931,0.83759973169619
113,0.2976071943495026,0.44401918370062193,0.0014015767773660837,0.1302249987691945,0.1267470464033149
114,0.21840108703958527,0.598478823107034,0.030957596759463704,0.08600967592251785,0.06615281717139904
115,0.06885993318319898,0.532849332139022,0.003154352138389629,0.3828678013693541,0.012268581170035328
116,0.06333710533081942,0.2885826422175573,0.002881872390573793,0.6047578476855546,0.04044053237549495
117,0.1113649280035419,0.35768628342112113,0.011044358769262635,0.3198976302604897,0.20000679954558456
118,0.0508903203621885,0.05335814412196364,0.00039337117624431786,0.8575865282505016,0.03777163608910206
119,0.047941647440322636,0.04014536499666825,0.0004314021005590778,0.8756842626788272,0.035797322783622965
120,0.022935454519028325,0.02813384746488012,0.0002485152062369206,0.9259085609779534,0.022773621831901326
121,0.04187409684363137,0.03521942160467558,0.00031685978839436846,0.9075311397332839,0.015058482030014855
122,0.028768058728014266,0.018313029482667043,0.0003387989606255332,0.9070031761406596,0.04557693668803365
123,0.04176881807564716,0.005876290375488609,4.6333760288485636e-05,0.9436782808000597,0.008630276988515949
124,0.07564314635180722,0.026472230944340928,0.001182265234704041,0.741996357104863,0.15470600036428483
125,0.025786030969143094,0.007114476836427132,3.059320667927749e-05,0.9613012376641082,0.0057676613236421195
126,0.038491566546031315,0.020033901394041733,0.00018103641354463474,0.9224592623617694,0.018834233284612933
127,0.02610878764854853,0.013677186086018228,5.882586725167516e-05,0.9516380180798389,0.0085171823183426
128,0.12765825476598863,0.02302041644920286,9.952159481093335e-05,0.8090131751253361,0.04020863206466149
129,0.19249824283908035,0.04125447387173086,0.0001835060021681122,0.722155025025537,0.04390875226148381
130,0.08989949146441592,0.04200517598499555,0.00040278030899054484,0.820621409120024,0.04707114312157394
131,0.0977732678838313,0.01993322074018388,0.00012326465935367915,0.5836317656639183,0.2985384810527129
132,0.11494196921544945,0.01989738936548073,0.00012658129963304826,0.751670468377348,0.11336359174208865
133,0.0802758870613693,0.0188127576633192,5.242354090391305e-05,0.8951552276035569,0.005703704130850723
134,0.25870521160540466,0.11013031723737719,0.00011498448575101528,0.5619425334625532,0.06910695320891393
135,0.15853922938038587,0.042750087909925946,9.636440158614537e-05,0.7866207222865249,0.011993596021577057
136,0.09861650476804402,0.06346681212348348,8.275311773534434e-05,0.8267808043542954,0.011053125636441813
137,0.11712913675443594,0.08385956345427412,0.00016160154131438108,0.7842149331735955,0.014634765076379954
138,0.08562027920278464,0.11572271294251811,9.987780613068341e-05,0.7904183983395652,0.008138731709001356
139,0.09511570724261235,0.08488508560943567,5.550930350554301e-05,0.7992622257189496,0.0206814721254969
140,0.05251633171593447,0.2907630477784537,0.0001484325763525452,0.6408647762797005,0.015707411649558675
141,0.10494786058059882,0.18863301439216293,0.00020249559150462804,0.6475252986086912,0.05869133082704237
142,0.07280327727677788,0.3974631781711911,0.0005927859695159661,0.4935361357868164,0.03560462279569875
143,0.08325816106230638,0.15810555340146856,0.0003253535543277592,0.6204120859679517,0.1378988460139455
144,0.13535040473697865,0.07533958492245446,5.6823438006949234e-05,0.7562431547988581,0.03301003210370182
145,0.09795068333358169,0.24193995067581336,0.0005218155642014006,0.5252248059836493,0.1343627444427543
146,0.12958023146506337,0.021191986417728743,0.00012907524994942775,0.11242156200370387,0.7366771448635547
147,0.640544730951284,0.05570243929211163,7.853947670513655e-05,0.2806909120010745,0.022983378278824813
148,0.1868665266847323,0.696276882185272,0.0014134112468558624,0.08251651203992061,0.03292666784321932
149,0.6401713189073803,0.11253534883576484,0.00016544165493581134,0.06965894197430225,0.17746894862761672
150,0.3924972205823169,0.5575462136795726,0.00033601730539331896,0.0318534832513382,0.017767065181378897
151,0.028399629134951802,0.9633391478848086,0.0009801395796060416,0.0023783398561349504,0.004902743544498676
152,0.02732501091319459,0.9550402684154172,0.010932211269016967,0.0015967497405246643,0.005105759661846771
153,0.10049684007359588,0.8664420314397568,0.0025139798233588806,0.020678504124727052,0.009868644538561492
154,0.006310977145527757,0.9675629742427151,0.022518547569413284,0.0010393466742336915,0.002568154368110364
155,0.01559389347908758,0.8327510426934601,0.09634698775067878,0.004702003660155483,0.05060607241661819
156,0.056387436874824545,0.6703189149469753,0.09412362435299565,0.016116684832779473,0.16305333899242486
157,0.11544087577906943,0.42047959163540954,0.062013051825805,0.006864577283538845,0.3952019034761772
158,0.20168963631719516,0.3090913223231292,0.0018759537342302693,0.009040183700822923,0.47830290392462244
159,0.1861623553641866,0.7907719871260644,0.002177637679124696,0.007787367209086417,0.013100652621537716
160,0.019691551538253554,0.9738347676587717,0.0034919194373112003,0.0006857708592778601,0.0022959905063857605
161,0.020392215648042347,0.9567102488570621,0.02045928543599294,0.00043388057315054014,0.0020043694857520247
162,0.0033637419766213055,0.8718458995830635,0.12265920853983014,0.00030135549809076704,0.001829794402394445
163,0.003844669914379504,0.8025371874196584,0.1904643044564605,0.0007708438325634414,0.002382994376937989
164,0.0077582309609993605,0.9202071507982726,0.06490820327876262,0.00420136622900622,0.0029250487329591126
165,0.004996826525190527,0.8654705965703063,0.12237718737847643,0.0050016638939281355,0.002153725632098544
166,0.014265891943486243,0.908044537823185,0.0646174289180173,0.004843480274201231,0.008228661041110424
167,0.056816833156889984,0.9050221852646152,0.006732322721143142,0.024401148581763305,0.007027510275588532
168,0.16996271221439807,0.30660852746235906,0.008807828588250566,0.01929597164993662,0.49532496008505567
169,0.07221605754659412,0.8847205011726677,0.02261328313293173,0.0037517494814859223,0.016698408666320413
170,0.8201558815026763,0.12198505524213481,0.00020018743953492948,0.0066152560812298145,0.05104361973442411
171,0.1623371012521318,0.7665345709072193,0.04421567475014315,0.0020322517081799614,0.02488040138232566
172,0.018794958926532563,0.9601332471872894,0.01823149827209127,0.0010745844707837962,0.001765711143302825
173,0.008601761503678348,0.9541590390273627,0.03570270708089215,0.00034527148082112296,0.0011912209072458002
174,0.002408926683702792,0.8806424506680453,0.11470807824434719,0.0007998376176300061,0.0014407067862745612
175,0.057435658634360086,0.912193184428574,0.0042269816551226864,0.005875632412681992,0.020268542869261056
176,0.004077283678246261,0.9828296283484672,0.010442335822325632,0.0005170775423859592,0.002133674608575054
177,0.006454492780316514,0.9408449632225047,0.04763437506219225,0.0007017285003883476,0.004364440434598115
178,0.03958433671957485,0.839274759027545,0.09563294961282306,0.0019583982681370066,0.023549556371919855
179,0.164866783252718,0.7604381912509358,0.0032487187238285295,0.009684023621003117,0.061762283151514566
180,0.05245517555308038,0.8837881983413558,0.03253932607452884,0.0019388457016992569,0.029278454329335644
181,0.5545904497021794,0.21505806382727916,0.0012937196611894288,0.007247102330169569,0.22181066447918238
182,0.1870258397691451,0.18820013260353755,0.003731799487419175,0.005370757885593351,0.6156714702543048
183,0.4245865733824774,0.4546199707090806,0.003191025622890725,0.006805268835230285,0.11079716145032098
184,0.7736792266340018,0.13125914546191583,0.00042418373855761086,0.010320709746296487,0.08431673441922813
185,0.060891102852522604,0.9146304637942089,0.007070129191241565,0.001190462168746474,0.016217841993280465
186,0.1657619888420225,0.7706716965871038,0.04210648787163075,0.0037595855737974026,0.017700241125445642
187,0.06691608869477225,0.8843544415460931,0.016697781158136516,0.002229190211718202,0.02980249838927982
188,0.04897560150671555,0.9092180045355964,0.018375710535619524,0.007039072229604223,0.01639161119246433
189,0.0467206785235142,0.8995195348116605,0.044205980269815995,0.002027770907596136,0.00752603548741315
190,0.04073928378530808,0.8296474870018032,0.11048218742732405,0.0042352241940919865,0.014895817591472673
191,0.0821528932170327,0.8967178605585913,0.005725854360088875,0.0054617050218390886,0.009941686842448127
192,0.00704791083235772,0.9189071245548487,0.0720260971844251,0.0008104362609754793,0.0012084311673929687
193,0.08774930139598969,0.8935289928337083,0.007095772610120781,0.0017666784524223566,0.009859254707758967
194,0.010016768963169002,0.9218520314934028,0.06613400572099572,0.00047646872726961385,0.0015207250951628146
195,0.0047988113939441595,0.6032167687054611,0.3905950686375835,0.0003557838382374384,0.0010335674247738261
196,0.007468899613697657,0.8123086049937549,0.17896332903839515,0.0003305436907389724,0.0009286226634132875
197,0.0018071718280828024,0.3853235422215727,0.6119267247341406,0.00030272206525036816,0.0006398391509535979
198,0.0009846434879154976,0.7248715586353611,0.27306736357544625,0.00030943362752277313,0.0007670006737543619
199,0.001237892237500632,0.6761320008854225,0.32023356549392457,0.001332132148704927,0.0010644092344474427
200,0.0003764273389776586,0.3434160470580245,0.6549820690602318,0.0005973318752211049,0.0006281246675449162
201,0.0013078762572015551,0.43484742716236496,0.5618045896455894,0.0012256254406288333,0.000814481494215126
202,0.006831610505322257,0.36015509576440785,0.6199493145007793,0.011521078942036026,0.0015429002874544938
203,0.039255859426818966,0.6994515219557264,0.20004175520327358,0.03861929794149289,0.02263156547268835
204,0.1005863809951277,0.6851581743116615,0.01802322896170567,0.05756335605772927,0.13866885967377582
205,0.1802598364165366,0.7796629379579075,0.004107330631931782,0.01065305345759378,0.02531684153603021
206,0.2647896213925444,0.6932197814326708,0.0011873897044133073,0.0032207819895707594,0.037582425480800805
207,0.203803415518631,0.7827411270317379,0.000774471961184325,0.006963445232259194,0.005717540256187602
208,0.08596231982482926,0.8951810468357392,0.006247322615243893,0.008408149791360476,0.004201160932827246
209,0.13586678212305206,0.8200575368739117,0.005594462685585472,0.02742835353077703,0.011052864786673658
210,0.017168784478670377,0.8812513886464122,0.030445974769326086,0.06627011505878362,0.004863737046807862
211,0.010276760139493387,0.9422442119779366,0.020058086357013758,0.025234865977147997,0.0021860755484080004
212,0.01222911863882596,0.8903754974475548,0.05889112545682972,0.03493304901892582,0.003571209437863904
213,0.036024223683184725,0.755715389934748,0.002530032816972404,0.20167617881817104,0.004054174746923877
214,0.1978402412860445,0.5608010760049578,0.0032601265198956932,0.1999204624164365,0.0381780937726656
215,0.029674799604735014,0.9438064176243236,0.0063900489967964385,0.017813922216527854,0.002314811557617093
216,0.39233178576764866,0.5191727471893449,0.0014059576815640131,0.05678925126153586,0.03030025809990647
217,0.18980380118557613,0.7560099717094162,0.00292034262820087,0.03482648869769625,0.016439395779110473
218,0.07566390568005167,0.8462930291402812,0.014015723364991912,0.05019365651114508,0.013833685303530036
219,0.5727105673683309,0.2693823857276562,0.00028006913084152824,0.11543623937988699,0.04219073839328414
220,0.07756663876221552,0.8814619439589341,0.01698343701054528,0.018255635086727322,0.005732345181577809
221,0.09794787508867019,0.8381765662989689,0.010720797958360033,0.016051292665576335,0.03710346798842467
222,0.012945018373256335,0.9457503100626736,0.036983969720120136,0.002554697810268586,0.0017660040336811365
223,0.01103963303537634,0.9252931613164989,0.04823049237380703,0.013529825267741335,0.0019068880065765837
224,0.13106335665620159,0.6419636717228652,0.005368187428199284,0.06074185289184628,0.16086293130088777
225,0.006696748482884412,0.9832045300678929,0.00181446588076792,0.006863133969667993,0.0014211215987868242
226,0.02325407724425115,0.9274012194408557,0.020787679682957964,0.00962645942716764,0.018930564204767405
227,0.13085419930821107,0.7810997973836321,0.002631512619350982,0.04315917862504383,0.042255312063761825
228,0.007382375565757774,0.8863836283040398,0.07474059656554292,0.012930619686860214,0.01856277987779925
229,0.16955077818660197,0.28418876478450045,0.0011228785040939275,0.17374430371498042,0.37139327480982315
230,0.04840892441487518,0.012195391557783765,4.230185933531576e-05,0.01039848930910536,0.9289548928589003
231,0.013326339655591251,0.0018136036732505807,1.4904841390864636e-05,0.004742724770821365,0.980102427058946
232,0.007093357498536081,0.0008699692695125276,1.518501026429594e-05,0.001666227642462596,0.9903552605792245
233,0.006896486737955242,0.0006447513887330383,1.1414795748299007e-05,0.0015761627625704574,0.990871184314993
234,0.3028231147102684,0.006220715817624246,1.3120812747570597e-05,0.015683101768843154,0.6752599468905167
235,0.41793123803534876,0.030291134177663673,6.333329085184857e-05,0.016019599910977716,0.5356946945851581
236,0.007814834276804117,0.0013856680982491808,1.3612426286893347e-05,0.0011192603017595672,0.9896666248969003
237,0.0034508207198730577,0.0005832210462114278,2.7613603244426306e-06,0.0013388636961421735,0.9946243331774488
238,0.0051536606811264036,0.001180218036526804,1.0515158460842621e-05,0.001846815279321223,0.9918087908445647
239,0.005247368949609541,0.0014482480430501258,2.5285327933812988e-05,0.0024062682791541833,0.9908728294002525
240,0.016571719528495663,0.001219785183522579,5.203797717622491e-05,0.001549839215518631,0.9806066180952869
241,0.5267326078068384,0.0026145685594652314,1.2312341386523248e-05,0.0048648219509850425,0.4657756893413248
242,0.5988194330940926,0.1376537875128109,0.0015056503552480424,0.020316705280926054,0.2417044237569223
243,0.3631035969549898,0.33433881054398995,0.0008464166236715139,0.2113080139153106,0.0904031619620381
244,0.12248567233377877,0.7628276694166526,0.005338198777465792,0.08705040250616491,0.022298056965937955
245,0.1539516575808811,0.3922208012920028,0.0008706933049410178,0.4419203181133059,0.011036529708869201
246,0.013335761337076323,0.7882239376370719,0.11769503940525898,0.0768497298517404,0.003895531768852542
247,0.03943957718098412,0.43273085441805825,0.02217024779893365,0.4943056037563514,0.01135371684567275
248,0.02883625275767696,0.07485957119067276,0.0006434940187907417,0.8864801773808278,0.009180504652031523
249,0.053121909072041396,0.1043320612559241,0.001642482841953883,0.8169477444363848,0.023955802393695717
250,0.09364309219862546,0.11967345306278766,0.005293366731501724,0.6936930628255042,0.08769702518158078
251,0.15292048165660196,0.12148407449845551,0.00378116215200227,0.5451013827853468,0.17671289890759342
252,0.08825402968038419,0.040325548126668526,0.0024834316828475124,0.5285210297228808,0.3404159607872189
253,0.062007760361044446,0.025353412210021308,0.0026429529553077336,0.5055058848995501,0.4044899895740764
254,0.03970709000127842,0.003575530883173461,8.551617779141286e-06,0.14974590940514515,0.8069629180926239
255,0.009203374041554397,0.0006219784779647312,1.7325792640212094e-06,0.009162442455075876,0.981010472446141
256,0.01559714443660125,0.0006842052442383176,1.8392898832780614e-05,0.003560283264752967,0.9801399741555746
257,0.01447670252403654,0.0019725027141347454,6.5452147297335915e-06,0.001201135014606038,0.9823431145324929
258,0.015143299787142845,0.0023737569628727796,8.129672018790248e-05,0.0011832907754824847,0.981218355754314
259,0.005570864103418941,0.0009536048356975891,4.071482379114674e-06,0.0016090438255193943,0.9918624157529851
260,0.013358900287852467,0.0009034318620879499,1.2759772998735881e-06,0.001891135845089166,0.9838452560276706
261,0.5509884622965793,0.02232288546439159,1.2918302750743819e-05,0.011179509115520132,0.41549622482075826
262,0.6434506097860703,0.009836058899749194,1.5219846056959981e-05,0.0379498703622373,0.3087482411058864
263,0.09536806630901139,0.01279740151057714,4.135373474485315e-06,0.025246979364869228,0.8665834174420678
264,0.13428116612489124,0.028910825173798612,1.7969512373116452e-06,0.05504293946872846,0.7817632722813445
265,0.45151899411771823,0.035075503594198254,9.457146439830833e-05,0.2145658090436463,0.2987451217800388
266,0.006631910675313988,0.0021089478350391233,2.4425442939619767e-05,0.019764410847709725,0.9714703051989975
267,0.22021251809070547,0.005005891337489742,1.732388758228099e-05,0.1970865611155856,0.577677705568637
268,0.38364059497314335,0.057004747637664284,0.0001481842608554845,0.2478695403558706,0.31133693277246627
269,0.5472650542910649,0.012550703779551474,6.508074365000115e-05,0.22787641438903652,0.21224274679669716
270,0.12411355420895741,0.5069791678313593,0.0006283624533024336,0.12404847631916233,0.24423043918721843
271,0.10199841363714733,0.5090020847973319,0.0009280238484963594,0.1702743467795869,0.21779713093743752
272,0.17791706489643352,0.2606186192375567,0.00018447752993512484,0.21860029592091812,0.3426795424151566
273,0.00606166094428999,0.00514841470594122,0.00047855959036015186,0.01689216908801915,0.9714191956713896
274,0.008207437302481664,0.004429405877604922,9.197382415059679e-05,0.006446542860478559,0.9808246401352843
275,0.012161956985106217,0.0011131354010519572,2.4618562533031275e-05,0.0029327053767219747,0.9837675836745868
276,0.012823207353576605,0.0010905048427271703,1.4066345754509664e-05,0.0030258151958991574,0.9830464062620425
277,0.07232602444838743,0.004850308661488815,1.2456977139314719e-05,0.00894932595187546,0.913861883961109
278,0.16634485184728215,0.0027166787306685076,6.128831467579881e-06,0.015270719243353811,0.815661621347228
279,0.623177793443387,0.012038819282511352,3.821905749507201e-05,0.06157831677994161,0.3031668514366651
280,0.7368912922732322,0.041301184698048284,6.907762888395154e-05,0.06094274589425483,0.16079569950558079
281,0.5526243044093812,0.28792851150223464,0.0004039926655390635,0.07410352094274465,0.08493967048010052
282,0.07831127372470455,0.8775462843556278,0.0027603878392944456,0.034295138278208834,0.007086915802164189
283,0.013177807132316852,0.9445297942682471,0.0072364305689227625,0.03246192631436132,0.002594041716152069
284,0.03368900529990694,0.8525067398559897,0.001352363345541756,0.10869887686890814,0.003753014629653373
285,0.02604920885755894,0.8811834267686502,0.005946121926413121,0.08396959702378824,0.0028516454235895613
286,0.011957825701190947,0.9471896886021683,0.004555221589171775,0.03401972099149203,0.002277543115976874
287,0.008698838028334044,0.9362301216148147,0.01854238786177326,0.03376108697911937,0.0027675655159585823
288,0.03182505365047686,0.6740139114045753,0.00757713133436586,0.2783857446522904,0.008198158958291563
289,0.017176244853129304,0.09156955865610851,0.0005785230789290851,0.8855214274098416,0.005154246001991424
290,0.03582958222946321,0.09930582645406864,0.0015506776844266977,0.8512473686753811,0.012066544956660395
291,0.012258469682826345,0.02730846268175742,0.00010080509365039051,0.9565348594793581,0.0037974030624078163
292,0.012241624748760815,0.006715354495447043,7.784034397370817e-05,0.9780304636003935,0.0029347168114250972
293,0.021457144153251277,0.03238199025427079,0.00015043516703812208,0.9407807106322243,0.005229719793215454
294,0.027829878915682546,0.01987072104754396,3.187774626208072e-05,0.9497681589730569,0.002499363317454443
295,0.02660050201426315,0.03354628450081191,0.001041174686706526,0.9257647880127643,0.013047250785454002
296,0.008731963055690094,0.009310465151514598,8.538284309544715e-05,0.9785377365311606,0.003334452418539346
297,0.006612600139903508,0.012874854401676298,0.0002760150506612049,0.9772395038594849,0.0029970265482740835
298,0.008624426963586338,0.015100403052927069,0.0005752771953414412,0.9686735355952268,0.0070263571929182105
299,0.008645996476406534,0.013299174176702195,0.00014637923604551154,0.975829321690833,0.0020791284200126887
300,0.006853276886023648,0.009811297612485044,0.00014235330104165236,0.9806938982934086,0.0024991739070410125
301,0.0069692204390994425,0.012954840520249878,0.00015190562367984077,0.9768828114557446,0.00304122196122631
302,0.010421181926342333,0.0270838773162886,0.00036774314317703763,0.9562258987182845,0.005901298895907527
303,0.003113093755127973,0.011852950336245786,0.00015065770683879494,0.9821148932741132,0.002768404927674196
304,0.008150035781298939,0.016695988110253433,0.0011351195015704926,0.9614697633320711,0.012549093274806019
305,0.00696404993404861,0.015598191117965345,0.0005863038657544984,0.9703358156022448,0.006515639479986805
306,0.0028462762160711094,0.005694166760659225,0.0001195499075084982,0.9890189315269985,0.0023210755887626976
307,0.0026325864453562867,0.003962447348238649,6.411231707505153e-05,0.9912186049153457,0.0021222489739843604
308,0.008216824382394397,0.03355235961283512,0.00027659474997635664,0.9519598300710671,0.005994391183727111
309,0.013679415603862707,0.027320525589137234,0.0005590681490041024,0.9475526167350501,0.010888373922945869
310,0.0038653947285754143,0.00807845083141549,0.003845697367075804,0.9748969046029365,0.009313552469996827
311,0.006042625073330406,0.008295527752161013,0.0023019853056139806,0.9772289948967432,0.006130866972151408
312,0.007019633193676492,0.009252246136104095,0.00271467478002472,0.9731391846712775,0.00787426121891738
313,0.011082417831740727,0.0031842706410211297,0.0002373136362785385,0.982888502237943,0.002607495653016515
314,0.024804549197757177,0.009608346016328219,0.00032339976893304976,0.9572793681762358,0.00798433684074584
315,0.0647000632606984,0.025459498658920575,0.003816636708802087,0.5830646908589437,0.32295911051263526
316,0.14449689674256191,0.02830180743713076,0.0012629369508052875,0.766393155062308,0.05954520380719406
317,0.1265521978703364,0.357246976496554,0.015752978544836906,0.4698872527533283,0.030560594334944114
318,0.15397009763640454,0.09619412841045462,0.0017554023490055036,0.7000707476905832,0.04800962391355206
319,0.06660900022730847,0.05437193751823487,0.0015232825333467302,0.8654167546434195,0.012079025077690535
320,0.043970205864153906,0.14582329594303228,0.005017216386455091,0.7896597766383749,0.015529505167983751
321,0.08146372537815547,0.08370976289579467,0.01693876054288016,0.8001590484219451,0.017728702761224683
322,0.026734490783973493,0.016409752564908706,0.00072647964035515,0.95229404799594,0.003835229014822675
323,0.04697525377512425,0.06707026917610263,0.0024892654801099584,0.840101150235286,0.04336406133337714
324,0.020770831768852426,0.03075486165784058,0.002090312395421657,0.9174686374160461,0.028915356761839282
325,0.012978714689653502,0.0057338241257626895,6.243133175339815e-05,0.9761751419153109,0.0050498879375194755
326,0.0523162806590035,0.010082953806318394,0.00022425353113154014,0.8412067935422697,0.09616971846127692
327,0.07051060620803146,0.020425160261833653,0.00035981382578773854,0.8914398842484861,0.017264535455861017
328,0.10180854225482544,0.028313500497769345,0.00046041436582517015,0.7659539326856247,0.10346361019595517
329,0.11320399427662382,0.015140822313940993,6.178256110968023e-05,0.8659855993707893,0.005607801477536212
330,0.11796287566798813,0.021329062831504493,3.244794851810459e-05,0.8507178950042402,0.009957718547749114
331,0.1774230688686411,0.14052873242258243,6.029878152060948e-05,0.669202998251519,0.012784901675736855
332,0.18680287525165604,0.3951254382795879,0.00021346254517597257,0.37858307874574837,0.03927514517783181
333,0.12351996100785038,0.6516778474967435,0.0006470194807325271,0.20124310079738797,0.022912071217285713
334,0.23964142731611035,0.5344827024839879,0.00468121583558137,0.16410888091053252,0.05708577345378787
335,0.03802290257119454,0.8240254139225989,0.020912660635114315,0.09902129805270742,0.018017724818384873
336,0.04982615570089537,0.7223377405790448,0.002804015544707581,0.2078865256029602,0.01714556257239207
337,0.13902308259298368,0.5733021171122985,0.0010071067679291695,0.2598785844441441,0.02678910908264458
338,0.051659649225350324,0.8986130412043943,0.0015925438775443704,0.039984606563849515,0.008150159128861452
339,0.03985323248926098,0.937617887299627,0.007339798853819141,0.011959268453086196,0.00322981290420654
340,0.1462255709477839,0.7859642561430147,0.005299591785618215,0.020973462035168717,0.041537119088414606
341,0.046659400476860104,0.942288890301307,0.0014135880091720864,0.0064958970273078015,0.0031422241853532084
342,0.06998626956256858,0.9199816664700656,0.0007072538056447368,0.007667519680133201,0.0016572904815877715
343,0.046029601763201755,0.9064767908930148,0.023657932639121734,0.0014515017015003964,0.0223841730031613
344,0.07476520879861055,0.9185884524175905,0.0016176321596384153,0.0028983392437360186,0.002130367380424757
345,0.005963808822615829,0.9874054201612281,0.0050628649355761324,0.0006864092395933671,0.0008814968409864036
346,0.01408481474582233,0.9670615618104185,0.016895013051917335,0.0009912051696338651,0.0009674052222081156
347,0.003079775312089214,0.9682350903429529,0.02737247755379112,0.00041563688271811756,0.0008970199084488327
348,0.003172665371944919,0.973062214926839,0.022399574320134293,0.000507359361395816,0.0008581860196857584
349,0.07978538405480648,0.787510053837311,0.0665673139198931,0.0032698597028798047,0.06286738848510956
350,0.04052818182639276,0.9439121841724694,0.008974316225618397,0.002452719964846208,0.004132597810673249
351,0.047710295364390864,0.938748934686908,0.0013756019074237403,0.0019127130318801853,0.010252455009397343
352,0.11565706492854251,0.8756768825301842,0.002341780705949757,0.0019715066893892354,0.004352765145934276
353,0.01988988416426708,0.9644296263138898,0.013983998046665712,0.00034703711181900487,0.0013494543633584032
354,0.03033464481341007,0.959579721918201,0.0069941924765304945,0.0008480637038675673,0.002243377087990961
355,0.014180256372179002,0.9312736578299395,0.05191898144948957,0.0011616393312611408,0.001465465017130581
356,0.013728495957777673,0.9736780953008143,0.008220431366788846,0.002277660866405966,0.00209531650821323
357,0.004226932109091803,0.9635956129939653,0.02981193985822909,0.001465104632899612,0.0009004104058140307
358,0.017452144838180226,0.8837640194992077,0.08435024425934849,0.005846372100657453,0.0085872193026059
359,0.030040550387915328,0.8837537923186998,0.07789484378934407,0.0042963652123328665,0.004014448291707921
360,0.011401550490107827,0.9107843511404202,0.06893235973405995,0.00448411951734691,0.004397619118065119
361,0.21151622816350268,0.7100373478364762,0.016236864586218522,0.0056430667779144425,0.05656649263588818
362,0.01846767626822364,0.9653837826699085,0.013861720292521583,0.0008010891678062577,0.0014857316015399872
363,0.039369174150055995,0.9107888887437223,0.04168252147315094,0.0017751615762600073,0.0063842540568109524
364,0.054453997106930635,0.9380127138145249,0.002861405254345851,0.0006986780119170521,0.003973205812281615
365,0.014519338157267928,0.9525587174995117,0.02905139754428674,0.0008340945560532472,0.0030364522428805137
366,0.004384475345520686,0.8695310514516666,0.12381199371286894,0.00032224585930938393,0.001950233630634207
367,0.003615302717126626,0.7290137221090267,0.2659363491293609,0.00045687188431940657,0.0009777541601662873
368,0.05617792606572596,0.8034496664070255,0.1079254133827395,0.0021087536137916873,0.030338240530717177
369,0.00628678728680281,0.8144059562844882,0.17665080131319125,0.0007179233929024189,0.0019385317226152012
370,0.009722582395396407,0.7723928287437049,0.21447487224750073,0.001203314415325171,0.002206402198072865
371,0.006157281464616364,0.6633627378286695,0.3279022062341288,0.000705761156885623,0.0018720133156996657
372,0.0013835102603997303,0.5595225753021774,0.4374894198826145,0.0003719577346040833,0.0012325368202042472
373,0.0009138235986595146,0.2678815222007525,0.7306890025467885,0.00012571291919574317,0.0003899387346036443
374,0.0012229398294852929,0.6666587991424847,0.32997304407305855,0.00027589386325886867,0.0018693230917125566
375,0.0007497127668535007,0.30780878910206233,0.6904663248502357,0.00011209834286963197,0.0008630749379788753
