epoch,N1,N2,N3,R,W
0,0.015748289496216303,0.0016116434391967398,2.5925539854514346e-09,0.0003418283439848849,0.9822982361280481
1,0.010778971444344103,0.0019012376656167473,7.610271604370504e-06,0.0006261337143564155,0.9866860469040784
2,0.02146978539753121,0.0023405947487414136,4.100307546294473e-09,0.0009320161803488009,0.9752575995730711
3,0.00017724909828612296,0.00017110746940452365,3.1634366938545077e-06,2.929073830158939e-05,0.9996191892573137
4,0.004650475948226649,0.000656405327496673,3.2433103542539676e-06,0.0003582580848771582,0.9943316173290452
5,0.04222114185488907,0.002558084198127737,6.566553179590362e-06,0.0009242161082574047,0.9542899912855461
6,0.1258582489939907,0.011912261381869241,1.957627462664533e-05,0.002029430793965296,0.8601804825555481
7,0.18543360399373135,0.029006975140818663,3.18735096626099e-05,0.006514765507122126,0.7790127818486653
8,0.13169286353845436,0.05235636699419868,0.0001086422627140085,0.007377802053446517,0.8084643251511864
9,0.08649274844438137,0.018921169327223878,8.085466539627082e-05,0.003165495358840459,0.891339732204158
10,0.05613630356981834,0.05015352336314735,0.0002360265578969333,0.005622040324936459,0.887852106184201
11,0.032171149474132965,0.05769660479287789,0.00045512871826950524,0.005653120179062097,0.9040239968356576
12,0.23714729543884555,0.11695027517470946,0.0001795722556632447,0.030066190983651823,0.61565666614713
13,0.043824674446931854,0.2001984637211572,0.003254102385829607,0.00457994940595628,0.7481428100401251
14,0.13418674842618722,0.4092824624056741,0.0017209835368953762,0.03092637832181968,0.42388342730942374
15,0.09289784381065783,0.3765950006364954,0.009258182474863066,0.009942387887073008,0.5113065851909108
16,0.06957800180590089,0.08022444849268698,0.004967923407872717,0.007118471692022272,0.8381111546015172
17,0.23658606191068252,0.08689563603153282,0.0002686713639970334,0.0398586002937753,0.6363910304000123
18,0.14999413320136926,0.32001429023618605,0.000973777988826299,0.008959568704173604,0.5200582298694447
19,0.057350937113314855,0.3377032099135064,0.003577029385866959,0.0015270188286349061,0.5998418047586769
20,0.24521710008737346,0.27580476392214803,0.0008620525921648584,0.02822934735648553,0.449886736041828
21,0.10225710963196584,0.428171604039642,0.004454498787241851,0.005835411817216307,0.45928137572393396
22,0.11493317717720405,0.41314739414327345,0.004105303632098063,0.006393861368320167,0.46142026367910427
23,0.12072951960777326,0.5676179873909283,0.006270729283777527,0.002225726799144576,0.30315603691837645
24,0.15438355526439568,0.5377025873418687,0.0019363564520919207,0.009142205241898405,0.2968352956997453
25,0.10992091718148647,0.5341573840379003,0.00901199498413742,0.0041235858437375554,0.3427861179527382
26,0.2462755592781337,0.36937858116234074,0.0044442180652224895,0.007808031638944534,0.3720936098553585
27,0.05246556102785165,0.7611412017361043,0.030954049557744927,0.0020032501850771986,0.15343593749322193
28,0.3551112986926909,0.2895830422087742,0.0010821859614000117,0.1244950646083923,0.22972840852874268
29,0.16441756632175666,0.7674766806399114,0.004215323126861597,0.020478862040352864,0.043411567871117496
30,0.22451134798175182,0.70279678887549,0.0055011819057692694,0.01012338117725616,0.05706730005973257
31,0.1463590587984388,0.7792905035360459,0.0041299674490726645,0.02278329498468908,0.047437175231753344
32,0.2250824227714515,0.7213672556439042,0.00772294331186318,0.01782762089145262,0.02799975738132831
33,0.1188479182210226,0.8251776182748776,0.01383515374425149,0.012503181655127489,0.02963612810472089
34,0.130276978574645,0.8172237375716166,0.014929249120009706,0.004433156019830068,0.033136878713898595
35,0.14828865084651371,0.7952792313232595,0.013195537935952897,0.01648531231761276,0.026751267576661235
36,0.07371716356597174,0.8964781454599718,0.006502546884395096,0.008796408938183767,0.014505735151477555
37,0.03826213889335067,0.526879493036947,0.0861838272335124,0.0025437144409740826,0.3461308263952158
38,0.1994806754213545,0.3577327444053591,0.033720235639167956,0.0044638814652021045,0.40460246306891634
39,0.08458524837865407,0.7662267303668109,0.11213704870773276,0.0029940516069732487,0.03405692093982902
40,0.10422154707387941,0.7607790850516889,0.07272039432172817,0.0055475969363887835,0.05673137661631464
41,0.03332629671565529,0.8291279778184666,0.12625186377361405,0.0010944487325755994,0.010199412959688596
42,0.031572131700857486,0.8791228244504338,0.07730294280258203,0.002128074056786518,0.009874026989340227
43,0.01816403104167915,0.6354598139731048,0.30634414851961167,0.0012969812878656434,0.03873502517773887
44,0.22356758756933898,0.5855769066478614,0.02876181267515209,0.0019245913720425817,0.16016910173560492
45,0.15145303636112012,0.6103920664146408,0.029144403621183406,0.0048986129208963575,0.20411188068215927
46,0.34921289305989967,0.5049159229640082,0.012671135557900783,0.00939147212164355,0.12380857629654768
47,0.29743320999588435,0.5380737681910537,0.006102533319297579,0.025551927102776942,0.1328385613909875
48,0.2915872265278113,0.5609570178107609,0.034933955977459206,0.016337022232422824,0.09618477745154577
49,0.13881627494380777,0.6144826621367966,0.01646371472812496,0.005157464584234739,0.22507988360703604
50,0.18394982719300826,0.7284332023506424,0.0053078684179852205,0.006899160261720402,0.07540994177664384
51,0.1736220111456605,0.5313000576516621,0.008790744704360557,0.007697748710585757,0.2785894377877311
52,0.07831222535881609,0.864525315259609,0.028508698376320158,0.005410238652328425,0.023243522352926396
53,0.21440270324224237,0.5397191855030926,0.004768802790847179,0.00789420702458757,0.23321510143923027
54,0.08171400235938794,0.8625414458529895,0.017882758978121496,0.011570290216599837,0.02629150259290131
55,0.11905976079935784,0.7672694283471724,0.01924746703160199,0.008419855878364843,0.08600348794350295
56,0.1208705262391214,0.7403340997666663,0.02733700041216075,0.006078709293693903,0.10537966428835766
57,0.12182678827907095,0.6843685594423382,0.09305689605685835,0.005603505230820716,0.09514425099091181
58,0.15157133072154758,0.7548612708130805,0.05103136280150136,0.003285632172685292,0.03925040349118515
59,0.13459757785184978,0.7666801658311528,0.031065719969239805,0.007308309379594747,0.060348226968162735
60,0.13249434404364466,0.6812538451998915,0.10732596741037335,0.010919357144703315,0.06800648620138725
61,0.16429549905495552,0.6275775562939835,0.050957028266936266,0.015153253749056175,0.14201666263506865
62,0.14755930505695802,0.6629247324364639,0.07374427946253871,0.017686629712733742,0.09808505333130567
63,0.11125150472650341,0.6785397671476343,0.15602484011364237,0.004724554212605134,0.04945933379961473
64,0.12811393589976874,0.5523895232856073,0.2745936827601208,0.003349928591755954,0.04155292946274726
65,0.0370424678709074,0.4985360887093234,0.4436923308682854,0.001304045715396478,0.019425066836087235
66,0.049320356761790564,0.5478997747580497,0.2600497257813208,0.0020755557503166254,0.14065458694852237
67,0.111206567412573,0.614026256647981,0.21964213752044,0.0005940000753343151,0.05453103834367149
68,0.07814108554280796,0.4633959482944119,0.3919648343773898,0.0006832742718790612,0.06581485751351109
69,0.06744684208283053,0.37543979931478194,0.278414446335252,0.0016337982648034512,0.277065114002332
70,0.043286691793330216,0.3206270513473741,0.3394476884681142,0.0006016649948200879,0.29603690339636113
71,0.008052484311412453,0.044186273661809855,0.7276683362798646,0.0015117412899645177,0.21858116445694858
72,0.02323642922544387,0.16313354048318418,0.16898369569373423,0.002919792933467672,0.64172654166417
73,0.022856524288793555,0.16465955798813672,0.5273022044375785,0.002533262588710373,0.28264845069678085
74,0.04665493360658787,0.13827782776671063,0.034933303951313194,0.007060406343325964,0.7730735283320623
75,0.1429872046390564,0.3727561028267222,0.08775209237233092,0.008096946199030449,0.38840765396286003
76,0.08687437026636989,0.6000803912791345,0.24031655048124542,0.001711256218272332,0.07101743175497795
77,0.11489500825739303,0.7654040124567453,0.0334632955567806,0.0023070182935619483,0.083930665435519
78,0.05511928343850571,0.6585190114692212,0.23129576062607138,0.0024550339125749988,0.05261091055362668
79,0.030890334489835445,0.7542006930467527,0.09675202098228591,0.003017624841151912,0.11513932663997395
80,0.05671920245099986,0.7818528485215834,0.09195870468319126,0.0043833208460826,0.06508592349814292
81,0.038048330086234976,0.42543475200247316,0.10070260550872993,0.00955285760380182,0.42626145479876004
82,0.06840552831947418,0.6704897505755089,0.04631898921323908,0.01985827522598818,0.19492745666578976
83,0.05207094840926211,0.7048069598658763,0.1474056446768967,0.007052823652660206,0.08866362339530469
84,0.06830983729402619,0.5704051191129609,0.11751271550654069,0.006562681381403302,0.23720964670506886
85,0.1832594690631409,0.42733092201878337,0.1391488138028423,0.006295663617690543,0.2439651314975431
86,0.12218415565150353,0.3598647815980728,0.06373238910694684,0.0339613957442345,0.42025727789924244
87,0.08906837050386553,0.7286011700375559,0.08343579932797188,0.015522978560258563,0.08337168157034819
88,0.06725306694171025,0.6127844905202372,0.14784243108084072,0.017383856677638983,0.1547361547795728
89,0.17542442194965804,0.4345977201659053,0.1846018073891511,0.03135989423449561,0.17401615626078987
90,0.14154451754885358,0.3772410033421263,0.09254839753440826,0.027439504683856298,0.3612265768907555
91,0.1478460235422682,0.5718891306055905,0.13075532874029075,0.018627246298624108,0.13088227081322634
92,0.12678989988568873,0.3287819797542158,0.04481214529054038,0.03562809013820746,0.4639878849313476
93,0.2236610022429989,0.27635130911466516,0.030298285711918095,0.014492259772107706,0.45519714315831
94,0.24193429272513428,0.5103586338737448,0.04897898182314251,0.008565520022794648,0.1901625715551837
95,0.1426653860390111,0.6693528396945367,0.11927177347895082,0.0033433193023185604,0.06536668148518267
96,0.2205801666453566,0.6117708874967427,0.0701585912733349,0.011351506032257902,0.08613884855230808
97,0.06593548679361237,0.24360889128046426,0.07761301534695504,0.044031847551539674,0.5688107590274287
98,0.054460887188705655,0.011158566540912986,0.0004119721520844403,0.0020963907082253075,0.9318721834100716
99,0.14680447290760326,0.015738498962820896,0.0003015108828806127,0.0077749737243932365,0.8293805435223021
100,0.5877661545058757,0.05118606018425606,0.0006009171043356372,0.02618874540543788,0.33425812280009476
101,0.6561841515906954,0.14485861670513736,0.0036982681800795864,0.02372829529897429,0.17153066822511323
102,0.3812722228796357,0.4659129844827386,0.028745851953992443,0.03813489319234916,0.08593404749128408
103,0.1596410727342193,0.6025639234872227,0.028848654784511464,0.11627076557711105,0.09267558341693556
104,0.09801238501604079,0.7032583161236252,0.018096675862398385,0.08131029727052451,0.09932232572741109
105,0.13054875861759777,0.649641604377682,0.019874216417842518,0.10857749496880152,0.09135792561807617
106,0.04668293558440674,0.8515120566456753,0.031676016255859474,0.041056753229834896,0.029072238284223628
107,0.04518289167665765,0.8319339349701844,0.00498570282042535,0.09125272325500858,0.026644747277724156
108,0.06616263069520589,0.737851691001357,0.02412816887277508,0.046130801519032476,0.12572670791162954
109,0.031286257381682336,0.8480805996987881,0.01285499935647744,0.06467825647318948,0.04309988708986259
110,0.22187668089298018,0.4452466357113057,0.02551621722950933,0.131774552899369,0.1755859132668358
111,0.12152518376046172,0.6513315036290243,0.015214722922993975,0.06184480986648662,0.1500837798210334
112,0.11825830132386726,0.6301065863127953,0.009861208522247604,0.09931336689959595,0.14246053694149385
113,0.11252816286525015,0.6186124189107057,0.047903879631636885,0.024295232820994,0.19666030577141325
114,0.22730077302433144,0.2862920187458163,0.002739483377054977,0.4100073060412786,0.07366041881151868
115,0.3072314140717869,0.446927408633549,0.013101469334606711,0.06714933835868965,0.16559036960136764
116,0.15585039210849178,0.6849489691192863,0.018109911933892123,0.055459779341763576,0.08563094749656629
117,0.4247710941394344,0.16062224557738047,0.00020845195011158266,0.18141919272888987,0.2329790156041837
118,0.5105719980912536,0.3004365557786699,0.0025445365149468924,0.07805019412233744,0.10839671549279198
119,0.4984422854173699,0.4295576371588833,0.008442969047151545,0.02378462957553997,0.03977247880105525
120,0.2996373442340313,0.5813733815473757,0.028605847468161087,0.02675634897424512,0.06362707777618673
121,0.11906162427024755,0.7438998925401138,0.09713305392206355,0.017472646748949976,0.022432782518625002
122,0.0671806734264956,0.6466983509534263,0.18258152294281296,0.0113072423780082,0.09223221029925685
123,0.09327667615784639,0.7483032055908211,0.01528908309973345,0.10342063070203024,0.039710404449568915
124,0.1727595197545503,0.6424466902113518,0.0447421482756502,0.01872537121693196,0.12132627054151589
125,0.1930170057422172,0.7819489071848417,0.008662643228419666,0.005556089548966491,0.010815354295554828
126,0.10996688031929229,0.6683262455831636,0.2100583522445349,0.0015544737934906241,0.010094048059518574
127,0.038743875659608865,0.9058256273722805,0.04486347105790431,0.0033773645319715886,0.007189661378234978
128,0.05170148563375327,0.872903525963583,0.044287540667789345,0.009129027682494243,0.021978420052380102
129,0.0260207806293097,0.8663483957734949,0.07950134723246378,0.018005302432431387,0.01012417393230004
130,0.04398684880913567,0.8088530839773005,0.07297198070341387,0.05639857339650889,0.017789513113641017
131,0.028899057065804937,0.7835548236150747,0.0919332519224696,0.092359419709723,0.003253447686927974
132,0.0686874340561014,0.7083728464328245,0.053431650826742956,0.06554634541513397,0.10396172326919727
133,0.13237589383238538,0.5318452721962182,0.014186583256233638,0.20557554435919084,0.11601670635597204
134,0.11406303943541728,0.6828904503273642,0.015716073317173344,0.056216940995137014,0.13111349592490823
135,0.08684416433154427,0.7414262441676559,0.05279033678285807,0.09185890954202974,0.02708034517591204
136,0.06799547527136317,0.6216691680346637,0.003980200441535222,0.28619403791541975,0.020161118337018166
137,0.14471265767449917,0.18339404889623973,0.000651570429538447,0.5988073200944661,0.07243440290525655
138,0.15065157359784648,0.06353830363305672,0.0005195130163363424,0.1679471764465906,0.6173434333061699
139,0.12029845927298573,0.023605206673915635,0.00027466183630911283,0.08918260347486556,0.766639068741924
140,0.22930793385114273,0.04183737288255509,0.00016901563642927257,0.3933684932261145,0.33531718440375846
141,0.5102899462704595,0.02938486153814074,0.00019029744693710663,0.3447656767472034,0.11536921799725945
142,0.20712714709285235,0.026615415605666833,0.0003221380148452857,0.22464285374680396,0.5412924455398316
143,0.21080767853543442,0.06999604248603655,0.006574869306343393,0.0816564193713297,0.630964990300856
144,0.2886016103192611,0.15305461931753192,0.0020993375577740853,0.17670522003530253,0.3795392127701304
145,0.21494768284002852,0.16097983993263887,0.00265910294369868,0.26164372317468126,0.3597696511089526
146,0.20413906902259402,0.07672096243872085,0.0008097021688018816,0.5741037736560541,0.14422649271382906
147,0.09983398892036856,0.05976046047788629,0.0036859027103774067,0.1574137063426934,0.6793059415486745
148,0.13482888225810877,0.11120042891078567,0.0009462661454424406,0.3301797048456314,0.42284471784003175
149,0.24324106046644825,0.16666945089085441,0.0031735301462086883,0.15083754660122414,0.43607841189526453
150,0.18735570763476309,0.20460598418405995,0.002436935042734573,0.17055396199055703,0.43504741114788537
151,0.1880776444765965,0.15539874397971135,0.000432188319718572,0.5423260106792995,0.11376541254467407
152,0.10551260903520016,0.18605870899340363,0.00919831307216714,0.04167111200224898,0.65755925689698
153,0.1892912297385688,0.16616163170484033,0.0054342511520080496,0.04003910234705149,0.5990737850575314
154,0.2062839580694408,0.2549176867995565,0.006967361851305751,0.06194494125878541,0.4698860520209114
155,0.034242489929479196,0.03504464497147993,0.004772528524807754,0.011090502595132487,0.9148498339791006
156,0.3641416361540833,0.05622500844008625,0.0004951129380657514,0.01890764672393346,0.5602305957438312
157,0.6922557131693914,0.13614415356177834,0.002787697278450501,0.04519444918497156,0.12361798680540835
158,0.36116034716258755,0.28175765789203827,0.009294729265064678,0.16097495092277575,0.18681231475753377
159,0.25913750320158174,0.07490203394563094,0.00036673123198647286,0.530242214111066,0.1353515175097347
160,0.16496336717596438,0.6309961712545209,0.004449474392362639,0.12093115576098451,0.07865983141616754
161,0.17523853864668798,0.27817828212471546,0.0015772702209623161,0.47931113396743047,0.06569477504020375
162,0.18176349318537505,0.40122821926304475,0.0044787216343157455,0.2597141464278164,0.1528154194894482
163,0.11689352598393206,0.6471392492329835,0.00793146955920431,0.049986703958937326,0.17804905126494272
164,0.22066061662144584,0.21751872242919393,0.001827933857573953,0.39185562522461526,0.16813710186717118
165,0.23997596864750928,0.23412157192873873,0.000545871659472135,0.4020040867353156,0.12335250102896426
166,0.18998716961691697,0.22461699495334814,0.0008503454473566076,0.3368710794407297,0.24767441054164863
167,0.1888713082339726,0.052148858506932946,0.0001666235183824594,0.6413395579699896,0.11747365177072244
168,0.22893595169325745,0.17659436697229905,0.0005871756473492994,0.46428880830770064,0.1295936973793935
169,0.21778244423844137,0.13215035764499553,0.0003325036412413716,0.42318646509639535,0.22654822937892635
170,0.10462582525000214,0.038228800098974634,0.00035945530092589326,0.2689796910596122,0.5878062282904851
171,0.058931169826618855,0.0235232888163135,0.002127136024757978,0.08041556087268371,0.8350028444596259
172,0.24695177786331382,0.04928474019812587,0.00020530292161881607,0.6130507777698324,0.090507401247109
173,0.17590334194351542,0.03776365554746497,0.00027560483635704854,0.6415743539223234,0.1444830437503391
174,0.128054555632656,0.06203092972351753,0.0004699588558122899,0.5466250015107861,0.26281955427722814
175,0.1838996092606901,0.08586834898153753,0.0003976749752805846,0.3409276826627309,0.388906684119761
176,0.16401182349193993,0.12262846410063202,0.00024632835535256105,0.24464000338917735,0.4684733806628982
177,0.2568384321305253,0.10191654669581535,0.00015566319261041783,0.4647148492295223,0.1763745087515267
178,0.24700520342243024,0.15970396882325,0.00025593384559285487,0.4685617629988106,0.12447313090991648
179,0.08565170888189245,0.09761508255589371,0.00042814003911890135,0.4348045337940166,0.38150053472907836
180,0.10849737415887518,0.1314954383899353,0.0002232479909183381,0.36641715539999703,0.3933667840602742
181,0.18656631569209367,0.17964469267916675,0.00021536840978433124,0.4030251206270106,0.2305485025919446
182,0.103384145639527,0.0980131469228992,7.969177023746769e-05,0.15134773308449173,0.6471752825828446
183,0.18524919227661885,0.09308783494736819,0.00017687001299143882,0.08314811602839314,0.6383379867346284
184,0.052852457335065633,0.0225114307460072,0.00014808353696692508,0.04596406572160529,0.8785239626603549
185,0.3719684184380556,0.03199710340005368,0.00015808447162602031,0.2086908290602713,0.3871855646299934
186,0.26399948374617604,0.3237920187295547,0.0010365754369487468,0.2032399801712016,0.20793194191611886
187,0.025838830450011847,0.021726176436086826,9.869965597197234e-05,0.07753687801690894,0.8747994154410205
188,0.1393388561855898,0.08622330091223945,0.00014236179323097572,0.33730291922024536,0.43699256188869445
189,0.14713052763649984,0.05707339881836759,9.658439747101992e-05,0.30328793542787624,0.49241155371978534
190,0.2090118064758487,0.05617958641487415,0.00015839105659973366,0.27332804866896143,0.4613221673837159
191,0.20982553518959876,0.23687792353210615,0.0003272844261951745,0.2199294089432504,0.33303984790884955
192,0.2081294971841358,0.11306902458011195,0.0003017399486048923,0.19678732297298476,0.48171241531416276
193,0.09495092042345231,0.09181793341087868,0.0004530103691105478,0.07754631913845471,0.7352318166581038
194,0.2982897996499218,0.05567104742006093,0.00026636968619387616,0.11713729384607911,0.5286354893977443
195,0.3124195104142793,0.08587970969449615,0.0003284717775059017,0.15238176271876105,0.44899054539495753
196,0.3989634729692134,0.2177220362984035,0.00046804971696581013,0.14384416167864525,0.23900227933677198
197,0.12594486712056369,0.09006034492011115,0.0020821959813112517,0.05684872542780088,0.725063866550213
198,0.27719853378793974,0.19268490200197377,0.0012144988012698396,0.21873801666310397,0.31016404874571274
199,0.29079853381017184,0.18054426137027924,0.000630496546811537,0.37648236052644596,0.15154434774629147
200,0.3235017016936125,0.17884596390516103,0.0004480560369466606,0.32722756588921126,0.16997671247506838
201,0.2176699483995286,0.18772739503711833,0.0005501894255044357,0.17236281380391955,0.42168965333392916
202,0.34911588425789136,0.4275102636693133,0.0004235824911285381,0.08900650240586265,0.1339437671758042
203,0.37418083766066695,0.18615658930814,0.0006002323075711698,0.1440527685956307,0.29500957212799117
204,0.199895143477207,0.23931300735858285,0.0012260956215132987,0.29003056613911304,0.2695351874035839
205,0.19893759623989143,0.13624573287572464,0.00023607245810685428,0.5501550432599644,0.11442555516631268
206,0.265513523759353,0.13307633660507753,0.00029349304410285855,0.4703135249220916,0.13080312166937505
207,0.10530836778083988,0.20571481079334267,0.0004986057005005523,0.3430678915632247,0.34541032416209216
208,0.1635989298825443,0.1360055087219447,0.00018112897842211488,0.5908781992565737,0.10933623316051518
209,0.18105352046017437,0.10905959595527015,0.0001468219922609368,0.6172050120975258,0.09253504949476876
210,0.13853963856619042,0.03137254435175243,3.855261729993676e-05,0.2540109245726051,0.5760383398921521
211,0.09483809717611977,0.0457586569611365,0.00020031278282764466,0.21856558666348405,0.6406373464164321
212,0.08396108723517838,0.0804208375201614,0.00031445781569415364,0.1439999497845906,0.6913036676443755
213,0.22551077427280167,0.3528666179933967,0.001222090806853702,0.19010267588930888,0.23029784103763898
214,0.1709789727601787,0.23755950843907156,0.0011055766833721113,0.14565828852013676,0.44469765359724084
215,0.10043343747789277,0.1398247494145366,0.004569331641268368,0.07200670586985473,0.6831657755964475
216,0.34071636088271934,0.18454478907545782,0.0002772707189650856,0.20764716516252393,0.26681441416033386
217,0.24832344535289128,0.453339903361231,0.0016738366500074185,0.17373238032284039,0.12293043431303001
218,0.3059204784990637,0.5710661372875452,0.0016675424062309377,0.0885645111056545,0.032781330701505705
219,0.12397685526785973,0.7679366764468665,0.0031787744096921787,0.07120957587352378,0.03369811800205794
220,0.05881890356756016,0.8365583554582308,0.006261582291810167,0.07670248040986548,0.021658678272533358
221,0.03219589968636372,0.9248328154725812,0.0015814270355085321,0.03343657378832676,0.007953284017219703
222,0.022484618743471792,0.9234683154659453,0.0019874777920763607,0.048713096060076455,0.003346491938430131
223,0.062497196599653734,0.8333536242105898,0.0047183177401815485,0.08067810127591281,0.018752760173662238
224,0.02908646344948384,0.9262480595038397,0.025615442007598438,0.011083174478024743,0.007966860561053196
225,0.020364940338920043,0.9474289293022378,0.02528284336349958,0.004442257774983406,0.002481029220359097
226,0.015649806815504454,0.9510934293475655,0.021386354412320795,0.008713715011177507,0.00315669441343196
227,0.01796227165335282,0.9223066074476409,0.049571488220019666,0.004945978627257131,0.00521365405172948
228,0.033194065084648644,0.831369923932034,0.12670502760142402,0.0036550070870937893,0.005075976294799556
229,0.01957890281914703,0.8170468848769428,0.15558017148481337,0.005710243325854677,0.0020837974932420775
230,0.00684799605379008,0.5894299157595128,0.40209417737976166,0.000695794844100414,0.0009321159628350966
231,0.013008692343778333,0.5892826000371136,0.3947264975837995,0.0009514457658495164,0.002030764269459041
232,0.011140298756868455,0.5431896498097833,0.4417834178444328,0.001202091770300727,0.0026845418186146473
233,0.008615890950675331,0.4613349478048337,0.5252326596336444,0.0034129017913635444,0.0014035998194830708
234,0.015169785340929302,0.4497873016399327,0.5311654642276027,0.002145365915053726,0.001732082876481442
235,0.013300232420601618,0.4562328313834843,0.5207592685915269,0.004402039117508619,0.005305628486878535
236,0.008876835165876769,0.3412142155811578,0.6459378428318716,0.0014286181712573497,0.0025424882498365064
237,0.002753699207953997,0.07119603966691125,0.9237089825075862,0.0009450036816498168,0.0013962749358988516
238,0.0015040004728871018,0.0866503108076531,0.9103475623286937,0.0005065141884913501,0.0009916122022747356
239,0.0018611769679355468,0.11803344718077421,0.8784808909175769,0.0005444553400481635,0.0010800295936653687
240,0.0007933482582792187,0.10411012391718093,0.8942219758695344,0.0002788885011842379,0.0005956634538210184
241,0.0015905762124250012,0.09661845082234538,0.900775191551526,0.0002666497617485561,0.000749131651955144
242,0.0012236477875228792,0.03947254112025836,0.9576108486856653,0.00043977394609688526,0.0012531884604567172
243,0.002378514212864339,0.06069636797137364,0.935072201804506,0.00026592007674037464,0.0015869959345156674
244,0.0023856832663282706,0.05752305053987405,0.9381055252641933,0.0002292385143485636,0.0017565024152559293
245,0.0023275195248269385,0.05840178267749597,0.9352124294056305,0.00022512057153630256,0.003833147820510474
246,0.0010596415810646665,0.02455893755420793,0.9736957376946667,6.194174211279272e-05,0.0006237414279479021
247,0.007673812607859375,0.14397755725258024,0.8225202052694726,0.0005785720525626287,0.02524985281752533
248,0.0017327414547543857,0.04145833382627666,0.9503306794193361,0.00025094986871324233,0.006227295430919726
249,0.001972066592883441,0.038127481784990494,0.9571918248175121,0.00018299474997486085,0.002525632054639102
250,0.003141921412826258,0.03557201089039626,0.9552110765728743,0.000719898431551132,0.0053550926923520824
251,0.0035378218043368896,0.07411695260102306,0.9173432198768121,0.00041321228144741554,0.004588793436380518
252,0.006491668237901913,0.09739004297592879,0.8925080663857489,0.00011220409810056279,0.003498018302319724
253,0.0029064190320535997,0.08161619140479894,0.9088871828117179,0.0002865535452491364,0.006303653206180385
254,0.007250630993958531,0.32225313704698466,0.6413723926741476,0.0003276775073812471,0.028796161777528004
255,0.00302978703580632,0.08818786152917096,0.9016885677236951,0.00010505559894340957,0.006988728112384427
256,0.004997172241350097,0.18227656699540498,0.8000750960791004,0.0002038866073676346,0.01244727807677677
257,0.0022982521613671048,0.11130978952928923,0.8785137231128757,0.0001327362088894922,0.007745498987578648
258,0.0012431739063308302,0.05554942633835517,0.9401159152613987,7.189951711163743e-05,0.003019584976803486
259,0.0011942722211713572,0.041775343683154435,0.9550077928238283,4.8040451631541634e-05,0.0019745508202142713
260,0.0012241462513428204,0.056758357673442845,0.9404386742837697,5.145658814542219e-05,0.0015273652032992983
261,0.009329484129361978,0.3298139365951474,0.643538646704724,0.0003055318519108179,0.01701240071885582
262,0.00525759991662236,0.16909976993275466,0.8107664468570913,0.00039351693170525456,0.014482666361826326
263,0.0050815450857138265,0.24584674387527075,0.7263183170126922,0.0002557719090665185,0.02249762211725667
264,0.0012450835102939387,0.07112301037546875,0.9215027335799516,0.0001075214589413416,0.006021651075344271
265,0.0023714210551370857,0.13601761646493485,0.8486092117072099,0.00016734946757922101,0.01283440130513881
266,0.001204268350896879,0.04432070697205864,0.9500320887431003,7.3595407958653e-05,0.004369340525985592
267,0.0009871730080584717,0.034465723434136654,0.9624538355005857,6.027549739870359e-05,0.002032992559820359
268,0.0008116599164560776,0.0290109201496083,0.9676930913957787,0.00010252637451236922,0.0023818021636445833
269,0.0015600645107579486,0.04391605746848515,0.9531816687890811,0.00011025572838760827,0.0012319535032882997
270,0.0054207203184318065,0.10475970566164867,0.8796780024709099,0.0006642383614018375,0.009477333187607871
271,0.006608734045215414,0.3811191425897733,0.5264138451478816,0.0026450507098627657,0.08321322750726687
272,0.005556624317986467,0.2159215433004497,0.7611520056313805,0.0014507609073014039,0.01591906584288206
273,0.0041932252717320284,0.5216802552229006,0.46420432049545085,0.0016418642660099086,0.008280334743906452
274,0.015083293273512544,0.5417522345213155,0.43860958771575304,0.0011896084991896757,0.003365275990229353
275,0.0074734236751701,0.7833867919406354,0.20504015235702172,0.0012425212805867122,0.002857110746585998
276,0.005162594565890992,0.5338327648410692,0.4566142712155099,0.001512286816423686,0.0028780825611063343
277,0.003234497455569227,0.4267655529296648,0.5667184720285712,0.0011534394307126346,0.0021280381554822786
278,0.020365370303550342,0.4695672732250611,0.5056970436421091,0.0011068629454462186,0.0032634498838333874
279,0.016549935688336622,0.4266116589574707,0.5527641841785086,0.0018960812964408293,0.0021781398792432723
280,0.024706422010933985,0.6135451592178286,0.3512332631401871,0.002897548012548688,0.007617607618501615
281,0.00878912780934781,0.17757267299066956,0.8017399224970517,0.00153586132049153,0.010362415382439396
282,0.0149205949354323,0.5331770284354388,0.4269441720924099,0.0038435090551824586,0.021114695481536695
283,0.006735905456608061,0.25844211628863156,0.7203413800150278,0.0023173016010133605,0.012163296638719233
284,0.015201047066276134,0.3392339565351932,0.6248917176688547,0.0037487775124951063,0.016924501217180813
285,0.014656553254994063,0.3067113792949391,0.6616908113213454,0.0026034128710852034,0.014337843257636334
286,0.007232774044414154,0.2335958196918819,0.7456270684428706,0.004859757935080552,0.008684579885752794
287,0.08060832116525557,0.2926136806273205,0.1333724386487574,0.01373998945621212,0.47966557010245436
288,0.05354905750477391,0.7182144063770778,0.2080153699104211,0.00611092631458715,0.014110239893140015
289,0.10259402948258889,0.7061786938575804,0.17001340429413803,0.0059246156562094985,0.01528925670948315
290,0.05204780466464635,0.6108715422738072,0.32486155051443416,0.005119375464230327,0.007099727082881929
291,0.05360253004220197,0.45064922563113397,0.47954057891939983,0.009985880669291873,0.00622178473797238
292,0.07163026008656476,0.5956463962443368,0.30533856704180595,0.013243679412614184,0.01414109721467822
293,0.095527314731982,0.6614526167651805,0.13026797106588126,0.07319802239366677,0.03955407504328925
294,0.04213742161037691,0.7361082104124032,0.16289825316247966,0.04884277322538687,0.010013341589353592
295,0.03865603778657674,0.7667529779821011,0.16441409106723906,0.012989581727524206,0.017187311436558918
296,0.03349796423742558,0.7896521798792344,0.1459237805007427,0.018684888965882596,0.012241186416714855
297,0.03136387017938513,0.790568648290724,0.1638075058869908,0.007497740879186652,0.006762234763713412
298,0.041462239762767215,0.9266616288652512,0.016096186635078825,0.012366064597390225,0.0034138801395126404
299,0.028121948761770037,0.7781799830151249,0.17829718623966628,0.00670482520732652,0.008696056776112262
300,0.027460254560788985,0.8103306771672085,0.12609338236626508,0.02665056117507806,0.009465124730659366
301,0.029632832477654917,0.9403694220117428,0.02021557928753469,0.006925993717911692,0.0028561725051559415
302,0.07188599187245495,0.7634755519931441,0.13669449806101386,0.01193360561900766,0.016010352454379304
303,0.02616922884292631,0.9533289898190629,0.010607984089197645,0.007851972746026005,0.00204182450278739
304,0.007699145237966017,0.9416870885272982,0.041657145782299634,0.005873178197592211,0.0030834422548439372
305,0.01091239087106333,0.9320960311798083,0.04680432693933789,0.0071430691010832634,0.003044181908707431
306,0.006190619423263235,0.9374135767441183,0.045280947520610765,0.008824947741138848,0.002289908570868723
307,0.01836627212200056,0.8897997304786996,0.06265302543578684,0.019008218220821608,0.010172753742691148
308,0.03800090767948725,0.9037452560494954,0.025581285316941194,0.020824209864796453,0.011848341089279967
309,0.0424419946900615,0.8619370390483342,0.06397383786131135,0.005253098970138694,0.026394029430154294
310,0.10694872125743587,0.8419581850188822,0.010669016599437364,0.030578676449852245,0.009845400674392232
311,0.07759782713378743,0.8768086562212214,0.01999380023760896,0.014560767435519447,0.011038948971862868
312,0.03693136141730151,0.8965842267509477,0.009349109631184889,0.03156841951223202,0.02556688268833371
313,0.30328473657727845,0.5177390992756329,0.03069298886220615,0.052526084613889704,0.09575709067099292
314,0.10144042964441048,0.8445826090295342,0.027335034879198975,0.015580591745662902,0.0110613347011935
315,0.129023305601881,0.8262827838553799,0.027755722388322544,0.006895965591088797,0.01004222256332795
316,0.12049207319512342,0.8494812589817295,0.01615965035349191,0.004413668166602998,0.00945334930305213
317,0.018377973870866975,0.9126749547482828,0.051074431649453474,0.013374656477047917,0.004497983254348685
318,0.046891493034200954,0.8055827071001362,0.13347711541881066,0.00884850883316391,0.005200175613688278
319,0.00797128689476781,0.9035988968875938,0.0783044518737438,0.006634329087892411,0.003491035256002143
320,0.02429658304268332,0.8295707575541785,0.13155286330167862,0.008465787062056473,0.006114009039402823
321,0.008948794352683762,0.4338245653102656,0.5484585757462929,0.007003847034462517,0.0017642175562953854
322,0.00795294642544197,0.7014152013472507,0.2822824621385806,0.005849358455644734,0.0025000316330822192
323,0.006634778821977092,0.7644159242220077,0.21807565240234963,0.006796908668144261,0.00407673588552142
324,0.02354869797963215,0.7313212117098136,0.20657718653875135,0.018714450665076102,0.019838453106726855
325,0.21792650199566133,0.40088888142206136,0.11277945275555121,0.015143947819896579,0.25326121600682944
326,0.10492449760071552,0.8178359542697655,0.06557473954618838,0.002872958014290918,0.008791850569039654
327,0.07126866726013656,0.8029219593272366,0.1136250993631903,0.0037032327265863942,0.00848104132284997
328,0.06108885972876207,0.8603291093740311,0.054889745244763116,0.007870973940458414,0.01582131171198541
329,0.019101734343012853,0.7604084000358078,0.21048393602799054,0.007008348237723148,0.0029975813554655195
330,0.02328388779665998,0.8305054286955408,0.11989176851226377,0.010451294221253188,0.01586762077428216
331,0.01581986000644182,0.8991227755870475,0.07070749783819116,0.011149687735867738,0.003200178832451819
332,0.009449035883053465,0.9129620276291819,0.07021654609104196,0.004214232835220802,0.0031581575615019074
333,0.11749977308943144,0.7748399385732782,0.07041797887394656,0.011879090548497336,0.02536321891484663
334,0.0645047382723835,0.7696405742971968,0.1417373180703621,0.01317432888657929,0.010943040473478384
335,0.09362629472774234,0.613123748461146,0.19164842762842565,0.006767018261451944,0.094834510921234
336,0.05885541116161547,0.8673812835743536,0.06314193059193332,0.0026888205080924225,0.007932554164005233
337,0.08019645845658505,0.8019591245600147,0.08924720283651187,0.004184760506418937,0.024412453640469334
338,0.051434771127284375,0.8672831283354894,0.06889416370177459,0.0034929302362159314,0.008895006599235807
339,0.03719272626779783,0.8591636902630189,0.09118115622937835,0.008046322484280962,0.004416104755523931
340,0.06671138919502183,0.8548457661271598,0.061717314891494894,0.006299518535390884,0.01042601125093271
341,0.07240992641736481,0.7995227266396246,0.1095319852450412,0.010733783705311067,0.007801577992658118
342,0.06694830438046731,0.8422468390697291,0.04844290499785148,0.020764449588548776,0.02159750196340338
343,0.020385317486110235,0.8154011091532114,0.13821764955799395,0.011567721385050153,0.014428202417634308
344,0.013441081295711357,0.8399226501319732,0.1309196042016725,0.008673446049960253,0.00704321832068277
345,0.06299074619506148,0.8211643370202856,0.09740092668289028,0.013008887605537998,0.005435102496224729
346,0.032853402682149015,0.8208733348965112,0.1232771027572629,0.01853106644598894,0.00446509321808801
347,0.020646845833498368,0.6814785255609274,0.2770241358767592,0.014596770099660464,0.006253722629154501
348,0.008725277847170922,0.6947174120396916,0.2745570413507699,0.015568417464652493,0.00643185129771512
349,0.009462749030481799,0.6609712364661784,0.31047945935939963,0.010644399946169463,0.008442155197770864
350,0.019076479855637537,0.8740714000137562,0.07082876908910969,0.030574316668427328,0.005449034373069264
351,0.015412360858261375,0.8894899586322553,0.07751410635375144,0.013297661014226697,0.004285913141505104
352,0.018803307709442493,0.8725648414674978,0.08753704434357268,0.016925044235787903,0.004169762243698999
353,0.03150696940481913,0.8811891151377761,0.04840105295944965,0.02390451107379727,0.014998351424157817
354,0.03809046385067179,0.8861083108362835,0.013272315252565104,0.05446747286717076,0.008061437193308745
355,0.044459556054901934,0.8744808390983085,0.0476139769453298,0.0032734788982861545,0.030172149003173616
356,0.4462243704815709,0.3463871315994557,0.01631942558504235,0.02412600684188662,0.1669430654920445
357,0.23752948258879356,0.6455976127626133,0.0525781546328026,0.007168586507989027,0.057126163507801545
358,0.6252039806260085,0.25299790146367157,0.0021770362670815494,0.014696410975758792,0.10492467066747957
359,0.208631294602926,0.6934203742569558,0.035548540175723314,0.016280865233236297,0.04611892573115842
360,0.21136207013659628,0.6796115869542625,0.027168717797846707,0.05012525413596262,0.03173237097533209
361,0.20555792811480117,0.4750236278278043,0.019468507308709283,0.03229962328993629,0.26765031345874907
362,0.21790415751356515,0.6205935186988072,0.01058277124718946,0.08017247186049116,0.07074708067994702
363,0.07700650281050439,0.8234705146140902,0.03661405118095271,0.03760188623673589,0.025307045157716913
364,0.07680567824439626,0.8659542373231316,0.02152909980402822,0.016365154898720966,0.01934582972972285
365,0.1681997477359626,0.7000215214951702,0.024794249017370054,0.029576562030586444,0.07740791972091066
366,0.20469435364199268,0.7316194343082962,0.008888101168026718,0.037259883733681984,0.017538227148002277
367,0.15207511577524693,0.7741354864657334,0.012278148229747324,0.03636464947977322,0.02514660004949931
368,0.07087669977190024,0.8574422962050166,0.019790633057449238,0.03865963602215608,0.013230734943477804
369,0.04217093419023604,0.9101286510378437,0.014205730080410527,0.02634176948914504,0.0071529152023644925
370,0.010865169036765624,0.91665340089683,0.05623149430755644,0.013613573667613992,0.0026363620912339533
371,0.005836553461855221,0.9402895620252704,0.04601286835277242,0.00608825418500129,0.001772761975100517
372,0.03191369206978689,0.9317526762816926,0.004275032367687319,0.019076080414839516,0.012982518865993803
373,0.013058000332192876,0.9224607885803985,0.035743340448564614,0.023377347202147538,0.00536052343669657
374,0.008650455294295607,0.9168371084830691,0.06231588705621386,0.007736045677313474,0.004460503489107775
375,0.026066902985253368,0.93913906237692,0.00797119696671981,0.018590512785508953,0.00823232488559823
376,0.032952312393240805,0.8777123166720016,0.0692189852120525,0.010233885441111774,0.009882500281593463
377,0.44193547642196546,0.38315201585427133,0.005727538918501214,0.01565125539342099,0.15353371341184102
378,0.21908811443394446,0.7259382464275533,0.021218631743770176,0.0044724714080594105,0.029282535986672555
379,0.2006630360492294,0.7031105016458918,0.024608192852318758,0.013238081659319448,0.058380187793240404
380,0.1321445236169401,0.7934176953026886,0.023961141252794246,0.01344242913280524,0.03703421069477167
