epoch,N1,N2,N3,R,W
0,0.10484885321898692,0.022226973532339798,0.0003683049530710519,0.024706487854826865,0.8478493804407753
1,0.10774934142266034,0.007411262944081602,0.00014033568251786306,0.046519684745115336,0.838179375205625
2,0.2629778192984196,0.027782652377820464,0.0002723104268507593,0.03519343882594711,0.673773779070962
3,0.12255640978857492,0.01503597230249578,4.238776087533326e-05,0.029988604686210656,0.8323766254618432
4,0.10233169452925935,0.027013733483797767,7.112505333249256e-05,0.003841338614615323,0.866742108318995
5,0.3847406165843123,0.07602071024666486,0.00010241454861721845,0.04869571111135203,0.4904405475090537
6,0.2550006368243154,0.1140530374327128,0.0005430428409733307,0.009313176594310418,0.621090106307688
7,0.29481222412934827,0.36600652985442805,0.0007873242400435835,0.013172688307800504,0.32522123346837967
8,0.006335941825441817,0.011690295565375486,0.009348131774823253,0.000690312185953536,0.9719353186484059
9,0.008825246379155148,0.008824666326561622,0.003234482270252967,0.00044534264087543046,0.9786702623831549
10,0.1990079164018934,0.12325973601154012,0.0019362565104707797,0.0018592470172771368,0.6739368440588185
11,0.06374670237474547,0.3952334175809553,0.02050705525900591,0.0010756214892972858,0.5194372032959961
12,0.017354817850951228,0.34241235779141155,0.12268185624359729,0.0005265515288413908,0.5170244165851986
13,0.019481379473608652,0.8633946727886558,0.0774535021087614,0.00015132081108160038,0.03951912481789263
14,0.013531965731173245,0.8740740588160653,0.06667335893343215,0.00011027669096985434,0.04561033982835943
15,0.004882286092786259,0.8428497484275413,0.13816415014210282,0.0001013044442496871,0.014002510893319914
16,0.006746524875578157,0.8687879551932635,0.1082635048836523,0.00010485391254648948,0.016097161134959417
17,0.0018390604168720655,0.642618179397866,0.34674522449364903,6.696202334931731e-05,0.008730573668263618
18,0.0010443753673768153,0.3694237176028748,0.6199889055032992,6.827520536792977e-05,0.009474726321081229
19,0.0017575038983362432,0.5565314984283706,0.4219496175454824,9.268498768061893e-05,0.019668695140130126
20,0.0016858971164431364,0.5149421414077991,0.4742452204062516,8.655811314374235e-05,0.009040182956362466
21,0.004276749660831228,0.613761130718212,0.3741223989696667,0.00011200058811615635,0.007727720063173914
22,0.0029228512037075727,0.45681692739581037,0.5318692200568444,5.2561342283468435e-05,0.008338440001354142
23,0.0018589526393098105,0.42780353451122066,0.5581404372883543,5.220961693276752e-05,0.012144865944182548
24,0.0014404851616991556,0.29902248989169383,0.6916166180621884,4.069587867697216e-05,0.007879711005741558
25,0.0014220871620449903,0.2563604586108761,0.7311710773492015,4.805121727887295e-05,0.01099832566059866
26,0.0010205500783058094,0.24378173716777013,0.748114817954789,2.4926866721759224e-05,0.007057967932413262
27,0.0019148840648771093,0.22341979736750567,0.7638095113575684,3.6910596807267e-05,0.01081889661324155
28,0.0014886539712496113,0.3314840257134784,0.6499563215048216,2.9705795317596087e-05,0.017041293015132797
29,0.005946876477524545,0.2983927421759796,0.5865137566527111,7.614968755453465e-05,0.10907047500623021
30,0.18691762967119818,0.2578540010567698,0.4446135797008833,0.00023791703676874298,0.11037687253438
31,0.001813882439829478,0.15440346384108805,0.828732405248848,2.3672281789382836e-05,0.015026576188445183
32,0.0029635536847803638,0.2918683627572121,0.6816390635208192,3.806948235009855e-05,0.023490950554838196
33,0.001286022137219679,0.12634957703914776,0.8643891542825668,1.5563409894697425e-05,0.007959683131171003
34,0.0017903255406808906,0.4131214893588316,0.5772629504533017,3.3810843045930744e-05,0.007791423804139872
35,0.0006042081982568776,0.17000722181314906,0.8220671829455128,1.3256579292459139e-05,0.007308130463788887
36,0.0006568416878257941,0.18081481558708368,0.8154558117701025,1.2628352691842022e-05,0.0030599026022960743
37,0.0004639721985756815,0.1113769973554099,0.8834073047579966,1.0824790576015096e-05,0.004740900897441634
38,0.01876208970661556,0.08931822111075087,0.7627633782819836,9.825522588992231e-05,0.12905805567476006
39,0.008677973343494964,0.256547122247505,0.7032261435556693,8.942447624700797e-05,0.03145933637708379
40,0.0032042525535949155,0.2094118248442683,0.772963317164338,2.6055716819281433e-05,0.014394549720979448
41,0.0007659074770907049,0.06691337139482004,0.9269139863344151,1.2988238805970234e-05,0.005393746554868227
42,0.0015686105567591386,0.15783574063999742,0.8002873313149095,3.39439396367548e-05,0.040274373548697374
43,0.0035866016767326157,0.20159340725772593,0.7780245091131641,4.516681561666809e-05,0.016750315136760605
44,0.0015259235793358239,0.2456136818663185,0.7468995339111107,1.9945226010175245e-05,0.005940915417224825
45,0.0008231795623950419,0.22728740390353408,0.7669653056268029,1.626371754525184e-05,0.0049078471897227504
46,0.0006877645349374591,0.15096486092034755,0.8437295073794661,2.912664169472874e-05,0.0045887405235543735
47,0.0007142411661221875,0.21331623201611777,0.7811632713836523,2.302045881832263e-05,0.004783234975289416
48,0.0008404713324219619,0.1605855621768145,0.832221710668954,2.2790233946349303e-05,0.006329465587863241
49,0.0017142880713303733,0.12599402849927233,0.8633680978555075,2.966911615811019e-05,0.008893916457731695
50,0.0007972314191805526,0.2366621009578202,0.7568276681594033,2.0167252468148443e-05,0.0056928322111278835
51,0.0006757886134605563,0.13681087753081086,0.8545512779943353,1.1709135959727171e-05,0.007950346725433589
52,0.0039048165893377012,0.585776478484074,0.37934856363948766,9.3864810607881e-05,0.03087627647649288
53,0.002449808680513214,0.13004147851923764,0.8022434805133554,2.809596385011718e-05,0.06523713632304363
54,0.17002484293948214,0.13926341218394425,0.4682921265017712,0.00023725344618460558,0.22218236492861776
55,0.0029469856093931866,0.2751456757707379,0.7018152693583175,5.496722834107009e-05,0.02003710203321026
56,0.0015377625712113738,0.09791170482715938,0.888066540894163,2.5409664678998605e-05,0.012458582042787172
57,0.005026907523674297,0.3248609697049271,0.6430654364840624,3.765426503197867e-05,0.02700903202230422
58,0.0006177563694903631,0.1412777664402101,0.8533819123252521,1.1424475831420397e-05,0.00471114038921611
59,0.00042189449283894904,0.15235477599014435,0.8443495190148663,9.722561160466757e-06,0.002864087940989747
60,0.000667697743874202,0.2307434922664793,0.7656725907517817,1.0851299154836047e-05,0.002905367938709713
61,0.00042309681897388207,0.16126659775324348,0.8365000991335266,6.765405852900509e-06,0.0018034408884032807
62,0.00035878649367645366,0.08389656969159874,0.9121042734722783,1.580208139276238e-05,0.003624568261053879
63,0.0011371638191120944,0.1189561741919946,0.8719615925539492,2.4379634331202502e-05,0.007920689800612758
64,0.0004787795859218879,0.09664766547512899,0.9002800494350196,1.0005802914317432e-05,0.0025834997010150936
65,0.0007475832665448339,0.17312701818056403,0.8222259716261416,3.111953934282174e-05,0.003868307387406679
66,0.19089581119436608,0.21255436641564093,0.49311989843442,0.0003674435125547769,0.10306248044301816
67,0.003327734595712077,0.4464786850493069,0.5422960019137659,9.028243120004781e-05,0.007807296010015071
68,0.002621175063542719,0.3123965813780754,0.6749071434186882,4.69458779791443e-05,0.010028154261714613
69,0.0013107592248355969,0.13271136764131972,0.8592581887476327,3.59662703505786e-05,0.006683718115861388
70,0.0008468963654723235,0.4175005727208941,0.5768171961845612,2.1444958265349358e-05,0.004813889770807073
71,0.00038856310506687146,0.11678337299416199,0.8798969113448464,2.041123940995015e-05,0.002910741316514689
72,0.0010013255432057067,0.29908429786749113,0.6954055017079256,2.6845425754816762e-05,0.004482029455622643
73,0.0013689441205796335,0.43159114055453346,0.5601255263563281,5.000706042824443e-05,0.006864381908130485
74,0.0010983739787283307,0.3069925649273888,0.6866309983376812,3.968456446554678e-05,0.005238378191736188
75,0.0010617727887536376,0.37563195081505785,0.6180007295319584,3.162822152397041e-05,0.005273918642706156
76,0.0015972027099127558,0.6640881233726944,0.32934532221935375,6.949049827040612e-05,0.004899861199768487
77,0.0009848498596654867,0.15376533822768107,0.8413732965897008,3.473420990303079e-05,0.0038417811130496277
78,0.0008976643818070791,0.15834028586319993,0.8378438176152708,5.4198960565187286e-05,0.002864033179157011
79,0.0015454917457796433,0.31691137863033375,0.6777212161025724,9.988765951129601e-05,0.0037220258618030013
80,0.0005760336451950133,0.2384611879653687,0.7575826888922184,4.234927355092135e-05,0.003337740223667123
81,0.00042362614778759594,0.118431449052567,0.8787716444076343,2.933454427089245e-05,0.0023439458477402977
82,0.03158509348312752,0.29247311129990555,0.6536821277862178,0.00030785686043181674,0.02195181057031739
83,0.001051979679107405,0.2551901722774186,0.7392638413106758,5.368274775838091e-05,0.004440323985040014
84,0.0014223234339282773,0.21971992612745603,0.7756297424140394,6.939904923765851e-05,0.003158608975338556
85,0.002389378194595257,0.5827822712090683,0.41081345087290666,0.00011854640484454986,0.003896353318585092
86,0.000979654998310505,0.5756312726115215,0.41794414244424205,4.183337221319259e-05,0.005403096573712785
87,0.000680284868609273,0.2212984496045059,0.7745381849545073,3.802737227945122e-05,0.0034450532000980983
88,0.0006603908233975551,0.1913262471898749,0.8057090974724533,5.054502792225177e-05,0.0022537194863518203
89,0.0008736341485832478,0.43775261318439485,0.5571180892426665,4.925998354583371e-05,0.0042064034408096996
90,0.0006343249802157399,0.2556924433066087,0.7407249977761646,5.328131255168814e-05,0.0028949526244592587
91,0.0008979257163160433,0.2263570242955253,0.7688344814658865,9.684850391483562e-05,0.003813720018357225
92,0.001419191011461592,0.5378562344875784,0.45607066011757524,0.0001982680928401793,0.004455646290544535
93,0.0022117907223532457,0.2239419344891203,0.7666297473369033,0.0008526963141305207,0.006363831137492627
94,0.0019697771605984207,0.2131719029519678,0.7808017022630934,0.0003167357280384933,0.003739881896301812
95,0.00616768846254505,0.2395679662231193,0.7254116275784205,0.004176886895667303,0.024675830840248027
96,0.2014042502189994,0.37563113196334247,0.014704795110680697,0.04040406855015291,0.36785575415682453
97,0.26521771227245633,0.5299751922648736,0.031638448291948625,0.12399325336547999,0.049175393805241586
98,0.5013270019915304,0.06860599728851977,0.00044505950317945604,0.2104921375639719,0.2191298036527985
99,0.47670598983352286,0.14582414548917091,0.003494736147621199,0.20761830409368923,0.16635682443599592
100,0.3079568167229339,0.13584406687051495,0.0005423776542931208,0.48437369292861626,0.07128304582364173
101,0.3389859587115815,0.05834778686162899,0.00031869303251579105,0.3951333330309794,0.20721422836329415
102,0.33511374882646655,0.08481075929405017,0.0002618600697300013,0.477505880573868,0.10230775123588526
103,0.27431808269247965,0.05112563437155132,0.0002795822885173331,0.5697657286325163,0.10451097201493545
104,0.18256219648647187,0.08841746375267415,0.00033971568472909356,0.7010658717057943,0.027614752370330602
105,0.23343152480359533,0.0564784111530676,0.0002484552306722476,0.6360986810822851,0.07374292773037974
106,0.2483511289760181,0.41441874858331534,0.011396282757574462,0.1809683673812854,0.14486547230180677
107,0.1901312138181598,0.0444886256151194,0.00021197134533232847,0.27340965197237305,0.49175853724901525
108,0.32228385857782826,0.06979958310687695,0.00016467900767879324,0.3688661004062919,0.23888577890132404
109,0.16499026364826003,0.08395064898933773,0.005425883876146887,0.036437773202757186,0.7091954302834982
110,0.22223981969834644,0.17635578156795778,0.0037887586567872927,0.06247539792594017,0.5351402421509683
111,0.2920975674786524,0.09121243442129785,0.00031053782481188193,0.18237189314855748,0.4340075671266805
112,0.220925873314017,0.1621299857869633,0.0012671651854552532,0.11960140288557539,0.4960755728279891
113,0.457969768820377,0.08998132023622235,0.0005320387876593599,0.19392630519191845,0.2575905669638228
114,0.2986911467605975,0.25541452537415194,0.01581237946111253,0.03806313394232403,0.39201881446181397
115,0.33561445818852736,0.12078428037782098,0.00198190473156693,0.07420997966596495,0.46740937703611973
116,0.25427284972756375,0.20881230450938562,0.014904037841329168,0.02063810411459509,0.5013727038071264
117,0.2011134722732437,0.11551090779949005,0.0013635803531266266,0.02430641375107132,0.6577056258230684
118,0.17359200692697493,0.23266366729345925,0.02994251590940121,0.01104395287018757,0.552757856999977
119,0.25225971403909736,0.27988335103383616,0.010138045686677262,0.023683328594244345,0.4340355606461449
120,0.08543788738118771,0.14195647081817372,0.008922135216404878,0.007206601172783008,0.7564769054114507
121,0.024423169113237362,0.012427311399660348,0.0010157963709172743,0.001823740054292637,0.9603099830618925
122,0.08136124335793979,0.008629033332796915,0.00043549712935519634,0.0016840220286091763,0.907890204151299
123,0.05687957229563225,0.006628987771885041,0.000569387768752397,0.0010899546514898577,0.9348320975122404
124,0.04558005988947258,0.0031565330876077357,0.000210894225710794,0.0013041739968142176,0.9497483388003948
125,0.0038287895862107605,0.001346063802215122,0.00020824769946173967,0.00028616984664314303,0.9943307290654693
126,0.037228798752428606,0.006580043115560399,2.1211309734169327e-05,0.0035357267067541815,0.9526342201155226
127,0.07721426702434836,0.006851979316155068,0.000288045432175842,0.0035687930973336774,0.912076915129987
128,0.01894166538277055,0.0022884615056160684,2.9232585917409616e-05,0.0020196154960980595,0.976721025029598
129,0.12192987119430333,0.01898560439427107,6.902776134232865e-05,0.01692169466386909,0.8420938019862142
130,0.3634837748077184,0.03337240884030421,0.00015124834070208675,0.17065682371861177,0.4323357442926637
131,0.2280563382540661,0.02231053998567827,0.00014039487811635023,0.22251762800453753,0.5269750988776017
132,0.05267579128109669,0.008898484972573594,3.778111250199761e-05,0.06702596351611075,0.8713619791177168
133,0.09367575256388042,0.007883945530055265,5.424522668980272e-05,0.1582161969910848,0.7401698596882897
134,0.07715472057794671,0.0075493827327167895,6.381786973198228e-05,0.10110570062655788,0.8141263781930466
135,0.08600446178357932,0.013955602027806843,5.832554151393068e-05,0.15246769589148657,0.7475139147556132
136,0.16398776764533207,0.006431988790042134,2.6790951727728378e-05,0.05027559687901395,0.7792778557338841
137,0.08273757170804183,0.004705875387757973,3.43592784972464e-05,0.04208336846486955,0.8704388251608334
138,0.1805807258481327,0.013218518385355779,3.8394939551813777e-05,0.09012448110708576,0.7160378797198741
139,0.10060213287353338,0.006788103568064461,1.758116161452367e-05,0.031610857919430906,0.8609813244773566
140,0.09296148867443924,0.015210592585003794,3.5346737570191524e-05,0.03969358367491933,0.8520989883280674
141,0.07908943193852404,0.004018629714310221,9.719854328620344e-06,0.014427494054478173,0.902454724438359
142,0.07604972608909699,0.0075280926655364585,1.5252617592352805e-05,0.016732597661838086,0.8996743309659361
143,0.007811332317430033,0.001801289225009623,5.4069158656078225e-05,0.002128891549841146,0.9882044177490632
144,0.029783551742656903,0.0015636975373448027,3.280725163030756e-05,0.0022456376913796735,0.9663743057769884
145,0.05085997896247053,0.0030587169919974416,6.69253223946125e-06,0.00716290578833183,0.9389117057249607
146,0.012200882749751583,0.001452174915105611,0.000341530621012445,0.0007551769674095325,0.9852502347467209
147,0.02433743687185582,0.0018559136588768952,6.754634658106867e-05,0.002908963041634937,0.9708301400810514
148,0.06928879587199555,0.02373078603106736,0.0006027163779911932,0.004701829912476109,0.9016758718064698
149,0.06904425948190947,0.010972218900155711,0.00036495153863189643,0.0042180243073143475,0.9154005457719886
150,0.03558976662993331,0.010501617639295281,0.0002857787177576457,0.004165264223627986,0.9494575727893858
151,0.01714944795904822,0.015934915061364515,0.0005226395854122559,0.0019762226537328735,0.9644167747404421
152,0.012860867131277156,0.010473183526960039,0.0002241316200370521,0.001129890864613895,0.975311926857112
153,0.019871647536807972,0.005444388806357532,5.573870606187807e-05,0.0040209822763498625,0.9706072426744227
154,0.08039039416978738,0.006047508718013692,3.916617766669402e-05,0.023951463238575138,0.8895714676959572
155,0.24555315538924227,0.006522317483772847,3.1198148650456245e-05,0.03745980589291179,0.7104335230854226
156,0.09644048802912675,0.00814991037742859,0.00013726352602390623,0.043719230394337005,0.8515531076730837
157,0.11515042307026638,0.008224752762257691,3.53833920235611e-05,0.062418591760234475,0.814170849015218
158,0.2540164975907474,0.0314509979604158,0.00020693706849281808,0.12302405376129495,0.5913015136190491
159,0.0144004971805503,0.008191702559246608,5.154945683307121e-05,0.00900009559740743,0.9683561552059626
160,0.12713676408329488,0.018278229004187657,8.326852529184419e-05,0.025745479690906115,0.8287562586963195
161,0.05806520317245535,0.00899350320560408,2.9009227043015644e-05,0.011057436627024962,0.9218548477678726
162,0.13897570252039262,0.026927884256613892,0.003456642430025247,0.004183312461477569,0.8264564583314907
163,0.10850765235920751,0.01406587166956768,0.00017129830768409607,0.009557060030194776,0.867698117633346
164,0.0662383824128404,0.016888731825922612,0.0002139504377712512,0.011946451537253966,0.9047124837862118
165,0.1376117645064836,0.04095171274834077,7.894224676148877e-05,0.040604808364377146,0.7807527721340369
166,0.17512500970285472,0.017161592206061223,5.02527205997486e-05,0.030782411317527503,0.7768807340529568
167,0.039435075477154385,0.029013046103516467,3.4459413237478e-05,0.02355573139589164,0.9079616876102001
168,0.04631744351154298,0.015617624841528547,0.00026999256961991443,0.00982663087661418,0.9279683082006944
169,0.01995498880876365,0.024675910431458656,0.0005781935781466235,0.01743671635432164,0.9373541908273095
170,0.030082727956533245,0.004246191875955025,4.587971279390701e-05,0.05761448778048512,0.9080107126742326
171,0.07398563308628016,0.011855317464738327,8.678996008728344e-05,0.15112728989467675,0.7629449695942176
172,0.026130136261896503,0.004177384863214776,6.9418123451042e-05,0.03597196184188333,0.9336510989095542
173,0.008325084390109157,0.004169691229464656,5.143670563310904e-05,0.011556165562420711,0.9758976221123723
174,0.024329038265669917,0.004650472500614427,9.39667635318261e-05,0.013073014458642531,0.9578535080115412
175,0.008465672959970742,0.006765169664472997,0.00017640735418842786,0.0027931153815589824,0.9817996346398089
176,0.0011685340081103817,0.0019414786223773792,3.9652689778618905e-08,0.00018332551537023254,0.9967066222014523
177,0.0016200498500937366,0.0022149258608483357,2.4919642113513766e-08,6.647350740280945e-05,0.996098525862013
178,0.0005848873226666408,0.002381758433429939,4.0124802134268116e-08,8.515620578873792e-05,0.9969481579133125
179,0.0009390847432568522,0.003394487138237352,3.176491825418378e-05,6.962619851896083e-05,0.9955650370017326
180,0.001102730811210223,0.0026172568034526825,3.428415881862347e-05,8.74252743791235e-05,0.9961583029521394
181,0.0016382540286228365,0.002932737953504624,3.385328385133546e-05,9.64653088479437e-05,0.9952986894251733
182,0.0015727485924737592,0.0035892664504606074,2.0636033255133063e-05,0.00011448586053191648,0.9947028630632786
183,0.0021760114623401885,0.005871999142176017,1.9679737080409273e-05,0.0002617043136701881,0.9916706053447332
184,0.020145260509913224,0.004948122296590366,0.0031479283253851003,0.00045843035567167485,0.9713002585124396
185,0.06450558109015188,0.009821508539842375,0.00017337343519897188,0.012546126246882044,0.9129534106879247
186,0.010147711760365542,0.0031698912735813097,7.963106199416524e-05,0.00179864231766598,0.984804123586393
187,0.007134627336259518,0.0025971355802664915,9.844378578700663e-06,0.0066280542527552225,0.9836303384521401
188,0.0075862707198215565,0.002019707922251011,8.670185369413546e-06,0.002619612287262192,0.987765738885296
189,0.01462326554421054,0.005443162245911476,3.2840969299181966e-05,0.003084343825883681,0.9768163874146952
190,0.02619232658169645,0.005182776760651434,2.5822245606550063e-05,0.005136611925729068,0.9634624624863166
191,0.14793943102471221,0.011108269663967794,7.878683128139375e-05,0.007401552126545978,0.8334719603534926
192,0.04577053495941063,0.006374900565610965,2.6047909802310356e-05,0.005716129754498455,0.9421123868106777
193,0.01320675259353123,0.004320412943480696,3.7128690586603786e-05,0.003253919341726629,0.9791817864306749
194,0.003688227983111856,0.0010514627762900324,0.00013457494642296614,0.0013253885702851419,0.99380034572389
195,0.00577866395322801,0.0019522910412720874,1.8122285142430447e-05,0.0014659617536194097,0.9907849609667381
196,0.039741122094467805,0.006139987761666806,1.5240792192905672e-05,0.012319540139247902,0.9417841092124245
197,0.020096687283759053,0.0036904677080574193,1.1662067421011412e-05,0.014769956328180095,0.9614312266125824
198,0.032629882834471644,0.006810661781021948,1.570481124696553e-05,0.0034810455043597422,0.9570627050688997
199,0.01803252451947183,0.0012763721686855959,6.888080004723549e-06,0.005864579084809421,0.9748196361470284
200,0.013496677535086111,0.0011169768242904033,8.073754655502374e-06,0.007480844435921804,0.9778974274500462
201,0.022038133854155033,0.0017534557700917756,1.1322234463649367e-05,0.021741188026360603,0.954455900114929
202,0.0035736118948722115,0.00419942553091807,0.00018377160779438502,0.004611847289351828,0.9874313436770635
203,0.013360105251724281,0.0016430564423221478,1.4240694219124971e-05,0.0073823840505380526,0.9776002135611964
204,0.0567472274141126,0.002388127104490829,1.3351124229735824e-05,0.01798073122991033,0.9228705631272566
205,0.05043194636890135,0.001240919127500446,8.429641095052916e-06,0.022620169627691422,0.9256985352348117
206,0.10685329037993746,0.0026278669790429075,1.5036414926670062e-05,0.06420762364952463,0.8262961825765683
207,0.18529708834169822,0.0052468695190928585,2.4442104934843666e-05,0.10573450583369036,0.7036970942005837
208,0.327125820248067,0.009866318274329553,5.0000068819217756e-05,0.4148665092939124,0.24809135211487188
209,0.17234882408255411,0.013225367262457119,2.6325927267948605e-05,0.5257579671105624,0.28864151561715823
210,0.12702917977680456,0.016766872528295722,3.2086140245742005e-05,0.6784411887160966,0.17773067283855734
211,0.11215171299198382,0.01241397234893418,2.533419313867935e-05,0.7393423054314662,0.1360666750344772
212,0.06563222308124354,0.011661265249607354,3.132027941033142e-05,0.8941682070612548,0.028506984328483823
213,0.10863528623604704,0.014509375073548497,3.3141895884066686e-05,0.7434298575167019,0.13339233927781838
214,0.1221300935148617,0.01173802434412687,1.9319580161407386e-05,0.4472466749094495,0.4188658876514005
215,0.20581042950018164,0.012427017046354138,1.9082273774216406e-05,0.5289955443012536,0.25274792687843645
216,0.1239784072565334,0.01059415507171667,7.945173239359805e-05,0.243569725548383,0.6217782603909734
217,0.19056661917864257,0.009319922758234837,7.154258720668833e-05,0.12990386969368573,0.6701380457822301
218,0.02119680486945835,0.010333593798630782,0.0008617559116468695,0.0030163865331524786,0.9645914588871116
219,0.04547100312411217,0.007608641319959199,0.0003065478316623692,0.0026837200275822725,0.943930087696684
220,0.13294669441909057,0.01689128816228754,0.00019370732171332874,0.01007878271331192,0.8398895273835967
221,0.00516828117350228,0.02080753129936425,0.0021580682421876002,0.001585262715864163,0.9702808565690816
222,0.016180070222279228,0.0044776988945615746,3.1128936535239555e-05,0.002145154073061998,0.977165947873562
223,0.0059038832451355164,0.0028392331021733826,0.00030961254377715017,0.0011132888905208361,0.9898339822183931
224,0.06882871323204084,0.009034293439985483,5.421363959464348e-05,0.008303560867497407,0.9137792188208816
225,0.009313533268663382,0.002439113810309999,0.00019939063475775593,0.00033641798383705375,0.9877115443024319
226,0.1461944759276282,0.011154291467243506,4.800622314114182e-05,0.0026840130687329797,0.8399192133132541
227,0.020574556530971514,0.014173893674562999,0.0010840812616700498,0.0008386085397261576,0.9633288599930694
228,0.04502599596304671,0.020906493166637872,0.00048797206120769764,0.0030560828080848953,0.9305234560010228
229,0.06549560865104609,0.02947007715952467,0.00015517376609576046,0.01079679807339537,0.8940823423499381
230,0.0256236782001784,0.01724639613619245,0.0007699417471481153,0.004906805853603449,0.9514531780628775
231,0.0326948950799402,0.011121074538991178,0.00019239929425790366,0.00595355363680355,0.9500380774500072
232,0.04228995348484335,0.027349539682362936,0.00013012210419215971,0.006416324286628503,0.923814060441973
233,0.13492238783397054,0.06153609239981375,0.0004423791115911504,0.008681896085806566,0.794417244568818
234,0.09207761433232921,0.0222249459658776,0.00018201297879760474,0.007187553068706776,0.8783278736542888
235,0.048639115924668734,0.0213209347361512,0.00448130160003804,0.0032100246571027404,0.9223486230820392
236,0.10346007862941325,0.050696842193260094,0.0009038993074116732,0.024635266098576816,0.8203039137713382
237,0.04128088216855386,0.022023047958681437,0.001032539052500279,0.01017711656150243,0.9254864142587621
238,0.1719754950605718,0.11056644515674699,0.0024849743053820643,0.18297143758601503,0.5320016478912841
239,0.3907637354235386,0.13521650320992454,0.0004883843100966025,0.2983485323103973,0.17518284474604284
240,0.27749342486680123,0.09887220048214948,0.0019151064514033199,0.2729384398173136,0.3487808283823323
241,0.2302949906380924,0.09763273620983502,0.0006288134963630536,0.2306793000970613,0.4407641595586482
242,0.13879908327815407,0.31562512305261853,0.0048161485266655455,0.11713551582068293,0.4236241293218789
243,0.053436984366257975,0.05564599218733839,0.001249736822162758,0.01408880725641055,0.8755784793678303
244,0.06634712329517876,0.053601683690583365,0.00047268357765597877,0.009344788563392886,0.8702337208731891
245,0.03526711742397237,0.0333917356473003,0.0002343183895741741,0.006707102571995542,0.9243997259671577
246,0.06177320245391005,0.0344845583467084,0.0023674358490421428,0.0032790023644017215,0.8980958009859377
247,0.03782678574861604,0.033823055575176425,0.0005136887876351963,0.010706974820051526,0.9171294950685207
248,0.010719805879572454,0.006712104935783177,0.0019387220791920875,0.0009968802445475624,0.9796324868609048
249,0.013948936639441425,0.01325243029249039,0.00010548244351587991,0.017057037407109385,0.9556361132174428
250,0.09213021978200049,0.023896645025762504,0.0001718990162961491,0.044509299934608004,0.8392919362413329
251,0.014747326261013159,0.007409335127849268,6.682056559051043e-05,0.00517629895284817,0.9726002190926988
252,0.06741079764094016,0.06324226148435316,0.00048475728250871965,0.015026255447482467,0.8538359281447155
253,0.019607385523463017,0.016286468206573163,0.0008628137123844574,0.004114077775863189,0.9591292547817162
254,0.026978172101400827,0.006124797622919176,0.0005178399202973928,0.004005948471618484,0.962373241883764
255,0.025703018525568933,0.015484532356063428,0.0006283880609868535,0.002934813127219158,0.9552492479301616
256,0.03421651013851331,0.008892856235237867,0.0002214121710778923,0.0029784546867841918,0.9536907667683867
257,0.0828500283382958,0.04031116848106072,0.00018604734892575277,0.012732357611478173,0.8639203982202396
258,0.013802450576977446,0.007398165667475201,0.00022843721967076282,0.0013917521451710317,0.9771791943907057
259,0.03322740872603076,0.02597370991135259,0.0009306105497739135,0.005438853327546532,0.9344294174852962
260,0.026331893904455516,0.017938180263186478,0.00028375752829759,0.002562078945927531,0.9528840893581328
261,0.022559947669346048,0.008951119020408339,0.00025325615716086065,0.002524104326907769,0.9657115728261769
262,0.03275495505353542,0.013559337498368238,0.0014255518941283364,0.003862703400016226,0.9483974521539519
263,0.010157257399709484,0.015419161526343216,0.0040596012285854756,0.0027367495884406587,0.9676272302569211
264,0.015494873928510615,0.010307447723839142,0.00015126634258854108,0.00270271315281253,0.9713436988522491
265,0.012357138115029248,0.014057948982602573,0.0005964983443258795,0.0023821523093147446,0.9706062622487275
266,0.010148570922072572,0.009256913295176982,0.0006910326133444815,0.0018015914099525046,0.9781018917594534
267,0.011205365090869805,0.022060127455234002,0.0073884287746719315,0.0012552536004608419,0.9580908250787633
268,0.008612370282809098,0.015518769055332724,0.004262277996557872,0.001184209572376296,0.9704223730929241
269,0.0038479913945307785,0.008600818972504896,0.0009493727533138272,0.00026482999809764355,0.9863369868815528
270,0.013060251092723626,0.013580154047390876,0.0034619308633611896,0.0015415912399197387,0.9683560727566046
271,0.007126987641407675,0.013684108822656872,0.0002307183096057836,0.0006457998323203422,0.9783123853940093
272,0.00796310519806473,0.004930139283169204,0.0001919138505171184,0.0010880093968229157,0.9858268322714261
273,0.017248098063831305,0.10249623248875862,0.002667373748517321,0.0037215360259868656,0.8738667596729058
274,0.0020663232343113304,0.00298784601926395,4.3971426643006805e-08,0.00021869113708486166,0.9947270956379132
275,0.0009197014272303001,0.001380580044196676,4.092194569077796e-08,0.00014366048728205408,0.9975560171193454
276,0.002237881501370045,0.002471555973075885,6.663642863913807e-08,0.00012983106004046092,0.995160664829085
277,0.003562241093728453,0.0039031372460801394,3.260729795003303e-05,0.00026364188515281455,0.9922383724770885
278,0.0035577183322976712,0.004158748287349249,2.2366227492359696e-05,0.0002130624548130619,0.9920481046980477
279,0.005231800820901245,0.00431451774267067,0.0001329776506719109,0.000287160390326229,0.9900335433954299
280,0.123491657152785,0.01898685505334573,0.000844463311353118,0.01664342344859093,0.8400336010339253
281,0.11402942206881811,0.0022722839871822244,1.2985547253259795e-05,0.0075909806048249,0.8760943277919215
282,0.004570350636295403,0.00042275580412618884,5.016461211475593e-06,0.004369685191526056,0.9906321919068409
283,0.01108547579366751,0.001371703150952599,2.9913146842670825e-05,0.017706998039347645,0.9698059098691897
284,0.012458427491018708,0.0013888816242143506,4.000797053408277e-05,0.02338820146438749,0.9627244814498455
285,0.033487842277182815,0.0020289390251935525,5.210205290546133e-05,0.042474352827871736,0.9219567638168464
286,0.032988174781034864,0.0028077897122093013,2.4188798160766866e-05,0.050436764211731856,0.9137430824968633
287,0.421238684185095,0.01595713644512866,6.811234183101014e-05,0.11809102819302585,0.4446450388349194
288,0.30567210348983614,0.01709236128596589,6.605089124227163e-05,0.1519790226809544,0.5251904616520012
289,0.3350043044487229,0.05630776198194759,0.00030705397639968534,0.32418533844702035,0.2841955411459095
290,0.4430555079666328,0.11356380541175862,0.00016443314277044763,0.3097355993866613,0.1334806540921769
291,0.2817458821987435,0.29564676974278054,0.0002446191720929019,0.39450687039603777,0.027855858490345296
292,0.27485148979113666,0.18953546365602597,0.00028158005319133466,0.4876790237712527,0.04765244272839322
293,0.21070337695183433,0.14895956318653747,0.000347359732100827,0.6043645487140068,0.035625151415520626
294,0.1304692608553019,0.30660465886731697,0.0015687056094570294,0.42007440952481107,0.14128296514311306
295,0.22358383184822675,0.15198501252536134,0.0002911469835991826,0.5572304616019913,0.06690954704082143
296,0.12470371885870463,0.06694765751642828,0.0006175415373754758,0.12845453756301256,0.6792765445244789
297,0.2290921942740931,0.07624748379507537,8.181085561659625e-05,0.36381214470604356,0.3307663663691713
298,0.04012313320124304,0.05150677577207668,0.0037753678528123294,0.01843666286202194,0.8861580603118461
299,0.27007692061393435,0.05206948180323924,8.923702873854202e-05,0.06564881044422989,0.612115550109858
300,0.34134189215940697,0.06820427999419289,0.0003168045790896401,0.1369889031023676,0.4531481201649429
301,0.0645021821713313,0.06201312747322389,0.0009655043473452269,0.011104983110440333,0.8614142028976594
302,0.07365894505865951,0.02246656305285158,0.00028844135147109074,0.026189828506129637,0.8773962220308881
303,0.5021730729248839,0.06979674603177789,0.00012130021512077008,0.11555612035677522,0.3123527604714422
304,0.5297361297284255,0.1610303250022836,0.00019164107095900957,0.13313484710550683,0.17590705709282506
305,0.22798219729407512,0.4833894380353929,0.0015491330170478406,0.2189722771013904,0.06810695455209384
306,0.12513607877671892,0.05353985881161213,8.543245750155391e-05,0.12689249349664172,0.6943461364575259
307,0.19799564848519108,0.03841991386888624,0.00018194177211524725,0.11656185539050161,0.6468406404833058
308,0.11248559668231312,0.061295003787732935,0.0004572198201689448,0.013641639487965465,0.8121205402218195
309,0.08519587564314494,0.02799098104179499,0.00023193687006825607,0.008443019543849769,0.878138186901142
310,0.022851605150635113,0.014203749749814521,3.5970890538459764e-05,0.009710159030840618,0.9531985151781713
311,0.016767153318599827,0.026150614587806646,0.016945709204048722,0.005540505629310523,0.9345960172602343
312,0.014983086947954964,0.0101853276900616,0.0001385885680706783,0.0025113455109938196,0.9721816512829189
313,0.008615548524648171,0.019244044493745064,0.00021226137305569023,0.0034106683184555414,0.9685174772900955
314,0.02495257378281069,0.012227004520780087,5.6284203660849346e-05,0.006470779325415973,0.9562933581673324
315,0.02091983560676228,0.012625753117293175,0.0003179545153118085,0.004169642587431994,0.9619668141732007
316,0.029384226233957676,0.04290539082579061,0.0013261711351040969,0.009540557570384803,0.9168436542347628
317,0.01207542387981041,0.007972256594986946,0.00011066748939660632,0.004875675952490746,0.9749659760833153
318,0.028500322865266114,0.015845130078775586,0.00042137216298930417,0.00613312117254293,0.9491000537204259
319,0.07959029389224234,0.03125802391828423,0.00031940527058318393,0.012120171194784653,0.8767121057241056
320,0.3318054335554542,0.04296660304269335,0.0001775934377897925,0.055542068856697414,0.5695083011073653
321,0.13199180013564613,0.054687900454534845,0.00038643421366345055,0.03413797542967662,0.7787958897664788
322,0.14678467642506574,0.050509666166278805,0.00028170236564679485,0.060275515817751035,0.7421484392252576
323,0.2532727755039652,0.09332657335717134,0.00029463969696315713,0.08281728539225278,0.5702887260496475
324,0.03957810222755224,0.037422112283506816,0.000494153179037346,0.02268160316293604,0.8998240291469677
325,0.031162242386529884,0.03520505817903743,0.0016495397270379615,0.011955092563357122,0.9200280671440377
326,0.20251567614495014,0.10812893179026883,0.0010131999764518946,0.04656789139047517,0.6417743006978539
327,0.035517919447597635,0.0603767795875118,0.0013437803910461299,0.009837453816876505,0.892924066756968
328,0.11173389439302792,0.04536551308454913,0.000680046452396984,0.02310148525417928,0.8191190608158466
329,0.01225847662448662,0.011424119625752991,0.00010149468485916691,0.004512926518709516,0.9717029825461916
330,0.00894329140258397,0.007641064643526674,0.0001238277053658068,0.0037008892753426044,0.9795909269731811
331,0.09139683963809737,0.062255359869318086,0.0054301368465374915,0.014206099821532847,0.8267115638245143
332,0.06083792933589883,0.020244046472351448,0.0001806853060398984,0.014874601857820274,0.9038627370278896
333,0.0037577811162108747,0.006256555456331231,0.0007154326530509498,0.003643785602252945,0.9856264451721539
334,0.010768329493393135,0.007685173562795584,0.00032954942985859284,0.002345658770560739,0.9788712887433919
335,0.010279356954148361,0.0063810032136125076,0.0005053854663937436,0.0027651784366923378,0.9800690759291532
336,0.012547164851118274,0.006590295058737125,0.00020295309847478867,0.002985227314130419,0.9776743596775394
337,0.009640553986457563,0.016580467908807364,0.00215576292496906,0.0039049848695566895,0.9677182303102093
338,0.03297543101658529,0.019386508623562487,0.0016874812298938366,0.003745075220111672,0.9422055039098467
339,0.006078444857417643,0.0151800816087384,0.0021445781013589983,0.0018861131029738478,0.9747107823295111
340,0.018891102731012254,0.02408957948791917,0.0023235090151796332,0.004707148023395495,0.9499886607424934
341,0.006448352384943236,0.017279946708002827,0.003250988764967463,0.0013928583062103985,0.9716278538358761
342,0.005030386466482967,0.01874198128521366,0.004314148681923041,0.0009907407491941272,0.9709227428171863
343,0.005506420016088419,0.018488994717911524,0.008007245948980368,0.0008277721930877158,0.9671695671239319
344,0.003149843723666593,0.003495746997594667,0.003632243188880041,0.000270157588892374,0.9894520085009664
345,0.00624884675897211,0.008613266254436501,0.0021219660607400092,0.0006792050547527828,0.9823367158710986
346,0.00962850436922733,0.007243698089012116,0.001861661877688165,0.001626664795837046,0.9796394708682354
347,0.0038513240699212686,0.008193801248473196,0.0018744731433564773,0.0010934826330405516,0.9849869189052085
348,0.007187060471000724,0.0109799132388373,0.00023533519917955619,0.005002906244640196,0.9765947848463423
349,0.02710084588497468,0.02863957001043431,0.00011058463837194375,0.007174733024384931,0.9369742664418342
350,0.10224737001513667,0.02576643208753188,0.00028274607429677745,0.03273120988273326,0.8389722419403014
351,0.42888848010743363,0.0443481655559006,0.0003508353351254682,0.11869580141315557,0.4077167175883847
352,0.11675669855066374,0.040062833347756566,0.0002574175160176532,0.06368791064933918,0.7792351399362227
353,0.3902355027837584,0.12296659374385642,0.00019225719465729843,0.17724711547374944,0.30935853080397846
354,0.0816307134940451,0.021802533563325562,9.919818140282203e-05,0.11500809579797494,0.7814594589632514
355,0.3712429800758434,0.049003727909523696,0.00012151572093168159,0.21883338368765193,0.3607983926060494
356,0.22569354072865372,0.05552227625079863,0.00022913171023806626,0.4947250729778718,0.2238299783324377
357,0.3583017685089779,0.09035416583111962,0.0012587344915507153,0.32368287731586154,0.22640245385249028
358,0.10809021396844731,0.04174565377758535,0.002574670315431328,0.0790927802126884,0.7684966817258477
359,0.04804688388288714,0.02785124366435108,0.0007531964674075305,0.024096636617246557,0.8992520393681076
360,0.13329823729138948,0.03303876252648964,0.0038602853277182555,0.05073872730885274,0.7790639875455497
361,0.39320504392382233,0.05366673878826611,0.0004454594160978119,0.11123845246374035,0.4414443054080732
362,0.4584235157312312,0.08735031818657449,0.00048372126650629544,0.39061346316564244,0.06312898165004543
363,0.4197727507293648,0.06209112442409932,0.0009737574997496029,0.3751037287953563,0.14205863855142986
364,0.14899803743195592,0.06185732455944893,0.0043073579763567345,0.5417177760189841,0.24311950401325436
365,0.01316143728429468,0.00569860700912817,0.00042586874339141297,0.04711812288182795,0.9335959640813578
366,0.04372095876289448,0.010026056863850689,7.672787749124035e-05,0.1225229093510862,0.8236533471446774
367,0.16571932294573719,0.01767442753051221,0.00013131976232403533,0.21409280899268707,0.6023821207687395
368,0.12698046003981278,0.036791846449249634,0.00017390204923319614,0.13284910125998747,0.7032046902017169
369,0.08397008003815552,0.08846455338044695,0.00295642920859416,0.08136760320024693,0.7432413341725564
370,0.15298832187630754,0.09316188230593168,0.0012265578537813428,0.19772718187506452,0.5548960560889149
371,0.2690874271983112,0.14567335993681862,0.0010238510968416617,0.14917477516882863,0.43504058659919986
372,0.31415070109480214,0.18143446644573966,0.0010604004258357742,0.13956969418861478,0.3637847378450076
373,0.08700707725121173,0.08779690682232419,0.0016869628947626376,0.027666951054524345,0.7958421019771772
374,0.016847037798725817,0.04934485025764061,0.00933568136025084,0.005140639297207769,0.9193317912861749
