epoch,N1,N2,N3,R,W
0,0.0005126690595574453,0.0004629989197062242,0.00012147788284124529,1.2182182666790153e-05,0.9988906719552282
1,0.0013646695085036404,0.0070185136391588965,4.399219249191538e-05,7.730999999831513e-05,0.9914955146598473
2,0.0004842338726103455,0.00010472327403770008,1.7914223048611972e-07,4.407341430092804e-05,0.9993667902968205
3,0.001421432502644867,3.92643068167769e-05,2.5266779947187783e-07,3.481601312578591e-05,0.9985042345096131
4,0.001352799154449787,1.848835703343095e-05,2.4737522876404165e-07,5.9205884225613905e-05,0.9985692592290623
5,0.0036964657745495433,0.00020190817989053516,2.581833869562933e-06,3.708778203140322e-05,0.996061956429659
6,0.03973831514413693,0.00025223538942390974,1.9284883146646223e-06,0.00029119205242194695,0.9597163289257026
7,0.13828028580091287,0.005322380958993386,2.0281043972137842e-05,0.0030196837458971453,0.8533573684502245
8,0.05814721030866486,0.0426206155022155,0.000894346878395864,0.0012198310783823137,0.8971179962323413
9,0.013344388285776825,0.005651494663238661,0.00013056847110049047,0.0014592882650858823,0.9794142603147982
10,0.23649261206498165,0.00884839099848892,1.2303486077835138e-05,0.018110268255659655,0.7365364251947919
11,0.20803830853606267,0.02810721026993389,0.0007641645790490444,0.0012257394797241083,0.7618645771352303
12,0.2495311150994198,0.2865517104369159,0.00710896058552863,0.004863479006253492,0.4519447348718821
13,0.09472528562859937,0.6937725642856081,0.012300902355808245,0.0036693951401080716,0.19553185258987624
14,0.020210810924812063,0.8534462120672944,0.03045810073408053,0.0014719793328169435,0.09441289694099621
15,0.03389574584605199,0.8264332023473552,0.08449462024508672,0.0023024676656222087,0.05287396389588406
16,0.029797175071988008,0.8734011949696409,0.06269587543034486,0.0015562102475238386,0.032549544280502746
17,0.02855212257826077,0.8282531876920596,0.10321847421418481,0.0006550765505209853,0.03932113896497384
18,0.01645027408466626,0.9002273041154216,0.06141856264355951,0.00035458435100397043,0.02154927480534866
19,0.013297033711794397,0.7537036072807562,0.21999448244425723,0.0001817959548321045,0.012823080608359946
20,0.013180964056885437,0.5296227911945953,0.4343347490658018,0.00029164902465553873,0.022569846658061846
21,0.009244657712429634,0.5382305250073903,0.41748173472846106,0.00028167206926089976,0.03476141048245811
22,0.01044191506567696,0.3034524504580177,0.6576319865198896,0.0004005722997341828,0.028073075656681462
23,0.009184586219758097,0.33176122104841377,0.6356972454874563,0.00036814180405015095,0.022988805440321614
24,0.0051411831592210475,0.3393482501007743,0.6218720909853643,0.00013919956060432626,0.03349927619403608
25,0.003608851750234773,0.1474683044584576,0.8360403549031988,7.199113607826433e-05,0.012810497752030477
26,0.009251761217294019,0.22178522371425116,0.7350009001202388,0.00011463846448656094,0.03384747648372939
27,0.010572169238592406,0.2399823176422004,0.7218513629498845,0.00012829283206058228,0.027465857337262135
28,0.007080203279744845,0.125471399313314,0.8490264041830162,0.00010290281484859031,0.018319090409076318
29,0.009939685261686627,0.17455628645525384,0.7900594814706977,8.038963033214448e-05,0.025364157182029595
30,0.010971769373855347,0.10840450029910494,0.865908351787102,6.610367191904826e-05,0.014649274868018742
31,0.0023365247454442705,0.049314047505144495,0.9406694681316917,1.4583266264462289e-05,0.007665376351455023
32,0.001994754272518763,0.046983003969240454,0.9461018727214426,3.466892257729017e-05,0.004885700114220858
33,0.0006856563333316577,0.022463278505600308,0.9746963035657642,5.438958408346353e-06,0.0021493226368955167
34,0.0017295567460022493,0.029817926156301664,0.9631442999946292,1.961000008626367e-05,0.0052886071029806725
35,0.00022002545502846412,0.007780606644473043,0.9908259787660386,5.646514016754479e-06,0.001167742620443064
36,0.0003717518478287187,0.018667926420710527,0.9788147205588463,4.8300867859596845e-06,0.0021407710858284373
37,0.0008720394601780915,0.015803679248194535,0.981448849024054,6.399147263338983e-06,0.0018690331203097623
38,0.00048390954663761124,0.014194671824204204,0.9828862820127681,9.297815390423293e-06,0.0024258388009995905
39,0.00017322590906564594,0.013028559222891756,0.9859902831908608,4.491723420150417e-06,0.0008034399537614543
40,0.0004587126595634484,0.01229173368966688,0.9843793571512015,1.740926406740749e-05,0.002852787235500706
41,0.0005943442283583767,0.020271797662481873,0.9767106289570447,9.294777479594744e-06,0.0024139343746352785
42,0.0005867728897992127,0.010924369599387257,0.9863593026821837,8.369275629013807e-06,0.0021211855530006755
43,0.0003134360047690384,0.012037929888218519,0.9860246030192809,9.341080958373976e-06,0.0016146900067731617
44,0.0003103042672491736,0.013152985449921497,0.9847381275440502,7.312993641135358e-06,0.0017912697451379737
45,0.00018597051095529013,0.010130188381224843,0.9874012734506679,6.153596875689718e-06,0.002276414060276328
46,0.0003498089468586417,0.016780406767481205,0.9798410124990642,9.640650357620946e-06,0.00301913113623827
47,0.00015684582817488449,0.008604072693730747,0.9889282742583285,6.557207900670853e-06,0.0023042500118653072
48,9.723669753961005e-05,0.007682596575683469,0.9892877973007052,4.244833146912033e-06,0.0029281245929248874
49,0.0002066076172751859,0.006053122565913364,0.9908059307619711,6.14378182780028e-06,0.0029281952730127086
50,0.0007641276209340444,0.01467897126344007,0.9770461456364263,1.5078909015617565e-05,0.007495676570183958
51,0.0004129501853046986,0.01037260402181739,0.984974963952067,1.8339548282363655e-05,0.00422114229252859
52,0.0007876962816990177,0.010972282039833163,0.9825661541329869,1.8688137061303152e-05,0.005655179408419609
53,0.0006078929106798701,0.02114829973823758,0.9728465684524139,2.1690127777144504e-05,0.005375548770891524
54,0.0011612231238283168,0.020783017642780455,0.9674829143226675,4.5800501926076916e-05,0.010527044408797577
55,0.001159410433649767,0.028236812476964808,0.9652733158417931,5.458945593073205e-05,0.005275871791661644
56,0.26607472714811464,0.3700849828819598,0.16150181915796316,0.000582824300391634,0.2017556465115707
57,0.03650787671224099,0.2625637628059941,0.6705091693812025,0.000274290643319137,0.030144900457243266
58,0.016775671777660713,0.26152548145426846,0.7018292318117809,0.00022861449172229174,0.019641000464567553
59,0.01101598151277394,0.2796992392778166,0.6929699892974195,0.00018820553028063892,0.016126584381709354
60,0.0037692790603959915,0.09440089097194392,0.8947767402981377,4.4959425871101846e-05,0.007008130243651274
61,0.002759411333139766,0.1401665302318485,0.8531661621099331,3.8825573500352746e-05,0.0038690707515783625
62,0.0017910275482287531,0.04586319494499415,0.9500868003351545,2.0222250146331716e-05,0.0022387549214762897
63,0.00026244736479486116,0.014766921185773286,0.9836261173336862,6.094983711112163e-06,0.0013384191320347566
64,0.00024743840066213503,0.011218874883892537,0.9874809050303198,8.86190769107334e-06,0.001043919777434313
65,0.00027853928784034093,0.021205870596049524,0.9775286265284381,1.5339844819866522e-05,0.0009716237428520579
66,0.00020172495084002908,0.014328919606044257,0.9845545556268195,1.1020564331503295e-05,0.000903779251964507
67,9.136025799904519e-05,0.0050451585538045665,0.9944030378702714,4.822621832745878e-06,0.0004556206960921836
68,0.0003566040652776136,0.011192362178512272,0.9871885316816686,8.731524862506989e-06,0.0012537705496791735
69,0.0001436866666742678,0.005493977012808764,0.9936729755549378,7.170939893442638e-06,0.0006821898256856959
70,0.00043651611997878935,0.015730836576084043,0.9823647997328081,1.204903519345105e-05,0.0014557985359355517
71,5.929393560294054e-05,0.002824985358590426,0.9967741227167214,4.45629752271555e-06,0.0003371416915625189
72,9.488379521901338e-05,0.003868470894300195,0.9955275051628387,7.3698853774124595e-06,0.0005017702622645735
73,0.0001343740016541853,0.00665274793684362,0.9924821605099294,1.3838694276938795e-05,0.0007168788572960911
74,8.633230894778139e-05,0.002419475700345255,0.9965467225662753,1.4012081850193506e-05,0.0009334573425815864
75,0.0010570829966233238,0.057364500965852536,0.9318019974876871,9.003867652552425e-05,0.009686379873311442
76,0.0006265151968016157,0.03536223976000273,0.961536912384147,4.5352835664092004e-05,0.002428979823384714
77,0.0011989117751821643,0.04752308293312368,0.9472923448970555,6.215974928157582e-05,0.0039235006453570715
78,0.0008280371270624216,0.032402546735772114,0.9648919109252038,1.8491957791807383e-05,0.0018590132541699068
79,0.00032057395688431446,0.013198268195868753,0.9852917063400773,9.29807227411339e-06,0.001180153434895438
80,0.00024755443678073016,0.017154764094282782,0.9816378139257625,6.286154110382061e-06,0.0009535813890636643
81,0.001329865810022722,0.02944622237659557,0.9669406908338287,2.397123514686645e-05,0.0022592497444063335
82,0.0012052529110654984,0.03548602139575073,0.9616490647020431,1.0425515509918738e-05,0.0016492354756305566
83,0.0005124640567767545,0.010098819459787871,0.9885356119787002,9.650081702822038e-06,0.000843454423032482
84,0.0003778443140042565,0.00921357259987829,0.9896082455816791,9.653500996669586e-06,0.0007906840034414776
85,0.0003034439469014722,0.004744517197882156,0.994102727800934,9.732627824410747e-06,0.000839578426457918
86,0.00015959390866568203,0.006236468559508745,0.9925490931535748,4.652148614127346e-06,0.0010501922296366536
87,9.148133500944134e-05,0.0023310312890416672,0.9971919034689162,1.7110646617632576e-06,0.0003838728423709231
88,0.00015815872216849166,0.006497568016483772,0.992234674611806,3.7310179716393803e-06,0.0011058676315698394
89,0.0001571306564224602,0.003405985229006555,0.9956825513043599,3.487847860540312e-06,0.0007508449623505217
90,0.0002522992535660647,0.006509413650623799,0.9918637564381844,1.2788402327424546e-05,0.0013617422552985483
91,0.0007789425836935267,0.0183054416555576,0.9783378039414183,2.541471957803438e-05,0.0025523970997524516
92,0.0006868403480780086,0.01672764438416213,0.9801022827039784,4.777824095557036e-05,0.002435454322826029
93,0.0005688944960657447,0.022453537547383627,0.9730189835927225,3.753813855441055e-05,0.003921046225273594
94,0.0028190867706987823,0.029329194897771218,0.9620105950194399,0.0001948976416463285,0.005646225670443897
95,0.002122270671012915,0.03901581862705299,0.9469914297768356,0.00042758460568921857,0.011442896319409448
96,0.07242492618095882,0.059603367679009145,0.0016262437491303115,0.001201150963163717,0.865144311427738
97,0.23607248907261216,0.19003106478848397,0.003873489006075355,0.0010706541263422779,0.5689523030064862
98,0.25566949157543156,0.6003550505979687,0.07343865186014363,0.0002785596846771006,0.07025824628177886
99,0.34107410818831074,0.5322327290946303,0.08836796807503232,8.576150549440506e-05,0.03823943313653223
100,0.027633500286791166,0.49121828457919264,0.4744597869101421,0.0005311161471360001,0.0061573120767381894
101,0.013670977445909,0.40174380244858027,0.5777367107144027,0.0012127366399416956,0.005635772751166291
102,0.003947103679732238,0.4962692550197875,0.4953959484363623,0.0005619318506399353,0.0038257610134779835
103,0.007110908376053633,0.3414175599790702,0.6484902023203171,0.00044999971908538664,0.002531329605473683
104,0.0066056341928341904,0.43480994857892663,0.5548698057031659,0.00038496192126829295,0.003329649603804933
105,0.022214207752291517,0.3885961643278209,0.5747521831678224,0.0003338752234546557,0.014103569528610378
106,0.055832849356046176,0.799011122557425,0.13545771002851928,0.0005810599367044656,0.009117258121304985
107,0.012041119782436962,0.3929027431394921,0.5913492440663034,0.0001208026235752617,0.003586090388192289
108,0.012332311696985268,0.4328839746102521,0.5522640006162328,0.00013462373919724744,0.0023850893373325776
109,0.014127577261182177,0.28870768080372355,0.6946339097712404,0.00019003380229849927,0.002340798361555451
110,0.003529420954486561,0.2719657380119892,0.7220265121365957,0.0002896681255384256,0.002188660771390001
111,0.006167692848587147,0.3463652021544742,0.6438842276218403,0.0006620381366105166,0.0029208392384878425
112,0.008659607011515608,0.5276594131399136,0.4552709786723282,0.0010074625928793632,0.007402538583363234
113,0.011604164899050666,0.4033841200456255,0.579056229972234,0.0008478944970557273,0.005107590586034122
114,0.01618433688374566,0.2545553786471168,0.7238711790100736,0.0017824324025001693,0.0036066730565638915
115,0.023959809412148817,0.39708710396817093,0.5666997015508417,0.0013328405112002437,0.010920544557638303
116,0.023078168354004197,0.558768723836409,0.4065942960874189,0.001385389326406522,0.01017342239576146
117,0.03225026177294263,0.6319171927112821,0.3284787141029638,0.0019628262799710463,0.005391005132840525
118,0.013217525715755064,0.6912435616445247,0.2900076322338052,0.0014804993403220025,0.0040507810655929025
119,0.010251089036687519,0.5038579798622066,0.48147306033698056,0.0018193955660559746,0.002598475198069278
120,0.006108076181067234,0.2718110443515738,0.7170101188731334,0.002141378332906953,0.002929382261318675
121,0.0061265325164693175,0.2712806553969858,0.7128728969778838,0.0029215305568902716,0.006798384551770725
122,0.012697465277874385,0.30394036159258453,0.6654237805260723,0.005069497991828725,0.012868894611640029
123,0.034503839612604295,0.7781698312834876,0.08681437017333314,0.04346174031556095,0.05705021861501425
124,0.2785753549466056,0.08371879765443406,0.0019671685098483003,0.3589119874450563,0.2768266914440558
125,0.11032592753468863,0.5713138334110436,0.0012760265922043745,0.2889983113374634,0.028085901124599997
126,0.23280583135013233,0.57907702130934,0.0015232267910500284,0.08777064677883638,0.0988232737706413
127,0.3147182049177484,0.34822304593959374,0.00023769746968905952,0.3063468018291778,0.030474249843790872
128,0.10932101444209456,0.3545065172314033,0.0003268045847255922,0.48954558041418417,0.04630008332759224
129,0.09346305245450225,0.08571177210023932,0.0001013491513774418,0.8078487982426242,0.012875028051256766
130,0.11085100214287102,0.15130273271036263,0.00023283762213545227,0.7088427241763172,0.028770703348313605
131,0.09704393689950358,0.11889995513057978,0.00030643636934042596,0.7594706075410552,0.02427906405952097
132,0.15585969288416904,0.0740755684765424,0.00013066381677244297,0.7019020058828708,0.06803206893964517
133,0.0977520712171489,0.13971202721580434,0.00032561146178073486,0.596393821981477,0.16581646812378903
134,0.07500572760184829,0.08515105631032079,0.00016018857872843168,0.7320396064947874,0.107643421014315
135,0.19047101565859292,0.04093341860194211,4.401093952439649e-05,0.6996008233218762,0.06895073147806427
136,0.16246741198195097,0.06720440259905114,3.607425981923022e-05,0.629042988945954,0.1412491222132247
137,0.2458323857540948,0.04521555014325231,5.2031965105238704e-05,0.6349023150309551,0.07399771710659256
138,0.1285883101402818,0.05418672846140083,2.781554968680531e-05,0.7892943661352149,0.027902779713415853
139,0.13279495223519538,0.047906151412056716,2.6422108223606118e-05,0.7810091550950912,0.03826331914943318
140,0.2688644898901931,0.10308078217056478,0.0003036459790328702,0.5417529320307221,0.08599814992948711
141,0.13106055647393192,0.020593192099521238,5.199667982279954e-05,0.8004530336658168,0.04784122108090732
142,0.14218481854649367,0.031217818538678485,0.00010842003457494342,0.7881846979038292,0.038304244976423804
143,0.14323578163901524,0.0768725925360942,0.0006911641711680569,0.7014822208133604,0.07771824084036197
144,0.1746005255781886,0.052415801828970036,0.00012346713981940948,0.5979929918789624,0.17486721357405957
145,0.12492831173706541,0.044187388034097524,0.00032749084412397525,0.7560106658877989,0.07454614349691428
146,0.09368348593367892,0.01634375864353946,5.1307477054766027e-05,0.8430967089443122,0.04682473900141474
147,0.11811999466422342,0.027197210327275255,6.315824102935376e-05,0.827804002910322,0.026815633857150044
148,0.2035478727473746,0.021548018945336495,7.260619847597448e-05,0.7218100300118643,0.05302147209694853
149,0.07393620921620565,0.018949725332415072,6.327142905613955e-05,0.8845762466453422,0.022474547376981117
150,0.10428915591701673,0.016476268377737666,0.00010308968151744731,0.8143871614300824,0.06474432459364583
151,0.22005419826414524,0.018474754357776804,5.825252079754747e-05,0.7203367101406801,0.04107608471660034
152,0.07327158095691601,0.031140195152272378,6.634533100374113e-05,0.8692390449820967,0.026282833577711228
153,0.08308212355403839,0.028056987148352877,0.0001615739772344292,0.8576186008726248,0.031080714447749562
154,0.07259979307391165,0.04341499727969127,0.00026153492369253154,0.8511594528014543,0.03256422192125015
155,0.035698660613219815,0.07683650686691418,7.273212920242344e-05,0.8768641679451193,0.010527932445544381
156,0.03228905720598439,0.052714763291523685,3.497083710456683e-05,0.9007259188821924,0.014235289783194806
157,0.04117114831984982,0.06064792284630646,2.480757261822294e-05,0.8912131797295484,0.006942941531677187
158,0.10888602072886779,0.043373761195929436,3.71289299519203e-05,0.8221910669080662,0.025512022237184618
159,0.2071031512246292,0.039324540784145344,2.340287334948421e-05,0.6745265272446427,0.07902237787323337
160,0.3328022661546975,0.1210447733225174,6.121114922003304e-05,0.5288085978692921,0.01728315150427291
161,0.23619211589140063,0.15714011449856985,0.0005927477833110187,0.530494459967491,0.07558056185922755
162,0.24113217674049225,0.3857656286402534,0.0007375028106955873,0.33486240562939096,0.03750228617916786
163,0.13681592761780528,0.4870933292074853,0.0021199405115281396,0.3095978810364482,0.06437292162673307
164,0.080102425601524,0.7017782971927664,0.006492643493966348,0.16968140818791527,0.041945225523828
165,0.06956191298620763,0.8056091519509064,0.006969666463990996,0.09156912047320755,0.026290148125687345
166,0.05260577410727808,0.8042661018637846,0.007912584935034592,0.12080895509369372,0.014406584000209171
167,0.08503312371207422,0.7815041134927013,0.005994125123154787,0.07777317349333634,0.04969546417873332
168,0.09244738300460918,0.7682008267752758,0.0070718305624977666,0.09355058716926484,0.03872937248835234
169,0.3266951980401661,0.5272332028036886,0.022921961893570496,0.06001141930333929,0.06313821795923558
170,0.3027842353025272,0.20230952117039297,0.0017778326404801975,0.04810321721700037,0.44502519366959936
171,0.3471735923964886,0.5780993462327404,0.00250679114690976,0.04620100617918406,0.026019264044677134
172,0.3695487518435358,0.5601126012518127,0.00813834558962359,0.011653520154165306,0.05054678116086265
173,0.31695104267401486,0.5982054294959452,0.007116651824329731,0.039308771391422,0.038418104614288136
174,0.03501458187953665,0.9297987569459725,0.006851228099145702,0.021711448147246442,0.006623984928098559
175,0.021016902551719844,0.9362844654273638,0.014419494313380129,0.020174221227903934,0.008104916479632183
176,0.11920503480567368,0.7612008451415333,0.01898266512507023,0.04585483913425167,0.05475661579347117
177,0.1447545619653477,0.7449050954078312,0.013186064637121703,0.04952583459819513,0.04762844339150414
178,0.19490911114800202,0.6341779509480684,0.005355558113141094,0.019592857960180007,0.14596452183060848
179,0.14794941133406952,0.8178563117400945,0.003770454837544743,0.007821020197951032,0.022602801890340134
180,0.37431744231825825,0.5664521122236316,0.005122479582572269,0.01142533484143315,0.04268263103410473
181,0.22527965187874904,0.7176996192499454,0.007069622353129959,0.015331400036932471,0.03461970648124309
182,0.22121689300361616,0.7163167083706027,0.0039098411593406854,0.03290536692395107,0.025651190542489374
183,0.08459073441294034,0.8728500423735214,0.0047033511682878105,0.027741520602732227,0.010114351442518193
184,0.01706375686838835,0.968461752028478,0.0025020039600680347,0.007480417444163812,0.00449206969890201
185,0.06194286783634013,0.9176502134408856,0.006060893381760465,0.006995308400461618,0.007350716940552428
186,0.017404245745937318,0.9574377100968227,0.016273449707445688,0.004916360945068493,0.003968233504725801
187,0.017291059709856255,0.9665810125966526,0.009894012250439356,0.0030525402875285724,0.0031813751555230274
188,0.024609673083069047,0.955210156840015,0.011604649684073537,0.004118182916272784,0.004457337476569694
189,0.03700545087140626,0.9107951153462339,0.027106927486297245,0.018480887771830126,0.006611618524232292
190,0.013301982777328778,0.8167714696527983,0.16424402551139056,0.0035735723409510882,0.0021089497175313535
191,0.015265573185835052,0.8384779364714856,0.13305187246498973,0.007256452353372449,0.005948165524317449
192,0.020320332032476494,0.8224656627632797,0.1446760479575303,0.005507044563927514,0.007030912682786023
193,0.01988578707983866,0.7828403524604772,0.1812167523165893,0.006473397912108638,0.009583710230986158
194,0.010046329826571039,0.808535855607123,0.16803252603887056,0.004625304462538041,0.008759984064897268
195,0.10159660288704722,0.32840525565637635,0.028819882349190286,0.004235489300943153,0.536942769806443
196,0.17378390186341822,0.7834900853146332,0.005006406175410821,0.014576941622262897,0.023142665024274905
197,0.0657409922571976,0.915046732391021,0.004659758856479719,0.006760743054215572,0.0077917734410862
198,0.1003420400763615,0.8812713699728171,0.011457669771582461,0.0016876454331330444,0.00524127474610588
199,0.024780820406386128,0.932653932895165,0.03710923014401486,0.0031657937065975457,0.002290222847836483
200,0.07699756564510603,0.8814212652762271,0.017286189801468507,0.014246508614459006,0.010048470662739518
201,0.015939911488403492,0.9724211741132344,0.006145085738787576,0.003503685742662003,0.0019901429169126893
202,0.01783835897626923,0.8739436065776565,0.10130569241428058,0.0026731782692929343,0.004239163762500726
203,0.027000859831551604,0.8582821650335556,0.10592096886058446,0.0032180557629915793,0.005577950511316671
204,0.010229617236247195,0.7987788026831905,0.18386363464864627,0.0027215727003581575,0.00440637273155799
205,0.008659152635783788,0.7578470090002332,0.2220926867034453,0.006953990939554463,0.00444716072098312
206,0.031149993202730073,0.9380541507152369,0.015134092736606793,0.008611048892802313,0.007050714452624003
207,0.008031590920404645,0.9069161960223102,0.07840846282011142,0.0019459500479147708,0.004697800189258979
208,0.01914425134937231,0.8605213356598586,0.11001259378734511,0.00232091326244356,0.008000905940980541
209,0.07327261413239326,0.8818152460362038,0.025410462526656026,0.005398657724141152,0.014103019580605884
210,0.03158300027005948,0.8719498732497203,0.07490475489198835,0.0035543713696568092,0.018008000218575026
211,0.056025774696569115,0.8861934284701651,0.037829909875441124,0.0036392027693706763,0.01631168418845396
212,0.020845459228599372,0.8780442113228115,0.08706510636481994,0.003675667949699239,0.010369555134070002
213,0.02352955292675287,0.6001467060979626,0.027814451029880127,0.0008249263534684588,0.34768436359193583
214,0.08709707096701559,0.8449834717350502,0.005293486446146261,0.0059727214412091684,0.05665324941057891
215,0.019706981658514734,0.9138519591854872,0.03169078583086328,0.0018784398898263018,0.03287183343530842
216,0.030967020368993917,0.8968259111791993,0.0480217150083374,0.003869717759770869,0.020315635683698596
217,0.013461627376591227,0.9498547675540396,0.02203151468170002,0.002343208581612748,0.012308881806056602
218,0.04429306436693975,0.8713986852141833,0.016399553855567715,0.011185596580466601,0.056723099982842605
219,0.023221146222421985,0.09551868507507537,0.001994725100329929,0.00417566760565263,0.8750897759965202
220,0.31441998254434855,0.3778452578533338,0.0002480719064415421,0.013635448577198162,0.2938512391186779
221,0.2786094165374354,0.6139397477423981,0.0008589111372106853,0.01977831788084906,0.08681360670210675
222,0.09378860909798442,0.8720719889361792,0.005726469227027886,0.00354744998949517,0.024865482749313373
223,0.14009134524481484,0.8167587906023275,0.0030343164496708696,0.0076469973450697505,0.03246855035811712
224,0.029266575498609143,0.9431181263410032,0.012237577667186233,0.0033494119288640313,0.012028308564337314
225,0.01869067277368117,0.94086940006296,0.027329831195668272,0.006242742843880131,0.006867353123810331
226,0.0466759720536801,0.9224277040752865,0.01005145287062997,0.014123128174753018,0.0067217428256503555
227,0.025289572458593153,0.9301550071787867,0.03210681221469244,0.005455662204919619,0.006992945943008041
228,0.05891959743248953,0.8873111548138044,0.02999335624414311,0.017878060255816914,0.005897831253745947
229,0.03491069846084649,0.8654211110335733,0.08411546791982095,0.012372903142293046,0.00317981944346614
230,0.016865261948216227,0.9127716138971919,0.06025618589790256,0.0056444361401747365,0.004462502116514771
231,0.06278701553866671,0.7967546275399868,0.11833042876562623,0.013930590030129343,0.008197338125591062
232,0.015200252581662757,0.8687482528968973,0.10472892483145091,0.005376032043749082,0.005946537646240027
233,0.03118275254549624,0.8091057174740759,0.1303386523909436,0.008461114336767677,0.020911763252716535
234,0.06978186908942323,0.8981994877184898,0.0017405526390324782,0.011983305716612503,0.018294784836441834
235,0.01964413116487489,0.9685368414069415,0.004089570882054468,0.004463597174584615,0.0032658593715445086
236,0.014869294998607828,0.960744305913805,0.01853498434590287,0.002745758542389071,0.003105656199295268
237,0.03406479004123837,0.9477399121871851,0.00946146982488205,0.00178365492652869,0.006950173020165759
238,0.0819377552212516,0.8882097650018154,0.0027639225726990694,0.016112755583409206,0.01097580162082468
239,0.014311701584229116,0.920934270004037,0.05884113211766524,0.0033066515525856707,0.0026062447414828397
240,0.15565987165495243,0.3418338572172778,0.0077380080809249146,0.003928962276442446,0.49083930077040216
241,0.054353449305428035,0.9243985622219292,0.0038744216178320775,0.0045263159188995514,0.012847250935911356
242,0.02196044502171658,0.9549925613709641,0.012046661990603696,0.0019164717910271436,0.009083859825688446
243,0.16861456860870258,0.7614187772784586,0.0348760704586656,0.0017586754151701844,0.033331908239002936
244,0.06005236461574882,0.919290115363036,0.0015069844785857577,0.010827862641731733,0.008322672900897636
245,0.021721092953881742,0.9680328318056979,0.003610699252208935,0.003013565074984888,0.003621810913226716
246,0.011538517945433644,0.9820406855418281,0.0033631628204693195,0.0007420634418636827,0.002315570250405319
247,0.023831994240523725,0.9461171994593107,0.01986870601171335,0.00037732627150778304,0.009804774016944691
248,0.045402343758783915,0.9320542948936058,0.012179629608316664,0.0004351749591663592,0.009928556780127247
249,0.022845375325621718,0.8328019384987005,0.14234724450135375,0.00023237847275942437,0.0017730632015645034
250,0.007640792983190258,0.9250207598767055,0.06474660843436969,0.000554373363706775,0.0020374653420277564
251,0.02299622242197677,0.8009012852968753,0.17160299059671733,0.0007654084865537773,0.00373409319787666
252,0.005045454842115864,0.7502666964118001,0.2396578017988374,0.0010523154648627122,0.003977731482383874
253,0.009563686036295318,0.6669181836402636,0.32010853935637384,0.0010125696574175916,0.002397021309649742
254,0.012841232259789781,0.6047889208500177,0.3787472684735682,0.0014828122558732078,0.0021397661607510505
255,0.005800996046918169,0.4089485678480862,0.5831147632249457,0.000698736860782913,0.0014369360192670246
256,0.004657608522391785,0.3390910272900351,0.6540061385810896,0.0006433469739120206,0.0016018786325714925
257,0.009798101013798693,0.373548367936571,0.6072469410286288,0.00251232287014171,0.006894267150859817
258,0.018278756769570862,0.9326780334820278,0.039515678483143725,0.0047595892468015434,0.004767942018456227
259,0.009005655413982681,0.5741010266006017,0.41114924338558906,0.0016067397699527967,0.0041373348298738375
260,0.02560695487188743,0.7446741164021343,0.2221712118140408,0.0024715938980842253,0.0050761230138531245
261,0.058689518735823426,0.8815373834731766,0.050499782994841105,0.003949047656938589,0.005324267139220468
262,0.007117258585596132,0.7177499519430124,0.27005571725169897,0.0008676755042034706,0.004209396715489166
263,0.023019431756460786,0.8720330193733293,0.09927749567712219,0.0014127537364545292,0.004257299456633254
264,0.0052604233967985855,0.5737812737582799,0.4168452503542058,0.0012925493150174393,0.0028205031756983554
265,0.01016968950475365,0.6752171190355748,0.3071514851993877,0.0022552446870083773,0.00520646157327551
266,0.015094744146959039,0.6691940808869196,0.3080284360708214,0.003025413889323338,0.004657325005976738
267,0.027215135419836837,0.7536502214361046,0.18971291045039693,0.008511099659965195,0.02091063303369648
268,0.05534115142909724,0.692565387495577,0.07681562698639116,0.0072201159020388655,0.16805771818689583
269,0.06591116793770536,0.8254605568348459,0.046651682167528026,0.01131585477379324,0.05066073828612748
270,0.16916454283897916,0.3969281951274822,0.002391682135771363,0.001554889795888421,0.429960690101879
271,0.10316720164291476,0.7923031500075622,0.08734284012022243,0.0012921517641425791,0.015894656465157846
272,0.08069857864091615,0.8900571921057875,0.01897505675548536,0.0015147972495725374,0.0087543752482384
273,0.16425038117693683,0.802471237495486,0.02080086424820128,0.0016511664315708673,0.010826350647805193
274,0.005093884533374733,0.9403057007825969,0.048127667158922596,0.0018116576464825198,0.004661089878623329
275,0.009137464228118716,0.8242050236140231,0.1589686938105818,0.003802159433254774,0.0038866589140214014
276,0.012645235762507657,0.7861708772152781,0.1972716534257714,0.0012447860136401193,0.0026674475828025956
277,0.028829338849726622,0.8503726460541996,0.11395979916562467,0.0028634597007561853,0.003974756229693092
278,0.012154774908202553,0.586407295981177,0.3984689036283927,0.0007138561704194345,0.0022551693118082463
279,0.009516596015957437,0.2881022932013409,0.7003941493434643,0.0004366450984419092,0.0015503163407954302
280,0.003095687074064645,0.23587872756855183,0.7589781699147726,0.00030154765798265235,0.001745867784628414
281,0.0011740835621774505,0.11528825222301763,0.882544007438984,0.0001084666953287455,0.0008851900804923311
282,0.002145382156921955,0.07056841232665373,0.9252730353372848,0.00029765805256235314,0.0017155121265770483
283,0.002390074119944227,0.08893378592717574,0.9053209276109192,0.000471113480410607,0.002884098861550308
284,0.0021834460489685323,0.07288719534207527,0.9222403647970793,0.00041272571059424183,0.0022762681012827098
285,0.0021506032796122523,0.11496859521403383,0.8804334284077572,0.00023212781262211052,0.002215245285974714
286,0.002928050491057368,0.11754119547205127,0.8771285407840489,0.00039409732080183875,0.0020081159320405892
287,0.03584862860059326,0.15034540668135393,0.04842480375686606,0.00504637618171348,0.7603347847794732
288,0.02840080878497438,0.8609093612041254,0.10061224645795284,0.0013191998443475158,0.008758383708599585
289,0.025333580392414304,0.49548665367998695,0.47030039675159474,0.0007542956804473073,0.008125073495556733
290,0.07764535004688201,0.5687446560036812,0.3446520614187555,0.0010841279611550608,0.007873804569526242
291,0.006330496603410563,0.5730105949360075,0.4163585970714293,0.001307303121482814,0.0029930082676697194
292,0.010938412180845373,0.6281438834788923,0.35622327907392715,0.0018454476021577551,0.0028489776641773728
293,0.0058801514199435375,0.34446720800143793,0.6468614979950356,0.0008687243712448551,0.0019224182123380497
294,0.0035465001411081084,0.3014957129146228,0.6926552285185645,0.0006790840133594742,0.001623474412345014
295,0.0013256845130969392,0.2188785679963119,0.7781411309363947,0.0005210807386881487,0.001133535815508323
296,0.00374480725173653,0.21030773698833205,0.783189524523319,0.0010232067572756478,0.0017347244793368749
297,0.001225365565557886,0.12235986030322905,0.8751504746751777,0.00038414809177662456,0.0008801513642587605
298,0.005287453981871114,0.46202131370629723,0.5269867799552412,0.0017711332068143617,0.003933319149776175
299,0.0070229142349554205,0.20499572267589938,0.7837940698328376,0.0010003607048765023,0.0031869325514311264
300,0.10385889746576255,0.4311690335806467,0.16582257981478554,0.01130435557179884,0.2878451335670064
301,0.06420708013692711,0.8004359291463476,0.11985367858665184,0.004655745793550753,0.010847566336522564
302,0.015996199200086415,0.5172048075259381,0.45655596857156944,0.0012511602411936916,0.008991864461212385
303,0.02594194967306951,0.5000777951715208,0.46804627049915715,0.0008278203575462635,0.005106164298706293
304,0.008913890165414863,0.33113037100361814,0.6567469838500559,0.00046060637949189224,0.0027481486014191807
305,0.003839149925660777,0.31367120452679925,0.6792062014179635,0.0005262211691172199,0.0027572229604592643
306,0.002324585649315452,0.33335903449399096,0.6623764097999696,0.00045302622575075667,0.001486943830973221
307,0.003983656935838024,0.13907239213722672,0.8539433101025518,0.000392411653169907,0.002608229171213517
308,0.002493764751635007,0.1572127600687914,0.8386665117979628,0.00024063705191855014,0.0013863263296923197
309,0.002075235625855481,0.16703884612667325,0.8286291559852811,0.0002474080995177272,0.002009354162672631
310,0.001471737110860885,0.10161673204597321,0.8951963935420252,0.0002062131609250252,0.0015089241402159402
311,0.0003662843007766456,0.08424585203493586,0.9146440971362086,8.320105615247693e-05,0.000660565471926441
312,0.0007260607007910915,0.10410085487003215,0.8943464770397792,0.0001220928953146046,0.0007045144940827659
313,0.00039684962417631606,0.057750884980088645,0.9412264984007572,0.00010097394916331024,0.0005247930458143485
314,0.000723186545954329,0.04538659959747682,0.9531181745700749,0.00012305981912569678,0.0006489794673683604
315,0.000275258570182109,0.02598198662721608,0.9730667330181257,7.426262437078928e-05,0.0006017591601054919
316,0.00014966975116024922,0.03271828690937773,0.9664024654005627,6.48808877159673e-05,0.0006646970511835311
317,0.0005530171993565227,0.031814980288930955,0.9665116221744307,0.0002047118376003005,0.000915668499681636
318,0.00033994445361043373,0.02668519481439411,0.9720175705179469,0.00020826826391392024,0.0007490219501346522
319,0.0006657190079587795,0.05605424168113002,0.9416512729498082,0.00034067821990992173,0.001288088141193218
320,0.0003702900612294688,0.03641753337501945,0.9618477945424905,0.00036694926081410495,0.0009974327604466862
321,0.0004826828157134691,0.054965148779300116,0.9420375422760627,0.0004837357168983577,0.0020308904120252473
322,0.0008867196100809148,0.08684043780489094,0.9100593823547986,0.00034021440531470333,0.0018732458249148163
323,0.0008902503982556637,0.05449449027315914,0.9419340197897759,0.00045891887288776456,0.0022223206659214745
324,0.0009062638774594802,0.06965016386764711,0.9274707421249098,0.00020212487455977392,0.0017707052554237562
325,0.0004162636169381935,0.062036255092770526,0.9363882971578598,0.00015097464684523336,0.0010082094855864258
326,0.0004879293776018936,0.04775927792621407,0.9504315493612204,0.0001841120183150523,0.0011371313166485253
327,0.0003357062993910874,0.03995200550891964,0.9587089467583411,0.00015224826962618212,0.0008510931637219332
328,0.0005309933401043249,0.02938596670655631,0.9689575535905328,0.00023430906030406717,0.0008911773025023845
329,0.00035425572386649934,0.02077696357754086,0.9779399585691873,0.00016513914198220788,0.0007636829874231209
330,0.0004646329839273293,0.030581369266503313,0.9676986779654222,0.0001851151438354543,0.0010702046403117675
331,0.0005522565739654695,0.04233892544749427,0.9551919831353952,0.000197186293073897,0.0017196485500711733
332,0.0005533901761088547,0.03823374922774536,0.9598046478930083,0.00018132790239073848,0.0012268848007466852
333,0.00031037081862680726,0.03347204827884561,0.9650665387584173,0.0001001605188300298,0.0010508816252801725
334,0.0007824344053985708,0.04152269039885137,0.9557790199445997,0.0003052071065586599,0.0016106481445919525
335,0.0008777621088319448,0.02819981913485327,0.9696794536986136,0.0001319925185432918,0.0011109725391578163
336,0.00034988177540103875,0.0334283628551387,0.9650888791652136,9.984876768958143e-05,0.0010330274365572558
337,0.00043686883061277916,0.023497776979502005,0.975040493247709,0.00013265032823188365,0.0008922106139442001
338,0.00012540512366902184,0.009006925117420421,0.9904146758812099,2.9774041885580087e-05,0.00042321983581519615
339,0.0002705692446667678,0.019264706148375638,0.979200261659944,0.00014600569595957504,0.0011184572510539736
340,0.0005871113433655267,0.022908236083742005,0.97519796875352,9.812878264021672e-05,0.00120855503673216
341,0.0003138176698584198,0.022697580077221877,0.975761141332891,0.00013319604778705058,0.0010942648722414973
342,0.0005149414466862058,0.017645994906564027,0.9801835927777552,0.00016801744651489108,0.0014874534224796018
343,0.0063814134039845705,0.1815218873986882,0.7844736114265614,0.001112212099222484,0.02651087567154329
344,0.014072313341335,0.5936230060261626,0.3838078156484571,0.002595550436738559,0.005901314547306796
345,0.01636774056302969,0.5354909759243122,0.44439871942892334,0.0010971003457000673,0.002645463738034632
346,0.013951958753417485,0.44741340710519134,0.5364299802305399,0.00040248433170041187,0.0018021695791509522
347,0.007994699828396483,0.20498046528134992,0.7853886170524895,0.00038791377059635635,0.001248304067167674
348,0.0038526311374992846,0.1716697856056519,0.8225582494000457,0.0004500110580122002,0.0014693227987907908
349,0.001321236368385552,0.08641593762714589,0.9113863129636597,0.0001719223076340136,0.0007045907331747532
350,0.003027565021055389,0.18748988483888426,0.8070098585134445,0.0008872169085250033,0.0015854747180908118
351,0.006183280753179092,0.2773379827426489,0.711521737259593,0.0018413523291899768,0.00311564691538912
352,0.0028516462578486866,0.17062964155763777,0.8231819735400954,0.0010820136061088024,0.0022547250383092646
353,0.010496901460053078,0.23192175164615358,0.7536122899513262,0.001589913829267816,0.002379143113199391
354,0.004124078449402768,0.14063684233539708,0.8516372597593986,0.001367565402773957,0.002234254053027467
355,0.00633937889019071,0.24792825721904402,0.7337806797125566,0.004113520717290298,0.007838163460918427
356,0.05787817682763944,0.5137317188726169,0.3269149237022734,0.05184311913342381,0.04963206146404645
357,0.08421752483502518,0.079214298218745,0.0015232345630614545,0.06416033582151624,0.770884606561652
358,0.35917252499536007,0.14757050815935632,0.0003775953805247028,0.44003396812037837,0.052845403344380475
359,0.5035063277240756,0.2604078921641087,0.0011748651216300246,0.19223434815393695,0.04267656683624884
360,0.6255192529658486,0.19479822853821227,0.0004750993156159992,0.1471114449136334,0.032095974266689656
361,0.14941691697262374,0.08430597623842169,0.00022370396042831588,0.7484307631591597,0.017622639669366617
362,0.11796725490164978,0.1236803853368633,0.00046075476073605126,0.7254814214627021,0.03241018353804867
363,0.09854910984760458,0.07223064069899102,0.0001356350425592798,0.8051989322162993,0.023885682194545704
364,0.07324642034157867,0.06673103918563458,0.0007179783170733113,0.6749104467628629,0.18439411539285053
365,0.1220727585968712,0.02485349428622361,2.4446047054759614e-05,0.8254601886168137,0.02758911245303675
366,0.05682230089988262,0.051006181601006687,7.61851855194291e-05,0.8694024838722679,0.022692848441323316
367,0.08070578409847726,0.15720631788418798,0.00025521601284725294,0.6562150238767981,0.10561765812768943
368,0.07904044649876336,0.06691663031047058,5.132790530386012e-05,0.8270154474630345,0.026976147822427833
369,0.08182059412773986,0.31766506556909035,0.00017664281496245946,0.55529515631311,0.04504254117509727
370,0.0653865230125857,0.1842951875553546,0.00014339538980620578,0.7366513582269466,0.013523535815306771
371,0.06803898705345678,0.059900914480843157,9.333253061586119e-05,0.8552357237458724,0.01673104218921178
372,0.04183440923716877,0.2695185998112086,0.0005471043279153889,0.653628168941044,0.034471717682663244
373,0.06457638996024795,0.043625745059081435,5.7245958857190016e-05,0.8521939393102076,0.03954667971160588
