epoch,N1,N2,N3,R,W
0,0.05559820343860598,0.009904720083368585,7.065510830172566e-10,0.0007528926208342315,0.9337441831506402
1,0.2542675874699785,0.019119416832568525,0.00013920924204985997,0.0011449348772276135,0.7253288515781755
2,0.029412434532285994,0.004014495852687862,1.1616178128856641e-05,0.0013277794943120731,0.9652336739425852
3,0.011536041162635317,0.005972544858038655,0.0001121980423081303,0.0003046346941426572,0.9820745812428752
4,0.01969931642293795,0.0057224899147962525,0.00019623353752844488,0.00028108826381373006,0.9741008718609235
5,0.005499147280758216,0.0030202132082654955,0.00025974725382273,7.282803092762303e-05,0.9911480642262259
6,0.13029742791334775,0.008139886965499594,0.00012587508679500495,0.000989261072251524,0.8604475489621061
7,0.08357827514974732,0.005075760806243686,0.00020041881766615652,0.00045300903670847983,0.9106925361896343
8,0.19941929041406029,0.018215448358889094,0.00029688179608663263,0.002491669825186497,0.7795767096057774
9,0.3522515996198907,0.040492822192341855,0.00235971135238319,0.0010331271021123706,0.6038627397332718
10,0.23947320818328288,0.07115654872901493,0.003125386346969202,0.022665029298671965,0.6635798274420609
11,0.26737719769151863,0.04938346920075755,0.0013692633979871449,0.0015060175577893938,0.6803640521519473
12,0.2515682603827033,0.07551382471558889,0.00606482959903026,0.003276913117014317,0.6635761721856632
13,0.5225593077465235,0.16927584995699937,0.012242472750877057,0.008151925744531576,0.2877704438010686
14,0.2735850882445871,0.1933821993594707,0.03619580822542427,0.008800316243317154,0.4880365879272007
15,0.06907797125485188,0.2546823210376651,0.03026663552663845,0.02270638238911022,0.6232666897917344
16,0.005923499205566559,0.014674698144059967,0.0008332980598892824,0.00046185837989447693,0.9781066462105897
17,0.0025112922905880016,0.0014391036646733792,0.0010165490072269307,0.00012596509323977548,0.9949070899442719
18,0.001477944993049301,0.0004978785606147225,8.505428695575349e-05,4.6603918211159824e-05,0.9978925182411691
19,0.07593160137141966,0.009592245215067727,3.4279378972418776e-05,0.001000460252723579,0.9134414137818166
20,0.03997139984909754,0.006631881471313513,5.660942306623142e-05,0.001134415561614197,0.9522056936949086
21,0.007343495043547371,0.000655232734211604,1.1341024679120049e-05,0.0004431133757420467,0.99154681782182
22,0.04483565771287561,0.005893270646990389,7.55051107796836e-05,0.005945399528773957,0.9432501670005804
23,0.0064566362888460165,0.0002547820636145149,7.368091966505739e-06,0.0007325238392604287,0.9925486897163126
24,0.008627164015171893,0.0010211804092326129,3.4576039292976434e-05,0.0004972417842192834,0.9898198377520833
25,0.009241826419747143,0.0020987431464337277,4.712861092492385e-05,0.0008537581022883171,0.9877585437206059
26,0.006497241281664113,0.0012816066775899488,2.0679423864266307e-05,0.00021668518917455066,0.9919837874277071
27,0.10537981117900662,0.00243585665796663,3.117401071215846e-05,0.001197181180488039,0.8909559769718266
28,0.01749475806930994,0.0004243241011088466,6.431778506375617e-06,0.0004147399266020298,0.9816597461244728
29,0.006791272505384938,0.0006909342722702387,2.959919690395645e-06,0.00014560283369022056,0.9923692304689643
30,0.004206279562271307,0.000829550548585537,1.326003251234855e-05,8.96193378342022e-05,0.9948612905187967
31,0.0036146739561649017,0.002262799940109703,3.0339203628969208e-05,0.0002287657246582217,0.9938634211754381
32,0.005347050616182775,0.0031893851072040424,0.00012880123777533667,0.0003179074194592772,0.9910168556193786
33,0.04433070582655957,0.01679559990625632,0.0011263553292110062,0.0017340960762425707,0.9360132428617305
34,0.016174062641511507,0.0007926845435541429,2.5669621691767635e-06,0.001239688535596538,0.9817909973171687
35,0.015318924736398083,0.004171778937792228,9.432237802233789e-05,0.0004647285255638619,0.9799502454222235
36,0.017805412920035082,0.008536419716406009,0.000749417988299492,0.0006004394876445529,0.972308309887615
37,0.015809763853514475,0.0055545444206973405,0.00017333246229463646,0.00031251972121697447,0.9781498395422766
38,0.048474313356352744,0.0018673698868072732,4.676914525310904e-05,0.0011378925609340541,0.9484736550506527
39,0.022519574918634107,0.0009378816870049148,8.359272106457892e-06,0.0014059846477962475,0.9751281994744584
40,0.01169688690691116,0.0025436263713028338,0.0002254904427049198,0.000739221235067609,0.9847947750440135
41,0.036021541642139956,0.005328205250537264,0.001015919109323001,0.0017087530762132045,0.9559255809217865
42,0.0030933436202648296,0.0010836892076463887,0.00023508205165946824,0.00013042237375807318,0.9954574627466712
43,0.0022890347524445833,0.0004561009993814178,6.324444053988855e-05,0.0001827339728880194,0.9970088858347462
44,0.002803292457630643,0.0003160539547479656,3.414624836613315e-05,0.00022297127505435828,0.996623536064201
45,0.0022223931681799795,0.00014413727124620388,8.711051846520499e-06,7.891831286202656e-05,0.9975458401958652
46,0.002290836397862738,0.00027830961166188647,2.0997745690144055e-05,0.00022021971440442677,0.9971896365303808
47,0.0015929693427610345,0.0002490119063964862,6.027214078748663e-06,7.068003212491272e-05,0.9980813115046389
48,0.0028114458107671545,0.0005131165301012888,1.9927381287083552e-05,5.484590773000306e-05,0.9966006643701145
49,0.012346133981973076,0.0005765711755988315,2.9650449343943394e-05,0.00011269023171588508,0.9869349541613683
50,0.003570655057154011,0.0005866180467173116,2.605933977060018e-05,8.529325015992382e-05,0.9957313743061982
51,0.004947376626352625,0.0005321791007756617,3.9841778306297456e-05,0.00017219656756520057,0.9943084059270003
52,0.0013736509237965132,0.0004715935045969155,1.0844680239530045e-05,9.562124665795288e-05,0.998048289644709
53,0.0028496708985149303,0.0003892405966327456,8.458844585377019e-06,8.19309055760162e-05,0.9966706987546909
54,0.006979305228123742,0.0004162204054402328,1.2117260093683035e-05,0.00013506904615081665,0.9924572880601914
55,0.006032520138147436,0.00073682350308141,6.573219518190869e-06,0.0002026407767043369,0.9930214423625486
56,0.006504808720150712,0.0006303943570444294,4.017241705479663e-06,0.0003113843967145757,0.9925493952843849
57,0.006022890392467122,0.0003897264804989415,8.66533590922229e-06,4.2617623299302974e-05,0.9935361001678253
58,0.00313308219813566,0.0003865877125211701,3.466327483181283e-05,6.462885041770206e-05,0.9963810379640937
59,0.004164739488887566,0.00013725772402877094,3.361021547019439e-06,4.5966892641405894e-05,0.9956486748728952
60,0.0031280909326957085,0.0011082336301811832,0.001442527098889087,0.00011397215585301197,0.9942071761823811
61,0.005114662382433338,0.0009137556136928352,2.934080480843972e-05,8.259405726305602e-05,0.9938596471418024
62,0.014477502828379072,0.0010710297814420552,1.2915058825083857e-05,0.00014959648963723616,0.9842889558417165
63,0.034347017517826324,0.00137017722440911,3.7081485465705226e-05,0.0003245707908283176,0.9639211529814705
64,0.016574235014172184,0.0010672138488648489,6.323542159992702e-06,0.0002400142504940507,0.9821122133443089
65,0.02676153665056709,0.0031863135580389897,1.48769826544587e-05,0.0010956642687456489,0.9689416085399939
66,0.004064261878994291,0.0007315561333603277,1.5371963376085048e-05,0.000532258015767628,0.9946565520085017
67,0.02287957421410458,0.005063303509030304,0.00015134389411033678,0.0006034029718612308,0.9713023754108935
68,0.009525057483786207,0.001312955355396062,2.9523308893510984e-05,0.0004931914521122315,0.9886392723998119
69,0.07368711422650774,0.007118852782317447,4.2883059539851804e-05,0.0013950223413881921,0.9177561275902468
70,0.04304184885565332,0.004769884083172645,0.00021112251574432347,0.00040100505502865065,0.951576139490401
71,0.0327623210225817,0.01525590368258138,0.00039394442633701216,0.0005172134682925359,0.9510706174002073
72,0.0065514395862287175,0.0020183520091957997,0.00031305790146297967,5.147424269555304e-05,0.991065676260417
73,0.02541875622910973,0.0034511397462860145,5.303049126823334e-05,0.00016964275726151414,0.9709074307760744
74,0.04039745175574705,0.009126186209697903,4.468033278531616e-05,0.001042503256917541,0.9493891784448523
75,0.0036038644480298845,0.0021857152651700335,0.00015883961532746563,2.2053463949978113e-05,0.9940295272075227
76,0.08371614301376713,0.02606133300725613,0.00010033742799553083,0.0011402502230795904,0.8889819363279016
77,0.14395313337045304,0.051897659942556865,0.0006479386323552103,0.00236939571905404,0.8011318723355808
78,0.02822193758230587,0.009434006352086433,0.0009766201212992418,0.0009269751072132085,0.9604404608370953
79,0.027554281651691673,0.012985800909795094,0.0008321976021969992,0.0008925912417002718,0.9577351285946158
80,0.009644208237978,0.002684348283478133,6.80188603595557e-05,0.0005559259725398389,0.9870474986456444
81,0.008447180718554338,0.001817102726297291,0.00025447909652266475,0.00047127897119911884,0.9890099584874267
82,0.026829573317787844,0.0007606844351811411,3.086461631855055e-05,0.00038409401850402765,0.9719947836122085
83,0.16603541213906556,0.003625839706975351,0.0001229484820983987,0.0018370779298013701,0.8283787217420593
84,0.033770184517741844,0.004239302698989877,1.534952388293367e-05,0.0014990873090905156,0.9604760759502948
85,0.03924719854940045,0.0010694242050346492,9.454625672386225e-06,0.0010495819240078873,0.9586243406958845
86,0.013715719166516671,0.003635453686463136,8.614423419609742e-06,0.0008521952177450063,0.9817880175058555
87,0.0025621988218337177,0.002967041353568642,0.00015132767213337696,0.00019477233092122942,0.9941246598215431
88,0.054883146345768026,0.006639694751609704,4.936001680575163e-05,0.0008368948453594947,0.937590904040457
89,0.038669763637124814,0.0026733966128683483,1.4152346341944788e-05,0.00038294990866721303,0.9582597374949977
90,0.022728599971527708,0.0023180197436886095,1.1844977012147055e-05,0.0005026388595574655,0.974438896448214
91,0.023044516183376162,0.002738175416159294,2.7030192638832068e-05,0.0005190751187501627,0.9736712030890755
92,0.004821923640371774,0.0004926480770243553,3.6691472617500523e-06,0.000655216031057926,0.9940265431042842
93,0.01108950493285067,0.00167263517255557,0.0003287462407613332,0.0007728034478641489,0.9861363102059684
94,0.004149766606213687,0.0007594406260595701,7.784383026840119e-06,0.00022530083434607197,0.9948577075503539
95,0.00877975922733522,0.0008719405884399781,1.955964877562848e-05,0.0004996004114505594,0.9898291401239987
96,0.006074613553608588,0.002089291552789521,9.38527051946222e-06,0.002315537188381673,0.9895111724347007
97,0.012683028473115117,0.0021059387389051384,3.942594626705011e-06,0.0014457079945386306,0.9837613821988145
98,0.038545396382210044,0.001302413565406179,3.225284031060267e-06,0.001983524804715164,0.9581654399636376
99,0.004306420324238147,0.0010323843390035127,4.228328067011797e-06,0.00023374486813649382,0.9944232221405547
100,0.004246944344879616,0.00035243415552221327,9.882758430191154e-06,0.0005898682015504093,0.9948008705396175
101,0.01075061903658149,0.0008087968865907584,1.4654151897699978e-05,0.0003553578236990019,0.9880705721012311
102,0.037709670429026114,0.00048716686547225043,1.7305145941305554e-05,0.0021771935049614602,0.9596086640545988
103,0.009478440339047215,0.00036368052167210597,4.547313350681603e-06,0.0010210495547537878,0.9891322822711762
104,0.009693099795518731,0.0008279892113521987,6.219045657718206e-06,0.001788454526417105,0.9876842374210543
105,0.01651670694659625,0.0022364105686456296,8.394348007292755e-06,0.0004919468236543623,0.9807465413130966
106,0.006150103135851915,0.001321925241806566,7.822541706348251e-06,0.00024947319526051777,0.9922706758853747
107,0.0005306799635672369,0.00038742850122874036,2.820948140349437e-05,2.060466346216165e-05,0.9990330773903383
108,0.0030723422346555992,0.0004042870110415345,1.2153071231038067e-05,0.00017329843452060033,0.9963379192485512
109,0.003448534039793921,0.0012975503516626887,6.915966169011343e-05,0.0001493748118400451,0.9950353811350133
110,0.004217555194287495,0.0004449791901583832,3.5005944148636664e-06,0.00022791294691163857,0.9951060520742276
111,0.005235819428726755,0.00040978739706947533,1.275816335485812e-06,0.0003218540663667565,0.9940312632915015
112,0.015527556025927666,0.0018144136763700999,3.0152296784256024e-05,0.0009661677169134218,0.9816617102840045
113,0.022277953155141864,0.0006929874882602307,3.9857519065379225e-06,0.000962714528522822,0.9760623590761687
114,0.008068262487887341,0.00047843436499795105,2.6337706058735464e-06,0.0018157028362399612,0.9896349665402688
115,0.004957262098317433,0.00036209483714265406,2.7858849859292192e-06,0.0006623448147460812,0.9940155123648079
116,0.024597270747237658,0.0030350322417863006,5.896017704461472e-05,0.003363610982952443,0.9689451258509789
117,0.012296765596678494,0.0012956453839657353,4.333635339598814e-06,0.002269096301410212,0.9841341590826059
118,0.00975409745005566,0.0005259243024758643,4.599853159963764e-06,0.0006181581792007591,0.9890972202151077
119,0.0173214840095978,0.0006647194222410491,9.055545547320508e-06,0.0009009698623040424,0.9811037711603099
120,0.012165362148275842,0.0006508529065902965,3.3341590020375027e-06,0.001731217626590414,0.9854492331595415
121,0.0052018122380205764,0.003409512037336232,0.0009750119338244517,0.0004398879205612434,0.9899737758702574
122,0.00483240781896768,0.0010685680964336564,1.0755688475300541e-05,0.0002861916717607669,0.9938020767243626
123,0.023663339096183754,0.001988848468742046,3.161981776029149e-05,0.0017744753146056791,0.9725417173027082
124,0.026792881031968255,0.0020239908103724833,2.5091610555605552e-05,0.0017009384147342371,0.9694570981323695
125,0.07906613202704792,0.0023532904801319087,8.80407341946315e-05,0.0026847559596425035,0.915807780798983
126,0.050796391484668316,0.00871109356215848,0.0004365049198565797,0.00391488987126031,0.9361411201620563
127,0.01775567668675126,0.001065435395895748,0.0001882316744410916,0.009430043953265533,0.9715606122896463
128,0.009230068312518396,0.00541355420927516,0.00031651819970785687,0.0010984478189116499,0.9839414114595869
129,0.007900255099124813,0.0013541493349868462,0.00023952771124173796,0.005158580517368753,0.9853474873372778
130,0.0043554344542806964,0.0003200769245302065,2.3672475361672676e-05,0.0006991459745113269,0.9946016701713162
131,0.000612041754666118,0.00024069946328387267,4.428250409352781e-05,0.0012099883592298214,0.9978929879187266
132,0.00046133255965116965,0.00024138402238047104,2.6493970169648946e-08,6.593251254844804e-05,0.9992313244114497
133,0.0006555319287301257,0.00028497417430585795,2.3926672989350154e-08,7.707308876781607e-05,0.9989823968815231
134,0.0007682778305091692,0.0009913973417116642,2.9082221058256275e-05,0.00015968794898276175,0.9980515546577382
135,0.006649541727919986,0.006177939718802421,6.187050219377101e-05,0.00010046893899432209,0.9870101791120895
136,0.0069310212161358305,0.0020000055275511126,9.7523946603218e-05,0.00015800832705137904,0.9908134409826583
137,0.0009036398101871297,0.0004450086835440609,2.000041124860172e-05,3.485704948142544e-05,0.9985964940455389
138,0.005696567070656638,0.0004346939140919433,1.7435830008076748e-06,0.00018787421366666076,0.993679121218584
139,0.00319694727444577,0.0005838862154006532,1.410022657957132e-05,7.783065829068682e-05,0.9961272356252834
140,0.0024828112139889855,0.0009211202890057358,0.000460787742482505,8.908950402635283e-05,0.9960461912504964
141,0.004821339390335428,0.0007948292962001097,1.7021919092075174e-05,0.00016503914399502886,0.9942017702503774
142,0.009676003363028617,0.0011504960969742552,1.1362615144976919e-05,0.0005515322244139692,0.9886106057004382
143,0.013503810237759097,0.002456104967440642,5.146986770938474e-05,0.002011071677314746,0.9819775432497763
144,0.05731867892042372,0.013203849344262546,4.276523681969953e-05,0.022892139430084835,0.9065425670684092
145,0.034230978100425614,0.002981536231433537,7.980669382233961e-06,0.003711154841016623,0.9590683501577421
146,0.029881726392745642,0.0014609604679508119,9.757914717992816e-06,0.0028099255480154186,0.9658376296765702
147,0.03832933528738682,0.0013081896362432024,1.8319015441121826e-05,0.0032922524125799358,0.9570519036483489
148,0.1718483228079052,0.02066360868499984,9.883554111857157e-05,0.01341530897784118,0.7939739239881352
149,0.04097771345539711,0.0047892145272196785,2.3169534764139256e-05,0.009207728586455787,0.9450021738961634
150,0.010736411582235235,0.0014095833314368767,8.276260407057407e-06,0.002643704553565289,0.9852020242723555
151,0.004504050053760745,0.0009019952668122467,0.00022655823971703723,0.00038597746161288655,0.993981418978097
152,0.007256482013970906,0.001919181380386867,0.0001822079623207695,0.0005246201324741228,0.9901175085108473
153,0.023847759594134644,0.0017337109275888983,0.00010852525987938645,0.0007230971177908532,0.9735869071006062
154,0.011680909002774919,0.0031077514958705718,0.0005199908618594229,0.0008470477307077399,0.9838443009087873
155,0.0016827010295013191,0.000545455758795837,0.00024655896417037594,0.00010498619112956877,0.9974202980564028
156,0.003979622019975036,0.0006623856024166676,9.539657313393688e-06,0.0004639810030078386,0.9948844717172871
157,0.011553527762340489,0.0038942064915579067,0.00021217114478002172,0.0003771806123983207,0.9839629139889232
158,0.0144984717789956,0.001165504201909479,4.114799876535233e-05,0.0001655405280405728,0.9841293354922889
159,0.014835692915775146,0.0019283547290327595,1.9863303609656892e-05,0.0006882572518117778,0.9825278317997707
160,0.03497120860365608,0.005289508422346254,5.1004856052901175e-05,0.0017367623380731903,0.9579515157798716
161,0.05471884139313005,0.004563343385066435,3.5309917601731296e-05,0.005362220306592312,0.9353202849976094
162,0.04957041393502957,0.01266204060292899,4.511701766931818e-05,0.0020935128623190955,0.9356289155820531
163,0.032882376425103325,0.009131230798139534,2.4104344508705195e-05,0.004176988899543747,0.9537852995327047
164,0.008370732366926446,0.00807364463341653,8.451872177633811e-05,0.000342764886265852,0.9831283393916147
165,0.009956543810590222,0.006673507772428993,5.988657195365524e-05,0.0010200565619798844,0.9822900052830473
166,0.14849963890860993,0.03623731262536004,0.00033751241762817444,0.007229072722734949,0.807696463325667
167,0.0073159796346445325,0.0025192823575917044,3.056270980101418e-05,0.0007931138852618594,0.989341061412701
168,0.0076509311734757465,0.005532013803955407,5.4330152194806166e-05,0.002259196950141005,0.984503527920233
169,0.08914862627071975,0.016205317421018686,0.0001655015154066668,0.006805461457321424,0.8876750933355335
170,0.009493906931733322,0.0023593400787985945,9.687104520865748e-05,0.0018980538118381265,0.9861518281324213
171,0.013921081437062317,0.0016368076924525728,1.367114811554732e-05,0.0011370909895101532,0.9832913487328595
172,0.011945843269401235,0.006000705399892764,0.0003354680626700122,0.0011960793095954622,0.9805219039584406
173,0.010760348339800203,0.0021228143607148753,0.0001436663822177187,0.000686317068122155,0.986286853849145
174,0.011818332957212473,0.0010869508469336293,2.932695281757984e-05,0.0007106997413105037,0.9863546895017258
175,0.01041434452453511,0.001161270337860947,3.4271410852556536e-05,0.00044424307417036823,0.9879458706525811
176,0.026373648097586137,0.0019728211352777235,1.642462383209476e-05,0.0005332534611475908,0.9711038526821566
177,0.022295645962670363,0.0021565852704798515,1.0027109173828836e-05,0.0011506858477788003,0.9743870558098972
178,0.010626162715892049,0.0012344396114249527,1.228815621129749e-05,0.0012603145048649502,0.9868667950116068
179,0.030571603948404972,0.009462035624524133,0.0039725941001706785,0.0034216160215898225,0.9525721503053104
180,0.009736873768189954,0.0011278828410740064,1.0811262301977541e-05,0.0006259347166466234,0.9884984974117875
181,0.02944126915889123,0.0036996785993264384,8.050326947082528e-06,0.0013363913892979686,0.9655146105255373
182,0.006531145057441476,0.0007076922792156382,5.34860252558906e-06,0.0002806950467239101,0.9924751190140935
183,0.023874728026711943,0.0025415311130632906,6.255564686205085e-06,0.002601220281727524,0.970976265013811
184,0.01654507689473814,0.00528580336072566,1.832306514189632e-05,0.010135348649947626,0.9680154480294466
185,0.13069361083490583,0.007558920845738905,1.0280343771542465e-05,0.013067958450979071,0.8486692295246047
186,0.0699353425291698,0.010316826511953425,5.9319817668775145e-06,0.013808090855676157,0.9059338081214336
187,0.019240834049506897,0.0010480723275911766,2.600314983289754e-06,0.0016020133777594164,0.9781064799301593
188,0.03872542381520762,0.001974660832769039,2.6265050402582034e-06,0.002703172968300125,0.9565941158786829
189,0.038119136745477226,0.0025657420366029886,8.622669721796002e-06,0.0015089680712614944,0.9577975304769366
190,0.051364664618599634,0.011289509225921375,0.0009042930349948119,0.0009463400575032228,0.9354951930629809
191,0.05577484570901604,0.035995415108325705,0.0010752950990478558,0.001108440590161269,0.9060460034934491
192,0.05460681378731548,0.022629756884724347,0.0001819028847573582,0.0012717978317633078,0.9213097286114396
193,0.052497755495712804,0.029624387434966547,0.00030175006413448135,0.0021144798243988515,0.9154616271807874
194,0.004481967310496093,0.0019409664563152591,3.27676536650116e-05,0.00046176579329361834,0.99308253278623
195,0.003902804331677323,0.0009598182225266928,6.0836722029051085e-06,0.0013073668967533729,0.9938239268768398
196,0.007958667063647888,0.0016253072057034225,1.4505036194956069e-05,0.0012068084326408133,0.9891947122618129
197,0.025098515668017327,0.00870525105416081,0.0001542442364938008,0.0027970624860593645,0.9632449265552688
198,0.01585699747744905,0.0039317263698989595,2.0618250264917817e-05,0.002988193092978812,0.9772024648094082
199,0.0917476317179304,0.005207075083580956,2.3825700041413475e-05,0.015993397107295377,0.8870280703911518
200,0.036469626007782856,0.002186926901118661,6.298600682617925e-06,0.00864785393717203,0.9526892945532439
201,0.011832502538961618,0.001949202684692917,6.663129061762884e-06,0.0018710270434233096,0.9843406046038603
202,0.07751813780726495,0.004774079828661345,1.4679653234688458e-05,0.004677005681755173,0.9130160970290838
203,0.019658435769685137,0.0012554770832149393,8.002708715444235e-06,0.0026122529218050986,0.9764658315165794
204,0.01325799231778175,0.00746095277827314,0.000313627250400062,0.0019152404760014443,0.9770521871775436
205,0.0011964818918945219,0.0006199350608131837,0.00014180735479472851,0.0003816259567746678,0.9976601497357228
206,0.06707129236983468,0.0046399877240346395,4.067317503267293e-05,0.0026904270877447997,0.9255576196433533
207,0.021592718640599595,0.0015312219129994017,1.6762681715746787e-05,0.001806541689980707,0.9750527550747046
208,0.02526157579426272,0.0031668062342985557,4.262412874353586e-05,0.004268776542862742,0.9672602172998325
209,0.137700471772086,0.0038403620687666386,2.9731219441365846e-05,0.020695630327347725,0.8377338046123582
210,0.05190509368007794,0.00557484428748199,1.2923720247014344e-05,0.009953531542462512,0.9325536067697305
211,0.0055238626497762285,0.0008819711796080027,3.872611322578789e-06,0.00988214628916768,0.9837081472701255
212,0.040576446682398806,0.00408190065383287,1.6443096332957506e-05,0.021057699768744005,0.9342675097986914
213,0.09154106942001643,0.0031728005196786954,2.3126111560868614e-05,0.02745844611857057,0.8778045578301733
214,0.07541223314817169,0.01376453723674489,3.981931523037056e-05,0.017982133545608764,0.8928012767542444
215,0.18170164408323486,0.07095117912323215,0.00024564466242387145,0.05826812720364358,0.6888334049274656
216,0.1938978921799927,0.04430533133842824,0.0001284770703056764,0.05986108183851637,0.7018072175727569
217,0.05025489316335748,0.015447662975700212,0.00015539670621492533,0.028566407910560296,0.9055756392441671
218,0.0953561036254209,0.00800477303948028,4.009527344703926e-05,0.02609582318772366,0.8705032048739282
219,0.035078379232991265,0.00185172367787979,8.37353953388365e-06,0.03007495590453287,0.9329865676450623
220,0.2838400308222007,0.01144643764088473,7.039847219976394e-05,0.2201051150070235,0.48453801805769114
221,0.28676117891244357,0.04036204194624087,0.00010435777394199215,0.21174729415489935,0.4610251272124743
222,0.09989055390968699,0.018406933374055807,0.00011621299589501688,0.11471863926327423,0.7668676604570879
223,0.4262699733716376,0.027729508533650683,0.00013108433640076318,0.31573369777888216,0.23013573597942885
224,0.32522086020271507,0.030223548949591228,8.449479509912132e-05,0.3549320505527944,0.2895390454998002
225,0.32250073912691885,0.03375781523034982,0.00014546295092376997,0.1932464776119935,0.4503495050798141
226,0.3736798757986259,0.05539081413649934,0.0001331272235405583,0.3199067376770592,0.25088944516427514
227,0.13532467365774284,0.14207658266127482,0.0003285052235436733,0.3082962894714819,0.4139739489859568
228,0.18547884472663076,0.07016701154273905,0.00014071876260846175,0.26542461836662573,0.4787888066013959
229,0.16202883414941524,0.03301215510361739,8.826956980932794e-05,0.18032471997423005,0.624546021202928
230,0.2565898601885575,0.0442242479726689,0.00016170936417995587,0.1564488366858133,0.5425753457887803
231,0.6697418555253818,0.081250850262506,0.00011440572930298667,0.11577214307001839,0.13312074541279084
232,0.5281568944677192,0.19449089540305958,0.00029053030790023574,0.1663917266265516,0.11066995319476942
233,0.5875946104521124,0.12300263222056973,0.001039013390362856,0.19780189749224067,0.09056184644471453
234,0.3999672487100909,0.2826697906738912,0.0006474954511607239,0.2747816758637587,0.04193378930109843
235,0.21766302203605217,0.4693837304687535,0.0018774092486045551,0.29089506161221107,0.020180776634378932
236,0.30968169096871956,0.40056249190190696,0.0018216516022044166,0.2473367073070262,0.04059745822014293
237,0.36808077282969803,0.5258114997290515,0.001667416577076062,0.06451741054865903,0.03992290031551536
238,0.2079247325349652,0.7565165159599128,0.001797994100464442,0.01934601592103459,0.014414741483623032
239,0.35407672242265176,0.6263948207360479,0.003036458662544906,0.005263682944865077,0.011228315233890262
240,0.05691089491106295,0.9128649709926976,0.023975675436216697,0.0033160582230754966,0.0029324004369471694
241,0.017962880614082816,0.922150924324461,0.05571711834190258,0.0016721807896214736,0.0024968959299319624
242,0.033566190693388245,0.8878474307706056,0.06727697705688336,0.005091213273830785,0.006218188205292158
243,0.009907544489393452,0.8697676029143838,0.11623147671296775,0.0018270816146039599,0.002266294268650754
244,0.005174316793766123,0.8357490131662945,0.1552283252259889,0.0014819979300094226,0.002366346883941221
245,0.0082041413745643,0.8442471982281635,0.14326762152488476,0.002069525798176576,0.0022115130742107122
246,0.003249871550917738,0.6795130786187189,0.31412317225865827,0.0009814800124047709,0.002132397559300382
247,0.012724434237142583,0.6774322163962055,0.2914767044715582,0.0038540818126047774,0.014512563082488845
248,0.008273235153767404,0.8432248265761307,0.1437545953224136,0.0012061716078782142,0.0035411713398099433
249,0.009219465404249779,0.6757739729291106,0.30968365730661135,0.0014962328111577095,0.003826671548870535
250,0.004681258939727726,0.6512800192495566,0.3401345444500251,0.0009035388215873756,0.0030006385391031366
251,0.005078820609295748,0.35163230304738435,0.6386931204726273,0.0015931694238032776,0.0030025864468893786
252,0.010852242480197326,0.5006296094869177,0.4809623396383084,0.0023570777742217995,0.0051987306203546985
253,0.0040453597722732845,0.3893210728365337,0.6037942940806009,0.000835209983160734,0.002004063327431351
254,0.004382587541718149,0.5817322083284818,0.4098131055406789,0.0010815441041774744,0.002990554484943645
255,0.0043712482922254985,0.4850232133460909,0.5079469408781095,0.0009890326285667149,0.001669564855007393
256,0.003902678906945692,0.46759766873003417,0.525319967365579,0.0008251230586903783,0.002354561938750764
257,0.007053605434689508,0.5422771455235702,0.44540369526857504,0.0014812084772192792,0.0037843452959459654
258,0.009617187095369547,0.5519193387053295,0.4306359536464689,0.001586257061809526,0.006241263491022455
259,0.010139689716142894,0.6224031344982617,0.3593410556250454,0.00293628191846529,0.0051798382420847385
260,0.007618920449293278,0.41650838479033137,0.5719260906316238,0.0018665828922326828,0.0020800212365188345
261,0.007536531077155973,0.42865426850491006,0.5531644626179746,0.005623323035961533,0.0050214147639977905
262,0.014388964571693358,0.5186589866112729,0.45161848885472583,0.007604938154538597,0.0077286218077694145
263,0.1613338483399123,0.27973416389552413,0.08333231342967083,0.02061425397427048,0.45498542036062223
264,0.3271852265420162,0.4593632403205637,0.05061598083135701,0.07697150443755217,0.08586404786851093
265,0.28917065527648167,0.5518213206493141,0.0467196404702993,0.060709635470222206,0.05157874813368262
266,0.3964902243953083,0.4348152353671969,0.008555802198055044,0.11976082180667479,0.04037791623276505
267,0.2320034708235485,0.5887623944864879,0.005483153245499906,0.15284769735334297,0.020903284091120827
268,0.19584267108921513,0.636617450838691,0.008603591153071521,0.119353708269404,0.03958257864961818
269,0.1518067072887867,0.7178071488470875,0.008852921551695881,0.09305184220497714,0.028481380107452835
270,0.46064237420517407,0.42345338865458926,0.001539148133495906,0.05966970908710856,0.05469537991963227
271,0.31958494174722046,0.5927507453171642,0.0022531298655038313,0.0649105996970927,0.020500583373018706
272,0.5105652903242532,0.3698157244599149,0.0012140648664228754,0.08463229901854472,0.033772621330864235
273,0.3923777763934508,0.5613108694732701,0.0027038969936025066,0.028702774572729278,0.014904682566947231
274,0.0867159322775441,0.8438532263738732,0.011242587466932108,0.05063980685638337,0.007548447025267323
275,0.06977850432625457,0.863255013406149,0.01340109704729789,0.04270839058844227,0.010856994631856213
276,0.022985720804007518,0.7266304078099156,0.20727294061496523,0.028180376480928766,0.014930554290182831
277,0.02581053521786128,0.8470822256535068,0.0913158879428097,0.021001192274158132,0.014790158911664054
278,0.07857951282657007,0.7839499364529317,0.07131345343941022,0.04059003835307137,0.025567058928016802
279,0.03400567940820696,0.8582816624725833,0.07978338160498566,0.018361938333921028,0.009567338180303031
280,0.030253688969255312,0.8900325338816896,0.05849763636950933,0.015996564922379566,0.005219575857166058
281,0.021910377723647675,0.815623872287627,0.12258912233678218,0.0302034672927036,0.009673160359239506
282,0.026214560097087544,0.7640248901702411,0.09985621381821368,0.09227010400716898,0.01763423190728883
283,0.02280006518110717,0.704246380676964,0.0989080064888877,0.164133280698324,0.00991226695471739
284,0.19558882286046222,0.5109107619305615,0.003917585756649292,0.15123516360399805,0.13834766584832883
285,0.19902237444118895,0.6448647527092505,0.0053495746209824705,0.1326184698240998,0.018144828404478376
286,0.39723150580052174,0.5016166413189089,0.006654382136879186,0.04957974112148879,0.04491772962220152
287,0.2213823137213313,0.7118474806143417,0.015964433129375382,0.015408927418605908,0.03539684511634583
288,0.37441946022951694,0.5330312259687745,0.003562598018350971,0.07062339586109664,0.018363319922260816
289,0.35321270441667396,0.5894764413034058,0.004791775535133209,0.035226360803854835,0.01729271794093226
290,0.07304803179238707,0.8916558659512882,0.012787341939076059,0.01763791377156678,0.004870846545682037
291,0.08845831754959879,0.5495071542160346,0.2163490193163901,0.017084159476214073,0.1286013494417624
292,0.0338461378135816,0.8054461472879363,0.0840428089410822,0.05596711190257577,0.020697794054824015
293,0.05094919885594796,0.5886973744444487,0.12859821528211668,0.08846344167123532,0.14329176974625132
294,0.03870070334167896,0.8051987806982841,0.08838466055653885,0.048531846778519565,0.01918400862497852
295,0.0390081123146937,0.7130325116261345,0.18921839641057378,0.039917316120150904,0.01882366352844704
296,0.047608481078067755,0.5952545666821859,0.28600943706111526,0.040006894433380596,0.03112062074525049
297,0.06651472236555174,0.6491597567524381,0.2311974811675497,0.01937172128844594,0.03375631842601447
298,0.017471028802404313,0.4078224797186345,0.5391160308362406,0.008744224885153624,0.02684623575756699
299,0.04174737728033502,0.3578811399851623,0.5444647644530344,0.0052849725213351875,0.050621745760133084
300,0.02690576672571,0.6761060680601417,0.2641511232727871,0.004815901734791941,0.02802114020656927
301,0.014608875872427641,0.38849619661239215,0.5712298387640308,0.0022831457092173796,0.023381943041932075
302,0.017954846374911362,0.48636653631566923,0.47680908125240323,0.0032708329703741586,0.015598703086642183
303,0.006417290490332134,0.530211208007716,0.4545873774377344,0.001618119478392807,0.007166004585824596
304,0.011926399285303677,0.3681108168778863,0.6056912967005759,0.0030631918646057002,0.01120829527162846
305,0.029922100510999538,0.2726987461693314,0.6744520355922664,0.002436130133352104,0.020490987594050422
306,0.02032119509382038,0.5418625001490693,0.4266446974688119,0.002080472237679426,0.009091135050618825
307,0.027891136894990006,0.5083196299751783,0.44683868590512393,0.0015188407189472282,0.015431706505760331
308,0.018567813984777283,0.5254227558129645,0.42676559951828136,0.004950997256410467,0.02429283342756643
309,0.08106657906603752,0.30424319177524,0.2682538619079629,0.0022124247555981367,0.3442239424951615
310,0.37438752570451345,0.42405344935961353,0.025426191895354076,0.009128736160519494,0.16700409687999948
311,0.08215778858893599,0.8416636368868288,0.05190773722184783,0.005151702646070866,0.019119134656316567
312,0.03883839043708938,0.8300560863319072,0.10129390843410244,0.004589181831615808,0.025222432965284956
313,0.04528708141856168,0.8335828412842715,0.10556090953421532,0.007234360310238801,0.00833480745271281
314,0.012791982456023065,0.9333177269297559,0.047977212436564054,0.003877968294099345,0.0020351098835575013
315,0.010788856430854317,0.9034573256862376,0.07898362704200391,0.0044168655877120655,0.0023533252531919846
316,0.019578162311962657,0.8777306254914412,0.08921226494698062,0.009441323404334604,0.004037623845280874
317,0.009496129834468254,0.9233066186022645,0.0592279001566148,0.005748236998663016,0.002221114407989497
318,0.02676887911362144,0.8741580298106005,0.07712938502668894,0.01639785403022583,0.005545852018863324
319,0.019006776093870994,0.910051069152545,0.05901626995427559,0.007620473919411763,0.0043054108798967474
320,0.07339903201361678,0.8936894311582556,0.017028166520860533,0.009966905617845504,0.005916464689421432
321,0.043541460549864096,0.9272873972797044,0.018608321823116735,0.004226551571842652,0.006336268775472028
322,0.01253901148314512,0.9085385475569857,0.07392573102662786,0.0025882617778092715,0.0024084481554317878
323,0.03335936561543525,0.9091702081484032,0.04646231750441678,0.007315588403853723,0.003692520327891162
324,0.009545381124216877,0.841190006384565,0.1409944509300603,0.0031056426093411795,0.005164518951816848
325,0.006226103470664159,0.8627029208662533,0.12730034778058893,0.001801429431438987,0.001969198451054795
326,0.019068097534383707,0.5661469843787817,0.4006867416154126,0.005319409409430367,0.008778767061991497
327,0.011759934553774599,0.5186226676385963,0.4594563560836868,0.0036673567633345957,0.0064936849606077145
328,0.010444242128241224,0.6419098300806135,0.3399305292443714,0.002693130408755693,0.005022268138018117
329,0.00458492028873155,0.6716380488447349,0.320447865836141,0.0006866797442182936,0.002642485286174314
330,0.012682460252935998,0.3914326197218478,0.5871199920581778,0.002435530919934139,0.006329397047104371
331,0.015795311371614548,0.7171238340738392,0.2567704956098909,0.0015680695373011964,0.008742289407354381
332,0.004469639587138043,0.5292198601131364,0.46271665428870623,0.0006603288674224555,0.0029335171435968333
333,0.006158901126083277,0.3066441381227906,0.6821111332541477,0.0009703712099908744,0.004115456286987611
334,0.008555212734036241,0.6196629534673306,0.3625636021463718,0.0042612317747843425,0.004956999877477178
335,0.00604872018974554,0.6165839958068404,0.37219296575814215,0.002203344173442662,0.002970974071829374
336,0.010575740158028282,0.45309239011419855,0.5248774796292113,0.006732694700413349,0.0047216953981483985
337,0.04775930167337687,0.809296678153262,0.11976041066328966,0.007950489287002732,0.015233120223068705
338,0.0206632449831169,0.6784690711090191,0.2780485134204852,0.010196336384430621,0.012622834102948139
339,0.04632450989651969,0.717716845088692,0.18193717055992847,0.03229735652177912,0.0217241179330807
340,0.35206059289966257,0.1856896589575921,0.001520284288882376,0.1711332618353225,0.2895962020185407
341,0.42794580563190737,0.3916475010393688,0.004877086616687327,0.10977792877730845,0.06575167793472825
342,0.44840975280895523,0.3346804170925319,0.0016325558938047227,0.14043695768451803,0.07484031652019003
343,0.5623090445533406,0.24588569086111225,0.0001502663508519342,0.16891987514599882,0.022735123088696477
344,0.22062073436334192,0.17066027779056017,0.0002520798600393719,0.5951367435558382,0.013330164430220323
345,0.09667195629488715,0.15126755798352956,0.00020173283647561413,0.7413698292531077,0.010488923631999873
346,0.08585404083014135,0.1138470172216642,0.0003160504805769872,0.7846797055567091,0.015303185910908247
347,0.042337562330585575,0.06984064043460607,0.00013614237875608982,0.8843964333308607,0.003289221525191697
348,0.03913495607213311,0.1403766718478675,0.00016353140863398664,0.816395681567046,0.003929159104319332
349,0.054037289640154626,0.14319433341207327,0.00018350478605228744,0.7969943363039638,0.0055905358577561515
350,0.07064984713714789,0.12003733371041364,0.0001469523263943638,0.8004473034554179,0.008718563370626101
351,0.09733245037656034,0.22369466659398118,0.00022190949317945765,0.6692700786255682,0.009480894910710766
352,0.09193233881334364,0.17627500338593083,0.0006736564743843387,0.7123245060643137,0.018794495262027557
353,0.16315841672311684,0.28520097299651165,0.0005942171459637548,0.5286140576784931,0.022432335455914578
354,0.20014327869335208,0.3510271504992119,0.0014615297212353486,0.4182562589590892,0.02911178212711159
355,0.16446593584955058,0.45579058142999773,0.0017134055379188118,0.3593324861356077,0.01869759104692522
356,0.15255779925498072,0.444166770134289,0.003739451758508334,0.36321476152187565,0.036321217330346205
357,0.14549645768738761,0.4271822621763761,0.002143252512069512,0.3953166036055392,0.02986142401862749
358,0.08469389009372855,0.16613744634189073,0.006106793710889518,0.07966768742454625,0.6633941824289449
359,0.7022960968092326,0.1349716662298199,0.0017875322368987796,0.11679738997476859,0.044147314749280346
360,0.2904946398493183,0.5238248741776933,0.00405150477362481,0.10674319309981914,0.07488578809954445
361,0.3033400125291511,0.5855874047921035,0.012663566102928427,0.06515041952466108,0.033258597051155886
362,0.1806784252803622,0.20593747908664162,0.0011690121034419242,0.10474010216274107,0.5074749813668132
363,0.4395392121067843,0.10629931779375643,0.0004625590638358476,0.2605948122377519,0.19310409879787152
364,0.4680192635117681,0.24008256677117149,0.0007185449061637121,0.2368866765692272,0.05429294824166953
365,0.526027868049614,0.3223789767454312,0.001038552330632018,0.09997392554814699,0.05058067732617584
366,0.06791809070895616,0.03561654346996641,0.0028127818066487217,0.03828031094625559,0.8553722730681731
367,0.5337194976070728,0.030748291119839795,0.0002369870145087502,0.08927469471572907,0.34602052954284956
368,0.413570074255738,0.035888497596969306,0.0001794993388471506,0.043956934592145,0.5064049942163005
369,0.5569601786486572,0.04394245263000646,0.0002289781214628555,0.026378182620092398,0.3724902079797811
370,0.6714379309828106,0.08947459897410469,0.0003400396385796534,0.10571698415449193,0.13303044625001328
371,0.4483478985828628,0.2574011203517414,0.0007516655912507909,0.16448533975307195,0.12901397572107307
372,0.3466681301901397,0.16018213462820602,0.000722214919390952,0.46393891028349993,0.028488609978763273
