epoch,N1,N2,N3,R,W
0,0.00512806207963158,0.0008049257826091283,3.034636888350487e-06,0.0002229995188444986,0.9938409779820264
1,0.009615907512801305,0.006499746686623612,9.408257994200854e-06,0.00028436339940430866,0.9835905741431766
2,0.011612498375303341,0.0017913628899895893,6.068935613745974e-06,0.0005693802964144897,0.9860206895026787
3,0.019839520195995962,0.003508739913388308,5.277310855998893e-06,0.0019376260941391746,0.9747088364856206
4,0.014546721780393594,0.0017174257633036176,5.75242365679429e-06,0.0006092218220993831,0.9831208782105466
5,0.02557490663814113,0.0046446270223509615,1.2701815392029345e-05,0.0016548599525959009,0.9681129045715199
6,0.049824204601270745,0.0036469478388755773,3.804681217028653e-05,0.0008870736889504353,0.945603727058733
7,0.05590318143484873,0.004164165212167128,1.4579102750481747e-05,0.002524306504340758,0.9373937677458929
8,0.06621198741043581,0.012602035639539344,6.440003246753248e-05,0.0027485079496040545,0.9183730689679532
9,0.007229854667567431,0.002617954081483637,1.7290282523460005e-05,0.0005035915391811299,0.9896313094292443
10,0.0693156975466225,0.004423603188237752,2.8248822573674964e-05,0.002478546240727614,0.9237539042018384
11,0.0644653581678239,0.010887752397822411,5.460491977229265e-05,0.0008533043369129739,0.9237389801776685
12,0.0013391371839653915,0.0029786017903139206,0.000797654648316664,5.5424403807134286e-05,0.9948291819735969
13,0.05031169674530556,0.007426681803717202,5.51012776283359e-05,0.002332554772681272,0.9398739654006677
14,0.01988301160056755,0.007125960691834821,3.835423738853777e-05,0.0009728767677265655,0.9719797967024826
15,0.022902432190959315,0.008157008691940892,2.8452354645796567e-05,0.001084635001964221,0.9678274717604898
16,0.002000804676731404,0.0008516484174620219,9.578578494108237e-06,0.00016046921645514932,0.9969774991108573
17,0.009789629593297712,0.0007390226430872315,4.113291694627671e-06,0.0005298587255642022,0.9889373757463562
18,0.00299732326376498,0.0007887970012319855,1.4224999824248153e-05,0.00017005628403671263,0.996029598451142
19,0.0009851843535047446,0.0009336734319150088,3.927031965685982e-05,5.856147911894606e-05,0.9979833104158043
20,0.006660510934175184,0.0035943022887307582,3.472820389794267e-05,0.00033988442950302124,0.9893705741436931
21,0.025113234216892943,0.005905453945729097,1.9633279085683854e-05,0.0011622036725765902,0.9677994748857156
22,0.07426398582326517,0.02247869989132709,8.202674398560747e-05,0.0028476597820111566,0.9003276277594109
23,0.02044503645451436,0.00744257186010649,5.463871180312761e-05,0.00044665434680036934,0.9716110986267755
24,0.09295215565190114,0.012171294183050069,9.960171404898187e-05,0.0007482987889331153,0.8940286496620666
25,0.1651880057963343,0.03277543850295145,0.00015243644715661365,0.00157604911181674,0.8003080701417409
26,0.13562393318508426,0.036237923396360575,0.00021045237926192162,0.0007032913041225186,0.8272243997351707
27,0.06739801862426759,0.03218831646195275,0.0003876893340458144,0.0004645994079153763,0.8995613761718186
28,0.10144636420367738,0.014947051654827764,0.00015040046047146355,0.0004136445863301798,0.8830425390946931
29,0.3655509564724619,0.12016724730366397,0.0010578856642258826,0.0016795408711633131,0.5115443696884849
30,0.4070574596128517,0.12022473767563502,0.0011357639698261095,0.002614702819388113,0.468967335922299
31,0.2657417366597681,0.35110034867220125,0.01179743917121717,0.0022804718704875,0.369080003626326
32,0.21619657254074975,0.42042209483622517,0.0015453828568024698,0.03143994532199182,0.33039600444423073
33,0.04279640895928127,0.09967851763336372,0.018545625802804257,0.0027610298991059606,0.8362184177054448
34,0.016964214511757603,0.21966630244918425,0.06889914614585804,0.0007897568146964052,0.6936805800785036
35,0.0023990971454020296,0.0056360295780309225,0.0007564085304748788,0.00011010665799842759,0.9910983580880937
36,0.003183230892619268,0.002565513142903086,0.0003184849016695519,6.196358442476629e-05,0.9938708074783833
37,0.0038856480303626232,0.005884436225755872,0.000769938914813368,9.382570143443737e-05,0.9893661511276338
38,0.00012922308580480042,0.00015386282566733786,0.0003836628826163389,9.984251978480241e-06,0.9993232669539329
39,0.005423537584565166,0.0007596460188354743,4.528774593030854e-05,0.00011154151684069583,0.9936599871338284
40,0.005020495858241645,0.002093531474957763,0.00010008718620389675,0.00010004939833752847,0.9926858360822592
41,0.0016846574223972918,0.00028361376880330677,4.329970508975399e-05,1.8877463840602136e-05,0.997969551639869
42,0.018493671045013316,0.0015247504491117567,2.7033219948634887e-05,0.0001069964879711078,0.9798475487979551
43,0.1541123437299031,0.006188638317474281,9.055856357468445e-05,0.0017484796856609126,0.837859979703387
44,0.004241630733385383,0.0011154966803728862,0.0003817243684896785,0.00011830712512925986,0.9941428410926227
45,0.008311533438217052,0.0005233321760903416,7.3586909310353465e-06,0.0005723713568056688,0.9905854043379559
46,0.005910941798886528,0.0005746469665548962,8.150382090742121e-06,0.00023114719250183862,0.9932751136599661
47,0.005673693356749957,0.0002996481573415285,2.407700585241697e-06,0.0002215980091871395,0.9938026527761361
48,0.04878000093404561,0.001930535880957688,8.738571854365812e-06,0.000565233193732919,0.9487154914194095
49,0.0039633951997862125,0.002755462781053417,2.99131345634881e-05,5.73917459364098e-05,0.9931938371386604
50,0.0005718941170644705,0.00033896368109825723,7.744748923375402e-06,1.9920970129496846e-05,0.9990614764827845
51,0.024747066559327565,0.00902591874792493,5.102768283691629e-05,0.0007753215179791414,0.9654006654919315
52,0.08949045911168044,0.044417646473567926,0.00013112469943788084,0.0020624592628369163,0.8638983104524769
53,0.010105859035822258,0.0076454120435974285,5.2451230270315134e-05,0.0003195517807448401,0.9818767259095652
54,0.02068917431678956,0.006778058316695976,3.4459789307982536e-05,0.00025095773070721067,0.9722473498464992
55,0.03852034251679212,0.01471348117909237,0.00010961248798455719,0.0006862354313651429,0.9459703283847658
56,0.1295411919475586,0.016122910254800088,7.44130489653865e-05,0.0009783465252949813,0.853283138223381
57,0.06865048838270099,0.01604845707209491,0.00011326344075869074,0.0004377538890767824,0.9147500372153686
58,0.1210653251665735,0.04989845993716406,0.0003125429227402239,0.0011271603025415132,0.8275965116709807
59,0.01087949636360896,0.0069648668923217305,0.0007013167139831439,6.991782957514374e-05,0.9813844022005109
60,0.010239801355854318,0.004586454334260866,5.047933076022201e-05,0.00012199967160269244,0.9850012653075219
61,0.012907320744259754,0.008720535489932029,5.5527601497469487e-05,3.979724846598834e-05,0.9782768189158447
62,0.031009539888078825,0.004763129974435976,7.557037352548857e-05,7.623400262786654e-05,0.9640755257613318
63,0.10148195215372494,0.05080729695641118,0.0006676701495247454,0.00011823300001487384,0.8469248477403243
64,0.2028786204679331,0.1287289716775893,0.0010307161868037078,0.0003351184638928499,0.6670265732037811
65,0.2127426614769496,0.14893128082911183,0.0032779971306064115,0.00032668621602531935,0.6347213743473069
66,0.3636025110740765,0.3098828156028107,0.0034406827301036997,0.002176862129202211,0.32089712846380675
67,0.12988726529306993,0.5851027909433933,0.012754482619111576,0.0012617890186474934,0.2709936721257775
68,0.09270252811439111,0.2430112311553044,0.006315988247072449,0.0018711074951049391,0.656099144988127
69,0.16272668514709282,0.4485223755331235,0.01848077420055303,0.0033591146164757505,0.36691105050275485
70,0.22134779615267103,0.6206405959650892,0.011060899101913262,0.008064285147068771,0.1388864236332578
71,0.21307128780795592,0.4904811826687653,0.016699168584916227,0.007515755636928013,0.27223260530143456
72,0.053908085636013556,0.7958293297686652,0.08565171150471922,0.0017309374499658262,0.06287993564063636
73,0.054540814403417646,0.2560995393937824,0.010107955173086791,0.0020310946930331354,0.6772205963366801
74,0.2508325555983127,0.24850610380960073,0.012811954679328708,0.003503862615978966,0.4843455232967791
75,0.16352597118974102,0.5926897827993398,0.013132870434188664,0.0056520725728842055,0.22499930300384632
76,0.216804287424939,0.3506653025830958,0.015859492935320692,0.0012219936504924622,0.41544892340615214
77,0.22585219147944222,0.30142121096722935,0.0057139809765449,0.0053590020221392426,0.4616536145546441
78,0.1436583833677826,0.6799570399972408,0.03441315925082483,0.0020938607079195614,0.1398775566762323
79,0.0023314957709715044,0.013023561780659637,0.0023865916034937363,0.00018163425654868203,0.9820767165883265
80,0.11061367810863178,0.11624214429673092,0.0011795073229063462,0.0023531519266824456,0.7696115183450485
81,0.21084259093159635,0.5047750821375656,0.012554316411791729,0.006662667314340648,0.26516534320470564
82,0.3081517686434529,0.23932950624073543,0.00209192069603194,0.001476598834933791,0.448950205584846
83,0.17898603626867504,0.47000312211484996,0.011664827204944706,0.0010461051145378168,0.3382999092969924
84,0.01956296210640137,0.033585748443666075,0.004455825427946078,0.0003222874213571205,0.9420731766006294
85,0.0013832957319663104,0.0029280421085718946,0.0017176271426234972,3.305589138724978e-05,0.9939379791254511
86,0.10140348291306578,0.036605364922516634,0.00034650608931077894,0.008295477154145045,0.8533491689209618
87,0.17318741565606965,0.05353499019241027,0.0003334535590930495,0.005908396532514153,0.7670357440599129
88,0.15827509649722418,0.1369949642068498,0.0013084280283785779,0.001571269880339988,0.7018502413872074
89,0.2837582496433368,0.3215884422531353,0.0018332431975605792,0.002037193480092297,0.39078287142587503
90,0.1587251305676641,0.10409428057518608,0.0012934171629491638,0.0024388462059723288,0.7334483254882284
91,0.02041754418110893,0.06846350170936132,0.003491395066493998,0.0003454759940836575,0.907282083048952
92,0.013282897671912366,0.016696476112885508,0.00032117152519461775,0.0009265144667674561,0.9687729402232401
93,0.09395266947234339,0.03253010872969993,7.085933919849763e-05,0.004753870254976551,0.8686924922037815
94,0.14996377215571766,0.021531908060932803,5.9922727146973195e-05,0.0033349353223120666,0.8251094617338905
95,0.08395131373856654,0.014854321696457088,0.00027861204848970235,0.0010226786511942892,0.8998930738652924
96,0.10514935340098905,0.0341352131859554,0.00017856712495711776,0.0008723206079306211,0.8596645456801677
97,0.4864192084950101,0.14764403542963803,0.00047939522823062686,0.012610914399605315,0.35284644644751617
98,0.4326901307931839,0.16253119071122057,0.000647854597137382,0.022310470957163858,0.38182035294129424
99,0.49641651231284606,0.08384755331242094,0.00027961963985166064,0.013600275620754122,0.4058560391141273
100,0.42915336224110123,0.27068642316297,0.002787354121226809,0.006637104374654072,0.2907357561000479
101,0.21795241797968287,0.6744094655194756,0.002144848215926493,0.006418006372519959,0.099075261912395
102,0.1228470446864882,0.8368042633386379,0.0032386956572774427,0.00502121200460296,0.032088784312993605
103,0.19708287799199437,0.64852615458453,0.0036111114756817646,0.05087565039525761,0.0999042055525362
104,0.1380900556404914,0.8162243621553293,0.013202364445527524,0.005716473689227749,0.026766744069423976
105,0.2729049810708704,0.6343166366352714,0.001273552685226057,0.047999991263127206,0.04350483834550497
106,0.12614299063617704,0.8432536136950001,0.010543267808695243,0.004969700640627139,0.015090427219500692
107,0.16168344351915587,0.801963177148666,0.007250585839380798,0.013764727686589713,0.015338065806207397
108,0.05909129669622671,0.9101610357099599,0.02225854813316325,0.002421029101018997,0.006068090359631319
109,0.03556522768831588,0.924971831041374,0.026890885350304317,0.005924051260787123,0.006648004659218568
110,0.03592083534195422,0.924586735620501,0.026381179194829543,0.004843349299692329,0.008267900543022896
111,0.0161890642306041,0.7811852807590499,0.19454101339914828,0.002976668794961428,0.005107972816236344
112,0.01358962701134804,0.8871537809135056,0.09002145971803273,0.0021421648372529564,0.0070929675198604285
113,0.16468119530504574,0.7120250173634657,0.03673214036563229,0.003187370035029286,0.08337427693082693
114,0.024842191350921826,0.8448220345170557,0.12450698782486401,0.0016684957887950207,0.004160290518363399
115,0.052572235853706045,0.8909948369914625,0.04671939724286068,0.0025519746743537307,0.007161555237616921
116,0.05244013851451072,0.8657392414143011,0.07307383262687046,0.0013942854977597662,0.0073525019465580195
117,0.01947046702622242,0.8241498163129158,0.15259263732242795,0.0006655330477453433,0.0031215462906886335
118,0.016288267541141925,0.8513252699147738,0.12636967791555326,0.00046404738964575076,0.005552737238885336
119,0.010487077012967643,0.7769606031753121,0.20906787279009809,0.0005217903536689994,0.0029626566679530637
120,0.005472018272516746,0.6757481887393354,0.3154950631005532,0.00048267268161840773,0.0028020572059762688
121,0.002875069558359015,0.3963803089512462,0.598602288954136,0.0002244545260263746,0.0019178780102323547
122,0.0009438687273655574,0.3669441538998705,0.6306621399559978,0.00016366811521581124,0.0012861693015501488
123,0.0009818406961169864,0.19485298696628292,0.8033868189794307,8.427861134068479e-05,0.0006940747468288175
124,0.0018652073648239209,0.5223018193919563,0.4731443829043669,0.00026080761061429345,0.002427782728238547
125,0.001394504958798928,0.369946949476467,0.6261624541896347,0.00035607144685667223,0.002140019928242624
126,0.00363013549061247,0.3271151587862287,0.6648929424427973,0.0007827762829474021,0.003578986997414067
127,0.003657598487795306,0.34270325265507234,0.6491199176933338,0.0008339326924725499,0.0036852984713259766
128,0.013750212330262962,0.7510828745569476,0.22054811772467758,0.002664237556519948,0.011954557831591685
129,0.005515258528615545,0.45455348072724955,0.5355903124954963,0.0011882664836982912,0.0031526817649403785
130,0.0030816178314491014,0.33452493027468266,0.6591826273153827,0.0011578218736009091,0.002053002704884675
131,0.009100230231018924,0.5316238521952094,0.4486276148435718,0.005093366033973245,0.005554936696226726
132,0.0733929433340299,0.8737314652621655,0.01963070639510284,0.02338822119285056,0.009856663815851041
133,0.021910762588197158,0.868332253689912,0.09237679814986856,0.00996649853815652,0.007413687033865876
134,0.1195601973813122,0.7163665772115175,0.03917340499217314,0.07760203199587368,0.047297788419123306
135,0.1281206964695576,0.7024889697930905,0.023382590719106804,0.05583341650031225,0.09017432651793289
136,0.12327520331946372,0.6796108276132056,0.009306481762752832,0.13866929519960597,0.04913819210497202
137,0.23525135453023394,0.3406224269185674,0.0035291051733123404,0.2299652213370946,0.19063189204079184
138,0.1949935993433221,0.302667594330828,0.001312298148511443,0.39895976576128156,0.10206674241605698
139,0.2591314893527973,0.21862640520744303,0.004679920098270375,0.16383171115540865,0.3537304741860807
140,0.27570988428039217,0.37121429865323813,0.0022675224717119725,0.23792991923785342,0.1128783753568043
141,0.39569384600965624,0.25320336213030364,0.000956067274557093,0.21495779022124292,0.1351889343642401
142,0.2383253552822369,0.15631238540975917,0.0008592143352202604,0.5429995706343319,0.061503474338451644
143,0.34371080368181606,0.4214927957721874,0.001042668051117912,0.1386612624088542,0.09509247008602455
144,0.19897149115241047,0.09964032479409707,0.0004661526214651973,0.17316921647227126,0.527752814959756
145,0.4100265160870171,0.25956953330306504,0.0006242762171961459,0.2384245346147704,0.09135513977795133
146,0.07121575695576328,0.014042644395854816,0.00131832507516463,0.012090253922094505,0.9013330196511228
147,0.6338335999981884,0.11121293839597768,0.00047394285176600927,0.10159497915461324,0.1528845395994547
148,0.6115903526797635,0.17968846724721435,0.0008685808046824329,0.10409053865089972,0.10376206061743994
149,0.6197131338108376,0.19693235370631557,0.0012690310015457194,0.08193819768445823,0.10014728379684294
150,0.19002459419514103,0.4422204645897703,0.0018347793297818554,0.09241026979898619,0.27350989208632076
151,0.397437030145183,0.2355516320392449,0.000898158959324628,0.2923030646439346,0.07381011421231284
152,0.1926021397871016,0.532431286036066,0.003633099222016609,0.16592977632779835,0.10540369862701741
153,0.13415954346892303,0.692656092601578,0.0020081016566034266,0.09617342670301676,0.07500283556987879
154,0.26771811301749776,0.5427746926649991,0.0010392844727531109,0.05785542526408547,0.13061248458066466
155,0.11234224764046703,0.7855917547964547,0.0016520531048443,0.08823635510780611,0.012177589350427719
156,0.32370012478892407,0.3357560979388539,0.0010241532542259583,0.29216430945139155,0.0473553145666045
157,0.19478716201026294,0.6574467636126227,0.0017636237884622724,0.12807099321170493,0.017931457376947364
158,0.10595167219909883,0.7396350101623437,0.007068398448046733,0.12159793170405273,0.02574698748645803
159,0.19582025012714785,0.28442407699750705,0.0006562420127313232,0.4873728869339863,0.031726543928627386
160,0.26968801487677246,0.4608683222720511,0.0015265625801336657,0.21559541729517717,0.052321682975865584
161,0.08765772192666359,0.7945705943966945,0.008620003483810076,0.0725490506829952,0.03660262950983657
162,0.45249056582129127,0.2753630501773919,0.0007777120960792228,0.20929386678700238,0.06207480511823526
163,0.16823305316299628,0.4019472540489827,0.005093866491662441,0.14851442114945604,0.27621140514690257
164,0.21094723081105884,0.5190211020596616,0.0017385685406289058,0.20166755759131313,0.06662554099733752
165,0.34740637345612435,0.3827181247257994,0.0008505231625501881,0.23092997677789429,0.038095001877631755
166,0.17429094946220727,0.4735926206844515,0.007875594077465912,0.08797423722959122,0.2562665985462841
167,0.17898087619822858,0.4689328547864569,0.004507532117335131,0.15201452012023245,0.19556421677774685
168,0.09110457422032428,0.7189426622529833,0.0027312263153703234,0.14924154153790511,0.037979995673416866
169,0.17910138630811454,0.6897489923968316,0.0012079103095572045,0.08474391753206172,0.045197793453434824
170,0.16870603081259922,0.11165882526453011,0.0003193185855481231,0.030803020056089328,0.6885128052812333
171,0.23851950390240825,0.690504452587046,0.0020387403563147193,0.009725401737875347,0.05921190141635588
172,0.257881126138426,0.5664953038835328,0.0034360534726971784,0.01598634594566516,0.15620117055967883
173,0.2765338915025169,0.6338441357611448,0.010097562675746642,0.01862001209037544,0.060904397970216136
174,0.048608606191745236,0.8587150951612977,0.07474132914517702,0.008608907594462197,0.009326061907317705
175,0.11807329043506004,0.4096984195097695,0.006272307656238023,0.017769038094912926,0.4481869443040197
176,0.20467256105118933,0.6744847384446065,0.003761813115516512,0.029964532196487936,0.08711635519219955
177,0.14706393978168067,0.2887179806257623,0.0037363598526313243,0.0138814947298779,0.5466002250100478
178,0.7277230832670664,0.19907190986154744,0.0005207754379607105,0.007239548754786469,0.06544468267863898
179,0.12032251663722139,0.8051369175177343,0.008433119435803486,0.00946032923987818,0.05664711716936253
180,0.38440444962503295,0.4991909493105559,0.002356923529345882,0.03847076740478142,0.07557691013028371
181,0.09687549934931856,0.8314972143909674,0.004471851373752084,0.013118311936765131,0.054037122949197054
182,0.49499216048476874,0.36675917130931357,0.0014422696210150126,0.09612030883144886,0.04068608975345383
183,0.09775646165239975,0.842644600020916,0.008621663609620264,0.011551948764817986,0.039425325952246126
184,0.3023159764290751,0.6280497497027335,0.0018187942201328122,0.03621283499198305,0.031602644656075644
185,0.09047669425945526,0.8700335480542933,0.0023400439512144813,0.024484240314196496,0.012665473420840232
186,0.0169243960840662,0.9387549793054403,0.02533206675768064,0.014830169558414976,0.004158388294397989
187,0.028659863638915158,0.8959557082766239,0.04873942654598233,0.014297256165650946,0.01234774537282756
188,0.08640799415161458,0.29912945346496833,0.006113776132353888,0.02838516671904203,0.5799636095320211
189,0.054598949119017005,0.9089967953830731,0.009175729915536585,0.011102284826644226,0.016126240755729014
190,0.11274571291532752,0.7939191510955639,0.008625420996048178,0.006523746108137157,0.07818596888492331
191,0.050008725931067026,0.8823679928024996,0.03412840275844519,0.010537677168587513,0.022957201339400917
192,0.19159101578012147,0.6906606910988841,0.005482867023671185,0.012904220098445102,0.09936120599887818
193,0.054739408118001515,0.9119576389593133,0.01932022658839357,0.008106507248946467,0.005876219085345042
194,0.03387528048066792,0.9345214598302858,0.019196924490269197,0.008711839353789334,0.003694495844987666
195,0.03055421919692011,0.8860908465718025,0.07447432044867018,0.005754066519713176,0.0031265472628940645
196,0.008308188858239224,0.9066429818830702,0.07969685710783986,0.001788223605560148,0.003563748545290704
197,0.02256653764360947,0.9332320382348943,0.03491017440423849,0.003480502280609001,0.005810747436648732
198,0.021081549281703044,0.8716991210727888,0.09466438837875395,0.002397543795298742,0.010157397471455516
199,0.007175059272124347,0.7677598516120046,0.22273192640289263,0.0003683060160481905,0.0019648566969302796
200,0.013696795988707225,0.83182209690005,0.1490960559909508,0.0006056753906393831,0.004779375729652688
201,0.012710796645960826,0.7807425598178432,0.20045879938040093,0.0006928173777930752,0.005395026778001755
202,0.007828262762127348,0.7902590061352065,0.19622279113058752,0.00041228985486910734,0.005277650117209462
203,0.009046619033335292,0.4628326899083243,0.5244954996547478,0.00022206539757297318,0.0034031260060195436
204,0.004425732583514815,0.5255184657897174,0.4615426293089233,0.001517391961141267,0.006995780356703283
205,0.0014308929473150988,0.3726102052870595,0.6233531410850769,0.0007613392899613677,0.0018444213905872517
206,0.004125546122460604,0.3606092354594505,0.630004311220725,0.0016149870439132695,0.0036459201534507326
207,0.00693744646344982,0.40112978590732923,0.5840039115890996,0.001908078670974474,0.006020777369146847
208,0.004999925417018235,0.2256082369203913,0.766561823265797,0.0010040197029772325,0.0018259946938162758
209,0.001493267005568619,0.09064832558021989,0.9027574561317186,0.0016635476178275832,0.0034374036646651744
210,0.0012246822630670778,0.19338085186264817,0.8028462367388843,0.0010242268776388826,0.0015240022577613938
211,0.0016447915856632504,0.0697679098721499,0.9246868058284234,0.001518271002682917,0.0023822217110807137
212,0.0039869249338911365,0.13993824521265813,0.8539350146656111,0.0010037341926313597,0.0011360809952083264
213,0.006054085651680777,0.19029008623399685,0.7997806233257655,0.0015471300092313022,0.0023280747793255336
214,0.004573464306428552,0.10659476437169903,0.8838482441691955,0.0024553127632149264,0.0025282143894618915
215,0.0036394109393730295,0.11088846318262374,0.8821909012764302,0.0016656185239019934,0.0016156060776710863
216,0.02177199143708848,0.1765415512820418,0.7909320601687514,0.0051413365772645155,0.005613060534853842
217,0.007107255906297951,0.12226464377701868,0.8651066670500783,0.0026197865399057905,0.002901646726699266
218,0.0026219576283437523,0.09266300070125252,0.9004029195541766,0.0017299064195562932,0.0025822156966708084
219,0.007869521801722313,0.14130741552704268,0.8428184694587278,0.0034789605063161094,0.004525632706191227
220,0.0009768580457457964,0.09355428675424995,0.903178678543,0.0006472363461742833,0.001642940310829913
221,0.0013256392218314553,0.07834634779010323,0.9180544011830735,0.0007327490724009862,0.0015408627325906507
222,0.0021548579435480375,0.053454786249877276,0.9411335645093893,0.0015056211427771377,0.00175117015440825
223,0.0018733445135429316,0.08354295398765627,0.9117465816343465,0.000491126158232637,0.0023459937062215133
224,0.0021661512057813115,0.0688939357393492,0.9272870310252054,0.0007550059565279203,0.0008978760731362716
225,0.0007339621876527372,0.057243321477503654,0.9404032372708677,0.0007259378972095408,0.0008935411667664936
226,0.0004946278745786767,0.03301816381799573,0.965281258982536,0.0002374765201269133,0.0009684728047626063
227,0.005726471000864523,0.19674675249349782,0.7888751450537371,0.002645560373688891,0.006006071078211635
228,0.0024023735410070445,0.06895302780390253,0.9245990132438805,0.0009697828214589544,0.0030758025897507737
229,0.00036788792176143124,0.04497326894415901,0.952404292293959,0.0005858103251949697,0.0016687405149255043
230,0.002915192557337685,0.10552964191869274,0.8869249042713419,0.0011230853378222986,0.0035071759148053547
231,0.00028961026771345827,0.025967051644580578,0.9723812083013169,0.00024729408946150885,0.0011148356969276124
232,0.005599023963262128,0.19752486769529942,0.7855925320709275,0.002372768384559923,0.008910807885950998
233,0.0018348177152194343,0.1142742408871891,0.8794407499360859,0.0008896560791166746,0.0035605353823889214
234,0.0011118251450760398,0.03729566097311045,0.9578243947545502,0.0005309017867601305,0.0032372173405029194
235,0.0014773309925620183,0.06422315560790307,0.9307212544047367,0.0009406239601261793,0.002637635034672142
236,0.0006510666592479782,0.03950845320533703,0.9579349282931163,0.00043708108907184037,0.001468470753226791
237,0.0013396402851344933,0.08834306465121683,0.9063721052222036,0.0005918084261499095,0.0033533814152951736
238,0.0005024807499477743,0.07509242918059887,0.9228294529781573,0.00040849140278255685,0.0011671456885136578
239,0.0020668458920590715,0.07202299209591914,0.9235912704960041,0.000667728817669844,0.0016511626983479067
240,0.002932974389045278,0.08444694967205987,0.9084886234991735,0.0007917699113842441,0.0033396825283370456
241,0.000567179514005843,0.040871496903376305,0.9566440836732125,0.00022766510534957707,0.0016895748040556284
242,0.00029129728678001097,0.04781646062315355,0.9501470303207816,0.00011389834738295061,0.0016313134219018905
243,0.0005281774392727519,0.033072093236864,0.9639835507379485,0.00020388757120694742,0.002212291014707893
244,0.0005351619049132261,0.024920926317545014,0.9732749198394025,0.00021484939007337174,0.001054142548066129
245,0.0003019520462318534,0.023384201426203025,0.9747263662216388,0.0003066378780985397,0.0012808424278280134
246,0.0006971436380499935,0.07281575955431947,0.9245164674321167,0.00026199822893525416,0.001708631146578673
247,0.000443305951722997,0.029089023677689858,0.9692280287830117,0.0001237473249163432,0.001115894262658999
248,0.00411479185441162,0.14403452754916413,0.8478662758186327,0.000679567070971045,0.0033048377068205844
249,0.0013747082378092923,0.037988169491122964,0.9583169555333912,0.0003296753931899844,0.001990491344486436
250,0.0014636210031757331,0.05790691851196102,0.9354284458257605,0.0004250526211994839,0.004775962037903328
251,0.001440433341806578,0.10021801463607295,0.891727134883732,0.0005093569813820514,0.0061050601570062715
252,0.005122005435428892,0.1375778075378867,0.8456741050210531,0.00035393616669001277,0.011272145838941318
253,0.004282495135585146,0.1331629329864123,0.8530725898984329,0.00021359827400936415,0.009268383705560278
254,0.003503558482626552,0.10663225710074263,0.8831932358009782,0.00025055927738793963,0.006420389338264693
255,0.004553240799889865,0.12157723396345756,0.8584624769254855,0.00043021283947499887,0.014976835471692115
256,0.006884572300534101,0.20523241141134044,0.7745187443925154,0.00044677588910627147,0.01291749600650384
257,0.0017053201217400787,0.03929279351478413,0.9541608914969069,0.00010573792158741555,0.004735256944981579
258,0.002320731559964173,0.10487423308075891,0.8876616995763242,0.0001611942468386314,0.004982141536114036
259,0.0076681910072451094,0.2048905742996542,0.7759425436143489,0.00030306060251287983,0.01119563047623893
260,0.0014054086109612741,0.09065304157795963,0.905427553656767,0.00014094534403610886,0.0023730508102760665
261,0.003994725394906232,0.10246390173439741,0.88354089376486,0.0008185025997344875,0.00918197650610201
262,0.0013728609959852284,0.04178001457534215,0.9545501754127711,0.0004197861396014663,0.0018771628762998462
263,0.0006823082818268458,0.028916819353161094,0.9677822265080448,0.000433704857343884,0.002184940999623347
264,0.004801209359206675,0.10309875235744148,0.8835597470982932,0.002583370147461534,0.005956921037596939
265,0.010771104568001726,0.18368262661902,0.7974517840398601,0.002876284473365319,0.005218200299752915
266,0.011664791578415346,0.31545362317936115,0.6427495880621686,0.0025973770557496155,0.027534620124305048
267,0.07310124968305326,0.8495921095399892,0.03310106912811253,0.012116213591985487,0.032089358056859585
268,0.1170104285628213,0.7163755006905159,0.023409787609459946,0.030455136754308137,0.11274914638289481
269,0.07805326190317,0.8512333718772819,0.011471725618817975,0.023280921226208857,0.0359607193745215
270,0.08934099047079219,0.8503017027451916,0.009278143966182647,0.03196158525822472,0.019117577559608873
271,0.14768923897652847,0.6422781166002575,0.005916929550318679,0.1700792127150574,0.034036502157837975
272,0.08188216127903761,0.7544375109201653,0.02168685872909544,0.036346621452501456,0.10564684761920026
273,0.2923723921652075,0.574067011485673,0.0032439755377634185,0.08573833639910532,0.04457828441225078
274,0.15757313692258149,0.7509175531400155,0.014485065691228528,0.04501965847404129,0.03200458577213312
275,0.22355589559490396,0.40567542380392546,0.021369935345149967,0.12281915904222172,0.22657958621379892
276,0.12070056153284872,0.7687944243161146,0.007523317590644807,0.05121986218338176,0.05176183437701028
277,0.1793974430949744,0.7106306050222272,0.012275908931446214,0.04178970944971695,0.05590633350163524
278,0.40119767041216,0.452835518680747,0.0033786338886538704,0.09194579814023604,0.050642378878203144
279,0.11254646196588759,0.7730310138723896,0.014512275411293497,0.08079658057526706,0.01911366817516216
280,0.19227640259856443,0.6048639024224169,0.0016606412893062446,0.10996627294758843,0.09123278074212392
281,0.23480499565735363,0.6836927283272567,0.01054133711159461,0.042196742383314376,0.028764196520480744
282,0.11359765639697521,0.6903071746692395,0.0072159959083004455,0.16933945282562,0.019539720199864757
283,0.20704168749287832,0.6923049003698261,0.007734346549265507,0.06449985560359295,0.028419209984437047
284,0.0757040012466459,0.8397180041707636,0.012125713083759506,0.0603529282107305,0.012099353288100622
285,0.12272567041241117,0.6818204811107459,0.009019866567397911,0.15841664787793902,0.02801733403150585
286,0.052053244149161716,0.8346640093928639,0.025699454549603637,0.07207786956361428,0.015505422344756636
287,0.16195894246541065,0.7085354414174184,0.013985899961640274,0.09237169378949073,0.02314802236603999
288,0.1341607580051293,0.6606277936219718,0.010004348968081994,0.14885144056544236,0.04635565883937472
289,0.08132222639845055,0.5686981218517494,0.022623320597384713,0.28530918614876233,0.04204714500365299
290,0.24377930212077048,0.4140282684737486,0.004446586301224446,0.22236741527635095,0.11537842782790562
291,0.1284773457399372,0.6277688310725491,0.005212011834433983,0.23124531055267064,0.007296500800409015
292,0.16448321988560227,0.27535324022804897,0.011472408716144735,0.06359275508453872,0.4850983760856652
293,0.3546117331616658,0.32992656075529525,0.0034797653477440923,0.211006660720693,0.10097528001460189
294,0.05648268722678743,0.42105284236890256,0.037680467627940854,0.04171233895882622,0.4430716638175429
295,0.32444946992414714,0.16825399814357708,0.0016718583919062711,0.03584040747301009,0.4697842660673594
296,0.42153170845764387,0.33076618027746474,0.0027301153258771946,0.052608020121406675,0.1923639758176075
297,0.24736589919659752,0.5326268220442257,0.006936950896500582,0.06785454164184455,0.14521578622083173
298,0.2822675331591576,0.2311877936937484,0.0043366537085925425,0.06061070578776998,0.4215973136507315
299,0.4311682811623989,0.280312661314454,0.004430663842048127,0.20116065514366982,0.08292773853742923
300,0.14790349878059605,0.25596838344882167,0.04990015445243325,0.03317176997822054,0.5130561933399285
301,0.49544222365041546,0.26375880283350456,0.001145119999149776,0.07510672772483194,0.16454712579209838
302,0.600659773045178,0.20896589511575647,0.0027982745604047446,0.10991541885869607,0.07766063841996458
303,0.35300455585897794,0.39048060371843424,0.04120338645025376,0.04419795862133329,0.17111349535100093
304,0.2901308470340691,0.585556252180897,0.011605557496359158,0.04872199881317936,0.0639853444754954
305,0.2300630466094766,0.6328047642511904,0.039283834570031435,0.05882712790021615,0.039021226669085515
306,0.08037124928254227,0.749532637871106,0.07509522011547609,0.07414216993883449,0.020858722792041238
307,0.0355459019059233,0.8327350626803326,0.08085825987795511,0.0388041032503274,0.012056672285461482
308,0.048277444739993194,0.771142532237573,0.07414049259807459,0.07424974233351045,0.032189788090848784
309,0.028447079011501397,0.8277520242656811,0.07929137463269072,0.05653168048547064,0.007977841604656127
310,0.05737214099803598,0.7204849434818499,0.15555411324338245,0.03456009652810996,0.03202870574862178
311,0.09382540415580938,0.28072604467887974,0.1798588480210155,0.08640254637873335,0.359187156765562
312,0.16820398776943052,0.14254025132730835,0.05651268060506293,0.07155006243040983,0.5611930178677884
313,0.21492850730413887,0.526804638027664,0.009005491555559375,0.07094775567638957,0.17831360743624827
314,0.1901226190651167,0.08811003455155997,0.009824347377484539,0.02224870825021039,0.6896942907556285
315,0.5077032945197698,0.23015131077732323,0.01134619848706052,0.051508721994738334,0.1992904742211081
316,0.4072047789174287,0.3037753441055657,0.008435510315902232,0.06184726329452362,0.21873710336657984
317,0.22036644253693394,0.620626449484232,0.05419087960243191,0.013803672066390814,0.09101255631001133
318,0.448556710544629,0.3457885744804091,0.022729199071413544,0.09453800679893669,0.08838750910461171
319,0.08813586714679994,0.7285779742389011,0.07654291658280296,0.020562909785097026,0.08618033224639905
320,0.07032874503536655,0.7471449996271481,0.05759517643332604,0.047484331252458,0.07744674765170138
321,0.28916386452779297,0.49568120818899863,0.025278616658019257,0.11130607948010524,0.07857023114508387
322,0.06383488206070963,0.8603901319858637,0.03353595662531253,0.027424113133120456,0.014814916194993859
323,0.22568221985458525,0.6579576008404752,0.042478374981619584,0.027556820127778752,0.04632498419554122
324,0.040666932536876116,0.8996436302562087,0.04696852068737095,0.008010364102763963,0.004710552416780143
325,0.10510287045360152,0.7448340169723127,0.08913082194496715,0.04098814586423759,0.019944144764881138
326,0.06129096139938291,0.8476676650032413,0.021626212773787845,0.03742287765143066,0.031992283172157354
327,0.026616940571304475,0.8716233940173882,0.06725922127447631,0.018262003710162296,0.0162384404266687
328,0.15496143353404526,0.7542016235928769,0.006133421204321622,0.057370498970206824,0.027333022698549356
329,0.0521882060672298,0.883787648117945,0.03626108301310628,0.017195079362532412,0.010567983439186406
330,0.1467590617886994,0.7197186370758919,0.014458495316005977,0.041432314975875184,0.07763149084352747
331,0.01632989530324703,0.9049653341372227,0.06276548602547816,0.006825461868112015,0.00911382266594
332,0.28293302076744414,0.6653201690008137,0.006579797517078475,0.02396153250834005,0.02120548020632384
333,0.048050723879343976,0.8998931805682733,0.037607258879429215,0.00840972761112333,0.006039109061830018
334,0.031211712070445638,0.8647654084392602,0.06993166173563023,0.007626841336497776,0.02646437641816649
335,0.07993707289296105,0.7887754213288745,0.010689510886517716,0.013260410542382646,0.10733758434926417
336,0.09012034800852016,0.8668305690113197,0.0063651260385238825,0.01364061423928216,0.02304334270235414
337,0.13832894983000354,0.806016877069173,0.025911267120220963,0.009962672633201415,0.01978023334740108
338,0.014414504390020125,0.8761164063330382,0.0950787714657698,0.006923124927244215,0.0074671928839275346
339,0.047685669394016125,0.8443152582869459,0.03175161496812534,0.031520250352881224,0.04472720699803145
340,0.2639558408692923,0.260685129582213,0.005661488423608824,0.03683857618198792,0.4328589649428979
341,0.23309555243476665,0.37369038604709826,0.003054012982531673,0.12387570172037123,0.2662843468152323
342,0.3431800351652014,0.2770752815915482,0.002587216829700799,0.04634151634831272,0.33081595006523673
343,0.42967671625108467,0.2614940668158353,0.0007682167561203167,0.06182172408371579,0.24623927609324398
344,0.3187959115790132,0.5282496908794326,0.009441252463938636,0.09411681292205476,0.04939633215556064
345,0.18073022810340214,0.6153212573748232,0.010738773368698822,0.0961350566698525,0.09707468448322343
346,0.11989187529354965,0.7371098163265902,0.007087795184318345,0.08899403322613429,0.04691647996940754
347,0.22902046026393152,0.4450460872640046,0.010439061571106655,0.2023387862459756,0.11315560465498173
348,0.14824531129861726,0.6382405267650416,0.04108540802976279,0.04820904759614173,0.1242197063104367
349,0.19941216765098987,0.6567942360871912,0.003984169181359713,0.07825216820387641,0.06155725887658287
350,0.1965230994596066,0.669173136088807,0.0029857058045152543,0.09772887775652243,0.03358918089054879
351,0.04553667618849848,0.09718188413129229,0.01365959308329636,0.026225379170530673,0.8173964674263823
352,0.3419319447202157,0.08104443729855991,0.0007345498961249351,0.06250951417566032,0.5137795539094391
353,0.024902349404375322,0.013310322706630583,0.0006078055900719379,0.005005429789228762,0.9561740925096934
354,0.3438476934106577,0.07126257360759711,0.0010885439792350652,0.03252556125286821,0.5512756277496419
355,0.11597853550971421,0.06915260528615935,0.006645642956820676,0.010856305368550326,0.7973669108787554
356,0.11601335408512439,0.053468084343381225,0.0006627076817913665,0.023030820665394004,0.8068250332243091
357,0.3935183121042193,0.08640673591255209,0.0036010072273452063,0.04082492673312646,0.47564901802275705
358,0.42038382466856933,0.10245701819166328,0.0022326942337793742,0.07883286001202276,0.39609360289396517
359,0.34309147299720416,0.18547000908393216,0.002787749933860515,0.2234290053254882,0.2452217626595149
360,0.09690596837179372,0.12671972975516493,0.00162725180039806,0.6939095283407222,0.08083752173192116
361,0.04816196031480347,0.26106294451961404,0.006593285478294012,0.5873639034850366,0.09681790620225178
362,0.1815204027121287,0.1495839692646112,0.0003519483933944584,0.6481236669129454,0.02042001271692029
363,0.20041883695905122,0.18666584937966865,0.0013244961407786926,0.14025460444272309,0.47133621307777834
364,0.41985560757279444,0.23999033386698582,0.0009096389517998255,0.24278535940779275,0.0964590602006272
365,0.19562082991843313,0.27650966322154275,0.002685630240480557,0.3474896850267747,0.17769419159276884
366,0.08860974542723674,0.561859066336776,0.01418415149447774,0.07997065238673227,0.2553763843547773
367,0.37394745565156995,0.23970840680188335,0.00045314460429171676,0.31171016187703604,0.07418083106521878
368,0.09666651888169076,0.47125752088866274,0.003164857811611051,0.07147063229625776,0.3574404701217776
369,0.19839827882994596,0.19632697974296504,0.0012271156940259265,0.08382984213940725,0.5202177835936558
370,0.20695901043420328,0.031497557217651184,0.0011261660163256653,0.10308875010823548,0.6573285162235843
371,0.5265046797183547,0.0920851397947664,0.00037460568946022683,0.1657448849178109,0.2152906898796077
372,0.33888394136134076,0.07515703745818597,0.0010518044157416927,0.1174715984827589,0.4674356182819728
373,0.6082966961213889,0.23532300593183325,0.0011547195507968693,0.03981279959757174,0.11541277879840912
374,0.31560519456029834,0.4467359915756539,0.004577323055748617,0.10599778216175673,0.1270837086465422
375,0.06105109961662234,0.8239361135512122,0.06308384669880716,0.04113627569687984,0.010792664436478423
376,0.18078168284468288,0.5830438175911561,0.0013391602661809987,0.10843989213771303,0.1263954471602668
377,0.053952035591145434,0.8185723619934864,0.014478100506167114,0.07651952640936992,0.03647797549983133
