epoch,N1,N2,N3,R,W
0,0.0029101607174310887,0.0009482400965992331,8.239598869368785e-06,0.00029228141394966575,0.9958410781731506
1,0.009418476612213986,0.0024846814763819568,0.0003858233514496323,0.001025979116502101,0.9866850394434524
2,0.0031751345597269675,0.0018824680498731982,0.00021244019082190417,0.0004220110020652177,0.9943079461975127
3,0.007344496816664938,0.0022222003509521525,8.957780165355606e-06,0.0004717934740231091,0.9899525515781945
4,0.010822535190099918,0.004695532443517934,1.034303114581963e-05,0.0007903722529309612,0.9836812170823054
5,0.0075239475313567524,0.0017876551581631074,0.0003695975234527523,0.0008702318438595674,0.9894485679431678
6,0.0032195666894561784,0.0007612086923968933,1.7567171450215963e-05,0.0004956738527087515,0.9955059835939879
7,0.0030089519844479287,0.0007541474717026856,7.153608448319927e-06,0.000341646887433604,0.9958881000479676
8,0.004053593375252932,0.0014837357029930144,1.0130413323951845e-05,0.0023538398271060338,0.992098700681324
9,0.017446362735538373,0.007429427890633523,1.6266467131082496e-05,0.002297561369340601,0.9728103815373564
10,0.053691162254589454,0.03853033745549196,5.856605972330523e-05,0.0033390827943804106,0.9043808514358148
11,0.03291130627196286,0.005318024683150296,0.00014836263975677018,0.003973474514683352,0.9576488318904467
12,0.0425182385499279,0.08354207353102437,0.0013270900942229176,0.00784018930016431,0.8647724085246605
13,0.025016460522858525,0.027748693097888657,8.440830993025947e-05,0.008209505978423112,0.9389409320908995
14,0.050469852241843936,0.1516797367657004,0.00047329490573201914,0.0023716398138042476,0.7950054762729193
15,0.057951806188175775,0.20790671807793715,0.00011648849670885276,0.008587132956642885,0.7254378542805354
16,0.04267199728750603,0.3438079084557272,0.0019275336233903551,0.002947846957524958,0.6086447136758514
17,0.07067964079107836,0.21404042159770054,1.1045487163069933e-05,0.012134571406702977,0.703134320717355
18,0.03704278660164384,0.49628764149248306,0.0009286385145774763,0.004904288240154657,0.460836645151141
19,0.024237531380267505,0.4999006850416708,0.009342582820593245,0.0032711774178821253,0.4632480233395862
20,0.018966312483657138,0.6081275272832263,0.007303729469495291,0.0034922986935367094,0.36211013207008447
21,0.016271271162565423,0.7400804321854371,0.0032060288586271126,0.007334517708334865,0.23310775008503545
22,0.03404156381726301,0.6184471813192495,0.0010467068989139453,0.03483123971028057,0.31163330825429286
23,0.02408163374184397,0.28375098493101536,0.018660953025439637,0.00878223951322629,0.6647241887884747
24,0.10397576189347069,0.5403548734915029,0.00032630649623579275,0.01891392843189034,0.33642912968690036
25,0.026051683530455814,0.41412080152690567,0.009621871440077484,0.0032731655011578446,0.5469324780014032
26,0.04064272923464382,0.3928883494019284,0.030566434988674347,0.004576683788199834,0.5313258025865535
27,0.03929738410877574,0.5000895838645266,0.015309547127260008,0.0018657558768786066,0.4434377290225589
28,0.02053862511707429,0.42251421975831793,0.006687956717817446,0.0014576964306671563,0.5488015019761231
29,0.019308274425010524,0.15905441079048258,0.008915500479578672,0.00022185325054404777,0.8124999610543842
30,0.08474507060804443,0.11013180356393298,0.01660623907255019,0.0006717366703464024,0.787845150085126
31,0.021645379225897866,0.05787753476326836,0.001333105720406803,0.0007422495008119587,0.9184017307896151
32,0.07000244360891877,0.04447492432358217,0.048192399983444385,0.0033895772025254014,0.8339406548815292
33,0.021823588000736385,0.009661834841745943,0.004274632579958713,0.0008512810924819083,0.9633886634850771
34,0.006672115647337831,0.0092882146507749,0.002173221245882012,0.0003701274792100975,0.9814963209767951
35,0.01163495176990085,0.001559005265195905,0.0014105537428319773,0.00023149303039644978,0.9851639961916749
36,0.02003176871911225,0.009249115500714684,0.007921661354063815,0.0001604203832032358,0.962637034042906
37,0.046578265578971816,0.01283447866173245,0.002673488831457863,0.0007591593576661507,0.9371546075701718
38,0.01378379365852196,0.0039055895662783997,3.5797094006545697e-06,0.0010453260034839326,0.981261711062315
39,0.03168142019664658,0.004350669496803781,0.00033451682872359326,0.0002785721910042027,0.9633548212868218
40,0.07287017769193489,0.003016269850759815,0.018551110427710793,0.0008077737169660222,0.9047546683126284
41,0.03165135430049249,0.03550644071366334,0.001430851712514323,0.0012573009218586997,0.9301540523514711
42,0.04731939627759113,0.033792312752606184,0.0029522956295769346,0.0018726239304962587,0.9140633714097295
43,0.023972152169664487,0.006083119112602325,0.30074471072351405,0.0013437056374976683,0.6678563123567215
44,0.00459783174014973,0.008272770121720566,0.1270619645258597,0.000282939091827585,0.8597844945204425
45,0.007129857128936597,0.0009121813825056012,1.5341052800879823e-05,0.00013316867194315313,0.9918094517638137
46,0.02343825789975877,0.002231396650401444,0.00021467551718984073,0.0004451824988483807,0.9736704874338017
47,0.07213807648740907,0.022852982091096163,0.0011358922119954107,0.0001604653156676561,0.9037125838938317
48,0.07912348489090076,0.00740451753269153,0.0009681358536940244,0.00037807204395643015,0.9121257896787572
49,0.02896210300755058,0.01680497916888837,0.015992071881916838,0.00013445477461221302,0.938106391167032
50,0.029085229113734207,0.01576481302276492,0.018208073529861007,0.0012468652552464527,0.9356950190783934
51,0.10974657776073067,0.03326772453145354,0.009037576665502292,0.0015001013553970009,0.8464480196869165
52,0.028432362183277063,0.053325807641655995,1.8793572890803262e-05,0.000978766115742499,0.9172442704864335
53,0.06128068451920071,0.07418289807298577,0.05099720952944803,0.000693271437423519,0.8128459364409419
54,0.0815465774175287,0.01900636877865852,0.005023029158286969,0.00032591879282610443,0.8940981058526997
55,0.047385557242216166,0.00889959728370935,0.014660450744614096,0.00019518785374572295,0.9288592068757148
56,0.01481043014740736,0.0017937397846155118,0.001301970060155965,6.169017383488983e-05,0.9820321698339863
57,0.1876172047736837,0.02305637968183982,0.011900644281080322,0.0003428461797931105,0.7770829250836031
58,0.16723453031359958,0.0770152021384095,0.08905177399173095,0.0004139623734743965,0.6662845311827854
59,0.0076418329938238395,0.0744765241297467,0.028630043065054428,0.0003738175192015878,0.8888777822921735
60,0.24460830554085558,0.1196925538778548,0.1609172728521031,0.0008737491208057887,0.47390811860838067
61,0.09257157861395625,0.24027887991338032,0.10120293515331853,0.0011453814440001671,0.5648012248753448
62,0.06513278223809987,0.10065407047379177,0.05938063125899507,0.000744240154295842,0.7740882758748174
63,0.08310757771427406,0.04660669035620652,0.06120863286599681,0.0008673639964383934,0.8082097350670843
64,0.07581312349392959,0.08377858408793437,0.1260650289379689,0.0004243877492404475,0.7139188757309268
65,0.10510003389644017,0.11744922812564716,0.1937786864829973,0.0006924422380475855,0.5829796092568678
66,0.0983915856128995,0.16718260663398724,0.02077942082682498,0.0006800216109919695,0.7129663653152962
67,0.31161073194963734,0.18530081116242045,0.1499211327341526,0.0008549383357185651,0.35231238581807095
68,0.04861408333316181,0.2163683703879443,0.07855484317200019,0.0008564681461021812,0.6556062349607915
69,0.111102924485298,0.22800947909037292,0.09170789055202026,0.000999775451843905,0.5681799304204649
70,0.3492363323462149,0.22626373936047073,0.08175849161975597,0.0016432791178585997,0.3410981575556997
71,0.0733125380207142,0.38473546044615575,0.09276804234134972,0.0019750353936940543,0.4472089237980862
72,0.16736692581005796,0.334958843030896,0.06139374544128587,0.0031607263294840832,0.43311975938827596
73,0.03308632007441133,0.3519127324104328,0.14901183911646146,0.002174181003728206,0.46381492739496627
74,0.11422315993098757,0.4228781442536978,0.25478141352288225,0.0014046724241422613,0.20671260986829032
75,0.02824781996896977,0.2292471834260659,0.2023108634325584,0.0003441520652852963,0.5398499811071206
76,0.051530681646825435,0.48290670441766226,0.17117167723076482,0.0008087385832181514,0.2935821981215292
77,0.04546811501731835,0.46926540053259713,0.19540743890925824,0.0011117476476275045,0.28874729789319875
78,0.01832490952057739,0.3359870161394424,0.2743856543756024,0.00045527380004469674,0.3708471461643331
79,0.10696606470052628,0.5716761407887837,0.17650417204129207,0.0011587408121442446,0.14369488165725375
80,0.004749935853146909,0.18554585937834298,0.7768852698280951,0.00028106908534770753,0.03253786585506727
81,0.08660450814555466,0.4663215907774384,0.3650037148282013,0.001904669965702183,0.08016551628310353
82,0.03358864494911061,0.3843635150144538,0.46984831935591015,0.0012917620159118997,0.11090775866461368
83,0.027484006717283023,0.361485983515976,0.576504033159973,0.0008703343058085893,0.03365564230095925
84,0.010292130727023716,0.20184144471129895,0.7616348664441933,0.0005889416524592291,0.025642616465024994
85,0.0024814312131307024,0.11582905434160888,0.8631222809643737,0.0002681061140882858,0.018299127366798416
86,0.0022650146042573196,0.15476004505988716,0.835090184892261,0.00040074718140324704,0.007484008262191151
87,0.0015791361178598322,0.08939745970780769,0.9014075929099824,0.0001495041871916301,0.007466307077158569
88,0.0016948244851339826,0.11114051151797535,0.876183010169221,0.0002051914431282225,0.010776462384541531
89,0.0029503746610725365,0.07674604995360614,0.9166843881178377,0.0002698951878514386,0.0033492920796322294
90,0.0005818993777059618,0.058582061345023674,0.9382806146545053,6.141162827236062e-05,0.0024940129944926314
91,0.0018400856278228503,0.06735146542122995,0.9242990276821481,0.00029982339088481774,0.006209597877914054
92,0.00616842080913784,0.09265843933384285,0.893239236091716,0.0009362943118434926,0.006997609453459988
93,0.000690972595079705,0.037168338128024656,0.9567894463350342,0.0002801065562832922,0.005071136385578264
94,0.001253250152574843,0.11513879130922614,0.8626306078653214,0.0001886379977440355,0.02078871267513356
95,0.00873474677248138,0.29492191278498026,0.6499767111399626,0.0005189158986579832,0.04584771340391786
96,0.0008035049662255056,0.06236359931857013,0.9308554034367077,0.00015945886089841656,0.005818033417598191
97,0.0029734703623993464,0.09855642549780862,0.8884079213329168,0.0003131238753628085,0.009749058931512495
98,0.00035960633640447513,0.03824186785814449,0.9585129387764623,8.553314399066935e-05,0.002800053884998253
99,0.00031345816366685776,0.022129860917796965,0.9755936897843238,0.00012474944293303919,0.001838241691279291
100,0.00023956807526209805,0.020371227408294855,0.9778004193595031,0.00011777637633437079,0.0014710087806056077
101,0.0005324297411353126,0.09476659824069436,0.9001489747594412,0.0001585484952280473,0.004393448763501124
102,0.005379058241161683,0.08199257401444321,0.901244053995055,0.001252339725647052,0.010131974023693013
103,0.0002648585170104458,0.022042522210932277,0.976078508020608,9.619036084016004e-05,0.001517920890609032
104,0.00020351348026571666,0.02084546683785611,0.9777477465506456,8.294433781597364e-05,0.0011203287934166838
105,0.0002760090647624556,0.02022266314590212,0.9776407341415226,0.00011045584280797467,0.0017501378050047958
106,0.00043806110449035214,0.04904390017621716,0.948599816859121,0.00011842342241296467,0.0017997984377585712
107,0.0003901685049676866,0.05412431034004888,0.944038081457868,0.00012359282641740378,0.0013238468706982438
108,0.0004290736005826278,0.04763279882729777,0.9506048101763106,7.69168168353276e-05,0.0012564005789735724
109,0.00011363929408455293,0.019887979165260163,0.9790131897663091,4.750265614025983e-05,0.0009376891182059082
110,0.0014192059622467731,0.04094760606177095,0.9519718632934334,0.0006745438865518272,0.004986780795997079
111,0.0005760579549917864,0.049361848485784204,0.9455257658051159,5.287922681382702e-05,0.004483448527294184
112,0.0001660475565627952,0.025032257230580116,0.9739873633742524,6.39923206603584e-05,0.0007503395179441172
113,0.00015651947046494105,0.011808388557667707,0.9860703523895678,0.0002268956941785658,0.0017378438881207904
114,0.00022336829807962697,0.034876074602179744,0.96296243804627,4.667877396993148e-05,0.0018914402795005166
115,0.00019891543151694582,0.05530641186568005,0.9427490382957985,0.00011543995972307266,0.001630194447281597
116,0.0008015849924447533,0.026798347196670267,0.9684837462817609,0.0003487149056581878,0.0035676066234660068
117,0.0003855592580667753,0.02078100128455149,0.9761859349036835,0.0002076359117785993,0.002439868641919622
118,0.00019043033237639228,0.02206973548538332,0.9764022830768401,8.002483968383153e-05,0.0012575262657164446
119,4.379938199876589e-05,0.01565726217275741,0.9835504566039731,4.260331876011307e-05,0.0007058785225105671
120,0.00010737414946222749,0.01248042202446329,0.9822671550302039,9.088772531057755e-05,0.0050541610705599396
121,0.00012872036529046804,0.009346293709996395,0.988908237139594,0.00014046005744224442,0.0014762887276767082
122,0.00013973035220509903,0.017687888260361263,0.9803711607329362,8.190136957301211e-05,0.0017193192849246095
123,0.0003710816315006605,0.03918267671355468,0.9534274104735918,0.00015000574400245026,0.006868825437350498
124,0.0007355691918018587,0.036733884740018846,0.9567358469544402,0.00017882545225845174,0.0056158736614806675
125,0.0005325063620710893,0.027812354906270025,0.9677917242104365,0.00014471046966979255,0.003718704051552394
126,0.0003336381167998211,0.0215597154422013,0.9753342266968122,0.00016194733857260389,0.0026104724056139387
127,0.0010057342461577217,0.038163989688112195,0.9525523379589607,0.0006543444270388659,0.007623593679730488
128,0.0003567182247422022,0.04464509460567176,0.9508289107815342,0.00013617163654725496,0.00403310475150446
129,0.001137421420701828,0.049003714733679496,0.9413041827023941,0.0002686743304099662,0.008286006812814474
130,0.0009570721188339592,0.04610840499641908,0.9502694001133729,0.0001398615409972087,0.0025252612303767945
131,0.00033539150933907443,0.022526143933909257,0.973463853780965,0.00026024336353631234,0.0034143674122503256
132,0.00027849562530109586,0.03117533882221687,0.96616547618298,0.00014431644794135035,0.0022363729215606693
133,0.0031960959440857917,0.0673889885481687,0.9188162296694756,0.0012623038672869534,0.009336381970983
134,0.00022148426958861682,0.03160953091402039,0.9633846380696353,0.00013878535683381976,0.004645561389921873
135,0.001682250005192079,0.05548181628984716,0.9249656380333401,0.0012986823598623292,0.016571613311758406
136,0.0015485141965160712,0.10907904341808852,0.8762239953613985,0.000391200650553912,0.012757246373443056
137,0.0005449337618229155,0.06844305377976496,0.9275764556774639,0.00022207004094382398,0.003213486740004435
138,0.0004488064132403319,0.03282639577094647,0.9628930908937477,0.00021234538301397109,0.003619361539051345
139,0.001452209478804213,0.07296944358201363,0.9174100373510171,0.00020140238460680527,0.007966907203558332
140,0.004303333900661669,0.09435332710565049,0.887631738500332,0.0014300742146991935,0.012281526278656642
141,0.0004099767917466977,0.0749865366254103,0.9090449690612034,0.00019772621181473037,0.015360791309824842
142,0.0021424788814430875,0.08475714664880285,0.8908195855061896,0.0008717731591774331,0.021409015804386877
143,0.0019494314329647764,0.06994221162576653,0.917542746994964,0.0003482268439378588,0.010217383102366792
144,0.0016534189546099462,0.06788573626385214,0.9199350613095614,0.00023852681736414436,0.010287256654612248
145,0.0010834732409051968,0.05795508151198094,0.9237533169111465,0.0003224224371856084,0.01688570589878178
146,0.0033023619949448567,0.11510486069928026,0.8688529989647236,0.0004073132471721269,0.0123324650938791
147,0.0017598228088173008,0.06636918061948842,0.921980750234575,0.0004802458510293899,0.00941000048608999
148,0.0005521390530083771,0.05503553770928113,0.9419461933389007,0.00025037790267811653,0.0022157519961316565
149,0.0017368471791853292,0.07043374955942804,0.9235875251545629,0.0005201580899327359,0.0037217200168910814
150,0.0009851536839251434,0.10822853547980564,0.8789796049047184,0.0001855284917093577,0.011621177439841483
151,0.0007371168077306506,0.06572731488771572,0.931459905523831,0.00019944369530129342,0.0018762190854212956
152,0.00040120037439518255,0.054470624249113954,0.9435995754415789,0.00020665592385564282,0.0013219440110560957
153,0.0006606221607684025,0.04796638758859969,0.9497529968196956,0.00024208537497757914,0.0013779080559587643
154,0.00030631310008201186,0.03355423566952127,0.9642902250337426,0.0003545678221867404,0.0014946583744671566
155,0.0023203321388990143,0.08004370530175775,0.9089881048453565,0.001585740807805471,0.0070621169061812475
156,0.00041380761160747796,0.029555491973538486,0.9663570814459718,0.00032505375758212584,0.0033485652113000117
157,0.0009268325958589007,0.053164929668589316,0.9419670604980847,0.0003669285522934123,0.003574248685173974
158,0.001234094758816,0.06436783331648165,0.9282821600804432,0.0005197544247284357,0.005596157419530809
159,0.0024014281145896196,0.12691019367403886,0.8645849240908676,0.0005578381206563166,0.005545615999847504
160,0.0019100309998413445,0.10276670341951953,0.8884959089739175,0.0007022785087524863,0.0061250780979691345
161,0.0007783879810934677,0.051619759617284856,0.9440540041108159,0.0004245687796100732,0.0031232795111957013
162,8.351263935158788e-05,0.025070220311014125,0.9738045097476238,0.00016453218610607443,0.0008772251159044708
163,0.0003894554541942947,0.033483073825488166,0.9642470195287144,0.00025078649560376844,0.0016296646959993155
164,0.0012097190040474745,0.07210979002830682,0.9230550525965698,0.0007666125192590809,0.0028588258518167406
165,0.0021064493959742575,0.10006919041366193,0.8919600208202407,0.0012724424307712224,0.004591896939351824
166,0.0002394050707704055,0.032642251272859635,0.9648984568396285,0.00021115431975393057,0.002008732496987656
167,9.443123612943651e-05,0.03977711467944125,0.9586261316704717,0.00015720855621820422,0.0013451138577393917
168,7.43341562304519e-05,0.029955697017668835,0.968365717199346,0.0002321502832533528,0.0013721013435014522
169,7.337146027462092e-05,0.03045161392532616,0.9687132596905297,8.211738860924087e-05,0.0006796375352603028
170,0.00038347900708395944,0.03322740510560336,0.9647969515408176,0.00045707020431034405,0.0011350941421846546
171,0.00023933730836184436,0.04463531601789942,0.9532061410447128,0.0004595165345438777,0.0014596890944820367
172,0.00010976650350505939,0.01830437689702558,0.980571565575356,0.00019437357274012254,0.0008199174513731409
173,7.361759965874566e-05,0.017510593905295926,0.9814948034478151,0.00012688085087560918,0.0007941041963545556
174,0.0002571514753108449,0.03619002403305001,0.9603346749437085,0.0004464899815378312,0.0027716595663928876
175,0.00021836925384279297,0.04275598779099877,0.9549760650665647,0.00043726217054645896,0.0016123157180471348
176,0.00017459944559714225,0.03359625772108729,0.9649505692220401,0.0003262756092794544,0.0009522980019961607
177,0.0001372525668575681,0.03478270307585745,0.9641786853280004,0.00031558566464815016,0.0005857733646363235
178,0.0003161140143008217,0.11054630694609745,0.8862466824990071,0.00034471600370930403,0.0025461805368851413
179,0.00019499254862066748,0.03645148228420038,0.9621180421176616,0.00023577850908085854,0.0009997045404364204
180,0.00016956896520917982,0.03739899802017149,0.9612705143061449,0.00022413365778188045,0.000936785050692544
181,0.0006610074711626534,0.0532994059819001,0.9425614455602269,0.0011984815472194659,0.0022796594394909075
182,0.00015061275330211126,0.03942902552690513,0.9581443185570553,0.0006222139349519717,0.0016538292277857437
183,8.254414889614059e-05,0.016947996414316654,0.981919026064906,0.0002387797520462565,0.0008116536198350243
184,0.00043158598018578763,0.047925840821262354,0.9496901372617775,0.000717121144702814,0.00123531479207171
185,0.00015993081461293567,0.0540684973839668,0.9439942452734378,0.0004244028452924209,0.0013529236826900972
186,0.00022709317915267036,0.039277597300044535,0.9591759464348367,0.0002523688656034682,0.001066994220362609
187,0.0005000166693012573,0.0888931077351608,0.9076610175823964,0.00040751376807121386,0.002538344245070282
188,0.0006763862214214143,0.041541896434880585,0.9548614736844446,0.0011202123918787547,0.001800031267374462
189,0.00021584078456636226,0.03797017380463469,0.960422127220627,0.0004260526823959525,0.0009658055077760123
190,0.0031049192274907006,0.10672244794050759,0.8824063467877836,0.004241616785322158,0.0035246692588959605
191,0.0009259086451869426,0.07114031542495754,0.9245302342330969,0.0011739781623274128,0.0022295635344312306
192,0.0004172366241539967,0.02719414294769862,0.9663812963259086,0.0025409949197834404,0.0034663291824553314
193,0.00438582514920315,0.08116829424906623,0.9007802748516546,0.004749723467527819,0.008915882282548157
194,0.008647291259232257,0.1618764691143527,0.8235043304436971,0.0017496028212935883,0.004222306361424241
195,0.0025790856911352316,0.13338901067680595,0.8569402600691701,0.001841411442760318,0.005250232120128348
196,0.000964928043473538,0.10679246308310646,0.8893184645348448,0.001014061819936828,0.001910082518638435
197,0.002285878804071329,0.10805875679698361,0.8865260087508611,0.0011519183920718358,0.0019774372560121935
198,0.000677986312169794,0.11973835690779758,0.8764090022213205,0.0008688706894072763,0.0023057838693049007
199,0.0011336863995871803,0.13474567632647735,0.8613935236748254,0.0014275973513258615,0.0012995162477843693
200,0.0010129268693668308,0.14250593839470652,0.8527515434107648,0.002624490624820012,0.0011051007003420007
201,0.003131498425691082,0.15524355162164083,0.8324553057028699,0.005048431152590815,0.004121213097207624
202,0.003128066261850256,0.08545861769392579,0.9066230648476586,0.0022072874948043325,0.002582963701760929
203,0.007898636775252335,0.12735752096033054,0.8507494959083298,0.0059890600510205515,0.008005286305066672
204,0.014241380784453798,0.4216812396168777,0.4872874140041838,0.03712352880428568,0.0396664367901991
205,0.05062561861368641,0.5687970075850313,0.3234125775277504,0.03930199319663213,0.01786280307689973
206,0.13483361176942146,0.21652108337940082,0.09376015564920673,0.09322097871094018,0.46166417049103076
207,0.04761470998284515,0.7683388832208919,0.0632821705861155,0.08333169838533792,0.03743253782480946
208,0.02945231754043229,0.7504008539764179,0.11636813657615498,0.09233721878378173,0.011441473123213248
209,0.05312048762132219,0.7023646699573979,0.14507928192611616,0.057833966240511146,0.041601594254652534
210,0.01036519686139728,0.6223456543290694,0.17467022805058804,0.17977215911273617,0.012846761646209034
211,0.016441627959995108,0.631910650849323,0.2883476778382971,0.048715282408647566,0.014584760943737082
212,0.01133055296380889,0.7293351033949738,0.15989312061667185,0.09051369097392507,0.008927532050620426
213,0.058127999543985454,0.4956090894100638,0.0307585290732682,0.2620583581509982,0.1534460238216843
214,0.03335662732155167,0.8089051462693558,0.02389813703456627,0.0991136328116466,0.034726456562879704
215,0.021932809122158503,0.8288025475561781,0.02338780788786659,0.11987195000582232,0.006004885427974472
216,0.021623459277491954,0.8442211152297677,0.037833015802633964,0.08454420238429229,0.011778207305814008
217,0.02706550696256142,0.714875901783229,0.0449160772363371,0.19383315831167872,0.01930935570619385
218,0.02203960627133129,0.5790572665713041,0.016517749691933557,0.37318179942357066,0.009203578041860443
219,0.015864760138096366,0.8089700349912154,0.03003770540976778,0.12170524797127795,0.023422251489642432
220,0.10182183834072846,0.28194798683149025,0.013339207718582132,0.18581647441739915,0.4170744926918001
221,0.03544467768071184,0.7703462005015277,0.023639124089293955,0.1572670275269622,0.013302970201504526
222,0.08735283528679894,0.5332555323314935,0.020551778777147207,0.3128283228308089,0.04601153077375145
223,0.044504693271358794,0.6268068906824392,0.017329239326039636,0.2828232461687509,0.028535930551411477
224,0.024773888773359627,0.7782999173256593,0.01485605394606141,0.1698715728764699,0.012198567078449742
225,0.04860698182144899,0.6557419957524708,0.01381904154987824,0.22784398421862814,0.05398799665757382
226,0.04417940060202631,0.6970303483157213,0.015900437618831552,0.21144882259754164,0.03144099086587923
227,0.19970067930904678,0.1967512727820409,0.009994936923023853,0.3978189607957157,0.19573415019017257
228,0.055196222224877495,0.7693443431577984,0.030368225015727314,0.08425682035243606,0.060834389249160736
229,0.09619622096418788,0.6642919991762822,0.004239673327725321,0.17466353937772064,0.06060856715408396
230,0.05175719495203303,0.6548616708807646,0.015983818757875648,0.11209211335694268,0.16530520205238391
231,0.015397819085672296,0.8612878125548902,0.06358489828864056,0.029515348447740515,0.03021412162305632
232,0.02636058865740128,0.8376483010647077,0.017167769602455082,0.0494099852500168,0.06941335542541917
233,0.052974775565095604,0.7293474320439643,0.013988725015988242,0.08357729637015833,0.12011177100479332
234,0.12527651316409766,0.3475495511553493,0.001576844056541996,0.05725708245756921,0.4683400091664418
235,0.11265841577574717,0.7201274794905388,0.016548569527872807,0.03259632851180796,0.11806920669403312
236,0.11823904104873155,0.720415221533553,0.01729208556471697,0.037396329656420174,0.10665732219657831
237,0.05480944267121742,0.8678638273476579,0.02256759058051747,0.006455414260195265,0.048303725140412056
238,0.05491289198400407,0.5247779386564806,0.008846285800441575,0.046578085871416965,0.3648847976876568
239,0.06712884080062735,0.5167604183358991,0.01124587444901273,0.06487999865843623,0.3399848677560246
240,0.08703305877692023,0.7278321247496707,0.017549035824350433,0.08052289331852905,0.08706288733052964
241,0.33722112970411927,0.18332271883125198,0.0024025028111172467,0.11547384826987837,0.3615798003836331
242,0.30908222756864223,0.5059934342933193,0.008597465588322677,0.0514175960612234,0.12490927648849223
243,0.09934663869670439,0.724217495240621,0.041805561796747,0.012158822950403311,0.12247148131552411
244,0.2104845373772013,0.41870646035648756,0.038158903407745824,0.02118408787334079,0.3114660109852246
245,0.03824642899978225,0.845182935923362,0.060643626608431846,0.009768249778736776,0.04615875868968717
246,0.04650128088603512,0.7690867859461843,0.047679604633945244,0.007526284050924545,0.1292060444829109
247,0.08875076432014069,0.7671066895475296,0.05199354744621877,0.013934665877643942,0.07821433280846697
248,0.23722347447865447,0.6296341338162604,0.0340972731223959,0.007770766199487021,0.09127435238320222
249,0.14168845017809742,0.7386506136708605,0.08353674873721659,0.0060497136322716595,0.03007447378155372
250,0.06658596426140116,0.7736909227044273,0.12309369917660003,0.003607416879479921,0.033021996978091654
251,0.1434060972572198,0.5824034363245404,0.018648658399674948,0.007391494349393903,0.2481503136691708
252,0.06800480553432946,0.7964108804683926,0.08363495883978665,0.007726856307208306,0.04422249885028299
253,0.05632383139464743,0.7177930214407839,0.18604983034683256,0.004994173839105483,0.034839142978630534
254,0.09919363037024323,0.6772517468298389,0.118791715044927,0.006340469322899732,0.09842243843209106
255,0.1786760601376901,0.7230408929178938,0.04976361122356678,0.0044161318036882585,0.044103303917160955
256,0.04892456100314904,0.8029411127962868,0.1233892023138356,0.0020684916939167205,0.022676632192811637
257,0.048093957943237085,0.8604364924959421,0.06738071268668226,0.0027357146920809036,0.02135312218205759
258,0.04930663609900186,0.769064200550337,0.08361783798771141,0.0021515847416426798,0.09585974062130707
259,0.032594222277321096,0.8880455530353076,0.04955492912918175,0.00958036090479922,0.020224934653390043
260,0.04476777258487715,0.8475771795864533,0.09500485817889574,0.005310406765735276,0.00733978288403845
261,0.06290535468435388,0.8158897126950023,0.08122525080376213,0.019588870630495386,0.020390811186386443
262,0.09812471065335465,0.7396690487864922,0.09233731506229637,0.006065332857610808,0.06380359264024593
263,0.07557823038269326,0.7413801527624558,0.14578591604112665,0.002634366675235916,0.03462133413848818
264,0.06409681045170258,0.8100090652023415,0.09300968843500947,0.0032484405548028274,0.029635995356143745
265,0.09976164513899217,0.8056789969189468,0.04376180808570207,0.00862990488668176,0.042167644969677176
266,0.047874343712931276,0.8177656157105664,0.06721409425831797,0.011868323134543097,0.05527762318364127
267,0.05985818759111865,0.7804253695934249,0.08216370631999509,0.037127432449576205,0.04042530404588528
268,0.054173590493707874,0.8193498701686016,0.036857889411050324,0.056278253546123466,0.033340396380516675
269,0.09438607886198871,0.7050195306338022,0.07220863788095318,0.06254537210683886,0.06584038051641695
270,0.05802829088282927,0.773741374034071,0.08997489232791267,0.06391108445060639,0.014344358304580722
271,0.08959302776611487,0.7298722770647278,0.09504167172236015,0.03512711905285624,0.05036590439394095
272,0.06497806754705057,0.8059552802331003,0.061986967752980654,0.02856735245937569,0.03851233200749297
273,0.050894122412172026,0.8544710547730419,0.05770832733010325,0.022499793722346586,0.01442670176233622
274,0.10435895650117984,0.6812108957221195,0.10611090056641163,0.033476642183099946,0.07484260502718901
275,0.03500800127222509,0.8191927298592059,0.12117127534207887,0.011002092320328182,0.01362590120616207
276,0.08859027413265838,0.7083111202371077,0.10678080014663849,0.005799108941563148,0.09051869654203225
277,0.04346209575834973,0.6615645621471753,0.2603339688811701,0.0027299551481720008,0.031909418065132755
278,0.03284743745241774,0.5825551348996447,0.3679016888131502,0.002702460588288555,0.01399327824649884
279,0.025072475680067624,0.6002413180258546,0.3636221247710055,0.0020522552567687194,0.009011826266303645
280,0.03466678440484927,0.7298081958351743,0.20378607365219623,0.01647377179902741,0.015265174308752833
281,0.024437175761560338,0.6604056460659466,0.28585596739505814,0.017599006543646697,0.011702204233788023
282,0.025832727309879032,0.7604108042517099,0.17428810542001352,0.022130975419648726,0.017337387598748838
283,0.05455786358678188,0.7080914355407776,0.19446880509730385,0.02273266581627107,0.020149229958865672
284,0.05778353940432421,0.7702689749107628,0.15572322721816714,0.0077533191825949295,0.008470939284150825
285,0.06201415204373925,0.778545662969596,0.11803986421017684,0.017622763708284625,0.023777557068203215
286,0.05943397430884938,0.7852061019301585,0.12285096924906108,0.01932143995971601,0.013187514552215148
287,0.03148905003840952,0.7757714810918962,0.12892023658445317,0.050192480542387896,0.013626751742853221
288,0.02818960584236507,0.8536573508133346,0.07642433424149762,0.033984538377763183,0.007744170725039459
289,0.030727918900796784,0.7502095245349649,0.19655258098066922,0.010144441548052193,0.012365534035517035
290,0.1428511246352924,0.7032208434089998,0.09365121502017355,0.012348690461424679,0.04792812647410964
291,0.06926501372655765,0.7887296798055944,0.11311714211216302,0.0033116634867903843,0.025576500868894514
292,0.07797278266293846,0.7250790250034232,0.16628834817819227,0.004003202044882218,0.026656642110563775
293,0.0784656525487721,0.7593584668452472,0.10220262622361058,0.016404771553394547,0.043568482828975574
294,0.021584070279097187,0.6808632718686187,0.2754004330903072,0.01658222001203079,0.005570004749946072
295,0.03328458448594754,0.7740469957727202,0.15227754828433002,0.033515410450334335,0.00687546100666798
296,0.025391741879398213,0.6963222138700204,0.20904472999646131,0.062458618138668376,0.006782696115451696
297,0.12576587276603227,0.7163617460557856,0.07624199332193483,0.045662732965261736,0.03596765489098556
298,0.0916459760525185,0.638247273792613,0.22291907100123498,0.008429547766277872,0.03875813138735564
299,0.0947652391652847,0.6787233727029739,0.1943080630719347,0.011300747542633847,0.020902577517172807
300,0.11778241123430769,0.6648814508837547,0.17715269178672255,0.013066238703751093,0.02711720739146405
301,0.04028387809863754,0.5976895049012154,0.3232893225577529,0.019091108495458288,0.019646185946935856
302,0.01430171776239278,0.51317232642244,0.4536552529180456,0.01631093865923344,0.002559764237888177
303,0.029250312446112207,0.7060156866488948,0.21763817458327198,0.015635644177798752,0.03146018214392229
304,0.06294607623721622,0.7204688367260597,0.16703542467443241,0.012253162857743947,0.03729649950454775
305,0.029467459674162116,0.58609242698004,0.3655203139987931,0.004455570670132618,0.014464228676872174
306,0.06302024773203818,0.6716912999986722,0.23446982183195691,0.008711072482715552,0.022107557954617125
307,0.03023425944974922,0.5973724139871003,0.35981153515306746,0.006657257441798052,0.00592453396828493
308,0.009202201992763514,0.42512742356637095,0.5545545702819255,0.0068156180158854395,0.004300186143054532
309,0.008078674859673155,0.3722217493892142,0.6040184407996703,0.009526759460359184,0.006154375491083035
310,0.01426946400958989,0.4496931455793922,0.518261663820295,0.010260920209886112,0.007514806380836774
311,0.06167895241966795,0.665711496259221,0.0737913953694062,0.0031478157259771876,0.19567034022572766
312,0.020878908999133895,0.6238835087522728,0.35025602096890995,0.000662687439489118,0.004318873840194095
313,0.021708294150274737,0.6921062535621931,0.28066391039685384,0.00028108498462220714,0.005240456906056037
314,0.020227845452587698,0.6458584005186927,0.3299364238979636,0.000492084814575439,0.003485245316180521
315,0.021177598843526234,0.7241237846636362,0.24023561565522183,0.008087583827382132,0.006375417010233488
316,0.012767509641120505,0.6099536867445999,0.36513663266665924,0.009827020287645843,0.002315150659974572
317,0.009475764325015505,0.7079729229958652,0.2760566287498754,0.003911220970812027,0.002583462958431915
318,0.08233185639727529,0.7606039875459151,0.11838775106930907,0.004432516953205489,0.03424388803429519
319,0.009463861634278394,0.5496400414855382,0.4366995774483895,0.001217081581653854,0.002979437850140153
320,0.03590312851810828,0.7620899068053968,0.1840116870179549,0.0012835448512456197,0.016711732807294235
321,0.04386199724494375,0.7362870538073136,0.21021272422164214,0.0010971996909734146,0.00854102503512708
322,0.007239330242027231,0.5803902418572503,0.40623205692667713,0.00181325937115887,0.004325111602886479
323,0.009281466387362108,0.5153622241403214,0.4690092576738286,0.002228615646212747,0.004118436152274975
324,0.01237385706926179,0.6621102804465525,0.31349126171296215,0.0025433421539982357,0.009481258617225267
325,0.031010889302588718,0.7993243538055402,0.14433838661732123,0.0022122065701021213,0.023114163704447726
326,0.022296143154674132,0.7099817091256816,0.26396138058904056,0.0006516841476819025,0.00310908298292179
327,0.018088303370207056,0.6868210839997769,0.2928982701248722,0.0007369784335802635,0.0014553640715635281
328,0.016494490652690895,0.6948965458375915,0.2848081329219013,0.0013803787079087052,0.0024204518799075094
329,0.0074750417185033636,0.5008277896556075,0.4859013465231758,0.00287134835144798,0.0029244737512654656
330,0.014602397036796007,0.46560678651102844,0.5094230352884664,0.005663631188675648,0.004704149975033478
331,0.009517731092413845,0.3878141612034539,0.5987815018343831,0.0022873298360114465,0.0015992760337376287
332,0.06257960314911347,0.7149534002229685,0.16895566260323877,0.004095410202378722,0.04941592382230057
333,0.010774481631116316,0.4469479252479385,0.5394894603371095,0.0012933752472999937,0.0014947575365356165
334,0.028203957755208835,0.63861731759842,0.32166365483432297,0.002650914379848623,0.008864155432199719
335,0.03535073709995074,0.6571777243048037,0.2973572643469645,0.0035132708039760387,0.006601003444304956
336,0.022683262704702355,0.5910171569593763,0.37863956612366206,0.0023708919961332835,0.005289122216125924
337,0.039900492109370946,0.5614707372453354,0.3861985610117461,0.00491623856637842,0.007513971067169108
338,0.004781159364836178,0.3568392293200645,0.6319810295523248,0.0032477375226738015,0.0031508442401007655
339,0.16524328478029984,0.5830795219214482,0.11275295083006216,0.012127503483591038,0.12679673898459873
340,0.010647832848095623,0.574419494743315,0.41070079697504747,0.0008657800195018263,0.003366095414040031
341,0.013431145570502014,0.49895035256377723,0.4823628993075544,0.0006161234880505876,0.004639479070115726
342,0.012772126989148935,0.4538470435792166,0.5308504988084523,0.0005477912287392238,0.001982539394443102
343,0.006062827786571191,0.358315279825252,0.6307782065068808,0.0034405905849949786,0.0014030952963009216
344,0.0014867671926593702,0.251474022496336,0.7443416178815516,0.0014785494020099772,0.0012190430274430686
345,0.0019606056402132347,0.18207790319599526,0.813140563607603,0.0014998765528019295,0.0013210510033866679
346,0.06611137604931434,0.5107638929886648,0.3486020064950079,0.026757011874621057,0.047765712592392005
347,0.008007305145957431,0.2779771403233402,0.7098765490529328,0.0014180345875372908,0.0027209708902321593
348,0.0032484959937051075,0.19901587494193868,0.7928959726450058,0.0016895081999536733,0.003150148219396694
349,0.011648177841829862,0.268456810133311,0.7104621591288687,0.0024878221266761056,0.00694503076931429
350,0.004818094619168042,0.3017789643793069,0.6884054686484355,0.001987720247713327,0.00300975210537613
351,0.001969217947613412,0.2816516640641715,0.711689660871753,0.001834668054367863,0.0028547890620941436
352,0.0009423352952477722,0.19055742193023417,0.8064000077706964,0.0008234466960653049,0.0012767883077564332
353,0.03516918176811423,0.4425462688665683,0.46245270950365913,0.011689187057802556,0.04814265280385578
354,0.0074891148042160165,0.22755077745418184,0.7595183418990034,0.0019124710469238346,0.0035292947956751556
355,0.0035760421439323077,0.2010835513806995,0.7905399495757268,0.0010019093741951528,0.003798547525446273
356,0.00270336089796913,0.1436415740477614,0.8501232433052075,0.0008864321845901685,0.002645389564471711
357,0.001956739058342683,0.1729338615948481,0.8213996747690039,0.002371075484260565,0.0013386490935448588
358,0.003167254755011535,0.19733734697268815,0.795095595787532,0.0024656429788234746,0.0019341595059451904
359,0.0013123292391905874,0.19077220989736515,0.8040052734908408,0.0020725679824195047,0.0018376193901839674
360,0.02266294237592984,0.5619514366477986,0.3751784983308186,0.008666469627227853,0.03154065301822507
361,0.011445949144736048,0.20365265539073504,0.7778544633043643,0.0046168248818525175,0.00243010727831222
362,0.006905520331524267,0.17501118581664155,0.812711757424314,0.0031535029836944873,0.00221803344382568
363,0.004811376728617053,0.15467235146982702,0.8361031644289035,0.003237040389415186,0.001176066983237118
364,0.003118730286579712,0.12462512179492756,0.8655394877194976,0.004292866911637307,0.002423793287357847
365,0.002026997446979317,0.1102218251223291,0.8831916416648442,0.0026770169902702564,0.001882518775577336
366,0.007222058009217556,0.20241922001128368,0.7806555384799494,0.004640067542369696,0.00506311595717975
367,0.008130317303872151,0.30856245417078015,0.6767269273359735,0.0039601207663490096,0.0026201804230251225
368,0.0077606582004261905,0.2956733875340107,0.6926305686384353,0.0021739244693922623,0.001761461157735697
369,0.008777554636570768,0.3740551442377393,0.6141578335936163,0.002079689981368583,0.000929777550705056
370,0.004998275681278856,0.335629043509701,0.6567056853341371,0.0014616043349943938,0.0012053911398886427
371,0.007128734809626249,0.30314864869806374,0.6863303112385872,0.002077505768333519,0.0013147994853892426
372,0.003218517770119589,0.20815541033548934,0.7853494645735251,0.0024667132061762637,0.000809894114689799
373,0.008981899718287287,0.4336135255667597,0.5478152256614026,0.007572294151168048,0.0020170549023823354
374,0.006250016269655465,0.4861017056362995,0.5021907063076602,0.003010689886312317,0.0024468819000724954
375,0.004250281291088748,0.2417181901056119,0.7508755326273401,0.0015337867692552648,0.0016222092067040934
