epoch,N1,N2,N3,R,W
0,0.0004297695806197002,0.0001466183814901086,1.3920725708083424e-06,2.4010701648244286e-05,0.9993982092636712
1,0.005560067199372107,7.199084878920744e-05,2.1144654088797192e-06,4.03234859787543e-05,0.994325504000451
2,0.013822214151640786,0.00016818284336753313,1.731650771941798e-06,0.00010818772525804181,0.9858996836289617
3,0.008222122588940279,0.0005035678589630348,1.8846157288280126e-06,0.000541374616081672,0.9907310503202863
4,0.005788263907659311,0.0005457294327896683,9.769227459985994e-06,5.759968192212145e-05,0.9935986377501689
5,0.18280930151004654,0.0016931088184181865,5.102259939534531e-06,0.0003543179601682691,0.8151381694514274
6,0.48342603248526,0.00721774862143317,2.2110725875796794e-05,0.0006895384330221567,0.5086445697344089
7,0.57583710312777,0.09172665897195434,0.00010859094225853826,0.004876918117292576,0.32745072884072446
8,0.28568833751757006,0.5896019013413563,0.03575330396301976,0.0038307569231466033,0.08512570025490751
9,0.11781736331497807,0.5588180419831821,0.005011058463598663,0.008689562835003151,0.30966397340323804
10,0.04683314693847335,0.879870599211418,0.025643015462522845,0.003642111291048551,0.04401112709653723
11,0.10889738495383088,0.7285415039693633,0.006066733259587586,0.009957841858127977,0.14653653595909047
12,0.023970303891063742,0.909218590379507,0.03878418280722306,0.0015380087796754674,0.02648891414253094
13,0.024158190960873894,0.8575584786253784,0.0761129536406007,0.0024700760946841467,0.03970030067846279
14,0.016560947891336737,0.9058978865890598,0.03739050666009788,0.00356068595072013,0.03658997290878564
15,0.026247725827180646,0.907224290641884,0.01154106593401458,0.004574518213781994,0.050412399383138594
16,0.008764418945392885,0.035477221370646725,0.0005632867158480669,0.0008651916446224458,0.9543298813234898
17,0.04677856616026459,0.04780329312100665,0.00018052749180597254,0.0017806188367044116,0.9034569943902183
18,0.007203968680803146,0.0020972625135285768,1.5484037756915442e-05,0.00014185487226357212,0.9905414298956478
19,0.17038742475324645,0.008219661830586335,1.4936404800902804e-05,0.0011117151895639157,0.8202662618218023
20,0.7638863519755111,0.018227699865846242,1.7298926380812e-05,0.0012617793588346848,0.21660686987342712
21,0.4023430581521001,0.009635716581434046,1.7418991264168105e-05,0.00237444843834865,0.5856293578368531
22,0.7731658966766486,0.04590849630717965,2.0827449204470766e-05,0.005951931573838668,0.17495284799312855
23,0.3963708320813403,0.5420494820507703,0.00024628427743993717,0.003593289857262645,0.057740111733186786
24,0.09435215123549724,0.8660822270231165,0.013914093151350473,0.001190253770507996,0.02446127481952779
25,0.053149523149741376,0.9265299954991447,0.0016553742962641185,0.004512916702650681,0.014152190352199343
26,0.013934462631208754,0.8631906534205296,0.09929872253000896,0.001999873494050594,0.02157628792420199
27,0.06528435541291422,0.9094085757205537,0.00222354065753208,0.006147098046997859,0.016936430162002025
28,0.023344862533952144,0.9647612567316014,0.003222681343677806,0.001137277862443743,0.007533921528324716
29,0.030280565839476217,0.951523868903294,0.009040209200266918,0.00048322100501923426,0.00867213505194383
30,0.03669132651937577,0.9452836596294001,0.011648412231558542,0.0003906922228104429,0.005985909396855106
31,0.020365451361588613,0.9687260397877937,0.006013958802323804,0.0003071520833783819,0.004587397964915441
32,0.007189601450554514,0.9058856775315614,0.08284723001972664,0.0002008152670134407,0.003876675731144055
33,0.006341348445837814,0.9805047684568252,0.008373248372158136,0.0003766994157209667,0.004403935309457802
34,0.01473921138913923,0.8884411227434151,0.09172270893680388,0.00018627064886240656,0.0049106862817793395
35,0.002517528346322903,0.9428993514741061,0.05228116335092063,9.601956823078968e-05,0.0022059372604194233
36,0.004410970176771798,0.871200354876792,0.12051165926850677,8.188778881356224e-05,0.003795127889115719
37,0.0038826899319908386,0.5827975010948727,0.4076828244456419,0.00015304899926781295,0.005483935528226685
38,0.008534711589808196,0.8933101122108288,0.09510545887429778,0.00017545007064534633,0.0028742672544199597
39,0.006179525618021289,0.7531373353496263,0.23660215950755126,7.571170965722519e-05,0.004005267815143768
40,0.001812293273073219,0.4006449203714624,0.5948128565649073,6.379847636546544e-05,0.002666131314191573
41,0.0025150011073868123,0.9187988780961964,0.0770707640391641,4.4557194715084524e-05,0.0015707995625375414
42,0.004070644305587096,0.6853786442499527,0.3070648209585663,6.68073144169732e-05,0.0034190831714771067
43,0.0034751459757335276,0.681220887171108,0.31197844616375836,4.295072392734729e-05,0.003282569965472711
44,0.001228786375910156,0.3310213453112569,0.6661281556789261,3.141973489347678e-05,0.0015902928990134011
45,0.01255750885517059,0.884696466482609,0.0989667355050748,8.647955786484813e-05,0.003692809599280573
46,0.0029719975726503318,0.6756638485146752,0.31867627840529905,4.041012823197776e-05,0.0026474653791432362
47,0.004455901669155101,0.7573712083962623,0.23371314994970735,6.875034616433398e-05,0.004390989638710961
48,0.0009057598602152278,0.7078949767296604,0.28957286000092664,2.25688446189987e-05,0.0016038345645788409
49,0.0011933596750596208,0.3113737464659665,0.6820922757727341,8.525755137186193e-05,0.005255360534867796
50,0.007204435428534223,0.8571233696193038,0.13268837548691867,0.00015338016062715462,0.002830439304616045
51,0.0028290819978450147,0.8039176670459043,0.18970798299015867,0.0001528685747654286,0.0033923993913267917
52,0.004918236684459472,0.47810843406150116,0.5108639241067742,0.00025195628544475584,0.0058574488618204435
53,0.006813725619075176,0.8468382470727548,0.14102490076152424,0.000451939732552647,0.00487118681409311
54,0.0017712919140593318,0.3415998261483058,0.6504095340178208,0.00048789927596858064,0.005731448643845554
55,0.01633132903315502,0.8041227283926261,0.16150245324995796,0.0022782264347632817,0.015765262889497547
56,0.03181398932705903,0.9121881122574987,0.0030415898428298987,0.006945038333951497,0.04601127023866092
57,0.13121442328127902,0.6759746780078731,0.00178821428077271,0.028351393345769926,0.16267129108430528
58,0.02651294777110569,0.008448158850096473,4.338672149496084e-05,0.005682224673454276,0.9593132819838487
59,0.013309602811539631,0.008989098605511248,5.220579040516789e-05,0.0022259818854957186,0.9754231109070481
60,0.03442503239826831,0.015359242621477776,9.092893501368507e-05,0.0011101500408392364,0.9490146460044009
61,0.006721978480427409,0.00278721086491774,4.762685970005473e-05,0.0001056491061810986,0.9903375346887736
62,0.15772391001078448,0.00280708382440238,1.754976295614816e-05,0.0006301881844173244,0.8388212682174397
63,0.012679504502252768,0.0024151882659483506,5.868337199211915e-06,0.0002046341499227326,0.9846948047446769
64,0.011335888425161925,0.00025550016838166883,2.241520441381767e-06,5.046926557594567e-05,0.9883559006204391
65,0.0013317697526278828,0.0005745701086715443,4.6818321805376574e-05,3.470047341523469e-05,0.99801214134348
66,0.014399297936049094,0.0036261730749020805,1.85158344127639e-05,0.0003648490225634425,0.9815911641320726
67,0.1407362577303814,0.005900111580437368,9.530901718274837e-06,0.0015126392707639057,0.8518414605166991
68,0.03316740619764771,0.0026230075106693923,1.4585241400697004e-05,0.0017945032797040867,0.962400497770578
69,0.012964094430966263,0.0065356605224251955,3.5561010202241586e-05,0.0018688787402061614,0.9785958052962003
70,0.06478764403796454,0.00890382058524955,2.7740800754612085e-05,0.017115555404617143,0.9091652391714141
71,0.09003385295046164,0.0054815353155815765,1.29029188777115e-05,0.01028733063077876,0.8941843781843003
72,0.09653230404948605,0.00371345192260041,1.2357641036122756e-05,0.005874834063596267,0.8938670523232812
73,0.11189341069563806,0.003735452737677809,5.003355424513044e-06,0.010599355264996732,0.8737667779462629
74,0.035982337734908214,0.0027817851806529936,3.111364795879428e-06,0.010268101566509645,0.9509646641531332
75,0.013273864056586168,0.0016876536505295253,7.641837940354568e-06,0.004713282357703627,0.9803175580972404
76,0.22134683449544656,0.0080675996102809,1.0790945447306163e-05,0.03316677084193517,0.7374080041068901
77,0.007238232976640719,0.0011853806149615472,2.9271316506581613e-06,0.0016036084805151592,0.989969850796232
78,0.013473305318731546,0.0023636995943010657,9.352028526757836e-06,0.0037233688369810126,0.9804302742214596
79,0.0754486516193533,0.0023036549136417226,1.4585048604526067e-05,0.0049969596847513655,0.917236148733649
80,0.07103289176713695,0.0013908389257090994,8.925317596737768e-06,0.005307340009741355,0.9222600039798158
81,0.224111418980603,0.0018029676301921558,1.237133444838216e-05,0.010601870959160643,0.7634713710955959
82,0.5908357243110955,0.006977928376231591,1.3500690870607336e-05,0.014851153500231553,0.3873216931215707
83,0.338816978694339,0.22253789101118499,0.0002862183908469301,0.04924092527784104,0.38911798662578806
84,0.1532794544480407,0.019107219031373447,4.5681599019843865e-05,0.04140217802298461,0.7861654668985815
85,0.3288709117673261,0.2957407783784003,8.44042228722374e-05,0.1809462754631447,0.1943576301682567
86,0.3677007016256056,0.29794710223520815,0.00013115883325959745,0.06874582527986728,0.2654752120260595
87,0.4730966266587108,0.40986673597697204,0.0001627613742803087,0.028562059621726026,0.08831181636831091
88,0.11311798114344541,0.8654294670516421,0.0006012600836159571,0.01285534706800281,0.007995944653293646
89,0.13238757651145053,0.8525430791493446,0.0039011033669539372,0.003342258914975427,0.007825982057275681
90,0.04316374410427026,0.9506838665442217,0.000364796284885513,0.002880152554401983,0.00290744051222062
91,0.01214699300702115,0.9812297932563995,0.003822996412338155,0.0008854208326950791,0.0019147964915460967
92,0.011500291517926912,0.9786038165966578,0.007499289275735207,0.0006486642057795142,0.0017479384039003607
93,0.008135297107737454,0.910235287320268,0.07914298858593483,0.0006248579244990661,0.0018615690615606635
94,0.024284455007176964,0.9681522126601387,0.0022142162736964476,0.0025329918642473396,0.002816124194740321
95,0.009719553324797948,0.9800664513028601,0.005548023782239858,0.00020451530858746358,0.0044614562815148365
96,0.004600154933886964,0.697253559982987,0.2928010200302968,0.00017467967497428478,0.0051705853778550165
97,0.06523932151763626,0.922892710638883,0.0009548318687575548,0.0010882469503783083,0.009824889024345057
98,0.002729476202899605,0.8519880954733825,0.14126710905420692,5.717297462124683e-05,0.003958146294889788
99,0.012590720177591028,0.9621828079893192,0.021756436800941963,0.00011622003467609607,0.0033538149974718934
100,0.004421589523114484,0.9401251644510925,0.05321645734054493,3.853892336499828e-05,0.0021982497618830157
101,0.0035051008501391433,0.9514964979054104,0.04295265634233826,4.333317280434738e-05,0.002002411729307864
102,0.002699542098173389,0.43955285891208623,0.5537866572365918,4.81649007555806e-05,0.0039127768523929685
103,0.0037557001939004923,0.9769914993908965,0.017915930680964337,0.00014670450241569436,0.0011901652318230128
104,0.004383732403980022,0.7996130559503288,0.192901963415189,8.625177870616769e-05,0.003014996451795824
105,0.0019660674806624588,0.8778263761819163,0.11787960736562077,5.550639906727922e-05,0.0022724425727330146
106,0.0007246485826955754,0.49652037136661403,0.5016973742914211,6.746199425853771e-05,0.0009901437650107626
107,0.0011642264477685846,0.47545094323147763,0.5214248399557776,9.163840372571438e-05,0.0018683519612503678
108,0.001437975577613136,0.6182239993350492,0.3789278100646047,8.483963392901884e-05,0.001325375388803879
109,0.0006019371645503734,0.3988021256653659,0.5998593116400462,2.2525956760963806e-05,0.000714099573276585
110,0.0027856502374986915,0.8194610249690957,0.17574192798349972,9.120525451159906e-05,0.0019201915553944723
111,0.00041496599216997427,0.4358178622458353,0.5631956032841758,2.0202078746562057e-05,0.0005513663990723441
112,0.00131770275242205,0.47469432922403754,0.5226056778842622,5.3939385997032494e-05,0.0013283507532813646
113,0.00042754548740213166,0.31361184983733426,0.6849540422326293,4.243034239600835e-05,0.000964132100238412
114,0.001394156687579327,0.3844727321881538,0.6125284466443399,8.127527594980284e-05,0.0015233892039771804
115,0.0011982652888108043,0.44155656771600926,0.5560404681416298,0.00010803599676654223,0.0010966628567836642
116,0.0028285147497545526,0.6451232085683501,0.35033594830494863,0.00021473669458577744,0.0014975916823609455
117,0.0008012824273500705,0.34485788067190704,0.6529971243877268,0.00016722711980040014,0.0011764853932155583
118,0.000822023988539955,0.4037035473458159,0.5940905617501188,0.00020154125357137875,0.0011823256619537623
119,0.0016936905647065813,0.63323724021133,0.3636582583053073,0.0002523893494777414,0.0011584215691783706
120,0.004699952204078206,0.6960369054940464,0.29713702360688576,0.00038110665949146353,0.001745012035498127
121,0.003152415020015674,0.5085037703392328,0.4862751853954267,0.00032855443908333463,0.001740074806241558
122,0.0015069988495236331,0.5327650442781937,0.4634513878074876,0.0007957465227988237,0.0014808225419961974
123,0.0022821289413200285,0.5437339047337681,0.45028784156671575,0.0009752775523867221,0.002720847205809384
124,0.0024760594626324615,0.39996767531416255,0.5929147330775616,0.0016177683907501854,0.003023763754893345
125,0.005946794270384059,0.840609739714019,0.1442188093287148,0.0026753644976163357,0.006549292189265843
126,0.15559579641098314,0.6696839263821143,0.0026670807113065493,0.10571536515911079,0.06633783133648515
127,0.2839525238114614,0.4379603619616665,0.001588192213676152,0.03695808767910851,0.2395408343340873
128,0.6647205955433264,0.20573976363002489,0.00020572278004750714,0.039047189863366166,0.09028672818323519
129,0.23920948330654457,0.7311844780512563,0.00016121400239346912,0.010988907672806133,0.018455916966999768
130,0.09312305954629681,0.8686337894902547,0.003186138178609656,0.018218759017012833,0.016838253767826043
131,0.04582632863402993,0.878907384507916,0.013476837183590466,0.006393897207525194,0.05539555246693848
132,0.007262361653552382,0.009313931390876988,0.0005871958468789354,0.002076341162766138,0.9807601699459256
133,0.011524262490207538,0.0063333611853107164,0.0006537890517418606,0.000787273730733614,0.9807013135420063
134,0.07987019275413296,0.004664275701250865,2.3364798953862648e-05,0.003909010755654238,0.9115331559900082
135,0.09886574881660184,0.0032903218317291713,1.220038430155515e-05,0.0047597433883597865,0.8930719855790077
136,0.1211524853185203,0.006835316221234547,3.39181953782408e-05,0.015460133391389262,0.8565181468734777
137,0.19921230763637054,0.011581263723768753,4.557042466730571e-05,0.06460856588430264,0.7245522923308908
138,0.0006188974385134875,0.0001323554673763425,4.091676918732595e-05,0.00027206790171495116,0.9989357624232079
139,0.0173863478854217,0.0011155776653845187,7.093631380514305e-06,0.0054865313601270725,0.9760044494576862
140,0.007419305467651212,0.001182846395384979,5.713799510103393e-06,0.004241794651491761,0.987150339685962
141,0.0057476508582040035,0.0010506346034460851,8.978824061701709e-06,0.002375327230259839,0.9908174084840284
142,0.008391892177901027,0.0012407637999603835,1.264554001066491e-09,0.0008763629799752057,0.9894909797776094
143,0.023889706226871244,0.0007319530024691337,1.206480298937908e-09,0.0014019677716733743,0.9739763717925058
144,0.026614024740130814,0.001958470708399896,1.88774428585284e-05,0.002405482380768429,0.9690031447278422
145,0.030265051654810967,0.003791711461963396,1.0981792264501957e-05,0.007176768042227428,0.9587554870487337
146,0.10607338027187546,0.005999475146765121,1.2094633420504826e-05,0.02719431192016293,0.8607207380277759
147,0.01572459461800634,0.003565590835112538,5.850483131250426e-06,0.0072918954279279245,0.973412068635822
148,0.013196596549469095,0.0025967512675341238,6.018368425368909e-06,0.0025526993385081155,0.9816479344760634
149,0.025000583875160406,0.002421188403857662,5.195198067577513e-06,0.001165879021627555,0.9714071535012868
150,0.0366720853517331,0.003359623068339839,2.9151133530030937e-06,0.0007808538928661485,0.959184522573708
151,0.06587602355721288,0.004705408075865289,1.947437230781243e-05,0.00290884788209271,0.9264902461125214
152,0.000647714817787351,0.00034847263811688497,4.170755406304139e-05,5.68016723608901e-05,0.9989053033176718
153,0.006492111633232861,0.0015537143492979455,1.073555224932606e-05,0.0003501084136309055,0.9915933300515889
154,0.00033475712812476875,0.00025825407825378857,2.6599578168341075e-06,3.75009950083868e-05,0.9993668278407962
155,0.0006242281496505888,0.00030308919304989593,3.869412225457472e-06,4.613741107082741e-05,0.9990226758340033
156,0.00128530690445372,0.0007497779531532726,8.258814047614859e-06,0.00015828871136633742,0.997798367616979
157,0.0011391818177706058,0.0009943438518244662,2.1332046776213848e-05,8.045061655090423e-05,0.9977646916670778
158,0.0013779109312140575,0.0017283402316671268,2.5128683856576067e-05,0.00011174167146643634,0.9967568784817957
159,0.009123745451741291,0.002698740230414597,9.95854771095158e-05,0.0003409252814478417,0.9877370035592867
160,0.10565049526891425,0.003726390854028188,0.0003940617782974973,0.005757399236425898,0.8844716528623342
161,0.010409133638603052,0.0013629504256769862,8.289325777701028e-06,0.0010819986635268008,0.9871376279464155
162,0.00886120069091237,0.0007557563809048794,0.01731800783578287,0.0016447477737889325,0.9714202873186109
163,0.04426735114245225,0.0020539946704066785,5.135782197908476e-09,0.008295738870093543,0.9453829101812653
164,0.09881453688475736,0.005220157549185797,1.776208311932254e-08,0.01729904009751489,0.8786662477064588
165,0.03559037359233595,0.0019229348807269764,1.3135528397404366e-09,0.008290123867398068,0.9541965663459862
166,0.08714491174229305,0.00872470668456604,5.63840071457845e-05,0.045452086237997576,0.8586219113279975
167,0.10468852799849315,0.01785077863086694,1.9911593580821126e-05,0.04002758437338629,0.8374131974036728
168,0.15239049145222153,0.0176976034375201,1.6916172106150402e-05,0.026777860843139583,0.8031171280950126
169,0.18495001201837863,0.01265584395989422,5.521983736870556e-05,0.018866508145854357,0.7834724160385041
170,0.023180948324102058,0.005354158815572149,0.0001718770540232097,0.003182970160876102,0.9681100456454266
171,0.027921820578442662,0.0055150029640836234,2.3514702038068834e-05,0.008539645793461365,0.9580000159619743
172,0.1688631954454838,0.010883602174807694,1.0909643367553922e-05,0.020850157457545523,0.7993921352787955
173,0.146657002291302,0.012950495078458418,6.763026567114456e-06,0.027901529869415354,0.8124842097342571
174,0.02876668373344489,0.0059706337707933965,1.4935176755820831e-05,0.019270567459470398,0.9459771798595354
175,0.15347543754041956,0.016151449545769844,6.773776219470286e-06,0.06566915945799837,0.7646971796795928
176,0.20023003695564642,0.01800831240138958,8.003072080112752e-06,0.06650054230551737,0.7152531052653666
177,0.39592755348261965,0.0071284013723988,2.8016282790224113e-05,0.06520219836918642,0.5317138304930049
178,0.559844667934424,0.007984748648026672,2.8162833769766803e-05,0.18138107297408787,0.2507613476096916
179,0.3409265936182958,0.08810006338262827,7.494157387632289e-05,0.4716622423535377,0.099236159071662
180,0.0443856017182381,0.012393354470261495,4.9642640583571996e-05,0.29085977220314263,0.6523116289677742
181,0.19746578988706218,0.009180940845699636,2.471278606677884e-05,0.5702526723248954,0.22307588415627605
182,0.10860401264284983,0.019335006561228826,1.8780265719016082e-05,0.43613439037926377,0.4359078101509386
183,0.49498977014197904,0.02529347161243781,7.758667706180932e-06,0.4370728271658584,0.04263617241201861
184,0.184599926826557,0.06646339223355151,3.487585172574065e-05,0.5954308455595437,0.15347095952862214
185,0.06070992085046947,0.021979861475926597,3.539996621094285e-05,0.6999301624045159,0.21734465530287714
186,0.06202595576078688,0.04401636033605108,7.273645508062553e-05,0.5215914954637548,0.37229345198432656
187,0.10029791174414777,0.014967924520193644,3.682186586241636e-05,0.3722240168205853,0.5124733250492108
188,0.03001231681357845,0.009558022146027016,1.0266774653722877e-05,0.7182661609166606,0.24215323334908023
189,0.03453787167585599,0.0151296677332725,6.73940913570558e-05,0.6501013122444016,0.30016375425511277
190,0.004751810795119639,0.0036365979789131026,0.0006138456630978745,0.0017945153764125114,0.9892032301864567
191,0.06547347268894922,0.004490281299936508,6.781512973910427e-05,0.007882973552805346,0.9220854573285697
192,0.043776187231760855,0.0034125538220381355,2.2545097358755466e-05,0.007161824436906484,0.9456268894119358
193,0.06533782272258024,0.002858419344779883,3.165132349950999e-05,0.008467965699975087,0.9233041409091652
194,0.559046110885819,0.005736872285930678,3.227701997834051e-05,0.04235581626571792,0.39282892354255405
195,0.6276078752647447,0.024028851310011187,3.376422291157668e-05,0.10728519059540713,0.24104431860692535
196,0.5785665119338033,0.043113972746872585,2.903485872353623e-05,0.15680692134603438,0.22148355911456616
197,0.3312065098878166,0.18171601235970797,8.588344543436983e-05,0.32681270230842785,0.16017889199861332
198,0.33430103667396177,0.17198982383578262,7.86109603193259e-05,0.347864879195914,0.14576564933402233
199,0.331626362623821,0.27393319397996013,0.00014136730130016222,0.2793211575544423,0.11497791854047647
200,0.17276395948248513,0.13036677245262857,0.00017074598166688586,0.6756685097341014,0.021030012349117964
201,0.06872619257940651,0.6778446504540259,0.009236321623331475,0.20797147216045564,0.03622136318278048
202,0.028910753046783536,0.6896592835577423,0.003341193304097415,0.2538267932905064,0.024261976800870222
203,0.02382681286528978,0.4966472244093061,0.012019331902845745,0.43218399744997177,0.03532263337258655
204,0.022214156629376054,0.041557400379091815,0.0004659928690863295,0.8570425216146046,0.07871992850784107
205,0.0397463475434811,0.028730478920094744,0.0005443216332405178,0.8800848905636256,0.05089396133955789
206,0.013913392031119525,0.0101480454058246,7.994271972758652e-05,0.95302794064298,0.02283067920034813
207,0.03540688697182894,0.015296106321933104,0.00018303675729780403,0.8902599096336568,0.058854060315283355
208,0.08642413739649536,0.019498599586078056,0.00020767977218483135,0.7940697162975576,0.09979986694768418
209,0.046556183848726486,0.012671472736673772,9.606326977472462e-05,0.9193306149015149,0.021345665243310125
210,0.008150125054458881,0.0016139430925743007,4.2713539278936376e-05,0.9570010716161108,0.033192146697577134
211,0.014975960352974247,0.004116385701234491,0.00019873391776020608,0.9100236337501583,0.07068528627787293
212,0.006213459019264259,0.0017785065104409534,0.00015237171654059834,0.9342217588688578,0.05763390388489645
213,0.005254752868133628,0.0013550049921186404,3.987570772395583e-05,0.9817800579702133,0.011570308461810652
214,0.021853782073483628,0.004396277463872035,0.0004656316253829877,0.8976975546672633,0.07558675416999801
215,0.012915985786928956,0.003579104948804716,0.0003346360665143324,0.9460379289129193,0.03713234428483278
216,0.07059224327726549,0.008615800446978138,0.0005339274414902605,0.7876811827191661,0.13257684611509996
217,0.0644485863304691,0.013618054029936643,0.0004895517005465982,0.7530879838581062,0.16835582408094144
218,0.046374126406849514,0.010251264587859467,0.00010371883476478114,0.842720684355131,0.10055020581539519
219,0.045542151707658234,0.010624261283359205,8.78064135806141e-05,0.895834616350068,0.0479111642453339
220,0.009617685936249348,0.0071595256262437556,0.0001146070277077192,0.9552521192248683,0.02785606218493104
221,0.014179047790835227,0.010500510365284422,0.0001948761583085966,0.9273460123850926,0.0477795533004792
222,0.006976612555600136,0.0024610049190662486,3.387131578596676e-05,0.9732946703830356,0.017233840826512054
223,0.01606759773065438,0.004697258446395291,0.00010940118874122446,0.9252876210268726,0.05383812160733652
224,0.017117696136473074,0.0038861264226335425,3.2670908835713004e-05,0.9468441651437058,0.03211934138835197
225,0.024540501037926703,0.0037350269823762266,3.476077729129499e-05,0.9407084463270554,0.03098126487535051
226,0.026910916312482092,0.005171068206356184,1.797409387256077e-05,0.9457307448162521,0.022169296571036917
227,0.03863084740410945,0.003798285390542451,4.184443708446318e-05,0.9274188323410114,0.030110190427252298
228,0.01738468530553845,0.003500446074322987,2.676335319548752e-05,0.8915261770222181,0.08756192824472503
229,0.06241498442083034,0.004733006389642101,7.771248631747531e-05,0.874074470280735,0.058699826422475156
230,0.058124485737889725,0.00878392652297157,6.216367197674932e-05,0.8836378275844154,0.04939159648274646
231,0.14346671544685216,0.007674371249160916,0.00022743055853663888,0.6376637794682207,0.21096770327722958
232,0.1272505319514042,0.010842134317929852,0.00011439532733080374,0.48603753724623905,0.3757554011570961
233,0.1470773388309582,0.01518920498948284,5.963537000973295e-05,0.6721698519346457,0.16550396887490348
234,0.20401385940629616,0.012020618189068395,7.226877225116249e-05,0.572606883696966,0.21128636993541833
235,0.16837406675525987,0.011511076348363722,9.173963078681568e-05,0.6359801821140431,0.18404293515154654
236,0.0015013962244593974,0.00033820086740642813,6.68913598304558e-05,0.009183826376728316,0.9889096851715753
237,0.04105932478544723,0.0026413936234690877,9.845170678783518e-06,0.10065332681983555,0.8556361096005694
238,0.2822847051246887,0.007187666284388299,0.00013961438911828936,0.1903333356730139,0.5200546785287908
239,0.39476426074894083,0.008719431277612192,6.0551654521372454e-05,0.2406840803202535,0.35577167599867215
240,0.4336520155746381,0.06785912347601367,0.0003314313075484087,0.2874418444652162,0.21071558517658368
241,0.16490635561205896,0.11280831908597534,0.00025815758506326055,0.5872224356775282,0.13480473203937435
242,0.07152456781183247,0.01898931214249427,7.718910620350466e-05,0.6408548065916803,0.2685541243477895
243,0.14662571685222436,0.061842583273453225,0.00010186135671323225,0.5571504372457797,0.23427940127182942
244,0.18708095096080504,0.3710838274541758,0.00029876726914605854,0.3575200580872094,0.08401639622866376
245,0.26277180466230965,0.25686473101684176,0.0002158968744113452,0.43789961157885615,0.04224795586758116
246,0.2249132105058058,0.21804805663015892,0.0003727007273949176,0.35135185138653574,0.2053141807501046
247,0.29867000930707804,0.10035665702072406,0.0001968795077779554,0.5148263035742604,0.08595015059015962
248,0.2352426088924987,0.2457806452579633,0.009118750394924654,0.09975396671941292,0.41010402873520035
249,0.5328617542731476,0.06825504079678077,0.0003585339850525865,0.07342832530314927,0.3250963456418698
250,0.17538290666597597,0.7367950829464148,0.00031333606726947845,0.06059103633783704,0.026917637982502653
251,0.13236199706252177,0.7812001848384926,0.002849617021264692,0.04043376059396715,0.04315444048375353
252,0.318015822960176,0.48607599816730296,0.0007371034532930213,0.13783925251339324,0.057331822905834724
253,0.20846759289087996,0.6450879325101725,0.0009119124106331289,0.112052439565825,0.033480122622489374
254,0.06904748478493516,0.8651063722639236,0.0006445772829861905,0.0425302544943974,0.022671311173757574
255,0.029445080540840152,0.1588308906059024,0.007929272679061095,0.01060055940372541,0.793194196770471
256,0.30344778718058807,0.37586216831137,0.0010099056742237794,0.07315973665045834,0.24652040218335988
257,0.026266097277117515,0.015942009040688262,4.012782758818924e-05,0.004774788698971668,0.9529769771556343
258,0.003338117170875498,0.001441653658674731,0.0005844274763078777,0.001993744149087092,0.9926420575450547
259,0.029043975669965503,0.00447089422464765,2.2759905876101592e-05,0.003976471443336962,0.9624858987561739
260,0.1746133100532074,0.005979458997695463,4.3048209128498046e-05,0.009897324181319283,0.8094668585586494
261,0.003859283533976825,0.002042141960708407,0.00018192588051659444,0.0014121986305283838,0.9925044499942698
262,0.3580488536838864,0.021863599672949128,0.0002494092368858891,0.007851717602028756,0.6119864198042498
263,0.37772046443020013,0.11161559099911654,0.003468289992536037,0.019737252014477062,0.4874584025636702
264,0.14507572361257856,0.40389852448828556,0.008754789228057247,0.04493929507603196,0.3973316675950467
265,0.25073184815629423,0.27816930771291876,0.0014871979104432887,0.09356515849943288,0.3760464877209108
266,0.18318809788177537,0.5264952241057965,0.06217180952887652,0.04050073412242551,0.18764413436112606
267,0.16150893988966625,0.7460952304393663,0.01846413738919929,0.02674530872412338,0.04718638355764485
268,0.05901220414789628,0.9083193328561815,0.0175388732251377,0.0036931326324858168,0.011436457138298795
269,0.03591284025337628,0.9182872150745118,0.023601693783900174,0.012845912417455963,0.009352338470755695
270,0.020728832194178697,0.8496590401626091,0.12199786116781099,0.003566136060797138,0.004048130414604306
271,0.08762179634074829,0.8833716761898236,0.0032601942628766433,0.016056972016643335,0.009689361189908171
272,0.012715747005631809,0.9237661843129246,0.058112195937502296,0.0014089498884172008,0.0039969228555241645
273,0.02340985916001908,0.9514983517188956,0.016542096411018777,0.002397914174798857,0.006151778535267607
274,0.02390926600946725,0.9126426839851873,0.05765931359995234,0.0014172429188786704,0.0043714934865143225
275,0.012994029421972711,0.9784263627390481,0.00292857341747842,0.001994781271190271,0.0036562531503105773
276,0.02145863289123004,0.9313965152279345,0.041295296099760626,0.0011499582256771224,0.004699597555397603
277,0.019728606316315754,0.952807555572494,0.02152468689942466,0.0016594697613121908,0.004279681450453173
278,0.009995840782050883,0.9290895141804252,0.05460059356362052,0.0006430558661426127,0.005670995607760589
279,0.05897133349878872,0.9117281287978253,0.00920526378068857,0.006197989316284449,0.01389728460641294
280,0.00971520996442338,0.9647485787285252,0.021691628860814577,0.0005508128472776729,0.0032937695989590813
281,0.01673618558731769,0.9784094237954766,0.0017068050569223107,0.0008969073585304198,0.0022506782017530365
282,0.005687850398069597,0.9826194427499626,0.00934521725745078,0.0002781080400893027,0.002069381554427912
283,0.003439261987488442,0.9154962520125572,0.07922464032494198,0.00025788734004014897,0.0015819583349722067
284,0.010829065151399397,0.919167534541692,0.06580317565783579,0.0005089887724403222,0.0036912358766324534
285,0.0029769847130421065,0.9634782080625754,0.032156203898739036,0.00019516770857678353,0.001193435617066687
286,0.007453785037191195,0.9489986494557663,0.040110280780473496,0.0001732198482709318,0.0032640648782981153
287,0.00640559501223685,0.9520397038083621,0.03919886184984155,0.0002248848626781991,0.002130954466881188
288,0.0030411466072593897,0.6403320950015451,0.35465104139714776,0.0003527615487495841,0.0016229554452985237
289,0.0040508417647798205,0.7638680673953214,0.2304520508317773,0.00018545506992044162,0.0014435849382010125
290,0.0011732905176503564,0.5821011016575606,0.4151441433032624,0.00013205591064969179,0.0014494086108769373
291,0.0013828442645790133,0.3707902321775296,0.6265774599583812,0.00019970294702189998,0.001049760652488355
292,0.0011760960921502318,0.3935786482527706,0.6040787098446907,0.00022145194418163468,0.0009450938662069811
293,0.0010600216330511126,0.6104741980732789,0.3873945205090323,0.00016636912867023894,0.0009048906559675458
294,0.0015467700803135456,0.38469710488947373,0.6127087592925182,0.00014083391235467384,0.0009065318253398977
295,0.0006288133240986857,0.36893156266141114,0.6291386875482935,0.00010878728610235532,0.001192149180094346
296,0.003179859414597751,0.5538810420868002,0.4412186870909341,0.00028137180495368404,0.0014390396027141926
297,0.0008373940538592516,0.3458127729708462,0.6523105630619158,0.00016095517208673064,0.0008783147412920078
298,0.0012940885652731717,0.49579209473235003,0.5013518082569028,0.00021576318491122156,0.0013462452605627004
299,0.000930011307361586,0.32450462719601064,0.6734325434144558,0.0002383488288461637,0.0008944692533257809
300,0.0008695956909633843,0.43353939438544636,0.5645706806320159,0.0002033214477655024,0.0008170078438089738
301,0.0011306970797476607,0.3756155941002337,0.621824017590963,0.00020914722659670873,0.0012205440024589261
302,0.0005106753909153337,0.7308303921120044,0.26762244798631213,0.0001414234020503432,0.0008950611087178906
303,0.0007917750754210358,0.3113127960650382,0.6866788954206432,0.00014550809359391276,0.0010710253453036175
304,0.001119368076233075,0.4177495748837737,0.5796778599303704,0.0002228049426836752,0.0012303921669392
305,0.0012937067507529517,0.568845867636818,0.4287906825655965,0.00023705038942851335,0.0008326926574040311
306,0.0025932101192013435,0.4426755574913864,0.5532376412997863,0.0005153516469589106,0.0009782394426670826
307,0.001880332001109252,0.48117872675514,0.5157772503188467,0.0002873682602110877,0.0008763226646929121
308,0.0007830845970448278,0.3245408531803267,0.6737298409435669,0.00025476781906025867,0.0006914534600012488
309,0.0006594779793478991,0.39068388011104316,0.6076733734673665,0.00020088467310548598,0.0007823837691370486
310,0.0019746580880924,0.6995266921208517,0.2970358281520397,0.000376676701725664,0.0010861449372905798
311,0.000772719617381874,0.24140297084375853,0.7569323802478103,0.00022343843443497322,0.00066849085661443
312,0.0027043177870425396,0.728230672005744,0.2667974484765181,0.0003980838156944966,0.0018694779150009904
313,0.0003386257412613775,0.2038517735482198,0.7952083559137232,0.00010650224077796392,0.0004947425560178584
314,0.0010904433401585007,0.4070355252164987,0.5905260147871294,0.00028594733667643797,0.001062069319537016
315,0.0003493768575957075,0.27439472054596925,0.7243058448271702,9.8034078029111e-05,0.0008520236912357374
316,0.000480128002349601,0.265515503947012,0.7331379958633436,0.000156679885609306,0.0007096923016854168
317,0.0005263185108970224,0.3064647620279762,0.6919138623100222,0.00012457226081759076,0.0009704848902870227
318,0.0003671649957949429,0.13518854460935964,0.8636280950538485,6.178619863866019e-05,0.0007544091423581566
319,0.0021458656321246506,0.5721784777232333,0.42284597646262634,0.0002763766778777793,0.0025533035041378897
320,0.0008420189809672307,0.2918494217715515,0.7055911060506067,0.00022244163367236768,0.0014950115632021773
321,0.0017563260340893198,0.47777246822161046,0.5165472190384218,0.0006279761679388048,0.003296010537939731
322,0.0016839903209231212,0.31572744114095275,0.6808275984887876,0.00043637434915041497,0.0013245957001860602
323,0.0015534805179424835,0.38146538818745923,0.6149655493352416,0.0003185517126448301,0.0016970302467118918
324,0.0007061644409166081,0.20829443590165375,0.788940442229743,0.0002503053551761029,0.001808652072510421
325,0.0177446544776686,0.4181516963715651,0.09994894578777735,0.0022229820222240903,0.4619317213407649
326,0.1217968246479441,0.4487681177633389,0.03202684751708938,0.028049083337976316,0.36935912673365134
327,0.13407664051828655,0.7778709783600863,0.003277136282752637,0.015736379797613175,0.06903886504126112
328,0.45986995672645575,0.3257367566358852,0.011352597360486898,0.016988309711112422,0.18605237956605963
329,0.5101289454252959,0.26535350647913575,0.0011494436222007792,0.04001406726252229,0.1833540372108453
330,0.5219235433626677,0.41005576123668047,0.003912146741598814,0.041481434629418584,0.022627114029634497
331,0.1502534225432869,0.7978931331212324,0.024968676358495978,0.013462067665841269,0.013422700311143263
332,0.07350599287982183,0.6769338653671313,0.22911371418197318,0.010818685960113072,0.009627741610960602
333,0.19858910279425604,0.3916427716685233,0.17541653563284204,0.017595290519111018,0.21675629938526753
334,0.08897684593844754,0.7235983351669076,0.15454005620637315,0.008526358953128354,0.02435840373514337
335,0.09436135370155803,0.8173166765477725,0.057657331971580954,0.016138082065013475,0.014526555714074747
336,0.28081783544905997,0.611514575946092,0.02945659277156328,0.023417435275755898,0.054793560557528785
337,0.13808036008588698,0.8121880910699291,0.006065184448356055,0.029651382838859906,0.014014981556967876
338,0.14979825589325746,0.7825098904756524,0.01442427422503493,0.0281808111419421,0.02508676826411285
339,0.17685960970236536,0.23928564592888502,0.013830883556353831,0.13216924181423903,0.43785461899815675
340,0.07255992017768992,0.025867685677910396,0.0012475778574628485,0.005718687658419644,0.8946061286285173
341,0.8196230746397931,0.08144339700770577,0.00042973924835179795,0.02225066922380945,0.07625311988033996
342,0.35942234358933345,0.5678488344978281,0.0004204136432215682,0.010456981222529192,0.061851427047087605
343,0.14954599052277132,0.7942417176363542,0.03878251311140656,0.0027219288898260217,0.014707849839641875
344,0.02465258615630143,0.9645977729930019,0.0035802725930826756,0.002022238770331458,0.0051471294872825766
345,0.020460017299002396,0.9623308016719769,0.0009925369392048738,0.008048545526923828,0.008168098562892011
346,0.0060956062184116195,0.9871113575902593,0.002826046651607426,0.001324623759016803,0.0026423657807048907
347,0.011211897110898816,0.9827432568386978,0.0034786474836894805,0.0010091001618928416,0.0015570984048213319
348,0.01152445424814651,0.9836785022174255,0.0024789670894101133,0.0006269133382214859,0.001691163106796403
349,0.003920372586192336,0.9912928487313469,0.002835383341123977,0.00032519127499021323,0.0016262040663467053
350,0.011815866837872346,0.9802617090188424,0.005680913954361701,0.0004598021937446547,0.001781707995178757
351,0.005639511666331552,0.9921272389375131,0.0010599184067754425,0.0004230161587251254,0.0007503148306548091
352,0.0054803836829749476,0.9843341644199165,0.009084794187412079,0.00039894750116559706,0.0007017102085309374
353,0.004655467656081563,0.9877056008120441,0.006221048979937909,0.0003719426407656552,0.001045939911170709
354,0.009589050666473654,0.9865139473199256,0.002291361330767394,0.0004356502297331831,0.0011699904531000144
355,0.09223350026978107,0.8453764247317026,0.009839494589435916,0.0032277608037644544,0.04932281960531589
356,0.03182263665952271,0.9408938382217743,0.022084146533369185,0.0012209677802409674,0.003978410805092993
357,0.018768983104112076,0.9752900465269826,0.0027879536568686737,0.0008745372994494046,0.00227847941258699
358,0.054808125033560674,0.9393353071999742,0.00047564510394114445,0.0017459686741194992,0.003634953988404668
359,0.024279191422115105,0.9434375862055364,0.027958046098105493,0.0006137223312141845,0.0037114539430288668
360,0.07216264185888696,0.9208162656841458,0.0022223812863430272,0.0022347313474232636,0.002563979823201003
361,0.007337660466509151,0.9837898362637488,0.00791436594581054,0.00012641602954907558,0.000831721294382442
362,0.01014863797778989,0.9857660484280987,0.001985480549575873,0.0004205586137102244,0.0016792744308253061
363,0.00802541144099842,0.9797999854398035,0.010773095014885355,0.00014391487090584874,0.001257593233406821
364,0.005767779705197173,0.9821505031086049,0.009635823815508713,0.00021793715163014472,0.002227956219059121
365,0.005583420371863008,0.956782698331397,0.03498455386011256,0.00015980781472584003,0.0024895196219017917
366,0.005317092519021023,0.967267914261066,0.025750292068568686,0.00017862212659516298,0.0014860790247492818
367,0.002036028013390529,0.708356885099253,0.28780716766236475,0.00017886613405970942,0.001621053090931955
368,0.005303971376792697,0.9329343336647631,0.058089310870702494,0.00031278623946196145,0.003359597848279619
369,0.0017975603540537266,0.990092240367044,0.006741877977606133,0.0001296268363952936,0.0012386944649011092
370,0.0018436245806262273,0.7899633392193846,0.20615905147966432,0.00019927031087011934,0.0018347144094549642
371,0.002155816509484778,0.612201280175193,0.3833386150628363,0.0002314170862526841,0.0020728711662331635
372,0.002958412473692529,0.8705815354487263,0.12477115562388058,0.0002311287017812066,0.0014577677519191888
373,0.001561642245151979,0.32272830851086276,0.6745111324739462,0.0002075966340816405,0.00099132013595748
