epoch,N1,N2,N3,R,W
0,0.0027172463682956205,0.0005033058675608004,9.932375067998623e-07,0.0001349402368892691,0.9966435142897474
1,0.024002538331439557,0.0003694724399811847,7.555863080259418e-07,0.0004419107058363163,0.9751853229364348
2,0.022822828510147088,0.0016402123858209295,2.5982538277327043e-06,0.0014921861858827488,0.9740421746643215
3,0.02421154196655953,0.0006244919586901719,2.037487312886138e-06,0.0011535447955701645,0.9740083837918673
4,0.044224087788001284,0.0013116377035089222,4.755207811994483e-06,0.0017295935774017744,0.952729925723276
5,0.0653635685511011,0.001964021163621619,4.216665206074975e-06,0.001962127994445025,0.9307060656256262
6,0.2144343050380448,0.012736178478874706,2.4810557252694162e-05,0.01845405280106176,0.754350653124766
7,0.09999153317952443,0.010051974895462376,9.345958138732416e-06,0.019407946436035137,0.8705391995308392
8,0.16208675778835233,0.021546308050363113,3.745876862154856e-05,0.0782065621237204,0.7381229132689426
9,0.10165879584142921,0.013660820393335287,1.4433519357149201e-05,0.025967592757001598,0.8586983574888767
10,0.1161568020369216,0.011503212805991257,1.7982455275999895e-05,0.027491910681082317,0.8448300920207288
11,0.052047455122673926,0.002819357597889353,7.4366216681216055e-06,0.02361322881882926,0.9215125218389394
12,0.07354127711937501,0.006963869698285124,5.969120566231504e-06,0.04124424282913885,0.8782446412326348
13,0.04695212501288941,0.0026228068193404454,3.976198450877311e-06,0.014653318565491978,0.9357677734038273
14,0.003241157727032958,0.000140508129673614,3.6908934115387346e-07,0.00173859399610959,0.9948793710578427
15,0.011463808392890476,0.0022776686417035107,1.110798774268889e-05,0.003598749931624192,0.9826486650460392
16,0.003478038158765585,0.0001686110926833038,3.624825127628802e-06,0.0018485989019921285,0.9945011270214312
17,0.003703011559078263,0.0001919332863860436,1.3182020855367036e-06,0.0008376331574091504,0.9952661037950409
18,0.0028138956998801203,0.00023407115221016188,1.2264295201211498e-06,0.00015041396694013325,0.9968003927514495
19,0.005563389288570107,0.00013355058570341873,7.433635564765143e-07,0.000321160581003918,0.993981156181166
20,0.002194441520108608,0.00010751716448211808,6.446397383250397e-07,0.00012457468737334804,0.9975728219882977
21,0.004977105631870847,0.0003259160293288473,6.780304018236765e-07,0.00013587209100456629,0.9945604282173939
22,0.0038335336470121184,0.00041172147992602436,4.051553215235276e-06,0.00010327814537636926,0.9956474151744703
23,0.005860644039013625,0.0004934036323376545,5.554909764806698e-06,0.00035080841048751375,0.9932895890083963
24,0.007940236983563005,0.0005502239635330015,7.731291058490395e-06,0.00013526336480617815,0.9913665443970394
25,0.03721024325112802,0.006041205652741072,1.3801206512306666e-05,0.0009241791474085568,0.9558105707422101
26,0.040910023966446975,0.014964422417312705,9.098930779502804e-06,0.002882362857322009,0.9412340918281387
27,0.08763643151010382,0.013425529613705132,1.6375837235300052e-05,0.004258360494344334,0.8946633025446115
28,0.15039883289836903,0.20541980162754647,0.0005393435991339803,0.028053223990203956,0.6155887978847466
29,0.08415943747979392,0.06412956755410515,0.00012310467987931947,0.017629514178713786,0.8339583761075078
30,0.05451261439146118,0.10048660633419705,0.000280098375182924,0.03772378174581517,0.8069968991533437
31,0.007954001486586178,0.0026778760132605845,1.5275686507028916e-05,0.009045385407388043,0.9803074614062581
32,0.015060133677948454,0.0026303443847210685,8.702819927081728e-06,0.003000619049007008,0.9793002000683964
33,0.028667220689722495,0.002027051431971057,8.387795292612273e-06,0.0015479697783081997,0.9677493703047055
34,0.029077563375234847,0.004774112689014599,9.037121924458943e-06,0.00150043533111262,0.9646388514827134
35,0.022194964867448083,0.003905559352219863,9.60962839071321e-06,0.0024735566717480955,0.9714163094801933
36,0.03917530908069006,0.009569838909419712,1.52245696439368e-05,0.010100746767651924,0.9411388806725943
37,0.004785053984458921,0.0014338298389195102,7.362913344809224e-06,0.0020957412039909248,0.9916780120592859
38,0.003087760845332876,0.0006131745214821947,5.916272052850189e-06,0.0013217400413181222,0.994971408319814
39,0.016656470801340154,0.002599024393795862,1.1098916012473785e-05,0.00224946443504383,0.9784839414538077
40,0.020314487557374347,0.0013058542101173866,6.309046274074545e-06,0.0006828673766906256,0.9776904818095435
41,0.014727777465525818,0.003204905107862314,8.339750684521802e-06,0.0009435698255118221,0.9811154078504156
42,0.0034512010100210726,0.0005145331218430049,3.939298925309336e-06,0.0004421874421208031,0.9955881391270899
43,0.033489635726087805,0.004706632093625918,2.6410731383376398e-05,0.0011486951675728266,0.9606286262813302
44,0.01803147650048068,0.012600843483050475,9.33584670354516e-05,0.0004266267044305221,0.9688476948450028
45,0.01734035771720862,0.018839373749809162,0.00023750627740072152,0.0013712655800633287,0.9622114966755181
46,0.02381931644141523,0.100675251558357,0.006582605621669266,0.002015661710684793,0.8669071646678738
47,0.008985487613803833,0.003377532920163745,3.365915540997336e-05,0.0006294714792057699,0.9869738488314166
48,0.021528649703237784,0.003401412387906883,1.633854383167978e-05,0.003793707705277733,0.9712598916597459
49,0.055695404415387666,0.012388614420164515,3.419859914242192e-05,0.003646546631038988,0.9282352359342664
50,0.020531613642330214,0.010011221732957433,0.00021842820842094414,0.0006483781468990323,0.9685903582693923
51,0.0025664384381861582,0.0018984560207894838,0.0003538303969510479,0.0001831570527868495,0.9949981180912866
52,0.007752261198059764,0.0029290656457119594,6.705214925671253e-06,0.0002225990552086833,0.989089368886094
53,0.0035325596538083328,0.00016094787371592577,1.7480034826932084e-07,5.198211511100287e-05,0.9962543355570165
54,0.009986775898015538,0.00033589620557182706,2.170934254642352e-06,0.00013158099373885242,0.9895435759684191
55,0.012640309499736548,0.0006012997088528263,4.25778336974857e-06,0.00013269608683827278,0.9866214369212026
56,0.20084483911546622,0.0037910119662417727,1.1869552167281874e-05,0.0005110820741133031,0.7948411972920114
57,0.027725892736188064,0.0013574440806193315,7.498045339235016e-05,0.000560837813483046,0.9702808449163172
58,0.004346671019021829,0.00038036888692111263,1.3431464737468265e-05,0.00021256245252663643,0.9950469661767929
59,0.08971630607212312,0.0028850216858825853,1.85474920611973e-05,0.003852831390010743,0.9035272933599224
60,0.14725201844916422,0.012168402463328717,4.0666887778698686e-05,0.01630116266437684,0.8242377495353514
61,0.27022743057976284,0.08521932111407822,8.9208722168816e-05,0.026407218162556492,0.6180568214214336
62,0.11040352961116856,0.008184378112230844,2.678708294654151e-05,0.0141896994230408,0.8671956057706133
63,0.3228776301522679,0.22154508516893684,0.0002131532843490305,0.007314597952680246,0.448049533441766
64,0.2354972251817042,0.06875113382771034,0.00014357839523630319,0.0012906594995295377,0.6943174030958197
65,0.6853428643373572,0.22668701507525815,0.00016604534816319814,0.007479892347592519,0.08032418289162885
66,0.21966041804251524,0.7387414630880857,0.016900596784581084,0.0019814607460768964,0.02271606133874101
67,0.33132012749577555,0.5876341529109192,0.000998767629365417,0.0033206860168584406,0.07672626594708144
68,0.06924787613914592,0.9062110634241906,0.0012917006033434722,0.0031156471221795417,0.020133712711140485
69,0.03265696042466002,0.8215592363519996,0.13248116650250316,0.0006221737521064556,0.012680462968730776
70,0.03572878109964984,0.8868800897398974,0.0657202254836159,0.0006940339233511325,0.010976869753485647
71,0.13539588361035618,0.817683974273874,0.010834264228692929,0.0011697598088501392,0.034916118078226754
72,0.08989198545090273,0.8483789837885685,0.026395492016486867,0.0007600266348438437,0.03457351210919825
73,0.04942114365082172,0.8259508886097411,0.10681657857165072,0.0002339189711137992,0.01757747019667282
74,0.015644343017323356,0.4881844513408443,0.47387137085079434,0.0002070620433632119,0.02209277274767465
75,0.03392312717840163,0.6393841606334748,0.2953013528312611,0.0003487168707087127,0.0310426424861539
76,0.062490063376373216,0.7156723366634417,0.1875393859330433,0.0017240818855762665,0.032574132141565425
77,0.06258353446214236,0.7822896234532469,0.09604018866718099,0.0033937879328205444,0.055692865484609354
78,0.036645164504984756,0.7737564594187095,0.1451519574015414,0.0038738237856272635,0.040572594889137115
79,0.0943182510440299,0.7704075948711336,0.025385247837047195,0.009839525050995447,0.10004938119679387
80,0.0284133350159296,0.014562061538242991,0.0033979217965653206,0.000914431921210011,0.9527122497280521
81,0.1479653502340964,0.040658013623049265,0.00014476430847429363,0.0033784742100397614,0.8078533976243403
82,0.23522117736239526,0.026071059437975268,8.56539582820742e-05,0.0010699272382727802,0.7375521820030747
83,0.14454620843795454,0.19701078101771155,0.0018077878616436943,0.0005231527796248155,0.6561120699030653
84,0.45984017658955134,0.25609724017460106,0.00021200011140002763,0.004711083777162468,0.27913949934728494
85,0.5298960465934107,0.35504827393849914,0.0003798746926932197,0.007459756134469738,0.10721604864092713
86,0.4231328595555866,0.4697828893284789,0.000601355535631827,0.01011649001372168,0.09636640556658092
87,0.36460366636058394,0.42534974068366066,0.002881194435396536,0.006198648562828811,0.2009667499575302
88,0.13875222948740337,0.8099959535504286,0.003887842046227722,0.010669220558657235,0.03669475435728301
89,0.2502064070120112,0.44267897353232744,0.0009596024189941211,0.010401901797731148,0.29575311523893594
90,0.2081323345032924,0.7536540965166633,0.006269129391775235,0.007631238786620777,0.024313200801648373
91,0.1292665264133007,0.8333887438733598,0.008268913192163694,0.006446748069448868,0.02262906845172682
92,0.019287511155710486,0.9348473247286635,0.03775534669199429,0.0013013213781941076,0.006808496045437628
93,0.04778935789511608,0.901931945086256,0.028843618830912524,0.012205326982850059,0.009229751204865558
94,0.029179680096085257,0.8740817107606781,0.07343581141403534,0.007889059680454618,0.015413738048746737
95,0.05766127571935987,0.8927749315934593,0.009350531691157071,0.029020565548631947,0.011192695447391836
96,0.134996476883517,0.606453583490507,0.011375055521548494,0.01993871628210078,0.22723616782232675
97,0.034447227785044214,0.9465244392267627,0.006634831180888342,0.004785652738493246,0.007607849068811523
98,0.14901071907173685,0.8073601830048469,0.010024652507158395,0.010356798340067508,0.023247647076190477
99,0.05416461764733032,0.8821179833773853,0.050024852681145676,0.005118101627990728,0.008574444666147952
100,0.07348239020261288,0.8390847641689059,0.06757379599441593,0.004931588825493358,0.014927460808572024
101,0.23296195789964438,0.5601518248533461,0.002059921998056707,0.024028021681105852,0.18079827356784686
102,0.0913662151067741,0.8670291465981059,0.012203221899276695,0.0032818498909167005,0.026119566504926424
103,0.03833230931224548,0.8987182745344502,0.04840851254638533,0.00286712655107439,0.011673777055844419
104,0.11140657824939956,0.8522231992395866,0.0019044671225479646,0.0035808332652506984,0.030884922123215117
105,0.02179736263634179,0.8792755341535983,0.09218490560233558,0.00064051131322893,0.006101686294495572
106,0.03171833426052917,0.8695830360267299,0.08684566874539529,0.0037908625863654175,0.008062098380980286
107,0.04900315300770775,0.8969958353837211,0.04330947224433766,0.001992553101247477,0.008698986262986048
108,0.02641249439107476,0.8318399030827106,0.11844994369817877,0.012518139556188508,0.010779519271847263
109,0.15209549766765032,0.8070551593227487,0.005773394371318832,0.01745136366631812,0.017624584971963952
110,0.06441891975418938,0.8982718346497991,0.011019568730547205,0.01330364973182188,0.012986027133642525
111,0.03961277248888806,0.8794087001180861,0.06611694154311183,0.006603241488199838,0.008258344361714128
112,0.15380066046222432,0.7462842472521385,0.006127331006355515,0.022667988567425634,0.07111977271185614
113,0.07111303235206107,0.882601268682009,0.030766014913725125,0.004656070593081007,0.010863613459123976
114,0.05833163780269219,0.8507220371548653,0.06899146445626783,0.007130494550679817,0.014824366035494965
115,0.047957240029884676,0.9085835566493783,0.024224896182389093,0.006049973486749267,0.013184333651598538
116,0.03675402305380915,0.8697976647586533,0.0692015637958265,0.01585628796746017,0.008390460424250942
117,0.167957291120407,0.7494821437177757,0.001616767069249019,0.016930636563380914,0.06401316152918743
118,0.24714538923817853,0.6432867490584281,0.0015400385240611123,0.0099016410912046,0.09812618208812773
119,0.0703887501363797,0.9055486364449162,0.00549272936333505,0.010501564949951234,0.0080683191054178
120,0.027118151562302708,0.8717515970234427,0.08668418723061229,0.005618328482432393,0.008827735701209968
121,0.12764005592909802,0.8087113397828014,0.003179701366962409,0.01724104616051566,0.04322785676062238
122,0.024181660031878445,0.7961801666030698,0.127485710951543,0.040748632513346386,0.011403829900162341
123,0.12571172774244643,0.2668295782408532,0.0015031728614474762,0.12943821308622805,0.47651730806902487
124,0.14039668215564807,0.6410729481208233,0.0007676877967037675,0.16760386481505243,0.05015881711177238
125,0.14108858209095707,0.6118445822046188,0.003588685601598096,0.20057108046637223,0.04290706963645369
126,0.2648758646210125,0.343025887268164,0.0002251109368032873,0.30557395562146344,0.08629918155255681
127,0.1731224825754245,0.2047222033054263,0.00019227930573873048,0.13495339022863292,0.4870096445847776
128,0.26532798487122256,0.15637093838940933,0.00014478056111517487,0.349941716193462,0.22821457998479092
129,0.29428210110111386,0.36893632480725835,0.0011124270090740061,0.13621832435873424,0.19945082272381945
130,0.3926270010981178,0.1343361990184562,0.00011591727948732075,0.34939496101601086,0.12352592158792769
131,0.23560251888672426,0.340479143693434,0.00043989772510624455,0.36298485288747745,0.060493586807258026
132,0.18749868443948958,0.08289252194322262,0.00010054736482618258,0.5848377434694406,0.14467050278302102
133,0.16216333083925216,0.2681444220670445,0.0004234014225437052,0.5424189417254811,0.026849903945678603
134,0.1326389762656177,0.06832482199677524,0.00030652770796863696,0.11675747522104668,0.6819721988085917
135,0.416148136421877,0.23403094218023587,0.00029558804182903546,0.2507139266704318,0.09881140668562617
136,0.08849770512372693,0.7315430907659193,0.09819489878006628,0.04412409884723047,0.03764020648305718
137,0.3126294349412116,0.1555476769983688,0.0005069593101088841,0.23898530721979502,0.2923306215305158
138,0.22394760330727026,0.37633570153240564,0.0010646757241542213,0.30120277795221745,0.09744924148395234
139,0.20136381375850648,0.5082597507820205,0.002359423200820087,0.05787359576419806,0.23014341649445486
140,0.5036126704559856,0.17748512902635646,0.0004998201086128496,0.05988820442765037,0.25851417598139476
141,0.24409003754039357,0.6133887520825266,0.004759168413615696,0.06318222004219233,0.07457982192127177
142,0.5044698073092888,0.3067216468721554,0.0005840824213793583,0.09132367238781625,0.09690079100936004
143,0.19928945574550794,0.7058118433311719,0.010865546724946478,0.062414203816999185,0.021618950381374496
144,0.1878752323780634,0.6313297874406433,0.005189954744720907,0.15833397480751243,0.017271050629060068
145,0.1710746651123898,0.7202240135192832,0.005926628021667746,0.07760335164669457,0.02517134169996461
146,0.04704231488042506,0.7087979438009651,0.07359712777692883,0.15124734074235513,0.019315272799325985
147,0.19286598973989752,0.18752605257980853,0.0003815251944903916,0.5284363050853574,0.09079012740044602
148,0.11107955187859732,0.5414405177408714,0.006358963816820494,0.28972535477558964,0.05139561178812103
149,0.11509804007689409,0.06084683684751046,9.122329196072844e-05,0.46037988322090906,0.36358401656272565
150,0.4453150380714003,0.14892418012762076,0.0002125665945406946,0.21099603818040108,0.1945521770260371
151,0.36035291351938864,0.23879574826951033,0.0004541431800751032,0.11296643055895256,0.28743076447207333
152,0.26673842465632075,0.665540765168092,0.0016764437000264247,0.04553975251424516,0.02050461396131565
153,0.3796729059802605,0.23075328339286613,0.00032417499785112464,0.17684079592342755,0.21240883970559454
154,0.059041823718130215,0.8989780320517093,0.002956113939109211,0.027698350879066462,0.0113256794119848
155,0.19077673929575267,0.5365234225885052,0.0011434639576269015,0.04505330981262105,0.22650306434549425
156,0.2166028046452226,0.33489670216253054,0.0009514011499358523,0.059208660172151185,0.3883404318701597
157,0.15287163905662488,0.6019722266923946,0.0034688306364429725,0.017133063049241653,0.22455424056529577
158,0.3236391498579216,0.4691568950159052,0.0005197700751631316,0.028229974623116997,0.17845421042789303
159,0.07737531860990535,0.864984258476383,0.00415108898767535,0.008780540301117312,0.044708793624918905
160,0.015032823082515438,0.9483134681749603,0.014599755687078938,0.002448318328352116,0.019605634727093313
161,0.19193310495221597,0.19580866546819162,0.06048633118344076,0.005475410486892792,0.5462964879092588
162,0.06746546093480092,0.029784964720492222,0.0001641275987465058,0.022460780554675302,0.8801246661912849
163,0.04111159990156479,0.00875796237397406,9.544663352013088e-05,0.018262815836413655,0.9317721752545273
164,0.0544454332579717,0.007004747612553792,3.333664200654646e-05,0.002522149637734945,0.935994332849733
165,0.4861480778182975,0.18017699778932916,0.0004061377279039386,0.017909025023033102,0.3153597616414363
166,0.23040807236738772,0.051288235848729345,0.00014051367342573238,0.027484465875991945,0.6906787122344652
167,0.20654431162082817,0.19567576126947728,0.0005598806732483337,0.13547724164066632,0.4617428047957799
168,0.17341604624611995,0.2881036404293937,0.0006872766309598743,0.24647720191476152,0.291315834778765
169,0.18556263269669113,0.06710129983600424,0.00019165484437786543,0.32721604856524367,0.4199283640576831
170,0.23250499925764062,0.15673223448067958,0.00015311226164434552,0.5237712206264529,0.08683843337358263
171,0.05628172917512538,0.7588809734567941,0.0005945156640285849,0.1328539605586326,0.05138882114541945
172,0.21435255701168265,0.08144348285940141,0.00013744146512974248,0.36933531588170165,0.3347312027820846
173,0.14537807991140042,0.1502168932092122,0.00017863936826543585,0.6467175948067125,0.057508792704409464
174,0.10258699177238262,0.3850185139101044,0.001203507676104953,0.3855383276649267,0.12565265897648126
175,0.03305400165467189,0.02896931852570711,0.00021197198233178764,0.18507318688939084,0.7526915209478984
176,0.15557900149850046,0.059580822585575934,0.00010314367658032135,0.46377031607759683,0.3209667161617465
177,0.12354155880711334,0.03471929687474037,9.868564168472472e-05,0.26296811885617843,0.5786723398202832
178,0.31957702558253087,0.043293291744955525,9.12088753486417e-05,0.20893201595151703,0.4281064578456479
179,0.2182889373969244,0.20062519446703134,0.000684019279702455,0.5387935602789777,0.04160828857736413
180,0.1106756723679679,0.12055924779404238,0.00038318160388479196,0.6546620211075708,0.11371987712653406
181,0.07868979014885559,0.034719459828384355,0.00012710458363126905,0.7444875095324099,0.14197613590671884
182,0.06529092346746694,0.14167104902015276,0.00020295205530134264,0.7698903335386642,0.02294474191841464
183,0.1704199301391723,0.3000403144256782,0.00388142460031973,0.4480302442643683,0.07762808657046158
184,0.22252914829518358,0.13912882093406614,0.0005990473800678369,0.5917270210524805,0.04601596233820183
185,0.13300313807848213,0.5903702072030187,0.0015390576400595517,0.2337848790791791,0.04130271799926055
186,0.24079055562795476,0.28839327475856336,0.0007752232706658321,0.36018785893931765,0.10985308740349842
187,0.1648617705066368,0.6954001658311681,0.0012004519953481396,0.12102751000382204,0.017510101663024823
188,0.28552163855532836,0.306261053886096,0.0007629066193500485,0.19259469819057887,0.21485970274864688
189,0.07296553131966117,0.8710327377445372,0.010862448358179271,0.034480724060536865,0.010658558517085493
190,0.23244229562911586,0.5650492156584404,0.0009288866178415891,0.1502311921712426,0.05134840992335963
191,0.03492581460106353,0.8096298219846332,0.08806881474688756,0.05285804404845363,0.01451750461896223
192,0.03628136045045761,0.03605711077180762,0.00028515113299680886,0.04284019555373178,0.8845361820910062
193,0.47218719682063814,0.2562385583975768,0.00031389423752060166,0.22252467774776188,0.048735672796502774
194,0.4253693128776168,0.31277080234498,0.0010753511542717622,0.054911627889581545,0.20587290573355008
195,0.28578095974439177,0.6977795451873945,0.0005417156403351328,0.006555142220279554,0.009342637207599216
196,0.026879492471212026,0.9530745684905826,0.01423163882489107,0.002927482116111669,0.002886818097202672
197,0.45822765998865395,0.38906610066698316,0.0021120687683130364,0.036541788382605155,0.11405238219344466
198,0.32225298410989134,0.6469353209160568,0.0021550522334069597,0.008370329879036945,0.020286312861608143
199,0.1645930528658835,0.8131692169082156,0.005712615241806519,0.002299917532981378,0.01422519745111296
200,0.026442521659218426,0.9443832606820768,0.025745282897780785,0.00053179653871635,0.00289713822220773
201,0.037266876867929496,0.9162868276785784,0.03879147334020654,0.0032228604401438555,0.004431961673141728
202,0.011470360354601344,0.8310199059580674,0.14844574190190343,0.003432723720237864,0.005631268065190141
203,0.22848816612356393,0.6787504885063949,0.014383390736680199,0.03778812983180212,0.040589824801558975
204,0.030302346398596774,0.9339736621648128,0.027662911631615286,0.0024611782787204973,0.005599901526254537
205,0.02022732775016166,0.8634224787572804,0.1068297176263579,0.003695674295253601,0.0058248015709464465
206,0.1136520725847287,0.8366513294445995,0.010892484333599496,0.0060700298971446505,0.03273408373992759
207,0.2399606072984237,0.6839330769527948,0.005212471770912727,0.010795874364323168,0.06009796961354548
208,0.02304156767360046,0.9567890237145688,0.014564882240631424,0.0007393413339555452,0.004865185037243973
209,0.03328738241848917,0.9362284551986603,0.025131277838304295,0.0009727349972540596,0.004380149547292303
210,0.04675490731653524,0.9249157748288976,0.01943503856160428,0.002195455963598614,0.006698823329364092
211,0.05147863580877824,0.8721049677360192,0.06383130723265652,0.007088783360993956,0.005496305861552105
212,0.00997646141637349,0.907048830746367,0.07111662279303552,0.007087400312147885,0.004770684732075952
213,0.17903805404539802,0.7427046241453604,0.006642424878160589,0.022519203336678485,0.0490956935944025
214,0.08969157504535873,0.8395516466822136,0.004767253812052881,0.04234036420602716,0.02364916025434754
215,0.006008102942738743,0.8016239563256208,0.180516989586134,0.004164975421557252,0.0076859757239490616
216,0.23219611027588663,0.47786385596905184,0.001593801183717213,0.07175541797070445,0.21659081460063992
217,0.03870779338791807,0.8557061551488389,0.023134287574522773,0.04745619790274394,0.034995565985976536
218,0.03178385184958742,0.7134770916899218,0.041128640090193104,0.08476247922466973,0.12884793714562795
219,0.022323928283001646,0.03161498723470357,8.978053231319213e-05,0.06261843951271952,0.8833528644372621
220,0.0861216476676373,0.047782679544467,0.00014570355808140234,0.17490008184699862,0.6910498873828156
221,0.002370679992751605,0.0022876968736603876,0.0005292557673585269,0.0020687557528234436,0.992743611613406
222,0.005455646394331913,0.0012300883663062447,6.755448465724014e-06,0.0037586663108066,0.9895488434800895
223,0.04913414464976939,0.0028950245857327726,2.170817177338228e-05,0.01458389933602023,0.9333652232567042
224,0.2913324493808905,0.007755802356218962,3.417825151066841e-05,0.034301746176747736,0.6665758238346322
225,0.205906714355195,0.01635974369225248,3.776830326550205e-05,0.07740831462459676,0.7002874590246903
226,0.08672329618933092,0.02547686377304043,5.993792780873538e-05,0.16605919338501485,0.721680708724805
227,0.13792846206019757,0.03172796012669392,7.551687161828678e-05,0.5334530099727322,0.2968150509687581
228,0.1344057053483716,0.16971843454099023,0.00021926817228367835,0.6448976834417375,0.050758908496617114
229,0.09560260693803138,0.10318316620678114,0.00033718114252551557,0.5460187713190333,0.25485827439362857
230,0.03599123876091476,0.011051203966094379,6.160836612772622e-05,0.2655649168997357,0.6873310320071274
231,0.05797951061862347,0.011675797155717402,9.684431616865732e-05,0.24874044243510368,0.6815074054743868
232,0.05634996300814745,0.006875274400822541,2.6378328557539906e-05,0.10182974001890881,0.8349186442435638
233,0.2034985730147863,0.07152489254169093,0.0002502662856486131,0.6381279294226272,0.08659833873524696
234,0.05829711278773477,0.016603503507351357,4.0860475701167603e-05,0.4502102273601563,0.4748482958690564
235,0.010591531811009382,0.004278890251359218,3.204225266435525e-05,0.12475564637543599,0.8603418893095311
236,0.07110432828292004,0.009699091953108594,4.905819731922364e-05,0.4071293599230075,0.5120181616436447
237,0.11228165926379677,0.08819974075415568,0.0005299656362240656,0.5325088457221163,0.2664797886237072
238,0.018858815301318176,0.021125152368674075,0.0009220688737957834,0.10277552819623163,0.8563184352599803
239,0.009767337619696241,0.0025220591960634087,3.241113295509565e-05,0.06541948864942158,0.9222587034018637
240,0.027769540599527385,0.002546824105915862,2.181088957600427e-05,0.07930871753357532,0.8903531068714055
241,0.23706219338742587,0.014359911882703014,3.6450846298201174e-05,0.16235959126289454,0.5861818526206783
242,0.13855051934286206,0.00824829417138971,3.9887863030339975e-05,0.09653473938838616,0.7566265592343318
243,0.4093809954539845,0.03931831072081419,0.00014132559544434328,0.3733173405575509,0.17784202767220603
244,0.35547674807341045,0.033202339824841436,0.0001987896287276406,0.4125030462635726,0.19861907620944783
245,0.4074809896505962,0.2135390908606428,0.000425679284669416,0.31550566828129584,0.06304857192279596
246,0.1895677795042124,0.6014947710863792,0.0006801085227578709,0.17423257220809127,0.03402476867855929
247,0.10827565216070459,0.6823986813740498,0.010521959869764832,0.12500507016525575,0.07379863643022513
248,0.23949542910870966,0.22909956564012493,0.0004630726200091412,0.48110257294530767,0.04983935968584857
249,0.1450990549589764,0.7657618589335179,0.004399341092128971,0.06402101065728395,0.02071873435809272
250,0.30623412881588036,0.35384002421853994,0.0005459464596743993,0.13009437511303779,0.20928552539286763
251,0.13860381536442434,0.7605571936886217,0.011307196074353815,0.053385627564070684,0.036146167308529265
252,0.2617094505823563,0.5852484265131492,0.0018613084049790812,0.07048028132130628,0.08070053317820905
253,0.1699207023331314,0.7127112969688219,0.004912268285787463,0.05006831866742673,0.06238741374483255
254,0.3322876872421852,0.3251484064763458,0.0006123832210239711,0.11841213651799429,0.22353938654245079
255,0.22105379048708926,0.4896208312101919,0.0012184698124554567,0.04385848525959184,0.24424842323067153
256,0.39869162301748967,0.49886135458622494,0.001284130682037005,0.042603250883496833,0.058559640830751554
257,0.1305857061487874,0.7010921110646329,0.1239266090412622,0.009975209439512854,0.03442036430580467
258,0.20922463497559848,0.44979605362845543,0.0012493502679299538,0.021208161372706258,0.31852179975531
259,0.044537844370020535,0.9314990206222095,0.0064940267531734125,0.009735186767694706,0.00773392148690196
260,0.1471162544004878,0.6468923929152787,0.005469401307964868,0.021676522559151073,0.17884542881711765
261,0.501766666260793,0.19587868589038324,0.0007563724086115518,0.045185678753968755,0.25641259668624333
262,0.396639672114603,0.4857485707232585,0.0008508752542673869,0.011370344845557108,0.10539053706231387
263,0.10478566747349279,0.8765070565534808,0.0047873465247008145,0.004764433613295876,0.009155495835029606
264,0.12103064767592621,0.7962741999816094,0.057937408197815135,0.00826428544023715,0.016493458704411993
265,0.24535898047332835,0.6357209841263574,0.0036495394451138345,0.0753804597093675,0.03989003624583297
266,0.2466401781705002,0.3702449864069127,0.0012746012823894959,0.270948448436532,0.11089178570366563
267,0.24140013438395053,0.5434981673771593,0.001323529603952389,0.19596422524206306,0.017813943392874777
268,0.20501536095972642,0.09793690804575887,0.0007953736436065735,0.05843403288661605,0.637818324464292
269,0.44611723959428257,0.2336058852998511,0.0001014527966527613,0.23459210613357676,0.08558331617563682
270,0.22536193233647572,0.4594879787435907,0.00012138093209523903,0.12098053267036087,0.1940481753174774
271,0.47730195227427585,0.18064459135568597,0.00013770293750177276,0.15978499019084577,0.18213076324169056
272,0.2444125764539434,0.2127729669397544,0.00016620303243492212,0.45711450627986194,0.08553374729400541
273,0.07569877753636231,0.7381960646177884,0.004951667172918685,0.1625278060537725,0.018625684619158256
274,0.02911678359230396,0.04344866372636271,0.0008388488958193223,0.05425696493603848,0.8723387388494755
275,0.16981155711740753,0.04057501995464315,0.00011312041435165646,0.29425744512916646,0.4952428573844312
276,0.2141722608641773,0.04696930060043548,5.6732672716936476e-05,0.2668668163596181,0.4719348895030522
277,0.5077367118123797,0.07127645708341676,8.382893410811989e-05,0.21875364441400733,0.20214935775608794
278,0.307349960438139,0.04074540028059765,0.00014789611851621253,0.08964664675860931,0.5621100964041378
279,0.10407581956537232,0.025695910202558,4.6460576864351554e-05,0.07007972739102906,0.8001020822641762
280,0.5205190839281408,0.04577160435090123,5.326667188791647e-05,0.1589395716061277,0.27471647344294237
281,0.42744832186390347,0.1289209287793514,0.00023661902968820123,0.22969567964291218,0.21369845068414473
282,0.4740250069908388,0.06738171574911203,0.00011547731914716364,0.3303644570419506,0.12811334289895138
283,0.10748593477177579,0.4064480741246773,0.0038506981670893676,0.46666450498321366,0.015550787953243985
284,0.19207696513353156,0.15273336980444113,0.00019803333075994845,0.621459502505262,0.03353212922600534
285,0.035744387636028045,0.8475913475401129,0.00576627025782214,0.09570568172552885,0.01519231284050797
286,0.2114924385974112,0.2336472603262095,0.0004624159573974176,0.26854691328914143,0.2858509718298405
287,0.25934197484430754,0.37404472906542974,0.0007333786110685964,0.27820907665328237,0.08767084082591192
288,0.20472420878917647,0.15804657405861883,0.00040711713134329656,0.17364687448397687,0.46317522553688467
289,0.23038376512319636,0.5651077150774729,0.00041313677017092024,0.14103086643183937,0.06306451659732039
290,0.29355267892166653,0.3756347769356629,0.0005340253776362404,0.20111734197769587,0.12916117678733838
291,0.35060339424300274,0.15990302526524322,0.00019177204725979533,0.3843610856157158,0.10494072282877832
292,0.061829357004476566,0.3927462521431427,0.0014030700128934532,0.09178279711240503,0.45223852372708234
293,0.015723421034575125,0.020124893149527322,0.003077694396797082,0.008476086295480927,0.9525979051236194
294,0.011050609420849442,0.004317867880585115,0.0012602942047809254,0.006544365147062956,0.9768268633467216
295,0.029178036104578767,0.002919059902173782,6.951270544863883e-05,0.007593057044021801,0.960240334243777
296,0.07595920588793809,0.004272000827003615,9.224304029134108e-05,0.008764529315408814,0.9109120209293582
297,0.1462161512608674,0.009885318071429705,0.00014183717866569654,0.012455472883042433,0.8313012206059948
298,0.16668420237865528,0.01294081254577741,0.0004511407794042489,0.02512330811823296,0.7948005361779301
299,0.37130118697522885,0.045130324556399315,0.0002881519237007084,0.03390366104787835,0.5493766754967928
300,0.49014451645073526,0.0980496519990093,8.628136370190741e-05,0.04544426663438617,0.3662752835521673
301,0.04924620659714417,0.04804795717279884,0.0170064736417818,0.030766511243012527,0.8549328513452626
302,0.0588142522884303,0.01808514513060173,0.00010594973087230351,0.02035460232783228,0.9026400505222634
303,0.21148983502363367,0.037595510350343746,6.460840829043023e-05,0.016753175768844733,0.7340968704488874
304,0.37469458465913547,0.061964201686072425,8.80982725879364e-05,0.0296160864049988,0.5336370289772053
305,0.45975449432891957,0.05198659314967577,0.00015059261065852636,0.022362912388428604,0.4657454075223175
306,0.6920780931110507,0.07916460488236411,0.00017756021036650763,0.04006702826678811,0.18851271352943078
307,0.6833410374206332,0.09825611271568006,0.00014713834994667434,0.07462415020969665,0.14363156130404356
308,0.6724583254373527,0.17057572941153543,0.0002081674858115855,0.08810053408124838,0.06865724358405183
309,0.6722077674607841,0.09959506002683732,0.00012122311894023636,0.07669060981941216,0.15138533957402595
310,0.35826910766292913,0.46525582612963307,0.00044372578133286506,0.15741723189183415,0.018614108534270844
311,0.2329051973730237,0.6920196282413682,0.0015190404362716956,0.049521130890180814,0.02403500305915566
312,0.15119262746938186,0.7972435562124343,0.00831908145880999,0.013815753980731323,0.029428980878642666
313,0.44276061408404666,0.41942234237821985,0.0006429773251292946,0.011490861698712574,0.12568320451389162
314,0.19903005919576786,0.7743337657144406,0.002952764456996118,0.008595208057034167,0.015088202575761123
315,0.07381053667167368,0.9017715645055479,0.012690042712992474,0.00424746693668419,0.007480389173101609
316,0.06564939664227656,0.9020722163287334,0.021372891376373413,0.0015515688081450165,0.0093539268444715
317,0.026163160122310753,0.9194282249890228,0.04676826040027584,0.0028082138264823565,0.004832140661907989
318,0.018055713822394886,0.9650900004786794,0.01204458422184217,0.0015164298363538752,0.0032932716407297704
319,0.020603601414738843,0.9261218368271869,0.04887538143660228,0.0004112544648764383,0.0039879258565955625
320,0.0171406834971072,0.9072720519658835,0.06657663443461362,0.000366989051811378,0.008643641050584558
321,0.018015084211032577,0.636901197453814,0.3332184517891574,0.0003957171488485087,0.01146954939714747
322,0.02080707846099293,0.8390863941878305,0.13070347668737484,0.00043723720362341965,0.008965813460178275
323,0.026186916556110856,0.7633285554771294,0.20207032323532556,0.0009007710610210089,0.0075134336704133445
324,0.017240740568067472,0.7357759455304957,0.23592720947732154,0.0009073271059089882,0.010148777318206126
325,0.01812605554247466,0.7909797002971507,0.18306208361291712,0.0010434306570139213,0.006788729890443562
326,0.01279699487934461,0.5231822576162256,0.4564107174221649,0.0009761436122210855,0.006633886470043849
327,0.0175007764785855,0.7889830640191465,0.18855308817944294,0.0007934976043999391,0.004169573718425123
328,0.024095400409185605,0.8362382292438091,0.1293745302055362,0.0014809523503604564,0.008810887791108729
329,0.013644857676189002,0.7920509467267162,0.19038326121914328,0.00030001089741562713,0.0036209234805357256
330,0.034352356912453114,0.5792346312135069,0.3777567898445334,0.0006292786483872389,0.008026943381119275
331,0.02143213962420235,0.7150918757714128,0.25879734676348354,0.000698267195515368,0.003980370645385977
332,0.017203732115636423,0.7341509639284884,0.24415859865970055,0.0007504389002422638,0.0037362663959323627
333,0.046673301990637794,0.5630495265604079,0.38055899232504303,0.0005330930225221574,0.009185086101389088
334,0.009397404059497254,0.5534554959152834,0.43462677811376343,0.0002016828327531897,0.0023186390787027318
335,0.011232230284874495,0.43364310123833405,0.5505030457218911,0.00018502007152703745,0.00443660268337334
336,0.0031154228971448624,0.4639356155269513,0.5306730649105191,0.00015376508529785736,0.0021221315800869747
337,0.003525066066426407,0.38389147797074824,0.6101241575512546,0.00018867589886241516,0.002270622512708344
338,0.003641503058398954,0.22747519225828022,0.766241728093223,0.00026120090616733166,0.0023803756839302866
339,0.0027188698498058234,0.29023270149243185,0.7038665172433073,0.00012079002279424144,0.0030611213916607954
340,0.0009979260585321803,0.12942579415729974,0.8684507976715083,7.610487923876632e-05,0.0010493772334209416
341,0.0013023175709991818,0.1659473209516982,0.8307879490385953,7.35937940265727e-05,0.001888818644680678
342,0.0010742136453784125,0.068596390726085,0.9283819584436793,6.76330164025598e-05,0.0018798041684546685
343,0.0003283110022946113,0.06433206629707731,0.9345418099455144,3.1518820045806324e-05,0.0007662939350680083
344,0.0011049492757564373,0.12689643846263846,0.8692067412649694,0.00010774140754179686,0.0026841295890940617
345,0.001259263062852417,0.12770862898443402,0.8686112681929564,0.00012094169773950051,0.0022998980620177055
346,0.00043629597429443285,0.05088833054472992,0.9481462254289558,5.02875859211683e-05,0.00047886046609862276
347,0.0005238248273158853,0.05460341879386803,0.9436351468946365,5.120640303924383e-05,0.0011864030811402238
348,0.001894774275202777,0.07721087380305568,0.9189696897757605,0.0001693151359902339,0.001755347009990814
349,0.0013708548595166524,0.06590055033222234,0.9316196603065934,0.00014843982405838448,0.0009604946776092982
350,0.0006171846194247832,0.04438676027973069,0.9534629629217454,0.00014712109547923964,0.0013859710836196272
351,0.0004732210034878909,0.04981141975967923,0.9486986917232632,6.601163169646654e-05,0.0009506558818731289
352,0.0008259749743175908,0.05747862189011138,0.9408101358986358,7.909995886781253e-05,0.000806167278067356
353,0.000698926221745577,0.05252044790510892,0.9455131745539582,0.00011631050647069994,0.001151140812716669
354,0.001772068894784504,0.05006334984526722,0.9454880655199603,0.00019189427317283962,0.002484621466815344
355,0.0008398167615989693,0.04865523345807679,0.949030050192018,6.290581525255192e-05,0.0014119937730535084
356,0.0016416980983436742,0.08205971758255667,0.9147069893491654,0.00014953589866802965,0.0014420590712661094
357,0.0009614673941192476,0.04112639636903986,0.9561432421435367,4.7288127449644885e-05,0.0017216059658545749
358,0.0019531304049785927,0.07284626447475959,0.9236568156656024,0.0001811586717090181,0.0013626307829502267
359,0.0005614137331068025,0.029453074064099798,0.9692048357482763,5.168376817634477e-05,0.0007289926863407186
360,0.0005321878530960144,0.0337252855661023,0.9649794613704077,8.329728230859063e-05,0.0006797679280855017
361,0.0003881764994630759,0.036354704909192376,0.9627292928561176,6.286461989824874e-05,0.00046496111532859293
362,0.0008964188157657181,0.04648008289092192,0.9507155104677892,0.00011831263970038408,0.0017896751858226772
363,0.0009526830141064108,0.06572100666337108,0.9314673556179236,0.00017426239678890645,0.0016846923078098835
364,0.0009119776012850994,0.06715199898771822,0.930703739685143,0.00010027720391810705,0.001132006521935587
365,0.0016177261317636622,0.0890738399797761,0.9079301231741347,0.00016536426442166638,0.001212946449903935
366,0.001212189927857102,0.12942427003604862,0.8660529254894984,0.0001832291215456845,0.0031273854250501378
367,0.0010084368299391024,0.0811508900662956,0.9161958941659789,0.0002720037913115232,0.0013727751464750171
368,0.00047152665270478714,0.04996544411957807,0.9487026213043297,0.00010644157446244878,0.0007539663489250619
369,0.0003767850223674734,0.028024411200120548,0.9701188150136776,8.505206120425926e-05,0.0013949367026301078
370,0.000541621859764438,0.03840298403186862,0.9594259860941097,0.00011056117617530903,0.0015188468380817827
371,0.0004616785240309035,0.03336840473530602,0.9654108768536555,9.098999662591957e-05,0.0006680498903817864
372,0.0007159520388209335,0.07217547057048504,0.9256589255585032,0.0002443599239487794,0.0012052919082421692
373,0.0009559728372813234,0.07037830753085605,0.9269401573679206,0.0002656019530194806,0.0014599603109228087
374,0.00043175317735824837,0.044256130674477985,0.9543850243531622,0.00010067147344466341,0.0008264203215567354
375,0.0007974481306767118,0.12465420411184674,0.8718886143917892,0.00039366422443489624,0.0022660691412524263
376,0.0008471855897885462,0.05919646962970216,0.9389401643067762,0.00023978403446377541,0.0007763964392691786
