epoch,N1,N2,N3,R,W
0,0.0023404493139085047,8.947710059281215e-05,1.4325188406309213e-05,4.2668181373354885e-05,0.9975130802157189
1,0.0012794056001942291,0.00013511197970869545,4.1172562666908425e-05,3.6933389580136455e-05,0.99850737646785
2,0.009104494626795016,0.00016995471048835548,1.5996585044053268e-06,0.00012018747750606738,0.9906037635267061
3,0.01462427585338615,0.0001556178706456464,1.6954155002061668e-06,0.0002460550169734458,0.9849723558434946
4,0.0073937783794605924,0.0004609102850165293,4.35521533827497e-06,0.0002331944632927219,0.991907761656892
5,0.009698609455155924,0.0004423573334573071,2.340322270881533e-06,0.00014106842783737542,0.9897156244612784
6,0.36133814580057033,0.006362026291676776,2.3780161216601354e-05,0.0015302177861224767,0.6307458299604138
7,0.17465399993175937,0.024514356190151028,1.8330918118261927e-05,0.001654386981436893,0.7991589259785344
8,0.2055909398778818,0.07718521863197597,5.729908680664839e-05,0.004135725321730774,0.7130308170816047
9,0.11665702386691336,0.4922178069809289,0.0005103739457601904,0.006394699103519733,0.38422009610287794
10,0.07293674474621355,0.6699978251805395,0.0013452151768730393,0.0016639049468295736,0.2540563099495444
11,0.04356283711911209,0.8459708789182507,0.0005212235857155148,0.009214187158179376,0.10073087321874227
12,0.025907975856940452,0.8838249491244077,0.0006757944483780176,0.002179240770236906,0.08741203980003687
13,0.009711288939110583,0.9384916079519169,0.0008698843373244546,0.003905292883273037,0.047021925888375005
14,0.047718949738761375,0.77681646572842,0.00018527507308838885,0.022457840832291475,0.15282146862743878
15,0.034291790366526964,0.8781376813458844,0.0012526476690696716,0.002629548172879991,0.08368833244563909
16,0.02960995973266044,0.9272790793607217,0.0017952387146879857,0.0023489750202489615,0.03896674717168064
17,0.011208043158595759,0.9707082991820644,0.004288994935205474,0.0009696092002580615,0.012825053523876351
18,0.03206094441817508,0.9346291685410046,0.0025101153760725046,0.004227436010912331,0.02657233565383532
19,0.008141153861034875,0.975264632237266,0.005686867082715507,0.0005373946260447651,0.01036995219293878
20,0.007614545476841714,0.9767986706290968,0.006332804904516963,0.00062581816986741,0.008628160819677327
21,0.00988159993369561,0.972607058244455,0.006981786050112503,0.0003910244562362134,0.01013853131550081
22,0.0046159414693005395,0.9326998685544727,0.051387913961312585,0.0003434576219952455,0.010952818392919068
23,0.018018900288700682,0.9630902121190472,0.008204440479587368,0.0009354053857290853,0.009751041726935555
24,0.01926220929664072,0.9580358248417649,0.009292644647190583,0.0002368806480878368,0.01317244056631598
25,0.036395353554061,0.9522124064158308,0.002748053545432177,0.0009987812056585995,0.007645405279017478
26,0.006836575115831833,0.9605624280857292,0.029555888266105536,8.309244840796824e-05,0.002962016083925405
27,0.005100057798668289,0.9185155415090757,0.07220454169969664,0.00012826023159754572,0.004051598760961967
28,0.004749041273559286,0.8737631256964855,0.11558678206189243,0.00025161212279765265,0.005649438845265119
29,0.005883097145567552,0.9282219845307547,0.061350578333549774,0.0002960621444244709,0.004248277845703689
30,0.002688218262016852,0.6509815271269452,0.342339800572743,8.750676838190799e-05,0.0039029472699130853
31,0.003039013864579701,0.5528044403046355,0.43636063333520725,6.811743222664376e-05,0.007727795063350921
32,0.004268846427798308,0.7570536140707462,0.22961788397946334,8.265848720262077e-05,0.008976997034789588
33,0.004021564377092689,0.6666743052060928,0.32002862959239087,8.105511447842927e-05,0.009194445709945168
34,0.0029465073943332866,0.47231409637259675,0.5100551917421581,4.755794548762343e-05,0.014636646545424124
35,0.003361697707686807,0.6003394156907502,0.3914402355058289,5.184046943368337e-05,0.00480681062630026
36,0.0020750334731190383,0.27312557080316646,0.7216379383815252,2.0031515655922847e-05,0.00314142582653324
37,0.0015845322789036142,0.22145256168289545,0.7734184393640992,2.0597205431188116e-05,0.003523869468670679
38,0.0018690512359759582,0.1631708193745237,0.8306860555281608,3.0070571784732407e-05,0.0042440032895548555
39,0.0029950043059167146,0.1614625440586753,0.8268716178945079,9.934849723060636e-05,0.008571485243669463
40,0.0018501425885519057,0.13071173502835187,0.86272972406916,0.00010425954173455882,0.0046041387722014614
41,0.0009751968007238359,0.1656012053348135,0.8288228601205283,8.242152218115482e-05,0.004518316221753279
42,0.08509873465822893,0.500952555798542,0.2943945923731234,0.000788679960093392,0.1187654372100123
43,0.0574358615964993,0.6089744083532846,0.30809394699972337,0.000641181432542214,0.02485460161795032
44,0.01592366985798932,0.6127173725294728,0.3622120764343995,9.009937475953214e-05,0.00905678180337903
45,0.01103218003158528,0.4992679917327741,0.48059971986744754,7.800683356523321e-05,0.00902210153462779
46,0.003705621022258882,0.41442601981931576,0.5757734516432953,0.00011785327093657401,0.005977054244193429
47,0.003058795087360892,0.5676243016202754,0.41945858852442547,0.00020250526492654168,0.009655809503011632
48,0.0006490059501551495,0.061987603352270916,0.9341613143437564,2.4207245604856352e-05,0.003177869108212704
49,0.001100498267176441,0.29495289583226714,0.6989212081942857,0.00012405471667966731,0.0049013429895910805
50,0.0021179990588893966,0.18156660755702042,0.8126079489740328,8.218091253268027e-05,0.003625263497524978
51,0.0004657922211811622,0.17616092401933278,0.8202862778013079,5.1197465344356417e-05,0.003035808492833657
52,0.0010343687870177443,0.21550929225704787,0.7797465741805001,6.464353568360431e-05,0.0036451212397505908
53,0.0004959178357543615,0.13097013569353366,0.8614377867422279,7.309519308957626e-05,0.007023064535394391
54,0.00017046573701695088,0.0641104263382867,0.9330129853107451,2.0680982628328767e-05,0.0026854416313228523
55,0.0007570067792059197,0.12487027531209467,0.8697405140514451,8.249746431014836e-05,0.004549706392944047
56,0.0003467364166043461,0.07848532861929236,0.9180686939644951,3.406768538919308e-05,0.0030651733142191256
57,0.0004756668355025996,0.06327714739492332,0.9325312959765847,6.198548889626017e-05,0.0036539043040931508
58,0.0007905035895272171,0.0963831156759582,0.8924704913218345,0.00023368936340896273,0.010122200049271042
59,0.0016111482023149254,0.04823267810424375,0.9319530881367257,0.00023793706872704846,0.017965148487988462
60,0.004002361349341521,0.05620313842917593,0.858509562129374,0.0001657344502605172,0.08111920364184809
61,0.024654247610972468,0.14682408575734796,0.04670064648045393,0.0008777511611941559,0.7809432689900314
62,0.0006752984433937145,0.0004963954657094649,0.00029386704351440124,3.757974466484798e-05,0.9984968593027176
63,0.04838853011560065,0.0017138765677575287,6.47266278560914e-05,0.0001410682519414621,0.9496917984368443
64,0.1893808377172411,0.0037815931783540964,9.716315282559034e-05,0.00010714528447638724,0.8066332606671028
65,0.5536709493043876,0.016779190483678135,0.0004679660973066079,0.000161167782828162,0.42892072633179956
66,0.20510487336467567,0.02244865058063249,0.00063544897667569,0.00035958938378814455,0.7714514376942281
67,0.07283492864750578,0.11946862557364392,0.004907142542755466,0.002402004339827039,0.8003872988962678
68,0.09409407843048492,0.39825330927625213,0.0025665539722820314,0.00846070206192962,0.4966253562590513
69,0.05511367632329078,0.7153406409474244,0.006104544466574111,0.009432987726794519,0.2140081505359162
70,0.043516357571906666,0.8112610176303574,0.002458407941062942,0.019467059209808405,0.12329715764686447
71,0.03570116790965928,0.9131419840545958,0.018054414053318913,0.004771986955960008,0.028330447026465887
72,0.028735087045611427,0.9416687636017042,0.006282004748239722,0.002629487290133982,0.020684657314310823
73,0.034940866944690015,0.7194577528559688,0.2185548748973617,0.0004941145797589312,0.026552390722220487
74,0.0642982690033054,0.8427283505758967,0.06130191430303337,0.0010897532319856951,0.030581712885778694
75,0.026793591278502983,0.8617712411910365,0.08553211570020677,0.0004780964693379084,0.02542495536091572
76,0.02128277963154895,0.9203999360315589,0.053513842641503453,0.00041679712809205454,0.004386644567296808
77,0.010287209363573507,0.9100641753599319,0.07600793766309932,0.00030867250609427046,0.0033320051073011617
78,0.003828204249719059,0.6046220802421983,0.3878210426308612,0.00020410015859191938,0.0035245727186293064
79,0.0075692800505128156,0.7945539174536246,0.1924897348552025,0.00017058329485558562,0.005216484345804379
80,0.003189442877498515,0.6117021730862404,0.37773047429770684,9.370222748508241e-05,0.007284207511069299
81,0.006647064350079606,0.766375765845914,0.2231260028981602,0.00022795711535010692,0.0036232097904961356
82,0.005379339789015916,0.4225124163109019,0.5679593329494215,0.00010592353939555233,0.004042987411265263
83,0.0026177393615616014,0.3483128212941523,0.6425734010585181,9.375672779264814e-05,0.00640228155797537
84,0.0017161881293995024,0.5602682353151842,0.435766561034512,6.647486162112545e-05,0.0021825406592831157
85,0.0009369185392998429,0.12615821831949905,0.871138057924222,3.8427531647224315e-05,0.0017283776853318396
86,0.0018663675207521333,0.318436967674215,0.6755530142586117,0.00029515295536695153,0.0038484975910542635
87,0.0010236258912498131,0.1816977482699545,0.8148591062505915,0.00020556780730970398,0.002213951780894278
88,0.00128119272311799,0.19097529504945734,0.7955871224991642,0.0003280224788995869,0.011828367249360955
89,0.0023595001469660154,0.2124875721466177,0.7546358619790517,0.0006940189468921402,0.029823046780472418
90,0.007942488240104278,0.23216719053941878,0.6242378488329404,0.001644769437973418,0.13400770294956307
91,0.04207810401737976,0.25394320802721015,0.05718595637306599,0.006941522446897901,0.6398512091354462
92,0.0012964589926791172,0.0005494060355694365,3.1663173598872736e-05,0.00011018692273210456,0.9980122848754205
93,0.10279260498395601,0.00620224683275932,0.00013649716165893945,0.0019454474097450763,0.8889232036118806
94,0.0070498928199770276,0.0011118264910786459,0.00011024504803250388,0.00031039534497149347,0.9914176402959404
95,0.010440003167084173,0.000825171418857961,2.2234865022928386e-05,0.0005004446486935627,0.9882121459003413
96,0.020954785713579532,0.0025673275944394927,2.3105445833695902e-05,0.00014561439301379904,0.9763091668531335
97,0.304089760440266,0.01593297439073532,3.742641310945595e-05,0.0007827492280707521,0.6791570895278185
98,0.3694077097121452,0.0576715490084109,0.000945006952985744,0.002086661397974347,0.5698890729284838
99,0.31192278691927583,0.32833583124236554,0.0028679530929373196,0.011134926079504464,0.3457385026659169
100,0.39118248985615534,0.27309155213174285,0.012467621154033957,0.049606914720062796,0.273651422138005
101,0.21686011470664754,0.5603423838708091,0.019873639451527064,0.026516666625710825,0.17640719534530547
102,0.16333940190162594,0.5823240662612538,0.023890048145386738,0.06331746106643317,0.16712902262530036
103,0.16030518928757603,0.722175462621651,0.09192657476139576,0.009011966140605515,0.016580807188771696
104,0.08183797378832182,0.7971183048451497,0.09585180617089377,0.009238886589531108,0.015953028606103578
105,0.07950066087323272,0.8541288329462262,0.05849458685911034,0.0022834631687936465,0.005592456152637063
106,0.009694875273113523,0.8770125094088835,0.11006939237687705,0.0007060259051487181,0.002517197035977207
107,0.005726294622987287,0.7780461484431407,0.21396293039221326,0.000581035096949694,0.0016835914447088627
108,0.004817702558752298,0.7075001101773724,0.2831811935023106,0.00022154383286430749,0.004279449928700345
109,0.005522666449209252,0.8589644590481316,0.13259104619108156,0.0003530745586092624,0.002568753752968342
110,0.002629358560227669,0.45778552267676076,0.5383602589002594,9.69736823630386e-05,0.0011278861803892277
111,0.005079491524948339,0.6781783607421753,0.31359599689684825,0.0002660586720023061,0.00288009216402576
112,0.0011504222619656342,0.47297767361087656,0.5243262727655953,0.00011199896406641738,0.0014336323974960962
113,0.0025207517984760655,0.534887347850083,0.4604061980707721,0.00012653677179617545,0.0020591655088726636
114,0.0008897067874031049,0.3306663696057727,0.6675007838851914,5.307355952634895e-05,0.0008900661621063392
115,0.0004716310005834912,0.11304147843718246,0.8859314688691945,2.6248399815863813e-05,0.000529173293223637
116,0.0005673190449925694,0.1698253585245666,0.828524265103894,3.225772896393183e-05,0.00105079959758295
117,0.0004156657268001918,0.13140991153395806,0.8673224328426367,4.536846623912472e-05,0.0008066214303659463
118,8.485016390272568e-05,0.048876121273747006,0.9505669835138474,1.300624101094119e-05,0.00045903880749224694
119,0.0002918439989545711,0.06660848338099525,0.9323858223728679,1.983300102221503e-05,0.0006940172461599784
120,0.00018726486216524027,0.060896901177188434,0.9385417896024734,9.830831106386914e-06,0.0003642135270665806
121,9.125110061397575e-05,0.04748621963844848,0.9519490982509733,1.8515046929962427e-05,0.0004549159630341678
122,0.00016783319457196354,0.04156923090020846,0.9578687877050224,1.4266331750274821e-05,0.0003798818684468826
123,5.0673149504101875e-05,0.03281796052869419,0.9668981646616461,8.791275205025936e-06,0.0002244103849507939
124,0.00010366612829226136,0.04339208695697306,0.9559517094409832,1.0908618074720124e-05,0.0005416288556767084
125,0.00012070912355219935,0.038187981084618725,0.9610747012798415,1.0158744441247047e-05,0.0006064497675463934
126,0.00012935786064613894,0.02564521483023982,0.9734732681818417,2.860631272012093e-05,0.0007235528145523474
127,0.00017558388318134933,0.022827948955912218,0.9761181999552163,3.741796605197539e-05,0.0008408492396380754
128,0.0004591887088970095,0.026088462760809467,0.972379624225381,5.0354286283028614e-05,0.0010223700186295546
129,0.00014348306585253363,0.01895231657892887,0.9801088806427135,3.270058587415941e-05,0.0007626191266311142
130,0.005108671330063342,0.0628513861881425,0.8364000706951799,0.0012272530142088103,0.09441261877240557
131,0.010572747430802098,0.5164484693768577,0.453797092222505,0.0011601640190201511,0.018021526950815093
132,0.0033297837300416905,0.27167681866125015,0.7196179531084796,0.0004437059580789644,0.004931738542149655
133,0.02163431746128398,0.5296991928027801,0.4358249607482095,0.0011388530387847298,0.011702675948941836
134,0.011076748526927306,0.4040983613910117,0.5707085751833395,0.0014197236509511382,0.012696591247770329
135,0.011110329992219047,0.5835604068576896,0.3863917401693132,0.0032368154113616714,0.0157007075694164
136,0.038763311679424595,0.9091144310740086,0.04182330531994577,0.0035622078410978224,0.00673674408552326
137,0.020814194191648316,0.6549719065151139,0.3162725654319963,0.0018993878830976588,0.006041945978143916
138,0.019185066084445358,0.9572862856584946,0.017554785460663386,0.0025674510450368424,0.00340641175135975
139,0.022086454973242093,0.8628973405801821,0.10652710924085664,0.0037628430235624147,0.004726252182156743
140,0.014647565565934766,0.8823262032507814,0.09355287053223334,0.004111865179853217,0.005361495471197337
141,0.019435645544772055,0.9348361387758463,0.02633244659495155,0.011578634655703456,0.007817134428726849
142,0.0861080916586201,0.5882277589713802,0.05410887507692844,0.01681676552369663,0.25473850876937454
143,0.13716861202332647,0.13616258844265033,0.009297108323996356,0.013730780543343502,0.7036409106666833
144,0.1172638946621813,0.4643457164892711,0.02626081662906458,0.03422361333850105,0.35790595888098203
145,0.1176160515834568,0.5406844494891182,0.03952873137233794,0.049188412924760526,0.2529823546303265
146,0.00039690473058975336,0.0011058659733374865,0.0004679985655002187,0.000132192568312974,0.9978970381622595
147,0.26067448404299026,0.04005743867799205,0.0001918931173315894,0.010538073206592693,0.6885381109550935
148,0.1654978094580024,0.1161689204615361,0.0015217920288975405,0.0048485844701564446,0.7119628935814075
149,0.32223938942950925,0.2241512779257727,0.003514520981866033,0.005292449902968774,0.4448023617598833
150,0.12352549670375508,0.04536827073282206,0.0002472149174853086,0.020352303519797717,0.8105067141261398
151,0.17300668602745317,0.29589631598010036,0.0020497780309260863,0.013573944610169492,0.5154732753513509
152,0.22374191233400523,0.7291581489724018,0.001021301849962227,0.021413433580705146,0.02466520326292552
153,0.10182187938876486,0.8749966281323132,0.0049227351321339055,0.0028344372183042453,0.015424320128483786
154,0.03918040146994856,0.9292093070223114,0.014966274032957947,0.007918676542879833,0.008725340931902055
155,0.02019954263331484,0.9309051387527814,0.030321748855208882,0.011581194531393875,0.006992375227301219
156,0.013571801436543999,0.9055752135074937,0.04984352034189688,0.02376264440262711,0.007246820311438446
157,0.01023142610137109,0.7621763356674104,0.1921555790316566,0.0280377437134323,0.0073989154861296294
158,0.029219309816728555,0.8301120890118948,0.024475501076526098,0.10755703607469058,0.008636064020159935
159,0.006163793153397665,0.9421468344598111,0.016230403255300986,0.03233363399758227,0.0031253351339079033
160,0.022389313178975422,0.7938361260071559,0.006737723207447709,0.16387803245517496,0.013158805151246173
161,0.043625707623433554,0.09546381541308997,8.305216139167553e-05,0.8411137490116278,0.01971367579045688
162,0.0684825367966007,0.16454152314691442,0.00017618702216078456,0.7153292726932012,0.051470480341122726
163,0.11690050106759795,0.10482839551536809,0.00027171988584846003,0.5985208026324602,0.1794785808987253
164,0.15631603864347787,0.03346196488168948,0.00012787344895981434,0.14439372599117242,0.6657003970347003
165,0.09322221647803024,0.018423553168721157,8.817066711237827e-05,0.13098990915346923,0.7572761505326671
166,0.1955602240360408,0.0069332885452244196,0.0001065974950124075,0.10089178573592344,0.696508104187799
167,0.04754185333234166,0.002956301208618523,5.2766437493845814e-05,0.052996694403195474,0.8964523846183505
168,0.06441261514417067,0.006374531011429408,0.0001608854890832998,0.05103200007111132,0.8780199682842053
169,0.14354836559797945,0.0029627909527968435,1.956751550276378e-05,0.08922261454413004,0.764246661389591
170,0.2762588134425343,0.02448391716015846,4.041840305179635e-05,0.2519455325710861,0.4472713184231693
171,0.27609698588707904,0.026591802903003038,6.214058862833371e-05,0.4478387303852218,0.24941034023606778
172,0.13493072984965818,0.02604089279634353,0.00034862929456205415,0.3280598549522615,0.5106198931071747
173,0.24601561263500243,0.022245317357308617,0.0001407377023621545,0.5686569137947353,0.16294141851059143
174,0.21068103930529375,0.0332783920907937,9.476905207431654e-05,0.6256066019192924,0.13033919763254587
175,0.3137141087819513,0.028094478045241206,0.00014289179478864324,0.4663936072369173,0.1916549141411016
176,0.2952681491577404,0.028749913627318845,0.0003471526438451286,0.45371462206780805,0.22192016250328758
177,0.22728045820420173,0.029344507402088712,0.00013169326842249368,0.6576682306262087,0.08557511049907819
178,0.16660150606142832,0.011209269366562833,8.248472654654312e-05,0.7662431214569174,0.05586361838854496
179,0.11601197755955404,0.014315887698912852,7.785007523768374e-05,0.8277354997982955,0.04185878486799993
180,0.08762255085708133,0.022218754223064935,0.0001266814490968818,0.8389804787886194,0.05105153468213755
181,0.21041999952916013,0.03441060458054808,0.00013646029944949504,0.6436252367801985,0.11140769881064387
182,0.24767218103361394,0.055406555782648484,0.00020450660086264493,0.5209320113521921,0.17578474523068285
183,0.15651802577734966,0.03553366574055458,9.798796044001145e-05,0.7146713738687467,0.09317894665290903
184,0.3508178769542373,0.05616919133036449,0.00020951098296854629,0.4614852660509749,0.1313181546814548
185,0.13264596918432342,0.04170429459853795,8.588586064682042e-05,0.790889359630807,0.03467449072568483
186,0.23995213392632705,0.023793362696219813,0.00011113209760946513,0.6557328186344322,0.08041055264541148
187,0.12562169273911628,0.04797875720390525,0.00011818184312852426,0.781894095003051,0.04438727321079903
188,0.09828510726448285,0.03949792783484275,0.00013306757444838936,0.8251525823757067,0.03693131495051945
189,0.14681882038273744,0.018648977410139364,3.4868278323795135e-05,0.7779427403139347,0.056554593614864646
190,0.19009198827764098,0.07680355994839604,0.0005450447075313425,0.618317092767753,0.11424231429867863
191,0.08608561242534409,0.02063111592403085,0.00016956546294040408,0.8589114241107411,0.034202282076943535
192,0.2535242131567973,0.02350865619873496,0.00012506403330262127,0.6097660033592925,0.11307606325187261
193,0.20058186016296473,0.02790730855293438,0.00013121327483404512,0.720152633354989,0.05122698465427784
194,0.5616944203583651,0.039872903886088086,0.00023025932399847325,0.2780698297835012,0.12013258664804713
195,0.5427496880791473,0.025208067324534216,0.00012683199115942054,0.3000231274453,0.13189228515985904
196,0.1923608773450149,0.02484579542899931,0.0001191742881235322,0.707399084863557,0.0752750680743053
197,0.17074417379730625,0.05295928028150837,0.00020428417685723014,0.7147730280417656,0.06131923370256267
198,0.11615532173374427,0.08131670774254961,0.00012875208899811778,0.5986095363960036,0.20378968203870446
199,0.16936596502651005,0.020375527955964298,5.812723963273534e-05,0.5970375884621965,0.21316279131569638
200,0.2888721965340516,0.02741925967523185,9.096802361239711e-05,0.43571972264420183,0.2478978531229023
201,0.12147533880904186,0.048861674716343124,0.00013438785123438295,0.6342114601017922,0.19531713852158844
202,0.17438645120898982,0.02180394285165615,2.1831156256139038e-05,0.6997931664753696,0.10399460830772825
203,0.2507343494633581,0.06210062796942904,0.00018139527522403312,0.4619701018505487,0.22501352544144013
204,0.2117508166528583,0.027325347541341877,6.646695963188159e-05,0.6563973009153529,0.10446006793081507
205,0.37779516098382115,0.03327788931661979,8.469597731960559e-05,0.37990067252538934,0.20894158119685022
206,0.19796534004018232,0.04217947209707932,7.456103863771233e-05,0.6934792235932801,0.06630140323082069
207,0.048756061138261475,0.0330089536449105,4.17937739678465e-05,0.8118332064895267,0.10635998495333344
208,0.04251083357652935,0.020150850864625248,2.2395039539701898e-05,0.8079935225389107,0.12932239798039508
209,0.06425597379574624,0.011284537847702527,3.8146673089723874e-05,0.8531114655633648,0.0713098761200967
210,0.14104932717756932,0.012384333474790978,2.731598097445122e-05,0.7412039470151661,0.10533507635149911
211,0.17569325570073505,0.018522881141397076,2.429792703523171e-05,0.6676533936045258,0.13810617162630684
212,0.11757053756630736,0.026489620515018946,3.5300023559755584e-05,0.781162496577659,0.07474204531745499
213,0.24799919237286808,0.02393744563334785,5.6158505903505286e-05,0.6369597097735318,0.09104749371434888
214,0.27443257948643307,0.03830555922793094,0.0001267233179789938,0.5296964082738604,0.15743872969379655
215,0.0742517314218969,0.02208317881443501,0.00016290784840863217,0.7162668295634194,0.18723535235184027
216,0.17555712774134732,0.018317502307324898,8.844713591547186e-05,0.5898652719645852,0.2161716508508271
217,0.31941649903096514,0.010583677619758126,5.195085474608278e-05,0.5212063154267879,0.14874155706774284
218,0.30996124302812716,0.009417664610415858,5.8349496264032926e-05,0.623398871553957,0.057163871311235896
219,0.19032186831414222,0.021075078772855003,2.770899329960723e-05,0.7282619647394463,0.060313379180256886
220,0.17637244999032534,0.02945136951946414,2.1790289195113393e-05,0.7526959913048533,0.04145839889616202
221,0.32527351386012454,0.03061581751162771,0.00015253173824971594,0.5731134161197405,0.07084472077025745
222,0.12090235517140156,0.04246006160189757,0.00012268354014711614,0.7711257664777034,0.06538913320885029
223,0.26958987780070565,0.03588080782958623,8.824940982004344e-05,0.6578625555507069,0.03657850940918113
224,0.22117085457204466,0.07567760167661415,0.0006014776421692969,0.4750132319634883,0.22753683414568363
225,0.3661273824733409,0.0380231538476518,0.00010227836935875257,0.5403286920616222,0.05541849324802641
226,0.2318696435726372,0.06538165556529373,0.00021540492891296287,0.6030018934152642,0.09953140251789197
227,0.2340130000682775,0.09594133035444126,0.0004262160439705658,0.5838442943866102,0.08577515914670049
228,0.08425932143058913,0.09770336243261889,0.0003974927162739499,0.7546070951415536,0.06303272827896433
229,0.02458131922191845,0.026171404523621798,0.0004947177997727428,0.8599792959227052,0.08877326253198188
230,0.034524854380125154,0.041738348056628884,0.000507351949688601,0.8870766096402012,0.036152835973356265
231,0.03594536701223155,0.317706419228708,0.0012126470978175649,0.621768169449145,0.02336739721209763
232,0.06022268067736023,0.1296080253544061,0.001467229493643951,0.7642378619879563,0.044464202486633506
233,0.07316601279494651,0.1981940642459936,0.0003024048497773259,0.6995505883107388,0.028786929798543765
234,0.15832637590573007,0.06907274669396485,0.00011026855578668529,0.7558287163829639,0.016661892461554542
235,0.1683736296887494,0.3503928791188236,0.0003737555768064997,0.39646647220317743,0.08439326341244296
236,0.47985350661058046,0.14570003552787048,0.0004536620495352151,0.2517796269819366,0.12221316883007742
237,0.3093151829586199,0.39761165681914595,0.0015275649653823044,0.21684743034169005,0.07469816491516182
238,0.23676878923930522,0.5859689754863162,0.002390583890755074,0.14922451683858853,0.025647134545034884
239,0.022620889492828027,0.9550900755866206,0.0010433227327521575,0.018540147676241167,0.0027055645115579975
240,0.13105180447646742,0.794379067407466,0.002231137053063388,0.024910895282002285,0.047427095781000884
241,0.1529789767414414,0.7819600053459906,0.001467794441541762,0.04731150180222421,0.01628172166880213
242,0.09332809632277735,0.8917070641368687,0.0013473912930451351,0.006904505383348478,0.006712942863960284
243,0.2226510196737472,0.7533764679536616,0.0022473180469135324,0.005285718283998179,0.016439476041679623
244,0.06919553121776338,0.9113687293421057,0.012996591427894314,0.002250374187926102,0.004188773824310483
245,0.01651389459658361,0.9429656188502739,0.03536233164366005,0.002529305481563812,0.00262884942791861
246,0.024225824932406267,0.9355857509010114,0.026164932476523618,0.003118081166974351,0.010905410523084386
247,0.010570054038256917,0.9602956921142677,0.021704926331832474,0.0031760467432401618,0.004253280772402825
248,0.0076606415626243795,0.9023688811547268,0.08164995326003463,0.0028350163597526405,0.005485507662861718
249,0.00837983432561501,0.8959292542010793,0.09161055085576436,0.0010868142136977153,0.0029935464038435234
250,0.0018428405162262775,0.7260528975296463,0.2700390515579393,0.0003557077107622619,0.0017095026854258221
251,0.005838529210957611,0.8402995899441857,0.14663250751740944,0.0004049345901857168,0.006824438737261331
252,0.006312072976466442,0.7114555232357391,0.27451368499043055,0.0005562244731781935,0.007162494324185764
253,0.0061841785108450635,0.7128406366168722,0.2726372151792475,0.000617168539983408,0.007720801153051851
254,0.006015175276577967,0.684784286445247,0.30467310323635594,0.0003453849072086541,0.004182050134610378
255,0.004783220269328023,0.6432900176623388,0.34799953415085605,0.0003495534422908838,0.0035776744751862067
256,0.004123272396257798,0.6419060633013947,0.3513534338510675,0.0003454523450086785,0.002271778106271323
257,0.001240089123258458,0.19799630289952294,0.7995915506002497,8.027122114245833e-05,0.0010917861558265964
258,0.001393984762351678,0.28077747408138765,0.7158186533840916,0.0001983482369793753,0.0018115395351898556
259,0.0015723248159030946,0.22898589337420464,0.7663546435682342,0.00022538054578000646,0.0028617576958778587
260,0.0007066970063741442,0.2301939199406349,0.7673519301714423,0.00017706870469954674,0.0015703841768491462
261,0.0005614126955629282,0.1995028361148822,0.798536301634847,0.00016150200924134193,0.001237947545466445
262,0.00021219981502609638,0.07053055556509352,0.9288624724850789,3.945441276383477e-05,0.00035531772203737245
263,0.00016397115155756221,0.08856102412403664,0.9107107606313709,5.66404903096348e-05,0.0005076036027252018
264,6.546624754457133e-05,0.027488478184684747,0.9722882624988208,1.8099227378144945e-05,0.00013969384157183612
265,0.0005155845969253518,0.043483171348279254,0.9550224263857271,0.00010293027360389263,0.0008758873954643031
266,0.0009226467542727605,0.07370173058822647,0.9233085362634107,0.00017428884997876417,0.0018927975441111872
267,0.0008410284060869249,0.1282371912165132,0.8679870736945252,0.00019771746896117684,0.0027369892139135488
268,0.001375661494737853,0.06960515447639833,0.9277244622459627,0.0001298807025806566,0.0011648410803202691
269,0.0006813136741348232,0.08330368715209126,0.9150401110743548,0.00011907241166231593,0.0008558156877567714
270,0.0007023506395927958,0.07238400705299065,0.9256359706752488,0.00012762841283252353,0.0011500432193351435
271,0.0007274592327295742,0.07333593644052776,0.9246338196232581,0.00011802789669996322,0.0011847568067845495
272,0.0005668295024572265,0.10831059206855535,0.8902873128426323,0.0001249301151230658,0.0007103354712319019
273,0.00041712379531023833,0.052423156572510426,0.9463014258673709,5.7109536909086226e-05,0.0008011842278993479
274,0.0006034873063484553,0.061879971012402404,0.9367220562715235,7.885987065418139e-05,0.000715625539071234
275,0.00021875290810359602,0.02457611605759391,0.9746187841610752,3.69943576413198e-05,0.0005493525155860693
276,0.00033894424780980017,0.032643394396764766,0.9662852912808194,4.1361404718655886e-05,0.0006910086698872766
277,0.0005008842689040316,0.05237823083131482,0.9460423532110869,7.669677863893115e-05,0.0010018349100554221
278,0.0003291242920321912,0.016435296045148085,0.9825427585916234,2.5471096919562603e-05,0.0006673499742769018
279,0.0002762833060291441,0.016850794411935804,0.9819917900765589,2.9299247983261867e-05,0.0008518329574929554
280,0.00023312256796787227,0.019377033456271904,0.9799379453983985,1.3982414730879512e-05,0.00043791616263052575
281,0.000139696206472019,0.010866185262507797,0.9885680362324979,1.1811503948116201e-05,0.0004142707945742075
282,0.00031460873192095057,0.017954115711612005,0.9811294227753119,1.0246507211101839e-05,0.0005916062739438938
283,0.00015363508159351293,0.016086174951376098,0.9830402313073012,2.1047364135923634e-05,0.0006989112955932769
284,0.00015169448464368569,0.024860476232476426,0.9744531930483428,1.6233399989193248e-05,0.0005184028345477708
285,6.498164427300981e-05,0.011018762723246511,0.9885948100047893,1.3611167469487363e-05,0.000307834460221381
286,5.292457663987881e-05,0.009582597530349013,0.990089685433894,9.70394971988357e-06,0.00026508850939705396
287,0.0002265680275461119,0.016999874079303687,0.9821370494550152,2.8319327652213952e-05,0.0006081891104829087
288,0.00013141434276984636,0.013208972436706186,0.9862399261937207,1.4218729433729471e-05,0.00040546829736946155
289,8.102712609993455e-05,0.018690639852463706,0.9808396664836041,1.6256813509772782e-05,0.00037240972432228187
290,0.00029835717135590556,0.02322119849824598,0.9751095570877986,2.598975772899857e-05,0.001344897484870358
291,0.0003293141910783578,0.03699697072624409,0.9614893556739864,5.5285969695591324e-05,0.001129073438995502
292,0.00037236188079635266,0.028225548634375573,0.9699803622918276,4.8341091214053695e-05,0.001373386101786323
293,0.00019352712489182464,0.02246094705400166,0.9765082816588468,2.9895658229878285e-05,0.0008073485040298819
294,0.00039703854474578575,0.01733799476260807,0.980698383894936,8.746790553772383e-05,0.001479114892172287
295,0.00015256840166581054,0.02862098280421174,0.9706973472122,1.52639772409585e-05,0.0005138376046813547
296,0.00020437170236332422,0.014968668415447531,0.9835781391693932,2.0592189470702747e-05,0.0012282285233252515
297,0.0002221633305378327,0.018676663791718506,0.98060027230938,1.2556932173103288e-05,0.0004883436361906307
298,9.752228882888231e-05,0.013978032950658099,0.985539666214032,1.2896946416984727e-05,0.00037188160006417187
299,0.00018715427242132164,0.01114720076436951,0.9876410638790708,2.346945278893599e-05,0.0010011116313495432
300,0.00023369860225415067,0.018178615990035982,0.9806417693931994,3.203951995720132e-05,0.0009138764945532646
301,0.0002319191190047104,0.02412860632616336,0.9750322211715803,3.380352780614611e-05,0.0005734498554456271
302,0.0002378215963800062,0.04529208641893291,0.9530361714365692,4.52879005627233e-05,0.0013886326475551795
303,0.001202024694628877,0.06589430176727844,0.9309304921896671,0.00017857167872374494,0.001794609669701645
304,0.0004117351982977104,0.024948295267024245,0.9734581053014806,0.0001011809793600648,0.0010806832538372056
305,0.0009357092770664521,0.05678864348812528,0.9400004387911376,0.00017879892909853726,0.002096409514572034
306,0.002256205589671,0.15193074515820004,0.8419392082528327,0.0006064877722789302,0.0032673532270171314
307,0.0009188256924701022,0.14374041737670984,0.8535946842867629,0.00014991389142818628,0.001596158752628703
308,0.0016893805916392188,0.484216899904585,0.5108981274198365,0.0004332476800428595,0.002762344403896314
309,0.001470677751836377,0.4818263812180676,0.5100769774430214,0.0004963961963456929,0.006129567390728878
310,0.0012678753191770272,0.6864815628636508,0.31005428762640636,0.0003520368271410163,0.0018442373636249718
311,0.0006677023863369767,0.10827671789241912,0.8904092191873405,7.025627113549356e-05,0.0005761042627679638
312,0.0016456286698041586,0.6903091011544069,0.30601293827544945,0.0003026571161059346,0.0017296747842336009
313,0.0010890954363451959,0.5869680976279937,0.41044542267557826,0.00025234874660591663,0.001245035513476883
314,0.001765023725135678,0.5768077518687087,0.41995682196769174,0.0003324022133298198,0.0011380002251340385
315,0.0018342660285706443,0.641794679418149,0.35488217097557573,0.00026759192024133926,0.0012212916574631672
316,0.0010230382859978645,0.46652451057686173,0.5314342742143261,0.00018511893906337913,0.0008330579837509764
317,0.0018282570842576972,0.5760824371497879,0.4208251093169965,0.0003163261593106181,0.0009478702896473197
318,0.001294333727775968,0.20451846974067975,0.7933825147670179,0.00016096462449301775,0.0006437171400333643
319,0.0039000915684239638,0.7696493079608787,0.22253005326483585,0.0008191541904717147,0.0031013930153899047
320,0.0018199771434210187,0.5501798108810642,0.44558672600338,0.0005330981207629089,0.0018803878513719977
321,0.0042503414100558854,0.9237160685315579,0.06885198071742588,0.0005089371971280697,0.0026726721438322496
322,0.005422130518875016,0.8276613811936849,0.16494016899403807,0.0004423520271898967,0.0015339672662117972
323,0.004835430312485317,0.7669135486323296,0.22657316639926506,0.00039333977261334357,0.0012845148833067772
324,0.0017052167486931692,0.27082960787795657,0.7265581597866562,0.00010587193995671022,0.000801143646737499
325,0.00424020410364458,0.47613846172627516,0.5167524967028918,0.0007629056154938368,0.0021059318516947452
326,0.0007989417865661905,0.5417099622801138,0.456444665666643,0.00032030565300144264,0.0007261246136757018
327,0.0010119435164584927,0.703910104602384,0.2932969761565098,0.0005103565560656719,0.0012706191685819322
328,0.0008961016620739366,0.3212707462682347,0.6765219223041504,0.0002684744519085095,0.001042755313632557
329,0.002098382954167787,0.5343863554905858,0.46146147484781436,0.0003877724428705886,0.001666014264561402
330,0.0012276882345903883,0.4052401360186748,0.5913112123116012,0.0004776878867810468,0.0017432755483525822
331,0.0010114517699375883,0.14701401544095632,0.8505559977863997,0.00023670549273712856,0.0011818295099692735
332,0.002445029445902282,0.6100472411895108,0.38430987999247695,0.0006914788977336615,0.0025063704743762774
333,0.0024146901696866603,0.663587172023693,0.3310584329214014,0.0007167437080907718,0.002222961177128037
334,0.0008752895871920871,0.24971569263794946,0.747741797641734,0.00016699117622680486,0.0015002289568976752
335,0.0026373723960780434,0.3759560583008609,0.6194351001995796,0.0002759687368969214,0.001695500366584726
336,0.002110718040765851,0.299847076339884,0.6937376393142317,0.0006751544135267736,0.003629411891591589
337,0.02079837920169518,0.8524251070614984,0.11846867828068931,0.002507003446809291,0.0058008320093078485
338,0.007627208228262723,0.7219486160363743,0.26538809268272506,0.0020393797972142755,0.0029967032554237445
339,0.0030080198960122325,0.5554312933920542,0.43867495211242025,0.0006658661129459723,0.0022198684865673128
340,0.017212436438541288,0.9284083989180655,0.05004405638346376,0.0013572917894338623,0.0029778164704956085
341,0.00799024022595219,0.872512230584773,0.11647616153202195,0.0010650148443139473,0.0019563528129391645
342,0.002837486826259303,0.7407297273844768,0.2545301211853568,0.0005642110805104213,0.0013384535233968182
343,0.005534681182414917,0.8083572639414401,0.18258343556792328,0.0007830350680045709,0.00274158424021719
344,0.0033386067035348146,0.7558645597740381,0.23791546596089164,0.0007149073963692593,0.0021664601651659606
345,0.006242062665808801,0.5969218733197269,0.3938889734183662,0.0007589884564096522,0.00218810213968855
346,0.0010277300056156429,0.2809685091558115,0.7167149664058636,0.00025533950660941787,0.001033454926099699
347,0.004376757255859017,0.7502764244073514,0.24240010562666323,0.0009390214040054446,0.0020076913061210042
348,0.002466059861011608,0.6930566117255352,0.3025890628616802,0.0005473958527132928,0.0013408696990598451
349,0.001806405879827288,0.5919871996856282,0.4038200436086451,0.0006202315017736198,0.0017661193241258252
350,0.0015116006000258301,0.5299825814998596,0.46716383199008166,0.00021603750209630128,0.00112594840793671
351,0.0014417797083606952,0.21905600815874077,0.777412800898546,0.000506364084388659,0.0015830471499637502
352,0.001484451053299057,0.37802864297336014,0.6183843298330507,0.0003613992489964661,0.001741176891293588
353,0.001028557534114376,0.2774486403403853,0.719699522884678,0.00030232024208240606,0.0015209589987400188
354,0.002149140388585885,0.45197997669005496,0.5430179038382517,0.0009142746012731648,0.0019387044818343154
355,0.00145434905305016,0.832770673130601,0.16359209607303893,0.0005315360235680523,0.0016513457197417688
356,0.0028625263133541918,0.5374017795055215,0.4565996743149723,0.0009638679224620659,0.0021721519436898626
357,0.000968354899229515,0.6011924247188996,0.3957385241750553,0.00046090631132116575,0.001639789895494447
358,0.009193899873727398,0.9212290651896271,0.06361353545211652,0.00224947937858744,0.003714020105941445
359,0.02543899759127074,0.7113824186789589,0.21995473577859467,0.0008711913447607844,0.04235265660641484
360,0.12726042217872535,0.593774229999043,0.03406112455442854,0.001994360360095129,0.24290986290770808
361,0.019872857703279484,0.8225861127368064,0.15070940100574026,0.0008600071100882424,0.005971621444085704
362,0.03536650429395243,0.8914585730251585,0.06592978711788888,0.0006649141851693028,0.006580221377830785
363,0.02920130754328999,0.744975598884174,0.21895468954372843,0.0014554706867256002,0.005412933342082068
364,0.00991095429214386,0.7058984123422878,0.27619335815730994,0.0033226969587168693,0.00467457824954168
365,0.041975566727129175,0.8762673243409346,0.05286893660466959,0.011025423620471174,0.017862748706795124
366,0.08233804577002303,0.8147937168800298,0.008563580630747367,0.00918679581316151,0.08511786090603835
367,0.031293105887171054,0.022971042043176338,0.0035448821780082545,0.0007389827672645818,0.9414519871243798
368,0.2518854226259304,0.7173047800081527,0.002874674291268058,0.0012650286218206994,0.026670094452828228
369,0.17279594427288902,0.7943505031151649,0.01565470583760268,0.002681082462102727,0.014517764312240685
370,0.13895389048201673,0.8412656108901928,0.004319907967615293,0.0033237209737672327,0.01213686968640797
371,0.005577117985650788,0.92969189134066,0.052975630032814566,0.004693830910806587,0.007061529730067989
372,0.010741149493677162,0.9678033226638466,0.005387233387803908,0.012275789712097383,0.0037925047425748266
373,0.010926046229760084,0.966172907673093,0.009036030940295274,0.00799962137935342,0.005865393777498269
