epoch,N1,N2,N3,R,W
0,0.0620306320386517,0.11683609330147149,0.0007344936761042752,0.040452489994627416,0.779946290989145
1,0.06104315364739581,0.05316032488222136,0.00013821068245313116,0.04121228340415131,0.8444460273837784
2,0.04299860573611076,0.03869002978597581,0.00011799974807700095,0.018998731254637215,0.8991946334751992
3,0.00289756755840099,0.00040495829151121574,4.528451592439777e-06,0.0004368066396301106,0.9962561390588651
4,0.06571226206677269,0.00390379241388092,1.3298495000614732e-05,0.0004766624115962892,0.9298939846127494
5,0.018955780357380658,0.0002970607183921144,1.4537397961827927e-05,4.1844645321491144e-05,0.980690776880944
6,0.05098244944825217,0.0008872157486234023,2.9008297451906856e-05,0.00019528824981473523,0.9479060382558578
7,0.4281027616507124,0.001804698530577939,1.9889808013423713e-05,0.0004299299344085315,0.5696427200762877
8,0.2353362901887894,0.0037627736160564737,1.9391629296086023e-05,0.0004997508373370099,0.760381793728521
9,0.5415651609924379,0.0022760026925627815,1.2432121166581492e-05,0.0006123370576873816,0.4555340671361453
10,0.41675081514926304,0.04386973665222202,3.529993465405265e-05,0.002265259981474275,0.5370788882823866
11,0.052685768830769024,0.012831664954746908,1.1177584531249526e-05,0.0003986740057919869,0.9340727146241609
12,0.27928570997445806,0.043521181550205124,4.8598297104746456e-05,0.004132640151323651,0.6730118700269083
13,0.1247805604904873,0.026655308018009322,3.532667253907144e-05,0.0031040294539805163,0.8454247753649838
14,0.04869580047995616,0.0022966900159454556,7.979796837349667e-06,9.346252722696011e-05,0.948906067180034
15,0.23819752201801153,0.013210019686688404,3.181689818244767e-05,0.0020734604220377898,0.7464871809750798
16,0.1782113463834906,0.025199223918783605,2.48232162999175e-05,0.0005482551673168844,0.796016351314109
17,0.04627953584973346,0.0019239281418082924,7.460132555629573e-06,0.00020068149469291955,0.9515883943812098
18,0.05192816536827513,0.005023188376805881,1.4770252212462301e-05,0.00014565068266719615,0.9428882253200392
19,0.0016010989611286248,0.0004554614905960169,6.214676337913372e-05,3.672456480048205e-05,0.9978445682200957
20,0.18606690983680138,0.007172647899696842,3.0271380112003944e-05,0.00034344283540899584,0.8063867280479807
21,0.7493321848220622,0.05266964062301016,0.0002205741822974782,0.00044671149079388765,0.19733088888183623
22,0.8403032852367687,0.04019198915605836,0.00044225477399816265,0.0006693147163033492,0.11839315611687155
23,0.17967202349345482,0.7335060505898904,0.001168224291311595,0.0026713558178471566,0.08298234580749587
24,0.027271859524976717,0.9311845591077139,0.009951893531651804,0.001572023919846555,0.03001966391581097
25,0.07093883488427197,0.8822352513568104,0.00436879848443707,0.009723857411935601,0.03273325786254507
26,0.10988408040325617,0.8413874971283017,0.0057689577863167165,0.009941544191935697,0.033017920490189645
27,0.010574556521460004,0.9814625839662804,0.0025486640250996498,0.0006467617334165409,0.004767433753743428
28,0.04363094908543804,0.9457360592342144,0.0045583869905388595,0.00031798637239737165,0.0057566183174111605
29,0.008436317237680315,0.9046825871991556,0.08256041001184569,0.00028425195273450973,0.004036433598583821
30,0.009881937952055513,0.9637314214655203,0.019076849328440146,0.0008277268196136277,0.006482064434370341
31,0.004564780984544274,0.9151813206393866,0.07602644821119199,0.000537329946810948,0.003690120218065948
32,0.003612148708838847,0.8034913868337438,0.18737422362819875,0.00016971706910681367,0.005352523760111878
33,0.007404308643559831,0.5725151811866238,0.4143304167189329,0.00031614786603664216,0.0054339455848469425
34,0.006412100455998956,0.9112733190979492,0.07242015056212628,0.00104816033647795,0.008846269547447721
35,0.0036775751587035284,0.7950514286828865,0.19363043252168952,0.00028197261719568726,0.0073585910195246625
36,0.002227355334343516,0.16967284203598734,0.8232830222248242,9.153006707754647e-05,0.00472525033776748
37,0.004510164954379101,0.871220194603414,0.1148814431588428,0.0005074481221733893,0.00888074916119061
38,0.005324041198211375,0.9069496287034542,0.07983032041062045,0.00021127227377803156,0.007684737413935866
39,0.0013112525922673237,0.25715812055690235,0.7379350201987377,3.318283464424893e-05,0.0035624238174483155
40,0.003248861978385101,0.5508591567277913,0.4388202651517975,7.24602166752038e-05,0.006999255925350991
41,0.000701233693808049,0.03972313591410656,0.958093226352726,9.384516231121717e-06,0.0014730195231283396
42,0.002382289405280709,0.27590977077324824,0.718130874123441,2.1659936331202453e-05,0.0035554057616988405
43,0.0010154257394512085,0.07111923914694433,0.9261854376982546,9.290862694314517e-06,0.0016706065526555431
44,0.0005634022704413749,0.050752201899716666,0.9467961422470554,6.809241937635058e-06,0.0018814443408488731
45,0.0024366286038359245,0.22629904893542055,0.7651503611842294,1.978657561801504e-05,0.006094174700896059
46,0.003256275481449732,0.18610308237292436,0.7914133766343908,3.599194628537584e-05,0.019191273564949773
47,0.0015986566839303405,0.06420412349220427,0.9315846315510846,5.005023776944829e-06,0.002607583249003923
48,0.0027048661765260557,0.09816229859296692,0.893350256627427,1.094484646019272e-05,0.005771633756619768
49,0.0038337608587353843,0.3728661767203853,0.6161970604561819,1.9110359684422642e-05,0.007083891605013041
50,0.008813948503531017,0.20247712469325585,0.7742326657140781,2.489239085640709e-05,0.01445136869827879
51,0.001077426938615182,0.1077973403487244,0.8825175695675274,7.457835387954964e-06,0.008600205309745002
52,0.003078829429654589,0.17507090860568295,0.8125824257823899,1.4663053674851835e-05,0.009253173128597697
53,0.002177434010984491,0.07088220520432062,0.9173404391722987,1.0397455421051594e-05,0.009589524156975286
54,0.0005501068199820131,0.04195877348215654,0.9552343855176326,5.55627037097788e-06,0.0022511779098579386
55,0.0008388945863971916,0.04468132936298445,0.9518760098770747,8.172410156698041e-06,0.0025955937633870504
56,0.00036485153372844005,0.04896876094595562,0.9484029680011925,5.90266235721094e-06,0.0022575168567661582
57,0.00030498164620599124,0.05257436386654471,0.9449910857629922,6.178953536312536e-06,0.002123389770720953
58,0.0002188089756080766,0.030646494531875193,0.9673922608185863,2.325513349197844e-06,0.0017401101605813015
59,0.00014583339311459654,0.02324671388980374,0.9753778175565017,3.6693250453368267e-06,0.0012259658355344445
60,0.0001105792569792828,0.014148450229468505,0.9850482638346004,3.538094441862092e-06,0.0006891685845099826
61,0.0006462194338905951,0.013906151992089803,0.9835277464794091,9.343021066275066e-06,0.0019105390735441145
62,0.00010887892976660068,0.02122895850818141,0.977861527837414,3.0004400731010016e-06,0.0007976342845652609
63,6.574629288009731e-05,0.010884666418396872,0.9882198892370555,2.494642647779381e-06,0.0008272034090197124
64,0.00022684585864608627,0.010201642360344852,0.9880504886227678,2.6148035332922115e-06,0.0015184083547081049
65,0.00032282439586641136,0.010659920438214983,0.9883129813746659,3.788088635753603e-06,0.0007004857026168212
66,9.933774986414586e-05,0.014595505022202424,0.984440326647127,2.240939894689573e-06,0.0008625896409118692
67,0.00027603579569766585,0.0176098392825399,0.9808863925567548,5.882035690549097e-06,0.001221850329316986
68,8.239664763418874e-05,0.008150037760163492,0.9911012597927817,2.673297190027556e-06,0.0006636325022305707
69,0.00015119812062136453,0.012205526671046709,0.9871320134314646,3.6314179970804512e-06,0.0005076303588703903
70,0.0011708562677990278,0.03089203023852203,0.9655215822111708,1.2573822408170957e-05,0.0024029574601000503
71,0.0006140268085652574,0.02093159559893901,0.9768500656503899,1.5528565444095515e-05,0.0015887833766619266
72,0.00028629576138914747,0.013302079633601837,0.9837150572286862,6.151404243998259e-06,0.002690415972078611
73,0.0014527671773827476,0.03382495351661,0.9587896715521712,2.100535403506306e-05,0.005911602399800718
74,0.0002972833117275291,0.01222290964569984,0.985431054538818,8.20555127845957e-06,0.002040546952476238
75,0.0003565195857884024,0.008449462198831723,0.986886455987325,1.324868722712574e-05,0.004294313540827621
76,0.00017410168844004078,0.004987716489904059,0.9868399538412185,1.3416459347086882e-05,0.00798481152109046
77,0.00018028755971880847,0.0070042009059848535,0.9888530896908383,6.442784181158826e-06,0.003955979059276905
78,0.00023007094754359187,0.010083055353370715,0.9854434349189038,3.8565859291303e-06,0.004239582194252722
79,0.0001164298302681008,0.009068214609532168,0.987731592892941,5.551967526518571e-06,0.003078210699732186
80,0.0002780233889620147,0.015872654358587358,0.9825119394555147,4.472592874230213e-06,0.0013329102040614657
81,0.00011150349014300141,0.00823416319073731,0.9906662947150379,6.409079516269806e-06,0.0009816295245655116
82,3.281815700310142e-05,0.0022424518529950434,0.9972458390808908,1.6423683918998058e-06,0.00047724854071907834
83,9.125710990723143e-05,0.004025520650876605,0.9953856689930346,4.965579341031688e-06,0.0004925876668404182
84,3.4123924141251905e-05,0.00455021895939734,0.9950405893440252,2.0729040763439153e-06,0.0003729948683599375
85,4.361149118685864e-05,0.00702732893220314,0.9925282526532945,4.177560416528963e-06,0.0003966293628989089
86,2.6358842444225505e-05,0.00454156452211126,0.99516062063758,2.8191147994637457e-06,0.00026863688306504274
87,7.015771567731118e-05,0.009598593659880071,0.9899987237742219,3.2330188691118426e-06,0.0003292918313516108
88,0.00010160639376257255,0.011026887791565741,0.9884850851364189,1.1519761294507807e-05,0.000374900916958368
89,0.00012258541605667626,0.016192113549745694,0.9831475073714302,9.727134016688328e-06,0.0005280665287508599
90,0.00011886709895360323,0.013619850001940378,0.9856542655746564,8.545016368873501e-06,0.0005984723080804833
91,4.3143452596036614e-05,0.0021730784258286607,0.9970759985042548,4.834369585540329e-06,0.0007029452477350229
92,0.00014325534632317143,0.008105479183976185,0.990748198207563,4.384521794722063e-06,0.000998682740343058
93,0.00016279169537533234,0.011761590206173499,0.98699594656748,4.8036498921204474e-06,0.0010748678810790168
94,3.43941553295256e-05,0.0034614006598888045,0.9959724477841095,1.457217464218075e-06,0.0005303001832079755
95,8.32507358232937e-05,0.010128876362807548,0.9889926670897483,3.8613638217655746e-06,0.0007913444477990868
96,5.131578986277224e-05,0.005981557188325015,0.9936602675290075,2.4053545349944975e-06,0.0003044541382697961
97,0.0002796894729039365,0.010104671157204452,0.988959297077127,4.564314944342699e-06,0.0006517779778201639
98,9.179672838779095e-05,0.0108334433106856,0.9886070325490772,2.5628530607709106e-06,0.00046516455878868905
99,0.00010635143758676423,0.009661619792975282,0.9899693537329555,3.979385905094454e-06,0.00025869565057741673
100,0.00018112606860823385,0.010811005305499017,0.9884876779065562,7.251506819715272e-06,0.0005129392125167877
101,0.0003098163975236011,0.009423204777605736,0.9897963113052061,8.779409435623685e-06,0.00046188811022900597
102,5.5289184695790256e-05,0.006147091783553128,0.9935921052068799,2.265727881993468e-06,0.00020324809698909316
103,0.00018061694826579754,0.007881169149733119,0.9914824630233458,4.91627508628475e-06,0.00045083460356884253
104,5.8835133775183424e-05,0.003904797340746666,0.9958418436927879,1.947159706483538e-06,0.0001925766729835718
105,0.00011727900227716535,0.003266766920024915,0.9962136610887634,1.7267068044585623e-06,0.00040056628213005243
106,0.00019235724252349254,0.007089883205549979,0.9922465173949232,6.5096704283268755e-06,0.00046473248657494037
107,9.791285711523106e-05,0.0036166144791697176,0.9959040988454785,1.8634561642539808e-06,0.00037951036207240337
108,9.286155224401418e-05,0.007061187098116909,0.9913014839580964,2.502568458479873e-06,0.0015419648230843338
109,0.00011129402512518991,0.008208823016705447,0.9908516633344153,3.6150548415187064e-06,0.0008246045689125422
110,0.0005829816956444921,0.03150020886458285,0.9661284238636287,1.0402729982971895e-05,0.001777982846161028
111,0.00025894019341509913,0.0074789161207711626,0.9913584797502233,3.2122660029100427e-06,0.0009004516695876671
112,0.00017946522336271186,0.012064897126233542,0.9871705833229502,3.942382779200803e-06,0.0005811119446741411
113,5.935485131326605e-05,0.006420633192303687,0.9931538202120531,2.2318105166201217e-06,0.0003639599338135344
114,0.00019931252505646553,0.010067229443944966,0.9888257038818724,9.070512161483003e-06,0.0008986836369646444
115,0.00013873612610924328,0.00800232084244274,0.9911741625906291,4.917073545153957e-06,0.0006798633672738322
116,0.0001258499022288275,0.007960666538693203,0.9908610197014115,7.640146901577503e-06,0.0010448237107647308
117,9.953490988150586e-05,0.006130381312381414,0.9933532849433148,3.8628152109419485e-06,0.0004129360192111479
118,0.0003423912304180541,0.012898391578331055,0.9852120455125861,1.5996317107363636e-05,0.001531175361557422
119,0.0005612560161763605,0.01113985933724662,0.9864018545019544,1.0425104373292335e-05,0.0018866050402494108
120,0.0009133541862499931,0.009478513651951077,0.9834235443084867,1.0976620224162091e-05,0.006173611233088002
121,0.0002834174256427299,0.01706291069335221,0.9802709996564014,9.525593442262937e-06,0.002373146631161234
122,7.991437639214688e-05,0.007292152132680311,0.9912219717765498,3.7501564470216194e-06,0.0014022115579308647
123,0.00041945048565211187,0.03239150721793984,0.9636257998139216,1.4442631121437382e-05,0.0035487998513650536
124,0.00019955229195656144,0.010090575560055166,0.9886413802748015,7.284198094276311e-06,0.0010612076750927124
125,0.00022888039480275065,0.02158362955662683,0.9762030379619974,1.3959305184311929e-05,0.001970492781388669
126,0.0006841400857508751,0.03301503830900336,0.9636985176651969,6.02439165247661e-05,0.002542060023524012
127,0.0010823662332552937,0.06429558900162777,0.9311709812949974,0.00024192687734323544,0.0032091365927762604
128,0.009183890057756109,0.11739446204915188,0.8644767921628402,0.0003436756197789919,0.008601180110472924
129,0.0025448131051302157,0.13945768705478565,0.8540413902430078,0.0003678184691260537,0.003588291127950309
130,0.029929488481212532,0.7522735860156314,0.18770315604802001,0.009604378174826286,0.02048939128030984
131,0.028744513009816727,0.6769903843820633,0.22307070748661734,0.008678902349261936,0.06251549277224067
132,0.1701714229874819,0.5592969584886821,0.09407137118655866,0.09452922438058937,0.08193102295668796
133,0.2893557095709084,0.6044908428019218,0.0041256396490277,0.047081279562205695,0.054946528415936495
134,0.26338200577446147,0.14679709280268038,0.005611659792774027,0.009892387147927532,0.5743168544821566
135,0.2595177575790498,0.4811766447173236,0.0027692656483960932,0.02567923848297936,0.23085709357225115
136,0.4271919823046644,0.36661258267014135,0.0023819928239951975,0.08998583782166504,0.11382760437953397
137,0.35697662870805896,0.3006287025841255,0.0038615822024431713,0.21086314254754832,0.12766994395782405
138,0.035611756023061096,0.1020029285813417,0.0007466415010490664,0.7910138058164291,0.07062486807811906
139,0.017785304724691874,0.0290276628848535,8.760717462148682e-05,0.7899274843580616,0.16317194085777137
140,0.04579828240421862,0.05627430006836413,0.0001921100482686433,0.8659665220301845,0.031768785448964144
141,0.06543936437918194,0.01887154389727993,4.9892450738001694e-05,0.8652090032385242,0.05043019603427586
142,0.08764568928894177,0.029272938923749582,0.0001681609335906955,0.8279605325698727,0.05495267828384523
143,0.00977681593516105,0.005951487220252473,2.8039474921030762e-05,0.9785486667171328,0.005694990652532799
144,0.019182898681485226,0.018285131535245802,6.666403490477259e-05,0.9574383440088173,0.0050269617395469444
145,0.007613024911298703,0.00412411161595796,2.026994539567962e-05,0.9850119614443564,0.003230632082991
146,0.0149065622297337,0.05084910745390189,0.0002176562403955037,0.9278708430623098,0.006155831013659152
147,0.009475067900141717,0.014365149517490614,0.0001000662823320577,0.9710257132273726,0.005034003072662936
148,0.007221272632089946,0.009748916346934576,7.653440221540777e-05,0.9786433681731167,0.0043099084456434
149,0.007846975511843499,0.011811916240128777,8.473471801134928e-05,0.9758834710470096,0.004372902483006736
150,0.018320224339855057,0.017166782583904416,0.00010871694107632727,0.953404878744152,0.010999397391012055
151,0.006655408326903404,0.015189986204124258,0.00019699204549607086,0.9720732335041288,0.005884379919347376
152,0.010078183940760928,0.006179798333108108,9.221345466973054e-05,0.9777788579600505,0.005870946311410683
153,0.008394072707830443,0.007683298559265942,6.46427057940785e-05,0.9812861495150863,0.0025718365120230313
154,0.01550787938795831,0.02016366390744957,0.00018681163216196074,0.9543474645846299,0.009794180487800296
155,0.02379778268484262,0.01652304374279527,0.00015972508454667578,0.9520412748217274,0.007478173666087942
156,0.01342793901840179,0.005033438558254914,3.355913518391775e-05,0.9782623644351881,0.003242698852971292
157,0.013074149211783384,0.0045455896675486,5.494166986566411e-05,0.9778942779294354,0.004431041521366927
158,0.028159177719843498,0.007645513182057855,6.917564205924986e-05,0.9595418995739259,0.004584233882113634
159,0.02597353718570611,0.016440480723214978,0.00011565974089855756,0.944040262988387,0.013430059361793228
160,0.01240933857303091,0.006412820210000504,9.543270356391843e-05,0.9747744354018109,0.006307973111593951
161,0.012949717695454225,0.005714055304063189,5.0372930722186913e-05,0.9735810853693999,0.007704768700360463
162,0.01356050430518793,0.005197561887196601,6.0489010863419915e-05,0.9784833330267214,0.002698111770030716
163,0.059482417910468675,0.01055734610367478,0.00011324590065183137,0.9175378277833817,0.012309162301822997
164,0.10100923399452588,0.012691806948956691,6.405691713042377e-05,0.8694693173072151,0.01676558483217193
165,0.10821167524311277,0.01253657632632355,9.697663863860138e-05,0.8662119046560317,0.012942867135893493
166,0.03034369690089993,0.005193624019317898,4.8135829573696066e-05,0.9594226483362903,0.004991894913918149
167,0.015914025483435894,0.01498845980787312,0.00010341830927382292,0.9644654030679827,0.004528693331434527
168,0.048460593602996815,0.017458004476334915,0.00010331507958447186,0.9260502018241148,0.007927885016968948
169,0.025951537601253825,0.01680939680077083,4.591445254316683e-05,0.9532404402011726,0.003952710944259654
170,0.026885315737661612,0.07678056141596327,0.00042492261751288533,0.8881402250766879,0.007768975152174458
171,0.02287080955895368,0.10072215921361485,0.0005556468848776739,0.871384761803758,0.004466622538795704
172,0.018791717191061947,0.05905723506374096,0.00018255049826702992,0.9177149216542184,0.0042535755927114545
173,0.02995038598822648,0.25372698799107396,0.0008232923212907997,0.7103970018672089,0.005102331832199948
174,0.05541875561600082,0.2077200737449061,0.0008745299190337683,0.729521117000392,0.006465523719667242
175,0.07871597727379755,0.540457490303255,0.0009590480891897872,0.3737099360413784,0.006157548292379154
176,0.050784066991891724,0.7298374294848006,0.0015749813319296904,0.21495450996963172,0.0028490122217463155
177,0.041250348265696964,0.8637794755338947,0.0008614661267295271,0.09123829199394433,0.0028704180797346234
178,0.019680826316609442,0.9489908283781848,0.010073914712528137,0.017489183659632764,0.0037652469330447602
179,0.051505573325560404,0.8826711112352562,0.000958075212309038,0.06015925716578241,0.004705983061091875
180,0.017987950505398104,0.963664070136063,0.001633470604472356,0.014657911327236251,0.002056597426830544
181,0.022312432679602687,0.96705509796083,0.004161009620694522,0.003103180435051227,0.0033682793038215747
182,0.029514349663612844,0.9639391877221533,0.0015860018646483762,0.0025336102390004778,0.0024268505105850043
183,0.020523216302962725,0.9695782682142653,0.004468578570665598,0.0031926487460510154,0.0022372881660554073
184,0.033549338895182794,0.9585263128578673,0.0026298943321735394,0.002156554557242307,0.003137899357534159
185,0.004472677958587114,0.9906800681762914,0.0033562931337623816,0.0005763203902696469,0.0009146403410893862
186,0.02616210940747798,0.9536634243081702,0.008353066536397993,0.007430741337785959,0.004390658410167615
187,0.008995139207215308,0.982759105076329,0.00506875333863873,0.0012085194182472798,0.001968482959569492
188,0.010299636691309642,0.9824153011165202,0.003287399931644365,0.001880734929720651,0.002116927330805367
189,0.01289655925329715,0.9765364125556898,0.006133942911665075,0.0024663527927938954,0.0019667324865541543
190,0.028170380541039097,0.9538632705974337,0.006633637991276144,0.0065353317387910545,0.004797379131460027
191,0.013891165163226391,0.9663829335194914,0.012126427922188212,0.004090127632840458,0.0035093457622533543
192,0.035366036804472464,0.9520029207316565,0.0017083414584820964,0.007676988668452738,0.003245712336936152
193,0.018489697997741934,0.9749616744868197,0.00203552174425756,0.002440765719048076,0.002072340052132936
194,0.003532120141864618,0.9942980306454764,0.0009168828246893005,0.00033954643493160893,0.0009134199530380116
195,0.037367023901653515,0.9530324791310161,0.0017865448260265776,0.0023288854349012606,0.005485066706402634
196,0.0031445287294277605,0.9944282448256976,0.001163393450038309,0.0005744105979739603,0.000689422396862475
197,0.045728827243085385,0.9460775687164302,0.0022998168626491675,0.002634661984568337,0.003259125193266898
198,0.0039039535618829277,0.9844363212720811,0.010253065113333012,0.0008023252258807481,0.0006043348268222176
199,0.007895368131802671,0.9857973644569564,0.003434261921390481,0.001616193263606242,0.0012568122262440777
200,0.014983087510897237,0.9783146341644056,0.0017486549999227608,0.002917615096827295,0.0020360082279468616
201,0.011533238167065585,0.9778506070182703,0.005985782006900172,0.002382758985015053,0.0022476138227486555
202,0.0041665146042662166,0.9927312648591189,0.0016687153708911863,0.0004345164386508686,0.0009989887270728016
203,0.015368815182084094,0.9792463871381175,0.0027071433319857474,0.0013211131208074856,0.0013565412270051085
204,0.014552514134050053,0.9829122720537122,0.0007413450300741202,0.0007101570908027106,0.0010837116913610392
205,0.02430902030833482,0.9692766988040626,0.0028885813293885853,0.0014489152175696353,0.0020767843406443018
206,0.00801159784633183,0.9873689078485125,0.0026989478903234835,0.0009340539154945423,0.000986492499337738
207,0.011452688148533433,0.9849381967347972,0.0013649988436820891,0.0009932627554269898,0.0012508535175603196
208,0.0028656756761517694,0.9934792497880206,0.0026642442792408736,0.00039712359494539095,0.000593706661641331
209,0.001676985357550925,0.9961332324194596,0.0014421301469335504,0.0002965064635204788,0.0004511456125352979
210,0.00601584649112547,0.9737910145187135,0.01794388376243298,0.0004967829843303607,0.0017524722433975006
211,0.009713498839188865,0.9843517613560839,0.0033017736367112367,0.0011207700585469072,0.0015121961094690993
212,0.0027404829219314746,0.9739115582561707,0.021832362932750368,0.0003175951152841632,0.0011980007738633229
213,0.007675450164178327,0.977842524908263,0.011329412908190586,0.001243287164143874,0.0019093248552245663
214,0.011042770065371646,0.9720231348070811,0.012268997520771567,0.001054281709985515,0.003610815896790431
215,0.004523507390537015,0.9645320407054768,0.027299295963146043,0.0005846778500848153,0.003060478090755274
216,0.0033813765786836376,0.988137898742239,0.0029491028841686444,0.0006185076577397819,0.004913114137169054
217,0.03950414839081281,0.1911837350042137,0.0059848320981592705,0.0014317070607089968,0.7618955774461053
218,0.08302929726074518,0.11463283974473795,0.000915305855437101,0.001286076399099959,0.8001364807399798
219,0.12094085954889534,0.8558733088700345,0.001134642962821616,0.000994653607068827,0.021056535011179503
220,0.2709659410986013,0.6991137439775026,0.0013787959006440623,0.0014025998026883438,0.02713891922056378
221,0.139363350703449,0.8355769900373906,0.0005764709145828408,0.0048518183825972585,0.0196313699619803
222,0.10066324449748833,0.8696120942137435,0.0012850681040437947,0.018637237599656804,0.009802355585067469
223,0.057945044415394414,0.9314310895263108,0.0012974740898177891,0.004824768774602683,0.004501623193874418
224,0.009365482105154472,0.9810287404070919,0.007361525846697537,0.0007372503972919646,0.0015070012437641237
225,0.09950986448593237,0.881821353671928,0.0009086254520141709,0.013087670896232636,0.004672485493892873
226,0.022422067295958758,0.9725183329194317,0.002723297071809253,0.0008300400583801403,0.0015062626544201545
227,0.004961194355007086,0.946761332868379,0.04732794250330354,0.00026715065859621485,0.0006823796147141276
228,0.002981752440992341,0.992931912873421,0.0034119992347468094,0.00023431013719397775,0.00044002531364603333
229,0.03096696052622044,0.9570214909540614,0.007281950620397096,0.0016139429413674646,0.0031156549579535973
230,0.0051990931236352705,0.9880907166165909,0.004991346442173862,0.0008096402325842564,0.0009092035850156725
231,0.011457350862208171,0.9827572732284927,0.0034264266040534013,0.0005435095570005493,0.001815439748245156
232,0.0024254377655598207,0.9925705812836518,0.004331646498384595,0.0002690684690983161,0.00040326598330519013
233,0.0015950918973385048,0.992462454263248,0.005422279268896265,0.0002105858952797449,0.0003095886752375876
234,0.004694426068568608,0.9349489619518712,0.05833350710739851,0.0006775511236515781,0.0013455537485101312
235,0.004675798237754156,0.978203513176231,0.015473318832828988,0.0008197765585370413,0.0008275931946488644
236,0.004389307159824161,0.9930207345970736,0.0010332564552400592,0.0003940749809505507,0.0011626268069116002
237,0.010114795855216966,0.9819713332533331,0.00627993304428636,0.0005679509693570879,0.0010659868778064567
238,0.010193629429185017,0.9517552646702718,0.036143902580908265,0.0006146800263014294,0.0012925232933336524
239,0.02050429479837035,0.9557036626577465,0.021130589891393003,0.0010927760481824731,0.0015686766043074565
240,0.0023554144509730997,0.9869663369532534,0.00974698775482782,0.0001453718216060591,0.0007858890193395095
241,0.010335623005655818,0.9457560152574299,0.03965239366943249,0.000746995779572905,0.0035089722879089883
242,0.0053612413495545495,0.9347407944658821,0.05734050422283518,0.000524292571208503,0.002033167390519766
243,0.002062769115744448,0.97605071053678,0.02087503121232806,0.00020155994560216534,0.0008099291895453298
244,0.015101201230096253,0.9786819312013118,0.0038766015203488087,0.000389354398862218,0.001950911649381025
245,0.029339021600545412,0.9599677631541723,0.007846669616869724,0.0005098373375823817,0.0023367082908304004
246,0.009119230467582585,0.9535510192981468,0.034899062646218754,0.0005010345212430311,0.0019296530668086772
247,0.01215826940699553,0.9267375382091753,0.058678142300749275,0.0004137475915128295,0.0020123024915670307
248,0.01109445729911979,0.9771159922892262,0.010389081330545974,0.0003401956431303333,0.001060273437977719
249,0.008129152278802359,0.940406741713811,0.04862635125627077,0.0005831538396952871,0.0022546009114205695
250,0.07334402091007805,0.9139614941785739,0.007721467605440964,0.0013398697386072676,0.003633147567299769
251,0.012006128139848717,0.9776132374288007,0.00866004604864604,0.0005000134632637098,0.0012205749194409564
252,0.0026575598587182375,0.9281891296506731,0.06728429072892206,0.00032325882853598975,0.0015457609331506784
253,0.0030062276266490514,0.9808117079883263,0.015082271340265295,0.0002210743040076719,0.0008787187407517025
254,0.00849200550895301,0.9875631062038218,0.002795885715595473,0.0003575966803989402,0.0007914058912307084
255,0.008210776312345474,0.9876145823578344,0.003047503608896475,0.0003185581049239002,0.000808579615999984
256,0.005810627597766119,0.9256406064311803,0.06686348389503548,0.00038090388166424057,0.0013043781943538378
257,0.0019574149964416664,0.989535895199404,0.007607221842939739,0.00041061588963273876,0.0004888520715820357
258,0.002095689084705748,0.9823433216251232,0.014515296494308674,0.000399718188745143,0.0006459746071172035
259,0.0007891020082007377,0.9202844637563367,0.07800095491720284,0.00029668257892122985,0.0006287967393384535
260,0.002090157023933358,0.8344952762879839,0.1612032063628542,0.0005088397905772458,0.0017025205346513157
261,0.0053480415285368475,0.841889139868998,0.1510756030142418,0.0004932680078442964,0.0011939475803789642
262,0.006541615587119101,0.9269893629479585,0.06494275835274135,0.0006003037316675228,0.0009259593805137085
263,0.020231830092388704,0.9197325675663646,0.05504614143946435,0.0029506629117941716,0.0020387979899881776
264,0.0033286159754815107,0.8341667700170231,0.16032496848708477,0.0004793804581878631,0.0017002650622227307
265,0.014094153568085492,0.9585139384065612,0.022967967561907627,0.0024486221393405752,0.0019753183241050737
266,0.005029591959293712,0.9076995426510214,0.08488831080342182,0.0008354286544469935,0.001547125931816196
267,0.004468680339900629,0.9086811283253603,0.08458037749667024,0.000363407536893547,0.0019064063011749234
268,0.005186364160897404,0.8977243891279941,0.09560398648498113,0.00026358166051537794,0.0012216785656117735
269,0.007859643776297507,0.9070529830289646,0.08200217500892089,0.00028453489346321815,0.0028006632923537065
270,0.0040513860985033736,0.927813367043034,0.0665463618273778,0.00027261756453737335,0.0013162674665475659
271,0.001513596323476133,0.9384014583376757,0.059191137335640465,0.00016033996898048137,0.0007334680342273316
272,0.006618860598035506,0.9678836181052586,0.024049887777592958,0.0004753075137861786,0.0009723260053268618
273,0.004564858856372251,0.951522953829383,0.04217177955231855,0.00043080692899863675,0.001309600832927611
274,0.0005367752135056515,0.8442304160124167,0.15465095062290332,0.00010198585887837731,0.00047987229229601297
275,0.009607823857479738,0.9604439336687514,0.027913424029343808,0.0005952344571807736,0.0014395839872443866
276,0.001562962047563702,0.7034972015657804,0.2938934663726078,0.00017680905063365893,0.0008695609634144955
277,0.003779028441585195,0.7051974870154146,0.2889375508603868,0.00046169598023999473,0.0016242377023733426
278,0.0045673845374168045,0.950023600986254,0.04337949412934394,0.0008686548139957477,0.0011608655329895092
279,0.0025679789015183494,0.7485697016851968,0.2466730122623482,0.0004093548111166792,0.0017799523398200024
280,0.00553676331052827,0.8344392427924948,0.1567557461605676,0.0005020877581016023,0.002766159978307664
281,0.0036595019596456784,0.9405299608175672,0.05408418166342178,0.0007601510823590357,0.0009662044770062503
282,0.0025117146420757675,0.9314791503568347,0.064222928092058,0.00030502086637846417,0.001481186042653345
283,0.002872480908411107,0.8580289412709574,0.13663478730797002,0.0006852294046189292,0.0017785611080425613
284,0.003172524906427225,0.9201671879511277,0.07485141313103541,0.0003741257532348323,0.001434748258174852
285,0.007472321954287428,0.7413408676959562,0.24767168958313848,0.0005502344241366206,0.0029648863424812768
286,0.020058530007242725,0.8653449703080119,0.11087456168745245,0.0008958782881272205,0.002826059709165578
287,0.0016296493920888863,0.9406732056667569,0.05660455779564554,0.0001372026468776849,0.0009553844986309683
288,0.009268251677755718,0.8948365898409607,0.09340527869780972,0.0007106251629255454,0.0017792546205483463
289,0.0021229993911591584,0.7026099508895772,0.29262598471543316,0.00030377328911215497,0.0023372917147183796
290,0.005375445464427359,0.9304004465030669,0.06211494482871292,0.0006746633784198894,0.0014344998253728826
291,0.002155680711994996,0.8588916436385101,0.13765554316140616,0.0002862045802715075,0.0010109279078172424
292,0.0005236357622321904,0.3865847435778143,0.6124855652658433,5.146810721311486e-05,0.00035458728689713215
293,0.0018191881708559778,0.6406207313030882,0.3564269968589006,0.00021187900498987545,0.0009212046621652558
294,0.002922456674846736,0.7869004564010327,0.20868805661959636,0.0004784943104319073,0.0010105359940922195
295,0.003559646957401225,0.9508098465186825,0.04370957274781232,0.0006659700367223934,0.0012549637393814111
296,0.0026788393995185425,0.8327320956569647,0.16240768185966264,0.0006453402349205617,0.0015360428489336285
297,0.002214019908383049,0.8201730160300033,0.1749575639668587,0.000994743461051681,0.001660656633703217
298,0.0020136145353013193,0.8044412457359106,0.19171859065559108,0.0002802120526544713,0.0015463370205426733
299,0.0028819624665273485,0.8805004072458501,0.11342927157335206,0.0008735711196337479,0.0023147875946369374
300,0.005315496089486233,0.8477865859791359,0.14180515536615823,0.0010528072515966986,0.004039955313622827
301,0.011194328321846077,0.8344507171940517,0.15125044635263427,0.0008790236277188583,0.0022254845037491863
302,0.007205342145908081,0.824131496501026,0.16588785436089065,0.0009755901533650046,0.0017997168388102403
303,0.013345985093265086,0.8571922940184559,0.12551554295622636,0.0010303443250270976,0.0029158336070255757
304,0.004565951282523673,0.7893630682230329,0.20296466344692762,0.0005453092879319172,0.002561007759583699
305,0.004309914522859166,0.8640590008175704,0.12665791949742305,0.0019218889101311806,0.0030512762520163825
306,0.0023272308133727346,0.8436957145324826,0.1505609239497675,0.0007659285382503169,0.002650202166126952
307,0.0022839536330079473,0.5297418965141872,0.4644168421082486,0.0011676993615723954,0.0023896083829838227
308,0.004097127517750928,0.8255759930295486,0.1609104851483607,0.0017438471098061993,0.007672547194533375
309,0.013492647196924452,0.7919267696638956,0.17847554807091656,0.004750496226561143,0.011354538841701997
310,0.008421306069542524,0.8940288477555488,0.08578349574711622,0.003309924350122086,0.008456426077670522
311,0.028770715146533708,0.7374279594952612,0.11265046251423175,0.002185871548005061,0.1189649912959681
312,0.017441311579065043,0.036131653932783184,0.0021582163769114896,0.0029202984142640263,0.9413485196969762
313,0.017489375374688226,0.014746819499546999,0.0007567208852261623,0.00037020798032776417,0.9666368762602109
314,0.45699117033470105,0.4359192872370137,0.0026419860697724615,0.0024927848992589794,0.1019547714592539
315,0.1621281635602814,0.7866359316567407,0.001657065209234185,0.0030734272813480353,0.04650541229239563
316,0.05985105091612061,0.8880753249242542,0.007784936930993288,0.0033023531074627584,0.040986334121168935
317,0.14901306876236178,0.8069934455130886,0.0038672953336036774,0.0237169449251612,0.016409245465784816
318,0.020868133306278246,0.9558657704029441,0.005429790876882297,0.011480107010726739,0.006356198403168806
319,0.026369413190314772,0.9275529904320704,0.002980739241517974,0.028304514778643822,0.014792342357452979
320,0.049824607566675456,0.5390048466289045,0.0012750833931003884,0.3975226656447966,0.012372796766523112
321,0.07073862166094436,0.19178938940648943,0.0010120536473189417,0.706209524109938,0.030250411175309317
322,0.03060557489131571,0.09196956620727267,0.0003886761826814149,0.86012862425864,0.016907558460090226
323,0.06608983499963571,0.05439685852040003,0.0003253714949936862,0.7705689189826661,0.10861901600230436
324,0.09640518566244564,0.01686970543283859,0.00015311589955937393,0.8273517842495262,0.05922020875563022
325,0.10345372136298046,0.010206239840194236,6.28754610149788e-05,0.8519647284110532,0.034312434924757086
326,0.12046166348895657,0.03993602562864052,0.0013238972323035636,0.824471158584563,0.013807255065536372
327,0.043033668886047705,0.009562042467896855,0.000731755421329976,0.9263689350852099,0.02030359813951539
328,0.021961505102814874,0.004305608760594387,0.0005710622683451189,0.9576133549963547,0.015548468871891031
329,0.011333856064499276,0.005492893581913748,0.0005186038092667993,0.9767759880255841,0.0058786585187360465
330,0.0032815717242769076,0.0021303847712908722,0.0007627779003530788,0.9872871626512721,0.006538102952806948
331,0.009087353421604367,0.005170118492207042,0.0010560358622151678,0.977141544125339,0.007544948098634556
332,0.0161448225236211,0.007101948587661592,0.00011335941823742349,0.9708197874481054,0.005820082022374442
333,0.03446145080666394,0.012380314928212819,9.342358785022498e-05,0.9445258344348487,0.008538976242424275
334,0.2107976850479301,0.026675636758056422,0.00028477694148563927,0.7184379773604215,0.043803923892106474
335,0.07682924832414005,0.031054151499011935,0.00014510280673229046,0.8776437586559361,0.014327738714179781
336,0.06221749566786054,0.03128798519339321,0.00013841603150794294,0.8920640073579749,0.01429209574926356
337,0.07672768633634613,0.0778593879041652,0.00010407008686541914,0.8290562956434676,0.01625256002915571
338,0.1764876573237514,0.061813287199876076,0.0004961856857955802,0.7067190711658214,0.054483798624755594
339,0.19533977248068465,0.02809584889255268,0.00016779329183627637,0.7540463226988016,0.022350262636124787
340,0.15717708664824037,0.06346748516276848,0.00017221775065706066,0.7599961604188461,0.019187050019488044
341,0.08934993091774063,0.018614593952087363,0.00019283694881229823,0.8349374189644483,0.05690521921691147
342,0.039185872180707244,0.019048889602245957,0.0009353757836851681,0.9147823351824981,0.026047527250863567
343,0.024888329801305002,0.00999150930419475,0.0010365262831008683,0.9485992448277851,0.015484389783614197
344,0.04974986270113686,0.01375040247457988,0.001403636285299631,0.9121020241791844,0.022994074359799156
345,0.009231550366691188,0.009037408634433771,0.0010441853163440998,0.9660657934942289,0.014621062188302022
346,0.013620905581101392,0.008033885789235036,0.001587503467821049,0.9629121384033692,0.013845566758473251
347,0.05881510456032379,0.01276925932922941,0.002244680676787273,0.8957087057408264,0.03046224969283311
348,0.035407665592173725,0.006616763864455907,0.0015443709796378944,0.9400710257006237,0.016360173863108694
349,0.027921581923184238,0.007069330924090595,0.0013374820928084836,0.9576038750091128,0.0060677300508037236
350,0.015344907499091535,0.0029685097740199673,0.00031606951379565656,0.9740720301683138,0.007298483044778986
351,0.011071964102536701,0.005094086995514277,0.0005106179626696099,0.9796067461936291,0.003716584745650334
352,0.002135238309738149,0.002853964299905918,0.00013238525478347522,0.9928386854304693,0.002039726705103202
353,0.001953710065564452,0.002014300396166892,0.00022245877075509528,0.9863505447910096,0.009458985976504145
354,0.004088366191529432,0.0022368271095937354,0.00021159496873204373,0.9887222172872114,0.004740994442933278
355,0.00986188067808883,0.003307880654475552,0.00014047635305994467,0.9836661068852908,0.0030236554290850575
356,0.02620809212227644,0.00520385154554725,0.0002475865310860471,0.9626709689390869,0.005669500862003288
357,0.021819391873794242,0.00556476502583794,0.00015082753817138677,0.9691460709022869,0.003318944659909732
358,0.019247425466523176,0.006357448146164798,0.0005717299295865065,0.967186264997668,0.0066371314600576345
359,0.007313655346707192,0.0034872422040833025,0.00048356358581074703,0.9832856834367336,0.005429855426665061
360,0.01372713103515485,0.0072902383766227175,0.0007845655119019214,0.9724135810284447,0.005784484047875882
361,0.045987659017218345,0.007529554453143795,0.0011444916685677867,0.9392703040737248,0.006067990787345207
362,0.061004228386398615,0.009459020168975093,0.0012326519724348548,0.9158175360139934,0.012486563458197951
363,0.03215624760435531,0.010176530726159056,0.0008866949502997887,0.9491287309345852,0.007651795784600641
364,0.03173783266783142,0.007420353305034053,0.0011129993481299907,0.9425116178512887,0.01721719682771583
365,0.029979187075349113,0.010013711225298028,0.0011201458689651996,0.9328772603771865,0.026009695453201306
366,0.013084863887959937,0.005639485608609216,7.378825444630527e-05,0.9693449292775869,0.011856932971397796
367,0.03703878542640637,0.008308397387985028,7.889717016132111e-05,0.9288999059968837,0.025674014018563576
368,0.06879668425402323,0.007851430295793788,0.00012773194586676402,0.8868302861701768,0.03639386733413936
369,0.12897084519486177,0.011453051281620472,0.0001476514880278185,0.7807407262256922,0.07868772580979752
