epoch,N1,N2,N3,R,W
0,0.07074967722157437,0.030775486493273954,0.0003567953105776203,0.0013038696419844125,0.8968141713325897
1,0.04744003979356125,0.02879430858365751,0.0019524221520808504,0.0011085058276096027,0.9207047236430909
2,0.026247668703071717,0.009990184827606684,0.0003240395396718569,0.00039696525787631605,0.9630411416717733
3,0.017303143678368726,0.00918029988385145,0.00504116444114289,0.00046593464264637263,0.9680094573539905
4,0.0013034730692986476,0.0037140775885192985,0.0001801105190064096,0.00023237488911613012,0.9945699639340596
5,0.0011360221727329607,0.0013968438706206323,0.0009300376689609068,4.206234265787087e-05,0.9964950339450276
6,0.006016496265823693,0.006098419609800283,0.0002527760828430641,0.00022985335402391156,0.987402454687509
7,0.01824415948210626,0.013075878020396905,0.00030742480025932863,0.00016954753076311343,0.9682029901664744
8,0.059710449806281485,0.015690530403901826,0.0001216593716920623,0.00120390604418873,0.9232734543739359
9,0.06539680703326105,0.03048244875170267,6.090133683422747e-05,0.0044157956955993005,0.8996440471826028
10,0.09334367846934381,0.06756929924168949,0.00029299755999976854,0.006551256803589777,0.8322427679253772
11,0.24471052552984088,0.048068888569393904,0.0033793177317707106,0.0010694758759136052,0.7027717922930808
12,0.03648557636444803,0.04705583779350258,0.008729417767021259,0.0026866886212827523,0.9050424794537453
13,0.028186440482471944,0.023602120563205927,0.0006766179183140711,0.0011711296109070599,0.946363691425101
14,0.020285396213092468,0.010447980582327192,0.0030332295152734785,0.0004289898154837599,0.9658044038738232
15,0.004740339647976925,0.03355647100975904,0.014060266548476726,0.00013212992360103073,0.9475107928701862
16,0.04475243098525132,0.4172488638651341,0.024511026971107887,0.0028195816896409254,0.5106680964888657
17,0.0982451786275502,0.1518724274197033,0.05428338984171588,0.0005059483008461299,0.6950930558101844
18,0.048288857859939006,0.08368530044608119,0.008353058640627178,0.00027207304042456453,0.8594007100129281
19,0.07539507153684959,0.16525071023991192,0.012216752211960167,0.00035638627856463895,0.7467810797327138
20,0.13622476430321193,0.18470539945397005,0.014082929821916553,0.0005578982170036817,0.6644290082038977
21,0.049705975040420416,0.04191789842153631,0.0032432422624233443,0.00045670947827163694,0.9046761747973483
22,0.034162399624006023,0.3695020364205575,0.010797221874179173,0.000268406753617548,0.5852699353276398
23,0.059875771338848124,0.6207570050141962,0.025095712828326205,0.00044260417770667363,0.29382890664092265
24,0.032335668759667584,0.20712164204253894,0.004140080714112003,0.0001927309398425726,0.756209877543839
25,0.035323428389173225,0.7966261683480728,0.027300556766663424,0.000321753657063021,0.14042809283902755
26,0.13134988262191585,0.7336757543761853,0.024254593503324536,0.0006500598186859033,0.1100697096798885
27,0.12100020637203206,0.7455445154808503,0.03546328942689062,0.0006071734203893318,0.09738481529983772
28,0.05828269100804278,0.7280208691987927,0.03877870455705919,0.0007296211587117606,0.1741881140773935
29,0.11635366451230761,0.652509681810823,0.029283378273211487,0.0020186911020075513,0.19983458430165021
30,0.07548024525011869,0.7168227807869001,0.01831393450867283,0.001245257732901395,0.1881377817214069
31,0.03214454655375455,0.466213171396986,0.04243966902662162,0.0011214612655586346,0.4580811517570792
32,0.058841781004482445,0.6634654974580917,0.043378379608540026,0.001157582694368778,0.23315675923451715
33,0.06534589582876778,0.7677087710809756,0.03220149043025131,0.0008416911821429397,0.13390215147786247
34,0.055219943258896446,0.8049536366566411,0.030877869003371392,0.0016251137660308218,0.10732343731506025
35,0.06229170438510403,0.8068737933097339,0.0436320667234278,0.0012519464111707197,0.0859504891705637
36,0.08287978952510702,0.8184723960822774,0.03929522230789235,0.0012454764813557696,0.05810711560336744
37,0.03679305642918267,0.40263727279566647,0.03500957346251674,0.0006881004198827543,0.5248719968927514
38,0.11294717417448638,0.6538969785589236,0.04141734929778162,0.0007202609381606983,0.19101823703064766
39,0.07787288884423024,0.7790205712625914,0.03225192759342243,0.0006021494341469443,0.1102524628656091
40,0.035867871450614534,0.6663800798436184,0.10704623580462853,0.0005457058829611591,0.1901601070181773
41,0.06968958990304222,0.7437969859447806,0.11386919798232102,0.0008046962760524316,0.07183952989380386
42,0.06061220727572279,0.6489137930108091,0.09405024367642464,0.000740276755164548,0.19568347928187893
43,0.04147769294582442,0.7493112495023699,0.1259529743433253,0.001284974263135417,0.08197310894534504
44,0.08369213008587628,0.6262286094346916,0.21940332936731957,0.0010353491313430537,0.06964058198076953
45,0.06096615537320038,0.6196131708657109,0.21369863923249327,0.0009868654604998888,0.10473516906809553
46,0.06068006467505941,0.6157495110901829,0.22103659887793253,0.0016205751848483146,0.10091325017197675
47,0.058919474259410486,0.5683663593927454,0.2985428890392648,0.0024299527727114677,0.07174132453586793
48,0.024515049191307564,0.6983938527574044,0.2486961663039983,0.0025147349648878044,0.02588019678240191
49,0.014115110765242859,0.6032303002976128,0.35829090450191686,0.0010211476606612835,0.02334253677456621
50,0.015102937505258806,0.8389838737757687,0.1284912672278401,0.0005577394019607238,0.016864182089171433
51,0.01714559148629011,0.6834700631838005,0.27293093881738245,0.0006173927681480057,0.025836013744378796
52,0.02307303878595804,0.6315753155134093,0.3085075251914978,0.0004203716185702741,0.036423748890564545
53,0.009483016306172853,0.689317122150149,0.26281513113617044,0.0004217152251828958,0.03796301518232497
54,0.0225871173993862,0.681043665897453,0.25617720701627267,0.0007080007974568646,0.03948400888943121
55,0.040612220378941195,0.6729310178623149,0.22169190057297705,0.0006915807197364998,0.06407328046603034
56,0.020080741760511178,0.6862119037367321,0.23759497433336885,0.001033957775342509,0.05507842239404529
57,0.03266714646371451,0.7246848841517927,0.1617066246404425,0.0010882500501007571,0.07985309469394951
58,0.043896370121141406,0.8149713002072408,0.1083562764986564,0.0008836889688887952,0.03189236420407264
59,0.02633008961540877,0.7469035322216068,0.19284593438458658,0.001023395810496887,0.03289704796790102
60,0.090396278089364,0.784555651170241,0.08982387765928966,0.0013618946061410922,0.03386229847496415
61,0.04439313943075533,0.8211440188632919,0.0837799678086093,0.0020434690869286284,0.048639404810415066
62,0.01498245301041952,0.7274277184016789,0.21234975100930867,0.0037876938933442024,0.041452383685248693
63,0.02503578282364349,0.7226847711998909,0.17956345579184524,0.004064141098205412,0.06865184908641479
64,0.05038155778904659,0.6534345958658831,0.120322816098103,0.002620595303715284,0.17324043494325186
65,0.024977224675000246,0.7082575974604431,0.1980877925263482,0.0047824500224534815,0.06389493531575494
66,0.02433035379607509,0.8188107820267551,0.0648910120271658,0.0032619321046719165,0.08870592004533216
67,0.08314179834608461,0.7325452059041629,0.04332780583394688,0.0021544618905881626,0.13883072802521731
68,0.017219910192604698,0.9204858209873554,0.0459477028247704,0.0007631121950581994,0.015583453800211417
69,0.021707909490429157,0.8546284559329743,0.10007142466408109,0.001003747953418037,0.022588461959097528
70,0.02480592853662505,0.832223565599596,0.12526026707497243,0.0013244329970560314,0.016385805791750554
71,0.015670622179634743,0.8536169955255528,0.11335526941966331,0.0017375098697489844,0.015619603005400187
72,0.015257357463349597,0.8999341901509448,0.06702545795173047,0.0022806407424301074,0.015502353691545113
73,0.026869031707212675,0.8529872683860442,0.07211998413383264,0.004531416400417941,0.043492299372492736
74,0.07874476482627776,0.6864998581343585,0.10068911247285083,0.0013882325953400384,0.1326780319711727
75,0.01341034705218279,0.8287881176085643,0.10932567534220312,0.003991335438825757,0.044484524558224145
76,0.01704934022274938,0.8573960925873769,0.08393588380661848,0.0013089719792394624,0.04030971140401556
77,0.03470132454893497,0.7306243893436569,0.15275566031026822,0.0012728476359544101,0.08064577816118541
78,0.030232047124008572,0.7086721728672946,0.19873069492372822,0.002411938764113873,0.05995314632085481
79,0.027613574258397194,0.6738689949755757,0.18814918208862588,0.001074336086225148,0.10929391259117603
80,0.1589752677167149,0.5790840208188722,0.16867241611447373,0.00234585892082143,0.09092243642911772
81,0.012452496316566154,0.7628194594855833,0.1694099439024736,0.0015614563889849433,0.053756643906392065
82,0.040626522373728303,0.7112827692982051,0.17030014017202177,0.0025847705704725985,0.07520579758557225
83,0.026821237801958317,0.7820318701158591,0.13192889581763667,0.0061162266814961345,0.053101769583049796
84,0.02275761567080199,0.6903103804211029,0.23472555598431794,0.001436680174087827,0.050769767749689096
85,0.06586552731849195,0.6145604089499167,0.25983783917742853,0.0025393864826677714,0.057196838071495004
86,0.07289435310854238,0.6891000355023823,0.20667717054297718,0.0031014896542911645,0.028226951191806987
87,0.051111648445147706,0.6200708623930962,0.3104561921409187,0.0018943365446887014,0.01646696047614875
88,0.03694389758946709,0.6598180027644646,0.23327908268140943,0.002115501233542969,0.06784351573111586
89,0.010874123083470973,0.7150578370583639,0.24598940357939791,0.002300646812240074,0.025777989466527165
90,0.01272994481083387,0.6110163548901105,0.35580945883600373,0.0009313844164670463,0.019512857046584613
91,0.017067418366472024,0.8407348931407495,0.10880457448318026,0.0027858586105064674,0.03060725539909179
92,0.029957071754194854,0.629255501257413,0.3125255684452371,0.002858060854007447,0.025403797689147467
93,0.0780176510793567,0.6881070564036839,0.18923338728837105,0.0018495058800560838,0.04279239934853222
94,0.033897099307319,0.6704745757619093,0.24413728684375843,0.003321564969086706,0.04816947311792664
95,0.060098895944913924,0.6256603538351533,0.20563780947212904,0.002432255351264239,0.10617068539653954
96,0.008181075960101454,0.4887134957672557,0.45932860258748825,0.001589304927201198,0.0421875207579533
97,0.011765536055559618,0.6342008176912193,0.32130905138930965,0.004326278265663727,0.028398316598247684
98,0.01450679250581422,0.7030797726254053,0.23010013637832819,0.005885110274200766,0.04642818821625161
99,0.00910735976246015,0.7847535965859461,0.1705133529102191,0.004479988297416882,0.03114570244395789
100,0.03630737147870413,0.738729476114791,0.18102918182096833,0.008524552899291563,0.03540941768624508
101,0.06178772574766266,0.7679374337358998,0.11357881567630093,0.007904669026200925,0.04879135581393562
102,0.047133141033779365,0.771957975500934,0.15291585407762762,0.006164911073644592,0.02182811831401429
103,0.11847057947347882,0.7112440705999664,0.12461267880108863,0.0070349172880216325,0.03863775383744438
104,0.04687440172463737,0.7878746629442571,0.13212952992663882,0.0038493809445072345,0.029272024459959443
105,0.06936971080442751,0.673540738803851,0.21712191468711223,0.007279564087465511,0.03268807161714373
106,0.03087094281939017,0.7254974407482955,0.22519697735835595,0.0020353094269696986,0.01639932964698872
107,0.028374833638744917,0.6524771019604332,0.2463352120644297,0.002400303194489633,0.07041254914190263
108,0.023140998496343115,0.661366339108186,0.2652984203545587,0.0028515223429901207,0.047342719697922184
109,0.02289411748119064,0.6776552751804059,0.24911760797106153,0.0034735183258908808,0.046859481041451004
110,0.009205189985178766,0.6535207515684864,0.3137406220750581,0.0032512095353818826,0.02028222683589487
111,0.0659430084485466,0.6851001011984929,0.16807079609275222,0.00470582260432125,0.07618027165588692
112,0.037567712264285506,0.5607829086797812,0.2599313246532346,0.007709470418981232,0.1340085839837174
113,0.042009752689198245,0.5446388810103232,0.3463306159490047,0.004610634457356752,0.06241011589411704
114,0.11283880354516139,0.4844891801441941,0.21878005842020595,0.006223957523669628,0.17766800036676902
115,0.11744302047291681,0.34258349677135574,0.18550982952671946,0.024523036600794194,0.32994061662821383
116,0.07118377050861201,0.5151336160603773,0.19582340349609229,0.018926522677223813,0.19893268725769458
117,0.08273425363785807,0.7711704227006281,0.02926516284924303,0.01727342329011671,0.09955673752215403
118,0.23737403903475135,0.6113274479959571,0.0007666897254863236,0.0769364512684029,0.07359537197540236
119,0.0777327795961838,0.8854326456028019,0.00657534449653774,0.010811881747238199,0.0194473485572384
120,0.19140455252455132,0.5833253194510963,0.07749709306184152,0.020402777629948944,0.1273702573325618
121,0.0812766455791121,0.855327425400729,0.02446443899484614,0.00595243951961741,0.0329790505056953
122,0.08278579799005113,0.728021344078007,0.1511889427451302,0.01719010452101638,0.020813810665795154
123,0.0243655034973027,0.9053243362676875,0.04727331456702163,0.013540991348229368,0.00949585431975884
124,0.03398054300603987,0.8922364337326038,0.038081235623175023,0.01129891677501246,0.024402870863168873
125,0.05265984548216728,0.849419020864066,0.07632687952470425,0.009145757505077701,0.012448496623984832
126,0.0819579775096137,0.8460039253701179,0.018279282667120422,0.011920591657266914,0.04183822279588093
127,0.030807543889018213,0.8551759839494233,0.089294533003858,0.007277421186197011,0.017444517971503464
128,0.04869712087082236,0.8401873656558518,0.08736194145988202,0.01250971827290145,0.011243853740542244
129,0.034123586365922026,0.8969890393855421,0.04073683441791742,0.005988357704790855,0.02216218212582738
130,0.009568354148419502,0.8815960786641966,0.07806386064491634,0.019666691436106873,0.011105015106360513
131,0.0721855330042837,0.8076730522748847,0.07125240084802423,0.019168523478524793,0.029720490394282546
132,0.02967025197879068,0.7467547243372418,0.2008718691869582,0.009843110559321407,0.012860043937687866
133,0.0851968491396363,0.720034976561092,0.15523328633429642,0.014194293552245604,0.025340594412729477
134,0.03597744186622891,0.6102764536531768,0.3321255664517552,0.008236551192799191,0.013383986836039845
135,0.047722776520910774,0.6798504176914921,0.24267009917004811,0.009602513543001645,0.020154193074547435
136,0.025793067454861155,0.7215228604865843,0.22704567236418027,0.00829495910152222,0.017343440592851814
137,0.058594452355154536,0.7470910088106749,0.17067051146213782,0.00623748400400084,0.017406543368031865
138,0.05273664930139354,0.668502100783796,0.25032541149250553,0.0049910013878861756,0.023444837034418808
139,0.029577496657125002,0.7287827781555025,0.23013995123003228,0.004486105081964214,0.007013668875375903
140,0.049323205016476065,0.5949933847503249,0.3206202558508146,0.01739002406703722,0.017673130315347275
141,0.04376350555963013,0.6056191305998441,0.3401185863515954,0.005717946504743038,0.0047808309841874085
142,0.02685796207105519,0.6515944416866218,0.3018882993751612,0.01457590628798239,0.005083390579179418
143,0.02480517588289448,0.6664852358153798,0.2819389082113882,0.020832283220866162,0.005938396869471444
144,0.05619728136698625,0.6179189331343113,0.2964471268351319,0.017850036407904578,0.011586622255665936
145,0.028094104922683123,0.7384208071215677,0.21149068025042955,0.015918777515090396,0.006075630190229259
146,0.031534069502079695,0.6843157314870226,0.2718583736419175,0.0064690091873131905,0.005822816181667033
147,0.058422705160367044,0.6597457699133773,0.2523654779970744,0.021850702169694605,0.007615344759486783
148,0.07236705121866045,0.5469287452854376,0.3386972040814106,0.012761193579823917,0.029245805834667512
149,0.02604758560244208,0.5798460722261799,0.38258820079471934,0.0028182221954326384,0.008699919181225979
150,0.027461828440052287,0.4849825108434696,0.47641150336847365,0.005536019540820972,0.005608137807183282
151,0.05665630406584092,0.5729738207077164,0.3444115862736523,0.0135866677882185,0.01237162116457185
152,0.008975930326727036,0.6722642457630648,0.3016677286596108,0.007559716730677835,0.009532378519919591
153,0.015154649223223763,0.7065563122762457,0.2603362424902064,0.006693993583239145,0.011258802427084946
154,0.08056979203944545,0.6194905059701968,0.26996763177917127,0.008695672346539344,0.021276397864647103
155,0.08596916279306432,0.6068092086621157,0.27171619474389985,0.008572220501134487,0.026933213299785576
156,0.17859733976633746,0.5572663264627783,0.21756304194321502,0.019282083875889065,0.02729120795178019
157,0.0844142935845951,0.6718516918868113,0.18600019492455785,0.019844641917152853,0.03788917768688299
158,0.05156280194338617,0.628309814777505,0.2772598575849553,0.0217707068608953,0.02109681883325816
159,0.0556080205794635,0.550689716126846,0.334372985583117,0.027449687067568295,0.031879590643005065
160,0.08956578162458007,0.7841242784360892,0.0639275067710165,0.028142906560459417,0.034239526607854606
161,0.26251106988465117,0.606725624773975,0.08796334880643619,0.020004983397698878,0.02279497313723869
162,0.06546209676424909,0.7256515645541763,0.18329012292075916,0.014894152199469948,0.010702063561345447
163,0.09742396622583502,0.825007178389175,0.04679128630172722,0.01957976546032214,0.011197803622940603
164,0.04435116448318475,0.8277479906996651,0.1044397290067131,0.014860731620332452,0.008600384190104329
165,0.020017618160371585,0.7968035805192036,0.15656301326285615,0.01298939413375414,0.013626393923814421
166,0.038701132293908334,0.8486481237385846,0.0855931523099972,0.017398188439918576,0.00965940321759141
167,0.02833872103697752,0.7896194481789237,0.16224701603034913,0.011180169239748154,0.008614645514001418
168,0.042703088477952095,0.7154424887106562,0.1983281918354992,0.031996392166919047,0.011529838808973349
169,0.02619882270934447,0.7637190334153926,0.19398863477171716,0.010286177945364199,0.0058073311581815995
170,0.022070239898981034,0.7885219854356131,0.17463515953630537,0.007258255269452482,0.00751435985964792
171,0.11057980982713257,0.70634691141111,0.1516150163419112,0.012152733008330592,0.019305529411515726
172,0.04254216228119946,0.7719980163347601,0.1633442078562967,0.010688406772425836,0.011427206755318095
173,0.04599392388474729,0.6812916575883475,0.2558313817361495,0.009127234713900971,0.007755802076854732
174,0.04290017732254461,0.7443693517214104,0.18901424307710143,0.010200883609529726,0.01351534426941386
175,0.11669485919488777,0.7486565431197663,0.08727963082704106,0.025649834864632466,0.02171913199367247
176,0.0916136685583771,0.7182716081247222,0.1367806777573728,0.028858656137672443,0.024475389421855398
177,0.07040318792124785,0.7062619772626529,0.17557982262594163,0.02231900954737206,0.02543600264278545
178,0.02148234302262216,0.577294609986901,0.3628566565878529,0.013712654926162523,0.024653735476461432
179,0.025002203972506652,0.6525736635818264,0.2851071915639428,0.012050563827788238,0.02526637705393589
180,0.08634844963819076,0.6416160195619686,0.20691337104549812,0.04170568601340893,0.023416473740933575
181,0.08510648469981726,0.6493635704494765,0.16897068856026023,0.04438629614978716,0.05217296014065895
182,0.02500768135810001,0.49267678628267814,0.377329499449889,0.01098796960817688,0.09399806330115601
183,0.02568986250866529,0.5934509947117428,0.34179708204557546,0.015726195477539992,0.023335865256476563
184,0.06457581788326744,0.5766194054900392,0.3188520686202715,0.017878471750506525,0.02207423625591523
185,0.014683316970343302,0.570235389111505,0.3925685804790242,0.009053780854814172,0.013458932584313276
186,0.05249481105986316,0.7242122284161087,0.17675036741987538,0.027859864754496217,0.01868272834965672
187,0.04009420493234541,0.704763554899632,0.20243214231421267,0.016252247596124734,0.03645785025768497
188,0.02106891204566483,0.6423505850015604,0.30363360157063796,0.010935731303147901,0.02201117007898905
189,0.03649993330518217,0.751616463924107,0.17127083328309944,0.020146199395554874,0.020466570092056487
190,0.054556915073926376,0.7521398103491138,0.13777540643630662,0.024926498394019538,0.030601369746633564
191,0.08267152357937681,0.7170452203735408,0.15162423180903373,0.022280977120036096,0.02637804711801254
192,0.06572561775906605,0.5323219042674063,0.33429312562889013,0.03527087293089348,0.03238847941374393
193,0.05240607995723871,0.6970095330501932,0.15012314349562234,0.06966132477817767,0.03079991871876804
194,0.09087269178321221,0.5846619284437405,0.18070196767329424,0.07628457232231829,0.06747883977743456
195,0.028652133396206616,0.6521942969855529,0.2331963070293881,0.03702913109247366,0.048928131496378965
196,0.0321330157457574,0.7287448358635622,0.20733020368067076,0.0190183205987384,0.012773624111271175
197,0.024646598203515578,0.7585230830381415,0.1813022079934099,0.0230822394713536,0.01244587129357949
198,0.06773333212292601,0.7571896649255283,0.08404598981893871,0.05103457423453434,0.039996438898072584
199,0.04592048051058886,0.6871939934490627,0.19321279481926235,0.030172185883637695,0.04350054533744853
200,0.08523213079326458,0.634136520246609,0.21215811748081514,0.03133387569313488,0.03713935578617633
201,0.12482833329622615,0.531328762862619,0.21543483864621404,0.07939653677130769,0.049011528423633106
202,0.07362203198536649,0.7137059782777909,0.1452460505143715,0.029064678144323414,0.03836126107814766
203,0.25179102055798674,0.48338487224700943,0.1402406792082752,0.08031310084205995,0.0442703271446688
204,0.14415122269489505,0.5636318334659725,0.1376328349539874,0.08893065191024627,0.06565345697489892
205,0.028032720487633195,0.6145622009747673,0.27718924435576,0.03785761583963016,0.04235821834220928
206,0.08009472971646317,0.5060226046031677,0.11875643045020991,0.17964405502299055,0.11548218020716858
207,0.08698565931584067,0.6838577903484173,0.08771955620347342,0.12851133530633727,0.01292565882593143
208,0.23612910175517549,0.5370543759748675,0.08021801988596863,0.11716853065463687,0.029429971729351422
209,0.30015011276178694,0.5615972260159684,0.0548166171777773,0.06632727662780688,0.017108767416660627
210,0.06319685819793758,0.8401178622260661,0.043043617205507,0.04310809744303922,0.010533564927450166
211,0.12295377460715375,0.7694829919641274,0.02926352658070679,0.06727582905912469,0.011023877788887328
212,0.05069278815618059,0.861347890814132,0.02778999934071964,0.04922575785047133,0.010943563838496338
213,0.0682995656801612,0.8789487507090741,0.027785974232672296,0.019564558140655986,0.00540115123743636
214,0.02881990370835804,0.892532368102433,0.059452042047079934,0.01204338589415597,0.007152300247973251
215,0.056488530607288125,0.845577734855792,0.0738515491904456,0.017338418770792563,0.006743766575681961
216,0.06516654247084476,0.8431612883347269,0.058309306865632314,0.02390822129864487,0.009454641030151263
217,0.12167626184928179,0.7574763714974335,0.04858670149375107,0.05822910915161927,0.014031556007914338
218,0.07245103315095423,0.8146491425262175,0.07693396836503899,0.02408610497552895,0.011879750982260207
219,0.1253030954188319,0.6858323731593291,0.12141262957241701,0.04762203467242475,0.019829867176997355
220,0.07240823741841483,0.8011422377649684,0.07100056670244485,0.03641016118761432,0.019038796926557702
221,0.11979892589784813,0.6530410295726651,0.1676676565974258,0.03466427837602265,0.024828109556038373
222,0.06940581649838956,0.82570345751832,0.05582317598733358,0.032744898162992454,0.016322651832964503
223,0.10785165616038929,0.809926510041841,0.0387542373706453,0.03416394747428955,0.00930364895283492
224,0.061291858106763714,0.8402931500566145,0.061697740334720745,0.02687070578290607,0.00984654571899485
225,0.06943811916071865,0.8246391323370412,0.056108233430362954,0.034874516699059825,0.014939998372817362
226,0.09882186116349184,0.7867405483769703,0.044344372904162994,0.047889270822442834,0.02220394673293218
227,0.0678448697255971,0.8604431668800855,0.036083099296044814,0.02491276399538798,0.01071610010288469
228,0.04955855911206655,0.8372328744986951,0.08017112129551844,0.025830833795208945,0.007206611298510759
229,0.03478388915104387,0.8316286445320848,0.09168413650123083,0.032856393083014204,0.009046936732626269
230,0.08510887557287454,0.7888676289355713,0.07701562322883376,0.03929541025858992,0.009712462004130442
231,0.04130143156299578,0.8430944522075149,0.08646605929715354,0.020257341076125646,0.00888071585621013
232,0.05843672284918226,0.8438038863582812,0.06784918037571828,0.020551212871909943,0.00935899754490836
233,0.06493362748018482,0.8422946290518011,0.046002369320603066,0.03440103839838868,0.012368335749022435
234,0.019950010925567925,0.833850059639108,0.12448660249877005,0.015486263544270636,0.006227063392283716
235,0.03342077619699654,0.8232559177916942,0.12289455118899552,0.015195819200525545,0.005232935621788002
236,0.05748386072523343,0.8679357439990729,0.05377867670463565,0.014151196357050928,0.006650522214006972
237,0.03004032867566679,0.900221528193855,0.052917683100543456,0.01235018505369905,0.0044702749762357075
238,0.04647857022173364,0.8601237410704387,0.06834535202566137,0.01844192360521294,0.00661041307695327
239,0.023988583620338084,0.7642162368304504,0.19715152155117183,0.011109123715014747,0.0035345342830251504
240,0.08412582094228284,0.7317865558793163,0.11067740556464868,0.060384852498347914,0.013025365115404364
241,0.07716506379097102,0.7753898343874133,0.044522441107179095,0.06104958484476341,0.041873075869672975
242,0.15220319574499838,0.7111385374540236,0.0826000083680975,0.04177635693567669,0.012281901497203743
243,0.08194096958328112,0.787882421421345,0.08283834394481636,0.02775741230895537,0.019580852741602123
244,0.05656821730896482,0.8152534056931828,0.06245971373707491,0.04674165998465874,0.01897700327611881
245,0.19635642502531,0.606184281900352,0.0488223099717145,0.0989684044349847,0.04966857866763876
246,0.07430012417087134,0.7663502776310969,0.08347449495369846,0.04387796380505842,0.03199713943927484
247,0.06620794553795378,0.7512442936429623,0.1025106307502878,0.044942668088157056,0.03509446198063882
248,0.05115267303787391,0.7429329789735338,0.08346475008376923,0.045212896547697286,0.07723670135712586
249,0.12326692171842554,0.6672057799064863,0.05394490903668863,0.07847649904650544,0.07710589029189416
250,0.17233078044768277,0.48811512841174265,0.024199931805729175,0.0846927759548464,0.2306613833799991
251,0.32249123201106594,0.2771024877850296,0.0012505995880091353,0.25906626283831646,0.14008941777757894
252,0.3153256797719898,0.37709162021163156,0.0006727255152229665,0.0816721310665023,0.2252378434346535
253,0.14441992959284156,0.7723749701822822,0.004245781747250631,0.019147291186897418,0.05981202729072823
254,0.34059398246440564,0.45045897578122396,0.028585048917809032,0.08628247795888998,0.09407951487767145
255,0.17068522511024314,0.6604823881367564,0.019119632556294994,0.07057024568115224,0.07914250851555313
256,0.041106559025740244,0.8817249021175407,0.024303911797570597,0.0219700866008964,0.03089454045825203
257,0.07701112205489671,0.7429714695377617,0.01972833775802687,0.04278010858242357,0.11750896206689113
258,0.05699493752552349,0.7881046225725032,0.01909431288645077,0.07190223690320152,0.06390389011232123
259,0.20858158120173173,0.3466247039588783,0.006227830119604443,0.235382468774023,0.20318341594576247
260,0.0938263967304082,0.34743557234070555,0.003746068834251563,0.1151651371598314,0.4398268249348032
261,0.48395293663707467,0.1971738969262629,0.007184281738202429,0.18093142176092172,0.1307574629375383
262,0.09735427269595254,0.06575817174401892,0.00013111957258392877,0.7854686966364136,0.051287739351031085
263,0.2953147976801029,0.11723705304885504,0.00557424629165143,0.3179297284897015,0.26394417448968904
264,0.10390485308757905,0.16617518239841936,0.00045183717853043237,0.30546240828539567,0.4240057190500756
265,0.11541389342576815,0.23238906362774686,4.5335786450651685e-05,0.5871082477753079,0.06504345938472644
266,0.10496763313964445,0.011047007181908526,0.0010551434978489627,0.41533899279200287,0.4675912233885952
267,0.10792120664565139,0.012152791473592016,5.477274022070739e-05,0.09413039258315982,0.7857408365573761
268,0.10486103378434158,0.018439526844491738,0.0038940928035440738,0.18952794262748898,0.6832774039401337
269,0.3441592222892144,0.027569342382034585,0.0002465159557971861,0.11019618571435633,0.5178287336585975
270,0.13277270766593272,0.20249536777697005,0.00013985818738175684,0.48086450422303423,0.18372756214668134
271,0.1953676037183964,0.16713875007837575,0.00027955202258873093,0.1882740544326739,0.4489400397479651
272,0.2697126228891051,0.21565639456868177,0.00015758776313159272,0.3427993239014943,0.1716740708775872
273,0.2635822482803165,0.29363479508954615,0.0002496640647361301,0.2503393196317834,0.19219397293361778
274,0.21307029394631255,0.37250588304013377,0.0002696603688587655,0.2225833142447513,0.1915708483999436
275,0.06773305583957923,0.5791324689319408,0.00031509859723263594,0.12305226125416249,0.22976711537708489
276,0.07424862177199834,0.27611722099660996,0.0003295707901900281,0.24000604397127365,0.409298542469928
277,0.34629039420305174,0.10975426876641643,0.0011529084290876875,0.1256063504048723,0.4171960781965718
278,0.1950149814576037,0.06893224627105328,1.0492737603173364e-05,0.6436547240798072,0.09238755545393272
279,0.18021555116506568,0.055746275073245345,5.1980929029720396e-05,0.26315061315076144,0.5008355796818978
280,0.06703272052543251,0.07652471070460913,3.690509806047268e-05,0.4334595316225004,0.42294613204939746
281,0.1260949288145279,0.11796667128911141,5.6944226705010825e-05,0.671527219047888,0.0843542366217676
282,0.12047732793561157,0.21021574543060362,0.0007955638741931051,0.3217769353703334,0.3467344273892583
283,0.17178475679141306,0.025482497191339975,0.0011533310443353469,0.6157542823620447,0.18582513261086714
284,0.031743354686153996,0.017592278320160838,0.004344175879308443,0.40472828585770027,0.5415919052566763
285,0.058470881966070996,0.023543391985660023,0.0006379327107632787,0.07658104497053082,0.840766748366975
286,0.13445971921468775,0.03317566943044389,0.001316567686132336,0.0714917834483978,0.7595562602203382
287,0.15973251041709266,0.06796611624413262,0.000518614282530343,0.05496965779892412,0.7168131012573202
288,0.027561043172232173,0.006255455280045123,0.8379383703601707,0.009838374469722268,0.11840675671782969
289,0.16016363392229033,0.1327910611793647,0.00012384401452034447,0.5396166259000647,0.16730483498376
290,0.11824698128208513,0.10317752908383011,0.00043021381411317226,0.07935211503838052,0.6987931607815911
291,0.4285103350162274,0.1391425929827813,3.939445627276166e-05,0.3103483985371749,0.12195927900754393
292,0.08360921554994932,0.06962743266406939,0.0010506019485974339,0.1940285818841005,0.6516841679532834
293,0.046032429883549685,0.0492955825067032,0.0018116047021557455,0.03975888971945807,0.8631014931881333
294,0.1197695444013529,0.11945638581360041,0.0017495971763240405,0.021276873868418485,0.7377475987403042
295,0.1479972119661991,0.1632566296593044,0.0023861078726168253,0.009638566569694454,0.6767214839321851
296,0.061633348492804524,0.034076353388357974,0.0025350762698769015,0.010114848005076497,0.8916403738438842
297,0.08554464622042948,0.11051043864392426,0.0014240174563134053,0.03832773320581758,0.7641931644735153
298,0.1034778695885425,0.11479632600716648,0.0015861464092472635,0.03193350085167989,0.7482061571433639
299,0.12281675805314182,0.214401025805696,0.009942425576652043,0.01831959172152449,0.6345201988429857
300,0.13544590549291421,0.3070722503772337,0.03178115166431959,0.026272094429154676,0.4994285980363778
301,0.18170125344615365,0.2359123701184611,0.022067322639641083,0.08446807338848758,0.4758509804072566
302,0.014206410504387994,0.05536449279712685,0.012289191532825787,0.005289033228588104,0.9128508719370713
303,0.13997936997052082,0.26755908785430144,0.002630505463909592,0.02150714794831484,0.5683238887629533
304,0.2319767630869869,0.4773090817424948,0.023249501121666707,0.012998545826586213,0.25446610822226545
305,0.11486323030316084,0.6724008565280964,0.09984108702732811,0.0160674669325835,0.09682735920883119
306,0.10219550661369034,0.5904307048476878,0.13416194690044184,0.008574222094793332,0.1646376195433867
307,0.11172650263540627,0.6480690998660023,0.03579504702260159,0.00810118039161209,0.19630817008437776
308,0.08090457845354841,0.7952784876988561,0.06828618841132734,0.00405821006530108,0.05147253537096703
309,0.0397374532705653,0.8001065708806313,0.03592874233946395,0.0015221204703074766,0.12270511303903192
310,0.0242284026901498,0.894220805220652,0.05659575755118252,0.0012034229298987953,0.023751611608116945
311,0.026663383544289244,0.8807208784683891,0.06745790019495299,0.0015866656158430767,0.023571172176525733
312,0.02939573953116826,0.8455129598895182,0.08253184596635565,0.0011542767520607072,0.041405177860896925
313,0.0708109519079205,0.7253524160325354,0.05080609450546761,0.0032903959478930893,0.1497401416061836
314,0.09470684427162186,0.776985688839692,0.02621377951273467,0.005703540224021459,0.09639014715192994
315,0.08989646486285402,0.6482846139162657,0.11098056451714561,0.003969528961805378,0.14686882774192914
316,0.13504830689941041,0.7158071037303338,0.06580012991205209,0.005050164831024901,0.07829429462717873
317,0.0572646332786181,0.6830525234363863,0.057333427841218636,0.0029515159696322847,0.19939789947414469
318,0.12492146873926227,0.7038833128277352,0.09596726055528183,0.0026458347889289895,0.07258212308879186
319,0.07925353885467995,0.1956450887210917,0.016782603605065862,0.018555599978471542,0.689763168840691
320,0.0413621297211583,0.12182974655301482,0.022948089807549445,0.012413996386604448,0.801446037531673
321,0.09545424468821102,0.17025574064503216,0.02856997638148492,0.057316814471171915,0.6484032238140999
322,0.21492139980916997,0.33988637986270126,0.12956069359499472,0.06610568219573495,0.24952584453739912
323,0.12392013469690034,0.34576226191617104,0.11292572606099095,0.016397868154629888,0.4009940091713079
324,0.15474375762048478,0.3168494922301757,0.05261486845574662,0.022691464085166875,0.453100417608426
325,0.10090484256098252,0.5067448151179577,0.062464416469134844,0.018595731472890766,0.3112901943790343
326,0.07489462009022117,0.6370037415403152,0.1224973457235028,0.01928438685352191,0.14631990579243892
327,0.08447815663222293,0.6741194498753897,0.12888399767870315,0.011390871635657392,0.10112752417802683
328,0.06509324198101521,0.7130582227832964,0.150601456528265,0.007844043104453038,0.06340303560297017
329,0.15936477669964322,0.45876927903299497,0.033064835492271266,0.016267369828674303,0.3325337389464163
330,0.10382510943455615,0.7015426961929199,0.07612816383577926,0.0035568372924844934,0.11494719324426025
331,0.27589166013259714,0.5259732670377169,0.06321630644587123,0.004889391869743397,0.13002937451407143
332,0.13288296837378402,0.6864963806293456,0.0730000981972375,0.002458731383533685,0.10516182141609923
333,0.16603499670037278,0.6496416886069175,0.0755397081749095,0.0014131778586200028,0.10737042865918016
334,0.048250033782909624,0.7432837644059537,0.04369599515472844,0.0014459956006011414,0.16332421105580708
335,0.023457766122301053,0.8757857132538647,0.07857328163561171,0.0008668725493572497,0.02131636643886512
336,0.03237680633627927,0.8277320683263112,0.0943762854564333,0.0009502353884304148,0.044564604492545866
337,0.03875137431465035,0.8296015123172427,0.11585911277374332,0.0011554052710450672,0.01463259532331838
338,0.023800276515609547,0.8250545328286988,0.13294115420763455,0.0012078576614626476,0.01699617878659452
339,0.02423832457986243,0.8781190856129694,0.08280083573835248,0.0011748956353216226,0.013666858433494251
340,0.04060126838984856,0.8289598940931017,0.09264738689817274,0.002525453881057909,0.035265996737819154
341,0.034124826137596855,0.8851577581917697,0.06756098321465692,0.0013568428355373603,0.011799589620439246
342,0.05980739335654547,0.805601895269916,0.07255165415193897,0.0026809146698696276,0.059358142551729866
343,0.028029735796987167,0.8713061805328378,0.09197116247456398,0.001028901583407219,0.007664019612203992
344,0.02587061943294717,0.8622251502670485,0.09222434001014157,0.0010669498315774974,0.018612940458285297
345,0.025425850706475933,0.8709338455325835,0.0839097049204046,0.0014501430571511513,0.018280455783385007
346,0.02735097235529898,0.8330466396575515,0.10670247707462692,0.0013006829879158323,0.0315992279246066
347,0.0291430642593631,0.8888901293657959,0.06887527645572278,0.0017270872379416607,0.011364442681176735
348,0.03518749134978121,0.8684641934467126,0.08320367094086231,0.0014650863497920829,0.011679557912851624
349,0.04978774424442534,0.8561548006951992,0.07035460632783766,0.003584046726864889,0.02011880200567271
350,0.10694939751750385,0.7426635722772915,0.12992539293188785,0.004003389952883188,0.016458247320433793
351,0.03894638822317429,0.7111629702717837,0.21589391818923248,0.0038702439785769124,0.030126479337232635
352,0.0587295582923913,0.7511647519906739,0.1439791943718048,0.010923046359304816,0.03520344898582522
353,0.07057161375369192,0.6867860604053115,0.21372848636322675,0.0037302343512388785,0.025183605126530846
354,0.03767182794722765,0.7844901550756559,0.16765040776523607,0.002699613589552539,0.007487995622327869
355,0.029434669142185513,0.8423691715395272,0.1153554568459927,0.0038230543067310665,0.009017648165563573
356,0.04210142935550785,0.7440206564754485,0.18755693591575937,0.013909970327452352,0.012411007925832022
357,0.056618088547826566,0.800601839234183,0.12327359339535446,0.0077998202243401895,0.011706658598295708
358,0.041273094931093254,0.8714903208868042,0.06532274769230169,0.0038285015962712826,0.01808533489352948
359,0.038545622051083,0.8239244835427572,0.11740829736912965,0.004796187324314459,0.015325409712715772
360,0.027429598601541604,0.863089615417008,0.09617281716088928,0.0049990093063888566,0.008308959514172156
361,0.050306537334013156,0.8646516187070156,0.07391481897692251,0.0032552555186051687,0.007871769463443729
362,0.018365446027658647,0.9003761219510202,0.0750982938345161,0.0022618861731989797,0.003898252013605962
363,0.03587779797898883,0.8796496643876808,0.06684772404270083,0.0035779462801790495,0.014046867310450593
364,0.03291319405341647,0.8928238367576825,0.06519136489714236,0.0027503491571041648,0.006321255134654602
365,0.036111719636505106,0.884109829265639,0.07276556330965722,0.0023782150451484223,0.00463467274305037
366,0.04906565796944224,0.83616957998083,0.10829751443210463,0.002829656139251103,0.003637591478372254
367,0.06583361600386824,0.7853506185857634,0.13516442578275908,0.004840945606523654,0.008810394021085834
368,0.07141068711001348,0.851475849381287,0.05631546935506635,0.006824086784223163,0.013973907369409892
369,0.047659388175408074,0.7879905708123914,0.1499244131630693,0.005251253827313414,0.009174374021817745
370,0.05643145761255404,0.8194371728793098,0.10054841326589008,0.010952877951566171,0.012630078290679997
371,0.05457991407011746,0.8040902509676798,0.11773745438660223,0.009704685821868621,0.013887694753731845
372,0.07801209556713364,0.7829349986383485,0.08778327411167267,0.025915171537450765,0.025354460145394456
373,0.07839242293848964,0.8041299271736169,0.08473732024399201,0.008168819788359736,0.024571509855541653
374,0.08218178422626406,0.7233948591284717,0.11274971928705299,0.034573786025478545,0.04709985133273268
375,0.042110680553043754,0.7242809256837772,0.1659944202502861,0.017149947541537005,0.050464025971356095
376,0.048246071243170055,0.8377698063062332,0.07154811778567324,0.011015912101962337,0.03142009256296106
377,0.07383341944837331,0.7219157690530351,0.10523985980757747,0.060826006972859684,0.03818494471815429
378,0.022416513602857763,0.9141766792111654,0.045167093371753515,0.008691400663456727,0.009548313150766584
379,0.06564786461331806,0.8790611625817673,0.0326549066668391,0.010403412747904078,0.012232653390171466
380,0.030135541083959723,0.8634188776062228,0.0946910076336724,0.004586435815476453,0.007168137860668813
381,0.030590752127366252,0.8842392690939153,0.07145223488764955,0.005671766523868041,0.00804597736720079
382,0.03329496854947596,0.9025949178328664,0.0340636810612035,0.01690721917842909,0.013139213378025259
