epoch,N1,N2,N3,R,W
0,0.026694030080517166,0.0007567237756636301,3.655651166235582e-06,0.0011006691362411755,0.9714449213564117
1,0.011610661819852399,0.00034181630087185027,2.3809901208522116e-06,0.0003444140054693756,0.9877007268836854
2,0.007554882689047796,0.000521876490182088,2.550401961521947e-06,0.0003870343831361485,0.9915336560356723
3,0.00993631355471228,0.0004974397471094264,4.40518625016804e-06,0.000704406377556229,0.9888574351343719
4,0.010802165600961845,0.000547198611967468,3.6171178419395123e-06,0.0008520559179242855,0.9877949627513045
5,0.01087231311835414,0.0009367977918345375,7.52292830046401e-06,0.0011877372754610714,0.9869956288860499
6,0.04572143037000684,0.0025336111829166144,2.4803400311585566e-05,0.0024962785689463937,0.9492238764778187
7,0.0643523833769536,0.017998073196200302,4.7329258867406325e-05,0.008577601745591293,0.9090246124223874
8,0.02255412722366604,0.001454687385699015,1.7274272198045578e-05,0.00436624491693983,0.9716076662014971
9,0.04668006271077623,0.011705662789973195,3.4752127034356344e-05,0.007481521703958419,0.9340980006682579
10,0.04594015730801902,0.034349773042708816,6.396669760392065e-05,0.004757201756753067,0.9148889011949152
11,0.061099014692184296,0.040152810961553057,4.814331959916094e-05,0.008914459598715273,0.8897855714279483
12,0.093110391622538,0.020689080282289957,5.659179953556083e-05,0.0179974415935958,0.8681464947020407
13,0.07599176654226988,0.03011254226531521,4.56308690261286e-05,0.01266530378534498,0.8811847565380438
14,0.0925067705565886,0.12396724183006244,0.00019282318819957236,0.019463524621858977,0.7638696398032905
15,0.03499150369672944,0.04059728986580917,7.463210725814339e-05,0.014268172450635722,0.9100684018795676
16,0.10513407816713702,0.011738505223586087,3.516667223128359e-05,0.019964897403399278,0.8631273525336464
17,0.4331892933154457,0.0346499318030756,7.358938354695472e-05,0.026738607976217802,0.5053485775217139
18,0.4907420373527535,0.06626612827065637,0.00010673756394940344,0.01602923045730267,0.4268558663553382
19,0.5328957568005117,0.16564915097088018,0.00015860757036386834,0.013632231113591124,0.2876642535446532
20,0.18240446658447965,0.3072120952321066,0.00047779567361254957,0.004384067914359122,0.5055215745954421
21,0.10513092902156303,0.6111606849028067,0.00195938240404015,0.0014898366362618997,0.2802591670353282
22,0.06063196819572547,0.7889561870649451,0.0013342478456457433,0.0010632086842396274,0.148014388209444
23,0.01828091076085622,0.8735811345354371,0.001066888420081712,0.0010077767409909142,0.10606328954263422
24,0.06875611619622282,0.6875740491565453,0.001497984034028569,0.0056759266513741,0.2364959239618291
25,0.018718668203134076,0.8735157090404316,0.0009693072953666456,0.002430692959774673,0.10436562250129283
26,0.035685424504379004,0.6701945543293153,0.0017919727074481185,0.006667825878701178,0.2856602225801565
27,0.024966605198256425,0.6360621609414849,0.015811508051421282,0.0022708601139850245,0.3208888656948524
28,0.001921783194903021,0.000279613505704637,2.8475590744160986e-06,0.0005114055021132282,0.9972843502382047
29,0.1063182018424411,0.00969228810744419,2.6945306663240043e-05,0.008390099838126016,0.8755724649053255
30,0.23913306651677144,0.020236974180447988,4.144130764642158e-05,0.012089322917329006,0.7284991950778051
31,0.004228892546533794,0.0024076873418205805,3.895408265090086e-05,0.00015366754876163755,0.9931707984802332
32,0.004015481568860678,0.0006556111779232234,6.315593220464631e-06,0.0021883291721730516,0.9931342624878224
33,0.0296420064592646,0.0006237800483515465,2.704373905550172e-06,0.002032397113034797,0.9676991120054435
34,0.04951984192455932,0.0014109132205456783,2.9525060559985055e-06,0.0016928590138110395,0.9473734333350281
35,0.17521671229833993,0.002832577175570797,1.4493279180660728e-05,0.002299197822538131,0.8196370194243704
36,0.10996554768468317,0.003830577400713895,9.466603222732875e-06,0.0023980492989535223,0.8837963590124266
37,0.1733301284964727,0.032857881732107956,5.191224379922085e-05,0.00244516717447309,0.7913149103531469
38,0.38384755724548186,0.05560606818538954,0.00012993130163486074,0.009896106630464358,0.5505203366370294
39,0.17359504125605485,0.05661405191107922,0.00016929895328687212,0.0012310768175819292,0.7683905310619971
40,0.39042681780011707,0.4407966009407075,0.0004300449673868522,0.0043488338626546255,0.16399770242913386
41,0.2895316386537508,0.6372517917399575,0.001985233470645665,0.004309724692912506,0.06692161144273363
42,0.4160413755985832,0.45932562470018623,0.000693366949543554,0.0036193249026588922,0.12032030784902821
43,0.13761393227152935,0.810622246972826,0.0039808786250485504,0.00440740013214735,0.04337554199844883
44,0.08394788022445213,0.8815338757044759,0.01743547313925143,0.0009772397617290234,0.016105531170091458
45,0.24297183318419335,0.716366949513056,0.004669587351109527,0.005074497945742365,0.030917132005898674
46,0.014058282472869603,0.8706959860872644,0.10590788429384136,0.0005285669399186553,0.008809280206106067
47,0.0700313165562025,0.8690647599314442,0.02568359607543462,0.004278169657260102,0.030942157779658707
48,0.03276176617344633,0.8532383394614833,0.07098016192512899,0.002557943159230331,0.040461789280711154
49,0.011921792777730481,0.8803777714348716,0.08541719885638718,0.0010839715892735846,0.021199265341737064
50,0.006233943785673166,0.7788249491294991,0.18217307230650392,0.000942502603578533,0.031825532174745506
51,0.0005564651743357459,0.0010023966412514435,0.0004106501946784152,0.0001002153509327463,0.9979302726388016
52,0.001996463214772036,0.0006665346107627514,9.55940019274769e-06,0.00039090804267607413,0.9969365347315965
53,0.08942753765295317,0.0021335141668530015,2.0457181395701314e-05,0.0011426608084178932,0.9072758301903803
54,0.23780319248485748,0.0016832015307008362,2.1376524116368697e-05,0.0004417747394900334,0.7600504547208353
55,0.48162445943662996,0.009246661819972649,3.2293812877975825e-05,0.0010030111932112496,0.5080935737373081
56,0.45169448174007687,0.058210832145002084,0.00011281417559368261,0.006387521940537212,0.48359434999879025
57,0.3482121853442836,0.15119441240791845,0.0005108932893278847,0.007236576410969266,0.49284593254750064
58,0.38350872454971047,0.04861746941512556,0.0001370903896605295,0.047740953512037304,0.5199957621334661
59,0.3043072827008731,0.13943498532651627,0.0005378147103012815,0.03552563588147464,0.5201942813808347
60,0.19565293989901367,0.22592200311462324,0.0005112217056835958,0.017554550518766275,0.5603592847619132
61,0.36934315336125595,0.3191748958867415,0.0006663979237250463,0.03202225311114875,0.27879329971712874
62,0.26191369222099176,0.5536791441907547,0.0007564431432727677,0.028811852074842263,0.15483886837013855
63,0.19484127072420376,0.662798818234498,0.0020787171844148743,0.038835697104206646,0.10144549675267671
64,0.3475156830304886,0.397860388856306,0.00035561821502562934,0.05500051816826724,0.1992677917299125
65,0.5405618577196328,0.20172957093579325,0.000253587011706082,0.08659268531436225,0.1708622990185056
66,0.2897686491061044,0.6506723172309742,0.0028640441080126427,0.01150745539135913,0.045187534163549745
67,0.15009844049569654,0.8338552406365611,0.0012150353719639511,0.003949698047614189,0.0108815854481641
68,0.04540569797497239,0.934668619554296,0.004206196526603366,0.0032610613648754623,0.012458424579252824
69,0.23467090702722307,0.6589093875087099,0.0018874768495079587,0.03379751869325708,0.07073470992130199
70,0.2934108609130321,0.6690275018352442,0.0009004541570128896,0.013365844126359527,0.02329533896835132
71,0.02915785012182285,0.9619622525925341,0.002769686922274442,0.00039770249394772376,0.005712507869420854
72,0.04323285006016064,0.8727348904739934,0.0731967524394423,0.00033900352179876646,0.010496503504604866
73,0.03869610703709404,0.9444964111093391,0.010565993846430156,0.0010771338591246446,0.005164354148011938
74,0.026364201011621048,0.9281644422532258,0.036190817756842054,0.0017925011949503225,0.007488037783360551
75,0.008267379756616072,0.6621436012499324,0.32519837627807174,0.0005442057611086899,0.0038464369542710827
76,0.00785674490347331,0.8148180867559959,0.17138887762715393,0.0005681028452880316,0.005368187868088749
77,0.0028930434665458945,0.6417959446920132,0.3500618989810599,0.0001853443587930284,0.005063768501588075
78,0.004246167580896552,0.8630475913493003,0.12934219600034247,0.00022754977452702199,0.0031364952949335776
79,0.0026829946760495525,0.7974276921507313,0.19800000162934867,0.00012030023453829022,0.0017690113093322538
80,0.0016579150749118738,0.5672661454076491,0.4292207823230485,7.334403332356809e-05,0.0017818131610670067
81,0.00044679188406428287,0.25411060282564096,0.7445342135669636,3.3771618974705e-05,0.0008746201043564992
82,0.00038256799291756365,0.11702032999357762,0.8818421488105211,2.3140778060627024e-05,0.0007318124249230626
83,0.0009032921849619609,0.585328665482884,0.4111653096141547,9.53946174073028e-05,0.002507338100592245
84,0.0012246613966516418,0.4099549179542089,0.5869717558827512,9.478992688701827e-05,0.0017538748395012163
85,0.00044739571233846356,0.13545358158961388,0.8628658421448357,2.4375115073110586e-05,0.0012088054381388547
86,0.00042496546161516744,0.10165136331977864,0.8964807954525066,1.6350093657637087e-05,0.0014265256724419499
87,0.0013480508731435743,0.37612022810956924,0.6200749407927495,0.000147406268524509,0.0023093739560131566
88,0.0016809417758048917,0.2072843603654319,0.7879407631905052,0.00012119022292451133,0.0029727444453333737
89,0.0016794375655667243,0.23249420524521072,0.7616835126477145,0.00015409912011146514,0.003988745421396556
90,0.041704862967876316,0.5003257660634703,0.27211763705505837,0.0006280579120240268,0.18522367600157089
91,0.29382617555713225,0.6799333788553736,0.01304244047332347,0.0012191738112035308,0.011978831302967206
92,0.07625586991241841,0.8542935671602193,0.06317918499696346,0.00022956321662546988,0.00604181471377336
93,0.06649951977960734,0.8667651703572973,0.056076001664069126,0.00031460439394947163,0.010344703805076585
94,0.008506716039636942,0.8886858294443667,0.09954189359504101,0.00042376259005783115,0.0028417983308976157
95,0.008923281092915344,0.9293233453253678,0.05866693170147007,0.000724858861788898,0.002361583018458086
96,0.0041241734958913,0.8913380664288675,0.10247913203833417,0.0003670120572246933,0.001691615979682558
97,0.002749673467323396,0.858708725404591,0.13644462408918342,0.0003630665896697574,0.001733910449232396
98,0.0010315232527811915,0.43190351071118843,0.5652670475344724,0.0001202333299310008,0.0016776851716268546
99,0.0010443273852129517,0.47122804713522976,0.5259496807025169,0.00012804930274225364,0.0016498954742981441
100,0.0010561181543360728,0.41366039717974146,0.5831391912978208,0.0001777894676903261,0.001966503900411427
101,0.002327241158882104,0.6988038831701042,0.2966767969374877,0.0002053731378800272,0.001986705595645907
102,0.00104324973678463,0.3451322136239175,0.6525588267886806,8.278352115290101e-05,0.001182926329464374
103,0.0012684814735310934,0.45634762446631133,0.5408693326121837,0.00011182575366441456,0.001402735694309451
104,0.0008852846748120878,0.1962057908561086,0.8013337781508715,5.104606370794458e-05,0.0015241002544998988
105,0.0006815459386861568,0.564936872964849,0.4327947996493132,5.0787710210290656e-05,0.0015359937369412767
106,0.0005543698016662175,0.09754137409184307,0.9009802275988026,2.0383816893476604e-05,0.0009036446907945405
107,0.0005369478111963745,0.18439801885925478,0.8143095018609785,2.2546120460726054e-05,0.0007329853481096302
108,0.00035837322888829205,0.201219269482743,0.7970782316932405,4.365689500535177e-05,0.001300468700122817
109,0.0003820673448535126,0.07257877548370949,0.9263527455213216,2.1132795055662724e-05,0.000665278855059674
110,8.489139545842348e-05,0.04088574116267144,0.95876170677833,9.938367673389143e-06,0.00025772229586684025
111,0.00017037403531326072,0.04211262172698911,0.9568267257998313,9.651120693427206e-06,0.0008806273171727604
112,5.033567480092122e-05,0.04697590912785548,0.952427255266184,9.820864407241756e-06,0.0005366790667525192
113,0.00010986802044236438,0.026515410611338927,0.9729378448894618,1.215000087031465e-05,0.00042472647788665126
114,0.0003498637534226633,0.09207289311529696,0.9064010915832439,1.5024372002892441e-05,0.001161127176033672
115,0.0004553433146994109,0.21784940374257172,0.7799150689882584,4.591473894647445e-05,0.001734269215523834
116,0.0007491971558513826,0.08046106391731933,0.9167611493747807,6.77781233627601e-05,0.001960811428685802
117,0.001484909592138532,0.07682090268778093,0.9171587636308411,0.0003501205812481865,0.004185303507991051
118,0.002939317869815882,0.20604167989851296,0.7748885765940929,0.0007644012843317629,0.015366024353246459
119,0.006332926981586066,0.2687051962721229,0.7057442149599551,0.0012873390269940996,0.017930322759341814
120,0.017325486044392567,0.008116212475674648,0.0041567839186693045,0.002623777733483457,0.96777773982778
121,0.35709295842415634,0.10473205070446502,0.00018102227833743695,0.1360315024815327,0.40196246611150854
122,0.2009328552333026,0.44129527655502393,0.0011236791172178514,0.02413781817349234,0.33251037092096325
123,0.5324642682159556,0.17618568393763906,0.0006016046895882644,0.021976542605257013,0.26877190055156014
124,0.32558003385059037,0.41230979219209485,0.0014560306856839886,0.05858006753646369,0.20207407573516697
125,0.20308320328164436,0.3662661773794134,0.00048150565204999946,0.05738320913397622,0.37278590455291605
126,0.6198958427491448,0.086654494214967,0.00010034201102757322,0.11945097223094706,0.17389834879391353
127,0.6067425050779663,0.16404577529900088,7.961179927034286e-05,0.1665532432718202,0.06257886455194224
128,0.6101396666420918,0.17936719203092316,0.0005501478267824235,0.07271006278541232,0.1372329307147902
129,0.39562049548416817,0.40143745690211174,0.0008520830046883205,0.14877522563834172,0.053314738970690015
130,0.0816702051558633,0.8355059036736733,0.0026389832337045324,0.06278586175198854,0.017399046184770207
131,0.03956920250429434,0.8534382311126348,0.0010083712888011625,0.09582102438053539,0.01016317071373433
132,0.03525701007285892,0.9050362509125115,0.0011739267461017028,0.04314361461176159,0.015389197656766334
133,0.26534266677689405,0.3211579526465255,0.00030587920244575623,0.10428909443486242,0.3089044069392722
134,0.35187500082715184,0.574028402258142,0.00017895712600484655,0.046845465229517394,0.027072174559183846
135,0.10653701190588442,0.8748405027364992,0.0006354660167225671,0.009482362558132977,0.008504656782760796
136,0.07339623105396285,0.9153061043431869,0.0010959833183348353,0.0031158208510498383,0.007085860433465658
137,0.04061863548203981,0.9225319714349893,0.0008883170389309158,0.026171432375695955,0.009789643668344013
138,0.051424699664844344,0.874046320524974,0.0009726211749879859,0.0670017368704073,0.006554621764786277
139,0.03737576811451572,0.952021000118762,0.0009852139756950321,0.00604712300387252,0.0035708947871544634
140,0.04843215242150329,0.9335191229912585,0.0036199144104826606,0.00806852726352544,0.006360282913229962
141,0.08082628656813058,0.9031857127314243,0.0012202899951535354,0.005744540119473087,0.009023170585818394
142,0.03531810606136466,0.94616011737557,0.0035397160182806227,0.002332439948341828,0.012649620596442906
143,0.05843329712009647,0.9322302526125137,0.0024148341709139256,0.0025302862915468154,0.00439132980492913
144,0.09697817103810953,0.8881516201335053,0.0035556982953756614,0.004733772241463798,0.006580738291545751
145,0.008568125536640764,0.9622591268152879,0.02498700732800611,0.0009230398391972124,0.0032627004808678684
146,0.03460429888848692,0.9417626588475946,0.011723712521133299,0.0032534627877206573,0.008655866955064423
147,0.04185115251216201,0.9261235239493479,0.018173131448676674,0.006163302827939347,0.007688889261873907
148,0.02298318220286674,0.9625624869359294,0.006295978035945946,0.004426209727755354,0.00373214309750263
149,0.004333435607414914,0.9522997150431919,0.038032909047381526,0.001996572485125066,0.0033373678168866585
150,0.004801364852188495,0.8026834300498229,0.18017752696726336,0.008382855106626154,0.0039548230240990445
151,0.051519719622553396,0.8876925312310868,0.007052803196387463,0.04178874475578325,0.011946201194189
152,0.050996917111859066,0.8411457669920369,0.0028057838699861643,0.09631551880496109,0.008736013221156897
153,0.05700252276468663,0.6875699904100504,0.002672285663154686,0.23941325337986616,0.013341947782242092
154,0.061567265130484,0.11111744663683011,0.00025839401955152875,0.8113769128993035,0.015679981313830953
155,0.07134126616507297,0.07338569958991681,0.0003246059872710273,0.8312648213716815,0.023683606886057765
156,0.03349993033564479,0.06782299039592106,0.00017523330462672682,0.8906288733630917,0.007872972600715691
157,0.06966159642988891,0.17934981385206344,0.0008732146358375689,0.6139780464017914,0.13613732868041867
158,0.05460367211705753,0.07054546235042115,0.00023402602673113136,0.814183902524625,0.060432936981165065
159,0.046776630080813,0.01943176353613502,6.725099158061655e-05,0.8996621665400716,0.03406218885139983
160,0.07768765152555902,0.055652586731018076,0.00016823272877655547,0.7426639551528744,0.12382757386177207
161,0.05327703312116001,0.05283007514882083,0.0001650146604696805,0.8289383227263087,0.0647895543432407
162,0.07140915638508273,0.019023382980357363,0.0001475577277177257,0.359398828535289,0.5500210743715531
163,0.11397603736442931,0.04588034974754793,6.969773784101258e-05,0.7900500171062386,0.05002389804394325
164,0.17009374082039824,0.08365752957313372,0.00033058752119840114,0.6368535472442086,0.10906459484106097
165,0.0902650272611582,0.07157713734165949,0.0001197711767351551,0.7961565872711025,0.041881476949344534
166,0.06864053946280797,0.041808098023832646,0.00010491201977084821,0.8300973787855617,0.05934907170802693
167,0.11814513849900699,0.047811580788837314,0.00017551770143605703,0.3694747535573472,0.4643930094533724
168,0.15359665862379557,0.27379929124101027,0.000497706397232268,0.4832097962695537,0.08889654746840828
169,0.10763997277576971,0.23246234655145828,0.0005713217578924994,0.6193269568641727,0.03999940205070681
170,0.041907710006440356,0.04321204616084732,9.950482728947632e-05,0.9026505715090959,0.01213016749632712
171,0.021540446612480696,0.00896454127964419,2.1071154530774616e-05,0.90521932239553,0.06425461855781425
172,0.039917247643384175,0.006662943461277368,1.5378134851158388e-05,0.9351509924247821,0.01825343833570527
173,0.0642570680039557,0.0257553023123981,3.509621688798961e-05,0.8931540717170551,0.016798461749703213
174,0.14176375207750525,0.04237420793325434,5.761321378051018e-05,0.7411980901332588,0.07460633664220112
175,0.0391206442720193,0.10670511734253824,9.359018662568689e-05,0.827777132257297,0.026303515941519834
176,0.026031556789748753,0.05232791544054483,8.329254972828903e-05,0.90031065371223,0.021246581507748087
177,0.03783349298416152,0.03296950038407012,2.5507446072277936e-05,0.689419250770926,0.23975224841477003
178,0.03213181793399287,0.027398668136684744,3.7976309369736016e-05,0.9005530762935832,0.03987846132636946
179,0.03876705250885958,0.019376903086849903,2.750746087482294e-05,0.9163821266348686,0.02544641030854706
180,0.08577986917213702,0.06821698368395633,8.218408202632292e-05,0.8269397879963979,0.018981175065482598
181,0.0454902671228677,0.03396387605223027,6.49991643139646e-05,0.9011804981181701,0.019300359542417978
182,0.03986900132463016,0.034670133808516634,0.00010820026851660137,0.8902895750769401,0.0350630895213965
183,0.043042143279659884,0.030515455359380137,0.00016364509523711016,0.9062537258755473,0.02002503039017572
184,0.02956012896618046,0.018342469625009593,8.646145458647683e-05,0.934268326144599,0.017742613809624375
185,0.01678667399111839,0.016917999418807894,6.840846300991283e-05,0.961556673387675,0.004670244739388836
186,0.013560566889941865,0.015033052251987701,0.0005606456272478194,0.015255085870877186,0.9555906493599455
187,0.28912540171928197,0.05822887268506509,0.00017439581592844594,0.16943989694591957,0.48303143283380484
188,0.4662992176097669,0.11137650201938055,9.094257565100746e-05,0.35902824365339553,0.06320509414180622
189,0.5361076764623323,0.10992204291857105,0.0002122187003553167,0.3135970355665818,0.040161026352159575
190,0.2812484751310443,0.04476203146098545,0.00015691085702151714,0.6568393237616291,0.016993258789319614
191,0.08452125559173702,0.09937996341487082,0.00018442698370828143,0.7826943743937741,0.03321997961590977
192,0.02809843977795449,0.014510593503514399,4.0574056196743854e-05,0.9522471401410664,0.005103252521267978
193,0.02573601155653884,0.021349021949208485,8.338666199974974e-05,0.9489034428438035,0.003928136988449531
194,0.01935886930021783,0.07500290388182317,0.0003090479112028631,0.8943394372866759,0.010989741620080441
195,0.0121067080759751,0.024373423616793267,0.00010387199928195351,0.9575672498313116,0.00584874647663809
196,0.007657685345241464,0.026554514041890884,0.0002326096006262036,0.9616260988053713,0.0039290922068701455
197,0.01622174140168095,0.03003458645388734,0.00037485728382860816,0.9444923916221982,0.008876423238404768
198,0.012321626906233566,0.017692286460869747,0.00020938567068351993,0.9431424778601626,0.026634223102050523
199,0.020449258314622968,0.0077588961285986234,6.54629061135102e-05,0.9565163009147182,0.015210081735946684
200,0.043395107983771136,0.10154093386662864,0.00044330868891986723,0.8418296299626662,0.012791019498014158
201,0.09303080626369069,0.32585028354834433,0.0016298524989663665,0.5387300535893003,0.04075900409969834
202,0.052807112556832146,0.050386014564968495,0.000337015955425346,0.8816315084473378,0.01483834847543623
203,0.03956747634517279,0.050212527624175024,0.0006522199914491628,0.8840078047178092,0.025559971321393874
204,0.027822866937511882,0.020400014263606516,7.36981578263475e-05,0.906803260222482,0.044900160418573254
205,0.06147020464615462,0.03554210518014913,0.0001128528369277064,0.8754188823315687,0.027455955005199827
206,0.11956831712875768,0.04145054053117266,0.00019338875944690053,0.8196002438222796,0.019187509758343328
207,0.1257264505381231,0.0772726136567919,0.0002103385468508943,0.7798405085865487,0.016950088671685352
208,0.05417351448288158,0.024097458882576826,7.577807516935878e-05,0.9161839964465349,0.0054692521128372395
209,0.050958256802043925,0.056281644147938445,6.003309267001422e-05,0.8753692287338731,0.017330837223474508
210,0.06210341114942316,0.03526568852288252,8.036579993260279e-05,0.8851817387440694,0.01736879578369238
211,0.031858111044949636,0.046199537124577104,5.346779894058986e-05,0.9195067724828648,0.002382111548667649
212,0.049100743175622116,0.01723715490578934,3.203670995371615e-05,0.9277404013891796,0.005889663819455196
213,0.03709793082198054,0.07856684165367966,8.103803983256904e-05,0.8793720260593942,0.004882163425112987
214,0.035592470621531674,0.05095341717547321,5.6304479404767676e-05,0.9091156295803067,0.00428217814328355
215,0.039448376219154396,0.0925067737382087,9.706850834103967e-05,0.8642593923294609,0.0036883892048350645
216,0.01826308946341003,0.0456725333274393,6.669801177277186e-05,0.9336925942147147,0.002305084982663094
217,0.02125728244061896,0.03554908733375922,6.07241114932466e-05,0.9400434603410815,0.0030894457730471832
218,0.051230644460050524,0.030547333707320566,9.987220802656448e-05,0.808903646786431,0.10921850283817136
219,0.08783052754490203,0.023514595634428637,6.574940165394288e-05,0.8061390161681337,0.08245011125088182
220,0.10466113466731955,0.038608237694473836,5.2782059446524875e-05,0.8441306998258816,0.01254714575287851
221,0.08337191019956126,0.019458818478681066,5.372636309148892e-05,0.8868142011257184,0.010301343832947908
222,0.0318669139932964,0.012033854737300703,1.9828072686725505e-05,0.9472104912197105,0.008868911977005784
223,0.024947318412110602,0.04541575651308984,5.628780496891384e-05,0.9133897942073319,0.01619084306249886
224,0.02114107743981217,0.0064671893718317,1.2747342273695375e-05,0.9386719240419419,0.03370706180414039
225,0.03993138200392437,0.02467675162615252,3.8744611604158743e-05,0.9156497348269093,0.019703386931409675
226,0.034513673522539735,0.0643636249688906,8.087306764845762e-05,0.8831859218300615,0.017855906610859743
227,0.0731237692572224,0.03134522677257598,4.397692280660443e-05,0.860851971686595,0.034635055360799985
228,0.06419529541281097,0.37705731075355164,0.00040088899830401857,0.49021796632855935,0.06812853850677393
229,0.046375508274462136,0.048688620340960186,6.29375945697741e-05,0.8864409552656952,0.018431978524312487
230,0.11963674837483941,0.06984139470089304,4.991867686138874e-05,0.7942020048303419,0.016269933417064283
231,0.08551711526983874,0.24479214297637325,0.00012363580124961207,0.6534892328254246,0.016077873127113777
232,0.08898076105919704,0.05266385920779444,7.918632569012661e-05,0.8401250906119232,0.018151102795395214
233,0.13522539176836074,0.06700062747790536,7.837881482955072e-05,0.6644680153077083,0.13322758663119613
234,0.06819927707244523,0.026128562078578794,0.00014772153194320524,0.2748215345048241,0.6307029048122086
235,0.3632812459723538,0.08511848111726636,0.00025589336233767477,0.4049143455417274,0.14643003400631474
236,0.4295581783878699,0.17016213905597066,8.461811145127084e-05,0.2547562454358696,0.14543881900883845
237,0.5334903861599952,0.1359833253440793,0.00022334147163208959,0.24620956405751757,0.08409338296677583
238,0.17387189178808107,0.28889556198943783,0.00031266226355561045,0.12582266609607956,0.411097217862846
239,0.22015535513034015,0.24300307330836868,0.00015134325883601362,0.12057640633160616,0.41611382197084895
240,0.5071473945784767,0.2224432069720162,0.0003584434711019641,0.1750315476631858,0.09501940731521928
241,0.5267127554036076,0.18614633550084664,0.000360815736822815,0.16931856703793963,0.11746152632078319
242,0.40568178660143595,0.30352798895250344,0.0005362290020493414,0.23015123841720805,0.06010275702680316
243,0.1610862318909511,0.6939303399539426,0.0011194105552483685,0.1215696073854422,0.0222944102144157
244,0.23608246720236517,0.5357005135358512,0.0011181660801961814,0.15898594840784713,0.06811290477374017
245,0.26624110673793294,0.47894350143019765,0.0008296653632809081,0.2163022942010364,0.03768343226755199
246,0.35289144001114153,0.4970186922512324,0.0008691279593409936,0.12564637726255062,0.02357436251573445
247,0.07140142870188107,0.9097696548640493,0.003779689572688187,0.004496140842808772,0.010553086018572733
248,0.07837891233574065,0.9079343098542517,0.001729526501997173,0.0035027083682767006,0.008454542939733689
249,0.04320237402593381,0.9416149928460877,0.0022597981977368984,0.002109697405028739,0.01081313752521271
250,0.02687993177864676,0.9636459463016482,0.0017726424056144644,0.004333991899540932,0.0033674876145497797
251,0.0033529449453119325,0.9833953149358293,0.009708217402670001,0.001259900496890271,0.0022836222192984686
252,0.030167476307477643,0.9284984730074384,0.012229494293753054,0.007052123577373115,0.022052432813957832
253,0.025149487998970172,0.9415338141559377,0.014247069260990796,0.007869604984163527,0.011200023599937842
254,0.028943740816655367,0.9244542795079927,0.016861581654800423,0.01406300648552565,0.01567739153502581
255,0.06468362759795604,0.834576370111131,0.020445350829482282,0.05108287311967647,0.0292117783417543
256,0.04949103939678861,0.044947077869972714,0.0008778704550569099,0.00942796961465729,0.8952560426635244
257,0.17049267564045564,0.021311887684024228,5.274937349918383e-05,0.016901656767265613,0.7912410305347553
258,0.45804986520279645,0.04197487764233139,7.41985054005642e-05,0.017382728051945705,0.48251833059752597
259,0.13860569477420392,0.06347502964607148,0.0007883397593279959,0.005327425958146449,0.7918035098622502
260,0.10045112306700095,0.053059347609823476,0.000995412366224775,0.003536171954806255,0.8419579450021446
261,0.14973335467622506,0.2696122573775292,0.0014238540798758481,0.010678646267147568,0.5685518875992223
262,0.14717223166088508,0.1219826886733583,0.00818655763772556,0.005803312188889018,0.7168552098391421
263,0.057463950610946314,0.0363000424356064,0.001017307724200767,0.003944591417756453,0.9012741078114901
264,0.17226045833994622,0.5208252508434199,0.006212773908116652,0.006909598835331085,0.2937919180731861
265,0.18517213976234737,0.6014627255401124,0.004703710601130175,0.004686450997221084,0.20397497309918897
266,0.12893302162680131,0.776158461789086,0.013994404830358685,0.004291174816447739,0.07662293693730624
267,0.3508150955404958,0.4764363044952461,0.0036754718785995664,0.007726271249126355,0.16134685683653227
268,0.08804499232602353,0.8343565290879404,0.027393354321015403,0.0036022093337920824,0.04660291493122845
269,0.06239561373753453,0.8852477097706866,0.04055521047240105,0.003002161920715206,0.008799304098662721
270,0.029011429353306858,0.924076410965177,0.04051038076910291,0.0011653389883391984,0.005236439924073802
271,0.01865600954837777,0.8822235901362716,0.09133007719999468,0.0012831937856821484,0.006507129329674011
272,0.0053038166856206855,0.941651875486374,0.049221658972390434,0.0009775861521391807,0.0028450627034757
273,0.005969060085241528,0.9155556494284389,0.07482268835292878,0.0015185709890573674,0.002134031144333307
274,0.01774313881458582,0.9470015091101686,0.030901789759788755,0.0023924675506928703,0.0019610947647641626
275,0.002842769483691323,0.7541987868976501,0.23999646635416919,0.00034908436203826053,0.0026128929024511675
276,0.0021592070946784424,0.7315297817232703,0.26460715059580203,0.00023761081298260615,0.0014662497732666482
277,0.004417305591463654,0.8424122604007901,0.15089829321091897,0.000512562951477502,0.0017595778453499294
278,0.0036185261846170495,0.8781390948766118,0.11600705309848836,0.00036674870200938283,0.0018685771382734228
279,0.0013585210652335507,0.3101071975837684,0.6864449925285725,0.00023265534144517337,0.0018566334809802642
280,0.002702012983332604,0.859615756746528,0.13541066713758831,0.00036858406400062737,0.0019029790685503231
281,0.0015137247340874915,0.7656638965440665,0.23153382065760772,0.00022595604587084123,0.0010626020183672857
282,0.001075839209558154,0.7671453547822604,0.23000754544233076,0.00029351561341876153,0.0014777449524318517
283,0.0007366259285299992,0.3398846636958672,0.6584744705260459,0.00013320114427841195,0.0007710387052785364
284,0.0003584373342135453,0.20641992198308437,0.7921824188117315,0.00010068335029946097,0.0009385385206712173
285,0.0002112654650276474,0.06232879978078221,0.9370576424804012,3.493722154248485e-05,0.00036735505224633994
286,0.00040311583730490554,0.32726222981361613,0.6713910102680061,5.705163460457048e-05,0.0008865924464684568
287,0.00039345068098934537,0.12254477403123515,0.8763405576891993,3.9106676537355436e-05,0.0006821109220387251
288,0.00020768192736432862,0.0532358838744389,0.9460752663162382,6.952343846949343e-05,0.000411644443489183
289,0.0003105423423438988,0.3171693732276902,0.6814911775000503,8.055187608968125e-05,0.0009483550538260117
290,0.0001931957359124157,0.08157141784128095,0.917721930539971,4.188613379606951e-05,0.0004715697490395121
291,0.0003650566886747979,0.12187505565715592,0.8758265779429949,7.012690714017665e-05,0.0018631828040344826
292,0.00011068418626148817,0.03524342862520307,0.9642707994885672,2.875199343621196e-05,0.00034633570653210666
293,0.0002915176404363918,0.18661437786853824,0.8119174131135919,6.92009682679834e-05,0.0011074904091654897
294,9.065799740735978e-05,0.0461859442821215,0.9533478931219415,2.7540001171817686e-05,0.00034796459735791723
295,7.43526022933565e-05,0.05698386367845549,0.9425652284369364,2.4837822852607337e-05,0.0003517174594622363
296,0.00019907362537209948,0.07349318987857055,0.9258075099264385,2.491177839662746e-05,0.0004753147912224142
297,0.0001664671167188285,0.03580940671415279,0.9637051855086728,4.906014982581366e-05,0.00026988051062966346
298,0.00013974217075310988,0.029442573453984985,0.9701054390736684,2.9465682226100252e-05,0.0002827796193672516
299,5.209333011676754e-05,0.02581792207490402,0.9738611684940393,1.1516780251280543e-05,0.0002572993206887018
300,5.3879939386800854e-05,0.02003610428795604,0.9796602365927011,1.648103818878516e-05,0.00023329814176726847
301,0.00012782140989073916,0.018241542894444514,0.9813694923293999,1.648946179905151e-05,0.00024465390446589227
302,0.00010114540058248683,0.020162047874607285,0.979486551624206,2.8039547402926417e-05,0.000222215553201461
303,0.00013506917426824846,0.04077300982144815,0.9587138880775895,2.9574411384408186e-05,0.00034845851530973
304,0.00011394698934677066,0.0144634935661649,0.9850915539287111,2.5153666976201206e-05,0.0003058518488012227
305,0.00016984150899638896,0.041211188723390565,0.9580925041812606,3.4076844560290095e-05,0.0004923887417923308
306,0.0002745785191267494,0.03146128624487677,0.9677805295333469,4.80984189152444e-05,0.0004355072837344358
307,0.0004386642718994477,0.10541203124310708,0.8931332414707455,0.00014807411207039218,0.0008679889021775988
308,0.000845195809505154,0.08477865075770308,0.9130853473015836,0.0001584215620996797,0.001132384569108175
309,0.0032468962676973825,0.16490312812133567,0.8279743614705636,0.00031954450937153784,0.003556069631031951
310,0.005126541518702314,0.28130096219927825,0.703453996265505,0.0012382680437431441,0.00888023197277133
311,0.0093239703928484,0.2726405227647952,0.7042351612947898,0.0010550644564945898,0.012745281091072038
312,0.015004630548272361,0.3334024319880605,0.6374167650440464,0.0016004416433624557,0.012575730776258214
313,0.007791561993160567,0.27031672775432564,0.7069023044229901,0.0012761371579129376,0.013713268671610766
314,0.007909504278768471,0.3175608162959557,0.6622236435018042,0.0008849324724365306,0.011421103451035095
315,0.004700094601889617,0.14084415178033072,0.8474547327622185,0.00043280175588140653,0.006568219099679761
316,0.004482204177315715,0.12782720987889848,0.8627789466983716,0.0002236958147113459,0.004687943430702922
317,0.004838439440764214,0.1548187107427113,0.8345264524809872,0.0002902803834240809,0.005526116952113178
318,0.0031062678080629093,0.19427201133667413,0.7976431386670856,0.00021780467702996973,0.004760777511147353
319,0.004563156266273591,0.1271062367505272,0.8606295535105593,0.0005099616589234738,0.0071910918137163635
320,0.0023264705283004045,0.0871424401383089,0.9074842953075285,0.0002963798771263938,0.0027504141487356914
321,0.004355531311367166,0.13023251762025645,0.8598262282436537,0.00019069887047789053,0.00539502395424467
322,0.0017305092476189872,0.06478461937919071,0.9279989003638957,0.00013841794941446306,0.0053475530598801075
323,0.0011804895685253221,0.07181876136001347,0.9250834047869005,0.00012987584694956297,0.001787468437611148
324,0.006427388764217957,0.24433835468054976,0.7414718238324393,0.0006278803634537356,0.007134552359339183
325,0.003651325457018434,0.10119342113815931,0.8879256807408685,0.00044514923392988224,0.006784423430023901
326,0.0027397236098987508,0.08026277527349095,0.9137691845091275,0.0002775611103792047,0.0029507554971034237
327,0.0029902343638024123,0.10930375861417817,0.8842958720460636,0.00024344066710027667,0.0031666943088555005
328,0.0027302895724070314,0.11749813447259237,0.8760734222867498,0.000330240456959946,0.0033679132112908556
329,0.014815286175431777,0.524750675979567,0.4499609412040065,0.0020281624853040053,0.008444934155690554
330,0.0018412598301894274,0.11965014542613737,0.8761576110340432,0.0002531733955604724,0.0020978103140695406
331,0.00459117316636692,0.12012355319073936,0.871017928014888,0.00035598577691050545,0.003911359851095172
332,0.00045866583609503514,0.038027604760734,0.9604213630297062,0.00019855214323485755,0.0008938142302301798
333,0.0007713721466958984,0.039481539216306545,0.957020750395191,0.0007879395302679114,0.001938398711538632
334,0.0013233669951904932,0.057176056570554815,0.934513379228413,0.001931183698782599,0.00505601350705917
335,0.0006755086447107298,0.030506155414486705,0.9656624701092872,0.0011200758787705963,0.00203578995274474
336,0.002287335665334851,0.07698627475165254,0.9049324257698879,0.007788063707765914,0.00800590010535886
337,0.05239652984314368,0.20488248850165786,0.03894213920191545,0.04393172935548815,0.6598471130977949
338,0.10285220560389359,0.038322764086404976,0.0011297807685242967,0.04972792059300139,0.8079673289481758
339,0.5625231639218359,0.126424539354063,0.002007351704658209,0.04948297227006072,0.25956197274938225
340,0.49734640036898886,0.17980195458414971,0.0037572940402386436,0.011844959084827673,0.30724939192179523
341,0.4828509117459421,0.31740349761694747,0.007831077457772421,0.02556523284365298,0.16634928033568505
342,0.47505168485575994,0.37003979551862687,0.006887426916834373,0.03273328354416778,0.11528780916461107
343,0.25928320060353305,0.5344035171706505,0.007967596344293018,0.025070080680395963,0.17327560520112736
344,0.26474980137498505,0.5330956541399309,0.09760760049683198,0.020190908351321955,0.08435603563693012
345,0.05280218947176159,0.6822596673385969,0.2220268192147359,0.020366415983705862,0.022544907991199792
346,0.19939644749880533,0.668305739084741,0.08067633963217603,0.025610966494361495,0.02601050728991636
347,0.030200909543111346,0.5442497234984003,0.40049086842454357,0.007250579824597713,0.01780791870934704
348,0.08741405209230853,0.7875327377599713,0.07290938006082838,0.02253417395690335,0.02960965612998843
349,0.07371610752230544,0.7998549344339565,0.09761387692117518,0.014641310324500594,0.014173770798062339
350,0.027583343645273914,0.8867219106596052,0.05363644960763274,0.01089698440681509,0.02116131168067334
351,0.020405133509855056,0.9203206737864366,0.04265220507467967,0.009882456305743054,0.006739531323285699
352,0.032784418396343946,0.9101365867528939,0.024489127556412197,0.025363043392096496,0.007226823902253488
353,0.027895617138539486,0.9415918675911461,0.013496391450302282,0.00917096331342617,0.00784516050658604
354,0.08888315266379612,0.8677935739369964,0.007356701619327198,0.028500170035887465,0.007466401743992714
355,0.03356439908743162,0.9434617580659656,0.00828195216487982,0.009171246553183366,0.005520644128539725
356,0.038663971383648334,0.9218744264538736,0.025156509373654927,0.009764391574450082,0.004540701214372883
357,0.035073060061903034,0.9468434188214644,0.0072433220694205595,0.007324180637983013,0.0035160184092289494
358,0.011468991949319794,0.9598150775686806,0.01968788599171673,0.005934318464176144,0.0030937260261065494
359,0.01783412996200975,0.9392539800623783,0.027495279788660263,0.01185484828009725,0.003561761906854589
360,0.01454457023808754,0.9252585524841098,0.04830739395242553,0.005284860444467376,0.006604622880909822
361,0.0066948734920199,0.7162233490249783,0.2653313973878954,0.00480263131520993,0.006947748779896394
362,0.0064808046368839516,0.7972128902930763,0.18806007141959027,0.0038609879935773083,0.004385245656872141
363,0.009798459988118726,0.880108763536133,0.09498847315971996,0.005428518691243475,0.009675784624784859
364,0.0657260583565374,0.7694826981943593,0.05885007259006341,0.011022595785937783,0.09491857507310196
365,0.10482666224606661,0.8616470497241088,0.018178627267028423,0.007227137053188898,0.00812052370960717
366,0.06896925353261839,0.8790375341752825,0.019546148109444394,0.006256106776273918,0.026190957406380968
367,0.2576639006529643,0.6138503962166645,0.004319681065154777,0.009256002533640832,0.11491001953157587
368,0.3103853966430468,0.5597396946134207,0.003049984379910312,0.08032088660680901,0.04650403775681323
369,0.26438948392772527,0.660469428338523,0.004974418294793381,0.02179804400891922,0.048368625430039246
370,0.11108761545227508,0.8464319633627949,0.011683644628365316,0.01023267491793612,0.020564101638628447
371,0.21322759998764904,0.5674783686556388,0.003722885245333414,0.11794245822296107,0.09762868788841769
372,0.06342518241004438,0.7778432845402494,0.01403952131150516,0.027930285949379477,0.11676172578882145
373,0.07307717918082925,0.8235487711115439,0.004673941327347257,0.07443642884765482,0.02426367953262461
374,0.2985176811569375,0.379772490997547,0.00048374878343266183,0.09666918554666819,0.22455689351541464
