epoch,N1,N2,N3,R,W
0,0.054458395132421185,0.039973355875643594,1.8565294860744444e-08,0.020227708677217692,0.8853405217494228
1,0.022668593910170582,0.048615895870083026,4.178613448155783e-05,0.008066290762719214,0.9206074333225456
2,0.05330385981334723,0.13568293839139842,3.736410498777552e-05,0.03622792449711446,0.7747479131931522
3,0.013034913645038924,0.01137309502058607,8.621200736952715e-06,0.015739647947682196,0.9598437221859559
4,0.12510676445713764,0.0631619142890851,8.342225312035695e-07,0.08745726809243996,0.7242732189388061
5,0.2138613837001585,0.16736430556611692,3.7164102138365884e-06,0.12300909105355745,0.4957615032699533
6,0.3279550074416215,0.3559806855987421,4.567508956180586e-06,0.09185855767987411,0.22420118177080622
7,0.06500651123550406,0.0846931065593385,0.0011159619367743265,0.2549540901260153,0.5942303301423678
8,0.08469080745989156,0.15321673785870157,5.9230607564545136e-05,0.08801828738686923,0.6740149366869731
9,0.15365600732715293,0.29074414963921313,0.0021771230981845855,0.0505098417005151,0.5029128782349342
10,0.2750631673716952,0.3850520146587068,0.0010824717761232423,0.06601974882077988,0.27278259737269495
11,0.0826152217049075,0.13397587615436574,0.00243750791140594,0.2127436776533212,0.5682277165759996
12,0.12556049400952893,0.1096802187376406,1.8101275544447436e-05,0.16038757271695334,0.6043536132603328
13,0.18546764190298243,0.24019669310711053,2.2169207658418704e-05,0.14284429455063782,0.4314692012316108
14,0.3051213856338075,0.11632275732888821,8.228940259626207e-05,0.12299950498984043,0.4554740626448676
15,0.15022323220247905,0.1250482020014603,0.0001492093110465613,0.02606809172625134,0.6985112647587628
16,0.15324570465898654,0.056468341023152804,7.31056837878796e-05,0.0026562576497102686,0.7875565909843626
17,0.26796609920279574,0.09778800835997785,0.0003378906449928944,0.08723048396969058,0.546677517822543
18,0.12126162995208313,0.1456181958302899,0.0002136776366113546,0.008694299242477003,0.7242121973385387
19,0.22773922203093047,0.13732725044472244,0.0007565632287344047,0.024689959304207663,0.6094870049914051
20,0.07310588904141628,0.12145859294910565,0.0017177638490547173,0.007278087027946262,0.796439667132477
21,0.12070316108684583,0.07354112442066979,0.0005803447019880333,0.006357669573211933,0.7988177002172844
22,0.1485523171532533,0.10971923012976778,0.012870318021109552,0.0022568187354427595,0.7266013159604267
23,0.0026319258507717645,0.002228967319601992,2.8962935873448972e-06,0.0007727036263072836,0.9943635069097317
24,0.3221254068562332,0.15525916039841908,0.00020451293893179615,0.15687748599716736,0.3655334338092485
25,0.23371730259610654,0.09593517359807939,0.0001261775754976947,0.054803561209989415,0.615417785020327
26,0.36272044812608256,0.17394643228706225,7.895805538592521e-05,0.1050017912135367,0.35825237031793256
27,0.20815900344586824,0.39610175953122284,9.333652336282963e-05,0.2216031268322408,0.17404277366730542
28,0.17594188064072422,0.2898969480433831,0.00035706297823175613,0.04101284282667207,0.4927912655109888
29,0.12534000758242816,0.7446918969511664,0.0008747590801676063,0.03519657277684582,0.09389676360939207
30,0.0912017978735969,0.6536771815968793,0.00042035998775053,0.01857640371100831,0.23612425683076502
31,0.06771786642200513,0.5978425598919486,0.017857323533981107,0.0063814491513758025,0.3102008010006893
32,0.13082733981606087,0.23442319129772068,0.0008836171936336691,0.013229459528890977,0.6206363921636937
33,0.055029330205201066,0.7963224578624215,0.004448050954143869,0.0049980780258677485,0.1392020829523659
34,0.18014025845662815,0.3966472298772859,0.0017245025431963353,0.014647286735748099,0.4068407223871414
35,0.10762884840612424,0.5653160448450318,0.003345715899922375,0.010265227054848726,0.313444163794073
36,0.21597788818734895,0.4772543282959274,0.0006587030352809827,0.05508011127518098,0.2510289692062616
37,0.15491317840779753,0.1923295547642902,0.00031485652770171915,0.01254278775157704,0.6398996225486334
38,0.23933688001235878,0.218901861034057,0.000594113930975221,0.00894234577369174,0.5322247992489173
39,0.15100858043445445,0.6239693976558206,0.004138178759106661,0.011612788326705167,0.20927105482391312
40,0.1307602812220462,0.7697363504316317,0.002056065087480272,0.007604688808667678,0.08984261445017405
41,0.1887960705557366,0.17982994010784958,0.0007581848014967543,0.007761026579104252,0.6228547779558128
42,0.04241255947199731,0.20387575263805063,0.0006014670433948943,0.003358355354881647,0.7497518654916755
43,0.18412627193868655,0.5392847426845654,0.00391524549585805,0.009830042110876083,0.26284369777001376
44,0.18359916928140124,0.6282891752984547,0.000880785363644474,0.007948941089001148,0.17928192896749848
45,0.03535337284703187,0.9364674148024464,0.0036633585676051437,0.005793292723835467,0.018722561059081034
46,0.07609792804306724,0.2619467982432591,0.0005073014892467946,0.00861603830693462,0.6528319339174922
47,0.16627859437252432,0.5416195333489425,0.0037874946390705658,0.0043826112818247985,0.28393176635763784
48,0.1783032530160323,0.4145853891317458,0.0005080395274939385,0.01211286855641712,0.3944904497683107
49,0.18185986065386897,0.06969223238256332,9.388239503451884e-05,0.0059581307880272,0.742395893780506
50,0.20153183555000007,0.16046083760847252,0.0002623341319294195,0.01119642479645457,0.6265485679131435
51,0.18376713211006607,0.5112740206528243,0.0014400339361091423,0.0060447174536982,0.2974740958473022
52,0.20626605590628258,0.5769655577414035,0.0010016292232220701,0.012436252785607255,0.20333050434348454
53,0.2017184275971113,0.5579299408853069,0.0015677010572874956,0.020805325395945685,0.2179786050643485
54,0.11563239445081991,0.3219281159204528,0.002688526702840825,0.006628812654035042,0.5531221502718515
55,0.0346199947216247,0.18221864045846298,0.003849201838348542,0.001525241991025275,0.7777869209905385
56,0.10513702605047656,0.3816871095953527,0.004089755748097948,0.000988736838422764,0.5080973717676501
57,0.1368890940310257,0.610400609507265,0.006805942803342306,0.0004971719205616806,0.24540718173780537
58,0.139196879626068,0.24163862421295354,0.0034636163747623076,0.00046328507390481794,0.6152375947123112
59,0.24679373608591482,0.6493895471541665,0.006869092760437732,0.0011699569070958186,0.09577766709238501
60,0.2562410093523645,0.4081043245532229,0.011087947048537702,0.0013458162187811257,0.32322090282709376
61,0.15965657377324302,0.6205036283043907,0.026734106102839873,0.0006871360491840191,0.19241855577034223
62,0.1993487459179638,0.6109269791235348,0.03292945831168464,0.0006245235430518852,0.15617029310376498
63,0.16665258806219657,0.5130621961356445,0.02638804929145474,0.0007315744176352666,0.29316559209306886
64,0.0442598636654401,0.7285423002601168,0.08604929587511075,0.00027242940397631413,0.14087611079535584
65,0.021523720319994027,0.5273196718527194,0.4090151317728773,0.00017544963428224648,0.04196602642012699
66,0.05305713830504087,0.371014982585911,0.40611523345132894,0.0007593701053549495,0.16905327555236419
67,0.1494314355097026,0.286332484685477,0.0015762817852145777,0.0009760970841191149,0.5616837009354867
68,0.46361022872177554,0.2840318671619863,0.003339570816343348,0.0019830697452306815,0.24703526355466396
69,0.3368536447669505,0.26425974147481507,0.0013965635112062815,0.0007588813742604798,0.39673116887276766
70,0.30642338498482063,0.5981210456112345,0.0060920420794009075,0.0017349448741314593,0.0876285824504125
71,0.12310404603135024,0.44490557412684384,0.013606784442305545,0.0009176604158314988,0.4174659349836689
72,0.2705511183962792,0.3865697734776698,0.0037857798853290024,0.0032710437038584637,0.3358222845368636
73,0.20283010845754987,0.3210700098177926,0.0017010970657901794,0.008713372086574009,0.46568541257229334
74,0.3424199152787725,0.3804478450400791,0.0029842497927164593,0.017150037201173755,0.2569979526872583
75,0.05138196160018608,0.6754094336632359,0.0556482139083378,0.005034101414351824,0.2125262894138885
76,0.17519433535277085,0.4618606392618611,0.00699966996658724,0.01649508477327452,0.3394502706455063
77,0.12165478447916105,0.38125702717021454,0.002432298026427135,0.010597376617790932,0.4840585137064064
78,0.07803291532228997,0.8127278927471868,0.007498610253892017,0.004916628732089109,0.09682395294454203
79,0.11968174986666091,0.3464149120922222,0.0016064527225641127,0.002922828803104797,0.5293740565154479
80,0.1043262463025536,0.10539722479184087,0.002378132448022674,0.0005120954139742338,0.7873863010436085
81,0.14916588925410007,0.3624420086777867,0.010591476931709356,0.00191551197710777,0.4758851131592962
82,0.38139825905938934,0.43321813769864287,0.01117056277469857,0.005937683938712023,0.16827535652855727
83,0.2800923543071728,0.5171519749690754,0.01345378334943207,0.019797566563235686,0.16950432081108407
84,0.22371668875620557,0.6433729137897314,0.010555170809028968,0.0212863290020018,0.10106889764303231
85,0.08661571291408882,0.7048436180809722,0.01056219214996073,0.008355362851554611,0.18962311400342363
86,0.13267325958776857,0.5440907186978673,0.006884524681359679,0.02247545869107229,0.2938760383419321
87,0.15323613111376969,0.7370936145479174,0.011364402205053211,0.020629023094458594,0.07767682903880106
88,0.14622790464195232,0.38189726228882104,0.0021106585951109567,0.008301537557658353,0.46146263691645717
89,0.12074199194586492,0.35195846146979115,0.007635572358927085,0.01449798073784618,0.5051659934875707
90,0.1292523999067112,0.23459540448024427,0.009194852223004278,0.008398142979435795,0.6185592004106044
91,0.06420041059973368,0.10365217384043592,3.8883194217504784e-05,0.026709698935315756,0.8053988334302972
92,0.17311457269322517,0.22270595958431158,0.0003215841179835136,0.010008278889553466,0.5938496047149263
93,0.1888528877360704,0.6711770044279737,0.0005950812834249636,0.010367311185338535,0.1290077153671923
94,0.1955753643262098,0.5417363721220237,0.000343515672054067,0.005148569408750146,0.25719617847096216
95,0.14006083772697148,0.7981825739904692,0.002447593987573004,0.014625908335526188,0.044683085959460016
96,0.14714378666845299,0.7658610153469271,0.0034631612888505166,0.009314037890281648,0.07421799880548789
97,0.054216030428213484,0.7348129111477641,0.09349495906095596,0.0065233551937692235,0.11095274416929718
98,0.11400091101241457,0.45312880705347236,0.002346892609955464,0.01639515056645696,0.4141282387577006
99,0.11025665454352929,0.5541064399076175,0.003488125538334493,0.021919285408650967,0.31022949460186783
100,0.04640370610215504,0.8074166545444031,0.05140415783194427,0.004477059718050051,0.09029842180344738
101,0.04170895283494452,0.9266377380171151,0.008304526242304676,0.005022840817174198,0.018325942088461347
102,0.11292909922629005,0.7412565772391657,0.005857937588576449,0.0035250335810456594,0.13643135236492224
103,0.10926783497548555,0.8077407672831136,0.02272177986142524,0.0018585370879074844,0.05841108079206796
104,0.042329459448704504,0.9170792484838968,0.029175569449710653,0.0017478999496703227,0.009667822668017533
105,0.14757469771780576,0.6274115197024251,0.0075781678180175125,0.0018762448087345357,0.215559369953017
106,0.035347856325736254,0.8762904828898043,0.020465079110440737,0.0005352832093749474,0.06736129846464388
107,0.022909120383914613,0.8793373549069742,0.038862902239534106,0.0005016679798605373,0.0583889544897165
108,0.07358365497642996,0.7752878840106477,0.02755672775131182,0.0013093635001589867,0.12226236976145166
109,0.11431738774186194,0.7798378424058127,0.020802139548955524,0.001116475360450678,0.08392615494291943
110,0.2594974029882302,0.20924511341999713,0.040184888748175746,0.0060765552115486995,0.4849960396320483
111,0.26004986465344676,0.5583032367761825,0.007643376568294576,0.013165986031728426,0.1608375359703475
112,0.17695636093705056,0.6510191347574527,0.008799666408325439,0.02035777023358697,0.14286706766358437
113,0.48910955252957733,0.24445305207620968,0.0035081922770619895,0.005121729161644213,0.25780747395550685
114,0.30220484445673274,0.23146874910668766,0.0019348572218164297,0.015980036129765486,0.44841151308499777
115,0.06628477090203985,0.19731161255982874,0.0032166625905483467,0.0011223474411491115,0.7320646065064339
116,0.1779156111750952,0.773362164517597,0.004853336060256127,0.0046109137152966625,0.03925797453175513
117,0.25669181400401664,0.4412117426284262,0.0012826009971228162,0.005329197260382455,0.29548464511005196
118,0.11202516921789737,0.35188957214140676,0.00209961424344219,0.008651277607505474,0.5253343667897482
119,0.07261846904387388,0.781253139671852,0.009115712675348766,0.002928151200774525,0.13408452740815086
120,0.03304874327002056,0.909279530393089,0.023369247472615633,0.0035851161865747636,0.03071736267770008
121,0.01583683930053408,0.9045739752865011,0.06536375809175399,0.003084576495474973,0.011140850825735774
122,0.02299789120478167,0.7752381895921735,0.15081298478798078,0.0043961444121558705,0.04655479000290808
123,0.03979888216441503,0.8792683386116887,0.017848536064471524,0.010140193257081717,0.05294404990234295
124,0.03039897066116748,0.9332303070212503,0.00492113063040373,0.006211987768545575,0.025237603918632764
125,0.02467835538633879,0.9393385085042598,0.01814040891985002,0.0024810192250779195,0.015361707964473366
126,0.1066689426986168,0.780889440423904,0.01504420349403145,0.004121887239348605,0.09327552614409897
127,0.031875121410461164,0.8587020371447313,0.06837911841408811,0.0012995786739167631,0.039744144356802735
128,0.08812989932625938,0.8860561413868827,0.007455850162891496,0.0034892311350398536,0.014868877988926514
129,0.023456893424373987,0.8945828393396253,0.05121599694749585,0.0024087750469905223,0.02833549524151447
130,0.04362291725325222,0.6460135573768047,0.20730113741961845,0.0031616711380008954,0.09990071681232354
131,0.025292153122748132,0.7245637203772255,0.10220082437492398,0.002837992456544717,0.14510530966855759
132,0.049929396458556645,0.6436226013511893,0.07846813768898808,0.0011587713728813355,0.22682109312838453
133,0.06674711344662237,0.4144074103060039,0.017061032337838948,0.0005762894366512351,0.5012081544728835
134,0.08264988369854702,0.38816608087988275,0.09997125336342262,0.0014492674439675515,0.4277635146141801
135,0.13875291934752285,0.5392846044025272,0.006734387477949129,0.001290374052358448,0.3139377147196423
136,0.02119663808086403,0.7963212553342496,0.018052299850871822,0.0006369494596992888,0.1637928572743153
137,0.009558220323183961,0.013677619064139576,0.001007702984550435,0.0015952141605663896,0.9741612434675596
138,0.014847008575783959,0.016035910641250064,0.0024513839137656522,0.0019499425743457212,0.9647157542948547
139,0.03658631173248908,0.018938454354635252,0.0017489323959993283,0.00022671213875770181,0.9424995893781186
140,0.09483432197731957,0.13170922653039127,0.0031346164914066352,0.0006169918080968029,0.7697048431927856
141,0.14148874740902434,0.1361844168830201,0.00278119075144494,0.002009901216967836,0.7175357437395427
142,0.03011587227258307,0.0553209859672735,0.0017742110175622942,0.000517447591413531,0.9122714831511676
143,0.014438644469987914,0.7370397576243849,0.12338504844452396,0.0006656577902701377,0.12447089167083313
144,0.0881435568415916,0.5111986002592778,0.02865560636521306,0.007232922578825096,0.3647693139550926
145,0.0652719339389589,0.7428361253674509,0.07180403755562977,0.008174670413592012,0.11191323272436839
146,0.0560951166554951,0.8589893679932032,0.024328877870555137,0.008419694998408464,0.05216694248233811
147,0.02109165126840213,0.9382756848665821,0.028689385865622315,0.008005208802129389,0.003938069197264088
148,0.08097181839142342,0.6040521508473743,0.020628254808515156,0.013543837045344396,0.2808039389073428
149,0.07404781344662509,0.8114992642978648,0.01680555756466864,0.005932984886210813,0.09171437980463061
150,0.08294937227535049,0.8695801238176846,0.020197673880413512,0.006102057920017352,0.021170772106534032
151,0.2664196159117967,0.47147537032536885,0.020574067937044315,0.004070498614585268,0.23746044721120488
152,0.10848159347155392,0.7393386732622008,0.017116288631152655,0.012525187653840556,0.12253825698125194
153,0.1148292861795254,0.7806734034997996,0.02855041684899382,0.036762515906348596,0.03918437756533257
154,0.16993036956552815,0.7423423163094734,0.012816149281105513,0.03308937294310844,0.04182179190078444
155,0.06420546222782374,0.7550063184926182,0.016141402409682117,0.013800768560219244,0.15084604830965664
156,0.02509822691912026,0.9215329471453901,0.03075516625092619,0.014470031171608425,0.008143628512954706
157,0.11171364842741424,0.7464878058309652,0.005572618732268986,0.013365033109936053,0.12286089389941549
158,0.06677504248739186,0.8583496756263168,0.0037704823600039584,0.011726223280310616,0.05937857624597646
159,0.02822335498415761,0.9076011475086717,0.02223309461610441,0.011806737697770795,0.030135665193295413
160,0.034048370187450064,0.9262612203507886,0.019471791414213308,0.009236940431091514,0.010981677616456516
161,0.04832218976948208,0.8725373117548679,0.012666800117104951,0.008733132736942898,0.05774056562160218
162,0.08943114642193542,0.7767235634393875,0.005522411712338618,0.020279847961159,0.1080430304651793
163,0.023367785788768376,0.9398226217236201,0.010258873691087684,0.007569685722955758,0.018981033073567966
164,0.019554591371199324,0.9540576732539547,0.010729726261324457,0.004606385915711616,0.011051623197810046
165,0.046905151872850756,0.8966895530365069,0.0033676353527838567,0.03181291983039113,0.021224739907467285
166,0.053461587037543175,0.8078174425254903,0.017386734012487085,0.015194012032579127,0.10614022439190023
167,0.027701223068027976,0.9453126208916354,0.0034406795627450184,0.014669152425807842,0.008876324051783692
168,0.06963867854894693,0.8800959641005611,0.006502759855901552,0.024166866521686946,0.01959573097290321
169,0.04170481120347583,0.8412749408685298,0.01574587623620471,0.04841856379874363,0.0528558078930462
170,0.021594387197126138,0.9385543926841461,0.008951221911713604,0.01186921791636019,0.019030780290654036
171,0.08993634582376864,0.801062628381277,0.0011755352839180559,0.027579320468693214,0.08024617004234318
172,0.04737759716885656,0.884760634443653,0.01603978173562541,0.01572365411984598,0.036098332532018856
173,0.019795670668593404,0.92691448609526,0.02422029335280628,0.008380987869866125,0.02068856201347401
174,0.0670369887282692,0.8542924304090597,0.018137027542581615,0.010743968253092144,0.04978958506699748
175,0.017471239088060114,0.9443136282055463,0.010667537095660125,0.01225248861696312,0.015295106993770295
176,0.11401937994279077,0.6526035372846863,0.015550206999249649,0.02166317623458166,0.19616369953869148
177,0.034246786337429724,0.9057726751135071,0.03002143878774696,0.007348801098029716,0.022610298663286475
178,0.06619905572648112,0.8494853159582945,0.005954135327885066,0.011283653506183395,0.06707783948115599
179,0.18033205736031954,0.7599349800464174,0.005260368812033635,0.005792224081954598,0.04868036969927509
180,0.13847583896375057,0.7880793235795216,0.02233689359106742,0.007792432632552208,0.04331551123310831
181,0.22861663833923898,0.678116767574016,0.02000355565871588,0.010230579007108468,0.06303245942092081
182,0.20765309030187176,0.720570104785991,0.004061854266552591,0.007172347401600289,0.06054260324398442
183,0.016817510697658973,0.8561294793689047,0.11599869574271432,0.0026568002422428013,0.008397513948479112
184,0.08680834995301392,0.8570977515691949,0.03049348428137992,0.006258576393972996,0.01934183780243817
185,0.05016149634734008,0.8731474076791129,0.03727036481576157,0.012764853983323084,0.026655877174462314
186,0.03876682467234179,0.8726529584002367,0.044818120884301364,0.01443543457187433,0.029326661471245536
187,0.046153788559392624,0.8828868249548698,0.043598673939664094,0.012069965175429131,0.01529074737064425
188,0.006559182029006961,0.8623050510401757,0.10792223135781967,0.01760048320890923,0.005613052364088572
189,0.1425197019546832,0.7270917861303496,0.011910704667444023,0.05278328462126001,0.06569452262626303
190,0.05217417345272919,0.8628166617881184,0.017694831745457554,0.023909889596917894,0.04340444341677695
191,0.1797517634823558,0.6499650756998357,0.007355999044750409,0.05363526869731331,0.10929189307574462
192,0.21023564938002542,0.7158445420742547,0.0023949177682316978,0.010815311934588559,0.060709578842899584
193,0.5701104520820747,0.3378800946917268,0.002400809957487922,0.021396207445848803,0.06821243582286182
194,0.30987015317727756,0.5222862534889078,0.00245195909823761,0.011397957126032608,0.1539936771095444
195,0.2575889756057682,0.6388978685389203,0.015309906695605426,0.023097743535036668,0.0651055056246692
196,0.003988013585594117,0.9158755776723632,0.07111498725604448,0.006043487584626256,0.0029779339013718386
197,0.030198923058448558,0.9342727868147112,0.01020871135054351,0.015858667824922353,0.009460910951374385
198,0.0546481756936172,0.863388921575412,0.010383318165378215,0.01672515298842474,0.0548544315771678
199,0.023685371372341932,0.9203017822205665,0.01635730521890145,0.016489775977663653,0.023165765210526497
200,0.10397363735178906,0.7914926461405721,0.010568199223343046,0.012967102718983176,0.0809984145653125
201,0.03219772613172839,0.9189159770906694,0.028842505944643555,0.005792816863726495,0.014250973969232129
202,0.023785593932450187,0.9442425508549322,0.011579090009114043,0.0075425045237149475,0.012850260679788573
203,0.03193177229753673,0.9077935956474132,0.009096682427187284,0.02497131893999688,0.026206630687865804
204,0.033089660178226454,0.8721638103714736,0.024721690859593696,0.0305796345335357,0.03944520405717043
205,0.1683307251626444,0.5975433843439564,0.03605386297126824,0.025529680539275703,0.17254234698285542
206,0.05834857629368509,0.10189516225744619,4.507021882879318e-05,0.0049643739043591165,0.8347468173256808
207,0.5206722201152982,0.28697037501493805,0.00032421037612892804,0.015202293449800177,0.17683090104383456
208,0.1690181256595704,0.08886514764065653,0.00017746558231469865,0.0057244988578393574,0.7362147622596189
209,0.43011103794025984,0.4109501844657994,0.001215303905891497,0.013046532565624682,0.14467694112242463
210,0.19425435769427435,0.3602029136130676,0.0010736523875675046,0.023697949799984012,0.4207711265051065
211,0.09210141748957108,0.8164022971915997,0.012818558621047764,0.0345026715339482,0.044175055163833396
212,0.02866105458822644,0.12485731022030988,0.0005721824122706548,0.028096014196762886,0.8178134385824303
213,0.17912633039756845,0.3388447828823583,0.0020454884677508244,0.11462728789618792,0.3653561103561344
214,0.006856886542859152,0.008132925817199654,0.00015023359838725215,0.02213453577084159,0.9627254182707123
215,0.2334436763919748,0.4041603201126423,0.0014473537729072915,0.14012751841708856,0.22082113130538708
216,0.019880263095724694,0.026439612982314654,0.0003183550006891937,0.0723247922818587,0.8810369766394127
217,0.09646920013174863,0.06330141618462327,0.000493915911323927,0.1520742534365091,0.6876612143357951
218,0.08522688768899715,0.049567098902367435,0.0006825412607738155,0.12274329496916193,0.7417801771786997
219,0.08677481225747627,0.4664960493884921,0.00471291991297748,0.14460904515647713,0.29740717328457705
220,0.02131315089501017,0.020455804453252777,7.816407708280641e-05,0.14834813911295255,0.8098047414617017
221,0.06541270324169247,0.6224521531697533,0.003765185986847975,0.13928756382147822,0.16908239378022813
222,0.002712455538071947,0.009957786471739886,4.697675676786533e-05,0.031076622332947956,0.9562061589004722
223,0.006559781921654919,0.007691971469977339,8.306253700362691e-05,0.01882297687195391,0.9668422071994102
224,0.001914318208956988,0.002255650533193789,4.676966325237081e-05,0.010449416947348794,0.9853338446472482
225,0.011923910443937303,0.00807442443189059,7.328677772841199e-05,0.008047035371024927,0.9718813429754187
226,0.011618997320397242,0.04642435001360971,0.0006818708062524388,0.00958542972416239,0.9316893521355781
227,0.0025707366447296183,0.008930101146624018,0.0002929454601045535,0.006624325274017121,0.9815818914745247
228,0.0031170110277439914,0.01168687908601328,0.0003206649352845667,0.005473217502053557,0.9794022274489047
229,0.009933283117033988,0.019984803323399067,0.000501595214135073,0.016475969292230448,0.9531043490532015
230,0.03303925241404059,0.02466732260698212,0.0005932672512612701,0.05052913485439111,0.8911710228733248
231,0.003574441807373923,0.008593283726378442,0.00011696237373021107,0.00933771362503073,0.9783775984674866
232,0.0018549842281066582,0.0020203778211559244,3.203552001157651e-05,0.0191673787580383,0.9769252236726876
233,0.005527585976814845,0.002951934321041318,8.415900154529824e-05,0.047263820648545764,0.9441725000520528
234,0.02598766296218547,0.016445929919862587,0.00031003421364120704,0.08880038808928893,0.8684559848150218
235,0.030332080970035705,0.0358597676217791,0.0006789164430689584,0.06795022600194106,0.8651790089631751
236,0.018938257212046047,0.03203208966486265,0.0007958919952747525,0.09425858349711787,0.8539751776306986
237,0.009942905378902064,0.010573466073368183,0.00018641793961817464,0.042850280560500505,0.9364469300476109
238,0.015563272503717153,0.0040344300261454386,7.776677985723655e-05,0.07736492314413383,0.9029596075461463
239,0.05900384791725569,0.12869224034159976,0.0017052349461730608,0.17010811849481972,0.6404905583001518
240,0.13206470070988888,0.028558006264079457,0.00013311151689108844,0.3425636125585899,0.49668056895055074
241,0.1585097484487537,0.05445982273986382,0.00028778684385233843,0.5264111473775152,0.26033149459001503
242,0.061522973743680695,0.2508060349239605,0.0022149458261363913,0.6730943034448741,0.012361742061348368
243,0.06806535983454695,0.03776053825993088,0.0003205057150269629,0.24921167967212826,0.6446419165183669
244,0.07909976232729779,0.2558732132615248,0.0014129876185072705,0.6233588012217764,0.040255235570893756
245,0.018210054306702632,0.039859965706546686,0.00013024204552118887,0.5654560290950692,0.37634370884616036
246,0.0324324384313334,0.022956315960723395,1.7101171013649166e-05,0.23658637038632058,0.7080077740506089
247,0.08168512991416271,0.12350385856773345,0.0009293830188992542,0.41496052489564234,0.3789211036035623
248,0.04301158167050106,0.01783182705445658,7.32730254984096e-05,0.10603001443754892,0.833053303811995
249,0.3033274481542356,0.09550919097922556,0.0007938196840087487,0.20093802003363803,0.3994315211488921
250,0.05197741565534347,0.008376262223880618,0.00022005544177460112,0.06947829778608904,0.8699479688929124
251,0.06387835842310695,0.24538566188739397,0.005308066203540734,0.5483632276644695,0.1370646858214887
252,0.009905462729691285,0.0052369573453352,9.4688373342751e-05,0.08408202380251152,0.9006808677491192
253,0.04059961238273361,0.02782313512175358,8.867552842024953e-05,0.5265582257161019,0.4049303512509907
254,0.011953315540303195,0.007842689544867937,1.4314657605295973e-05,0.08846173285521919,0.8917279474020043
255,0.014578032208087363,0.0023430707597258764,1.7776017379529423e-05,0.025635762995256214,0.957425358019551
256,0.05429245631872576,0.024712072754963475,6.704264785713599e-05,0.08900965278135559,0.831918775497098
257,0.022374818841544446,0.006411383329991457,0.0001347611310577244,0.027973095257261788,0.9431059414401447
258,0.3447228867346314,0.24308563207765113,0.0011009803268503039,0.21748438325073424,0.19360611761013288
259,0.020198581657670963,0.030084032852295835,0.00014216186064871776,0.02315380245631144,0.9264214211730731
260,0.20826587970130958,0.17340937548977126,0.001764239946845507,0.0851996168743505,0.5313608879877232
261,0.006721608226246267,0.006254959730039666,0.0018040132340657118,0.01023980396561674,0.9749796148440316
262,0.009741799471365753,0.0035594283527994376,9.676536987631698e-05,0.007337430738159702,0.9792645760677988
263,0.011115789929334338,0.004160886158955329,0.00010121735928863911,0.007079243986967667,0.9775428625654541
264,0.021166751057070072,0.005795961971285816,0.00012408781952284053,0.0042085007913697115,0.9687046983607516
265,0.1414779075571938,0.10357401811057397,0.00044191129689785143,0.05346172248490076,0.7010444405504336
266,0.0299101165616896,0.02407370032433016,0.0016898251330910278,0.00674443472571003,0.9375819232551792
267,0.13449234673464877,0.13800935655988925,0.015384185119869751,0.015562098583509733,0.6965520130020826
268,0.0340781432758014,0.014791261810295116,0.0005337623041931873,0.008098044942223841,0.9424987876674865
269,0.14743839560723146,0.16310563340948706,0.0027443108238438623,0.08301628796153807,0.6036953721978995
270,0.02941064663728675,0.014490266151676185,0.0003443624515304438,0.02836038564388107,0.9273943391156255
271,0.29331911958725304,0.5317828381442858,0.007928057271536714,0.03930204792844665,0.12766793706847776
272,0.18001749803966074,0.14337208372043367,0.000791806987794663,0.025873071496348925,0.649945539755762
273,0.09205272880071054,0.3581939080846415,0.004170431320320474,0.02106329778566756,0.5245196340086599
274,0.02165052397562438,0.05960632232221812,0.0022977236520737984,0.002052055922661076,0.9143933741274227
275,0.19874299444494678,0.3340487757190398,0.006617762387363245,0.004792000121439139,0.4557984673272112
276,0.22590886619998085,0.5815462249186407,0.0047379081394519395,0.005818080249194596,0.1819889204927319
277,0.09513137464262954,0.149367914120006,0.002200672781542801,0.004035014582959055,0.7492650238728626
278,0.45473456527100076,0.2907585616551928,0.0033715630398797433,0.020139110323646726,0.2309961997102799
279,0.05502887412792789,0.10834120377449218,0.005190218259653134,0.0035476802157158676,0.8278920236222109
280,0.2814935788034188,0.19477829673395372,0.0035890941899597165,0.006644388285156028,0.5134946419875117
281,0.22665335363785993,0.5612688464686388,0.003201865991345223,0.04997493095532924,0.15890100294682677
282,0.15642505756699115,0.765893950474325,0.006518459224701996,0.026282588925915312,0.044879943808066584
283,0.035020540096527476,0.1505546383324036,0.0037341335226289915,0.02375874027836718,0.7869319477700727
284,0.07694531519739946,0.8292609616562601,0.00952307950832709,0.05190408254363611,0.032366561094377425
285,0.03342370066335004,0.05274078013323162,0.0009417296619929179,0.01603338221435366,0.8968604073270716
286,0.3591968173633139,0.36241129550535034,0.0032655555062327626,0.14051630868063553,0.13461002294446756
287,0.2145493531900938,0.09322033681062807,0.0024182988575479824,0.0162535229569525,0.6735584881847777
288,0.25611141499770673,0.6645400717937489,0.015374509366218442,0.008156901289671848,0.055817102552654166
289,0.05668146208437821,0.0753039037027869,0.0009633880582858003,0.012654429937436835,0.8543968162171123
290,0.3179619472566955,0.43373741732253973,0.005664914735500865,0.012569143863593842,0.23006657682166998
291,0.16559719605976156,0.6367363412955143,0.00422109617954186,0.02683795002205666,0.16660741644312568
292,0.14388728532320957,0.5795580012164312,0.012418513592248855,0.029706835926383512,0.23442936394172673
293,0.16390527038409367,0.5853072300073078,0.005603629740399608,0.07871292894890314,0.1664709409192958
294,0.09291974635087322,0.32353945476202517,0.010338234811410538,0.02535140689290983,0.5478511571827813
295,0.21245115738466172,0.6753308193809253,0.0067005094683031275,0.07970490925602329,0.025812604510086608
296,0.1025977377106401,0.2365904491396932,0.00572676661803449,0.034315702641694756,0.6207693438899374
297,0.18133719993634687,0.7081272095918377,0.02585777659239669,0.010850471233160422,0.07382734264625837
298,0.1802685402897701,0.5874624036191292,0.014057338877117909,0.04134314643288235,0.17686857078110035
299,0.10865625793028832,0.8316055604830299,0.008612198487465224,0.013850437468175887,0.037275545631040574
300,0.1480250062726329,0.7962860015530322,0.01657282571702957,0.022512064716462648,0.016604101740842935
301,0.07715646969935686,0.2564717632517459,0.00484469787449907,0.0650603536640418,0.5964667155103563
302,0.17180752849136097,0.7579975090957757,0.008205018254806849,0.014126386341255282,0.047863557816801273
303,0.11727433914126277,0.8066150848716025,0.025461087196881158,0.009475808054231658,0.04117368073602182
304,0.07301957451142183,0.3186812541213432,0.015976197040373997,0.024178394349731548,0.5681445799771295
305,0.11297443633962673,0.825535044658373,0.017974909209214098,0.007940230346848738,0.035575379445937416
306,0.1624404500627844,0.7691381513772475,0.008630545739996904,0.010358652647989325,0.04943220017198171
307,0.06993459406445304,0.31600506173754694,0.006814896836006745,0.0071551197550300495,0.6000903276069631
308,0.14596866803035002,0.4259073289904476,0.009803692950432187,0.009072568933590461,0.4092477410951797
309,0.3175787056355372,0.24293148594093003,0.009469405991515181,0.010517775674881854,0.41950262675713573
310,0.13469925302119215,0.7685032027386464,0.03661390273261832,0.006904164571024677,0.05327947693651873
311,0.055289195545754816,0.07020742316082218,0.002922462076322922,0.006001043555360337,0.8655798756617397
312,0.20026139771154147,0.4939788079878168,0.015177028983493613,0.01520159543875302,0.2753811698783951
313,0.10959939918236873,0.37227247380690187,0.027319261605772163,0.01132670070179382,0.47948216470316357
314,0.1927123548208366,0.569611577096685,0.023919262191866793,0.006900610206079174,0.20685619568453237
315,0.2816574475285253,0.4230026580211722,0.0170581869254363,0.012436716806887776,0.26584499071797835
316,0.19613628598154012,0.6693232391852926,0.05391952704371198,0.0052794312276607845,0.07534151656179461
317,0.15021266791875373,0.27826042475016205,0.004910169347396699,0.014624481497901104,0.5519922564857864
318,0.051915348843728504,0.08613141308506853,0.007272190211525027,0.008429570839304975,0.8462514770203731
319,0.06495791781764863,0.10287593107580979,0.005670447946160245,0.005049869888209606,0.8214458332721718
320,0.13497838684614147,0.6875987602809666,0.04427617379063546,0.0032117034558531345,0.12993497562640335
321,0.11141387477611453,0.31030000393017865,0.012678832697936328,0.005778752069354452,0.559828536526416
322,0.3446464358261252,0.47437973461716043,0.014387958918432642,0.024902776454501882,0.14168309418377983
323,0.05390721829241171,0.06091609154173198,0.003010961679793565,0.0063728652972500155,0.8757928631888129
324,0.43570212755830423,0.4101956662224931,0.008946546090179133,0.014868652528243813,0.13028700760077977
325,0.24515725721268267,0.42584248032908917,0.009084634515238613,0.017883709987930478,0.302031917955059
326,0.4914678655144529,0.3963865623115427,0.005556733028550582,0.0052453150455397494,0.10134352409991414
327,0.20444623066952455,0.3463995610012,0.005772383991956129,0.019227966703806963,0.4241538576335124
328,0.19892590476294006,0.7293103866607126,0.0061060241088759385,0.015785989668477805,0.04987169479899375
329,0.29671566715913955,0.409703100509908,0.00907628544481202,0.019956400507194806,0.2645485463789457
330,0.10826353940914635,0.7878029961174847,0.036177638620258044,0.027894784675280743,0.039861041177830236
331,0.21682578447878115,0.5714594361875314,0.013046463796163425,0.10903552995029019,0.08963278558723381
332,0.22954710613344215,0.5136430436411136,0.012003916974324935,0.06368654123427721,0.18111939201684218
333,0.10270649458041295,0.7759493196173629,0.07103018557088785,0.026957202234550143,0.023356797996786253
334,0.2214512662379845,0.5267223034296479,0.035917667438839306,0.04697422441430388,0.1689345384792243
335,0.29840945170259314,0.2826396627522364,0.011160166948797678,0.04417145613507921,0.3636192624612937
336,0.21736462418592054,0.60084084980905,0.051463177493479506,0.04884794882275771,0.0814833996887923
337,0.6775734606028723,0.07722687070832236,0.0019529802532152884,0.024467312808189035,0.21877937562740118
338,0.38138562020713257,0.4971281141067175,0.02595204841839638,0.01715175512186943,0.07838246214588408
339,0.2572332312494505,0.6397457624868426,0.06643792454485267,0.01331161395991523,0.02327146775893907
340,0.2309636749757655,0.3116038852429988,0.00810748908137655,0.021585833861740303,0.4277391168381189
341,0.07550138296309149,0.8101279667602679,0.09195333256204055,0.008569792872751301,0.013847524841848907
342,0.14936269669493157,0.2046099585165491,0.00258020852160065,0.008126919502041745,0.635320216764877
343,0.22638332878244513,0.47282815969712827,0.015506515932765044,0.007426479058945642,0.277855516528716
344,0.0685838738096786,0.82872660853883,0.018678230048453533,0.010134768011392105,0.07387651959164596
345,0.08484019833222543,0.09433398634572919,0.0007818278593528749,0.0010601179642202125,0.8189838694984722
346,0.23214788225866181,0.7085808523406514,0.010964465075883141,0.006213039084813738,0.04209376123998992
347,0.316381982474054,0.602631304769011,0.004537100285248556,0.011741186435241463,0.06470842603644511
348,0.3379905775063092,0.44617425701192126,0.008339612192097277,0.00932042341588846,0.1981751298737839
349,0.05205806775549453,0.8940146596247208,0.02037525176706691,0.012415273168660604,0.021136747684057357
350,0.10235811009687389,0.7655059882609041,0.012548679926340926,0.038164926574169346,0.08142229514171179
351,0.07769967440458972,0.746403500045105,0.009472736848477268,0.02104079567588709,0.14538329302594097
352,0.09162355528038271,0.8358570039933052,0.011675219423028196,0.033060417939766634,0.027783803363517358
353,0.06440290798110222,0.26102031077008914,0.009301163967888703,0.01908152545949219,0.6461940918214277
354,0.08912617791130349,0.8402351876495214,0.019443786557851766,0.019335335050207313,0.031859512831115884
355,0.13615502715377703,0.5922888842085255,0.007641338482477497,0.041352629082626935,0.22256212107259296
356,0.1906546984138936,0.6512565508909641,0.017603682660582064,0.01757115784675031,0.12291391018780987
357,0.07984349259625535,0.8313676603147746,0.006754132909824588,0.03635871500620918,0.04567599917293637
358,0.09084988419677104,0.22428918698413794,0.0062384932337126876,0.00998718975764232,0.6686352458277359
359,0.17048297119309852,0.768169768483636,0.01222360860795202,0.01115271670547956,0.03797093500983382
360,0.16424013743279345,0.5380321513902876,0.016069039614694577,0.009839468771131949,0.27181920279109245
361,0.29433681405852047,0.5735359582536901,0.026822943276644813,0.013251374012652892,0.09205291039849169
362,0.2699577068352263,0.6176702308672142,0.005163718233465738,0.023962124650251677,0.08324621941384226
363,0.14976898693208893,0.36977748029017293,0.003655992330724524,0.014561248483760631,0.462236291963253
364,0.06956216273583533,0.8839408960517868,0.009816079313687647,0.015596787313917993,0.021084074584772426
365,0.18621580478266989,0.43955999167931675,0.009225943683149235,0.020547641361811225,0.3444506184930528
366,0.10514104439459532,0.8488709919312692,0.021991042704030805,0.006982072390923413,0.01701484857918126
367,0.08765838888422113,0.22690596722002668,0.008488779853399403,0.019954128127407798,0.656992735914945
368,0.164527117974565,0.5714162967576091,0.02275936685098551,0.006381909043777782,0.23491530937306257
369,0.15055293855744462,0.7453475235348596,0.024135427593343826,0.03737088405357752,0.0425932262607745
370,0.13121974073886544,0.2506436412006574,0.016046007444191976,0.01428348580145885,0.5878071248148264
371,0.11989265104710896,0.7124225598277331,0.019131717706061053,0.016038586374372443,0.13251448504472452
372,0.03964924956121333,0.13831498080989918,0.007279073910128735,0.014574861444888312,0.8001818342738704
373,0.16441989922111816,0.7059966549544834,0.04733049398826905,0.025425512803190973,0.05682743903293855
374,0.08509368824394553,0.24785979645235556,0.009375338330498683,0.024185148216905514,0.6334860287562947
375,0.1585439579262578,0.673490103905115,0.0340658596253809,0.04645879933361786,0.0874412792096284
376,0.02852730275367806,0.037947374861087964,0.002182166688139495,0.05798587145001142,0.873357284247083
377,0.1368067208052339,0.2483202998974329,0.0065718282949055,0.02909843332529707,0.5792027176771307
378,0.22262063172799304,0.47766474794615577,0.007818029866152765,0.047499863849376225,0.24439672661032213
379,0.12768436720707577,0.19433582499971638,0.023796629395548413,0.006773065756208812,0.6474101126414507
380,0.24991138480478065,0.5735026171384967,0.04571171725521123,0.019327653337844596,0.11154662746366693
381,0.415644397734429,0.36447327732703105,0.020332258718132455,0.03801852350669917,0.16153154271370826
