epoch,N1,N2,N3,R,W
0,0.002345851500317868,0.0003440470262826923,3.123651667666986e-06,0.0016059767924962887,0.9957010010292355
1,0.007817387450128546,0.0005959738691297957,4.314964960842507e-06,0.00107622674985583,0.990506096965925
2,0.008790226069903978,0.00044866520266271425,5.022342058244964e-06,0.001063283200961456,0.9896928031844135
3,0.006434713945063022,0.0008720981444613719,8.485182676533977e-06,0.0009395638163727767,0.9917451389114263
4,0.12701598514324958,0.006370441057742525,1.5334469942651582e-05,0.00315844285023009,0.8634397964788352
5,0.3154287051166974,0.016145449160972856,2.1482524913132358e-05,0.006750135920687986,0.6616542272767285
6,0.6468926337212924,0.16209202771678835,0.00031325490294852547,0.02097162546657699,0.16973045819239377
7,0.23622210674543556,0.64313152927094,0.01101544430339894,0.05189137511002768,0.057739544570197615
8,0.14140994898591047,0.5990899404371164,0.0012253847757895371,0.06676342533092759,0.19151130047025602
9,0.13167582310450088,0.6348829905918527,0.0035508055774546004,0.13215637266421063,0.09773400806198121
10,0.22615877015566793,0.25311686908568487,0.0005861060531755345,0.09404554750347174,0.42609270720200004
11,0.22232878119025057,0.47186155449905837,0.00741826963247442,0.03523800001527105,0.2631533946629455
12,0.3698468609796856,0.34353979607869567,0.0009633973834639393,0.04389182532804906,0.24175812023010562
13,0.22397568060321707,0.6218319835792014,0.005776968864007604,0.00526502687227698,0.14315034008129668
14,0.36558882975712387,0.48198293262124253,0.0032401287598818117,0.030143033212255043,0.11904507564949676
15,0.034794100304316546,0.8126338479843866,0.13606304728151636,0.005017593707981944,0.011491410721798379
16,0.0616767500451301,0.8798900627971961,0.017206001558135835,0.015499990279204068,0.025727195320334104
17,0.07221780995730433,0.05406917222088067,0.0005685357949473175,0.01815971228385294,0.8549847697430147
18,0.32475894641671416,0.3560985619173845,0.0013010748562855975,0.1371724785760837,0.180668938233532
19,0.20868525171164923,0.6542006712814175,0.0013939249166094576,0.01236506817017062,0.12335508392015325
20,0.02891178449010307,0.898095131029989,0.053233466225114684,0.00494374959230825,0.014815868662484974
21,0.028501626863963937,0.025492940901218928,0.0003361280870493164,0.010791122322348985,0.9348781818254188
22,0.005609164335232379,0.010947947381047455,1.8286656893331733e-05,0.004998043919713584,0.9784265577071132
23,0.004094083359369437,0.003083779219143345,1.350441444248754e-05,0.0031874264439931913,0.9896212065630516
24,0.0069575799000144685,0.0029055890891338683,7.104960963681671e-06,0.0014756206461615936,0.9886541054037263
25,0.023607862546698388,0.004849004428318269,1.3403765985202001e-05,0.002443227328497008,0.969086501930501
26,0.018388761846140314,0.002829018366513262,9.428345775232426e-06,0.001550301329602555,0.9772224901119686
27,0.00799939326591316,0.0020163646706704507,6.844502928133817e-06,0.001968494978914214,0.988008902581574
28,0.020786856404088658,0.0019503322072793037,1.815521163833409e-05,0.00238344796953411,0.9748612082074597
29,0.046004825266395315,0.00399341658918521,4.095606249112155e-05,0.0029712006542915647,0.9469896014276367
30,0.14039592844992493,0.02007229692754034,9.959535935652843e-05,0.01618283790984957,0.8232493413533286
31,0.08718559016575267,0.014839883050662714,0.0005269286787181157,0.01099699507334676,0.8864506030315197
32,0.18673563249082445,0.026518967649010725,0.00025096919160146096,0.035554981088715215,0.750939449579848
33,0.07103879892836731,0.0443122681362923,0.0010703310963524088,0.029838259384217584,0.8537403424547703
34,0.1368806607759692,0.016779313108103357,0.0003131779238646808,0.04275091418042713,0.8032759340116358
35,0.17928523923604447,0.10532489916037906,0.0028469074133849036,0.024568679782168732,0.6879742744080228
36,0.22627201329715413,0.07470099036868331,0.0009116271249250704,0.061588344139117124,0.6365270250701203
37,0.20640509427761053,0.3512921360132979,0.0013670088401766198,0.05846933893626899,0.38246642193264585
38,0.12850946237107605,0.4409229065700375,0.02207042158191234,0.08122005052656381,0.3272771589504103
39,0.28494653538843456,0.30308053925102874,0.0007250102854321315,0.2813755833385242,0.12987233173658036
40,0.12645001103844508,0.5898312450087282,0.0027781375424676346,0.17191546602388855,0.10902514038647054
41,0.16483196406755876,0.3195764295846212,0.00255682084467999,0.055798205715430246,0.45723657978770993
42,0.18606124203568267,0.21409954407984927,0.0031104745048666444,0.0312866173159877,0.5654421220636138
43,0.22155744501769226,0.5035233090104894,0.0012357084553260543,0.046744999340177826,0.2269385381763145
44,0.011900828522520729,0.01390473779877087,0.0006020339008314411,0.0007899955081279816,0.9728024042697491
45,0.03849366454025247,0.011601815883881882,9.176446829176628e-05,0.007761989180748964,0.9420507659268248
46,0.007821650429598714,0.005505943270092898,2.929966776584461e-05,0.0029798306920644467,0.9836632759404782
47,0.02621936816951807,0.005886585498614032,4.226513407531047e-05,0.002442183236634961,0.9654095979611578
48,0.04703727926155324,0.011931744175642519,4.137143541692853e-05,0.0024834774048919915,0.9385061277224954
49,0.12182050399528975,0.027281474091516735,0.0005063212289883247,0.0017744473928088837,0.8486172532913963
50,0.42298747928852387,0.0867561391865173,0.0005238895809956574,0.01445183476062142,0.4752806571833417
51,0.05710745818272738,0.02337725041183386,8.653116433880843e-05,0.0067356801991241885,0.9126930800419757
52,0.5143458336709784,0.11611647373027444,0.00025114099330810624,0.012284483001298965,0.3570020686041401
53,0.6207641635502892,0.16851724328907397,0.0011411465333308155,0.0071753311912500116,0.20240211543605624
54,0.4216773944624074,0.4873449668193013,0.013484754219509225,0.005123322106918895,0.07236956239186303
55,0.14428413328770362,0.7581329849263609,0.01744966518374009,0.010736576207424324,0.06939664039477103
56,0.052019370438753286,0.8231032157426686,0.08010160510624136,0.006069450479878218,0.038706358232458535
57,0.08932491063694808,0.3063188973479743,0.006779470173416114,0.028236574761899853,0.5693401470797617
58,0.12388007158491741,0.47064382131535826,0.017881108577084314,0.00535611790445928,0.3822388806181806
59,0.0779052933231881,0.2044268311829799,0.008248471596494777,0.0038383574003085057,0.7055810464970287
60,0.23964215593414842,0.12482828887773371,0.004494151556663851,0.007452575551944544,0.6235828280795095
61,0.17646559372879214,0.2645825549181125,0.00276618828818109,0.003531041166038268,0.5526546218988759
62,0.12468635768355006,0.23185733146676404,0.004158828174632555,0.0009895819202142128,0.6383079007548391
63,0.14256786617156886,0.49343975082098307,0.01159657805303387,0.0013296502481832406,0.35106615470623104
64,0.1393129681566909,0.6948307583764621,0.01808986076091743,0.0015209408896389878,0.14624547181629052
65,0.09564137142214846,0.6889947718562083,0.024684394828099105,0.003378894772192606,0.18730056712135157
66,0.06936642683772354,0.3485806264174301,0.012201691830303278,0.008522324741725446,0.5613289301728177
67,0.04304734954133311,0.0681255915790393,0.0020084998777720902,0.0023058787597709175,0.8845126802420846
68,0.09920328680603882,0.059098427549083586,0.0016488707588540137,0.002357740566982587,0.837691674319041
69,0.27132379135110174,0.5396911572936077,0.011170225533091075,0.01119647936528359,0.16661834645691584
70,0.007621996361099266,0.009428228666867919,0.0008570115095038396,0.0006314951152331628,0.9814612683472959
71,0.0583485405220975,0.043153930276895194,0.0030582756509467636,0.0007922584745461527,0.8946469950755145
72,0.06829878757174318,0.025920646338943407,0.0015030635461246353,0.0008785271251451524,0.9033989754180437
73,0.0878704943231509,0.10346742393681581,0.008501655254867275,0.002101472267611881,0.7980589542175541
74,0.019702704414617234,0.01345001835174608,0.001114826202103012,0.0009728211957938279,0.9647596298357397
75,0.047443119460015934,0.018731451695999567,0.0011820282073215505,0.0002898415117438681,0.9323535591249191
76,0.0423746594482943,0.025686920857845918,0.0018622241481428005,0.0004326327417632853,0.9296435628039535
77,0.028949312234454256,0.02726871557524249,0.0014271047512285937,0.00021391950575124134,0.9421409479333234
78,0.001963052302305335,0.001629815883236055,6.0269821259909696e-05,3.498212949108991e-05,0.9963118798637077
79,0.0029975885313543896,0.001721296911551558,0.0004666247531182842,0.00019399301116727785,0.9946204967928084
80,0.007969176651977323,0.001704952397424573,0.00048551113911535004,0.0001194201345907587,0.989720939676892
81,0.030210682433014016,0.0022052474797679164,0.00048660491908251503,0.00022292400488321462,0.9668745411632522
82,0.02430329722832197,0.00833938806894454,0.0021058113194464736,0.0003622131361651955,0.9648892902471218
83,0.050795225214828016,0.02200658326715596,0.0019737468131302968,0.0003073545081060032,0.9249170901967798
84,0.23814780989345763,0.0709957484966186,0.01718443369012518,0.0012346973377652562,0.6724373105820334
85,0.30549209250134834,0.11929644234354701,0.00930372654633217,0.00540815700105214,0.5604995816077204
86,0.04348960951516949,0.47117367067141935,0.4442051859800696,0.0012687506912695773,0.03986278314207206
87,0.28752087437624696,0.12434747664114165,0.011687264534353682,0.013251130415591984,0.5631932540326657
88,0.205115057581319,0.49002398509775014,0.02614790418289763,0.006435308232135964,0.2722777449058974
89,0.16286312434312153,0.28502928749246176,0.03208938402852591,0.013295885880716795,0.506722318255174
90,0.3813607112474865,0.2131928250730472,0.0142078588568607,0.02187590618454519,0.3693626986380603
91,0.20198077927129743,0.5249941396389606,0.03602147821346356,0.008992957406280401,0.22801064546999808
92,0.28742265315687066,0.5439431609838893,0.060007087370480244,0.0036097216340053528,0.10501737685475447
93,0.05583024038608885,0.8200000657437865,0.050799276517654944,0.003579827282271362,0.06979059007019858
94,0.18828253665170402,0.3520260749342546,0.024692654488525288,0.008421812975243676,0.42657692095027244
95,0.07972584030461201,0.11757691687464784,0.008661914560643457,0.0033314508105318566,0.7907038774495649
96,0.23468841255781234,0.477580719090426,0.020683921084380746,0.004234417194302141,0.26281253007307875
97,0.11385089016434688,0.17449868236652458,0.002022072938777335,0.0033639298809438,0.7062644246494074
98,0.0108113371819578,0.008698226634894482,0.00020639767796611314,0.00043154021148793394,0.9798524982936937
99,0.009245524828088875,0.01095171223864046,0.00014396842740867444,0.0005877718899563143,0.9790710226159056
100,0.010471693036885343,0.008986567167473496,0.000487552635893512,0.00046720373568219194,0.9795869834240655
101,0.015383444025466092,0.004528773098777858,0.00010434376982009229,0.0004953014071356974,0.9794881376988003
102,0.027822191131922417,0.0046740740165369145,0.000285634467275037,0.0008154292979918905,0.9664026710862738
103,0.011044970941801917,0.005170874275294109,0.00042520605625427177,0.0005437493904848074,0.9828151993361649
104,0.025008092477344007,0.00792338681219854,0.0015934778408839335,0.000504695310191292,0.9649703475593822
105,0.060037749400840786,0.03263704952746863,0.00244233680588913,0.000812014117579027,0.9040708501482224
106,0.1438956415667653,0.031278475793862656,0.0012922345618668395,0.002185836945768933,0.8213478111317363
107,0.07400165395478994,0.026609843130969705,0.004906888286300009,0.0042487161778357934,0.8902328984501046
108,0.10331447017507564,0.05017243956643226,0.003553585859431327,0.002079470451433536,0.8408800339476273
109,0.0764754733470099,0.05003716682875995,0.004644898782805205,0.0011698711795523023,0.8676725898618727
110,0.14755122138580434,0.09659607715595984,0.011602839168862027,0.0014358352999136212,0.7428140269894601
111,0.08333092876003313,0.6955471848255346,0.17387870532345903,0.0035836517306623798,0.0436595293603108
112,0.09515494438608789,0.20994196753409547,0.020280229655088255,0.004559949197179758,0.6700629092275487
113,0.0792852965958193,0.07995973392902656,0.012906942559285537,0.0021121402444388058,0.8257358866714298
114,0.1082318756666025,0.2385734498957835,0.03676910340887061,0.01117898143165074,0.6052465895970925
115,0.08768213386367565,0.16346729166497886,0.040716085126910224,0.0035662663699364177,0.704568222974499
116,0.053060032025164024,0.03633587036791446,0.002767482841643498,0.0007115402233807759,0.9071250745418972
117,0.10386425319874615,0.09662161827182746,0.004199497146160803,0.004178189214670176,0.7911364421685954
118,0.018103343364335216,0.007182687816259418,0.0004084800400067655,0.0005140527162666404,0.9737914360631319
119,0.0024828434049870285,0.002399317636572009,0.0005759344091609644,0.00011346032158773408,0.9944284442276923
120,0.0025321454686948897,0.0006430012554524661,2.142745160647355e-05,0.0002278966879146768,0.9965755291363315
121,0.000507086537556032,0.00014822646107610324,4.580827460562636e-05,1.6833872535514736e-05,0.9992820448542268
122,0.0027448138307927905,0.0007454004087953084,1.0346174314576557e-05,0.00019700577367286052,0.9963024338124243
123,0.010299284927575765,0.0019981703017417727,0.0001382673334756871,0.00014246979381737023,0.9874218076433894
124,0.0019961711174777985,0.0006522603099888023,5.026720846709212e-06,8.789526286077186e-05,0.9972586465888259
125,0.0023850367489017476,0.0007266286970080557,1.6477996104578336e-05,0.00011709233773242594,0.9967547642202532
126,0.005792238184315816,0.0009242822659534087,1.2789497188734364e-05,0.00014713984372958667,0.9931235502088125
127,0.004449821626879512,0.001597409080868705,2.5048950571128028e-05,0.0002119009076909468,0.9937158194339897
128,0.0046422487798579775,0.0021623740207489944,5.732810894468996e-05,0.000284772073796785,0.9928532770166516
129,0.028767737430561265,0.004666046138140825,0.0001239070201745044,0.0013722214959546268,0.9650700879151689
130,0.025789481186165038,0.007000833551036796,0.00044547543615687345,0.0006939623784467332,0.9660702474481947
131,0.4267778140035495,0.05316316958940825,0.0007184930149966995,0.02516370942784679,0.49417681396419877
132,0.4547470751662921,0.05770187642367388,0.0020284087456428077,0.019680983696891325,0.4658416559675
133,0.33553018829765136,0.5187297846385007,0.010969089325669423,0.057794129733921125,0.07697680800425735
134,0.25866771733255534,0.10120892178112971,0.0035871065175468193,0.07394864700599642,0.5625876073627718
135,0.2808581576888834,0.5278632257604357,0.009235371996554177,0.08387787483845693,0.0981653697156699
136,0.10646265371974979,0.12137620636596674,0.002253469293682599,0.01478048669086001,0.7551271839297409
137,0.0956685656688311,0.8409443136292345,0.02413890632702421,0.029273323428389696,0.009974890946520345
138,0.20698896414626175,0.12874920957653227,0.004505921916435997,0.025404942736388464,0.6343509616243815
139,0.0748774651184991,0.8360432570497831,0.0543498811621548,0.01641184723560246,0.018317549433960516
140,0.019251085792222067,0.9413122279751504,0.010243194796082057,0.010183857681398113,0.019009633755147186
141,0.27644212114900973,0.3013863177610536,0.006913905362860423,0.017269153207664395,0.39798850251941176
142,0.13108924861812896,0.7794502018656227,0.021580108521868206,0.020868086804044218,0.04701235419033577
143,0.06912797344711116,0.8584665816108573,0.014993598866608563,0.010144466772108849,0.047267379303314046
144,0.01869387895878085,0.015648511130087417,0.0004625645638696297,0.002421467767542473,0.9627735775797197
145,0.004458839382520296,0.005858369005913546,0.0003798372865043133,0.00032302110453341735,0.9889799332205285
146,0.0017512612268063773,0.0008740428962745706,3.4297608242711264e-05,0.0003046601506379021,0.9970357381180384
147,0.0022119084973762303,0.0007063876300512852,9.618509313643721e-06,0.0003046366227056429,0.9967674487405532
148,0.0019931817956363417,0.0009987624833100422,1.780581957267248e-05,0.0004956957012457337,0.9964945542002352
149,0.003797788913289777,0.0013504350837008343,0.0003538743500587205,0.00024538995182371424,0.9942525117011268
150,0.002071217410887968,0.0013734984273662497,0.0001630155684357796,0.00016712355196575818,0.9962251450413443
151,0.001073899467052686,0.0007511495551315504,1.3227291177004289e-05,0.00017250730507090365,0.9979892163815679
152,0.002880429662177803,0.0012940274599272056,1.3968058579213226e-05,0.00037452533165424845,0.9954370494876617
153,0.023390905743807356,0.0035125759588737005,3.627816096554572e-05,0.0009630907378112164,0.9720971493985421
154,0.012587407971863076,0.004069300775765639,0.00013284371412488005,0.0011777136597468296,0.9820327338784994
155,0.009465079907115339,0.0036585093518939063,3.5736144324835115e-05,0.0011687306538745138,0.9856719439427915
156,0.3570037581962795,0.024170738770435102,0.0012357849100190982,0.008477486208283884,0.6091122319149824
157,0.6484189395959563,0.06359054147291589,0.002338272258287928,0.016414771722703163,0.26923747495013667
158,0.3986836971572734,0.5029707857039467,0.0032698646689626183,0.06921905037668606,0.025856602093131183
159,0.04482732055979716,0.8916369542097842,0.0056254494129350996,0.04533865196263904,0.01257162385484439
160,0.3445037562937373,0.16965412488614207,0.0017978969470793889,0.10234667195170712,0.3816975499213341
161,0.012938395124839934,0.8638950204856835,0.1094621800950943,0.009201266114220168,0.004503138180162112
162,0.25648865553231043,0.36102262147915093,0.0012188183163168848,0.09823585625698338,0.28303404841523855
163,0.23200459551455097,0.648915496479873,0.002759494086860161,0.07675560601145424,0.03956480790726169
164,0.12057051938647592,0.68795861970789,0.0036342039573417782,0.1441923864017879,0.04364427054650444
165,0.0727509334364589,0.890253267020573,0.006248037267405857,0.01678382273759522,0.013963939537967074
166,0.18768028113381863,0.5258642695915707,0.004118879500719843,0.12149579597988934,0.1608407737940014
167,0.3319553376260339,0.2485237402731784,0.0015138259098392427,0.1318819452441625,0.286125150946786
168,0.3718596228119522,0.27029233421243115,0.0026260656681800824,0.07191526632374992,0.28330671098368676
169,0.10477782959422903,0.051872982183534574,0.00031778721974131486,0.015304033027463203,0.8277273679750318
170,0.49033623871216403,0.1984786287629206,0.0005740581481142439,0.0418651754695022,0.26874589890729894
171,0.5142722604316237,0.35059516590521417,0.0032220501600435806,0.03368664603887426,0.09822387746424446
172,0.028599331398836154,0.9020445797451163,0.05813575122676002,0.005888862121955481,0.005331475507332255
173,0.10508645639916586,0.05667758401949728,0.0006492821269143726,0.06292894552394909,0.7746577319304734
174,0.049852063155040836,0.018712955090246754,8.767772019399139e-05,0.011574568093552244,0.9197727359409662
175,0.01456416431726956,0.013534887696238266,1.3679639307143976e-05,0.004619370305217332,0.9672678980419676
176,0.020261570386638797,0.003917945302411526,7.75393576760759e-06,0.002138816293662702,0.9736739140815194
177,0.2833233367526349,0.018434901875658286,3.62002643704454e-05,0.011804044243591471,0.686401516863745
178,0.5648236413286779,0.0815067306658401,0.00030888700936261706,0.006925866589396398,0.34643487440672305
179,0.5018259230785977,0.4303992994373727,0.0014280407134996819,0.03478629249482984,0.03156044427570007
180,0.3191688808464387,0.08088348375555947,0.00036026227930841117,0.05725987031892231,0.5423275027997712
181,0.12591564779108583,0.8083885693992308,0.01285190704102573,0.030935419798352935,0.021908455970304563
182,0.39455336877965397,0.20719533004549362,0.0015320918862211932,0.09906907503483026,0.297650134253801
183,0.542478300954795,0.23449342620027794,0.0014650655934873745,0.07888821713794457,0.14267499011349516
184,0.03242446887207922,0.9002527886162074,0.037327810574062405,0.024722035983793342,0.005272895953857558
185,0.06133869778764078,0.9018692683099091,0.002465900835557276,0.016803756719901707,0.017522376346991036
186,0.15969908833420382,0.13456292167726416,0.0024118656349970914,0.05857413552643486,0.6447519888271
187,0.2721741492258294,0.2810871082137662,0.004432467421320051,0.04226171159813572,0.4000445635409486
188,0.46858613902859686,0.31162002581158427,0.0018248914813154917,0.07971865679544145,0.13825028688306185
189,0.12075718677099749,0.3964563660089395,0.0032133059697198496,0.008317622909826934,0.4712555183405162
190,0.001914528911283569,0.00353684269263977,0.00023008864871424943,0.0002918636603299102,0.9940266760870325
191,0.0014420970461652895,0.0014960657273112921,8.491848514780826e-06,0.0014452629233476003,0.9956080824546609
192,0.00212928363001172,0.0012256273131919522,6.861961901732038e-06,0.0003898357755765644,0.996248391319318
193,0.0020883260527968313,0.0006690622573903455,5.127565621824254e-06,0.00037264640600660846,0.9968648377181843
194,0.002569173831549403,0.0005861444359845534,6.127594149543754e-06,0.0006170024748695169,0.9962215516634471
195,0.004554943774139931,0.0007671889167399106,1.0935564481700477e-05,0.0012490295267465939,0.993417902217892
196,0.007146586239360968,0.0017813844669653171,2.7669895148402954e-05,0.0015080204467894183,0.9895363389517359
197,0.04603199558318261,0.007120034089785448,2.7956171275191964e-05,0.006759643613349079,0.9400603705424077
198,0.010940033565868283,0.0026719034914703408,4.450324549401293e-06,0.0023642903932405658,0.9840193222248713
199,0.0016069019120876378,0.0009578649870433814,8.273441777636715e-07,0.0010252171694335138,0.9964091885872578
200,0.001622482490334777,0.00044954171502088356,8.561142605425295e-07,0.001529377845968581,0.9963977418344151
201,0.0024669884820719286,0.0014761474582954768,6.216931309017998e-06,0.0016579693260556294,0.9943926778022679
202,0.0038834415947012297,0.0010407047465655144,3.653821751358494e-06,0.00262156331973449,0.9924506365172475
203,0.0030159971070554065,0.0010659170176672038,4.694259534389877e-06,0.003446150867155687,0.9924672407485874
204,0.003719994030491243,0.0011833466392591552,7.1249718302192994e-06,0.006081987743422399,0.9890075466149969
205,0.003639328646608778,0.0010166803534159806,6.648554265012933e-06,0.005399186824909988,0.9899381556208002
206,0.0011764976413786662,0.0008951535801096534,1.0557621123205609e-05,0.004114743881578827,0.9938030472758097
207,0.02224873564814968,0.0026218006687025405,1.9094763222905215e-05,0.013424380901640321,0.9616859880182846
208,0.02595624651806549,0.0025612517213140667,1.2492462616198128e-05,0.013382089878491705,0.9580879194195125
209,0.06584153754108024,0.005173561053603964,2.3811741377391962e-05,0.023641416776861778,0.9053196728870766
210,0.00408488875670956,0.0023042417733940574,6.100489975685761e-06,0.009877577109409652,0.9837271918705109
211,0.029790067638883415,0.003153118015464648,8.038225317184859e-06,0.0322583893286724,0.9347903867916624
212,0.13045243519316638,0.015385070336139407,2.5000272578087334e-05,0.06432339578872236,0.7898140984093938
213,0.03335945150200187,0.014339826096950876,1.692493761623767e-05,0.021649694076492355,0.9306341033869387
214,0.3495374834122655,0.04803470147220457,9.82872562739605e-05,0.2362105943830336,0.36611893347622243
215,0.02426713643579494,0.010019501159172654,1.4189475742916772e-05,0.029076429154258464,0.9366227437750311
216,0.1601781872175598,0.07196684962550289,7.806272280245354e-05,0.0636316086837908,0.7041452917503441
217,0.27736105397076294,0.19147803954434378,0.00011422112538875144,0.188766502593214,0.3422801827662904
218,0.27699936360837557,0.20102608292647886,0.00014187211232343788,0.37285672094719924,0.14897596040562283
219,0.08259327640610428,0.1149105882983766,0.00022750191293706225,0.19423857077000398,0.6080300626125781
220,0.20550669236492705,0.10013103740859058,0.00016607400239907358,0.5100444345141268,0.1841517617099564
221,0.21480806368575997,0.16581625318319115,0.00029996025040872446,0.5277346368167947,0.09134108606384551
222,0.26567543719374004,0.2774681694222413,0.00026958549961222147,0.3790024976168441,0.07758431026756232
223,0.13237358190484008,0.3649173175311272,0.0002017044063189644,0.3892317678019484,0.11327562835576512
224,0.11163739735464188,0.17696223121795565,0.0002522582503730981,0.48902958257326323,0.22211853060376616
225,0.10810969812327054,0.16342329199849143,0.00022459591562286083,0.43396449548875293,0.29427791847386214
226,0.17139543043079059,0.1335791267768967,0.0003462816164088173,0.4570228310370793,0.2376563301388246
227,0.17627749198344705,0.3646330660575752,0.00024135481951732322,0.42824463137579805,0.03060345576366243
228,0.07679073711833924,0.08141672388788265,0.0007264545364760151,0.1997626528939386,0.6413034315633636
229,0.2262423936088701,0.18956825096290877,0.00023966208469471215,0.47548266256110633,0.10846703078242008
230,0.058648267308047015,0.5846942966096885,0.0011217138776720668,0.19625825991139528,0.15927746229319711
231,0.2194389188341006,0.1184131152224912,0.0004430036873614105,0.14109129913371127,0.5206136631223355
232,0.1726382018594248,0.153766863191178,0.00034006934085492905,0.11239629008980696,0.5608585755187353
233,0.6304428464325735,0.19087536261372126,0.00033515073618384564,0.03278169546603598,0.1455649447514853
234,0.09967526306864967,0.8863918777287287,0.002023903477280135,0.006428843303876404,0.005480112421465255
235,0.39932047946249244,0.436115560055507,0.0005483373958206282,0.017814901504565432,0.14620072158161454
236,0.21509055151709822,0.6811548137488729,0.0007700792835626689,0.011621585436319288,0.09136297001414691
237,0.02898689982658686,0.9473846323398742,0.005522499242788074,0.014292241489011447,0.003813727101739343
238,0.2645226546558742,0.2995583162744448,0.000901037379701929,0.023490845936163084,0.41152714575381594
239,0.014506834087077081,0.9708443378782963,0.0051862343476160415,0.00536320696654452,0.004099386720465942
240,0.19455457819366662,0.5121911055037135,0.0008927356981996739,0.04916520546366485,0.24319637514075532
241,0.10613645302747829,0.8316885540208587,0.006027409596586447,0.044937596414614346,0.011209986940462234
242,0.025480654581722228,0.22607116981751815,0.0066375640068646125,0.007957602170645285,0.7338530094232497
243,0.05318737393893985,0.05976022718908509,0.0002324418511896515,0.05689222216112382,0.8299277348596616
244,0.019775062227216172,0.04167565556977972,0.00023115755195902987,0.020645828250856924,0.9176722964001881
245,0.1146115556384212,0.02449188655679965,0.00014105918339334564,0.03551853593107757,0.8252369626903082
246,0.2994880771724036,0.1377863691604028,0.00017204710700995075,0.04906624546690199,0.5134872610932817
247,0.35446184225098026,0.0798603214568787,0.00010448509513909632,0.08961285616379779,0.47596049503320426
248,0.13316202193779425,0.29429446643105056,0.000481338817653483,0.08911898651631023,0.48294318629719146
249,0.4554792849524673,0.12356044500100817,0.00024307429103742913,0.15320733917408552,0.26750985658140164
250,0.30540082912695604,0.38320564042185246,0.0003486327125814635,0.26847496327239917,0.04256993446621093
251,0.1668021759162026,0.27095146594083674,0.00018218414005572353,0.08087317185735853,0.48119100214554644
252,0.06613800533562665,0.9084119459862929,0.0008048903511446069,0.017205171944846824,0.007439986382088992
253,0.17133774774618554,0.3025553310012727,0.0002621854489935674,0.035017147623502984,0.49082758818004535
254,0.05319366997832606,0.8695794702096385,0.0007768091065510123,0.03526143053302546,0.041188620172458966
255,0.2967033535267458,0.5147322878326461,0.00043776650881696395,0.049687473444620905,0.13843911868717007
256,0.05758993906816137,0.9189054590359823,0.0006448329806301895,0.016565892234050146,0.006293876681175951
257,0.06128788363812835,0.5262324010568342,0.0013894671873359646,0.024813313217686178,0.3862769349000153
258,0.08004135877158242,0.8040814410322733,0.0007640723957687405,0.028299499157081794,0.08681362864329371
259,0.11459017662749879,0.4820672487711264,0.0006640594456144061,0.10792241750025197,0.2947560976555084
260,0.19992745391380132,0.1454117140426174,0.0003145395866630093,0.1945709986266361,0.45977529383028237
261,0.050051010029753464,0.06657414291617089,0.0004775107990256817,0.05770177142943725,0.8251955648256127
262,0.02153601862471209,0.017610434079783983,5.594400153487138e-05,0.023031285180063556,0.9377663181139054
263,0.18776755911519077,0.05421771040403362,0.00011427756609818636,0.08196021242964918,0.6759402404850282
264,0.49684437749366456,0.0696999636759159,0.00012631689009943856,0.21155782454794614,0.22177151739237394
265,0.04702963034554067,0.02715819386613255,3.0625892714943505e-05,0.07291304028865271,0.852868509606959
266,0.1802083541704858,0.05286939964736778,7.120179061532616e-05,0.2048395316541309,0.5620115127374001
267,0.16355956896772086,0.08911779547558044,7.688893550015916e-05,0.19198035797574187,0.5552653886454567
268,0.43954782910116286,0.1329807335291342,9.86157583139078e-05,0.32072062960566095,0.10665219200572822
269,0.1774394199506871,0.30636011965139315,0.00018612875522536158,0.4610059642060778,0.05500836743661647
270,0.13763352749444935,0.10497014158183064,0.00015590766525479987,0.491964639552424,0.26527578370604127
271,0.16685737314779897,0.16206343210254082,0.000160141335497113,0.5866743910703656,0.0842446623437975
272,0.10543695003009103,0.31916605196090747,0.00033403099637284537,0.5490510818850614,0.02601188512756729
273,0.15561359594498414,0.1283046439127158,0.0002470987982828967,0.37933328247710696,0.3365013788669102
274,0.07937418328703155,0.11281950048208368,0.0002556036915265453,0.16882809322010356,0.6387226193192546
275,0.16123163741389532,0.09271165182814053,0.00017465640892959456,0.2128396536248072,0.5330424007242274
276,0.08975323177470881,0.09734252195730904,0.00020717278176821956,0.06036510768730721,0.7523319657989067
277,0.0578039080388834,0.04272103565386132,0.00013132885774239602,0.05219467003195565,0.8471490574175573
278,0.02626828723001595,0.015121827482989014,0.0002657863972929365,0.027874152501308324,0.9304699463883938
279,0.024851748538579643,0.013813030198683095,3.246176463083521e-05,0.03357761698521523,0.9277251425128913
280,0.0031430696630713587,0.0040280652361116935,4.451157269856839e-06,0.004134059681188056,0.988690354262359
281,0.01616782026577919,0.008733878968156132,2.224714302206033e-05,0.007574658666088666,0.9675013949569539
282,0.007690273720343804,0.006422245385994439,6.083836292503677e-06,0.003056349680706159,0.9828250473766631
283,0.015509352472490294,0.0068146900914901375,2.3105541945307905e-05,0.003995475996542221,0.973657375897532
284,0.006759224654187154,0.0037727858691131238,3.743088852058776e-05,0.0018061543362344575,0.9876244042519446
285,0.0298219726831161,0.01478546951575246,4.673278764820037e-05,0.00916495866548608,0.9461808663479973
286,0.07816512855089149,0.027995072026223186,6.987230424839737e-05,0.011931534850779494,0.8818383922678574
287,0.16152763234211348,0.03904039840703988,5.6710668915881017e-05,0.014492873620282922,0.7848823849616477
288,0.3639437284467439,0.22573128582107455,0.0002909741644983846,0.024015457739074604,0.38601855382860856
289,0.08391487101887084,0.8838676778146394,0.0011585195900736779,0.010786817671252705,0.020272113905163362
290,0.2649799285416283,0.576906810574811,0.0003499824094798819,0.0579361585727196,0.09982711990136131
291,0.15551133949188187,0.5908926679657458,0.0008555241447262114,0.027363258791302282,0.22537720960634375
292,0.14725825224112923,0.7785214772516081,0.0008147054315020718,0.04818958258166275,0.025215982494097854
293,0.26014579419355466,0.656716380725215,0.000598669085650229,0.0515161900134242,0.03102296598215599
294,0.17661481619162953,0.726396404214662,0.0020666122865804193,0.023152641353229843,0.07176952595389816
295,0.06162758458888786,0.8646634824579024,0.0016114092201132781,0.06085783220907434,0.011239691524022216
296,0.344386190946797,0.29766968291005896,0.00047335415137558914,0.01734747661810627,0.3401232953736622
297,0.23379012398926974,0.2269946019328513,0.0003147388186172501,0.01684842333511856,0.5220521119241431
298,0.04171815674716159,0.947780536528371,0.0006129064875937573,0.003547836748775391,0.006340563488097873
299,0.21259237466765069,0.7119199350993668,0.001645851095302614,0.007409807855635224,0.06643203128204457
300,0.018382622524940107,0.9191703843109761,0.04896738946238545,0.005367974662131186,0.008111629039567452
301,0.21447899099402315,0.27275274815900474,0.0009746873809413737,0.02138153900715924,0.4904120344588716
302,0.05935482674928265,0.6424867525249489,0.0012663412577377721,0.006482029241787633,0.290410050226243
303,0.4204277527237301,0.39854631436749777,0.0005562342585384391,0.03507042691022457,0.14539927174000894
304,0.07709889715492682,0.1575785864506288,0.0011824655949500594,0.005888175198089702,0.7582518756014046
305,0.2903070480704151,0.3175054303196071,0.007210818794855291,0.014072052845952143,0.3709046499691704
306,0.143282359461078,0.05039894491879989,0.0016486753364636905,0.008133960599204513,0.796536059684454
307,0.12527611476775588,0.4226013337968155,0.006539766848656735,0.0039296853459713415,0.44165309924080054
308,0.20358058592394335,0.6556977169948711,0.0036873743508569223,0.03179076896261271,0.10524355376771607
309,0.030139526154500957,0.03351910681148877,0.0015250233560674142,0.0023553404015392953,0.9324610032764036
310,0.11231946637268711,0.07676261486745829,0.0033221295200972717,0.012525384722836066,0.7950704045169211
311,0.25274604398070666,0.5540084287550077,0.005765749623305483,0.08627755872022562,0.10120221892075448
312,0.06739148270402594,0.084911949188248,0.012800077219160051,0.007197890329573001,0.8276986005589929
313,0.014466045875254433,0.011461136008462783,0.00035834033866552023,0.006931640232060751,0.9667828375455565
314,0.012748140036102692,0.015391423824526334,0.000167501333089923,0.004184326077572288,0.9675086087287088
315,0.282315213228152,0.19053405962525305,0.0007333854037355914,0.035738524510017106,0.4906788172328422
316,0.0025172257070105878,0.002115707806630865,0.0002538770212794091,0.0007631633468570506,0.9943500261182221
317,0.008560561217880673,0.0046600207201168585,1.014668083312555e-05,0.003195812816603435,0.9835734585645658
318,0.03466336921788494,0.008391920413767523,4.164229636943315e-05,0.004136500464837054,0.9527665676071411
319,0.014808420163610028,0.002854941555711286,1.1924355207926689e-05,0.0016691017431656563,0.980655612182305
320,0.07331782868123939,0.014290799779749406,2.927668260590491e-05,0.00980354952488816,0.9025585453315171
321,0.03282713782124709,0.014644113380985218,1.8818758023491915e-05,0.00917445565057016,0.943335474389174
322,0.5043348621148461,0.06151740755392507,7.962449670781333e-05,0.058467920427108105,0.375600185407413
323,0.4658951126372648,0.17064379786992578,0.00011944690889528981,0.13671036902483108,0.226631273559083
324,0.31013756570175915,0.2462031058084398,0.00013872261611217173,0.14973549148016257,0.29378511439352634
325,0.2540687107733394,0.5013672147399937,0.0002642004583354632,0.18894723257421941,0.05535264145411195
326,0.07837752524286538,0.0827660311918145,0.0007599396531317049,0.04356626534576112,0.7945302385664273
327,0.03195822608161455,0.02596346309031908,0.00022882804059148117,0.012791240727446503,0.9290582420600285
328,0.16532626035652895,0.26371027910072453,0.0004392795446238413,0.04042306138329765,0.530101119614825
329,0.0320235187413305,0.05096565641704587,0.00030304780111133073,0.0038148321182771916,0.9128929449222352
330,0.14250453978933722,0.8028695218439458,0.0020509662712105067,0.020912655426007894,0.03166231666949845
331,0.04321838690162235,0.24873760736167413,0.001182140563122341,0.016532165735390143,0.6903296994381911
332,0.016182605300428997,0.051893819989404774,0.006011353383332119,0.003711719698214697,0.9222005016286193
333,0.02051586241597855,0.03355606898506846,0.0017524237314350123,0.008454818823795722,0.9357208260437223
334,0.034210456844757264,0.05638620964773524,0.009664718938759505,0.004524761140225409,0.8952138534285226
335,0.014889770526820298,0.010862187991806469,0.0006401069973017471,0.0023830853152847927,0.9712248491687868
336,0.003115489832585878,0.003568421310956912,0.00010616135302028319,0.0007249522399093848,0.9924849752635276
337,0.017425638763608475,0.007632030000667289,0.00037183698304720794,0.0016862804414491442,0.9728842138112279
338,0.05786377178000855,0.008931811722608091,0.00036044648688151937,0.0037676253347127637,0.9290763446757891
339,0.6622144681420865,0.039668502429304905,4.2473900347874575e-05,0.03490051302702837,0.26317404250123244
340,0.18629601533801768,0.027810653100053966,2.8145142161092772e-05,0.020760406990243122,0.765104779429524
341,0.4642687960381942,0.09470911935594396,8.641601855802494e-05,0.01497245910936937,0.4259632094779344
342,0.5024553352421312,0.3613119074219858,0.00013706556336802865,0.09109713050402174,0.04499856126849334
343,0.26492638862875095,0.6689529519342133,0.00021528057361601096,0.026488497979316517,0.03941688088410299
344,0.06345507290819859,0.9240694921016359,0.00023744839793556554,0.006330363006328516,0.005907623585901554
345,0.2923683426532546,0.6169844721180988,0.0004983733957223258,0.03826459478132278,0.05188421705160143
346,0.0475664725282551,0.9289072302201025,0.0007455319749846469,0.016246465725093615,0.006534299551564271
347,0.1639044515813804,0.5586747410722396,0.0005914326560901072,0.037527441870307446,0.23930193281998247
348,0.09444089222678861,0.6408235604034976,0.011797529098502292,0.025557946290881945,0.2273800719803294
349,0.0024440317945958116,0.006797949343296518,0.00035357577429026874,0.0013353999666927735,0.9890690431211246
350,0.007408637044192059,0.015968358556116544,0.0004349012052955878,0.004967399416173854,0.971220703778222
351,0.001314908463393679,0.0030118090067207523,0.00047078894104595934,0.00021229735022883494,0.9949901962386107
352,0.02459372477939373,0.008145516289159648,0.0017162796596649097,0.002631693396083448,0.9629127858756983
353,0.024137276606749702,0.005642678664807187,9.473502496221835e-05,0.0004912249583147902,0.9696340847451662
354,0.002076099740227579,0.004176279694738269,0.0010936618452882874,0.0005876695003986861,0.9920662892193471
355,0.0010705577805545689,0.0005377925742372038,1.595251242858804e-05,0.0005023310483867216,0.9978733660843929
356,0.00586130258969975,0.008320043827736113,0.0001589878019705641,0.0028552653448022276,0.9828044004357914
357,0.004307164088401117,0.011074153366940693,0.0015356749386974333,0.0018935149890166962,0.9811894926169441
358,0.006246000284275477,0.0122330818087243,0.002332114814948125,0.002215465533954678,0.9769733375580975
359,0.12479448789776189,0.03776080865906726,0.019691474169302725,0.01745589703443538,0.8002973322394328
360,0.0237121762007561,0.0012788494159176231,6.872723005627788e-05,0.019572265475685156,0.9553679816775849
361,0.007039703166854186,0.0005427899292386142,0.0004001075983032669,0.0007361410110897849,0.9912812582945142
362,0.002438438640007457,0.00027092667705101324,3.3986246393183024e-06,0.0008307418486695973,0.9964564942096327
363,0.001800506850794312,0.0002024311189693003,7.352162679330122e-07,0.0005458203057150191,0.9974505065082534
364,0.0041629807968354875,0.0005934954747806607,1.2016814161400245e-06,0.0015512572049239017,0.9936910648420438
365,0.00695199201891344,0.0012185323669791912,2.5699174447318376e-06,0.0011013833879037751,0.990725522308759
366,0.0038867460899643155,0.0012114997098161048,1.1224203188481404e-05,0.0016167522832412,0.9932737777137898
367,0.008268057845990306,0.0025533359643090483,3.4433285908391384e-05,0.007452338917994186,0.981691833985798
368,0.019639896643074514,0.006881553603227753,5.517315254714587e-05,0.016271630725491395,0.9571517458756592
369,0.0019597163671551576,0.0011725195705338655,0.6390946984399727,0.0047920661973732395,0.35298099942496497
370,0.0008582337109037403,0.0009471490173148465,0.622236564330872,0.0037225985042870064,0.37223545443662237
371,0.00400874451646493,0.0017019184972381115,0.39654489903694734,0.006369542817339667,0.5913748951320099
372,0.006677131665010445,0.0021152508834053605,1.2264700593229487e-05,0.017111032367097778,0.9740843203838933
373,0.005135085041824327,0.001585492093753124,7.726941606806715e-06,0.009061824112137039,0.9842098718106786
374,0.007922156396513079,0.0031912561525229556,6.047284492406963e-06,0.008986618986984347,0.9798939211794873
375,0.03890609158454011,0.006815833019725404,3.0246081285062423e-05,0.050735466428830756,0.9035123628856188
