epoch,N1,N2,N3,R,W
0,0.0020186872192152483,7.292338345212882e-05,1.1464650953718213e-06,1.6540796157672993e-05,0.9978907021360796
1,0.0008823256301878774,3.4521487292869755e-05,1.267553772592317e-06,3.0672080108572364e-05,0.999051213248638
2,0.004833370187665658,0.0029314125088016436,3.7782372473237543e-07,1.4143854544749033e-05,0.9922206956252633
3,0.015013143534600877,0.005989847733471821,3.004466021041022e-07,4.001144657894693e-05,0.9789566968387462
4,0.004696278112042728,0.004539377881867291,1.5238930115173435e-06,6.230543380955351e-05,0.9907005146792689
5,0.00884110097690059,0.0025885819235821053,1.0767709085373262e-07,6.757353411734605e-05,0.9885026358883091
6,0.04855227833330906,0.06055091672168654,1.5170474639068033e-05,0.0009071637656432676,0.8899744707047219
7,0.09621773642686426,0.014979650873424207,1.0405797728991167e-06,0.0007481534248871588,0.8880534186950515
8,0.03566749167554022,0.0011080000403702176,6.265309455707453e-06,0.0009855339217034768,0.9622327090529303
9,0.3471225997450036,0.010875208605271764,2.09338235765831e-05,0.013652216083439278,0.6283290417427088
10,0.07546816950220543,0.0037193446198847233,1.569194485310406e-05,0.0024046271228390435,0.9183921668102177
11,0.533620755666826,0.03562622518315336,9.986742878714605e-05,0.018173231162904795,0.41247992055832866
12,0.23858463969053334,0.03133488917503327,0.00011068140041019165,0.015637759762123983,0.7143320299718992
13,0.5765883814303465,0.07950102339283124,0.000772869574533166,0.030708530974990936,0.31242919462729823
14,0.1442433010443283,0.1711095856069997,0.003391138227344498,0.027554363035044004,0.6537016120862835
15,0.21101921571994087,0.151399814341339,0.004447841670693127,0.02995876758510794,0.603174360682919
16,0.261507624573168,0.1363713469265163,0.0010696366079006841,0.013858717184715565,0.5871926747076994
17,0.12418407373505709,0.5298239241971844,0.04757504207829638,0.01617585021405063,0.28224110977541167
18,0.3703999474645462,0.2264603561255445,0.008593112507092302,0.025745273984943907,0.368801309917873
19,0.5187274698609087,0.31013540579388854,0.01460768192661283,0.00968844887266557,0.14684099354592425
20,0.2034908448773991,0.3857649533113258,0.07690106729245309,0.008238692612424403,0.32560444190639753
21,0.4948398563044374,0.30797188435338796,0.02320300594586959,0.006835196615548713,0.1671500567807563
22,0.32668188777657775,0.4880785845791864,0.015543261293262575,0.02145002523609356,0.14824624111487977
23,0.36349610708048874,0.39032572787190156,0.020662869399161166,0.014747739062069172,0.21076755658637936
24,0.02506535655375853,0.8038209785868562,0.117337162306053,0.002637468349965606,0.05113903420336681
25,0.009592302759074581,0.006602565717807124,0.00015750115109531795,0.0004361164316508231,0.9832115139403722
26,0.046902323080509636,0.18794226365060884,0.003480840762037462,0.0018907065689611068,0.759783865937883
27,0.02966576152972334,0.5199259525267035,0.014703306860614907,0.001272574722352883,0.43443240436060543
28,0.0005678909333552509,0.000541983927994891,0.00010119287907886362,6.009342798465398e-05,0.9987288388315864
29,0.0018186400686631295,0.0007410489003784474,8.823113741868361e-05,5.708151496821e-05,0.9972949983785715
30,0.002668451404030353,0.00040049647481265455,6.625043167771381e-07,7.525030173806573e-05,0.9968551393151022
31,0.02950146256530819,0.00037044456042949355,1.4010398767225454e-06,3.5492021079941244e-05,0.9700911998133057
32,0.18934708731302966,0.008872482260812836,8.409549343133222e-06,0.00013055089985481683,0.8016414699769596
33,0.25498088411843217,0.007534335898397456,7.276657220575171e-05,8.752365687526398e-05,0.7373244897540894
34,0.5017548434215924,0.018884013670082342,0.00045225657056501906,0.0005301622699310475,0.4783787240678292
35,0.35111370292161875,0.07839392682080486,0.002006302864643006,0.0041817911257990455,0.5643042762671343
36,0.626344504916286,0.1037132790109369,0.004362919132397261,0.007441355886801183,0.25813794105357885
37,0.5020055124812642,0.16017784775643956,0.0014853666462002252,0.033988405870344025,0.3023428672457519
38,0.36116585755820046,0.5221954679541266,0.001477648597755402,0.024784658613544397,0.09037636727637303
39,0.1209002345892005,0.8290776971011564,0.00895891153386934,0.004068676196957327,0.03699448057881672
40,0.39402514493477625,0.36977638129739754,0.0005817559430112239,0.0017590457035957022,0.23385767212121947
41,0.14071744749374512,0.8099257070648654,0.02305921321594394,0.0013544058299126663,0.02494322639553295
42,0.12019884855884659,0.8553927498863823,0.006030289926590195,0.0017092270747041446,0.016668884553476884
43,0.02269994023982464,0.9414329641322728,0.02735362922536209,0.00016909028392068752,0.008344376118619778
44,0.019005300823033127,0.7256690563646067,0.23287325752356533,0.00026975301012432327,0.022182632278670622
45,0.012684628084799638,0.5759936972585862,0.39263339069524417,0.0002851598296918015,0.018403124131678238
46,0.012066313773377394,0.8329270640795541,0.14085771733617453,8.005430559541151e-05,0.014068850505298632
47,0.3151681592005083,0.39694790176713185,0.17475960421392575,0.00035193198808485486,0.11277240283034913
48,0.06139519089157861,0.661867543131446,0.23308724216582624,0.00011011066721584606,0.043539913143933164
49,0.03665689300222831,0.4012941718463907,0.531480134832029,0.00019125735503973144,0.03037754296431217
50,0.014460689461001623,0.2690984307253003,0.6964494726353068,0.0001368538250470448,0.019854553353344198
51,0.006211437640656383,0.2795560217120853,0.7057852855125166,5.585124572768406e-05,0.008391403889013983
52,0.002187407502625412,0.17631104406334386,0.8154732564350026,3.953669571655356e-05,0.00598875530331161
53,0.004224372063806861,0.14777460731385914,0.8414684652502756,3.9268553151080513e-05,0.006493286818907432
54,0.001219426361523013,0.08051671528166507,0.9153212622511306,1.4646756178547047e-05,0.002927949349502558
55,0.002108700162246898,0.13039320992065637,0.8638147732861726,2.2095741831700148e-05,0.003661220889092221
56,0.0021663659703017217,0.09229756472667337,0.9007020388940541,2.8164837686515528e-05,0.0048058655712843006
57,0.0016545494158956755,0.07423107252460069,0.915666890288121,2.1195395839525223e-05,0.00842629237554317
58,0.0016906788095937574,0.060095432732841826,0.9277887829083745,2.7526601866318994e-05,0.010397578947323701
59,0.000572912466706684,0.030794798329692764,0.9661087027949737,2.0253213738769536e-05,0.00250333319488799
60,0.0014680436160018698,0.06723313965619931,0.917681392438553,9.189500450497971e-05,0.013525529284740658
61,0.0015532575756543048,0.06789764612994877,0.9192977899627484,0.00022781411458869808,0.011023492217059738
62,0.019097476565393456,0.2379726541055912,0.4235554945822672,0.0004179401803353036,0.3189564345664127
63,0.03760389176724436,0.03611863018795401,0.0017327893164035312,0.0003381271403026018,0.9242065615880956
64,0.619686542460867,0.2780774593907265,0.0049525331053796705,0.004244932134612873,0.09303853290841384
65,0.7065740916024068,0.2652534368981586,0.004071144788674069,0.0007378736149358186,0.02336345309582469
66,0.21226472234730734,0.6879114528662439,0.08104856496921689,0.0006777724781076211,0.01809748733912444
67,0.12965879479821726,0.8045869418102359,0.012870363883447514,0.004168965590352329,0.04871493391774685
68,0.04567872172230233,0.7694394889977338,0.15345774296302964,0.0010531787428185487,0.030370867574115442
69,0.2222294898563159,0.6989646555528534,0.023805798819584004,0.004891847123076625,0.05010820864817015
70,0.062423502080167045,0.8049413899546763,0.11236311508905089,0.0013403880701401345,0.018931604805965594
71,0.16938956438952157,0.729511255375294,0.02552110512337248,0.0021925223204541182,0.07338555279135779
72,0.20462216264807306,0.696662472939784,0.059629584385681896,0.0017196627399890187,0.03736611728647192
73,0.1313672779068122,0.5772409820753813,0.20785576542468656,0.0017306311970513007,0.0818053433960685
74,0.4284130798789225,0.30374093182641887,0.005917984285620167,0.0032908340997593257,0.258637169909279
75,0.19496646024806563,0.6564393880509471,0.047100868554322224,0.0030112310731022192,0.09848205207356286
76,0.4128757242951175,0.3852932233896068,0.03761762783203008,0.003542062607691243,0.16067136187555422
77,0.43971396851251804,0.503136811294234,0.009735420336981937,0.0038604753443988505,0.04355332451186712
78,0.041542548090366505,0.7334550663770615,0.15128491951025586,0.0014771213816984314,0.07224034464061792
79,0.33017360916605354,0.33292166775465587,0.010990579486209255,0.0022347021142587807,0.3236794414788223
80,0.1834411693588814,0.4570692114069128,0.019900077753067073,0.0017857769710483105,0.3378037645100904
81,0.3775809012210381,0.31974550736109547,0.009320961532916406,0.004031642229702253,0.28932098765524783
82,0.31254474339482624,0.5816433148115375,0.03357238241653429,0.0023170063585104435,0.06992255301859152
83,0.3813645183770174,0.45346333085702273,0.005451689028312564,0.002225792686666927,0.1574946690509805
84,0.40788675422524384,0.34780363444175694,0.028108446751875564,0.0034458000218325715,0.21275536455929103
85,0.09005262866022602,0.7700170515858352,0.12855190611599973,0.0014084733463775119,0.009969940291561646
86,0.17717460841089003,0.6929346826625457,0.08602727402084549,0.0019336471621902143,0.041929787743528714
87,0.09901815077288695,0.77246054356261,0.11835389225169053,0.0017170966570700704,0.008450316755742444
88,0.07255682758945432,0.6594817320687967,0.22632424270156282,0.001006439944435915,0.04063075769575032
89,0.013343175995821079,0.47047459804273856,0.49712603421813906,0.0006073295790134814,0.01844886216428781
90,0.04258692297282507,0.6783459388807708,0.26391675867651615,0.00036736697166303746,0.014783012498224923
91,0.04455712332941537,0.6362859357109293,0.30472363036987815,0.0005828522339415526,0.013850458355835663
92,0.0014045203811235908,0.22527803434875282,0.768456316088152,0.00015024622877143358,0.004710882953199992
93,0.07015915479719265,0.3048306916322015,0.39919010482541506,0.0010294149565020351,0.2247906337886888
94,0.023013846200935658,0.8596319169973922,0.11192285663731977,0.0005549993689240808,0.00487638079542809
95,0.03401785720923767,0.6533136662430483,0.29351234839543733,0.0003492703120204623,0.018806857840256187
96,0.03355587887323308,0.7855097056063399,0.17447834313437852,0.0005854443005858947,0.005870628085462472
97,0.002183254809075989,0.717571307243237,0.27806838150486207,0.00013207033088701636,0.0020449861119380443
98,0.020078290288878184,0.6546095296257504,0.31148746257165366,0.0004567846711768295,0.01336793284254097
99,0.001852295059817268,0.44942759768503987,0.5462494896725324,0.0001673917495874188,0.002303225833023036
100,0.011440801866431745,0.7792636434184319,0.20305516449135697,0.00038240545555636986,0.005857984768222954
101,0.008197579593276338,0.7895511203255421,0.19382420825091595,0.0007135922662843019,0.007713499563981188
102,0.0034192863130597605,0.5219494755061437,0.4690271249916979,0.00041154837767398846,0.005192564811424535
103,0.1304915303081022,0.7352793603338691,0.07037765198764838,0.0012742546360485496,0.06257720273433184
104,0.005995143024100252,0.6985716446822221,0.29189303005217815,0.0001945683057839271,0.0033456139357154638
105,0.025351611742435328,0.9149329263649819,0.04420824561084966,0.00039856527896136684,0.015108651002771822
106,0.018574565379660218,0.8026721386022082,0.17407339213946657,0.0005360913804822301,0.004143812498182793
107,0.018885574769380256,0.6222163643926056,0.3345965274144443,0.0010892497914987364,0.023212283632070927
108,0.161971779922632,0.7093469384463285,0.08625261213897004,0.0024991024866879365,0.03992956700538163
109,0.0066449578554055025,0.6547844553031346,0.3322934750536498,0.0011565862406662485,0.005120525547143918
110,0.20847495479847286,0.4151704930332077,0.053756198428455464,0.014260894522505944,0.308337459217358
111,0.06565875577987593,0.8160670100892513,0.09231945623580072,0.007457590802537904,0.018497187092534013
112,0.029808417656228003,0.051781142186993326,0.00823604740530362,0.0026736579758856642,0.9075007347755893
113,0.04423553137238475,0.004261109290363493,0.00020624041494816784,0.0002802013469228546,0.9510169175753806
114,0.7315518296767164,0.2182518138748932,0.0017573846736653768,0.006546597918564002,0.041892373856161166
115,0.3570051970901037,0.303162705554617,0.0005596376486892478,0.0013474578980206201,0.33792500180856944
116,0.48748444424934534,0.4175724324755569,0.0075904617038921336,0.0007677044011223173,0.08658495717008315
117,0.3245493670360179,0.5865733270527396,0.004584919819367657,0.03457528868731948,0.049717097404555426
118,0.09137403435518478,0.8665471126905607,0.019943917085880513,0.007044354279060984,0.015090581589313265
119,0.24110387190189064,0.5016267016823989,0.0017211939223067475,0.11110919715039193,0.14443903534301183
120,0.03568748784728683,0.912015679141475,0.010103279188962333,0.036744046291554214,0.005449507530721692
121,0.21344212462794956,0.528213632477154,0.005734686703560128,0.019148322119616232,0.2334612340717202
122,0.16749780064505634,0.8149770230409797,0.004893880657748373,0.004435418407996172,0.008195877248219526
123,0.08876133872668698,0.8750248656932396,0.002990927382050162,0.008020235363290586,0.0252026328347325
124,0.29169806395408454,0.6327409746679078,0.005955405260918686,0.0065097982297213355,0.06309575788736772
125,0.03745852142286797,0.935599409188631,0.009503762606968568,0.0018073237638453815,0.01563098301768678
126,0.2970728090257502,0.6204509468010018,0.0008304052122270419,0.022841412657450072,0.05880442630357101
127,0.027796584259701263,0.953486000062059,0.005275345805135722,0.0012952813186202638,0.012146788554483881
128,0.052773422327720684,0.9290898320480917,0.003193467949290941,0.005242123377719361,0.00970115429717719
129,0.042296692343118836,0.9306360671804234,0.0035693324938377725,0.014853598419670306,0.008644309562949622
130,0.07990258701065032,0.4092117186595749,0.004730693737707901,0.005062384609691255,0.5010926159823758
131,0.02130000788267305,0.024339581790686012,7.774058899212775e-05,0.0008187885914621045,0.9534638811461867
132,0.7669846650145931,0.1758547131428341,0.00024286174127911698,0.007550552446076734,0.049367207655216704
133,0.37827481901225596,0.5957189546734581,0.0008838413073632235,0.0005274934476526785,0.02459489155927011
134,0.25836086534756797,0.7218799793336866,0.005062227061098765,0.00015045585309189253,0.014546472404554795
135,0.028989894565748752,0.9202913662963832,0.04701829735029479,0.000693132860174154,0.0030073089273990918
136,0.019018599810331372,0.90715980490086,0.06909278624190074,0.0009418105483455233,0.0037869984985622316
137,0.21543727099204465,0.7522848878959714,0.0034744332394472,0.0025712076009608785,0.026232200271575783
138,0.008308939600726907,0.9414335899974042,0.047870829852851314,0.0003118435192094375,0.0020747970298082654
139,0.009096374915353627,0.9526448687465364,0.03642467549226806,0.00024844443836934143,0.001585636407472637
140,0.001765394474055848,0.6616037359338813,0.3346098784401025,5.558297832465529e-05,0.001965408173635587
141,0.005298285721864193,0.9380924130041068,0.053937354766789854,0.00011969395803989948,0.002552252549199251
142,0.0024423244559950417,0.7789115533381847,0.2162887207254488,0.00015681337490707016,0.0022005881054643238
143,0.004499871902161099,0.779423300681064,0.2096390698211431,0.000374119773253896,0.0060636378223778865
144,0.003672946007698657,0.6754367450157167,0.3180152323863785,0.00016935155837989892,0.0027057250318262747
145,0.01489297721318682,0.7688885528266102,0.21287771012257467,0.0002006676274455404,0.0031400922101827364
146,0.0048687563591115045,0.5584363300238081,0.4332564376789824,0.00013532948715105057,0.0033031464509469546
147,0.003473747746798826,0.7061268649065409,0.2887894153079053,9.179332499950044e-05,0.0015181787137555883
148,0.002677149714866615,0.35499902736033734,0.6406845305284132,4.965250388226382e-05,0.0015896398925005497
149,0.0011947692079337842,0.11325427888007945,0.8843508601513985,1.8296161144264652e-05,0.001181795599443985
150,0.0006031499505677872,0.13378202143122117,0.8645987488307595,1.9404064436236504e-05,0.0009966757230153382
151,0.0015391638039187112,0.18869252814820334,0.8080606523581042,5.527168514986737e-05,0.0016523840046239492
152,0.0006841042196533951,0.14169462136733893,0.8564503621827626,2.8220643561176102e-05,0.0011426915866838826
153,0.0008096149946896016,0.1862313225095712,0.8095775898038718,2.3332680946741034e-05,0.003358140010920556
154,0.0002447998351162683,0.035667575668879625,0.963056799585791,7.753830519018138e-06,0.001023071079693977
155,0.00026373949866783633,0.03578109233674722,0.9629211575765747,1.1529126448664728e-05,0.0010224814615616567
156,0.00031258809907316003,0.024020353585301416,0.9741580156169237,1.0818723977510134e-05,0.0014982239747241461
157,0.00026819034127672836,0.03666529182020074,0.9621210093584617,1.1720045936909043e-05,0.0009337884341240283
158,0.00039179028885154304,0.06634299394039295,0.9325323426228876,1.178368399290612e-05,0.0007210894638750337
159,0.00020064004183022036,0.029624556158860754,0.9695586384862772,4.2897958130353034e-06,0.0006118755172187297
160,0.0002668601820793386,0.05690459380409268,0.9421672869818191,5.760384277579004e-06,0.0006554986477313892
161,0.0002237726819281225,0.0247486700590823,0.974330143853338,4.810030137544501e-06,0.0006926033755139398
162,0.0003901470701098505,0.03294058226913721,0.9655124720722835,8.8303856501079e-06,0.0011479682028194286
163,0.00047771459031110546,0.048675891503115125,0.9498899190501905,8.594846401936136e-06,0.0009478800099811117
164,0.00013167666454166164,0.02387622913266672,0.9754404556430104,4.242619460424867e-06,0.0005473959403208337
165,0.0031779608254946952,0.16657861850821007,0.826212283295996,7.688211071048429e-05,0.003954255259588616
166,0.001121421646785792,0.06023049700538419,0.936671538485071,8.891948258452661e-05,0.0018876233801744587
167,0.011365224311748827,0.6531289477834687,0.32885589607599075,0.0022716313302609584,0.004378300498530629
168,0.019175647641301148,0.9021109515675222,0.06895293062570712,0.005077661980344138,0.004682808185125433
169,0.038741003425135055,0.8850278984398813,0.021759309128492093,0.02535201904960135,0.02911976995689009
170,0.10282887899720689,0.7444140952366067,0.0019105571569228428,0.13839177086117022,0.012454697748093319
171,0.14631043933275847,0.4577164847475538,0.001049143811911168,0.35475442473794805,0.04016950736982864
172,0.19206675804609,0.11837905195124054,5.414579780916795e-05,0.6671743549847807,0.02232568922007955
173,0.1455449863735467,0.08660937666796611,6.697244315462546e-05,0.7527578503968492,0.015020814118483423
174,0.13823994152012356,0.08440557642970914,4.396727081098266e-05,0.7688576339445835,0.008452880834772919
175,0.06776365270188375,0.0691978706418698,0.00022390547951088493,0.856257108548714,0.00655746262802171
176,0.033316564137307055,0.056791349340311964,0.00010418048964405598,0.9047158207186763,0.005072085314060549
177,0.0565975075167627,0.18453008686634023,0.0002509927806660868,0.7494900519076655,0.009131360928565521
178,0.03723610452436402,0.03267929949758661,6.125763874095668e-05,0.9243704793749407,0.005652858964367729
179,0.06612348226469693,0.04282806764460154,0.00011782385357922029,0.8853034679283688,0.005627158308753463
180,0.0764672091613214,0.04444929411141671,6.697932606248281e-05,0.8724926163246318,0.0065239010765676545
181,0.049542340533440504,0.021491994599810466,2.1052756749582592e-05,0.9183734041304263,0.010571207979573057
182,0.08462510218377708,0.05081083372208553,0.00010764013472552241,0.7955027969708638,0.06895362698854805
183,0.2870128500549464,0.04312825046824147,0.000206667001533822,0.44769124144759953,0.22196099102767866
184,0.1268900608559121,0.01895925407652843,4.646427025124564e-05,0.8415568846664278,0.012547336130880472
185,0.2222955289893491,0.01907062657013346,4.264632278753486e-05,0.7412392866313755,0.017351911486354524
186,0.2078800646423908,0.0630932937441303,0.00027619721624571144,0.3950718418109882,0.3336786025862451
187,0.209275764692873,0.03801703668984146,8.365139922168523e-05,0.6345623241791378,0.1180612230389261
188,0.20311149978711043,0.020271029318165195,1.673047824127922e-05,0.7621293919933925,0.014471348423090504
189,0.15026237250981594,0.03083296070468324,9.871080840011977e-06,0.7962892251842276,0.022605570520433223
190,0.10620307504191762,0.030846896801128162,1.993646602237219e-05,0.8413291606787376,0.021600931012194072
191,0.06020868170375459,0.08913798698423622,4.212358265299818e-05,0.8438913357488029,0.006719871980553187
192,0.03344142939335319,0.03509640044629439,6.024078058963344e-05,0.9260535955602373,0.005348333819525648
193,0.032813476372052126,0.01680342153835912,2.0773400561934485e-05,0.9400218923989295,0.010340436290097343
194,0.025375104708566593,0.02763556866264219,1.7274247509823886e-05,0.9389593015986831,0.008012750782598277
195,0.0474872050198535,0.027493988568837748,3.822604785699933e-05,0.9062120827963547,0.018768497567097107
196,0.04783368567276191,0.015369160126513666,1.1306286628418828e-05,0.9279014962878617,0.008884351626234337
197,0.02604417363950622,0.020475153682743986,1.1270924089074052e-05,0.9496896661547884,0.0037797355988721548
198,0.02481185042598064,0.014052999046503768,3.307730267080832e-05,0.9528308139848665,0.008271259239978252
199,0.02333783043045546,0.01648302004195363,3.694758795344023e-05,0.9533303760251902,0.0068118259144472545
200,0.02985421511983742,0.014033532381042166,1.7619366851743836e-05,0.9520091584362488,0.0040854746960199174
201,0.029976363101542527,0.009843705712926818,1.273774162039415e-05,0.9570761859587472,0.00309100748516295
202,0.021578467379823357,0.007865914294726245,7.560375961570085e-06,0.9670684462168121,0.00347961173267678
203,0.035183036510340444,0.045400399854437425,1.9109920311773447e-05,0.9162829245382033,0.003114529176707052
204,0.036074379997593636,0.06455499607541988,3.107351754780579e-05,0.8856314387933425,0.013708111616096036
205,0.02101052106259666,0.020410743876254155,1.211265437837774e-05,0.954292978046182,0.004273644360588909
206,0.020865506566195152,0.05067237613057576,0.0001031315307002884,0.9205930232931453,0.007765962479383419
207,0.0302228305451096,0.0201051282338303,1.6488722410073424e-05,0.9421872736140371,0.00746827888461312
208,0.06473062541508849,0.027589039760121038,0.0002719581109875247,0.7979374109782135,0.1094709657355894
209,0.06628075530043358,0.036091213894554594,0.00016846285739985863,0.8029973719844933,0.0944621959631187
210,0.009580280769236142,0.00476741070975796,5.916093706326347e-05,0.002748132063911794,0.9828450155200309
211,0.8339839616645033,0.028665138111050988,3.764744019245764e-05,0.018678260487146325,0.11863499229710699
212,0.4854849234398383,0.07783744678199102,0.00020810340500165836,0.03879914449220603,0.3976703818809629
213,0.6950603614628215,0.1164994041447269,0.0001520087601001455,0.07831890525022356,0.10996932038212805
214,0.297020167416044,0.3502811200109681,0.0003964475575935666,0.13417705768977362,0.21812520732562088
215,0.42327939567144535,0.4696485216543854,0.002262127281242846,0.05159340432276782,0.053216551070158706
216,0.12902993523191753,0.8494166679346775,0.008359150357436727,0.0036404315193554987,0.009553814956612844
217,0.29558673098504895,0.6291114372883907,0.04201595984519955,0.012076641819198193,0.021209230062162576
218,0.09889627810658291,0.8186749872460589,0.06228641970353836,0.007809791874752442,0.012332523069067337
219,0.026757343913213882,0.8869044949096393,0.07520372716670055,0.005861219630058437,0.005273214380387946
220,0.04100349127152541,0.9188357161306839,0.029779186454980965,0.00322761056413835,0.007153995578671247
221,0.006148191435864394,0.9168681973259345,0.07393183580546492,0.001077462736367971,0.001974312696368191
222,0.01166111375828966,0.8842448275323448,0.0979160526586627,0.0016568063807768873,0.004521199669926009
223,0.020242777856412496,0.9305163016115924,0.04579202478571967,0.0013734655277423658,0.002075430218533104
224,0.011650400557122348,0.979373477200438,0.005793623846309051,0.001388647691717187,0.0017938507044135091
225,0.0060988367889382705,0.9695981689093309,0.022055198105245217,0.000683718698592303,0.0015640774978930255
226,0.006076936113245522,0.9717792783078931,0.01985929258265705,0.0005438683823451616,0.001740624613859036
227,0.0036524994186075467,0.9467630616248889,0.0477260081644605,0.0005279451673320954,0.0013304856247107876
228,0.0021322696304198257,0.7762781874365875,0.21896391500779938,0.00047375755266591455,0.0021518703725275424
229,0.0016497287252662514,0.7226434538841932,0.2742685053709142,0.0002874866030433363,0.001150825416583123
230,0.006174240450497406,0.9286797905946554,0.06279872576523998,0.000659882981984136,0.001687360207622896
231,0.0017332291422505499,0.46770875827718955,0.5288084495700088,0.00023581770605309553,0.0015137453044979808
232,0.005092038896589957,0.5450753930788478,0.4442638979775084,0.0004421725923943051,0.005126497454659446
233,0.002301764587010642,0.31699113466271805,0.6780835384115138,0.00020960590323353,0.0024139564355239443
234,0.00289186818538884,0.43309602850497303,0.5614434925327423,0.00014565749204755612,0.002422953284848287
235,0.0034488892348791783,0.4234553383477936,0.570213461094198,0.00021285503333695122,0.0026694562897922056
236,0.0023957209904119825,0.33393852836252486,0.6587569442072708,0.00017698573237108375,0.004731820707421115
237,0.002969007854866543,0.47180470786502365,0.5222152971161005,0.00022217359006208658,0.0027888135739472415
238,0.003425724882126174,0.36078085750720507,0.6275026494035538,0.00016707313677965832,0.008123695070335248
239,0.0015063249743544039,0.1704517543678479,0.8264206615666619,7.227286821998929e-05,0.0015489862229155866
240,0.0022368989333980045,0.3032367851443502,0.692194171667652,0.00011492010069139202,0.0022172241539084266
241,0.0004419048628246759,0.09639314693492788,0.9026122329694511,1.809609620030637e-05,0.000534619136595817
242,0.0005788234554950676,0.1366218814171842,0.8616832969431701,3.5043262513939145e-05,0.0010809549216364432
243,0.0008936675190892105,0.16318326292253302,0.8351417427496237,6.176819804088142e-05,0.0007195586107132103
244,0.00022657365645249744,0.058656619793064656,0.9406056569614752,1.3100978721555896e-05,0.0004980486102861647
245,0.0003431732794637801,0.09036464152939726,0.9085159574318646,1.9561956664651256e-05,0.000756665802609556
246,0.0008105000092991591,0.13073941657296434,0.8674653962329429,4.01589162511045e-05,0.0009445282685422878
247,0.00027482389235860064,0.08868192294445908,0.9106663687975729,2.3458709626527937e-05,0.00035342565598279384
248,0.0007896446091457077,0.12368208211515509,0.8749125327159858,4.259561079989914e-05,0.0005731449489136033
249,0.00043934947237834544,0.09819662144417979,0.9007933094732617,2.1602741864865394e-05,0.0005491168683153631
250,0.00035373520647679637,0.05596083312335759,0.9432389974340993,1.3223790357984855e-05,0.00043321044570812547
251,0.0005428330563990963,0.08180089395835732,0.9170292915130284,2.6883126400230706e-05,0.0006000983458150368
252,0.00016138442611060357,0.03153059660574919,0.9678094691802942,1.1614212293560113e-05,0.00048693557555249686
253,0.0003818035118001564,0.045448842842174,0.9534664405065857,1.544969174056044e-05,0.0006874634476996914
254,0.00035311598317743366,0.05056990629508193,0.9485084273422038,1.2310295280317762e-05,0.0005562400842564742
255,0.00011420545472134132,0.02235072117419208,0.9772450523267749,5.460566425466564e-06,0.00028456047788621264
256,0.0003830832759503096,0.07345473580248982,0.9247371565600083,2.11585226570912e-05,0.0014038658388943405
257,0.0004322786952138108,0.14332625907635546,0.8554526125787432,4.307451383398497e-05,0.0007457751358537506
258,0.0003039403962868933,0.12136834800795247,0.877516079306361,2.3998746041151344e-05,0.000787633543358517
259,0.0007766804707541882,0.19440743372636657,0.8037146325630844,5.755771115534237e-05,0.0010436955286396666
260,0.0003782496136113762,0.10232551186939777,0.8966321741137426,1.747686795492268e-05,0.0006465875352934145
261,0.0012354095906165407,0.17796667286372872,0.8192456762337039,4.7294402299485064e-05,0.001504946909651308
262,0.0009012094893554425,0.1959391709306147,0.8022072412425166,4.2316986286228394e-05,0.0009100613512270473
263,0.0008052529600107775,0.12488303839533665,0.8730038557976476,3.33494022580361e-05,0.001274503444746876
264,0.0007818183877944592,0.1249789437290803,0.8736517650662315,2.909566490158846e-05,0.0005583771519921369
265,0.0007859279377607219,0.1261675350496891,0.8720322320802975,3.163580641662447e-05,0.00098266912583609
266,0.0004546673258443402,0.09487486158444937,0.9038774176786778,1.2708690319102236e-05,0.0007803447207093653
267,0.0004071235042881836,0.07915094507344013,0.9197827974140659,2.544083720137041e-05,0.0006336931710044599
268,0.0002717616053347945,0.06396153091392436,0.9352132628955742,1.712161101896936e-05,0.000536322974147472
269,0.00042293812107826984,0.10767676907834299,0.8912179756110424,1.850765572479747e-05,0.0006638095338113191
270,0.00026928201653443807,0.037168095874877516,0.9621269514187275,1.1086024658684325e-05,0.0004245846652018853
271,0.0004160964699646104,0.04438610247403934,0.9546218053912395,1.727055456066239e-05,0.0005587251101958998
272,0.0003763319381920705,0.05053456816137658,0.9482974999871336,1.7828608527431864e-05,0.0007737713047704182
273,0.0005832104047230609,0.07261275025866254,0.9259222947425614,3.392251955547468e-05,0.0008478220744974909
274,0.0004154663110494337,0.06166405935452672,0.9372461334150027,2.196088197550226e-05,0.0006523800374455732
275,0.0004579344869569998,0.05279622417193941,0.9457987061896175,4.456516138585188e-05,0.00090256999010026
276,0.0003652722484152912,0.0604623824210374,0.9379298960894045,4.670513657077299e-05,0.001195744104572155
277,0.0002693386711825269,0.04991008090095373,0.9491964097100374,1.736648714351887e-05,0.0006068042306830501
278,0.0001241766838952565,0.030319825472903524,0.969185445585413,6.667191368725638e-06,0.00036388506641953577
279,0.00017988904930808038,0.037273734955797465,0.9622010870599577,7.831280340104985e-06,0.0003374576545964798
280,0.00037041432624869804,0.05062275073386837,0.9485362785344852,8.283759806162857e-06,0.00046227264559160026
281,0.00037543646638535816,0.03417608307626683,0.9647387252527516,1.511723397846611e-05,0.0006946379706177741
282,0.0011405667693926895,0.08755353731886736,0.9100124516520857,6.767091355886631e-05,0.0012257733460955033
283,0.0010411984250217107,0.08553299135863333,0.9120492659486732,4.947975340351995e-05,0.0013270645142681363
284,0.002051765156049403,0.11165049258413035,0.883984532398267,0.00015772455623893277,0.002155485305314318
285,0.002628932093558352,0.1315503183034823,0.860531893263279,0.00021573203557352777,0.005073124304106965
286,0.005579911575746898,0.16498112170387952,0.8174972260696978,0.0008312547921724697,0.011110485858503423
287,0.003987484779153883,0.1414042895323606,0.8396938241209488,0.0007488503942935161,0.014165551173243165
288,0.09309040056262022,0.04170309515360242,0.003850497259579776,0.003100609785617038,0.8582553972385806
289,0.6195770164883005,0.2501264463960418,0.004173858340747217,0.029083746153606944,0.0970389326213036
290,0.2684337694710948,0.1183782985281905,0.000809931901967131,0.005158359007828949,0.6072196410909186
291,0.3399198275898856,0.10812878289229022,0.000626078655966169,0.0014250596493468903,0.5499002512125112
292,0.08854677153078905,0.6417617130909741,0.01482167857852539,0.0072906620344683325,0.24757917476524308
293,0.31290363267193966,0.3003136932100082,0.0033298955641100146,0.012563541621461902,0.3708892369324802
294,0.18498802537726625,0.7534855838956778,0.010391182894616218,0.009312643656940546,0.041822564175499136
295,0.14414689662001062,0.45705761526649624,0.01807629312841722,0.014342668690478077,0.36637652629459794
296,0.07015719500785816,0.07868300112639863,0.006866182753866397,0.005782697472231969,0.8385109236396449
297,0.2883814494090575,0.22892256249640028,0.0021212950698264255,0.006777724239747838,0.47379696878496774
298,0.39821985836799556,0.43159135371499197,0.0007783599046551535,0.006603717203072161,0.1628067108092852
299,0.2792099372941915,0.7027900224517323,0.0012970740810649894,0.008957232135766565,0.007745734037244568
300,0.19699894369302418,0.7584811533260258,0.00031768856166634413,0.014981805289968425,0.02922040912931513
301,0.10203231946232623,0.8646999533699564,0.0015745342778773876,0.025641538881399212,0.006051654008440912
302,0.12225178585398336,0.5830619790853454,0.004599659959498618,0.02471632459761558,0.26537025050355706
303,0.04236223782546813,0.9376333506175999,0.005380099336618137,0.0018992449094344943,0.012725067310879233
304,0.04913925792384818,0.08324066735274326,0.001105567476666682,0.003467161800373316,0.8630473454463686
305,0.05933104770213083,0.8911473000712099,0.011761726530484313,0.0014695087727733588,0.03629041692340177
306,0.10572223072169346,0.6044099995425788,0.00907813609018428,0.0032306253681816614,0.2775590082773618
307,0.3186425122642208,0.2901995302670238,0.0013416050014031936,0.0009756889955548849,0.38884066347179735
308,0.17550927653612347,0.7677817892532698,0.000801363875918486,0.0013728123129513265,0.05453475802173691
309,0.04755738326590546,0.9358085555402823,0.004418184433156949,0.0004058459928269071,0.011810030767828557
310,0.14731665267638924,0.8324388505025349,0.0018171825938434923,0.0012497905248010875,0.01717752370243145
311,0.008175056365870868,0.9790583831110785,0.00909988702907658,0.000614042262375488,0.003052631231598506
312,0.01142532539471337,0.9772828830590623,0.005659844988179728,0.0017255134347880972,0.003906433123256323
313,0.011526429378638911,0.9446458189845058,0.035745795689503805,0.0019512685573882535,0.006130687389963149
314,0.11831658847359526,0.5577184990313325,0.005887267772236714,0.0027375107824539778,0.3153401339403814
315,0.03660693690015109,0.9580866468463098,0.0019361040628041724,0.001533663589308476,0.0018366486014264316
316,0.08033812441046327,0.9021934592650609,0.002487187744193445,0.0012182874998807843,0.013762941080401762
317,0.021417179108988396,0.9264048102040637,0.04792847426930383,0.0005668151022742354,0.0036827213153698382
318,0.010851323575281069,0.9359997896653407,0.044693692201986254,0.0020668803833504205,0.0063883141740417445
319,0.08029973279572628,0.40960164002196764,0.014499878937776996,0.002821661581818781,0.49277708666271036
320,0.32760733413526544,0.62133498679413,0.0019840287054425695,0.004525840757717451,0.04454780960744455
321,0.18238149929931477,0.789441508476097,0.008529186809779554,0.0013428388949028387,0.01830496651990588
322,0.07106082616841372,0.8812736077693397,0.0033535341569713275,0.001624112051156047,0.04268791985411919
323,0.19772814947394204,0.7026050973272533,0.013341426223604664,0.0053973031234974015,0.08092802385170257
324,0.03065107659459655,0.9507974253004804,0.007415111373804699,0.0015057471905445877,0.009630639540573886
325,0.041031391688519055,0.405266293202376,0.007667764302425806,0.0030110813443577403,0.5430234694623214
326,0.06062140041551981,0.8989840322086611,0.016871134473288085,0.0024516329141292,0.021071799988401866
327,0.06417274690277813,0.8573100668633669,0.009593917614318067,0.011146761499092632,0.05777650712044448
328,0.2197191729918299,0.6626940950186277,0.0053484634652199905,0.03320644368225923,0.0790318248420631
329,0.004618071595900004,0.006868529853138294,0.0013853617312114877,0.002327115015832178,0.984800921803918
330,0.10589172315754689,0.011843945413427882,5.8379634680653734e-05,0.002257969626052516,0.8799479821682921
331,0.8225536880280675,0.12924495144763112,0.0002960640187975134,0.004284821215692322,0.04362047528981142
332,0.5557665894497594,0.19200524893841955,0.001796684941392623,0.0028147210316631505,0.24761675563876528
333,0.4125154060061799,0.5041089452297827,0.00443153593087874,0.005925400231945544,0.07301871260121312
334,0.21159413441672678,0.73760868976942,0.004061599787202134,0.026357519713757792,0.020378056312893512
335,0.05425472018993662,0.9041202369874719,0.02157721890339241,0.014379607378423486,0.005668216540775467
336,0.018776175100394914,0.9568409687900622,0.016204743675863442,0.004714829386867035,0.00346328304681253
337,0.034796084427609945,0.9303983369929215,0.022152674628008014,0.008406765874082664,0.004246138077377674
338,0.017279626663044192,0.9567657060115315,0.01879583328045812,0.004090538796185351,0.0030682952487808062
339,0.017534830476047435,0.908846174337453,0.06572412400034157,0.005130134873248434,0.0027647363129096624
340,0.02236796683480733,0.8460410704602502,0.12489718660789018,0.0033778079569257323,0.0033159681401266207
341,0.02455079672212095,0.8423262726114608,0.12624603415149455,0.00425585923651184,0.0026210372784121216
342,0.03096897900401172,0.9171805056123565,0.04219118507823757,0.00590555927481438,0.003753771030579689
343,0.03717628526209213,0.8594140904428257,0.0942335112878575,0.0019689103194388716,0.0072072026877857435
344,0.02018677150523084,0.8642891580742074,0.11118687245331013,0.0016718666981326976,0.0026653312691188786
345,0.015375240088556322,0.9189451240919148,0.061212942621490726,0.0009127744587355873,0.0035539187393023664
346,0.010793429054549726,0.8857961866873046,0.10025524433982876,0.0006071606068372251,0.002547979311479451
347,0.014458433199390728,0.901371918002129,0.07252043848124995,0.0014819713254964372,0.010167238991733904
348,0.01902415720691765,0.8387140443156769,0.1374114069741835,0.0013117986276092288,0.003538592875612801
349,0.0136776202331845,0.8358052558112764,0.14408524916495052,0.0014694662553925058,0.004962408535196264
350,0.027124575242270115,0.8745949301245021,0.08791984148257721,0.003457599588714686,0.00690305356193589
351,0.010528334186343592,0.903988673247645,0.08116433853403446,0.001410643487850365,0.0029080105441268212
352,0.013961459422385622,0.9043982598127975,0.07756256662967546,0.0008522056997520595,0.003225508435389503
353,0.017557021999675616,0.9624934394123398,0.015328756179521032,0.001089461902180816,0.0035313205062827537
354,0.004452448821551002,0.9202118036790756,0.070943130187328,0.0006300563093972029,0.003762561002648436
355,0.009182528161124455,0.944040612276046,0.04029887120715142,0.001953770949996692,0.004524217405681521
356,0.008444176642437915,0.7276796995634908,0.25701459110604385,0.0013358222050895323,0.005525710482937798
357,0.009191096032833189,0.9758981650729208,0.011649359144811779,0.0012754779852086457,0.001985901764225517
358,0.007085878041391252,0.9030606254331411,0.08513237570417571,0.001001405705345303,0.003719715115946682
359,0.005986109826630543,0.897444583311535,0.09330933295326861,0.0008898416215365289,0.002370132287029201
360,0.009671175527142006,0.8671677504282801,0.1180736668565207,0.0012260924715012571,0.003861314716556059
361,0.009929180845923634,0.768942888314909,0.21096434819104054,0.0010295203082885587,0.009134062339838033
362,0.010766891267561208,0.8586228444591516,0.12495617970924451,0.0005653874045428916,0.005088697159499858
363,0.024555725697524296,0.8241708961339714,0.13172080605888034,0.0012006539969800925,0.018351918112643955
364,0.008382788093587895,0.6285028829279771,0.3553335301986941,0.0008385875707546536,0.006942211208986274
365,0.020387626527490446,0.80686739974372,0.15571807773728513,0.0007935795793077673,0.016233316412196504
366,0.0029173080152785917,0.5369053993013533,0.45427120105712415,0.0003325428533611717,0.005573548772882804
367,0.00233634855120317,0.4246175016890035,0.5685603963562813,0.0002580216933295655,0.00422773171018243
368,0.004576101804604584,0.5272634544471068,0.46248069337710085,0.000883652482214023,0.00479609788897369
369,0.006672583254027736,0.712948693745754,0.2757405865162761,0.0015160320537491918,0.0031221044301931182
370,0.01860437702983338,0.6178473880571846,0.35200365991586324,0.002639079138135257,0.008905495858983538
371,0.006702120516735505,0.5821726683722979,0.40203184909201256,0.0018736912240222901,0.007219670794931744
372,0.017367041414886538,0.5185158029921179,0.4315205794221655,0.004650437723582136,0.027946138447248043
373,0.06645059051205865,0.44167752357763945,0.020948062771009822,0.007412274727410762,0.4635115484118814
374,0.028077972440892003,0.023573285555309804,0.0006628885085620182,0.003000442920679747,0.9446854105745564
