epoch,N1,N2,N3,R,W
0,0.0002789359529653418,0.00014974810645810094,8.609868537088545e-05,1.5716499506270005e-05,0.9994695007556995
1,1.9343789022134613e-05,5.280839100384651e-06,8.929108201978925e-06,1.3386237337098488e-06,0.9999651076399417
2,1.9179152124540802e-05,4.354720679704486e-05,7.313783503057641e-06,1.5840347457380667e-06,0.9999283758228296
3,8.452806843801921e-06,1.4791071150132098e-05,6.5710849683116134e-06,2.6307841238085357e-06,0.999967554252914
4,0.0005246420933273787,0.0011621695828335091,8.032932790346104e-05,0.00018893206904469737,0.998043926926891
5,0.009390593528933584,0.0063853980449768135,0.00034934674777924374,0.00037897765051201726,0.9834956840277984
6,0.05263470184237404,0.01127641166626751,0.0003876017318880944,0.0005671410921060817,0.9351341436673644
7,0.031853035271905604,0.009429339945795938,0.0017752838948509274,0.0003320240449681486,0.9566103168424794
8,0.21643336717045258,0.22213770919462408,0.0029273829644011515,0.005587415442064721,0.5529141252284576
9,0.0825946173586508,0.07740745088569845,0.002936641790553684,0.004738502963757166,0.8323227870013399
10,0.029449826847135492,0.030291424274414894,0.0009976453225536818,0.0005346030754387359,0.9387265004804572
11,0.13355448805249598,0.08887019128573051,0.001128158834096279,0.005287562410294808,0.7711595994173824
12,0.08978566933729534,0.1235992048038129,0.001237365128057115,0.004023796071088982,0.7813539646597456
13,0.15948293588991813,0.046231537065485676,0.0008658566962921863,0.004447253350996911,0.7889724169973072
14,0.07411821273182248,0.14578655744423863,0.0013680286835535337,0.003960017109120837,0.7747671840312645
15,0.033001062041091364,0.1003563281352138,0.003967148882761901,0.0018827268089243161,0.8607927341320087
16,0.031230730716174625,0.017709765042548283,0.0017251848994418173,0.0006187073099521546,0.948715612031883
17,0.1366747729089861,0.1870036232853464,0.003285826419031898,0.004056839166121992,0.6689789382205136
18,0.03703459768063755,0.10027300798371787,0.006949547033915238,0.001320841870445031,0.8544220054312844
19,0.06391225844904364,0.060350160729390284,0.00657471456927143,0.0012013410957299698,0.8679615251565648
20,0.05903303741296328,0.019652967543227876,0.00048751956231522493,0.002564118470525049,0.9182623570109687
21,0.045876782253574604,0.01527201070899647,0.0004600337403271527,0.001064930389176624,0.9373262429079252
22,0.03829189368288242,0.008228330628431386,0.0006414293409595043,0.00039705729620691254,0.9524412890515198
23,0.06807100453515644,0.03825130346976187,0.00040345858410753956,0.0025394600310859215,0.8907347733798882
24,0.021839035321235982,0.0469218756191757,0.0022088181555317164,0.0004135127857038182,0.9286167581183528
25,0.00483494733429788,0.0025032911336764045,0.0003722550589066036,0.00017095635010046446,0.9921185501230186
26,0.00995869323887929,0.004433767812481839,0.00010687215039417159,0.0001712136467431171,0.9853294531515016
27,0.005935128778475635,0.0021207384492007413,0.0002569625588895428,0.00016889476735766363,0.9915182754460765
28,0.012459597845161898,0.007833081616741065,0.0001483568143378853,0.0001328513024686929,0.9794261124212905
29,0.0007732545607408899,0.0008687416798711908,0.0007864027315926408,3.119779623324229e-05,0.9975404032315621
30,0.0013093591594915326,0.00031903706431474097,9.401763351100492e-05,3.3227519655682504e-05,0.998244358623027
31,0.0006166661216062512,0.00014889543279497102,3.882814526510072e-05,2.824023219673071e-05,0.9991673700681368
32,0.0016958067699652235,0.0002942002069367104,8.284310824372981e-05,4.744936254504159e-05,0.9978797005523092
33,0.0006377213065441409,5.385170510854193e-05,2.3614183316427943e-05,1.3492302766858817e-05,0.9992713205022641
34,0.0005911637011997859,0.000122316402054782,3.8216742906882504e-05,2.0721754802873856e-05,0.9992275813990357
35,0.00034774464740304115,0.00010223863634018162,1.7890243201024216e-05,3.1421524180266395e-05,0.9995007049488754
36,0.0004287992309784052,0.000153200406035578,1.675699668068417e-05,2.4813168444893807e-05,0.9993764301978604
37,0.002980602237499732,0.0017735358675335195,1.5204210080817036e-05,7.019083926597126e-05,0.99516046684562
38,0.017483159096982948,0.002089475007721542,2.966574841834586e-05,0.0003537626398749539,0.9800439375070024
39,0.01967189194270123,0.0021325240284818642,9.777235827434593e-05,0.00018500863018058639,0.977912803040362
40,0.011676916737401476,0.0015309097509425896,7.05028717349707e-05,0.00020352407747665734,0.9865181465624442
41,0.011845078816741841,0.0012016025309010056,5.310608363182691e-05,0.00015405795915804921,0.9867461546095672
42,0.003580174556565631,0.0007666998775420295,0.00010431662334838597,5.330119856034159e-05,0.9954955077439835
43,0.05850685948199753,0.012712759638175372,0.0003404869375704764,0.0004520679162475864,0.927987826026009
44,0.04775116109954225,0.009208017711827374,0.00046690779933404467,0.0009950769012270352,0.9415788364880694
45,0.01030795644439549,0.006271255409635187,0.001734023243317955,0.0003799689624707472,0.9813067959401807
46,0.008797429768360144,0.0042186704186935,0.0006542148899269355,0.0003776103674273266,0.985952074555592
47,0.003071482888629055,0.002041962307034952,0.00023721000496313986,8.997931221076507e-05,0.994559365487162
48,0.08010308200815859,0.03772057500393178,0.0018359155166025687,0.001894348535085787,0.8784460789362213
49,0.03098368501504979,0.012352045315325026,0.001789811483268981,0.00038326745218652755,0.9544911907341698
50,0.013145540501128199,0.0073303675760247435,0.000949624386627081,0.00018708011280558313,0.9783873874234144
51,0.03567790354813753,0.007023082627460883,0.0010826219410770917,0.0003978750532395367,0.955818516830085
52,0.13114955116684007,0.012448313641673798,0.001250678639355293,0.0006242117800734876,0.8545272447720573
53,0.022918575318671076,0.009635782575381925,0.0004214192482558744,0.0003269962571570423,0.966697226600534
54,0.029914775188412592,0.05380826841465942,0.0021896075294348893,0.0012728058614678017,0.9128145430060254
55,0.011646739069253816,0.03563995008658621,0.0021146575717426804,0.0011463048836229282,0.9494523483887943
56,0.12663364543908961,0.0815910546695086,0.0014545652134753102,0.014537560314207085,0.7757831743637195
57,0.12606515472085575,0.03747640387161803,0.0006697994928031281,0.008174849332092633,0.8276137925826305
58,0.14639037359197712,0.0325400337087092,0.0004939650853593062,0.003880317856856163,0.8166953097570981
59,0.034763560244264684,0.007022733552303211,0.00044591027820609086,0.0007718936021523566,0.9569959023230737
60,0.07507321930337281,0.05993025380994138,0.0010940650187465457,0.007379387831801773,0.8565230740361375
61,0.23333702254271907,0.055841088153688476,0.0009254513625058765,0.01926260791674025,0.6906338300243464
62,0.5774761005960423,0.049142302818364014,0.0017117535453647116,0.045965111312246475,0.32570473172798253
63,0.11984930460626134,0.010022935291952218,0.0003853030757082106,0.041076846834054825,0.8286656101920233
64,0.3023306288110263,0.032235308677528364,0.0013231022250459366,0.06325991168773806,0.6008510485986613
65,0.09745645788946565,0.016814591606677916,0.0025207560986624743,0.07277454123318249,0.8104336531720114
66,0.072771566929302,0.011388240066851185,0.00186992104731365,0.1254584259939682,0.788511845962565
67,0.24628904142661473,0.030712720678952136,0.004751315723238945,0.2024550548301022,0.5157918673410921
68,0.08946286910201882,0.012023758992914047,0.004662571947844426,0.2178120671388927,0.67603873281833
69,0.11600077418550701,0.009829844983602577,0.006516131710371276,0.10511202280917052,0.7625412263113486
70,0.04256351750899847,0.008990605660122702,0.01034965289334226,0.3475081459168405,0.5905880780206961
71,0.029607727160965623,0.007746114110536198,0.02283000513354389,0.1097176619868099,0.8300984916081444
72,0.03472576551143168,0.010101672993279414,0.009336534663117506,0.4065079959890107,0.5393280308431607
73,0.057205894267802836,0.008816343946744364,0.006001259701979515,0.26057212273212216,0.6674043793513511
74,0.047772055560334,0.01093179715199778,0.004198428393394916,0.31328491936489394,0.6238127995293794
75,0.0855498778402775,0.017259987338982503,0.0031805160630022757,0.30729034867660504,0.5867192700811328
76,0.0580022137120791,0.0138125784047092,0.0014791133138298076,0.35314515619537945,0.5735609383740026
77,0.056868600386718336,0.026796948788003434,0.006554079394696875,0.4518169022978249,0.4579634691327566
78,0.1089568147525497,0.035040664752172795,0.0059612511272612075,0.16313382020243677,0.6869074491655796
79,0.09508539477771741,0.02819978086616037,0.004481116172251746,0.29652912610716087,0.5757045820767096
80,0.06444253276321972,0.04599093719840664,0.007215431343765872,0.08199311350378567,0.8003579851908221
81,0.07484312369410133,0.03184869689338683,0.006404119625344906,0.1341449092278617,0.7527591505593052
82,0.05078179275074415,0.044583022617353994,0.003024340891705027,0.264822711693046,0.6367881320471508
83,0.04989434417660405,0.03025861244727001,0.00029616383567255026,0.17444133256916883,0.7451095469712846
84,0.03350327324667177,0.042736779121739336,0.0020370317415027064,0.17420975189323878,0.7475131639968474
85,0.05118301710176463,0.04701099963296558,0.0010695017155933444,0.1756431741667892,0.7250933073828872
86,0.06317964805091317,0.01586237997382247,0.0002838777437886529,0.435073558253577,0.48560053597789854
87,0.04480578343219272,0.006595790093310825,0.0006910157721039817,0.2473404645483626,0.7005669461540299
88,0.13353546598169302,0.01410286977687746,0.0006489844078440756,0.10560373372361263,0.7461089461099728
89,0.19521797895820706,0.03013567558687616,0.0006516819024076154,0.13189206662983108,0.642102596922678
90,0.24647387111826755,0.05210670834610381,0.002070359978560483,0.16444340440508756,0.5349056561519806
91,0.1693553347747313,0.012161182978447954,9.17261741222938e-05,0.06928988720366878,0.7491018688690297
92,0.23065670805768393,0.06716878858067026,0.00021655655440506964,0.04121262826626499,0.6607453185409757
93,0.1389284292860869,0.02781648480125768,3.4454689759742344e-05,0.037017427342655285,0.7962032038802405
94,0.11083825230034405,0.03409626701271387,5.570676565945543e-05,0.021400147827748975,0.8336096260935337
95,0.20174639611858425,0.06825296005864069,5.365307976438115e-05,0.10186141067996297,0.6280855800630477
96,0.10669951296322615,0.05589463363555997,4.094460586728989e-05,0.05938061246810832,0.7779842963272383
97,0.17387596589689888,0.02431571791048568,0.0011648920807561364,0.10530380749468704,0.6953396166171721
98,0.18677652440874984,0.01683067551873799,0.0014149424603189117,0.1495263514163273,0.6454515061958659
99,0.14305760772019033,0.05796104820647172,0.013614428719358432,0.1453236054633887,0.6400433098905908
100,0.19833444448622448,0.07914976586625959,0.037286957927924025,0.02038060602138548,0.6648482256982065
101,0.18187637324118486,0.03222335900548986,0.016472242039354212,0.12594302757877876,0.6434849981351922
102,0.13341951449140582,0.09928123984752105,0.015245268109842981,0.07903094536979131,0.6730230321814388
103,0.20649182344253633,0.05968366791119399,0.015874686307560615,0.023911495869661972,0.6940383264690471
104,0.08089863846210915,0.13197805372602925,0.0004702175568101051,0.1722981519334644,0.614354938321587
105,0.02732635125637881,0.020195037802791114,0.002055689386017395,0.08027520148551023,0.8701477200693024
106,0.043326661534903846,0.1754917002040726,0.024663484670119955,0.035614350118190426,0.7209038034727132
107,0.017364549672345055,0.12228708391107045,0.0015347845634146925,0.02507137418662677,0.8337422076665431
108,0.027374460674916914,0.07584956935788047,0.0019191364126183493,0.01871479665477082,0.8761420368998133
109,0.03331225549344256,0.008757007533589167,0.00047735096192554755,0.0035717882780112852,0.9538815977330315
110,0.2985373105697756,0.02244151809466722,0.001797248761587617,0.01745603585022425,0.6597678867237453
111,0.21686053010250986,0.00996279556305145,0.0011715695583264078,0.0066884438035144595,0.7653166609725979
112,0.19833742526161352,0.008642550522931435,0.0003868862437883016,0.025318808663742604,0.7673143293079241
113,0.10465033074128867,0.01738611976039461,0.0009274026920132721,0.13603234551399707,0.7410038012923065
114,0.07855613731956305,0.010969722754258641,0.0009043137892530177,0.22154694900855243,0.688022877128373
115,0.08671114666084866,0.012668805034338383,0.004852803270016956,0.25839854222441655,0.6373687028103794
116,0.10218615875620997,0.07868350019762058,0.021024965633415105,0.3336462679980811,0.4644591074146733
117,0.08391411276458885,0.04090287591984395,0.03050102050336461,0.08105703326845767,0.7636249575437449
118,0.06352287307346273,0.02853812555723354,0.001503245222479645,0.34032423550257007,0.566111520644254
119,0.10141038358930177,0.1391567708290578,0.0058360384408838615,0.1267323048017478,0.6268645023390087
120,0.1638523846741237,0.10181602298864555,0.012269596355702673,0.18797570465850877,0.5340862913230193
121,0.18622306964912635,0.10644179612758106,0.005734294524520073,0.20842363582938656,0.4931772038693859
122,0.1572270721309585,0.18778256177996894,0.001498947225918262,0.12655411447815618,0.5269373043849981
123,0.04520167366810543,0.07696387413887955,6.394817799471291e-05,0.5734870204839401,0.30428348353108026
124,0.08650500785467045,0.13214932603412277,0.003884029555398356,0.5199805917025412,0.25748104485326717
125,0.12718272401534247,0.09117606123195696,0.0037071676576664143,0.4568564097317685,0.32107763736326567
126,0.12290322002867163,0.03666277400994669,0.0019509936225823614,0.6039556099469037,0.23452740239189568
127,0.22530154172177158,0.0720984957902858,0.0022933628855003494,0.4327684834437116,0.2675381161587307
128,0.24500742881603865,0.1586367588876577,0.00750905501026171,0.32594711392996284,0.2628996433560792
129,0.09280689203326209,0.23773389255761354,0.014422042162288625,0.35685785235705825,0.2981793208897775
130,0.1988716236126354,0.225969859381366,0.0044571824725148056,0.3110375814577988,0.259663753075685
131,0.12350918836478052,0.22320308550183274,0.00822223044845315,0.44087948527500626,0.20418601040992745
132,0.16562180708177396,0.20344084263788004,0.0067844349289954975,0.5636003682166534,0.0605525471346971
133,0.22850098564210494,0.13437025866739952,0.005762517228069481,0.5246413282203065,0.10672491024211948
134,0.18121478199954902,0.3606191489468224,0.019725605783816002,0.37381825854344786,0.06462220472636478
135,0.1391366383508356,0.6479356308252421,0.096814849206593,0.08585708242143152,0.030255799195897798
136,0.15554886606329926,0.6406977088593442,0.009378463377654767,0.14411054653238403,0.05026441516731777
137,0.145766782203525,0.6898298787379796,0.021481142510215975,0.11086500018743752,0.032057196360841686
138,0.05624940574952674,0.8099962916941025,0.08730779606228652,0.025722354950494596,0.02072415154358955
139,0.10101463720617358,0.7658358448605762,0.03402778871640681,0.06451669169939198,0.03460503751745147
140,0.2051046559518492,0.4581784091552769,0.00858575479968702,0.26380497752921644,0.06432620256397056
141,0.1485660973248263,0.5559064558448659,0.0058093534399420695,0.2517241917516415,0.03799390163872432
142,0.1361638730267803,0.7448879083764538,0.01393464167964305,0.08159103571635608,0.023422541200766717
143,0.06933184300377121,0.8048524077811999,0.003085903959192059,0.08997863080999446,0.03275121444584207
144,0.14166924772361825,0.7157807079121281,0.0029702974454699077,0.10722470293450558,0.03235504398427804
145,0.15462002886341683,0.7359316071906415,0.010658367642744809,0.07540033697570096,0.02338965932749582
146,0.3060177822116855,0.5735289416771431,0.006758155551898796,0.08938658995488054,0.0243085306043922
147,0.3169797676156073,0.4183999629371871,0.0030214491343730078,0.23875833546773534,0.022840484845097216
148,0.30465656657114787,0.6296799851276348,0.0069003437022088325,0.046531407889482825,0.01223169670952569
149,0.19557246791824534,0.6175745082254205,0.009349353954999678,0.14528573146314414,0.03221793843819039
150,0.09949091404531873,0.5628777865164923,0.021581479765236854,0.2976137099047206,0.0184361097682315
151,0.2187120755380047,0.46974234843739227,0.0028569347864939765,0.2839209258660146,0.024767715372094424
152,0.22508188518887118,0.7026800568598434,0.008523385659833887,0.04494442690845291,0.01877024538299863
153,0.1856190712186476,0.6639602863372147,0.10552996892478254,0.019561624343114006,0.025329049176241018
154,0.4803770334816084,0.4158779826559409,0.00979300805019538,0.06466024559025055,0.029291730222004913
155,0.24517844482312434,0.6785082424010513,0.03689904936972284,0.013580828997779489,0.025833434408321875
156,0.22974682982118486,0.6835547044211935,0.04824352838030971,0.02852027327627209,0.009934664101039938
157,0.25413358199268615,0.686744607581025,0.019181806780825747,0.027681281891850654,0.01225872175361249
158,0.1634562160283981,0.7458665506796336,0.058090950468414296,0.022292091729792664,0.010294191093761378
159,0.3826280873852703,0.5775840285297286,0.01168002928676162,0.012630481208734758,0.015477373589504679
160,0.058849611976514185,0.7593983452416431,0.17153797335338605,0.003166548449202252,0.0070475209792545245
161,0.06892766713948473,0.8643983230808072,0.04156534874301991,0.012265753933314003,0.012842907103374154
162,0.06637317287949748,0.8442968640676554,0.06627888017099134,0.013027034938232622,0.010024047943623072
163,0.07386754887565564,0.7060484871114298,0.19298099982227568,0.010313134268872438,0.016789829921766444
164,0.21771559242295102,0.6680366900127749,0.06238716799140031,0.009152105177547838,0.042708444395325916
165,0.2152759375313087,0.714581787404313,0.02482840676865194,0.016768450052954804,0.028545418242771587
166,0.132514576743593,0.7876692869819988,0.06378449469963908,0.005918596163652679,0.010113045411116496
167,0.10584578794671941,0.7664321752708081,0.10036024826722571,0.012489760667629787,0.01487202784761699
168,0.03573557588449834,0.893873972039428,0.048706779342932154,0.010776730978394825,0.010906941754746682
169,0.041209240400612024,0.8782114845514012,0.054122140135061086,0.007240437983094515,0.019216696929831217
170,0.021378641080440804,0.773878762863802,0.19298005408033203,0.002501853980034066,0.009260687995391027
171,0.06698679153394269,0.7902960287900235,0.10146621331770979,0.009799556130362874,0.03145141022796119
172,0.10792109679847883,0.7960356858730835,0.054074327045175535,0.014431341931179495,0.027537548352082702
173,0.10196596765686343,0.7421712302424273,0.12677566305395227,0.006861289717933834,0.02222584932882313
174,0.1012102001798493,0.6893557679517657,0.1753286711415242,0.006736728517261527,0.02736863220959922
175,0.08229953625769126,0.8115264576944875,0.07631984544246521,0.005711619258378899,0.024142541346977096
176,0.13313436582111748,0.7345975863963885,0.08951049859768112,0.0077294651694510014,0.035028084015361886
177,0.14524090639201154,0.7492171046196671,0.06960197159775057,0.006377992094079405,0.029562025296491386
178,0.16106628179958637,0.7497039295050673,0.06596424303220498,0.0095946207866374,0.013670924876504047
179,0.1640752410006616,0.7547255976470179,0.050275032844557234,0.005647351009132903,0.025276777498630405
180,0.15531525551768136,0.7280562852147601,0.09065174721014363,0.0069926888712207305,0.018984023186194243
181,0.08412680094009298,0.713773712550122,0.15369407663628798,0.004855875425222101,0.04354953444827501
182,0.12576097635496458,0.661322406543373,0.15043194688027484,0.006599012217133842,0.05588565800425362
183,0.10651548457690296,0.7403648240575368,0.07726489854784149,0.008979901715290003,0.06687489110242872
184,0.11377946492264994,0.7022770105913533,0.15385294164437058,0.006423607607256908,0.02366697523436941
185,0.1423470426066615,0.6798330123551863,0.10740574307724514,0.009491767651025095,0.06092243430988203
186,0.07807336094855027,0.7547673407684135,0.1465617796342959,0.008669865538919982,0.011927653109820515
187,0.09454863584676634,0.4858950697270577,0.3890589929935099,0.014011665690766032,0.01648563574189992
188,0.09003048037296173,0.7819297512680358,0.05631932274846096,0.01698529219574371,0.05473515341479786
189,0.22197504346388505,0.6095904662046322,0.07261309503111996,0.031797313898861285,0.0640240814015015
190,0.23480013268442268,0.5541962370272826,0.10932650874240325,0.03444377946619974,0.06723334207969164
191,0.23317300075391098,0.5485076639557289,0.13222391237486963,0.06274017873649622,0.02335524417899425
192,0.29046988715640143,0.5866988680349223,0.04549198082938795,0.034212214212898814,0.04312704976638951
193,0.12020563899112527,0.5753988135312122,0.1966003191029917,0.0656750653431114,0.04212016303155941
194,0.15479056408956565,0.7061991412935261,0.05342202208705203,0.050808715941219974,0.03477955658863633
195,0.2883632762558128,0.5135035622938322,0.04445645172795089,0.10470255719518401,0.048974152527219934
196,0.22807208470777304,0.5297330538347443,0.03514324568761247,0.09539482183992416,0.11165679392994589
197,0.23269542368327062,0.4899554130596474,0.06506505675752824,0.03248309987400999,0.17980100662554388
198,0.35252839541369296,0.30986108481801766,0.006245204360147098,0.23340216254822752,0.09796315285991486
199,0.1124991427266859,0.1907461471050024,0.004345217807325919,0.02779631580592845,0.6646131765550573
200,0.47609532911087293,0.48162125133847805,0.004617820071960708,0.01562203707548288,0.022043562403205406
201,0.5594242640538389,0.42685827215927813,0.0014394992174065638,0.0018636014349846146,0.010414363134491908
202,0.2539091155577185,0.7207295244067048,0.004149690666503615,0.005334884585974849,0.015876784783098327
203,0.46537113786550083,0.4956235063337911,0.003888763258738052,0.011740212081837096,0.023376380460133083
204,0.07212680944643104,0.687755392899837,0.21101145626878554,0.0023966552649717426,0.026709686119974648
205,0.026236021632549383,0.9017936016498025,0.04207639500576448,0.01859990143657649,0.011294080275307318
206,0.09316320569972639,0.8443956127068266,0.024456492744127985,0.026151064181799792,0.011833624667519025
207,0.05026427073193592,0.8113528403910025,0.025305630445548864,0.09864421859765345,0.014433039833859176
208,0.06824797588266067,0.8743069759805484,0.010342716346563951,0.022345262730595256,0.02475706905963174
209,0.10594340010191329,0.8364349445009522,0.025964191147121497,0.019089389597326572,0.01256807465268647
210,0.05439423884295638,0.8831820739360529,0.04537627083319877,0.012261814023802178,0.004785602363989749
211,0.025536001441215764,0.7705354356132835,0.18431792013224468,0.01191945141130848,0.007691191401947566
212,0.05125973063755377,0.8850616169854111,0.03903738882569334,0.020315204558306443,0.004326058993035514
213,0.010383354241075273,0.8430715426714039,0.11878326715298851,0.02173433582724035,0.006027500107292011
214,0.026637561389425763,0.8658653544496057,0.05313074420118783,0.03796977373271469,0.01639656622706602
215,0.04241021770836329,0.904024108947211,0.03249456950349096,0.016938653363184623,0.004132450477749962
216,0.02930039625200505,0.9244352633954962,0.033552306959059176,0.009827678956212437,0.002884354437227265
217,0.0716466744168812,0.897333809468791,0.01408555881020974,0.012961962557406188,0.003971994746711818
218,0.07581750120907135,0.8765854720026868,0.03852718059351278,0.0036970328449721806,0.005372813349756848
219,0.12023733337021314,0.8334188988763781,0.03135446185346676,0.009226983174625473,0.005762322725316483
220,0.0689127379782181,0.8809430932362069,0.035125344262524553,0.011186085605962954,0.003832738917087377
221,0.08382830572101652,0.8500462218633975,0.040760902463357944,0.01738821744385405,0.007976352508373835
222,0.051651789646902146,0.8965383014544634,0.036586800072011996,0.009931591525294828,0.005291517301327408
223,0.039825810492955735,0.8616489467765163,0.06929697151011606,0.023607669850137618,0.005620601370274521
224,0.029588951511507262,0.8967531252623409,0.0488438155005838,0.019971852966704656,0.004842254758863289
225,0.0515767459060269,0.8629646569258033,0.05431548961463328,0.025246454734431472,0.0058966528191048
226,0.05126834597855279,0.8497587707478076,0.06582044086573209,0.024614402758160205,0.008538039649747163
227,0.0712216823226822,0.8801984825042396,0.026609268336778354,0.016726311512058417,0.0052442553242415865
228,0.04377435621179736,0.8213341732220216,0.11361288599792013,0.017526941844322772,0.00375164272393815
229,0.07140724557156446,0.7838969391065576,0.0572753316316202,0.06392190894724016,0.02349857474301763
230,0.03545476589075655,0.9191790256953729,0.025349736237486258,0.014116325712929558,0.005900146463454706
231,0.05484663600194684,0.8462919582404423,0.06366801766219109,0.02921965858798614,0.005973729507433403
232,0.10317703388059118,0.8032467121541501,0.06045603131583693,0.026255684478971194,0.006864538170450505
233,0.14800741290907607,0.8061024384608209,0.012733984678795987,0.02386465001645799,0.009291513934849043
234,0.09136146878196977,0.8651775320623811,0.009359941339143293,0.02539710040978167,0.008703957406724146
235,0.05969561081969901,0.8610484980590043,0.05570197946947779,0.01591314736004789,0.007640764291770918
236,0.059551527910026346,0.7997524962182576,0.10992721539785195,0.01573224825232721,0.015036512221536829
237,0.04890427636019032,0.8833638077785013,0.041333858686259564,0.014103187872834261,0.012294869302214682
238,0.07033159146347913,0.7977496485672472,0.10013370948757264,0.02122978483101603,0.010555265650685014
239,0.0890158661762842,0.7898473898575344,0.08302000611008849,0.021565704673105486,0.01655103318298727
240,0.0743796207340123,0.8447219759043373,0.0417870137659899,0.017320966532820004,0.021790423062840496
241,0.10685061167218686,0.8054944488351712,0.048472526945613194,0.02147526966791545,0.01770714287911335
242,0.26260985775261064,0.648490522505197,0.05420889313377478,0.017514301952977044,0.017176424655440673
243,0.1289424078070597,0.7582360244134494,0.07647047623502289,0.012267699423235806,0.024083392121232297
244,0.07787647959796666,0.8418009160921365,0.050231278911435286,0.01840985858378157,0.011681466814680122
245,0.08328151924818665,0.6322436306632342,0.24290737943945662,0.018569339824869843,0.022998130824252574
246,0.12020487589578008,0.7756197706581929,0.04630473191621084,0.03238774823106715,0.02548287329874892
247,0.26117855637925097,0.5136196883847038,0.15258263143251818,0.023627988457444387,0.048991135346082446
248,0.0555532375320899,0.7767887542928783,0.1472971104461166,0.008340915256871799,0.012019982472043323
249,0.06260425659995578,0.828764954152268,0.07666108414769068,0.020501106383620557,0.011468598716464735
250,0.03878204102841541,0.7314010800687468,0.2163364085881401,0.006746891085646061,0.006733579229051716
251,0.15854840853905686,0.744970654112681,0.03564850848737099,0.022896597508049232,0.037935831352841946
252,0.19235685156356128,0.3561713082485768,0.3668098096986375,0.016357378222234743,0.06830465226698962
253,0.11610173480833434,0.6805663550595931,0.094370670562688,0.01888822616773255,0.09007301340165208
254,0.3497384040369677,0.5404925787629155,0.06300940363017991,0.015499301549409936,0.031260312020526884
255,0.13234916509240732,0.75724937618795,0.07441324144663676,0.011834853067495613,0.024153364205510303
256,0.08435401799390849,0.8089093282435551,0.07224998904795198,0.011318908252233872,0.023167756462350527
257,0.04819091086415238,0.7184231086168749,0.19222942556303474,0.00591122977868148,0.03524532517725652
258,0.10247742134257413,0.6937371743227403,0.17226806437602052,0.009763268046157559,0.021754071912507653
259,0.07482248231930837,0.7691591167436846,0.12018278397576178,0.013025746399897137,0.022809870561347815
260,0.0966556035967123,0.7514024958291365,0.11481507359390554,0.005752678920956905,0.03137414805928872
261,0.06176822907566891,0.5583011498208915,0.2684043445601406,0.017463188503562488,0.09406308803973643
262,0.0673927246437049,0.7632114342410419,0.11280840146618752,0.009694008184167349,0.04689343146489818
263,0.13952163029511075,0.6499432125784416,0.13610786394574084,0.018151081288253143,0.05627621189245373
264,0.09557162178383614,0.7221647292164561,0.14427579039367655,0.011061946626634409,0.026925911979396654
265,0.1269937353344928,0.6305876020441534,0.1361893910323869,0.021588170648855383,0.0846411009401117
266,0.1286809767471987,0.5703277278834141,0.17639803620259875,0.015491452653513193,0.10910180651327525
267,0.11910200029654257,0.5884190166805348,0.19251150423028895,0.0284026507932637,0.07156482799937004
268,0.1834234921106788,0.3828479201901159,0.22427276707109942,0.01619669942856063,0.19325912119954516
269,0.08041101184012454,0.5689712494554555,0.314115708132891,0.016165014465140338,0.020337016106388613
270,0.3379642901562824,0.46938339042477484,0.0498182727122498,0.017338234319033845,0.12549581238765917
271,0.12642385580905063,0.6774365782431926,0.11844209408842463,0.027050203905885285,0.050647267953446914
272,0.21255693145093763,0.6115927482820448,0.08702511345794797,0.019579298770919677,0.06924590803814994
273,0.07823967938942991,0.7200094024643289,0.17058706579463775,0.012107805516315587,0.01905604683528795
274,0.12114897908505377,0.7789407279581093,0.05875458283544228,0.009792486351862072,0.03136322376953256
275,0.2002517189535045,0.4826678392765767,0.22274355062221934,0.017641527438166094,0.07669536370953334
276,0.1363003738625837,0.6948522639494864,0.13244873482532307,0.013240907617743583,0.023157719744863317
277,0.1133578002112626,0.744894153930322,0.07676306712484977,0.02230502138389222,0.042679957349673434
278,0.1994071022375169,0.48885396094312905,0.1963237648917351,0.035827640533299364,0.07958753139431968
279,0.2337308604202819,0.3169398602700672,0.20830738619488684,0.029743521253603127,0.21127837186116083
280,0.08442440332506211,0.7295138737996828,0.05961224929525928,0.04335132253922372,0.08309815104077208
281,0.21005796408974908,0.33285531683969155,0.12826671650900992,0.08441271274345305,0.24440728981809642
282,0.2582626086379764,0.3863420229556528,0.13043262183688392,0.024330540067074757,0.20063220650241215
283,0.04256479331219882,0.055612821541110066,0.03301874345670185,0.0011124639812623452,0.8676911777087271
284,0.014354946992735054,0.013044792483372657,0.0005721893120972488,0.006687306747551178,0.9653407644642439
285,0.030781181503945657,0.0069832663649765725,0.0002715559367414705,0.009062303790440564,0.9529016924038957
286,0.04007097661151466,0.005430726164468021,0.003898923717774998,0.0043882099555512515,0.946211163550691
287,0.055640170371438986,0.0040511895279135455,0.00012794855688196913,0.002145359759100233,0.9380353317846654
288,0.6394962718115529,0.015375861058338143,0.0005712908469513151,0.010900973706882781,0.33365560257627497
289,0.5462451708828207,0.11855542223522941,0.004582816809968028,0.01025688990742885,0.3203597001645531
290,0.4355758688862141,0.17077794496648213,0.004222597053630076,0.047329416891362414,0.34209417220231136
291,0.14603655674183164,0.6898953315495207,0.0021093618612837203,0.1265786182767935,0.03538013157057036
292,0.30963712059324533,0.46860474418907994,0.008245456915343733,0.17588888212926987,0.037623796173061094
293,0.1327401864882592,0.8247367438582769,0.004691781103772695,0.030389635857877437,0.0074416526918138675
294,0.10664633711029187,0.5704856306376627,0.004351448756928084,0.30833319735104237,0.010183386144075112
295,0.13998684056654456,0.74077633418726,0.009356392955149466,0.10322648507156172,0.006653947219484207
296,0.08629429959901724,0.5651898608515787,0.003214490535925173,0.33710140832651037,0.00819994068696839
297,0.07680358349179794,0.7107295393778216,0.007929501672661418,0.19527089245718332,0.009266483000535747
298,0.10524951446531321,0.5652619150075389,0.0062321119013634225,0.31452688513067834,0.008729573495106172
299,0.15721510398442295,0.5427457779227575,0.025058358404424767,0.26357104152486377,0.011409718163531006
300,0.24480325864050853,0.663176188712324,0.01355699111700263,0.0589166506550382,0.01954691087512668
301,0.1876444426032012,0.6581840770896886,0.004638526647773992,0.13855919981631223,0.010973753843023942
302,0.2853206634436682,0.644457256896001,0.015503384792121783,0.03632337926577168,0.018395315602437363
303,0.1526674649273575,0.7502392195872675,0.033287493878087965,0.04499051580600788,0.018815305801279054
304,0.19709652997021965,0.6862614435017331,0.022227950391287138,0.03048938119407788,0.06392469494268212
305,0.14126699981206967,0.7477387943324112,0.04581797238069625,0.01681765045889371,0.048358583015929164
306,0.2551598263169261,0.6384830185753226,0.013222848644663021,0.052439723662952235,0.0406945828001359
307,0.2272904968492159,0.6785650076241367,0.030101179218018956,0.03817763590919545,0.025865680399432846
308,0.10214943444422152,0.7389681054448138,0.047419007721732666,0.09037161861200009,0.021091833777231988
309,0.29250467162598526,0.5647475262018999,0.022292846763846273,0.08252608348588115,0.03792887192238742
310,0.29268941822685757,0.48229197272795055,0.028780474755376425,0.15963207787589775,0.03660605641391776
311,0.295244489852952,0.4057958167284434,0.027760826468161335,0.16294695797232206,0.10825190897812109
312,0.3323429100279948,0.35161684940387544,0.003088823132416439,0.09636946204867519,0.2165819553870382
313,0.6166855687879382,0.1825275596621194,0.0021829007205831103,0.15425778847315205,0.04434618235620723
314,0.3986725012401929,0.3438314284015065,0.0027084766414261553,0.23688413114457182,0.01790346257230258
315,0.2669476117253396,0.5408502936120788,0.005268847359548925,0.16664016515376573,0.020293082149266912
316,0.4767116360625787,0.47785866850651265,0.004413085093946984,0.025751436772347844,0.015265173564613604
317,0.5564130694569227,0.4078583897120858,0.008599099340568019,0.01646457651901482,0.01066486497140872
318,0.23440920778147512,0.6839592743714032,0.026908590431471705,0.029834630379024975,0.024888297036624884
319,0.23777333584382718,0.6093330556161919,0.08609443173641261,0.03562136105700095,0.03117781574656717
320,0.23993593389858298,0.6200326205431326,0.026563031075502,0.08901622645132659,0.024452188031455838
321,0.10439040069891553,0.7539222606544189,0.10598669589937651,0.021436708324234045,0.014263934423055059
322,0.10149288555831347,0.8465722370150489,0.0114957267693886,0.03127404650468175,0.009165104152567388
323,0.1597964554233943,0.7186954183288513,0.010197712212804607,0.10362700809601669,0.007683405938933099
324,0.44507887813398095,0.4361246704020204,0.007836207748002677,0.08357377201265721,0.02738647170333874
325,0.2703958459432385,0.637319196616645,0.016407614580182295,0.043972624073528234,0.03190471878640591
326,0.4326510386953449,0.3658986105317054,0.014989829318448784,0.172020860925978,0.01443966052852291
327,0.14414400116942597,0.6117554835166055,0.01917297088518529,0.21513195700076673,0.009795587428016464
328,0.3110253341028551,0.5101278546520547,0.027473446935079977,0.12311629011616934,0.028257074193840888
329,0.49133918100993085,0.35231547861689283,0.013345743486347554,0.10343679916688062,0.03956279771994809
330,0.49300203272899934,0.3308228167912983,0.01769136737764408,0.07888688801772832,0.07959689508432993
331,0.24083251484852028,0.5319297595823059,0.015923598771751393,0.11678395092551154,0.09453017587191084
332,0.2109076414698579,0.6366010385473763,0.012750294757673915,0.1037782074925031,0.03596281773258882
333,0.18992886896496755,0.665849499613659,0.01760371622671695,0.08310490829610118,0.04351300689855536
334,0.19794106305611037,0.29944902810059376,0.0026692215887823842,0.03417268899137507,0.4657679982631384
335,0.4116737253863105,0.09386537000355254,0.0004009771004507814,0.15341089995802723,0.34064902755165893
336,0.13148348101079443,0.021015807166618408,0.0004323030960564946,0.009155409100891836,0.8379129996256388
337,0.16706424680822798,0.017292483036171473,4.1937981285084035e-05,0.006960078399490424,0.808641253774825
338,0.8785661198635882,0.01701326630024968,0.0002402065817740893,0.018164566431888327,0.08601584082249972
339,0.8198817754173489,0.02186807431513949,0.0001457989106851085,0.06871083883793587,0.08939351251889066
340,0.612165669136243,0.09673223144876722,0.00013628250372221048,0.2546677275851427,0.03629808932612479
341,0.21420024884878333,0.05688500704897362,9.024486273402003e-05,0.6770836741133612,0.051740825126147916
342,0.3614500707657161,0.07537678780617822,0.0002894948133817862,0.5168194710956179,0.046064175519106035
343,0.125405176676354,0.38331242451995295,0.0007910498658502767,0.4705628408414622,0.019928508096380342
344,0.10021848130334926,0.2563187814376613,0.00873815154032126,0.6230052616052405,0.01171932411342769
345,0.19944485342436047,0.22666708481760134,0.012650396175500712,0.5549402211022859,0.006297444480251547
346,0.18883346307959695,0.30779015344053207,0.0444692648110038,0.44947249278454365,0.00943462588432338
347,0.14126565558407234,0.3461343951603447,0.03011752293930496,0.45789925448285795,0.024583171833420046
348,0.1779209137814572,0.4689832273900728,0.06716551740211453,0.2669221759384519,0.019008165487903742
349,0.10620919541585669,0.3037703714121781,0.004482194252808779,0.5718664303650893,0.01367180855406705
350,0.23022672274551148,0.6802559076445136,0.012098989636719855,0.0631988653480634,0.014219514625191741
351,0.3919021803185359,0.4399129534153916,0.005741761717124806,0.14090965980878956,0.02153344474015814
352,0.4447110654509163,0.46796670360545056,0.00974770165771935,0.023657929451841413,0.053916599834072286
353,0.14555375748588112,0.7702460458739685,0.025205494523874418,0.021786997455639542,0.03720770466063652
354,0.1802515543568651,0.731627351730701,0.028690720090657422,0.041932983598933084,0.017497390222843363
355,0.34507257784727985,0.5285006244031303,0.01137971895256368,0.07418126779179823,0.04086581100522796
356,0.1732861950912262,0.6505499957945619,0.04249758516872271,0.08678270993672901,0.04688351400876021
357,0.21783880042598486,0.5229710615139542,0.070633015948547,0.16382650822945136,0.024730613882062536
358,0.4813115124712247,0.4302021661076853,0.01877598164202921,0.043842208382379844,0.02586813139668083
359,0.4129188586450951,0.4893030260435736,0.015629982710263748,0.04671516070705929,0.035432971894008174
360,0.22464330416954176,0.6372657256837059,0.034306864075613584,0.05120786590866715,0.052576240162471664
361,0.1931121350037607,0.6750112698878673,0.04930408937956374,0.02722260909484162,0.05534989663396674
362,0.1190389700138842,0.7358113676206379,0.04442457639294172,0.07687014819497119,0.023854937777565047
363,0.2097224141352163,0.6330544979802959,0.046629120202197984,0.0791430322800043,0.031450935402285427
364,0.2555811898875603,0.5821246419700561,0.0671068974808915,0.051858774125534274,0.04332849653595793
365,0.3031519366709679,0.6124274226807184,0.017499906623816917,0.05539058525807048,0.011530148766426272
366,0.4427610273355856,0.46447104657113103,0.03479444386195705,0.02991354504763585,0.02805993718369041
367,0.3617029112868087,0.5601128426205487,0.01606416681304743,0.03384073466828072,0.028279344611314483
368,0.1623970203085523,0.7013963170748226,0.07218939882121087,0.04100017180333435,0.023017091992079932
369,0.16831095918864672,0.6264802749532449,0.09684137802268906,0.08006353971911029,0.02830384811630904
370,0.26256574198342825,0.4188949814443877,0.05526810166824754,0.05057908601720479,0.21269208888673186
371,0.33973183070574414,0.4391266230297476,0.024667677957512214,0.10122981393474272,0.09524405437225333
372,0.19571874607462245,0.3069936138064601,0.01861906940901504,0.009471258955092052,0.4691973117548105
373,0.44103988620224316,0.2733033089866488,0.0009365696600954508,0.004844157788568259,0.2798760773624443
374,0.2820221408586605,0.1502433497098645,0.0008555536360632685,0.00563666128710207,0.5612422945083095
375,0.8664852588118671,0.09500696518466721,0.0005532191471811081,0.012266328924339697,0.025688227931944963
376,0.8040908784638124,0.15965275489567834,0.0004436946971719889,0.01656704338595446,0.019245628557382596
377,0.5795026850278996,0.3861576930749172,0.0024880720510178653,0.01686290377655123,0.01498864606961393
378,0.1029549916350115,0.7910002011599264,0.002222200200040116,0.09237333932231247,0.01144926768270952
379,0.4339128308869843,0.2518825702125533,0.002092900613682484,0.2749902024343555,0.037121495852424545
380,0.1599305724100647,0.62409770178025,0.0032319508279146036,0.19932001455471116,0.013419760427059552
381,0.23559172937651846,0.5639783976468736,0.0036372133589064035,0.1819408553688944,0.014851804248807037
