epoch,N1,N2,N3,R,W
0,0.4915355695540329,0.004827979556391777,1.0032190753131813e-05,0.01971524056334343,0.4839111781354788
1,0.4796917070451069,0.003634736266822212,7.947153892985415e-06,0.014973644694552765,0.5016919648396251
2,0.47154738517426453,0.032076522098568365,2.8028676858068112e-05,0.036979173161694315,0.4593688908886147
3,0.2951130729632741,0.006799315158901734,7.4629318250940874e-06,0.017358070599833082,0.680722078346166
4,0.5173874251648666,0.0028925505483346874,1.7218226458867836e-05,0.006694113737046069,0.4730086923232937
5,0.7171075130696544,0.03443244086785674,3.263954238603068e-05,0.00787325892602846,0.24055414759407437
6,0.44855883889309217,0.3691236711958787,0.0005615323793534653,0.026301521402180488,0.15545443612949522
7,0.19694327159620104,0.6755678308896989,0.0022730301010239528,0.011140808573926084,0.1140750588391501
8,0.059918352863118106,0.8464288125022577,0.004231534870079921,0.002970288636499709,0.08645101112804462
9,0.025963733579311664,0.8900613837172612,0.002168964261316334,0.0026932883342953838,0.07911263010781529
10,0.025010080272931674,0.8945915652621932,0.007653074321681712,0.0034017644481911828,0.06934351569500218
11,0.03961812024895264,0.9304249223784924,0.007263759005186248,0.0018778657648901337,0.02081533260247884
12,0.019217564146458994,0.9672751668915326,0.003395733072090464,0.0004642571464283697,0.009647278743489474
13,0.05002945894486364,0.9234677085377527,0.008933668170487675,0.0023708786126158754,0.015198285734280219
14,0.03910532700972015,0.946839608765888,0.0038970905785946966,0.0010951708835514136,0.009062802762245803
15,0.03171147023330995,0.9467656535234708,0.012828976683059858,0.0009147675742021702,0.00777913198595737
16,0.020117503931724606,0.9497620392209414,0.01710911197987695,0.0020993921268828413,0.010911952740574252
17,0.02564385776659959,0.9543086792205348,0.007179383710076419,0.001598647367485898,0.011269431935303395
18,0.03663874580842239,0.9336105487812432,0.015022975481705655,0.003237117573569579,0.011490612355059299
19,0.024956009065623813,0.9623499343745758,0.0038287379723849144,0.0025468593400455254,0.006318459247369932
20,0.026805471386865225,0.9497078265388307,0.009148752994020003,0.0031767737144021233,0.011161175365882193
21,0.03369089097616502,0.9494891613944625,0.008023149844986291,0.0014599932614924958,0.007336804522893497
22,0.041711464378860454,0.9372637756805192,0.009468477816203398,0.001358269586182338,0.010198012538234602
23,0.005511266352191456,0.9138306226642852,0.07223731272304233,0.00019204387031126498,0.008228754390169672
24,0.0020757478415137816,0.9249864577763744,0.06400075440277886,0.0001332688487943803,0.008803771130538566
25,0.01129466084156989,0.9385115896080884,0.035185833175201166,0.0005451501806318927,0.014462766194508665
26,0.005418589450437913,0.9425182373353584,0.04357035277903143,0.00028232089689964935,0.00821049953827272
27,0.0039371553379589285,0.8376423311784503,0.1504986503000325,0.00012863439517243406,0.007793228788385761
28,0.0035300491670630105,0.8153037850955559,0.16827849824939514,0.00019997292854383452,0.012687694559442133
29,0.005647871402557638,0.73911495501546,0.24404379084032166,0.00017607732685161483,0.011017305414809107
30,0.006340619629843613,0.8829799085648524,0.1037896456112057,0.00012266241312320196,0.006767163780975208
31,0.0024001169296538017,0.6822861453383325,0.3087822549199146,5.774294615907003e-05,0.006473739865939922
32,0.0010364893899304508,0.4359354338181025,0.5586751985496412,3.483266883332697e-05,0.004318045573492404
33,0.0010624667271030312,0.78160610393692,0.2099298699454705,0.00012211710356201967,0.007279442286944578
34,0.0012958080861271161,0.48096288949969807,0.5100383082316181,0.00016459190859862262,0.007538402273957988
35,0.003558100266080146,0.8791997395082536,0.10447501447309211,0.0007723133939407034,0.01199483235863344
36,0.001693190115642535,0.717130133855151,0.27253199525606714,0.00031394725457324727,0.008330733518565952
37,0.002035355137357214,0.43266298290347044,0.5555025408404466,0.0002800496237615957,0.009519071494964197
38,0.003884878186887288,0.605448936827998,0.376962617091763,0.00042183089034555286,0.013281737003005991
39,0.035683227806017744,0.017855034455647206,0.0025256709192980516,0.0003996225494255841,0.9435364442696115
40,0.5893489660038811,0.33660263996028456,0.0012174456690519316,0.009839371496828944,0.06299157686995362
41,0.8190059808222835,0.11574149299838477,0.00011876882391014253,0.002171496395365935,0.06296226096005557
42,0.5006471877132435,0.4529004794937472,0.0014771603258360816,0.00018722084381064564,0.044787951623362694
43,0.05650545436349342,0.9336359762972061,0.005633778613217951,0.0001242549754324582,0.004100535750650295
44,0.06308363254710794,0.9247517227856059,0.006080319417289745,0.00041183990484767606,0.005672485345148643
45,0.0448437272268942,0.9114901715717568,0.03633522142516814,0.0007658988691510586,0.006564980907029829
46,0.007555720516590198,0.881975156405838,0.10662645811277144,0.0002976712951642809,0.003544993669636236
47,0.0043646831824113025,0.906997938997668,0.08437915829584705,0.0005373848825267157,0.0037208346415466883
48,0.009387700718487959,0.9178210407376051,0.06872680374810249,0.0007751891871528606,0.0032892656086514673
49,0.005021521892208988,0.8317244515231904,0.15890889514616457,0.0004695355377498128,0.003875595900686129
50,0.006450075180924948,0.7621753168480432,0.22673134521920477,0.0002462064721131788,0.004397056279713824
51,0.0121191339937237,0.8594950842931833,0.12373953609805888,0.0005228981736271732,0.0041233474414067
52,0.0037780809367489016,0.6115752124273655,0.3814745650342559,0.0001896993558259188,0.0029824422458037438
53,0.0019569958046569158,0.375756540130562,0.6185033631310766,0.00013839362428142034,0.0036447073094231105
54,0.0020016233844651486,0.5269115275555947,0.46741383393478225,0.0001565432973966464,0.0035164718277613566
55,0.0006376319767369147,0.3395159873601619,0.6573433848507303,0.00011933296330139079,0.0023836628490695004
56,0.0005062128504053192,0.3622771005903609,0.6349466778526839,8.933464026737876e-05,0.0021806740662824614
57,0.0006957630590593145,0.601222484348426,0.39449903816678017,0.0001363986644958119,0.003446315761238797
58,0.0002873567404614041,0.24540660302305764,0.7522519508031377,0.00010609997629592509,0.001947989457047465
59,0.0005183192890524489,0.25686390031490947,0.7388723213473131,0.0001141872503655818,0.0036312717983594256
60,0.001637201546732536,0.2832934729966856,0.7112312924235573,0.00015588589350573154,0.003682147139519024
61,0.0003764629019518238,0.23319028001064057,0.7638667633692573,5.828382851560821e-05,0.002508209889634695
62,0.0017125676356188051,0.5405367114111378,0.45342753728429763,0.00016837679900152724,0.004154806869944287
63,0.004026056620052034,0.5585402045560847,0.43304636933281326,0.00030849576190634324,0.004078873729143684
64,0.00020282565890245743,0.08453279486434541,0.913306960569309,4.637324660426585e-05,0.0019110456608388835
65,0.0006181911161351333,0.16674209631067366,0.8291412251519424,0.00011021161667462047,0.0033882758045743716
66,0.0011163893359182747,0.39324889274364544,0.6019030765878548,0.0002607894211619959,0.0034708519114193988
67,0.0003768574129061252,0.14936739711879543,0.8485548643854375,5.420506481165656e-05,0.0016466760180492354
68,0.0010516936809258173,0.5722584964914436,0.4228949750409393,0.00030510132598255123,0.0034897334607089337
69,0.0008073323624255028,0.4576574833030301,0.5396323828574855,0.0001461755839127665,0.00175662589314605
70,0.000970112690757229,0.607191810215226,0.3873855543658715,0.0002450131432438108,0.004207509584901579
71,0.0006738053101721153,0.47442202420084884,0.5224418283051957,8.681847458221086e-05,0.0023755237092010686
72,0.0004595073918983133,0.5505806643705362,0.44581487140883597,0.0001898039820674137,0.0029551528466620672
73,0.002110775451519395,0.5974727504736193,0.3965732108105717,0.0006320238544439884,0.003211239409845612
74,0.000545771311508049,0.18898946691408822,0.8082540108316849,0.00013417634628897122,0.002076574596429789
75,0.0003785752795880338,0.12247471648583383,0.8756823767968499,9.789355490815571e-05,0.0013664378828200637
76,0.0007920392432616072,0.31862150792582805,0.6785240912924362,0.00024030419451424756,0.0018220573439599957
77,0.00255534144469823,0.2711075135447782,0.7231279507379296,0.0006306977810716728,0.0025784964915222877
78,0.0014950251910453697,0.5093567542252533,0.48214687376637566,0.0008448529333385022,0.006156493883987168
79,0.00027227674477084873,0.13194519653210535,0.8659049475551337,0.00019161088171388473,0.0016859682862762557
80,0.0025516975837954724,0.47621492613650257,0.5165516217609991,0.0012379013583783598,0.003443853160324436
81,0.002534825445135579,0.507016735948731,0.48679101653837636,0.0011103444869958257,0.0025470775807614203
82,0.00048475323974976316,0.07972564344118485,0.9177510845259339,0.000237799865508424,0.001800718927622955
83,0.0018913378435774955,0.2539750732569314,0.7404775577833554,0.0009494462193401631,0.0027065848967954844
84,0.002505808059829288,0.33554903291266486,0.6594164168809618,0.0007561752561790229,0.0017725668903651195
85,0.002778196315544696,0.4547115752167101,0.539236912359889,0.0009545816591362343,0.0023187344487199525
86,0.0005484857957098853,0.2723466881323452,0.7239495519034814,0.00030941720245476127,0.002845856966008771
87,0.0008546482415700336,0.18495110445254823,0.812492441034566,0.0003622699471681963,0.0013395363241474852
88,0.001573788917270438,0.3147899310665427,0.6815290711283549,0.00042757550726025965,0.0016796333805717337
89,0.0011961745880213234,0.22695880127717097,0.7692571017895617,0.00043153396626140466,0.0021563883789846214
90,0.00038566890470324763,0.12273165848515175,0.8753426906956062,0.00014976207299631102,0.0013902198415424525
91,0.0006420504496275275,0.0577212876368942,0.9401494561114051,0.00014213177974052487,0.0013450740223326404
92,0.000460593341167862,0.11955542888758841,0.876494340618079,0.0004599964905110319,0.0030296406626537484
93,0.0006117076776846716,0.13145677650206317,0.8657248576394655,0.0003184966441252195,0.0018881615366616354
94,0.0005848799854713991,0.13289454719947408,0.8640977738068624,0.0005508195290994948,0.0018719794790925573
95,0.002478147867480685,0.5391004429053659,0.45417069693379336,0.0014668916745689152,0.0027838206187912125
96,0.002746418803287791,0.5660487584103966,0.4276814764751601,0.0014949964461550638,0.002028349865000346
97,0.002489721572984206,0.4686783811927892,0.5249183223416101,0.001073890684966422,0.0028396842076500732
98,0.00234585717493536,0.3202023933368026,0.6723388526404259,0.0007055978022969612,0.004407299045539215
99,0.00210718058556468,0.2318908046058205,0.763485217473172,0.00045208253901733616,0.0020647147964255896
100,0.001922707934222299,0.11800450019194121,0.8770422176362518,0.0006016830668720175,0.0024288911707127177
101,0.0030833999708080864,0.34020875345273544,0.652544498650112,0.00120787747707839,0.0029554704492662006
102,0.001962937863977421,0.3684755337163082,0.6254245299539202,0.0011025053001956439,0.0030344931655984842
103,0.0017590337111878707,0.2733397013360772,0.7216050049818789,0.0007410689942156096,0.0025551909766405377
104,0.00033324718554796735,0.03374542714211269,0.9640044546856638,0.00016955959237807724,0.001747311394297459
105,0.0016247242735790372,0.18113072980699113,0.8124278174162083,0.0005559715414045543,0.004260756961816998
106,0.006499015228429517,0.1952769969951449,0.7840234509778908,0.0012362700235164128,0.012964266775018482
107,0.07656205015436728,0.7394391680191819,0.1137649558085785,0.02919356272615912,0.041040263291713265
108,0.10560915756626046,0.6283255565986996,0.03697832492377796,0.07918357278528593,0.14990338812597612
109,0.24340976399489864,0.6977821989392828,0.013961222484604543,0.017986435724717025,0.02686037885649699
110,0.10383757067316778,0.8742580209244617,0.008370414354666367,0.0029524061317923555,0.010581587915911843
111,0.02529241855046607,0.9479761828607449,0.014485779909568345,0.0028167214884506613,0.009428897190770063
112,0.08083783789077555,0.8802164146244074,0.005113380482119996,0.023846624767968377,0.009985742234728671
113,0.048409052206910684,0.9252350719608663,0.007013908136501248,0.00718242877884647,0.012159538916875304
114,0.05720627084054256,0.8904742504225843,0.004856354374928924,0.01667948706999962,0.030783637291944506
115,0.10787032260569947,0.699373829356869,0.009378667008917523,0.16149826450763705,0.02187891652087701
116,0.011985228143355548,0.9226571105899082,0.012483964192115811,0.035993234188432956,0.016880462886187438
117,0.03781703442614521,0.7484173856709345,0.007552742573346254,0.1683055324721423,0.03790730485743172
118,0.05338289121391971,0.05254795385942885,0.00020033875811721936,0.8226966583564831,0.07117215781205104
119,0.026327547834197343,0.07213858674367682,8.192259067140897e-05,0.8927805841238294,0.008671358707625027
120,0.12471270743729626,0.09673596772241468,0.00010551279085489914,0.7491501019178393,0.029295710131594807
121,0.23634901226454882,0.027745241052841232,5.829340275853875e-05,0.6439737678124645,0.09187368546738679
122,0.17782304924216336,0.0753502450828964,0.0002014868739956925,0.6910191970353677,0.0556060217655769
123,0.2371311186129984,0.06537198113555963,0.0001826143357283176,0.5472055747677887,0.1501087111479249
124,0.1700264900458518,0.06429470237268492,0.00010668738999333684,0.5079351301001929,0.2576369900912771
125,0.030363824741123504,0.01217197481694656,3.485464604562119e-05,0.22109784408049923,0.736331501715385
126,0.004792395445154735,0.0008849788378868906,3.420333279138181e-05,0.0017546999641938439,0.9925337224199733
127,0.40264065462552634,0.007937552436521063,2.638682596664879e-05,0.030057023061680545,0.5593383830503054
128,0.22638165736592988,0.0016662436035704926,1.3457359194708394e-05,0.0161067393759008,0.7558319022954041
129,0.7498596835759903,0.0022337902302950693,4.484953576234832e-05,0.03954128594139536,0.2083203907165568
130,0.31094639358222664,0.005311533126314181,4.646519823323497e-05,0.23452391472806952,0.44917169336515644
131,0.4275697186893384,0.009306563478803287,8.192953806485644e-05,0.37174060999713016,0.19130117829666324
132,0.1496675006576258,0.00952007314932082,5.9213170708226625e-05,0.7101163337400779,0.13063687928226728
133,0.14591450515322002,0.003300470529844371,8.093663117507077e-05,0.6754269155544093,0.17527717213135127
134,0.10736009087424937,0.012472079428142423,6.97169459787342e-05,0.5891179486604533,0.2909801640911761
135,0.19821248020099538,0.005898368138749483,6.166429955643972e-05,0.7234144162778366,0.07241307108286209
136,0.2686054104338803,0.06413671103888377,0.00017569151652784432,0.6313856203537401,0.03569656665696802
137,0.032871232457255935,0.0345387772303886,0.00012657461692932638,0.921026553696876,0.011436861998550188
138,0.022317006112212025,0.05463812348938968,0.0002725870554633104,0.9088902121539044,0.01388207118903053
139,0.010065877852859674,0.0075898834441188,3.4610533221765294e-05,0.9757929772529073,0.0065166509168925885
140,0.01037745635650612,0.022362499399140038,7.78789527695013e-05,0.955241680504466,0.011940484787118425
141,0.00616867850089974,0.013464839067002084,5.2201986019473634e-05,0.976079038886112,0.004235241559966769
142,0.01064374016934669,0.003982309669564041,1.6171115106157155e-05,0.9802652764084654,0.005092502637517738
143,0.010934778357471404,0.005606451086361869,2.6901241142659676e-05,0.9673763316391305,0.016055537675893666
144,0.029331440872962775,0.004690153780029955,5.613995878728588e-05,0.9182210871374213,0.04770117825079857
145,0.030892665368408245,0.0041882654755613525,1.7342648178658842e-05,0.9517406257617247,0.013161100746127048
146,0.036046508793586084,0.004977911782191492,4.889310513825691e-05,0.9333958040663652,0.025530882252718896
147,0.01792028249949649,0.0017433487071419156,1.0895070100836462e-05,0.9579151379688905,0.022410335754370236
148,0.02492224063607039,0.002758284156090057,2.5206610476194097e-05,0.9404441716429311,0.0318500969544321
149,0.033009176146057057,0.005900589487187088,0.00019041506404005187,0.7694986629670926,0.19140115633562318
150,0.0297397447180338,0.0017304778340057993,1.8361501728610382e-05,0.946651232908174,0.021860183038057812
151,0.032738477551672314,0.001664755546174557,4.458905973900788e-05,0.9353725381678676,0.030179639674546586
152,0.01403926532010266,0.0009651600355960306,1.7721084249891804e-05,0.9689548033591043,0.016023050200947082
153,0.019926343740305177,0.003288051894036488,5.651472861950155e-05,0.9509342891680334,0.025794800469005525
154,0.030333642303423974,0.0014855423654084258,5.2917653595461595e-05,0.9135377625627173,0.0545901351148547
155,0.04479833208383577,0.002571185530485498,0.00016875447198876688,0.9056778474919345,0.04678388042175547
156,0.03432609584679952,0.0027720653808169893,0.00016355515765430133,0.9324614332938888,0.03027685032084032
157,0.032895644465232195,0.00227185178307547,4.515720880652679e-05,0.8890776417700502,0.07570970477283549
158,0.016811805020515852,0.002505295786586229,2.2287385079761533e-05,0.9639603142501264,0.016700297557691833
159,0.06246202593863226,0.003422851229532577,0.00010344352633737401,0.7340559186374638,0.19995576066803403
160,0.13846791970867187,0.003409561696237983,0.00022883987280258278,0.667153454983012,0.19074022373927546
161,0.08292182362687531,0.004069337146850544,4.439918787183987e-05,0.8255215431282003,0.08744289691020216
162,0.06990945015155585,0.0030883553203992446,0.00010863833472744631,0.8379260126035455,0.08896754358977213
163,0.02117124483008525,0.0014059835937534565,1.507012640915601e-05,0.9150403432711778,0.062367358178574285
164,0.018066358857984893,0.001933178633230794,1.3266595937380279e-05,0.9445669267290083,0.035420269183838775
165,0.020564453630465624,0.001721243336031042,1.4245445656328853e-05,0.884925846945552,0.09277421064229492
166,0.04221444468573362,0.004076647464221706,6.308450031184278e-05,0.6049921970675002,0.3486536262822326
167,0.015386962395049003,0.003768045723514861,7.079480666618673e-05,0.060812730634647025,0.9199614664401229
168,0.25558100627466934,0.009203603174050178,0.00021341378205148694,0.45588019662685453,0.27912178014237454
169,0.0922509640107915,0.0027752265329937975,5.7163374552316125e-05,0.020433375852493937,0.8844832702291684
170,0.006160972549553227,0.0028510000298439544,0.00011813153158432826,0.0010476934253044966,0.989822202463714
171,0.016222433990394487,0.0004972395697188411,1.037079991763639e-05,0.00017628283589578734,0.9830936728040733
172,0.00904840885054162,0.08265069298440689,0.0006866417003724485,0.009048531529187881,0.8985657249354913
173,0.0022974194179475774,0.003530633283891955,2.7824532862335118e-05,0.00035068731586987607,0.9937934354494282
174,0.0011596704451991692,0.01210480656017798,2.59333537353278e-05,0.0007117286919868016,0.9859978609489007
175,0.0008438422477045379,0.005206021919530877,1.0560703812411055e-05,0.00022028307561626855,0.9937192920533359
176,0.0023317073884181008,0.001966044548910663,2.7059186936908183e-05,0.00012908781167024228,0.9955461010640639
177,0.026566240032037287,0.01314764688317682,0.0003397718634969283,0.001118007438838103,0.9588283337824509
178,0.028231845077026467,0.024990014694715297,0.00031033488391242356,0.0008993538758559485,0.9455684514684899
179,0.02012709838896319,0.012989261616979447,0.0003418773933111552,0.0010624869593573352,0.9654792756413889
180,0.024122075680565166,0.006062480124451762,0.0004363600681058307,0.0018707096317166232,0.9675083744951606
181,0.26626579271942985,0.019530197482791355,0.04462918567016679,0.00618177499110779,0.6633930491365042
182,0.5489093244917389,0.0033948566152878215,0.0020176014869033496,0.0012611781539110622,0.444417039252159
183,0.7101869190254683,0.004359461511768326,0.0005030352632211052,0.0016533177101422988,0.2832972664894
184,0.76599736018763,0.0025866926535889913,0.0007735180593565574,0.002160892131815661,0.22848153696760867
185,0.5234308473843687,0.006118861034824157,5.347345602836309e-05,0.060250373110681155,0.41014644501409764
186,0.7604981019684207,0.0041644139653718515,2.616579054133386e-05,0.013055518337224676,0.22225579993844152
187,0.16319062607198873,0.0011237319683696906,4.193365655440749e-06,0.00950872270534432,0.8261727258886419
188,0.6851575438480911,0.005044509312583599,2.1797279060348812e-05,0.02045877904654399,0.2893173705137208
189,0.7262028992303021,0.008884432029483566,3.2244981070672494e-05,0.15164179976280562,0.1132386239963379
190,0.6497230271574892,0.09052254173365397,0.00018057519479495565,0.21009168594782673,0.04948216996623515
191,0.31961908414320617,0.17369753239794838,0.0002158254398622182,0.4754899791062451,0.030977578912738134
192,0.2218854248585901,0.39419795926126205,0.0005030952911637088,0.3620358635385285,0.021377657050455644
193,0.028776537355729766,0.8925570238219573,0.0017338888033374673,0.06665829540988553,0.010274254609090011
194,0.08583053576032569,0.6690020259563569,0.0010038294657483638,0.16931173645281067,0.07485187236475856
195,0.03648186746668201,0.8663586767184454,0.0018688900469033696,0.08738864460312984,0.007901921164839575
196,0.07232805623461475,0.818730080400459,0.0009674452343753961,0.07918110139871701,0.02879331673183385
197,0.17888268001887192,0.7027699242562645,0.0018673792699780136,0.10822516082450684,0.008254855630378548
198,0.04316469027931127,0.9148689209066564,0.0014583297497380947,0.036432728205132464,0.004075330859161929
199,0.04063988112425567,0.9082060195997111,0.002069756029544868,0.04560701229764477,0.0034773309488436385
200,0.04362038540885236,0.8689847829896993,0.002150778349869658,0.08266061239623523,0.002583440855343641
201,0.03188501530745529,0.9153531388079366,0.002712069352102114,0.04442755017561812,0.0056222263568877565
202,0.12059872001288992,0.6782062555932742,0.0008772839037149993,0.19462579350767814,0.005691946982442738
203,0.03187974314774436,0.9413308950161933,0.00496078182263996,0.018518771045724733,0.0033098089676976547
204,0.03148669687476315,0.9403528726929751,0.0022452571272761224,0.024257555749756774,0.00165761755522892
205,0.03696744996428915,0.9242874131349376,0.007466759212147668,0.027617490125208463,0.003660887563417271
206,0.03379806757472502,0.9241899511394978,0.0032388410200069676,0.03640492429961239,0.002368215966157982
207,0.04712904502689195,0.9286427766731958,0.002752414286356662,0.015966994631669913,0.0055087693818856595
208,0.04992608213009864,0.9226363543902386,0.003491624822063003,0.02010529990177567,0.0038406387558240405
209,0.021527144620913177,0.9606365398646873,0.009731379466323556,0.005065225500191007,0.003039710547884912
210,0.026633170450114044,0.9636362784856737,0.003028994524019173,0.004622979473436761,0.0020785770667564505
211,0.04379132323140746,0.9405636827068847,0.0026202505883206047,0.010150298735332675,0.00287444473805437
212,0.026592365133633087,0.959225555865122,0.006026139766346767,0.00446951192182464,0.0036864273130733966
213,0.013451024193426687,0.9744365942754214,0.00797492023662373,0.0020428509619965073,0.0020946103325314644
214,0.011612144767109336,0.9745672271249827,0.010069367841472927,0.0016890730090873803,0.0020621872573477517
215,0.02501487658759787,0.9502597130936749,0.01872470032800551,0.0037702437307637645,0.002230466259958017
216,0.020306370187027,0.959389069198538,0.013352964973481624,0.004413327084507077,0.0025382685564462213
217,0.03185540326534671,0.9472998764034993,0.012889201416075361,0.002910115016854418,0.005045403898224028
218,0.03541374952009144,0.9415401159724026,0.015894405572941844,0.00394871673861304,0.003203012195950905
219,0.013554499098467156,0.949849101162791,0.024080139508808125,0.0016117720069978032,0.010904488222935823
220,0.03128876911039505,0.9580994123832947,0.005820767208560102,0.0015719934834258226,0.003219057814324433
221,0.025481744780436376,0.9419668274741605,0.026428019276237332,0.002180340212492601,0.003943068256673351
222,0.028205528798344013,0.945337602309705,0.01924778996465134,0.002597140146395708,0.004611938780903993
223,0.010591202079739742,0.8969182019046789,0.08406072151038438,0.0022709235220158726,0.006158950983181137
224,0.02283532406947519,0.9217779648096057,0.037070720479121626,0.006006154649383352,0.012309835992413962
225,0.13099286196003596,0.8416123299681741,0.004765300285859294,0.016323746310005858,0.006305761475924484
226,0.04873642053863907,0.9338876788411568,0.004653725990561224,0.009572995707514988,0.0031491789221279164
227,0.06302056450888206,0.9110744815675904,0.0038250442935581774,0.017923934308396137,0.004155975321573068
228,0.012147285427263808,0.9270575984188932,0.04795172119709127,0.00814396953159457,0.004699425425157076
229,0.014015114934618026,0.9503951907924902,0.01436544303838389,0.017963828627728207,0.0032604226067798115
230,0.03485017431396648,0.9271914450569633,0.0067312591558816625,0.011445537994946953,0.01978158347824191
231,0.13356132027137937,0.4722870433750088,0.00303751084187451,0.1178792640312396,0.2732348614804977
232,0.34726851313940815,0.4396749987827561,0.00048643479435858547,0.15697857539369117,0.055591477889786065
233,0.39111764775519503,0.4943157120906913,0.00022869836001925394,0.09137215350511974,0.022965788288974658
234,0.7441288585716546,0.16348944157193987,4.55646905116679e-05,0.07771230188264716,0.01462383328324662
235,0.6514439903904413,0.229180309242346,0.0001471430836901398,0.09462190874785932,0.024606648535663227
236,0.1909707181652046,0.7864311636102265,0.0004872095528652929,0.014712080609113349,0.007398828062590225
237,0.30260457521097284,0.6789701476563518,0.000591328706935974,0.012912730577720386,0.004921217848019088
238,0.0815899760367905,0.9057385937307305,0.0017230728296346643,0.008207987123128677,0.002740370279715568
239,0.019630875389515103,0.9350266729922491,0.03296398301500548,0.008004197633678746,0.004374270969551544
240,0.03545917305653327,0.9509902630070446,0.003495541970072805,0.007206709806890799,0.002848312159458594
241,0.008403910205765697,0.9729131133030754,0.012752903194106161,0.004049083645027386,0.001880989652025419
242,0.05390603575706902,0.9304358291963015,0.0035396503580564405,0.009151695549643641,0.002966789138929465
243,0.01123089914554097,0.9513866236467746,0.03350902313344182,0.002194616315343877,0.0016788377588986922
244,0.021288613127614917,0.9631016560955398,0.010872668001584703,0.002395468879709169,0.0023415938955513053
245,0.016135298847782278,0.9463490290141039,0.03354061589998119,0.002211082283205608,0.0017639739549270253
246,0.00817993678934093,0.9313724631004859,0.053936839774403056,0.0028284608782310977,0.00368229945753898
247,0.008763464631707482,0.9473507611646261,0.03822460117122508,0.0035487079151983953,0.0021124651172427463
248,0.02243239480378181,0.9486796258825905,0.021329737881525472,0.004741059135948992,0.002817182296153175
249,0.0044303896510269995,0.9313680516928273,0.05826796461212549,0.0038082823707456643,0.00212531167327451
250,0.009162260713363665,0.8911197063351758,0.08843764110243803,0.00815256922594444,0.00312782262307804
251,0.0202402902250246,0.9493619682083106,0.017702020741110176,0.009783535757613244,0.002912185067941359
252,0.07734601752538661,0.8193446910703452,0.024499675628855515,0.007140054701652815,0.07166956107375992
253,0.1559981254623228,0.8193847942549892,0.010270015718007942,0.007798653689353151,0.0065484108753270315
254,0.031592035673300024,0.9553568373451565,0.008110259203965417,0.0011884554945020855,0.003752412283075882
255,0.0408823850083298,0.952140451748888,0.0032646661382704154,0.0011276554708040214,0.0025848416337079638
256,0.021144021121983228,0.9569549431057432,0.015476340251714973,0.0037134123221431166,0.0027112831984154235
257,0.027753265345511507,0.9439479460940394,0.021471752384500258,0.003797874108117821,0.003029162067830975
258,0.007595579703429475,0.9566965669456011,0.03250728469976368,0.001188702149639069,0.0020118665015668815
259,0.010473015174338926,0.9550040862907694,0.0301339790441376,0.0016179468520191205,0.002770972638735249
260,0.016360616278502906,0.9533078054879345,0.026788503138853777,0.0007447496075060835,0.0027983254872028024
261,0.005087395101843096,0.906278347194663,0.08593267344972547,0.00036932470091100586,0.0023322595528572003
262,0.015760863090801897,0.9130955398027846,0.06857212826911388,0.0005979866092981818,0.001973482228001333
263,0.004916084323106456,0.8369928038690096,0.15611918824814094,0.00034412523007294624,0.0016277983296698346
264,0.007683808469252739,0.9409292979014016,0.048112200246723406,0.0007112277290894149,0.002563465653532905
265,0.0011258280041519524,0.6702699314251582,0.3267174231295815,0.0003635896310366701,0.0015232278100715663
266,0.003561509612102711,0.7260130812713889,0.26610945993308166,0.0007032139210709133,0.003612735262355682
267,0.002480208582930672,0.8740994888707632,0.11890522336094642,0.001038970506998932,0.003476108678360736
268,0.005727540455030707,0.72637652264396,0.26136620294267476,0.0010330063202570283,0.005496727638077728
269,0.003988925822605759,0.8195353198293838,0.17318395963098737,0.0004991331664552818,0.002792661550567758
270,0.0015622025329257115,0.5966556698038337,0.3992702851320606,0.00036227442303064724,0.002149568108149376
271,0.0067410515512283855,0.8120315197926986,0.17635122565364086,0.0014572246786298119,0.003418978323802303
272,0.0010392612235681203,0.49742331604893125,0.4989735209763068,0.0006774252388308796,0.0018864765123630632
273,0.0014116489111119421,0.6318067310156862,0.3629415272029866,0.0008042510594512291,0.0030358418107640207
274,0.00180910745078688,0.6891097478777553,0.304767612940923,0.0009051745170228948,0.0034083572135120313
275,0.0008943478614103715,0.5946289566027195,0.4002929881049387,0.001218651884395673,0.0029650555465357458
276,0.001048516489595711,0.4950284758737846,0.5008766146389168,0.0010088376072647197,0.0020375553904382108
277,0.00077631625060091,0.33027540924649035,0.6655003229857994,0.0007397914006605567,0.0027081601164488365
278,0.001917105913026312,0.6930644988664785,0.2937691272946278,0.003392592972500937,0.007856674953366507
279,0.003871351280451538,0.6060146669819985,0.37733180724769233,0.0030383967241298534,0.009743777765727733
280,0.0033888880767316215,0.5944941943413852,0.39624662178428666,0.001543977998071288,0.004326317799525145
281,0.007054190203386172,0.5038587011776899,0.4828360199123684,0.0017072483792171223,0.004543840327338331
282,0.019930251323112307,0.8356029873171602,0.12359166943851448,0.009912514895612776,0.010962577025600103
283,0.08070520463400817,0.8710590473848582,0.022999576641322014,0.01578948575467932,0.009446685585132219
284,0.07055993714266481,0.9101546426002219,0.008471971702119122,0.006642799461495798,0.004170649093498342
285,0.01675695318645097,0.9572379242990738,0.02033140978470841,0.002478037946529975,0.0031956747832365814
286,0.02085424353034729,0.9360828744164533,0.0287853238773143,0.00629071210130315,0.007986846074582032
287,0.02137388458626824,0.9321655137640003,0.036240019530925656,0.005610080568374077,0.004610501550431736
288,0.053275114466503785,0.9197847997832107,0.008872909388183988,0.011446983501824883,0.006620192860276786
289,0.048211765783524436,0.9325310205451282,0.006156485084951115,0.009747058962413065,0.0033536696239832436
290,0.052042790421116945,0.934251176832118,0.004106280649221036,0.00486141754109791,0.00473833455644631
291,0.06390716048377303,0.9253075230394294,0.0015346192541893762,0.005156465743179623,0.0040942314794285345
292,0.043276829700477706,0.9478032125483051,0.001927869355739823,0.004957494478322274,0.002034593917155045
293,0.01720564254273718,0.96495974738076,0.011298871209053178,0.004581510551581648,0.0019542283158679873
294,0.03491437837855348,0.9423636686070985,0.0035104732522181453,0.01030380192454688,0.008907677837582888
295,0.03498399366423004,0.8929061125580319,0.044606717195749275,0.016334155054747206,0.011169021527241483
296,0.12100306544649343,0.7810950261275464,0.003502243748289652,0.06111087357489486,0.033288791102775474
297,0.06876056566388512,0.8449080703977531,0.0025083156077578086,0.07627501616915759,0.007548032161446338
298,0.05015164791294833,0.7024660178743137,0.005047366086602989,0.21769460985744718,0.024640358268688045
299,0.0898431199648764,0.6733995803215757,0.0029712028054361913,0.21831205565549014,0.015474041252621508
300,0.05661308510829823,0.10249618175803048,0.0003843171404036766,0.8331058449294589,0.0074005710638087585
301,0.030720953184456376,0.016431989591406397,4.768361067762417e-05,0.9494676130017154,0.003331760611744281
302,0.016693308465149454,0.013654335101497368,4.135664496382021e-05,0.9679165586332197,0.001694441155169643
303,0.020825713840696997,0.017305253796869542,3.727896589126269e-05,0.9572371216943794,0.004594631702162898
304,0.019975495790978463,0.0036016977872758782,1.647595385474608e-05,0.9729656057077314,0.0034407247601593613
305,0.014953179821174615,0.002637990572321468,1.484148156119848e-05,0.9799244707463771,0.0024695173785657704
306,0.014142569593915428,0.0027992622906264845,2.333485539635038e-05,0.9752225234651586,0.007812309794903123
307,0.022296800752897396,0.0034702172544058526,2.5874577514426302e-05,0.9710450378135644,0.0031620696016179148
308,0.02040250441682892,0.0031389693214114033,3.297796780886282e-05,0.9739015337835686,0.0025240145103821586
309,0.03389077858831119,0.000896238737586924,1.7444285072037107e-05,0.9586253394163008,0.00657019897272898
310,0.014274637046646157,0.0037295976338428257,3.8315016667705134e-05,0.9803521212760411,0.0016053290268020694
311,0.031882568477510274,0.0021664922269397824,7.121583179336959e-05,0.9614767281615012,0.004402995302255469
312,0.017157224023176713,0.0024710305765560867,9.031909526209072e-05,0.9785651761474684,0.0017162501575367633
313,0.024033773276328337,0.0033012701726827815,0.00020562023580233374,0.967103903037977,0.005355433277209509
314,0.015089670095914791,0.0028186071492963113,0.0002219730491579928,0.979284055061335,0.002585694644296033
315,0.011402419376557565,0.0012279182763163918,4.135286133313484e-05,0.9824404388346568,0.004887870651136156
316,0.01826729678939996,0.00413101286278198,0.0003380263228980774,0.9466618840651566,0.030601779959763476
317,0.02867982788274953,0.002824511378852263,0.0002238878869131499,0.9091638106253136,0.05910796222617137
318,0.029302984171265305,0.0024817681406931608,0.00011401721627849651,0.9649111207205641,0.003190109751198981
319,0.027046174600313253,0.004058517594798604,0.00025384207705536366,0.9660085330759475,0.0026329326518852608
320,0.03703261413480984,0.007804756021589466,0.00033542721218931523,0.9484093399942523,0.006417862637159134
321,0.01211644515987939,0.0032091157838560046,0.00014949238386121035,0.9815464447878273,0.0029785018845760263
322,0.010752861867148739,0.0025228460750088976,7.083772921803047e-05,0.9829054823025475,0.003747972026076839
323,0.016392590885303395,0.0024116974517394306,0.00011665548645263791,0.9763370165892657,0.004742039587238867
324,0.011651954682337342,0.00862749484610128,0.00015827104078859015,0.9647084301994356,0.014853849231337151
325,0.030353112116927317,0.005497758711659773,6.991043428798166e-05,0.9570281525007823,0.0070510662363426485
326,0.015895955223856752,0.0033289096691013365,0.00018730634972403756,0.9718645730404535,0.008723255716864243
327,0.03695615164309187,0.013037015264631788,0.00038320873155451007,0.8054888020580441,0.14413482230267785
328,0.14948229083168518,0.0028510735803398035,0.00029402056569651153,0.8102619987068638,0.037110616315414645
329,0.14285493632390062,0.002793883390884517,0.00012043116071486497,0.7356951016105466,0.11853564751395329
330,0.1264788596237267,0.0032887241328190516,0.0003106843105023092,0.8028726115100293,0.06704912042292276
331,0.02838304352493716,0.005360980346185414,0.0002048947518794682,0.9439118703500382,0.022139211026959694
332,0.021246597333080677,0.00273014998559453,0.00013684679279049646,0.9624639611788625,0.013422444709671834
333,0.008058086189118744,0.0016791171776593251,2.5194363934714738e-05,0.9850223141614831,0.0052152881078041235
334,0.004449461799138589,0.0012265535784026457,6.138002299683688e-05,0.9883996441020522,0.005862960497409809
335,0.003952169693494846,0.0015920302131596762,9.055520274065798e-05,0.9925975394568493,0.0017677054337554485
336,0.0030652833806014477,0.0008239791166968311,6.77279342476766e-05,0.9928966415521675,0.003146368016286687
337,0.011823730488875195,0.0011539780872862476,4.0891909906672685e-05,0.9795079301592119,0.007473469354719926
338,0.023469955046086007,0.0025088408830458426,8.322516279917341e-05,0.9703813939160836,0.0035565849919854224
339,0.0144803438655442,0.0025536961940295527,4.1295682643138336e-05,0.9800371953965477,0.0028874688612353563
340,0.01695773522969166,0.00733976365064595,0.0001104536116924177,0.9720472599900689,0.0035447875179009415
341,0.014493809525271106,0.0039657820037359475,8.039635295744434e-06,0.9652558726816842,0.016276496154012922
342,0.01769236863030415,0.0037084820068473373,8.18310971188608e-06,0.9747855744956577,0.003805391757478881
343,0.023538073226268694,0.004753903463826685,8.139673410903784e-06,0.9692792631703612,0.002420620466132626
344,0.05044876594724448,0.020465385349775538,2.697523452578065e-05,0.9270509694968351,0.0020079039716190765
345,0.02680381927823623,0.010305328000362957,5.858862132372039e-06,0.9606572414992245,0.0022277523600438835
346,0.04799725377943758,0.012719660649464157,1.592418069675578e-05,0.9330979454715735,0.006169215918828136
347,0.028341861565135157,0.008234590776896842,9.187229253226092e-06,0.9590711956509512,0.004343164777763487
348,0.015948389435321387,0.0076113111137307106,1.5557387283826194e-05,0.9747726546992455,0.001652087364418461
349,0.035933855938375725,0.005813722498255658,0.00025462223336735385,0.9534043518859175,0.004593447444083621
350,0.03365722782047679,0.0041653196871401345,0.00021384909464037044,0.8722710473239536,0.08969255607378922
351,0.044738588247074704,0.002628577444000991,0.00011573055584800454,0.9471753508102774,0.005341752942798916
352,0.04962687292499133,0.001804041315242985,0.00015032652495404055,0.9414373138432811,0.006981445391530496
353,0.07463959426403165,0.004961240070683028,0.0005163483782642416,0.9117491888588348,0.00813362842818629
354,0.011439377863802455,0.003414457628656958,5.619044215060199e-05,0.980177870722558,0.004912103342832102
355,0.02025753306149356,0.004688129942865049,0.0004659916472478882,0.9630185793900815,0.01156976595831192
356,0.007707839229601101,0.0035880173940790764,0.0005313659807505531,0.9445314961204382,0.043641281275131075
357,0.012001389743223935,0.0005384868539413258,4.580368916537204e-06,0.10330349958164238,0.8841520434522759
358,0.22540511890853224,0.005328195647218619,9.679539967142653e-05,0.3222721918209494,0.44689769822362824
359,0.17718401772850723,0.003225547314479317,4.288920459487423e-05,0.3150865740158824,0.5044609717365361
360,0.2753631759347522,0.010864834318324199,4.638664260419604e-05,0.5820679975074218,0.1316576055968977
361,0.011337519721284444,0.0027786205465664088,5.155978625145229e-06,0.2627502088525217,0.7231284949010023
362,0.20544755586114216,0.005889842461254603,0.00015424912327370097,0.5647792655797622,0.22372908697456725
363,0.1501361088347426,0.007727739435125259,0.00011790823496250976,0.4218452633738407,0.42017298012132887
364,0.19778566330665964,0.00961629380792998,0.00021674308086780026,0.5564000496982139,0.23598125010632873
365,0.010623554301150353,0.0013553107755477668,6.696436889005248e-06,0.08164615451939904,0.9063682839670137
366,0.16087863626070753,0.005380862278962112,3.2419454685246115e-05,0.16280499975777993,0.6709030822478651
367,0.1297107715050876,0.010048860146684687,0.00019065794882743053,0.061039851735302894,0.7990098586640975
368,0.0074546642574228345,0.0009494017394169851,1.6703784393348765e-05,0.0111422041953867,0.9804370260233802
369,0.05746175362489265,0.0036731787555320475,6.1861739283973114e-06,0.018167811706505606,0.9206910697391414
370,0.0724865844506149,0.002559555496776053,3.4999086827253695e-06,0.005908748207310878,0.9190416119366156
371,0.03863805933251435,0.001149600819819469,3.3646906077752533e-06,0.005774123226489401,0.954434851930569
372,0.032869735409246856,0.0030207628723750725,1.8706176753958156e-05,0.009855464272240547,0.9542353312693835
373,0.6491138666473977,0.0038446116366538012,1.187685402286493e-05,0.021655644885649254,0.3253739999762762
