epoch,N1,N2,N3,R,W
0,0.049621705747677505,0.0014542248907426863,6.115478603586586e-06,0.000763054767167493,0.9481548991158089
1,0.01431080523168827,0.001417321968306596,6.355464762962246e-06,0.0005500954743074268,0.9837154218609346
2,0.026063201113558573,0.0034391401318461775,6.710882872568899e-06,0.0013606564447072552,0.9691302914270155
3,0.02541005523920066,0.0024483200269066105,6.6488380949814995e-06,0.0011686616625702546,0.9709663142332274
4,0.09000926872533423,0.006117403154909613,2.2401948612772776e-05,0.004260951051559826,0.8995899751195835
5,0.11098419722521069,0.0075515304682559625,4.0069248280492525e-05,0.0070610733975847466,0.8743631296606681
6,0.05313801009699811,0.002511136433894855,1.931064544389277e-05,0.002752299646404846,0.9415792431772582
7,0.0844436797787399,0.005985383859601902,3.076681397296166e-05,0.01176696069852373,0.8977732088491616
8,0.24552238690482203,0.008174898128468696,5.690164850877297e-05,0.033692142975400755,0.7125536703427998
9,0.0717804772372196,0.004161865681400341,1.1013355644473042e-05,0.008247092515067923,0.9157995512106676
10,0.2505236263603988,0.01240516895383426,5.937473112836043e-05,0.022162344582511893,0.7148494853721267
11,0.12473817027569715,0.004281608785388996,2.0127947276495213e-05,0.010716801983658274,0.860243291007979
12,0.3899583521713831,0.023730557596846894,5.7989970937151144e-05,0.027921718196099437,0.5583313820647335
13,0.012398934020882924,0.0015653536162839197,5.689292525502691e-06,0.0035492929578674367,0.9824807301124403
14,0.03921315024004037,0.0005814472089437521,4.040944419290666e-06,0.0033288742560785667,0.956872487350518
15,0.11644624936961889,0.0030705180183738757,9.045184006994174e-06,0.0072269284163583355,0.8732472590116419
16,0.007888523214644292,0.0011975592557802491,5.276410666947858e-06,0.0006580923515321874,0.9902505487673763
17,0.00413736983267731,0.0005546574928673859,3.5517183891092523e-06,0.00031260002342446696,0.9949918209326418
18,0.006419184318369998,0.0011832846673244012,2.0538035343910684e-06,0.00022224464651577415,0.9921732325642555
19,0.03714366059401078,0.001983367517761166,6.736759017538526e-06,0.0008104787175898098,0.9600557564116207
20,0.27627106262586054,0.008048099535331098,3.434714243903475e-05,0.01151565278332882,0.7041308379130404
21,0.07096503024145306,0.003181346916665463,1.692912696816076e-05,0.003992029310949024,0.9218446644039642
22,0.005787806548125219,0.0007483109712846107,4.6902979288885265e-06,0.00037854075484691053,0.9930806514278144
23,0.009869629043041431,0.0005457332710674206,8.657317702936733e-06,0.0007829192098501889,0.9887930611583381
24,0.06482224470649958,0.002143777851677883,1.9640643377557493e-05,0.0018140504850610176,0.9312002863133838
25,0.018104595799133268,0.0005180283328914746,1.2531200739048211e-05,0.0004555485234280548,0.9809092961438082
26,0.324794289689873,0.005163926290711152,4.2631594237923116e-05,0.01105829742998342,0.6589408549951946
27,0.25137269242347277,0.005759160689326361,3.34445573850156e-05,0.01290002907224271,0.7299346732575732
28,0.21535558417118886,0.005119969415743472,4.3776366256047994e-05,0.02347630618778912,0.7560043638590226
29,0.3819297832695371,0.010450102919510955,5.2018886382691755e-05,0.02391537730128243,0.583652717623287
30,0.5140480552910652,0.03740505318693406,0.00014257625982985278,0.09000287933245349,0.3584014359297174
31,0.3204154905988047,0.02079920703280829,8.685786996401124e-05,0.08981689124969222,0.5688815532487307
32,0.5511125059562223,0.046793888538439965,0.00019438853707214892,0.22783011563555725,0.1740691013327083
33,0.32837798037120436,0.2456052864582093,0.0003025847675551524,0.25582407412280633,0.1698900742802248
34,0.5282085206734833,0.10593003855168918,5.7429636497673403e-05,0.09564488099950919,0.2701591301388207
35,0.4426110663637987,0.33450413591741185,0.00032010805125310424,0.1278832044338413,0.09468148523369496
36,0.2952298740180926,0.48078326100067686,0.000808152226408353,0.10011042495382058,0.1230682878010017
37,0.4632492196101337,0.40204954167492524,0.0006373972274175884,0.09574981619074246,0.03831402529678101
38,0.20352658044735766,0.7098066829103804,0.0019770509223058412,0.05771700832887858,0.026972677391077452
39,0.24008637593166837,0.6720131982850736,0.004073004542166786,0.05907169067027713,0.02475573057081403
40,0.09960424311457511,0.8566427924252253,0.005172125198523646,0.024554350379500253,0.014026488882175643
41,0.09114139817617646,0.8702036860867775,0.0016256821512954614,0.02419686311633863,0.012832370469412154
42,0.026585975916684504,0.9411185545464313,0.02446767144559927,0.002175210306424003,0.005652587784860919
43,0.04051015042654213,0.9386472762586512,0.009456198952480496,0.0021004635119931574,0.009285910850333066
44,0.027257451363436484,0.9479378920964984,0.012551170527106472,0.005104181591604996,0.007149304421353738
45,0.003356090158449007,0.9604544477457468,0.032271343974029504,0.001180989198031408,0.002737128923743275
46,0.02883106244434062,0.9426246632154686,0.019544040317241457,0.004271554400502819,0.004728679622446586
47,0.024836447048834618,0.95869828783926,0.011374872397855028,0.001855488966515278,0.0032349037475349705
48,0.009036604789108574,0.9586551966147491,0.027022135722235063,0.002243577546159132,0.003042485327748123
49,0.019829063982904675,0.9376825750676099,0.03841683010883173,0.0012397957520627046,0.0028317350885912395
50,0.006914531878126923,0.9404276739717646,0.04815836041857048,0.0018177332449796388,0.0026817004865581574
51,0.004775061435487646,0.9122126261622272,0.07924893516689256,0.0011210476863859908,0.002642329549006548
52,0.023015366984439126,0.9176493692676153,0.05251117334147373,0.0013551725669909344,0.005468917839480897
53,0.0029345775547874693,0.6796494045013275,0.3142114610556385,0.0007849685964019406,0.002419588291844535
54,0.004035396829727429,0.8598747740909513,0.13280908065502683,0.00036959321532610383,0.0029111552089684176
55,0.008872646730589899,0.8884666922634586,0.09760916471670508,0.0004269030417208001,0.0046245932475256725
56,0.003738645978879394,0.32379074972308236,0.6689140970226866,0.00016042303223834313,0.0033960842431133786
57,0.007168010911771214,0.7273312167905989,0.25653936711445846,0.0006564377270738954,0.00830496745609766
58,0.005610941875969557,0.6532932740678654,0.3334126332220108,0.0011851024144591488,0.006498048419695055
59,0.0020685416046798064,0.6632052032535413,0.3214617563329028,0.000567500432820634,0.012696998376055415
60,0.01208950620847959,0.011463077496840925,0.0017131729738718963,0.0003646031254446219,0.974369640195363
61,0.2700532176627253,0.30896743428993645,0.00628642906962453,0.0008768179017170019,0.41381610107599665
62,0.03182382035800847,0.00827432736505475,0.00038022013599416424,0.00018061956778870963,0.9593410125731539
63,0.009428475540876434,0.000979044097314899,0.0005062557594654353,4.5482220509194735e-05,0.989040742381834
64,0.004983443172797907,0.00040531934188435325,2.3146015300810046e-05,3.0337388595687232e-05,0.9945577540814212
65,0.25679564635749913,0.002868445653663227,2.1306832058540607e-05,0.000662282087479225,0.7396523190693
66,0.054675851107202994,0.0014028187989875629,1.1059034871973817e-05,0.00010140386480083311,0.9438088671941366
67,0.020619695005210083,0.000634560507691748,1.7099188738049854e-05,0.00012390439195344947,0.9786047409064067
68,0.1591292350828212,0.009282036223070986,2.6792990632504162e-05,0.0004260231418660118,0.8311359125616093
69,0.517680218578517,0.01507511474018292,0.00010243924094717675,0.001864284756638129,0.46527794268371475
70,0.432396424156816,0.07775243818455667,0.00018873465814181812,0.008905068903640321,0.48075733409684523
71,0.04954863649100434,0.013003001181794873,4.179085664537182e-05,0.006853524424234571,0.9305530470463208
72,0.04218356484051225,0.010903491752733209,2.4906903106467852e-05,0.003518651200575889,0.9433693853030721
73,0.17053819527890485,0.019497076099011555,3.863649768561311e-05,0.004217945785308719,0.8057081463390892
74,0.04226121787658843,0.008065477659269248,3.844103933737587e-05,0.0009286908145485787,0.9487061726102564
75,0.0013365267679724467,0.0005535263898095827,4.508933377517617e-05,2.0848899464774575e-05,0.9980440086089781
76,0.011850624832270892,0.0021391499073417,2.4427302130510136e-05,6.858650037099774e-05,0.9859172114578858
77,0.014717616151056472,0.0008368008242889055,5.982679980211359e-06,0.0002578386909474944,0.984181761653727
78,0.1586548318108094,0.0017373696758203369,1.0224207769189058e-05,0.0010115895722716069,0.8385859847333296
79,0.1419352622843753,0.007049837328019622,3.000052269579303e-05,0.005321588272465351,0.845663311592444
80,0.028376466088686665,0.0016411862722191895,1.305959771061968e-05,0.0030862643054404343,0.9668830237359431
81,0.009501772592242034,0.005000896567756672,1.4615085353493335e-05,0.002132543863449635,0.9833501718911982
82,0.06787852863787848,0.0028410137428051116,1.1424076438733868e-05,0.0076205886214188254,0.9216484449214589
83,0.46166969404199887,0.016204252095900908,4.2062319217528575e-05,0.03821142904296221,0.4838725624999205
84,0.02916842167222789,0.003947404370309265,3.201881921030972e-05,0.006218022702515746,0.9606341324357369
85,0.029199722012602448,0.0031468083792307597,1.1096072486873033e-05,0.0035955827214647147,0.9640467908142152
86,0.021181145939714593,0.0031075979191752647,4.978819326423516e-06,0.0010607012953083427,0.9746455760264753
87,0.0906102047256814,0.007264054083626726,5.045319273345865e-06,0.0023171916669026287,0.8998035042045159
88,0.02455236938033404,0.0049831827618289715,3.5546581584451786e-06,0.0005112477590178914,0.9699496454406606
89,0.11656251695370762,0.002222984666256227,5.09564607506522e-06,0.0021465877815939507,0.879062814952367
90,0.00695740655093692,0.0005214449941630575,6.959032083742203e-06,0.0003183684092616788,0.9921958210135545
91,0.06755456240348949,0.003426678508745985,1.1415365516278152e-05,0.0026702191424805366,0.9263371245797677
92,0.03866634153522574,0.0037525350645615315,1.3985027019045117e-05,0.002128257496508329,0.9554388808766854
93,0.008297410167331837,0.0009896224642734794,6.320417347126487e-06,0.0007241832318038209,0.9899824637192438
94,0.13793275038071176,0.002234251622091516,6.841943819067885e-06,0.0036320996634742805,0.8561940563899034
95,0.07807091496443676,0.0017738819198987357,5.3332393844067975e-06,0.002662587430191084,0.917487282446089
96,0.0746904752866,0.0016728501368077115,7.990655841660946e-06,0.003979679150349294,0.9196490047704013
97,0.2987420863050018,0.006223221499725184,4.10440583600171e-05,0.027747569818703268,0.6672460783182098
98,0.009788817543871483,0.0017387515127019124,1.2290220745438795e-05,0.002550725578331544,0.9859094151443496
99,0.010668068107211973,0.0047592417087431345,2.789409551617523e-05,0.002570201096944107,0.9819745949915847
100,0.07534497343137163,0.01193451401915971,2.7106518912044496e-05,0.008092114795597457,0.9046012912349591
101,0.056264400827148585,0.006116829851403901,1.4968892418994959e-05,0.0036326232941059,0.9339711771349226
102,0.04863317727928052,0.003947607199202841,2.0107100844470377e-05,0.002168531004487992,0.9452305774161842
103,0.04171180130607356,0.0035770333247525966,1.4712601803795706e-05,0.0027457924573444804,0.9519506603100255
104,0.11078883320217305,0.0027521108937602493,1.6007781449611533e-05,0.0029265379749708106,0.8835165101476463
105,0.006343971692297821,0.00219090288728857,1.5699133282720713e-05,0.0005737580743377284,0.990875668212793
106,0.025063251463822447,0.013397685773051412,2.45566920215552e-05,0.003652460097810814,0.9578620459732938
107,0.05021684621763944,0.0024232345127584987,1.2852276337569031e-05,0.0013683396671082784,0.9459787273261562
108,0.019263716990273107,0.002143336342327189,6.344911393077605e-06,0.0010845649721455684,0.977502036783861
109,0.1206317036489926,0.016745337314471274,3.660655971978086e-05,0.014899928190632628,0.8476864242861837
110,0.0020423987484173463,0.0015567770596267658,2.662007197722942e-05,0.00018474830832363134,0.9961894558116551
111,0.046063503575665424,0.0014938194699530623,8.2389476962434e-06,0.0021944603211745783,0.9502399776855107
112,0.1280820648863196,0.0026974284734736956,1.44441551872747e-05,0.010979729854212568,0.8582263326308068
113,0.006479169645299227,0.0007405848946420003,9.43584810285394e-06,0.00042568353897307634,0.9923451260729829
114,0.011441298418187518,0.0041061315953672475,1.5089754555437384e-05,0.0008760419012963125,0.9835614383305934
115,0.00819967942318911,0.00178044211606379,4.669747168701574e-06,0.0004545257281235423,0.989560682985455
116,0.0028235773870788623,0.0005316927580107543,3.0279500447584038e-06,0.00019992972513468112,0.9964417721797308
117,0.007767516179914128,0.0005740084243825217,2.3765195954214485e-06,0.00047574999122729754,0.9911803488848805
118,0.011219786723144873,0.0014625019929077386,4.81025380794837e-06,0.0008019889973083164,0.9865109120328311
119,0.0690123680152938,0.0020577742718654694,9.4297832388998e-06,0.0025818671551261474,0.9263385607744756
120,0.02357890895933658,0.002884051841396607,1.7440957152798483e-05,0.0032955423077203456,0.9702240559343936
121,0.04024404359237356,0.0019759136474856768,8.456962696323057e-06,0.009997556754966264,0.9477740290424782
122,0.1245149258167477,0.007296811517149185,3.442794450932565e-05,0.04456626806075115,0.8235875666608428
123,0.014218897742807789,0.0012795528905645795,4.934696238669039e-06,0.002968871223752864,0.9815277434466361
124,0.03172731709274116,0.005044269277723622,1.3288449950439995e-05,0.006555429804165739,0.956659695375419
125,0.0243088650730094,0.004857319804579419,1.3906556105424604e-05,0.006355105221222054,0.9644648033450837
126,0.022605677370300562,0.0045838418647044955,9.025495431550518e-06,0.0037935752032181285,0.9690078800663453
127,0.03950243409061202,0.0033523599961056364,1.0994675713743058e-05,0.010369530994393613,0.946764680243175
128,0.010752677620870133,0.0016577024267390324,1.7100177962307992e-05,0.002223111976406147,0.9853494077980224
129,0.09625518043527333,0.003821663333859141,1.3554596453546897e-05,0.009762221841931828,0.8901473797924822
130,0.001756960581095489,0.0007710985952474907,9.403542844602629e-06,0.000330254988285448,0.9971322822925268
131,0.009260576646465589,0.002770092116585281,3.214784261132722e-05,0.0013795320576888224,0.986557651336649
132,0.012715233549462511,0.0018211871428110004,1.0970493040274238e-05,0.0018079746615914222,0.9836446341530948
133,0.08170851711802075,0.006481495228052363,9.261554634970003e-06,0.007502952566722414,0.9042977735325695
134,0.03016595494976963,0.0016790799591983418,6.562394387857005e-06,0.00224194079004188,0.9659064619066022
135,0.01655025178457999,0.0018260533926445575,9.351537346012965e-06,0.0021076452565102614,0.9795066980289192
136,0.008233913639366146,0.001910901450349723,6.202242638531579e-06,0.0011781106940254563,0.98867087197362
137,0.05308064437167659,0.002013416256028463,8.72612652286119e-06,0.0024068286094010914,0.9424903846363709
138,0.012324069852608805,0.0020424190624436208,5.525091477344544e-06,0.001761999801634034,0.9838659861918362
139,0.1929791733784276,0.009300382800305996,3.0922329280103645e-05,0.02646448922948532,0.771225032262501
140,0.07069864359963487,0.0029882474208667207,1.0387829832572096e-05,0.00983580518403955,0.9164669159656262
141,0.00646781344396558,0.002127393917381514,5.976931160447351e-06,0.0011025631151411741,0.9902962525923513
142,0.005391553279511181,0.0009359734754584888,3.1343623376544897e-06,0.0006241261261467714,0.993045212756546
143,0.004761050998525078,0.0006014744656758751,4.331919829603643e-06,0.00041251286173230105,0.9942206297542371
144,0.0837176753655843,0.0058037246535569105,1.3945180799283484e-05,0.0021167940845051043,0.9083478607155544
145,0.00953246554442817,0.0014588444586814452,1.282926235226529e-05,0.0007535620616885868,0.9882422986728496
146,0.0074790798650644875,0.0007766554869577508,2.8027654620313588e-05,0.00014686389791681537,0.9915693730954406
147,0.047203641350324045,0.0011701851913949977,4.289820186043939e-06,0.0007213705719834423,0.9509005130661115
148,0.02672321332564546,0.0007773709647461574,1.8501784729723116e-06,0.0006662998739389967,0.9718312656571964
149,0.0074721496324572515,0.0006831581317509762,4.688551079107843e-06,0.0003509307900909624,0.9914890728946216
150,0.017056183146115168,0.002327539475995118,3.96929811683053e-06,0.0009514892273079564,0.9796608188524648
151,0.011364369814810267,0.0018101547848347601,7.71576313268824e-06,0.0009875471442100307,0.9858302124930123
152,0.01396631576529444,0.0019359006786487964,3.776498136546193e-06,0.0013163750380215174,0.9827776320198987
153,0.024195421046730115,0.0019273467212019384,3.5936853444799655e-06,0.0019145550764530252,0.9719590834702704
154,0.03672353270965688,0.0015930410021237577,5.9949910592005936e-06,0.0035873074092529628,0.9580901238879073
155,0.027786215998502742,0.002006368281734411,8.618583604115268e-06,0.00395667150021903,0.9662421256359396
156,0.055852366938163596,0.002898431799919371,1.4407558296405718e-05,0.009008651421493197,0.9322261422821274
157,0.007654717280819995,0.0016368934787945057,5.606045536730435e-06,0.0014596837273223142,0.9892430994675264
158,0.010423372119671443,0.0015473508935629292,1.1742907989822016e-05,0.0009752770787492891,0.9870422570000266
159,0.02362463172810114,0.002181522609630525,9.440733972544935e-06,0.0026445636483516423,0.9715398412799443
160,0.011955249005872663,0.0021919336083859923,5.571764276092786e-06,0.0011741391173875433,0.9846731065040778
161,0.01687887826484086,0.0024345397364548605,4.5802895110708295e-06,0.0016281840595923826,0.9790538176496008
162,0.010245708870380075,0.0008386978613313014,2.144752356894549e-06,0.002313133483310874,0.9866003150326209
163,0.020892750610800474,0.0007534378285780524,2.141084285673107e-06,0.0024680524423257664,0.97588361803401
164,0.015902096585265174,0.002127910527308181,1.5936988825736442e-05,0.00081837731594287,0.9811356785826582
165,0.02853622648397063,0.0024084698103307434,1.4867991213174353e-05,0.0010802056745420477,0.9679602300399435
166,0.013755129765762908,0.0006769852493178585,2.007958642178769e-06,0.0009305602207900917,0.9846353168054871
167,0.01555121896464041,0.00020982883632141114,1.3758238310763585e-06,0.00034746126243386557,0.9838901151127732
168,0.005516889757234042,0.0016307735399082616,3.297976058663385e-06,0.0005266133095360186,0.9923224254172629
169,0.02248487657882038,0.0012381734002095163,4.182529161890367e-06,0.0013762682375620147,0.9748964992542462
170,0.026860430149040694,0.0009629532631633882,3.4589109527290776e-06,0.0023982210928526833,0.9697749365839905
171,0.0779548309031743,0.0036575450995171943,9.682197704567588e-06,0.008124344743706435,0.9102535970558976
172,0.007563665376337872,0.003011122137455175,6.273537700282466e-06,0.0018010867161418341,0.9876178522323648
173,0.012578914922720225,0.002253793520622071,3.495885706641694e-06,0.002175855441441817,0.9829879402295092
174,0.04759224333219747,0.003432290603278205,6.196588315661645e-06,0.00528100666118796,0.9436882628150207
175,0.022714867321815106,0.0015954783411946778,4.321868834470871e-06,0.0012088849105739118,0.9744764475575818
176,0.0660013092776207,0.002541118824306577,5.78941020586781e-06,0.00523456820657753,0.9262172142812894
177,0.058232212563052874,0.0027988106382582545,3.6828248691391324e-06,0.004762189883554461,0.9342031040902652
178,0.08352941394643695,0.002917457544055885,1.2846719908106317e-06,0.008064605706664826,0.9054872381308516
179,0.022932107737153422,0.002623591271762084,9.503235928442325e-06,0.00299674345030838,0.9714380543048476
180,0.29161764437627613,0.016665657008584772,2.738295297235862e-05,0.035002286808238865,0.6566870288539278
181,0.09670792803808315,0.009071527467141325,1.4648899010354471e-05,0.01371853228897222,0.8804873633067929
182,0.04773874917435508,0.00405773406198966,6.13394756356231e-06,0.010075769797102566,0.9381216130189891
183,0.005871165912489688,0.0011121264353451347,3.420627240468518e-06,0.001104776565802377,0.9919085104591224
184,0.06750456827464192,0.005572470834126033,8.392915472516915e-06,0.008096530088589253,0.9188180378871702
185,0.012522340304272999,0.004249788596772436,3.1500225129768715e-06,0.0018681673847479032,0.9813565536916936
186,0.03838219874683046,0.0022923335129022213,6.968161373454469e-06,0.004994544043772778,0.9543239555351212
187,0.007356327299970631,0.0010291766197920572,6.64554150373021e-06,0.001740672142800511,0.989867178395933
188,0.1276294661017894,0.005209986098422622,1.0289499264884207e-05,0.011265562470058084,0.8558846958304651
189,0.2054192715206356,0.012288702953191587,2.5124382690459642e-05,0.022337835785276716,0.7599290653582056
190,0.10941838560483097,0.00368980545452701,1.1333571791593343e-05,0.015208146001159785,0.8716723293676907
191,0.21825502924284765,0.006115324573048497,2.3104889731077917e-05,0.030480907444776367,0.7451256338495964
192,0.26062087839112114,0.007825424916294179,3.279012878194758e-05,0.04270770201286243,0.6888132045509403
193,0.037905792581638696,0.005291689785291163,1.9836194608401095e-05,0.013387017562924907,0.9433956638755369
194,0.028403473463834206,0.0022132523723562593,5.678178228940195e-06,0.012919420056017398,0.9564581759295633
195,0.01886507921311792,0.003395260213466197,1.8722726305512425e-05,0.003837540840118768,0.9738833970069916
196,0.04889931814339016,0.003835843023989477,1.3087463818866029e-05,0.004603864944449173,0.9426478864243523
197,0.07235589340282436,0.001549087810743836,3.0182091267181218e-06,0.006413721680316315,0.9196782788969887
198,0.007210834271875767,0.0012566030176906023,3.6886885178758538e-06,0.00294564346456092,0.9885832305573548
199,0.034982700256669504,0.003136647754463559,6.5997283363726614e-06,0.006459623620019166,0.9554144286405113
200,0.11646716599129538,0.0026164209048672093,7.423342048783875e-06,0.023511695304800094,0.8573972944569885
201,0.12904830857249863,0.006101474600079408,1.2127677981887282e-05,0.014231983670131529,0.8506061054793086
202,0.07369033926183584,0.014118380898215693,2.7004600332194737e-05,0.011531341186580245,0.9006329340530361
203,0.22328552766762005,0.006748351669957698,2.6158286381530296e-05,0.020303614462055527,0.7496363479139851
204,0.4006308387223172,0.017675516729208713,2.563997010362055e-05,0.031155708720796555,0.5505122958575739
205,0.0018005896108972146,0.001212551901210651,2.982604313680347e-05,0.00025194099164009684,0.9967050914531154
206,0.04626692786140914,0.003996886914489477,1.3758299078057685e-05,0.0015920479862184076,0.9481303789388049
207,0.04921557429795276,0.004744297052518536,1.2557099394803213e-05,0.0014470920328302976,0.9445804795173035
208,0.7023771491521396,0.012247286990713837,2.9593217086181357e-05,0.009235112268823252,0.2761108583712372
209,0.24052910255662055,0.020210616234211668,4.1709444498446504e-05,0.027718411719423304,0.7115001600452461
210,0.7732786918241431,0.02125400760080272,6.610531265710166e-05,0.07286335940514403,0.13253783585725304
211,0.8342356226178982,0.020864880199599325,7.221446676570756e-05,0.0679343302295944,0.07689295248614242
212,0.8035004928788292,0.0547913141451666,0.00017841519871528977,0.12651132580783012,0.015018451969458778
213,0.21168467214915399,0.1135293971571872,0.00020727737890113674,0.665507190641792,0.009071462672965614
214,0.12748409100639108,0.4349800224815654,0.0028458761679283386,0.41671824561077286,0.01797176473334223
215,0.03503037318198199,0.6856586881758253,0.006803473953296556,0.26423747809129533,0.00826998659760091
216,0.2251938066571216,0.5907383302591706,0.009202162153217504,0.15376281602832764,0.02110288490216277
217,0.038320253165169724,0.9016384722189366,0.010845527843845718,0.039398193981737564,0.0097975527903105
218,0.17402071777205208,0.24601259798824043,0.012056852531100311,0.5261617334518065,0.041748098256800606
219,0.22403883577743536,0.08236203140632938,0.006318021282733469,0.035291217739229726,0.6519898937942721
220,0.028689051972093947,0.011224572872695621,0.0003198254327835377,0.0015557426847377755,0.9582108070376891
221,0.013634295079884964,0.001859125583932429,0.0002484040187179099,0.0007146750161592871,0.9835435003013053
222,0.5160870758834474,0.02172703379238967,0.00010840400268897895,0.008564157650745603,0.45351332867072824
223,0.034968990351126654,0.0018492599586911918,2.534225841830889e-05,0.0010805571093691158,0.9620758503223948
224,0.2751716104925319,0.011416267242461552,8.061777639574493e-05,0.016155514787353012,0.6971759897012578
225,0.433044140191687,0.06473596880464541,0.00023367013007120864,0.06448268433943459,0.4375035365341618
226,0.41982441308271723,0.10545798017957125,0.00020019422858064327,0.031849631051469415,0.4426677814576614
227,0.002493198478972963,0.0009978919779524739,6.104817691698763e-05,0.001317247337095475,0.9951306140290622
228,0.10331767091061991,0.003182035732277513,9.67089897584591e-06,0.006327968346906419,0.8871626541112203
229,0.030052662957475433,0.002039579469192486,1.922635337511684e-05,0.0008849261712536934,0.9670036050487032
230,0.04584092172256516,0.001307186659143161,9.858364617660146e-06,0.0007671443259614499,0.9520748889277125
231,0.21929678658337132,0.013284665683113676,4.787755411620841e-05,0.009102662334325143,0.7582680078450736
232,0.04466613167034679,0.0024899900904158394,8.290961823192967e-06,0.004110598908962845,0.9487249883684513
233,0.02723612725306033,0.007715875532885906,4.3383792245664763e-05,0.002425700635274059,0.9625789127865342
234,0.015764122583262173,0.0032359113589245404,4.551621323912237e-06,0.002159535559295254,0.9788358788771941
235,0.1374760195078418,0.007405794481260797,1.5513535153292298e-05,0.004744409563134243,0.8503582629126099
236,0.015604831627041547,0.003107731955841315,6.7284674308733425e-06,0.002226300907654761,0.9790544070420315
237,0.026911695032614195,0.0034315515551195212,6.784854415486403e-06,0.0014125928143962653,0.9682373757434545
238,0.021656343087851273,0.006302288222496596,9.727102838051335e-05,0.001754290796957913,0.9701898068643138
239,0.007236993300602407,0.002051489499037602,1.1588812988771545e-05,0.0007877923416222207,0.989912136045749
240,0.017256625114301337,0.0018752040627329437,5.8458183274016995e-06,0.0015434689346950328,0.9793188560699433
241,0.031045087402552508,0.00482138101190733,3.965036676564249e-05,0.001918033906709524,0.962175847312065
242,0.062108859198128405,0.006914576952389089,2.6993606861919844e-05,0.00317783029902861,0.927771739943592
243,0.6253831773987548,0.01789877497784226,4.164177426716544e-05,0.041377331351146684,0.31529907449798916
244,0.3682829543492023,0.016670975890528857,3.194216005199955e-05,0.09451035318572655,0.5205037744144903
245,0.018925390250400548,0.0032059749513773995,1.967383580572293e-05,0.006804983592189762,0.9710439773702266
246,0.08279182255515913,0.004286541346104597,1.909469113052462e-05,0.012689111346685988,0.9002134300609197
247,0.7443942067801745,0.006405570210143977,5.0090838766867746e-05,0.041027380137131204,0.2081227520337835
248,0.8410525864471179,0.006856685815119827,6.323326003588955e-05,0.03534424382351569,0.11668325065421077
249,0.819431814989941,0.012061139875389027,0.0001042961005789712,0.11314760694454702,0.05525514208954414
250,0.4400106889853021,0.08721492777160161,0.00014536352126859792,0.45367023192069444,0.01895878780113329
251,0.16463792078057993,0.2915324390404689,0.000623924297182012,0.5332758294146703,0.00992988646709881
252,0.11961034265563568,0.6161198885532444,0.0031967945791609585,0.25749308367529544,0.003579890536663634
253,0.04607770182802548,0.8742820965530671,0.006241017118147255,0.06970101489337263,0.00369816960738784
254,0.12321518328754183,0.833046549832989,0.006496844627241819,0.026048685765202976,0.011192736487024312
255,0.08568591183074847,0.8662144240416024,0.009342336317013948,0.0332942135278846,0.005463114282750499
256,0.02623125223210661,0.9528986585391457,0.006461889231083363,0.012441120593050178,0.0019670794046141474
257,0.020017470381580773,0.9433994252791904,0.027479473994419353,0.003677050345973738,0.005426579998835651
258,0.011648433195222695,0.9127267567508689,0.06517740642386129,0.007555483361672504,0.002891920268374832
259,0.025162736769173705,0.9476565460663413,0.008243208151397662,0.015787498524577774,0.00315001048850964
260,0.017359020812695528,0.9456978362891472,0.024936785313981313,0.006348148518580378,0.005658209065595604
261,0.09906209571374482,0.32374242606541925,0.002753961949410624,0.009788453476029522,0.5646530627953957
262,0.1417617264731678,0.11157831113077482,0.001015460595910793,0.007795014676372773,0.7378494871237737
263,0.650331960476374,0.1462825744971173,0.0006078004630650681,0.024916498288772952,0.17786116627467086
264,0.12879803641210563,0.024556199224576577,0.00010763633446229477,0.004816796927837795,0.8417213311010177
265,0.014546787221004541,0.01664878957046396,0.001957699172477195,0.0008964133305435319,0.9659503107055107
266,0.0082044676613592,0.0053858643979623685,8.27922745542135e-05,0.0005515713801776168,0.9857753042859465
267,0.7621753482847372,0.07028184261309449,0.00026457084697896423,0.0023457043289487035,0.16493253392624058
268,0.7310268898862381,0.21681989180313324,0.0004963835862642819,0.0027472170828605215,0.048909617641503776
269,0.23481121339139638,0.7352939789987731,0.0029641055947885976,0.001424501397103321,0.025506200617938603
270,0.05085345642102129,0.932918379408824,0.004718903360448906,0.003281354708485112,0.008227906101220567
271,0.0884894263910347,0.8878654757165674,0.0033509075415744504,0.016099102380989737,0.004195087969833985
272,0.019280634122542557,0.9535629430783653,0.021234714454675372,0.004035624046935719,0.0018860842974810033
273,0.012357365855579549,0.9656867540058499,0.016794663115306405,0.0036919967505353486,0.0014692202727287743
274,0.007621235203166788,0.9615335939279177,0.027592567149188573,0.0020601208908073423,0.0011924828289193244
275,0.012023963364621493,0.8970633936662533,0.08479685505916336,0.0039043216067451898,0.002211466303216628
276,0.0038203382493390203,0.8317604866436089,0.1607318114359838,0.002597050736510932,0.0010903129345573369
277,0.006897150345054461,0.8943470111089342,0.095612969581853,0.0018684852865096903,0.001274383677648762
278,0.005012849459495944,0.8364269764162134,0.15658729254715725,0.000726224937881867,0.0012466566392515415
279,0.0025218489859059434,0.35362071673219675,0.6427580300255329,0.00030295172500745585,0.0007964525313567583
280,0.020783274941827218,0.9038499326458792,0.070776560715405,0.0010878662673727774,0.003502365429515628
281,0.0024475946115440845,0.6093543543486365,0.38687418172371824,0.00024040966314351763,0.0010834596529575597
282,0.0010510194569758058,0.531695784973264,0.46627850758566836,0.00010329482217541529,0.000871393161916586
283,0.0002711857105848801,0.1802239667847986,0.8192239717860181,3.586378275274487e-05,0.00024501193584574357
284,0.0013042659236489076,0.5861823546144038,0.4107562889734729,0.00030831509866140677,0.0014487753898129309
285,0.000419969766989211,0.06000326715961705,0.9392809203545128,2.2258576303372455e-05,0.0002735841425776108
286,0.0002693373781708325,0.04831341337472161,0.9509694188994011,2.3988940712690943e-05,0.00042384140699361096
287,0.00031997267543907145,0.0827012538018844,0.9160771564906345,2.597309987179132e-05,0.0008756439321703952
288,0.00010749964887387197,0.020316063178298004,0.9793834924286661,8.431564762699281e-06,0.00018451317939925093
289,0.00013065941263701352,0.024957413931963896,0.9746863447749925,9.097964535409241e-06,0.0002164839158712789
290,0.00035770266511904453,0.030293385892125196,0.9688744696640559,2.600134004194041e-05,0.00044844043865793824
291,0.0007609548733176274,0.04595384549047809,0.9513841334870741,8.007374513073651e-05,0.0018209924039996814
292,0.0002433750066653905,0.04882717007879099,0.9502988491912499,1.6283117158304386e-05,0.0006143226061355484
293,0.00012153729595384558,0.03140165552712958,0.9680645188188164,1.4395212672818279e-05,0.0003978931454273614
294,8.160656956751746e-05,0.03220922514443735,0.9673644403513924,1.2803506516069741e-05,0.00033192442808676036
295,0.0001236642811126883,0.0322492319209962,0.9672959162833207,1.5270064311988102e-05,0.0003159174502584227
296,9.961933111269547e-05,0.03198406309296062,0.9675519216312486,2.493286326565669e-05,0.0003394630814123353
297,0.00021405970399365927,0.021003416899162217,0.97773199619025,4.484677031333957e-05,0.0010056804362806933
298,8.306222296992692e-05,0.0375293621427048,0.9614379975146575,3.87525604751365e-05,0.000910825559192619
299,0.00013304450635921866,0.04751169589358684,0.9512700841809962,4.085196705601873e-05,0.0010443234520016505
300,0.003942829907455125,0.19978646907870856,0.7840903799808082,0.00044922016836930847,0.011731100864658728
301,0.0005166621731891554,0.1448791685357612,0.8534418857375955,7.646678048710714e-05,0.0010858167729671084
302,0.00029215216674433276,0.0725017502327672,0.9267294219561442,3.6208691600283264e-05,0.00044046695274402433
303,0.0004101236950199638,0.06410652444411603,0.9344725613432785,3.820927151373274e-05,0.0009725812460718387
304,0.0004707228197243459,0.08834834580789105,0.9103401476373082,5.804974837724539e-05,0.0007827339866992807
305,0.0012526399943889014,0.13767208160586772,0.8596538937600486,0.00018428663644286751,0.0012370980032519344
306,0.00016575211834386546,0.059939851878292434,0.9395379870388182,2.7150112139483134e-05,0.00032925885240597726
307,0.0005295587151286677,0.07623329084819097,0.9221970662423193,6.729681670417568e-05,0.0009727873776569033
308,4.444948700590754e-05,0.018410086400760167,0.9812494437348356,1.7513627277367374e-05,0.00027850675012107347
309,6.04778251836134e-05,0.017959505383364646,0.9814109327100466,2.912496772517061e-05,0.0005399591136800027
310,0.00013806539572510702,0.012412596122881864,0.9861361058249651,4.482568278703619e-05,0.0012684069736407868
311,0.0003344640628020845,0.01920592227878034,0.979609937204271,4.1725749889360024e-05,0.0008079507042572058
312,0.00019051046278577408,0.01829319707213659,0.9803722805687543,4.214755694462432e-05,0.0011018643393786755
313,0.000230699109354792,0.022401467159794464,0.976232723235018,7.515002164987885e-05,0.0010599604741830277
314,0.002564702172628836,0.09150487158944481,0.8900708697267691,0.00040645353993657156,0.01545310297122066
315,0.0302631817446921,0.3441068618048305,0.19280602516237894,0.002063065563843483,0.43076086572425487
316,0.19725039139093375,0.37513767563156936,0.05033666310921659,0.003669910642330114,0.3736053592259502
317,0.0778364787526088,0.8368562833854678,0.042834531240615786,0.0009427770127009017,0.04152992960860683
318,0.16783924445336484,0.8066042904557601,0.014669535204678116,0.002012272295640827,0.008874657590556277
319,0.10292256297707147,0.8654405452714571,0.023797172030897613,0.0013516096740657326,0.006488110046507992
320,0.0018752218256174492,0.7618449129601786,0.23468711206897402,0.0003670348444368439,0.0012257183007930693
321,0.03051982812954178,0.9365375201395848,0.020586792102254434,0.0014100574513640717,0.01094580217725475
322,0.0022487732343033306,0.8620067527780765,0.13309830951128118,0.0004564777261351177,0.0021896867502037747
323,0.02627152914253294,0.8817114273383151,0.08259888677945093,0.003812881500342041,0.005605275239359161
324,0.017663130762081914,0.9530282464522146,0.022935216843312067,0.0019149780101032562,0.004458427932288093
325,0.006451838721140011,0.9824749768445141,0.00848623534024349,0.0014052556337671878,0.00118169346033502
326,0.0498173006139488,0.9117305580911665,0.017283345307997102,0.0027694009141293586,0.018399395072758146
327,0.010944545700981927,0.01576945981667684,0.005690028630424887,0.00025737003871089585,0.9673385958132055
328,0.8473057219183446,0.1198492492854659,0.0009654313352322008,0.0015799612625093514,0.030299636198447867
329,0.16728265220163518,0.8182165459269852,0.003836099124844451,0.0004069491980028622,0.010257753548532167
330,0.5179125956498288,0.4545064552734818,0.007382802593863586,0.0019573218077452723,0.018240824675080508
331,0.01847683321080109,0.9418470730814554,0.036855798692087056,0.000590406644527762,0.002229888371128751
332,0.008667253879264382,0.8978811926058146,0.09020482260555615,0.0008076325427424154,0.0024390983666225064
333,0.013807692777104736,0.968251181521681,0.014858056354017334,0.001136594950811382,0.001946474396385881
334,0.006677227721433953,0.91983598280551,0.07028145913741403,0.0018197329370729766,0.0013855973985688716
335,0.0032327182144079834,0.8564904531910541,0.1382002902849551,0.00042604608227793297,0.0016504922273048767
336,0.010665083988213213,0.9065488244695321,0.07982041103963276,0.0010228534563003304,0.001942827046321679
337,0.004126305847618103,0.534767808765417,0.45515239160196697,0.0004634264221896148,0.0054900673628082205
338,0.0065978939421568565,0.7632659921091028,0.22663151836701012,0.0005430585081091568,0.0029615370736210053
339,0.005132507051707979,0.9549786570815725,0.03747029399931148,0.0005287740814228499,0.001889767785985166
340,0.009843946949834873,0.36064512977918606,0.6250337468209543,0.0026427335705175724,0.0018344428795072497
341,0.002779982192326635,0.6386180971964269,0.35463012583577536,0.001663374169881968,0.0023084206055892205
342,0.010534622525778616,0.5883202421716026,0.3919122582575668,0.004610272840250677,0.004622604204801456
343,0.15484635039902636,0.6491904130851868,0.004357602716185324,0.008950799438597445,0.182654834361004
344,0.21977065489649375,0.7487585658469406,0.008330962109105226,0.012620363099514097,0.01051945404794644
345,0.09634490649695228,0.8446671423369218,0.04382588709194721,0.0070965034710255255,0.008065560603153134
346,0.24015075959433851,0.7011283536434368,0.016696111344339442,0.02082188922104672,0.021202886196838498
347,0.08761341667676044,0.8479181464959051,0.006971546470693592,0.05024049649302796,0.007256393863612647
348,0.09527429340991157,0.7871041503092296,0.0180459000008833,0.06988229030787858,0.029693365972097013
349,0.05119426403620607,0.850062266518205,0.023635436724315936,0.05851038334301827,0.016597649378254628
350,0.34670725357247956,0.575423236246823,0.0013169753191494722,0.04878783833099441,0.02776469653055349
351,0.11220971587057775,0.5210957340140967,0.013041833381886995,0.3439812161418698,0.00967150059156874
352,0.09446644021933999,0.5988242253633841,0.00500497204896483,0.29521058058161553,0.006493781786695504
353,0.09858045512386024,0.3233523701335045,0.0035665239018442233,0.5619144031724878,0.012586247668303303
354,0.02054160114384625,0.1353087676156457,0.0005613093484372305,0.8407226263214511,0.0028656955706198293
355,0.05733899363131984,0.2882981515533491,0.0019920574762581204,0.6436400311151559,0.008730766223917101
356,0.04003413053768571,0.06725489178831885,0.00028997854242654415,0.8886455329886929,0.0037754661428760234
357,0.010209222254355773,0.088981049293697,0.00036979001258949146,0.8987673046987732,0.0016726337405845433
358,0.013038942433963011,0.050964657074434754,0.00036305969080984503,0.934611433328542,0.001021907472250472
359,0.01150462407931079,0.09437583360078498,0.0013304719198132511,0.8911529675809512,0.0016361028191396209
360,0.009821242882204324,0.06259508761358923,0.0004903885604302969,0.9260493257370873,0.0010439552066888618
361,0.005680224291286365,0.03610848310437313,0.0003014929186091666,0.9571622862758302,0.0007475134099011861
362,0.004317425260639518,0.022522104995799826,0.00017961722293555874,0.9721297732324907,0.0008510792881343902
363,0.004465803788143259,0.014550809797646303,0.00014271232675918546,0.9796447407024474,0.0011959333850038592
364,0.004006857334970765,0.014365114865280828,0.00017859525814709052,0.9806135430348858,0.000835889506715536
365,0.0070524951135531744,0.013567429839189148,0.0002830780246064715,0.9776873888690074,0.001409608153643873
366,0.011728689081255583,0.015521841123440287,0.00047940130546314855,0.9699064853913406,0.002363583098500269
367,0.003491566149778602,0.00820093145266575,0.00020173206665085344,0.9870954907401291,0.0010102795907757556
368,0.004358334425116926,0.00536184944245119,0.0004465937257433191,0.9883821182621293,0.0014511041445590652
369,0.0028824103897945887,0.003658730599718649,8.570382392822795e-05,0.9924596196627717,0.0009135355237869625
370,0.004024325687753494,0.004080498351131045,0.0002064955718383718,0.9903276547315955,0.0013610256576816965
371,0.0031724314881899653,0.00844490657292845,0.0003928821947876961,0.9857864298494486,0.0022033498946453754
