epoch,N1,N2,N3,R,W
0,0.00890775427215807,0.0019253762543719874,6.688858721888468e-06,0.0010446128470619816,0.9881155677676862
1,0.03860966996303053,0.0014664195930673312,7.827842214872123e-06,0.0007444889037753928,0.9591715936979119
2,0.008496929742180017,0.002220003378800427,1.7086509468311322e-06,0.00035427458601468623,0.988927083642058
3,0.01750176420868808,0.000960953832998891,3.5964863369494458e-06,0.00038952343869044445,0.9811441620332857
4,0.0036412230473969608,0.0008067273338229304,6.45110197710063e-07,0.00012866667326408588,0.9954227378353184
5,0.0034353669042337257,0.0016329227503319864,5.550771813856613e-05,0.0001226743439765366,0.9947535282833191
6,0.017113940263154152,0.005902619477930803,0.00032173540828547294,0.0007544133328197048,0.9759072915178099
7,0.013813661610373,0.006329663359105734,0.0001316163684148592,0.00023977156354355482,0.9794852870985629
8,0.027951730273755197,0.003429686181619186,2.9354339283558846e-05,0.0003078368733065894,0.9682813923320354
9,0.002900056739014427,0.0018507838409846911,4.7207956250068e-05,6.983964191199398e-05,0.9951321118218389
10,0.001633773400810213,0.0007392901029414769,6.8598319368396356e-06,6.0040783989894e-05,0.9975600358803216
11,0.03423172664491196,0.0011903566114936477,7.412349282543004e-06,9.487571490549372e-05,0.9644756286794063
12,0.04844632491904905,0.008658586411027753,5.399837309770854e-05,0.00016366794587472126,0.9426774223509509
13,0.015106746166715222,0.002552963721600143,3.201377594783446e-05,0.0001016470122235192,0.9822066293235133
14,0.0017214122777029447,0.00031274829015888217,8.131797440914116e-06,4.5717230886787414e-05,0.9979119904038105
15,0.01345525502356412,0.006577878311436955,2.4515218263069973e-06,0.00031309802946351603,0.9796513171137091
16,0.009357405612472844,0.0036382136251379743,6.360889713456991e-05,0.00017112174815608606,0.9867696501170985
17,0.002668453285057019,0.0002682535857285555,3.064133157880931e-07,2.766659400135503e-05,0.9970353201218973
18,0.021993333472010906,0.002154964735820336,3.554642438345843e-06,9.418176032266182e-05,0.9757539653894077
19,0.32013190574317496,0.022669434816309068,2.579851644548662e-05,0.0004247551757153555,0.6567481057483551
20,0.48058141056259646,0.02837299405154672,0.0006621922837310341,0.00026228180498547526,0.49012112129714025
21,0.12449835972874504,0.08469685099057304,0.00034249599851507,0.0007505528014869948,0.7897117404806798
22,0.0166873888377249,0.04097232365936061,0.0009624789638827768,0.0005209243584252801,0.9408568841806064
23,0.1809189681097574,0.12416371103838064,0.0006282157014108087,0.012423209751593525,0.6818658953988577
24,0.09688706661297683,0.21626478967449952,0.0076809508148449855,0.009823520345560863,0.6693436725521179
25,0.10566043554359891,0.30068606749700155,0.011166910858668973,0.009998765471299494,0.572487820629431
26,0.07880195745974393,0.16503190350624053,0.007483926508625004,0.010454341346292534,0.738227871179098
27,0.14563743051102115,0.08476324654370593,0.0013570118814561314,0.003726683876621959,0.7645156271871949
28,0.028229380983741913,0.015095226490751946,0.00046999831601740664,0.00019132823650233868,0.9560140659729864
29,0.08124661197308197,0.02237471219762234,0.0018114461175824305,0.00015271214866861547,0.8944145175630447
30,0.34940277518674073,0.23073267110727322,0.0019788570590944876,0.0016520639634865616,0.41623363268340513
31,0.12433871387684278,0.06439857652396754,0.0009236926847279331,0.00040017654050451097,0.8099388403739572
32,0.16145567767256702,0.023034790377285307,0.0019434827387190346,0.00014839221665294402,0.8134176569947758
33,0.09539717357385771,0.37817286230121655,0.011262555876013795,0.0011850841726335107,0.5139823240762784
34,0.08848532516976995,0.5820204017519548,0.07199518609102777,0.001083423641212951,0.25641566334603455
35,0.20743441389651096,0.08116697412009712,0.017570646157533194,0.0004196834607774016,0.6934082823650813
36,0.11820886619240792,0.6347200394651336,0.05780150589285723,0.00330692350039658,0.18596266494920483
37,0.0795990212052872,0.14588098818138745,0.014522318158656093,0.0010333398633748665,0.7589643325912944
38,0.11037862113245597,0.452898271605551,0.14749343845718468,0.0029228306828429714,0.28630683812196533
39,0.13619844921005217,0.15653791114494192,0.004056658330612511,0.0012506717958352996,0.701956309518558
40,0.31613576085100914,0.4726605395961082,0.0053562682184726046,0.002354759277603865,0.20349267205680605
41,0.16703860835239984,0.6691451874393242,0.017594168589559814,0.0008484646063666521,0.14537357101234943
42,0.11293585199561766,0.6108977566272271,0.09672753682175389,0.0007885412606912441,0.17865031329471004
43,0.03701743155692851,0.5402679607286285,0.18244007043992128,0.0005351508179785111,0.23973938645654327
44,0.06052454852970152,0.741450337124145,0.11161575896944867,0.0012891927139579596,0.08512016266274673
45,0.021119384217813387,0.5191699038378088,0.2927863656512763,0.002049561673790149,0.16487478461931138
46,0.12735028392345785,0.10927603150889033,0.013161043430756298,0.0007574037276812788,0.7494552374092143
47,0.3025278103384057,0.4819079687596889,0.00957140574652978,0.0007994297483169456,0.20519338540705856
48,0.26962842283765065,0.6472455414239384,0.010009891393997064,0.0009264948485178103,0.07218964949589604
49,0.12285322828525712,0.4269791413636824,0.25893862399127404,0.00037625836359963264,0.19085274799618684
50,0.025872524076482706,0.6955270852383059,0.25617769788195555,0.0005745183091259395,0.021848174494129808
51,0.01060098927720075,0.3635025597045947,0.5971595288639883,0.00048068577962587136,0.028256236374590425
52,0.007480751495328382,0.4015060044573608,0.568743481016408,0.0005105944980990768,0.021759168532803647
53,0.006705037680007937,0.4067496401737462,0.5707220534466014,0.00017092608871041725,0.015652342610934004
54,0.007994314734006738,0.7692066906335846,0.20792493105675833,0.00021059351569638292,0.0146634700599541
55,0.005028538291340675,0.36691933002773197,0.5947645632744104,8.077839029502452e-05,0.03320679001622188
56,0.004964037839701914,0.6620935699118127,0.31189208726923956,0.00022851164525293594,0.02082179333399292
57,0.003999068427235173,0.2232958750806004,0.744992851007027,0.00010428664591474316,0.02760791883922291
58,0.004310673219649602,0.2649865768654814,0.6993647404027203,9.201019340980211e-05,0.03124599931873884
59,0.007488767359071495,0.2426514876622801,0.6799490941012539,7.225236959214374e-05,0.06983839850780237
60,0.0938149551060256,0.5462680145741876,0.05644571386121247,0.0014058282369310384,0.30206548822164325
61,0.05009859221542988,0.32737847666964176,0.2908599597161131,0.00022963063785789891,0.3314333407609575
62,0.04456845890591359,0.5047193009164974,0.32348590315596343,0.0004706058160450963,0.12675573120558037
63,0.03555997686765386,0.697723842736746,0.209004848175591,0.0003504269086751956,0.05736090531133395
64,0.6085343167414284,0.18809222909132348,0.009254212072334763,0.0004996435318937201,0.1936195985630196
65,0.29971213630917576,0.47251330282768284,0.02089644041347261,0.0004929448319270803,0.20638517561774183
66,0.22232391919857095,0.7055136496232389,0.007807458290950387,0.00157361809861119,0.06278135478862841
67,0.1620101556287749,0.672860250442652,0.06694790637416442,0.0005175731762961207,0.09766411437811266
68,0.036012539539619304,0.7811541076604709,0.16668815685515403,0.0003498697278399254,0.01579532621691589
69,0.00941455694921625,0.5444806152669145,0.43138310270031466,0.00023380283181110694,0.014487922251743487
70,0.0038335912271926465,0.31757235721451726,0.669614251543524,0.0001787160073416605,0.008801084007424275
71,0.002956544517586802,0.13884207367651963,0.8493633628493195,0.00012446978623164206,0.008713549170342588
72,0.0012880473903559642,0.18824854189535256,0.8038159151280412,0.00011778000751934856,0.006529715578730996
73,0.0008543377436712493,0.11981816763886723,0.8679797077377991,9.115384623140927e-05,0.011256633033430937
74,0.0007639518220492328,0.08527123770406463,0.9109503602128768,2.8224674257444046e-05,0.0029862255867518805
75,0.0003378242441499653,0.046231657462309436,0.9507382870205993,1.6749618487971695e-05,0.0026754816544534146
76,0.0004835203772939649,0.08900933959227762,0.9068485229725635,3.199231287176533e-05,0.00362662474499331
77,0.0002505828877505246,0.031807029519673555,0.9664428215320386,1.3672973686397647e-05,0.0014858930868509653
78,0.0007262687511518347,0.07415656414843572,0.9230658531879152,4.9028005379165516e-05,0.002002285907118053
79,0.0004926396051472042,0.06079798851431456,0.9369902289153816,2.2146536314007166e-05,0.001696996428842482
80,0.0005979589508641946,0.04742036459897025,0.9498126228341903,4.338205041554393e-05,0.0021256715655597748
81,0.0007205881419957772,0.08347050433745909,0.9141711323903202,2.978114292947443e-05,0.0016079939872953922
82,0.0005410231038064582,0.07946131403440689,0.9177744755933595,2.522067126505036e-05,0.002197966597162246
83,0.0007634761470230092,0.07145992625402554,0.9248119037080513,6.33577029428662e-05,0.002901336187957236
84,0.0006316290898057141,0.05990521951644617,0.9371388111458161,2.8991870036621114e-05,0.0022953483778954675
85,0.0017069957486071823,0.09735725116033628,0.8970560365018068,0.00010258310191925171,0.003777133487330411
86,0.00040463075739713774,0.05933250152104526,0.9384929707550166,1.9689153624296532e-05,0.0017502078129168724
87,0.00040850399539014124,0.031658321700147186,0.966419927355645,1.623888545769502e-05,0.0014970080633601134
88,0.00039187628050468137,0.045494475422010024,0.9517412219282384,2.8284895859584716e-05,0.0023441414733874964
89,0.0003397625634186414,0.060151349911075166,0.9367767168443862,3.894170855109477e-05,0.0026932289725689943
90,0.00041518068612897164,0.05111647899985065,0.9459248988891434,4.3060170587845795e-05,0.002500381254288893
91,0.0006369803694373097,0.0631085990747506,0.9332126899476025,5.26142687788024e-05,0.002989116339430873
92,0.00202961692837063,0.1498428547081221,0.8419116131596452,0.00010209934856926216,0.006113815855292688
93,0.0004158166670184752,0.051263928037118225,0.9455462270400387,2.6089122538102133e-05,0.002747939133286415
94,0.0005994105524332624,0.04615172888583321,0.9503782875990743,2.594571550687256e-05,0.002844627247152383
95,0.00046800616722258255,0.03337444133806446,0.9633176578630515,4.183625613756848e-05,0.0027980583755239327
96,0.00023172553199765058,0.0351095121503467,0.9632550785494817,1.2501437158495968e-05,0.0013911823310156085
97,0.0002650778055547737,0.06764604432991392,0.9294896685038674,1.8456446917857788e-05,0.002580752913746054
98,0.000358275420490113,0.037622496055310935,0.9601732324804464,1.981695705058272e-05,0.0018261790867021624
99,0.0001434528022172467,0.02187353603725036,0.9771019893909043,1.1793098504534116e-05,0.0008692286711234467
100,0.00027158925818532114,0.04257092404921518,0.9551587415019803,1.4015551246460727e-05,0.0019847296393726297
101,0.0004281115889023314,0.05084230128743637,0.9456027849608475,1.6863190440507203e-05,0.003109938972373255
102,0.00013864133882338155,0.015564510124028022,0.982916255935356,1.0638013712865244e-05,0.0013699545880799325
103,0.000773741753579585,0.08936020094892734,0.905061357075717,4.5099807065556444e-05,0.004759600414710489
104,0.0004701337791671374,0.04456685086304486,0.9528843634313868,1.7905542406343228e-05,0.002060746383994661
105,0.00044810264063376503,0.03970773141319012,0.9576708055783429,2.3203611831909007e-05,0.0021501567560012476
106,0.00041954560005764844,0.026239400069234357,0.9679360767347353,2.9045437093848007e-05,0.005375932158878898
107,0.0013320720378739866,0.032359997815167144,0.9616810729134029,6.77200171218054e-05,0.004559137216434111
108,0.0006077952073330119,0.01500013617434766,0.9789997679632643,7.376801700267327e-05,0.005318532638052407
109,0.006697481479263961,0.1384354304438267,0.7992820240912909,0.0002462068816037387,0.05533885710401487
110,0.009622456663220121,0.11361705427240527,0.8646144047180412,0.0002414352922039548,0.011904649054129588
111,0.05947002607285934,0.5971601726794995,0.30619303353527644,0.0019868734270202344,0.035189894285344386
112,0.019159493508565932,0.2602506757430794,0.700934179432891,0.0004672647978709056,0.019188386517592682
113,0.03991655097466591,0.35250991273152515,0.5835210219597674,0.0011578733585561824,0.02289464097548539
114,0.12692799551711142,0.8218944703747916,0.018836354323392826,0.004527002705227217,0.027814177079476785
115,0.05958523337420936,0.5244000022101415,0.36577047283658043,0.0018952185164279299,0.0483490730626409
116,0.060178396074405935,0.8685888455393177,0.04452461431555741,0.007407081311580347,0.019301062759138538
117,0.09019168189406072,0.47855308412584374,0.16409521476761874,0.0026427220280673272,0.26451729718440953
118,0.18026508877735403,0.7305857615450475,0.04190675159062768,0.005531940210342739,0.04171045787662795
119,0.03776509019842517,0.6445944007638807,0.29501970431728963,0.0013913342085331661,0.021229470511871313
120,0.053904728232657954,0.6896543027644425,0.22652174585657298,0.002058634882627545,0.02786058826369909
121,0.025896933026066358,0.5864680501382122,0.35325157474785884,0.006332442337390455,0.028050999750471983
122,0.04146258505115954,0.7592400201317744,0.14643851142818226,0.008984095240027702,0.043874788148856106
123,0.014980529181386105,0.5741751210700488,0.388273448196638,0.005433290360444713,0.017137611191482494
124,0.11864497974001294,0.7756137928584803,0.032976331356351266,0.013804399850728654,0.058960496194426865
125,0.02091045521383857,0.6289225211220092,0.3318570480306031,0.0024577332345749815,0.015852242398974186
126,0.03288988933124281,0.9013706932193659,0.05121036934052869,0.004764825443685227,0.00976422266517747
127,0.010645956300416582,0.6081412159718401,0.3744759805850458,0.0013094251664872792,0.005427421976210235
128,0.0156363190108533,0.7820999620605319,0.18740221225137121,0.0019251931321960381,0.012936313545047463
129,0.010559789367093068,0.5600091619107374,0.4220890545062889,0.0008866393482247357,0.006455354867655943
130,0.005132409837932288,0.38606980146534003,0.6039534227475348,0.000995969362340519,0.0038483965868522587
131,0.0051455827775667585,0.34594122818724626,0.6431357256734033,0.0006767137053621789,0.005100749656421488
132,0.031237829686477946,0.5092466467897948,0.4473715533753743,0.002265210774824726,0.009878759373528233
133,0.009716172773260106,0.605276352677802,0.3752846234383477,0.002123152098278192,0.00759969901231199
134,0.015760816088015963,0.32467334188441993,0.6500590426950322,0.001349912132296589,0.008156887200235254
135,0.029026098980821747,0.7626882569837165,0.17958490493547666,0.003680055191731178,0.02502068390825378
136,0.007999318777275305,0.35060249022397694,0.6324713467513756,0.0016376068301952468,0.007289237417176896
137,0.009699224475093322,0.34283921258861005,0.6282045040010411,0.006007770223062736,0.013249288712192836
138,0.030699666872493737,0.6902096838144773,0.2472022244377119,0.017805576595664542,0.014082848279652548
139,0.008470402608347563,0.3771094011075854,0.5888857514353333,0.0168782524003613,0.008656192448372615
140,0.04638494293713703,0.7385971094172711,0.09010584268546999,0.0939271108734679,0.03098499408665388
141,0.09413311235395024,0.7439944076509797,0.04279365112385588,0.08835663029653511,0.03072219857467916
142,0.07632880344013468,0.381754733378181,0.07826020504917908,0.07535768408950347,0.3882985740430017
143,0.20341090544770365,0.5193479570966911,0.010067171100561696,0.13788571532072097,0.12928825103432262
144,0.2006326349292731,0.46061169944668157,0.0511786979668422,0.06936216406903639,0.21821480358816672
145,0.2126104770916638,0.23574212490652507,0.00767180383557445,0.30410782996035995,0.23986776420587677
146,0.04965922490855572,0.24171054155300528,0.008043573686048222,0.6842347703557821,0.01635188949660868
147,0.17646680320454894,0.4375005497556462,0.008668545893203707,0.23878372703926148,0.13858037410733967
148,0.12228283495198274,0.4005456426897566,0.0009265064456305955,0.45450541559379104,0.0217396003188391
149,0.11390738553901548,0.6415933447444915,0.0045675398359764805,0.19474032101730301,0.04519140886321338
150,0.14480809794744903,0.45989861185832387,0.0004863575547925872,0.36188502579691606,0.032921906842518424
151,0.10137728613478035,0.12233878671695349,9.248924231085334e-05,0.7370374324557245,0.039154005450230706
152,0.1900037658418947,0.14733468512816594,0.0038122828262314177,0.16955167300306484,0.4892975932006431
153,0.23325857310853013,0.0785007820663809,0.0006043105693324394,0.6236212944705245,0.06401503978523218
154,0.1087747620222731,0.09327100131546615,0.0032553025139159804,0.05483698794037535,0.7398619462079693
155,0.23123523232822552,0.12671070635056056,0.005916033928595181,0.15319774957323995,0.48294027781937887
156,0.2592936995306086,0.10984756535256576,0.00023307800362051443,0.47017521397882933,0.16045044313437587
157,0.4508537403488701,0.16498571324620223,0.00035306910878844875,0.2179826276636216,0.16582484963251765
158,0.5176557074991595,0.13056430110375963,8.785846273566666e-05,0.2666001840456884,0.08509194888865661
159,0.3530326650695774,0.053665854778998955,0.00022001787440649513,0.28411930086083975,0.30896216141617744
160,0.45394462069354097,0.11088489969146263,0.00111131097955752,0.11334613599605327,0.3207130326393857
161,0.4345159813692489,0.11571008485462428,0.0010509178944332104,0.23135519438564808,0.21736782149604544
162,0.35862386149629494,0.15072428258811152,0.00016125971348707665,0.4018329508089001,0.08865764539320642
163,0.08803151905064939,0.15125615811934268,0.0008799345029716813,0.7353034405604063,0.02452894776662978
164,0.10675730670764577,0.08752164632583743,0.000497412148777696,0.18483981423609924,0.6203838205816399
165,0.34601842388684007,0.15534632905857226,0.003821632140317719,0.12466800624006652,0.37014560867420343
166,0.30516551972066575,0.08546903081384763,0.0002567711304824249,0.0766494279562058,0.5324592503787984
167,0.5670977309056259,0.05479961292085598,0.0008816568124258421,0.03789495692237642,0.3393260424387158
168,0.2672789589578857,0.3937675557063758,0.006501903149044277,0.12173928325244399,0.21071229893425014
169,0.26825852597324057,0.28944877621386195,0.0024313708838665437,0.26778958606226894,0.17207174086676183
170,0.10411001173342573,0.3765885920662428,0.00669596451913959,0.07587505673663654,0.4367303749445554
171,0.15214341557700303,0.19683336208852067,0.0013142223218550815,0.1559154242322952,0.4937935757803261
172,0.15959480854859695,0.418122524280854,0.0029941082757815266,0.12442433556363645,0.29486422333113105
173,0.2911723101838057,0.2702042030985835,0.0031636295223346385,0.07705240139682659,0.3584074557984495
174,0.1617985776070853,0.4574757746435125,0.0004485749480731392,0.18681037159359593,0.19346670120773296
175,0.1462013951099645,0.46758662147722746,0.00127927798653727,0.3053381198205251,0.0795945856057457
176,0.11689323098612078,0.10766528878500568,7.083084930612975e-05,0.7272956754047655,0.04807497397480192
177,0.06684379585047848,0.12977418217758468,6.627231341533495e-05,0.6669018938262786,0.1364138558322429
178,0.06606210772107175,0.09942079779456102,0.00015637275999234252,0.23725558057947585,0.597105141144899
179,0.2977111437330158,0.24594189732519545,0.0012948416390550254,0.14674564469318646,0.3083064726095472
180,0.15830688052754086,0.40346885250451847,0.000488401750964809,0.3124104327932968,0.12532543242367916
181,0.07181680028694343,0.07687887422690401,0.00033953053024076357,0.6393687107657061,0.21159608419020565
182,0.13243816697695998,0.22395151524916163,0.0005798576741307526,0.38716673090228104,0.2558637291974667
183,0.3318525549821082,0.09202245462178602,0.001767039047564561,0.2005552882630084,0.3738026630855328
184,0.31625091979398695,0.22980116976817544,0.001851741907387855,0.24242929662968132,0.20966687190076858
185,0.08906877178658723,0.02116111847788592,9.550122856205556e-05,0.05064211112532671,0.839032497381638
186,0.568924872785649,0.04425339992644085,4.6904848910413966e-05,0.042448139708741096,0.3443266827302587
187,0.4981516436752949,0.2105268529169048,0.00043818729622191964,0.0669325736331381,0.2239507424784403
188,0.44214772556208276,0.1184330051673574,0.0008320619321559765,0.10652228546780233,0.3320649218706015
189,0.1865160736464954,0.5751899931783021,0.0012806765952387996,0.09671733756360816,0.1402959190163556
190,0.20789277527050173,0.4934599599114283,0.0047357983330184915,0.23189936696065874,0.0620120995243928
191,0.166356234287204,0.4662470431401547,0.001347746730994852,0.13626524542237073,0.2297837304192757
192,0.09595203253803973,0.16348267434202363,0.0003853053573024631,0.6989738006378612,0.04120618712477308
193,0.044152906532005105,0.10231121167099905,0.00027147494948563395,0.8226299107186381,0.030634496128872087
194,0.2424843200602933,0.17274090584499227,0.00035495221392657514,0.3755407726922126,0.20887904918857522
195,0.22145644577223772,0.33734657968049964,0.0018227187615489251,0.24663352388746657,0.19274073189824711
196,0.31680762811174673,0.21281889128866094,0.0002092932488502276,0.3206270900613978,0.14953709728934433
197,0.32802182106444594,0.21813018976469645,0.0011521920083785917,0.0952683077592361,0.35742748940324287
198,0.3294185250001808,0.3553184178022541,0.000573850605070165,0.19198129356282762,0.12270791302966716
199,0.20714646009648752,0.30148498206389124,0.0004188358684503623,0.3574628108988704,0.13348691107230057
200,0.28972409591527415,0.3597990804387519,0.0012029845029686286,0.16276103252912605,0.18651280661387928
201,0.18361898821211012,0.4645510125255347,0.005231639034007274,0.3030474436351295,0.04355091659321835
202,0.0874608429725441,0.43587693388703724,0.001265958815057239,0.43389919375676256,0.041497070568598984
203,0.14027789075086283,0.17782156810233407,0.0002995797231141795,0.6182756921950757,0.06332526922861333
204,0.20994356046469606,0.3302366576140508,0.0010035840396051164,0.3976444731430261,0.061171724738622014
205,0.09217946896916136,0.5643154630336714,0.00222060566212317,0.3211562759065081,0.020128186428536057
206,0.2170123593758555,0.5979405234697346,0.00190504382751747,0.14240040690551212,0.040741666421380274
207,0.1524637886617187,0.5689237511614632,0.0020746392194916506,0.25292482521102877,0.023612995746297716
208,0.08131070696156391,0.7590474230003934,0.007216868641493068,0.1112063556117337,0.04121864578481593
209,0.16921449893153107,0.6617177402423544,0.0008852155667881878,0.08328178762856656,0.08490075763076005
210,0.11863915754998357,0.45945432934202063,0.005331837498361789,0.022080806419402292,0.39449386919023177
211,0.13376032747903338,0.7023088003801561,0.017117233359371764,0.01611466969008909,0.1306989690913498
212,0.14176905131736206,0.11538163014566336,0.001642997051353749,0.011976627168959506,0.7292296943166614
213,0.1881876844884903,0.6886357607482261,0.002389635516152665,0.03727292834060425,0.08351399090652664
214,0.14730229042870643,0.7635519892160438,0.002841705109428226,0.045068745808832134,0.04123526943698927
215,0.22115923709686042,0.6436859594512943,0.005131121980639544,0.061817280511344386,0.06820640095986147
216,0.20988115685984896,0.5603284038611858,0.00403931592763399,0.11555808131651722,0.11019304203481406
217,0.08872086131551227,0.8248898849088365,0.0008277288199194875,0.07052876681175853,0.01503275814397328
218,0.14324994293520282,0.7371937684480305,0.01306091682692752,0.055878038874545455,0.05061733291529375
219,0.27182841990019824,0.40859887407188994,0.012618259147368575,0.09520184886282353,0.21175259801771978
220,0.3139034368004557,0.3874264514330344,0.0028852597755682796,0.1714894403317052,0.12429541165923644
221,0.22462494718853035,0.6294030270863716,0.035906067760262145,0.03352561554738134,0.07654034241745442
222,0.16598339531246487,0.7547942666994524,0.0038526401941840335,0.03772490186444186,0.03764479592945691
223,0.1018897824622625,0.7027211138404698,0.07423080204388073,0.027837912994527817,0.09332038865885921
224,0.2149507258739589,0.627698492751312,0.002221387770158474,0.049249523013177185,0.10587987059139355
225,0.19925084878545649,0.6776613376553028,0.00570364479299628,0.06050487764901015,0.05687929111723432
226,0.10097462295657411,0.8225024687214713,0.017371389476173376,0.015177546993101152,0.043973971852679955
227,0.08841551902773535,0.8696222330516516,0.005587006226445657,0.020462378807249458,0.015912862886917973
228,0.13141016295064897,0.601429527893074,0.13867293324576854,0.023488905297849038,0.10499847061265946
229,0.18870545950825562,0.5268850655783107,0.2124102298275758,0.017357495014613263,0.05464175007124458
230,0.057803410398728626,0.8987530890842189,0.013082280769465302,0.013098137448145851,0.01726308229944132
231,0.10683925351723594,0.5353634129092677,0.30044970622649375,0.011278748664582868,0.046068878682419684
232,0.0296626130320943,0.9470229941014613,0.00946304386873292,0.005404962619144265,0.008446386378567228
233,0.014805235756724603,0.9540618797721225,0.01212489870840906,0.006273365585632382,0.012734620177111343
234,0.1353245915002326,0.35009523997803127,0.10765215840661851,0.0040392566564164106,0.4028887534587013
235,0.21573769213320024,0.7177830487824483,0.0023120170980788246,0.019279965876972928,0.044887276109299726
236,0.28597246414185734,0.6151024169290107,0.0034639041751205967,0.03277447301718851,0.0626867417368229
237,0.16148960157611217,0.7351234506800465,0.020328913872755847,0.009847527265442026,0.07321050660564347
238,0.05636981407920722,0.7426564984347365,0.16059119678037403,0.009172376397025181,0.03121011430865716
239,0.028185371691272706,0.9312628883473519,0.0165179904330731,0.011877454514654839,0.01215629501364769
240,0.030810185252210555,0.9006893336570855,0.021375445135195275,0.020338521328180835,0.026786514627327816
241,0.04054993188994591,0.8115113630794492,0.11012590178133788,0.015638353714618237,0.022174449534648987
242,0.021040928667298925,0.7686995805870529,0.18673408512158537,0.007914963077299652,0.015610442546763262
243,0.018281791131994914,0.8675055600513365,0.09929187847175705,0.0032181519820697196,0.011702618362841685
244,0.009091605037370928,0.7436505992665995,0.23953333092692317,0.0014390579061031475,0.006285406863003224
245,0.013313769420200924,0.6846841146655516,0.27994867853676386,0.002360597427419741,0.01969283995006403
246,0.0059592674836890305,0.5814285681939092,0.40388831376735407,0.0017561405441892557,0.006967710010858454
247,0.004731945540983788,0.17216116195025238,0.8213649787609143,0.0005291685076271124,0.0012127452402222506
248,0.006218815764201113,0.8837674714964067,0.10344030079119067,0.0023419406084566746,0.0042314713397449445
249,0.005156389027291563,0.46702488696888156,0.5218868830744702,0.0010093239224605074,0.004922517006896204
250,0.0038317995313610475,0.14408795546332456,0.8492424782287645,0.00039632615367589114,0.0024414406228739135
251,0.003282432308189563,0.4834095504603279,0.5082478184641207,0.0006982355827756298,0.004361963184586338
252,0.005239114456476585,0.5066466401330347,0.4794529381694016,0.0009107471002554535,0.007750560140831583
253,0.0013497471354186215,0.22049039651131302,0.7749142165436648,0.00042768256952182724,0.002817957240081688
254,0.001100842430976457,0.26655801799109546,0.7295271400874053,0.0003708065634507994,0.002443192927072044
255,0.0026690202957323494,0.29463900879472527,0.6972701714850131,0.0005128547825220792,0.004908944642007285
256,0.0016108412728564243,0.14083599056308044,0.8536767673803264,0.0005059912266347507,0.003370409557102031
257,0.001123882687968079,0.273677671520782,0.7215362976050211,0.00031212384745143637,0.003350024338777456
258,0.001425891109953776,0.3873537802516922,0.607043779502994,0.0003124683071228162,0.00386408082823717
259,0.0005980598224567233,0.10112300085037937,0.8969908266370296,0.00010382335651157658,0.0011842893336227048
260,0.0004953245680837379,0.0740170740473139,0.9239368565405197,7.912889935176676e-05,0.0014716159447308516
261,0.001253573683020515,0.10765578510926758,0.8878197837944559,0.0002494459131588821,0.003021411500097134
262,0.006367742485551183,0.11230035393636327,0.8691928935618158,0.000948536247331991,0.011190473768937701
263,0.003952546566964749,0.07294343084466884,0.9151918648666089,0.0004277561964954577,0.007484401525262148
264,0.006182954470732178,0.10287454359432982,0.8796252567511272,0.0007335392567415573,0.010583705927069247
265,0.04674872628732503,0.19643749490832485,0.4602746347073755,0.003378082374012818,0.29316106172296164
266,0.028333055231207615,0.12125063195892281,0.6407302946289323,0.0024869947939887113,0.2071990233869485
267,0.18385991136751986,0.2509193024017492,0.020709996856685037,0.0035285950807782186,0.5409821942932677
268,0.25975656588364177,0.17766582954998217,0.04177196917189256,0.006305359685241155,0.5145002757092423
269,0.15131403885746922,0.11704827750976872,0.014694000391421432,0.0031334893786028315,0.7138101938627379
270,0.26744757780087647,0.2545042312344605,0.06498949012296802,0.006282592443704973,0.40677610839798994
271,0.24977820859229397,0.37576271843365766,0.0443712224334394,0.008894482196069907,0.3211933683445389
272,0.3306244694400141,0.4428970374892588,0.05570016605109888,0.0186365732968876,0.1521417537227407
273,0.33202411675825794,0.40020417481702847,0.0917173405302686,0.031809167665190305,0.14424520022925474
274,0.23575424450104931,0.38117582410327294,0.06692986976391135,0.020637012997086607,0.2955030486346797
275,0.16289880336001597,0.6465168190138021,0.06319875384846019,0.0064199469609350366,0.12096567681678666
276,0.35565891838614605,0.5166009974795518,0.042129165227324974,0.010018319067311548,0.07559259983966568
277,0.3496917401072212,0.3556073982415123,0.03290513870193047,0.008557348099775297,0.25323837484956074
278,0.20232764523923702,0.6797857804603972,0.013723400270327106,0.027638414950645056,0.07652475907939359
279,0.29894439125707306,0.5561914977822061,0.007194711910546811,0.06472198373954718,0.07294741531062689
280,0.0846611098347127,0.7817431156848346,0.0368265099570626,0.03239993910957893,0.0643693254138112
281,0.19344036246574633,0.5025492599042123,0.021495104951418886,0.01815502622477537,0.26436024645384704
282,0.3275990063244252,0.5045926634171728,0.004221223396419019,0.048780634341645146,0.11480647252033786
283,0.09787894684816485,0.6945417592179387,0.10838425985423657,0.013569546835769974,0.08562548724388984
284,0.15405677093997439,0.38003665506597756,0.0817240520316285,0.01717920451565841,0.3670033174467611
285,0.11454285855073686,0.6726573836690061,0.14541746815948908,0.010833390684888538,0.05654889893587943
286,0.17246381272466157,0.6068989607795591,0.020326409894531196,0.026400426812675206,0.17391038978857287
287,0.09301948900248103,0.7476489714885423,0.10835416044309483,0.004026344541332987,0.04695103452454894
288,0.30749436284932147,0.3456447871637844,0.017183941627193194,0.007271769165911963,0.32240513919378894
289,0.1589162703454357,0.6812297080176352,0.07201892710847181,0.005379294160821457,0.08245580036763582
290,0.375633529698238,0.547714065421198,0.0026918903379836642,0.020246481356516563,0.05371403318606391
291,0.3544704486677378,0.5915607983197577,0.011419555313606588,0.016312951843044068,0.02623624585585386
292,0.1519279798969109,0.6541684308944093,0.14044791699863832,0.01696823154952779,0.036487440660513605
293,0.03266670026457485,0.7407345501154105,0.20833751099196868,0.004316691913637993,0.013944546714408219
294,0.23663746204171313,0.5692864933787344,0.04517098850582517,0.0064603327507118755,0.14244472332301525
295,0.40677131202702405,0.420326260156713,0.008608520433686342,0.009708807512146608,0.15458509987042993
296,0.23128841996973437,0.4298895405659969,0.1936536858760457,0.006276701752172145,0.13889165183605093
297,0.24588384272853422,0.570573187470469,0.09859200638474096,0.00685237044380533,0.07809859297245046
298,0.08797853917153167,0.39269376858939214,0.469889945995348,0.001517921790697161,0.04791982445303104
299,0.14574023247915896,0.7522865038707603,0.07257598536970263,0.005021819850008365,0.024375458430369815
300,0.05551590289742939,0.43956605904901724,0.47742683310750716,0.0020406246725330813,0.02545058027351328
301,0.019817672178558926,0.3640726725811789,0.596198798105643,0.0015708150951632273,0.018340042039455887
302,0.08163484343450081,0.8070376688037761,0.08703374122517189,0.006428030703052505,0.01786571583349843
303,0.1437290493697413,0.784035215853532,0.022105598959920238,0.008116998970538839,0.042013136846267576
304,0.07986530888005935,0.8843918577999975,0.007404515825479385,0.01292305079265082,0.015415266701812874
305,0.029088745582559375,0.8795356265291164,0.07252477815127885,0.00537603255124452,0.013474817185800776
306,0.03942631046805626,0.7757826473931962,0.15893779268316907,0.005668032172090702,0.02018521728348774
307,0.10742750323864106,0.8382426745923215,0.021117782767802344,0.011630217365405418,0.021581822035829767
308,0.02855109763003294,0.6614739311007054,0.2925460124466723,0.005552709360564543,0.011876249462024889
309,0.11680304727079935,0.7816387459518381,0.043006670854052124,0.014492277006279298,0.044059258917031295
310,0.061732014974677146,0.7293368347599111,0.16594489165453058,0.005517760134566654,0.03746849847631454
311,0.04335744204958749,0.8770122861764267,0.04587324216663741,0.005679401477195582,0.028077628130152948
312,0.07187573802996848,0.5811156468466967,0.3114785188545189,0.0043999606651758715,0.031130135603640224
313,0.0684643553363809,0.7886247411618117,0.10699245048485626,0.004830291353062894,0.031088161663888333
314,0.039332446113610614,0.5668124709637594,0.3325028928714154,0.0030177705084629275,0.058334419542751655
315,0.15322834793574455,0.7849985597446884,0.014792802652893625,0.007382058774662611,0.03959823089201064
316,0.07819457939904775,0.6983018024607119,0.17439960751296713,0.006071912191677957,0.04303209843559525
317,0.16277176995828666,0.7078883584972704,0.0759055081737645,0.005194237471756256,0.048240125898922195
318,0.0665823423834785,0.8281962928772408,0.04721745260535815,0.005277061341186521,0.05272685079273596
319,0.2131770396196941,0.6146895863014246,0.017267510711477547,0.0066190245211706685,0.14824683884623327
320,0.38137393283848964,0.5623059705115234,0.003902488011912598,0.020600153508408783,0.03181745512966555
321,0.11189440422024008,0.8215553340226789,0.02733694978906203,0.012487840408075464,0.026725471559943474
322,0.33984286785059287,0.5525685130688003,0.010311534991420259,0.03322173121147107,0.06405535287771559
323,0.055858469460649283,0.8444184255256773,0.036626757310371336,0.045323674834889555,0.017772672868412647
324,0.05276064247998433,0.7990032703528525,0.007604423953304772,0.12068279609287826,0.01994886712098032
325,0.06754899039767615,0.6909938925655232,0.04519461145931259,0.1517550194696325,0.044507486107855446
326,0.14478217262239662,0.3912828639484059,0.010126627341496617,0.38024995429717195,0.07355838179052898
327,0.11443621061338627,0.31433542404711406,0.0005575104161265792,0.49130183626675394,0.07936901865661934
328,0.08004175232863212,0.0729763098639094,9.942588185203404e-05,0.8226292069008091,0.024253305024797413
329,0.07304650689727463,0.06784808353951655,7.625003864603095e-05,0.8498342827716038,0.00919487675295908
330,0.09863011598149278,0.03481995964666654,2.5675707090387067e-05,0.8519602139793683,0.014564034685381873
331,0.15024534457244534,0.03845881281317414,2.017635525872914e-05,0.7748621760842429,0.03641349017487897
332,0.13075139672568775,0.02386647575935336,1.2563554683503498e-05,0.7610484558926673,0.08432110806760816
333,0.10628696033432691,0.053213225443897894,0.0015472908327646762,0.7673312330564014,0.07162129033260915
334,0.1386887430598483,0.16872527806263304,0.00037492769554321406,0.5983026095841737,0.09390844159780191
335,0.08016293602537651,0.17911988553609554,0.03663946207048487,0.6181599527124348,0.0859177636556082
336,0.02031292891624863,0.06469432910159052,0.00024655007458889984,0.9049255762400579,0.009820615667514035
337,0.02091235443720085,0.014160282623715194,1.820351610183221e-05,0.9575244407207895,0.007384718702192613
338,0.018769528429474793,0.042060987328352256,2.4573236190092966e-05,0.9256300132630181,0.013514897742964832
339,0.06075403208751756,0.03468565710068537,2.0069556288819737e-05,0.8818588578381001,0.02268138341740821
340,0.10126324822610552,0.060492029121134674,1.7521318938597673e-05,0.8089268231515914,0.02930037818222985
341,0.05085650707093961,0.05137970569953359,4.37092376703169e-05,0.8713236933168735,0.02639638467498291
342,0.09645101312736734,0.04391870359165501,0.00010834184479140573,0.7907698047645467,0.0687521366716395
343,0.01836922997100577,0.02199533021973903,3.161003200753713e-05,0.9532177545722065,0.006386075205041083
344,0.02021173891021616,0.008424272793932566,5.53003294847011e-06,0.9614954483706889,0.009863009892213925
345,0.03969500593535881,0.0068912277171834955,2.74703132065581e-05,0.9357630920223524,0.017623204011898746
346,0.04237853518081849,0.01700209100270652,1.059927325154678e-05,0.9154771212281744,0.02513165331504915
347,0.03754034046268237,0.02920255159714954,2.3514861921477596e-05,0.917524129411034,0.01570946366721245
348,0.06565279195541683,0.015477191599855812,2.3121824748809308e-05,0.8645558124422135,0.054291082177765
349,0.04291451913473783,0.06643788681770285,4.9309140602413466e-05,0.8698432432969919,0.020755041609964994
350,0.05589433001024744,0.06524187599622108,8.581542957651079e-05,0.8150478157637367,0.06373016280021827
351,0.09930539479596152,0.020819352563515112,1.121077567436062e-05,0.8628704947407307,0.016993547124118165
352,0.03301546305400709,0.02444934164341797,1.35062842721319e-05,0.9320248535240936,0.0104968354942093
353,0.05605253089073651,0.027384614176181214,1.8214540949625404e-05,0.8974637365863072,0.019080903805825427
354,0.06550947358363038,0.038378993718563674,3.313523358293627e-05,0.8751687942476779,0.020909603216545024
355,0.025846787747699496,0.04129697071950923,3.6837492111976935e-05,0.9119517201697395,0.02086768387093972
356,0.03820285046041571,0.0831726517965434,0.00027574809715473654,0.8201458411324237,0.05820290851346244
357,0.03652902547495966,0.017220994486646046,7.809454324747764e-06,0.9268300897881367,0.019412080795932807
358,0.06404467982226221,0.012521733485285904,1.0092642915296736e-05,0.9028302218969947,0.020593272152541788
359,0.08737953573738731,0.014630491032884541,3.822361486565011e-05,0.8645445749441282,0.03340717467073448
360,0.09260994970287502,0.01814566864714219,2.190686378669422e-05,0.8589853707731668,0.030237104013029113
361,0.09846858638257895,0.027716078717665654,1.889719707206301e-05,0.8401937278253433,0.033602709877340056
362,0.17387064803853028,0.04202601968297674,2.5532207450891476e-05,0.7339346461584326,0.05014315391260935
363,0.04456012260111483,0.060583121725622364,1.813817159303922e-05,0.8821060939268142,0.01273252357485573
364,0.10565561085131436,0.04284518055002368,1.5697038588414916e-05,0.8223985613895352,0.029084950170538332
365,0.07965374218907724,0.03449892958988077,3.235152886401942e-05,0.8612349623118214,0.024580014380356605
366,0.01985196113504273,0.01638491550472261,9.992165041916779e-06,0.9588445793829193,0.004908551812273468
367,0.0246086344737838,0.03822948422840803,1.9739796936354604e-05,0.9287254060032701,0.008416735497601604
368,0.031234809289459063,0.01177324055598353,9.744866581068624e-06,0.9437201133625739,0.01326209192540237
369,0.027007375967893845,0.018778438566729283,2.2097408287338426e-05,0.9456811345871516,0.008510953469937911
370,0.019953390706197748,0.012867349997522278,1.1027244423838187e-05,0.958560222987867,0.008608009063989118
371,0.03361100050396204,0.03674571464088276,2.1644968658930236e-05,0.8680275070023465,0.061594132884149805
372,0.10619587155900731,0.09368976753176153,5.350174533846835e-05,0.7530080727040891,0.04705278645980355
373,0.15697156465434933,0.12301036054337101,5.719871477947582e-05,0.6405408325345646,0.07942004355293569
374,0.14877332496598533,0.18156970220290872,0.00011633484102170284,0.5627072706115512,0.10683336737853309
375,0.12222457081072648,0.1282874394372009,0.00012289964911233148,0.6678023090951689,0.08156278100779128
376,0.09260633523666716,0.07517617941647854,0.00019271266057944002,0.777249436825855,0.05477533586041984
377,0.15266116817851674,0.13886026874303556,0.0001834076629304236,0.5845701803327228,0.12372497508279437
378,0.05167407140500915,0.012312325978853497,1.4246069264944819e-05,0.925591343580168,0.01040801296670425
