epoch,N1,N2,N3,R,W
0,0.03266980695553441,0.0025035508426246573,0.0006977543994555755,0.0005513216807472864,0.9635775661216381
1,0.033407917909709484,0.0030511807180255953,0.0013121905817865128,0.0005000809844101357,0.9617286298060683
2,0.02011346108351243,0.009828925377646671,9.779211718250357e-05,0.001118675238754864,0.9688411461829035
3,0.035028296030498195,0.007206008708516019,0.0002094805011272076,0.0012520126403055647,0.956304202119553
4,0.024272513753165432,0.005662202999223718,0.00015973766904506107,0.001218865026899832,0.968686680551666
5,0.05401328485591807,0.004674362590371335,0.0001970214671401179,0.00036215096239532944,0.9407531801241752
6,0.07201332749785737,0.006747263542108322,0.00013312188460499168,0.000511100927722358,0.920595186147707
7,0.011636741348738147,0.004897252791655846,8.16080940067951e-05,0.0007338669918451355,0.982650530773754
8,0.017266977194420812,0.005463650269527376,0.0004969909114152128,0.0007538720098453244,0.9760185096147912
9,0.1333786519938273,0.1865522899930803,0.0019085328019975009,0.015035079790440123,0.6631254454206548
10,0.005079076147421542,0.008383302485169863,0.00015152481365000075,0.00031475324042318974,0.9860713433133355
11,0.006525271241012396,0.003855548156510862,0.00025125407642514965,0.0004138879488786255,0.9889540385771729
12,0.003996732273811427,0.0030379321819021814,0.00010432575916598718,0.00018480397367205917,0.9926762058114483
13,0.030703877975155308,0.01152934326957452,0.00016512522323897485,0.00025323545939118014,0.95734841807264
14,0.046072597662894996,0.015768250175206996,0.00014894589989307533,0.0001870664199259596,0.9378231398420789
15,0.09417442449127224,0.07273927793447901,0.00024795571111808803,0.0002722775420544786,0.8325660643210762
16,0.008412645012603083,0.019977414652991656,0.00020022741699936479,2.246646834553998e-05,0.9713872464490604
17,0.14992944985696077,0.13781150467593586,0.00034494811105762927,0.0004450307718126224,0.7114690665842331
18,0.01571039401316359,0.017049647507830872,9.25765288359021e-05,0.00010051740506978923,0.9670468645450999
19,0.14369658213723152,0.6357934220407726,0.0008189222956486764,0.0018249689875952332,0.21786610453875196
20,0.08791158217864439,0.05465286808647957,0.000858415547506303,0.0009765478054161944,0.8556005863819535
21,0.10882811693989153,0.11575115286846288,0.002495240249740805,0.0003877896593526699,0.7725377002825522
22,0.015589167673792346,0.047351135221312,0.0012056573572041592,4.011450513063926e-05,0.9358139252425609
23,0.45348019438562887,0.4991446067918552,0.0019059433258159658,0.0005092230461445155,0.044960032450555486
24,0.2629080725540743,0.635049147979864,0.004473513115075491,0.0009502690920132383,0.09661899725897294
25,0.04149671971055127,0.9329116851400389,0.0015376912849690073,0.0025230284253178453,0.021530875439122816
26,0.3148705994232748,0.545448248363389,0.008626395010909184,0.020977445905415663,0.11007731129701138
27,0.0591894651623307,0.9070739006610731,0.0035272000972947594,0.005767999531210654,0.024441434548090668
28,0.10860870691741764,0.8292338531934074,0.022735943717321704,0.00932145507053183,0.03010004110132138
29,0.29645927994797905,0.4929283416455507,0.008874497491197803,0.05643134614146846,0.14530653477380392
30,0.03387607680684132,0.8642165216422908,0.03439572561700929,0.030939582621819253,0.03657209331203927
31,0.019001347458257444,0.016539341790067337,0.0016015839281585012,0.051846125564564284,0.9110116012589525
32,0.0251433077438033,0.040904681772635454,0.0014235493729918018,0.0056768823050193816,0.9268515788055501
33,0.08809749781543366,0.044978382174504616,0.0007502010838068681,0.006478500340721749,0.8596954185855332
34,0.3203732951998376,0.14977135254272322,0.0007398609998528412,0.004148444252940778,0.5249670470046456
35,0.2697526767245516,0.18073558323104594,0.00085886595313425,0.005144764664350437,0.5435081094269177
36,0.17410749474321263,0.3495117411520407,0.0013715198952113947,0.006882393210439271,0.4681268509990962
37,0.24717548293534874,0.34693187120020036,0.0010311260019359007,0.0035492933284340805,0.40131222653408083
38,0.1577173731042997,0.8242454989504016,0.003435651739052767,0.0004853415170353754,0.014116134689210535
39,0.28799148292833776,0.26185821751495486,0.004274521888036121,0.0013545653735272157,0.4445212122951442
40,0.28353341803639925,0.4961605596456541,0.0015861788772973703,0.010498381412841215,0.208221462027808
41,0.21044586424898554,0.7244440055820809,0.00570832004816588,0.006033670133141883,0.05336813998762572
42,0.26033098307113894,0.5692876804473062,0.008333883485461914,0.02876033216715428,0.13328712082893873
43,0.05357662697742927,0.8795119312747433,0.04623960898564341,0.004247840869965955,0.016423991892218156
44,0.28554898083874247,0.551326860219581,0.018629906646790262,0.03604178719788147,0.10845246509700478
45,0.12023980636044616,0.7650298402099927,0.031178655717973593,0.03583098813911466,0.047720709572473013
46,0.10288904912528493,0.7993596367924124,0.024025629923934484,0.05508678378297729,0.018638900375390732
47,0.11111807774117112,0.24916369825220794,0.017463228481865177,0.018251019873187956,0.6040039756515677
48,0.17483702241525748,0.2758698438366438,0.005729749642955121,0.006780914327911778,0.5367824697772318
49,0.07057527889586074,0.908753515390616,0.002670701820605631,0.010554983427490493,0.007445520465427065
50,0.06898412729008935,0.9066026165708289,0.0060764787420904956,0.005641282458738993,0.012695494938252347
51,0.03712227788113766,0.8874624133871729,0.00465412666455172,0.028743706964431733,0.04201747510270591
52,0.0800182985126489,0.3922664724296285,0.01054783412832965,0.03308136021083815,0.48408603471855477
53,0.08008279795294379,0.15256023758846496,0.007551334250959343,0.003135616045059653,0.7566700141625722
54,0.1207239228151728,0.17296440456791512,0.004590558890548973,0.0009402411497308942,0.7007808725766321
55,0.13429284594743288,0.37439057222139055,0.0019910146003909246,0.003293151828337379,0.4860324154024483
56,0.3176999883818345,0.3609392663367511,0.001075705032642693,0.006910875708023017,0.3133741645407487
57,0.4398426491930595,0.27074396093843306,0.0018501520517597051,0.013125818675124565,0.2744374191416232
58,0.17836899243969698,0.7829544127107867,0.00045227201230069137,0.0010216996832729528,0.037202623153942675
59,0.3610615437091846,0.3303236566621598,0.001488241027311846,0.017103700678857157,0.2900228579224867
60,0.1777956774310794,0.719389103925734,0.0036807666532518058,0.0032190255001693434,0.09591542648976548
61,0.10722073072964323,0.8530140843596019,0.014113814101909197,0.0036681450049467035,0.021983225803899088
62,0.39148504803152273,0.4639037371954549,0.010184228431782403,0.01900012956422623,0.11542685677701392
63,0.05546089602861605,0.9062650681659388,0.01151893929681279,0.007299155032217305,0.019455941476415127
64,0.21144276927492237,0.4028455601239247,0.011170490885042215,0.014107870330328414,0.36043330938578233
65,0.029229132391060456,0.9454308380739282,0.009160410878163725,0.0018240694913496086,0.014355549165497847
66,0.2001211546681244,0.7300291372916327,0.029418299092449335,0.009619196577267917,0.030812212370525605
67,0.18771797483993272,0.7390008597144481,0.023321943728462455,0.012454239053167187,0.03750498266398964
68,0.04931278959528018,0.8650434656011112,0.07091458621688249,0.002876681129911219,0.01185247745681495
69,0.11749760373690134,0.6848522235699745,0.13585419129367826,0.008448561277763302,0.05334742012168276
70,0.07019254159502838,0.8835809420963977,0.0270132400053474,0.005266735278495357,0.013946541024731137
71,0.1607771304994599,0.7087384324981674,0.025967158777945802,0.04948320295361058,0.05503407527081621
72,0.32601780718877327,0.42921040833563445,0.0065903489796683085,0.16830301731833722,0.06987841817758676
73,0.07822399547404792,0.8602287189742215,0.0037626516905645948,0.03504147907958464,0.02274315478158143
74,0.007762167288171055,0.00659364183043911,0.00018927911852851785,0.0009833763973083043,0.984471535365553
75,0.01405542748941558,0.022220398503732922,0.0003552688321143766,0.0004908869715638495,0.9628780182031733
76,0.03584705428651547,0.013103661439902983,0.00014560564917416057,0.000234480063667875,0.9506691985607395
77,0.07858516052607599,0.02850679066063804,0.0004426764725901528,0.00017290985857432205,0.8922924624821216
78,0.04589630745413155,0.01781410836626385,0.0001858635226636543,0.00032623360088335066,0.9357774870560576
79,0.12379345893464351,0.03693466060065136,0.00023356807217397082,0.00114036442019182,0.8378979479723393
80,0.136723082854952,0.037095730594773356,0.0004628498143134962,0.0013751408941013417,0.8243431958418598
81,0.2659244787182545,0.20110424031642612,0.000590010573419214,0.001637971734849371,0.5307432986570509
82,0.22064123795896148,0.7393482341090564,0.0003232855430459577,0.0017489965934606977,0.037938245795475264
83,0.33360268162108125,0.5488229173808052,0.0011769719494077026,0.009453794695942108,0.10694363435276368
84,0.27188978426304655,0.5341479586093695,0.0021580419131743606,0.02939408574278703,0.16241012947162256
85,0.24933571777720104,0.2783862479500393,0.0022698503230381075,0.06745630552780404,0.4025518784219174
86,0.05785453736757431,0.8934308698270816,0.0013309069230920223,0.02909787158127911,0.018285814300973015
87,0.0822792080901277,0.8772677712080487,0.00615511068260338,0.027425886754667415,0.006872023264552872
88,0.18597988766736012,0.703826294535185,0.004015895568616954,0.07674624182055895,0.029431680408279065
89,0.13400747223081227,0.699377963051605,0.02234133572196368,0.09980113977564618,0.044472089219972775
90,0.025996727012572222,0.9242257514571184,0.02468658240055536,0.013420508293117651,0.011670430836636068
91,0.1536503770294474,0.7587909073151743,0.012010058992118438,0.049432493451539675,0.026116163211720247
92,0.29093803214610847,0.3813717472181273,0.0878511020892305,0.08243118737151067,0.157407931175023
93,0.02043015482445134,0.03868538149873202,0.00034638228429778936,0.003097604573279532,0.9374404768192394
94,0.0025238722118479523,0.0065317856006820545,8.264854279112572e-05,0.00016688223756921517,0.9906948114071098
95,0.04903117493150339,0.021358203353719515,0.00015924761945580385,0.0007797472492789547,0.9286716268460423
96,0.1028885353623448,0.010772334295747026,7.454782642859681e-05,0.0004213453053147432,0.8858432372101649
97,0.12491831214900051,0.01201746712870199,0.0002149779290764625,0.0006299949886339731,0.862219247804587
98,0.07861029261925224,0.017749438850567036,0.00020155011862853605,0.0010155138562739086,0.9024232045552784
99,0.09122972994378595,0.07701826978522984,0.0024680660380116013,0.008222434905265143,0.8210614993277076
100,0.013441204279929259,0.0026621190086217384,0.00013555317338112582,0.00027098544372402536,0.9834901380943437
101,0.014740667772043872,0.01567277954932552,0.00017138466779845476,0.0007204345204053632,0.9686947334904268
102,0.004305084632440046,0.00573503862373273,7.694500968222292e-05,0.00045600425383316015,0.9894269274803119
103,0.057198297469646,0.01394423897602069,0.0002162107488045049,0.0004257347601364914,0.9282155180453924
104,0.3822275565969085,0.23670374122880483,0.0009400194956224096,0.03130058402189798,0.34882809865676623
105,0.03772391615574297,0.044138538625591785,0.00034825218279977284,0.0022035023694025034,0.9155857906664631
106,0.16439127522524255,0.09378205107619816,0.0002412850778942082,0.03886848351538693,0.7027169051052782
107,0.08100627940628506,0.1107334619459395,0.00028593141417037216,0.08358204008169,0.7243922871519151
108,0.2565124193122502,0.22943192353296962,0.0004200824021598409,0.18280739361314227,0.33082818113947804
109,0.1332500670878255,0.1735381574424375,0.0003648987400090763,0.05744333674887524,0.6354035399808527
110,0.044691330166589695,0.12044015281094361,0.0008129151038061801,0.013248130492734095,0.8208074714259265
111,0.14176419963965614,0.5983862252743275,0.0003491539827834176,0.023792873776376088,0.2357075473268568
112,0.10101295656794267,0.5448124135258003,0.0007093883951504815,0.010216795973510266,0.3432484455375963
113,0.03727171519740882,0.0596067120405146,0.0013600027836510062,0.002819848202699458,0.8989417217757261
114,0.10692439922734182,0.6641241311232873,0.0012823079745380634,0.016199070668286557,0.21147009100654646
115,0.02551565590151978,0.026381105801252195,0.0011862954324351862,0.0023000638554435742,0.9446168790093492
116,0.06337821829480296,0.09661120897282363,0.00044910004637819086,0.004211615724683986,0.8353498569613113
117,0.02015534006581547,0.02803115214562708,0.00035907893841867386,0.0010072324441676853,0.950447196405971
118,0.08774814573207283,0.04603983551788231,0.002086140644985112,0.001862929378262267,0.8622629487267975
119,0.15825473136337925,0.27830787145899005,0.003342652323734286,0.019421404151946136,0.5406733407019502
120,0.03294870520810399,0.02199883022328292,0.0016687261633110246,0.0011014403740277946,0.9422822980312742
121,0.16263569888264975,0.11239465660908401,0.0013361866681772772,0.006848511308528285,0.7167849465315607
122,0.04689326816078777,0.02598651285638372,0.0008709958762670332,0.002484074473103612,0.9237651486334578
123,0.16647722975201357,0.21847509603345067,0.0005028972638606827,0.003423665539539506,0.6111211114111356
124,0.1440804667291138,0.27058889016668597,0.002361549617786601,0.04831714744060001,0.5346519460458136
125,0.05156282134611852,0.0951526441788887,0.0010966033196250788,0.0061430907714781985,0.8460448403838895
126,0.0039499765831316,0.007125286930117743,0.00015446587594048267,0.0005379157614394223,0.9882323548493709
127,0.034860852987679665,0.013207402162011736,0.00011624067218379434,0.0023146674681648505,0.94950083670996
128,0.10475354408230074,0.0044636778128312035,6.895591372479646e-05,0.0010148568492026916,0.8896989653419405
129,0.2683564994511077,0.01746796528234791,0.00034852916945001965,0.0023247005083725254,0.7115023055887219
130,0.3470593324602994,0.051058736605046375,0.0002645649777162999,0.01801690084598207,0.5836004651109559
131,0.33056432371374844,0.1259466713776767,0.0004713151415568412,0.08112624811702283,0.4618914416499952
132,0.1520380374584871,0.1296273213210721,0.0016165554069420994,0.023643847096135758,0.6930742387173628
133,0.11580814807165506,0.18860089210214892,0.00039486640539848394,0.010563116335493276,0.6846329770853042
134,0.3964085115026625,0.18475986686458978,0.0003811069581070809,0.025214892860103862,0.39323562181453675
135,0.13362383999190136,0.7463221213188531,0.0002759237266414921,0.01657555940891606,0.10320255555368796
136,0.21325749209191577,0.3747135200660579,0.0018739364252597502,0.07206046504119658,0.33809458637556994
137,0.012406062691984535,0.03259368171354627,0.0006781252534862405,0.0013666391344893999,0.9529554912064936
138,0.03897527760877625,0.05308601065387767,0.0006062688992217459,0.002584231253429495,0.9047482115846948
139,0.02892272971097836,0.016608357703064736,0.0007926606596178268,0.00012698217750190094,0.9535492697488372
140,0.31558082091820977,0.07995734974106344,0.0002241652647999666,0.0007745968425108404,0.603463067233416
141,0.14822833267583715,0.7734172646038573,0.0009970970266626445,0.00833105078694595,0.06902625490669707
142,0.030656603959502662,0.02990457077787811,0.0004019652837684179,0.0008081574051961416,0.9382287025736548
143,0.02170961538796561,0.03794934040799473,0.0006901651416399644,0.001971078007541425,0.9376798010548583
144,0.021901647166438488,0.3125633129975082,0.0013799257006272382,0.0018524082338539905,0.662302705901572
145,0.026512158792218306,0.026716141047838295,0.0009704168356936761,0.0011209485398177045,0.9446803347844321
146,0.01871571162018066,0.020091980900826388,0.002997114502722405,0.0007211076002148884,0.9574740853760557
147,0.06283394171920632,0.12133537672495624,0.0011309868424858093,0.0015108081234656153,0.8131888865898861
148,0.38505714091720045,0.18488204194088356,0.0018811857102236603,0.001761357093868361,0.42641827433782403
149,0.07310083785363553,0.12341512390426176,0.0015016427778811374,0.000509334160583474,0.8014730613036382
150,0.17133733727709835,0.3129317302330449,0.0020543828789674787,0.0023622815013597956,0.5113142681095295
151,0.14102863421349132,0.31483515879970014,0.0011489898457451887,0.0014521098744436454,0.5415351072666196
152,0.05517232157352521,0.11554135994577246,0.0013863047641221977,0.0005387980889280173,0.8273612156276521
153,0.12757387795397188,0.8569530402297847,0.0017594208005248246,0.003441518404749835,0.010272142610968718
154,0.13680757342671837,0.15092267187263853,0.0007489789350934065,0.015141025782884208,0.6963797499826655
155,0.10827724681286945,0.22665511078447628,0.0015054776120404238,0.021958410239271458,0.6416037545513423
156,0.10957842337686953,0.2542108537906188,0.001004370439245543,0.025631224528408374,0.6095751278648578
157,0.06696186303772433,0.9035124862780063,0.00026370116757686696,0.012315156592406812,0.016946792924285685
158,0.032503593551576365,0.20503563805442696,0.0005516725215058457,0.003305370938736171,0.7586037249337547
159,0.027236133117285743,0.045176798707147345,0.0020723699287881455,0.002449124631038729,0.92306557361574
160,0.046594997415955366,0.03177732765941553,0.001515047300716059,0.001517153508807506,0.9185954741151056
161,0.22808616271805005,0.12315764905247682,0.0010747948236267339,0.005525710192329153,0.6421556832135172
162,0.14793934694155791,0.07266555143207279,0.0024113013577505716,0.0017984702996279214,0.7751853299689908
163,0.30961196057170826,0.22887496550211126,0.0018891332085023463,0.007275091699815131,0.45234884901786304
164,0.14915855007656936,0.7293522774954853,0.0012328121905820907,0.061446531911013964,0.058809828326349414
165,0.04374346117454137,0.10549736630511197,0.003205181753909584,0.00550518761318468,0.8420488031532524
166,0.07870431561355647,0.12480780517022626,0.0019883589370566414,0.034659886023495866,0.7598396342556648
167,0.10832606411842421,0.24401558562542316,0.0029440356406399823,0.0068725291054963465,0.6378417855100162
168,0.302989019050508,0.19885346655900205,0.002636717818850026,0.0025705385768074263,0.4929502579948324
169,0.22187821729319673,0.5477951707852302,0.0021273785573260487,0.004496075386380965,0.22370315797786597
170,0.6969849931387382,0.18841067270276493,0.001496603246859775,0.005638442472656424,0.10746928843898065
171,0.16952584628005626,0.7878079998805384,0.0023290808249722067,0.008177865825049712,0.032159207189383456
172,0.10880815759489676,0.7695952918352373,0.003754715102460228,0.10162782068326082,0.01621401478414491
173,0.06953144945971122,0.8292955003870246,0.00553842558108537,0.06124892349309116,0.03438570107908767
174,0.06895702978260447,0.5293268243213869,0.012155511567470939,0.06148755870121371,0.32807307562732396
175,0.059026235829168314,0.15778722378116047,0.004594062056425878,0.007323715306960072,0.7712687630262853
176,0.12711693232039967,0.7861033888897352,0.0015423233497125649,0.003722976573585487,0.0815143788665672
177,0.0798485842859096,0.8956572588766313,0.0021557533111738972,0.0025023990516014516,0.019836004474683817
178,0.01227976915907538,0.02621382890882817,0.0005095150176718515,0.00040986549793085674,0.9605870214164938
179,0.03234132121000569,0.01649487900294675,0.0003051591727365028,0.0004921680942166386,0.9503664725200944
180,0.5699562145743143,0.11475812913262234,0.00022203388730943598,0.005597795793463063,0.3094658266122909
181,0.824173989473793,0.10867458696640765,0.0004649354748157453,0.0020800656397839587,0.0646064224451997
182,0.17361288711008746,0.7688836748684333,0.0010330360338036977,0.03153287774822746,0.024937524239448033
183,0.0532175192547275,0.9154196368375592,0.009942141567683466,0.012041910323161419,0.009378792016868528
184,0.031778833007203355,0.08547559655605994,0.001604446638833685,0.008068420207161465,0.8730727035907414
185,0.06178546963813879,0.227573663684566,0.0015132814646509117,0.006262287883869753,0.7028652973287746
186,0.20140359652766757,0.22555782009785227,0.0020551185222043716,0.002885194879064475,0.5680982699732114
187,0.3280141179952165,0.5264669389456793,0.0002528994276029251,0.0011490143920880453,0.1441170292394132
188,0.12250302041152704,0.2054316065634382,0.0005421250063053648,0.0011979420045766971,0.6703253060141527
189,0.14759572446242242,0.25285371912590016,0.0011298995829847095,0.001149751333507058,0.5972709054951856
190,0.08223396063316378,0.8951805681263978,0.00157777181985517,0.004689726886621793,0.016317972533961406
191,0.09071654365593787,0.20041002501806002,0.0005363817823161922,0.0038981650237732324,0.7044388845199127
192,0.1569047037209607,0.6147625441588596,0.0015293654788812662,0.03022990490509895,0.1965734817361994
193,0.13316980598910674,0.5302980292220429,0.000878327605321126,0.038727218596087146,0.296926618587442
194,0.028481456604703654,0.10427218080788998,0.00039382386303779906,0.0018347485430599956,0.8650177901813086
195,0.04618910157264719,0.11833787768383813,0.0011937257375076388,0.002548446618304203,0.831730848387703
196,0.36319244114686483,0.2219938615179524,0.0014417380268421285,0.005587503080218126,0.4077844562281226
197,0.27441636495238664,0.34221178647110906,0.0008820182485578031,0.01926371612874968,0.3632261141991969
198,0.13086688589620143,0.19563898726123746,0.0013540398643353481,0.006828769211710817,0.6653113177665149
199,0.1469253401984766,0.4599690296966843,0.0023643045806972197,0.05756328565573555,0.3331780398684063
200,0.159899808705788,0.4773288340466627,0.002127896672157111,0.03310906494529564,0.32753439563009645
201,0.005463501944717732,0.01649514883838543,0.00027872114065279275,0.0012594593810188511,0.9765031686952252
202,0.01044073181478744,0.01839427735149132,0.0005199024205552097,0.0011897190762414562,0.9694553693369246
203,0.010328603349814294,0.00824520751155688,0.00019035317523499027,0.001697680992705127,0.9795381549706887
204,0.05952724146066343,0.009302775993978907,0.0026131794494740194,0.001987091350503343,0.9265697117453803
205,0.030831320356798617,0.009933816389413696,0.0005099839916971175,0.0019820793791899575,0.9567427998829007
206,0.04816234500550866,0.016405371531956047,0.0006071775378003179,0.0019817931621498226,0.9328433127625851
207,0.06354478978643095,0.01638687719848501,0.0008668722700143479,0.0031405482026498795,0.9160609125424198
208,0.09782232290164401,0.05450733382424707,0.0006842603422856085,0.005676034217685539,0.8413100487141378
209,0.043663996990612,0.018086230818601466,0.0005906032898379564,0.004227216902537346,0.9334319519984113
210,0.1944966546711822,0.024943897952181954,0.0008000073057508884,0.005976065772402745,0.7737833742984822
211,0.10069943837703674,0.046595778897055615,0.0006058292602226386,0.0034969869845489295,0.8486019664811362
212,0.19962974398135425,0.6746824992429274,0.0010279695231757739,0.005316903529634713,0.11934288372290776
213,0.05288277079847723,0.0507654289649096,0.0004716390037881983,0.014375223631356805,0.8815049376014682
214,0.13685662559867262,0.1431834669717433,0.0007747129751842763,0.1821721736758171,0.5370130207785827
215,0.033362771489429094,0.6644689524681301,0.0005843268272277751,0.25160302872384865,0.049980920491364544
216,0.13091695843523693,0.20986261713779503,0.0010508824671115774,0.3940746218655442,0.26409492009431235
217,0.0384580312069222,0.21975621299839868,0.0005203548184631464,0.4072300158205401,0.334035385155676
218,0.04736719224717591,0.08332683317278372,0.0006135391570793736,0.07493680601425022,0.7937556294087108
219,0.15001378546601754,0.4042172327583716,0.0008995712265744335,0.20105566630407798,0.2438137442449585
220,0.09764725909418512,0.2824337307077694,0.0006454379339838981,0.11462157485871925,0.5046519974053423
221,0.0045740612621904524,0.013372209690823127,0.00013430713557333423,0.0008479880339378144,0.9810714338774752
222,0.0214871454888608,0.010860536341018547,0.000509827293627846,0.005800109631658329,0.9613423812448344
223,0.03185593829154492,0.006460316425296707,0.00040702901804634973,0.0035567452437330633,0.9577199710213791
224,0.026788812421113167,0.02212986091275183,0.0008447981824400686,0.0038469606723912112,0.9463895678113036
225,0.02067802069877628,0.026824586549451614,0.0007266756871258077,0.0035252455723007703,0.9482454714923456
226,0.012867675852284158,0.008284025783193668,0.00525319467625921,0.004078673780540763,0.9695164299077222
227,0.0196711111162363,0.0065094162453101035,0.0036616648427366307,0.0067529556015777795,0.9634048521941392
228,0.0008123947516041388,0.0007573230410745617,0.00026128010905096066,0.0004592475633920442,0.9977097545348784
229,0.0038157702652807123,0.0018598700011327489,3.9435329222596556e-05,0.001945289283291231,0.9923396351210728
230,0.005762186281003772,0.0008554144096818236,1.7856942595483803e-05,0.0026136290588800286,0.9907509133078388
231,0.009652823377553877,0.001729348398461395,4.6529817301088604e-05,0.0033382546170576187,0.9852330437896261
232,0.02417248980958784,0.003828450971278984,0.00013241488789709149,0.004822362636697185,0.9670442816945389
233,0.010010717570982519,0.007263121545440498,0.00019566995762323252,0.0542251840589488,0.9283053068670049
234,0.011073394192989168,0.006259094854739223,0.0004732521507632501,0.05667206778386429,0.9255221910176441
235,0.0428523668321813,0.01816329755494959,0.0007615282713679608,0.33983707353083353,0.5983857338106676
236,0.03776376341459862,0.007374753757856035,0.0004333706397595381,0.7412988812364776,0.21312923095130815
237,0.02646919588002386,0.009023824815519886,0.0004172876613184942,0.37365138321265007,0.5904383084304877
238,0.0335839646610563,0.010298405228918247,0.00019957225144849738,0.5948601553648236,0.36105790249375336
239,0.009729594882380338,0.006702217220074859,0.00010057378248132596,0.8666493972866381,0.1168182168284254
240,0.007479509248586557,0.0042141395782694276,6.104862703704963e-05,0.9414767127182591,0.04676858982784796
241,0.01020833649912694,0.012689491479426326,0.00022044162793525068,0.6037053193583528,0.37317641103515864
242,0.025039632124583922,0.09532592612136949,0.000317881588440519,0.7477412028479707,0.13157535731763537
243,0.02976105967617333,0.03443230598939489,0.00036840485219643773,0.19843031514297008,0.7370079143392653
244,0.06882931550423148,0.03943462063913996,0.00044843297754730305,0.3421212631015463,0.549166367777535
245,0.13231405797196208,0.09047954143595295,0.0006034134877418204,0.2193370754832839,0.5572659116210593
246,0.34759157242588995,0.12530402636697702,0.000336291251342929,0.033626953807977616,0.49314115614781256
247,0.21167397524435513,0.25480921233441134,0.0007088263800068831,0.009962669422023424,0.5228453166192032
248,0.27353389725578653,0.39757210149509314,0.0012230092711639205,0.0029488730537091715,0.32472211892424724
249,0.037376724602475646,0.9465085865120502,0.00039005350659765165,0.002846806416172331,0.012877828962703909
250,0.06254172753667853,0.14517235734363398,0.0009529452313373385,0.0012826556270259908,0.7900503142613241
251,0.03834824645015636,0.25161228641018896,0.0005252285706741837,0.0005606478488781683,0.7089535907201023
252,0.06167590392212588,0.36488520143202186,0.001070912528947604,0.0016755042197548543,0.5706924778971498
253,0.031197918851058003,0.9051242711547328,0.0003168946406788759,0.0009373642674777735,0.06242355108605271
254,0.015025343138878246,0.9691339783699603,0.0006618821534015016,0.0030748726983586966,0.012103923639401217
255,0.013429844120281937,0.010862365768886138,0.00018090943854012247,0.0006399155717161188,0.9748869651005756
256,0.06978059443673028,0.6656800515751028,0.0015232520086035197,0.014978248329054563,0.248037853650509
257,0.027888147342929364,0.038543179248788056,0.0014817933850200674,0.0025321087515983447,0.9295547712716643
258,0.1515836006104737,0.10385721115731757,0.00228096115081814,0.0024882173565946956,0.7397900097247959
259,0.1148362926407928,0.851020536447297,0.0028074554040997323,0.009732838950107743,0.02160287655770266
260,0.012961286798448669,0.014060348298597345,0.00033549483773440207,0.0003374106577523404,0.9723054594074672
261,0.15701745633366673,0.041245077316556945,0.0010674880823168802,0.00458028241638128,0.796089695851078
262,0.10619383830451817,0.024508694534301403,0.00017028591430113196,0.0037608446218856395,0.8653663366249937
263,0.5191939045042654,0.03242393991152101,0.00015772857520092098,0.002590381087020598,0.4456340459219921
264,0.3890725728989441,0.07184649109614079,0.00030524665486915696,0.05462640903667901,0.48414928031336696
265,0.4208872405569171,0.24396846186523913,0.0009596213672303628,0.11850961172299844,0.21567506448761503
266,0.1292282677937076,0.15193146164013976,0.0006294898099709932,0.009307824652990048,0.7089029561031917
267,0.32525544301541887,0.2632841412768813,0.000640270069486311,0.0035395022352051526,0.4072806434030085
268,0.19060595460738275,0.7512207010630799,0.0006390845602789884,0.005329774721872132,0.05220448504738627
269,0.11014293699278867,0.8424282641251305,0.0013207179428380096,0.006436719738561138,0.03967136120068157
270,0.06632942104149368,0.8634687047346224,0.0027158945421320276,0.02469535080200552,0.04279062887974633
271,0.06300528394884854,0.8144416596848948,0.0021601580327836826,0.10241776863644803,0.01797512969702494
272,0.054258441528689416,0.8138741479016853,0.0022258440410211897,0.11333468072288398,0.01630688580572013
273,0.07472505942052711,0.7493336896441339,0.006187979997097914,0.15476503176086187,0.014988239177379088
274,0.03743801781429719,0.9131059263168887,0.014913042853715051,0.027888112003173773,0.006654901011925482
275,0.09068420016975591,0.744783667331122,0.011156551282315443,0.12013555054128743,0.033240030675519436
276,0.024379688366385457,0.9390544636431412,0.005992562959133688,0.02461973163243993,0.005953553398899718
277,0.1339575510957566,0.69822611780791,0.025866952188577767,0.1160907980066063,0.02585858090114944
278,0.06482028578172354,0.7821771062604663,0.017945201528218234,0.09290709194506773,0.04215031448452431
279,0.024861100638440405,0.9307576236053523,0.005137395947428189,0.03445944183610301,0.004784437972675977
280,0.07559219736964531,0.7721351042093384,0.04451452606009199,0.09616051371044673,0.011597658650477722
281,0.16808957417494022,0.43824349389920714,0.014434337154710727,0.33800901050049825,0.04122358427064349
282,0.019246791842786857,0.93233415736602,0.00963618377074784,0.03458281507731075,0.004200051943134531
283,0.010084750086305808,0.036465786936378676,0.001170346360240191,0.007460400547862236,0.9448187160692132
284,0.013504548645130579,0.058930071745202026,0.0009783929318372617,0.0052079708903814735,0.9213790157874486
285,0.17169042022862663,0.04184104910357875,0.002259944218497867,0.008984629052917439,0.7752239573963793
286,0.3057330976343066,0.06120071126315701,0.0009198284238146211,0.0030634415670950862,0.6290829211116267
287,0.5102839450905816,0.0920298607470865,0.0008607278337064945,0.010490326824511608,0.3863351395041138
288,0.4363748555546943,0.2522284272855975,0.0018479039371476777,0.022814252639852768,0.2867345605827077
289,0.3027179453221616,0.5408985220278959,0.00047040908606563794,0.06787961611715355,0.08803350744672318
290,0.14974350766700795,0.5737690615935364,0.0006956265439868289,0.1642542410872021,0.11153756310826674
291,0.16609126235874472,0.37820754538164314,0.0010602892929268946,0.13887334526296463,0.3157675577037205
292,0.04581590135066532,0.8896241847100473,0.00013313205231963804,0.05083739902699389,0.013589382859973664
293,0.06603580115689102,0.43419703223523054,0.0027730755895369707,0.01662661460984917,0.4803674764084922
294,0.10438137547041641,0.5415029913583805,0.0019866709656611767,0.007549925051904327,0.3445790371536374
295,0.041146862635695,0.9388538557797286,0.00025993734670676016,0.014330147859332284,0.005409196378537252
296,0.0092896622467565,0.04425892812181673,0.0017060058118524926,0.0008617564729033127,0.943883647346671
297,0.23741851526403357,0.20109873982400547,0.0010565689557693553,0.033885013219768716,0.5265411627364228
298,0.191392708722067,0.1319359982725424,0.0008574742106247942,0.07065379860784542,0.6051600201869204
299,0.2559922419243448,0.41918849830731875,0.0012193844474758036,0.06046947667923296,0.2631303986416277
300,0.005548497610627867,0.011168856914113566,0.0005399248231973056,0.0008329789245747111,0.9819097417274865
301,0.028116956075439434,0.013934152374912967,0.0007200011385577155,0.004106183123889744,0.9531227072872
302,0.01728276778135909,0.007143750742953922,0.0012420273563571581,0.0012665108144008653,0.9730649433049291
303,0.3987354836583481,0.030338986890975427,0.0004477573242832933,0.005464160479371508,0.5650136116470217
304,0.23905038373973042,0.06689913582879084,0.0010148006439170334,0.15220023199690713,0.5408354477906546
305,0.1787459037238988,0.048349777231109926,0.0008340268392040387,0.3482409355198315,0.4238293566859558
306,0.08076482935849084,0.2528165011667973,0.0005704225345963833,0.6339130223956397,0.03193522454447573
307,0.045891892481213836,0.555544497838485,0.0003692058604363771,0.368664127657682,0.029530276162182827
308,0.06055709997034625,0.1350927436573917,0.008742763985301227,0.11792825615875316,0.6776791362282075
309,0.11551258009489308,0.14717019116055616,0.0028488474781728215,0.11516501653847129,0.6193033647279066
310,0.4061705606473385,0.3282696295124558,0.0010381933431232065,0.09143308927347084,0.1730885272236116
311,0.6664265581278902,0.20407220174404744,0.004359441972575213,0.04648899320647314,0.07865280494901415
312,0.24795642330258136,0.5937826282360552,0.002031781915001786,0.06323636348246107,0.09299280306390069
313,0.019518232279322017,0.9358645625898676,0.0004297376350361406,0.0328316944412865,0.011355773054487631
314,0.13220905104114544,0.6187357087560021,0.0019899105275569796,0.11719550497205054,0.12986982470324493
315,0.008406292896417962,0.9716261205110555,0.000273284445833132,0.012962580073982613,0.006731722072710695
316,0.09459794548248436,0.6894209481377058,0.0019592998720428688,0.07438452676451077,0.1396372797432562
317,0.09544855204526297,0.32322605669286786,0.0028460194022934472,0.015308327360927795,0.5631710444986479
318,0.05954391950609972,0.10289250824652799,0.0005220601034663817,0.007959641665757859,0.8290818704781482
319,0.2772371945861895,0.1904974574469043,0.00046971805360683137,0.007368240749638412,0.5244273891636609
320,0.1476589083912931,0.5440422871171358,0.0006769409576453751,0.02749742980283233,0.2801244337310934
321,0.1371438393927952,0.47644600581370505,0.003326716327366912,0.02533263429622656,0.3577508041699063
322,0.009502231126797813,0.00898507784895335,0.0015019303911473717,0.003693705644251068,0.9763170549888504
323,0.011403977667264755,0.008234508156683383,0.0011082776293085382,0.007842759447578333,0.9714104770991651
324,0.0010756144218917847,0.000559101641977873,3.529001877883768e-05,0.0001938635095532087,0.9981361304077984
325,0.07345036217070663,0.003562968371413504,0.00012509461764259334,0.0008708678602612037,0.9219907069799761
326,0.24463129561881541,0.010500687391539972,0.001343445657784992,0.011722171853950083,0.7318023994779096
327,0.11669379676304587,0.009516016504014502,0.001973591684193125,0.027003428051382474,0.8448131669973641
328,0.04335762236194428,0.013880771203291715,0.005315310870892123,0.20632916103988028,0.7311171345239916
329,0.02441564556710904,0.028984759590462105,0.0006627158569075852,0.914384364605869,0.0315525143796521
330,0.010976840546564524,0.020003633453814885,0.00041426069530355535,0.9594907895120307,0.009114475792286301
331,0.011287099718518505,0.012431225631220894,0.00014422532691184741,0.9597993811142487,0.0163380682091001
332,0.03197617863974346,0.02399870599198882,0.007452814332869671,0.33288639114175705,0.603685909893641
333,0.11699377491441594,0.026720848961890815,0.0012880688931546887,0.7526285284831584,0.10236877874738014
334,0.4169557844260416,0.04478348738138238,0.0004899950110193042,0.31452712284381423,0.22324361033774254
335,0.7998084517072362,0.013651795203859621,5.4382189645441246e-05,0.038958938024700525,0.14752643287455813
336,0.5743690315956792,0.04676122597940354,0.0010848444827929273,0.2411628120838528,0.13662208585827162
337,0.5351096784919416,0.17240510917884816,0.011458883931662937,0.1442781417851187,0.1367481866124286
338,0.4375644659526296,0.25569516469034637,0.0003294832873518528,0.1032564695625114,0.20315441650716093
339,0.1868313361259569,0.6613747990960104,0.00048430016062388166,0.12726195831169684,0.02404760630571207
340,0.1897698412746922,0.4610398384110326,0.0008737660672470362,0.1685163693214059,0.17980018492562247
341,0.2518919005537112,0.5059103209729624,0.0012237850823008278,0.11606810902485722,0.12490588436616844
342,0.37226070404745526,0.25558676743768094,0.0006329602927892017,0.10045558177291454,0.27106398644916013
343,0.26664437359901894,0.6126066295630068,0.0004908216350712673,0.05504534968119247,0.06521282552171047
344,0.1384066899976898,0.6891002771452912,0.01100281560233599,0.010437717009394576,0.15105250024528832
345,0.03591517290902585,0.05962627656610906,0.003891729339732668,0.002118476231258453,0.8984483449538739
346,0.05536240625856237,0.055996583459696644,0.003988496103698034,0.0032332180596998292,0.8814192961183431
347,0.4960442548935475,0.17558723500044518,0.001410547806850834,0.010422437592794218,0.31653552470636237
348,0.37119338965527093,0.2322696427195951,0.0015273384631696383,0.013489839523640246,0.381519789638324
349,0.3366839765144106,0.4471092015661971,0.00043856233639811106,0.1462422461687938,0.06952601341420044
350,0.07919036441387192,0.5472629807602366,0.0004108587147118089,0.2013007273241879,0.1718350687869917
351,0.10550781649204231,0.13015386823762395,0.0008652876773650051,0.15901719630104372,0.6044558312919249
352,0.10148109401798516,0.06328216411902847,0.0016349544193277469,0.2541995529309016,0.5794022345127571
353,0.45474256733644386,0.09278503456921346,0.0009319743844376279,0.11367924705578085,0.3378611766541242
354,0.7127751041009563,0.09313265255900284,0.0004287467800017519,0.08473097961497307,0.10893251694506595
355,0.36632899387277656,0.15788709463411904,0.0005060383484867598,0.1445528116863464,0.3307250614582712
356,0.0858581802514913,0.4265754658941442,0.0006853116352103145,0.38938969273017765,0.0974913494889766
357,0.043923120160069794,0.6419400517667508,0.0002237574809745613,0.2771667200016321,0.036746350590572775
358,0.05811154761654971,0.7752365417792525,0.0004866242098027269,0.13972568662439558,0.02643959976999919
359,0.04301111068063038,0.7088033083052588,0.00028786296534843384,0.14576929335781894,0.1021284246909433
360,0.036931229933351774,0.339951637414031,0.0003246309133388555,0.10615133852448849,0.5166411632147898
361,0.13278463143550628,0.36024217628912614,0.0013112099128619016,0.1896028870821573,0.3160590952803483
362,0.11520360719735057,0.48935466596467003,0.0006227432168198024,0.2816859135771591,0.11313307004400044
363,0.02729051918570932,0.9024872772671186,0.00019478835923434991,0.06040072870835112,0.009626686479586699
364,0.06299888458059173,0.7012094076163911,0.0005890192559512256,0.15329838904560508,0.08190429950146107
365,0.08031137580411574,0.5071647077118923,0.00042988131428187013,0.32237661634674686,0.08971741882296332
366,0.023162699343621876,0.883978079397656,0.00022108433131971662,0.07660908389723692,0.01602905303016541
367,0.08604583352366724,0.35014713060423663,0.0005773795091941348,0.39198563064819225,0.1712440257147098
368,0.04057561555105481,0.4130756618975492,0.0004117813025552218,0.5086427736289527,0.03729416761988814
369,0.055492107031551614,0.15936680039484566,0.0005141477471128377,0.6645639052769484,0.12006303954954138
370,0.05690660034911169,0.06278831271459276,0.00018675301433409417,0.8325613056500287,0.04755702827193278
371,0.04556361003976222,0.046679760324201854,6.448776055307379e-05,0.7979498043900558,0.10974233748542706
372,0.022352741645730305,0.04349458738142075,3.5056034803204756e-05,0.8447857039004991,0.08933191103754677
373,0.044258240589874674,0.03929136051669426,8.78904392560826e-05,0.5427582967758721,0.3736042116783029
374,0.01831378446624697,0.013477338700301855,2.427256434278234e-05,0.8535191446911631,0.1146654595779454
375,0.008139137418797014,0.0068017505033451595,2.3210938618297215e-05,0.8707830768095481,0.11425282432969136
376,0.01853988240419094,0.007118198554702131,6.629949710475194e-05,0.08535717218880849,0.8889184473551937
377,0.010764587180687448,0.0080797285089971,0.0001294094170791828,0.21501635269931363,0.7660099221939226
