epoch,N1,N2,N3,R,W
0,0.1667886042807035,0.19035766777177673,0.004470303161655681,0.09348106830744077,0.5449023564784233
1,0.10013986750961774,0.23356192222690803,0.002797246709285307,0.04243390592564115,0.6210670576285479
2,0.1814514933407075,0.08939896714896349,0.0011266959296011598,0.11547973688629364,0.6125431066944342
3,0.24944694765251535,0.07550137268472305,0.0008194733270497691,0.12066987553694404,0.5535623307987678
4,0.1873238979889582,0.03437676858176312,0.0002968743108817618,0.046011145838989555,0.7319913132794073
5,0.39608360655578867,0.09908945860664051,0.0008768522535168176,0.10685260642480615,0.39709747615924795
6,0.31515722486339554,0.15407173941275842,0.0002820779147000002,0.08999682118057915,0.4404921366285668
7,0.365600576991042,0.19542608252313318,0.0015654330156891587,0.07390517920763684,0.36350272826249885
8,0.1411465925078949,0.05797831123305426,0.00044122148284036616,0.04608083755555413,0.7543530372206564
9,0.2474491608855748,0.07119179229589415,0.0006286260883614865,0.029604205942118683,0.6511262147880509
10,0.293696511104442,0.2286421518948726,0.0005907154598309081,0.07684029810684856,0.4002303234340058
11,0.35274170123227383,0.3614510939981092,0.0017090160585999854,0.047200857367578467,0.2368973313434385
12,0.2352454653267845,0.2687566478654228,0.0008022862588879944,0.027298709347100863,0.4678968912018038
13,0.1793313638105805,0.45588856861695026,0.005053098854061248,0.021904543159961612,0.3378224255584462
14,0.1697996788771702,0.2098378727942741,0.001344514786896765,0.027970892266272033,0.591047041275387
15,0.12928158958289662,0.499731343627224,0.0026580569523021046,0.021706943674214472,0.3466220661633629
16,0.14751697277800518,0.42011419241190795,0.0019498440860696844,0.04411163845271973,0.38630735227129753
17,0.07367234605760029,0.03832829610085094,0.0002495564534447147,0.008040078667415532,0.8797097227206886
18,0.12232717277703133,0.12926251911754486,0.002978634489897486,0.04980538837915321,0.695626285236373
19,0.08853992622330978,0.22791243347751952,0.0024716036455955342,0.03211611362459593,0.6489599230289793
20,0.11300394100502491,0.253700037968425,0.004570669112151415,0.0129296621235477,0.615795689790851
21,0.1430999442923961,0.22902271684224226,0.005474906306318866,0.008004322852035495,0.6143981097070073
22,0.12073887174449818,0.33859975093490646,0.0016915441582579143,0.009766915313627536,0.52920291784871
23,0.13070153075786908,0.30924265012135405,0.0037708019100415597,0.008703774120509423,0.5475812430902259
24,0.11946110050272228,0.2888241065081484,0.001722399512931197,0.006517008751704582,0.5834753847244936
25,0.12033052326825693,0.45975300891397775,0.0014002137795101632,0.003787009261636985,0.41472924477661816
26,0.09263180774208822,0.6391433125796746,0.0035589020162443193,0.0020588262870391743,0.2626071513749538
27,0.08266922318996957,0.5492963388723495,0.0029121561814849,0.002540399634064445,0.3625818821221316
28,0.09123375502301773,0.4215081619480278,0.0009158525832181974,0.006920117494325593,0.47942211295141063
29,0.05189959277721529,0.3344558226349326,0.0019958373803350563,0.0027900009062169925,0.6088587463013001
30,0.03434871883896739,0.24900869437478598,0.0055973148816303156,0.005286215837394966,0.7057590560672212
31,0.07811506771619192,0.5163591343370946,0.0014388556150390613,0.020123542923984106,0.3839633994076903
32,0.021811474406607762,0.730598038532675,0.020814554817064953,0.001088411313720717,0.22568752092993138
33,0.03064701761514581,0.06299911082018289,0.0010755302476935685,0.005538157683224935,0.8997401836337529
34,0.045653594948525486,0.30972706938588485,0.02027924592232643,0.0029565124001210905,0.6213835773431422
35,0.04042987421905103,0.1888838666137134,0.008256104822489235,0.004678196389505323,0.7577519579552411
36,0.06578212294751407,0.4825373022729045,0.035227384669926434,0.002557986665138841,0.4138952034445162
37,0.11593058111919238,0.5793156478353582,0.00420497462997598,0.0073416457074389875,0.2932071507080345
38,0.050944076863456235,0.7171561379492699,0.05981881119227316,0.0009712748273344584,0.1711096991676662
39,0.021918454394193886,0.8689859276233978,0.016607164968857877,0.0008624355658326275,0.09162601744771783
40,0.03053208024057553,0.8874288082483215,0.0093729829583905,0.0008593632317342436,0.07180676532097814
41,0.03246327891451206,0.7989259119984694,0.017745620378242108,0.00124365817066787,0.14962153053810848
42,0.03869781451895208,0.850888391097422,0.023204305002698808,0.0009433531180351241,0.08626613626289213
43,0.048110632042516165,0.5872834084613411,0.1955807868409438,0.001610253420493734,0.1674149192347052
44,0.042273922482180225,0.6230629007392869,0.08967438598435651,0.0011512106975315902,0.24383758009664466
45,0.03725173626574772,0.88804837395709,0.002679754413464358,0.003433548975237829,0.06858658638845991
46,0.04163745677120562,0.7512329669063067,0.004110430993794008,0.007051836474809315,0.1959673088538843
47,0.0746317164512697,0.61993097454774,0.006014668165281337,0.004101756343455212,0.2953208844922537
48,0.04937280795118295,0.7818913375429529,0.0054631534146008754,0.004493677607219463,0.15877902348404369
49,0.069994658308089,0.8147393777104635,0.0068203880192004565,0.0037343383414963423,0.10471123762075062
50,0.05852146661664743,0.7025849004678176,0.04213786545163435,0.0013421476181090678,0.1954136198457915
51,0.025923908387690577,0.8979817718161998,0.007762421455533562,0.0005446121381324599,0.06778728620244372
52,0.09126634380469571,0.7490764270847787,0.00672430147990698,0.0020822511003619885,0.1508506765302568
53,0.049709648854394536,0.8847631059743551,0.0021513614033295465,0.0010842795281017482,0.06229160423981899
54,0.08171264788778229,0.8225201479007882,0.0073798036875457485,0.0006160170068973109,0.08777138351698648
55,0.07535747571214128,0.7043081559731801,0.0027012485314502573,0.0009519599253207398,0.2166811598579077
56,0.07010385415238407,0.8524207287503914,0.002724490562024279,0.0003568735178802762,0.07439405301731994
57,0.05690086498126413,0.5820134344076109,0.004468855951468089,0.00043707442042893675,0.35617977023922803
58,0.0639345128479952,0.8217787667364189,0.0034805295513400617,0.0004653001856868023,0.11034089067855915
59,0.07039529747951448,0.6152913338489878,0.014293890146262325,0.00039366304940611786,0.2996258154758291
60,0.07323633573562016,0.2370194912604817,0.029174695896423814,0.00017286968015801495,0.6603966074273163
61,0.06204545682438606,0.3262212478842405,0.006108293023776442,0.0005237237344470865,0.6051012785331501
62,0.10435611479031592,0.4225386913116502,0.0044972707612609755,0.0007058015491319681,0.467902121587641
63,0.07177082387767647,0.10974884442363635,0.0014692173185947995,0.00048409994912269427,0.8165270144309696
64,0.1055481036488028,0.45609113933172224,0.009340004102535037,0.0017511297676336204,0.42726962314930617
65,0.10595825195093678,0.44156006911385576,0.0024731512665586443,0.002338848395205739,0.44766967927344314
66,0.11930054603152461,0.3800861332065243,0.004780120530848816,0.0015950716724951223,0.49423812855860716
67,0.09148557502685785,0.3320102540405908,0.003484234622906345,0.0019179007435841061,0.5711020355660609
68,0.17317318354904881,0.42239276059608877,0.006170692384791654,0.005108407884935418,0.3931549555851355
69,0.1328033136819353,0.49268065344055256,0.0008664256662077023,0.0036356150708693443,0.3700139921404351
70,0.11063947477977586,0.6992758104357271,0.0012654529525180159,0.004937068676439098,0.18388219315554005
71,0.17062866473901594,0.4497482413713851,0.0017480813529761833,0.004303069968227055,0.37357194256839577
72,0.11490476357443023,0.58347354666605,0.0015693443760030343,0.0048049944722504045,0.29524735091126625
73,0.13390872922081934,0.6060095135078433,0.002481988385445375,0.0019553057882622468,0.2556444630976298
74,0.057749233685839195,0.746420992013121,0.025109478366011722,0.0006694886424378971,0.1700508072925901
75,0.13546103769843562,0.6837738853938029,0.002484849897923615,0.0036687788542246994,0.17461144815561316
76,0.07162819161957623,0.8295827644036965,0.005675717119891831,0.0019060995103640128,0.09120722734647141
77,0.09783605731543482,0.6277782602859502,0.0025541267078887536,0.0065771355411696686,0.2652544201495565
78,0.0939400434671083,0.7734981565985322,0.003181404297192892,0.00504345771841882,0.1243369379187476
79,0.11341915108248604,0.6671679745969555,0.0015045302995841153,0.0016434102186161591,0.21626493380235812
80,0.11314277468359225,0.4260554126071289,0.0013968376483936837,0.004093206691031427,0.45531176836985376
81,0.07504493463150104,0.4987968971543371,0.014159399827789413,0.001713942138626474,0.41028482624774587
82,0.1845932494347796,0.4571798485775577,0.005891726542172344,0.0022488060203981115,0.3500863694250923
83,0.05936727197044304,0.8575921991294131,0.026090800332757177,0.0009762229712613437,0.05597350559612545
84,0.10915807029866052,0.708654326844142,0.001864153040372004,0.0027368571042622465,0.17758659271256308
85,0.09113362749107547,0.5273768250048546,0.013999132029210631,0.0028106358452701825,0.36467977962958903
86,0.08074101265117191,0.8454661440119303,0.0062472699473108215,0.0012098468936412954,0.06633572649594553
87,0.11698776671126519,0.7576846170081223,0.010324502232637742,0.0022835465174146567,0.11271956753056012
88,0.07750084138058906,0.7581824626190522,0.00807729225766623,0.002420523863189173,0.15381887987950324
89,0.23677745132111674,0.42923911451484825,0.000517542641327347,0.0043115676989353155,0.32915432382377247
90,0.04051755720668546,0.8588727428698205,0.017033552027835346,0.0006853332849366644,0.08289081461072206
91,0.15758197130494805,0.16218003956077795,0.002652607942431067,0.0015079898405208655,0.676077391351322
92,0.11209855770496514,0.6151323170878014,0.0054055431265417645,0.0024093243838306296,0.26495425769686104
93,0.2121260847123352,0.24425562879455123,0.0006455433103226848,0.005380775581460229,0.5375919676013307
94,0.10814279116228104,0.5090045364391219,0.0045657504109789995,0.002314817703523141,0.3759721042840949
95,0.1838394937508216,0.3029591740898627,0.00046278625433781006,0.005466932664577443,0.5072716132404005
96,0.09981045866040074,0.3748526200054955,0.021526049303804515,0.0016722828014529467,0.5021385892288462
97,0.28455105678215337,0.22569495194330821,0.0007147279614944653,0.012907592665135555,0.47613167064790857
98,0.17197800774245947,0.6096762865480886,0.010360358515051283,0.0031722418897907204,0.20481310530461008
99,0.2675702860264503,0.3181459871945222,0.0008951637606278951,0.010274841364318483,0.40311372165408105
100,0.2761891227824033,0.32042322420737457,0.003862107298864429,0.0016763485221465073,0.397849197189211
101,0.30987908073212017,0.5436390296863517,0.000991912929615999,0.004311820258700255,0.14117815639321177
102,0.24936928835288463,0.4758935199743959,0.0032856121353447643,0.004975356516074362,0.26647622302130036
103,0.11653032441293643,0.7801435056523334,0.007213603467422904,0.0027132569056646932,0.09339930956164265
104,0.13429712103706104,0.6665798694079582,0.002204494213830637,0.004992930930687436,0.19192558441046276
105,0.12733788628944226,0.6269182239244603,0.0011401695362047116,0.01611109077416058,0.22849262947573218
106,0.08980510742293026,0.8453511213613177,0.002346594488397494,0.008063306378824542,0.054433870348529936
107,0.11814572829367652,0.3812097788411786,0.014413675662309168,0.0020734727187673393,0.4841573444840682
108,0.20172164127392755,0.5651211636686403,0.000653912182650126,0.005957840024660118,0.22654544285012176
109,0.10618728025525512,0.805398093228552,0.0038563635348138445,0.004924302901604379,0.07963396007977462
110,0.13549073099232525,0.7617547164399495,0.0033397090955604555,0.0062346110725791885,0.09318023239958541
111,0.1464049558663151,0.7661029295113199,0.0014520761369071797,0.01739877958892522,0.06864125889653265
112,0.060026434941255626,0.8987178972483038,0.006945411960806902,0.005329734696823678,0.02898052115281018
113,0.0237460957753579,0.9633094760929264,0.003271821223933893,0.0018481890882540183,0.00782441781952756
114,0.0692205666991861,0.7981922613279281,0.0033671777479942,0.00757905848197554,0.12164093574291615
115,0.14747466243216698,0.7783235244849932,0.0020058265284431994,0.007022738328750727,0.0651732482256459
116,0.0912546279550695,0.830835714369638,0.003869428171869883,0.004838854517705198,0.06920137498571738
117,0.1266928899035012,0.8045073099609698,0.0023901988844374123,0.006710290334676095,0.05969931091641543
118,0.1327990802832349,0.669918029344012,0.07244996257403877,0.0052775405460844665,0.11955538725262979
119,0.1989111339454064,0.2741505969524067,0.0013054782857897728,0.00602177226868647,0.5196110185477107
120,0.08038772200077096,0.8765877848041921,0.013060816799255762,0.00222846536991815,0.027735211025863068
121,0.09901198338093267,0.818116932593071,0.01304820346429477,0.0028285338885412903,0.06699434667316048
122,0.12410345272943371,0.803853626811439,0.006336049721145607,0.004779901742299572,0.06092696899568199
123,0.0668874707292897,0.9019410454639469,0.0014106734074673434,0.0028975914976523973,0.02686321890164389
124,0.1378352922899668,0.48580893685455084,0.010998711133280277,0.0015891779256710541,0.36376788179653097
125,0.15914070540606648,0.7365880746227197,0.004932834448798219,0.001211614112418942,0.09812677140999664
126,0.14085122249367457,0.75864003769175,0.013126762916665332,0.001067470584649582,0.08631450631326056
127,0.14462699540562524,0.7500919596043408,0.007701122456419345,0.0009642662030248871,0.0966156563305897
128,0.1480172690398026,0.6595094216718399,0.006279876974595189,0.0011685279727570125,0.18502490434100535
129,0.06816411992043786,0.868409714940598,0.026858048510519685,0.0018836920430285473,0.03468442458541602
130,0.12114625850823456,0.593972766145706,0.016653541820178683,0.008821024679184527,0.25940640884669625
131,0.09780363378009338,0.7738511436084131,0.006062256384247807,0.017668100045695162,0.10461486618155054
132,0.22566880261582792,0.6470062164486636,0.0017433271671807257,0.03354692236383758,0.09203473140449007
133,0.14243139975059246,0.7585019424236092,0.012608464804534062,0.029520644952991983,0.05693754806827231
134,0.37274510627029356,0.4345977932300276,0.0008595059047657002,0.02597765148849544,0.16581994310641768
135,0.16674426634771852,0.6684398317918085,0.0032974671179849652,0.02105075267837105,0.14046768206411703
136,0.22826025024039814,0.5303907116309797,0.005943945711340549,0.017070116414422878,0.2183349760028587
137,0.16735917989126498,0.5811446812570006,0.007370507580317626,0.0053562545683162105,0.23876937670310053
138,0.34049943580734215,0.3914638325516929,0.0018606396533491947,0.019457700846692034,0.24671839114092378
139,0.1487153178966339,0.7825307870106928,0.0005757248481500096,0.009261074745894824,0.058917095498628475
140,0.14498987665801188,0.7791865512009278,0.004176975796383621,0.014024696318794445,0.05762190002588212
141,0.12037780445301,0.8400231287096498,0.004474215238924228,0.00600092139218614,0.029123930206229755
142,0.2060937304082919,0.6892764727914407,0.005237122808147044,0.012662153476281598,0.08673052051583878
143,0.11260237639254103,0.7963032196677202,0.005662587604345561,0.004530081322299719,0.08090173501309356
144,0.15203037964264293,0.7348962455891768,0.0029842813132139145,0.009146065241441143,0.10094302821352517
145,0.0705469948815352,0.89656953940336,0.001186670215558796,0.007999004329931118,0.02369779116961474
146,0.14497211346115083,0.7322231169264587,0.010805529731498233,0.025373369843248887,0.08662587003764331
147,0.12128908739140888,0.7532889100121699,0.0015151302164383795,0.02618110984013649,0.09772576253984651
148,0.17010613188926577,0.642013985041713,0.008357595213836675,0.03359115057280534,0.1459311372823792
149,0.09001502999503842,0.7756626478943021,0.003740725065485839,0.018535259994493618,0.11204633705068014
150,0.20703576779890695,0.3181081661607905,0.008897275140185438,0.06654945405529064,0.39940933684482655
151,0.1388989598101048,0.7202561939963987,0.002869706344734246,0.08468742482475647,0.05328771502400565
152,0.08514668596691756,0.5640917281329587,0.01551642334394157,0.17867724846944796,0.15656791408673418
153,0.17143181021148313,0.1788371040154348,0.0006663204128618785,0.5229162561242382,0.12614850923598198
154,0.15541886577948316,0.24599191597475617,0.015982337202513193,0.10878751612824912,0.4738193649149984
155,0.10614994292423453,0.0988366532431792,0.00032366189992673105,0.1045959703877322,0.6900937715449272
156,0.2132976490300556,0.03442527549194305,0.00017994349994421584,0.09478468402830674,0.6573124479497504
157,0.3288212936240682,0.05345623611376657,0.00019906245946379645,0.06787967105362763,0.5496437367490739
158,0.3527525880918952,0.04465523862696433,0.00019169474019117822,0.08028048022741528,0.5221199983135341
159,0.5013842624217802,0.037941357698641355,0.00042254700143240205,0.12056580910466785,0.33968602377347806
160,0.32491134248487213,0.04337185221238687,0.00030642610963304575,0.3180945469069012,0.3133158322862068
161,0.22653702488220082,0.09137216862508177,0.0009006759448398389,0.5766888098285045,0.10450132071937299
162,0.24834987547259424,0.04991102117778456,0.00041199067452573143,0.591654587279795,0.10967252539530048
163,0.3119200886530511,0.07209051051931796,0.0007019532494580232,0.33502442331120647,0.28026302426696664
164,0.3655409304825087,0.12553662000195245,0.0008589524181725715,0.2976604530338112,0.21040304406355514
165,0.2961013883671643,0.16038036348594553,0.001898191847435532,0.23404975633781494,0.3075702999616397
166,0.4629005245845499,0.14588155835875705,0.0024901148482208294,0.14561596316917216,0.24311183903930003
167,0.31525057103008064,0.12092459491259214,0.002356523245652108,0.18121113760528015,0.380257173206395
168,0.3894861545496091,0.17520935698391354,0.0017922827952752702,0.16248827839297628,0.2710239272782257
169,0.3343550113287073,0.19126424151953814,0.02322730340046512,0.07462320990966742,0.37653023384162204
170,0.3203317551700914,0.14887043017389615,0.0009806867179904355,0.15502767499106984,0.3747894529469523
171,0.24144478311636983,0.1282979502295351,0.001375876306213293,0.15109323423205698,0.4777881561158247
172,0.30346191908265935,0.20692049458803918,0.0015701867743663654,0.16648318973713544,0.3215642098177996
173,0.2696372276291362,0.20559352634912556,0.014066432375866935,0.09754563077085375,0.4131571828750176
174,0.20162261312082483,0.20811272103257158,0.007805110264239509,0.16353133921931298,0.4189282163630511
175,0.2314021656585399,0.10386318387926276,0.0004777325699805696,0.17248579917516685,0.49177111871705
176,0.2201852215430377,0.29032509002192664,0.0021802143196136808,0.033733915115194336,0.45357555900022767
177,0.28568056868169545,0.20948919321054263,0.00042689625882810555,0.11952986927271333,0.3848734725762204
178,0.2987650639927457,0.08186823135063898,0.00022435925746614596,0.33799363332898374,0.2811487120701654
179,0.16415328540506452,0.10079390417210195,0.0006868619067830781,0.07801058616488005,0.6563553623511704
180,0.12578136244520832,0.18546285188956957,0.0007562318271741825,0.056528734088762564,0.6314708197492853
181,0.16577895748852745,0.06809045322099733,6.294377683358022e-05,0.08420768070655979,0.6818599648070819
182,0.09971214326617599,0.07060629446051336,5.582298763191901e-05,0.06430620499890881,0.7653195342867698
183,0.31690347976643046,0.05322006321560383,2.5769509700245142e-05,0.04047480437478227,0.5893758831334832
184,0.2380405010887514,0.025591640485076957,3.6485000549325065e-05,0.01602301107603778,0.7203083623495845
185,0.0840306588087881,0.07082247274069518,0.0002517379929617949,0.01575323291653404,0.829141897541021
186,0.4617210553200317,0.05936046240384703,0.0001492997246286022,0.040126362753206316,0.43864281979828623
187,0.40203235281509025,0.07923042548422586,0.00044799622744237194,0.05071213876056214,0.4675770867126794
188,0.38821006984308193,0.08008835090766647,0.00022892667342087002,0.09024684095384906,0.44122581162198177
189,0.2505111464707986,0.21526620502789237,0.002220438860922399,0.06955681391579495,0.4624453957245917
190,0.34678724266686994,0.11772274628876928,0.0008943071968137701,0.11281978250444287,0.4217759213431041
191,0.3831608746882161,0.11125366980755029,0.0006902141516525798,0.032572596815265406,0.4723226445373156
192,0.3623761782359437,0.33855629395400305,0.004138270326816358,0.05346729871349731,0.24146195876973955
193,0.3380965788109889,0.14295411385262038,0.0015656412464112354,0.04915527819104555,0.4682283878989339
194,0.22033163130791014,0.10373851011446895,0.001035494800762029,0.04038312481861106,0.6345112389582479
195,0.2524925818569615,0.3456754779490672,0.002995491087228694,0.05156550005364805,0.3472709490530945
196,0.3057619911734575,0.3261730999824233,0.0015661714437291009,0.10073745444548952,0.2657612829549006
197,0.33989969714287777,0.13706460800085168,0.001049586671954843,0.06126357806211349,0.46072253012220227
198,0.1432605829671038,0.34625247967379064,0.0031773223083414195,0.07120946621145997,0.43610014883930426
199,0.18331295983628104,0.11740516577655484,0.00024177564986083613,0.08603491672850905,0.6130051820087942
200,0.09430621122439219,0.10919503726433817,0.0002857649977798892,0.04965907046085482,0.746553916052635
201,0.09827991693494637,0.07771545160656218,0.0005461721231346317,0.02020079957650395,0.8032576597588529
202,0.11142629765179252,0.1150707770926728,0.00129158429989905,0.026602913072760064,0.7456084278828755
203,0.0529491947855127,0.055071436367889214,0.0020657031023152894,0.032241030406881505,0.8576726353374013
204,0.09423576038429854,0.04210369845259208,0.0005948574937555834,0.008768768924175096,0.8542969147451787
205,0.0351388345662639,0.034411404647117325,0.00025890257960908646,0.007137403947791282,0.9230534542592184
206,0.10055911061408425,0.06705321135715374,0.0003747441827662921,0.008922688203019587,0.8230902456429762
207,0.20566377304468164,0.09513699034863303,0.00035468401143779935,0.017015082241916932,0.6818294703533305
208,0.25274245321579575,0.04107702076060189,0.00023540601042039018,0.010838636341257783,0.6951064836719241
209,0.3400270848116869,0.07877996124002908,0.000406003924967411,0.2210742997179143,0.35971265030540234
210,0.3077904010888479,0.05820452329195639,0.0005159528432190595,0.2312855216112345,0.40220360116474213
211,0.2782395353780668,0.053231105972717394,0.0005269866925311598,0.2193057969593662,0.4486965749973184
212,0.295019836141845,0.04597767598255252,0.0005390646664845977,0.16339689103471128,0.49506653217440655
213,0.3284884848421586,0.2008456545070239,0.0008359997645233866,0.3292876298713035,0.14054223101499058
214,0.16667003158003166,0.03619129066815479,0.0002740588125848557,0.11402375662889051,0.6828408623103382
215,0.3986392888567701,0.0401285194253,0.00066813727269026,0.07934025262175882,0.48122380182348085
216,0.47631151865858357,0.09331327228128233,0.0009443902387786887,0.24309221395940345,0.18633860486195186
217,0.2021165221149964,0.02495868634883969,0.0004947739482536952,0.14285463299702514,0.6295753845908851
218,0.23759200010764295,0.032786146269464245,0.00023309789030742653,0.06880610359991907,0.6605826521326662
219,0.3874255930365922,0.25108363864289795,0.000707800825954722,0.1646485577950151,0.19613440969954019
220,0.2216718018331864,0.1822202166353038,0.0038941856051935104,0.06879814350303359,0.5234156524232827
221,0.08952280875982135,0.0563589589063602,0.00025923701684417796,0.06818124718801691,0.7856777481289574
222,0.042844537447574285,0.06591546762650922,0.00011634053019462975,0.018974579912122216,0.8721490744835997
223,0.15929744956900038,0.05667823227784237,0.00025563435684044253,0.016554699015896363,0.7672139847804204
224,0.3888803050966995,0.06869309522788106,0.0003273370781292308,0.0298033536397742,0.5122959089575161
225,0.32215253469452604,0.05623341095478427,0.0004785946143120462,0.08750507200420292,0.5336303877321746
226,0.11615953076466588,0.054918320656090744,0.00018605002355042018,0.3260134895635818,0.5027226089921112
227,0.13634704193359837,0.04679462324982263,3.5157298070068325e-05,0.034453265868658704,0.7823699116498503
228,0.18865894154868973,0.02886432832214719,5.4746564082195064e-05,0.03529233617157892,0.7471296473935019
229,0.17952255304672923,0.04829214584469021,0.0001652643403783429,0.021507518112118613,0.7505125186560837
230,0.5866762459312543,0.04149249409381829,0.00012350191339030763,0.03940549289090834,0.33230226517062883
231,0.46131428043761113,0.04536341411076485,0.00028507431857362133,0.09772116107077303,0.39531607006227737
232,0.3655093319751131,0.08964760940275365,0.0007626773522272835,0.16771881716574752,0.3763615641041586
233,0.2662491982820918,0.042630521249661005,0.0007474382842509375,0.2343611760132612,0.456011666170735
234,0.23662911103369647,0.16904267780290286,0.0028076626166894155,0.5025088318244512,0.0890117167222601
235,0.21411030376125825,0.16569837799139556,0.006044214849862187,0.3761977214862018,0.23794938191128226
236,0.18404347878673918,0.07389655207753479,0.0018243589505171475,0.44966746719347994,0.29056814299172884
237,0.25185868208050605,0.22017229041809255,0.002017533689906461,0.20657869738462126,0.31937279642687366
238,0.5056596844065305,0.19104179150111358,0.0005271393600376462,0.14192288759929506,0.16084849713302327
239,0.44045247912534063,0.10784558883997458,0.0006212574931429249,0.11855955673517969,0.33252111780636207
240,0.40266559186233986,0.07227939295440053,0.00027762085396111814,0.10807758239373776,0.4166998119355606
241,0.29734552142983167,0.07765564672360203,0.0005883253150184859,0.23633736997002444,0.38807313656152337
242,0.40736843098364645,0.10694391718864132,0.001682749125345217,0.3043642192513063,0.17964068345106077
243,0.19300764756925382,0.3814202886208486,0.011164684313641298,0.3227289136876581,0.09167846580859824
244,0.14789615049025487,0.09706593863797172,0.001438957156065514,0.30606461055649803,0.44753434315920976
245,0.18348045165781562,0.12022219971024942,0.0018126583712601068,0.3929417934865001,0.3015428967741747
246,0.20807026587454872,0.1382828527697756,0.001996634552016849,0.3966680938701055,0.25498215293355336
247,0.18357614872439726,0.07725669243959442,0.0015975018118368379,0.2208216156115637,0.5167480414126078
248,0.09650816483565772,0.14509221283263707,0.0010809360499234584,0.34295846344783953,0.4143602228339423
249,0.06633709509680165,0.1075549473383562,0.0002688502704793565,0.11835144467582132,0.7074876626185416
250,0.2013162960398086,0.12799174729771629,0.0040414850552947645,0.041200812056136606,0.6254496595510438
251,0.21632975171923843,0.291658732106508,0.0007831678457991406,0.050534004002258444,0.4406943443261959
252,0.336177856799534,0.08223802293969734,0.0005760391585955642,0.16695152308849023,0.4140565580136829
253,0.14847004441742817,0.08187758288993059,0.0020723944855529732,0.10613060737496385,0.6614493708321245
254,0.13466015683359198,0.10054649027433486,0.0020867815083278544,0.12062353152005446,0.6420830398636909
255,0.0770549263721938,0.05473216712838876,0.0005511415590350576,0.07068390931486815,0.7969778556255143
256,0.15460644799732692,0.3656687455352832,0.008142038877476006,0.07342830441261093,0.3981544631773031
257,0.19130689166350934,0.11212434571768778,0.0006683136201236467,0.043447968840409176,0.6524524801582701
258,0.34069432896375124,0.0957258813547429,0.0005662556562577895,0.04554129758756285,0.5174722364376851
259,0.22903988799912617,0.05927576411119968,0.000540668301678178,0.04077447631357923,0.6703692032744167
260,0.2773782477685779,0.12201481223516314,0.0036157666559436964,0.025075757797523635,0.5719154155427916
261,0.09382219586091223,0.07949656426593059,0.0050093009391315975,0.052682358939158784,0.7689895799948668
262,0.2797924246033999,0.06841238246486772,0.00023368848259383516,0.15351414143663877,0.4980473630124998
263,0.1379366149412438,0.03360115559642979,0.0009110031601087773,0.045528912844630426,0.7820223134575872
264,0.07606692530488789,0.015423705632225303,9.728650323730598e-05,0.02221592044941913,0.8861961621102304
265,0.23503333406737673,0.05948844452844052,0.0003117906992105887,0.04586679199788425,0.659299638707088
266,0.2273614312621836,0.08095301414359117,0.0007632039124946539,0.047432944292378786,0.6434894063893517
267,0.427811438899334,0.1322581735563464,0.0010290224618568406,0.06953436091880764,0.36936700416365525
268,0.1655759270504357,0.08973189671118835,0.00046490682404820994,0.13518394791956417,0.6090433214947636
269,0.079696189713748,0.03675734579298756,0.00039545761898264313,0.16947227951337954,0.7136787273609023
270,0.14384940208452704,0.013265155514577642,5.97484128793601e-05,0.06619939415239386,0.7766262998356221
271,0.14019727587943112,0.01883452210394727,0.0002646767007784731,0.031456985848595555,0.8092465394672474
272,0.1123719680963564,0.024706302110310493,0.0008475649318761613,0.03579396917713878,0.8262801956843182
273,0.22497832019583341,0.09643649623244878,0.0019990940737127224,0.03010761350115376,0.6464784759968514
274,0.09825780084771524,0.03140701949664329,0.0025843309216304197,0.00870680161027247,0.8590440471237385
275,0.05002697142842512,0.007242508693456636,8.598335978002116e-06,0.0035008015544586465,0.9392211199876815
276,0.0016435725742436854,0.001370890805078816,5.252790794676214e-05,0.0004469544378692939,0.9964860542748614
277,0.0004718828250825615,0.0010974865857073827,6.770065024323843e-06,0.0002038187216632125,0.9982200418025226
278,0.0009454115114062546,0.0010987649247429004,4.792600687042522e-06,0.00047795645108448804,0.9974730745120793
279,0.0012461839925382312,0.0008626842643748168,2.2057377812358038e-05,0.000337048688725599,0.997532025676549
280,0.0008364014149677127,0.0005550914070542897,7.130627255769225e-06,0.0003437556265295469,0.9982576209241928
281,0.001285826451157026,0.001252880399432354,0.00018436772518499778,0.0011176871210690415,0.9961592383031566
282,0.0018434202658320516,0.002355479872578579,8.693151937817332e-05,0.0013089685636403212,0.994405199778571
283,0.002475498167029799,0.0030653290732422698,0.00011072549724737731,0.001111189710352252,0.9932372575521283
284,0.002147755209849732,0.0023787713276953323,4.457607058873651e-05,0.0010382471765616084,0.9943906502153047
285,0.002233244173617055,0.0007984915666595718,2.552967916033562e-05,0.0003367402030888264,0.9966059943774742
286,0.002238188370400964,0.0012190361936416797,4.525449688914545e-05,0.0002646972949401007,0.9962328236441282
287,0.003550946690832572,0.00123484260948585,4.08634902921151e-05,0.0002944017340319243,0.9948789454753575
288,0.39421059760949234,0.1328742381020925,0.013526510797666773,0.0017775214170613744,0.457611132073687
289,0.046577845484116996,0.016406595371718784,1.1454074562725415e-09,0.003295385772093927,0.9337201722266629
290,0.05414762346080975,0.030598236987255015,0.00012651799739650158,0.004475964501106325,0.9106516570534324
291,0.048360641635202095,0.027199854530933865,9.745969364801507e-05,0.010196184509516124,0.9141458596306998
292,0.15402275002062216,0.027327608647818,0.0003017061310339268,0.03735867723807779,0.7809892579624481
293,0.02828921834263358,0.01988849041515763,0.00018031346981686174,0.007227780047134755,0.9444141977252571
294,0.15952646898204456,0.05366722360596058,0.0003017125180684923,0.04799830132287257,0.7385062935710538
295,0.14254690300828682,0.045782392473701417,0.0004082256669332951,0.02750286665802066,0.7837596121930578
296,0.11856962285679044,0.051740975003994216,0.000729344267265271,0.04388641851727862,0.7850736393546713
297,0.3110996957425915,0.1875983205461791,0.0031497260496020185,0.07152336526177215,0.42662889239985524
298,0.3417172889791703,0.13074409071710105,0.0016300322989232713,0.07109910724402067,0.4548094807607847
299,0.3726995173815121,0.34977765858623017,0.001925422304401889,0.1496135340227711,0.12598386770508482
300,0.21234374893928318,0.11843710650985101,0.003235981842863727,0.10873588454415625,0.5572472781638459
301,0.28524198279780044,0.09346850582916591,0.004398867741513731,0.1816869869993641,0.43520365663215577
302,0.24859029313633285,0.0894043036020842,0.000954806755437949,0.24885666709955667,0.41219392940658833
303,0.26149011157829405,0.13641273033270293,0.0008980887444287461,0.2896133532368045,0.3115857161077698
304,0.17084906880508305,0.1395981740565852,0.0010577584626179494,0.214299472417046,0.47419552625866784
305,0.21117387546289298,0.08624460227414271,0.0008665910151888039,0.22420184898385656,0.4775130822639189
306,0.21907296662580322,0.12381779601690397,0.001063222703326709,0.30961868860195324,0.3464273260520128
307,0.16981920839059395,0.06154863150586749,0.0004891201484141573,0.15585036828334808,0.6122926716717764
308,0.3236121799439635,0.19175599851822184,0.0006956537560418817,0.21278951492899464,0.2711466528527781
309,0.15713851383790917,0.07213974454105437,0.0004407488080863579,0.11328971818823723,0.6569912746247129
310,0.31522576349876263,0.12166976072896538,0.0005038220710649986,0.17496623541019993,0.3876344182910071
311,0.3142594663135658,0.07654838621568914,0.006015417361820351,0.08132104061598049,0.5218556894929443
312,0.12907634100752352,0.04621192640110042,0.004615618683575137,0.059069580116075875,0.761026533791725
313,0.07455442999923372,0.015669544146552448,0.00013044595397360408,0.0295284587900483,0.8801171211101919
314,0.09250494764327713,0.010663893900823895,9.183137366797033e-05,0.03962839547448209,0.8571109316077489
315,0.06894447880385475,0.019805895387054007,0.0002696284656914283,0.05494948596452904,0.8560305113788707
316,0.10496508254556502,0.018773421617707745,0.0002338159326710427,0.0666220341442087,0.8094056457598475
317,0.10813705556188305,0.017181574228588858,6.491014056345527e-05,0.05227763275503045,0.8223388273139343
318,0.0779151836877623,0.015289941308708128,0.001443728550839065,0.16047558354065522,0.7448755629120354
319,0.07797636654330936,0.010600116877390924,0.0002535421328558779,0.03896839529668088,0.872201579149763
320,0.0218588168920916,0.006821301193400351,0.000290210099035361,0.014876497665104876,0.9561531741503677
321,0.18480167146361126,0.036551900361934106,0.0004545341480708002,0.08104543738353598,0.6971464566428479
322,0.09038633213847684,0.014485574498253257,6.68463727775335e-05,0.011453016902539515,0.8836082300879529
323,0.08049879524912791,0.036841703435523177,0.0011204953679881374,0.01558592865924515,0.8659530772881157
324,0.2559172348901726,0.06861634126735985,0.0020751617940482493,0.0411630058899416,0.6322282561584778
325,0.19889747374364966,0.04203203435664313,0.0008549075140580888,0.02160761329259856,0.7366079710930504
326,0.24634069261776173,0.04620197825531071,0.00037286599135141215,0.026283327313722744,0.6808011358218533
327,0.436972640273808,0.03981635589486632,0.0004826417426237071,0.017178492826945956,0.505549869261756
328,0.440182212858297,0.08323416813811302,0.0010015860056483623,0.028794415587673396,0.4467876174102681
329,0.0779289512876154,0.07127713546978655,0.005273652443001087,0.024122058897601217,0.8213982019019958
330,0.04459787904436871,0.020143572676524446,0.001945144264922589,0.010361291276947281,0.922952112737237
331,0.01731776116181496,0.011364166614896561,0.0031036260073139107,0.010522869305240632,0.9576915769107339
332,0.12474616521293169,0.02032817507455771,0.008103985184397299,0.02123502144062882,0.8255866530874845
333,0.08343246698307519,0.023230215675779643,0.002096019800523647,0.041261566186228935,0.8499797313543925
334,0.10550126334156684,0.034526133633610886,0.003958304923670336,0.0054714334389729564,0.8505428646621789
335,0.013942306645813566,0.006168313513757799,0.008878067819225269,0.0018378514458281725,0.9691734605753752
336,0.04161108081487313,0.021304408920778357,0.07803136825148939,0.0036204003248851823,0.855432741687974
337,0.031092656366790598,0.03908628189997629,0.1325045014343692,0.0011232366407430347,0.796193323658121
338,0.009390286827444388,0.016241148058941952,0.007183919683154444,0.0014032358603075072,0.9657814095701517
339,0.056426551833862484,0.027520479303200215,0.03394096754845833,0.004810088967270164,0.8773019123472088
340,0.0607233031302543,0.022202560552856562,0.0004338046556753194,0.005049152770429314,0.9115911788907846
341,0.170576089179949,0.04372755597357543,0.0015556931423869366,0.00959992189434807,0.7745407398097406
342,0.24537779765389398,0.04422662833296313,0.00416918428488298,0.013709578637626627,0.6925168110906333
343,0.25939463626855924,0.04197885260473026,0.0002846573470289795,0.025135356388342734,0.6732064973913389
344,0.17516540604984598,0.03498171938598864,0.0002490649047317062,0.03238335025605882,0.7572204594033748
345,0.2043038201671949,0.030431319254713724,0.0003499526791901084,0.1356228437738229,0.6292920641250783
346,0.3150215796891719,0.060298813613218774,0.0008544197242407276,0.15450910667541395,0.4693160802979547
347,0.26347795497183507,0.09763812922394069,0.000621232531932602,0.25859429760227937,0.3796683856700123
348,0.32466270308305045,0.14947742500230035,0.0015906976589617134,0.32292854762749434,0.20134062662819313
349,0.19849115011248897,0.06991719359033348,0.00034650974668630426,0.22309262696621462,0.5081525195842767
350,0.23709130383457364,0.08710571995021352,0.0005739077721175466,0.14392163444792525,0.5313074339951701
351,0.2670994724970623,0.13242324059471944,0.0005536032019855752,0.18157038567181857,0.41835329803441407
352,0.17965942315915523,0.0694278700660442,0.00044643246912597035,0.07516024650835285,0.6753060277973217
353,0.3020398570737304,0.07345901498495619,0.0006006429013732358,0.10394203541428523,0.519958449625655
354,0.15504084528707776,0.525292360590132,0.005813151713164674,0.1287359310900249,0.18511771131960064
355,0.15838445928028447,0.1292586167640925,0.0005638359746468981,0.12360611026709598,0.5881869777138801
356,0.2726982669360323,0.2575972097879572,0.002079435273082548,0.22169554183178655,0.2459295461711414
357,0.11587071887695077,0.2435327974000354,0.007645477714938253,0.100011863091303,0.5329391429167727
358,0.19071353742254316,0.15512357053046766,0.002554073888732305,0.18503033964609203,0.46657847851216494
359,0.250056433111464,0.3127056801126958,0.0023265242112944307,0.24027660298317663,0.19463475958136922
360,0.2079063634839413,0.18139215079101073,0.0010256214980368813,0.3086494771650042,0.3010263870620069
361,0.17199052771028733,0.09871071202634102,0.0006847040993123276,0.2107457532623863,0.517868302901673
362,0.17700205700078156,0.2943268263429088,0.0053878853861396665,0.14033932615214084,0.3829439051180291
363,0.22128637182237584,0.10410871359976956,0.0004187728302166387,0.1184737158729615,0.5557124258746764
364,0.25066531543215737,0.16853431993320075,0.0036866066479620133,0.26814953235833966,0.30896422562834025
365,0.2834849857916601,0.1023341731855642,0.0005766238071957499,0.21817980261048897,0.395424414605091
366,0.17909439866335206,0.08078930125193277,0.0006500142406221838,0.11487128460282175,0.6245950012412712
367,0.08998119699524007,0.13955643060314302,0.0008074905370640911,0.17168385286416316,0.5979710290003896
368,0.2785707464210416,0.22150847272067403,0.001006756727795555,0.19257376255262706,0.30634026157786176
369,0.21723762199616795,0.0872606077907345,0.0006101594523939972,0.09360418800532129,0.6012874227553823
370,0.3388695806490867,0.10977278672587902,0.0010693863589385445,0.10151187560752653,0.44877637065856923
371,0.22015454515737218,0.1972046661536666,0.000863193884260391,0.2590606264012062,0.32271696840349456
372,0.22371335916044666,0.1740502341599427,0.0006628180005466362,0.3080852856482191,0.2934883030308449
373,0.09312092904732426,0.2898388623093251,0.0038131110418845194,0.2052063893914344,0.4080207082100318
374,0.20800262332837832,0.17803716355190727,0.0010980797615247615,0.20721251430029727,0.40564961905789243
375,0.19403977376464165,0.09129759760509887,0.00026321861316656533,0.16605611743786977,0.5483432925792231
376,0.23238250642542804,0.16725897338883458,0.0004148103146032,0.1860500932856341,0.4138936165854999
377,0.3583365243119425,0.16970151873040448,0.0006063291604008681,0.23887768870848056,0.23247793908877157
378,0.1674667069246544,0.2920120795371468,0.0029572001238439933,0.24661697929028145,0.29094703412407336
379,0.0581995136922338,0.07301366034223632,0.00023402016824936985,0.028944565205665032,0.8396082405916155
380,0.23082956862269188,0.1493362022207115,0.0016471690837924155,0.05459830704587952,0.5635887530269247
