epoch,N1,N2,N3,R,W
0,0.000495980899499752,0.0013595252105023377,3.1468470556058643e-09,2.3116546828071804e-06,0.998142179088468
1,0.01283377529787283,0.019327024679472803,0.0002955325395133977,6.0957838290909934e-05,0.9674827096448502
2,0.010984894431036445,0.004082943015722623,0.001334707967371718,7.537040464199301e-05,0.9835220841812273
3,0.006548487866195615,0.0026679098647319683,0.0002475678687081251,6.86156194370857e-05,0.9904674187809271
4,0.006639127275824395,0.0029343242139339165,0.0002662890918130581,7.268191642567962e-05,0.9900875775020028
5,0.004486278602567719,0.0030039617667603057,0.00010845646058577787,5.994882154401111e-05,0.9923413543485422
6,0.030744133537734718,0.013431497957712922,0.0011233427912501945,0.00027362391160652407,0.9544274018016957
7,0.02670604893208432,0.01072700353169405,0.00041683411912968207,0.0002638673899219668,0.96188624602717
8,0.044846551623949696,0.02281924103985974,0.0006300636456070621,0.0005875399023321343,0.9311166037882513
9,0.00888558961751441,0.007408125250520037,0.0006698147298949857,0.0001361145750089277,0.9829003558270617
10,0.020143565323983557,0.009373741499881827,0.004071845649910356,0.0002611016118036597,0.9661497459144205
11,0.04349975644612761,0.03355560783803679,0.010118078804699669,0.00048621635355094973,0.9123403405575851
12,0.026797677527046725,0.00971902396162044,0.0009052864392347754,0.00036176673078362016,0.9622162453413143
13,0.008226793812002402,0.004951709323756082,0.0014486156995529664,0.00019813817998370708,0.9851747429847048
14,0.07850054764989656,0.025971423698998443,0.01006111618099902,0.000492881384312516,0.8849740310857935
15,0.02965628698853001,0.013123049120697802,0.003725506601287019,0.0004717923727479296,0.9530233649167372
16,0.03347375840705258,0.011595796040735695,0.0020666336355734754,0.0005094402771449988,0.9523543716394932
17,0.031109630664585386,0.017893360370817357,0.0015682282694234823,0.000299337524753053,0.9491294431704208
18,0.014734724804347663,0.005580933559980723,0.0033529190633719646,0.0001466858619646503,0.9761847367103351
19,0.06618781705764862,0.024159824207777823,0.0027727732809047123,0.0005400038253346967,0.9063395816283341
20,0.0666227303323867,0.01794388923923343,0.004947900714693959,0.00035250975866177265,0.9101329699550242
21,0.09402025966130771,0.036189407856638114,0.003989886018581916,0.0005994078708204698,0.8652010385926517
22,0.11164428801332446,0.0723576858981788,0.007102014860657404,0.0006632169322900073,0.8082327942955493
23,0.06744350393935156,0.04037719008819997,0.0069863918139872775,0.0008711899483842141,0.8843217242100769
24,0.05099909178652015,0.022250644300056754,0.007056338862696842,0.0005344019489627968,0.9191595231017635
25,0.06954388595122218,0.030998926986273153,0.007909436968608106,0.000877053367325813,0.8906706967265707
26,0.03752645742134331,0.021888061804337867,0.004268998479452007,0.00029598937039179024,0.9360204929244751
27,0.04625919465650074,0.05994797805960177,0.010339134650208661,0.00045015132831696306,0.883003541305372
28,0.07647704782543306,0.08624066120237071,0.020267601942467264,0.0006130049951350394,0.8164016840345939
29,0.045852950044014316,0.03050233963865559,0.0169238552282966,0.00032939858506659246,0.9063914565039669
30,0.07051333951478016,0.027553767296154115,0.00963242899637844,0.0004564115559268941,0.8918440526367603
31,0.058362579605830696,0.04511457072073501,0.006636325876376949,0.0004908133343225895,0.8893957104627347
32,0.1243011780200271,0.058692214889366066,0.007435581187414768,0.0008563112706222517,0.8087147146325697
33,0.10685261097167709,0.03696331607390808,0.004344321209966151,0.0004637639576951471,0.8513759877867536
34,0.21588837634120905,0.051130012933239655,0.026730743265254424,0.0006828567935600375,0.7055680106667368
35,0.1804577761405767,0.07748825252910194,0.007815802599799228,0.0008892996985029702,0.7333488690320191
36,0.33884824493146964,0.24822041553814836,0.037264122727912435,0.0015608759173961445,0.3741063408850734
37,0.32044691370512657,0.15475309905150478,0.010636332720505208,0.0018055621972304543,0.512358092325633
38,0.13847010937596868,0.1282553803276552,0.08311692352749452,0.001671724124386359,0.6484858626444951
39,0.09375514286916878,0.07254337191255418,0.004011615659208024,0.0006700455364184163,0.8290198240226505
40,0.20267887017331077,0.09265932401294172,0.04098039030277984,0.0011019327559706653,0.6625794827549969
41,0.16355566569585087,0.1701842132186189,0.0065299891114735,0.0009557041036065749,0.6587744278704503
42,0.018513555036383956,0.032759702632518165,0.028056556940725917,0.00038592250233048447,0.9202842628880414
43,0.0836907079614683,0.07428677763095876,0.031715692423360815,0.000997963083630129,0.809308858900582
44,0.30035904208054887,0.13712420454812987,0.02757466103558269,0.0010778718175413144,0.5338642205181972
45,0.2987204280712823,0.06721696292515109,0.015741350554488373,0.0008894446065332139,0.6174318138425451
46,0.3036991479043544,0.21347026955066722,0.04345526158386624,0.0010395693308515722,0.43833575163026045
47,0.29165678849286136,0.12187940005878213,0.05537798904552849,0.0011382039849032973,0.5299476184179247
48,0.2934174228624049,0.16658887325527647,0.0492436070791089,0.001230122752306337,0.48951997405090336
49,0.20615324855745748,0.40012324442574215,0.11637779214430491,0.0022234648840061067,0.2751222499884894
50,0.18275143008717812,0.5006548001733722,0.07317141226481097,0.0013773400410312063,0.24204501743360768
51,0.12945963234980604,0.6784681030087436,0.03942521273178031,0.0023528525048637137,0.1502941994048063
52,0.25033764512659534,0.43000733268692026,0.1390043025473821,0.002917593762816984,0.17773312587628515
53,0.16137060783269358,0.5057831569819654,0.09135395998399097,0.0044235516893954855,0.23706872351195457
54,0.11955690293506925,0.62405259302382,0.07597379183867425,0.0033042198155877707,0.17711249238684879
55,0.07397662636942032,0.5164798019933649,0.2063736404272575,0.003135311489052582,0.20003461972090483
56,0.20210252539039078,0.6458602458797911,0.06943258830579373,0.0019782536312814214,0.08062638679274307
57,0.1705357683381819,0.682762707473031,0.09952007710024917,0.0021826472584364114,0.04499879983010142
58,0.09632402564628002,0.5755854879547931,0.2364206734081529,0.0035197396243476444,0.08815007336642632
59,0.24278006266269672,0.6350306800989398,0.0638069598631869,0.0012329881245177563,0.05714930925065892
60,0.11273941672850363,0.6652616761977692,0.14726403522096593,0.001289370264086196,0.07344550158867515
61,0.05954034644653846,0.497162087958854,0.3959645882661534,0.0007855138920313108,0.04654746343642269
62,0.18916429512459815,0.6819863895842028,0.0805570021750283,0.0009203138275073479,0.047371999288663286
63,0.04583670377423583,0.6831389610298234,0.22344801079338172,0.0003532700092113123,0.047223054393347653
64,0.02738612439752464,0.5577509563752958,0.3743687037842002,0.0005716790134023584,0.03992253642957687
65,0.02364827195866776,0.575735037727104,0.36385759110952604,0.0006504410717388557,0.03610865813296334
66,0.005060684638080187,0.1985550468284608,0.7715807543030487,0.0004115822670881817,0.02439193196332219
67,0.005723668871362132,0.1953665156508396,0.7787110902086254,0.0004220078015368988,0.01977671746763586
68,0.008154019460599638,0.24481249758896662,0.7231933612165455,0.0006731427525522667,0.023166978981335868
69,0.010111260121548669,0.21594071612582422,0.6410150075914138,0.0011894465409451808,0.131743569620268
70,0.013807392753793927,0.2028108046779635,0.6910960917154966,0.0016023012226356796,0.0906834096301104
71,0.0166063603298106,0.3016064995975009,0.5488489945406073,0.0029704450747434115,0.12996770045733774
72,0.05206948813635593,0.5471595720167794,0.11366928670672533,0.003461446738156796,0.2836402064019824
73,0.0403271707092857,0.07044750378147681,0.0020282880958712793,0.0008161925842605785,0.8863808448291057
74,0.01596924210447789,0.02540370951387865,0.001189331871304516,0.0002089196337929753,0.957228796876546
75,0.09144512599933628,0.03733484519950133,0.0019709290282152233,0.00037961191488181556,0.8688694878580654
76,0.10687440525996081,0.02717674454608458,0.00229022283502821,0.0005959262009638161,0.8630627011579626
77,0.039582383834235076,0.024612406425630198,0.00020389738652760328,0.00029688387306207615,0.9353044284805451
78,0.1591969699369954,0.028925771402811305,0.0007819668368235524,0.0009394249112215743,0.8101558669121481
79,0.06870804046445357,0.02436709495436011,0.0008743718230201012,0.0008375496120984842,0.9052129431460677
80,0.08701887440040226,0.03328328146010411,0.0009112761429303988,0.001631159132731617,0.8771554088638316
81,0.06311649837544125,0.027559781041139163,0.00041794813911847137,0.001946494268243405,0.9069592781760577
82,0.09403670966239493,0.03679481442961376,0.0006712372559852126,0.008061593934740516,0.8604356447172655
83,0.13738340290279913,0.014068882942626865,5.627312517538278e-05,0.013690778170013662,0.834800662859385
84,0.061692690346013206,0.0072171976131872595,4.170677607886933e-05,0.004570014839105053,0.9264783904256155
85,0.05002437274957645,0.0041921793931198395,1.3129021666983472e-05,0.0031072324008676227,0.942663086434769
86,0.09756614997616753,0.006579074575368867,2.550494137586564e-05,0.00605442319757482,0.8897748473095128
87,0.1456445917236895,0.011373943361155268,2.2516096360406937e-05,0.01384212728333259,0.8291168215354623
88,0.11939429690601003,0.004949746492037623,1.7166303612671104e-05,0.015417542822003055,0.8602212474763367
89,0.31143753830164245,0.02306474696809843,5.578101758218631e-05,0.04170581128934401,0.6237361224233328
90,0.1096093018831623,0.015464868037994177,1.5513467601177615e-05,0.0243384736487463,0.8505718429624961
91,0.14962516393521189,0.014044356356195971,1.3168681634124338e-05,0.03207382946785019,0.804243481559108
92,0.21477624511084537,0.032495613721965376,5.15171725256551e-05,0.06877252850703643,0.6839040954876272
93,0.1613605221941108,0.01789910424582152,1.900264426354172e-05,0.029481353912448896,0.7912400170033553
94,0.1283862347205802,0.010053925547903303,1.771207249999186e-05,0.022997009302332765,0.8385451183566838
95,0.24287417998712427,0.024818040845949733,2.5707821026905716e-05,0.06650359192078133,0.6657784794251178
96,0.20080326299205623,0.050559041465125576,3.019295233072159e-05,0.054329853019824674,0.6942776495706628
97,0.22230771591166415,0.04076157911824554,2.5034416088316303e-05,0.08952186464907919,0.6473838059049227
98,0.16459614534057798,0.0647487384912541,2.628643770223114e-05,0.09871094541022753,0.6719178843202381
99,0.09735321623419928,0.011536070971711587,1.1286043460347974e-05,0.02646369804562696,0.8646357287050017
100,0.24581691595917407,0.022445500884230175,2.6155143978124707e-05,0.03995367516922566,0.691757752843392
101,0.1782997455334717,0.019977125971052,2.2037732035914144e-05,0.047152052519382495,0.7545490382440578
102,0.1215395878852782,0.011126156621758978,1.067954669931349e-05,0.027644372997127655,0.8396792029491359
103,0.14784499838901347,0.01647211953132496,1.5998120827456356e-05,0.04850279627015672,0.7871640876886774
104,0.16661551812066974,0.018794098059220627,1.2247174963974371e-05,0.027982480306971362,0.7865956563381742
105,0.13021132967874968,0.005436573042164487,1.2489636404903502e-05,0.026865053581697766,0.8374745540609831
106,0.07224547781547998,0.005085736328139375,7.681382726128206e-06,0.021070396523350365,0.9015907079503043
107,0.30804178653393843,0.018054221993797765,2.1211267981183956e-05,0.06472405254144824,0.6091587276628343
108,0.2560713722813946,0.022048730004490057,6.0470385083801816e-05,0.06912308777785253,0.652696339551179
109,0.18523571545192644,0.018548129079626503,3.454599548277886e-05,0.06560717427881188,0.7305744351941523
110,0.11824638590921395,0.013240436155660075,4.04205230578708e-05,0.09741853458105597,0.7710542228310121
111,0.11640273666179658,0.020467332828237324,4.117414517382063e-05,0.1181236262994471,0.7449651300653453
112,0.1486545741655263,0.021823587059245142,7.26361430308678e-05,0.06469249680938981,0.764756705822808
113,0.06736680322662741,0.017130438644519987,3.200275561439008e-05,0.09492753711606865,0.8205432182571695
114,0.1486398073504444,0.09072673736726901,0.00011090842144082897,0.2524199890835168,0.5081025577773289
115,0.0323016037430467,0.015959770927909532,7.786713313088112e-05,0.0862142326834163,0.8654465255124967
116,0.09297679790174584,0.06901984454125588,4.324738546545263e-05,0.284120797851955,0.5538393123195778
117,0.11520146921860167,0.03389040571781937,2.3435618940094162e-05,0.4637178796990751,0.3871668097455639
118,0.07196564253052803,0.02538203970357288,2.5030801828226072e-05,0.2567276052897596,0.6458996816743113
119,0.2185455895965065,0.021873713502956218,3.013596674587206e-05,0.42976283868017967,0.32978772225361175
120,0.21799500128574079,0.17105963906287586,9.710681110853426e-05,0.4381989361912509,0.17264931664902394
121,0.13439509676947253,0.12074092100632648,7.101811937391871e-05,0.6222033383138329,0.12258962579099411
122,0.14928755553486733,0.0568193528379679,7.559856334387863e-05,0.606703041501512,0.1871144515623089
123,0.14171326553519212,0.09449057340616562,0.00012428902349419888,0.6691350999545361,0.09453677208061192
124,0.25545342185863185,0.1293852708107382,0.000176107830681477,0.5144228705726455,0.10056232892730294
125,0.19235036340028805,0.19421592712114022,0.000920140553482688,0.542869831684903,0.06964373724018587
126,0.3127312216212812,0.11703359444189725,0.00020825057110564777,0.48678129050283814,0.08324564286287775
127,0.43839446013696426,0.09007227849980011,0.0003504588495016197,0.3164663572385854,0.15471644527514858
128,0.20954743378933177,0.47001256538149694,0.00509019990430898,0.18175330399400855,0.13359649693085385
129,0.4161575063730651,0.1499794580463112,0.00013799501441754831,0.330479376344771,0.10324566422143533
130,0.23698424286233258,0.6035139423523553,0.003698510852625809,0.12607007607607837,0.029733227856607727
131,0.21902132166989968,0.500154626496012,0.001168973528611105,0.24876707447247526,0.03088800383300195
132,0.3599341497435953,0.4811868492668908,0.0046751812302249585,0.08934833017652827,0.0648554895827606
133,0.30043244035685274,0.38365407406898117,0.0039906571482138725,0.2657013084360894,0.04622151998986291
134,0.3312468949539023,0.4537992848461961,0.0068014131530803636,0.15252783657728042,0.05562457046954096
135,0.2848586664848548,0.6178769569206375,0.00882609057415688,0.06381474283899304,0.024623543181357913
136,0.4681312635789963,0.4160327823808318,0.014698935725574654,0.026163928332141127,0.07497308998245597
137,0.48225149367769066,0.3102814091996316,0.011346394769884298,0.018372869473520372,0.17774783287927307
138,0.2784162906629582,0.4954798381736156,0.025060613728637483,0.02340303213742655,0.17764022529736215
139,0.3918681782702202,0.3365239951013385,0.013198772904974515,0.01434281673985743,0.24406623698360944
140,0.36151371743082344,0.4190680325585511,0.009516979054985164,0.011187994122901475,0.19871327683273896
141,0.414313589207335,0.4085530186795137,0.08132700379575246,0.005087075810567673,0.0907193125068313
142,0.32036572342401787,0.46715357089501924,0.04817318046245619,0.006307525527808908,0.1579999996906978
143,0.35473910108360696,0.5103165190260902,0.021646239727267865,0.022016702189877446,0.09128143797315762
144,0.1620470523337991,0.6643839029886094,0.04694884682762462,0.009186261209831768,0.1174339366401351
145,0.3340779375190707,0.4970795862308772,0.012837979589312988,0.005124273486898521,0.15088022317384042
146,0.3802702659042724,0.5156240954705362,0.0164379796413473,0.0027034835345209588,0.08496417544932307
147,0.24305997675055235,0.6467824727533843,0.04419145290074474,0.010154427286803389,0.05581167030851515
148,0.4324544874490272,0.5145805840108034,0.009575571913006875,0.006105459538091581,0.03728389708907103
149,0.25245545686441023,0.5844664949313442,0.008327532176159192,0.0039599629448235606,0.15079055308326272
150,0.35703755878197163,0.590346073196689,0.013456738457231391,0.01978161716755007,0.019378012396557873
151,0.29218282167007964,0.6501973062533768,0.026180536565641482,0.012946172712087506,0.01849316279881466
152,0.18339768239587798,0.7070749342622497,0.08086953523507025,0.0037571979417526545,0.024900650165049516
153,0.18175552014859525,0.7652505486255622,0.039397678444428326,0.0041825086039721585,0.009413744177442186
154,0.186549638981453,0.7166357195185017,0.05319723569104198,0.01885817802166518,0.024759227787338165
155,0.041557391936447426,0.6650467977686844,0.2727946582114453,0.006514058649429275,0.014087093433993714
156,0.03794545292074919,0.8395064714410428,0.10260808501745346,0.009563124458208389,0.010376866162546012
157,0.046657973983315934,0.5389424805213753,0.38333248733681813,0.007114313969857751,0.023952744188632975
158,0.014313679398779996,0.6439357174452138,0.32858724760774294,0.005346268208154215,0.007817087340109127
159,0.010297441477299715,0.5344249650072079,0.441009664419396,0.004674367121860362,0.009593561974236027
160,0.053498336437159164,0.8097336799003576,0.08658460654155008,0.024901964835326227,0.025281412285606902
161,0.01715806417032904,0.5272847849407255,0.3890736455645871,0.006003843704680678,0.060479661619677653
162,0.09071884093997426,0.27772207556136685,0.1762431723159104,0.0043125647846269655,0.4510033463981216
163,0.3639632367262821,0.16791082582712574,0.028305870663102063,0.007655700409069088,0.4321643663744209
164,0.15811301440640538,0.3239233366759475,0.06796029060847765,0.004801531545285584,0.44520182676388376
165,0.09920518779414864,0.5354803959939713,0.10395748040697123,0.00278703525741441,0.25856990054749435
166,0.2728401262866297,0.49133627013734044,0.022368149965149037,0.005983335623596915,0.2074721179872839
167,0.21611952656670003,0.6339773600833983,0.032670300524298,0.002394106584609222,0.11483870624099443
168,0.20228189074099123,0.6264652261885717,0.13212207740164444,0.001739235609233571,0.03739157005955915
169,0.05562208503687139,0.7669563839765924,0.1590787109267354,0.0031039436301081905,0.015238876429692723
170,0.09290084708914426,0.7404413816797626,0.1365829352302042,0.007214390184979183,0.022860445815909618
171,0.09163968208733163,0.7628685230176163,0.11864649422137678,0.008249394986128979,0.01859590568754634
172,0.03878568411517601,0.8703825476379551,0.08032342431583697,0.0025251112312139026,0.00798323269981795
173,0.04420853802732097,0.7933851947345323,0.13635237079877724,0.002188277001286881,0.023865619438082634
174,0.01171468930233117,0.5983756437256003,0.383597667125001,0.0010703000027159223,0.005241699844351579
175,0.043941847926696496,0.7676509774577905,0.17080062452346004,0.004161877910205034,0.013444672181847786
176,0.01722466561533607,0.693851064448502,0.2745694674515611,0.0028732737384386214,0.011481528746162298
177,0.007979341506171508,0.3229420548501699,0.660890573975174,0.0010452236101150605,0.007142806058369462
178,0.020253738188807064,0.6850718859820683,0.26700692552856176,0.0044827622838417,0.023184688016721074
179,0.09555981349588989,0.7320907761441818,0.10853936282176335,0.007199731161316923,0.05661031637684799
180,0.12528268122888492,0.4984796800582108,0.01873611094934985,0.010966053829945482,0.34653547393360884
181,0.19314266898737162,0.6252118117005515,0.05341389010124294,0.016117349885253332,0.11211427932558068
182,0.16866800762655298,0.5125042974332777,0.07787379478117958,0.004249934780268196,0.23670396537872151
183,0.19340441550973264,0.6416043455111018,0.05718582943863113,0.02377488940037919,0.08403052014015522
184,0.21354263406827906,0.5107545720527942,0.07586690346563263,0.02420500117885627,0.175630889234438
185,0.24791668459759728,0.46158086969429474,0.037775133332176795,0.026541929207309065,0.22618538316862216
186,0.08137149024271106,0.6934669596711217,0.09438536906023622,0.010953104457875977,0.119823076568055
187,0.2348088834348939,0.5330749259829046,0.033258197088843776,0.05629561028171694,0.14256238321164072
188,0.04362549920738777,0.1582039815011365,0.017905262413659195,0.01457225146711648,0.7656930054107
189,0.18174635694914418,0.2502392498697138,0.018775153341169335,0.008744092782742111,0.5404951470572305
190,0.27160493570297733,0.4727920124984011,0.03283833412906412,0.012520693545740527,0.21024402412381699
191,0.2534167654662142,0.5549600249292699,0.08276100900214729,0.014945610861114057,0.09391658974125462
192,0.12125404260283557,0.3535823791786742,0.08668217118111461,0.04306457280983523,0.3954168342275403
193,0.14882556413868808,0.5338936924821642,0.17582919504524086,0.04987452363774891,0.09157702469615787
194,0.1099336265650433,0.6419638295375085,0.1282942240318739,0.06391292656300265,0.0558953933025717
195,0.187796920343193,0.5114135891793892,0.10346366134631009,0.04591885232331895,0.1514069768077889
196,0.12888242721925766,0.7149195083869846,0.09571306800842871,0.014288960130646846,0.046196036254682146
197,0.09315629323827418,0.6716488597534863,0.20574171668146451,0.007792519977962911,0.021660610348811983
198,0.06237618219989854,0.45737612488169777,0.43673515273095115,0.004375640890446218,0.039136899297006374
199,0.06122684319364008,0.6117948157247569,0.3040091528280786,0.004797984867080806,0.018171203386443607
200,0.09078881536826615,0.6592450905132706,0.06664566702879758,0.005255532966227537,0.17806489412343818
201,0.11278706752502497,0.6216077478430225,0.22714892845515725,0.007044238010076084,0.031412018166719055
202,0.052826773310027254,0.46307097443553824,0.4684223884312901,0.0032345992772616346,0.012445264545882675
203,0.018632460955146785,0.3954874597914499,0.5710985988284042,0.0022145087346865126,0.012566971690312565
204,0.030443797635139047,0.5007428279754383,0.44168351529715083,0.00660494313409185,0.020524915958179957
205,0.04783696961540709,0.6113855644043535,0.3005002467903616,0.0070994158275988145,0.033177803362278914
206,0.027825653976664148,0.6804681752682366,0.2750158407504261,0.00535140112632746,0.011338928878345624
207,0.06130580826122407,0.7073662520935745,0.20493092287247647,0.004875561549700096,0.021521455223024906
208,0.03362847995953799,0.8222671207829588,0.12078077910807243,0.007201982335908484,0.016121637813522143
209,0.011717949092442566,0.4094503183680431,0.5639650072403086,0.003513865486880478,0.011352859812325375
210,0.08363524568502623,0.796468121530698,0.0882737209144701,0.010280537452789321,0.021342374417016374
211,0.011881244032081085,0.43304632801056414,0.5380138597284844,0.0031043512246927904,0.013954217004177752
212,0.08499440821140414,0.7452799598966726,0.13615204098752104,0.010346851585541987,0.02322673931886021
213,0.015377267369493575,0.7182311268495808,0.2511819179224711,0.003672341980321925,0.011537345878132384
214,0.03478118255223976,0.8262108016827154,0.11741247297874842,0.006749850021475012,0.014845692764821452
215,0.023390942633121064,0.49052249444131774,0.46484683129161036,0.0023469891182847126,0.01889274251566598
216,0.0259493182022056,0.5995093816300361,0.3589034131932401,0.005881431979275968,0.009756454995242088
217,0.011550502578070037,0.4939625897602766,0.4824796050967972,0.003626418822352628,0.008380883742503419
218,0.0278748842702179,0.5787175561466649,0.35359364764377765,0.010155232501241509,0.029658679438098193
219,0.10647469864046778,0.7103971752544331,0.08285102163705255,0.034516627487408365,0.06576047698063824
220,0.06371434294250324,0.6310250503205816,0.26297050312017306,0.021101213056684505,0.021188890560057762
221,0.15674803136509735,0.6248790671963687,0.1576255856406245,0.0235920986610358,0.03715521713687378
222,0.26121793983774894,0.4997844693436203,0.03592571525889098,0.06577835172854749,0.13729352383119225
223,0.1503438887780857,0.6162774903659871,0.0973089413341422,0.06545451367511837,0.07061516584666673
224,0.20691146060538013,0.2742905557360376,0.05316043684468784,0.02440494682160912,0.4412325999922853
225,0.27061504338483083,0.5234747713517207,0.03798175963032746,0.040185882893620135,0.127742542739501
226,0.22706891350754335,0.5965743775234343,0.040602983201274326,0.035364312040177835,0.10038941372757017
227,0.21017674515689097,0.5233392435876555,0.04658352327691503,0.016367269056722828,0.20353321892181556
228,0.19902111135920653,0.5335478940596468,0.06675887670850092,0.03411820345835359,0.1665539144142921
229,0.09639604487070685,0.8111599222743294,0.0347193221602952,0.022644093555426598,0.03508061713924179
230,0.19116342198442698,0.5230314723721521,0.07957507945407084,0.013355439731914281,0.1928745864574359
231,0.18247482670381468,0.5914608594028694,0.12587091933382652,0.015155206528831323,0.0850381880306581
232,0.13531596993880235,0.6566358052811079,0.1021126456590046,0.0183052345217169,0.08763034459936832
233,0.41423348669414833,0.4190674028394697,0.04266355459797207,0.015593963586739996,0.10844159228166986
234,0.4053330767316099,0.48183967732414773,0.0031890965455289785,0.0933653962865501,0.016272753112163165
235,0.213305736519471,0.7352913717805114,0.009483857208815734,0.027762144743143216,0.01415688974805866
236,0.1037020754914949,0.8225336068933563,0.016533125993230764,0.052648468202554616,0.004582723419363262
237,0.05872428506261515,0.7468378016521768,0.013618041358183319,0.1766566504076584,0.004163221519366083
238,0.15449179090986453,0.6118154051815214,0.005023932020286542,0.21266011120566788,0.016008760682659415
239,0.07824563175392439,0.7139450332418795,0.0033968042933091207,0.19665138790837014,0.007761142802516884
240,0.07573369188550333,0.7552820434398984,0.009667056770509299,0.15262100675992785,0.006696201144161352
241,0.08034992983574298,0.7792025654909033,0.06339148091106328,0.06737814255721551,0.009677881205075047
242,0.06282524822942248,0.829610859031546,0.007437942286973565,0.09362204801765944,0.006503902434398624
243,0.039579390535768144,0.7889275332372028,0.14138643289202343,0.021760052005394465,0.008346591329611087
244,0.04602177677763842,0.8956884033345093,0.032979548624601084,0.01907430690263065,0.0062359643606203965
245,0.037959112470251674,0.8639520518715612,0.08256946456134642,0.010314182793330701,0.005205188303509962
246,0.07156705848561616,0.7902580727286939,0.10592957262826667,0.014251411773234544,0.017993884384188853
247,0.021543048876223343,0.7967806238133993,0.1648794292259992,0.012641741530886309,0.004155156553491638
248,0.10116421260728593,0.8473317816742432,0.008196529074782423,0.03525185662588034,0.008055620017808135
249,0.07581115111916477,0.8804940420563361,0.0066561623796130434,0.032039099686054805,0.004999544758831309
250,0.01325708682240794,0.9156366354066273,0.056685467290389875,0.011780386390051573,0.0026404240905234895
251,0.16187687163461942,0.7995787445107244,0.0077906259196299345,0.018153660057641213,0.012600097877385074
252,0.105826081482943,0.8401767184645973,0.002736446247917623,0.04531702066283823,0.005943733141703731
253,0.0353621467509857,0.8540874667277076,0.06381105497194138,0.03755974319317787,0.009179588356187372
254,0.21014046181448437,0.7021002941679495,0.009423149407556617,0.05688317786653267,0.02145291674347693
255,0.12148168143589555,0.6161013422674351,0.0010309897017020063,0.25648472778747977,0.004901258807487633
256,0.048118814599763124,0.8456202336557257,0.015665725971588804,0.08272295416925839,0.00787227160366415
257,0.03799075192418852,0.8304885043372082,0.030416322944799727,0.09536138274696447,0.0057430380468389474
258,0.028778618401115386,0.7827104014156385,0.02707117764538769,0.15629616474816788,0.005143637789690432
259,0.1632634951229672,0.2809220131899197,0.003602995824392073,0.15606246761392545,0.39614902824879544
260,0.346061781283051,0.5161421576896664,0.0022918843805239306,0.07333795660975012,0.0621662200370085
261,0.46582718551857966,0.4463091221161483,0.0024920893292818182,0.06723803032229053,0.01813357271369974
262,0.27770789158154247,0.6843202094633416,0.009371544620946713,0.02104190488241666,0.007558449451752473
263,0.15321613180918014,0.6727193633409339,0.0011751771524402355,0.1617242708101418,0.011165056887303822
264,0.044392895841528016,0.8278148473508417,0.04567919776916535,0.07233839229877116,0.009774666739693816
265,0.11374717359591899,0.7763969873062121,0.0068964602783919615,0.08804460840836527,0.014914770411111479
266,0.1840169704872405,0.723055329576663,0.021258382478497734,0.06375721306389592,0.007912104393702697
267,0.04410187390629291,0.8756362589961394,0.03604106946432514,0.03692853845324248,0.007292259179999932
268,0.10549594920974573,0.7903475795958969,0.002851272458586341,0.09429352077148433,0.007011677964286859
269,0.09749089924829894,0.5514998474262941,0.02943804273286557,0.019512343466707948,0.3020588671258334
270,0.3422943885522742,0.5543421480706954,0.0007902425402525891,0.09256890012565741,0.010004320711120576
271,0.10725607276604837,0.8433241113774018,0.002678688790090087,0.04132190525016534,0.00541922181629447
272,0.09697828352578976,0.8539771505782613,0.009715816163018318,0.03425677672759198,0.005071973005338622
273,0.09508286503871897,0.7452236546364399,0.003346498836805825,0.14833615651297072,0.008010824975064558
274,0.06371962436866965,0.8663149986432281,0.015829426906073227,0.04936547538351274,0.004770474698516049
275,0.036429488792933715,0.9039258410384206,0.01618255350421283,0.04026475340023355,0.0031973632641993655
276,0.034920264331737214,0.8903043645607109,0.005402710049800652,0.06631967745757786,0.0030529836001734214
277,0.053595336922731426,0.8988981167491922,0.004302558904584154,0.038004109257908675,0.005199878165583388
278,0.07585738056174433,0.8708190181522113,0.00333586610097713,0.041116698221195576,0.008871036963871664
279,0.11452477368124697,0.82087724053723,0.0008117764885011028,0.05726985310048888,0.006516356192533009
280,0.0433218202593339,0.9341200728066875,0.007020789166572838,0.010936596099410646,0.0046007216679950355
281,0.047034580860674316,0.9078200125935108,0.001486094006834482,0.038384347935699455,0.005274964603280956
282,0.0711516091878211,0.8607245455868946,0.0027580034041471183,0.05921389663208948,0.006151945189047727
283,0.05066638700947143,0.7463228820312989,0.004384639373786618,0.19227544412147207,0.006350647463970942
284,0.04481687286921599,0.5550571800881754,0.007166743703835135,0.3881963737250676,0.004762829613705962
285,0.04531665799314804,0.6927309276477512,0.0031706697695735252,0.2539552814260147,0.004826463163512564
286,0.08426084724215521,0.6042627075669443,0.0009304352795634518,0.29858742631731006,0.011958583594026892
287,0.16693024014248292,0.5163348011547628,0.00015743409636622047,0.2805604077098621,0.03601711689652584
288,0.20279136313829824,0.4819802670353238,0.004661355835038207,0.2441728112084023,0.06639420278293744
289,0.2771094064609034,0.4420521577445353,0.0005877684840803735,0.24972701693781268,0.030523650372668326
290,0.2848523611707888,0.43473909254214144,0.0004667096382084447,0.25603824959552574,0.023903587053335597
291,0.1373297843492815,0.601006874204905,0.0010772607200628412,0.2545396181991504,0.006046462526600355
292,0.0771310848757216,0.7351411481172879,0.01826247451693653,0.16160416828063595,0.007861124209418119
293,0.08316528305478477,0.37183148709398883,0.0005493344798948585,0.5351158873971785,0.009338007974152997
294,0.07578927839628427,0.5520322777623062,0.000791926309838538,0.3645077309574463,0.006878786574124564
295,0.04304640377365954,0.5443880966657713,0.02726879991586439,0.37629937864335217,0.008997321001352492
296,0.048299926554268915,0.7401099675583348,0.006108430193221543,0.19954656769943654,0.00593510799473835
297,0.031512754628709096,0.8296277113418599,0.018772199638461037,0.11395959301731066,0.006127741373659294
298,0.049844554543992885,0.6803678601774558,0.006716491214921413,0.25182829121213174,0.011242802851498318
299,0.22274316558205734,0.5479153761420753,0.001353771663817447,0.15949221322183338,0.06849547339021655
300,0.4419920012638634,0.4478053075955298,0.00033221588994255716,0.05522519619674206,0.054645279053922156
301,0.35468590827847335,0.5999369697706304,0.00046523285691869653,0.03161112204595619,0.013300767048021444
302,0.19474300717719178,0.7810497121171307,0.003863051551527172,0.009644626886442662,0.010699602267707692
303,0.20965599458538214,0.7539076409032529,0.004462976059393119,0.024563040480786662,0.007410347971185236
304,0.07430203037280837,0.7946736781248159,0.009453403487716438,0.11250654456916478,0.00906434344549443
305,0.06864696403653776,0.5362479672683902,0.000720460565424056,0.38724063461311714,0.007143973516530817
306,0.09289409338230364,0.7766798070669453,0.010623808549847926,0.10745613489738487,0.012346156103518363
307,0.0839386508814181,0.7958183121731419,0.002300226111765783,0.11198496336712706,0.005957847466547087
308,0.07287685530654428,0.883885048150446,0.0066436104129343415,0.026557027020496653,0.010037459109578567
309,0.09597875795099266,0.6918569776047288,0.002483284444471767,0.19630240589227405,0.01337857410753262
310,0.058474130193869066,0.7633469007961095,0.0017772511703724907,0.16693980483692264,0.009461913002726209
311,0.18670589679831553,0.7157944960655072,0.002141675437378593,0.06937202541024565,0.025985906288553035
312,0.12530664965277175,0.3642694268373683,0.010440686557507708,0.04617346050756157,0.4538097764447907
313,0.5106600025889149,0.17947237454874365,0.0007609598465491481,0.18310615085074775,0.12600051216504465
314,0.4932968723143196,0.32188285636869474,0.005292045506665051,0.11422032028629958,0.065307905524021
315,0.5523260875353563,0.15218361159175092,0.00018054961051162211,0.15210880059207332,0.14320095067030786
316,0.4135431797709106,0.41298986525346315,0.00205787441398326,0.1413719102470196,0.030037170314623437
317,0.5752124656843665,0.19070749417861685,0.0006891443519661342,0.18319714863231448,0.05019374715273608
318,0.4550864649284635,0.4570728402820976,0.00316694353868842,0.04168525203071582,0.042988499220034705
319,0.12428193095571727,0.7224034565798557,0.012433656333047391,0.12681846345300868,0.014062492678370918
320,0.0762703664246018,0.862333577906115,0.006708265396202995,0.04434721334590751,0.010340576927172655
321,0.11855019063759156,0.7698222988110852,0.0029767043208938824,0.09230138478695311,0.016349421443476314
322,0.07795863504280189,0.80430120290668,0.046728007873328446,0.061746014301290765,0.009266139875898744
323,0.30742251110732455,0.6427753393132711,0.001766091529800416,0.0326409837307455,0.015395074318858528
324,0.10532785670695756,0.8620811061456742,0.011706980528247505,0.014445822654605834,0.006438233964514759
325,0.04107319099731966,0.8934642498262109,0.04999452391097513,0.009766402366978061,0.005701632898516033
326,0.0899746863130571,0.8608460365752675,0.01944796755141195,0.02326550304744435,0.006465806512818928
327,0.024252591728906783,0.8747102508731359,0.05190474035955401,0.04326161306677337,0.005870803971629732
328,0.1272990687274639,0.8068797168550708,0.022860911773248165,0.028028733061556458,0.014931569582660889
329,0.04567228575311049,0.8757667321816791,0.020511786813902335,0.052730036366806524,0.00531915888450161
330,0.14281808047496095,0.8250467701262745,0.007455127244091394,0.014624034362518771,0.010055987792154407
331,0.10296172624110266,0.8634895712235883,0.012462399598235167,0.010948216676422068,0.010138086260651881
332,0.07507229636744189,0.8783758272791535,0.015875017262402997,0.025100333425895238,0.005576525665106399
333,0.03853022687861733,0.8874377477654224,0.04059442498598994,0.027243911585447138,0.006193688784523057
334,0.038096109697073305,0.9142258817168705,0.018898688118857525,0.02364300824557655,0.005136312221622342
335,0.027326955683614814,0.9071586567855872,0.046393671034186026,0.013736419815962254,0.00538429668064985
336,0.02022605494946622,0.8745501440924751,0.06530530004306866,0.027538125606767345,0.012380375308222889
337,0.012376296877862913,0.8351558368097912,0.13747430346600775,0.009494642191698023,0.00549892065464022
338,0.03558937501603536,0.8127776079373981,0.133539674677551,0.010348774914816191,0.007744567454199517
339,0.03327036090770349,0.9380612719221593,0.017297314571308776,0.007108281639844821,0.004262770958983583
340,0.018838896137247815,0.8399086493460178,0.1288334568370165,0.006803259120369735,0.005615738559348002
341,0.042592253351055945,0.7847177613255564,0.13675714072051912,0.02706930767081234,0.008863536932056255
342,0.02491509640146432,0.9339355303028095,0.022441487015337196,0.008091340935703307,0.010616545344685754
343,0.018463221570334844,0.629908189522324,0.32839166434557016,0.014807985254219358,0.008428939307551536
344,0.031175682687394787,0.7811406413582093,0.16485906109551748,0.014614317596034489,0.00821029726284374
345,0.0386081315028539,0.8938724188914003,0.04424659547205232,0.013321996066711089,0.009950858066982262
346,0.02723076261455925,0.9029939277362907,0.05263564193809582,0.009901682004106198,0.007237985706947995
347,0.06182852393670028,0.8919565791566413,0.015989297543891334,0.024570937981766666,0.005654661381000579
348,0.01589007224547102,0.5520413996224677,0.4127228198862182,0.013516810174335186,0.005828898071507954
349,0.04214848902388989,0.9014120006063835,0.03434021548225347,0.015620488393804203,0.0064788064936688655
350,0.020822530079691554,0.8342195175164595,0.12357545904760528,0.014207572613700661,0.007174920742542769
351,0.04133493918515364,0.835856052307844,0.10163021330354144,0.012476671374829431,0.008702123828631326
352,0.03182967001775899,0.8963228074470629,0.05538765713041077,0.006543182392779237,0.009916683011988203
353,0.022939614981248833,0.9442977199678475,0.02367464880834415,0.004942629545866659,0.004145386696692924
354,0.022508821621639946,0.8081521315250021,0.15750395508849127,0.005291350446725497,0.006543741318141198
355,0.02063924852141498,0.9051928990463203,0.059986516638955545,0.009109039773470856,0.005072296019838432
356,0.014396645250640872,0.5580453100353522,0.3977319828987849,0.00704205363949792,0.022784008175724086
357,0.09378181963766645,0.8649296278703101,0.011402982809312288,0.020402702681960438,0.009482867000750775
358,0.022318243071080802,0.9235669054693498,0.03972529147619424,0.007324596429467857,0.0070649635539074525
359,0.017549198299691277,0.8010608390143463,0.16530162511022775,0.010657479260800564,0.005430858314934061
360,0.026115722784099123,0.9192545045829749,0.03133019904042399,0.015789881079431335,0.007509692513070442
361,0.009736448393251732,0.8908004872145694,0.08252177802147295,0.011369621697947111,0.005571664672758673
362,0.01343443185803774,0.6976217749108014,0.27279806688746144,0.012333428527939465,0.003812297815760211
363,0.07188765423946607,0.7401839434827082,0.13322138460546398,0.028855813961754406,0.025851203710607288
364,0.2376002365837611,0.6419051395185759,0.027661247879620838,0.05546580465908464,0.037367571358957664
365,0.13726491442805586,0.753276188216724,0.06682128948557282,0.006249333637470852,0.03638827423217636
366,0.0633792966265902,0.8738458417176106,0.0537337275430776,0.002593967848460564,0.006447166264261096
367,0.027487160982359753,0.8032817127509744,0.16003185493415412,0.003240800265533401,0.005958471066978299
368,0.021393325251081206,0.8539095381412352,0.10933020491004769,0.009050019637987768,0.006316912059648204
369,0.06984412654719481,0.779810053416063,0.09277358135007571,0.042708630339612176,0.01486360834705431
370,0.19738559690651045,0.7206823303658191,0.017844348245129975,0.04407496575815385,0.020012758724386653
371,0.1469549647333882,0.7304232525284535,0.07748677248347446,0.02865010696695689,0.016484903287726765
372,0.09094133882731761,0.8236118174473079,0.013064130640930828,0.06302569849537118,0.009357014589072633
373,0.1330644825843424,0.7194937020966558,0.01269536155286783,0.11967115389921974,0.015075299866914048
374,0.028568796410548603,0.8863679258031154,0.010814847450172697,0.06997297725498462,0.004275453081178751
375,0.03609335128850372,0.8758078666255859,0.016983840361866166,0.058164253003005886,0.012950688721038594
376,0.04281192909477658,0.87178173601997,0.023602879330989566,0.023784801460473105,0.038018654093790676
377,0.30304749848625173,0.4847809655703225,0.0008725119950649514,0.07739885162506936,0.13390017232329138
378,0.318330507927267,0.5697411360165567,0.0017904827706284922,0.036263604821617966,0.07387426846392987
379,0.3956896169414614,0.40494227078653605,0.06001277726265501,0.026148527811217064,0.11320680719813052
380,0.3941858973826123,0.4315190871060396,0.0017532371703649862,0.07864437672672012,0.09389740161426313
