epoch,N1,N2,N3,R,W
0,0.004108169183910427,0.004181623934351795,0.00013703690149544556,3.835830597716861e-05,0.9915348116742652
1,0.003095285761798266,0.0016181702664787635,2.4038567649816017e-05,3.4787184265698665e-05,0.9952277182198075
2,0.005658678227096106,0.0012923528704765052,3.8716411891406046e-05,0.0002663463178455426,0.9927439061726905
3,0.01563415147737393,0.0025768870101508193,7.68171007210531e-05,0.00047675129489015757,0.9812353931168639
4,0.009216535782821379,0.0010566903394913867,3.584596806445073e-05,0.0009269190363231845,0.9887640088732997
5,0.02484815180938228,0.0019742885932187947,1.4966302460454332e-05,0.019673527410003035,0.9534890658849354
6,0.01703153630734397,0.0029536678402461007,0.00019253387112469928,0.03441946638049839,0.9454027956007869
7,0.03136581962731467,0.0018576524416754401,2.9559552751817573e-05,0.03157010230817829,0.9351768660700798
8,0.059186319362093766,0.002982634583481942,8.895099231059956e-05,0.050389202532117185,0.8873528925299966
9,0.0424026076153769,0.002190070415903251,5.3834824651911665e-05,0.03793379566330391,0.917419691480764
10,0.051197011100360394,0.005110499486075647,7.362007511943508e-05,0.04988538764073418,0.8937334816977103
11,0.02159650972331309,0.0017468783683525439,1.952439511798039e-05,0.003369725259587962,0.9732673622536284
12,0.029199039148837543,0.0011231514384321991,9.696315570017034e-05,0.0023188382175856254,0.9672620080394445
13,0.03199984061550741,0.0009390385951784649,8.869527304019159e-05,0.002846866671969053,0.9641255588443048
14,0.03687887287563233,0.0005872577684060528,5.561988239735068e-05,0.002141323983253506,0.9603369254903107
15,0.05262008623784666,0.0005641337939778287,5.159990769356446e-05,0.003061458054868232,0.9437027220056137
16,0.1947036331109588,0.0016461531123575038,0.0001535101381375766,0.004598315775413409,0.7988983878631327
17,0.15728851491987894,0.001556988521747686,7.5695836635279e-05,0.007389367950136553,0.8336894327716017
18,0.237478027726358,0.004435456500289103,9.56420872989947e-05,0.013041594462707737,0.7449492792233462
19,0.15087642138814586,0.002593307331371847,4.6598555258288204e-05,0.007773030898425207,0.8387106418267989
20,0.4447945947401589,0.011615168503560903,0.0001609255383097813,0.009507310054591305,0.5339220011633791
21,0.5666114175020436,0.03583958033595418,0.00022428812817166163,0.010696179478005158,0.38662853455582535
22,0.6269280083403749,0.1309367936286251,0.00029811769556266896,0.015646828294588747,0.22619025204084853
23,0.45672527229440163,0.32418474007221676,0.000933088193972099,0.030404420298986386,0.18775247914042328
24,0.34855455685234665,0.14259348305804936,0.000352753892994073,0.04902533482556623,0.45947387137104373
25,0.44446018806528814,0.121406316616643,0.00027506888172280556,0.013280415539108045,0.42057801089723795
26,0.5931776921561963,0.23748559939886663,0.00015671765688472094,0.0362371625040525,0.13294282828399984
27,0.5181117769597322,0.3105167682630082,0.0007008085515195705,0.04248810404486115,0.12818254218087882
28,0.5089075420198751,0.3262051936917149,0.00033521099004047805,0.102435655591638,0.062116397706731434
29,0.243195653394757,0.4768145717053963,0.00042234587969072816,0.04118804997315417,0.23837937904700188
30,0.11619323539855454,0.8157069817407985,0.0016930551832813516,0.0332714501809159,0.033135277496449664
31,0.048416230610092884,0.02066265412306949,0.0001145901397906099,0.013759118227362192,0.9170474068996848
32,0.27587802698281416,0.06056585040822946,0.0002082939306423923,0.018297652562595232,0.6450501761157187
33,0.574745197208992,0.1468398081497473,0.0003806460657061964,0.03987126176175286,0.23816308681380166
34,0.6731905430317204,0.2807954787046185,0.000556878783328585,0.014693229301600955,0.030763870178731525
35,0.08597628094550822,0.016598828842194494,0.00013405198972876926,0.006932976554106035,0.8903578616684626
36,0.2592845852832208,0.04337935155802035,0.00025883814884056537,0.01934206676231049,0.6777351582476079
37,0.5761758858153012,0.06412903549127852,0.00020675559490369915,0.05125910926773303,0.30822921383078344
38,0.773776940358375,0.12582742964263643,0.0006676222633386379,0.004784874702856036,0.09494313303279375
39,0.4385121523238209,0.02567042774546874,9.226236825620094e-05,0.003402180821073713,0.5323229767413804
40,0.7175163696115517,0.10804785809639877,0.0008240089530458357,0.01902368624663398,0.15458807709236982
41,0.31640440859855773,0.6052360310777245,0.021030265411230625,0.0037203188498926903,0.05360897606259433
42,0.2604267625078244,0.690864100047537,0.00997395261008891,0.003113140236856883,0.03562204459769294
43,0.2807772562709057,0.4814471106662289,0.012130755245553331,0.010694558324929897,0.21495031949238208
44,0.09089982251081782,0.06228136554026439,0.00031731249550318236,0.002013674496209754,0.8444878249572049
45,0.25106130381053865,0.340919907711585,0.005963619705626638,0.0047863290580104426,0.3972688397142393
46,0.47635664428963675,0.3953126874970181,0.007235909323702937,0.002730852793877654,0.11836390609576447
47,0.5311016779207932,0.3023431017815169,0.0023884894584707355,0.0038800304582449737,0.16028670038097417
48,0.3276956514188493,0.5541081966549096,0.0047814872678680394,0.005882670771927042,0.10753199388644588
49,0.2560964231733293,0.13506914761358216,0.0016637720089101315,0.004969864052739109,0.6022007931514393
50,0.36420635358327147,0.5686248473958411,0.010778913070290708,0.0031616083147568493,0.05322827763583995
51,0.28321535915673574,0.1688858734182014,0.0013354707070217086,0.006288365988189608,0.5402749307298516
52,0.4591095527001219,0.4023397838442547,0.007567542730407263,0.008037923794904292,0.12294519693031199
53,0.20537615750003752,0.676564661002789,0.01709169374918371,0.006284353488470398,0.09468313425951967
54,0.09725238811175416,0.03176500188409395,0.0005068297995066747,0.0021176686370820356,0.8683581115675632
55,0.5180096780250101,0.40761248146365703,0.005646332339207297,0.014408730480616477,0.05432277769150923
56,0.424630188708069,0.1580540824059171,0.00013888988280854567,0.012675753053176655,0.40450108595002876
57,0.4345866208358561,0.5229229968493814,0.001227022115403739,0.01197642006585935,0.029286940133499542
58,0.33088175190770186,0.6059737533370493,0.0024258675901116097,0.03418999260909526,0.026528634556041944
59,0.09671614436190554,0.8582768892294173,0.010527008224492648,0.014059673127661135,0.020420285056523393
60,0.05018788364987307,0.12555696668972996,0.0007012713929022861,0.008552011504223151,0.8150018667632716
61,0.053951609972462726,0.03143729205512686,8.771800084316403e-05,0.002257658451323759,0.9122657215202435
62,0.6206294812836914,0.12395083037673756,0.00024897345487686213,0.015723064711390386,0.2394476501733037
63,0.6506258577121293,0.15107845389379365,0.00019052204102327586,0.001806087808534152,0.19629907854451958
64,0.41586334509111283,0.35613177750002156,0.0010102783823756534,0.0077097229336486025,0.2192848760928413
65,0.2936192504744777,0.10247498163475809,0.00195591156868284,0.02006475888121954,0.5818850974408619
66,0.17071272082600722,0.7224416851630044,0.02811439112379731,0.039964928757977185,0.038766274129213796
67,0.15835696832896184,0.2844779044881621,0.0072794831991068445,0.06819354132891947,0.4816921026548497
68,0.08683501307308969,0.027541962571054925,0.00015109952389653634,0.016402358048147332,0.8690695667838115
69,0.42105794167336297,0.20159807873747143,0.00037935577172495835,0.03417698825707235,0.34278763556036834
70,0.6553153581709839,0.14038193636806412,0.0001755209319244943,0.022965760166077192,0.18116142436295032
71,0.2890134582225195,0.6837591331840476,0.0011687400188318058,0.015017586909784681,0.011041081664816297
72,0.46940000169433,0.16059506829210077,0.00031378616911402593,0.08293945888395816,0.28675168496049713
73,0.23717776503980523,0.6156297764091166,0.0029065029114956793,0.12294980032906208,0.021336155310520116
74,0.1376334799552301,0.7728067747562157,0.0030523931813252244,0.06879067595666273,0.017716676150566133
75,0.44602226212766494,0.11127190037520913,0.0005544355963471025,0.0485714193662012,0.39357998253457765
76,0.23164470210450744,0.6966819536920666,0.003400838422170902,0.047090969118308026,0.021181536662947024
77,0.2317389176737811,0.7342395185684424,0.0030426247459060377,0.016119758883307904,0.014859180128562646
78,0.23129774905681166,0.7420699552489944,0.0016107258777076558,0.01165277996954613,0.013368789846939927
79,0.0774413011145656,0.890718215715698,0.004860885965365528,0.020999497192891344,0.005980100011479545
80,0.3126619420506907,0.5150122658735328,0.000955812733030846,0.010459618058879698,0.16091036128386615
81,0.1206315417584732,0.8626051867458208,0.0030027507409373607,0.00473490663656614,0.009025614118202633
82,0.03964464061651519,0.9456216253719564,0.007295830726329934,0.004252072810969233,0.003185830474229253
83,0.4087766507563323,0.48142194502116026,0.0017806765531200558,0.005314836645189321,0.10270589102419804
84,0.03528889272162647,0.9088808898187094,0.04735262141373856,0.005157478413750715,0.003320117632174903
85,0.025101500580914236,0.9347981351034673,0.0330053793217412,0.0016466887754677875,0.005448296218409525
86,0.19315097817646582,0.7505667816102682,0.010664773263506906,0.010244170799386563,0.035373296150372616
87,0.020498784556677703,0.7172080092147284,0.2581723196333857,0.001180875080648937,0.002940011514559211
88,0.0685577018519414,0.9050696022736237,0.013025461206521054,0.006277977997158269,0.00706925667075542
89,0.4651584842888583,0.4258134642753573,0.0013541831679723634,0.02143175266751243,0.08624211560029958
90,0.05272728006298582,0.8801474642727546,0.050356113202117095,0.009075114014767032,0.007694028447375488
91,0.06883223591834174,0.43609142527597267,0.033165929618855644,0.0013340039810525674,0.46057640520577736
92,0.10310595607377776,0.04492224283115923,0.00011742137821523727,0.0032702146505719726,0.8485841650662758
93,0.30290658422723477,0.07733338092820688,6.281990779982753e-05,0.008906655017171923,0.6107905599195866
94,0.3067748489030926,0.02598810613483151,3.986454163239922e-05,0.002327916030360822,0.6648692643900828
95,0.5328588911050205,0.01391905222362586,1.5967435077547375e-05,0.0029771002004226775,0.45022898903585346
96,0.5156632893651906,0.036840858581915006,6.64420191936058e-05,0.008150929460251864,0.439278480573449
97,0.7240463201303288,0.09074922760959432,0.0001273960232646071,0.02642377724692041,0.15865327898989207
98,0.631937943000783,0.11438851918144399,0.0003052529711375761,0.044745291732078474,0.20862299311455693
99,0.18394806014919662,0.60849118887795,0.010456879190742178,0.06351762277382579,0.1335862490082854
100,0.05562984541776972,0.01091024111734043,3.534549196815967e-05,0.0086460434070212,0.9247785245659005
101,0.12515087252659007,0.036672596564456275,0.0003692212905345028,0.05258402144939342,0.7852232881690258
102,0.4730987131538937,0.12468223003122693,0.00034814927744435895,0.20066391952636708,0.20120698801106787
103,0.7070965355499869,0.17336591975439897,0.0005563620203987385,0.09287503656073445,0.026106146114480828
104,0.23411705995250554,0.6268789630863323,0.005921641685590556,0.07401995095065958,0.05906238432491201
105,0.15487429667101654,0.20486238475982013,0.00067184926525291,0.09271316951917581,0.5468782997847347
106,0.40299435473239004,0.15834158443175414,0.0006159555354166848,0.08373525959973546,0.35431284570070376
107,0.5821743582527044,0.24220348641273626,0.0015544912823560095,0.03243354520541842,0.14163411884678478
108,0.5711236725032085,0.37964922174912125,0.0022445927184415243,0.006613591714626394,0.04036892131460217
109,0.1759529110903862,0.7946600295887526,0.009169438762500186,0.007018198965220315,0.013199421593140812
110,0.21533576506574129,0.6945458238103241,0.0028199358302467463,0.009610482150861665,0.07768799314282605
111,0.24956503460707608,0.7013375120113834,0.0044959891893269705,0.01076651958272625,0.03383494460948715
112,0.10063395825394643,0.8654968821295618,0.011247667827648954,0.006458362858695634,0.016163128930147097
113,0.11560306588441281,0.2073941757556452,0.023658330628345228,0.0014462457367860591,0.6518981819948108
114,0.3214603678185432,0.5670934764933693,0.019431038248932674,0.02424999841247364,0.06776511902668123
115,0.10020035222167184,0.8337422829341387,0.04155967406437897,0.016115786504689186,0.008381904275121452
116,0.17177636606981989,0.16309009823198978,0.0017900912316525487,0.007946551710466293,0.6553968927560715
117,0.22018417854619146,0.6880563426362027,0.012686008119451486,0.007614354662989961,0.07145911603516436
118,0.08834505688582929,0.881556910787649,0.02002970352758764,0.0044856794968805135,0.005582649302053424
119,0.2423155969832177,0.7134694977318509,0.006440284318141261,0.007592041786761339,0.030182579180028955
120,0.06016774336065132,0.9159939698542716,0.017438318404577352,0.002436735947056811,0.003963232433442888
121,0.021262252026770775,0.7954039529053006,0.17769761469510265,0.00233943945617117,0.0032967409166549362
122,0.02102063333391054,0.8233597533299309,0.14402160026466085,0.006073351492232883,0.005524661579264701
123,0.027572754696160055,0.836270816844688,0.12485089782926721,0.006210901854862048,0.005094628775022651
124,0.02942661306899598,0.7893634227474754,0.15152600560516805,0.015095767960268373,0.014588190618092259
125,0.21792277972924717,0.5176262653266739,0.01613557745770018,0.15475555281647063,0.09355982466990816
126,0.04932710774278645,0.8197717556623265,0.06758261130202431,0.05248648072595914,0.010832044566903504
127,0.021100704563778994,0.6807494495343454,0.24639028148749523,0.045480942545400894,0.006278621868979666
128,0.15246008293682503,0.21823202344194478,0.003940182401794778,0.04980229162249062,0.5755654195969447
129,0.3269044924203818,0.3953853980430879,0.0017243762704009975,0.1868642690122974,0.0891214642538319
130,0.24901421811596924,0.7040356554097049,0.0008529381259366912,0.017390677843692286,0.028706510504696844
131,0.6050506738643796,0.3273199834739196,0.0010225277615051745,0.00596148755946013,0.06064532734073558
132,0.06458936757075746,0.9201980134209402,0.007717533622822845,0.0024031821321971324,0.005091903253282241
133,0.39737071906033944,0.48494385364547343,0.0013981563186058993,0.02323916087969292,0.09304811009588833
134,0.1716892697019858,0.7948968969604419,0.007740533706697435,0.013164348586253451,0.012508951044621543
135,0.21937815748843473,0.7158381385211546,0.003878135100697842,0.02750231496131703,0.033403253928395785
136,0.20868859561459505,0.6980955612563096,0.007279326670658835,0.07096820511584888,0.014968311342587833
137,0.05437427531537795,0.8607495423189434,0.039029055313855594,0.038183969592895974,0.007663157458927056
138,0.1916383937397875,0.5452812884052116,0.012804442347014295,0.20863523023342664,0.04164064527455992
139,0.16551260488314168,0.11578733153105744,0.0013456163455527112,0.474848586218716,0.24250586102153218
140,0.16972711764536433,0.3034845768221107,0.0017370666356083136,0.4470526004022936,0.07799863849462302
141,0.36754459062303846,0.09658536256068247,0.0012278693195736943,0.3118048484533265,0.2228373290433789
142,0.38519719510748207,0.06991711478728965,0.0006368514346604035,0.15586304784837798,0.3883857908221898
143,0.5547261390641424,0.06553042015323739,0.0003101953895252203,0.21717558021879962,0.16225766517429532
144,0.634363412805783,0.06573425752809064,0.0003993018099656421,0.18128497014706044,0.11821805770910032
145,0.22696066759624056,0.13115370576350613,0.00464315320527394,0.22792830132275266,0.4093141721122267
146,0.11186252316386308,0.022371498370478877,0.00024211707179111735,0.12393407921647213,0.7415897821773949
147,0.1598027574536089,0.011571767813670588,0.00021521450558840535,0.06490866652977736,0.7635015936973547
148,0.45850345260326536,0.017101075671770397,0.0005717889305937435,0.05207904017765688,0.4717446426167135
149,0.6948201764734501,0.05461860403859448,0.00016318854198629876,0.12659866261996733,0.12379936832600195
150,0.453146891885533,0.08512081875861953,0.0004468097892437384,0.36736616671545363,0.09391931285115006
151,0.2766925363265091,0.07463537233622285,0.000294545553380304,0.4275657795713552,0.22081176621253246
152,0.17757231501838594,0.06211890143703302,0.0006912717415101432,0.28367181259392893,0.47594569920914187
153,0.2143488896679746,0.10462850349560159,0.0002671244723098877,0.6125537141606611,0.06820176820345286
154,0.4316824053581261,0.0565007600093208,0.0005621563405678182,0.4162421176157466,0.09501256067623878
155,0.17422534239326265,0.022579018322674244,0.000490070204498228,0.30518856296673874,0.4975170061128261
156,0.25406714729210633,0.038456959982028076,0.0009570030467972372,0.3101043267658977,0.3964145629131707
157,0.25188254140777083,0.029224898936053696,0.00033197245179850284,0.41151180750336347,0.3070487797010135
158,0.3073650951395045,0.02402219890908811,0.0005120503697292794,0.12546110505727487,0.5426395505244034
159,0.3986297464098867,0.055593401527383894,0.0005936024405255686,0.43142861076812133,0.11375463885408238
160,0.418335483602917,0.07055866723994329,0.0013025937160405863,0.32859489183529567,0.18120836360580342
161,0.1728459860388809,0.029501462441934637,0.0010315702729015899,0.1623676138352473,0.6342533674110356
162,0.2754349538325714,0.03191725709148355,0.0009003779068073481,0.2370943550638549,0.45465305610528284
163,0.3737946772414797,0.020646111451646954,0.0002152106681893821,0.08426073459414408,0.5210832660445399
164,0.6715831168267384,0.046992816608242775,0.00032905340525912817,0.17406544060944243,0.10702957255031749
165,0.4822007596076148,0.06066923494433432,0.00037559024546664693,0.39907116878542137,0.05768324641716285
166,0.3222068163014504,0.08747663949252195,0.0010776682532543799,0.49562166906953126,0.09361720688324199
167,0.17481735452893699,0.06763556668926096,0.0006622771751538851,0.691511543486532,0.06537325812011616
168,0.13313253878214004,0.05780898715488434,0.00044400581513262554,0.6800572646793583,0.12855720356848463
169,0.13493752757794658,0.055774194811885856,0.0004668679191605687,0.26982338822624413,0.5389980214647628
170,0.18442308586753683,0.026928918342724744,0.0003971118378134134,0.13181996888374212,0.6564309150681829
171,0.29966468035435995,0.021670661297498346,0.0001447916690132697,0.13793696583386914,0.5405829008452593
172,0.516256394203311,0.11540792234308728,0.0002925089404832604,0.29866090973767817,0.0693822647754403
173,0.22303701081975624,0.022305868121308015,0.0002139310775838243,0.17186584962741086,0.5825773403539412
174,0.5043347429780904,0.22150835763077212,0.00015155990638854086,0.181259004456247,0.09274633502850183
175,0.2720421086429186,0.04947541046085455,0.00017791276629025023,0.10255756329416198,0.5757470048357747
176,0.710176757018255,0.15391511463684632,0.0001755276688767655,0.07189139870308887,0.06384120197293307
177,0.500390113125862,0.348519149698254,0.0004674997307107418,0.11427580555936437,0.036347431885808884
178,0.30885370742241797,0.5226218573931549,0.0006789808095280921,0.14958502828749237,0.018260426087406606
179,0.12805996280764867,0.06268577727831443,0.00015911897038363963,0.07694748262570122,0.732147658317952
180,0.34968202301288487,0.47638761949522485,0.0006938076457567475,0.14423976989394074,0.028996779952192814
181,0.25223957422633553,0.5618972012994734,0.011027995751909957,0.03788506866987626,0.13695016005240493
182,0.023991768178292575,0.016690139052754047,9.155349872280346e-05,0.0036381016323932735,0.9555884376378373
183,0.33180541003218084,0.048566528822317385,0.0002607687697891083,0.04806595359503006,0.5713013387806827
184,0.5534915007811754,0.02045186229068015,8.632243385953884e-05,0.04809403441446958,0.37787628007981533
185,0.8532818958560229,0.03311607684646093,4.9199875765314666e-05,0.017787077053460155,0.09576575036829078
186,0.7246790479609488,0.07406963696453873,0.00019324345105657494,0.09136309148602852,0.10969498013742737
187,0.6164934978952312,0.1889778044949398,0.0007833391537697918,0.1701745870429262,0.023570771413132983
188,0.075758948611247,0.7245106416495345,0.002719541877217161,0.18842081735828906,0.008590050503712327
189,0.04416869894366945,0.027313724070967573,0.000371167013977354,0.23421280727623991,0.6939336026951457
190,0.13472463652001376,0.027545886808146312,0.0007334361343465148,0.37308736141345045,0.4639086791240429
191,0.08898767923927213,0.06119995238984542,0.0017762135276040804,0.18770412601723524,0.660332028826043
192,0.05941737613362834,0.05283000144819263,0.0023383183333531526,0.006129043379645371,0.8792852607051805
193,0.015390794265500649,0.004159028482725528,9.963192054274352e-05,0.008810153179425698,0.9715403921518054
194,0.06294766008446906,0.00818167066213839,0.00020171298696460287,0.009759040835871756,0.9189099154305561
195,0.050128444055711256,0.007314579015024417,8.79372336758051e-05,0.005293436892191599,0.9371756028033968
196,0.017037146208627285,0.0011008401046051605,1.371700748662324e-05,0.0009839934756794221,0.9808643032036016
197,0.034034669091322856,0.006211889672952695,3.5208129471745613e-05,0.004464555294807849,0.955253677811445
198,0.1648557292107431,0.02407280793818201,0.00014649788369232167,0.011594577813054887,0.7993303871543277
199,0.023644598885170887,0.08126436851978117,0.0036367477439193927,0.0064925819402089895,0.8849617029109195
200,0.0004646371833721577,0.0024672290168305192,2.249895867242664e-05,0.0005753686541530017,0.9964702661869719
201,0.0007083859491600703,0.002028531840335476,2.0780656186811404e-05,0.0002520879658954897,0.9969902135884222
202,0.0024632576644172204,0.0050800225679284725,0.00010323812777912203,0.0009795775591174777,0.9913739040807578
203,0.0008518244237002503,0.0015912016155594914,1.9040189540390653e-05,0.00047833206324733,0.9970596017079526
204,0.0010420622467382586,0.0017963487540869664,2.8174531511735627e-05,0.0006279988555060215,0.9965054156121571
205,0.0012161750224046928,0.0016943544279545623,2.6293322946041495e-05,0.0007883219431596266,0.996274855283535
206,0.0011734231547622632,0.0012020848407004567,2.7160696533148366e-05,0.0007499014055580804,0.9968474299024461
207,0.0008743958283217867,0.0007113120767861055,1.29261200950933e-05,0.0004995396924029409,0.9979018262823941
208,0.003474342773567745,0.002929367443913826,0.0005478879187079853,0.0014909247122464062,0.9915574771515642
209,0.02893431838077155,0.002976514627139416,0.001024955911971893,0.0015178167645694862,0.9655463943155476
210,0.01909400330098449,0.00277010027884533,0.001026878893493406,0.0005236152684010795,0.9765854022582756
211,0.03761331979840301,0.005022813663359578,0.0006277329297498926,0.0016516712292462287,0.9550844623792413
212,0.031777966604869645,0.0055893116800359985,0.001143455936056744,0.0018202298174839035,0.9596690359615537
213,0.025803877804085076,0.005928569946712443,0.0011268697620603382,0.0015368135814697583,0.9656038689056724
214,0.11340562259646914,0.018396366876302365,0.1054542619821382,0.0045987688113433055,0.758144979733747
215,0.10812854556530961,0.021977949570131217,0.005425306963680406,0.006793440837615044,0.8576747570632638
216,0.023185715998129738,0.005191101863581599,0.003717063533130797,0.0022939023533569826,0.9656122162518009
217,0.03264623356041119,0.00556229799809316,0.0028626590344452488,0.0012125085825418008,0.9577163008245086
218,0.038081803645598246,0.010104680838067558,0.00010402216166954903,0.008771796358073807,0.9429376969965908
219,0.04885091298985966,0.008094490122611118,0.00018104817026296397,0.0036804928173074024,0.9391930558999588
220,0.11898450057605024,0.010876902310224887,0.00018698687050405818,0.0028781317938210904,0.8670734784493999
221,0.30473622436771064,0.006455095273541742,0.00011803690913283648,0.007944394829567901,0.6807462486200468
222,0.0854017382199271,0.003788457863411493,4.9575341581752994e-05,0.01571978773260425,0.8950404408424754
223,0.0718969795885535,0.0019063835722716175,7.842278999747751e-05,0.03332232153770541,0.892795892511472
224,0.1452757164781622,0.005037343926327948,0.00021645690305194604,0.11906491010810773,0.7304055725843501
225,0.04549955720547861,0.001318410459910197,0.0001252123871317809,0.06463676835630779,0.8884200515911718
226,0.08603666120235774,0.003335667042470841,0.0002312127296510956,0.07683180443659204,0.8335646545889283
227,0.13453064296188189,0.0056984581171959075,0.0003290739597852382,0.15091333578556765,0.7085284891755694
228,0.24836606061019614,0.00915110100399745,0.0007377221233202785,0.13660316900843378,0.6051419472540523
229,0.19054049792528982,0.00886558779002029,0.0011603360782718708,0.1719970209409593,0.6274365572654587
230,0.10221241191493236,0.006700439308424984,0.0002586164357450655,0.10867037393982576,0.7821581584010718
231,0.36246880644344487,0.02199294819097639,0.0012134591455211787,0.309588301733642,0.3047364844864156
232,0.1407814742858276,0.009411008145342995,0.0004693265288303215,0.15877552290857352,0.6905626681314254
233,0.11335374731567668,0.008381239014448932,0.0003017409880173921,0.1321366106255637,0.7458266620562933
234,0.03683081812588563,0.0030573413122399347,0.00015473608717551175,0.07262866556536708,0.8873284389093319
235,0.08366696661210475,0.003376738635884056,0.0002209779267101643,0.09356096811977284,0.8191743487055281
236,0.05343974841003841,0.001517726999858575,0.00030597614840887976,0.06608246144244917,0.8786540869992449
237,0.2648065530634365,0.005902945207302757,0.0006085195996745513,0.15848537042767236,0.5701966117019139
238,0.10727531741837472,0.005551342874728628,0.00017291319577083502,0.1447424897566086,0.7422579367545172
239,0.2874243822944784,0.011448621013036585,0.00033328884809464415,0.13037095930616296,0.5704227485382274
240,0.17640403176770955,0.015326116224012183,0.00025524440840572976,0.09331423759783401,0.7147003700020385
241,0.4647723323582728,0.029284307209233345,0.00020491606699258937,0.11324677856724936,0.39249166579825195
242,0.4684499880376326,0.03437086262154969,0.00029054989238436164,0.10519818134043302,0.3916904181080004
243,0.599257116701206,0.029750211485333775,0.00012604775275122537,0.2141661174121675,0.15670050664854157
244,0.09628421569056156,0.021746386926836673,4.48647434442215e-05,0.04954807859824061,0.8323764540409169
245,0.22947761539694198,0.08015209080015011,0.0002219787664734132,0.2637509244869715,0.42639739054946296
246,0.5945922932524919,0.027527712321517146,4.9869787981536324e-05,0.13284470967754794,0.2449854149604615
247,0.6140828930768527,0.04737923708712587,4.9267548368423404e-05,0.11788116370487947,0.22060743858277373
248,0.5998247224773819,0.04643353108374952,6.51774924369387e-05,0.10212965888807195,0.2515469100583596
249,0.7078714066120072,0.08081482860352408,0.00015529834594199784,0.10574329697223295,0.10541516946629365
250,0.7484101617244336,0.049737380616496935,0.0001464608918954322,0.07202545319842216,0.12968054356875172
251,0.5384285506482671,0.23449861993493473,0.0005896962662375358,0.20339156757673754,0.023091565573823095
252,0.4889180537726435,0.25012487060550276,0.00026524489228414374,0.22359173246565722,0.03710009826391225
253,0.28310657438188364,0.4567655195809646,0.0016557865474376272,0.2217439441093153,0.03672817538039887
254,0.1318193859962041,0.5475391959330195,0.01595427780661818,0.2501716800342416,0.054515460229916796
255,0.45958621092169805,0.11021160738222349,0.0010151771740767445,0.14429876849168558,0.28488823603031627
256,0.43683706728626537,0.33651862598256577,0.0030847554628849966,0.1837733148781373,0.03978623639014665
257,0.18428483658285943,0.6505158688635737,0.003431725088568726,0.11164979377526042,0.05011777568973767
258,0.5507613613098719,0.3116755969501304,0.000772648128473068,0.10509638241138167,0.03169401120014288
259,0.14751755999631028,0.7581809670806939,0.0009952302346002142,0.0824093611166543,0.010896881571741374
260,0.5200076266481037,0.21004055816687403,0.00028005880887943844,0.12074937432236744,0.1489223820537754
261,0.4286560353335208,0.37874506071615427,0.00037367090214961575,0.16623601964554513,0.025989213402630277
262,0.05958368355932705,0.8633860886792678,0.008920089118135634,0.048334542786314626,0.019775595856955045
263,0.30252712633378764,0.27285499396797125,0.0008666996128890039,0.06876038597901289,0.35499079410633927
264,0.47737363964445284,0.24948687595469665,0.0007945656122971458,0.21195676959768048,0.06038814919087288
265,0.48104020448477164,0.33201365371212244,0.0007898227933380207,0.13754279854806628,0.048613520461701754
266,0.2500381474308582,0.6363743835439353,0.0018065240994001917,0.10642336082030336,0.005357584105502754
267,0.29485891242385415,0.4037744429147252,0.00030798768543022144,0.2720296609695737,0.02902899600641674
268,0.35469256261724963,0.29234047977082506,0.0005544780934991487,0.30656952889855993,0.04584295061986623
269,0.15269527962352888,0.6732662845681574,0.000590128034753259,0.1656011384070429,0.007847169366517557
270,0.47408741368774227,0.16677167366384374,0.00016956396449125405,0.30485158493396103,0.05411976374996158
271,0.10445580775268898,0.6381296841360937,0.0018235464832117925,0.25182815179964546,0.003762809828360104
272,0.21485690617746794,0.3994055475092354,0.0007696003491884437,0.3591111978773864,0.025856748086721844
273,0.21962716891866166,0.4049124437665518,0.001428007380374179,0.3602596860549238,0.013772693879488429
274,0.0782103019579337,0.49839367373615434,0.005644132882128094,0.40974173066753106,0.008010160756252752
275,0.2195962585661127,0.6694840616958042,0.0010252924070992748,0.09212245021517503,0.01777193711580897
276,0.15842543502433973,0.6474642013739436,0.004514245999639551,0.18271067997645865,0.006885437625618359
277,0.13203485457945932,0.7160985947310495,0.007461496309356487,0.13648695017184734,0.00791810420828744
278,0.3020818680635888,0.6279544059570911,0.002983436489575714,0.05056601855623532,0.016414270933509188
279,0.028049771461494344,0.9149148923514846,0.037300898709738725,0.016804053719305764,0.0029303837579767074
280,0.1007069414807029,0.8447503546957765,0.011473815606185267,0.02616539762813832,0.016903490589197153
281,0.04204389142616132,0.8909249711388638,0.03765001037671071,0.022379801642576223,0.007001325415687982
282,0.058412240437604415,0.874833612658559,0.03117146385785112,0.024705685381498844,0.010876997664486562
283,0.26638146980069344,0.5876916065880041,0.005867044904639824,0.0997474622151759,0.04031241649148676
284,0.02952436239463382,0.8753041684646521,0.06010021307904971,0.029012107667463257,0.006059148394201343
285,0.17262609529167536,0.4334714310584019,0.015332120647034415,0.03625822892246505,0.3423121240804232
286,0.3457753606051798,0.49210672256140175,0.0014184669129933404,0.06397947051702321,0.096719979403402
287,0.06566042965354832,0.843193124700905,0.041012437239782,0.03436225863298179,0.015771749772782975
288,0.45950002335343115,0.3959606399517751,0.0013953061866667318,0.026306760036078205,0.11683727047204874
289,0.09289438785039499,0.8744345605337108,0.012425494296708889,0.014214129860819076,0.006031427458366222
290,0.06241412033044739,0.9144139173977374,0.0024223176521587122,0.01340778748344887,0.007341857136207668
291,0.21087941640385202,0.745015490399883,0.005276944030298936,0.02605248380638486,0.012775665359581178
292,0.028636304431515467,0.9327002480281412,0.02324468454837689,0.011966257340203455,0.0034525056517629663
293,0.0979578391459812,0.8718241313963961,0.009252035433674505,0.01588496909936755,0.005081024924580567
294,0.019159983842906132,0.9168475681841385,0.05193440614438671,0.009175328410460743,0.002882713418107858
295,0.10147099476331195,0.8483618565858371,0.00927886519155313,0.014773179965478628,0.026115103493819427
296,0.23936553614798395,0.6899021401935911,0.0052518674373303684,0.050444916166327125,0.015035540054767363
297,0.03901162150953286,0.9219270871260662,0.029145531681104682,0.006478840451936855,0.0034369192313597327
298,0.08323931807084478,0.8711332411761588,0.02426593504167846,0.015404944143903776,0.00595656156741441
299,0.09962473112318378,0.7451373711212838,0.04443481454260094,0.03477957332784075,0.07602350988509085
300,0.5951729853186148,0.18069569403071872,0.0005143212383784607,0.0273678850807945,0.19624911433149353
301,0.190908689411317,0.7210022446397113,0.02460186735057621,0.04859200042416559,0.014895198174229907
302,0.18657258761583392,0.7201135877904041,0.008650874557283583,0.011532644590186051,0.07313030544629216
303,0.18225606652210008,0.7758063277139251,0.009657103160635788,0.02391750483916073,0.008362997764178245
304,0.037992896759916066,0.8016852134356909,0.10993114786329411,0.045510922971502436,0.004879818969596573
305,0.23722957971622158,0.635893462896675,0.0069673484516934526,0.05293751290251396,0.06697209603289576
306,0.04760453511454149,0.9126058038419094,0.01402927678576022,0.02135960122638272,0.004400783031406099
307,0.025247337611372295,0.8730781603045971,0.04894213665150477,0.04857378022693386,0.004158585205591949
308,0.19367658604375548,0.18349283689589352,0.01131667014731993,0.07227676674944768,0.5392371401635835
309,0.45356435119090777,0.10983107473788001,0.0002862205448054624,0.0399518254724364,0.3963665280539705
310,0.43905122196085583,0.4330876317859499,0.0006630217005692033,0.016441008933826027,0.110757115618799
311,0.631816607038724,0.3020516478850552,0.0010347151813728463,0.02918087511423409,0.035916154780613885
312,0.4112676268461967,0.5323435543963007,0.0022139010792356266,0.045506452873179996,0.008668464805086989
313,0.2964709819385357,0.5915715395230177,0.0009451119783008753,0.09634546779670959,0.014666898763436196
314,0.15463326675605485,0.7177232660089986,0.004587600814446386,0.11457615239363095,0.008479714026869326
315,0.3271865481508157,0.5169726935454736,0.0036158054184668724,0.06908492525652296,0.083140027628721
316,0.11441961812668698,0.8259608156153284,0.0047422981095512256,0.0475204074028748,0.007356860745558647
317,0.3120954301558251,0.5691354604051816,0.02732148046626758,0.06353014823972278,0.02791748073300283
318,0.5526381539746986,0.2629317782399978,0.0014579068838487244,0.0576509751385584,0.12532118576289644
319,0.1818195946393492,0.672478580697015,0.04527935682649199,0.08989676731204496,0.010525700525098691
320,0.18697488503493748,0.7447325925621276,0.030648214326799768,0.026807068897024028,0.010837239179111087
321,0.028936306842295992,0.8681061894727881,0.08754976550191344,0.010492271686978133,0.004915466496024262
322,0.008406096702993285,0.8389703543484418,0.1428760035712842,0.00597528847756927,0.0037722568997112776
323,0.006784681131818018,0.854591646685524,0.1313451359450255,0.004194873551307924,0.003083662686324608
324,0.02559565334650893,0.8348541878393594,0.11956021545597338,0.01624729060778106,0.003742652750377205
325,0.007169921939630694,0.8337865355620371,0.1513640617819966,0.004551800068666514,0.003127680647669135
326,0.00709514230012932,0.7174314918618063,0.2668724299265288,0.005397035546673287,0.0032039003648622103
327,0.011117084101524162,0.7430605735077626,0.23161434260355268,0.01050947970936133,0.003698520077799098
328,0.00788158000222269,0.7805786350876021,0.19911673379313174,0.008787616201079285,0.00363543491596431
329,0.007235608142900578,0.7262437625494659,0.25783445580320685,0.005550769459950456,0.0031354040444761112
330,0.013738713561798385,0.6973450879522042,0.2765077058838235,0.00791658317551607,0.004491909426657769
331,0.017985774628264537,0.8494891616579934,0.12117051457398853,0.006159837158684039,0.005194711981069439
332,0.014486270592986064,0.8484617796954362,0.1224175143927471,0.008768199891933332,0.005866235426897373
333,0.0383693777840976,0.8472199924393171,0.085172075698362,0.02239858697601535,0.006839967102208103
334,0.02836244974772946,0.8029034867701501,0.13154260089033215,0.028240289266839688,0.00895117332494863
335,0.041840928546261716,0.6848001406719647,0.08879965184296229,0.14802777311083465,0.036531505827976755
336,0.316010316097424,0.10908870714209692,0.0011730791674896001,0.19720277646329168,0.3765251211296978
337,0.21017125139328585,0.4610892038217065,0.00529892727493063,0.27965804415920253,0.04378257335087437
338,0.2645524998901387,0.11547252772384178,0.00021209386392004884,0.5581012693200749,0.06166160920202463
339,0.45075563710789884,0.08656910011072137,5.340362745363352e-05,0.38657619997269826,0.07604565918122773
340,0.35928233998420067,0.05885245163081744,7.800175670506338e-05,0.5537716530548653,0.02801555357341147
341,0.33395504359134814,0.07617207490395848,0.00010686717120027414,0.5642440341332501,0.025521980200243117
342,0.23821223886868625,0.06059420384132783,9.751933830606942e-05,0.6659461825061993,0.035149855445480646
343,0.09084406602224111,0.03518948390567111,8.477036481148736e-05,0.8594514878943488,0.014430191812927344
344,0.0423572773594858,0.010198445952724674,4.7584784168540924e-05,0.9429806582266763,0.004416033676944648
345,0.07914472916197315,0.024907735368151992,0.00010912995099288153,0.8851978209140973,0.010640584604784625
346,0.06004810690704814,0.015115057352908133,5.4526041469192466e-05,0.9128584429639583,0.011923866734616335
347,0.044693475156876945,0.011325920359358038,4.212239404353964e-05,0.9382730991523364,0.005665382937385146
348,0.0601328371355485,0.027958595771561404,0.00017693470545432577,0.8848727615323544,0.026858870855081474
349,0.04713658996956665,0.023045102920644683,9.861295930045683e-05,0.9232619833066975,0.006457710843790537
350,0.01844038379138014,0.007580058316393439,6.979094227851229e-05,0.9699301128063844,0.003979654143563471
351,0.034105454747346255,0.004449889598729096,3.251298276531496e-05,0.9467675911476868,0.014644551523472592
352,0.014492396005990657,0.004760212124634646,9.840565376864177e-05,0.9699783991215016,0.010670587094104471
353,0.040036608673982566,0.008597739938931677,7.036526914000497e-05,0.942396253876201,0.008899032241744665
354,0.036454964098533396,0.004612318172288588,4.42977559297508e-05,0.9282015607995229,0.030686859173725274
355,0.04698076104185441,0.007524112237650539,5.169765135972821e-05,0.9367079923452843,0.008735436723850912
356,0.06903352094732279,0.007506827985663145,6.399585022623754e-05,0.8945697158839028,0.028825939332885138
357,0.14342077261596783,0.009133106202953269,0.00011961169031886317,0.7840441007524536,0.06328240873830641
358,0.044212477420293474,0.008101531485086213,3.7112070168506056e-05,0.9356191178667184,0.012029761157733413
359,0.039136634017635515,0.003321831786259248,3.235902793685506e-05,0.947360159201958,0.010149015966210363
360,0.0314668201077338,0.012384282920734672,0.00011414662390248819,0.9463149091853168,0.009719841162312169
361,0.009650910089468048,0.004699614912280691,0.00024244751532289725,0.9762330229479244,0.009174004535003997
362,0.021116031667740506,0.007324493372018238,0.00012871590579497072,0.9629994659439688,0.008431293110477484
363,0.01052205894549585,0.0033911868933686733,8.76934595824655e-05,0.9722655684783152,0.013733492223237812
364,0.010663140509421774,0.004186122089187194,0.00014297868233668435,0.9725005042997708,0.012507254419283608
365,0.020838721899746362,0.004731084827080697,4.549570353151671e-05,0.9668862956303285,0.007498401939312762
366,0.07397946600671754,0.008187754689312376,6.218132730739562e-05,0.8691844261904809,0.0485861717861819
367,0.1481476328852861,0.009247270414209722,0.0001353864898520324,0.6853238326570001,0.15714587755365203
368,0.14350033228151407,0.01162615195853416,8.003287516549367e-05,0.8249685095898337,0.019824973294952728
369,0.13583772852953843,0.028121934669082513,0.00013861773271951048,0.818483667662259,0.017418051406400608
370,0.04541875606571642,0.013468122980976993,4.647787379990603e-05,0.9335924990856516,0.007474143993855143
371,0.01764067147953508,0.0055392416036156075,7.460193419378018e-05,0.9646911430757288,0.0120543419069267
372,0.03711802896884699,0.006273261741354382,0.00012460053028219266,0.9259211854143803,0.03056292334513612
373,0.06115682942277511,0.013928498082135575,8.486167139203681e-05,0.9104753979204104,0.014354412903286868
374,0.044502799611130184,0.0073008511780523234,4.762180934057749e-05,0.9423772448046766,0.00577148259680043
375,0.047011316653105685,0.007071879264580033,4.002457371948832e-05,0.9352777979096343,0.010598981598960352
376,0.18123647702081863,0.01405333907602954,0.00018767864844197163,0.6884998638638377,0.11602264139087236
377,0.28481851567976435,0.04813022826680625,0.00035010135182415603,0.5605172101144664,0.10618394458713877
378,0.3383296042619683,0.044343895557871424,0.00034002035626028436,0.4316902127623219,0.18529626706157815
