epoch,N1,N2,N3,R,W
0,0.14144866589963143,0.004357252676654381,9.511895949938757e-06,0.0036813783749504287,0.8505031911528137
1,0.18919996757810423,0.0025488868507799606,1.2541062728278144e-05,0.0029561973839344843,0.8052824071244531
2,0.291063373685593,0.00655694062778358,9.220543169824983e-06,0.00834070731968419,0.6940297578237694
3,0.7176735320162005,0.06198000398539653,5.059899471278115e-05,0.021153273882947,0.1991425911207432
4,0.48718081846852396,0.09327718503162158,5.912906926534164e-05,0.01501838610731323,0.4044644813232759
5,0.6930054057387516,0.1152153248945968,0.00011271356593993497,0.09977591903493149,0.09189063676578019
6,0.119887207136083,0.5177847959225941,0.0018436445563913904,0.0467981411164875,0.31368621126844404
7,0.12660250297000605,0.7156368929717372,0.004987691420859193,0.027091860030278463,0.1256810526071193
8,0.04879689680901609,0.8452775435902434,0.005873254854466719,0.006566872032459773,0.0934854327138138
9,0.014928506241319795,0.9389523582272236,0.017051720232190017,0.0018575939492271518,0.02720982135003954
10,0.1017879858905073,0.48350513904841164,0.0028278966348395393,0.003260867146782001,0.4086181112794596
11,0.015714201435797635,0.7619932158672993,0.1556328072921157,0.0006752922984497827,0.06598448310633742
12,0.05325252470075399,0.8359119218701735,0.03234496777767639,0.002198389965051531,0.07629219568634465
13,0.03345761763486744,0.9235546055143364,0.014641223364620183,0.0008110006401363054,0.027535552846039663
14,0.030635956094687822,0.9291068389074548,0.004572784693504411,0.003190291251478801,0.032494129052874285
15,0.014796195188075609,0.9580090969924232,0.018357340707125257,0.0009949397884366083,0.007842427323939498
16,0.020024904938214818,0.9283738544466359,0.028224228473213386,0.0009169393453308233,0.02246007279660517
17,0.03619638497707349,0.9470179662790973,0.005196677626451962,0.0008904368438331335,0.010698534273544098
18,0.02236054779190944,0.9221127487013786,0.047090565935968255,0.00042012630020387076,0.008016011270539736
19,0.014574639868788063,0.8558089903974996,0.12005786012317773,0.0003390047026102574,0.009219504907924302
20,0.006045519534227041,0.8730525139557399,0.11477988028378353,0.00017527645699266957,0.005946809769256737
21,0.004553319205437011,0.6655435467797165,0.324027934045162,0.00014077673647964017,0.0057344232332048614
22,0.0037886138538448,0.8199101916395858,0.1646480378138135,0.00025092028201298666,0.011402236410743094
23,0.004242274442897988,0.23308118169670636,0.6991379156698244,7.8299925843385e-05,0.06346032826472772
24,0.005350613325122548,0.2541180234123074,0.45320630252998334,0.00010956289434390521,0.2872154978382429
25,0.0026667294510609057,0.16299325734596032,0.6257987168725012,5.7599847182947847e-05,0.20848369648329462
26,0.003841236272531636,0.11015304709061345,0.695834031810113,6.524765472605609e-05,0.1901064371720159
27,0.004916424038070057,0.09256798441078984,0.3995142078710267,6.606394001705823e-05,0.5029353197400963
28,0.0008207521087711994,0.07549066124461046,0.6871548823106539,3.199832838056829e-05,0.23650170600758386
29,0.0017417503807981834,0.14061953374335168,0.3634521655958973,4.2267374129939066e-05,0.4941442829058229
30,0.00046532398487774925,0.0010454345936303834,0.0005878759610348801,7.080336741143743e-05,0.9978305620930457
31,0.001151250300202741,0.003275651431861964,0.0017039167250804102,7.713022156364414e-05,0.9937920513212912
32,0.0022990193905336556,0.10435453556695,0.4127906902401404,0.00012485228970446582,0.4804309025126715
33,0.001907244826446034,0.08595706302790344,0.42721464699605427,0.0001189774519383437,0.4848020676976578
34,0.0016648888489168762,0.05968246857990604,0.6006234995353174,9.870487063002567e-05,0.33793043816522955
35,0.0012683854694887538,0.08775129240515102,0.8624404470452628,4.214504236030551e-05,0.0484977300377371
36,0.002156796337469078,0.15857527078458275,0.8154855103620676,8.775288926060005e-05,0.023694669626620073
37,0.0021595011441552536,0.18832942839229494,0.7912799235861248,8.139256142195872e-05,0.018149754316003144
38,0.0003748043934765109,0.06755859700463568,0.9284987897586984,3.3507495612654225e-05,0.0035343013475770493
39,0.0004815224714336757,0.1012044719993327,0.8927733342235203,4.260917040203807e-05,0.0054980621353112975
40,0.00026183687076159243,0.03718611225349087,0.9594628847056963,4.073814543829985e-05,0.0030484280246130873
41,0.00026786474665670666,0.033878837291120976,0.9636252726065885,3.448750138037068e-05,0.002193537854253496
42,0.00041547729502322474,0.05456081827386657,0.941928616134718,3.2472555714885563e-05,0.0030626157406773193
43,0.0032864960989431604,0.049700814401863844,0.13860095423250757,0.00045095223226678124,0.8079607830344187
44,0.003021714870356863,0.4408975256685215,0.5385331653914583,0.00015254696021898526,0.017395047109444416
45,0.0007022266485696128,0.046309254594971684,0.9491998297060636,2.516287999809117e-05,0.003763526170396871
46,0.0011918861722493947,0.07879463029157599,0.9116899018491498,3.507252862715992e-05,0.008288509158397628
47,0.00019631146608897407,0.04986422206969865,0.9482371147324811,2.622281577233806e-05,0.0016761289159589927
48,0.0006541715123973862,0.09812276052902866,0.8967318593094382,9.524591234002189e-05,0.00439596273679583
49,0.00022024163731553423,0.041705667973167874,0.9567061622039069,3.42783121849711e-05,0.0013336498734246923
50,0.0002360649141491508,0.029130723000449808,0.969069587747121,2.863253834208959e-05,0.001534991799938034
51,0.0002450601266370621,0.01926310323725672,0.9795902762440791,3.507089047262242e-05,0.0008664895015544858
52,0.0002494529742545725,0.021162434494673192,0.9748720284603591,7.173768377922341e-05,0.003644346386933853
53,0.0008459689447043486,0.03420435680980283,0.9585494965160914,9.683110789128734e-05,0.006303346621510254
54,0.0002925866167368983,0.034815803550763816,0.9611303943224228,4.744272080645647e-05,0.0037137727892701026
55,0.0002726945244358165,0.032750099358655874,0.9640651714684595,5.9916033862615105e-05,0.0028521186145862723
56,0.0028022352561416614,0.06336861541262709,0.8167715329410243,0.00026945848893867165,0.1167881579012685
57,0.0006916705896103662,0.06479608210743656,0.9300223930972191,4.415794522282154e-05,0.004445696260511281
58,0.0008862413165312684,0.040873800655322035,0.9514254377110986,5.1744527019249894e-05,0.006762775790028878
59,0.0009088790909279409,0.038281497993247954,0.9564260471415007,5.0196523678028654e-05,0.004333379250645249
60,0.0003468582924693847,0.06357900332629764,0.9340193448324255,6.935785091298849e-05,0.0019854356978943398
61,0.0008145050965881012,0.07559260125272532,0.9182431718916464,0.00010640545441169176,0.0052433163046283066
62,0.0010138784886827635,0.084434618043873,0.9086765590205136,0.00012316341282132086,0.00575178103410922
63,0.0011716401238263574,0.2283274522111875,0.7628461214647845,0.0001375560541992937,0.0075172301460024816
64,0.0012864801756121249,0.07983848032018886,0.9094449252708517,0.0001544628078782956,0.009275651425469052
65,0.0008903553244435688,0.10061603861935206,0.8928379517829603,0.00011671357700614163,0.00553894069623783
66,0.0015934838807732687,0.1054550350568856,0.8824144698441146,0.00021116139893761875,0.010325849819288987
67,0.0022427827777682452,0.12853851242978107,0.8481345851789355,0.0003136771826279995,0.020770442430887253
68,0.0012436525762984409,0.13003787841268008,0.8576851939847244,0.00021626920595404386,0.010817005820343105
69,0.0002548858793274384,0.04367902755204026,0.9543059319911322,3.706534410251974e-05,0.0017230892333975401
70,0.0009352303286588383,0.03934349577361388,0.9564416914228939,0.00015530184924809556,0.0031242806255853193
71,0.0003025352257157488,0.04153700109375905,0.956550411197029,7.642040673392213e-05,0.0015336320767621353
72,0.0010440162606801607,0.07426262041274473,0.9204798713363721,0.00028393433630623076,0.003929557653896816
73,0.0002451398302850652,0.04226102337649298,0.9560675458558199,6.784869964718957e-05,0.0013584422377549649
74,0.00037872027098790804,0.02579878333035878,0.9728674948983483,6.831071944794865e-05,0.0008866907808571697
75,0.0005165753212430943,0.05838811887001511,0.9391633312688232,0.00010862644027976375,0.0018233480996389599
76,0.00020126296415554263,0.037502499525691846,0.961358740148683,9.705936214558443e-05,0.0008404379993239606
77,0.0002889156367509088,0.01852749884293636,0.979968283508249,8.062631183032085e-05,0.0011346757002332589
78,0.00020393564823510422,0.013180734040451213,0.9852128346860103,6.235009937856097e-05,0.001340145525924777
79,0.00020666896399566055,0.012013090178617099,0.9867885519544195,6.391221680061622e-05,0.0009277766861672943
80,0.00042776407485703124,0.022859383233715228,0.9753309401930234,8.846961340791287e-05,0.0012934428849963532
81,0.0021689623999631047,0.07163554492200593,0.8351947554543878,0.0005189531688315974,0.09048178405481146
82,0.0035389674784595203,0.13497349292118924,0.8519472136798257,0.0007472269088307287,0.008793099011694753
83,0.0014362364350778759,0.047056460105569756,0.9450864862260276,0.0002232740626034077,0.006197543170721376
84,0.0018749636061290182,0.08040799206947319,0.9112979479467349,0.0002025014357809092,0.006216594941882015
85,0.0006379940274874141,0.10364957604422928,0.8923959359572687,0.00014661267215291865,0.00316988129886188
86,0.0006416669128850616,0.10681582890946816,0.8893590645292266,0.00015903337394189776,0.003024406274478057
87,0.002718251202439187,0.12805352727326394,0.8627190769491229,0.0007028678643862372,0.005806276710787758
88,0.00046907959968579116,0.04398319535742541,0.9520973030710989,0.00022095558477101693,0.003229466387018713
89,0.0009211682681217546,0.037757598615948317,0.9578042317880441,0.00032280166681764716,0.003194199661068187
90,0.0006500428158496037,0.044786440698800487,0.9518735679246101,0.00022261453481790832,0.0024673340259219216
91,0.0014099582774050158,0.07670450830121436,0.9196617459865355,0.0002571771628608539,0.0019666102719844095
92,0.0009052999916782685,0.03433230618317621,0.962972941420769,0.00014817023632101315,0.0016412821680556013
93,0.0004788244305364415,0.02502018130081752,0.9733057266384139,0.00013494601339586462,0.0010603216168364035
94,0.001371891278560037,0.16343231372806014,0.8319376226829879,0.0005427659930374308,0.0027154063173545824
95,0.0006156512317741006,0.05095190235532452,0.9471072122455158,0.0001614677798694853,0.0011637663875159671
96,0.0007228603032257704,0.05730388643893951,0.9403456427575035,0.00015747124258689785,0.0014701392577443327
97,0.000420912532974949,0.09277542634345032,0.9045550020234022,0.0003563881140495427,0.0018922709861229783
98,0.0021293923176478016,0.1570297051763162,0.8350742114685801,0.0014792757722514507,0.004287415265204575
99,0.0060059626567924695,0.25532902748025393,0.7295767098212081,0.0007868011092136497,0.008301498932531829
100,0.0013222632398825311,0.12611262680074986,0.8682192963157669,0.0003585555555285296,0.003987258088072328
101,0.0042369527166443285,0.2285423884659916,0.7610101294046058,0.0007489879424544944,0.005461541470303858
102,0.007908854320641078,0.5665395538929157,0.4130056329803087,0.004045368984338745,0.00850058982179593
103,0.006826756462689555,0.5230807448822758,0.4585075863020097,0.0012076822366502591,0.010377230116374493
104,0.03172492365446006,0.7036814569461186,0.20607883551759873,0.008425179446793904,0.05008960443502876
105,0.11267338303587648,0.8094740593768321,0.01335825103286358,0.03443937940052565,0.030054927153901977
106,0.059439236317975326,0.7487179941894508,0.0017403249508872625,0.14990045973614177,0.04020198480554477
107,0.0787314155071346,0.6156577436356885,0.0028436678404265285,0.2230258920740574,0.07974128094269309
108,0.08152092479511779,0.5649313693980372,0.005222573933331235,0.19345906247184216,0.1548660694016716
109,0.07633187897036121,0.5818405615120067,0.0007357436369249482,0.22239447302610588,0.11869734285460133
110,0.0405919155253899,0.005215486506636994,0.00016120593594778204,0.012141403466543563,0.9418899885654818
111,0.39535750257008123,0.04070252271044578,0.00017283744080222993,0.18973520785938838,0.3740319294192824
112,0.066516445805007,0.006304846576709426,1.899052280772115e-05,0.02698785258251624,0.9001718645129597
113,0.3647419160355162,0.02080426544228986,4.4124879344869415e-05,0.12972993365287977,0.48467975998996926
114,0.5156535917808222,0.12430613791731239,0.00023095144874785945,0.12786886897131874,0.23194044988179885
115,0.2252213912492626,0.17155852620028003,0.0006835941566718097,0.04514551688062745,0.5573909715131581
116,0.15103591747527603,0.32890653124008323,0.0007198459033770319,0.0940055455695543,0.4253321598117093
117,0.2387156569398332,0.10427048053973027,0.0002733354351706933,0.2156314949721449,0.441109032113121
118,0.03660945173755663,0.060684304618166214,0.000469212418692647,0.010509407102207434,0.8917276241233771
119,0.0003003452581452957,0.000915184147017495,0.00014963187371100847,0.0002311237051420715,0.9984037150159841
120,0.0008101458036217503,0.0006036332979009932,1.0643506009058377e-05,0.000172040930192193,0.9984035364622761
121,0.0023952044784315172,0.0008098453159576472,1.941719975028175e-05,0.00021743131066668254,0.9965581016951938
122,0.0010587098089373111,0.00019762522691380008,5.583076092750096e-05,3.364359886370505e-05,0.9986541906043577
123,0.0023225563593999203,0.0001388815468806414,1.2186925580203391e-05,7.97091855577555e-05,0.9974466659825816
124,0.0005872078371900074,0.00010424823676968138,1.134961146861014e-05,2.1697075857971186e-05,0.9992754972387137
125,0.00010265182595898348,2.4236497666719693e-05,2.9444083436211924e-05,1.4459660667493052e-05,0.9998292079322707
126,0.0001454150941831223,3.6745295544032486e-05,1.4120398638028897e-06,2.1710469062713737e-05,0.9997947171013464
127,0.00045166631747702756,0.00016608166422461438,6.186604951365956e-05,2.317039925648466e-05,0.9992972155695282
128,0.00045611797176364907,0.0001439237860639693,2.6386303743453896e-05,3.9260792984288667e-05,0.9993343111454446
129,0.0006711839761337746,0.00048738062592535103,0.11971966989568286,3.672015233803462e-05,0.8790850453499199
130,0.0007972417809696753,0.0003983910524925797,1.2271280341810797e-05,4.115038357674939e-05,0.9987509455026192
131,0.0006092790163229827,0.0013959732114961557,2.0168608754871057e-05,0.00016870102298377382,0.9978058781404423
132,0.00022864259444326256,9.290723494294705e-05,2.0749154849017547e-06,3.201374137711257e-05,0.9996443615137517
133,0.0006201454961620221,0.0002757913933269025,1.940248402737312e-06,4.622436790285766e-05,0.9990558984942054
134,0.008329861233436063,0.0006441491686064266,0.0003817542395045181,3.604555464861303e-05,0.9906081898038043
135,0.0007297537179658426,0.00012678580153414144,2.0879160365867216e-06,0.00012877868284208617,0.9990125938816214
136,0.0024982226610550983,0.0001869232267203919,2.1958449476960008e-05,0.0002173190435638191,0.9970755766191837
137,0.0007834597693688181,0.00022241426916755314,3.6686383927962075e-05,0.000206397342613048,0.9987510422349226
138,0.0027753943806918995,0.0002409313364807865,4.303883474371522e-06,0.0003533168868375757,0.9966260535125154
139,0.005425819055921423,0.0005931954050171813,1.407271739575156e-05,0.0002747647082188806,0.9936921481134467
140,0.0009432068073218653,0.00030570385063138705,0.00020963673941847528,0.00014986305846375792,0.9983915895441645
141,0.0015287233768045661,0.0002523826310481359,1.9936802773619406e-06,0.00018228264937332063,0.9980346176624967
142,0.0024818056732428106,0.0008370626245827707,4.443014437236135e-06,0.00041607174352331427,0.9962606169442139
143,0.04225742687084607,0.0022643577035221974,4.93131252992356e-06,0.001828807234931209,0.9536444768781707
144,0.06796793651269148,0.006481646043740753,4.6251721376828596e-06,0.0023655698394553872,0.9231802224319746
145,0.00319439121803778,0.0024089749677249236,2.899545429045359e-05,0.0010772614713406437,0.9932903768886062
146,0.0016502789543615338,0.002156871369809199,0.0001883573297482447,0.0006839707138052254,0.9953205216322757
147,0.027107957612689096,0.0033487964383363657,3.6071446658480014e-06,0.0021163184384261737,0.9674233203658826
148,0.004850625530970405,0.0029636638770517768,2.1713236615352583e-05,0.0017877210264558598,0.9903762763289067
149,0.03778806974216022,0.004603138980901284,4.962805070416683e-05,0.0029845303290608645,0.9545746328971735
150,0.05890411104233981,0.002756008775595054,3.8003481392005402e-06,0.005263633606626999,0.9330724462272989
151,0.08120160666196437,0.0037784712549276513,5.051537132838622e-06,0.0033759158186715908,0.9116389547273035
152,0.2786457380642298,0.05520812389689646,6.225345866983959e-05,0.0449744541507808,0.621109430429423
153,0.28316310920056775,0.17943246591292933,0.0004331612200840254,0.07236722060987304,0.46460404305654596
154,0.35011096808773656,0.33299375156148203,0.0006650173411526609,0.1912261277848852,0.12500413522474355
155,0.20168979232672296,0.36226083184854296,0.00032328769560995127,0.38865495083333806,0.047071137295785936
156,0.08392716470420435,0.7513724390515446,0.0029833197255029332,0.12623944084924013,0.035477635669508074
157,0.07005737682619245,0.8101520908320107,0.0015039909975230826,0.08477281989982667,0.033513721444446934
158,0.10639541135701024,0.04695826572849217,0.00020058659704882785,0.08346743554122786,0.762978300776221
159,0.18627125690495816,0.5246320713906788,0.0008164356033423118,0.11799731501195403,0.1702829210890666
160,0.189337206381529,0.7017796451595055,0.001848054297948831,0.06890814133476887,0.03812695282624761
161,0.1527630491463368,0.7496084858906384,0.002726243004538081,0.053074628751721184,0.04182759320676545
162,0.023742176141434465,0.9561850492253888,0.0013536190805331404,0.013764191590195804,0.00495496396244794
163,0.03385352532232863,0.9239331265510289,0.0030170382884872897,0.033879939436744604,0.0053163704014106365
164,0.01698684531289691,0.9577746511025064,0.001594002282347279,0.020996981820630204,0.0026475194816192953
165,0.02172147467350306,0.8979559737081539,0.0007326209876831121,0.07689529017492282,0.002694640455736932
166,0.02375228148273578,0.9513692567560739,0.006010541000994747,0.015466587055511379,0.003401333704684231
167,0.02244902643341346,0.9494043792792195,0.01573413139543069,0.008895069803065788,0.0035173930888706753
168,0.04947917510962584,0.9228540807537544,0.002968133250844211,0.01480080372418493,0.009897807161590765
169,0.005156180642659594,0.9854529972200783,0.004455543279161247,0.004321435683366455,0.000613843174734523
170,0.003842860091333943,0.8985035419553248,0.09130715987765858,0.0035160950404490264,0.0028303430352337317
171,0.004028171459579275,0.9907126773196786,0.002527007366773612,0.0012527058199944263,0.0014794380339740983
172,0.0032545964970503594,0.990650109819396,0.003313625238073798,0.001956882307804091,0.0008247861376755245
173,0.002748454187948176,0.8979912899552844,0.0965768742173591,0.0017568851515010464,0.0009264964879070671
174,0.0023465227919965874,0.9805210436997773,0.01447775744035111,0.001785073979498148,0.0008696020883766916
175,0.005933108556367299,0.9665222036610491,0.022102461008865232,0.004131379129561499,0.0013108476441568014
176,0.006964449789493573,0.9561694708748637,0.0324008980634876,0.002822867759088123,0.0016423135130669375
177,0.0027929352378866386,0.7920630562649305,0.20327962194628516,0.0009910092384881194,0.0008733773124095153
178,0.0046878576080288704,0.9797692464608712,0.012874828482063663,0.0017512523825264205,0.0009168150665098286
179,0.0015117258705644356,0.8530042777154059,0.14392851943519677,0.0004983960798305289,0.0010570808990026507
180,0.001161514039307053,0.45219620561291585,0.5454669896599377,0.0004389137102143417,0.0007363769776250048
181,0.0015100967890029318,0.6558335218483202,0.3410212726275677,0.0004764908804804404,0.0011586178546287584
182,0.000949847524323785,0.36551988153749476,0.6325745183338719,0.00020090610330912654,0.0007548465010003327
183,0.0010260760586007197,0.24175417141717784,0.7538677435319191,0.0002338445283042546,0.003118164463998054
184,0.000805872054100227,0.496900178081149,0.5007149576302433,0.0001332305484015278,0.00144576168610585
185,0.0003627860671794136,0.14292165161078632,0.8556910967541819,4.008752012967313e-05,0.0009843780477226977
186,0.0020552994729306417,0.4032516301823532,0.5892523234140136,0.00031695915348494335,0.005123787777217685
187,0.00029917500357440444,0.10049836088755644,0.8984089434114955,4.600635607465874e-05,0.0007475143412991043
188,0.0007156613272302634,0.0847155358824929,0.9130251946271013,7.496109199671121e-05,0.0014686470711787589
189,0.00021948044538096893,0.05835722540529069,0.9401229296732309,4.346829349103009e-05,0.0012568961826062396
190,0.00013409484412074235,0.08064628816259246,0.918615523535974,3.6312781993264936e-05,0.0005677806753194959
191,0.0001987306540434764,0.03570143508564374,0.9636194608752815,4.936565649667122e-05,0.000431007728534662
192,0.00012264415875019868,0.03604438984671983,0.9633158978373831,4.317516106445013e-05,0.0004738929960823609
193,6.661577157787357e-05,0.0292051373075441,0.9704114818066459,2.5852446683109984e-05,0.0002909126675490597
194,4.541020693717068e-05,0.026597245792428538,0.9730218715024836,4.342517584980315e-05,0.00029204732230106613
195,0.00011301679022644887,0.03027117710871404,0.9689432309597935,8.199279566207206e-05,0.0005905823456041196
196,0.0026146509421640274,0.1738846648774125,0.8139947376847724,0.0018493055394971179,0.007656640956154041
197,0.0007295840989426215,0.11495543451550559,0.8825896501309397,0.00034458443471308697,0.0013807468198989517
198,0.0004912777214163216,0.06810078132106255,0.9300997980081194,0.00020130585943009476,0.001106837089971572
199,0.0006480815091329219,0.11487197352271337,0.8812326335298241,0.0007127058286109928,0.002534605609718583
200,0.0004239438459329071,0.11965784048599325,0.878608346774633,0.00045013272640478594,0.0008597361670363662
201,0.0001329176645100958,0.02715791271552,0.9719577066622181,0.0002106315657876698,0.0005408313919640733
202,0.004870753972478146,0.09007800285366972,0.881033810495387,0.0057903735660691305,0.018227059112396055
203,0.0016691633744929798,0.054458840354894233,0.9316719053865486,0.0020549829772071276,0.01014510790685693
204,0.0024317167776053785,0.06527617214972337,0.9261936847180473,0.001574815976453049,0.00452361037817085
205,0.002016541795064957,0.06525969512229642,0.9295910370448878,0.0008399363567098332,0.0022927896810409987
206,0.0001809412250519208,0.03567004973839001,0.9636136846680055,0.0001481954199240028,0.0003871289486287822
207,0.0002938976786706966,0.021674020502004874,0.9774124291062318,0.00014899116779981572,0.0004706615452926418
208,0.0001298859558705935,0.04229607984313845,0.9571888935417469,8.168204741486318e-05,0.00030345861182929534
209,7.602254345366634e-05,0.025399336732892006,0.9740352614192067,6.758531504833002e-05,0.0004217939893992881
210,0.0001180287943960439,0.026590993881203756,0.9728524960545764,6.699709824152587e-05,0.0003714841715822365
211,0.00011127503048661176,0.03428089961001992,0.9651706324339301,5.226776482278255e-05,0.0003849251607403552
212,0.00010271408805059601,0.010948690098940872,0.9887025525487643,4.2882830810134035e-05,0.00020316043343386817
213,0.0001600352396844764,0.017544622841632183,0.9818424485765628,8.570015315848542e-05,0.00036719318896213254
214,0.00011649327930587919,0.011741191543715878,0.9877405577460744,3.8470575385168726e-05,0.0003632868555188174
215,5.3739509758078036e-05,0.013360500001469246,0.9862791129008572,2.917531101069506e-05,0.00027747227690472144
216,3.7585398053026555e-05,0.010093987391346336,0.9894887161350209,1.8284919768313253e-05,0.0003614261558111778
217,3.5316760108959246e-05,0.00895420507253983,0.9907850324552505,2.2250438681217412e-05,0.00020319527341926158
218,5.9865241896962595e-05,0.01703088052460511,0.9826855777371348,3.766182602723743e-05,0.0001860146703358232
219,5.404920939380793e-05,0.010057179979009186,0.9896827172390747,2.439432494943549e-05,0.00018165924757266097
220,2.8744398348949283e-05,0.010491893563285611,0.9893021381454157,1.965025165496581e-05,0.00015757364129481927
221,6.72750585967423e-05,0.008292472089958682,0.991427064903313,4.569876328150191e-05,0.00016748918484989572
222,5.8498386363129994e-05,0.013659197988547723,0.9860148159370308,2.6484819338428077e-05,0.0002410028687199902
223,0.0001594713743303878,0.017628607301064424,0.9817009991051491,6.135530121160314e-05,0.00044956691824454484
224,6.200933840149809e-05,0.011904801354523282,0.9877703358556836,2.3949150305284455e-05,0.0002389043010862689
225,0.00016328375671977797,0.020930142730118312,0.9783368909339476,8.402585615905837e-05,0.00048565672305526074
226,6.349540705501657e-05,0.024103181018122,0.9754827304236443,3.713673691245741e-05,0.00031345641426624104
227,0.00014937683933175845,0.01722395152835361,0.9822952978105657,6.238295391219873e-05,0.0002689908678367055
228,0.00014697825116548164,0.02257287183520295,0.9766274796996496,6.272677946076371e-05,0.0005899434345213078
229,4.6993999885076424e-05,0.01842670882490736,0.9813572120777516,3.104254943884311e-05,0.00013804254801724904
230,9.332140675282166e-05,0.009919960241505236,0.9894842787844141,5.0171506686012576e-05,0.0004522680606418391
231,2.940255263345202e-05,0.012306517471023327,0.9875205256641996,2.0799245081330818e-05,0.00012275506706220133
232,2.7384789181434446e-05,0.008792023379138229,0.9910542438253145,1.5576597683347175e-05,0.00011077140868249408
233,6.799568411462498e-05,0.014387389250518322,0.9852950283575316,2.4390410477786522e-05,0.00022519629735776451
234,5.612152960759839e-05,0.011074881660714773,0.9886454476848284,2.412558452046235e-05,0.0001994235403286174
235,8.221767610444474e-05,0.010411215253289014,0.989254732760521,2.7839796011323258e-05,0.00022399451407446356
236,4.1692095561675665e-05,0.018719631693567954,0.9810230555601305,2.5904447597130727e-05,0.00018971620314291697
237,0.00021353084464239503,0.024989710187293145,0.9739966335029449,0.00015147612765803743,0.0006486493374614909
238,0.0002226940408811686,0.035109568508500326,0.964020077789315,0.0001481148898166033,0.000499544771486941
239,7.011249433140865e-05,0.024360422543606444,0.9752491630372004,3.1790763813224365e-05,0.00028851116104836684
240,0.00039818146162170674,0.03843939707475928,0.9601272046581727,0.0002311371839966549,0.0008040796214497801
241,0.000247124210400184,0.04897892251245703,0.9497525194207197,0.0003163726446344784,0.0007050612117885289
242,0.00045928782631415383,0.05502947970621324,0.9428440954742263,0.0007302702538754973,0.0009368667393707897
243,0.0004663431411234715,0.1429712524072081,0.8542707743346784,0.0005754426044496429,0.0017161875125403427
244,0.0011556145193665325,0.12809016273425544,0.8681084697504545,0.0006945340124633321,0.0019512189834601057
245,0.0004988959774172776,0.074929136900919,0.9194866609263018,0.0008393688047668683,0.0042459373905949244
246,0.008798030054901129,0.04723512019098251,0.028401155140377443,0.0020586912660334254,0.9135070033477056
247,0.17081543777530828,0.5150997772468972,0.02522776743185236,0.02179944551017883,0.26705757203576336
248,0.2708817052031842,0.45664283931152816,0.017926134021685507,0.013229612619018475,0.24131970884458365
249,0.10993308780826785,0.7328039309901487,0.11144608284958259,0.007803982292544851,0.03801291605945596
250,0.08291457477611834,0.8535753210874125,0.01485550398251301,0.03135430726092203,0.01730029289303408
251,0.030645901289535017,0.8653356768644529,0.06803263358224744,0.019093666340310938,0.016892121923453563
252,0.05698648844960704,0.8463930785057565,0.033901654685655605,0.0496355479915514,0.013083230367429432
253,0.03575938780035578,0.08597775982226193,0.01733366860219037,0.0020692282251988997,0.8588599555499931
254,0.09757261514985076,0.7016925766886338,0.08104046532106718,0.006748895641716223,0.11294544719873191
255,0.20078228062604334,0.7085565820429263,0.01685489246794756,0.007289950697778883,0.06651629416530394
256,0.18423340173378278,0.6322216416784623,0.0840233416566248,0.007434694658144254,0.09208692027298576
257,0.011574791108199076,0.9106585883166449,0.05341385158829712,0.014450905752452104,0.009901863234406907
258,0.01434135569632534,0.8556256248208832,0.10288127823977215,0.00841594710484591,0.018735794138173275
259,0.007788227517255005,0.7526714477157159,0.21586620259470124,0.007906208701595085,0.015767913470732756
260,0.006306125972890097,0.9224749430288436,0.04984233774813615,0.010830447809091079,0.010546145441039174
261,0.010320373580776735,0.928598421815122,0.024780145635336922,0.01591350854696901,0.02038755042179553
262,0.014126510894794003,0.9310427560901013,0.02915631838158731,0.015344418730015536,0.010329995903501768
263,0.05078235415874157,0.32924270302354525,0.10746967913222247,0.009087355308696476,0.5034179083767942
264,0.1161847184348947,0.704659388079207,0.010572556648258947,0.030987062574919896,0.13759627426271934
265,0.21230756068503265,0.5720943515830368,0.001944869003731327,0.0928987858974348,0.12075443283076448
266,0.17632781851111992,0.08760710493211317,0.002228186555258092,0.03906073134392221,0.6947761586575866
267,0.055053893021431495,0.6780274457329096,0.007773824699917824,0.05695259802415958,0.20219223852158139
268,0.10230802495964836,0.707724449027989,0.001971357619171091,0.11919250985869564,0.06880365853449597
269,0.049053558896518294,0.04966148563742805,0.0010214033299794014,0.09351223214901869,0.8067513199870555
270,0.11033926523547073,0.17331682321066863,0.00020485248233485684,0.6230868008440202,0.09305225822750544
271,0.03908618768051922,0.5708634773581454,0.002213136712240004,0.35991952546307254,0.027917672786022835
272,0.05561780618462584,0.06590147947731088,0.00012071143915502295,0.8683551558326559,0.01000484706625247
273,0.016684650373519672,0.03316623638366583,8.317715141217854e-05,0.9422634730316773,0.007802463059724873
274,0.006435894049682532,0.017015694569151925,1.6814732955957384e-05,0.9734743282646555,0.0030572683835541387
275,0.009210819452942314,0.005279725259014983,1.4303736545803486e-05,0.9829166777579766,0.002578473793520105
276,0.006870705150553995,0.008301075808195828,2.6810962827837643e-05,0.9828864143707476,0.001914993707674541
277,0.004650728906710029,0.007192200895402512,2.315412837311459e-05,0.986941144421243,0.001192771648271288
278,0.004479925096826349,0.004812917684850754,9.168077450923636e-06,0.9879910622328666,0.0027069269080054895
279,0.0035346567282629523,0.00297762130733842,4.757798645624767e-06,0.9926481798257464,0.0008347843400067246
280,0.005748554580809117,0.0016977180362859861,5.289357543856714e-06,0.99152623877183,0.0010221992535310311
281,0.010845974820817903,0.0018462380565945058,2.9168457621833872e-06,0.9857443298913527,0.0015605403854727724
282,0.006408854921402235,0.007611596941428192,1.806539173720001e-05,0.9843559239209891,0.0016055588244432806
283,0.009278113909575182,0.0023085251282195835,4.138942048089428e-06,0.9861882483350071,0.0022209736851501647
284,0.003852176434654444,0.004562251411724857,1.4060623544144669e-05,0.9905819555187312,0.0009895560113454395
285,0.0042886199968685534,0.00340992650144179,1.0952062600933178e-05,0.9915996908979485,0.0006908105411402332
286,0.0035368480434772834,0.005507775329929863,1.9592935385653866e-05,0.9900574077898172,0.0008783759013900096
287,0.0030751724426797793,0.004393434548736206,2.1564998776147717e-05,0.9915384944651262,0.0009713335446817113
288,0.0028248735049236366,0.003861945534234513,4.179182115670617e-05,0.991474935973435,0.0017964531662502136
289,0.0024316151296048874,0.0015969419960375428,9.17199232518666e-06,0.9956140190732431,0.00034825180878922607
290,0.0036647866997880107,0.0014869032447993938,6.629748585704638e-06,0.9937311201463759,0.0011105601604509488
291,0.00579554147194343,0.0025872739604489207,8.53465709515655e-06,0.9903578140891066,0.0012508358214056966
292,0.008732320633057117,0.0034030839604099494,7.427047557529094e-06,0.9871550710303495,0.0007020973286257244
293,0.00812900640786398,0.006714838555783167,9.04421200830939e-06,0.9840558171750842,0.0010912936492604736
294,0.006252536427647736,0.004718445390665309,5.376036469033123e-06,0.9878352639434081,0.001188378201809815
295,0.0036033045889491944,0.003129169206582898,4.0471689994524374e-06,0.9927245502792161,0.0005389287562522822
296,0.00835579525155113,0.004369569664986867,2.5701453167155267e-06,0.9859217393194009,0.0013503256187444156
297,0.008257160519729778,0.003167206574239748,6.975835695701325e-06,0.9874339299807984,0.00113472708953636
298,0.010153556308044992,0.007088112289786871,5.201588140284209e-06,0.9815270406428889,0.001226089171138905
299,0.016583891191164202,0.0367002777734485,2.9030150646128938e-05,0.9429032883250446,0.0037835125596966837
300,0.009664402454044601,0.017652065188338787,8.41708691526598e-06,0.9704108208214645,0.0022642944492370014
301,0.011884542086296803,0.04969797804807574,4.55846836629733e-05,0.9323329579890907,0.00603893719287377
302,0.015540306317696742,0.01316965877356255,3.545503953341205e-05,0.9670376726578478,0.0042169072113594904
303,0.008991761506485908,0.05048108641781644,8.910246741185444e-05,0.9256444287185956,0.014793620889690174
304,0.010408522779763153,0.019260068461490466,2.809715413671985e-05,0.9684594854957844,0.0018438261088253014
305,0.009804041829827612,0.012369383917515171,3.403109413551681e-05,0.9737709678824138,0.004021575276107763
306,0.008639386113616063,0.009121900705933416,2.1963350017724575e-05,0.9803756647052955,0.0018410851251375027
307,0.005281009429588152,0.03345231747400997,3.980126262071616e-05,0.9568212405132,0.004405631320581156
308,0.007101347295417494,0.02531654433319979,2.1884655899230815e-05,0.9637541839352717,0.0038060397802118224
309,0.00694573054734007,0.012682074462820313,1.686257121597642e-05,0.9773146626942494,0.003040669724374238
310,0.005963748772532874,0.00950380078587943,3.430939922927377e-05,0.9811702074090589,0.0033279336332996293
311,0.013464082506070998,0.006530084181494071,1.0127709328771264e-05,0.9785005332572349,0.001495172345871238
312,0.011727315439836902,0.02115745679168171,1.3897466855146233e-05,0.9651110611303146,0.0019902691713115745
313,0.017056076259693465,0.017164558080287676,1.269650551817233e-05,0.9615795973601272,0.004187071794373396
314,0.028685243069364465,0.029656717806883056,6.842215851839783e-06,0.9377250305375848,0.003926166370315732
315,0.01923027505433654,0.2287522767133988,7.824148525476414e-05,0.7455121374432352,0.006427069303774591
316,0.05766791772423973,0.16249660350840778,0.00012739542525987718,0.7667224239743313,0.012985659367761158
317,0.03719737682725193,0.4713176597047353,0.0010941271058120773,0.45691710363636073,0.03347373272583992
318,0.07335100469478352,0.5777524541007633,0.00038106091635244544,0.33347557805620043,0.015039902231900366
319,0.022801845555451353,0.9187572510922456,0.0006047579667627659,0.05520169565987876,0.002634449725661646
320,0.09599311067782976,0.6645572227310009,0.00017785608830929212,0.2264674929066374,0.012804317596222513
321,0.09543897025446271,0.7332518313390587,0.0005803319674610987,0.15919791818351353,0.011530948255503815
322,0.02057547920875455,0.9386641395577298,0.001145203608233028,0.03474455830859102,0.004870619316691619
323,0.01500496010707821,0.9711627097272444,0.001978691454670709,0.008966745060827449,0.002886893650179349
324,0.06226467502614745,0.8191444947246304,0.0006300109095143645,0.09906431426738295,0.018896505072324966
325,0.06472210936446245,0.8372786180237395,0.0004963044002742567,0.08569123724201035,0.011811730969513599
326,0.01645107391172432,0.9669663602952746,0.0007559344129889637,0.01259941129854382,0.003227220081468176
327,0.012608450036582071,0.9049007246026165,0.0640412962797975,0.01185507935438116,0.006594449726622765
328,0.02145786407333618,0.9424222861886644,0.001075324542268232,0.03178685899405209,0.003257666201679109
329,0.015993479896539015,0.9613901349686166,0.0012197817840846642,0.016081677794016508,0.005314925556743093
330,0.01936159538225072,0.9543639574455874,0.0021363774239693514,0.019397606365338514,0.004740463382853977
331,0.022577025800061802,0.9287568485068606,0.0019951795248214187,0.04191265103746339,0.004758295130792728
332,0.01184377756521039,0.94495168555401,0.024960922689133754,0.01138710427935154,0.006856509912294112
333,0.008808208883973394,0.9775335220387439,0.0018821346370441773,0.008309311436843218,0.003466823003395369
334,0.00802168081204515,0.982809265335515,0.000894168784550911,0.005773142646052217,0.0025017424218365548
335,0.018777271853420742,0.9670961672697088,0.0010688594173455875,0.009063229438137643,0.00399447202138731
336,0.03061434487307677,0.9463009923161184,0.0007137465499647738,0.017671103026854054,0.004699813233985886
337,0.008231582297521639,0.9615686356038005,0.024223714000326132,0.0031311350708524135,0.0028449330274993834
338,0.023155776579409197,0.9607544549359149,0.002813806838578385,0.006392424844263816,0.006883536801833814
339,0.008086066676209456,0.9789164343395872,0.006488788070954682,0.004207641034085033,0.0023010698791638934
340,0.0018690215063981023,0.9450356183427675,0.0499186986163323,0.001991850677108253,0.0011848108573939708
341,0.004711836519342496,0.9694021643999592,0.01736816619518792,0.006330992669037392,0.0021868402164730177
342,0.004061364976536577,0.9807866404459085,0.006636001618871966,0.006990577033530012,0.0015254159251528556
343,0.01211150228267557,0.8560914676593463,0.10555717735041614,0.0030917144758022892,0.0231481382317595
344,0.06194610091090168,0.7237359376550988,0.1323058998638342,0.017060700763693985,0.06495136080647124
345,0.07986155969990551,0.8845676852133628,0.002879549000998877,0.01942130969147407,0.013269896394258705
346,0.057337421866243056,0.9250900512416316,0.0010664369690814646,0.010658396660163293,0.005847693262880738
347,0.027312233917039377,0.9528221570833196,0.002344162309454623,0.010103402520710132,0.007418044169476409
348,0.11513477540308148,0.8308701734609075,0.0016163600957888043,0.034043917539874416,0.018334773500347658
349,0.06375586904626873,0.6048085156746054,0.08781555089670874,0.011497271712608784,0.23212279266980818
350,0.12821362266702482,0.7571185787215661,0.003446202048848489,0.02530127049268476,0.08592032606987589
351,0.030630612342048582,0.9519424443668001,0.003459546210191569,0.005761808882585194,0.008205588198374492
352,0.03243749884184384,0.9509534576944224,0.006140821999564832,0.004175418165917192,0.006292803298251837
353,0.012503387530479153,0.9411703524441065,0.03369987100924363,0.0020415004514999988,0.010584888564670538
354,0.17546765007254753,0.5504244865169221,0.005843764293207052,0.041453416492263626,0.22681068262505963
355,0.10842139068937932,0.4591867437258478,0.009823884829257345,0.032813114500605846,0.3897548662549097
356,0.08747967241820526,0.830176977921744,0.006958990403598457,0.02467100748394384,0.050713351772508325
357,0.05942273503626431,0.880998578928637,0.0036790896321701873,0.023368407426921714,0.03253118897600683
358,0.09552519204282672,0.7983137854838632,0.006749419796369298,0.0758172243960259,0.02359437828091476
359,0.08362865838391613,0.7694929770065019,0.0012923761549275957,0.12989395770943926,0.015692030745215125
360,0.03962406441793117,0.8800770102057065,0.0012818418416904375,0.06958146983734331,0.009435613697328664
361,0.04677716963173628,0.8346388732642586,0.0060737702529240845,0.08242662490481334,0.030083561946267864
362,0.09885488369154444,0.7629034935778705,0.0036354795039915634,0.12394935216740109,0.010656791059192419
363,0.04049310929427497,0.8719138742317892,0.006736938386043927,0.06401002180179431,0.01684605628609751
364,0.0653646981270056,0.7351663338250897,0.005907687038608713,0.18513351426330674,0.008427766745989216
365,0.044614252784555435,0.7406885654905706,0.0023640712219009296,0.2087697023419951,0.003563408160977931
366,0.010003302744897389,0.9038373321633856,0.009210596277325157,0.07493842856986214,0.002010340244529824
367,0.020805782663624837,0.8141022730833174,0.004157149087808128,0.15843536745621875,0.002499427709030839
368,0.010866701309430283,0.8590082994990019,0.015162348966011057,0.11119615002359048,0.0037665002019662474
369,0.017894725196006288,0.8327599134118766,0.0160802706270696,0.1276298561138928,0.0056352346511546495
370,0.014598377023286195,0.883331723459976,0.021541851743511902,0.07781842732333451,0.0027096204498914954
