epoch,N1,N2,N3,R,W
0,0.02609836470403607,0.009960228881237642,8.89207827322271e-05,0.0026153477764972706,0.9612371378554967
1,0.08819088312902106,0.025417525430668726,0.00021338771182275668,0.009451456277149266,0.8767267474513383
2,0.030323321026818565,0.011335091444907028,0.00013021605867446416,0.004429646794112274,0.9537817246754877
3,0.10895914070254085,0.013869206205220353,0.0002141538650683081,0.013922516633483442,0.863034982593687
4,0.25198979960252466,0.07646868745884175,0.00038880533956517875,0.030519236159504012,0.6406334714395644
5,0.17546993929797083,0.10508965000912276,0.0018938403589079504,0.01589589655004116,0.7016506737839573
6,0.13046670708456667,0.031348778621578706,0.0004391198893721064,0.01648962422963121,0.8212557701748514
7,0.2232993227440847,0.04379889039177221,0.0008209690687466182,0.0074076114587476915,0.7246732063366488
8,0.16682247689919572,0.0381576626788073,0.0009678828941551462,0.0019384263344610724,0.7921135511933807
9,0.29289482194658184,0.19300418116449172,0.014458614589693768,0.0033706654212841253,0.4962717168779486
10,0.08111910202129727,0.2999893621685571,0.06774997948795577,0.0016126306088314155,0.5495289257133584
11,0.062213981147020626,0.4846599419346338,0.07572737050503253,0.004136146929643303,0.37326255948366965
12,0.029842588641330176,0.493011742795287,0.1431140502287869,0.003179253565345958,0.3308523647692499
13,0.030007971831881378,0.5712542185653068,0.06838681029350553,0.0042726197080502635,0.32607837960125596
14,0.058704553096749316,0.6229775739196121,0.06298447793597861,0.01732398353446658,0.23800941151319346
15,0.02001629113555851,0.5153583807891625,0.09025605575063195,0.006041261969397703,0.3683280103552493
16,0.0727821276906608,0.7011834266840943,0.046200725205403234,0.01981993326076791,0.16001378715907383
17,0.04351475038378571,0.3571086112115996,0.17295623301868518,0.011856725702895659,0.41456367968303387
18,0.08871661025469044,0.4140698906089175,0.003145551990137454,0.023029853473050796,0.4710380936732037
19,0.035479090969195944,0.439734507209106,0.19016903945786154,0.01000110227514391,0.32461626008869254
20,0.09639476913106668,0.5331187672438865,0.0270043162394322,0.019605472585247745,0.32387667480036686
21,0.05004481044033043,0.46959169146005336,0.11538071180971193,0.005476966704243072,0.35950581958566113
22,0.09417553960598224,0.43351330844549435,0.0839072257934707,0.005229508353297463,0.38317441780175526
23,0.020415749079908674,0.23295448096874752,0.14769290094213391,0.0014440513752516137,0.5974928176339582
24,0.02072849513703421,0.7686577671941477,0.06113123345752617,0.002585204345876543,0.14689729986541544
25,0.02434530582082155,0.13319556736091706,0.01761059528713696,0.0029159410605789898,0.8219325904705453
26,0.0298482444474753,0.6333033246411198,0.10466665216397181,0.005435492168134583,0.2267462865792985
27,0.03978060823069992,0.7689233933193637,0.06222311693574817,0.0019551556649976395,0.12711772584919048
28,0.015184847978692973,0.41643098070239853,0.19785030476789833,0.0005021486517091391,0.370031717899301
29,0.01390630201114385,0.4239283561573461,0.15539830883813252,0.0003885183469360065,0.4063785146464416
30,0.01970624659433422,0.07034818416870955,0.012366405467936104,0.0004995632857089977,0.8970796004833111
31,0.02027766402280063,0.4915590089106786,0.14065843356433377,0.0010260605558899858,0.3464788329462972
32,0.04705993349080357,0.6950964549554539,0.03872043422865967,0.0047088819287696045,0.2144142953963133
33,0.0163176075089391,0.4688025488319878,0.2257610155942536,0.0008166757571973569,0.28830215230762213
34,0.010544735728253199,0.6634829350986848,0.20130076118617835,0.0004333024254740051,0.12423826556140957
35,0.016981388524834686,0.44597304367160007,0.0844526031454248,0.0012189940833601503,0.4513739705747804
36,0.014870944249551262,0.5608729166269796,0.2165899647439357,0.0008184804350357528,0.20684769394449773
37,0.020423785299554468,0.7016712225694877,0.12681565333997818,0.002518965178263222,0.14857037361271655
38,0.03592336237159321,0.5938638270439694,0.16258038054584914,0.0020898119035731837,0.20554261813501504
39,0.017586049017319215,0.6894769762356847,0.1671539537504204,0.001409995178278641,0.12437302581829704
40,0.03197521562180658,0.7227464664061656,0.0915621363593989,0.0053895770216538475,0.14832660459097521
41,0.029076320951641137,0.8354601156581677,0.02552068767983687,0.006775460240027405,0.10316741547032707
42,0.02816042978656098,0.7043325070741187,0.05815163340341745,0.004988952541896993,0.20436647719400625
43,0.1058721383324774,0.644395994872087,0.0355261680841007,0.019145802393163592,0.19505989631817122
44,0.08892847535043481,0.5371775281728913,0.03400181128537846,0.009238729454457726,0.3306534557368377
45,0.081841584625601,0.7727610410039324,0.026119848248556045,0.00790390810654229,0.11137361801536831
46,0.06525302245963874,0.5900681344740014,0.03293178017584897,0.00817216355495458,0.30357489933555626
47,0.1416234927100042,0.4748127634360449,0.009484304784428774,0.029380969696000375,0.34469846937352167
48,0.05080304180705103,0.5884383647006001,0.01371100953213268,0.00758945861125963,0.33945812534895653
49,0.142157136379483,0.4850135941464029,0.008593547380432474,0.0528309376420509,0.3114047844516308
50,0.1521112351477769,0.49465889000152974,0.0089289850675003,0.04256528597219428,0.30173560381099873
51,0.2409873542124917,0.22158588565096712,0.000513547372836659,0.08480127534948073,0.4521119374142239
52,0.20234013254742836,0.42244592826633537,0.006502728054033497,0.012971651749583871,0.3557395593826191
53,0.06499785428064137,0.1422803502956728,0.004363127559040924,0.009456910712722843,0.7789017571519221
54,0.061877216900245544,0.0741956042171423,0.0015929103431406967,0.008455309323824317,0.8538789592156472
55,0.2681561899812981,0.5022091022760272,0.0009970159375791504,0.05550914026549587,0.1731285515395998
56,0.1635474798908114,0.33477484713036776,0.08414315487872254,0.005967084650942571,0.41156743344915575
57,0.0690317953909029,0.5833205071862146,0.14668603235407196,0.0063387399513538676,0.19462292511745666
58,0.089254804895466,0.6626839253396097,0.056996282924384065,0.007646779350279388,0.18341820749026075
59,0.034321725699743566,0.610934707326087,0.03736028135141631,0.0030499251542573332,0.31433336046849564
60,0.04776503187743578,0.6434565540236749,0.11325246649579923,0.005058093640140722,0.19046785396294943
61,0.014288842712230961,0.8081476416922075,0.12010401176415418,0.0010381345400230846,0.056421369291384305
62,0.028654826533472472,0.7233595676440887,0.11512063863748241,0.002397425322817011,0.13046754186213938
63,0.022275201283245966,0.8749504635853504,0.05142362436387354,0.0012124252203545318,0.050138285547175455
64,0.02246052909130029,0.8092252902692738,0.11457811021721319,0.0004781876691874461,0.05325788275302528
65,0.017816297576357772,0.7001118763562827,0.19256228650838325,0.0003817693510973047,0.08912777020787895
66,0.033215392031691625,0.797917374065382,0.08098326719195272,0.0008537970684804707,0.08703016964249301
67,0.03117183357260878,0.24466736169465106,0.02659420883809472,0.0029137224543680485,0.6946528734402774
68,0.025500712628500993,0.35080261752173103,0.3509984387422091,0.0016507135201284428,0.2710475175874304
69,0.017040365020177656,0.38762769576230893,0.5272741385499399,0.0007516188973404831,0.06730618177023308
70,0.023571043505649168,0.2818431508027529,0.562267985715959,0.0006128339857230751,0.13170498598991573
71,0.025585142956791023,0.7537407640767858,0.17515022226550359,0.0009917868765154073,0.044532083824404156
72,0.02522690571408389,0.7139986621780975,0.23053241110231645,0.0006029774726078748,0.029639043532894208
73,0.038987718332483406,0.5843179836111813,0.11054620738881403,0.0019174832303122226,0.26423060743720905
74,0.04788771102651906,0.7090065308709169,0.11698839363909991,0.0011056103430983266,0.1250117541203658
75,0.06814375744576423,0.8919149944431599,0.010443978693198708,0.003175058312506021,0.026322211105371106
76,0.05706421991576417,0.7833594429843943,0.12750776388079332,0.0008200052523465339,0.031248567966701613
77,0.026860091965431498,0.8144575308266708,0.10957128737187447,0.0014138747861770857,0.04769721504984634
78,0.02154675257899705,0.6670056282171062,0.18582012150584643,0.0016362970444959949,0.1239912006535544
79,0.00905765422450124,0.783386846253627,0.15851453917403707,0.001772988887609344,0.04726797146022554
80,0.01505362054899541,0.7190792244047827,0.11975823561294564,0.004590712305937424,0.1415182071273388
81,0.013848503885830586,0.549300635719679,0.29510465586268425,0.004279801000923755,0.13746640353088244
82,0.020724434888910497,0.7317834893831938,0.0880198808776682,0.0061776527300180855,0.15329454212020935
83,0.020189687542347158,0.6831441357219409,0.20387534097201826,0.005496832858007542,0.08729400290568635
84,0.09043691451284677,0.566564821000512,0.015148214835136103,0.013556237202995322,0.31429381244850974
85,0.2646047586171305,0.6103861489644409,0.0066770871312929305,0.03689123555144815,0.08144076973568738
86,0.10063093536398088,0.592660634741405,0.09024930382595334,0.013252627516049942,0.20320649855261086
87,0.3175682619090102,0.5066444316102431,0.02026209647582206,0.025646575298512227,0.12987863470641237
88,0.08712940912887625,0.7219010962561322,0.1532322352631176,0.0012339466305306421,0.036503312721343384
89,0.15058484744486317,0.2237872081019736,0.282266549541594,0.0028464149366044405,0.3405149799749647
90,0.019637262548286474,0.2790300430650266,0.6576609633463779,0.001189247224139916,0.042482483816169134
91,0.012970992544966234,0.20941064843058593,0.7376047808144075,0.001067572333401748,0.03894600587663873
92,0.019534208722709508,0.20270886462955032,0.7590380583568491,0.0006833633663273714,0.01803550492456361
93,0.01776789010830803,0.23376392643116028,0.7206511794853511,0.001127753307187734,0.026689250667992794
94,0.01657360983123235,0.2724876132011369,0.7006919089070804,0.0005215258459116473,0.00972534221463866
95,0.01482251808656357,0.19893192100247992,0.7737508854199797,0.0003312868968745125,0.01216338859410227
96,0.007251210922200848,0.11276761540185601,0.874732378014489,0.0001401705243085574,0.005108625137145554
97,0.018124034165595198,0.46938022844502486,0.500427913126451,0.0006385266619202497,0.011429297601008569
98,0.004565246175268995,0.1895077082582649,0.8023929936731841,0.00023309080202480817,0.0033009610912571948
99,0.004156433651511935,0.13626367501752873,0.856212831012858,0.0001301438678301074,0.003236916450271132
100,0.007449777717235191,0.1746291848069833,0.8094926371395547,0.0005456902498824805,0.00788271008634434
101,0.009435706378174643,0.12093237606226097,0.8615824042316285,0.0003462919724006489,0.007703221355535419
102,0.0031378010953332647,0.07531555226179525,0.9184896713331988,0.00010625319359012413,0.0029507221160825856
103,0.0031384381270952635,0.08186098716348075,0.9104028731904823,0.00021349739674763973,0.004384204122193973
104,0.008083669862575462,0.21520265386907647,0.7705177139995117,0.0005900132771575515,0.005605948991678684
105,0.006881034825321283,0.17012695693000518,0.8176095912848117,0.00036411975361242153,0.0050182972062495276
106,0.025817754076598705,0.5313864519117234,0.43459923110804805,0.0013382946928396588,0.006858268210790186
107,0.049015065157499045,0.6122174047612016,0.3222323921414556,0.000936008589242067,0.015599129350601612
108,0.002817426252799286,0.11683306428723038,0.8750950914574108,0.00017364320357603555,0.005080774798983336
109,0.006118323651147682,0.09366290937531424,0.8887032272482106,0.00023674476612686894,0.011278794959200502
110,0.01298724848439164,0.12637536413717357,0.8299176366149391,0.00034348904261774456,0.030376261720877974
111,0.049529930986353936,0.40282402594411965,0.13731404082351936,0.0015580499575341006,0.4087739522884728
112,0.015501365049456437,0.3225143518245889,0.5281641588910101,0.0005062723308187717,0.13331385190412584
113,0.02495504925093172,0.3747555729714946,0.5807190180928106,0.0003737504340023085,0.019196609250760787
114,0.025000832432264822,0.28891054716186804,0.4592019342361594,0.00046393708407099137,0.22642274908563667
115,0.027652718622293813,0.4135525554082498,0.5378481540152386,0.000771963718123542,0.020174608236094255
116,0.04468996459111552,0.5804967924488345,0.2590614290873602,0.003068784413451478,0.11268302945923843
117,0.014182000576005176,0.1278382276842291,0.8231665443428372,0.0006573587631616821,0.03415586863376689
118,0.018779562770358887,0.5401637278026156,0.4241140473055374,0.00037117053575809494,0.016571491585730083
119,0.006979098257637235,0.20268988748028327,0.7856981651191896,0.0001722817173058474,0.004460567425584061
120,0.02466598797124102,0.6208800871642075,0.34465650869366504,0.0006849482260609046,0.009112467944825611
121,0.003251373409264491,0.11039152303031652,0.8843940699139589,9.22188025554608e-05,0.0018708148439046514
122,0.016580343664495914,0.37123415860990006,0.6059215298460551,0.0008371393363455797,0.005426828543203358
123,0.005844619673705282,0.1613511255556041,0.8307064184355886,0.0002492912096025258,0.0018485451254996513
124,0.0028972283175874134,0.1567494277597479,0.83588875246555,0.00028072047969786263,0.0041838709774167935
125,0.004794559526225105,0.17333913972891415,0.8193113604054993,0.00041875656707840946,0.0021361837722830863
126,0.001591538230350396,0.11290763713513201,0.8825940480127703,0.00012627815948356452,0.002780498462263503
127,0.001383693223360308,0.10169702517132068,0.8944767043736087,0.00025603082097125753,0.0021865464107387635
128,0.01335244232773193,0.24083545132366707,0.7369621337643942,0.0007614143202324303,0.008088558263974258
129,0.014450941184531328,0.3080688091874159,0.6693470922689229,0.0015319695340894651,0.006601187825040284
130,0.0016468581808977045,0.13012097807870815,0.8647583492253956,0.00023773911553309543,0.003236075399465574
131,0.004277614181001068,0.14769521716626838,0.842569079203043,0.00043120492956954994,0.005026884520117912
132,0.0026067635629591812,0.13904377512848093,0.8543292081418312,0.0006475608978723405,0.003372692268856323
133,0.01203202826097647,0.35394235292605336,0.6066305142206839,0.002199370435568338,0.02519573415671802
134,0.00997098612635125,0.2866809323637768,0.6859474724579472,0.00198256047163156,0.015418048580293178
135,0.008163764530148766,0.155354039528861,0.8328699573347197,0.0005537416378737747,0.003058496968396703
136,0.013672809628517467,0.24378925044077235,0.7336814121819016,0.001114418810838287,0.007742108937970162
137,0.02671355627491633,0.5399754267925366,0.41820609356032035,0.00236780901345041,0.012737114358776194
138,0.0034370122474705576,0.07825573432736471,0.9151846730334423,0.0002994753632431119,0.002823105028479252
139,0.010019352069898804,0.21752835803673615,0.7676920999134206,0.0007617621496788296,0.0039984278302655895
140,0.003673783006081155,0.11376367033896634,0.8798057670510514,0.00033921269949821757,0.0024175669044029483
141,0.015675676001681214,0.3008046706200238,0.6755555992306308,0.001495041946690518,0.006469012200973673
142,0.0048445083246757455,0.1482684138992347,0.8450295859843678,0.0002958386658711663,0.0015616531258506568
143,0.013340596525475965,0.23667435165945763,0.7352653060434503,0.0024709615447949295,0.012248784226821267
144,0.005226138702315689,0.21214251771709153,0.7795930412158018,0.0006462025793495208,0.002392099785441502
145,0.004988958153575652,0.15316167905741923,0.8387858633806312,0.00046947709717521855,0.002594022311198602
146,0.007561371245269277,0.19229494784579892,0.7965442275377025,0.0007969115844146384,0.0028025417868144053
147,0.00716188246016996,0.19318195612445754,0.7935430012759573,0.0010749329307408546,0.005038227208674488
148,0.0038035956531707487,0.10197808951754805,0.8918423509282687,0.0002916778533288512,0.0020842860476836863
149,0.010977660795618106,0.1166428873478533,0.8659374907476706,0.001159462520466275,0.005282498588391777
150,0.003428396885597914,0.052554070799755846,0.9375211507984802,0.00046845020899755795,0.006027931307168461
151,0.01686507474477844,0.2193779035978138,0.7518361966820217,0.0027236694676366726,0.009197155507749315
152,0.0037071067247216047,0.0935035510343115,0.8989356314268977,0.0007721202843099826,0.003081590529759118
153,0.050824873567977324,0.43221019539973216,0.46920240752780207,0.005627035620159701,0.04213548788432895
154,0.04029417792716196,0.7716503045174671,0.1474431881761576,0.020772303439108665,0.019840025940104748
155,0.05552165597798858,0.6027702624677662,0.2936422033320794,0.014970248653179741,0.033095629568986
156,0.11761300852190422,0.7805462956912546,0.019844508520463627,0.05192888810280295,0.03006729916357469
157,0.06252774232856888,0.7768325187161953,0.09948731839446436,0.03308541449623829,0.02806700606453339
158,0.05340888505297764,0.801745739638683,0.10936356732154051,0.011029411065624039,0.024452396921174808
159,0.1088698497649379,0.7769691026028158,0.022477229269346782,0.06195698944330625,0.029726828919593284
160,0.06773018502323969,0.8321612189915099,0.04158453014565004,0.018497612100811696,0.04002645373878892
161,0.06496534150982411,0.7763846531732858,0.05221829083776751,0.05035081392205863,0.0560809005570638
162,0.052674038359705834,0.7827644132866424,0.09933615016104587,0.021198474527684186,0.04402692366492157
163,0.20052601177921742,0.6779145516809663,0.005610592930779093,0.07216292091363802,0.043785922695399354
164,0.04860395644278707,0.7876005623708597,0.12863548435038885,0.012499949570060202,0.02266004726590419
165,0.06727682739531793,0.8212647763238643,0.06343540236274246,0.02223146581262158,0.02579152810545367
166,0.05791349491280282,0.8578521484226173,0.04874249456450946,0.01789548973826655,0.017596372361803954
167,0.10266307612606025,0.7916497861155494,0.03626147337908906,0.0303542092696841,0.039071455109617396
168,0.1182263145736406,0.7009856936375592,0.03801663590872972,0.03726805077427042,0.10550330510580018
169,0.055989234581128415,0.855318694625199,0.05057065158387626,0.01774296350611494,0.020378455703681297
170,0.028250612870835457,0.92411645627539,0.026356980024752518,0.010757373695903134,0.010518577133119033
171,0.03381042525619413,0.8362188193457233,0.07964365175473227,0.016081831015721484,0.0342452726276288
172,0.03717826579784699,0.836279810475033,0.07541534434600232,0.026799382738957475,0.024327196642160313
173,0.05327871651031225,0.7258488040445604,0.09252357569860027,0.03369076440207723,0.0946581393444499
174,0.05040356809696892,0.8577336615822314,0.05119844685366882,0.022521479950507954,0.018142843516623156
175,0.07704832132914183,0.7270022278333351,0.05945168297386066,0.042942323955325205,0.0935554439083372
176,0.09465172604348447,0.7807537140408687,0.02881915660545615,0.05180254875764241,0.04397285455254838
177,0.14812860558560936,0.7174983782605878,0.00606127887851321,0.10159292611688664,0.026718811158403025
178,0.028127700839359112,0.5907504684887065,0.3213241858671746,0.011695930268566579,0.04810171453619318
179,0.036828994064248076,0.7741777380842009,0.1573085857361872,0.01134543555735897,0.020339246558004936
180,0.029721420795544556,0.8154226762569665,0.12285434131691436,0.015627323303597413,0.01637423832697708
181,0.018238945645279607,0.734022311598422,0.1869909448975565,0.020820267490381995,0.039927530368359845
182,0.10479808855809059,0.7807955407196999,0.013142961168980963,0.06846547426211749,0.032797935291110886
183,0.02859005869596641,0.8105112798670745,0.11716315543914352,0.013911132715842807,0.029824373281972634
184,0.10300249562615788,0.7701665436686018,0.01753232982786155,0.0742515704395852,0.035047060437793404
185,0.06526383181868445,0.8099281905943235,0.0723066089894473,0.02547496015578567,0.027026408441759207
186,0.023920845786888648,0.8541295038517499,0.09737742440087437,0.012667470795177514,0.01190475516530968
187,0.040801596661864906,0.8507961439214373,0.06551578037723756,0.023838094530786686,0.019048384508673615
188,0.04972015022109801,0.866354590115712,0.034746452613455325,0.02943828199733013,0.019740525052404482
189,0.03149927395436565,0.8407185337537556,0.06402868771062593,0.023159041040518604,0.0405944635407343
190,0.08242479666283986,0.8430194481172703,0.011144977529492518,0.04767735605246932,0.015733421637928
191,0.033917949322545736,0.7527954233154662,0.1687126313485952,0.011323239219657121,0.033250756793735625
192,0.050265363831838224,0.8621007342427245,0.049771441029377826,0.01754375493702824,0.020318705959031205
193,0.08828546566353764,0.8104322293433139,0.019893283431144042,0.061512041029545626,0.01987698053245872
194,0.018841535007266333,0.8340568629118563,0.13350921469860494,0.006158208870251357,0.0074341785120209496
195,0.0846058938289079,0.7464646688991439,0.020206924752077044,0.03901839296416915,0.10970411955570225
196,0.05018514346836028,0.8425111226960912,0.03997465310790526,0.034174782187367886,0.03315429854027527
197,0.06578076952238841,0.8188201406317922,0.0661888142989102,0.024707666464357993,0.024502609082551145
198,0.0594468689671384,0.8093204086781343,0.07738040477827637,0.025053414533572856,0.028798903042878125
199,0.047225759723713324,0.809769135103822,0.0677345107473942,0.03159760887090371,0.043672985554166606
200,0.05406203324938064,0.8144185166163143,0.05311541916385098,0.03867366509808216,0.03973036587237188
201,0.2500585245169994,0.471241523651742,0.002014494711525664,0.24062358810783285,0.03606186901190014
202,0.048552357887808165,0.8254549655051482,0.07152948567666906,0.03827944710570566,0.016183743824668997
203,0.19894432585474892,0.6067327718248932,0.028545714761380632,0.11606637058708394,0.04971081697189338
204,0.05071975448403918,0.6889306810587239,0.1827525026316539,0.047576313301084604,0.03002074852449826
205,0.09092568170638689,0.6658406767796061,0.09821294552611477,0.06268882441506438,0.08233187157282797
206,0.2016231562652535,0.5331748156740618,0.022483274369061227,0.18420793280627193,0.05851082088535159
207,0.14786664981303044,0.4855368205865643,0.021079249448957588,0.1450946126143075,0.2004226675371403
208,0.12953990559240225,0.6019194233093186,0.024175854049141087,0.11316781901092253,0.13119699803821566
209,0.09396703181485891,0.7536499402639276,0.025658048058742323,0.0993164763007337,0.027408503561737376
210,0.16830719348081138,0.40470992410251216,0.003006424545011541,0.16875581346292737,0.2552206444087377
211,0.2478734719852259,0.5155920260773008,0.014016286829327882,0.1339628062752582,0.08855540883288729
212,0.2691390073660185,0.458844265385762,0.004461174437066191,0.2077374771652124,0.0598180756459408
213,0.1604927046945108,0.4997456136515046,0.0430691857497422,0.0430025112907535,0.25368998461348874
214,0.12493624662171571,0.7023644082402747,0.045936891388341256,0.07860802160774633,0.04815443214192201
215,0.179642222045098,0.43569982780352456,0.019316754835099616,0.27887873159270576,0.08646246372357212
216,0.1507309240432816,0.4467210118556569,0.014460559082257254,0.2602453985483896,0.12784210647041472
217,0.26650948400067104,0.37312694201804875,0.0037193584020471437,0.28950068864395345,0.06714352693527961
218,0.25210912404125635,0.5579688307999472,0.013534237305117366,0.09162074659435022,0.08476706125932883
219,0.3115950448511643,0.45204039099060705,0.007332736305167941,0.15058899208689738,0.07844283576616333
220,0.387430677051324,0.3351124307825457,0.004494784149328051,0.15259882066292488,0.12036328735387739
221,0.1533064571988953,0.5972946010055561,0.06374994215619909,0.04694401149441581,0.13870498814493368
222,0.24115953960328038,0.46898458840957885,0.02527771034675205,0.18031857899948334,0.08425958264090533
223,0.12741450968149706,0.4224947798913533,0.01846280356850043,0.0854669559568712,0.3461609509017781
224,0.1313187403357838,0.6570459401044982,0.04585312209759685,0.07564130037828469,0.09014089708383634
225,0.10364744376087748,0.6561354102882991,0.07916025133047397,0.06200268929997542,0.09905420532037408
226,0.17402003543604402,0.5995911509157215,0.004391028621467349,0.151075913956543,0.07092187107022423
227,0.06752286913993713,0.7231567018866669,0.11171456241377366,0.04160720763380131,0.055998658925820906
228,0.1917792128762188,0.582918283232348,0.015702054700680576,0.1362678224736583,0.07333262671709424
229,0.10669799380491074,0.6392270896516445,0.031359826667197006,0.15700487611028754,0.06571021376596002
230,0.16289682350236873,0.2843679849249875,0.005175429998731053,0.43549385543472663,0.11206590613918604
231,0.17234827615128673,0.1168905797636771,0.0007854787944779805,0.22752946493520443,0.48244620035535374
232,0.12031276164136749,0.06345500853659947,0.0010839902336016402,0.5033716557569812,0.31177658383145024
233,0.09186217304995048,0.026474985401337487,0.0005558569512478924,0.22934169324401638,0.6517652913534479
234,0.09806150370469845,0.040920778195465676,0.0006802700764302851,0.05738647602808063,0.802950971995325
235,0.11124315286844043,0.16935392737893643,0.002294591385284916,0.1727307830927619,0.5443775452745763
236,0.2517186986000601,0.06695948713288366,0.00045503894134693134,0.28293358437757055,0.3979331909481387
237,0.07841829475342323,0.01976793082161289,0.0005141813851919104,0.17500523142503172,0.7262943616147403
238,0.1077085050892048,0.19094275054902968,0.00458921495348092,0.4062321804049411,0.2905273490033436
239,0.12317858876620758,0.0699161938956425,0.00048738235112579556,0.27232363791767694,0.5340941970693471
240,0.12054823022402301,0.06978922137233101,0.0006622734106660252,0.09787539545691012,0.7111248795360697
241,0.15139651757447092,0.116006364268329,0.0014479510276212185,0.48193415093128006,0.24921501619829883
242,0.17309094731187882,0.059711878881994335,0.0003407705254092342,0.2613855102721344,0.5054708930085832
243,0.13375110051283487,0.04951898292272718,0.0004868730529609267,0.17548329985574723,0.6407597436557299
244,0.139627458016774,0.11618313802763981,0.001025674358409376,0.5443244463314517,0.19883928326572506
245,0.15937888434693906,0.07142842372516994,0.0004913209416381386,0.5086990179794278,0.260002353006825
246,0.13655141428858172,0.0673488606032205,0.0009748067238545001,0.534066962992236,0.26105795539210735
247,0.1078014512018043,0.07434409721316383,0.001075191762237926,0.6174065391391069,0.199372720683687
248,0.11321240185963737,0.04549998744165229,0.0004329250389217232,0.2170721281070083,0.6237825575527802
249,0.16731282857430316,0.14794798513486088,0.002204156132898667,0.5138476692438889,0.1686873609140483
250,0.05078213866641224,0.02179914072029378,0.0006497344226361675,0.038309064737617346,0.8884599214530404
251,0.1118978121285716,0.13191945251158202,0.0017817120535956273,0.1745697393490919,0.5798312839571589
252,0.19080685088172722,0.06855297693237802,0.0013478366203781183,0.1542596684403192,0.5850326671251974
253,0.278537486962157,0.0608340543029547,0.00041956729259882584,0.10254659203687472,0.5576622994054147
254,0.1475197676775185,0.06327042624103965,0.001137569619358097,0.05021233557296277,0.7378599008891209
255,0.2171786755310864,0.0977699674431683,0.004532442132750722,0.2528828088738438,0.42763610601915075
256,0.2156306824921383,0.18455843208855896,0.010368790489271517,0.07455159726949848,0.5148904976605329
257,0.055161320459611925,0.012549118070016836,0.00021082789393956258,0.014041105957155423,0.9180376276192763
258,0.06467845931243213,0.11847095847039447,0.027934944886165994,0.0494402399109236,0.7394753974200837
259,0.0614008505964898,0.04505368743777,0.008058298442564059,0.053413479857565144,0.8320736836656111
260,0.11119060446420799,0.12898952429783125,0.012408091306089438,0.07385624085573352,0.6735555390761377
261,0.02837315334533992,0.027471277146613408,0.00199012700480531,0.018981553727784567,0.9231838887754569
262,0.09802473844405485,0.25225347954741706,0.01653255727107771,0.034896010233804585,0.5982932145036458
263,0.14989268238115985,0.04317985330795585,0.001846218850776605,0.02942015537026447,0.7756610900898433
264,0.04552435387094773,0.11617178527888297,0.014309568074868564,0.0053263846498498866,0.818667908125451
265,0.001515137441901889,0.0027970158380624098,6.014647867900288e-05,0.0012998768285076105,0.9943278234128491
266,0.0007579288037739648,0.0023071742295273693,1.8832158064534828e-05,0.000472369949780633,0.9964436948588534
267,0.0005556235214272145,0.002452706833346077,2.366884260407774e-05,0.0008133487718201909,0.9961546520308024
268,0.0006712758673343831,0.001849368628397393,1.5346263442384334e-05,0.00023978139231972366,0.9972242278485061
269,0.0009144725488137044,0.0022267451443769323,1.8974205264744223e-05,0.0002461363598945522,0.9965936717416501
270,0.0014533841765096295,0.003268190568404601,2.6365194680728125e-05,0.0004163233238141803,0.9948357367365908
271,0.05126297643352376,0.011672241407573548,0.0027410040096005374,0.009333625726486862,0.9249901524228153
272,0.11723011649390865,0.021825055547075818,0.006836592980780787,0.0035577908902993975,0.8505504440879352
273,0.05281182496765195,0.024355714529638056,0.0023967281053411623,0.0016897359264486324,0.9187459964709203
274,0.15013270774294438,0.065299148844257,0.002284286203689783,0.0099974896287297,0.7722863675803792
275,0.028796981953487913,0.024133960464291518,0.014443229684250618,0.0010576927054153124,0.9315681351925547
276,0.07658497761375664,0.20893352626998418,0.017617434719613825,0.013350287433011258,0.6835137739636341
277,0.06092213778020303,0.27339752248352905,0.06361938611391506,0.03572109008965178,0.5663398635327012
278,0.12660392427949815,0.20903810300013598,0.008746966963167046,0.08881534685454232,0.5667956589026565
279,0.127062238024993,0.4607359776980611,0.04429834309206761,0.054165607453135665,0.31373783373174263
280,0.043722763628833865,0.11885574459415323,0.008793311961565976,0.01870367888637102,0.809924500929076
281,0.027895292645700256,0.06005826357579446,0.00369795285090625,0.015755782471343314,0.8925927084562556
282,0.020261808320367437,0.014573112486443017,0.004676782536156206,0.0035413852382208005,0.9569469114188125
283,0.042535001739638034,0.018092543164834846,0.004063675587901096,0.00961726325048061,0.9256915162571455
284,0.03438821608237566,0.014375642415384058,0.0028919874613129648,0.004082583120397689,0.9442615709205295
285,0.042001366895088973,0.028564527425666036,0.007027798349875569,0.007724097466211617,0.9146822098631577
286,0.07565594595059649,0.04172565404148618,0.004106972307729103,0.005236324586727242,0.873275103113461
287,0.023362146266007324,0.02308954829092464,0.01053718557908575,0.0034178852888404037,0.939593234575142
288,0.060811505781685864,0.01863610041969313,0.0029214205485613666,0.005513208450539958,0.9121177647995198
289,0.030504999268181614,0.015926004135102027,0.0012420677623506524,0.003435736281029505,0.9488911925533362
290,0.02729271301926615,0.05630360490790076,0.004969049264764365,0.0048202094269967945,0.906614423381072
291,0.024666456086025197,0.01774924591742086,0.0032893253153700613,0.004240166693127195,0.9500548059880568
292,0.025576896396459367,0.00877306327610921,0.00042896357822720763,0.003142276236208554,0.9620788005129957
293,0.043323797706769876,0.009416752092082585,0.003252827620730954,0.003447422430662429,0.9405592001497542
294,0.04018275884646125,0.05874923273413657,0.004371632029361432,0.008484648842410156,0.8882117275476306
295,0.06128102153903504,0.08906197208578323,0.0178647596213789,0.016030840477882648,0.8157614062759202
296,0.04151663726493692,0.125109612399226,0.026267367211534397,0.013812147381897665,0.7932942357424051
297,0.02702648539026503,0.05165123217515728,0.002669879491856776,0.003435976817541894,0.9152164261251791
298,0.0889282254342961,0.09673440331224309,0.005751036547194383,0.007841843760381457,0.8007444909458848
299,0.1988148350272517,0.2632363114762591,0.013914819116963077,0.026620137935128244,0.49741389644439776
300,0.11794530768060539,0.03632633545654329,0.00326008729294103,0.017154074251387385,0.825314195318523
301,0.16272236921442443,0.048744513077465246,0.0034557579643620853,0.019218164643114377,0.7658591951006339
302,0.12393148545352758,0.11609436496709882,0.017796528868191587,0.024173235205075583,0.7180043855061063
303,0.13684097256963154,0.03568285212547707,0.003515587179712812,0.01577510889534648,0.8081854792298322
304,0.0802255298585102,0.03572946890083909,0.0022212287493772608,0.01581884757459398,0.8660049249166795
305,0.03699341307890333,0.015822445330420695,0.000599746534208785,0.012610929179516405,0.9339734658769508
306,0.10168316463193233,0.019202180757039677,0.003988885307069143,0.0276518809772976,0.8474738883266613
307,0.14147113581446774,0.055736680532437986,0.0009586517921537776,0.038797865149470916,0.7630356667114696
308,0.04828463505062931,0.006542063651372537,0.0006121305019623247,0.01021697703170959,0.9343441937643263
309,0.12799508422729747,0.024951234270846088,0.0029816286114069984,0.010636919789988479,0.833435133100461
310,0.05431269370920364,0.05002953838495741,0.030221070974946876,0.029782222554187547,0.8356544743767046
311,0.11726935701134877,0.04439853154476051,0.008699992136243798,0.026641777206363248,0.8029903421012836
312,0.16375174177462745,0.11503061655666147,0.0019520332925790054,0.03658320493722403,0.682682403438908
313,0.1307125711569479,0.017846929406980554,0.0007938466667359069,0.007008391851770294,0.8436382609175652
314,0.1034976135218448,0.19090052700492036,0.0059751011632879865,0.035748241547992006,0.663878516761955
315,0.0375280287198795,0.049261804664560316,0.0023962793975997425,0.05365765098529064,0.8571562362326697
316,0.029114395951230474,0.027130455254880715,0.001962806352096465,0.010589772414370804,0.9312025700274216
317,0.05942255001885573,0.016161759030175447,0.004791840868302021,0.008339643084557887,0.911284206998109
318,0.03684950244268831,0.016788972583215444,0.004241199504771756,0.006325547950784034,0.9357947775185406
319,0.06835468179548845,0.0090058481483954,0.007479219950839684,0.010309695726584711,0.9048505543786918
320,0.058504689039630776,0.010572837760792314,0.0009278204907556684,0.007890791605833237,0.922103861102988
321,0.023974607314306454,0.003238092790892,0.0016433683749912324,0.002875640458610823,0.9682682910611995
322,0.05635904800759658,0.027376226268471623,0.010161032318154075,0.008228972749578326,0.8978747206561994
323,0.026617732407421005,0.022901145604164223,0.002125435844152493,0.01082909252477586,0.9375265936194863
324,0.0906691634216234,0.014580602971461411,0.002243870632369159,0.012491048440775301,0.8800153145337708
325,0.02829123359057943,0.013575764002925953,0.0006142902596562718,0.0036526705437278316,0.9538660416031105
326,0.013171335143426234,0.004252644499142392,0.0007383474067431784,0.0026341163192311243,0.9792035566314571
327,0.027621746646743293,0.0075889403754703325,0.0009546701586751705,0.0022500212289752524,0.9615846215901359
328,0.01879834694301152,0.017165977701279603,0.00357333988613561,0.006262446365859489,0.9541998891037138
329,0.009255361604390014,0.006479486356127381,0.0002627318125107668,0.0031211907802519666,0.9808812294467197
330,0.016942144293595245,0.009660480778143394,0.000892640645701416,0.0021433049910606116,0.9703614292914994
331,0.0222258767146185,0.009159123827850845,0.0005657502042001491,0.007955636786457387,0.9600936124668731
332,0.014143228392973446,0.00585216206186655,0.0008025631570175137,0.01233447557104447,0.966867570817098
333,0.01606299235014713,0.015744485928032927,0.003050281474433917,0.017568060978602154,0.9475741792687838
334,0.007618311659002991,0.0042745014327801424,0.0006267468774791968,0.00590015211797049,0.9815802879127672
335,0.02141941354149867,0.006128454537260711,0.0005496776066294098,0.013279364435215497,0.9586230898793957
336,0.02335574716335027,0.005259627914968549,0.0005230494606523964,0.011035876547410367,0.9598256989136185
337,0.013968126692012028,0.0050936006636951355,0.0008608974064065037,0.006167931265217094,0.9739094439726693
338,0.010676119683644665,0.005313383733084239,0.0005658622046730953,0.003952199439958393,0.9794924349386395
339,0.020797203507975225,0.005962781372753471,0.0015974058307040419,0.0037710769757474654,0.9678715323128197
340,0.025844455510090594,0.005022467153458935,0.00042266745095713133,0.0017297909446832157,0.9669806189408102
341,0.01367518814580355,0.005799551398775342,0.00037790345254979225,0.0015217964627886418,0.9786255605400828
342,0.06624861192940043,0.021826012905866523,0.0009946360443104179,0.0036384879656361354,0.9072922511547865
343,0.12382858900266047,0.046603382697497156,0.005800149746873471,0.046732304704744876,0.7770355738482241
344,0.048715824564402356,0.03497012720483086,0.013983714143510427,0.013938111743758108,0.8883922223434982
345,0.03537472586732827,0.06587339726452804,0.00925042270427977,0.015030653777682942,0.8744708003861811
346,0.054264021842647635,0.025902286567441053,0.0036294428581217066,0.00973538512997064,0.906468863601819
347,0.027297666555053227,0.014120182408095207,0.0008429506859165242,0.006164462425107942,0.9515747379258271
348,0.1575795775069866,0.10861779797525276,0.014845087160152797,0.014964529628592849,0.703993007729015
349,0.037675314656051014,0.04691149800122928,0.010602736593092316,0.0037203585898564536,0.9010900921597709
350,0.08761042051679953,0.05592551374048788,0.003989620627207902,0.004995926295936353,0.8474785188195684
351,0.019935083515171984,0.019640306203018935,0.0029452755356172834,0.006135245396494086,0.9513440893496976
352,0.02008317112093581,0.025910461269743414,0.004355470477224083,0.004410421401314601,0.9452404757307821
353,0.030890028165403347,0.020417996858569074,0.0038962812801553743,0.008940046665220856,0.9358556470306513
354,0.02876834859087174,0.024539896350069576,0.002707645917387415,0.005626982751523949,0.9383571263901473
355,0.01641072649070302,0.02642125710987723,0.004034149667869339,0.0019667770768116385,0.9511670896547388
356,0.009402297008650522,0.015139419443376982,0.0013189320316670209,0.0022299914835173366,0.9719093600327882
357,0.00962854562496846,0.005689846636415622,0.00019927107803065892,0.001267659247939594,0.9832146774126456
358,0.029486416887202892,0.013800772639947428,0.0006642514883352115,0.011462511989953574,0.9445860469945608
359,0.05773634998063671,0.01749252085431358,0.001295303016422726,0.01223766182809333,0.9112381643205336
360,0.03047436866624537,0.02349102679594545,0.002180286262054062,0.007270572262181522,0.9365837460135735
361,0.015433264317249777,0.007460632647072802,0.0007423597400285094,0.005945338651638429,0.9704184046440105
362,0.021683040036279896,0.008318712586182738,0.0022318277514150496,0.0072965540135844316,0.960469865612538
363,0.05849687233296862,0.02290329965414224,0.0023663550932348297,0.014584232036306946,0.9016492408833473
364,0.02983093340345639,0.007771396085040163,0.0004360734268353619,0.0034579106986406634,0.9585036863860275
365,0.017011137876864525,0.0034779132569573708,0.0003106536810977854,0.006307589709210248,0.97289270547587
366,0.023885750027950736,0.007357045066907379,0.0020437871164334935,0.017476136128603246,0.9492372816601051
367,0.015635290054125853,0.0033028550653649833,0.00023485128513772743,0.007539573308381355,0.97328743028699
368,0.02859061462027783,0.0074709734760770325,0.0016313236573188825,0.018746455481789322,0.9435606327645369
369,0.01639584468522578,0.0023082855759173023,0.00011618944125404363,0.00523029936098698,0.9759493809366159
370,0.015152347788004839,0.00288620896602239,0.00010546217846238986,0.005048399488051126,0.9768075815794591
371,0.024006702916235415,0.004416147708337596,0.00011693086160656574,0.003920153075080215,0.9675400654387403
372,0.03207005696306138,0.009146384130152055,0.00027056391846980046,0.006491337070387058,0.9520216579179297
373,0.027985476037546975,0.012939176394691365,0.0011517004003974583,0.0424805087987835,0.9154431383685807
374,0.010319918145660925,0.00494566244081515,0.00027721063240703734,0.014629383160780298,0.9698278256203365
375,0.04098688290029413,0.017848722749324905,0.0005998788073369813,0.021576984138240028,0.9189875314048039
376,0.08706986693960324,0.045234926858749164,0.0013880421017873224,0.037405485307984696,0.8289016787918755
377,0.015192591019627858,0.0050675037965126814,0.0002090986422244811,0.020013350933303885,0.9595174556083311
378,0.03008483066789406,0.00985394596414343,0.00019952904705683648,0.016983935091689484,0.9428777592292162
379,0.01666402704886379,0.004181612699517694,0.00010671220676903034,0.003499517267224244,0.9755481307776254
