epoch,N1,N2,N3,R,W
0,0.0005668359251164897,9.617890822939283e-05,1.0182656692444846e-05,1.8019108177003916e-05,0.9993087834017846
1,0.0031408024136711133,0.001274771830605183,5.358504554098e-06,8.734028254237432e-05,0.9954917269686272
2,0.0027165987179370676,0.00039341021519660664,2.466816223015265e-06,5.7684569334843015e-05,0.9968298396813084
3,0.07008157206727098,0.011174507440973768,2.3553729226772306e-05,0.0007673237668786413,0.91795304299565
4,0.06668159594660819,0.021562138325295122,1.6715551574997267e-05,0.0008109393211173711,0.9109286108554044
5,0.0010277497684249544,0.0003307740451642703,6.573298227775176e-06,6.006456985305499e-05,0.9985748383183298
6,0.03342859277764637,0.0017769124769543342,4.1948088989306655e-06,0.0005696300193971446,0.9642206699171032
7,0.009490455269227956,0.0007817937948170815,1.2615202790948244e-05,0.00020390566942155174,0.9895112300637425
8,0.016278166547797488,0.0002591959163150762,2.2381231389027005e-06,0.00019473116629454808,0.983265668246454
9,0.8062833919779853,0.052430599354930045,5.103175703529838e-05,0.002645486595750523,0.13858949031429876
10,0.8732785893274725,0.05882523894418539,8.108071630838411e-05,0.004096783709341424,0.06371830730269214
11,0.6164788079194251,0.3236133792019348,0.0018285683016181335,0.002306237539821183,0.055773007037200825
12,0.3769555301929587,0.3281612686416696,0.06760140896203821,0.031271955830210904,0.19600983637312278
13,0.1833037382748884,0.6933360787698013,0.0528912071910194,0.00908241484001323,0.061386560924277675
14,0.2294647479250458,0.15121658372920455,0.00017201357887609145,0.09528105880385329,0.5238655959630203
15,0.2790239147814117,0.5948864426686552,0.0016449544804426,0.06776740959075836,0.056677278478732294
16,0.1978492279809777,0.7344484085271413,0.029432646886704546,0.005620653158781152,0.03264906344639541
17,0.31309554467945205,0.5912382273944384,0.016495727563901597,0.0021908706235776567,0.07697962973863029
18,0.07920481853835219,0.7922020160813588,0.10485439726228064,0.0016897704850628338,0.022048997632945603
19,0.049096040326380354,0.7801802687916846,0.1327687055920236,0.0023855616835140015,0.0355694236063973
20,0.03760586405687395,0.9007160867620568,0.04405803281610525,0.0020403736120161637,0.01557964275294776
21,0.05130956615435414,0.8912442732607321,0.03961696742435201,0.0007697778238231609,0.01705941533673854
22,0.026599455165767998,0.8318070656810099,0.13148721335011046,0.0004605065167000138,0.009645759286411513
23,0.011625009707334684,0.6436708876200462,0.3352346284908838,0.0001755236114395059,0.009293950570295716
24,0.03772061467795242,0.8521963714846242,0.09840689584968393,0.0005415375865372191,0.011134580401202007
25,0.00958108120911187,0.875321024111313,0.10583649507343898,0.0003536304717741433,0.008907769134362063
26,0.00590278562925734,0.4668471538894596,0.5138445483358605,0.0003968885851796075,0.013008623560243127
27,0.006701747297462312,0.7180123762400225,0.2665496765338154,0.0005302206850105101,0.008205979243689272
28,0.005796388907122617,0.5353293181905416,0.446927125251277,0.0005414228981686751,0.01140574475289004
29,0.005810515102858041,0.28367665848006957,0.6992878992583375,0.0004731281260349774,0.01075179903269983
30,0.010625445720058819,0.42670648116640975,0.5008899496037378,0.001869495746486155,0.05990862776330737
31,0.010399778348676312,0.6604391092524406,0.2855966080860207,0.003296192397210107,0.0402683119156522
32,0.014279101724090967,0.286655089687347,0.629213388381241,0.0014086463281709975,0.06844377387915007
33,0.021841475673009543,0.26104230722767635,0.3010776441902057,0.0016946817626550719,0.4143438911464532
34,0.07266688743777842,0.021034350876315045,0.0004745845877794285,0.001246334128303889,0.9045778429698234
35,0.11954631784586776,0.021761650220415867,1.5661280797207817e-05,0.0017496431216736652,0.8569267275312455
36,0.6591444674906418,0.08130416439380694,5.787911133757911e-05,0.0025484650574476722,0.256945023946766
37,0.3634425230444474,0.06172513391365314,0.0003705473480417608,0.0010020397086264545,0.5734597559852314
38,0.6355110945618114,0.13313322250209206,9.150663435186035e-05,0.002611329756516567,0.22865284654522805
39,0.6725676998171891,0.2262784151989553,0.0005049403639059277,0.0038617610851411567,0.09678718353480856
40,0.27562433283891374,0.47686042028898207,0.004966857605776381,0.0004700535902130725,0.24207833567611486
41,0.21898518861363425,0.7658443731780582,0.001184258797162234,0.002506884045299968,0.011479295365845188
42,0.02100804274127689,0.6499282268510387,0.32071740978909213,0.000575227077592314,0.007771093541000024
43,0.007925096261750853,0.4840659721000827,0.5020011155420558,0.0001820558476782044,0.0058257602484324085
44,0.008563455835241351,0.6635903942655247,0.31900373825868883,0.000179298626474164,0.008663113014071022
45,0.0025633055881066485,0.2727942162163283,0.721129409406669,7.712753928829834e-05,0.003435941249607796
46,0.002844189547128614,0.28733477221072673,0.7022782943880639,6.416343018494188e-05,0.007478580423895816
47,0.0015417358940748333,0.13069407291318488,0.864101915146107,3.2631460651259786e-05,0.0036296445859819635
48,0.0006607126825146103,0.0592543588049953,0.9373185217860857,1.9440292644410363e-05,0.002746966433760021
49,0.0004976015910060736,0.03380421494367325,0.9642157411807276,6.499966078682522e-06,0.0014759423185144887
50,0.0008971916353690548,0.04555388520014965,0.945603271304216,2.0472353569145255e-05,0.007925179506695985
51,0.0008888438692846938,0.06650906905986974,0.9281215359255697,2.822222460735256e-05,0.0044523289206684835
52,0.00024292828364711058,0.025796376516004537,0.9724929321273861,7.697176559022017e-06,0.0014600658964031951
53,0.00016194290064045194,0.027075493625076306,0.9714508149359448,5.434796602308847e-06,0.0013063137417361937
54,0.0001069016165895561,0.027727366131640726,0.9702243628111278,4.466871909600645e-06,0.0019369025687323302
55,0.0001352454261199282,0.009737278565530728,0.9896561335813686,2.1079573188609903e-06,0.0004692344696616316
56,0.00012198191674851149,0.009506137371814239,0.9896569448612239,2.020629461482989e-06,0.000712915220751638
57,8.530133138984665e-05,0.007361354953840304,0.9919181042568808,1.278235777411296e-06,0.0006339612221116816
58,9.656546379762217e-05,0.006555357102548013,0.992186659523692,1.1510002288654994e-06,0.0011602669097334965
59,3.818961572753075e-05,0.004738858807383411,0.9943416121782296,7.219190797094591e-07,0.0008806174795797294
60,7.533313189177875e-05,0.005590180239331981,0.9933831815420381,1.2677752824281384e-06,0.0009500373114556778
61,9.97743175367922e-05,0.007847826337934924,0.9909264517716496,1.4645362861826206e-06,0.0011244830365922285
62,5.1402262753270015e-05,0.007362772165948426,0.9912953112907299,1.6481625950381752e-06,0.0012888661179734444
63,7.65340775567401e-05,0.0068727730147561126,0.9909969734929709,1.9902614763478513e-06,0.002051729153239964
64,2.7891088450283533e-05,0.005634483784017413,0.9925730071176252,8.347578370326031e-07,0.0017637832520699546
65,7.349668017482276e-05,0.004460258840694343,0.9944695950332137,1.5730703869848121e-06,0.0009950763755300696
66,5.2269590949167846e-05,0.0037288608726569242,0.9953373573904515,1.5422834249618509e-06,0.0008799698625176793
67,2.000308998877763e-05,0.0019044920091956666,0.9969742835250555,7.564642484893808e-07,0.00110046491151171
68,4.0625636139788515e-05,0.002408958931307583,0.9960697845594018,8.320450259650697e-07,0.001479798828124926
69,0.00014238784494208977,0.004481260608616717,0.9927888324943097,3.734164529838978e-06,0.002583784887601683
70,3.3996003250090306e-05,0.002711007738527415,0.9928773515953212,1.7061550701061804e-06,0.004375938507831161
71,0.000100080084757759,0.0062702424482339245,0.9918992844853589,2.930384348284937e-06,0.0017274625973010486
72,3.795244010881338e-05,0.0045816854674710274,0.9925231870516493,2.8857809601652438e-06,0.0028542892598104933
73,6.0484236018293816e-05,0.004260851293508757,0.9938372488201146,1.3997255318787006e-06,0.0018400159248265842
74,0.0001211036676119013,0.006797350907961894,0.99208427763445,3.0800176833940122e-06,0.000994187772292744
75,7.924749178956822e-05,0.0025856599528642685,0.9963753384593544,2.7252623241389626e-06,0.0009570288336675084
76,0.0005753239710839247,0.01258411877200342,0.9817938831994998,3.001009460798893e-05,0.005016663962805023
77,0.00019348082477376778,0.011022581962718622,0.9861330009999962,4.435321586442068e-05,0.0026065829966470644
78,0.0013400233984148292,0.0296241147380637,0.9626183529335114,0.00010720646080149899,0.006310302469208458
79,0.037022757212652635,0.15288341531158375,0.4588487421825849,0.003753448709505509,0.3474916365836731
80,0.06047220837204326,0.21024076877399803,0.526272945897982,0.00633747188138868,0.19667660507458817
81,0.10422781939868518,0.5315875665362038,0.10682358951138268,0.005848209880649478,0.2515128146730789
82,0.14287363426890756,0.5057827567974653,0.060592274943084425,0.00266072728831284,0.28809060670222986
83,0.31525613972769834,0.5776736067519718,0.003662497352434895,0.010300112909035593,0.09310764325885945
84,0.40281466468206356,0.5441717095029946,0.0022250997076279826,0.015902571913712152,0.03488595419360185
85,0.1524722480997758,0.6369691725369239,0.1376915636629394,0.0008251661389012677,0.07204184956145956
86,0.2100750712975927,0.7481555564733001,0.0030973404562479982,0.011911059259400008,0.026760972513459148
87,0.06839365165280448,0.9020508123665915,0.013310717157203675,0.0037557271033993446,0.012489091720001198
88,0.08969000351647835,0.7550617845131549,0.08804862881333281,0.011478756688025539,0.055720826469008514
89,0.13838256329370538,0.7885747368900482,0.029328073010430243,0.014649748057976019,0.029064878747839952
90,0.09777832754344899,0.852805943826259,0.015444069490604798,0.015661893932146027,0.018309765207541115
91,0.03746078581816272,0.9399502662590845,0.01226121522149707,0.002899696617249345,0.007428036084006326
92,0.03717616230000697,0.9326476020553028,0.02144183402986929,0.0024209047421470116,0.006313496872673713
93,0.0749526696652691,0.853008401105637,0.022825216009623877,0.008662045610378042,0.04055166760909177
94,0.040654480663782334,0.9280450443779297,0.009625775003527022,0.014293240148185272,0.007381459806575891
95,0.030594699464224342,0.8710616286058023,0.07931090057680584,0.0024402882695738486,0.016592483083593637
96,0.2789428659063807,0.6386841469994329,0.002847930685648189,0.00972004118339171,0.06980501522514643
97,0.26014154014549734,0.6958319258908794,0.001461584770801725,0.008797542376080256,0.03376740681674104
98,0.07599442708079035,0.9041909629540461,0.009224940271847368,0.0005231598009139131,0.010066509892402048
99,0.05205831393678563,0.9358734256202073,0.007193409244126431,0.0002591634244063337,0.004615687774474311
100,0.17064499330109173,0.8149190163525566,0.0046852217944706185,0.001985413149566047,0.0077653554023150015
101,0.02907247834940875,0.9441495140196109,0.022099849250151203,0.000754340890836824,0.003923817489992266
102,0.017985405353993934,0.7954396939335012,0.17650629376092142,0.0023595374682071515,0.0077090694833763535
103,0.014468616219533966,0.7495300499157933,0.22733431142405547,0.0011198248931840729,0.007547197547433055
104,0.0040554881532562205,0.6967583046202774,0.292949334529741,0.0006551734587663021,0.005581699237959056
105,0.004226495615575388,0.7594986421623592,0.22918380414517373,0.000600332127205427,0.006490725949686207
106,0.009077338732061204,0.7199716042708659,0.2595197127986495,0.000578365087524994,0.010852979110898324
107,0.0030050349209029934,0.37576946343233447,0.6177420107795873,0.00016733159286176925,0.0033161592743134725
108,0.0033488897631397643,0.1284944952404036,0.8652434860746958,0.00010657795911508978,0.0028065509626456213
109,0.0024857085786362467,0.13838273844474316,0.8555257711212212,9.44955682376945e-05,0.003511286287161665
110,0.0010543210404392852,0.06981505753274325,0.9276369786011737,4.3031019105364184e-05,0.001450611806538477
111,0.0015744408221208038,0.06884420473043887,0.9257042308442347,0.00015397201756504257,0.003723151585640739
112,0.0012271598904625087,0.06279099303375561,0.9314564543477635,0.00022236609788521566,0.004303026630133271
113,0.0020639276271790267,0.09022896419327567,0.8926248582203673,0.0007924951620243696,0.014289754797153569
114,0.003833989615047775,0.08232558426078067,0.657306804513233,0.0008130496433871247,0.25572057196755155
115,0.0016108104827716229,0.03589532077478349,0.830527453251099,0.00015689242529372423,0.13180952306605206
116,0.004530139249656857,0.009919680105181078,0.00015081463887756856,0.0014716688644825515,0.9839276971418018
117,0.0003379378362998032,0.0003275210099714969,0.09041429153560329,0.0003045189446340014,0.9086157306734913
118,0.0002025171926867496,0.0003642961028456676,7.298903316509216e-05,8.560862558448516e-05,0.999274589045718
119,5.715532099794051e-05,0.0002049153412427639,7.765145245666432e-05,2.890944355989848e-05,0.9996313684417427
120,0.02477322973030152,0.003874610271561039,7.686345428877358e-09,0.0003436077517365619,0.9710085445600555
121,0.00012520048017756075,0.0003824808763663528,1.9669327487680567e-05,9.69250146335709e-05,0.9993757243013348
122,0.0004829204057098245,0.0006334711205611262,6.345390874057486e-05,0.00010678300609174116,0.9987133715588967
123,0.0034973382095577605,0.0013144781041262653,6.0767932330906945e-05,0.0001606645600731879,0.994966751193912
124,0.438466865529922,0.006227523403477459,0.0862804567532336,0.0012053604949606095,0.4678197938184062
125,0.0008566121195300047,5.0135225523220135e-05,1.1431371688670381e-05,4.174841368773515e-05,0.9990400728695703
126,0.0011408308147311584,0.00011123798695834015,4.5129445590758725e-07,9.988996908153719e-05,0.9986475899347731
127,0.0013760007706184049,0.0002742994879109275,2.2732049312735416e-05,8.99736004416471e-05,0.9982369940917163
128,0.0010464753141683912,0.0005512340871987958,8.987840577285347e-07,7.234774149085776e-05,0.9983290440730842
129,0.00025466928545667426,0.0011165340327331625,2.6663674373479645e-06,3.5060850226957286e-05,0.9985910694641458
130,0.00024066419117233767,0.0001309612792384426,4.079475223243727e-06,9.535489681363865e-05,0.9995289401575523
131,0.0006287702376964695,0.00021788001877182014,1.7568376949948264e-06,0.0001481567272351546,0.9990034361786017
132,0.0012329548832177276,0.0003579522427057651,6.674209878067669e-07,0.0001527232103005562,0.9982557022427881
133,0.019907636084280318,0.0014535895946354166,1.581289485290914e-05,0.00027015310543409134,0.9783528083207972
134,0.006281591849979008,0.0012488324564502887,2.3873164162836855e-05,0.002468150205827533,0.9899775523235804
135,0.02244291792405363,0.003575064655642095,1.4263268346117754e-05,0.007938739586645411,0.9660290145653129
136,0.02084038080093244,0.0012357508864014254,3.668214855594575e-06,0.003888009728795779,0.9740321903690147
137,0.007493738744650633,0.0016422916550669466,7.34440982773094e-07,0.003184946486732287,0.9876782886725674
138,0.09260950835663354,0.009610606122898678,1.5391099894473987e-06,0.0024615127383541754,0.8953168336721241
139,0.2998160044285629,0.015608101973042892,1.3672401198154096e-05,0.007051422415613511,0.6775107987815826
140,0.0019319084405754752,0.0005329456790558452,6.283074607806096e-06,0.0006566933560997924,0.9968721694496612
141,0.02111130298140149,0.0035264487445249683,2.261043256637884e-05,0.0019384409839557667,0.9734011968575514
142,0.3225998167524432,0.08095539089405823,9.309886003237764e-05,0.018087276939422192,0.5782644165540439
143,0.03615140600398052,0.0019481934116818928,1.0644304203396343e-05,0.003963199354583875,0.9579265569255503
144,0.17272893170544884,0.03741219936771486,7.582359687653182e-05,0.02185863849080785,0.767924406839152
145,0.0927384126926503,0.038227480445874755,4.2307971639769355e-05,0.017650594503866,0.8513412043859693
146,0.013532187406811658,0.0019006296709347717,7.037177624240997e-06,0.0023000238851640224,0.9822601218594652
147,0.6717745508186556,0.09474151973899834,0.00019857935695137067,0.027970280022905154,0.2053150700624896
148,0.4000526751861231,0.10921848673783101,0.00022496855424543127,0.028385594840948238,0.46211827468085226
149,0.33193885122347716,0.5971905074733512,0.0028093244019598046,0.02911256028124869,0.03894875661996307
150,0.20363058656613606,0.4636159844269445,0.007262595130497939,0.060973986056000025,0.26451684782042156
151,0.37830148684552845,0.386679312746957,0.0004782747518749338,0.13519396186722155,0.09934696378841801
152,0.24471800688797327,0.5381125024987767,0.002250105865084578,0.012042142772673601,0.20287724197549165
153,0.1337986625474013,0.6334911800792221,0.014004451392520215,0.014466062615625622,0.2042396433652307
154,0.30350032285349327,0.3051802564121925,0.0001881509269664243,0.07007151179075355,0.32105975801659425
155,0.11092199314488588,0.757680516709216,0.001086854059157158,0.03173277208077661,0.09857786400596445
156,0.018456695802714793,0.9521393804211419,0.0034268668053773037,0.0048201713926710665,0.02115688557809501
157,0.003645419589918441,0.015131845053585792,0.001772425340642413,0.003950515995814768,0.9754997940200386
158,0.0017524288526337148,0.0015579417391647422,1.138097918979532e-05,0.0010249331999460222,0.9956533152290656
159,0.1543478045794874,0.05042436471850522,0.00012528692504000925,0.008715664957399796,0.7863868788195675
160,0.0026570167625088225,0.0010320009066209074,4.159947638821581e-06,0.0005589370470730198,0.9957478853361585
161,0.43773666437325376,0.1574689390937544,0.00012958391950107273,0.006864238099013448,0.39780057451447737
162,0.15981097719764803,0.01149236702826323,1.4236923756533288e-05,0.010744077431385198,0.817938341418947
163,0.020314727531525655,0.004017018139512877,7.83126393827385e-05,0.002729685486265407,0.9728602562033134
164,0.04994090453006269,0.010951111023558098,1.4645954872434584e-05,0.004694406521026916,0.9343989319704799
165,0.7125180262920449,0.06139862476626201,4.7275509148208604e-05,0.0338768891014192,0.1921591843311257
166,0.1943192132391295,0.2110411224089028,0.0022321316926220036,0.01904804790022978,0.5733594847591158
167,0.10639346228164749,0.6834156936512263,0.010973386323081235,0.04244200163151591,0.15677545611252894
168,0.02132505748590388,0.009428628540238624,1.6043701558992427e-05,0.027312736687020788,0.9419175335852777
169,0.14930546672005415,0.4492241419976254,0.006995093096435464,0.09236360955520569,0.30211168863067944
170,0.0022554470770453816,0.0031271084813507726,0.00013874383340267818,0.0018906578641401282,0.992588042744061
171,0.7254412576613313,0.031252916732376956,6.056521876985527e-05,0.011822422037524729,0.2314228383499971
172,0.12875674231728523,0.08670238817610573,0.008489779175603425,0.011506906148999657,0.764544184182006
173,0.3263193817774389,0.3943793369431066,0.016243247357884346,0.01466127657614556,0.2483967573454246
174,0.3770754438328423,0.34605003618815006,0.00015838581163264717,0.11638957556508206,0.16032655860229303
175,0.2744945230692858,0.31342428499789593,0.0020720101795017754,0.11757204451217214,0.2924371372411444
176,0.11589612367061539,0.604792779815977,0.020297219213270802,0.03185140323184254,0.2271624740682942
177,0.04826048145369162,0.8771369087853698,0.010515289889759258,0.04153686304282658,0.02255045682835298
178,0.05066727116038141,0.039568233366206275,0.0003344157115939312,0.03798069549320079,0.8714493842686176
179,0.13024191503935287,0.06724335578672135,0.0002765695498311954,0.02677866492204429,0.7754594947020502
180,0.5440838268897864,0.02111175976371133,2.5995247994314555e-05,0.009378587021724885,0.4253998310767832
181,0.6512968528207623,0.1282067564370803,6.0242167215428404e-05,0.006100738223612674,0.21433541035132925
182,0.11877751776713126,0.8544143989865247,0.005727884213271789,0.0032047080766045236,0.017875490956467784
183,0.15420581037022937,0.8194298223198822,0.003183271985532754,0.0068421854299552465,0.016338909894400528
184,0.04941274668991544,0.9194192825496282,0.010518766855155562,0.006230720686489443,0.014418483218811319
185,0.006344430337366303,0.9780661595851801,0.012348063366476765,0.001436499186658567,0.0018048475243181723
186,0.054689949872017356,0.912871166415328,0.01718817465351822,0.0038509125914830177,0.011399796467653564
187,0.18757423270307255,0.7739431453631231,0.005916747478459126,0.007938786251597121,0.024627088203747944
188,0.027925980688420695,0.902270797480277,0.06327951323374387,0.0027168526154243773,0.003806855982133824
189,0.08940053038190182,0.8901317614668159,0.0012934772839127986,0.015430550236652994,0.0037436806307163174
190,0.019431181263740414,0.9073584959961326,0.06413891226301748,0.004836751371849584,0.004234659105260038
191,0.010160090564971611,0.8258151787565284,0.15548012543141945,0.004795578444443136,0.003749026802637532
192,0.018401838891715195,0.8701059469459289,0.08861510202323045,0.012296617937860087,0.010580494201265205
193,0.00792109327052021,0.9500616634731496,0.02809402747803951,0.007647626223838942,0.006275589554451835
194,0.11910089717609018,0.13679392369051274,0.0008137515203131008,0.01242767668458743,0.7308637509284965
195,0.3611873977259462,0.4409339591690291,0.0010413073821400917,0.027605885908945672,0.1692314498139389
196,0.4866708324288382,0.4402043287701981,0.004836771110345557,0.006016774638068108,0.062271293052550185
197,0.1407861415897801,0.8231521493938331,0.009320572017224497,0.0016651299954897638,0.025076007003672584
198,0.08498974513521954,0.901659337697842,0.002099316578253753,0.0018722137821363513,0.009379386806548262
199,0.14637179406808032,0.7932804413114002,0.020083912147859432,0.006576649838214482,0.03368720263444568
200,0.07588268281080077,0.8788139587349703,0.00800037645094503,0.004244664161296317,0.03305831784198769
201,0.03133444703009885,0.9483916677543974,0.002451648047883091,0.012362107705442034,0.005460129462178562
202,0.032315172956985466,0.942268176547879,0.004601488268227881,0.005766758884729787,0.01504840334217795
203,0.026546102331906567,0.7656740406168703,0.19010592670840218,0.0023333753078644505,0.01534055503495648
204,0.015312807795809723,0.49142288650544114,0.054372607800234236,0.005033164513548021,0.43385853338496705
205,0.0027777357246245647,0.002938099776011079,2.111434100162433e-05,0.0011861068078798207,0.9930769433504829
206,0.014768045149070416,0.0025325677567123416,2.9756658030576972e-05,0.002226746926824274,0.9804428835093624
207,0.0025131413758994812,0.0013095298099737444,4.5639593593999246e-05,0.0010823917696720223,0.9950492974508608
208,0.003491496148203271,0.0012731718146226536,2.8722203227947787e-05,0.00047071044178900593,0.9947358993921571
209,0.1042852646604986,0.00768380825799155,1.4537046431357765e-05,0.0024208189967674792,0.8855955710383111
210,0.7595680006630515,0.05115971106885446,0.0001331208216615748,0.007260066688909632,0.18187910075752262
211,0.034295323157169356,0.013574419258241538,0.00011930130288732896,0.006190368703709325,0.9458205875779926
212,0.1575991353932071,0.00964427579413385,2.3581734483726765e-05,0.021925654243491462,0.8108073528346839
213,0.3766874174660896,0.3209701196438144,0.0004326343577031614,0.08567611583642107,0.21623371269597175
214,0.2545073543498487,0.5577547168981503,0.007779141789743842,0.03711214586905234,0.1428466410932049
215,0.2446926970209709,0.5958932124514259,0.002555919655431538,0.11573033131122243,0.04112783956094913
216,0.09789097160810535,0.8127524950894934,0.008016095393217805,0.06494790099808691,0.016392536911096548
217,0.04928726671447584,0.9198363588940371,0.0018350023696458665,0.022124936955539493,0.006916435066301893
218,0.017827919469780153,0.9705829927435081,0.0031607158939967283,0.006415617506014057,0.002012754386701127
219,0.012789904519371448,0.9555701516248621,0.01901749087755017,0.009983969521828727,0.002638483456387469
220,0.011877766574912454,0.9702358861262599,0.0041819276077384605,0.011672075867497788,0.002032343823591557
221,0.029143212123703542,0.9192258107272382,0.023682529587614895,0.007225915833365213,0.02072253172807816
222,0.12840872680426998,0.059572880794675744,0.0003652951217008966,0.007545134604657057,0.8041079626746964
223,0.31142668235425064,0.6480812687155052,0.0025154621670690166,0.005492652667430363,0.03248393409574459
224,0.08747412377447418,0.901921454056208,0.004293763544652408,0.0005128024731102613,0.005797856151555246
225,0.07456413509497135,0.9110929124824539,0.004689901978132648,0.0012524815645177407,0.008400568879924289
226,0.03483790810127928,0.8446743863516774,0.09345707809135198,0.004217511818832822,0.02281311563685844
227,0.009204356871988839,0.942237012228889,0.042613049614915854,0.00203410835889851,0.003911472925307751
228,0.018063975828412102,0.8664202970399899,0.10276568920070761,0.004704644112647093,0.008045393818243072
229,0.15265905300438848,0.423731227008448,0.006063631904688474,0.009885688437892453,0.40766039964458267
230,0.26786819702331666,0.677022842062104,0.005117362585478208,0.021747510068156214,0.02824408826094498
231,0.09717283160904626,0.7980188550144123,0.022320535140868784,0.005360083188440156,0.0771276950472327
232,0.5682918299820975,0.36015453094192096,0.0004033707350602018,0.012268508786040406,0.0588817595548809
233,0.1467373182673967,0.7973903196396888,0.0030464513009554844,0.012281751611646595,0.040544159180312386
234,0.12950473259023282,0.7278318028441831,0.038710849920096956,0.005096135242445591,0.09885647940304136
235,0.34790043745851285,0.5587270066039743,0.0008008908339727474,0.026307201020181976,0.06626446408335811
236,0.4500460509202621,0.24534131955958563,0.002682577677521061,0.015441378703337786,0.2864886731392933
237,0.20005857195328058,0.09130797884188874,0.0042423173940411806,0.008576290690777838,0.6958148411200117
238,0.3184474993993363,0.32236016818927005,0.00381193944421915,0.010866163108499971,0.34451422985867436
239,0.05916790064838992,0.5665035423519066,0.14705854292008302,0.00974514109078564,0.21752487298883486
240,0.14921017096686,0.7032578474245251,0.00765456922338445,0.009592430769760029,0.13028498161547042
241,0.05815776195886617,0.785785476358654,0.09749349277030937,0.00614048574846501,0.052422783163705466
242,0.015471647252353508,0.5233556591583024,0.43979518344699264,0.0025591800772599327,0.018818330065091458
243,0.004680462414584615,0.28443115608272185,0.706197945162059,0.0007147291436849523,0.003975707196949498
244,0.015313387763226733,0.7437605348474249,0.21884242669997325,0.002722128227478122,0.01936152246189703
245,0.014736773226588902,0.5185714306301853,0.44178085186397165,0.0075435076545172985,0.017367436624736884
246,0.07115023829760997,0.8584706661849284,0.01923592806353985,0.021082326550958333,0.030060840902963386
247,0.02086079832738204,0.9313275973793472,0.03300444194754939,0.004384998263418691,0.010422164082302766
248,0.3412959336659609,0.4871825037079363,0.001733844090582779,0.01575416548529801,0.15403355305022184
249,0.1875003939984452,0.7895964593122341,0.0023198685858152575,0.008037466804121386,0.012545811299384188
250,0.04798116951519274,0.8344488998269195,0.10926938239493791,0.0008779068190923411,0.007422641443857514
251,0.27292469505838285,0.6733330403529434,0.0031447971464905306,0.014757494423835008,0.035839973018348
252,0.0877257934153103,0.8262881975071814,0.03289942296576518,0.015172129523276623,0.037914456588466317
253,0.03685419777268699,0.7501109309888535,0.1774052693354656,0.0058891495896263935,0.029740452313367527
254,0.2403742400580813,0.5481822530212417,0.0069194747187449335,0.006851745261082152,0.19767228694084996
255,0.11834263654335252,0.8656056747778403,0.0010840925513006395,0.002416189522824798,0.012551406604681459
256,0.12208971868392286,0.8562423922334791,0.009249982874192547,0.002445123022900314,0.009972783185505379
257,0.034343868413121634,0.9125601008274035,0.04894547557195941,0.000949733378945676,0.0032008218085696565
258,0.08212930743535246,0.888356626853894,0.012681630742821295,0.006753399631525843,0.01007903533640629
259,0.018824456922069036,0.9262998570319071,0.04016858962685586,0.011627596033537326,0.0030795003856307025
260,0.014536942256769667,0.8427217882700434,0.11734417780672467,0.016683869936718453,0.008713221729743724
261,0.004572012795907666,0.7239200793857445,0.257012184322433,0.011868503115769568,0.002627220380145221
262,0.013514417250643215,0.7299440276140473,0.2188565150395912,0.031614976290262824,0.006070063805455448
263,0.13607199453761754,0.5208073543253855,0.003773167486322956,0.31600162605398757,0.023345857596686354
264,0.05262963251279906,0.8041657748464014,0.004169103509063323,0.12147140993032109,0.017564079201414996
265,0.04627286714230794,0.3695594858888894,0.0012677871111076665,0.5632251296815268,0.01967473017616818
266,0.07528150695872504,0.062124991067872844,0.0001575608175223425,0.8543704463123529,0.00806549484352676
267,0.03323945124426517,0.03884967410982763,8.930131797329192e-05,0.9240064105161114,0.0038151628118224703
268,0.04030474672157287,0.016658797845560323,0.00011180043644324749,0.9386415939728432,0.004283061023580392
269,0.06656532465911946,0.02423634980008156,0.00031035632522612844,0.9001908974349432,0.008697071780629737
270,0.04792432585729764,0.02371860548300058,0.00019486767605248197,0.9199668117418999,0.008195389241749508
271,0.03004428554281187,0.012701300640246188,0.00014323512308807044,0.9522022161314677,0.0049089625623861145
272,0.03584587745858075,0.019293289129925693,0.00023657462379497805,0.9364427377746269,0.008181521013071623
273,0.03248280308348779,0.022441761162948205,0.00019941608957708807,0.9384628928820586,0.006413126781928121
274,0.044954233860814624,0.024168278078504697,0.00013375092480453048,0.9258001131344114,0.0049436240014649625
275,0.05165581322236536,0.02874336933488621,0.00012420789985434963,0.9138374407757696,0.005639168767124661
276,0.0972843611265806,0.026252458364287235,0.00023314619364187125,0.868388158458725,0.007841875856765332
277,0.06832694189504837,0.028503254865949762,0.0001330878907006615,0.8975928107641279,0.005443904584173341
278,0.05880537086196007,0.05331691400148463,0.0002458849955928615,0.8754522174653565,0.012179612675605947
279,0.04580242808271742,0.04295080521431125,0.00012132506677827226,0.8994287179993209,0.011696723636872223
280,0.12659924546267876,0.03112066506876387,0.00014210879505584343,0.8288228321979022,0.01331514847559937
281,0.12277130166446015,0.04868455901364448,0.0001310313217092097,0.8194776459998225,0.008935462000363586
282,0.12673188654001435,0.07650269541388671,0.0003120147743246424,0.7828468705649423,0.013606532706831981
283,0.1108229421662145,0.07924982144385723,0.0003530785399948921,0.7903305775990319,0.019243580250901417
284,0.09358204659407329,0.07186180248666381,0.0003310368864215572,0.8234059101371864,0.010819203895654895
285,0.19258967420694575,0.0872647994717205,0.0005093902832969826,0.6998617107258124,0.01977442531222441
286,0.1550398021608127,0.08013986155183561,0.0003790485103673916,0.7426663491030879,0.021774938673896408
287,0.11730937997435174,0.06448471574946817,0.0003081654782475087,0.8086776772128709,0.009220061585061706
288,0.10512535018464811,0.12029039316282376,0.0005784760650201318,0.7582088751638706,0.015796905423637257
289,0.09017382155163436,0.10365857404139488,0.0002380202552334483,0.7913777210985944,0.014551863053143004
290,0.08219580571766637,0.08281032453190655,0.00018704137125805838,0.8101302390778737,0.024676589301295276
291,0.1279986246334754,0.04867174639419172,0.0001715042779766068,0.8113144209415756,0.011843703752780651
292,0.12269037506335452,0.03496366467432823,0.00020371543515199133,0.8293140166382065,0.012828228188958898
293,0.0704936448745681,0.028006326861047228,0.00011474778079579315,0.8942361581763442,0.007149122307244562
294,0.04498302787600889,0.12394344180189212,0.005510865883837663,0.710435533168136,0.11512713127012526
295,0.01779920133318735,0.012026568445285579,0.00013163479647752843,0.967745677391082,0.0022969180339673543
296,0.012032361285225397,0.006894650645461998,5.0733071602438676e-05,0.9786520404027109,0.0023702145949994636
297,0.010910319116295301,0.007286550122776436,4.922142722883501e-05,0.9799158185254283,0.0018380908082710932
298,0.056116115245150415,0.013440661667432302,0.00013813692859990183,0.9168347582344274,0.013470327924389897
299,0.10894823667921742,0.03283481292373285,0.00023100948662778113,0.8476880782887626,0.010297862621659326
300,0.07610407948407635,0.022394234113036454,9.827121488442798e-05,0.8941384816406369,0.007264933547365931
301,0.0701478787757138,0.08210220423400061,0.0001665122640237206,0.8383408335652326,0.009242571161029292
302,0.05391600658337789,0.05908970899524776,0.00021997280397947878,0.8791930555606545,0.007581256056740262
303,0.11866160316567269,0.05081564735638974,0.00015911000079832092,0.8141925931380951,0.01617104633904416
304,0.07338609105253585,0.1479504611746692,0.00024291891335779793,0.7478024148449913,0.030618114014445873
305,0.09360573783234587,0.07100236874916074,0.0005136145710962917,0.7955852296474353,0.039293049199961814
306,0.18113538242701982,0.06930209345457954,6.87095760326164e-05,0.717199359690594,0.03229445485177402
307,0.28059988817182907,0.12196933863860478,9.982066346585507e-05,0.57586570111158,0.021465251414520357
308,0.29341628276068166,0.28570353978562113,0.00044550994208063157,0.3674492546139673,0.05298541289764944
309,0.12236729325353493,0.6056284178515101,0.016128125147842173,0.17031819567422637,0.08555796807288636
310,0.12289910966920604,0.56089844367934,0.03766285653878413,0.22960399961088102,0.04893559050178878
311,0.10670649901506482,0.5036538529005176,0.03923197692107856,0.2811031469963962,0.06930452416694284
312,0.036448146516333754,0.3374553069289876,0.01672307499993662,0.55156154334742,0.057811928207321936
313,0.021978663770926946,0.09044107425471826,0.0008617605640525345,0.8228364800736734,0.06388202133662886
314,0.013878065576335178,0.01333731722483608,7.421475524103862e-05,0.9691114857345321,0.003598916709055717
315,0.025025259814954022,0.017159902719904193,9.496063028392452e-05,0.9511724943994263,0.006547382435431762
316,0.04581371482722355,0.012581678821112469,6.860865696947519e-05,0.9271215595746468,0.014414438120047626
317,0.052967400810792785,0.014745889632384887,0.00010282253810832145,0.9221794011777164,0.010004485840997895
318,0.03180335722712342,0.01962630747678478,4.173643844305417e-05,0.9404881166416922,0.008040482215956452
319,0.04573676173209604,0.03106786443974477,3.912960725101607e-05,0.9170068516947824,0.006149392526125888
320,0.07717002359670219,0.1804578217686315,0.002017053623824797,0.5923882278133319,0.1479668731975095
321,0.05841217527171478,0.027452815617544757,5.2541191620750704e-05,0.9054119273444577,0.008670540574661979
322,0.07926924803521225,0.016551774663534715,3.718127659173929e-05,0.8845864792677656,0.019555316756895626
323,0.07809111292930423,0.026507130040233046,2.3121266383366914e-05,0.8837225975714087,0.011656038192670653
324,0.08790850433665318,0.0630656068649308,9.241071978011822e-05,0.7484069328622884,0.10052654521634741
325,0.1306443064818416,0.03426719395551688,7.415346861096306e-05,0.7564314069815392,0.07858293911249123
326,0.22671514673328075,0.02000045589589617,3.1839873571617595e-05,0.7233567031555493,0.029895854341702305
327,0.2351444945552172,0.04243388101494422,0.00010493073474482249,0.6751920291477808,0.04712466454731307
328,0.08450705850792249,0.13872658330578905,0.0009821488819352969,0.35535576347190395,0.42042844583244926
329,0.05328768436390372,0.02476688475419712,6.771419665975658e-05,0.9067995786697507,0.015078138015488822
330,0.04754932087395932,0.04347124188845611,0.00010867609727595883,0.9001796059839916,0.008691155156317147
331,0.0463886356602712,0.05141231080902543,9.762640602840437e-05,0.8953278986864366,0.006773528438238379
332,0.06728755317274271,0.1048685154859478,0.00020300788723921092,0.8199267035347094,0.007714219919360923
333,0.035051249511600324,0.09448529993966397,0.0004375538472489561,0.8626659908893932,0.007359905812093614
334,0.04713070632310672,0.08578151640308883,0.0002984662479078544,0.8615510290556934,0.005238281970203254
335,0.06448968804293488,0.04351973431199243,7.489679463452778e-05,0.8836105633985525,0.008305117451885566
336,0.09625404939625058,0.07026839391459433,0.0003008647980166804,0.8283799578370854,0.004796734054053015
337,0.16869464802095777,0.06797648275458174,0.00015128910182394308,0.7549665651520574,0.008211014970579175
338,0.11350831835318745,0.2462492478973564,0.0007497172662839472,0.6254135011425778,0.014079215340594451
339,0.056456332649571346,0.030652047871275085,6.696235313890195e-05,0.9086537643172247,0.004170892808790003
340,0.09313856294366143,0.1372155553278711,0.0005814521109296616,0.7436005318477843,0.025463897769753444
341,0.04443795067626292,0.029910580817319662,5.424571634520983e-05,0.9191765996869299,0.006420623103142352
342,0.11534487359081161,0.048673473870204216,0.0001306215238149584,0.8262591780567555,0.009591852958413678
343,0.05404402536857551,0.019274517439498328,5.3639013196862744e-05,0.9229608848062191,0.003666933372510173
344,0.06831694986355302,0.058927412499553584,9.378993469626064e-05,0.865905711938729,0.006756135763468293
345,0.06449467240068395,0.09353675667470339,0.0001381995900298613,0.836290079762707,0.005540291571875729
346,0.05370198519185971,0.12073649053874853,0.0005648245665601153,0.813667035004642,0.011329664698189672
347,0.037012717374255454,0.024082050326536295,4.424634423854961e-05,0.9365729722827684,0.002288013672201311
348,0.022513979729799048,0.018651915281246715,0.00010312313414800443,0.9563299836206947,0.002400998234111458
349,0.03888605932017072,0.023313251278984464,0.00012079715229274932,0.9348035813229373,0.0028763109256148846
350,0.03492949119638551,0.046318945863015624,0.00025635733483532296,0.9145859306202268,0.003909274985536692
351,0.03718250687264804,0.03755332589045382,0.0007465809770152077,0.9199862274840908,0.004531358775792175
352,0.009791600528085812,0.010550730905046678,4.04453350081978e-05,0.9780082227140532,0.0016090005178060573
353,0.011421411423882954,0.009929080990294955,6.152299825356988e-05,0.9769676582589747,0.0016203263285939715
354,0.018804411201436864,0.021162862653308405,6.4356259582659e-05,0.9578028191512941,0.0021655507343780393
355,0.05481624023038601,0.04171136327197678,0.00012132686407990556,0.8990409184065403,0.0043101512270169685
356,0.04551169309917203,0.016573198438696174,2.7417843523865424e-05,0.9360210410031844,0.001866649615423664
357,0.05767655780536841,0.060775496787686845,5.153972772273638e-05,0.8767500706870136,0.004746334992208575
358,0.05322761077385693,0.01913928366345847,0.0006948153138887753,0.8945949956866771,0.032343294562118825
359,0.04432098229688696,0.009248892323853524,8.400497456079136e-05,0.9428122271811389,0.0035338932235597967
360,0.062332483563838484,0.04112191729723712,4.817915174773638e-05,0.8852647465408344,0.011232673446342248
361,0.07434106445486362,0.012669161418221442,5.316542056769966e-05,0.8993179296833702,0.013618679022977063
362,0.03793768281854978,0.0328140961652845,8.637624866152022e-05,0.920242011754645,0.00891983301285896
363,0.068138482787503,0.09082156642736178,0.0007000882968064206,0.7638636677290064,0.0764761947593224
364,0.03768540663077942,0.02447243697366523,0.00011254499705274068,0.9267921028212919,0.010937508577210651
365,0.030684246997157025,0.023743275376649248,0.00014916923694078854,0.9391372459505803,0.006286062438672477
366,0.03779873130593553,0.019682647934203674,7.527665519151323e-05,0.9388198174419805,0.0036235266626888684
367,0.03527486085479717,0.02720752015514981,0.00014807212557951094,0.9307160650601967,0.00665348180427685
368,0.03698025400558408,0.042339949685810764,0.00014607250336625685,0.9178115104972344,0.0027222133080047027
369,0.038033138126565454,0.028484996680495138,8.638184826727717e-05,0.9306253033430283,0.0027701800016437872
370,0.022016071255715104,0.03061236211187165,3.976303083217588e-05,0.9452914317187332,0.002040371882847948
371,0.03802562541777353,0.11308070115192977,0.00034581496519009794,0.8409131925194274,0.007634665945679123
372,0.04123589855568566,0.11486273051327194,0.00019209058943973735,0.8355515257277728,0.008157754613829877
373,0.05971490238749234,0.26509457088578786,0.0003518985598262045,0.6655490342778408,0.009289593889052778
374,0.061819732646468256,0.0766179351557925,0.00010257049835727296,0.8549929819162186,0.006466779783163244
