epoch,N1,N2,N3,R,W
0,0.0005515367109549891,0.00013782189666644676,3.249760485289654e-05,1.4205773904070006e-05,0.9992639380136215
1,0.0006327639455009592,0.0003526226571605882,9.880756157952013e-05,6.987531522291828e-06,0.9989088183042367
2,0.0004619802826315668,0.00034755157869322006,5.4618697308534785e-05,4.0295424404905235e-05,0.9990955540169618
3,0.0005261905841034057,0.00024225230756488693,0.0001025796364073938,1.5359621553153887e-06,0.9991274415097691
4,0.018829773312485636,0.01324528518825254,0.00016685784894011817,0.00011605477162996718,0.9676420288786919
5,0.04024752327884854,0.00388605350013453,3.25166519040389e-05,0.0012295101849576018,0.9546043963841553
6,0.0036635526355680297,0.0005199921565900943,7.856586424279556e-06,0.00018126422326777554,0.9956273343981498
7,0.004981782096929595,0.0008930096645875261,1.2380750275020131e-06,0.00029670554779495645,0.9938272646156605
8,0.05187016318434423,0.015159940926847417,2.6095193487561453e-05,0.0010563466638193913,0.9318874540315014
9,0.004883209285232234,0.0017810254769738774,3.772129098459788e-06,0.0002838129269291525,0.9930481801817663
10,0.05217916178513155,0.01271149377430191,2.7762776294654884e-05,0.003219509598170428,0.9318620720661014
11,0.050279552532064696,0.009733990290871655,7.247538810255297e-05,0.0028042775006737668,0.9371097042882874
12,0.06031325623861823,0.0052156860761463815,1.721966062648904e-05,0.003280393291784111,0.9311734447328247
13,0.12014586158714428,0.01239209233028353,2.4911829921191346e-05,0.014464566901162736,0.8529725673514883
14,0.19161382037755012,0.033564969593514675,2.08524095650103e-05,0.005516372306810782,0.7692839853125594
15,0.24707983907087824,0.09302514062845169,6.490760643396216e-05,0.004602178025894333,0.6552279346683417
16,0.10190802168619344,0.04265375696827845,0.00032756721684197516,0.00047142040727735736,0.8546392337214087
17,0.09205818608390293,0.27201241364679013,0.00019996435175981337,0.005430116545798233,0.6302993193717489
18,0.04006578428186004,0.29426324310305435,0.00037848397131850435,0.003934420242448944,0.661358068401318
19,0.043601076669412805,0.10914982286592846,0.0012057971423743926,0.0033119607209051776,0.842731342601379
20,0.042358942548526964,0.19193203946150428,0.00040404598638287627,0.008144122745215731,0.7571608492583701
21,0.03531988995467647,0.0825052185926452,0.000322009104664486,0.0009590092586767037,0.8808938730893371
22,0.06996317341806572,0.2051830647838241,0.0010033991833352835,0.00243645761055937,0.7214139050042155
23,0.032458477865984485,0.126120798313833,0.0013279878899183997,0.0007315825047248983,0.8393611534255392
24,0.11580463494498686,0.12064701036442199,0.0005310853493047159,0.005542889908288338,0.7574743794329982
25,0.00035582975265278374,0.000982407336786164,0.0001705501486966733,2.4277490656363004e-05,0.9984669352712079
26,0.008883223099262554,0.008624197487933478,0.00011427835257162327,0.00012830442311656306,0.9822499966371157
27,0.05772908994972548,0.00864722776217863,0.00012669606729431753,0.0001991901239937545,0.9332977960968079
28,0.07355547388971405,0.0180545029384469,0.00015674748176653045,0.0003577483615021986,0.9078755273285702
29,0.1457842530028203,0.059756282404480124,0.00015169068618567572,0.0013691198367885337,0.7929386540697253
30,0.10199633213327307,0.07233662431356778,0.00016100808228110034,0.0025042928201416117,0.8230017426507364
31,0.06765749309445068,0.055572557511582486,0.00045676475498848256,0.0004673813950189924,0.8758458032439593
32,0.17736307443340366,0.11143509696789027,0.00045792429073910143,0.00295400876848587,0.7077898955394811
33,0.14770798041832114,0.10376334215375381,0.0011562454367599019,0.001802161874070274,0.745570270117095
34,0.08912794674719661,0.2653378279317941,0.0018352746332545068,0.0037920243471378985,0.6399069263406169
35,0.08473533804959575,0.14945525744212024,0.0030691145967198237,0.0006779639587957195,0.7620623259527685
36,0.26965507656694504,0.11535832519487053,0.0035226564602482955,0.0023713177292846964,0.6090926240486514
37,0.24605332535000807,0.16288608138208696,0.011655924331133051,0.0015611200799364173,0.5778435488568354
38,0.10854398999913863,0.3606892586623292,0.028930650110326056,0.0022378825430619622,0.49959821868514415
39,0.06043742777880832,0.5760924876796494,0.08179193149330968,0.002918830937182418,0.27875932211105015
40,0.11272562011215617,0.3622880079698098,0.1365443469734418,0.003624678307753722,0.3848173466368385
41,0.04832573716292448,0.45041511883479834,0.25855672064350693,0.0022234832029172087,0.24047894015585308
42,0.14245009031400518,0.6332873651049841,0.10239704154289668,0.0037712092239304594,0.11809429381418343
43,0.07302558913815442,0.6068191709781584,0.20490800671668166,0.0019347341393809528,0.11331249902762457
44,0.060628405534381,0.7740733461075581,0.07412093010362358,0.0017113012501998727,0.08946601700423755
45,0.12195494584244092,0.5390318693845587,0.1426269634429116,0.000990792446737821,0.1953954288833509
46,0.02230332656042948,0.4902511402629834,0.4670359634230195,0.0003148884197007509,0.020094681333866722
47,0.04451506903369596,0.61252406778315,0.2855873369399535,0.0009121083174749917,0.05646141792572549
48,0.04362766934969791,0.31613366528822445,0.5490576425550346,0.0006020550694725622,0.09057896773757056
49,0.006875437820597583,0.18402534164166248,0.7832249702683118,0.0003687371374400221,0.025505513131988098
50,0.005666351644058503,0.135831929091508,0.8173463606580935,0.0002609270314711337,0.04089443157486887
51,0.005242099133945224,0.15562273704354687,0.8105088844900203,0.0002618870807645132,0.02836439225172297
52,0.005080753174724456,0.12323510100863581,0.8471470252838013,0.00026846275645542664,0.024268657776382957
53,0.008627646374941924,0.09561369974577226,0.8670264058200673,0.00020084752979982005,0.02853140052941854
54,0.0037834148576981986,0.061664235538818654,0.9174160617589517,0.00023547116354638602,0.01690081668098516
55,0.007865721076811391,0.10404096790779185,0.877089608041053,0.000602399884354482,0.010401303089989372
56,0.0016722243879060477,0.03632871312341345,0.9558899309521446,0.00045181948848389277,0.005657312048051804
57,0.004033798010804358,0.1007495784144889,0.8865345642322789,0.0004999093399768675,0.00818215000245104
58,0.010869946974771911,0.16353646048608372,0.8048689385296705,0.0008029171856218947,0.019921736823851982
59,0.01042964413911142,0.2509543836028735,0.7281772022638485,0.0004961802575481533,0.00994258973661854
60,0.0110154172557335,0.151687617711111,0.8157317659542495,0.0008715877967283935,0.02069361128217768
61,0.0042385737896457705,0.08216771049621971,0.9084200336784833,0.0002858987565918677,0.004887783279059355
62,0.005511089713956466,0.2881382204177335,0.6925208331551912,0.000568845362304836,0.013261011350813973
63,0.007226655283013996,0.11674526124654665,0.8561771720242989,0.00036233255313855144,0.019488578893001905
64,0.007219779341259967,0.08672898060538133,0.8641125426699721,0.001867372641421122,0.04007132474196563
65,0.011776165039358043,0.1323350151677361,0.831860421015862,0.0019145535058742546,0.022113845271169736
66,0.007796665120610136,0.04708970976167413,0.026481508461005977,0.00021798355494625704,0.9184141331017636
67,0.10209663516337228,0.2360302147279672,0.01322969905202838,0.0015502328333484917,0.6470932182232838
68,0.2742990120391925,0.2980565852760825,0.011351513866639617,0.0019076205494696467,0.4143852682686157
69,0.2678236017171759,0.5148353725006929,0.05892145972441776,0.003028328292995713,0.15539123776471775
70,0.3300466557054441,0.2872410875385263,0.007895570238276726,0.008751314523216657,0.36606537199453615
71,0.10659010996740859,0.6980271857471294,0.056812285277266936,0.004634125359699724,0.1339362936484953
72,0.15216185650476272,0.587257467759174,0.02968211088176061,0.01575700403220501,0.21514156082209762
73,0.1050758145940356,0.5368821191268301,0.010805780184112287,0.022637961196416267,0.32459832489860574
74,0.04740701475709491,0.3700391647639467,0.030437880861083247,0.005626140437811122,0.546489799180064
75,0.04593614991039953,0.10628162588565504,0.01645215323114332,0.004860197378415335,0.8264698735943867
76,0.10060671152392371,0.27214377525575023,0.011207806853402039,0.00883207570770497,0.6072096306592192
77,0.014308254249395453,0.02307145539040565,0.00014087592154490977,0.0004913465303197851,0.9619880679083342
78,0.03535484726096225,0.06336126601705874,0.0006342388067837351,0.004082568150346487,0.8965670797648488
79,0.059959229005489556,0.07392279681540168,0.001222630007913843,0.0008566658141847859,0.8640386783570102
80,0.014659606899607519,0.009205197265943574,3.7376337096460645e-05,0.001130621894826219,0.9749671976025263
81,0.19650662352472703,0.10668327825934942,0.0016401496718831767,0.006645394193797113,0.6885245543502433
82,0.03384866667236501,0.03787352407149076,0.0012413801083446146,0.0008772872354225919,0.926159141912377
83,0.091912993877279,0.06566843619501783,0.0021274715410432954,0.0027745220026259513,0.837516576384034
84,0.06925317936028258,0.21449902992563594,0.005520335659731635,0.008872583251820696,0.7018548718025293
85,0.05333633952023889,0.1171361676935564,0.008192220773156544,0.0028421151587440636,0.8184931568543041
86,0.04146251950887944,0.2952281602641705,0.018086435144752694,0.0028876964809071075,0.6423351886012902
87,0.057723854774798126,0.10177584514682395,0.006086103899533249,0.004108491595159046,0.8303057045836856
88,0.03313866121906169,0.06814194052692128,0.006755629018939096,0.002125444771462701,0.8898383244636153
89,0.04233696520541609,0.12313298092015042,0.005604908310836494,0.004783249878636208,0.8241418956849608
90,0.01912676334657236,0.051025286971958336,0.004121583333639883,0.0024400974854617823,0.9232862688623676
91,0.016598511697666466,0.03842023659655578,0.0006120319439169897,0.0011620405604843705,0.9432071792013764
92,0.013925421868999267,0.0370047110244145,0.0006609090628681499,0.001189262115230199,0.9472196959284879
93,0.12313298354475834,0.27249567197779667,0.004089144336229076,0.007807457540021031,0.5924747426011949
94,0.2908726251396522,0.3361543463003855,0.003708782496593515,0.016530884978146202,0.3527333610852225
95,0.1799635851423236,0.631788908728313,0.018631419197251756,0.014340520035539395,0.15527556689657246
96,0.10421592960290446,0.5107267696053208,0.006416962627871519,0.017911838878356515,0.3607284992855467
97,0.08837708782814149,0.4315970720545634,0.02401693461579742,0.008887547344080258,0.44712135815741744
98,0.09011163363362723,0.491029784935141,0.01092246977286939,0.006027037797737158,0.40190907386062524
99,0.13393599444672313,0.3317437127407194,0.02433952406425888,0.005227462884675023,0.5047533058636235
100,0.12020009133829651,0.20882383024205944,0.01932441821879504,0.004141596559197752,0.6475100636416512
101,0.055497941419112434,0.39341619634328273,0.023817897541925852,0.002149669259576387,0.5251182954361027
102,0.08836350619939898,0.20089694025046423,0.021771683898023655,0.0006012393594827667,0.6883666302926303
103,0.379564446842285,0.42925516079149023,0.02584379176690152,0.002872925252433615,0.16246367534688955
104,0.32177534670405816,0.4652515973692592,0.047786842794484696,0.0018552153695463685,0.1633309977626516
105,0.39718988350397416,0.45081826960401333,0.027824711000107204,0.002272643185867681,0.12189449270603753
106,0.15940967951829493,0.660157851332675,0.121892033284249,0.008627118613267634,0.04991331725151332
107,0.13950031182278283,0.7529061480875119,0.06510947419837541,0.006844371275097371,0.03563969461623248
108,0.058501117460664775,0.6438237202287668,0.24671172516059603,0.008039634034628325,0.04292380311534408
109,0.06722622521910737,0.5934945807215604,0.26805291448464463,0.014058871918713616,0.05716740765597393
110,0.028542398997759646,0.4786214680123297,0.4620159901681883,0.004070562782447551,0.026749580039274707
111,0.04459873655825914,0.5801400713288094,0.3206002961928904,0.0068703249173362934,0.047790571002704736
112,0.04622594699393415,0.6019666930894818,0.30466241809125216,0.00818095923396047,0.03896398259137133
113,0.05954031099419598,0.5266672436122565,0.30173123705635957,0.006223502725628835,0.10583770561155907
114,0.1368918035031561,0.6931134498354375,0.0539447775780265,0.016687112037012064,0.09936285704636766
115,0.1209275034890429,0.5284080425180921,0.2631821997635424,0.006703864571515759,0.08077838965780684
116,0.043016883835791046,0.5820864968621358,0.2793503048502363,0.0026199385736584107,0.09292637587817863
117,0.1291869226908062,0.38290276270826507,0.255177834167002,0.009617386881070972,0.2231150935528558
118,0.140707905880572,0.5181365353887759,0.14572056934927743,0.004428768007709641,0.19100622137366516
119,0.05358468035372479,0.49453118293894494,0.37974066518537636,0.00260512708605671,0.06953834443589724
120,0.1563344285035768,0.5715828283032773,0.17874616569907262,0.004315908474639123,0.08902066901943402
121,0.0635271180088434,0.5599837354401328,0.3402806985994144,0.0026966113774110003,0.033511836574198636
122,0.02268928029211335,0.2696917556708377,0.6709895974725731,0.0015026941102897673,0.03512667245418601
123,0.04758397750650217,0.2677973294463425,0.6344169756858642,0.005225002556699184,0.04497671480459206
124,0.04541571034913664,0.1932527754055624,0.7225285725543241,0.005356544784435374,0.033446396906541415
125,0.02700379731963343,0.18403594055440303,0.7720319884043267,0.0022802760936076975,0.01464799762802916
126,0.05297276349254339,0.3727816134021133,0.5131810848238441,0.00333843961662449,0.05772609866487486
127,0.023250454499687507,0.16752188785802125,0.7297024607754218,0.003912820344866689,0.07561237652200276
128,0.0471091409611803,0.2932707130975573,0.6188137310547507,0.0048288165423574754,0.035977598344154045
129,0.032391586057134165,0.24508066480917098,0.6069670378482152,0.00336199781631332,0.11219871346916645
130,0.02899668043253412,0.3630069003381594,0.5522125593505166,0.0038752926241852276,0.05190856725460454
131,0.008537405200347587,0.09853008364064425,0.8627257360084538,0.001931307681353827,0.028275467469200635
132,0.015394729375298025,0.1405886540276134,0.7994580130937611,0.0039022331873855343,0.04065637031594207
133,0.012526112652254423,0.10995734101942713,0.8480771937460835,0.002288919355693136,0.027150433226541752
134,0.006824888789551896,0.09152494437060954,0.8776649690142015,0.00209443633968293,0.021890761485953987
135,0.01211204766189458,0.13700100519357475,0.8138539055398931,0.002181590639357247,0.03485145096528036
136,0.025859360032276065,0.2851881605349719,0.651790174622245,0.003352818630255577,0.03380948618025131
137,0.006489799095244007,0.08351388703618967,0.8709464677502773,0.0018154384101723082,0.03723440770811668
138,0.0107187197374794,0.12320479419069273,0.8330323797912789,0.0019087507024566888,0.031135355578092196
139,0.015335035876949368,0.13307131321457175,0.8238777513678724,0.0012479974169186101,0.02646790212368793
140,0.00954901666049025,0.08408672729718758,0.8877209214013941,0.0011839531342134541,0.01745938150671467
141,0.010763348625739862,0.08079259450273941,0.8822829480625649,0.0019632424602137855,0.024197866348741884
142,0.003439155820854368,0.042786987717515046,0.9372351803315847,0.0008857129099297108,0.01565296322011614
143,0.005916031188922184,0.0485658412327133,0.9347869915421777,0.0007589490003254757,0.009972187035861339
144,0.009081416560097807,0.10660221284301799,0.8161222951825318,0.0027546794568955734,0.0654393959574569
145,0.024604338191789834,0.11748952743882117,0.7800732808008841,0.004337423985024238,0.07349542958348061
146,0.045260757589004705,0.1845000268050316,0.547956883439023,0.006899912057025241,0.21538242010991543
147,0.06628600043976218,0.1679380443956739,0.15077310440624928,0.0066558386346521345,0.6083470121236626
148,0.06101435522815235,0.15541542348456833,0.4972324636569501,0.011347745506481667,0.27499001212384766
149,0.05880998512635727,0.15686206561571928,0.7084262719377813,0.005161333195494978,0.07074034412464728
150,0.06022514817187621,0.21358413595827835,0.6379431036455443,0.01188387170592474,0.07636374051837642
151,0.03197741978527902,0.18985487505257914,0.7180299087341995,0.004704479065450527,0.055433317362491685
152,0.021850571192196723,0.10734905455686175,0.7754279381525213,0.006210410959712973,0.08916202513870722
153,0.056356454041587505,0.26365057834041145,0.47785921778102436,0.007610936365477646,0.19452281347149902
154,0.04865340392070317,0.44360731296635086,0.41089168797672193,0.02127262139854933,0.07557497373767465
155,0.02652568540362243,0.280423396829433,0.41064237438020534,0.044425571124398856,0.2379829722623404
156,0.10023885026826598,0.24881923030565006,0.4501307495234533,0.042735032238691004,0.15807613766393963
157,0.07823436644512098,0.30834047332423653,0.35050804085236925,0.0660570323871347,0.19686008699113852
158,0.020072074016119566,0.0412286096536944,0.011934075286862848,0.00280648542438354,0.9239587556189397
159,0.0651489802972499,0.19994952973308308,0.004028301389867443,0.029074232469957648,0.701798956109842
160,0.005055654249797832,0.008842473950485959,0.00098062893075474,0.0006906948560625117,0.984430548012899
161,0.22305415753577004,0.11773833580546075,0.0014300426367892024,0.003015018752600794,0.6547624452693793
162,0.09786804646846228,0.1709950772511528,0.002185854137651243,0.0058779382717805305,0.7230730838709531
163,0.32340996926046994,0.1719626780928638,0.0008781162701237367,0.022424391489286426,0.48132484488725596
164,0.2310111624642487,0.3250585521870245,0.0022535094123214117,0.024632686945392748,0.4170440889910126
165,0.27785121458620865,0.19102781203712535,0.003566024347323139,0.016155213646235567,0.5113997353831073
166,0.13293515954733337,0.3306703701162491,0.007509121605365767,0.008804435422967261,0.5200809133080844
167,0.11998366198128128,0.3416403430354885,0.02548049172682133,0.00956168570704769,0.5033338175493612
168,0.1724983395283254,0.45857427408138807,0.007382988740513344,0.011491128149899235,0.350053269499874
169,0.24065149794156443,0.561819227339463,0.011519996659747879,0.052734157451216214,0.1332751206080085
170,0.2738732877735086,0.3431387149267564,0.008952873825629452,0.06723344568075325,0.30680167779335216
171,0.14632281534602176,0.5941271920269169,0.0056696343700920445,0.15199449847964366,0.1018858597773257
172,0.06153279800222141,0.4924591289028485,0.005549141172919498,0.4313536247472698,0.00910530717474077
173,0.0895317662070285,0.20522299215394924,0.00072984421452463,0.6088837277518487,0.09563166967264888
174,0.06775025141428778,0.39995491145925993,0.0009695645721683615,0.5080031104385215,0.023322162115762463
175,0.16174810962180688,0.21231423700351648,0.0006886165332413833,0.5451879765982529,0.08006106024318231
176,0.17384301468410046,0.38303604151862547,0.00029070575444903335,0.3438343523933043,0.09899588564952072
177,0.15111641421096417,0.28594715282404976,0.00020219147959076738,0.5400661928401717,0.022668048645223572
178,0.3301535202320113,0.2855343274735369,0.0005483918349953192,0.3490782327105453,0.03468552774891104
179,0.13941214680488856,0.3002556675954198,8.145380774414508e-05,0.5140146102434899,0.04623612154845748
180,0.19875060045942206,0.16452546624787998,0.00039403195249133866,0.6171139382083445,0.019215963131862256
181,0.12117982065730143,0.12505542049627666,5.3731500493520066e-05,0.7332571747208295,0.020453852625098832
182,0.16802280368194722,0.15555818751032405,0.0001890967413045379,0.6559750219471261,0.020254890119298156
183,0.21214296527422288,0.11110139317750596,5.841137850665993e-05,0.5334637968553523,0.14323343331441232
184,0.11586292046402744,0.1360663275409962,9.312185994898787e-05,0.7273754292831145,0.020602200851912725
185,0.10966070545144854,0.19659404675391637,0.0004196897349116718,0.666225914822037,0.027099643237686388
186,0.18675141313922755,0.13456682256969088,0.0001475687042687748,0.6343012321730612,0.0442329634137515
187,0.06523117907434815,0.09368904945281817,5.729370617923938e-05,0.798343813285256,0.04267866448139841
188,0.2827101014187492,0.15493554469864643,0.00021767719244239828,0.5158757624394834,0.04626091425067861
189,0.2181861259028324,0.11949880167508878,7.736398029888201e-05,0.641903056855615,0.02033465158616496
190,0.34794036490854846,0.10396042234506465,0.00018774516822670873,0.4897837315306401,0.058127736047520126
191,0.30734304109262556,0.11030099528601782,8.721480419793186e-05,0.510924868394863,0.07134388042229564
192,0.2650229948166076,0.14857291739025633,7.145564239242627e-05,0.5296363631571471,0.05669626899359654
193,0.5561080293536522,0.07211670462624452,0.0006831140396094201,0.31873039016710053,0.052361761813393415
194,0.44916689037763846,0.12415604799735645,0.0001074760744996994,0.39387090462990043,0.0326986809206051
195,0.2611878013346834,0.23131466829387634,0.00032175909350966325,0.45416911812046823,0.05300665315746217
196,0.31320905413051126,0.0948738331803247,0.0008387092126747964,0.5233854672313321,0.06769293624515733
197,0.2767107807563894,0.12689839199351996,0.0008483900100901319,0.5718147102442825,0.02372772699571785
198,0.1286075508105539,0.05845640457766522,0.00038616465756610377,0.7358922729958097,0.07665760695840505
199,0.11919299270716197,0.09292889513564224,0.0003043191134042651,0.7457133322506957,0.04186046079309586
200,0.10555064612170176,0.1544836193351869,0.0013037348482509152,0.5941978231510738,0.14446417654378646
201,0.08864733132554711,0.07769430673717072,0.0006041574990408829,0.792278076469789,0.04077612796845235
202,0.20563624507302608,0.08739890102276962,0.00038174269029298165,0.664766355206521,0.04181675600739039
203,0.088714829785255,0.05275276858684143,0.0005021886865275726,0.8380249122394023,0.020005300701973688
204,0.03694334789709629,0.045081453782582846,0.0034616038174740886,0.899361135675256,0.015152458827590835
205,0.027488620360523224,0.04457438462755149,0.0010977214369379542,0.9206243127599019,0.006214960815085413
206,0.018414822430571763,0.03922645890710391,0.0002984397225637721,0.9195153056548901,0.02254497328487049
207,0.06215676304135618,0.043929300149033984,0.0009589679163725994,0.8660116187928739,0.02694335010036311
208,0.04157350286898201,0.0488655004413101,0.001216780958368062,0.8519985979024959,0.05634561782884395
209,0.026130576710453428,0.0356770536284479,0.0010268609775294227,0.9208861232919011,0.01627938539166826
210,0.047927092361695456,0.02687199166964584,0.0005501688503839151,0.8404842751340899,0.08416647198418487
211,0.057036767824196366,0.028540042545811724,0.0009184462053078439,0.862265170032162,0.051239573392522046
212,0.1766892249477986,0.036563604537318994,0.0005359326185901106,0.7068662137445784,0.07934502415171404
213,0.36893873548249523,0.05472073847800959,0.0003332083045167358,0.5135554036491365,0.06245191408584194
214,0.10786247999906157,0.05243744491461149,0.0002844200591565699,0.8227515466591421,0.016664108368028303
215,0.06970542194039925,0.04937318918529634,0.0003531212298071488,0.8516389085860825,0.028929359058414726
216,0.12413415113224795,0.06193524643759509,0.0003424518450793683,0.7925754013183981,0.021012749266679575
217,0.05781871034077497,0.03906660288363008,0.0006881119953759418,0.8802533975652442,0.02217317721497471
218,0.046489616478488135,0.02755366118290127,0.0005058244561489578,0.9050027632602318,0.020448134622229778
219,0.12186112003685474,0.01511931877284594,0.00031555390030946364,0.8231434221998465,0.039560585090143305
220,0.17354555815955636,0.047625392195999795,0.0008785134569700789,0.6623201217391822,0.11563041444829156
221,0.12968933944941938,0.032249463756360675,0.0006263558746026485,0.798176868224471,0.039257972695146214
222,0.04583209600904144,0.026331652216022548,0.0005202788664406896,0.8726673644071222,0.05464860850137302
223,0.007439809776413054,0.010658626415207643,5.50008991261853e-05,0.9663346668053189,0.015511896103934247
224,0.017043478045834982,0.009499682619176853,4.929004773127864e-05,0.700120150124593,0.27328739916266387
225,0.12398008630988762,0.019951946328941986,0.00010323406612223724,0.7294225898940488,0.1265421434009993
226,0.07816157617282873,0.037932979575543785,0.000696184736379835,0.4026101485164612,0.4805991109987865
227,0.12722257022437913,0.13977267262922957,0.0009254334880439273,0.4664206971317719,0.26565862652657535
228,0.047394755740650336,0.051945952124213546,0.0005365298696373475,0.6123649088543498,0.28775785341114907
229,0.09408943925773425,0.05786705788907707,0.00030538580165092487,0.4330956373786782,0.4146424796728597
230,0.003105925764280465,0.003238865971102223,4.2803265232795345e-05,0.0008159906300006662,0.9927964143693839
231,0.3838073615733611,0.04767760117588301,0.0009908842890521564,0.0776803111096394,0.4898438418520643
232,0.23580649239226523,0.032866600971560134,0.0002697029129479811,0.06608178620270598,0.6649754175205207
233,0.7916342257724049,0.024384987535635522,0.00017777021924637122,0.05517813109368384,0.12862488537902933
234,0.24992683096223503,0.045904216469637146,0.0015557402273763071,0.5223425292353026,0.180270683105449
235,0.27406043907775657,0.0939413203936209,0.0020752138449639302,0.29462567980903737,0.3352973468746212
236,0.262710295617774,0.19743467482177104,0.002262320882687398,0.49462767559132537,0.042965033086442256
237,0.20161493018240106,0.14236029271383055,0.0006188529035479243,0.20724780396493167,0.44815812023528884
238,0.4664195897072574,0.22242758465795634,0.0006835501859437691,0.21134944446733223,0.09911983098151017
239,0.5264787909653186,0.3462852755056091,0.0007936089092156465,0.06635382257571147,0.060088502044145155
240,0.4264707412210882,0.48280836106154945,0.0008586469188263254,0.05158678914497191,0.038275461653564144
241,0.15616356946383825,0.7589983427872434,0.001153723928917279,0.06414085975659418,0.019543504063406884
242,0.0970341050239455,0.5232046791200431,0.001991905319384016,0.35568600194003996,0.022083308596587536
243,0.14096740526903,0.4860967676526577,0.002393031938849717,0.30831846709034144,0.0622243280491213
244,0.10244963336237473,0.7866094484597426,0.0007649493050632853,0.08799842918694167,0.02217753968587778
245,0.08769080550366966,0.7026884222140317,0.010390987935136065,0.11774108270706303,0.08148870164009948
246,0.14108418174598447,0.7687854025056466,0.006328718093691704,0.053361498029460115,0.030440199625217098
247,0.0867629417254554,0.8220093704066186,0.009084498038317245,0.04622470337278341,0.03591848645682533
248,0.1987860543565637,0.6757131202560813,0.01666192411470672,0.027042561090163966,0.08179634018248419
249,0.24055392300589068,0.648142112103164,0.023573967529710395,0.038836379402646275,0.048893617958588494
250,0.152129507784876,0.6385873626068984,0.06115890299361372,0.05896951059297969,0.08915471602163208
251,0.19891189891908462,0.695452882695747,0.0511042719652306,0.021730978318517884,0.032799968101419906
252,0.12214705351908402,0.7470786777425422,0.042580768900301214,0.04251538273847455,0.045678117099598174
253,0.18001535946217884,0.6453201330168954,0.04356458272936851,0.039624050546349356,0.09147587424520795
254,0.08186766853853719,0.6542617023006985,0.17043845468358565,0.02441359234572528,0.0690185821314532
255,0.06208954823496229,0.7285380343518116,0.16508336780006158,0.00960217872227611,0.03468687089088824
256,0.12903931627533385,0.7605726121019647,0.07258322886725363,0.012068105260995648,0.025736737494452003
257,0.06790930323458262,0.8099870323275,0.09333660813237764,0.01138723171898461,0.01737982458655518
258,0.06820989320026984,0.8438353758867001,0.05872721396948361,0.00829232608145618,0.020935190862090357
259,0.03689194167312193,0.8005838905783833,0.1421685811838414,0.005997918457392717,0.014357668107260864
260,0.04423553432390893,0.6036338902991034,0.3255168975250557,0.005257899626983641,0.02135577822494844
261,0.027597940333122115,0.44067873766414545,0.470263082191651,0.015848676112814406,0.045611563698266966
262,0.0213687619770244,0.5153555687523219,0.4352854646317109,0.00512722427731348,0.02286298036162943
263,0.03360742886771249,0.542952907004277,0.37789010945020995,0.007335106539194725,0.03821444813860586
264,0.01740644153455489,0.33479169490242383,0.5666300601131775,0.007851640344766321,0.07332016310507745
265,0.013864186514650736,0.3515847593674439,0.5981538428644767,0.007436651678049837,0.02896055957537879
266,0.024863436625786148,0.42247225417737355,0.5168241808651673,0.005702253937303271,0.030137874394369695
267,0.022812742170602182,0.4565107039704603,0.478862879493985,0.0060922354712839724,0.035721438893668585
268,0.011697604441654985,0.2330800996551892,0.7109650502384046,0.008993915882066128,0.035263329782685204
269,0.025563674992736398,0.4330402008983365,0.4804285809433489,0.019666782192730024,0.041300760972848315
270,0.03876844835527415,0.4846407212391383,0.424427624618089,0.012221142185778227,0.03994206360172037
271,0.01380715248859844,0.5019704906236547,0.4637570217174451,0.004569578719392814,0.015895756450908974
272,0.02036244076452946,0.6305919305130575,0.3136561124471115,0.011494337315338672,0.023895178959962876
273,0.03960969706763678,0.5938826154829832,0.26087679529807173,0.02654835815603226,0.07908253399527596
274,0.08029765409352103,0.7484134805360312,0.08827020853816982,0.028511878035976206,0.05450677879630181
275,0.13630335587730813,0.6705982772061474,0.09509961725609367,0.02192178741214201,0.07607696224830893
276,0.10356889547040399,0.738928539172531,0.06313413013704813,0.028134800923343056,0.06623363429667388
277,0.11899852129013075,0.6240437091020948,0.0928293561812572,0.06770079991356195,0.09642761351295516
278,0.09774369590260283,0.5476252844789024,0.12023706731618813,0.06344607875107627,0.1709478735512305
279,0.10001274925101938,0.5109049156973854,0.1546518750185234,0.057388567551719616,0.17704189248135216
280,0.07173522015698634,0.5879955292920933,0.06781412515262478,0.012646416611803213,0.2598087087864923
281,0.11515546647293913,0.7328901134612383,0.028824494019775566,0.03231932616949576,0.09081059987655117
282,0.00898642670309148,0.097128554984411,0.012883035873977891,0.0074124325061485806,0.8735895499323711
283,0.18409958993738437,0.30945086146215334,0.0018514942651700788,0.02390650080675174,0.48069155352854026
284,0.29887577764272727,0.4961281719192333,0.0037132704002124416,0.05746065089601941,0.14382212914180764
285,0.0773405543444762,0.33998781496916675,0.006460962577292722,0.015260936699946702,0.5609497314091177
286,0.1847190835040698,0.5337911318305474,0.020218885188196867,0.08676475168903573,0.17450614778815024
287,0.12270926168742177,0.7698516560596829,0.005449532563383302,0.03673196887843182,0.06525758081108025
288,0.26308125641626645,0.4612600262615305,0.013248752620567182,0.13856596352418982,0.12384400117744597
289,0.21795835436838001,0.6751173605310532,0.020603006092080003,0.037190386290382675,0.04913089271810421
290,0.20010430100005305,0.734074195389057,0.003803064733775197,0.04334393719219205,0.018674501684922636
291,0.22272790743207593,0.688105180952973,0.00804778445862131,0.04961613769374505,0.031502989462584494
292,0.243812371949734,0.6583374330586509,0.004670641690079819,0.059601962187973576,0.03357759111356165
293,0.11948393020436991,0.8503315570121261,0.0059673401715967965,0.01088457917862585,0.01333259343328121
294,0.24109084518495255,0.7289390889395864,0.0023047920604026416,0.0045259485812638185,0.023139325233794552
295,0.2291978479465341,0.7393973420597197,0.004947521976928045,0.003943515957567328,0.022513772059250727
296,0.17036868499089367,0.744685512479596,0.03793862634611404,0.02014910935869953,0.02685806682469663
297,0.12042295515616616,0.8056488317758224,0.03858338005537835,0.012950556584702464,0.022394276427930793
298,0.04782992580355145,0.8105945203558516,0.12052553587202074,0.007847017917859125,0.013203000050717022
299,0.03400113685507176,0.7759561809644795,0.16214204238788926,0.01688613326870378,0.011014506523855739
300,0.06672454159361474,0.8253968578008101,0.07780575719732677,0.009950659888428432,0.020122183519820102
301,0.020292623220710865,0.5007522880004944,0.4465334520547768,0.007095904148722877,0.02532573257529507
302,0.022504139968847932,0.6323080009127915,0.30248740039013877,0.012088872182912195,0.03061158654530969
303,0.025106014743628106,0.653565719823336,0.3062348702255266,0.005524659100024334,0.00956873610748493
304,0.02493017639930783,0.3971105098731278,0.5596087276134514,0.004971030696392351,0.013379555417720656
305,0.008166637552391737,0.41355048305205944,0.567048017259204,0.0034728729061944403,0.007761989230150342
306,0.013548782675576012,0.5828184072106827,0.38671273028533204,0.004999754733142774,0.01192032509526654
307,0.015652653572411062,0.3748966648321859,0.5799000866962882,0.006682429775989795,0.02286816512312474
308,0.02739211783376382,0.386985086132745,0.5378683117029032,0.015011427041133552,0.03274305728945445
309,0.008198522721861829,0.42149486626698474,0.5587126856422623,0.003895389059194331,0.007698536309696799
310,0.045208305406066275,0.3593792447447502,0.5665047310779415,0.009235234152566009,0.01967248461867603
311,0.03244679698369173,0.5418368778629301,0.40869891487214444,0.005353603172055067,0.011663807109178685
312,0.035358664086251455,0.3416547616863426,0.5669447374276646,0.015093309856192828,0.04094852694354846
313,0.02256192547715901,0.3065791857256768,0.6368978473435742,0.007456498816386789,0.02650454263720319
314,0.02404065730000208,0.4580104830234862,0.4770249911188835,0.007600667535547419,0.033323201022080744
315,0.049581143955736276,0.35031666411587137,0.532068603459025,0.020795632692912694,0.04723795577645471
316,0.046721534886264134,0.3790748619787997,0.5607722677108957,0.003835331418916614,0.00959600400512376
317,0.021073405016550386,0.3712595722504898,0.571575482564225,0.018564867215004336,0.017526672953730525
318,0.014416249573751684,0.3000972377601934,0.6713727078817019,0.004027526304942591,0.010086278479410552
319,0.006626879788429545,0.21164594908381268,0.7747139305598717,0.0027031473226824657,0.004310093245203563
320,0.030044305419698894,0.3362167513649394,0.5960753549801495,0.01130201998819915,0.026361568247013016
321,0.01705144431211509,0.2690203127502708,0.6907261519474874,0.0106043611608507,0.01259772982927609
322,0.03452942826172194,0.24787993728609178,0.6598976467849845,0.03452851335478538,0.02316447431241637
323,0.031088844236908556,0.27202715274986367,0.6530358402974514,0.011854710172538977,0.031993452543237315
324,0.017164211064887847,0.23970775496209404,0.712603300662452,0.013147638977814109,0.017377094332752006
325,0.035891997900583596,0.4403946403716286,0.4877206769183712,0.016646618571944695,0.019346066237471947
326,0.021287154547432775,0.2771384064856936,0.6688235147337023,0.009551211206502158,0.02319971302666931
327,0.01166975700948496,0.29366885224147093,0.6528743263131406,0.008177042725751451,0.033610021710151976
328,0.04350242943656198,0.4829345840101034,0.45898245455424974,0.003962249752793463,0.01061828224629135
329,0.032161455230488536,0.43157818438109025,0.49080144234296197,0.017690872340617808,0.027768045704841364
330,0.004626529281922868,0.2139915702011019,0.7742082452908969,0.0016365278180715947,0.005537127408006756
331,0.004796205559423906,0.13746103687775316,0.8506260088961576,0.002069363010213682,0.005047385656451789
332,0.012371702196190696,0.12938042269596745,0.8364928708362187,0.005318092034235998,0.016436912237386993
333,0.007752811282522872,0.15829716721305206,0.822703874303348,0.0024986032035722717,0.008747543997504971
334,0.010308045276761588,0.1447218334688556,0.8234729399169861,0.008300992640763083,0.013196188696633568
335,0.012628020686425925,0.27707500197854534,0.6787912556294189,0.016875835862522573,0.014629885843087293
336,0.02741411770790585,0.3152196769702733,0.5905970484196168,0.013389494254481764,0.053379662647722266
337,0.036893448206664486,0.3890965055154574,0.4660390842631888,0.027277246446353348,0.08069371556833599
338,0.04720708016993367,0.5266523684363691,0.35257283597330136,0.019521747382392714,0.05404596803800308
339,0.06568455390167513,0.6546354921676426,0.20780062701582264,0.025528715277438427,0.04635061163742106
340,0.06851537297267088,0.666344573508915,0.20896322144809684,0.028230599902079396,0.027946232168237783
341,0.06716155534774504,0.8186025467521939,0.06266239643896462,0.028572369605771697,0.023001131855324812
342,0.0866275117468021,0.5130760102190652,0.16970126309750835,0.16027273659482708,0.0703224783417972
343,0.06498919037257898,0.7663236466121383,0.045377602724637395,0.10577801970650255,0.017531540584142895
344,0.11019404704483104,0.6294395904633552,0.07229422835241076,0.15297598633952128,0.035096147799881655
345,0.06248141065922959,0.6267861817059435,0.031017352325015228,0.2589798442733608,0.020735211036451
346,0.15814745695377733,0.42230331575844615,0.011675690410632867,0.37571753489495485,0.03215600198218876
347,0.08725048474759593,0.16776456851991872,0.014841644990310281,0.6996666579233645,0.030476643818810666
348,0.058605551734598985,0.27732665426516373,0.003301226433763515,0.6476623461059902,0.013104221460483428
349,0.12003584536021614,0.19108702436999694,0.004519859036967592,0.6452245680192664,0.039132703213553006
350,0.08906139271283449,0.20890793858513187,0.004789789322161106,0.6688560500165702,0.028384829363302406
351,0.050894270779018355,0.10303482629432471,0.003573958672374016,0.8307699417475165,0.011727002506766405
352,0.09291960273738101,0.05856228114834594,0.0005334076323270379,0.8367730132474305,0.011211695234515704
353,0.13793238673670924,0.05092496053244566,0.0002783980471386332,0.7736043126739115,0.03725994200979498
354,0.06273048669375833,0.04828243206299663,0.0006948688688588491,0.862553693570527,0.0257385188038592
355,0.046572980999080124,0.24025234024339182,0.0015372609127609438,0.6750769883673909,0.0365604294773763
356,0.049293382895611845,0.09367640643683424,0.0005435909217183353,0.8266926734302055,0.029793946315629972
357,0.09186584797714133,0.03152125737052133,0.0007916384379735235,0.2730580537242686,0.6027632024900953
358,0.3265042062464672,0.015491969387955497,7.813887683091872e-05,0.5348316052819859,0.1230940802067605
359,0.23650158223541554,0.04101431710840307,6.349186525829156e-05,0.2937599295721516,0.42866067921877155
360,0.17132007056798756,0.078060972853347,0.00021413317913237943,0.610388327976734,0.14001649542279906
361,0.10891339399567347,0.09973687206696462,8.156698749126057e-05,0.6613962598864948,0.12987190706337595
362,0.23643713630791427,0.0744099004275537,5.0655449294226026e-05,0.582139428080839,0.10696287973439893
363,0.2886615235392662,0.14561741853094648,5.56902122252195e-05,0.4730012480782435,0.09266411963931862
364,0.048876426546712856,0.07139018979591247,0.00032171577830068094,0.04431346540345638,0.8350982024756176
365,0.22300040144164512,0.08958734780001676,0.00019931646801819248,0.11286799976826967,0.5743449345220502
366,0.2759190987964201,0.1075303978227883,0.0003198594956037799,0.09108140443215197,0.5251492394530358
367,0.49621419440286724,0.13173089934554455,0.0003815056284786287,0.10303103150086479,0.26864236912224476
368,0.41678838341579655,0.30367197073699587,0.0006640708108729644,0.19378301499701991,0.08509256003931476
369,0.09779731748621155,0.6341036841839783,0.0005052990366535076,0.25402750359594334,0.013566195697213356
370,0.19239635392891705,0.10752008312879595,0.0002317702781623536,0.6419085849780096,0.05794320768611508
371,0.08341489079892452,0.1861278094209566,0.00021586363560952018,0.6885013919416686,0.04174004420284078
372,0.06265947683003296,0.14054670096844799,0.0004028896895128866,0.7792449829753291,0.017145949536677044
373,0.09787201305303064,0.0858460740325048,0.00012078837311212077,0.8083818020120642,0.0077793225292881775
374,0.291846900701028,0.09648965325890768,0.00017249629171983273,0.5587895774249563,0.052701372323388326
375,0.08401680159120499,0.10165617707274176,0.0002369291520643195,0.8066098213032523,0.0074802708807364905
376,0.1399034208334636,0.0849889473391402,0.0002129441146166225,0.7559605879528484,0.018934099759931194
377,0.2544518281340096,0.1603501220704205,0.0002738976629301176,0.552439144128825,0.032485008003814805
378,0.1177431316892428,0.3041159679997965,0.0002541588400019088,0.5631631375180588,0.014723603952900038
379,0.1606415487948538,0.333992146145232,0.00043079913295167326,0.45636520276131726,0.04857030316564518
380,0.3846381120714539,0.13499851868322446,0.001238270510762078,0.4212341357531695,0.05789096298139008
