epoch,N1,N2,N3,R,W
0,0.00165062641926647,0.027078762683747617,2.8013378542302065e-05,0.00025863880829547623,0.9709839587101482
1,0.0012807566381027407,0.009894843304839095,8.832277462273002e-06,0.00020963102464885075,0.988605936754947
2,0.0016904713772509415,0.0003234326786227451,1.0255804022343084e-05,0.0011611985756468759,0.9968146415644571
3,0.001497865789192686,0.0007180880654573859,2.3864028295434122e-05,0.0003047463838152401,0.9974554357332391
4,0.003184017393232659,0.0010154551180680544,0.0002470829494528161,0.0072363930131536126,0.988317051526093
5,0.037015066356723865,0.0004229095203437681,5.78666598126986e-06,0.0048940771187740584,0.9576621603381771
6,0.005359628423931156,0.0004358915641019801,0.00011721148963175583,0.003005197932050149,0.9910820705902851
7,0.009657763973940739,0.0002356782699099532,1.3936437875348063e-05,0.00046349245263689734,0.989629128865637
8,0.009770195803449034,0.0011748437719195147,4.845111163746583e-06,0.0003851877530973407,0.9886649275603703
9,0.003445745730319199,0.00019170970029765358,2.540056395527027e-06,0.00019199891943499824,0.9961680055935527
10,0.030547018863580036,0.0007229102307631191,1.544368701205393e-05,0.0005457995247819546,0.9681688276938628
11,0.03150901118134859,0.0004164114458446398,0.00041098901175900886,0.00020137714304433883,0.9674622112180034
12,0.04312296536677495,0.0007374904871339204,0.0002461661675156146,0.0004993116950858115,0.9553940662834897
13,0.004732409274913577,0.0007052894495136262,1.4521711868493459e-05,0.0010486859850689701,0.9934990935786353
14,0.016359502669319834,0.0007083125906717748,6.746255421637379e-05,0.00031120968273115965,0.9825535125030609
15,0.017583175965314234,0.00127025755035101,2.6092599516517993e-05,0.0002872799724324007,0.9808331939123859
16,0.07735427268009401,0.005378399298001461,0.00030891529384874595,0.0027464165407614658,0.9142119961872943
17,0.09795834906383137,0.009885465757272966,0.00036796637720487303,0.0016717885064584878,0.8901164302952324
18,0.02181604701777137,0.014109997072894965,0.0017343433684062245,0.0012557349409841048,0.9610838775999433
19,0.03547455671835808,0.025377153404122024,0.0002942517704484629,0.0024197316076596284,0.9364343064994117
20,0.13492839906190365,0.02452058226124711,0.0042135941357012395,0.0036580078512499312,0.8326794166898981
21,0.1589673719267988,0.08825770600176158,0.001424000759509377,0.011434962216383576,0.7399159590955466
22,0.0856159345628754,0.030925128748133374,0.011326750970335073,0.003981022754399247,0.8681511629642569
23,0.038293070273332896,0.019763044113174016,0.0030367624331134784,0.003751678336018122,0.9351554448443615
24,0.02444379815142011,0.020474710700925873,0.0007142642872836212,0.019872275746007202,0.9344949511143631
25,0.019048533059725065,0.018978111235738587,0.0021204386482089324,0.00045382611193537747,0.9593990909443919
26,0.02456547398852868,0.01687602477876416,0.019628620507429417,0.001241651792791799,0.9376882289324859
27,0.002979268373024391,0.008635743289697942,0.001421241743768483,0.00021751864077859735,0.9867462279527306
28,0.02037049876336188,0.0044663358865234225,0.00035376578664394234,0.0006268591976389352,0.9741825403658319
29,0.005996317674181173,0.0043408849473095985,0.00021990925567019295,0.0007050822223047634,0.9887378059005343
30,0.023943220564502328,0.018579458323452147,0.008604019719252873,0.0004103013570097,0.9484630000357831
31,0.02978112636394027,0.024593116314615405,0.00020534809497742144,0.002186582782215504,0.9432338264442514
32,0.006319846821799662,0.0035272669920574998,0.0001657452437174344,0.0003738565016653711,0.98961328444076
33,0.04328732127087451,0.016835511514728833,0.0012771485453076789,0.0005941861519376954,0.9380058325171512
34,0.291157665951042,0.10825930097186781,0.0196493219482072,0.0027986439722110933,0.578135067156672
35,0.18711383503967954,0.03757099340487485,0.0017034513495887186,0.0007177880656117076,0.772893932140245
36,0.33223040537606147,0.19039760456155713,0.017351351651970208,0.02335232268310028,0.43666831572731096
37,0.07970588247191873,0.1108998382441864,0.002198167136470513,0.022844636605093307,0.784351475542331
38,0.17848766228303806,0.13424615418130403,0.0015044224020665019,0.04980582852174907,0.6359559326118424
39,0.0707481569911918,0.2623259344351112,0.0062129738836464166,0.006789907071313343,0.6539230276187372
40,0.07526592549033809,0.06408725815030672,0.0018726362310037203,0.008155919944584401,0.8506182601837671
41,0.03458114322649097,0.06763785110404524,0.0010615148050595153,0.0042380077676393325,0.8924814830967649
42,0.034183377090993214,0.03062194529304917,0.00017430072938036932,0.0055385052233034365,0.9294818716632739
43,0.10030781960461206,0.032230409385842894,0.00033949384201632825,0.00330005173394877,0.86382222543358
44,0.04767032711992441,0.027549990643087108,0.00022719882302561385,0.0022979352713709948,0.922254548142592
45,0.10214254158133422,0.0147952489393288,0.001214081255405258,0.0029911917024555827,0.8788569365214761
46,0.013713759031607377,0.030277124101346142,0.002503055612902591,0.0029007795448663318,0.9506052817092775
47,0.013234428683889242,0.0038559104854785564,0.0001549195419869778,0.003296007089963003,0.9794587341986821
48,0.17797335841452702,0.013998665478039423,6.292153085076377e-05,0.028730809881478653,0.7792342446951042
49,0.2881775117647994,0.021870802609881994,3.739041515167038e-05,0.007514049367512621,0.6824002458426542
50,0.27918661224917735,0.0285333613171276,7.351583300524355e-05,0.0035977176239348086,0.688608792976755
51,0.25448758855883036,0.028917835927872906,0.00013800071705625353,0.01752300353680799,0.6989335712594325
52,0.1330305579770425,0.08554291004615489,0.001100333876577548,0.004528253452360768,0.7757979446478643
53,0.14880314915548837,0.07912276509421293,0.0009153576358586158,0.011464041309987051,0.7596946868044531
54,0.16143155858293226,0.09484899182173258,0.006467332622981389,0.009564692271351063,0.7276874247010027
55,0.30655534947843194,0.11100575989608846,0.0025960663799647204,0.013485451624700877,0.566357372620814
56,0.22172316566553776,0.18933604748777072,0.00466846843815112,0.031856834747612646,0.5524154836609277
57,0.13705295595943884,0.7113508187529987,0.052966761742292756,0.004519146345810044,0.09411031719945961
58,0.03788553231912054,0.0384648952253597,0.0006320030937025773,0.003351289442502216,0.9196662799193149
59,0.021541663906213874,0.011983860872988316,0.000152699287676229,0.006737618455283273,0.9595841574778383
60,0.029371061193859824,0.032214719016891255,0.0008117751580585353,0.002317809674741965,0.9352846349564484
61,0.14531013018900915,0.09890124250704142,0.0020160460348725984,0.002812659255145646,0.7509599220139311
62,0.033906935015643604,0.010375921648073761,0.0003094068032214609,0.0006059710102727115,0.9548017655227885
63,0.17972346986210333,0.05538106448065323,0.0012723690155918626,0.0023959740050266223,0.7612271226366251
64,0.04411097278259984,0.04796125596765174,0.0015835327033475806,0.004391727235328101,0.9019525113110727
65,0.050812893438524034,0.023453621664341492,0.0002191247001180176,0.004503776169433784,0.9210105840275827
66,0.1388664732773315,0.051747892733280024,0.0006790487658130602,0.006597548657621204,0.8021090365659541
67,0.2557711216575325,0.11233747523407576,0.001071121340191404,0.003719527424577037,0.6271007543436233
68,0.23912709510683822,0.46709102601545827,0.0494712384470369,0.0018370708927632664,0.2424735695379034
69,0.12667909540909592,0.17329508878251948,0.014656616697703339,0.010629950464889118,0.674739248645792
70,0.041706642123599466,0.5998718501127078,0.035293160512573044,0.004323647873712865,0.31880469937740674
71,0.009100610285302225,0.005857671948004341,0.0006633648932158126,0.0024285177012341595,0.9819498351722434
72,0.017356170179252402,0.005278464129551282,0.0008050984936045686,0.0008157028011411032,0.9757445643964505
73,0.004747814702754982,0.0039138299087630515,0.00014874708187438232,0.000780829060542651,0.990408779246065
74,0.01930488491053648,0.007822384059707978,0.0008148191759658133,0.0010040448408037094,0.9710538670129859
75,0.003653903225451892,0.0005929505030389076,0.0003492727009973676,0.00020289093540938442,0.9952009826351024
76,0.0017156809269377618,0.000303316404837262,9.627718831140343e-05,0.00011448690375729685,0.9977702385761563
77,0.021808499025484172,0.0010050436726565524,0.00010015450689484709,0.0004025510288961065,0.9766837517660684
78,0.010761309148701053,0.0005259569062584373,4.4101994905695856e-05,0.00031073424408911514,0.9883578977060458
79,0.06281951630730051,0.003913769682539922,4.8543517395896024e-05,0.0017245406150894203,0.9314936298776744
80,0.09984760869210066,0.0068073413259372205,0.0003184183672135601,0.001320640082511544,0.891705991532237
81,0.06882051605922568,0.023746963887370947,0.00014995474383747297,0.007576781382705354,0.8997057839268606
82,0.074377918956578,0.009554277785564672,0.00010482678446969592,0.012683063728559974,0.9032799127448278
83,0.04812914862160954,0.010666459135365416,0.00034181664482089795,0.0020752727681190384,0.938787302830085
84,0.2348896774175288,0.09749657159491863,0.0008430681870358549,0.011867005299525616,0.6549036775009911
85,0.3238232962430421,0.19977030553143785,0.01399522652411088,0.0077915053078359804,0.4546196663935733
86,0.13191607349740775,0.1300295042129263,0.01902388574823623,0.0227044629815383,0.6963260735598915
87,0.20260722712992477,0.5629087713941197,0.046765799880407515,0.01932680549939185,0.16839139609615625
88,0.23068970449884252,0.3261656939636881,0.03161220416608692,0.025830881804592157,0.3857015155667903
89,0.12005129034242078,0.2114102118823335,0.01947376977859735,0.007298935045208503,0.6417657929514399
90,0.42272786804496204,0.36997142505260144,0.08450019531195632,0.020175318024762422,0.10262519356571771
91,0.11713146869296524,0.16747397868835884,0.006181565047745577,0.008919203833022521,0.7002937837379077
92,0.1970984683755325,0.12372095125632236,0.028169872275462474,0.006257866135437104,0.6447528419572456
93,0.38276450920665067,0.4154201845361287,0.06549059524643833,0.0067281763592070415,0.12959653465157525
94,0.32764527744337607,0.26681947495484787,0.014802849750288486,0.0037538637104803482,0.3869785341410072
95,0.18473464228227038,0.6525119142282232,0.02004074219803558,0.003459898625631071,0.13925280266583967
96,0.3505128144530588,0.11297687641935715,0.0033704695619361466,0.035302574442407815,0.49783726512324017
97,0.04435684276012518,0.7907869230421289,0.015393502027904352,0.00379437918704737,0.14566835298279418
98,0.11812658146840224,0.43120450638631497,0.016880968721796043,0.014578097771390325,0.4192098456520964
99,0.03766678695886771,0.05398220013670972,0.001097423387445311,0.005011735023941404,0.9022418544930357
100,0.12257717791683756,0.5725150803438362,0.01754914035423287,0.01192638351447157,0.27543221787062167
101,0.20576671634241397,0.15286446804510903,0.0012476769028061298,0.033878094218322566,0.6062430444913482
102,0.17670483312409133,0.3734344186068748,0.030625360944917517,0.009752420574359745,0.4094829667497566
103,0.06806589592816781,0.025979328475270118,0.0003229718638288505,0.004362974898655559,0.9012688288340778
104,0.2830257252502616,0.17356429345252133,0.009760558494574242,0.003222779792055467,0.5304266430105873
105,0.3059855907986153,0.07273949951911804,0.00035450519720139066,0.006118648809652906,0.6148017556754123
106,0.36910505661960197,0.5140222229486892,0.01102446126087449,0.004932528207761977,0.10091573096307246
107,0.1395362249965398,0.5505904867223721,0.005054961157425319,0.05449323108929269,0.2503250960343701
108,0.02847592497827273,0.8889572049197184,0.011390554309018334,0.008623037974899063,0.06255327781809125
109,0.044624585508455654,0.06029472837596686,0.00034750363695183067,0.016802832312813366,0.8779303501658123
110,0.19046849256285253,0.12240822598968945,0.0004502995946706702,0.05357041809731945,0.6331025637554679
111,0.383254427941989,0.15896655210524083,0.0013136385620754615,0.014795228327769663,0.4416701530629252
112,0.5962928998586309,0.09000260192545763,9.168428816767444e-05,0.05917078428575792,0.2544420296419858
113,0.262580359350236,0.5223241254918676,0.0070723781781244395,0.013351452114702919,0.19467168486506903
114,0.2769696392451253,0.5017427200160424,0.012398646233624227,0.04810565446084193,0.16078334004436615
115,0.05137175103877946,0.32023420293794613,0.001139708853094902,0.0182378189362155,0.6090165182339641
116,0.1423689078865208,0.31040541484018364,0.017743680220613366,0.026152238760396514,0.5033297582922858
117,0.15484748300014267,0.12450265599302222,0.009366033800500705,0.01550565492509744,0.695778172281237
118,0.207394630703641,0.3520714043241314,0.034964646680245084,0.014645730008241768,0.39092358828374074
119,0.014804860259215038,0.005764107001022403,0.00016836514721503022,0.0034968085212321474,0.9757658590713154
120,0.006734663740971323,0.0019399186646491976,0.000967317110701895,0.00045892276666214735,0.9898991777170155
121,0.005167100626414397,0.000982981044949691,0.00013534550242047492,0.0004335438214126104,0.9932810290048028
122,0.012312573321702035,0.002098245052438023,0.015171904805082586,0.0006969912077899,0.9697202856129875
123,0.007028242641888263,0.0009851636817104846,0.0009185612687874666,0.0008322306161538184,0.99023580179146
124,0.10827395220215716,0.010804724618106729,0.005505099156129939,0.0027435447522889955,0.8726726792713171
125,0.01501721527691473,0.0021062605482543195,0.001884801371020416,0.011042387644930284,0.9699493351588804
126,0.004895926420118717,0.0005064585989787128,0.00012674169249467368,0.0005624658976347474,0.9939084073907732
127,0.0038876671588373283,0.0006220048344371434,0.0003115508912953431,0.00031753699682824987,0.994861240118602
128,0.023527266251890284,0.0028097297076483795,0.0006245471874558744,0.0005035251203180526,0.9725349317326875
129,0.029328278403123097,0.004258068945976624,0.0007268765834237942,0.0016230884472447208,0.9640636876202319
130,0.024027915689894465,0.03982113575845816,0.0040240957000786,0.004470206975902235,0.9276566458756665
131,0.0004232210606977017,0.00032279489256752976,0.00014350375190615074,0.0008320040529807834,0.9982784762418478
132,0.0007977214935957453,0.00024780233663998844,0.00010519173364181202,0.000934030965571536,0.997915253470551
133,0.0010349647953403324,0.0004414559147581201,0.00038162844346185785,0.0003962435487848866,0.9977457072976549
134,0.0016474453165764462,0.0005693667074701909,0.0009924545807567188,0.0004734343635161764,0.9963172990316805
135,0.0015018049144684292,0.00047500609076594276,4.4076780800143124e-05,0.0011812372894522169,0.9967978749245133
136,0.00157129443964957,0.00023813024570831516,2.4243888671307225e-05,0.00039355607626478473,0.9977727753497061
137,0.0008521899161410211,0.0003163314911092528,0.00028551386240097983,0.00021923022528898387,0.9983267345050597
138,0.0006830585193247505,0.000234185765416669,4.661023364488712e-05,0.00017633737099806128,0.9988598081106156
139,0.002115034485331871,0.00024001834990564595,0.0001201700530907839,0.0003227702489749033,0.9972020068626968
140,0.0007425837079918413,7.517253548346504e-05,2.4763706184072187e-05,0.00019828754444605007,0.9989591925058945
141,0.0026809956559724324,0.0002738684284652923,4.843037354395098e-06,0.0005954195380340107,0.9964448733401738
142,0.0008265951098304998,0.0002064162192086039,2.647826426131365e-05,0.0003176217576969399,0.9986228886490026
143,0.0007834898001021352,0.0001609933558142326,1.890251208849109e-05,0.0004499666673222438,0.998586647664673
144,0.002331777211543065,0.0009663622716012925,3.5305955096162926e-05,0.0006743243351410498,0.9959922302266184
145,0.0015539604971860337,0.0003165965424208773,0.00020389046075850814,0.00038113644034714,0.9975444160592876
146,0.0010452290458610213,0.00019188068162947342,0.0001955659410452817,0.0003045245526703337,0.9982627997787938
147,0.024248146275522818,0.003262163097790176,0.0012660708025477544,0.0016013448911621978,0.969622274932977
148,0.05454750381475817,0.009560650817028738,0.003333746982877042,0.0032771704394243704,0.9292809279459118
149,0.10077073258897284,0.028251453478133178,0.012889772398282581,0.007681334390096542,0.8504067071445148
150,0.09069563428055218,0.12588170820810327,0.0035409564934057885,0.023726024586265913,0.7561556764316728
151,0.08359618914116693,0.0663036780180964,0.046877319902672375,0.018148504062491532,0.7850743088755728
152,0.12633098826113787,0.08448036980786805,0.012454171909190502,0.019318476807440164,0.7574159932143635
153,0.10798543383640795,0.06843472074916439,0.0021332852000191553,0.01066412101607307,0.8107824391983355
154,0.18907456407561596,0.09956762279560274,0.004738859498146849,0.08256069970120866,0.6240582539294258
155,0.1693541248337689,0.0781956788217347,0.004172729465859398,0.00839685726503168,0.7398806096136052
156,0.23313330895212955,0.1215413775018433,0.005428470346489868,0.012870845808859046,0.6270259973906781
157,0.3613826654435627,0.25999003967919193,0.011261679410795516,0.04491587446589633,0.32244974100055346
158,0.06766770924799655,0.07527219271578821,0.0055774668603280125,0.011748016623324873,0.8397346145525624
159,0.5362558339586841,0.21552649464095072,0.019355227033247952,0.024795838438880106,0.20406660592823703
160,0.16542274888027747,0.24996031841262875,0.022764874572048413,0.04327498395692178,0.5185770741781235
161,0.15284216903955883,0.14477449734342748,0.0036774000018197288,0.04797049857483279,0.6507354350403611
162,0.09844219257446928,0.22019946452479944,0.01882381402241698,0.018661323803532973,0.6438732050747812
163,0.11468988411868147,0.3723109583663377,0.013971270577423329,0.026414586599731935,0.47261330033782556
164,0.25105549537435723,0.3326697847778794,0.01605218211387637,0.021410364901627926,0.3788121728322592
165,0.26180302921158477,0.3961881485687734,0.018407363371857423,0.02352470643713742,0.30007675241064696
166,0.19718190436233773,0.27050477435001025,0.0054303420944807,0.04270335435327401,0.4841796248398972
167,0.08608651097771737,0.6631982548574841,0.031119189127845906,0.011018592763859858,0.20857745227309277
168,0.07336998030546514,0.11559437973962554,0.0035944986371968276,0.011500067935584538,0.7959410733821279
169,0.10902078833482083,0.08872179372403344,0.0016809862860172648,0.03253941828848932,0.7680370133666391
170,0.12335759149905276,0.6121859328640127,0.00685406287044592,0.04809114240098054,0.20951127036550798
171,0.1069474035147186,0.05989650251232528,0.0011624904217641912,0.008727791067766605,0.8232658124834252
172,0.00478340934428452,0.00940379174670433,0.0016396688624850323,0.000794881245150695,0.9833782488013755
173,0.0024428489567964178,0.0037647381808161378,0.0006396099630067995,0.0012280023325347467,0.9919248005668458
174,0.060237886809022013,0.007598162353826736,0.00021461445757902053,0.0018601532411720017,0.9300891831384002
175,0.03768746916296938,0.20538896999569595,0.19939860542958193,0.001455841738176261,0.5560691136735766
176,0.0018979750943029497,0.049589924759042926,0.0002054236844195431,0.0006823826546432613,0.9476242938075913
177,0.0029915230144198887,0.06114481424638295,0.0006961449811689998,0.0009365258311237781,0.9342309919269045
178,0.0052258634000005005,0.06670205043520529,0.001232503366981207,0.004322992566969688,0.9225165902308433
179,0.0023182735191625047,0.08070517149878191,0.0037036682701695996,0.0014235744740101269,0.9118493122378758
180,0.044705700250961156,0.0076474565588693835,0.00031344575329086727,0.00487742570072057,0.942455971736158
181,0.03364511725371184,0.009499541085685442,3.157987320176022e-05,0.0018844715610271962,0.9549392902263738
182,0.021327466822890467,0.0011248476407561664,0.00017695786339636262,0.0008460086967834032,0.9765247189761735
183,0.003357816983461905,0.0009227004296993776,0.00018032047102780648,0.0007199095012927238,0.9948192526145181
184,0.010557353003693986,0.0018166551768084456,4.8868973068048305e-05,0.0003000725754584705,0.9872770502709711
185,0.004808123603053203,0.0007545493588848265,6.596127504155025e-06,0.0008100310240502155,0.9936206998865077
186,0.0011645670035058111,0.000419874493956817,8.57657057931438e-06,0.0004799499090292286,0.9979270320229288
187,0.008638416461053143,0.0047437898432868926,9.854240546512438e-06,0.009742469733318363,0.9768654697217951
188,0.004856577570980549,0.0007512250264927343,7.1817366230793405e-06,0.0011593487576297093,0.9932256669082741
189,0.08765744353230445,0.012127234563697024,2.782313501797551e-05,0.027356975569261154,0.8728305231997193
190,0.25863523567560176,0.019691061550583734,0.0001522923806605638,0.02116624842572045,0.7003551619674334
191,0.3852155961461446,0.04221772191642721,0.00023052947166370946,0.2227962862084164,0.3495398662573481
192,0.297880309488431,0.03177720935726213,0.0003701106398101147,0.18145767420847367,0.4885146963060232
193,0.21375838689301907,0.08314101284462208,0.0010799691037223932,0.34208112766495263,0.3599395034936838
194,0.17024582148363993,0.06513563043957443,0.0016677628661782953,0.35294587785806775,0.4100049073525396
195,0.11880137790294058,0.13067207393110034,0.002616309322284549,0.31647267615702357,0.43143756268665095
196,0.0721535292367275,0.06883091224251232,0.0007756510491282778,0.2827762024939027,0.5754637049777293
197,0.09502115069408439,0.15078959051389665,0.015582761153262136,0.15906374658374395,0.5795427510550129
198,0.28576822223813114,0.2488638974887741,0.007637210242732128,0.2600836675408621,0.19764700248950048
199,0.19930180185797725,0.24362757109117408,0.005274683190928313,0.3575570627829449,0.19423888107697526
200,0.32617380889824,0.2122732555682581,0.017545850059974017,0.2682783910654982,0.1757286944080297
201,0.20851488144032185,0.21258776154465128,0.025964290733501216,0.2671037808852285,0.2858292853962972
202,0.18032374174777058,0.12016487779763442,0.00869894033946383,0.23294102391774565,0.4578714161973856
203,0.0866968606078919,0.09719157227251475,0.00585709102453092,0.15618415734644922,0.6540703187486132
204,0.062147159503629354,0.08524958721598641,0.00037645731602708494,0.06676972906133839,0.7854570669030188
205,0.23916207348125346,0.3692123267758675,0.008575228337563797,0.18603252821537375,0.1970178431899416
206,0.530103483442846,0.30599433134486875,0.007525178415509366,0.09613007852942014,0.06024692826735592
207,0.33439236129796,0.2598809784406659,0.013833756259968794,0.29681004231722713,0.09508286168417807
208,0.1453207265282479,0.20604033170307343,0.005678760657556162,0.13258997652228388,0.5103702045888385
209,0.10912231952915888,0.6379109885259673,0.037741091053029155,0.1164615285659738,0.09876407232587082
210,0.18693699123192653,0.15749195921751716,0.0011470716272825477,0.2658236560016159,0.3886003219216579
211,0.08827066108174458,0.8172155299631254,0.02312929666794727,0.018743682879803113,0.05264082940737974
212,0.15094353327825077,0.24210254055243868,0.010561402286111812,0.02541714443497254,0.5709753794482262
213,0.18407297698858147,0.6583529865780606,0.018788771667802205,0.023364688989956188,0.11542057577559953
214,0.3888880820512455,0.406516117966508,0.01785708192358177,0.02984258854590463,0.1568961295127601
215,0.2422057639876076,0.6786140115970216,0.019834061135885917,0.005494598724492228,0.053851564554992466
216,0.032838777088580906,0.8961754838700549,0.042597842360673516,0.006813761269496848,0.021574135411193986
217,0.26849185922078683,0.6354159212547216,0.024353259424111703,0.017570287974350132,0.05416867212602969
218,0.01474587028668951,0.8750806200474734,0.05542622671547256,0.006173472142959856,0.0485738108074048
219,0.11603017185760799,0.5364971309404706,0.03549868400588558,0.02197236676467467,0.2900016464313613
220,0.06917155422623374,0.8343568835115951,0.009947500117017791,0.009356838671379103,0.07716722347377428
221,0.23416061555005024,0.5823617935115796,0.02268530157452596,0.02150798306324176,0.1392843063006024
222,0.12030372773871291,0.734367726582072,0.018086187416676044,0.007342900063221995,0.11989945819931708
223,0.08220916317986232,0.8557535393815165,0.017724864945930553,0.012321918248200345,0.03199051424449034
224,0.2222928407153782,0.6706214386464933,0.01547436311234639,0.020252251291037807,0.07135910623474437
225,0.04800904006890948,0.8299199139712146,0.012232660092248788,0.011099007122721901,0.09873937874490538
226,0.18840449423078756,0.6604317119417482,0.0079202327547225,0.055943820375068745,0.08729974069767285
227,0.15302506169177868,0.613269323781464,0.006429997502296428,0.05368147000770027,0.1735941470167605
228,0.18008725791461586,0.5579120697650366,0.013697202734868262,0.05283983649035137,0.19546363309512804
229,0.23559508839650017,0.5917686294909038,0.005425399039568127,0.05155798784007086,0.11565289523295703
230,0.03436072960270301,0.8659226375048227,0.01453039564120038,0.017076226955595922,0.06811001029567793
231,0.09245127873595581,0.2382440840850652,0.010384426256903827,0.047957855580746604,0.6109623553413286
232,0.11786151566081446,0.11351155486823397,0.0006498451761128058,0.011305872376981593,0.7566712119178572
233,0.514725056056623,0.25323172108356434,0.00133109576543279,0.0370083145479902,0.1937038125463897
234,0.594388207372295,0.3548767990035377,0.007534104514178846,0.00913738376568514,0.034063505344303247
235,0.22469135544289795,0.6509232928515445,0.006293837037928975,0.06773080731318215,0.05036070735444649
236,0.25079812922406775,0.35814894239011363,0.001970431326708102,0.2314428813489981,0.15763961571011242
237,0.15662651179666734,0.7448057078306298,0.007654206752642256,0.06283940877380735,0.0280741648462532
238,0.4043112709799439,0.2982049866091195,0.004415905698263564,0.08377145180877343,0.20929638490389957
239,0.06945821284588855,0.8591749363449546,0.028808897024552405,0.01434503012736674,0.028212923657237748
240,0.1370674553093454,0.2938871832015587,0.002693249448543406,0.027418826820833922,0.5389332852197185
241,0.22143818121170455,0.687084274652155,0.01011425038304491,0.009384160943853335,0.07197913280924209
242,0.31217257548476507,0.5782494429594792,0.008532590162670021,0.018646444841768202,0.08239894655131737
243,0.07131384183439175,0.9009540390633431,0.0072890984768642815,0.007536791473536399,0.012906229151864356
244,0.0993760773227046,0.6760961323323682,0.010666057549959461,0.009437064353428264,0.2044246684415394
245,0.18376540509169118,0.6743255811179669,0.013177654185262788,0.012046657814282892,0.11668470179079636
246,0.021296602623157725,0.9110711736471757,0.03890042840900489,0.0024799340934154573,0.02625186122724618
247,0.22581091705237788,0.7132290725163924,0.008025699711370076,0.010676568505394377,0.04225774221446532
248,0.03491865084255035,0.8825695980493026,0.05268899663518707,0.0015849263681884955,0.028237828104771268
249,0.028322125788326304,0.9111518323763487,0.04169407301650501,0.0029310330565713557,0.01590093576224861
250,0.07229222593687855,0.5695418864493655,0.020405468384507117,0.003110578958995314,0.33464984027025335
251,0.13241428043181086,0.7916596464598933,0.028800756684862937,0.002675539259408461,0.04444977716402456
252,0.03242174054829447,0.7369655306769933,0.14939951691381814,0.0008037788051511905,0.08040943305574287
253,0.05551114738619745,0.9088634863312792,0.02448200601328199,0.0017836906508444904,0.00935966961839687
254,0.09142590371185641,0.8033079545849432,0.0401735514578961,0.003779014434988335,0.061313575810315844
255,0.03368040205982641,0.759158002815327,0.03937835324548873,0.003912242791386668,0.16387099908797123
256,0.025459143114903996,0.9280916597237769,0.018572418781482653,0.0016003435129622271,0.026276434866874226
257,0.019532263134444422,0.9484634388411238,0.02136287081686806,0.0016226509673574845,0.009018776240206167
258,0.10430646356209136,0.84159140878993,0.01419964315534269,0.0030390652417473006,0.036863419250888714
259,0.028533184730763834,0.8507634898562181,0.05512802363881183,0.002142031685657375,0.06343327008854889
260,0.005340518325613248,0.9414573698841764,0.04689010659735603,0.0009069711215048178,0.005405034071349511
261,0.06797428146888874,0.8548405610965385,0.017634662647586997,0.00334455342972846,0.056205941357257184
262,0.0070659541677489,0.8369038976683627,0.1409809540973509,0.0006163908416049849,0.01443280322493249
263,0.12149909101105226,0.7882319906887936,0.05552510453099719,0.005864348772788796,0.028879464996368256
264,0.06503830293813265,0.777362332855204,0.09000378341584352,0.002049942324937758,0.06554563846588188
265,0.026414592509461102,0.7068162120777165,0.2505440812914643,0.0033283254864978364,0.012896788634860205
266,0.14676341437739687,0.760225166916101,0.03713527020927809,0.019558102759300245,0.036318045737923806
267,0.024604055289567543,0.8539779241398139,0.08508826411929164,0.006593942185700038,0.029735814265627096
268,0.036416394915655945,0.7924306293964407,0.14274005596932907,0.012955947593011228,0.01545697212556307
269,0.018408918551015344,0.879015007530396,0.08773342075944923,0.0053940694121569766,0.00944858374698264
270,0.12405285848199592,0.6015571949145097,0.02324671918140049,0.01870905478684941,0.23243417263524452
271,0.04901329861161572,0.8777586324126198,0.011767241876914481,0.018995212072047973,0.04246561502680207
272,0.16530218842218428,0.6361015580745618,0.003722921225327231,0.06365236040252699,0.13122097187539955
273,0.06687971290477326,0.7519457185080555,0.02028370518977233,0.039193557980857774,0.12169730541654143
274,0.06784969468011583,0.09510404098337254,0.0006681152175697319,0.020590813588373367,0.8157873355305685
275,0.4089139421855215,0.5066680921613698,0.002513162654794668,0.021970708078166933,0.0599340949201472
276,0.46871841390532837,0.4672833210866181,0.003349159596376347,0.02222237961726299,0.0384267257944143
277,0.2623151188738165,0.7207083603510355,0.0004812824845663211,0.006055057761224043,0.010440180529357674
278,0.06322521831993623,0.8904679986390232,0.01510527173720027,0.006971689752278967,0.02422982155156128
279,0.04527265463321896,0.8899657501294135,0.03493712567781398,0.011167389245172764,0.01865708031438069
280,0.031585012097960094,0.5903521237423518,0.009441304524746594,0.008317023252658842,0.36030453638228266
281,0.02164436429324882,0.9145694514158618,0.04833988792421558,0.0021122316225606675,0.013334064744113161
282,0.07276833234361506,0.7833180903902118,0.024573273311300325,0.005578444794572112,0.11376185916030065
283,0.03616132164306513,0.8803962876077074,0.0659042970893827,0.0019788961786332522,0.015559197481211493
284,0.034073645697910285,0.9171936771071513,0.03799366493518793,0.0028371001463733266,0.007901912113377157
285,0.0818223961278367,0.8375146509941868,0.02600640901291585,0.024741277942819752,0.029915265922240832
286,0.04036864907777619,0.8741175848785895,0.05284071589969835,0.005796079796264691,0.02687697034767113
287,0.028816269923077044,0.9102214396770175,0.03166371582629125,0.007302312302669897,0.02199626227094402
288,0.09521593984401944,0.8176129680541012,0.04544870296656646,0.010037404969032796,0.03168498416627997
289,0.06560721141939105,0.3717212784922789,0.0451166334212956,0.01815220045664922,0.4994026762103853
290,0.1857352369705254,0.062222062922388084,0.0006656360769205713,0.015169398321701727,0.7362076657084641
291,0.46352560232320505,0.4092859373029861,0.014164369272237812,0.012437457569856088,0.10058663353171499
292,0.16556224140172943,0.7939243700491833,0.015965442198438325,0.002608190866474909,0.021939755484174123
293,0.24124445878291667,0.6581344256867959,0.00909005683458715,0.00694475354486283,0.08458630515083758
294,0.040385727311969016,0.8896406729217764,0.015318601960560887,0.007610891939327858,0.047044105866365954
295,0.12467372944766296,0.7706907578624097,0.006706836542922898,0.01761755310123745,0.08031112304576694
296,0.06730702589885723,0.7646202093699735,0.007666665929991259,0.021700054039855386,0.1387060447613225
297,0.0952288169176683,0.8275117847734973,0.019128921314358182,0.0068258643363786845,0.05130461265809752
298,0.18039279970910604,0.534602502423978,0.019622680203664304,0.017815560253319245,0.24756645740993238
299,0.04152204635086009,0.7886631178765308,0.09414849150775505,0.01060711094985403,0.06505923331500008
300,0.046815440822218606,0.8866332850668679,0.01454114060515094,0.018257846692153964,0.03375228681360855
301,0.03512287230802123,0.19459775478926233,0.026091049238016032,0.010435329850184945,0.7337529938145154
302,0.06088421384941849,0.7857077879525647,0.015055337945323724,0.008206468724943197,0.1301461915277499
303,0.2567503389011307,0.6491837467039938,0.011429230595176877,0.015240636538785006,0.0673960472609136
304,0.09558175053381329,0.7556935284355213,0.02236296170361558,0.003699560073713786,0.12266219925333605
305,0.0205647240934192,0.03616212492445308,0.0034212032855073004,0.0018337107012314578,0.938018236995389
306,0.1821212448781177,0.13159046268098185,0.0019793613352053455,0.02059129286206252,0.6637176382436326
307,0.5091554594199136,0.2711993333706742,0.003076184459053502,0.012086897471018545,0.20448212527934012
308,0.3287095033548099,0.596859436491126,0.023058383212526366,0.0037029814499120886,0.04766969549162558
309,0.37346010491462617,0.5526024676452448,0.001639565253567332,0.019329255463829232,0.05296860672273252
310,0.14461690085382553,0.6572119993331387,0.004897916150613736,0.10980514256863803,0.08346804109378404
311,0.11170525123941691,0.787582883283099,0.02895385794413624,0.049919539265777274,0.021838468267570604
312,0.2333017052125855,0.6937311678682265,0.002188687957092468,0.03153089467959294,0.03924754428250258
313,0.10796060469429489,0.8516106837939893,0.02137863205815342,0.0062980387319179825,0.012752040721644516
314,0.1956426973125053,0.7346672019874027,0.01595244276604009,0.010523105688707743,0.04321455224534426
315,0.12871199242722536,0.8217241944317184,0.024719854339193735,0.003954968195749796,0.02088899060611272
316,0.0036777378785650106,0.7665392158386584,0.22703370694238167,0.0004079876235940354,0.0023413517168007106
317,0.04095547430229356,0.8980760958145052,0.041149413128148134,0.0037492943066605652,0.016069722448392634
318,0.006068348540114671,0.7204231818190118,0.26856086332976464,0.0006468726192150566,0.004300733691893998
319,0.036089531218674524,0.8281914037865499,0.11220222145288108,0.0013558049620769196,0.022161038579817584
320,0.010741977682212106,0.5965318972075914,0.3889622722183175,0.00057772255061243,0.003186130341266695
321,0.012656488025591241,0.3997452902796122,0.5829938430340927,0.0008510251873787756,0.003753353473325014
322,0.008627471917004324,0.600355691030486,0.3872321110349108,0.0005244090530609998,0.0032603169645377406
323,0.011092866093187164,0.7344185644279053,0.2508771210111546,0.0004746524178909343,0.0031367960498620666
324,0.013716610220090195,0.9142077022940153,0.05813800287405902,0.0016135276306955082,0.012324156981139903
325,0.01977462625707375,0.8050381110493554,0.1613634137447694,0.001904117493673279,0.011919731455128259
326,0.005099225013018052,0.6698482932484712,0.3084647064076306,0.001192098260644106,0.015395677070236168
327,0.14479710412683075,0.6692032328297248,0.008355471228804548,0.004141045311663204,0.17350314650297674
328,0.19150837014984623,0.7565894202950513,0.00824186871477025,0.004881433597994027,0.03877890724233812
329,0.06810263080766345,0.825162285396327,0.01905224409003892,0.0025102420905433655,0.08517259761542735
330,0.011007008018970647,0.880706883938782,0.09630421540993117,0.001236535056373842,0.010745357575942466
331,0.15717366300758853,0.6504699696557399,0.010692239205481771,0.007558873067508242,0.17410525506368157
332,0.04856016755887401,0.8215787166557956,0.09802978329657475,0.0013220011943966571,0.030509331294358847
333,0.2548859642171622,0.6919377653358599,0.017994857658859487,0.004796067262812277,0.030385345525306164
334,0.07958276619304931,0.847893114290905,0.045585898026890975,0.00291280528606567,0.0240254162030891
335,0.06810073467976376,0.7653432502857003,0.14469265965280115,0.0035219480285068362,0.01834140735322805
336,0.05849101155198059,0.8819772584708596,0.027210512464958005,0.00901014364022982,0.023311073871972125
337,0.03310482201315297,0.8266654606415165,0.046670627156069094,0.0043191969373703055,0.0892398932518911
338,0.10951789323300044,0.8026562877583657,0.026214491484765276,0.015046542670703525,0.046564784853165196
339,0.10325628385504727,0.7989128462374605,0.023033998456005678,0.0094833238748647,0.0653135475766218
340,0.03965719437202374,0.918540830797404,0.009601553896482797,0.006619487630849106,0.025580933303240277
341,0.07135353773412105,0.8844819988982624,0.01762800039044593,0.0038388828248403844,0.022697580152330196
342,0.03428364736229368,0.7118944035926836,0.04104212264502608,0.0057567190624640135,0.2070231073375326
343,0.17189677191973518,0.6061168516463277,0.002558282819497061,0.017930248509622746,0.20149784510481733
344,0.13033889329486045,0.5487440817693007,0.00755186862590303,0.0064079502761762615,0.30695720603375964
345,0.07418649671764115,0.856381266379814,0.015826238373969514,0.006979149834627852,0.04662684869394747
346,0.21108598288327238,0.6378437899948423,0.00540368922707559,0.021759053800256025,0.12390748409455354
347,0.10105039731202743,0.6048244638383982,0.014603533088265633,0.07545218012736685,0.20406942563394195
348,0.04987933778278674,0.7662844389992529,0.005830866839092521,0.031230896444426497,0.14677445993444138
349,0.019958249214820523,0.0861934035041017,0.0009549306073746882,0.019223271237065614,0.8736701454366375
350,0.022667357253584763,0.030894624749045738,0.0004414166828528716,0.031730993354182564,0.9142656079603341
351,0.0470398055321092,0.02098861915186969,0.001062260127555985,0.006807357334253793,0.9241019578542113
352,0.24595279893664565,0.06983164037142135,0.0006710506701188487,0.026549174301351588,0.6569953357204626
353,0.2933918415236615,0.5449228874787392,0.0030867878174342276,0.05498594725352007,0.10361253592664495
354,0.14957703058820035,0.08173301090012737,0.0006063765277443878,0.05027957489653522,0.7178040070873927
355,0.4197623415666756,0.13467681976535914,0.012716163596334625,0.28234281949360723,0.1505018555780237
356,0.12141053394178984,0.08290786454624509,0.004918307881147405,0.22876587340922755,0.5619974202215902
357,0.2760652684435197,0.06598747590964764,0.013106505142227777,0.18673613770019065,0.4581046128044143
358,0.3532668080648214,0.21777909766356246,0.014519885921233863,0.24904208053212978,0.16539212781825258
359,0.15380415478929468,0.5235757491211304,0.06451144962477665,0.21829262904724156,0.0398160174175566
360,0.1431751706104612,0.2642144584288838,0.020122392323210066,0.4538881680322949,0.11859981060515011
361,0.17706598230772128,0.39575725719742183,0.003111256938809164,0.29722678684128767,0.12683871671476007
362,0.019540581402594334,0.8458319088029206,0.03450347831753852,0.07123363861632352,0.028890392860623004
363,0.1334767208353833,0.23101287408618076,0.008878986707361541,0.5262822765978135,0.100349141773261
364,0.04431833970928057,0.23865572809792832,0.015551870018573256,0.10921424727801636,0.5922598148962015
365,0.10979325288292424,0.15172403796107523,0.0077258613051516,0.1340019895457712,0.5967548583050778
366,0.2417195201123884,0.20443982184284004,0.00700816677529774,0.19373777882416052,0.35309471244531326
367,0.2019178805630769,0.5251102987784304,0.015602048248736445,0.10477447846292721,0.1525952939468289
368,0.34575081765171894,0.22984252712029876,0.002149748566226133,0.32773035252563715,0.09452655413611907
369,0.054780367998278325,0.7366377461157873,0.02277658119747787,0.07003130643940307,0.11577399824905346
370,0.22334961382086888,0.38865301005196695,0.013141730674133167,0.2637519841471904,0.1111036613058405
371,0.13682583518316188,0.403728379968143,0.017590604096561623,0.11243411918399093,0.3294210615681425
372,0.08802246989939606,0.5432958133107962,0.010396868680981412,0.3063613174525255,0.05192353065630085
373,0.14499861328182023,0.43457315585316403,0.00750182645248455,0.21492847310430196,0.1979979313082293
374,0.08792885250162674,0.6100107199554425,0.014896178872020174,0.17748836481568342,0.10967588385522703
375,0.07459564841384221,0.34483362195293915,0.01718297911151698,0.1825570055505136,0.3808307449711879
376,0.15565842852184747,0.2876888879335764,0.0038871357303187164,0.33889686771403066,0.2138686801002268
377,0.06902527557331947,0.6698901595782331,0.023543273972632013,0.154323387487841,0.08321790338797458
378,0.052676170503609135,0.02026913526223384,0.0004098555145034786,0.06423859671769605,0.8624062420019575
