epoch,N1,N2,N3,R,W
0,0.005869778915487657,0.005421567741393663,3.6603673550004496e-05,0.0022194875589095016,0.9864525621106591
1,0.024784374510422105,0.004545178844103585,3.702528275532273e-05,0.018276645680057376,0.9523567756826615
2,0.09908464256039812,0.013631228253240906,2.1313769956035772e-05,0.05177782272244234,0.8354849926939626
3,0.06149506396829441,0.007149659033159119,1.4507384206222731e-05,0.023369847959941764,0.9079709216543986
4,0.005182835214250848,0.0005207912112036835,2.027455429035124e-06,0.0007678449268242341,0.9935265011922922
5,0.013117028032107642,0.004588447074705818,3.7431555652149734e-05,0.001720989507302178,0.9805361038302323
6,0.14236084662361237,0.08433572780577303,9.867692921990342e-05,0.08707833162470609,0.6861264170166886
7,0.06221326740639879,0.04035068168268635,6.168415790899945e-05,0.032966266249245486,0.8644081005037603
8,0.1478657653536678,0.035482533033214365,9.482885261839678e-05,0.03771081070942882,0.7788460620510707
9,0.07704051455544009,0.018582908432004934,4.454242921705921e-05,0.00887668681504728,0.8954553477682907
10,0.16750477805146127,0.027367653402378577,7.103287842742918e-05,0.043015398348654366,0.7620411373190784
11,0.02984446170226131,0.01901691354407828,0.0003902040281680933,0.004760693347919203,0.9459877273775731
12,0.01849855915617558,0.005691611210400356,2.144639760498149e-05,0.0018732145186898161,0.9739151687171291
13,0.22376386298201323,0.0381646569165467,0.0006264857430460777,0.025231445485791808,0.7122135488726021
14,0.10128716943556974,0.22590734488333825,0.011652540279688824,0.005776662052335096,0.6553762833490681
15,0.002126050891887569,0.001401040661328761,0.0009074362981486467,0.0001622379120114669,0.9954032342366235
16,0.0006214191876790387,0.00019228547268296115,0.00011618393156149227,2.921720955891587e-05,0.9990408941985176
17,0.013827741842403407,0.001153420996106704,1.6607302381014798e-05,0.0027046440183635125,0.9822975858407452
18,0.017191175463303406,0.0049357328980996545,5.7390868902760016e-05,0.006483190648958956,0.9713325101207352
19,0.09234168737597548,0.022819138577004277,0.0003014946639595729,0.00620357104073118,0.8783341083423294
20,0.015549789464887706,0.012100000120191346,0.0009844341657778977,0.000647086641717589,0.9707186896074255
21,0.044119017669044865,0.016665738893343003,0.0003623038965883125,0.013818020319545732,0.925034919221478
22,0.028859246926667508,0.042255103579327755,0.001337325038849013,0.008335889357924921,0.9192124350972307
23,0.10896391582868394,0.12550217820104287,0.0010107062345592957,0.036885453160060304,0.7276377465756536
24,0.04796526307742333,0.179907912755915,0.0012178642390617681,0.00245278200174247,0.7684561779258573
25,0.150441270774701,0.7109157272969837,0.0053079771848619775,0.007400584133433787,0.12593444061001952
26,0.02742808088087069,0.7643935038974758,0.10095401860015905,0.0029160839509290008,0.10430831267056541
27,0.16108373351571922,0.3891694694252043,0.0023815561490722237,0.04455147719235528,0.402813763717649
28,0.03132289293259129,0.7850895537350934,0.11526965821066999,0.004447248789319444,0.06387064633232584
29,0.08946507135040704,0.837725375883945,0.01262369615917244,0.019379524295783063,0.04080633231069255
30,0.1022187846528826,0.6379563932591344,0.015255425595836902,0.020895872041558128,0.223673524450588
31,0.023893623441067696,0.691015173474347,0.23072599980111166,0.003948238152090282,0.05041696513138333
32,0.1081580088988474,0.14980455463333853,0.011151044963086786,0.005299670883036708,0.7255867206216906
33,0.05060413762748336,0.670232679470149,0.23265877066652874,0.0024639484696467265,0.04404046376619213
34,0.21256233989033446,0.6180960085679909,0.04409451590334604,0.008757084769911327,0.11649005086841738
35,0.12934775231221246,0.7533570437800001,0.06912827223019388,0.0013858059005631795,0.04678112577703058
36,0.1586847311709632,0.33831365111567185,0.01433827819595431,0.009116965424533881,0.47954637409287676
37,0.05559209121471848,0.5202506917911535,0.388375955150648,0.000928014893190911,0.03485324695028922
38,0.24052515023741583,0.18751988817675058,0.01801875621784407,0.0039635781327660375,0.5499726272352234
39,0.07910451118872258,0.6522790918419641,0.08085758013498684,0.000950429675682146,0.18680838715864434
40,0.3710482039740132,0.2785654894099742,0.011402500122990116,0.004951560263343055,0.3340322462296794
41,0.3410416365628117,0.4443158191795647,0.012575353557223485,0.0013572906697689954,0.20070990003063108
42,0.15101587442700426,0.2963816183673552,0.01499102568138062,0.0010889526511101023,0.5365225288731498
43,0.03941027175421088,0.3809217360904703,0.08261277168865877,0.0036915968665729116,0.4933636236000872
44,0.019261227718251346,0.41190258599398977,0.2795007095763343,0.001247208974088786,0.2880882677373358
45,0.022043990103179645,0.42041791046309196,0.20211215401740437,0.0009680824685995312,0.35445786294772447
46,0.004841747728082991,0.375177909817992,0.5900373439153717,0.00015257776737656793,0.029790420771176745
47,0.02058522015491661,0.549950921625977,0.26904785982591956,0.0005133617309236534,0.15990263666226304
48,0.012572184277379364,0.3292302678978503,0.5611726613196256,0.0003297065937488751,0.09669517991139585
49,0.007498119018979559,0.25918615034558273,0.5853864628692613,0.00031702903896914196,0.14761223872720716
50,0.005445900553967917,0.26852160788984997,0.6765468084724371,0.00011361868234809552,0.049372064401396874
51,0.00982404931148358,0.22261013928321272,0.561440525209798,0.00018707847184974935,0.2059382077236561
52,0.01271395478254975,0.43290146869326723,0.26402373130098994,0.00031901767399330035,0.2900418275491999
53,0.010445063615158356,0.3414448661392896,0.41357708196272747,0.00027653363670938306,0.23425645464611528
54,0.010112037603309075,0.4019978742841001,0.39073226217153834,0.00028552297512448883,0.196872302965928
55,0.018098052595700236,0.4881295945348426,0.22519105325019537,0.00036327432561980116,0.26821802529364186
56,0.009681956340513012,0.284103006828356,0.5540591030435029,0.00022710867439874348,0.15192882511322922
57,0.011356161078430523,0.3238657129908625,0.5921401806877367,0.0003047962136402365,0.07233314902933008
58,0.010695356823526708,0.4763867130207873,0.37769647856954885,0.0002446285362531935,0.13497682304988404
59,0.016220150426531223,0.3671016211735693,0.5280498770258201,0.00025169710794216557,0.08837665426613726
60,0.008505470946198163,0.31532831932083866,0.5660776260497492,0.00028493167274969687,0.10980365201046426
61,0.010609330611069221,0.29559084307488215,0.5472063677509807,0.0003013268162932422,0.1462921317467746
62,0.005887837462006877,0.21050036212084056,0.6439159686763188,0.0002486500174142888,0.13944718172341944
63,0.009474001062332467,0.27998327094900394,0.5916514108840695,0.0002718921223802237,0.11861942498221388
64,0.0035425351430577903,0.1804438962866555,0.7847065975518548,0.00012126532523566873,0.031185705693196192
65,0.0055853987345164105,0.26174213254724654,0.6232680322553641,0.0002153328137216528,0.10918910364915146
66,0.0045320569835697305,0.1569497538461431,0.748706571077111,0.0002052149391074882,0.08960640315406862
67,0.0036177111332605966,0.13189908279517726,0.7941909294495068,0.00016305440893718372,0.07012922221311799
68,0.0030874818696351248,0.17956934714974682,0.741792585083452,0.00015807515450523,0.07539251074266086
69,0.006988698436147975,0.3454549002673877,0.5045179037284614,0.00027892391319478307,0.14275957365480813
70,0.0038646520953760565,0.1919896393130428,0.7269308543096994,0.000150962583463229,0.07706389169841851
71,0.002840323100451733,0.14050358506154056,0.8008713642506138,0.00011033747747903427,0.05567439010991482
72,0.0028561304224929,0.14137498058303433,0.8304531396980882,0.00013581876290240722,0.025179930533481953
73,0.004186247084255389,0.2564637540221614,0.647204792748343,0.0002442635663280937,0.09190094257891207
74,0.004492672991151279,0.19133940977992528,0.6985499190095932,0.00022571344865211586,0.10539228477067811
75,0.005802810982981224,0.269105319268745,0.601998787903212,0.0002952206652656486,0.12279786117979595
76,0.004471112951549489,0.19880806968855472,0.6886190415465941,0.0002876116688267388,0.10781416414447496
77,0.007862807829699581,0.27759087745164673,0.555953147025685,0.0004701356656433492,0.15812303202732536
78,0.004845269700135184,0.15713560558715978,0.7646530358786631,0.00026700756108375827,0.07309908127295839
79,0.010587032894377464,0.4679871843174027,0.3658143331145791,0.0006770839755618262,0.15493436569807886
80,0.01389179719972203,0.23338161852616315,0.694070244967029,0.0007445181729649767,0.05791182113412104
81,0.0021277990756980443,0.08386753727701383,0.9111505526724162,0.00012332028877885354,0.002730790686093037
82,0.012921070259167507,0.6679083922076023,0.2740338305778023,0.0017874238972472752,0.04334928305818055
83,0.014801329265130218,0.6747042588563785,0.26949378508809135,0.0013866852330610055,0.039613941557338876
84,0.0009050479392555087,0.11567028900607326,0.8816839532905648,9.328592648042214e-05,0.001647423837625846
85,0.009170357203611383,0.47847259099334316,0.45240513996999526,0.0011892321565988716,0.05876267967645128
86,0.001368257612869171,0.057020269492692816,0.9378721678393243,0.00018456142111911318,0.0035547436339945352
87,0.01003684060528066,0.30557631135382907,0.6401404211342434,0.001189285386055808,0.043057141520590925
88,0.004013195771708712,0.15599893087087668,0.8319521148591683,0.00022159831451696045,0.007814160183729404
89,0.005197264198964736,0.24297242825734974,0.7404454064786303,0.0003915216725336862,0.010993379392521737
90,0.008158252699583835,0.35754048520829274,0.6094726195191806,0.0008433536913629065,0.02398528888157998
91,0.011472356373551588,0.5840171195719123,0.35796077883981836,0.0016813675949249524,0.04486837761979281
92,0.004149404344945258,0.2101764312756353,0.7759355858097446,0.0005125126827270158,0.009226065886947778
93,0.012383577542602943,0.6114795951861947,0.28657292930394823,0.0015761869576428234,0.08798771100961136
94,0.00809869696875969,0.48027258430874314,0.4741657571103066,0.0007127277436088145,0.03675023386858188
95,0.0027236474967872668,0.13815570542910344,0.8483143600692219,0.00033453626995581245,0.010471750734931803
96,0.005196156950371325,0.2357702662406989,0.7454429830028202,0.00048376906492299124,0.013106824741186641
97,0.0074591122424699065,0.3300890748997444,0.574184116797785,0.0012137562482932192,0.08705393981170763
98,0.002514735002287584,0.13636268803394774,0.8557322463864966,0.0003307784622608107,0.005059552115007333
99,0.0062657217110003525,0.3046823113467692,0.6551583760752523,0.0008119827156939603,0.033081608151284275
100,0.0012129620824507736,0.07700368516051044,0.9170024697624212,0.00015714521804541416,0.0046237377765722155
101,0.0032963508411602686,0.16393693388901387,0.8282985989192653,0.00027651994546549986,0.004191596405095093
102,0.004549291937403365,0.18833559985496065,0.7768438121783049,0.0005054210410327994,0.029765874988298472
103,0.0124400151377355,0.3799175200068871,0.5551925723046709,0.0009036785221254219,0.051546214028581054
104,0.0031980606753665725,0.1252133578117032,0.8646957507778593,0.0002616282276510669,0.0066312025074198346
105,0.005887336035743739,0.22803575047021477,0.7065684992483763,0.0005929097593340262,0.05891550448633125
106,0.002666547915239582,0.11273533644818622,0.866027760908471,0.000221464121742093,0.018348890606361145
107,0.004207708476210273,0.18370912209817686,0.748976852145446,0.0003557410609801912,0.06275057621918655
108,0.004038808708402671,0.20253649259735484,0.7204775562435816,0.0003560031355441272,0.07259113931511683
109,0.0037921055908424744,0.21519940589559763,0.7632385656296394,0.00039856689589470065,0.017371355988025854
110,0.006942219368504281,0.2283213038070212,0.6816532740164297,0.0006297609948288075,0.08245344181321587
111,0.004927851703610569,0.20080157129770632,0.7409093808055321,0.0005360464029753056,0.05282514979017564
112,0.0007123905077859259,0.03217006710264386,0.9650223704651272,5.146844244031409e-05,0.0020437034820024232
113,0.004575681593611651,0.17847621020722204,0.802785012731758,0.0004021997863665733,0.013760895681041977
114,0.002623289409039832,0.060051920258006784,0.9310877508069364,0.0003150561653088051,0.005921983360708076
115,0.009443489670438539,0.38919036485412223,0.5525078520202426,0.0013829705320887267,0.0474753229231078
116,0.006454979269293862,0.2649059605720953,0.6952521828144204,0.0007597155576630423,0.03262716178652737
117,0.0036074976076345454,0.1484503428574877,0.8365492225766011,0.00047193133907263974,0.010921005619203939
118,0.010771611773781335,0.404047652299065,0.5149962605889882,0.0013303020131817372,0.06885417332498367
119,0.003815204938078645,0.14410050933795296,0.8394103561788018,0.0004172752188715522,0.0122566543262952
120,0.0022008028075967386,0.06541941991053175,0.9249494956379682,0.00028914556733941165,0.007141136076563648
121,0.0016979869335034838,0.06195022322360191,0.9336880636774975,0.00011284314394051062,0.002550883021456641
122,0.0023866314522162655,0.0938225211225399,0.89947289860137,0.0001967030248434586,0.0041212457990301935
123,0.007083090526144807,0.28722447909108356,0.6722449121153039,0.000786276159653825,0.032661242107813855
124,0.005072919604530722,0.21601722614497998,0.7550596707839191,0.0005608043111340036,0.023289379155436243
125,0.00794743127496295,0.3056252097689371,0.6461853629267745,0.0006545961360333056,0.03958739989329198
126,0.0005623144079604344,0.02792777131018272,0.9701440300880423,5.662803577257344e-05,0.0013092561580418784
127,0.004943399237658569,0.2416419308621916,0.7301525125454572,0.0004731539155850334,0.022789003439107534
128,0.0027966209642398803,0.13071349037597674,0.858546259743792,0.0002760065623548687,0.007667622353636538
129,0.0009754970065860255,0.03592597953812074,0.9612859261317439,9.502495847155884e-05,0.00171757236507782
130,0.012864664281997836,0.45037648809268466,0.48384673431377184,0.0011925373054837557,0.05171957600606204
131,0.0033530122329269102,0.17406844442063352,0.8170442560092737,0.00035455452336232964,0.005179732813803748
132,0.0004679293961690204,0.022568576202275915,0.974472050502853,0.00016484050190295117,0.0023266033967990303
133,0.0037603630579489556,0.1975805972553964,0.7929275431334813,0.0004927671221884842,0.005238729430984986
134,0.005420507065247198,0.27795279618541313,0.7010364226002812,0.001151352594987391,0.014438921554071235
135,0.006877750707781454,0.2978216702922675,0.6848353030322217,0.0011901763994540155,0.009275099568275361
136,0.0005686529724301222,0.05398911209428642,0.943371161796699,0.00014439936958726148,0.0019266737669971774
137,0.009919222636147742,0.37814983809517405,0.5945982537901849,0.0018085575908779491,0.015524127887615417
138,0.0008866430817244583,0.0535815643314981,0.9430127420849536,0.00025881521279181327,0.002260235289031934
139,0.012173242144907372,0.4225040315784087,0.5308891468579433,0.0027114169309096314,0.03172216248783107
140,0.0010479325197752791,0.05243425940082869,0.9439676874448144,0.0002678406181629988,0.0022822800164186
141,0.0008491027009874814,0.066203810840649,0.9318441070812166,0.00013561232575152925,0.0009673670513955362
142,0.0004991386723389563,0.03557645218250576,0.9630248386639293,8.029816189197344e-05,0.0008192723193339428
143,0.0027793353970872263,0.12053665999388903,0.8736430407559505,0.0004318974598676744,0.002609066393205658
144,0.008278286578287804,0.47962280912381533,0.49141627015064004,0.0010580701056931902,0.019624564041563566
145,0.007087417230421789,0.2854488883059802,0.6939506565095319,0.0010755134632037258,0.012437524490862283
146,0.011613140903970027,0.44707079892815527,0.520678664271049,0.0015191616178138582,0.01911823427901183
147,0.00775150438499027,0.23715616969066902,0.745095340816201,0.0008151184213153729,0.00918186668682435
148,0.002964025881817981,0.06303310034858703,0.9314567294660697,0.000675238567107776,0.0018709057364175016
149,0.0018235753960406465,0.05577211538879394,0.9406193161159305,0.00027100463628405597,0.0015139884629507023
150,0.015266916459556535,0.2789453213883829,0.6909669454870188,0.002973733792671896,0.011847082872369822
151,0.009719521073312221,0.19991059280117982,0.7832692265722943,0.0013236868532122018,0.005776972700001386
152,0.0020635927795862367,0.07466663726336877,0.9198947919627767,0.0005410037418718388,0.0028339742523966894
153,0.054334106922396264,0.3548240498843244,0.5604130033857104,0.008702137414258381,0.021726702393310458
154,0.07432148025349306,0.49999826928614877,0.3634149243756288,0.031031955571695965,0.03123337051303343
155,0.23619078617128877,0.48253471397700926,0.0667914795356961,0.16685016195266753,0.04763285836333839
156,0.1472002747873746,0.6859374740661286,0.0597219969279422,0.08253505609820119,0.024605198120353246
157,0.3117431892073287,0.3046518933260901,0.03203892103828057,0.1948513052577566,0.15671469117054407
158,0.13227740929655857,0.11472716010233668,0.001152635672264021,0.42921357060588206,0.3226292243229587
159,0.1688286743384351,0.1177005877664892,0.0038763547865220955,0.6173630925112348,0.0922312905973188
160,0.115470517494301,0.03661973046054445,0.0004450466882461999,0.7547429566172913,0.09272174873961703
161,0.1608487773364872,0.0741096251350618,0.0002931488892861568,0.7308882054390738,0.03386024320009104
162,0.1741698577144563,0.06697055482066207,0.0005495782857967509,0.7229541965201413,0.03535581265894357
163,0.14027530722631207,0.20551157283731442,0.0013526502297556012,0.5713088965585055,0.08155157314811246
164,0.07174472060276041,0.06895552165065295,0.0003572974086626465,0.8430991808685724,0.015843279469351625
165,0.04609311575127164,0.04355170545507084,0.0002741584602995471,0.8995546440507932,0.010526376282564866
166,0.13881084914022168,0.18969946271853655,0.005288993437309655,0.6446260022635052,0.02157469244042697
167,0.0853023384630255,0.4413579244534197,0.04276073951195617,0.40505226651680315,0.025526731054795485
168,0.04442438301290134,0.4988846448935559,0.01696043773355098,0.4241279674449292,0.015602566915062541
169,0.0745437242156736,0.4676524421288216,0.009298159050692844,0.43144410630666863,0.01706156829814336
170,0.07735638946238929,0.44514642480880895,0.006090949295513993,0.4545419041419222,0.01686433229136551
171,0.03974562429851072,0.21470209372479224,0.0009864011623034064,0.7379457637406966,0.00662011707369704
172,0.12591512953921738,0.25381808196274563,0.008591380099839506,0.5818313021157792,0.029844106282418324
173,0.1466716440481583,0.39333781949827334,0.0007713822181056564,0.4274145655239445,0.03180458871151837
174,0.18825280553410764,0.5608131117243489,0.007233061739304114,0.2257334295619474,0.017967591440292044
175,0.12656246690720951,0.7600543330710137,0.004875181079192008,0.0918265002038011,0.016681518738783898
176,0.17748982773323668,0.6564136367437183,0.014288143771011327,0.14410216883336185,0.007706222918671835
177,0.09562187560219021,0.7522096652546657,0.07409532227508923,0.07054539353641862,0.007527743331636071
178,0.03950698408005473,0.8819738120926598,0.03963894330004457,0.023666959947462273,0.0152133005797788
179,0.021632037229750066,0.9036432211707405,0.037003381797761845,0.028742069464850424,0.008979290336897223
180,0.11598346130850913,0.6848335703089202,0.045156478161221154,0.09513427020973406,0.05889222001161564
181,0.06352217549334695,0.8175935617092441,0.0372949210707997,0.0725759509801226,0.009013390746486613
182,0.013469622592736456,0.8104989364187708,0.15438974018344256,0.016007525236827653,0.005634175568222479
183,0.1665357842928444,0.5981718899010657,0.04067273016160256,0.04897690614847847,0.14564268949600886
184,0.09649015986846499,0.8359404569728656,0.053721910399473716,0.006766796196219539,0.00708067656297601
185,0.04163098309304455,0.8524280450362012,0.08847348203667062,0.014201084720499439,0.003266405113584199
186,0.2142146434375486,0.6926531475352322,0.03293328689126656,0.012352464890605866,0.047846457245346904
187,0.05329351903567626,0.8024812695882263,0.10166707438041059,0.019127019376771595,0.023431117618915236
188,0.04786765032652542,0.9005277642742991,0.030075590598399964,0.010452388142253955,0.011076606658521771
189,0.038552284922776625,0.9121155743106922,0.02122277825080343,0.01187769510843074,0.016231667407296913
190,0.034008071071929706,0.9204415568722457,0.035227541370974724,0.006021939540229291,0.004300891144620453
191,0.04845434350599005,0.7963986693010525,0.10545219307539792,0.02074162141998516,0.028953172697574216
192,0.03244236034856088,0.919881725011755,0.040415191931268996,0.003410366190170335,0.003850356518244662
193,0.015762543921564207,0.8440360604738157,0.12861580053388708,0.0029771521040578195,0.008608442966675157
194,0.05004914274405397,0.8664617077586853,0.06535949881192205,0.006594688215969418,0.011534962469369277
195,0.009458182176493234,0.8331644891656399,0.14266393308834865,0.007893716525377452,0.006819679044140798
196,0.04064249788139375,0.8828028683559688,0.0361083770073702,0.01595744032557676,0.024488816429690557
197,0.04114252442615183,0.884237267352266,0.05768933266318144,0.0076646585675374905,0.009266216990863326
198,0.05702246448050494,0.8348784297283346,0.0767591131344963,0.02368461621932444,0.007655376437339753
199,0.0623811728387895,0.7866176341886637,0.08223523740080267,0.05575252008509176,0.013013435486652312
200,0.19466398309743468,0.393127353558815,0.10972489448167258,0.04155553830643636,0.2609282305556413
201,0.16827908375316888,0.7358865691649742,0.06485027846570866,0.016375277654994164,0.014608790961154116
202,0.18783385273901643,0.46447371182742414,0.012684828755801092,0.15676126393823883,0.1782463427395195
203,0.09742793409164169,0.8000423427802966,0.01625037933562085,0.0538765949533487,0.03240274883909204
204,0.07375309307478377,0.8581940656253663,0.057846819266497,0.0044012772007069574,0.005804744832645938
205,0.22202204773125775,0.722961091146027,0.028816215708667044,0.014681870112969333,0.01151877530107887
206,0.014582301866115551,0.8893207192973149,0.08396332691112403,0.006340739057969356,0.005792912867476205
207,0.0184549600901917,0.8284766479722017,0.13769111189981972,0.009293081430070042,0.006084198607717026
208,0.015910913171230823,0.9085109338245639,0.0640889959670496,0.007292196699786541,0.004196960337368994
209,0.11195746845294594,0.7140873909003808,0.06447938123533546,0.0414051115403277,0.06807064787101018
210,0.01475059968944659,0.8757661915587918,0.08419411236985958,0.011267074885460584,0.014022021496441273
211,0.06635727592711334,0.7523887514767452,0.06258849890154784,0.1102909788476941,0.008374494846899677
212,0.08722770928640357,0.1794155977030575,0.052653101937364576,0.19037571122558047,0.490327879847594
213,0.01591196309567457,0.05434024961929346,0.015319644975036165,0.011730157602940914,0.902697984707055
214,0.14013459935062306,0.5888832856839553,0.012408599033070055,0.10741859953403675,0.15115491639831488
215,0.19101300295329454,0.7511224507889298,0.020045845256316537,0.019894369238790004,0.01792433176266917
216,0.07592260353679742,0.8320849902148407,0.026541153020126152,0.042670537123070076,0.02278071610516559
217,0.04168672352918597,0.7438659088940154,0.04773600531131829,0.13981828693998305,0.026893075325497354
218,0.050302740483264954,0.8405335609263332,0.003551265123482343,0.07775453227822485,0.027857901188694526
219,0.12593100267068932,0.6886035558364273,0.02582231554825913,0.12217915666829095,0.03746396927633347
220,0.03279891572695661,0.859683796085943,0.06283826689678695,0.0343071729272505,0.010371848363062987
221,0.053223452136503646,0.8971226110322885,0.03228199297233357,0.013435125761792649,0.003936818097081728
222,0.04051659467110386,0.871824557938223,0.0643138585457794,0.018050930377231152,0.0052940584676625276
223,0.018547641117273736,0.836831218364363,0.09030958778313665,0.04215685696268037,0.012154695772546126
224,0.052528685797099975,0.8732521890201117,0.040851982017744086,0.02752532148339224,0.00584182168165176
225,0.045019156215357146,0.8633608408584579,0.04431345475667412,0.02524681979971473,0.022059728369796087
226,0.047055712078019896,0.7977705520363193,0.12568288528817326,0.02357071198023066,0.005920138617256856
227,0.015645462330045528,0.8062562216343655,0.15015397164900382,0.01777656072386839,0.010167783662716859
228,0.01306012615326192,0.7588456803776463,0.20075034447264894,0.0177132589167847,0.009630590079658198
229,0.037296104281872654,0.8962573930683808,0.05392474346540697,0.007275602469201119,0.00524615671513838
230,0.05891720699090843,0.8095081808156244,0.11947141799905993,0.005518001200879278,0.006585192993527974
231,0.010770582122238604,0.8849337659359847,0.08391796859386123,0.010147973634548503,0.01022970971336685
232,0.0173826447646077,0.8273097651732332,0.12742359044173326,0.007625452587962872,0.020258547032463062
233,0.004516381076024401,0.7245816455660328,0.26509109159389616,0.0026192855676834556,0.00319159619636307
234,0.01684606718874818,0.8395483904799298,0.12666101698928012,0.005374663065706826,0.011569862276335217
235,0.012347971328008543,0.914611560658683,0.0631626935239614,0.004374182278573818,0.005503592210773411
236,0.02718064084613735,0.845880567797649,0.08006256936526884,0.028225434041319646,0.018650787949625217
237,0.024553365335040055,0.8863083963196892,0.07649767892797385,0.011214086429963448,0.0014264729873333156
238,0.028221840297745278,0.8026628497740099,0.15116357443967685,0.0143685762088912,0.003583159279676902
239,0.02623065116103484,0.7812245535295217,0.14879728391037947,0.036782317342958636,0.0069651940561053175
240,0.036498723662341144,0.8082977693922216,0.07423513172792885,0.07792804435670096,0.0030403308608072882
241,0.040021579340820214,0.7342079131986812,0.09630761156776857,0.12094019316146822,0.008522702731261898
242,0.06356007134129478,0.6211289066791178,0.08206483433961453,0.22598144034994683,0.007264747290025969
243,0.006772265220336446,0.6677375222970178,0.22545882607006298,0.0912290217278315,0.0088023646847513
244,0.037503069537408555,0.5731512679062205,0.0577388429722051,0.27868558608798183,0.052921233496183814
245,0.030456535367972676,0.5678795019516075,0.04958474662815751,0.23423577859724704,0.11784343745501524
246,0.01664218402045176,0.05003627646627573,0.0024301698851043304,0.013284320995997826,0.9176070486321704
247,0.07562195066937057,0.06094382718487566,0.0003262679507370469,0.04401293369824854,0.8190950204967681
248,0.1984312586091499,0.05911113736852154,0.0002851990602188039,0.030681879966262968,0.7114905249958468
249,0.16273395364576826,0.022953794272627594,0.0001402457391957624,0.185440798806519,0.6287312075358894
250,0.31125777854497827,0.028063524603815927,0.00011548459747628342,0.4741086305897425,0.186454581663987
251,0.4046905954030104,0.04009303586787041,8.525932925653334e-05,0.4538643806484933,0.10126672875136927
252,0.36563233295041003,0.0829250494550017,0.0005389105059687179,0.26990560729876145,0.2809980997898582
253,0.4814605719652819,0.10090142371419254,0.00013063158136455034,0.3770160232701877,0.040491349468973245
254,0.1851617178498732,0.5721674096341278,0.02453577025084122,0.13122256459158566,0.08691253767357199
255,0.0554943260309112,0.7460410080269444,0.06404580352660266,0.07545489503401605,0.05896396738152565
256,0.03750506030427173,0.09168251028112673,0.0043967882389435884,0.0685701894266605,0.7978454517489976
257,0.14902996750085978,0.3242399560261068,0.0005224916919418604,0.3059865319267179,0.22022105285437374
258,0.28535782562479484,0.46652556405692086,0.0010845636362298186,0.21968085797732148,0.027351188704732948
259,0.38416112866214186,0.5260971681097572,0.0031820069439582647,0.027380278606941387,0.059179417677201425
260,0.07059488268665114,0.8410698555140026,0.05255107003107684,0.008077825730377042,0.027706366037892213
261,0.21454686632233333,0.5793119122745335,0.016372618508468287,0.05092617373806002,0.13884242915660497
262,0.13350192708742475,0.7573931844957315,0.0835556861165026,0.010861013412135615,0.014688188888205613
263,0.07196469584341975,0.8403993997286274,0.04569250958941066,0.02095089875871166,0.020992496079830676
264,0.020959628991712623,0.9125479968641128,0.029256837267462723,0.010062127778859535,0.027173409097852465
265,0.13269929188613444,0.7762017453635806,0.008400797534203574,0.03005701599738394,0.05264114921869749
266,0.016367590570828757,0.9198366060246185,0.05060584816542481,0.003114842345525175,0.010075112893602729
267,0.21888663975168207,0.7012311399680967,0.01952940435553694,0.013255386164458458,0.0470974297602259
268,0.01563215201534417,0.9306970446665511,0.03681858151744192,0.006989672011157151,0.009862549789505438
269,0.019077938161479596,0.8710746687152802,0.06093165447453199,0.011284838066298571,0.03763090058240972
270,0.024476596775950526,0.9208893779372492,0.02833032425050903,0.010873223124587552,0.015430477911703508
271,0.07908296789895662,0.84486353639444,0.019550751680617106,0.024404824994801788,0.03209791903118461
272,0.024411649921259156,0.933525293328102,0.0192106025263039,0.0116704936533323,0.011181960571002614
273,0.08458037267021279,0.4418716442272058,0.05439508452654164,0.01679030239717789,0.4023625961788619
274,0.25800627598420844,0.6097417951555623,0.005010990323039001,0.0461867038904547,0.0810542346467357
275,0.07129424642770318,0.8282930377895821,0.0881351777065164,0.00769468242973368,0.004582855646464541
276,0.14684806238869133,0.7565983263374284,0.013386637725237089,0.04078712530816076,0.042379848240482354
277,0.04192779784535192,0.8865651146808584,0.046470216999536094,0.017483996246625277,0.007552874227628216
278,0.037366066950683716,0.8999568854229235,0.016760365786158516,0.026616254586880005,0.019300427253354468
279,0.15883318811791702,0.6814747591447541,0.01050376440154894,0.056305365710059396,0.09288292262572063
280,0.010308851241617872,0.9220547143170146,0.052317607660378504,0.010479123420162505,0.004839703360826897
281,0.1460533286858707,0.7190767726196327,0.023935454710116617,0.047951498368182605,0.06298294561619751
282,0.019434983940402856,0.8874420613563493,0.0697809522928308,0.016957632937146968,0.0063843694732700984
283,0.026814924066403612,0.9114510980998792,0.007998996661994563,0.03257992676421291,0.021155054407509876
284,0.02808367313536999,0.9059777737169548,0.02959376934028768,0.02286190194725045,0.01348288186013721
285,0.04303889743641753,0.8237513230265455,0.06897069553263031,0.024616336187656723,0.03962274781674984
286,0.15191897708245763,0.5366375018941352,0.011543360852500479,0.15852578173345203,0.14137437843745465
287,0.021422201333532634,0.9288289311745519,0.03069038573641484,0.012691373537449266,0.006367108218051487
288,0.012613169944880894,0.9283854527096221,0.0452322568533922,0.007025062285825329,0.00674405820627958
289,0.08144702596425012,0.8637658746375354,0.041179131977404436,0.010028732562167852,0.0035792348586421428
290,0.11986243773513622,0.7734234467190906,0.020272555261027222,0.05036866187978582,0.036072898404960294
291,0.2684863088513353,0.6303722315622239,0.004260614477930325,0.06729201821877778,0.02958882688973259
292,0.08482616047874034,0.7922501094652475,0.08654795166011571,0.008912599385230858,0.027463179010665705
293,0.03431878634964583,0.8716586534006936,0.08232007042109829,0.0022622240181675835,0.009440265810394508
294,0.044246266775362614,0.8686021365028296,0.06542701266126187,0.007999439061956177,0.013725144998589654
295,0.035859723040954604,0.8473424143783743,0.09948980218250816,0.009905254210949439,0.0074028061872134735
296,0.07091825547042616,0.8491578128389871,0.060446486784953485,0.011830159233283191,0.007647285672350079
297,0.02343824582646365,0.7870190734667158,0.17379606669521688,0.008231907753488511,0.00751470625811511
298,0.02579108054484227,0.773777615438754,0.18876272271037076,0.006658521720211079,0.0050100595858219
299,0.020686239589431568,0.8651096122182027,0.10164971115309218,0.005531269128448241,0.0070231679108251335
300,0.007331232505913225,0.6255573418745973,0.3466671994228271,0.005252704371436499,0.015191521825225813
301,0.03723520509760575,0.7803169239293328,0.14769627843486496,0.006012877085474466,0.028738715452721973
302,0.007563778910576212,0.6982453142903412,0.2826257058627829,0.00363764674633684,0.007927554189962957
303,0.013854441820056258,0.7495992649059023,0.23247355602892633,0.001936538362154644,0.0021361988829605226
304,0.09807022048919065,0.7219487899140615,0.16060952930937697,0.007375533279558637,0.011995927007812202
305,0.007149384987647817,0.6593804071889021,0.3234862791027139,0.005138357396253274,0.004845571324482859
306,0.08873317481074453,0.6139289471527042,0.18536425401167825,0.02966041880269306,0.08231320522217993
307,0.005474736107707386,0.5331382497155193,0.45434998605180144,0.004487085514035113,0.002549942610936857
308,0.0136688773616954,0.7002152312085043,0.2648171648695204,0.011305291997231286,0.00999343456304857
309,0.0032906642537184217,0.4924586692300326,0.49820166664403887,0.003813492125708544,0.0022355077465014885
310,0.04278629337166219,0.7630322757604212,0.07906645271781942,0.04959546467290178,0.06551951347719555
311,0.013860892052937638,0.6905026650174384,0.2749946690775486,0.01259923145457127,0.008042542397504135
312,0.03301304369836081,0.8034413517544995,0.06426918133573858,0.04321927474940416,0.056057148461996886
313,0.29485767895410603,0.11840981967768323,0.004612137662401391,0.03930080765446828,0.542819556051341
314,0.047070730291675286,0.7927119177101208,0.12052104047524603,0.01645836256381295,0.023237948959144814
315,0.1679622259287951,0.6525561214698242,0.05916702802551828,0.02696279756307721,0.09335182701278505
316,0.21202391325786032,0.36541534976101286,0.057515027729453744,0.07810212436771989,0.28694358488395305
317,0.008126771251017482,0.7487120999180416,0.22037580388370767,0.007333699099219126,0.015451625848014221
318,0.15966758990763108,0.5353979910200034,0.1103998345354665,0.060382035955139815,0.13415254858175923
319,0.025728882078535457,0.6740492587748721,0.2667368200277208,0.014963009205088031,0.018522029913783516
320,0.0594586696738958,0.3457014749258882,0.2754057700227459,0.04854926627431583,0.27088481910315426
321,0.053998995212126054,0.03707134929824269,0.0017517753448592218,0.025511369610870468,0.8816665105339015
322,0.02622651130509809,0.03860294428521218,0.00855656835595657,0.011174417664333898,0.9154395583893992
323,0.2164677420163413,0.04458703152867676,0.0010027804961712033,0.01412231536797282,0.7238201305908379
324,0.6236731625841283,0.08046537826567508,0.00018594620423854165,0.02011246695209052,0.2755630459938675
325,0.12281878134256154,0.7336281480793838,0.04811674184783596,0.014185277211330772,0.08125105151888808
326,0.044309281436874244,0.8083256954119927,0.052360652735311236,0.014969744367163012,0.08003462604865894
327,0.22403192693497345,0.3248648800614021,0.005566144517389313,0.16922121907619705,0.2763158294100381
328,0.08055524558344958,0.8644938998518613,0.014232569635860927,0.020259952078944685,0.020458332849883284
329,0.0758156410987549,0.8443750823418827,0.010585459195753799,0.025177589448057387,0.04404622791555116
330,0.0779907082717909,0.8113311673775038,0.02899246403772553,0.014607250058249505,0.06707841025473023
331,0.2992813446441254,0.6088820275867007,0.003193846988246944,0.06068324583112032,0.02795953494980669
332,0.02568866676419166,0.9135335822429658,0.046359889057698264,0.005910863249641603,0.008506998685502712
333,0.09185524495861659,0.8687476745568227,0.01903720856561068,0.004378037209841184,0.015981834709108984
334,0.030014812720063844,0.8807199619801718,0.05845106905028402,0.003963288581719343,0.026850867667761135
335,0.02590892488438088,0.9314693052694946,0.027852182199175915,0.0073264092424750946,0.007443178404473522
336,0.008593364039093745,0.9342663021155978,0.04569287490429526,0.004582242177778524,0.006865216763234811
337,0.1216270009234465,0.8343790095120919,0.005682105771670464,0.01700399989389418,0.021307883898896915
338,0.05095650876793491,0.9334345398510643,0.004821244044073561,0.006985965544122233,0.003801741792804847
339,0.013761109983857876,0.8747238501468868,0.10064378554513818,0.005834879330537215,0.005036374993579931
340,0.05180733643567377,0.9218077605857906,0.00848900680289316,0.00887842549730945,0.009017470678332884
341,0.017445805646415395,0.9372994831861433,0.0338735218659518,0.007053069229053612,0.004328120072435923
342,0.007295841408564217,0.8790721977869835,0.10941183116483191,0.0026658367236576043,0.0015542929159625875
343,0.01083662580508001,0.8900535081251162,0.0915007152574632,0.003086595011828543,0.004522555800512208
344,0.07240369206375667,0.8784231364637836,0.010003192399331513,0.014620758058217515,0.02454922101491062
345,0.008993470745586101,0.9464239091449322,0.03775966409730279,0.0026250440185715293,0.004197911993607309
346,0.014202150655970107,0.9266361382012427,0.04063658444426473,0.007715464528770359,0.010809662169752078
347,0.09512317861668454,0.7752764129936552,0.020007458889636655,0.014463370919733737,0.09512957858028978
348,0.011466585327635278,0.9288692649335332,0.05219691972310221,0.003929313910482312,0.003537916105247095
349,0.02948974955022725,0.8943035712761551,0.050578116127281934,0.009643319589847009,0.015985243456488742
350,0.018585470836977442,0.8413249407623714,0.12834929241527296,0.005973693523985842,0.005766602461392648
351,0.03944199274447414,0.8652830921514727,0.04882925270488132,0.02139749994418044,0.025048162454991436
352,0.04635318828260325,0.9038838862587134,0.029028571503378158,0.010072861593393947,0.010661492361911313
353,0.012161071168262802,0.942285744638339,0.039135631154960576,0.00420832293576075,0.0022092301026767655
354,0.00823719808113899,0.9395927776930129,0.04457031063335891,0.004485682195269461,0.0031140313972198653
355,0.07997859785645697,0.8444272006163724,0.05520127185891243,0.011757846381464574,0.00863508328679349
356,0.006526503384059797,0.7781956431137537,0.2063182164831909,0.0022792842416195073,0.006680352777376199
357,0.011445505054629003,0.8551200930493688,0.11926168715468066,0.005521559398007418,0.008651155343314211
358,0.0287691414318599,0.9116938855504226,0.04503310607088892,0.007266767200750661,0.007237099746077836
359,0.07003096011409268,0.8444160600913897,0.05430326463663206,0.0169222304903736,0.014327484667512057
360,0.024654126552191985,0.8025680699205634,0.1632947966868341,0.006349174386557647,0.0031338324538529054
361,0.03120429379539932,0.8798508334266902,0.05706714304151181,0.008081215097820196,0.02379651463857837
362,0.005803227277638806,0.8642137148225268,0.12376552707909282,0.0036871831442105065,0.0025303476765311146
363,0.00871281558326783,0.7758337193267144,0.1996162872847705,0.00719677469302405,0.008640403112223085
364,0.03188750300236969,0.8781527318217625,0.06312918972745044,0.015896628492445556,0.01093394695597212
365,0.1055505117113837,0.8506301585126357,0.004542308182019961,0.03262950494315699,0.006647516650803487
366,0.007080362291340018,0.7459210438388103,0.24286372250063154,0.0024404351141709022,0.001694436255047189
367,0.12414941802296711,0.827892882769475,0.012094194306283947,0.0075026678766495995,0.028360837024624164
368,0.02639554273790262,0.9195939209838161,0.04949773803785144,0.001953561179329134,0.002559237061100663
369,0.002825378286206721,0.9383281182515271,0.055688017481154144,0.0011504860823716306,0.002007999898740477
370,0.030308214091863933,0.9240523583374616,0.011798597214816561,0.006728275928859266,0.027112554426998475
371,0.016393922585961063,0.9386021993341623,0.038079836043754645,0.00302082479199414,0.0039032172441278686
372,0.005920911193098471,0.8433934071142949,0.14506898297529688,0.0025014902790058773,0.003115208438303748
373,0.0082244523350891,0.9816994349479362,0.005405310565394523,0.003180183157717082,0.0014906189938630663
374,0.00430779676422251,0.976784177114575,0.011125430019035558,0.005107981366344504,0.0026746147358222483
375,0.07740507123614494,0.7946822125030794,0.05082984108202728,0.017318180688681455,0.05976469449006686
376,0.024348894198978795,0.9431669915449638,0.016476784416781184,0.012995923506867329,0.003011406332408852
377,0.011676446860562488,0.832589471494555,0.1397402270832019,0.013464911937960258,0.0025289426237203034
378,0.23681445649951954,0.5906431017491702,0.0039051867811430285,0.09316491347666708,0.0754723414935
379,0.017640575193762557,0.9573767699911553,0.012036791277703874,0.010372269637790595,0.0025735938995878915
