epoch,N1,N2,N3,R,W
0,0.03163698968585293,0.0009756969425173132,1.9562443730139614e-05,0.000916505098737838,0.9664512458291616
1,0.02944943452518211,0.0005499298831565848,8.312625874635717e-06,0.001040128200384126,0.9689521947654025
2,0.014412534790515543,0.00039230052085421566,6.239278823133139e-06,0.0007802260297752341,0.9844086993800318
3,0.01155537968594208,0.00021765815080704545,2.072136749190445e-06,0.00034072407721209364,0.9878841659492896
4,0.006583617996283182,0.00017690118635421386,1.8644443021434335e-06,0.00014567492954158096,0.9930919414435189
5,0.028545014356702127,0.00040509383696942766,4.187607720243916e-06,0.00024414928042304745,0.9708015549181851
6,0.02868028975185878,0.0003291028186910764,2.1409618094312086e-06,0.0005221115366715409,0.9704663549309692
7,0.02848098027993768,0.0004830887315140106,4.553163851111517e-06,0.0003495883250747765,0.9706817894996225
8,0.06251991460435762,0.0007663386367639,9.17572824520484e-06,0.0007425812472388331,0.9359619897833945
9,0.05426964584705922,0.0025232319227050694,1.2336436283120384e-05,0.0003982941515095375,0.9427964916424432
10,0.009947046099662784,0.0009601528308050702,9.548286614507695e-06,0.0005211578591885514,0.988562094923729
11,0.006254168575782274,0.0005280436291617116,1.1327157105480379e-05,0.00021402410556651462,0.992992436532384
12,0.0057242671268607345,0.0006267512637419782,9.389550010167989e-06,0.00021217111226718384,0.9934274209471199
13,0.02773402655912354,0.0008999979801284824,2.2189819800841467e-05,0.00030621250965564645,0.9710375731312915
14,0.013088320727528246,0.0008122097632049829,1.9082071342270397e-05,0.0002843815762598528,0.9857960058616647
15,0.024437401516101003,0.001164715879377563,2.8991177035003848e-05,0.0005089408837608171,0.9738599505437256
16,0.0519587890510729,0.0017018953502237106,4.900361508451793e-05,0.00045632984829698344,0.9458339821353219
17,0.014782076668909011,0.0010352464411890064,1.5953115243211507e-05,0.0001558480208297201,0.984010875753829
18,0.03068212736408651,0.005807675522543509,2.593986518297437e-05,0.00019605763536104505,0.963288199612826
19,0.02948402347792034,0.002599101969059107,2.6079350048762992e-05,0.000394475978098342,0.9674963192248733
20,0.015596984978843258,0.002212440148444525,2.437270419820314e-05,0.00011490152890043442,0.9820513006396137
21,0.017228572606905256,0.002233916238244996,3.40720635111312e-05,0.00015479385789437213,0.9803486452334441
22,0.049964117029881926,0.0065132991150378535,0.00012044963308578311,0.00019214687645888046,0.9432099873455355
23,0.0399384489439989,0.006735397855823568,9.613342677147593e-05,0.00024326781494379384,0.9529867519584623
24,0.07470151060431111,0.013863310386954578,0.0002195978547603823,0.0009293129234331698,0.9102862682305408
25,0.0391321840937925,0.014508590261027507,0.00010490190084090776,0.0005263908921106651,0.9457279328522284
26,0.07824422899407016,0.012054335576608038,9.048799005151321e-05,0.0005062558661071229,0.9091046915731632
27,0.15320932121417657,0.10749880182876582,0.0002621164140003016,0.002263996175181685,0.7367657643678756
28,0.22906722416789432,0.10532819318952905,0.00023957222296962994,0.0025170344323985684,0.6628479759872083
29,0.17260504875377,0.016430348486673643,0.00015060088264127826,0.00179347081128406,0.8090205310656311
30,0.09939011529120344,0.021770017616916684,0.00018937321011252282,0.004951057670511107,0.8736994362112563
31,0.27361081823568445,0.0778863377386416,0.0006253394221727792,0.00703101724900911,0.6408464873544921
32,0.31836220990524317,0.1825246724606027,0.0013237503681057612,0.016498822536978323,0.4812905447290703
33,0.3162852339791141,0.17115660368353675,0.0008070219286267919,0.003471700803125006,0.5082794396055973
34,0.36622687446185787,0.40204268292134265,0.0014287522686956366,0.001638577175662277,0.22866311317244134
35,0.29033591655172036,0.30082004238698473,0.0029225391075830194,0.0013858793765818538,0.40453562257713005
36,0.19183601365840156,0.7618348250634732,0.008126010363295558,0.0018585549114741424,0.0363445960033556
37,0.10385096056017969,0.8417028767971705,0.015137958672776423,0.0024593252829808116,0.036848878686892544
38,0.029140037740778384,0.913075955673236,0.030623466753956396,0.0021502456733086617,0.02501029415872052
39,0.030258206249915938,0.8675366644640267,0.04536547237270903,0.003481717508317498,0.053357939405030856
40,0.030467567137306657,0.02037017603612226,0.00036996647433835636,0.0005796115185901435,0.9482126788336426
41,0.24742999265611157,0.09206967568411481,0.0008835368441104072,0.0019824149901237677,0.6576343798255394
42,0.41332965225942536,0.10339428119522176,0.0015129525147452652,0.0005809455923093505,0.48118216843829825
43,0.6065984137660134,0.3235545358872024,0.0017935389444221138,0.0005549878410476614,0.06749852356131435
44,0.43765234705894585,0.4860501136028359,0.00317733238980885,0.0018528810237683597,0.07126732592464095
45,0.5184811327668215,0.4353009464394616,0.00273644866215737,0.0035406025770933105,0.03994086955446616
46,0.12410540124164256,0.8346931310681007,0.02117432820642844,0.0013969427279597892,0.01863019675586828
47,0.09558328023176874,0.8825759803536589,0.008491424707802753,0.004654759365006549,0.008694555341763069
48,0.08207839779253442,0.8927809195221604,0.009031888217349054,0.007672027843247773,0.008436766624708358
49,0.16606407271151616,0.7819897972887944,0.006973274525560646,0.020307009295530164,0.0246658461785986
50,0.05867758326750579,0.9114378585811577,0.009979997457999353,0.007360394130574428,0.012544166562762651
51,0.07216725696283909,0.8913106698626688,0.011939751844616929,0.01682349030770434,0.007758831022170729
52,0.026350188369916882,0.9186257463199832,0.04011352897652875,0.005409685403082247,0.009500850930488854
53,0.12245980871078156,0.1651975012133037,0.0008881136180648907,0.0039968365133806185,0.7074577399444694
54,0.6821936986308691,0.1734322461640687,0.0008245020526567943,0.010712674470995075,0.13283687868141053
55,0.6677357039660887,0.2982150795767182,0.0006704976824628943,0.006624722171885731,0.026753996602844467
56,0.6829243520449685,0.2791205694535107,0.0006006517584998616,0.0007524657357233007,0.036601961007297686
57,0.6257528215335727,0.3203349176010175,0.0011811118094497634,0.0030946856159453787,0.04963646344001475
58,0.541886958521196,0.40685434118118535,0.0014396055362725629,0.0039951991072382535,0.045823895654107806
59,0.17535198122965642,0.7965632942245737,0.010660830451390473,0.0013741822298838362,0.01604971186449533
60,0.08884768321504126,0.8850028922005245,0.017202300345916986,0.0005841661541673263,0.008362958084350032
61,0.02649186772818505,0.8351140680179671,0.12867264395249833,0.0002742245188857881,0.009447195782463683
62,0.019274085037860992,0.9037353323877763,0.07213749998187612,0.00024578492530946406,0.004607297667176953
63,0.02247166247090948,0.8577733866575593,0.1112799694099994,0.0006477575385924284,0.007827223922939448
64,0.037717298247833035,0.855009653234141,0.0986867627752562,0.0008581948983340466,0.007728090844435774
65,0.018012871100387646,0.8789048671824073,0.09884411435978706,0.0003836438105952115,0.0038545035468229125
66,0.020699827802424516,0.8755992275463444,0.09718002784739622,0.000907839084813303,0.005613077719021728
67,0.009438471910913378,0.6605273140000684,0.325430120337042,0.00030598797429135806,0.00429810577768479
68,0.01277974229992763,0.7463149132098122,0.2332544318881715,0.0006789081789162919,0.006972004423172454
69,0.026675489204834976,0.7843470230421111,0.18122108686363878,0.0017059896418652814,0.006050411247549944
70,0.011992805445195065,0.6070050488318611,0.3739885976012158,0.0009681380046499221,0.006045410117078141
71,0.1228613897320279,0.7888975312370677,0.0646280817839736,0.00753437545801153,0.016078621788919348
72,0.13188102850628255,0.8219312245593818,0.028402934528975764,0.0075461329719259725,0.01023867943343394
73,0.02556122864121528,0.8634426041017836,0.10315388360814567,0.0015156489187091763,0.006326634730146405
74,0.019948615122421326,0.9158666518238545,0.05886196302276996,0.0008963804265142224,0.0044263896044398265
75,0.020134388764389666,0.9032472411470895,0.06979296993252566,0.0014050414784286336,0.005420358677566524
76,0.035949354903811334,0.8909266705033593,0.05551860704116889,0.005181737301515998,0.012423630250144492
77,0.17417949817256972,0.7588369280929472,0.019776778716587146,0.004783833801317882,0.04242296121657802
78,0.07532578857438832,0.8989445639261122,0.01774729075462843,0.0010452904388471124,0.006937066306023905
79,0.05202390427070595,0.9283069486619767,0.014969393599155443,0.000968486606438837,0.0037312668617230367
80,0.056353916824623033,0.9138556152563307,0.02409969774027625,0.0005396475310174056,0.0051511226477524074
81,0.0821753008645455,0.8929532035777866,0.015468783501246476,0.0019577878529060326,0.007444924203515216
82,0.033060288516039656,0.9092818078036876,0.036417622638864035,0.0006725921672551496,0.020567688874153858
83,0.015313088145398173,0.916018511690503,0.0641294764878871,0.0008056658957588681,0.003733257780452714
84,0.02023236940321942,0.8922640001703628,0.08303046806573085,0.0006159913755556764,0.003857170985131075
85,0.0578945188362482,0.8872021620723116,0.043818465278896546,0.00135588050529431,0.009728973307249275
86,0.051583685366340726,0.8950105834777862,0.04556720406899947,0.0013783324958113452,0.006460194591062226
87,0.01715153689147857,0.8874138970328806,0.09093540509315576,0.00042217054241555434,0.004076990440069438
88,0.023741661982903266,0.890230683073579,0.08161726102195696,0.00039619500643292826,0.004014198915127976
89,0.021555714842035407,0.8803940861615843,0.09243428573439694,0.000576130484582745,0.005039782777400782
90,0.015239260743183387,0.9023498526288832,0.07776486319920531,0.0012759327447450749,0.0033700906839829966
91,0.013519048315646242,0.9223425339529865,0.059021094409093956,0.0007537437959077822,0.004363579526365462
92,0.0682129787106133,0.8772472429857696,0.03594935109691865,0.009922881788480675,0.008667545418217718
93,0.04393070980320732,0.9043225047570692,0.040366497772718626,0.0019129845389068045,0.00946730312809816
94,0.03191724497653713,0.8738057173171163,0.0864168636921577,0.0030077606130103204,0.00485241340117829
95,0.030551420889092365,0.8645050589544104,0.09621783637846354,0.0021151685099334177,0.006610515268100097
96,0.03556888568731285,0.8759665769445879,0.07568893726306257,0.005474731231044346,0.007300868873992304
97,0.18510285916426236,0.6955362038156275,0.025356476021447073,0.023009840588758827,0.07099462040990422
98,0.0732218225248886,0.8833550791093359,0.03681755917230385,0.0013595309047516933,0.005246008288719758
99,0.062308222559817425,0.8784539655018273,0.04934271343106843,0.0010732774086267094,0.008821821098660068
100,0.01361096046761225,0.9130495811127023,0.07073443304643924,0.00036058886334215657,0.002244436509903965
101,0.012804983163878642,0.7735069153809084,0.20928096700591334,0.0008474895232573888,0.0035596449260422865
102,0.042569393619769955,0.8618558616649701,0.08540686223987212,0.0028814139380313954,0.0072864685373565455
103,0.012221272398142748,0.8642631265174978,0.11750096461047208,0.0013807463304736916,0.004633890143413739
104,0.036438547578472265,0.7836802234377553,0.17059370363458085,0.0014032468670247076,0.007884278482166806
105,0.01978291724918373,0.8314469614319964,0.14087200777757952,0.0003356789004647496,0.007562434640775559
106,0.14507932282063685,0.7951954092040947,0.0457264106206235,0.0019213847408003813,0.01207747261384468
107,0.005318892252903342,0.8184941917119479,0.17246097769286917,0.00011954750015020425,0.003606390842129258
108,0.009396550238897475,0.6513172398211116,0.3312806999628736,0.0001966799356290774,0.00780883004148826
109,0.015426292829132873,0.8479212548182468,0.12719228895636678,0.0004087437417485416,0.009051419654504992
110,0.013195310728593973,0.7409245448902056,0.24010599411657085,0.0004747033764993291,0.005299446888130083
111,0.023404786820065727,0.8118347980791042,0.15889490461719766,0.00038143903674919366,0.005484071446883216
112,0.10908380072609018,0.7253529701674253,0.1479798455799981,0.002298116452067839,0.0152852670744186
113,0.014733272878065865,0.6942621755893458,0.28423149524517693,0.000730986780155141,0.006042069507256348
114,0.09384166415652379,0.7485047105960212,0.13494341764760323,0.007988723393290074,0.014721484206561839
115,0.032243363714913764,0.8395897456743376,0.1105460323915388,0.005948965845363036,0.011671892373846582
116,0.11190281142931328,0.7403908177683713,0.06406308805823441,0.06562884687739201,0.018014435866688928
117,0.1687746295152223,0.5830137717456743,0.027729926461668206,0.19068246159548,0.029799210681955287
118,0.2670407685623728,0.44750738395373313,0.0054982357062000895,0.14646209085353845,0.13349152092415553
119,0.38269236299912235,0.29455696600954934,0.0012936778402749154,0.2029058393841042,0.11855115376694914
120,0.4396464929243635,0.11621815497040609,0.0003645851860881716,0.3277946503237436,0.11597611659539864
121,0.29825974372236663,0.08073965367472025,0.0003933052992943679,0.35882900022021363,0.2617782970834051
122,0.38936169299896306,0.06987253755494112,0.0006989670158353325,0.36991900248565385,0.17014779994460655
123,0.5351645880098441,0.0432861000684422,0.00028730491425736214,0.25295807540232723,0.16830393160512905
124,0.1674976244520811,0.09397084424314624,0.0007946635500384513,0.16940470833503354,0.5683321594197007
125,0.4365972181600428,0.05243266001962681,0.0002581832311241949,0.42730494363860666,0.08340699495059954
126,0.36139338795001125,0.06085616502540033,0.00032545125628175134,0.3571859390035591,0.22023905676474742
127,0.30363179740492297,0.04896393116469723,9.337444026911209e-05,0.30068728210813755,0.34662361488197296
128,0.3389372548405856,0.04876571723457307,0.00044189774054729017,0.3463965390123858,0.265458591171908
129,0.4068758570694232,0.04966028990490097,0.00026584316120076686,0.241924908856413,0.30127310100806204
130,0.19425055835236255,0.12267198363460144,0.00025586774977145473,0.35541995930613374,0.3274016309571309
131,0.04882336961664148,0.03819610556166237,0.00022273605615817437,0.1961061073347875,0.7166516814307505
132,0.14969772942613502,0.0464139868218821,0.0001437683817511268,0.6578453962169872,0.1458991191532444
133,0.04408831809556133,0.03732293327520202,0.00025478112816151703,0.14187839033480346,0.7764555771662718
134,0.27212589642522234,0.0371067632864122,0.00018710991439747376,0.1942375550482922,0.49634267532567594
135,0.30473064656020254,0.0669753712389305,0.0004512441867951744,0.4771185058772006,0.15072423213687133
136,0.3255429879673703,0.05195732826750612,0.00018199133936124313,0.2950987195730358,0.32721897285272644
137,0.23371946788847187,0.04028307971240796,0.0001279837403679008,0.3148801896805291,0.4109892789782233
138,0.05033666038463754,0.025295474223680912,0.0001409268227673026,0.0588318313015221,0.8653951072673922
139,0.3848903958552906,0.012824715897928433,6.011590296628827e-05,0.04211721712435705,0.5601075552194577
140,0.6382182834952925,0.011505648637245068,3.415436853625968e-05,0.022402509373615282,0.3278394041253109
141,0.7490431693571473,0.027097977139652098,6.098112510411938e-05,0.04231127485251365,0.1814865975255826
142,0.6088010414445394,0.0683557566258667,8.832350224792003e-05,0.2018706164530244,0.12088426197432155
143,0.1124544671045868,0.04985792209110971,0.0001249297792114495,0.2917802509210733,0.5457824301040187
144,0.2621226410447361,0.06771759608528112,0.00038758639860392774,0.4774593172364002,0.19231285923497868
145,0.2380014113774554,0.08363486175996492,0.0005616772584731922,0.47451861914095544,0.20328343046315092
146,0.256381065722898,0.02629349899789726,0.00024910867382275297,0.3957917859134349,0.3212845406919471
147,0.2589513018341035,0.045314996948044584,0.0001907708188448712,0.44585060833166495,0.24969232206734204
148,0.3190742736207655,0.047058522147700406,0.0005084011717687154,0.3055256019173826,0.32783320114238274
149,0.2849834774842594,0.04454875853019304,0.00038289692416662623,0.36050754832800763,0.3095773187333733
150,0.12763561807896145,0.0333051693765436,0.0002500902366403788,0.5626802198755274,0.27612890243232713
151,0.128544630634224,0.02920804000184595,0.00024767624805756424,0.613961469959671,0.22803818315620142
152,0.060691128524115776,0.020330638118609225,0.0002520681389654121,0.7884068428012485,0.13031932241706096
153,0.08667391942144775,0.016980478714402183,0.00022456499810598874,0.6820775466473894,0.2140434902186546
154,0.12108082872202862,0.022032599147016,0.00017372494588741632,0.5981536286259415,0.25855921855912656
155,0.07776202900019824,0.023222008584316788,0.00017093306533132603,0.64722641827309,0.25161861107706357
156,0.0702851067288313,0.01402882463184098,0.00016088925437057769,0.6379522666624772,0.27757291272248
157,0.026126132151121407,0.007945167593148486,0.00010639398407243573,0.8183686911242781,0.14745361514737948
158,0.08472991737342932,0.01722112718371797,0.00017536947313202163,0.7360112071588487,0.161862378810872
159,0.0935688409643598,0.0236351816181158,0.0001619636196837117,0.5529525939168104,0.3296814198810303
160,0.051484697708829005,0.02464183210920897,0.00022737854453425862,0.4515026352951489,0.47214345634227894
161,0.04012718136245144,0.025080271022911913,0.00025600531834138414,0.3573802003405228,0.5771563419557725
162,0.0748643286271446,0.021703749595241937,0.0002370702949252062,0.17323384732355704,0.7299610041591312
163,0.3987868994290873,0.02411629688642664,0.00012601807303137412,0.1460705494364945,0.4309002361749601
164,0.45143289240353607,0.07360707300897165,0.00040007670330526453,0.24278961054521572,0.23177034733897134
165,0.1270301700602253,0.0393863619289429,0.0003132022367399374,0.4711732664064934,0.36209699936759854
166,0.14557912864140818,0.020952708306617784,0.00018125991862646615,0.6013182050042616,0.231968698129086
167,0.06139692650436888,0.015595154614140818,0.0002784989113092494,0.7547640791541946,0.1679653408159865
168,0.10359586063392932,0.013204721977006425,0.000211096680746106,0.6790690011197567,0.2039193195885616
169,0.15985554260860305,0.06554250153876592,0.00016918277862975546,0.46515857234337565,0.3092742007306257
170,0.2819879891309799,0.06181134316403612,0.0004080005074645957,0.12986404501880866,0.5259286221787107
171,0.04206129975298856,0.02385671639953008,0.00043879982763714314,0.05446349159089656,0.8791796924289476
172,0.0477216653674804,0.00901024356420343,9.879785015194324e-05,0.0159682027274919,0.9272010904906723
173,0.005349154353957595,0.0003942469226619748,1.1820985737684732e-05,0.0064820600234753506,0.9877627177141673
174,0.057371277275303154,0.0010398377254239167,2.786896862833213e-05,0.014734870410032266,0.9268261456206124
175,0.3554347981061136,0.003345291441077327,4.185318748729104e-05,0.031809008082119644,0.6093690491832021
176,0.4735415309887985,0.00373961323284176,3.8124569373473977e-05,0.023885071802018418,0.4987956594069678
177,0.5587286837798598,0.003509832288482958,4.6330663727293706e-05,0.014091209851923026,0.42362394341600695
178,0.8621802978031036,0.008037419714785523,5.218383948106939e-05,0.024902908427436855,0.10482719021519309
179,0.7796988621704911,0.021937266217021405,5.715506765807656e-05,0.03600794724939318,0.16229876929543618
180,0.7050936963964414,0.0848366238432016,0.0001617060557748859,0.11371545098962553,0.09619252271495657
181,0.5755798848194967,0.24016382221271518,0.00030516565995324937,0.13717453099070218,0.046776596317132796
182,0.30299383622108617,0.3260579192615118,0.0004261133242719618,0.3562624602195177,0.01425967097361223
183,0.14472635840226317,0.5343567429483947,0.0008455679295913791,0.3116436157900723,0.008427714929678375
184,0.15542576420008508,0.570645429932105,0.0009545314848592687,0.2561944360048693,0.016779838378081342
185,0.09417580177942836,0.823018565667514,0.0014928828035727251,0.07138101024281811,0.009931739506666792
186,0.5108130563622997,0.2096811771309333,0.00042055119468450833,0.051570925028478355,0.22751429028360418
187,0.27900618534733806,0.6933311311911464,0.0013636480207213438,0.015323039939778986,0.010975995501015258
188,0.1587989798290376,0.8240276607058221,0.0030342877243615595,0.0039208359099095055,0.010218235830869045
189,0.09191230452783031,0.8988974614419918,0.0018434800936370144,0.0036733373018608285,0.003673416634679972
190,0.04074741197327291,0.9368815615579409,0.010706306024987115,0.005932936547124431,0.005731783896674613
191,0.02882381405320271,0.9309094115158004,0.030999367120445466,0.005545847659951961,0.003721559650599552
192,0.050140204727573114,0.8978967505908706,0.029790711135308356,0.018147558556678243,0.0040247749895698055
193,0.1882290593788033,0.7364587709556063,0.007938132208770507,0.01666647964490183,0.050707557811917915
194,0.0871759188031218,0.893388490788956,0.010804333684513546,0.002762471607752311,0.005868785115656504
195,0.07634749040316127,0.9014221922028697,0.017156740992219973,0.0020264914250607887,0.0030470849766883416
196,0.12393269918640692,0.8305262646094393,0.03535402011079402,0.0016100575720146694,0.00857695852134501
197,0.06556505076275035,0.8894686362358744,0.03947757084284829,0.0029276977181017755,0.0025610444404251882
198,0.03057794787412972,0.8855624767424325,0.07792991298056959,0.0020155032372093586,0.003914159165659004
199,0.04755899501002663,0.9002477162185031,0.04812690293001029,0.0019387128753051437,0.002127672966154924
200,0.06733606825972657,0.8725008065217124,0.05113812234401103,0.004196361612923704,0.004828641261626111
201,0.04039266254062153,0.8983538698680993,0.05628519631100147,0.0025260796332670418,0.002442191647010526
202,0.0179930761451249,0.9225953507069908,0.05646699599274173,0.0009468932211023472,0.0019976839340401756
203,0.01257541963959203,0.8678442177244767,0.11638481503455403,0.0007593135823555262,0.0024362340190217002
204,0.01940722672359809,0.8799854043134131,0.09676427992511322,0.0006566624410207752,0.003186426596854808
205,0.006205576311777505,0.8363903233098003,0.15531430906255322,0.00032887306706322935,0.0017609182488057314
206,0.009234275080163924,0.7533761479157223,0.23465088934687497,0.0004493435993143509,0.0022893440579246135
207,0.013837775050895732,0.7200009906473643,0.26228958733718677,0.0007643765607877135,0.003107270403765204
208,0.014122017981491328,0.8061128321592157,0.17533986437608087,0.0013959025986892866,0.003029382884522789
209,0.014434835315651805,0.814069473828998,0.16759336404664588,0.001118080219514124,0.002784246589190411
210,0.025039764956275832,0.8181761918109377,0.14952441215874396,0.0014615049918590528,0.005798126082183418
211,0.00874196874215842,0.750435309613858,0.2370219359958172,0.0006861761780468708,0.0031146094701194733
212,0.008405172953665012,0.817038651708409,0.170809954156703,0.001376820686788985,0.002369400494434091
213,0.0127376881599922,0.6749336330473206,0.30656593188641607,0.0025505255563249792,0.003212221349946071
214,0.027839198791440593,0.7306029814953623,0.23089995312393205,0.006063099828142331,0.004594766761122672
215,0.007738477770470768,0.568697178336935,0.414919616628048,0.00435705039351919,0.004287676871027116
216,0.0228780069720349,0.5762647707680745,0.3625909503098571,0.026512246524415504,0.011754025425617933
217,0.012243232733774137,0.5489073702477539,0.4079820308842488,0.020831290415699845,0.010036075718523342
218,0.16286672654526294,0.15641564041167047,0.004259317792163812,0.33972775617480067,0.3367305590761021
219,0.29203652774605954,0.25963507789102774,0.002182006738322692,0.07770367606346015,0.36844271156112995
220,0.16345235524312496,0.21164570747008477,0.003079709290193186,0.03859561070341848,0.5832266172931787
221,0.1335791529001515,0.05975188433576194,0.0022162263175425894,0.004502982671500665,0.7999497537750433
222,0.1085664547809295,0.07492241609857682,0.0017153413018369638,0.0041308591925594594,0.8106649286260973
223,0.19270893904715636,0.09637889721371866,0.003527481134707627,0.006637781090003248,0.7007469015144142
224,0.17235351842285387,0.14233674835215207,0.004947497235318931,0.012777215579841529,0.6675850204098335
225,0.19258422879734097,0.19528908763259617,0.009864299905375101,0.021927442657519506,0.5803349410071682
226,0.283969438726184,0.33461156760751193,0.012656377847657555,0.019075319278965188,0.34968729653968145
227,0.4112933920902533,0.33515576099039834,0.022992987892783444,0.01974720698879776,0.21081065203776725
228,0.6106102649879723,0.1837828426368339,0.030461818867380162,0.05062095907540919,0.12452411443240452
229,0.08876830832057638,0.7975013693920615,0.08456138430847752,0.01359903102896291,0.015569906949921582
230,0.2471121985130469,0.6261135146887336,0.08217546408468519,0.03340395262276281,0.011194870090771468
231,0.023065719649329988,0.8919204377846497,0.07227177787324177,0.006110502624659985,0.006631562068118739
232,0.04190042849014683,0.8653598906702951,0.06992918269326773,0.006557679435484479,0.0162528187108061
233,0.061542503544948696,0.8732972441977981,0.05416581175543067,0.0034527164658776734,0.007541724035944855
234,0.04680407808947891,0.8254697982174533,0.11540588862429488,0.0037188586900457716,0.008601376378727285
235,0.08495964285879955,0.8503042307348869,0.057680090198610874,0.0025058976598372248,0.0045501385478654115
236,0.04536623989076961,0.8803027088372045,0.06804991577311087,0.0025681722914261997,0.0037129632074889007
237,0.038832566923673074,0.8747366993135565,0.07546093444589362,0.003219226522825776,0.007750572794050914
238,0.016123202320214153,0.9028841693952608,0.07639838462791275,0.0014555026602242715,0.003138740996387999
239,0.04173827657409293,0.8062169415883588,0.13949110185111085,0.002657058651032341,0.009896621335404983
240,0.011813795258420296,0.8921807735783726,0.09105283333098964,0.001306863321525636,0.0036457345106919174
241,0.04242994176542421,0.8611596407496017,0.0891610861746198,0.0030805036288983813,0.004168827681455832
242,0.031811160247353545,0.8285885612050975,0.13105902068200784,0.002581940880662259,0.005959316984878937
243,0.011875733463777181,0.7580273405285587,0.22530364002930348,0.0013993166140507881,0.0033939693643097995
244,0.01469731549607452,0.705572492904654,0.2749577675019666,0.0008255145368644266,0.0039469095604405344
245,0.01878263636064776,0.7655506175435449,0.21177704341866896,0.0007476128958898108,0.003142089781248416
246,0.013019329149893453,0.6808942845931155,0.29997979074966774,0.0008600021874233736,0.005246593319899883
247,0.004236823322808136,0.6782660316415223,0.3144334848147347,0.00043601386725455383,0.002627646353680179
248,0.012430618376093371,0.7533991752649795,0.23040233693770262,0.0010807166355509793,0.002687152785673563
249,0.003036873173796126,0.6071760061508717,0.38688192325494103,0.0003073139798579746,0.0025978834405330693
250,0.007643795517095221,0.722874123000146,0.2663311706915529,0.00048216403258029197,0.002668746758625714
251,0.0051477128231612644,0.41612983482080534,0.5749074941379027,0.0003602017005005881,0.0034547565176301655
252,0.01487546487104246,0.6492043511906704,0.33089979262660807,0.000825917405273217,0.004194473906405897
253,0.008149160093349987,0.6928365793953383,0.29546330642578095,0.00045818937157836293,0.003092764713952622
254,0.007508396981043963,0.6446389639775864,0.34253491739903474,0.00033623599423984106,0.004981485648095093
255,0.006076739485222031,0.4883066399207641,0.5009013759037527,0.0004790441707627467,0.0042362005194982325
256,0.006820690880224752,0.7208736665459408,0.2672336251342265,0.0006589405038028295,0.0044130769358053405
257,0.0059514737721839545,0.62658342948663,0.3624159124182835,0.0005579671697324831,0.004491217153170038
258,0.012234025054319649,0.49373665950684664,0.4861026194380094,0.001810159590340932,0.006116536410483274
259,0.026124930041708922,0.5863308918906094,0.37186343491715945,0.0033764033360420666,0.012304339814480085
260,0.012346869837828001,0.4980083978183144,0.4834833174274498,0.0009631722086621995,0.005198242707745523
261,0.015341089489195622,0.5799561362550852,0.39727467070475075,0.0010930616554236355,0.006335041895544777
262,0.02378407439257759,0.5530768492392119,0.4125412982696858,0.0029543413785353993,0.007643436719989444
263,0.025069585992196584,0.4981408655653714,0.46820514486796105,0.0025878436039278832,0.005996559970543296
264,0.018402308885192682,0.3674728200919103,0.6034041204752902,0.0015410485927981523,0.009179701954808744
265,0.023799396169947425,0.22019919514819322,0.7434228826417877,0.0022878221782558048,0.010290703861815775
266,0.015121386918685654,0.445378745227025,0.530689872288711,0.0016897494901697027,0.007120246075408721
267,0.017863338525268637,0.38370894954101076,0.5863880681674284,0.0019323695842599668,0.010107274182032305
268,0.0030114871608963177,0.35648710443277404,0.6373318642301792,0.0004904739196516668,0.0026790702564987896
269,0.08136259929309803,0.689824421349809,0.16175758889881436,0.007518349083662757,0.05953704137461585
270,0.28060470680687527,0.5044317361693665,0.16952914864650157,0.013960632932341174,0.03147377544491549
271,0.19402574728408442,0.6715357919078194,0.08416949859388322,0.009314462915243162,0.04095449929896993
272,0.47282024294625097,0.29748575633580865,0.07892647351768581,0.009987790277138925,0.14077973692311574
273,0.4651280424676093,0.35382763291616903,0.05279648746397341,0.012652122870535123,0.11559571428171324
274,0.37834739857966043,0.41844498287102794,0.07429443092422677,0.003921194607097141,0.12499199301798769
275,0.3037586263322109,0.4810558673955536,0.13253095190532055,0.007887635933858468,0.07476691843305656
276,0.1991958835683145,0.44246604121127714,0.280300923229378,0.00562135874506803,0.07241579324596219
277,0.6843391855401811,0.21124937088378842,0.01607690050350367,0.042755202510165013,0.04557934056236178
278,0.6161685609917962,0.19240573010828935,0.008690927026619727,0.13154450933058856,0.05119027254270615
279,0.5556996903972574,0.13521996530735447,0.0015532481156765577,0.19275632220032354,0.11477077397938795
280,0.5249892239400641,0.12376296886916659,0.001474227196313406,0.2348051411761479,0.11496843881830798
281,0.5222590684598867,0.08968541224096624,0.00039182167784017834,0.3222944753934124,0.06536922222789462
282,0.14675915502383238,0.06717365146758339,0.0001036464284201794,0.7041988865805324,0.08176466049963149
283,0.10305152874892322,0.050377959613893346,4.021935099129835e-05,0.7358303408379397,0.11069995144825223
284,0.18962072238272992,0.024034577557296627,6.62240456266518e-05,0.7345485522766234,0.051729923737723546
285,0.1782093153998098,0.032215084817227735,6.859261377409115e-05,0.7349034712322122,0.054603535936976255
286,0.07098111292179339,0.029530065867357205,0.00013989416045066211,0.7925424115589759,0.10680651549142291
287,0.141023279049805,0.012978833640651255,4.820748599532544e-05,0.8153195754053962,0.030630104418152254
288,0.177952659108152,0.017622169973749102,6.886554021349283e-05,0.7678471753332575,0.036509130044627976
289,0.12331452412766092,0.014970163712693933,0.00010640368242797344,0.8009421894737899,0.060666719003427134
290,0.08955051507741284,0.014851620795297508,4.630124831510241e-05,0.8669174416242864,0.02863412125468835
291,0.05783979054960331,0.016093472199599203,0.000114408322685318,0.897963963614381,0.027988365313731074
292,0.012142962037202994,0.02135456381448828,0.0002623284571433004,0.9421917063251241,0.024048439366041403
293,0.025878190043640295,0.017104371741356112,0.000632750469095614,0.8228334407728833,0.1335512469730247
294,0.20822005613134328,0.052553941334060564,0.012466462077588685,0.6493108037562355,0.07744873670077196
295,0.16257604283661706,0.11372765782022694,0.005750327363633951,0.586559449989442,0.13138652199008005
296,0.23056453283560563,0.11397713144754608,0.0030939609764306605,0.44377691667961383,0.20858745806080395
297,0.2885745042165069,0.05485905917809346,0.000879802360931584,0.4814445202628595,0.17424211398160852
298,0.31024430484549603,0.0796682709438743,0.001075293574769331,0.5209618847253488,0.08805024591051157
299,0.31479004173854364,0.05419034366744332,0.0013805337501513238,0.5331864119182682,0.09645266892559352
300,0.12116182165564617,0.038257420396033776,0.0009207282435320745,0.72653790659811,0.1131221231066779
301,0.07560246962214132,0.0353749398642516,0.002664473934818263,0.47894398007564404,0.4074141365031447
302,0.24904036178576525,0.024996637217427058,0.0006764870042432175,0.5791741114284077,0.14611240256415678
303,0.3279142738508033,0.03412896388515061,0.0008121894435115842,0.40460445845734866,0.23254011436318592
304,0.059951486020660145,0.041691587544440176,0.000620269530254487,0.1964616561358904,0.7012750007687548
305,0.27628197065953086,0.03437443873275829,0.0012725281311217146,0.4631238198123253,0.2249472426642638
306,0.2590279610491785,0.03359378252904581,0.0008981817340391033,0.5460802682226961,0.16039980646504043
307,0.1715422359040351,0.02850783953987087,0.00028906589045202784,0.6333781613972472,0.1662826972683947
308,0.1769622372946466,0.018217320756029214,0.00013968396150639722,0.6707728084196535,0.1339079495681643
309,0.16952662212674327,0.05526722735155426,0.0002873532948473267,0.23911315625057825,0.5358056409762769
310,0.3560095578379639,0.07572386663160109,0.0004477597143151502,0.23255102385324114,0.33526779196287876
311,0.4276952370909576,0.0401505664599087,0.00011491058554896699,0.4432660629788881,0.08877322288469669
312,0.36677869332700247,0.07127330418809817,0.0012295024021574741,0.4859471285087592,0.07477137157398268
313,0.11479408169837474,0.042125426585296825,0.0006760599466297778,0.8195577744567641,0.022846657312934518
314,0.09037684304455942,0.027730372867711985,0.000650712500436966,0.8382405358221506,0.043001535765141034
315,0.019730579512885735,0.0230568108602503,0.00034894653010531386,0.9333912563552033,0.023472406741555343
316,0.06775521058758936,0.10360750873934083,0.0005809677719115384,0.6462693365279474,0.1817869763732109
317,0.1212682803160459,0.04733131050364068,0.00027692254870518424,0.6267031903445128,0.20442029628709532
318,0.11731614442967869,0.08861746407700162,0.0005573347955663417,0.7088653244208468,0.08464373227690651
319,0.28157477725445307,0.056880453863378304,0.0005236821294216354,0.4866658682981906,0.1743552184545564
320,0.206292958099324,0.10517073200657442,0.0010717169520625732,0.5984497419110563,0.08901485103098276
321,0.21654849261861575,0.02729075430811957,0.0008948034792565201,0.7178694555323929,0.03739649406161513
322,0.29476103749828275,0.0383508881209982,0.0012407312185148183,0.5719677159442558,0.09367962721794852
323,0.08410628508943217,0.021749351196444482,9.053256142596902e-05,0.8285669727610089,0.0654868583916887
324,0.10268576822636252,0.01898538831836304,8.453685063585965e-05,0.8539136053391962,0.02433070126544227
325,0.11607484230691617,0.04016605840508317,0.00013488182818870495,0.7720259316066088,0.07159828585320312
326,0.04798402785165743,0.027044122630644006,0.00013488273702868658,0.8414766973715192,0.08336026940915069
327,0.1542564296671798,0.028122093470621497,0.0001152581104200709,0.7534679276103642,0.06403829114141446
328,0.4348720880007547,0.0451229571000989,0.00011241581003107554,0.4497554420606192,0.0701370970284959
329,0.16403020020926132,0.05378756917620151,0.00013703377686324455,0.24782137454936676,0.5342238222883072
330,0.530210686734141,0.02435294298549181,6.329576664678441e-05,0.026576377796270256,0.4187966967174502
331,0.914023075169969,0.037364855024857764,3.587634425559075e-05,0.011453178830126889,0.03712301463079092
332,0.7791304165996735,0.20357231653405625,0.00033496928611826283,0.009311470091758393,0.007650827488393641
333,0.2843729452965084,0.6952514284351475,0.0008886153475340843,0.010297434366026918,0.009189576554783092
334,0.052160031206117584,0.9314719340274358,0.010304188234094909,0.0033782676057958643,0.0026855789265557537
335,0.05875665986553143,0.8886103339610086,0.04074655263264963,0.0065331418586336894,0.005353311682176599
336,0.052813968458026925,0.9193447863766802,0.014368916742211897,0.010449177984529037,0.0030231504385520754
337,0.07605654847942749,0.843413019829988,0.03321068467769897,0.015114516752447685,0.032205230260438124
338,0.049611715132435535,0.9293607939157557,0.006894599515978111,0.007100771785876892,0.007032119649953733
339,0.06606860840412493,0.8946428186699494,0.01731726884650087,0.007216973941457401,0.014754330137967297
340,0.24091858167837552,0.6983252021868185,0.011609668666115484,0.008692681473603412,0.040453865995087206
341,0.5440072808784343,0.39402983051694973,0.0020703913820901594,0.01583608147887702,0.04405641574364877
342,0.388827523049498,0.5764928855289363,0.007038637816196794,0.00557089082674446,0.022070062778624364
343,0.2083213256311655,0.7715798271191124,0.009933758472755514,0.005204196467416822,0.004960892309549652
344,0.16792175509216115,0.8056806284573215,0.008830605553157043,0.010950671566310098,0.006616339331050347
345,0.05151530670118214,0.9024594526702089,0.024988222807635747,0.005514239033250543,0.015522778787722563
346,0.1252392871013442,0.8209172477988929,0.035541992109140955,0.008171109866073119,0.010130363124548738
347,0.12000165926810666,0.8167539633507508,0.04673644445566602,0.00999573615915758,0.006512196766318902
348,0.22065093770514363,0.7310372201923605,0.03532333223807038,0.002770569245426511,0.010217940618998961
349,0.06872592138874263,0.869813665820991,0.0505977419896568,0.004508753811090282,0.006353916989519347
350,0.048318440763115665,0.9123750760663614,0.03029478753169672,0.003368088600407418,0.005643607038418896
351,0.08392223600766273,0.8132392386128149,0.08964762020643166,0.004775844695234029,0.008415060477856758
352,0.04032074830288059,0.859173755066404,0.09317352530072563,0.003334283842811726,0.003997687487177854
353,0.02302967378601036,0.8384245476420032,0.12938387404309232,0.002857940159914363,0.006303964368979656
354,0.043323203665893775,0.8727467409198135,0.07589796817753532,0.003528962124387646,0.0045031251123699165
355,0.033902998163251534,0.8847707294512304,0.07685891512045975,0.0014281018184215553,0.003039255446636646
356,0.039919000022929425,0.8679555806653,0.08268908455215987,0.003917180797533322,0.005519153962077195
357,0.025729378907083343,0.9226139823615418,0.04533175316691211,0.0030454094257358812,0.0032794761387265996
358,0.050562795185266005,0.8620251863166717,0.06244013939033053,0.010690712718941418,0.014281166388790345
359,0.07654048559459556,0.8676347601692569,0.037577241654535104,0.009140067526234702,0.00910744505537771
360,0.12696138969183543,0.8345223827270588,0.019573494514828465,0.013500306229668437,0.005442426836608937
361,0.037380845602989446,0.882350571452682,0.05752529976819612,0.010008113189055088,0.012735169987077504
362,0.08200303096624288,0.8525438976997259,0.04215018250390407,0.012662270759904143,0.010640618070222879
363,0.3734134613786354,0.5408148311157246,0.004889946558083793,0.027451922706552608,0.05342983824100359
364,0.1624879116407356,0.7905053970020584,0.021067010137527653,0.006250461712081125,0.0196892195075972
365,0.17499012919519852,0.7752206587559195,0.03246022039951922,0.004049490983747765,0.0132795006656151
366,0.06431107433504576,0.9129118627446433,0.01808009339353944,0.001192404502954251,0.0035045650238174648
367,0.05070216219111243,0.9281174448228904,0.011873466538311369,0.0055421800272784155,0.003764746420407273
368,0.032729693322796224,0.9337174466912898,0.027957793052401432,0.002133467250446881,0.0034615996830658488
369,0.012513996581467637,0.9478949191390436,0.03665713363619386,0.0011271712366778734,0.0018067794066169965
370,0.017563347296431178,0.9211526254759663,0.05674808546020024,0.002034318240166487,0.002501623527235814
371,0.007723352238527858,0.8296559288007329,0.1585172215128067,0.0007882462590163836,0.00331525118891595
372,0.012942472960470828,0.8721737946580669,0.10970923352609863,0.001975521880641348,0.003198976974722179
373,0.020827422873552038,0.9003053494407842,0.07235544932872524,0.00335756039944656,0.0031542179574919
374,0.011637272912943262,0.8207704889386177,0.15875800204896715,0.0032551793951655435,0.0055790567043062745
375,0.010504574317705363,0.8745988800168115,0.10564480922424753,0.0017463149710052208,0.007505421470230303
376,0.038231549939167615,0.7603015639066422,0.1696966758223627,0.007131092272569714,0.024639118059257788
377,0.07387463419783068,0.5921311304016743,0.28357958207779604,0.009480025230493953,0.04093462809220488
