epoch,N1,N2,N3,R,W
0,0.00026093766279847657,2.527744872950789e-05,2.0912987254182917e-06,4.348140217373559e-06,0.9997073454495291
1,0.0011499371058731926,9.750495415691374e-05,2.0462946644279778e-05,1.3605798607885797e-05,0.9987184891947178
2,0.0004374848601988359,7.07140541250629e-05,2.22310001904864e-05,4.336429261149104e-06,0.9994652336562244
3,0.0019786671095902934,0.00012105463821639137,3.4602528100583485e-05,1.783480752852289e-05,0.9978478409165642
4,0.36378217614020086,0.009791065954529221,0.00012715473055147452,0.0004636847376419324,0.6258359184370765
5,0.41242177391905077,0.03506257705271969,7.081038304689036e-05,0.002683326008159127,0.5497615126370236
6,0.6637388852502377,0.03356541903999677,0.00011734948655270864,0.0009444179615394994,0.30163392826167335
7,0.21480847188989233,0.6417173082565593,0.0027456054101179187,0.0011656899620437159,0.13956292448138666
8,0.2518680561291271,0.4005888840901917,0.1731629556939608,0.003063571522424652,0.17131653256429563
9,0.16532470410052882,0.7148183091603214,0.05136909799376883,0.004422222760073585,0.06406566598530741
10,0.06975583129704822,0.5103766043570176,0.3725873009068401,0.0020754737965210323,0.0452047896425732
11,0.05504085532213576,0.4513335694379435,0.4113725594229117,0.005391297444147637,0.07686171837286153
12,0.006459841740865319,0.7890311904070214,0.18977772088779296,0.0005691124763867005,0.01416213448793358
13,0.004904499328033352,0.4364142987270726,0.5306250169642477,0.0011629716375897322,0.026893213343056506
14,0.0017339849427858332,0.4386892095422139,0.553900708327156,0.0002459931052905412,0.0054301040825537605
15,0.0026200850692672034,0.37025774374390535,0.6227659070955716,0.00027940325841548823,0.004076860832840318
16,0.005756727705108233,0.4019330545116093,0.585011246011368,0.0008445042080720709,0.006454467563842296
17,0.002724843849561834,0.559007680894256,0.43383998822753217,0.00016433868034011526,0.004263148348309943
18,0.005087954851357667,0.7972669284225996,0.1881952681495832,0.0007268240681963737,0.008723024508262948
19,0.00870189136779157,0.8453123102286682,0.13364648581616848,0.0011456811073361122,0.01119363148003567
20,0.002423474226899777,0.2317345829868352,0.7605505299643804,0.00021401484896784828,0.005077397972916591
21,0.001144839881983775,0.1834879427447649,0.8129297527573461,9.196003013547924e-05,0.0023455045857695552
22,0.004180343264618591,0.43184734145769305,0.5574008313117631,0.00013710477555794621,0.006434379190367323
23,0.00330942552804071,0.3266570178325391,0.6610713166335594,0.00015016106053079923,0.008812078945329926
24,0.004040550156428601,0.19093877538138404,0.7993493024067247,0.000144377298819817,0.005526994756642847
25,0.002884275760724004,0.0777853490141525,0.9147740564389952,7.269063439974102e-05,0.004483628151728383
26,0.0015822854292781529,0.30710338433955325,0.6787350189329294,8.284741339027783e-05,0.012496463884848843
27,0.0010963976954502747,0.10933051301079932,0.8828941883796666,4.0746026960701906e-05,0.006638154887123181
28,0.0012701316391903678,0.060649407172109364,0.9320859029024868,4.251849022150384e-05,0.005952039795991882
29,0.0015167712634806996,0.0497897255557852,0.9423497591447205,3.8195263735910047e-05,0.006305548772277629
30,0.00032243734807136173,0.03602977255392113,0.9605240054090325,1.7269438999065402e-05,0.003106515249975869
31,0.0006822266255748961,0.04985302718720036,0.9458263957495842,2.8423586718244056e-05,0.003609926850922478
32,0.0005396536750251394,0.036422536755963596,0.9612989244068196,1.2982600878131664e-05,0.0017259025613132496
33,0.0006335028099751953,0.029738917916202468,0.9665468795084308,2.3192439508942604e-05,0.0030575073258826716
34,0.00028815481447830483,0.01213975574118143,0.9858028230512953,8.242017839621433e-06,0.0017610243752053396
35,0.00019902485124436497,0.015574960109624874,0.9829592146960783,6.46629777358214e-06,0.0012603340452790573
36,0.0006731012081596833,0.029581311283199574,0.9643076349573895,3.770267235815248e-05,0.005400249878893118
37,0.0002548264778604877,0.009389809308633054,0.9892565874325944,6.562076781923538e-06,0.0010922147041301556
38,0.0002428024982356124,0.017735384733536357,0.9797543173340826,7.535348380242227e-06,0.00225996008576515
39,0.0004573701422648644,0.01423206334250033,0.9830221215679347,1.3016968569991718e-05,0.002275427978730093
40,0.0002610273033534327,0.012563040214576748,0.9845612682395501,1.4846746247949184e-05,0.002599817496271772
41,0.0001306116972042519,0.010124214121455427,0.988696712300038,5.453577922445944e-06,0.001043008303379817
42,0.00045313056905524183,0.01873258179080526,0.9783837746571277,1.2744765617326016e-05,0.0024177682173945046
43,0.00016106461751954444,0.013063045198052537,0.9858194318447046,8.400001442263053e-06,0.0009480583382808261
44,0.0002504502508817575,0.026051412126569445,0.9706415529632955,1.7580317902535653e-05,0.003039004341350886
45,0.0004234723267519507,0.032434813092020245,0.9640362256702262,0.0001492820975617985,0.0029562068134399914
46,0.00023579731896771863,0.014187709665229212,0.9840355334478275,1.5617138471335682e-05,0.0015253424295043093
47,0.0004896325302898092,0.022337804879294012,0.9745344732903448,2.256203687203368e-05,0.0026155272631991446
48,0.00036741948706940023,0.016158920554057616,0.981208882254821,1.6241340757456458e-05,0.002248536363294594
49,0.00017893877297116316,0.01311348450210669,0.9856752050018348,5.9756111865051354e-06,0.0010263961119006374
50,0.0016098532884858486,0.0315748974648261,0.9620979557938039,3.440411648982265e-05,0.004682889336394518
51,0.0004998474524821925,0.017397345354454814,0.9795219130372371,1.7263801868254712e-05,0.002563630353957561
52,0.0006949677679806686,0.059379881829299874,0.9368548545055175,1.6640082500265964e-05,0.0030536558147017247
53,0.00032939280663491123,0.029231361987924472,0.9688506572203804,8.398698801335255e-06,0.0015801892862588821
54,0.0001858276826051281,0.013027011088672913,0.9858584250366359,9.066192139061234e-06,0.0009196699999469604
55,8.502834415957475e-05,0.0064657705485209205,0.9929052347480981,4.11462645979002e-06,0.0005398517327617503
56,0.0001688120387545026,0.008794231966953123,0.9900728390717902,5.570603453283495e-06,0.000958546319049034
57,0.00014984718965385966,0.009030259530175371,0.9894426820427767,9.169970625466423e-06,0.0013680412667685514
58,8.062093563439964e-05,0.00828945054997476,0.9909928511605836,6.6868346165544714e-06,0.0006303905191908198
59,8.423637161448018e-05,0.00584151019034792,0.9934121100901054,5.3960064815893475e-06,0.0006567473414507502
60,0.00018970435245978083,0.016826845692880146,0.9818623081142657,1.3594609598237719e-05,0.0011075472307960686
61,4.675116265414958e-05,0.004143259030221579,0.9953212275872166,3.33117151803251e-06,0.0004854310483896695
62,0.00043811118687176376,0.021596684018021846,0.975679524255072,2.1624317099291596e-05,0.002264056222935439
63,8.102969162291149e-05,0.005867035799240268,0.9935011987057755,6.425897816895012e-06,0.0005443099055444122
64,0.00026986643468056575,0.009633832914471651,0.9888816718792133,1.3388349228228263e-05,0.0012012404224064233
65,0.001127945605668656,0.019505203960190457,0.9773500504730723,5.380546932661988e-05,0.001962994491741912
66,0.0015457108734498962,0.027448324916088795,0.9684625519778854,3.4954442792905076e-05,0.0025084577897829734
67,0.03414931578734227,0.07880098784532616,0.3084521665167072,0.0006677564046770791,0.5779297734459473
68,0.03566793123289473,0.4056271354701304,0.5322341220841728,0.0004381510346487075,0.026032660178153328
69,0.06724628189122701,0.5226581594305241,0.3935640995150424,0.0004591058513020437,0.016072353311904514
70,0.03305654328870819,0.19765160354522662,0.7630673223624028,9.860640212598764e-05,0.00612592440153638
71,0.004415801128625637,0.36385075554660823,0.6256860114140599,0.0004671394260328549,0.005580292484673507
72,0.001825547863278449,0.057262551908094456,0.9393806681261045,0.00010671375105644544,0.0014245183514662015
73,0.008011097969058578,0.3761540622143886,0.5983130309882536,0.000381928176248511,0.017139880652050667
74,0.002195203098785658,0.3506392079482876,0.641787537914071,0.00015649551630911952,0.005221555522546676
75,0.0012979380085740005,0.05009559061744508,0.9467835479210865,5.493097487677989e-05,0.0017679924780176035
76,0.0011675781881884254,0.06436373098108934,0.9314403495996502,0.00011562344922427639,0.0029127177818477528
77,0.0016402789649152013,0.1850685652731415,0.8107704276357381,0.00014759298620268082,0.0023731351400024733
78,0.0008788295250309849,0.09763269210818706,0.8971529335770927,0.00012346851783134668,0.00421207627185784
79,0.0013520410813532445,0.25880602529715896,0.7360662669569903,0.00013710016823796915,0.003638566496259563
80,0.0005016389546168882,0.11348006107818612,0.8843008953218321,4.13785240156019e-05,0.001676026121349325
81,0.00028164946186093445,0.05085629201855186,0.9479997444688466,1.8462996967112917e-05,0.0008438510537733742
82,0.00048416293838089323,0.10341578786095947,0.8946409017864178,3.655653702811818e-05,0.0014225908772139983
83,0.00012298256380151345,0.02475467320792964,0.9747902830507719,8.6112919403068e-06,0.00032344988555651214
84,9.079393844452684e-05,0.017159495279538264,0.9824107589337835,6.728238803185902e-06,0.0003322236094304168
85,0.0002182556169998679,0.02969840693642006,0.9694981564852699,1.97289457994528e-05,0.0005654520155108422
86,6.343240757565524e-05,0.010478508314670494,0.9887746666434342,9.198151073763978e-06,0.0006741944832460797
87,0.00051674123245073,0.04690355304244068,0.9511231105035305,4.013824877624692e-05,0.0014164569728017783
88,7.990082329073271e-05,0.018331737121475157,0.9810193544926448,1.5758685086861105e-05,0.0005532488775025646
89,9.789932688583618e-05,0.012202510802649221,0.9871502830182503,1.711568612005588e-05,0.0005321911660944541
90,0.00013510895956254292,0.011954766144309775,0.9872231331381696,2.136618425574443e-05,0.0006656255737024363
91,4.2290768869142775e-05,0.005237870259850601,0.9944447044365187,5.1684239270351235e-06,0.00026996611083457726
92,0.00010474805540208402,0.006356364416840992,0.9929316815782279,1.2822148418923505e-05,0.0005943838011100599
93,0.00013595538836888902,0.019400183720119153,0.9789742005365589,1.4246620719836102e-05,0.00147541373423337
94,0.00013159899259627148,0.004309344192510073,0.9943626085726566,1.3303817306944214e-05,0.001183144424930388
95,0.0002801416003786113,0.009800137572788678,0.98318370992492,3.669423539516928e-05,0.006699316666517727
96,0.0005977059451341638,0.05330825323632687,0.9360006678761603,3.97406831930575e-05,0.010053632259185532
97,0.014674380480764346,0.41809411154700366,0.5270959528430883,0.00022916679623565634,0.039906388332907994
98,0.0022903164306615743,0.07713551489427316,0.9161089848464691,3.940048043260856e-05,0.004425783348163493
99,0.0060975280809921865,0.13259504443277714,0.8547764035459947,0.00014612206058821096,0.006384901879647736
100,0.0005716532935084059,0.03135992739978596,0.9669239995268807,2.9355666163065865e-05,0.001115064113661726
101,0.0032954890302107653,0.3543641425271836,0.6340159183564131,0.001154981901774569,0.007169468184417757
102,0.0010116671661305034,0.04818560622045643,0.9487308579890485,0.00025994393512652754,0.0018119246892380513
103,0.017475695509384836,0.6907200311738616,0.28158806390975855,0.0029862822113435883,0.007229927195651533
104,0.007096343373369029,0.6621071368771392,0.3216785358057952,0.003418552036907868,0.0056994319067888675
105,0.027806635337314815,0.8467305945655278,0.10871869251835113,0.008586562741904318,0.008157514836902009
106,0.014615347666274526,0.7804566423576853,0.19460273795778024,0.005381379505773857,0.004943892512485989
107,0.3683159078153354,0.5117989393790463,0.004780527035365937,0.09438576650067192,0.020718859269580437
108,0.03707162387924412,0.7974033015389392,0.14341661092878843,0.014250301457794622,0.007858162195233739
109,0.18008370115174852,0.5545405693550716,0.003432983392107536,0.24852894714821208,0.013413798952860096
110,0.040970660164845664,0.7621969456072794,0.1296487656285039,0.04652379476286396,0.02065983383650727
111,0.014505774378550908,0.8883229459877557,0.03761076306815646,0.04759160604511554,0.01196891052042138
112,0.033027770674338035,0.7623351541908114,0.005860014856651159,0.1805640466164837,0.018213013661715422
113,0.08028967500310251,0.6298641817146644,0.0016018921578553793,0.26565710784184704,0.022587143282530663
114,0.18989972341815936,0.4800764066164523,0.00046994335260094736,0.08951674466674353,0.24003718194604384
115,0.13418857670724,0.8042828417355576,0.0008041916706376954,0.04231085585140857,0.01841353403515616
116,0.0375087532851956,0.9187944172869746,0.014897403442585304,0.012201875785175719,0.01659755020006871
117,0.0172187550808638,0.9529593468247725,0.001613399791344817,0.01685159656106887,0.011356901741950115
118,0.021483119415879465,0.9307386027240947,0.0023524698130878863,0.025320087024997575,0.020105721021940495
119,0.13609812896484824,0.2573546887296331,0.00016849924628731743,0.5052164667385983,0.10116221632063307
120,0.2056848947322296,0.03825743917532629,9.760084977907704e-05,0.03477071288549137,0.7211893523571736
121,0.3591517954722762,0.5137184458594426,0.001020845839436297,0.0742105700021209,0.051898342826723926
122,0.30645357264987083,0.5702845763334172,0.0013709276530618666,0.0804978829714835,0.0413930403921665
123,0.08999207615443774,0.7653055043727721,0.0017512346764072333,0.12233319779197986,0.02061798700440318
124,0.009482091056214437,0.9418527952507245,0.0019905733914931936,0.04091682949990089,0.00575771080166715
125,0.022514778464363713,0.6557098183594443,0.0015588292828568864,0.3110094178558485,0.00920715603748657
126,0.04869666441281175,0.5107051455993306,0.000306236996924727,0.4285566536813194,0.011735299309613487
127,0.023396780613095986,0.7253798736290444,0.001105088008628184,0.2440375245687995,0.006080733180431722
128,0.03416362892475634,0.8174261910315945,0.002821790222470861,0.13659222223384343,0.008996167587334679
129,0.03877155571596199,0.796507169095533,0.002316880549579807,0.14429811429140005,0.018106280347525417
130,0.036163789423922274,0.5185985486979664,0.0014399687404688594,0.4344809280121139,0.009316765125528533
131,0.03942908631224963,0.6915850443842627,0.0006351976007166538,0.25750268364035495,0.010847988062415966
132,0.035285904952484154,0.7299406781627259,0.0044138716226377024,0.21846657311512177,0.011892972147030554
133,0.01436519447079295,0.6431025024762285,0.001513742933016417,0.33429278024718645,0.006725779872775682
134,0.01927895697523814,0.2981930377882565,0.0005125395661120908,0.6740485135296819,0.007966952140711457
135,0.0235228341861121,0.03001943212319819,0.00011824093590454625,0.9381231502552929,0.00821634249949229
136,0.047758999479481715,0.03963378818058362,3.9324409453960475e-05,0.9032210504315711,0.009346837498909511
137,0.10812887994282044,0.08494492942062679,5.207230737644247e-05,0.796807429511767,0.010066688817409282
138,0.09125590759952831,0.1621562331074986,9.944391729919938e-05,0.7356225626544427,0.010865852721231173
139,0.12975533031152298,0.2272637546524691,0.001225622930963028,0.6038070932179799,0.037948198887065014
140,0.04460781798431408,0.4919663918053272,0.002117653117142906,0.4228085660776073,0.03849957101560855
141,0.06253861489511399,0.2877451800953195,0.00014636485369357792,0.6262622383227361,0.023307601833136793
142,0.05582512047950816,0.3107069206109745,0.003934905623120987,0.10929305632220614,0.5202399969641902
143,0.021660706829559912,0.00788340092606602,0.00019780821346156494,0.0067081754066416165,0.9635499086242709
144,0.16056688272305347,0.03934862395230119,0.00013246762446167523,0.03401322834165937,0.7659387973585242
145,0.5652244886303567,0.2972776377859055,0.0013307680025296065,0.05099533097270713,0.08517177460850119
146,0.7809554463006918,0.07719651115436355,0.0007317427733685099,0.015399643518342816,0.12571665625323344
147,0.24248524486735995,0.5820416470911037,0.0036399116117228803,0.14474187825231793,0.02709131817749554
148,0.04550658238552152,0.9089994908357124,0.006129404416325955,0.036019644035860415,0.0033448783265795563
149,0.032646131610603916,0.8217775219442572,0.004134151747937851,0.13832867082183642,0.0031135238753646744
150,0.038420414358603924,0.8254981997164781,0.004849009884027906,0.12959547928371934,0.0016368967571706505
151,0.00560322580621996,0.9483320637974267,0.03292295864871039,0.01185290322345438,0.0012888485241884786
152,0.009253822812306165,0.9161060882055656,0.06400769907569645,0.009188975540149982,0.0014434143662818205
153,0.0058877937673253835,0.9032854763606003,0.08588561629580789,0.0029620616671816847,0.001979051909084602
154,0.00768349089189978,0.9510953783447805,0.03234873566043408,0.007381500368620071,0.0014908947342655201
155,0.005345172678941598,0.9719427102132068,0.02015350784366688,0.0014182158393920932,0.0011403934247927329
156,0.00990994082167429,0.8602426374155349,0.12501921111102626,0.003678105188942136,0.001150105462822365
157,0.005174401596814974,0.865718571721652,0.12649096222384432,0.0015425418436413527,0.0010735226140475003
158,0.0049209755623080345,0.857699678065114,0.13313830187906178,0.0030751014944019155,0.0011659429991140726
159,0.006369704017299658,0.9086534176418236,0.08072711517857752,0.002688947334972322,0.0015608158273269993
160,0.00508186852202644,0.4393761165213437,0.553070887743288,0.0016087368252005263,0.0008623903881414474
161,0.013667193863912568,0.8088421470424306,0.169978916295956,0.0048770904562374495,0.0026346523414634833
162,0.0034887072022557414,0.4019333421749742,0.5921187260322106,0.0009955548546056367,0.00146366973595381
163,0.007543033371462619,0.4858063334046558,0.5002251629813206,0.00242403963304165,0.004001430609519315
164,0.004751787592487185,0.606092341423298,0.38488334859413476,0.0019483899937822553,0.0023241323962978062
165,0.003132663991411397,0.5688192448989253,0.4258822029444433,0.0010163894070408426,0.001149498758179167
166,0.001966323583981817,0.6510500629395578,0.3447415727002389,0.000907228038981476,0.001334812737239965
167,0.0015218579641200808,0.19278964159789258,0.8041886200727951,0.00043264164206386176,0.001067238723128384
168,0.003107519805214498,0.7792328361889391,0.21386750965010645,0.001979075356932824,0.0018130589988071195
169,0.0028347319974927863,0.8790544826083119,0.11473078945493713,0.002060654280870375,0.001319341658387794
170,0.009096171455147462,0.8855909168756246,0.10097266608381242,0.002257785165808155,0.00208246041960741
171,0.0022541209387467323,0.43821714869383604,0.558433657701097,0.00025004428577004326,0.0008450283805502426
172,0.001887518863971068,0.3309738259987612,0.6664000084310935,0.00019479587961747594,0.0005438508265569477
173,0.0005856141244571715,0.12782340656399777,0.8712327971507365,7.382438740557541e-05,0.0002843577734030596
174,0.001525399413440446,0.27163703816761653,0.7255297424468709,0.00028368327532686717,0.0010241366967452014
175,0.0017878241960184833,0.25314257678248175,0.7430938435954014,0.00012395558345076855,0.0018517998426475692
176,0.0014432285095141452,0.2348446166636489,0.7625658217180941,8.071471914544889e-05,0.0010656183895974322
177,0.001202905663777189,0.2908094262898368,0.7068144628858265,0.00010777778713818075,0.0010654273734212786
178,0.0021912182536728375,0.10899056632193156,0.8865457501546018,0.00018770595879617825,0.0020847593109975977
179,0.002631620852788845,0.41131191313951565,0.5839834350717887,0.0005628717689728444,0.0015101591669339541
180,0.002387389837672065,0.1257727417753374,0.8702279980285268,0.00047776309043653725,0.0011341072680272459
181,0.0029481128533324036,0.21071867862303043,0.7833263576736591,0.0007131856967412619,0.0022936651532365826
182,0.0920258610037694,0.3438870077150794,0.3005950079310646,0.003869716855289462,0.25962240649479706
183,0.013656606132512008,0.40647612524768867,0.5740080045610106,0.0013161845142752742,0.004543079544513421
184,0.04476008332555717,0.06083985659460441,0.014030347653373233,0.003529066034199676,0.8768406463922656
185,0.3079443880701672,0.6713068171342211,0.009176247237656808,0.002429941844864678,0.009142605713090222
186,0.043907885655555784,0.7810941799458353,0.1671878592966016,0.0019876232461467015,0.0058224518558605744
187,0.02554694552015111,0.4043324128053142,0.5655787165760217,0.0006809635522421428,0.0038609615462710085
188,0.0027760824182607976,0.6078623640796832,0.38709272298138925,0.0009364736074279476,0.0013323569132385603
189,0.00231219603295352,0.4151941014890394,0.5809934059741412,0.0003608901666160673,0.0011394063372499063
190,0.0015613364748215128,0.13774130024815454,0.8597836070076634,0.00012852024580399965,0.0007852360235566021
191,0.0010785214028918035,0.26179902137364147,0.7358684144722238,0.00012116848917370219,0.0011328742620692145
192,0.0005751309916196573,0.07344601801512031,0.9250369979625839,5.0288425655149234e-05,0.0008915646050210355
193,0.0019478767673949695,0.0997987070065678,0.8961350585036207,0.00022077224895415497,0.0018975854734625693
194,0.00027215303496722965,0.01873963844549407,0.9803660219385772,9.088709877803729e-05,0.0005312994821833119
195,0.0007354717809948678,0.06485235595889645,0.9331557891385315,0.0001089974420630538,0.0011473856795141486
196,0.00044521622924650466,0.06407514619097965,0.9345229350021399,8.02722324074939e-05,0.0008764303452262459
197,0.00014987041989217095,0.027479760355271558,0.9716242736373731,6.552801213798249e-05,0.000680567575325268
198,6.256131574030722e-05,0.009566245730258497,0.9900992216627962,2.5601805190656992e-05,0.0002463694860143262
199,0.0002584139961738031,0.03775096758030856,0.9609909461984291,7.157322504058494e-05,0.0009280990000480543
200,0.00013791468482284833,0.011507074056777046,0.9877188411329578,4.347478435505556e-05,0.0005926953410873206
201,0.00016053071790947992,0.018436593014984435,0.9803254938304281,4.8454809718082203e-05,0.001028927626959939
202,8.525303112661382e-05,0.017634479059075208,0.9813328146972481,4.399348177401568e-05,0.0009034597307760788
203,0.00019736378406633298,0.01510592808470361,0.9839755434495678,3.7601558681456276e-05,0.0006835631229806598
204,0.00011453392064461948,0.01649465248344953,0.9824004162669114,7.497473877320291e-05,0.0009154225902211997
205,0.00021873281518652003,0.02517172118731575,0.9735083169030402,6.710691167587798e-05,0.0010341221827818126
206,0.00010497002929420211,0.01044960128836921,0.9888574502612124,3.559301788331524e-05,0.0005523854032410035
207,0.0001047964463969293,0.01609593661809745,0.9830826204519425,2.7431718110366478e-05,0.0006892147654529247
208,8.82252196417023e-05,0.013339720467473141,0.9860218206186697,2.976493689636959e-05,0.0005204687573190807
209,2.6926230745664596e-05,0.008420751349512277,0.9911340076239796,1.5992336442595465e-05,0.0004023224593199561
210,0.00027911867559753876,0.020956670933063682,0.9777530221590292,0.0002515593274901788,0.000759628904819478
211,0.00010665165798461527,0.012479182910224425,0.9868495379160719,4.559045602662076e-05,0.0005190370596925498
212,0.00014986469837230564,0.012130521668005715,0.987155499877039,5.502013398380734e-05,0.0005090936225992512
213,7.465992233615541e-05,0.01047332890435508,0.98907070118749,1.957611181797958e-05,0.0003617338740006532
214,8.924538783048165e-05,0.005732081100452569,0.9938367822871826,2.4140532315904202e-05,0.00031775069221831506
215,0.0022834891544474146,0.05726806636777634,0.9353037189876346,0.00028057905959934606,0.004864146430542114
216,0.0008102864869645951,0.1462029936333133,0.8499593684869814,0.00022533070534871434,0.00280202068739201
217,0.0005182769209095414,0.04407274714433244,0.9541186938700219,6.905902573977983e-05,0.0012212230389963886
218,0.0008928513447366351,0.02652481018946191,0.9718191194256314,4.816723841937153e-05,0.0007150518017507907
219,0.002737903429837863,0.3863893970305185,0.6062700590789555,0.0006904598132054292,0.003912180647482763
220,0.0016094594663442628,0.05244457118721244,0.9442265076979098,0.0003932314826038704,0.0013262301659296056
221,0.0021535413562667324,0.15380309527898778,0.83984545833071,0.0008942451261016851,0.0033036599079338835
222,0.009647898178691473,0.6397619378252787,0.3394676824963903,0.00458959606082772,0.006532885438811934
223,0.005186677622845149,0.5015993323090358,0.48215429584362207,0.004042881708336277,0.0070168125161607225
224,0.02801450084702397,0.8611286926369945,0.0656379718589067,0.028474877032481125,0.016743957624593714
225,0.05918877376125234,0.7078630444864517,0.005212833586765436,0.22383959447321872,0.00389575369231196
226,0.13490841006129678,0.7771656386098535,0.01204962290068143,0.052945422758414726,0.022930905669753338
227,0.0435908050572146,0.6287530962454433,0.0063791824680495095,0.3142479097826959,0.007029006446596697
228,0.06640715261321446,0.8039247261163127,0.004884331982155151,0.11739831049736452,0.007385478790953024
229,0.04898068248868967,0.5051093896609293,0.002742588312836798,0.43476454674616893,0.008402792791375208
230,0.014097211718723406,0.6146258533279266,0.05470461947079655,0.3084664709625077,0.008105844520045683
231,0.022040242427949178,0.34824006815744335,0.000998093826241269,0.621729306747764,0.00699228884060215
232,0.018627274544855105,0.1747263727220093,0.0008058391980352592,0.800027268606196,0.00581324492890444
233,0.01039712422211177,0.0976668112233334,0.0005680602205070928,0.8872751137680086,0.00409289056603927
234,0.01402556277953465,0.020849942156043244,0.00014057765142643771,0.9610717617944887,0.00391215561850699
235,0.016163403652949774,0.09549453626510711,0.000430097828581434,0.8837352429788591,0.004176719274502543
236,0.0161140189270815,0.0661820757534359,0.0006578215513911133,0.9150792405133895,0.001966843254701953
237,0.010351361263136648,0.02560973950630047,0.0001331567882458822,0.9618569654353084,0.002048777007008746
238,0.006868040431939217,0.07657273201423911,0.0002345224176501681,0.9119200379889452,0.0044046671472264725
239,0.010732133998064067,0.009015052867008724,5.152380456535612e-05,0.9777342061739179,0.0024670831564439595
240,0.013915032658604966,0.0273177614614904,0.0001117322628428091,0.9569131232650956,0.0017423503519663206
241,0.013990670637339697,0.041351411928883294,3.621926825198685e-05,0.9427137759549222,0.0019079222106027848
242,0.0177763293524619,0.15145993691707657,0.000567568715599877,0.8275742974546524,0.0026218675602094057
243,0.005185685488251915,0.03799395474396271,6.082419044808839e-05,0.9557549952762836,0.0010045403010537214
244,0.017682353073224372,0.06518241938587702,0.0001451806613527917,0.914362023145293,0.002628023734252771
245,0.005579881416940872,0.05245588840543329,3.8125269713931024e-05,0.9403563965078692,0.0015697084000426936
246,0.012313980608753503,0.11754402074531511,0.00010069462590778262,0.8685780179149486,0.0014632861050750197
247,0.009956008168765594,0.02218239922825625,4.7191279427104836e-05,0.9666714343510209,0.0011429669725301927
248,0.015093671502101383,0.022256860074567182,4.3217019360776366e-05,0.9599119684244288,0.0026942829795419936
249,0.024507825567785208,0.014276028886112463,3.358511538368245e-05,0.957826066180102,0.0033564942506166193
250,0.0438169013420629,0.08173247776975137,7.264729803043263e-05,0.8717717227157339,0.002606250874421395
251,0.0355865153890309,0.17846149670872044,0.0003013725811405589,0.7774987173187772,0.008151898002330942
252,0.02220646848841781,0.40160757183243057,0.0007676828266491652,0.5342380093839748,0.041180267468527515
253,0.02504105624739916,0.4101111427103452,0.0014060952727757534,0.5388393609794234,0.024602344790056387
254,0.05009059557799433,0.15131452927704192,0.00011842779253963855,0.7847457637100174,0.013730683642406661
255,0.07606823251802375,0.19041675545841028,0.0001214990721295914,0.6711419232151086,0.062251589736327786
256,0.10025041166375849,0.7366734470767252,0.002500083345066903,0.08791178685409631,0.07266427106035321
257,0.03254924785024119,0.027247457671768106,0.0010012102199746687,0.018453034359926273,0.9207490498980898
258,0.29570081654006564,0.19037166272802492,0.0004865483188260287,0.023575277316449438,0.48986569509663397
259,0.24408717820840048,0.25662616167818764,0.002361093328318844,0.015861369278693322,0.48106419750639984
260,0.6090875081936499,0.2972448601104337,0.0010183029336368352,0.03604797972695662,0.056601349035322795
261,0.07263854966814734,0.914814166612032,0.0018275500185070297,0.006650904954966004,0.004068828746347529
262,0.14262226107404405,0.784968771659976,0.008014421506141619,0.057097803211874486,0.007296742547963796
263,0.027250350827440668,0.9048359518749911,0.005312437953659642,0.058721832535625795,0.0038794268082828678
264,0.006459877113483075,0.954294771346741,0.01592639922682229,0.021979743724460973,0.0013392085884925957
265,0.01071385409008192,0.9545957600805504,0.0055709032285879,0.027382587978427693,0.0017368946223521242
266,0.00832851902809858,0.9319528293614601,0.004823874829222051,0.05353298823032978,0.001361788550889555
267,0.0040246519193793745,0.9395728855435717,0.013398783147009999,0.04161361574736028,0.001390063642678588
268,0.01796333522115997,0.7568755143822822,0.002217179781900168,0.21881808909365358,0.00412588152100412
269,0.009006902246175867,0.8940389115468707,0.017049143302974544,0.07649681993161989,0.0034082229723589857
270,0.021935900740752922,0.6313808434345406,0.0010280986462830955,0.33671278377831104,0.008942373400112355
271,0.027555392320977656,0.4187271675012097,0.0010315304601981232,0.5444628763792239,0.00822303333839063
272,0.03524073518031231,0.2550809175334925,0.0002801161033628393,0.6889413276860125,0.02045690349681981
273,0.23592893772558726,0.14314344390805708,0.00031722370844858126,0.44678594297489954,0.17382445168300747
274,0.2690590297714479,0.33009717157293567,0.00012599839211635647,0.3612436346264806,0.03947416563701951
275,0.1620150111180356,0.6907270745268388,0.002946479197612482,0.1294976389111823,0.014813796246330935
276,0.23779686160634472,0.4846168798167581,0.0013359234424439941,0.25905741709247915,0.017192918041973954
277,0.025210988577231308,0.8848415399959558,0.0040073974383045005,0.0800087647409983,0.005931309247510016
278,0.029056041302815857,0.7522514563304644,0.0030662503451176657,0.21058864593460916,0.005037606086992828
279,0.0188217760615573,0.9139726992102729,0.0011042881055133033,0.06245408677451037,0.0036471498481462916
280,0.011708378904753368,0.9037010881423169,0.0013153062641688587,0.08033873066162503,0.0029364960271358654
281,0.015047602531139875,0.9282073960741196,0.0020908875686930025,0.05164305846642918,0.00301105535961829
282,0.04525624522196789,0.7864179835143644,0.0011349905711310994,0.15607406528745524,0.011116715405081298
283,0.11845694506436526,0.4509418646949157,0.004619307592864228,0.0546792634193596,0.37130261922849517
284,0.06596066614420394,0.8903282774443477,0.0011753440032891804,0.039252450248127305,0.00328326216003169
285,0.012383178251709792,0.9695722057233809,0.004166261047734469,0.012224725460620709,0.0016536295165542226
286,0.017136349021805827,0.9548929995615335,0.001916937615039837,0.02382722582015674,0.002226487981463923
287,0.012849527614403326,0.9084616184181025,0.0010299128306634569,0.07388922156384496,0.0037697195729858453
288,0.009391083093689995,0.9536017204852927,0.0017044950405347432,0.030723917645806773,0.0045787837346759
289,0.09941551828990573,0.2153586215484652,0.002603539090841138,0.30072352817658765,0.38189879289420026
290,0.2867919388283474,0.3610123084858864,0.00018753441841431643,0.32222837357885037,0.029779844688501513
291,0.12313067891900412,0.4082004240942002,0.00083285876726721,0.07817830058908264,0.38965773763044587
292,0.16799619660218787,0.4621973144553932,0.0014501861704558216,0.03814470309255798,0.33021159967940505
293,0.15928470771224187,0.04799335177636437,0.0004699361318267751,0.06019552893366752,0.7320564754458996
294,0.1907530572030433,0.6730912030523831,0.011308598550371196,0.03816959839234338,0.08667754280185912
295,0.1630716918978218,0.7672599108271823,0.02115243118283838,0.02848926117878087,0.020026704913376717
296,0.3618776164594162,0.3784670037673749,0.004514108476223047,0.11046884072328449,0.14467243057370152
297,0.027480906965026433,0.9209267678395693,0.011016092187817616,0.025361993064118876,0.015214239943467772
298,0.007798885915760651,0.013643975646691594,0.0016027025358794176,0.0054353727439415914,0.9715190631577267
299,0.6572694423697795,0.22172327445900458,0.00048485158089151735,0.014780526044162271,0.10574190554616215
300,0.6993143709275237,0.17515849022681665,0.0017984815334659366,0.026135934623566066,0.0975927226886277
301,0.3417428832818653,0.5057189516171993,0.017737299586152656,0.007158390276388302,0.12764247523839461
302,0.12920009172294167,0.8156239546549328,0.012730683472485536,0.02386881266228083,0.018576457487359265
303,0.13873704865144565,0.798994464068349,0.009786168379089214,0.04366766240022465,0.00881465650089163
304,0.03910976488007108,0.9331151545711125,0.0022960044453431585,0.022029501353340898,0.0034495747501324995
305,0.12657646321098456,0.7871331808829898,0.010752915223896957,0.006685762189985415,0.0688516784921434
306,0.11542493088914482,0.8512943002385865,0.0025264548896881543,0.024387185789948036,0.006367128192632565
307,0.12369069412473885,0.8477283853452209,0.0055119367451358404,0.019851085569977764,0.003217898214926772
308,0.03905778678110666,0.8913804115950686,0.06023335584201714,0.004799144165921395,0.0045293016158861775
309,0.004222499011466661,0.9656328379150123,0.02631665146330345,0.0028020823988393986,0.0010259292113781867
310,0.008046896159523496,0.9800966996837658,0.00690767008173261,0.002800003451290318,0.002148730623687915
311,0.006996232921994785,0.9795880401073273,0.008841937402449766,0.0027802096009842624,0.0017935799672439147
312,0.12991530204110696,0.3982568104048811,0.04687874514106003,0.005398226330211823,0.41955091608274014
313,0.053305127192626686,0.9235247989340212,0.017093527020413307,0.0008040631310274857,0.005272483721911374
314,0.40127469825872875,0.410306518581219,0.0038607853210628974,0.0016412614197465875,0.18291673641924283
315,0.08994848820919744,0.9012949498314321,0.004509311899001082,0.00033231853037613034,0.003914931529993214
316,0.07054882457121242,0.8729482874895504,0.035046344606896096,0.0007814546116751466,0.02067508872066609
317,0.05755072903182701,0.9369777799047078,0.0022107908661259663,0.0014731591840449478,0.0017875410132941274
318,0.0033780704574685135,0.9675227405803501,0.027571813088667813,0.0010206688468078024,0.000506707026705733
319,0.01581920525154381,0.9707952486179328,0.009999923025751938,0.002469186295861476,0.0009164368089099905
320,0.007246438146752063,0.9534931790833553,0.03410410933089487,0.0041940440317531184,0.0009622294072446177
321,0.004426993967402761,0.8811698288343177,0.1067595289553577,0.005987472000209806,0.001656176242711955
322,0.010260882247132026,0.968519755186726,0.014971482911709367,0.004708918729707107,0.0015389609247256327
323,0.002065981882834592,0.8792398291679439,0.11589193096748014,0.0016773459604205877,0.0011249120213208885
324,0.031081031661751694,0.836545208447403,0.11467889104682166,0.0021522715552652074,0.015542597288758588
325,0.020357210384109533,0.87784107331455,0.09729498147031129,0.001969345757290351,0.002537389073738784
326,0.018702387902657384,0.9578581901752238,0.019271777231841657,0.0020706577989438586,0.0020969868913334007
327,0.010845303320823065,0.9225611285845476,0.06388155868507657,0.0009400478553732319,0.0017719615541793067
328,0.002604697097491955,0.597611326962333,0.39825611558245594,0.0007322645889436746,0.0007955957687755268
329,0.0012081333163063265,0.592949478583057,0.40452333344961133,0.0005262706180257552,0.0007927840329995472
330,0.0019746348077552536,0.8625818283929806,0.13231111367977066,0.0017069970709853242,0.0014254260485080986
331,0.002343099286614907,0.8643852700918802,0.1294939835666143,0.0024551337507433876,0.0013225133041472451
332,0.0022144591708324465,0.7818447295037292,0.2140315149996944,0.0005787574341837571,0.0013305388915603826
333,0.0006802578757873576,0.3607506159555376,0.6375972320456278,0.00019214158399089807,0.0007797525390563787
334,0.0018111514512230862,0.32853543065433266,0.6682780973561387,0.00025808380306631515,0.0011172367352392041
335,0.0016355232962285725,0.3353375406051637,0.6615081247379226,0.00024467504915489535,0.0012741363115303182
336,0.0012740291788453952,0.21474551981095014,0.7828830384795626,0.0001356235788273065,0.0009617889518144486
337,0.0015621452229010483,0.1469682687942143,0.8503118981746277,0.00010715052147458361,0.0010505372867823585
338,0.001068245543743432,0.23509178597689617,0.7618379074338452,0.00017895635411747875,0.0018231046913977276
339,0.0004533731342639654,0.06348145979078143,0.9354338236084067,5.812435840779037e-05,0.0005732191081400838
340,0.00013673140024058838,0.02808303728688433,0.9714330654881137,6.767373992164774e-05,0.000279492084839568
341,0.0003683623532638181,0.059347953661062144,0.9392671710539755,0.00012126245396969757,0.0008952504777288281
342,0.0002547109661008604,0.04368755863760801,0.9552769624047867,7.778578722922236e-05,0.0007029822042752551
343,0.0009585345535637957,0.14150785055345375,0.8550963623639112,0.00027402610667502864,0.002163226422396042
344,0.00040264135455028835,0.09699160995925857,0.9012760621726886,0.00012617144581929387,0.0012035150676831436
345,0.0005497280815049828,0.09217098884799646,0.9061440993228668,7.772668975515037e-05,0.0010574570578767613
346,0.02487606828384296,0.4375117771652767,0.4933357446784871,0.0006521374714559063,0.043624272400937386
347,0.005158314741357034,0.27166153527683123,0.7184161834816898,0.00027657932607624516,0.004487387174045703
348,0.008663970666667537,0.754083936012397,0.23214684612629688,0.0005054918426238002,0.004599755352014806
349,0.0018666653236463588,0.23759843606314815,0.7593120205679783,8.546537709988648e-05,0.0011374126681272941
350,0.0005001825649081722,0.11058266842758498,0.8879234386808954,0.00012955032702674263,0.000864159999584747
351,0.003911075057311404,0.5111866008474041,0.48072990874456045,0.001658317074874895,0.002514098275849238
352,0.001258943075954697,0.6106138931892611,0.3857513993075197,0.0006283822694447509,0.0017473821578197365
353,0.0011489869715712528,0.4139890709023895,0.5834443086612023,0.00039906144550758767,0.0010185720193292916
354,0.0014815559627437678,0.47153187780507305,0.5245247250813477,0.0007288723545156511,0.001732968796319809
355,0.003348939588869474,0.3344396457732518,0.658223382170305,0.0003158394240137212,0.003672193043560111
356,0.010823866028913557,0.7834619757976213,0.19960623587327522,0.0018480574062594863,0.00425986489393045
357,0.0030488322364803813,0.6463469442850573,0.34799544773514485,0.0008283843705189163,0.0017803913727984968
358,0.007138019869512318,0.7598925729138585,0.22966176313862358,0.0009026854195103899,0.0024049586584952067
359,0.004061761659626525,0.30603398684699856,0.6877455451092954,0.0005910954721710448,0.0015676109119083501
360,0.0446744237405747,0.1288903820630013,0.21884424519825885,0.002284597831054608,0.6053063511671106
361,0.0315119444646808,0.827055508831298,0.12000192844370257,0.0037560563847719303,0.017674561875546765
362,0.17429171974481455,0.6596725586539142,0.10733582949163878,0.0017380641795511041,0.05696182793008142
363,0.2497478866107049,0.5348510239859896,0.012289113988571245,0.0014081295889258672,0.2017038458258084
364,0.4438594929275408,0.5102918631745953,0.012905508875169934,0.008014050276024592,0.02492908474666942
365,0.05864474047916168,0.23952537202868107,0.675590531706401,0.0007389084098611998,0.025500447375894932
366,0.061246247790510605,0.7316831872573853,0.19291795846891394,0.00305881012347158,0.011093796359718494
367,0.010576828740474645,0.45738041123011686,0.5233971470991906,0.0009430068051997458,0.0077026061250180175
368,0.32839582953153795,0.565934856052424,0.015840228874529468,0.013179268976417736,0.07664981656509076
369,0.06823490598627283,0.8168698231790003,0.043666565252046464,0.0013609028535883421,0.069867802729092
370,0.13137916639056596,0.7716255145322367,0.08158355654417217,0.003609815099623466,0.011801947433401414
371,0.05605943921789052,0.9001499824785093,0.0358485369750326,0.004326650051170035,0.003615391277397607
372,0.0278924243115558,0.7602085956654746,0.20369858101456423,0.001311672998056777,0.006888726010348658
373,0.005873190094352445,0.3932911427645142,0.5980667381951376,0.0007064186913913467,0.002062510254604389
