epoch,N1,N2,N3,R,W
0,0.0011351335471218645,0.0005117963004951378,0.00035401746162946527,0.0010995552731442103,0.9968994974176092
1,0.01284935019773241,0.0006444747927517372,1.838432478179739e-05,0.00023046487791852674,0.9862573258068156
2,0.02239361164537489,0.0012401827375115569,2.9259794605941354e-05,0.00018710589465204788,0.9761498399278555
3,0.056937822641614524,0.002382113036872047,5.7790689781250836e-05,0.00035115617081729833,0.9402711174609147
4,0.02069473222201831,0.0006039024808278024,1.4369876687560403e-05,0.00012375284043719724,0.9785632425800291
5,0.37084509874526767,0.010837837703571412,3.2467490753729835e-05,0.0012714724945086498,0.6170131235658985
6,0.5470852763138292,0.011810836792862597,7.228144956524567e-05,0.0038407418115926598,0.4371908636321503
7,0.02353679297467268,0.004072580604907662,0.00041697344872979546,0.00011789971000351872,0.9718557532616864
8,0.02144427469915612,0.0010093118893085222,1.7030175534901354e-05,0.00021250581348407037,0.9773168774225163
9,0.030944349875145476,0.00166318557804226,2.8162691391144754e-05,0.00038414298807068454,0.9669801588673504
10,0.5285735846439974,0.021838569319611346,0.0002531730958729619,0.004501777897502606,0.44483289504301565
11,0.19345445188890936,0.06058675515800481,0.0010648434142003702,0.010827729076902862,0.7340662204619826
12,0.062313149518782224,0.003752428702264037,1.5395065221714017e-05,0.002602292461494939,0.931316734252237
13,0.01932620836280788,0.0021004092797123073,0.00025741719415948555,0.007030930807563621,0.9712850343557567
14,0.04364111381483269,0.0017362787794302883,9.1657838999937e-05,0.0004178116963435255,0.9541131378703935
15,0.2135447261202252,0.006181139027653092,0.0017657209169532483,0.01667596064054478,0.7618324532946237
16,0.9110398935687936,0.022629702464159393,0.000610913455484781,0.004785845755264189,0.06093364475629816
17,0.7751966886666258,0.06603111643902619,0.0009787331912564329,0.00811870686129847,0.1496747548417932
18,0.6288888758955192,0.2501824742702488,0.004213962998351741,0.005579577103167349,0.11113510973271286
19,0.26828802902422205,0.6622649994961961,0.029360182825502863,0.011955264454987458,0.02813152419909148
20,0.03500338995864507,0.9130622005633239,0.033342182354678986,0.009503844561814743,0.009088382561537198
21,0.02138569151093942,0.8902949191868866,0.06698239046524075,0.014183458028257807,0.007153540808675422
22,0.035863237511988916,0.9140016131868293,0.009885312518136943,0.03433847153448393,0.0059113652485610225
23,0.01531072767790427,0.9424238942876837,0.029811215960622115,0.007962861807456178,0.004491300266333819
24,0.03542191881281181,0.9419330392297813,0.012139040366313079,0.00528812017269508,0.005217881418398809
25,0.01690745058860499,0.9527759376609208,0.02428382609004098,0.0024175969940684575,0.0036151886663648245
26,0.018415834116788602,0.9566441502944749,0.01942825512540125,0.0021895635308846885,0.003322196932450497
27,0.01713109811807651,0.9491660685815348,0.027191086745335838,0.0032179984565679893,0.0032937480984848305
28,0.0170183649330945,0.8142896528665846,0.16117497977837997,0.002801327359668631,0.004715675062272232
29,0.02871579620749239,0.9393428559182633,0.01819274409447671,0.00985699061932732,0.003891613160440423
30,0.008545306081555256,0.8654624868660467,0.1198384721612748,0.002813713641418134,0.003340021249705029
31,0.006042940019592692,0.9462306939997759,0.04371170886324233,0.0016393295261670222,0.0023753275912219026
32,0.0025934667948355654,0.8853836659132589,0.1095828695582002,0.0007885072092054121,0.0016514905244998947
33,0.0034216826279669463,0.7679430680957411,0.22547936040928077,0.0005600261148020413,0.0025958627522090962
34,0.004470052835238444,0.9194644765373112,0.07292750828620746,0.0009520082867418288,0.0021859540545008617
35,0.0042361428768163106,0.7870067013258757,0.20479315176515286,0.0005412180948961778,0.003422785937258881
36,0.0011937505979951813,0.7500208168181984,0.2467106284546206,0.0001976207181010663,0.0018771834110848306
37,0.0009108347949026189,0.6734836214288225,0.32371097646283553,9.836421625264297e-05,0.0017962030971867009
38,0.0010869538993561394,0.3172273718218085,0.6804462969932429,3.7153387151119406e-05,0.001202223898441269
39,0.003139161126063176,0.47753036026011497,0.5161900168700752,0.00018338586777789614,0.002957075875968913
40,0.0007595548510854888,0.34306015164500114,0.6535381264751386,4.210000882725847e-05,0.002600067019947416
41,0.0010085680187733909,0.24251317403890632,0.7550904347742403,3.410296224258762e-05,0.001353720205837534
42,0.0015148563538952204,0.5455464050761631,0.4497305095663308,0.00013656203529444097,0.0030716669683162412
43,0.0013134427860275978,0.48904869633546594,0.5075741008406899,5.27792371278318e-05,0.0020109808006886806
44,0.0014654005535728969,0.2841530804657442,0.7131003614118597,2.1282179853543812e-05,0.001259875388969499
45,0.0010655416606451503,0.4751494477854718,0.5226283052391881,2.892662006054087e-05,0.001127778694634408
46,0.0007950090579372603,0.28216587828866796,0.7158186749523812,2.7839860412729653e-05,0.0011925978406009121
47,0.0010748848670309207,0.37657755620517336,0.6207141627400357,3.615297008475768e-05,0.0015972432176754301
48,0.0010059426835421043,0.2204387430621031,0.7769513386068576,1.3130843549852202e-05,0.0015908448039474077
49,0.002943457236987938,0.3281661320809634,0.6663984974456747,6.280418504766407e-05,0.0024291090513263616
50,0.0004803691436844709,0.17654392737766203,0.8221803177772191,1.1650870732287181e-05,0.0007837348307021509
51,0.0007876121357695974,0.2905322266408391,0.7076082252635347,1.376861329397263e-05,0.0010581673465626144
52,0.0017387134317326854,0.515673795870037,0.4799354310054237,4.2164139327728064e-05,0.0026098955534789824
53,0.0006804136643610966,0.12503670292770708,0.8731702675421773,1.0445554546603091e-05,0.0011021703112078717
54,0.0049526776452604535,0.25921970954170603,0.720815043267815,0.0002554822456702422,0.014757087299548362
55,0.0025665018445924777,0.16866564772967738,0.8030940057560941,0.0001348269676658328,0.025539017701970194
56,0.046164690969150345,0.2381938867408625,0.5393081181854911,0.0002559835414540438,0.17607732056304198
57,0.009639672475073444,0.22306286618986512,0.41854874698823685,0.0004220152864043579,0.34832669906042035
58,0.005023155346217362,0.12378710478062213,0.5837839453095095,0.00021593876349313315,0.28718985580015793
59,0.034756367201167655,0.22124867682973953,0.08150700461992955,0.0013312258640872513,0.6611567254850761
60,0.001732935749311383,0.0026895333702280093,0.0002214084196590453,1.2906038018888644e-05,0.9953432164227827
61,0.007566927862980695,0.01912706585637792,0.0013474714051718716,0.00020580623012805642,0.9717527286453415
62,0.002135329569947348,0.0013913387669340792,0.00014010650194363347,6.009144872211387e-06,0.9963272160163027
63,0.01770025446983085,0.025323251553210743,0.0035541872942015376,0.00016278558895720457,0.9532595210937996
64,0.11379738752358572,0.1437411263000351,0.1377943067846074,0.0005857048236347872,0.604081474568137
65,0.022266900523290716,0.10998181173211914,0.33765666575013487,0.0006650416790911329,0.5294295803153641
66,0.10222969423878474,0.1540753905276816,0.5833552018478214,0.0008175767492437006,0.1595221366364687
67,0.005998983934277636,0.05783652957260853,0.9172883932015916,0.00021613378690637798,0.018659959504615988
68,0.0032849470516273177,0.034148347577266806,0.9551840176656212,4.843742946768192e-05,0.007334250276016877
69,0.014955004958686886,0.11136246061697036,0.8441592383178363,0.0001880109574206909,0.029335285149085674
70,0.004514692454418864,0.10295187770933623,0.8856198855348887,7.376008657633014e-05,0.006839784214780029
71,0.005607762374081536,0.03881061535423401,0.9447944874955618,5.980646873909669e-05,0.01072732830738365
72,0.0038917072904390703,0.06608517747151627,0.919655828197638,7.846071486724716e-05,0.010288826325539326
73,0.009340528324589556,0.16876157087352348,0.8154653852032638,8.487276908252719e-05,0.006347642829540672
74,0.006635839813487955,0.04153093653749849,0.9491459200480744,4.326349189138327e-05,0.0026440401090478006
75,0.05983576560967651,0.2598723423073356,0.6730502477804156,0.00012293339640230896,0.007118710906170092
76,0.005297227338177223,0.2855109564313217,0.7055599091312346,0.0001721989133815561,0.0034597081858848177
77,0.001968157383733802,0.09385392957881043,0.9017531321411995,4.935753482288801e-05,0.0023754233614334467
78,0.019057814201186993,0.24895612733560452,0.7261744319481707,0.00011509524372862201,0.005696531271309224
79,0.013806703403204054,0.10935533848791973,0.8665546119276772,7.511654708757743e-05,0.010208229634111431
80,0.010045880987258386,0.22869114336704968,0.7569968237773186,6.485750310807528e-05,0.004201294365265318
81,0.0102322617318609,0.17326927208051926,0.8143929744541972,7.255654030821413e-05,0.002032935193114621
82,0.0425166120295926,0.2034294533566659,0.7432520515377484,0.00018451968716028374,0.0106173633888328
83,0.015181155983415299,0.07131735530568735,0.911421215616831,6.771554981558546e-05,0.0020125575442506904
84,0.028231239079330606,0.2684286131663163,0.6989741766834812,0.00020701574627365586,0.004158955324598325
85,0.010731533636240218,0.14048849552345477,0.8461978550089337,7.318728233408285e-05,0.0025089285490374016
86,0.03309409101419985,0.25165194727184353,0.7124927693288396,9.131036242998731e-05,0.0026698820226870525
87,0.039581347007415654,0.399263137103163,0.5577439824034679,0.00018823153569656693,0.003223301950256819
88,0.0020282949011977878,0.17387520400456644,0.8227059411584475,7.538099828435851e-05,0.0013151789375037738
89,0.006754649378112176,0.21881969927469494,0.772174894575865,8.443813891677359e-05,0.002166318632411184
90,0.004400813310898475,0.30917054069980365,0.6836707375703159,0.0001236664878872858,0.00263424193109466
91,0.005767074229285784,0.15914483941443783,0.8315421970833947,8.274271517622488e-05,0.003463146557705478
92,0.008755686492553764,0.5222152101711948,0.46582682277958665,0.00017707437981008862,0.0030252061768549
93,0.0034792622205107836,0.1366684550542948,0.85705864251622,5.749585289501495e-05,0.002736144356079369
94,0.034043917354929294,0.13855018510862435,0.8244179501763633,9.988438551623526e-05,0.00288806297456674
95,0.03133140020174416,0.1604205870283985,0.8041567325209257,9.250740832121774e-05,0.0039987728406105935
96,0.008096552231586484,0.0682800806636577,0.9218830945033235,3.9783988352763016e-05,0.001700488613079464
97,0.11655691036799767,0.20863828462185752,0.6694442337309373,0.0002473741995554906,0.005113197079652006
98,0.017396995532736905,0.04143116886647084,0.9250681470316255,0.00011930256305416229,0.01598438600611266
99,0.03517594711785002,0.09239515494885892,0.8550074613411567,0.00019968530477031398,0.01722175128736404
100,0.012721821063151418,0.08024685335023685,0.8978086516737923,5.868618144833603e-05,0.00916398773137122
101,0.010363893302012825,0.054228924555998384,0.9219616923152936,9.922743457994316e-05,0.013346262392115275
102,0.02132925221106956,0.09708688190503606,0.8502015975579518,0.00022715036933825734,0.031155117956604316
103,0.0015063744199694648,0.04523151926291719,0.9521904814729394,3.762847617095893e-05,0.0010339963680030004
104,0.004856513208756938,0.06456453960822578,0.9289587879232664,5.4501407631839415e-05,0.0015656578521190759
105,0.011660468754613507,0.13910668325962672,0.8475874715567788,8.291288497431919e-05,0.0015624635440068064
106,0.005485183968306602,0.1616826291130538,0.831577154269626,8.355490428692344e-05,0.0011714777447267035
107,0.007722347304714963,0.16363630378170013,0.8271527850863529,9.5823809955656e-05,0.0013927400172761106
108,0.00575521831040374,0.14744470065720716,0.8449153445277965,0.00013812660277369478,0.001746609901818734
109,0.0015976585746973458,0.0922489231173053,0.9048395600587118,8.52662581873734e-05,0.001228591991098347
110,0.006595008923131577,0.1350127183625715,0.856407344236481,0.0001671927588458405,0.0018177357189701536
111,0.014759754497395899,0.17883313690653846,0.8010667018597167,0.0003515186902477122,0.004988888046101182
112,0.005212752205346843,0.29648279580574083,0.6940132517888303,0.00044795452499491535,0.003843245675086997
113,0.07149149117860028,0.7774954203948949,0.07154419973862461,0.006330773293770608,0.07313811539410942
114,0.157079425665405,0.4822916503216711,0.008532501525968048,0.015420299906031854,0.3366761225809241
115,0.005994980677034244,0.0033878959042071407,0.0010104496545837076,0.00021094608457539898,0.9893957276795995
116,0.01624612153928346,0.00969124005885633,0.033108701465600215,0.00040907215490086206,0.9405448647813591
117,0.001722030180286374,0.0005715257347906497,0.00010146463593850283,4.532376346774518e-05,0.9975596556855166
118,0.00650089046840239,0.0011966741304680474,0.0005108528679697798,0.0001437554942446748,0.9916478270389151
119,0.002816307277720358,0.0008682950492210554,0.0005461729284459824,9.704472580037519e-05,0.9956721800188122
120,0.00786574168102835,0.0010886868233577992,0.0007493928973973453,9.286495244132475e-05,0.9902033136457753
121,0.015782543251946328,0.0037277913606486184,0.003692599476568727,0.00041436195880763596,0.9763827039520286
122,0.004888292351056989,0.0011563692180309518,0.0007643553412135658,7.08739582127011e-05,0.9931201091314857
123,0.017269212989340064,0.004980039738348184,0.0017866065453155586,0.0006683491085638628,0.9752957916184323
124,0.014866326871638235,0.006612700923340008,0.00542666146711528,0.0008491565132948873,0.9722451542246116
125,0.03694870774020963,0.01352722751152541,0.0007854553654271923,0.00027809353566187497,0.9484605158471758
126,0.031718591524209826,0.01008521601255606,0.0002562443292821985,0.0009649698888768915,0.956974978245075
127,0.03163813244714625,0.008844484356173101,0.004300749971971905,0.0007954204300154211,0.9544212127946934
128,0.05392030493152799,0.0074871290168460605,0.0028485715568535575,0.0015210037113555066,0.9342229907834169
129,0.012934180947308511,0.000928922467122411,0.000723266053144548,0.0018043686868816937,0.9836092618455429
130,0.017856025173710335,0.010141575657049318,0.0037599577873751937,0.06508340625000335,0.9031590351318618
131,0.0024181207262638084,0.0027442853570846084,0.000547820208372514,0.012119464058384915,0.9821703096498942
132,0.0012595271312219219,0.0007693243607969075,0.00013950528863254728,0.0010811650091310423,0.9967504782102176
133,0.0030895800204242974,0.002076340435882608,0.000514814373752138,0.00018127915548504084,0.9941379860144559
134,0.0012000029626887362,0.0007043736434419065,9.650541784149796e-05,0.00025036904838099595,0.9977487489276468
135,0.007156602305899056,0.005192710515294325,0.0001371610060810191,0.004345780598823818,0.9831677455739019
136,0.002301415338860108,0.0006063646613704778,0.00028284396480286105,0.00013939270415966716,0.9966699833308068
137,0.0008634997660613127,0.0008429283223164516,0.00024765890905170337,0.00011632290329362115,0.9979295900992768
138,0.0008399457679588102,0.0013414938789601402,0.0010772245990559903,0.00045084906190221406,0.9962904866921228
139,0.0008365741658160708,0.0013798832382909167,0.002670713124033992,0.00021126727439645056,0.9949015621974626
140,0.014528287807296671,0.0018831728856180863,0.034623255381323464,5.904431208004225e-05,0.9489062396136816
141,0.0010747653592972095,0.0002482427248552087,6.734651199160539e-05,4.557868568105087e-05,0.998564066718175
142,0.0010682724576011632,0.0001713964615585636,0.00011403538435745406,5.063711352063706e-05,0.9985956585829623
143,0.0036834914145621664,0.00027361573896569994,5.445038742319669e-05,0.0033790143394541276,0.9926094281195947
144,0.0010569817580282105,0.00019482968464826296,3.843908826324334e-05,0.0007856312873306975,0.9979241181817295
145,0.00880300238384303,0.0003499554622502696,8.58908990286887e-06,0.0006141198808703024,0.9902243331831334
146,0.004652341325160645,0.00023332627119629297,3.0050019820553227e-05,0.0010435802877244034,0.9940407020960981
147,0.005052875638333209,0.0002621276798153941,7.938461814995478e-06,0.00016537007434262808,0.9945116881456939
148,0.015190874720519004,0.000312733222549843,9.229237096098221e-06,0.0006599483991458468,0.9838272144206892
149,0.0021721066994734215,0.0010058127788409533,0.0002371720929833471,0.0002730433967886981,0.9963118650319137
150,0.027776748407332796,0.0018531908705409646,4.5817776413461225e-05,0.0007253205312266899,0.9695989224144861
151,0.02769553991276114,0.000501794760431443,1.0106085103527984e-05,0.0005800449824693879,0.9712125142592345
152,0.014445358725030754,0.0020954153265559986,5.181226478578167e-05,0.001051398355374589,0.9823560153282528
153,0.013295060321798183,0.0015950356480664458,0.0003654539328853679,0.0015781443067315968,0.9831663057905183
154,0.0012794012294287094,0.0007017729669180064,0.0003718773927932498,0.0004313454619535213,0.9972156029489065
155,0.010406002061097538,0.0008647405858626233,2.0439729477221133e-05,0.0013788529239564904,0.987329964699606
156,0.016102351031753098,0.0027796183534943997,9.582467040432902e-05,0.003084263716122497,0.9779379422282257
157,0.0018444763307253224,0.00041354614495021035,9.825494406736595e-05,0.0003217068058060003,0.997322015774451
158,0.007919074160107778,0.0007907369780983406,1.0401860334762894e-05,0.00044125150463930206,0.9908385354968199
159,0.00274138780009222,0.0004551580576815571,1.661310786574071e-05,0.00035787221873174145,0.9964289688156288
160,0.0021462607645761204,0.0002545054979398476,7.548828378692e-05,0.0004609309224449346,0.9970628145312522
161,0.008091815045533553,0.00018042812032305304,1.7993700968899115e-05,0.0003070296781826528,0.9914027334549917
162,0.02976711566576545,0.00043865867517158355,8.979538077855902e-06,0.0006081246324795465,0.9691771214885057
163,0.013674365321422695,0.00030834767978064854,9.722168522148333e-06,0.0003982741274805431,0.9856092907027939
164,0.004342677737896541,0.0006320135642949623,2.553568915077205e-05,0.00023650827108159206,0.9947632647375763
165,0.02981598708379078,0.0007519024242400836,2.2318708139271165e-05,0.0008312578885477366,0.9685785338952823
166,0.006447662746005732,0.000681416850458519,0.00021235507050350357,0.00046330751234511483,0.9921952578206872
167,0.006520971464770835,0.0003830651653482715,1.139007540275984e-05,0.00020454320191646346,0.9928800300925616
168,0.013533187922237986,0.0007524669363781626,3.96699501180292e-05,0.000760582426593514,0.9849140927646722
169,0.005399326453060809,0.00017377635460275157,2.3890200576949167e-05,0.0005223719673728843,0.9938806350243866
170,0.009972453473199848,0.0010665078892924751,1.8745886348257526e-05,0.0007207217751468466,0.9882215709760126
171,0.0230495900466766,0.0016909333284428135,2.7575593467665245e-05,0.0010569734140412827,0.9741749276173716
172,0.01906915593555651,0.0013066021495944612,2.2980431490955135e-05,0.0005304638482424053,0.9790707976351156
173,0.06320299753744053,0.004309157279286932,9.898170542460529e-05,0.0006438727325836861,0.9317449907452642
174,0.06681926560436227,0.0075446925774550035,6.268616182009704e-05,0.0009837613925538632,0.9245895942638087
175,0.17224528650456017,0.018025466450714487,0.0002823414248972127,0.00788028998491545,0.8015666156349127
176,0.34383167448249685,0.008547323642203064,0.00013584534812789462,0.00987093830578014,0.6376142182213922
177,0.13616363564439113,0.03683220539536911,0.00013568502739642698,0.01803398594117516,0.8088344879916682
178,0.025074180978214934,0.0023492094397447754,1.4008468388462255e-05,0.009109951008875053,0.9634526501047768
179,0.4533864487871763,0.03879240097657924,0.00011427534855033108,0.07753060886047962,0.4301762660272144
180,0.04446212671938696,0.012891352447771804,7.720883705824871e-05,0.019935484597866773,0.9226338273979162
181,0.21857361232280034,0.009612167863057727,5.781386833643659e-05,0.03220502214118636,0.739551383804619
182,0.07778682694268915,0.010815211580924768,6.744164892175011e-05,0.019004326272435288,0.892326193555029
183,0.061505924893735596,0.0029766545237127386,9.049982244410609e-06,0.007952848197067342,0.9275555224032399
184,0.4208289037853479,0.010520643451050866,8.022504777965497e-05,0.025405858229758438,0.5431643694860633
185,0.3064311310247194,0.008490522963649367,4.722635144082549e-05,0.019993225867586388,0.6650378937926039
186,0.724092605977448,0.023664662662127266,0.00015965507328098052,0.02560727272076431,0.22647580356637953
187,0.19492730612373335,0.06354194548638652,0.00022548767967170842,0.023103190678862875,0.7182020700313456
188,0.00549088557691187,0.0016311285325729611,0.0007932975430565,0.0005841822593316623,0.991500506088127
189,0.010088869805957237,0.0014891778478689783,2.366814185603647e-05,0.0007387527400852335,0.9876595314642326
190,0.05300278516381085,0.0020284246632751015,1.0161515453973344e-05,0.0015073617675452785,0.9434512668899149
191,0.08061738410687987,0.0017133809786320394,1.770804522898037e-05,0.0013187491864837047,0.9163327776827753
192,0.7901727157526718,0.015064158843175184,0.00010847607600937358,0.0098862731159093,0.18476837621223444
193,0.1420169432839155,0.02931814691315332,0.0001348987688708067,0.01758650686383273,0.8109435041702276
194,0.019674446778168576,0.0019505480999947307,2.728711272819493e-05,0.0047132864025547375,0.9736344316065536
195,0.06173231628494471,0.008897510788665934,6.493032809808988e-05,0.015112355057700158,0.9141928875405911
196,0.06087928861582655,0.0028556824085985005,7.713481761807602e-06,0.007426209449112969,0.9288311060447001
197,0.027755765618975334,0.0033274651825588165,2.2926778055378223e-05,0.01033539386400216,0.9585584485564083
198,0.10326768025550251,0.011990332333286247,2.9675460230210793e-05,0.029043638452918158,0.8556686734980629
199,0.01667713909885038,0.002349285023803049,1.5799070740634856e-05,0.009692874998641045,0.9712649018079648
200,0.05365893558057946,0.007684330344506276,3.911174415482959e-06,0.01663462258976508,0.9220182003107338
201,0.5976997503896939,0.014354300024710253,1.773703991963758e-05,0.036135969341789656,0.3517922432038866
202,0.10081287666949085,0.024335363695098748,1.5290133676057607e-05,0.03336325790376326,0.8414732115979712
203,0.6333177802633235,0.03164577852263434,0.00010478191420916905,0.08388995735874591,0.25104170194108705
204,0.47403043860573846,0.08659758776809014,0.0002748305662267609,0.26195331583329784,0.1771438272266468
205,0.36438608046093723,0.05983329369372367,0.00032182742299339656,0.36172496978701263,0.21373382863533297
206,0.13872158661985082,0.057956548246976755,0.00023489968676628563,0.6941340747796665,0.10895289066673969
207,0.10986157941611294,0.15503402631901808,0.00012963168956817796,0.6640744191512691,0.07090034342403177
208,0.15224207524400898,0.14457079430810643,0.00027070139768729004,0.6292733991360364,0.07364302991416082
209,0.07613775486400068,0.037734879830103873,0.00010841300464544383,0.0633036066729667,0.8227153456282833
210,0.11733543288743398,0.06149153930942825,0.00022462775556729325,0.23356399031711284,0.5873844097304577
211,0.07987066870712879,0.01032949433706443,2.1107853016618424e-05,0.02007512469720182,0.8897036044055884
212,0.8961466619749408,0.02332334922841658,4.528562467571608e-05,0.026234010618324952,0.05425069255364191
213,0.7803032877060516,0.050391692796000954,0.00011176644836334034,0.11083142735518903,0.05836182569439511
214,0.7005316820777644,0.10490690984343407,0.00039451409180012734,0.15686751676721208,0.03729937721978917
215,0.09230399795628642,0.5315469952041288,0.000944098901078056,0.3446674277832889,0.030537480155217837
216,0.16635239999019127,0.1419342321654768,0.00031195441188985027,0.6435974954556366,0.04780391797680549
217,0.03329415827803834,0.022758160159573205,0.00013854777869510646,0.08531713562960827,0.8584919981540851
218,0.37728127098051406,0.1454623138869131,0.0001619106755770454,0.37906045582260484,0.0980340486343911
219,0.6407160685951362,0.20352157345458935,0.0005149053981071702,0.12072226105407996,0.03452519149808723
220,0.6365006760086845,0.19957032710388362,0.000491299451705463,0.1390231996876248,0.02441449774810173
221,0.20753881574567629,0.6245612037329825,0.0012534174653017786,0.15688686213852757,0.009759700917511889
222,0.32577652749319636,0.23162773040258755,0.0005217235678896508,0.41762993693137324,0.0244440816049533
223,0.09190285190742191,0.8428514886962505,0.0028851646871570773,0.06054518107737616,0.0018153136317945206
224,0.02163308396145391,0.944257500363987,0.0032851155179875542,0.030052076907029324,0.000772223249542121
225,0.034905598383683976,0.9343323842671666,0.002144376632397258,0.027576631580444173,0.001041009136307995
226,0.02018957890430101,0.9397830743260224,0.0166022493671996,0.02248850984041858,0.0009365875620585936
227,0.05353365931294741,0.858195473794399,0.005222454838555552,0.06529709692712837,0.017751315126969754
228,0.36171840547554907,0.2808678493849414,0.0007053832974064612,0.24121516894096096,0.11549319290114218
229,0.5688265925099787,0.2712615164771521,0.0010225916410944087,0.14788705589507123,0.01100224347670369
230,0.5064994787927205,0.4479662975615235,0.0010244612938295878,0.0394078473531197,0.005101914998806586
231,0.05321282521217714,0.9271374020970521,0.006387690449156314,0.011350595674283107,0.0019114865673314672
232,0.034597214901099724,0.9204307836628314,0.005044556122680502,0.037566892906622545,0.002360552406765909
233,0.012676077658524805,0.9417313199710498,0.012805733542924856,0.030627204898289687,0.002159663929210747
234,0.098112789118595,0.08016940392060622,0.0010529759985241456,0.2167050392455947,0.60395979171668
235,0.14672943137824518,0.079195341171604,0.00018054184422197338,0.6222917739070893,0.15160291169883955
236,0.029219652990464588,0.017787549321182285,0.0019031351218154156,0.007372299838852655,0.9437173627276851
237,0.07347212441602778,0.013062898351810667,6.001060771326794e-05,0.020838074327836322,0.8925668922966119
238,0.7341730987485869,0.019510089339129136,0.0001685533365594121,0.06094663662350343,0.1852016219522213
239,0.9089961593626154,0.013042705172016226,0.00019982356170527676,0.018756170110303477,0.05900514179335935
240,0.7148371728988766,0.09673865103775621,0.0004436147616843793,0.14590728269705025,0.042073278604632516
241,0.3258160721618588,0.16907979333998144,0.0006855571591656693,0.4569374665081452,0.04748111083084885
242,0.14255761657874036,0.10143097634774134,0.0003416108299229378,0.7274061269664948,0.028263669277100757
243,0.1401633992742737,0.18322529497613332,0.000624739699275584,0.6473955496419129,0.028591016408404522
244,0.06920288099196908,0.02043006920154111,0.00015047885732306384,0.0776171433858857,0.8325994275632811
245,0.5997180131458562,0.03860016152071189,7.230043784784097e-05,0.1560199485143558,0.2055895763812283
246,0.8177817214672916,0.0344278084873503,0.00017670679717565304,0.12354733178471915,0.024066431463463198
247,0.7605565200984501,0.06858996396650655,0.0003608843824001497,0.15082741923399767,0.019665212318645597
248,0.4034334094238431,0.2115707939682808,0.000579942015857586,0.3719057016282804,0.012510152963738162
249,0.10551104905963575,0.5535679321186804,0.0013758003255109701,0.33113096974022344,0.008414248755949481
250,0.11752209693425981,0.0739983995725477,0.0002705808928307942,0.792942191073758,0.01526673152660377
251,0.18501555135194486,0.12113144940380859,0.0004074289579516567,0.6835439741235178,0.009901596162777129
252,0.0966478583904375,0.811366927755752,0.0018108123059355319,0.08502679093040705,0.005147610617467944
253,0.1657020329475514,0.41775693132664043,0.0010647146644045464,0.40576560981572946,0.00971071124567407
254,0.03623263874662791,0.8221512735252782,0.0031039075033061185,0.13659191963088474,0.0019202605939029934
255,0.3593351113930441,0.19535643355644938,0.00046686151844736685,0.13756290047479602,0.30727869305726296
256,0.5609113373467333,0.39977884802698127,0.00032202811372072037,0.028395556733822245,0.01059222977874252
257,0.3542048674941108,0.6339735646301351,0.0016943062099837344,0.008380586469469414,0.0017466751963011533
258,0.09697063851791038,0.9002008840325249,0.001287748117311673,0.0009108947348108855,0.0006298345974424111
259,0.01789916411634034,0.9792046463600798,0.000993112934654846,0.001528921964927807,0.0003741546239975143
260,0.019193022826153597,0.9641060278006878,0.013215881054992832,0.0028196461626352333,0.0006654221555306432
261,0.007169753505112247,0.980531114518118,0.010488156827179252,0.0012719772791699511,0.0005389978704205857
262,0.008354219328195217,0.9618648678531972,0.02691791896279551,0.002175237573349764,0.0006877562824622392
263,0.007313948327961936,0.9770192272440483,0.013464070523016656,0.0016121163916192115,0.0005906375133539184
264,0.012417974938013674,0.9737202312336727,0.010660543569332461,0.0018258849525278256,0.001375365306453327
265,0.0061577641118303415,0.9694784196802837,0.021320359126266973,0.0022337763149227487,0.000809680766696121
266,0.03241038928523693,0.9524375601486939,0.010111156930775297,0.003525867483784675,0.001515026151509373
267,0.0068254852496412765,0.9708934968861113,0.018866041941180276,0.002719423775010582,0.0006955521480567083
268,0.007825909638329671,0.97432211820906,0.015570742795807262,0.0016278453824755362,0.0006533839743274655
269,0.016842628848308616,0.9731383691754404,0.00689321594768103,0.0025490882420037514,0.0005766977865662469
270,0.0034372949626394053,0.9807998427988024,0.014061344719298092,0.0013073705087994116,0.0003941470104606686
271,0.011561379688154927,0.9563293595025373,0.027544209803621038,0.0034772785007224443,0.001087772504964298
272,0.004811141741775778,0.9800209779452274,0.012956040190289132,0.001705678146585242,0.0005061619761223695
273,0.005025255844812931,0.945701005907227,0.04755994842754065,0.001181935930144253,0.0005318538902750315
274,0.015476440503664689,0.96157954542575,0.01819110918667673,0.002479232023870676,0.002273672860037818
275,0.014901111691377736,0.9562122015441304,0.026359184095771062,0.0017994024587394389,0.0007281002099814489
276,0.004124055648788939,0.9774597667928927,0.017288507329636688,0.0007779544688737409,0.00034971575980802
277,0.0030451066613187794,0.948961341452677,0.046940267524262946,0.0005867676880642618,0.00046651667367712124
278,0.007301372008367034,0.9739013383058457,0.017236535049080442,0.0010793434820722317,0.0004814111546344988
279,0.001471323306689775,0.9618190792501178,0.03566196216150399,0.0006717711403086699,0.0003758641413794599
280,0.0024850807288108725,0.9396308605160749,0.05653237607612865,0.000928164726206063,0.00042351795277961794
281,0.0027211526079067294,0.9622883944042797,0.03342369785955623,0.0010945370216966725,0.00047221810656053015
282,0.006325324632954568,0.9558251374418711,0.0333124876029579,0.003915001533915064,0.0006220487883012259
283,0.014400252159655324,0.960092376942406,0.022130965096191443,0.0023660584472369357,0.0010103473545102098
284,0.008805228176684998,0.7790038065548573,0.2086302802434407,0.002697788692348089,0.0008628963326690723
285,0.005814104872778466,0.9534706731593254,0.03680047796422333,0.0031577311026725324,0.000757012901000179
286,0.000625206597460373,0.8645031066159182,0.13409559566407864,0.00046768468051890024,0.0003084064420238052
287,0.0016845154643625368,0.85715624084109,0.13831413550021268,0.0020245437034600226,0.0008205644908746884
288,0.0014785475328767635,0.8738522642118637,0.12245773068506574,0.0013776739852327743,0.0008337835849608676
289,0.0014787962216316413,0.7979789528526401,0.19831802669462234,0.0013788010625268177,0.0008454231685793139
290,0.001230302203993501,0.780588437949828,0.21653786399746694,0.001120796264899813,0.0005225995838116773
291,0.0008836992499880909,0.3441793405962695,0.6543385875355152,0.0003297674632622796,0.000268605154964864
292,0.000938049809131388,0.6691730390111618,0.3289040151249726,0.0005044355837519681,0.00048046047098240015
293,0.002146396086863171,0.5879074851339338,0.40805833562465565,0.0013020761289709887,0.0005857070255765786
294,0.0014906492996227933,0.3948348443064934,0.6023346092649664,0.0009159039068437246,0.00042399322207353643
295,0.0026188415364309025,0.6667125902055138,0.3281055356147169,0.0018925141509425567,0.0006705184923959594
296,0.0016275678966577699,0.6340789275116249,0.3626115577390941,0.001205118108716145,0.00047682874390715457
297,0.0008929125331397495,0.29497915870654556,0.7023655939117754,0.0012955414536812405,0.0004667933948580413
298,0.005356098497549943,0.6952118296778322,0.29181117005086576,0.006426949852414657,0.0011939519213373547
299,0.0031247907722115656,0.5762870062567528,0.4085298504205451,0.011282692013655135,0.0007756605368354135
300,0.005167914566006096,0.7176664131468279,0.24121611808939528,0.034004060833477616,0.0019454933642933379
301,0.008680561833679554,0.608269088802358,0.32974851097617486,0.0515494249001359,0.0017524134876517107
302,0.16356238163905776,0.3254618637043608,0.003306269480870668,0.4741317489867912,0.033537736188919524
303,0.3435733628619015,0.21823430871726315,0.0007911718967284227,0.3725889137872544,0.06481224273685265
304,0.2153882829465969,0.157059458925938,0.0008454588508634284,0.6210092430227271,0.0056975562538745615
305,0.44884046879094663,0.19507974257614305,0.0008229430520584712,0.3508073836186992,0.004449461962152778
306,0.17084415109443962,0.23679060402379049,0.0005886300244465082,0.5861705153294023,0.005606099527921019
307,0.09831847269726264,0.21628302511358444,0.0006618580983824981,0.6757468470903286,0.008989797000441696
308,0.04560407551987207,0.05016080240126663,0.00025157722262114613,0.8991029755853482,0.00488056927089208
309,0.06379283068174754,0.5580131183930446,0.0017666423927159647,0.3711906421904888,0.005236766342003002
310,0.09822119650325269,0.07454361742493776,0.00020029502096575758,0.8210135966582873,0.006021294392556504
311,0.21990515091408888,0.27172265724070943,0.0008869361207751623,0.5018602726839893,0.005624983040437214
312,0.2571296352472888,0.08021538357380371,0.0002580010551304419,0.6528653633562199,0.009531616767556997
313,0.2253131122913138,0.612528722697431,0.0005620814666183252,0.15506534499612706,0.0065307385485097276
314,0.3196675061242249,0.2955522185058507,0.0006414115449304927,0.3778090096646076,0.006329854160386478
315,0.17982589151220166,0.7604574771481316,0.0015106960737000987,0.05543160046667094,0.0027743347992955835
316,0.19252784272396867,0.6903801275885082,0.0012585970233779885,0.1135332838991571,0.0023001487649879173
317,0.0839882223843482,0.8108959383521332,0.0018795972958481975,0.10199267831255483,0.0012435636551157256
318,0.012663966297178557,0.9478397042312884,0.01196237895544561,0.026950784037694245,0.0005831664783930867
319,0.013533775908566574,0.9242526886682003,0.005710130390732564,0.05580507432454984,0.0006983307079506544
320,0.08183553161950877,0.6841398987390431,0.008545312093773223,0.2117902058964815,0.013689051651193494
321,0.09332573916336133,0.5572421140593791,0.0032929605731922833,0.34196481143247826,0.004174374771588969
322,0.10722475969129423,0.29778779284424495,0.0016886905525027606,0.5902497698211088,0.0030489870908492283
323,0.10223103508318687,0.11524586664579625,0.0010022737674403159,0.7784670433767519,0.0030537811268247774
324,0.034694939148677564,0.04328521963660858,0.00012180595133948084,0.9191117446066682,0.002786290656706253
325,0.04508338572887028,0.03790692272374043,0.00015618158333151905,0.913113274805099,0.003740235158958761
326,0.02051459442958134,0.0326943932561956,0.0001959329140151114,0.9446069108815838,0.0019881685186242965
327,0.029501388980837824,0.02002840067641699,0.00011079108202924381,0.9477281534600929,0.0026312658006232338
328,0.01774722936222523,0.01637756473706498,0.00011768232185452941,0.9643866568379736,0.0013708667408818707
329,0.01504464212881525,0.01868077540423954,9.866866333962146e-05,0.9642319334081403,0.001943980395465381
330,0.016504778231071732,0.01970388646678729,0.00010262287265422984,0.9622676500279634,0.0014210624015234623
331,0.006068967759628257,0.005657408529427366,3.8916358941205255e-05,0.9871262109343669,0.0011084964176362629
332,0.01519526962303946,0.009199064310900918,8.964867624984824e-05,0.9734845329592736,0.0020314844305362218
333,0.010803946049431277,0.012171706848508199,7.816433987249033e-05,0.9757945056961173,0.0011516770660707238
334,0.011383427005318587,0.0070148982197987975,7.356358713641509e-05,0.9798757759444819,0.001652335243264219
335,0.009261719437301872,0.010763163486247278,5.374851860040608e-05,0.9783566809236489,0.001564687634201617
336,0.02070352825459941,0.011595848675892292,5.544600570778532e-05,0.9660458856461153,0.0015992914176853324
337,0.010476484634518998,0.026933399945084903,6.674679926911178e-05,0.9610737156900113,0.0014496529311156753
338,0.015395181995149516,0.012091050405596281,5.622618214641165e-05,0.9706575123974086,0.0018000290196992076
339,0.010543742225093463,0.010223532085702414,4.038523786316759e-05,0.9772131412162496,0.0019791992350912152
340,0.019105783492366888,0.01697447371242989,6.374632832185691e-05,0.9606756999037305,0.0031802965631509373
341,0.029281540730154806,0.01508471366299201,4.4177100967351546e-05,0.9526974628107836,0.002892105695102056
342,0.06693562332723162,0.04873034069899567,0.00010391845267650737,0.8761803170973353,0.008049800423760798
343,0.07014309505469374,0.012055682183617245,5.27836623203113e-05,0.8925742042873975,0.025174234811971233
344,0.33462988019860535,0.08425367763257278,9.96458377207664e-05,0.5672422589960453,0.013774537335055848
345,0.22715566539796767,0.040855330138967826,8.717007013691965e-05,0.6570806764113691,0.07482115798155854
346,0.6583000079723534,0.07129967536145516,0.00015086054152803327,0.25929707402573343,0.010952382098930022
347,0.3461160561919212,0.07149984069459936,0.00016688595715080466,0.5709083135434445,0.011308903612884096
348,0.19379195032281038,0.12970184991976447,0.0006682558651296155,0.6702979592354164,0.005539984656879333
349,0.1098055839503763,0.32453042856500336,0.0008591919181187185,0.559929574727504,0.004875220838997543
350,0.07882079179563603,0.11259972468663,0.0005286450186833817,0.8056096398080717,0.0024411986909788673
351,0.052992815661430444,0.053530358467212824,0.00024959117938948457,0.8893700928410672,0.0038571418509000723
352,0.011588592537803945,0.01628325410493464,0.0001074771824738324,0.9697576437703469,0.002263032404440633
353,0.010556988125108531,0.009557554616515558,4.606657786384835e-05,0.9782904358092002,0.0015489548713120073
354,0.029606149385092616,0.01781920515019763,5.3622899126705424e-05,0.9502120781272566,0.0023089444383265338
355,0.03832091145402655,0.019575669269268344,8.86773834588772e-05,0.9392085512411287,0.0028061906521174625
356,0.02018167952251555,0.019452314619752418,7.881252631321632e-05,0.9575770678406824,0.0027101254907362883
357,0.013323609521541966,0.010070653810386954,5.7310850835533544e-05,0.9746816496635187,0.0018667761537170245
358,0.01974844699693925,0.009572999945824334,6.725443594259115e-05,0.9684043945047932,0.002206904116500732
359,0.062319881981703615,0.013218875672203922,3.5163684287859004e-05,0.9205831510964804,0.0038429275653244777
360,0.07777619364713818,0.024537929539718534,6.652904156828686e-05,0.8945744745380261,0.0030448732335488613
361,0.05009368611335636,0.03528163973306985,7.655030535879729e-05,0.9125694363558065,0.001978687492408497
362,0.07603313144515975,0.05732493686249988,0.00020517228774681923,0.8632109658870687,0.00322579351752501
363,0.035171246155058004,0.028753841024795466,0.00010628022245536117,0.9331714656792756,0.002797166918415587
364,0.019464919087381686,0.025291535073041854,9.842883231382614e-05,0.9528412321000193,0.0023038849072434453
365,0.01908602393305427,0.0406767243835996,0.00011728096976546386,0.9363649198971471,0.0037550508164336627
366,0.04304741983372364,0.04982890452412136,0.00015350820228484402,0.9040040199295839,0.0029661475102862635
367,0.05155488436702195,0.18838174761947288,0.000638985597196812,0.7575551049704469,0.0018692774458613636
368,0.05530494856731667,0.035379831568544046,0.00024479955598998216,0.9071616972336685,0.0019087230744809015
369,0.023000616147030646,0.013711929489810584,0.0001075482433509889,0.9613565857455119,0.0018233203742957986
370,0.00839199357421655,0.012112345514122673,0.00011423222687334849,0.9777531713926109,0.0016282572921765424
371,0.017087572994306632,0.009990598898527532,0.0006546499260018168,0.9588226917552715,0.013444486425892648
372,0.02444364793927826,0.011125345192830666,0.00020413114067493386,0.9611906540274403,0.003036221699775812
