epoch,N1,N2,N3,R,W
0,0.00022206435875523183,9.008026059511462e-05,6.150110292493571e-06,7.132781857730731e-06,0.9996745724884993
1,0.0003407855845672484,1.7696592479953975e-05,1.2803198953029928e-05,3.695279902460817e-06,0.9996250193440973
2,0.000534486908615987,8.55116048027122e-05,5.720384961103511e-06,3.2662546739638995e-05,0.9993416185548806
3,0.00020541327242053,4.7589543762999696e-05,2.468510601176719e-07,1.3073288902268221e-05,0.9997336770438541
4,0.0010108104079022487,0.00021377486066791778,7.955867932224536e-07,4.4637455242181523e-05,0.9987299816893945
5,0.001126133074346728,0.0005508374219080445,5.0951641769550724e-06,3.533549887013963e-05,0.9982825988406981
6,0.3317018519882613,0.012554242127744662,7.23678566268147e-05,0.00038581486700120065,0.655285723160366
7,0.010969591388274871,0.002140548895638604,2.5221311249661398e-05,0.00026455094671866115,0.9866000874581181
8,0.0015667240502660036,0.0007790976621608351,2.73939203357193e-05,0.00011347344396531601,0.9975133109232722
9,0.36789135553181085,0.09348941397679762,0.00018946307239995025,0.0015661586119065313,0.5368636088070851
10,0.42560283068893845,0.036554754253915196,6.987897091548596e-05,0.0013720939711996149,0.5364004421150314
11,0.6106048461238798,0.031182186990311122,0.0002586973883072501,0.0007412368717595975,0.3572130326257423
12,0.2861308301027418,0.4614307428580825,0.0002892627179650047,0.010299230907682477,0.24184993341352828
13,0.2065169304155971,0.1627730758528864,0.0004318976565249832,0.004053362400210022,0.6262247336747816
14,0.4369414707495386,0.22445576945010304,0.009359705002757629,0.005945922670805957,0.32329713212679473
15,0.10638447451592507,0.6365642976866102,0.010863558195931875,0.019972289237449252,0.22621538036408376
16,0.07018053865478771,0.3729552057077959,0.008665406283530679,0.01355521578521236,0.5346436335686733
17,0.0492922649042571,0.5839764967235425,0.014194964465787488,0.018360102357072226,0.33417617154934076
18,0.04666971391331654,0.7656732859819755,0.00860103667401936,0.006870680639678481,0.1721852827910102
19,0.09890687588715448,0.05019677422471874,0.0012923855880871587,0.0011348203453178825,0.8484691439547217
20,0.09797017439858158,0.43278316740030176,0.005749250613315856,0.004560732977550898,0.45893667461024984
21,0.4986388754866002,0.06698363283119209,3.587560865328116e-05,0.027355735935540543,0.40698588013801384
22,0.27351523763998975,0.4812511923502733,0.006607745066906566,0.0018698392738401323,0.23675598566899023
23,0.19802317645823503,0.7261479993384595,0.041964145761757866,0.001099345167179379,0.03276533327436814
24,0.04876379348901598,0.865079814012803,0.054335951543730145,0.0007745330012469265,0.0310459079532039
25,0.02594496885566449,0.9207622512927013,0.02400597089862238,0.0011211152321317234,0.028165693720880104
26,0.025748371631951306,0.8048557245510557,0.11693388817943563,0.0013573773104116596,0.05110463832714573
27,0.10341129604565658,0.8424894061441045,0.002827785843543562,0.0022274398201157595,0.04904407214657962
28,0.01964873604008884,0.8865057703152996,0.08129641956624213,0.0004570992602900856,0.012091974818079314
29,0.017620975959716397,0.8129181238403377,0.15191215355140517,0.0008501694966755728,0.016698577151865148
30,0.04043563702448851,0.9097633623215974,0.01553099290994969,0.0012174770508062887,0.033052530693158395
31,0.009979413117744343,0.8784275731310887,0.09605808740186468,0.0009443226713085344,0.014590603677993814
32,0.2979078464066582,0.3236895825311348,0.0005790609749946804,0.004685907892736657,0.3731376021944757
33,0.042663012879287185,0.8756277135866607,0.06931090628982009,0.0001477319477085428,0.012250635296523317
34,0.026398725271710072,0.8681904263805051,0.09802232226058782,0.00023078598370943602,0.0071577401034876075
35,0.026011656329500043,0.8567587128379298,0.1102559476031796,0.00016969571435119227,0.006803987515039255
36,0.016916361904808,0.7173260180301321,0.254000369672353,0.0004770689385645264,0.011280181454142519
37,0.008461805066671213,0.38411208097998306,0.6000892036769884,0.000553318052882334,0.006783592223475018
38,0.005482468513610667,0.5578169538743816,0.42637003183563954,0.00022498215076919886,0.010105563625599076
39,0.002916583379675055,0.22340897556024703,0.7683013675460794,8.932758015940967e-05,0.005283745933839057
40,0.004423922976297647,0.2051206682387318,0.7827713673562793,0.00010945284750049029,0.007574588581190742
41,0.001847827687711676,0.18055128494535602,0.8119460674039073,5.999781092784719e-05,0.0055948221520970495
42,0.0021835596012040274,0.07230549825575479,0.9225157225279754,8.40383920976923e-05,0.0029111812229680677
43,0.0006735129985736387,0.05750121457919299,0.9392330587707842,4.3814834592012176e-05,0.002548398816857097
44,0.0010541369819851004,0.05160248089411084,0.9446734701539138,5.213320342498949e-05,0.0026177787665654104
45,0.0004211472201437697,0.03509525361395474,0.963222643205354,1.0542206014010967e-05,0.001250413754533484
46,0.00029929759716073716,0.025712582376585334,0.9729364170067007,7.848620183119317e-06,0.001043854399369922
47,0.0005208452574579047,0.019306209008172343,0.9786872086599996,7.620355796760246e-06,0.0014781167185734146
48,0.0002125913175905024,0.027436749837896793,0.9712191840094777,7.603043166848945e-06,0.001123871791868085
49,0.0001431678060539836,0.026459684367511036,0.9726475820130537,3.53116601582747e-06,0.0007460346473657099
50,0.00016878299914757083,0.030490121322032538,0.9685653394639063,4.0158736386096565e-06,0.000771740341275092
51,0.00023007408330206922,0.029355673468837197,0.9694394331087303,5.614981071981822e-06,0.000969204358058565
52,0.00033416851268312407,0.028765750651098758,0.9700804030217343,4.484742796461733e-06,0.0008151930716873781
53,0.0001752948089664098,0.026787637500150674,0.9722974268712813,3.1517639551495134e-06,0.0007364890556463858
54,0.00020374169345966503,0.02933426892284515,0.969809540011816,3.2560936416180966e-06,0.0006491932782375312
55,0.00047588681929597505,0.03273528837879124,0.9659355486446982,5.261256852371707e-06,0.00084801490036244
56,0.00015623627192474943,0.009333836836447123,0.990078120436094,1.99529062759853e-06,0.00042981116490656333
57,6.537467337807344e-05,0.013983688586836731,0.9855944762876818,1.3630983930835044e-06,0.0003550973537103851
58,0.00012051518968673406,0.009441154843439619,0.9900113174396447,1.4774607686434753e-06,0.0004255350664604066
59,0.0002842993688800482,0.01695295748330519,0.982166531695681,6.911874812056017e-06,0.0005892995773217631
60,4.447164942201487e-05,0.007193191743153237,0.9925146686000118,1.5439847749200592e-06,0.00024612402263808907
61,2.493829206243722e-05,0.005393461339220469,0.9943909920891396,1.2970870918612596e-06,0.00018931119248553985
62,0.00013658843972174625,0.012797799564789483,0.9864661495452792,2.8375579503572432e-06,0.0005966248922593326
63,0.00013649856339431236,0.010591567375134527,0.9889244982615344,3.6363379846101788e-06,0.0003437994619522527
64,3.381636755896634e-05,0.006742006989472489,0.9929493692334719,2.036109531399568e-06,0.00027277129996538006
65,4.2850291686413885e-05,0.004701103415732067,0.9948398699716583,2.9802836170414685e-06,0.0004131960373060476
66,4.324294367457608e-05,0.004471551336521049,0.995065165593518,2.765927758673195e-06,0.00041727419852777373
67,0.00011875108280012577,0.010075712881910243,0.9894453146603899,4.433719374636522e-06,0.0003557876555251704
68,6.304961809388703e-05,0.0068552985561999005,0.992630753028378,3.3991962250373365e-06,0.0004474996011032086
69,4.405553064114995e-05,0.004373290336731817,0.9951659877283507,1.6850270338561454e-06,0.00041498137724248923
70,6.618106269330299e-05,0.004531744218947613,0.9949292592238285,3.452583119913019e-06,0.00046936291141059036
71,8.927116062521454e-05,0.003958150956399511,0.995472364556203,2.7683439823762066e-06,0.0004774449827898909
72,6.741787435244367e-05,0.008610775620776346,0.9909295583462404,3.5766857471638162e-06,0.00038867147288385354
73,6.035810223896236e-05,0.006173647789997372,0.9933027420340161,3.891279610236782e-06,0.0004593607941373014
74,6.79895868065148e-05,0.007860889992264402,0.9916172321166741,3.7803508937498816e-06,0.0004501079533613687
75,4.980033208230243e-05,0.00825545661763778,0.9913200981856503,3.97544928588117e-06,0.0003706694153436131
76,2.949876249970654e-05,0.003999076418238258,0.9955320017866298,3.948532376889744e-06,0.0004354745002554165
77,2.184448176422112e-05,0.004845581002854467,0.9949208282020628,2.1293475245635637e-06,0.00020961696579398852
78,2.238511709072313e-05,0.0024642913230083522,0.9972286492397222,2.16002569230175e-06,0.0002825142944866534
79,1.8413018072391265e-05,0.003592946484179649,0.9961074553793778,2.312076860511841e-06,0.00027887304150984386
80,5.163385042234925e-05,0.0046657227359476,0.9949149011292835,3.0091947986330363e-06,0.000364733089547906
81,2.570576377896569e-05,0.003451232403003169,0.9961921480386094,2.7282269875545183e-06,0.00032818556762085835
82,3.494937324050174e-05,0.0039224324381904214,0.9958108737613856,2.8196704076327855e-06,0.00022892475677583628
83,0.00016343669754714698,0.01134735495858782,0.9880613423880354,8.22122488242161e-06,0.00041964473094730436
84,3.4483856869019554e-05,0.0052594058106143005,0.9944827063712363,2.4802378261853374e-06,0.00022092372345441824
85,0.000107906732254171,0.010655526260906706,0.9888962267051508,7.660454103608263e-06,0.00033267984758479673
86,3.987873673907595e-05,0.00550887278117505,0.9942356049993571,5.034641068020443e-06,0.00021060884166071043
87,5.097156649611016e-05,0.007444928373821234,0.9921997633012,3.743984006577175e-06,0.0003005927744760072
88,7.308157522954637e-05,0.007483736243895659,0.9921633484078997,6.6914015816681495e-06,0.00027314237139340137
89,4.605000569004181e-05,0.007403381227307158,0.9923370981945457,4.210742392975114e-06,0.00020925983006417164
90,8.00497878425892e-05,0.004346660725488765,0.9951169791475362,6.2029539413159715e-06,0.0004501073851910488
91,5.776040881196203e-05,0.004111141128976627,0.9954411118717862,4.05793630921644e-06,0.00038592865411603934
92,4.3294543876188195e-05,0.0044031152946411205,0.9947414067114455,2.6170038927237217e-06,0.0008095664461446569
93,2.421003091957088e-05,0.0027952696639147517,0.9968041991842946,1.4223889151245016e-06,0.00037489873195593323
94,7.112390633105201e-05,0.007687503550495637,0.9915842357620803,5.836832048003452e-06,0.0006512999490448329
95,9.770163568428642e-05,0.006080986510997973,0.9932053585659432,6.97739218842608e-06,0.0006089758951861301
96,0.0002874274252343728,0.008147970435498588,0.9902632627140123,1.923368858300124e-05,0.0012821057366715074
97,0.00071640102505551,0.02926464545146511,0.9667752365608552,5.225668396161165e-05,0.0031914602786627774
98,0.0008024098199620112,0.052924935361077306,0.9391743089081803,9.026643078376399e-05,0.00700807947999657
99,0.0007555488176629278,0.04161993861829561,0.9510304783627962,8.242135218748186e-05,0.006511612849057848
100,0.0017017847744575227,0.06004541795375719,0.931187296446814,0.00024305479150907766,0.0068224460334622
101,0.012767414123674596,0.009296868706700379,0.0017251321712796616,0.0008805746547544058,0.9753300103435909
102,0.19767224520488325,0.030068355221548545,0.0003909862509039815,0.005526650815646701,0.7663417625070176
103,0.548253681751562,0.22870599322944363,0.00026479013980039266,0.007913305010268804,0.21486222986892523
104,0.43820081393975263,0.21502842795896498,0.0032422749688996687,0.0022454575975266082,0.3412830255348561
105,0.18715838789686176,0.511779821418948,0.12412944055536065,0.0033326109137592837,0.17359973921507027
106,0.08021414368244793,0.7250665549396592,0.13120916773453356,0.0056138079706948485,0.05789632567266454
107,0.021071625986098484,0.9344855778841965,0.009016999895604259,0.007116119268413262,0.02830967696568762
108,0.27516114901903244,0.31404782901824185,0.0009736619768465651,0.08064905236695451,0.32916830761892474
109,0.356376967871801,0.5604964384364997,0.001551872394673621,0.006850097071581253,0.07472462422544442
110,0.11372169352416076,0.8757680636009911,0.002602040072123065,0.001359363520376523,0.006548839282348781
111,0.05302480920089894,0.7883028609725681,0.14932457628552812,0.0015412221978592106,0.0078065313431457456
112,0.015823201570624886,0.8695039095440399,0.10434214775553703,0.004428986150477889,0.005901754979320226
113,0.012135040106537884,0.9414259398514268,0.022045913572845844,0.004572912832810273,0.0198201936363789
114,0.016369688509685218,0.8624079756558591,0.0768345700374388,0.025086114943782673,0.019301650853234285
115,0.028815995449953884,0.8733848440961722,0.01023624384476779,0.051173164828336885,0.036389751780769135
116,0.1971540532543479,0.4012619734415144,0.0005913008436728713,0.3165868845742479,0.08440578788621701
117,0.2946349293928446,0.4088966657762754,0.0021636293621163497,0.2601446354283335,0.034160140040430144
118,0.3162567771706394,0.29920062195099517,0.0009821623027534798,0.3582912238469139,0.025269214728697975
119,0.23927271384794424,0.32537342664842633,0.0006557781537123947,0.38837334061074824,0.04632474073916864
120,0.1272777099220313,0.05845947099723021,0.00019691469230395366,0.8030276282217541,0.011038276166680504
121,0.13927910923788134,0.2932091281317688,0.0019441135733317746,0.5337510700091506,0.03181657904786753
122,0.10459236405926238,0.05338220782332982,0.00014644554106510465,0.8006139223082653,0.04126506026807737
123,0.14036762343797696,0.049267846983851955,0.0001297505962332469,0.7860289432513261,0.02420583573061171
124,0.20148868855448338,0.0738294643731099,0.0001942580299752844,0.6407353394234172,0.0837522496190142
125,0.29229528122636683,0.04514532245264659,0.00018097535294809807,0.07113289136218909,0.5912455296058494
126,0.3138811183617231,0.04625795235532444,7.878507016245641e-05,0.37356812759152924,0.2662140166212607
127,0.2985675774715537,0.035016803733899725,3.674179863762048e-05,0.1260887202923708,0.5402901567035381
128,0.31801798932838304,0.015124163453251729,3.060974349835887e-05,0.04166975075603072,0.6251574867188361
129,0.01916817107918422,0.0028984425214098,2.4404339672638224e-05,0.004994195926574504,0.9729147861331587
130,0.02129288583659726,0.0025832132370689287,1.957193608545024e-05,0.003886732144333394,0.972217596845915
131,0.3427514404794034,0.012621562378823089,2.7099928878658933e-05,0.02426816439395136,0.6203317328189435
132,0.10211901914245673,0.3554534018617137,0.002936291361812999,0.05356695842631922,0.48592432920769724
133,0.29956009606772965,0.0899711846985587,8.587201705000932e-05,0.2513941838095522,0.3589886634071095
134,0.19038809036483742,0.05909008822012327,9.32711164919171e-05,0.4916503455088005,0.25877820478974695
135,0.16171783711909343,0.03838182425144712,9.855152305230484e-05,0.6363573175847506,0.16344446952165656
136,0.2479297058732687,0.07686843419497544,0.00016902578970919642,0.5299123349328386,0.14512049920920808
137,0.32486618327441236,0.03649847662957135,0.00010398361057760777,0.5508465650924311,0.0876847913930075
138,0.35092853817512926,0.07174943254095743,0.0001306310627210015,0.5122527068189743,0.06493869140221804
139,0.21688366114917945,0.08558926674946594,0.00030650741315270765,0.6188133343809564,0.07840723030724553
140,0.3553765646992333,0.03641643840497849,0.00016140095822526386,0.353666274928988,0.2543793210085749
141,0.15556194267512982,0.017646457935874525,8.655450304912576e-05,0.7425343755291327,0.0841706693568137
142,0.18097980830959937,0.02473388479709244,9.606676292057041e-05,0.7287042962282171,0.06548594390217048
143,0.19073594131640986,0.06051252782390832,0.00016782410951475402,0.696548087595661,0.05203561915450612
144,0.12244702876495371,0.03360010414350672,0.00017401796626924428,0.8250028620707037,0.0187759870545665
145,0.2942925415006982,0.038297255410896354,0.00018197123269930477,0.5502773625609488,0.1169508692947573
146,0.1292856504860413,0.0608370721416576,0.00013844759079673742,0.6488137906954251,0.16092503908607916
147,0.2801174474720064,0.04154649348717692,0.00011328424910961311,0.5418814946986126,0.13634128009309446
148,0.44443536997401933,0.07479368765224144,0.00012776044052142143,0.2726929633104424,0.2079502186227754
149,0.38035895138240633,0.12923669820051772,0.00012971799716738358,0.1748605721950617,0.31541406022484686
150,0.4658668503780771,0.06642755738067711,8.97463318892776e-05,0.24724328719090685,0.22037255871844968
151,0.05798549610114386,0.021133517477042802,0.000361586850268167,0.040354323248320806,0.8801650763232244
152,0.6217511983757984,0.14710503078018358,0.0003322225358576214,0.11434803735440875,0.11646351095375156
153,0.5729752740252998,0.04491471566205417,5.6719836971625745e-05,0.06369970878211552,0.31835358169355893
154,0.7274414138794781,0.0939629194939965,0.00020421742739845766,0.043545694949717315,0.13484575424940962
155,0.06656445535325689,0.8019241571259239,0.008929367056845088,0.04346925469692245,0.07911276576705167
156,0.580530457753685,0.24404325936707086,0.00014693171552333537,0.12324177922340765,0.052037571940313276
157,0.04065681978350082,0.9374646265521467,0.0027681042825851566,0.01292522904076981,0.006185220340997586
158,0.027734151365139053,0.949973199111792,0.008634112339032983,0.008338982695796408,0.005319554488239544
159,0.019749143949602074,0.9651174703552295,0.0021376371229542804,0.008088799127512293,0.004906949444701941
160,0.06637990103154463,0.8776302853812826,0.0039374294004216855,0.045399124692753014,0.0066532594939978235
161,0.026080958340654787,0.9403691875974933,0.02265990201610265,0.006722807519084426,0.004167144526664717
162,0.05680935215995387,0.920947393057969,0.0018531537788785727,0.016780942251789666,0.0036091587514090373
163,0.019507762910337522,0.953283656174166,0.020518497287072043,0.003857499194427147,0.0028325844339972713
164,0.01321896513591418,0.9731654573947083,0.00660035374677415,0.00385927341288182,0.0031559503097214193
165,0.013357291444414119,0.9008619872501036,0.07378740996280311,0.008078877291789216,0.003914434050889929
166,0.013276741316696303,0.8918533896336013,0.08552535377654973,0.006080850890539076,0.0032636643826135757
167,0.05310783842171035,0.8105910976584463,0.006999208188210349,0.12212557224977733,0.007176283481855526
168,0.01059446930766563,0.9699702414599891,0.003219131114184929,0.013674459226145663,0.002541698892014705
169,0.016624004815318106,0.9270642752639681,0.04393080779222218,0.008931715728877425,0.0034491963996141116
170,0.04368334089707332,0.8684114652110779,0.05288634221975698,0.030177006140196142,0.0048418455318957184
171,0.008274796150574675,0.7252357527972407,0.25402233475243524,0.009953988216679803,0.0025131280830694535
172,0.0394361776457416,0.9004246392181221,0.03969419685664738,0.013554458641479155,0.0068905276380096855
173,0.015366758016024643,0.9584880589854832,0.02052479108841042,0.003265723360288094,0.0023546685497939195
174,0.01639415299027298,0.879380312492421,0.09873493868903184,0.002235242573300927,0.003255353254973365
175,0.01224325045823354,0.8946883774785265,0.08977199226130593,0.0015988405317341893,0.0016975392701999166
176,0.0064874499310124695,0.8300684080475375,0.15747713968523372,0.0036119431230288114,0.0023550592131875796
177,0.005427314534747847,0.7120425991236704,0.27774665975960033,0.002488866181460568,0.002294560400520699
178,0.004532657410423172,0.47163198272896045,0.5185990074027081,0.0026706785088429718,0.0025656739490652228
179,0.00934284499550132,0.7736508201254416,0.2069412501085286,0.006609966687496436,0.003455118083032097
180,0.0811227610887457,0.3538105678766277,0.04052163618124399,0.004779760088821106,0.5197652747645615
181,0.2280782295781655,0.6726917003094551,0.07553056200522958,0.004129989435346378,0.019569518671803322
182,0.27568121394860573,0.6756823541029454,0.02338833393584714,0.0026437873385954424,0.022604310674006322
183,0.08267147410980505,0.8967622900025752,0.01245225850816533,0.0008602246845891039,0.007253752694865184
184,0.012392332003536493,0.9570925871607207,0.02715602940759846,0.0017119247403674911,0.0016471266877768932
185,0.00929340389352735,0.7108974315129948,0.2732864119872121,0.0035131677855664324,0.0030095848206993874
186,0.009710438050501109,0.9462089670220108,0.04002059759149704,0.002485479871338193,0.001574517464652937
187,0.015417726699470264,0.8173371872307907,0.16139072379891564,0.002879666004215258,0.00297469626660809
188,0.0132818879403483,0.8506677261922072,0.13156409079885645,0.0019223955191450253,0.0025638995494428676
189,0.007864808490647001,0.7255926173088393,0.2628960971308556,0.001170551356111086,0.0024759257135470326
190,0.0149979864345212,0.8397108485974584,0.14139191977023682,0.0017261972929880343,0.002173047904795765
191,0.0049823051430254615,0.7158201642023055,0.27482020938090684,0.000992461061992228,0.003384860211769953
192,0.01896795805967471,0.5140295027480276,0.4507942009857399,0.003971673160400323,0.01223666504615744
193,0.012921885031525762,0.7898960750470538,0.18878532294552403,0.004074528927343539,0.004322188048552798
194,0.021629017741924085,0.450623187576423,0.5069259857977749,0.011197508679152748,0.009624300204725132
195,0.023968998845723247,0.7156476469991182,0.23438583093043402,0.015513191263940296,0.010484331960784113
196,0.008978180845689743,0.8978699968373582,0.08003799036117168,0.008121361710496646,0.004992470245283657
197,0.02255736842390253,0.8477867023383392,0.1058391764279742,0.01791105981570869,0.005905692994075397
198,0.059271907454805185,0.6564648308393107,0.24309053775243758,0.02213793311073348,0.019034790842712923
199,0.11860895973304154,0.4320299460252157,0.014782542287448663,0.005443935884796679,0.4291346160694973
200,0.3131512726221959,0.6006527903463356,0.009886425069792426,0.023415470849951037,0.05289404111172505
201,0.14775588829320221,0.7508582828321082,0.07619601910832104,0.00281482918763986,0.02237498057872885
202,0.09558926223203922,0.8420950584787718,0.04544349212037337,0.0024799778848071333,0.014392209284008334
203,0.013751974846320757,0.8105109661185693,0.1697010776452058,0.002203505226590463,0.003832476163313777
204,0.010294249036155025,0.6974236502710565,0.28515288398087324,0.003370996754131314,0.003758219957784205
205,0.039207148567646365,0.8866037951257412,0.057425776536760745,0.010750639854885998,0.006012639914965607
206,0.03948204561562186,0.19792967343302068,0.02876540394528103,0.003038193301487523,0.7307846837045889
207,0.07777288854456076,0.8916362874010053,0.005094374550666108,0.005450773719163799,0.02004567578460418
208,0.04357773309389579,0.7537348268488233,0.18187307080443949,0.0024843733618551537,0.018329995890986224
209,0.06105602688276297,0.8237777157657243,0.02225967631463292,0.005361523656397699,0.0875450573804819
210,0.07275986319169798,0.08770146533028887,0.008251070321663894,0.002670546947955287,0.828617054208394
211,0.5123387415886947,0.37972193169930374,0.014096114289805778,0.00813425384977419,0.0857089585724216
212,0.19449612815416126,0.7804236573496193,0.012912651443269054,0.0020605534366625305,0.010107009616287665
213,0.05891833067242254,0.8973057938683887,0.03219665634406818,0.001592314577473315,0.00998690453764722
214,0.01482637072952594,0.6970320595727856,0.2799032459096274,0.00276871302285707,0.00546961076520396
215,0.010374747877962835,0.8912782866052048,0.09358446441461882,0.0018813806004896194,0.0028811205017238196
216,0.013097702699108123,0.8364251097153583,0.14477900851245729,0.003345524548094564,0.002352654524981606
217,0.02243600956306117,0.9427314274698281,0.02188866116909661,0.00907231943381433,0.0038715823641996753
218,0.0082480857636229,0.7145891743837361,0.2705315538716505,0.0028061017785264712,0.0038250842024638966
219,0.004884000028817555,0.948151474936465,0.04363867230299861,0.0014006293634015515,0.00192522336831717
220,0.03951299315322717,0.8064031552916484,0.12173854402974284,0.0040343076107076615,0.02831099991467387
221,0.00587501462447005,0.5040685624102885,0.48270980908398703,0.002116795777193415,0.005229818104060947
222,0.029976169890742012,0.9072789535343482,0.054235043812278456,0.003940684260594925,0.004569148502036545
223,0.011414362673750462,0.8928406225977882,0.09102152796042873,0.0016419859875645684,0.0030815007804683575
224,0.005977277969508423,0.7900594634145099,0.20052651472185026,0.0016447018511688638,0.00179204204296242
225,0.010817145472418,0.5948367664841336,0.3881489678457966,0.0028751945957037495,0.0033219256019481106
226,0.007477410094065464,0.8459033779460916,0.1421492496522769,0.0020650042721411473,0.0024049580354247846
227,0.006626407116016605,0.6113043426395164,0.3770696908307819,0.001716431858015731,0.0032831275556693402
228,0.00180783515307223,0.7303827519395512,0.2653335351553652,0.0008097630596475126,0.0016661146923640294
229,0.004506978991795699,0.32718121495298746,0.6661072167742997,0.0005634351517630214,0.0016411541291540023
230,0.003694769202937822,0.5675236317462068,0.42446301987100227,0.0021284875173127886,0.002190091662540314
231,0.0021724464049257238,0.4328550893811069,0.5611206067605142,0.0015461701740496355,0.002305687279403445
232,0.010880371873444802,0.5314745090805889,0.4454260788847731,0.004446030521269155,0.007773009639924105
233,0.007773628608975206,0.6378850719910798,0.3456424170528508,0.0037825451453700224,0.004916337201724209
234,0.003661928692621322,0.48818734346641296,0.4984648301830635,0.004771299152387407,0.004914598505514935
235,0.026906782501008825,0.7252326337007078,0.23072932092682116,0.0088105409906296,0.00832072188083251
236,0.014638047347856484,0.953848960173111,0.024163924999545887,0.0009600474708557298,0.006389020008630933
237,0.025879093390251084,0.8051977799069038,0.15988759013970694,0.0025536583596924988,0.006481878203445565
238,0.1974339573659517,0.31282240883588464,0.024709545401269527,0.0028814936605923163,0.4621525947363019
239,0.05517916421831998,0.9333759452082682,0.003086662700117297,0.0007490871972827668,0.0076091406760116845
240,0.023980069642026487,0.8451191546079673,0.12128995379249155,0.0005756839399823986,0.009035138017532286
241,0.02955771448477152,0.9559534310924247,0.009836206989210648,0.0006299320612595612,0.004022715372333771
242,0.013717988823956398,0.93277948599443,0.04940057407171187,0.0012219835419399086,0.0028799675679620344
243,0.006693863836056798,0.9177570161674317,0.07154427478757237,0.0013363823323504862,0.002668462876588591
244,0.010030165820669503,0.7525210560651002,0.22843772523177433,0.0039168053298741555,0.0050942475525817725
245,0.007089962420769024,0.6605377627338991,0.3191852948249665,0.00820660475563564,0.004980375264729814
246,0.004175025556912252,0.45606065162660986,0.5156159608764802,0.021222342198571196,0.0029260197414264564
247,0.012310539212939757,0.5051771541294295,0.43742123781135683,0.03131166000887291,0.013779408837401154
248,0.05589765090159597,0.8362406837016152,0.0375008610876678,0.042468814883499455,0.027891989425621416
249,0.03264338900873985,0.9273178974929218,0.0010507195765726994,0.026053060876752767,0.012934933045013084
250,0.1819620951278679,0.5106775238662036,0.004591574106368961,0.2464812941154841,0.0562875127840754
251,0.28887405648268616,0.2438937292153592,0.0014734519191612052,0.42326075074614083,0.04249801163665259
252,0.3928041504104298,0.17954975641432644,0.00044035694000460176,0.37403660929767996,0.05316912693755915
253,0.1338321787030428,0.11694826525728098,0.0019825845354513125,0.31820860992324523,0.4290283615809797
254,0.22331448327097927,0.1231012051630359,0.0002704506216301073,0.592681261456774,0.06063259948758069
255,0.18349419734283737,0.19019743417598456,0.00018774693983506253,0.5404071289129828,0.08571349262836031
256,0.23143465552879186,0.0617706469906015,0.00012440871832126248,0.6131449759255868,0.09352531283669865
257,0.22323032466140427,0.21208172083700974,0.0003262411948702906,0.4678561770637039,0.09650553624301178
258,0.26917530797435824,0.07460130807676656,0.00012423654997090135,0.565191898489455,0.0909072489094493
259,0.24679303380214573,0.10452304389412899,0.00034390316046869725,0.5790750416729014,0.06926497747035522
260,0.21575993656892503,0.048921045223112365,0.00018318682261084273,0.6944466913736402,0.04068914001171145
261,0.14384152425228616,0.04308215607495154,9.231870877137433e-05,0.7896237329596612,0.023360268004329693
262,0.06567149540532215,0.0324472306353195,4.5329039664964095e-05,0.8854269874354965,0.01640895748419678
263,0.08642169095472177,0.05521588098601338,6.820542062316942e-05,0.8293911069371042,0.028903115701537495
264,0.1397643908239107,0.06339664344903909,8.063931147692482e-05,0.7414556398760429,0.05530268653953028
265,0.14313824767453417,0.0866297862061565,9.064283272897173e-05,0.7399146263060622,0.03022669698051822
266,0.12136761846510861,0.11409455013801423,0.0001857039693327535,0.5736010843744096,0.1907510430531348
267,0.04374265062265527,0.028981706888371407,0.00010262558943239132,0.6414297503727663,0.2857432665267747
268,0.09121435431565045,0.07797306021581663,0.00011877997915030827,0.7898149144279759,0.04087889106140657
269,0.04168191694608581,0.022113190254622845,3.5280080801224e-05,0.8897826138716765,0.0463869988468137
270,0.06682905505495298,0.04191412268589646,4.577526685850873e-05,0.8426707004781314,0.04854034651416053
271,0.09974657343508456,0.0729161159922189,0.00010800169274607381,0.8035135658340496,0.023715743045900923
272,0.10070992652923894,0.09729042719725176,5.4297105086155264e-05,0.7710251124240429,0.03092023674438024
273,0.13030795776449391,0.0652026748036585,0.00013407905794265897,0.7279541676624953,0.0764011207114095
274,0.18206116029654748,0.03315088831382602,6.537421923233738e-05,0.7510603128439128,0.033662264326481214
275,0.1603364243942654,0.07957556319561414,0.00015575007958213048,0.7311558151300002,0.028776447200538124
276,0.16137642186337234,0.07695345491792875,0.0001922880847857487,0.6852227960784091,0.07625503905550422
277,0.14501420248383143,0.055805669600772614,8.760793498721645e-05,0.7601101093913675,0.03898241058904119
278,0.09122264143897907,0.038870290937425056,0.000125780368872502,0.8482185546502832,0.021562732604440003
279,0.06041400808943757,0.06928809455331805,0.0001432428804359944,0.8488451013015104,0.021309553175298
280,0.08473692016404666,0.023225494220961658,5.08834569811857e-05,0.8468419548564532,0.04514474730155731
281,0.039107109083473965,0.01844146511022162,3.194073813191391e-05,0.9153468778242403,0.027072607243932234
282,0.033831815168497516,0.027373906942151232,4.302192724988267e-05,0.8770502895206003,0.06170096644150129
283,0.028753765618833506,0.012543111482887533,5.905421742118894e-05,0.7720355373515263,0.1866085313293314
284,0.0753735312594406,0.02473267297651156,7.132516789217548e-05,0.8000109850781204,0.09981148551803513
285,0.09317061567041185,0.042493763472748566,4.14798612508009e-05,0.7396499472485799,0.12464419374700884
286,0.14060057490597166,0.02388334969331703,4.9088213580863676e-05,0.7237264876752854,0.11174049951184495
287,0.2550161978938144,0.06398614013812769,9.205711562698182e-05,0.3984421036752582,0.28246350117717267
288,0.34337706882228625,0.10141356323052259,5.997537809594792e-05,0.4003840193797644,0.1547653731893308
289,0.29906309941477033,0.12707293636174646,9.510801420721267e-05,0.33624636218965975,0.23752249401961636
290,0.25500029892951515,0.06904305771922048,5.1202256878644246e-05,0.4826936387334663,0.1932118023609194
291,0.2480034435229138,0.012786497648156413,4.627859036886472e-05,0.39802814128008945,0.3411356389584715
292,0.04351318477235008,0.012229687650645598,6.881842622056574e-05,0.2114084985106172,0.7327798106401666
293,0.056958175780003506,0.004975654407503945,2.9691409784314206e-05,0.04120917249540065,0.8968273059073075
294,0.1965400886431406,0.018927721769161254,0.00019323186182697579,0.12296541559349838,0.6613735421323729
295,0.6231724214643145,0.018679502864388027,8.134299198011957e-05,0.22096533425439885,0.13710139842491845
296,0.25290052306411626,0.08429427066893919,0.0003550845653142491,0.28190229305604664,0.3805478286455838
297,0.18243303530226782,0.08818243283920635,0.0007174367351971707,0.6499435391709043,0.07872355595242446
298,0.07279730046319828,0.19483525877249658,0.00031853984173463204,0.6587341499150797,0.07331475100749073
299,0.04169676616637763,0.08203905829200085,0.0005007519678052777,0.6405443055008512,0.235219118072965
300,0.07733801808765418,0.13994974547162628,0.00017920144810956636,0.7106255414865951,0.0719074935060149
301,0.10169664016230882,0.044909017989732895,5.706089607307149e-05,0.7850104618706713,0.06832681908121396
302,0.21276732457431533,0.04896994829523909,0.00011213941425500868,0.6203213460238974,0.11782924169229304
303,0.16730281809714131,0.15083599868671618,0.0002425614607949845,0.6181154939270731,0.06350312782827437
304,0.15773963087155152,0.24941262153070748,0.0003026482869080313,0.4127832068579127,0.17976189245292018
305,0.30891616791678256,0.12098308696009913,0.00017554256886682191,0.36364223372114723,0.2062829688331042
306,0.14614352570226444,0.35149138683217274,0.0010060418985931624,0.25133584957473465,0.250023195992235
307,0.35951179528198707,0.09290387752595633,0.0002951784900044193,0.42916934728316947,0.11811980141888258
308,0.07381750901328056,0.04854574988271332,0.0011147977689919607,0.13015647417552562,0.7463654691594885
309,0.004121057957557533,0.004274337784014389,0.0014026453442700397,0.0063491346139235945,0.9838528243002345
310,0.13673485369531072,0.02101030371142257,0.0001089555453119521,0.08838415803119147,0.7537617290167633
311,0.018410858724168835,0.0065299232403838465,0.00019279229952096704,0.008138573233854711,0.9667278525020717
312,0.025885111103199326,0.006296556955006841,0.0005706524420960723,0.003861916077967507,0.9633857634217302
313,0.6674158800933755,0.051181851661971096,0.0002988995084970623,0.017106670898832478,0.263996697837324
314,0.6255314641890551,0.23503802836574178,0.0003568093722316434,0.01789013672666656,0.12118356134630487
315,0.2509086421292,0.6255603570191575,0.0027785026327137897,0.033704764848849704,0.08704773337007894
316,0.06525549298101198,0.8853877997628401,0.001820013400782611,0.02905852867071503,0.018478165184650286
317,0.01951002669722002,0.9449318233212036,0.0005948714611256924,0.031719368045516234,0.003243910474934366
318,0.034968032325582564,0.9004616921618345,0.0005534576644720528,0.05930185422632619,0.004714963621784948
319,0.0114628619781587,0.9624149523760109,0.0022668448679043617,0.02171646743566561,0.0021388733422605093
320,0.043215188262114915,0.8714734686845551,0.003775184545262841,0.07655333723859233,0.004982821269474856
321,0.028877665754207225,0.9114557542711607,0.011278818540844561,0.04196621881709888,0.006421542616688696
322,0.021438526471115445,0.8093306517038841,0.0071833196939787534,0.15829075173419635,0.003756750396825504
323,0.009731362174466272,0.929513274401486,0.008473511816626221,0.05014165355194863,0.002140198055473111
324,0.011885618137589005,0.9219944422500896,0.007712657647411199,0.054729329684674324,0.0036779522802356662
325,0.04593365440926132,0.6321145014180752,0.002855436955158447,0.31471618022238396,0.0043802269951208955
326,0.00651154303918806,0.9488582032682735,0.012698161338053713,0.030795996113715692,0.0011360962407689894
327,0.009993186430163087,0.8673245147959847,0.08003395178724455,0.04037385520167489,0.002274491784932747
328,0.041713556765358296,0.8283068559968173,0.011136963387789594,0.11526693306475946,0.0035756907852752557
329,0.008301875108739615,0.9539967412637033,0.01661912665095383,0.019671388857793935,0.001410868118809368
330,0.0348839192640333,0.8857212343496667,0.03604079811797381,0.04041837225124323,0.0029356760170830155
331,0.017612343374103688,0.8779783482108783,0.08769327292558882,0.014722402675947653,0.0019936328134814814
332,0.00818983854765866,0.9842109139627402,0.0014677994539795136,0.004931537263484669,0.0011999107721370028
333,0.009388023040009724,0.9848291930669891,0.0024085206327584836,0.002674014765591015,0.0007002484946515022
334,0.010200970145223002,0.9096780889613397,0.07542820952914236,0.0009041142433348281,0.003788617120960071
335,0.01197456353914855,0.8938194427065728,0.09000205138613795,0.0014640463840368358,0.0027398959841039424
336,0.0074433747075249605,0.9846017364290399,0.004788697104448964,0.0017746318178650515,0.0013915599411211863
337,0.027347823124730348,0.9362627088489182,0.026843104581501874,0.005019224713570695,0.004527138731279084
338,0.0058595043978564975,0.7569811128854851,0.23178506792352627,0.0025491497655178988,0.00282516502761442
339,0.011060481840835818,0.7066081968538706,0.2762088686497411,0.004025637217069458,0.0020968154384830863
340,0.0034403254609116115,0.5782598903898669,0.4147291308539096,0.0017179193359022832,0.0018527339594094493
341,0.00423464795765634,0.540742561065079,0.4507217240538424,0.00217356820616553,0.002127498717256702
342,0.0017924758016262996,0.46816738125136076,0.5254933032981689,0.0017721289601538136,0.002774710688690155
343,0.010975923949082152,0.4598341433186053,0.5246023613316146,0.0015415380343751478,0.0030460333663226654
344,0.0032157705887385173,0.23289123339907003,0.7619635765965549,0.0003947880295156815,0.0015346313861209252
345,0.002473549238903384,0.3617463085081603,0.6321155513579255,0.0008796812749770795,0.002784909620033781
346,0.0009300678968987848,0.14607210135924567,0.8514909217423418,0.0003031343271228759,0.0012037746743911314
347,0.001716219764969321,0.14505829650039515,0.8513802798698157,0.000468259425769673,0.0013769444390500831
348,0.0008158989913877622,0.14503739526275117,0.8528429003503082,0.00021237651501108035,0.0010914288805418818
349,0.00037020896226429886,0.1566190231390922,0.8419279698036432,0.00016509863648514846,0.000917699458515236
350,0.0002561017588329172,0.06131462397431906,0.9379871395626469,4.8190275662531326e-05,0.00039394442853846185
351,0.00032264617823835306,0.06980110036364681,0.9291041159081708,9.993622070087367e-05,0.0006722013292431657
352,0.00028484113121171264,0.05491062121566193,0.9442554057841109,0.0001073255936162085,0.0004418062753992634
353,0.00021560309203520566,0.06635042681613201,0.9329300291072702,0.00010882129920407282,0.00039511968535852263
354,3.73806286709237e-05,0.017873188836531505,0.9818980270776707,2.688132040963027e-05,0.00016452213671708344
355,0.00012037726892474605,0.03193343212074508,0.9672920571614223,7.657406735561657e-05,0.0005775593815520768
356,0.00014553928760747953,0.022037177999055163,0.9774616861196268,4.744689029230524e-05,0.00030814970341812715
357,0.00014361863579314465,0.02681209942533401,0.9725330300006589,9.01638030198395e-05,0.0004210881351940672
358,5.3462648383268846e-05,0.019152593002059293,0.9804784974319289,5.194609385552144e-05,0.00026350082377284503
359,0.00015368648422379167,0.02723425418639526,0.9722694836009748,9.373250227368074e-05,0.0002488432261325313
360,5.335747707385008e-05,0.019134527478343058,0.9805029290455106,6.106090731704043e-05,0.0002481250917554897
361,6.758942917995527e-05,0.014187447672509438,0.9854446704977409,4.0187756959428956e-05,0.00026010464361021177
362,0.000350578574805272,0.051892587915312545,0.9468420762012679,0.00016402865590297775,0.0007507286527114034
363,7.608028073470565e-05,0.02428248122049837,0.975270312552122,5.553736536610217e-05,0.0003155885812787594
364,5.766298245978145e-05,0.023948443525457216,0.9757571435687686,4.480396995232589e-05,0.0001919459533620041
365,0.00021214022279000136,0.02286621037769942,0.9765286924896726,5.1912665114753604e-05,0.00034104424472325006
366,9.3903948644106e-05,0.013176296578293048,0.9863487921345214,5.269336818661489e-05,0.00032831397035472924
367,6.657308067987678e-05,0.013195644216675234,0.9864202240116158,2.906588584885782e-05,0.0002884928051800343
368,5.6004748972825337e-05,0.016086102532606675,0.9836077218792202,2.8558474669761e-05,0.00022161236453053596
369,5.626388065864566e-05,0.016718130350323268,0.9828351261609733,3.9928605036463965e-05,0.00035055100300809155
370,0.000262700877674069,0.03484747315137929,0.9643363827095509,8.434645019149393e-05,0.00046909681120408514
371,4.9812132461201855e-05,0.019511488335635423,0.9801077260559643,5.939398258246029e-05,0.0002715794933566649
372,0.0001412856049111955,0.02944656296338817,0.969999839867748,9.953254393350035e-05,0.00031277902001925335
373,2.771083031247753e-05,0.01449776812762174,0.9852783215817906,4.236444763190439e-05,0.00015383501264318943
374,0.00012174574163499717,0.0290488853455145,0.9705242125740298,7.606998025419298e-05,0.00022908635856641333
