epoch,N1,N2,N3,R,W
0,0.002156436068016025,0.00026390119494070586,1.650617097085264e-05,3.6068165469750384e-05,0.9975270884006027
1,0.006625604037116161,0.000409994369724652,1.170506715464923e-06,0.0001490524151501147,0.9928141786712936
2,0.005253177442658748,0.00022133752769798616,4.938550282147604e-06,2.5491860476226524e-05,0.9944950546188849
3,0.05028628431397441,0.0020972946128511413,9.147469177099827e-05,8.390832494047683e-05,0.9474410380564628
4,0.10853331502886499,0.005740692873466449,5.129495661927462e-05,0.00020435295632086273,0.8854703441847286
5,0.14382032354528837,0.00863579400305259,0.00019622300532773804,0.0019592982220032963,0.845388361224328
6,0.31537635491276256,0.1163456500078133,0.03113471650535263,0.0017675630684708212,0.5353757155056007
7,0.297337953608501,0.20979446339364746,0.011263777988239139,0.009539082876564525,0.4720647221330478
8,0.1838562479708001,0.37888508453512,0.04332866363717714,0.002039564404804234,0.3918904394520985
9,0.16255219759733266,0.31939509299403585,0.06602226774965629,0.0025723443074341288,0.449458097351541
10,0.10513018980961981,0.47743870210366274,0.07962439398339298,0.0030429033722263895,0.3347638107310981
11,0.09370713457528931,0.3465016092841255,0.022595669758221564,0.005804189969039074,0.5313913964133246
12,0.13228606019517208,0.2626837127539731,0.018434840326690623,0.002791271566833464,0.5838041151573307
13,0.1302904636891094,0.020567156407104697,0.002934503482226893,0.0015015575280075766,0.8447063188935514
14,0.2510280802976338,0.4483616332350102,0.0630390258114597,0.0031768942086774416,0.234394366447219
15,0.11405576832568462,0.3520437417754256,0.03385382874655318,0.004357199112723622,0.4956894620396128
16,0.029601482554302592,0.003893002495619636,0.00020893400941526105,0.002021566095820445,0.964275014844842
17,0.04592872804544995,0.02425698661674629,0.00040736780483135917,0.0017896445373951299,0.9276172729955773
18,0.004797108707026112,0.0023628449564903854,2.740217391454377e-05,0.0004755986471238011,0.9923370455154452
19,0.03403229188563769,0.002431542260386103,5.536004955766835e-05,0.00028187882469539563,0.9631989269797231
20,0.1576818727850636,0.011774590266275208,0.00036308069183878857,0.0012920398003419596,0.8288884164564805
21,0.20209701529248578,0.02967671375702385,0.0005839786074276764,0.002575334052267094,0.7650669582907956
22,0.16167079927610883,0.08356929674319835,0.0024968121677760103,0.00298118219866845,0.7492819096142485
23,0.2443491345554654,0.14534981161756622,0.0010186070789843457,0.08249244595943837,0.5267900007885457
24,0.1670779790442323,0.03949192567543547,0.0006334780914001134,0.02457635864067851,0.7682202585482537
25,0.19131638559049344,0.05489493669992064,0.00034094441226125154,0.007676605305433617,0.745771127991891
26,0.09153380241028736,0.15897026003268258,0.004914839873267417,0.00514925960426885,0.7394318380794939
27,0.01204111765071275,0.0024706850890722568,2.502175652868738e-05,0.002158637069677948,0.9833045384340084
28,0.05353233482527719,0.010605005380799754,0.00016670429832906712,0.0020442882309743816,0.9336516672646196
29,0.023750871316508847,0.009343935770428947,0.00010298992732544697,0.001975291830519105,0.9648269111552178
30,0.1526029279299677,0.033876156028904154,0.0005764183728469257,0.001974520458135436,0.8109699772101457
31,0.11431504446711645,0.01899803814186391,0.0006308284883666124,0.0021646175850797787,0.8638914713175733
32,0.045836063664234816,0.02077692391804424,0.00030035612604669635,0.0037894532513299255,0.9292972030403444
33,0.09557505262675464,0.020264165118747447,0.00026337699510193283,0.00861668911992248,0.8752807161394734
34,0.025030973800366094,0.02893455019422998,0.0006512179619417062,0.0021375722916214873,0.9432456857518406
35,0.1419980540567558,0.04020319595453311,0.0005477192800915235,0.0049260237767814645,0.8123250069318382
36,0.07952402168820057,0.01452551371418248,0.00031330425920447866,0.007197843666659873,0.8984393166717526
37,0.16789568627730558,0.03803377886196929,0.0005433902954987016,0.0037096853868431737,0.7898174591783834
38,0.09987048516928278,0.08228922855534901,0.0020975088803822503,0.006526154242754401,0.8092166231522316
39,0.12197139141159605,0.039844927885701306,0.0006340062613470499,0.00322411485596467,0.8343255595853909
40,0.16491100568970143,0.0334666337334068,0.0007926467654693868,0.001975064883858172,0.7988546489275641
41,0.08290103862730668,0.10263854912170119,0.002386342341976718,0.001519638942562069,0.8105544309664533
42,0.09675964553903452,0.027696649146118014,0.0017110788506734718,0.0019353336050345641,0.8718972928591395
43,0.09036046777518329,0.07449643779617823,0.0023275846113570307,0.0015235112027890975,0.8312919986144923
44,0.0004264820618270875,0.0011839623755530318,7.658176203768125e-05,8.482091102241677e-05,0.9982281528895597
45,0.001333938996957441,0.0006073747848856114,8.057380867110075e-05,4.858692051961478e-05,0.9979295254889662
46,0.0026189404346393164,0.0005863117522405245,2.4267295387884122e-05,4.8953320315710585e-05,0.9967215271974166
47,0.0010151809345084013,0.0002858401396187266,1.4091544061525869e-05,3.348606815322941e-05,0.9986514013136581
48,0.0002678430920850834,9.177914995912098e-05,6.322594720834636e-06,3.212241074842502e-05,0.9996019327524864
49,0.000664648442671246,0.0001791478440433798,8.98299946009332e-06,2.373677612160729e-05,0.9991234839377037
50,0.001015662729269416,0.00037757126273017295,1.3283188773722927e-05,1.72774341435367e-05,0.9985762053850833
51,0.002014918369628659,0.00042147296303592,2.6781851443987716e-05,7.136615658912301e-05,0.9974654606593023
52,0.0011704076764992696,0.0002799866930452484,1.1512781267351813e-05,3.795972910332599e-05,0.9985001331200848
53,0.0011695444212102535,0.00027210751193303503,8.149007043272435e-06,3.927354738468344e-05,0.9985109255124288
54,0.002132602754599058,0.0006517267313911255,4.600013513739575e-05,3.267499143760763e-05,0.9971369953874348
55,0.0015195562717214524,0.0008606919028304179,6.85699368363246e-05,3.1222421632345676e-05,0.9975199594669795
56,0.009993069722976197,0.0017354371297181792,6.164172878407758e-05,6.68251280797133e-05,0.9881430262904419
57,0.007473191199204229,0.0013659508206032573,4.241329109232805e-05,8.220388492148103e-05,0.9910362408041787
58,0.02131977924613416,0.0048641264319023835,0.0003011747101810341,0.00017551939089572867,0.9733394002208868
59,0.004760645541262489,0.002176291193593714,9.522694401756164e-05,8.28032061200213e-05,0.9928850331150062
60,0.001500270967773388,0.000923065241631498,1.7564239599916357e-05,4.2382153678936386e-05,0.9975167173973162
61,0.0017205258921387328,0.0005407136770058522,3.232950426690914e-05,2.169601280107816e-05,0.9976847349137875
62,0.0029493313263107093,0.0007975653493173225,1.9042802322977036e-05,5.1085156047484216e-05,0.9961829753660014
63,0.0017638406847543012,0.0006618939249613124,1.8806956826904708e-05,3.5654178618654414e-05,0.9975198042548388
64,0.006906760569817026,0.0012912820325920356,3.9087920672201095e-05,6.749881123406657e-05,0.9916953706656846
65,0.029941509631371998,0.0063882051024252455,0.00018676591169194842,0.0008524173392036744,0.9626311020153071
66,0.06876948605738414,0.009808592899297206,0.0002161472754151682,0.0005756819730259574,0.9206300917948775
67,0.07416381843312653,0.007209374098171672,9.752536586190799e-05,0.0015713270253601727,0.9169579550774797
68,0.3878984214763846,0.08152055696109509,0.002152295764347689,0.005007434995576198,0.5234212908025965
69,0.5642784941405725,0.14798892869257618,0.0010000309971196337,0.012652359335739462,0.27408018683399227
70,0.23566684993841522,0.12349062427956628,0.0019209511397196813,0.041621939596571615,0.5972996350457273
71,0.3247612499452447,0.36449359076173127,0.0042307703380234755,0.15663063152672088,0.14988375742827956
72,0.20953926489213454,0.1865232000865712,0.0048930374672990365,0.03116820327878533,0.5678762942752099
73,0.19264587027365163,0.22866787058747376,0.00835420161635159,0.026252734605186012,0.5440793229173368
74,0.2796545692621502,0.2985384592682756,0.008890354277541358,0.01191076503563749,0.40100585215639545
75,0.1815921772846853,0.14934966240799766,0.004128313795519967,0.002740047234810903,0.6621897992769862
76,0.1951020960890261,0.3086608105229772,0.004035260330148729,0.006073232508794935,0.4861286005490529
77,0.10341923054882557,0.08830871950878401,0.004853093132364791,0.0034549312046392557,0.7999640256053864
78,0.007781164844444046,0.01278930336262017,0.0003795271347270842,0.0010638603083840653,0.9779861443498246
79,0.0008474259962210595,0.002708259529219695,2.9744852314564573e-05,0.0003116881342701136,0.9961028814879745
80,0.0006899934199715798,0.0008779715798281258,3.3058436795048496e-05,0.0002511475494177307,0.9981478290139875
81,0.00086038328886589,0.0008656526335603078,2.9456171086618882e-05,0.00020230524506158532,0.9980422026614256
82,0.001345805509901661,0.0002938511252488305,7.229647262511268e-06,0.00015143896516488795,0.9982016747524222
83,0.00039631585839325194,0.0003246331964913922,8.401458762051703e-06,7.20311886059736e-05,0.9991986182977474
84,0.0007327813545500568,0.000210910166449661,1.2119980840869825e-05,6.778703563579872e-05,0.9989764014625236
85,0.0007376418602130076,0.00035170506696850004,2.134832047425196e-05,7.496240335818566e-05,0.998814342348986
86,0.0012820602778516564,0.00035821739704013826,1.602792439521789e-05,6.284864147240767e-05,0.9982808457592406
87,0.0003238253240287739,0.0001141075725293982,5.075043036435574e-06,3.920369406893061e-05,0.9995177883663364
88,0.0006405374520545119,0.00034510700437730916,1.3508139710224733e-05,4.469474718223647e-05,0.9989561526566757
89,0.0011098465319695603,0.0004392290602583434,4.300305795137403e-05,2.5381101654423967e-05,0.9983825402481664
90,0.0035108608420071196,0.00035052119883553323,2.2227129842422837e-05,2.551268411100862e-05,0.9960908781452038
91,0.000714019974632679,0.0002345538321898835,1.465256907590785e-05,1.0152013153688739e-05,0.9990266216109479
92,0.00047100770167367274,9.336095227566909e-05,8.149660613839506e-06,1.7430951408807098e-05,0.9994100507340279
93,0.001740640398059388,0.0005593485210299098,1.8061611793313457e-05,8.693617131101714e-05,0.9975950132978064
94,0.0006643654476502594,0.00019432439773557644,7.661591309723569e-06,4.2294739165803345e-05,0.9990913538241386
95,0.0008591965351607054,0.0005919275889924653,1.1292310393735672e-05,9.240275192113701e-05,0.9984451808135321
96,0.0006771016101433601,0.0002539007026661794,1.2309325897090371e-05,1.725352610023709e-05,0.9990394348351932
97,0.002282597223934667,0.00036945438498215446,1.472413511347699e-05,4.5043456134066264e-05,0.9972881807998357
98,0.0008484299616013344,0.00041785380814184596,0.00018526798655543527,4.1263870184429784e-05,0.9985071843735168
99,0.01870955811041422,0.0015807244076762705,0.00015052768341830566,0.00011503378591243086,0.9794441560125787
100,0.0019350837971633392,0.0003317936133623109,0.00016370158205473035,4.992266850600975e-05,0.9975194983389135
101,0.07330546664576755,0.010198044655695375,0.0013923244760522492,0.00042075092575362183,0.9146834132967312
102,0.09643124781415138,0.048685584615773256,0.008267524153237471,0.0007562280780671663,0.8458594153387706
103,0.1546226336156878,0.20064205162820162,0.027349048489558644,0.003216651775783694,0.6141696144907682
104,0.09023959083783921,0.0394162909205618,0.001621035813329095,0.0038091876170079754,0.864913894811262
105,0.05631491747397735,0.133378611205372,0.008971087886529115,0.005831290826021487,0.7955040926081001
106,0.2647372526845798,0.15436387446944663,0.0029280209309368523,0.007804405946200658,0.570166445968836
107,0.42435600213972724,0.2687276888604985,0.006655721654567444,0.007021222250193736,0.29323936509501297
108,0.3013845514571432,0.35905964458341033,0.008308057091288077,0.007205423877736177,0.32404232299042224
109,0.2980027333205653,0.43277856456160424,0.006045085064304222,0.00804717320759545,0.2551264438459307
110,0.39948765788367374,0.45165887688797407,0.018066088885779364,0.00977912724682178,0.12100824909575114
111,0.1737999251035671,0.652618275151384,0.06794756467291184,0.006210985448842461,0.09942324962329462
112,0.14227651489311666,0.6748047142033842,0.0205539303293917,0.013193685423294028,0.14917115515081344
113,0.37964301868806305,0.34495654246305063,0.02848592162827191,0.010173736048109089,0.2367407811725053
114,0.12161038436371215,0.52573241976061,0.24273099490789588,0.00615447320409934,0.10377172776368267
115,0.2962448234189146,0.5652931866886289,0.07533376854876406,0.0033982738268366337,0.0597299475168557
116,0.3427966193918003,0.43201086084639784,0.04034958449835238,0.009180526609603609,0.17566240865384586
117,0.17306463359881155,0.660889064400233,0.11209100864728803,0.004504362967778085,0.04945093038588939
118,0.5203799760175679,0.2584624831804143,0.015135912509299144,0.0050426594533463515,0.20097896883937233
119,0.2715642090609995,0.5150517230472019,0.06367228953894008,0.0037653365198227072,0.1459464418330358
120,0.3834813104428356,0.4717419183528513,0.04290341405977907,0.0052400441988455365,0.09663331294568847
121,0.28389715674810473,0.5728616091791204,0.009701452300410125,0.005339267585066698,0.128200514187298
122,0.15264061115677688,0.7408458088016767,0.03979452760612698,0.006255576242834667,0.06046347619258468
123,0.1524369111063374,0.7348097682786804,0.08220047034924438,0.0023633129142218955,0.02818953735151593
124,0.02258472983737895,0.6244104057359388,0.3083654561308785,0.0030243429925039863,0.041615065303299746
125,0.16907286336937535,0.43436219995645836,0.09331279794552104,0.010808074954819297,0.29244406377382587
126,0.2028093196030304,0.40605007920803254,0.041591190151535506,0.006131866704419402,0.34341754433298216
127,0.34805599147898253,0.320444133944634,0.016165288969401975,0.009033686086408366,0.30630089952057316
128,0.2978909330679662,0.5556221406054208,0.024274413984453198,0.0023620043843786617,0.11985050795778104
129,0.3159140263509294,0.5623490636966961,0.03685206405502578,0.004446703811638355,0.08043814208571014
130,0.05334384174594071,0.6815457284904739,0.18408441849769844,0.0036275958788651256,0.0773984153870219
131,0.267917430101906,0.530488749062863,0.031449080551214356,0.007943579821563124,0.16220116046245361
132,0.2868528040200389,0.4096417720007844,0.05103948103058681,0.01210772000874062,0.24035822293984938
133,0.18599649903184723,0.7084780794989907,0.02406727304954706,0.008011781328406567,0.0734463670912085
134,0.251719622439804,0.5566339205349147,0.03770023866938476,0.005201554019936283,0.14874466433596023
135,0.27319043353289024,0.5810491351913181,0.07291440235370339,0.004694065316588299,0.06815196360549985
136,0.34163548091131724,0.35717169213704303,0.025871136446938312,0.011383747812459936,0.2639379426922416
137,0.09961464219878817,0.475219415217602,0.3679727347291043,0.00591735439885299,0.05127585345565248
138,0.133295476824206,0.6351536110412347,0.09396889227435126,0.018499168163378977,0.11908285169682895
139,0.19080825766837128,0.48844371448727536,0.09102114472957838,0.025935507405666875,0.2037913757091081
140,0.09048937453306344,0.7030111308915352,0.11093596754873866,0.014386213787855703,0.08117731323880689
141,0.4123952079426055,0.32534881929478426,0.012940491398474125,0.011169213830984818,0.23814626753315116
142,0.27807690679997615,0.5844969590923546,0.02642350742400549,0.014611235991808873,0.09639139069185498
143,0.20984565866618413,0.3939479689130036,0.05747941462885925,0.014358424162994897,0.3243685336289582
144,0.40571556946330184,0.500578217453633,0.031167768834994673,0.006305059612397289,0.05623338463567332
145,0.4240371217136868,0.462836554824147,0.015181259381533262,0.005616046037152065,0.09232901804348075
146,0.42945304415595087,0.3730398985892893,0.01205251884909464,0.008750354118736295,0.17670418428692877
147,0.5446054449967236,0.36859219650941577,0.010406670662812152,0.0071817832486481105,0.06921390458240041
148,0.22624701659121002,0.619598367746232,0.026258156957140115,0.004853353241112872,0.12304310546430497
149,0.22581743262133339,0.6289419039429462,0.010714031138135353,0.008377338038411189,0.12614929425917387
150,0.3938411789107245,0.48999229470192085,0.01815626630605438,0.004690768297424254,0.09331949178387587
151,0.30675409651325647,0.6111714839721204,0.03542442744001008,0.006662929768784183,0.039987062305828824
152,0.34650285440584083,0.5736150812663932,0.021820436018948123,0.005747797602689675,0.052313830706128134
153,0.16576671386784986,0.7679444803856599,0.03030404099818476,0.005120099749555426,0.030864664998750003
154,0.2784184112273482,0.6482200800717357,0.016648332722605814,0.00762422546928739,0.04908895050902296
155,0.2149452281824223,0.7375766520348706,0.016192763884378812,0.005159329627410993,0.026126026270917212
156,0.3446953135062689,0.6024305648004601,0.018207015584263023,0.004523535370006953,0.030143570739001018
157,0.09579061519660997,0.8131878993569072,0.04123618289564499,0.00765783456227668,0.04212746798856135
158,0.1286575501985612,0.81733238943886,0.028681133281567756,0.004400118899532403,0.020928808181478804
159,0.4282697081646529,0.49656749460246546,0.013207895162537868,0.011244951672292643,0.05070995039805117
160,0.2332820385615506,0.7046148470981584,0.03260063597627219,0.0032861187197686377,0.026216359644250252
161,0.1706465980439006,0.7223766960422261,0.08483395697386395,0.003592482036308977,0.018550266903700357
162,0.20431002588818858,0.7369372222382645,0.03446525606725757,0.0039538978070595004,0.020333597999229982
163,0.12249586864861356,0.7116786856179741,0.12419760625500413,0.007199255263497151,0.034428584214911157
164,0.263880463750807,0.6293950761271166,0.0168609301336794,0.009842630725823164,0.08002089926257379
165,0.23222312511560292,0.6632899050386493,0.07935122898607197,0.004166771348047275,0.020968969511628622
166,0.23579946697162224,0.6179994593699571,0.0967802498448734,0.006337608224124647,0.04308321558942262
167,0.16560381185848108,0.7364191455056313,0.06324775221970362,0.0046266444911908094,0.030102645924993336
168,0.05229996355164782,0.5007617235814195,0.4112492821976335,0.006631160875221157,0.029057869794078147
169,0.10025290448558491,0.7779353822297876,0.09892060148623946,0.004457326600123527,0.01843378519826441
170,0.06158303460888505,0.8260980534324867,0.07670346332762726,0.008102084269300177,0.027513364361700772
171,0.31856007720321045,0.5260735088786351,0.08457799220361446,0.010655345998315855,0.06013307571622402
172,0.17682188291654852,0.696324164992088,0.10699156514487003,0.005251666826666506,0.014610720119827019
173,0.2100273526439172,0.6746919067750481,0.08120094726598624,0.007440854220920991,0.026638939094127432
174,0.1208693542483806,0.7059316747913653,0.1511498930663761,0.0040387747250764305,0.01801030316880156
175,0.027691516153541634,0.5553891596343772,0.3996845582341251,0.005137642931244319,0.01209712304671166
176,0.07677017262530285,0.7445399784202462,0.10945872534340276,0.011151555062134652,0.05807956854891335
177,0.021990102856078306,0.7708777521114606,0.19446524145610064,0.0030585637886083946,0.009608339787752322
178,0.1048588222073859,0.6513530383204948,0.22267627990127636,0.006764748351765469,0.014347111219077438
179,0.10299977819667648,0.7243181251004018,0.16024981392788268,0.005000879976929433,0.007431402798109301
180,0.04055188794323591,0.5756575892774061,0.36340211730850924,0.003506231684763561,0.016882173786085263
181,0.13593089482796045,0.6795981476653093,0.1661511211823031,0.0045738889648182,0.013745947359609082
182,0.10793556059272043,0.7138073273232441,0.11416494623526958,0.009643207188874013,0.05444895865989179
183,0.0791340477891293,0.7691063080934009,0.13990266110027894,0.0021185924541499033,0.009738390563040988
184,0.11747198921719337,0.7045301520688506,0.1292855574886696,0.008974531819470768,0.03973776940581566
185,0.40300760797866875,0.3735205071706679,0.023595080911435334,0.008935997558872668,0.1909408063803553
186,0.2826132563130485,0.5932357626097601,0.032705257948304645,0.008582126032616445,0.08286359709627042
187,0.13696179146220042,0.7244335009296471,0.03765722266427235,0.009290369618355143,0.091657115325525
188,0.09048595052593776,0.6579776377874496,0.10359362472547437,0.015018713547850438,0.13292407341328788
189,0.2918915939404105,0.2842395812064833,0.009325502868687215,0.025701339613525748,0.3888419823708932
190,0.3132907646543504,0.5646026372001435,0.021071450173704532,0.015305490212039414,0.08572965775976224
191,0.07765587507853955,0.7901494553719596,0.059488178982278,0.02424766258784533,0.04845882797937773
192,0.34335415873700054,0.5040026274439816,0.020191467922258458,0.025742247461555783,0.10670949843520372
193,0.23234546014537938,0.5703555614570557,0.021827176353882097,0.034368872072303894,0.14110292997137902
194,0.2893918589418448,0.4046947527929297,0.009885199782480215,0.03293688981167834,0.2630912986710669
195,0.6256503013549711,0.21373274646851154,0.006138322854418457,0.019939165598907523,0.1345394637231914
196,0.30608138290007153,0.3025043617210542,0.0060407227726544865,0.025271861851661817,0.36010167075455796
197,0.2920687757744284,0.276341497823659,0.012196418980492778,0.01780622956822688,0.40158707785319286
198,0.33186795679253783,0.3946883194489066,0.02827510125255144,0.035580154054653215,0.20958846845135073
199,0.30893831142110895,0.5126751843274241,0.021974498244262265,0.007656890419375673,0.14875511558782908
200,0.22790870642651584,0.5939128254703573,0.015438957847309346,0.008012299621286965,0.15472721063453043
201,0.10008047908774015,0.13601641645867005,0.002213343772043704,0.004580219466098979,0.7571095412154472
202,0.3266673899626054,0.4235444379019813,0.01613578150562422,0.010746279983651606,0.22290611064613733
203,0.09186517839709979,0.6408749153544651,0.04121911331746524,0.004622431621628386,0.22141836130934162
204,0.17656229352974379,0.11188443019201086,0.0016975166847662535,0.0038829979428062398,0.7059727616506729
205,0.3662025683910201,0.16655001262142616,0.003510005755460198,0.007770469202007553,0.45596694403008603
206,0.15979117164807852,0.7199420398688546,0.009085507596325522,0.005103824624971035,0.10607745626177026
207,0.2496863909273791,0.5338165095733202,0.0075679971837090436,0.012081195636536432,0.19684790667905522
208,0.11451839808487455,0.5136804764509556,0.02800444899276728,0.06226749044366852,0.2815291860277341
209,0.28810681676439376,0.47500740009248715,0.009097383692570325,0.04677607759856332,0.18101232185198565
210,0.5299594435375593,0.3250413390540938,0.004289040809531643,0.02367293333978395,0.1170372432590312
211,0.2660283470175365,0.6062644197975124,0.0061684390143078045,0.05243708617381209,0.06910170799683105
212,0.2040948880422174,0.74593347005048,0.0252736490223582,0.010687779898203228,0.014010212986741226
213,0.48329844333294036,0.3754462227994962,0.007112591402938676,0.03769369502984088,0.09644904743478384
214,0.08911155653253901,0.8323435277323658,0.04635926227170745,0.018360777725657525,0.01382487573773033
215,0.08241849911479063,0.8058600840925275,0.05444550751834695,0.027509228151525095,0.02976668112280981
216,0.26860741005025685,0.5258800231123211,0.005639121444668477,0.0990854632811053,0.10078798211164834
217,0.1138116954178534,0.771524369736771,0.06600713365189932,0.027682028796096665,0.020974772397379732
218,0.35421433595811663,0.5531512201966893,0.026346643326846678,0.041880928547216326,0.024406871971130978
219,0.41432635405848295,0.47375354077394766,0.01832031272331029,0.03152339090980495,0.06207640153445402
220,0.033654800225030965,0.8328192102452796,0.10630969281550279,0.009337692357586132,0.0178786043566004
221,0.21958333198177077,0.7142502690248026,0.01821061994758399,0.016262470243051365,0.0316933088027913
222,0.16384819163446196,0.7554383185227471,0.045399938941830045,0.01262488516870629,0.022688665732254452
223,0.05510174869520537,0.8533820194283791,0.03840965522565021,0.01994994395829598,0.033156632692469386
224,0.15318895925201872,0.6222091453917757,0.17854824365977512,0.010083860607236931,0.03596979108919344
225,0.1650344525506356,0.7136933929336569,0.03128355427254337,0.018735021037017192,0.07125357920614703
226,0.3558560147643171,0.3971633987783719,0.05192792719791438,0.050610912392047534,0.144441746867349
227,0.18625754901523736,0.47112497299394246,0.049382644140733206,0.16840910815186325,0.1248257256982238
228,0.3087127542495186,0.28227557634501915,0.029722999796918254,0.13610725746745625,0.24318141214108774
229,0.14895667441468421,0.2367633813634314,0.005135226211104001,0.07692213788158682,0.5322225801291937
230,0.46191166668024325,0.10866974055492565,0.000965005674725134,0.23193939013828896,0.19651419695181715
231,0.32501415050845345,0.09371092740971046,0.0030182298914211464,0.0817099812122032,0.4965467109782118
232,0.09774376246668373,0.03580623779103897,8.16746942466088e-05,0.04673000796544545,0.8196383170825852
233,0.43740159677060997,0.04475427184096037,0.00012028393131246386,0.4553745294189383,0.062349318038178704
234,0.4243444878202237,0.06607204537737446,0.0011186600323393346,0.09808858145529654,0.4103762253147659
235,0.22383687220413714,0.07970369679748958,0.00021031679914723436,0.5247889200959767,0.17146019410324945
236,0.1774127633519322,0.017309159256820143,2.9153936632009646e-05,0.7054737945925904,0.09977512886202526
237,0.3792009219936378,0.02646821177249837,6.634062712809492e-05,0.3923792402975309,0.20188528530920485
238,0.3656821682323079,0.03372286982022733,6.504398864546306e-05,0.3225446376869387,0.27798528027188063
239,0.227808339373114,0.029204449814921516,0.00011081059051034854,0.5094191195672797,0.23345728065417443
240,0.26538180773203435,0.0896895893510609,0.000472040519160167,0.32476731623616323,0.31968924616158134
241,0.25797844683847065,0.0281399377782918,0.0013125722373149378,0.15261357959924884,0.5599554635466738
242,0.1907563641960452,0.04541025673684078,0.0005322617970214128,0.5321985895667435,0.23110252770334916
243,0.13595680919622583,0.02452290841536133,0.00011750855864147809,0.5854607511019005,0.2539420227278708
244,0.11509080005014312,0.013053695701357464,0.00010388047510441316,0.8093630568382567,0.06238856693513826
245,0.3211088776643478,0.022709702497539574,0.0003656738776920814,0.2617265408766325,0.39408920508378803
246,0.21909566460358512,0.0243698344196713,0.0002559789600455905,0.4411028241123654,0.3151756979043325
247,0.16137751772809764,0.02271362152509748,0.0002906993616008996,0.4198516991311466,0.3957664622540574
248,0.09729834633704924,0.02990884543359063,0.00023102388220867567,0.7716400431937144,0.10092174115343706
249,0.10275102544096874,0.01619893930305138,2.9189645438865533e-05,0.7548332543710904,0.1261875912394506
250,0.047689176445872034,0.03731229479453786,5.8232443581261696e-05,0.8828617953243015,0.03207850099170742
251,0.06346871065155772,0.027642513881467615,8.788915821285223e-06,0.882640898040668,0.02623908851048532
252,0.0903570095933895,0.03759730272259331,4.087265041630243e-05,0.8210567775609233,0.050948037472677524
253,0.09146586667320344,0.11612361998652791,4.1252731486232606e-05,0.7700202301343145,0.022349030474467877
254,0.19338821671096845,0.044156986577495956,4.989217313859947e-05,0.5492510969804029,0.2131538075579941
255,0.11714370688486064,0.11821455308566428,0.00020193180010516555,0.6927870058546381,0.07165280237473165
256,0.1683261257190398,0.06491574530511839,0.0002658490671743932,0.4623926810379438,0.3040995988707237
257,0.1318092700276862,0.052279694306538595,0.0004178196974083344,0.6366769893195214,0.17881622664884553
258,0.09290639856496179,0.04500354824622489,0.00014478493624569755,0.8385607923594928,0.023384475893074852
259,0.13212825728435543,0.04252269723919225,0.00018865813413718277,0.655580351384392,0.16958003595792315
260,0.10201366899697188,0.21380626898164576,0.0005496151814183296,0.6610222433935011,0.022608203446462916
261,0.09333530048826601,0.13084518738915146,6.580017033263591e-05,0.7382435618546236,0.037510150097626184
262,0.15299558541068248,0.1124456239249558,4.594189106608228e-05,0.34786942741870164,0.38664342135459406
263,0.3957576008826101,0.13992065354248023,0.0010629091468017675,0.3687296637751294,0.09452917265297847
264,0.23671121575298026,0.06625362875401361,0.002061959952707542,0.2326750748748164,0.4622981206654821
265,0.4246499274791073,0.14998191336123481,0.0026351480769874914,0.1766990412145169,0.24603396986815337
266,0.4171208605801331,0.048244561190342115,0.0006972687778770696,0.15176055914544961,0.38217675030619824
267,0.3819576279190382,0.19012428268096296,0.0006674370256236898,0.39285112709661,0.03439952527776503
268,0.2651151384418199,0.05140644786840199,0.001002927443635413,0.2955106211665825,0.38696486507956007
269,0.10962640233156713,0.1487992572468049,0.0004774762112034636,0.6986405679061082,0.04245629630431641
270,0.2165333302023849,0.13392344822064903,0.0009784732177010814,0.5877362382483617,0.0608285101109032
271,0.15190948972319543,0.12043352400917381,0.0005475379702194975,0.6985883053050627,0.028521142992348578
272,0.24416313893164102,0.1390993868550231,0.0009832748596334407,0.5529931385478831,0.06276106080581932
273,0.3730527935329909,0.10964608810593723,0.0015366676977795366,0.3989528203098704,0.11681163035342189
274,0.25332970476837496,0.1817424214897416,0.0019586192626152247,0.5240727495202355,0.03889650495903273
275,0.2154188746077186,0.13347783143919398,0.004024655171747785,0.3439814953316775,0.3030971434496621
276,0.1254936463959182,0.04345987243940638,0.0005261100075995717,0.6811417696495994,0.14937860150747664
277,0.19489009301920843,0.08585115319899099,0.00019668402532805528,0.7007876381401009,0.018274431616371534
278,0.36209997842736974,0.2408365100436816,0.002379881593125618,0.27926369358650066,0.1154199363493225
279,0.11785854319723324,0.6640216067552682,0.0068952848264927,0.12658114985001961,0.08464341537098631
280,0.1563006503353333,0.30341552265395133,0.002659016984611425,0.4422358856623348,0.09538892436376904
281,0.10365918799378192,0.024372537896460742,0.0003877226895090901,0.17780326004697175,0.6937772913732764
282,0.3250847724082752,0.20795405832310224,0.0006250587772436925,0.2882899035750708,0.17804620691630801
283,0.45602669361421805,0.22873810646778933,0.0008519271350733995,0.11536305575670099,0.19902021702621808
284,0.640148113912311,0.27058673549358864,0.0038023419035085725,0.02923211404936412,0.05623069464122786
285,0.262896566731298,0.7139163462530569,0.007510329896550357,0.009735157192469167,0.0059415999266256144
286,0.414120273568861,0.5387724695955801,0.005376233407961156,0.017356022119274877,0.024375001308322822
287,0.12149962980641407,0.8092942312133813,0.05335196563782889,0.006179117105323208,0.009675056237052513
288,0.11636966005986722,0.8127113244948562,0.046546130546219144,0.012525364870631118,0.01184752002842632
289,0.043197120037996264,0.7770104819559591,0.17431752761121405,0.002974644917698344,0.002500225477132065
290,0.04303738451514768,0.8574449949878348,0.09407954524747811,0.0022754843755803614,0.003162590873959123
291,0.020776471507430873,0.5658130044573737,0.4105623915271126,0.001537833240477748,0.001310299267605005
292,0.012797078888899518,0.5551662812055667,0.42897098098383113,0.001394973752268054,0.0016706851694347484
293,0.01286176547930183,0.5552543775815824,0.428662353044775,0.0013243398454331474,0.0018971640489076666
294,0.01634372704239165,0.5357028557128622,0.44283584458339315,0.002216346809083812,0.0029012258522690755
295,0.008122398084557803,0.5117537178323476,0.476606534253373,0.0011721448088072239,0.00234520502091447
296,0.005072602016753241,0.4104798458611441,0.582252856204991,0.000687478309628573,0.0015072176074829888
297,0.011440290747346938,0.5505102693588612,0.43483795293240607,0.0013438851745274979,0.0018676017868583838
298,0.004580440464125399,0.29306024519331464,0.7005574160307384,0.0006652118002165731,0.00113668651160504
299,0.004673179950187306,0.34827106179705875,0.644362459754978,0.0008397880032260992,0.0018535104945497276
300,0.01074547993689095,0.3267723105340272,0.6592038651112962,0.0007880165844913555,0.0024903278332942666
301,0.008978659893516476,0.2430779626632688,0.745416121094772,0.0007821204276494728,0.0017451359207933713
302,0.03013203923652834,0.3402652849975093,0.6220650593034136,0.0021779389178104595,0.005359677544738444
303,0.025825741576708985,0.3294540657187665,0.6397261936868645,0.0015004447262822517,0.0034935542913777213
304,0.0013339238527183672,0.1307983727888086,0.8665981806208406,0.0002478631027859399,0.0010216596348464613
305,0.004051037303790929,0.1164881111684372,0.8770517082905113,0.000598388040934371,0.0018107551963262697
306,0.003943946865306988,0.18088025929605994,0.8122037618204032,0.0003717907121362176,0.0026002413060936657
307,0.0011015326389147034,0.05662797474481877,0.9412312307949572,0.00032138483307441937,0.0007178769882349222
308,0.0027647386223487906,0.055144803091987674,0.9401018237720893,0.0008074267636829063,0.0011812077498911736
309,0.002397858469832819,0.067833319289284,0.9275872659420279,0.0007237746551293895,0.0014577816437258096
310,0.0017196951469825193,0.0477397515305402,0.9493774362370493,0.0001424769948459744,0.001020640090582029
311,0.0013655090216538705,0.08274945863114998,0.9142640665103587,0.00036549304311835355,0.0012554727937191834
312,0.0005500958710797733,0.037444964507515555,0.9614376790705632,0.00015224583988689114,0.00041501471095467166
313,0.00038028094718195655,0.02447364202855943,0.9745910683745228,9.611915139077709e-05,0.00045888949834502733
314,0.0006538972902089546,0.034438313471279125,0.9641111511812809,7.348699687551492e-05,0.0007231510603554798
315,0.0018030908216052407,0.06695058123845768,0.9297014620643294,0.00016079829036764855,0.0013840675852401106
316,0.001746142176686994,0.04967228231356084,0.9471905204759854,0.00025028065603301976,0.0011407743777336735
317,0.0012340140066279997,0.01931950056254696,0.9778996355370763,0.0003730703308032759,0.0011737795629454834
318,0.0035969446868028255,0.035455950494419596,0.9583284327542952,0.0008697056022619179,0.0017489664622205678
319,0.0033931479238660735,0.05388128484394185,0.9380066520710815,0.0017030411843185285,0.003015873976792059
320,0.07609504005736295,0.16736958749817765,0.7095810072614294,0.01958865680652717,0.02736570837650295
321,0.06446961429911893,0.29307711238805695,0.5695032386672404,0.02439039220061581,0.048559642444967945
322,0.24285414207370387,0.27752236234414634,0.06879595263349236,0.07631430307619749,0.33451323987245984
323,0.05854569635881277,0.06342121278989894,0.0030737547418949076,0.015183873602574066,0.8597754625068194
324,0.04450455846590449,0.005559311304603763,4.0218818412963146e-05,0.0018085988332551654,0.9480873125778236
325,0.7097612732593602,0.03983445161747379,0.00147876257162704,0.007789284403015174,0.24113622814852373
326,0.789704385885506,0.14242944997627235,0.00694358654582401,0.006740386653883424,0.054182190938514056
327,0.8700677799429986,0.07101372826044669,0.0014291112539206866,0.01116550985782469,0.04632387068480962
328,0.25803199688084216,0.6142210263554805,0.016462575076803963,0.08348033117549067,0.027804070511382575
329,0.21749810673235775,0.561956273007586,0.023539029035117877,0.1622042983553129,0.034802292869625565
330,0.14410421754747305,0.7476403459081111,0.006529609023235074,0.08077898230945858,0.020946845211722152
331,0.0803278821982636,0.8549616156881605,0.03097048257443624,0.024171075390381005,0.009568944148758632
332,0.1048650066658809,0.7900959013226849,0.08908972758513492,0.011368594245429197,0.004580770180870133
333,0.26997273752313344,0.6693005494678718,0.0177075075920047,0.013669066394164828,0.029350139022825208
334,0.07010317763589786,0.8624237856984173,0.046300496937317234,0.012164764524404176,0.009007775203963599
335,0.09292461511221921,0.7201834611476574,0.17143658428230932,0.012920510983738694,0.0025348284740754753
336,0.04698055250497632,0.840289249840689,0.1015809287735031,0.007430088071102925,0.003719180809728522
337,0.012670685822133017,0.683747913646211,0.29998688455898487,0.002188618905452388,0.0014058970672187461
338,0.01391899316655079,0.7865313454039949,0.19103620405689276,0.006322884213028023,0.0021905731595334523
339,0.022550808443987057,0.718512205006606,0.24991537733743885,0.005417876363482938,0.0036037328484852475
340,0.011616001765728945,0.636741749786599,0.3476005651966074,0.0018233892859807971,0.0022182939650838007
341,0.006707850045303656,0.7010970039450248,0.2899376491252673,0.0006239934966544843,0.0016335033877498668
342,0.008922430856401152,0.7220863767471639,0.2655145004685012,0.0015193495815325946,0.0019573423464011776
343,0.0043342533359081135,0.41565813932945794,0.5776922385750497,0.0007026665802803326,0.0016127021793038545
344,0.005717177770149874,0.26989858116635446,0.7226208153335172,0.000626253208913703,0.001137172521064531
345,0.009011831029695357,0.24457329133457362,0.7425324001517637,0.0007844005110282004,0.003098076972939163
346,0.016017060424668505,0.2689360905570159,0.7094372745785072,0.0025875398253765386,0.003022034614431755
347,0.004316169920088443,0.08362427925793176,0.9096666156255978,0.0005983065548738433,0.0017946286415080896
348,0.003873009373810738,0.21904060755868934,0.7748817561206162,0.00026683041943862366,0.001937796527445019
349,0.007121357486914074,0.18650256250773337,0.8028841500757574,0.0005231876644936816,0.0029687422651015396
350,0.0014524010862899705,0.09673481538724224,0.90092367517499,0.00024897984977463594,0.0006401285017031857
351,0.003038880865204408,0.08251719955144539,0.909884257455144,0.0027248029639701226,0.001834859164236181
352,0.0013744261643946756,0.0692031030815568,0.9279968883265924,0.0005092346262173159,0.0009163478012386009
353,0.0009035159138546088,0.04063044187623333,0.9576688220784515,0.00030870874821771417,0.000488511383242728
354,0.0006330217458079602,0.04113659198604522,0.9569053511049395,0.00037023025897044886,0.0009548049042369815
355,0.0005757253650401319,0.03568076277550064,0.9623816398569364,0.000464753598484449,0.0008971184040384268
356,0.0006975048832402696,0.02867635665216302,0.9692036812175195,0.0003238333901348073,0.0010986238569425087
357,0.0006651364429765133,0.07069003290726862,0.9275401931072264,0.0003633070564231272,0.0007413304861054648
358,0.0006361235575779224,0.03343438372939126,0.9649850981226754,0.00010616635884261452,0.0008382282315130006
359,0.00031874479845529053,0.018283250391071378,0.9804449067475501,0.00031333922487813943,0.0006397588380450324
360,0.0001553736162575269,0.01943466156771859,0.9800176532141652,9.046398323138932e-05,0.0003018476186274942
361,0.0005842073423655554,0.024403700606864455,0.9742763241087413,8.913341126099191e-05,0.0006466345307675866
362,0.0014728749283812695,0.06286260664892684,0.9340436767331621,0.0003150973388509248,0.0013057443506787451
363,0.0003259799638825061,0.017756370799036688,0.9813699822746481,0.00012199988414822894,0.00042566707828440203
364,0.00015335629213151554,0.0087576518414799,0.9905564721954702,6.673568727913244e-05,0.0004657839836393155
365,0.00017861173432841043,0.009929780087390375,0.9895172065317288,7.255348426523752e-05,0.0003018481622872156
366,0.0004411262318519362,0.02435324169287173,0.9745352311958432,0.00010435851388217364,0.0005660423655508694
367,0.00028054115508224493,0.01433546708735537,0.9849182034585139,6.615576914687986e-05,0.0003996325299017179
368,0.0005587997874823896,0.022371741886937763,0.9762408721003871,0.00011295120922852404,0.0007156350159642112
369,0.0011657838736586737,0.01707141560228302,0.9808157481494506,0.00018539122232437652,0.0007616611522832058
370,0.00042701595976845513,0.012615196285390118,0.9861711626457542,0.00011985666153453288,0.0006667684475527439
371,0.00038271552144058656,0.010101954271884966,0.9891183735067888,2.991091418748827e-05,0.0003670457856983073
372,0.0009629402346091336,0.015518379745762662,0.9823433374716505,0.00016796528156220783,0.0010073772664155527
373,0.00034289512352743114,0.018229851253131726,0.980886434738375,7.00716102980323e-05,0.00047074727466764717
374,0.0003228573913556638,0.016790826499714105,0.9823399532602178,9.92622574297302e-05,0.0004471005912826848
375,0.0013646309317218767,0.05952093357133364,0.9375032028605997,0.00014094460410632806,0.0014702880322383358
376,0.0008931805130150973,0.04278519139414122,0.9546824393199397,0.0003816137377604177,0.0012575750351436741
