epoch,N1,N2,N3,R,W
0,0.004189146327858912,0.00029270319493386056,1.2430238751321718e-06,4.0784899935397823e-05,0.9954761225533968
1,0.06500798156153521,0.0009187026725960891,9.423618173211538e-05,0.00027519612606635984,0.9337038834580703
2,0.05787241398752866,0.024543200435256995,0.00036804102086389107,0.0003697711406911617,0.9168465734156593
3,0.11907343925378844,0.015228166098026947,1.9544428061577356e-05,0.0004181392525462572,0.8652607109675768
4,0.060040088146942616,0.0014076912752403242,3.406987156921451e-06,0.0004408079795640681,0.938108005611096
5,0.22679060659095324,0.10294678819040093,0.0016302942559578777,0.0006501229095052678,0.6679821880531827
6,0.39458993810544907,0.09581039352951713,0.00427603787336122,0.0003661231856928924,0.5049575073059797
7,0.13249213800706194,0.5312871623766308,0.029606140682205632,0.0029240478603589346,0.3036905110737429
8,0.03206827384311057,0.24894980023854468,0.21449288826827798,0.0038733672689861484,0.5006156703810806
9,0.020350708450926028,0.007758066982092579,0.0006201187914005458,0.00046266766772427945,0.9708084381078566
10,0.3149610560551712,0.08420844371629595,0.00012527231645309444,0.021500809172367522,0.5792044187397123
11,0.17030900264276194,0.1429163966938775,0.024575702498214006,0.004476581982771912,0.6577223161823745
12,0.1735735547862431,0.42000057329944224,0.02837737459034879,0.0045166338935889025,0.37353186343037714
13,0.025129230150126827,0.6144953436430155,0.3154026759967973,0.0016656097989593498,0.04330714041110114
14,0.03771070169869445,0.6631550872548415,0.0028954256110007275,0.0012239438759958428,0.29501484155946744
15,0.04223724313071532,0.7061845477834582,0.1542792507882565,0.0008651295279803956,0.09643382876958971
16,0.028791937944026656,0.4965344604258738,0.4329727534983946,0.0009236816865529092,0.040777166445151926
17,0.04733661042518534,0.8439104511278848,0.039277855735915815,0.00040964144997712867,0.06906544126103706
18,0.03490710778274538,0.8210286377106427,0.119977858990736,0.0004976625184655135,0.023588732997410218
19,0.03493957935671347,0.564139114361829,0.38587978434341463,0.0009172690701509993,0.014124252867892014
20,0.15184274140984827,0.5893716909807754,0.007964133700970264,0.0009189411096626447,0.24990249279874344
21,0.1382087002438956,0.6371694062354789,0.10096524559365302,0.0004901159325757061,0.12316653199439664
22,0.07372337397965166,0.6613530697239812,0.24677631341209463,0.0007291899250190291,0.01741805295925342
23,0.2186521529281801,0.5689780024425162,0.0034817274945583994,0.00024381941120344046,0.20864429772354182
24,0.26406177382329477,0.5250987179529675,0.0016847538318891136,0.00046175587107287025,0.20869299852077575
25,0.046214480808205616,0.39479628180455506,0.5352623966718694,0.0003004340537800613,0.023426406661589887
26,0.08848694639459799,0.35767694000601175,0.5177661690852676,0.0007549099275161838,0.035315034586606474
27,0.1650890400323837,0.45718448617140617,0.0948142884431166,0.0011657886326796086,0.2817463967204139
28,0.0050903596936350114,0.13087226777590993,0.8501504478606113,0.00045150107120112707,0.013435423598642646
29,0.008920399717226586,0.10894013400554466,0.8750435095885626,0.0007276348667194999,0.006368321821946701
30,0.07972592975088373,0.40100778239423635,0.3790115041321759,0.0012280696381601626,0.1390267140845439
31,0.04623212304820266,0.7068169321796337,0.20903863602951447,0.0008228710651331235,0.037089437677516046
32,0.017081133602241755,0.1312273584146767,0.8411274543893202,0.0009914510001672327,0.009572602593594035
33,0.010810846959653836,0.10237182618794026,0.8799269984294749,0.0012970975238828773,0.005593230899048002
34,0.1191037134852087,0.7710691649838626,0.02692741127600972,0.0018072047768083789,0.08109250547811064
35,0.009086192583522949,0.14965052387865435,0.8278801318897382,0.00039954006674642624,0.01298361158133805
36,0.12889762848027742,0.33865718980929804,0.22882001150199546,0.000707106719387606,0.30291806348904127
37,0.13492085262078915,0.3056457913159144,0.4805017556750147,0.0004533731856474493,0.07847822720263431
38,0.030254877234619212,0.1520829706070792,0.7739612384795194,0.0007704351527386601,0.042930478526043495
39,0.18274364867984935,0.17667403091641726,0.44772188047028033,0.0018020663306067457,0.19105837360284625
40,0.026502313687510357,0.17149100978685547,0.7191421708834861,0.0013309984390708818,0.08153350720307727
41,0.15362459290368013,0.24944982281043673,0.18756867077508144,0.003843464311773386,0.4055134491990282
42,0.08555126565560142,0.206850673248346,0.6403861753793527,0.0006086426570391148,0.06660324305966069
43,0.008104090468915939,0.08984139769354543,0.896347649806221,0.00017611599453932862,0.0055307460367784176
44,0.07699415666039383,0.209752577992735,0.6510608206720319,0.0005246407108484973,0.061667803963991005
45,0.042428883147459455,0.2770389897973432,0.6459406477077242,0.0015918220675028136,0.03299965727997025
46,0.0034769969104096053,0.044048082255978574,0.9490075477833739,0.00011932724114603839,0.003348045809091778
47,0.009074683009690332,0.13567753475731584,0.8343476368628912,0.00030429547061247125,0.020595849899490162
48,0.011950185806982622,0.31361849041836143,0.6522624479941512,0.0006615755475736003,0.021507300232931143
49,0.0033033747627695294,0.07954204136045331,0.9122167761419714,0.0003614055913509144,0.004576402143454836
50,0.0021383934394082036,0.04410262258773888,0.9485291744618629,0.00011262182735394269,0.005117187683636017
51,0.0005652435411621873,0.028759812098914816,0.9693651856533116,6.43504651844418e-05,0.001245408241427014
52,0.00043022774683991677,0.01494237825532322,0.9824723756095857,4.947449167016774e-05,0.002105543896580876
53,0.010721032421855054,0.10234260074320922,0.8661787604268785,0.0006919813634241322,0.02006562504463307
54,0.0002797848714510152,0.018686044513279564,0.9788431333878727,4.736479187778743e-05,0.0021436724355189778
55,0.0014803951733929105,0.119354089631205,0.8729752202146279,0.00028928949354169105,0.005901005487232536
56,0.001125097000311193,0.04568630651149327,0.9513833546943468,0.00012576536264791665,0.0016794764312008214
57,0.017462355261689887,0.07973653725212981,0.7571208503132496,0.0009339420861849069,0.14474631508674576
58,0.05268984383679302,0.65451198219532,0.22428680171071708,0.0013614668617464123,0.0671499053954235
59,0.004623663859235458,0.059431513585211905,0.9335949425506709,0.00011695939730273385,0.002232920607578954
60,0.1176917940071619,0.3269441742340822,0.5044217041898853,0.0007146534961198316,0.05022767407275083
61,0.044856603049703535,0.5953101044106451,0.34317196915674575,0.0006823362017428584,0.01597898718116273
62,0.005647584221573766,0.1337173144445768,0.8563782187374277,0.00023280497024049323,0.004024077626181334
63,0.2120766862678143,0.42306454994452986,0.24351757554911255,0.0006456551720488515,0.12069553306649454
64,0.09715325645837773,0.5923258219881401,0.1069916840434939,0.0005670987805025318,0.20296213872948574
65,0.019626247203350038,0.10428618201314016,0.872899059266942,0.00011209327203305961,0.0030764182445346903
66,0.019251244816185897,0.17707988368591182,0.8001608661502866,9.350791768378844e-05,0.0034144974299318
67,0.015267744584624725,0.7589631212571026,0.2165558351736362,0.0006965542892185965,0.008516744695417992
68,0.0030511052076881867,0.08315387326587222,0.912106345958761,0.00024229306414350684,0.0014463825035351812
69,0.004916679281915027,0.12292641149851798,0.8669577528965546,0.0003918441846953314,0.00480731213831713
70,0.004240409319094961,0.16709249600718276,0.8250434456019495,0.0006119346734211464,0.003011714398351709
71,0.00379266645684466,0.06341124578801165,0.9281812838097371,0.0002507909805443286,0.004364012964862168
72,0.06851275195650149,0.3063078044700636,0.21923547703593477,0.0034217588541241672,0.402522207683376
73,0.03317918284229415,0.797563060872987,0.10156635253516132,0.0048132488603268705,0.06287815488923063
74,0.013763637787692734,0.32216931772949153,0.6431372885139921,0.0004134593026252934,0.020516296666198357
75,0.007009638960954037,0.019495259875153784,0.0003299686999306757,0.0005688572827051807,0.9725962751812562
76,0.0646430064486697,0.029154801079989193,0.00040369355480976096,0.002833291140299247,0.902965207776232
77,0.5127595562403602,0.039034892134896894,0.0001107861278939478,0.0035135408458583576,0.4445812246509906
78,0.2545358304421717,0.25195843506848387,0.0007888105222238898,0.0008519053394012063,0.49186501862771936
79,0.16838081288617224,0.2388145456999889,0.002093479983629247,0.002728919759721317,0.5879822416704883
80,0.11584215891623789,0.34201199337893845,0.0016019309153748472,0.0035315933688394546,0.5370123234206093
81,0.23093073839713474,0.2946387306504188,0.0018824492553018973,0.015916677208076845,0.4566314044890676
82,0.048642504955846176,0.7590091460105461,0.04726524020801083,0.001887890381580167,0.14319521844401656
83,0.08957891621705624,0.8133347965298638,0.05382216047450084,0.001141325374297228,0.04212280140428167
84,0.023342266781119548,0.9464552832866436,0.014697705030974137,0.0017385728054263613,0.013766172095836483
85,0.009514440379954107,0.623342573027978,0.35796885132352,0.0024894546039797173,0.006684680664568191
86,0.011398883459724498,0.3813160296603648,0.5980052088817803,0.0029103554008521287,0.0063695225972781625
87,0.04936165855684736,0.6382642517832847,0.16802912889248348,0.004084352028790478,0.14026060873859397
88,0.05128868974785401,0.8818671528783423,0.017276108893251242,0.002440974795036168,0.047127073685516295
89,0.07000748451070253,0.750872702177885,0.1661419984986581,0.001582851813234095,0.011394962999520171
90,0.035766728834267736,0.9048093268793871,0.05206453165219435,0.0008550057048379002,0.006504406929312715
91,0.13375466251612209,0.7174655338056762,0.01390063606886034,0.0010085168841119114,0.1338706507252296
92,0.08480876981484432,0.8548469329474649,0.04430014872207444,0.0016916172938561485,0.014352531221759989
93,0.10614021908754599,0.7942057969674895,0.07478554505878228,0.0004143578287084846,0.02445408105747371
94,0.03445663739634533,0.7917385659327701,0.16893710575032314,0.000254557246239893,0.004613133674321423
95,0.015524552463558099,0.4655770462248626,0.5145338287254564,0.0014175260633378787,0.0029470465227850727
96,0.09189480540780916,0.3068819726856235,0.11051037649845606,0.001988700165940317,0.4887241452421708
97,0.03926575105031384,0.5101219288333361,0.4284667477269315,0.0013967029125880378,0.020748869476830443
98,0.017904373564293648,0.3684458046153089,0.5998354681744855,0.0005183760531472371,0.013295977592764721
99,0.07762543807249643,0.4570716889901294,0.44630649073132456,0.0019243094845453918,0.017072072721504118
100,0.09086507509935324,0.23912084220800822,0.5994973412549829,0.0011823717541775648,0.06933436968347806
101,0.04344045609595056,0.7313388781303131,0.20530797852519622,0.0006643209549021466,0.019248366293638117
102,0.020012995141290638,0.1466370790540763,0.828400179732728,0.00030872915500576657,0.004641016916899264
103,0.010838032804155455,0.1236037028156207,0.862743247738108,0.00021441533056101435,0.00260060131155482
104,0.018458839718156678,0.28457782584765057,0.6834514903898161,0.0009669362185839853,0.012544907825792572
105,0.009922756904707748,0.42775522026231905,0.5559448517437766,0.000791401176985838,0.005585769912210917
106,0.003072140646403159,0.14943549416192953,0.8448952569722148,0.00034603901746004683,0.0022510692019926492
107,0.005132415197729459,0.13975405629537654,0.8528413370395156,0.00032740911683492294,0.0019447823505436578
108,0.08251270995924678,0.2605851903960828,0.24999208798583497,0.005504135946082452,0.40140587571275316
109,0.05670931350904335,0.48606319428645084,0.43919919120839146,0.0023125895201630093,0.015715711475951282
110,0.008282572320202714,0.07717079576072007,0.912884754871653,0.00027859308312083676,0.0013832839643033454
111,0.009201754769455851,0.07007381117493997,0.9190274560840298,0.00039758002299055545,0.00129939794858382
112,0.03367550560223612,0.15077398340361306,0.11019563889607262,0.0018259047458779537,0.7035289673522003
113,0.03885462705020902,0.7140827149191217,0.21994063271530173,0.003123391644720544,0.023998633670647196
114,0.006679613824943919,0.1533289520889839,0.8364337418168455,0.0003706342441815163,0.0031870580250450958
115,0.04283151955264271,0.3590673542753434,0.579734674165207,0.00040472746125619217,0.017961724545550662
116,0.07478602289626927,0.4204199802919048,0.4284994587022034,0.003396129523184446,0.0728984085864381
117,0.024043064436120695,0.7033459371341712,0.26419222531284975,0.0011670398964181306,0.007251733220440336
118,0.014497451727168554,0.3928581770565099,0.5890260138658093,0.0006681072686469789,0.0029502500818652444
119,0.013654858512227025,0.2872274088397273,0.6972628118770018,0.00031616409215819017,0.0015387566788858725
120,0.0977837472202777,0.5540921220517534,0.29569979971627636,0.0026358891716548277,0.04978844184003769
121,0.014755384096996773,0.6223245639455626,0.3584711369481961,0.0008373475636879322,0.0036115674455567187
122,0.011124035836390694,0.1322569625509678,0.8552984154785994,0.00023481987180101012,0.0010857662622412343
123,0.025506469423407785,0.14655163728643392,0.8251647305970993,0.00014881231508927914,0.002628350377969705
124,0.006567857751137436,0.6399550914520414,0.3482817472597296,0.0003715787512650258,0.004823724785826446
125,0.002360750987919601,0.10154154817269606,0.8939085609180935,0.0002489060845745009,0.001940233836716568
126,0.0029221675806711672,0.09350147571728558,0.9012091775425002,0.0003287823626435214,0.00203839679689947
127,0.010816727604796747,0.59474777089478,0.38661320347982003,0.0013420844375393636,0.006480213583063768
128,0.002053071723002966,0.069326484529614,0.9250909049645984,0.00022486080461150732,0.0033046779781732713
129,0.007148866675566677,0.26049780090694463,0.7154855034262202,0.0007438130894805818,0.016124015901787896
130,0.4184575380958338,0.21883140938868892,0.29776278198698525,0.00110379791662562,0.06384447261186645
131,0.03337364324104562,0.22141695333798456,0.7118950059303906,0.0019642241189802455,0.03135017337159907
132,0.07627325616926696,0.8368522404989076,0.054107327682633474,0.0036532650319235794,0.02911391061726857
133,0.08945821023075398,0.3702289395089181,0.4977069387325093,0.008653935300959184,0.03395197622685946
134,0.07045257084368159,0.18605583559912206,0.7263305766881641,0.012145822447798195,0.005015194421234068
135,0.062156006889974226,0.7972519494042934,0.09722771379028187,0.015860140613181188,0.02750418930226925
136,0.09969893527348915,0.30873413456469595,0.5188457090597159,0.04452121247720844,0.0282000086248906
137,0.059032291870845584,0.8638338501174201,0.0061516439749324334,0.053581672847907276,0.017400541188894558
138,0.0716583018482993,0.8579638577233274,0.01027634015682281,0.0451761356368454,0.014925364634704893
139,0.1379959797036606,0.14281487870664883,0.0006636563532157906,0.7104355177752166,0.008089967461258247
140,0.06205633851985457,0.8510588169259689,0.018486232880416384,0.06059609864078466,0.0078025130329753825
141,0.0750957945366211,0.26230101057235955,0.0015419463177402755,0.6419210571398393,0.019140191433439754
142,0.06976317771781601,0.08888770734543604,0.00037300471572786025,0.8296035663850996,0.01137254383592044
143,0.04612651974844594,0.3139661211109079,0.0015602292175026908,0.6159215855025172,0.022425544420626387
144,0.03734662076480405,0.021976095513889092,5.1660469111933384e-05,0.9035587298602041,0.037066893391990895
145,0.15925739515091986,0.11767677190939609,0.0007138112180482885,0.6870998907968175,0.03525213092481812
146,0.058201306218857704,0.019096991610812516,0.00012128342714486743,0.9006953597975093,0.021885058945675537
147,0.17109637883316092,0.013957929363684484,8.646185842900501e-05,0.7512460798056632,0.06361315013906238
148,0.3347988738770555,0.035002519409696904,0.0002325686652231979,0.5789998288319996,0.05096620921602465
149,0.5461043432644442,0.04072755722075899,0.00015643674921457358,0.3819782305696386,0.03103343219594364
150,0.5710256068378843,0.013929715521576843,3.8099389456833207e-05,0.294206949499205,0.12079962875187704
151,0.3363105917095592,0.44894719759050167,0.0018533661682028004,0.15258754939360802,0.060301295138128416
152,0.07528371438440241,0.8316921689017002,0.00418885132473832,0.07037668817368072,0.01845857721547838
153,0.2731320336083745,0.12317661614146823,4.606049493417668e-05,0.561061391407697,0.04258389834752615
154,0.04606726007324539,0.7549808945756031,0.00469895021330222,0.16552863803937906,0.028724257098470138
155,0.17565462402349677,0.6313233543592095,0.00040104693759874464,0.09485387502962475,0.0977670996500703
156,0.1856304281413905,0.7851622893166376,0.006820475491541986,0.01460609610821578,0.007780710942214147
157,0.06862255864713122,0.8650187536893591,0.0009340690733641705,0.053689049574636896,0.011735569015508436
158,0.08594752286029661,0.8892637502904066,0.012665925743222716,0.010027669518284604,0.0020951315877894474
159,0.01799640117097536,0.9034789299424768,0.06711465412869536,0.008185297696087225,0.0032247170617652715
160,0.03249560332461069,0.9332153429034482,0.002238143066038668,0.024923998691471955,0.007126912014430509
161,0.013753894857015503,0.8595726625585586,0.11580239793697544,0.006988460112110189,0.003882584535340246
162,0.06962096290642131,0.7731543139316773,0.003343873001309258,0.11714627672793916,0.03673457343265292
163,0.1414426587802386,0.5424340511122467,0.0018109525698011696,0.24367092107332577,0.07064141646438772
164,0.030501095522324776,0.9395998340650725,0.0030548115213841947,0.018830865917313498,0.008013392973905189
165,0.3851795787774834,0.27793091993888064,0.0006447159470479141,0.11384174610392526,0.22240303923266289
166,0.12131427158271792,0.7393592559498319,0.0009462081966256082,0.1267942266546764,0.011586037616148261
167,0.038137668368621154,0.9193162157511172,0.016505129496085406,0.017416161329426118,0.008624825054750124
168,0.12529360442963805,0.7368847187375838,0.0086845450604798,0.0452019135806545,0.08393521819164369
169,0.3306845898610738,0.17463590907875673,0.0005391699549357178,0.254579041000759,0.2395612901044748
170,0.3171226585585687,0.6083173954000556,0.0037875147833854347,0.03592823237507874,0.03484419888291148
171,0.3320569216441648,0.620764290977635,0.016543822989037636,0.016907620062191618,0.01372734432697084
172,0.06531886304558734,0.8950310054158364,0.017884059962724807,0.018787135206701982,0.002978936369149417
173,0.04030228260174892,0.8918961064510535,0.02393278780691626,0.04081987421080883,0.003048948929472536
174,0.019225721891037897,0.8585592613424106,0.08944835535065727,0.028578125152597195,0.004188536263297153
175,0.06509829817463597,0.8216319610819164,0.021435509969880445,0.07803484105350067,0.013799389720066491
176,0.01656839374341878,0.9446429768549341,0.012734417343771325,0.023476220162038444,0.002577991895837132
177,0.08882390888533888,0.8431653405261472,0.048495034364740855,0.011882372848591023,0.007633343375181826
178,0.06337017465082384,0.9141694990516213,0.010411290312153073,0.009558912004231342,0.0024901239811703337
179,0.018002608601753164,0.9392285318143726,0.032254567406500546,0.008851862658311309,0.001662429519062403
180,0.015243741041921235,0.9241025639438737,0.03909981156606482,0.019622336747571602,0.0019315467005684046
181,0.0020587649368825904,0.9403640077662978,0.04361034649702518,0.013253232213352416,0.0007136485864419241
182,0.04173750584195315,0.7666973082086582,0.1672313917971039,0.008636782863980924,0.015697011288303805
183,0.01252775535819261,0.8629435663212391,0.11659756887573022,0.00633539128659302,0.0015957181582450855
184,0.03280062827964942,0.7688400470343607,0.18906807839597903,0.006548168825119523,0.0027430774648914344
185,0.020520248412907952,0.9074762563954459,0.06541996326894366,0.0041784530879109645,0.002405078834791484
186,0.010282809279976527,0.6803739906570955,0.2994233146409911,0.007877497026013225,0.0020423883959237686
187,0.012978157959215676,0.6558750913786004,0.321970393762467,0.007837635852235677,0.0013387210474812468
188,0.024304751461533748,0.7256248993314952,0.2310878431640621,0.016370351601040587,0.002612154441868467
189,0.00469745273603397,0.8010951298322999,0.18588730456078323,0.00678447616592215,0.0015356367049605922
190,0.0022185295014691053,0.7400397158468837,0.2520746378156366,0.004437747273721878,0.00122936956228891
191,0.0235031252023947,0.8205684631385721,0.14740588839194488,0.003582592921894448,0.004939930345194001
192,0.00453432944396701,0.7730652804774657,0.21896183894006982,0.002333348055243357,0.001105203083254165
193,0.0023795804520172045,0.8514997311976864,0.14315079427460553,0.0018356497791109682,0.0011342442965800294
194,0.04941752528656922,0.7676382875221557,0.17260944005862683,0.003119985023220547,0.007214762109427609
195,0.01601388909433888,0.8905810042362846,0.0848270696813956,0.005653321222905444,0.0029247157650755485
196,0.002368215228671703,0.7616011238847812,0.23374489593140965,0.0016127054887630807,0.0006730594663743821
197,0.023512074896678996,0.7080431239364451,0.25892152552065584,0.002521204668893462,0.007002070977326486
198,0.01427746807105247,0.9133771223749313,0.06780116607421652,0.0034027922900493794,0.0011414511897502187
199,0.0025626960225252895,0.5152254170888803,0.48039923277427166,0.0012110203930108157,0.0006016337213120607
200,0.0591567584092445,0.5764656363435066,0.34554059900324474,0.004952249076995398,0.013884757167008759
201,0.015834403073865237,0.957528019497503,0.019661392513923796,0.004802596995440403,0.002173587919267655
202,0.0028085955789219587,0.677787201920446,0.3164608686816335,0.0021553353836766933,0.000787998435321863
203,0.02982772016217152,0.5808668849723662,0.3793862927155094,0.0043476733638348666,0.005571428786118174
204,0.012456243909772074,0.9145542962194446,0.06606923949486053,0.004171547211247905,0.0027486731646748338
205,0.0035550046383403923,0.4826356747759812,0.5112886493898147,0.0017208687062266897,0.0007998024896369575
206,0.05188317287435658,0.8021274814899815,0.1313060507233917,0.005700332888839357,0.008982962023430992
207,0.01654583143956532,0.915489661778883,0.05897122592845491,0.0063946916246409875,0.0025985892284556833
208,0.004975833588104265,0.8431836990959886,0.14391593602412422,0.006927792554720583,0.0009967387370624016
209,0.10803605517858529,0.7822931545062141,0.038591206256865726,0.05118604013082856,0.019893543927506342
210,0.059938861358776574,0.8571205371100686,0.017646112860357346,0.05834587635901834,0.006948612311779132
211,0.002857632258770186,0.8910937683945895,0.07969904165164193,0.02576631634686365,0.0005832413481347958
212,0.021028231011194116,0.8869070939352955,0.045567823438965635,0.04072741495494243,0.00576943665960214
213,0.17060905025131112,0.11161250909911645,0.0026606021322207974,0.35481598661505237,0.3603018519022993
214,0.09574785066521167,0.7200357476843703,0.011201511705129669,0.15045485162097313,0.022560038324315107
215,0.21299867117342747,0.6379575155209082,0.010781583517995547,0.11717992567101514,0.021082304116653492
216,0.21102763443770975,0.4415706117845085,0.0041069475432579826,0.31734915103917966,0.025945655195344183
217,0.11450411562241355,0.24904788675683218,0.000496279979897013,0.5836013616013952,0.05235035603946206
218,0.25511350959651324,0.30594637094495697,0.0011411820714994207,0.41914651241789413,0.018652424969136286
219,0.3041568598924104,0.47062720047377204,0.005504132730459707,0.2005018174222313,0.01920998948112648
220,0.25688949186223026,0.5050390967201925,0.004026198330734618,0.22736602568183356,0.006679187405009124
221,0.0779325211048069,0.8246169958698888,0.011526323586035527,0.08358186771280987,0.002342291726459043
222,0.06904215134820212,0.5781836347826219,0.009628780870131238,0.33604157859939376,0.007103854399651122
223,0.023920150117421712,0.9133872358365052,0.007793515800720973,0.05279890051201952,0.00210019773333274
224,0.043668808857638415,0.8830507976923557,0.013146451189148716,0.05458737050798873,0.00554657175286873
225,0.028155828147194372,0.8551980359474204,0.08758841642069726,0.027347454254424287,0.001710265230263851
226,0.004729361612375124,0.8949897020611116,0.041106114184504106,0.058053288236117856,0.0011215339058911807
227,0.0962289245310783,0.7920709512544978,0.0346899665832877,0.03798756733954073,0.03902259029159554
228,0.03169138323226795,0.9027767587720822,0.03448180923164095,0.019250493673709797,0.011799555090299143
229,0.03132671966533824,0.8918619805446122,0.06661436338311087,0.0066238586288019565,0.0035730777781367187
230,0.052330392277854076,0.855344539399441,0.06018206780160574,0.005832976445149489,0.026310024075949977
231,0.04242303752133743,0.8987701399365368,0.011531501557577558,0.014456631555098088,0.03281868942945015
232,0.006737084418673498,0.8174359023136331,0.1527098330778033,0.007353878637488437,0.01576330155240184
233,0.11154441307479061,0.20464883922270657,0.002289179832586964,0.21152288735085398,0.4699946805190619
234,0.0075755100896921805,0.00822092262257328,0.00017330649473059934,0.009808106963797027,0.974222153829207
235,0.0018620788082935225,0.00087557390959157,1.7671233851168936e-05,0.001574123398646301,0.9956705526496175
236,0.7946151833756036,0.03249864051291673,8.963971253606784e-05,0.019924301154192015,0.15287223524475163
237,0.521197180197903,0.20891174725536593,0.0016004685731777714,0.021887804646114895,0.2464027993274385
238,0.2694390353136551,0.640053406853691,0.004714541929696235,0.013313546102610641,0.07247946980034714
239,0.12831124377955055,0.8082447915511168,0.02592185230754716,0.03170233982871649,0.005819772533069171
240,0.11261073854146478,0.5840553948298137,0.00604344492167892,0.274737177784154,0.022553243922888475
241,0.010791520570914108,0.7795471503359223,0.18016488294959956,0.025133602208430732,0.004362843935133347
242,0.018387115528752728,0.8548158902556325,0.04185318869250337,0.07414078461524612,0.01080302090786538
243,0.03505693188188931,0.8211020214050846,0.00799364376608973,0.13167816024462214,0.004169242702314279
244,0.0046075858959430255,0.8907189796629266,0.08991206336107128,0.013978620803167292,0.0007827502768918675
245,0.1566712817767821,0.6504041867652217,0.0660681327645106,0.04154211829757696,0.08531428039590855
246,0.14362837524024555,0.7509081464486994,0.0071154038408757685,0.05013866574213386,0.04820940872804568
247,0.03145465573278786,0.9256527139347365,0.02848379240614805,0.004952630122077374,0.00945620780425015
248,0.031039831756401123,0.8096618897103048,0.14688066072979356,0.006670858654989672,0.005746759148510757
249,0.21655324763891565,0.6250273546612708,0.006215576747670199,0.05211875298210061,0.10008506797004263
250,0.06299162595571346,0.8479919219578715,0.034992590753027436,0.03213003903870575,0.02189382229468162
251,0.02485763197769884,0.8314788640662354,0.11527630783312208,0.024421268418735233,0.003965927704208544
252,0.15632003115906487,0.7390351970183527,0.01697275246348988,0.02936704586328732,0.05830497349580528
253,0.2467666911485798,0.6573710039346982,0.01009469689996641,0.02035312278003395,0.0654144852367216
254,0.053226628719371866,0.9121313563704806,0.017505577828601522,0.002963749104192898,0.01417268797735297
255,0.05846290107410083,0.8857437062930275,0.045616507547701336,0.004860374753131939,0.005316510332038476
256,0.07249599495721044,0.8024623401681229,0.11387382176666795,0.007271369512530772,0.0038964735954680647
257,0.06905437304855204,0.28650107762020727,0.0022455968373953556,0.02033443087571913,0.6218645216181263
258,0.03659707636757192,0.9442334991086972,0.008670413278689927,0.007271453854246069,0.003227557390795116
259,0.06004086698873761,0.8207903884592026,0.10402250196314718,0.012841668491492571,0.002304574097420077
260,0.028032308257317007,0.9394525998520956,0.019139263464817854,0.009685416006979664,0.0036904124187899894
261,0.012020687036534689,0.8534385385263319,0.11514940673806219,0.015753695917874327,0.0036376717811968822
262,0.13465483157241723,0.673245688884815,0.026764873144171492,0.0949821363441188,0.07035247005447759
263,0.08345847792253008,0.7887506840510904,0.0025761439205038063,0.0989261317924663,0.02628856231340957
264,0.1723552731531346,0.7786102510137903,0.01845860320566979,0.024432081988302105,0.006143790639103113
265,0.15941546169645246,0.8090757511841868,0.0029634432310046773,0.014138523261815559,0.014406820626540535
266,0.016501564186339926,0.9296632802557399,0.04635633161872166,0.005454898006723893,0.002023925932474512
267,0.16879738458284865,0.4266978995116124,0.01454200210606457,0.034720481549091985,0.35524223225038243
268,0.07653909454712142,0.9054561940793281,0.007627367170087249,0.0022589949297145374,0.008118349273748672
269,0.07234551966154562,0.7617948375173327,0.16051219086502394,0.0012582873629839466,0.004089164593113596
270,0.17488830031697555,0.7788338096027249,0.028370657455575113,0.0018474650563266926,0.016059767568397814
271,0.025012847436680766,0.9241109278174571,0.0438118737209395,0.005130305241497255,0.0019340457834252404
272,0.027979215632211858,0.7320969015487294,0.23240653754467858,0.0050060832434472595,0.00251126203093289
273,0.03327252262694164,0.9215165063649663,0.030300830376728444,0.012929419014130215,0.0019807216172333816
274,0.03628666156733223,0.6850479865627422,0.2641917594260264,0.010853025236699223,0.0036205672071999684
275,0.014819688850797772,0.9347102721691201,0.04348776421661787,0.004231972921039782,0.0027503018424244016
276,0.0058963292831504446,0.5827063638475429,0.4091950878880267,0.0014118150813156268,0.000790403899964336
277,0.04067033311179364,0.8257688505469907,0.11653946648127611,0.004718588049677237,0.012302761810262462
278,0.015697195697489955,0.8373268931426954,0.14128182047244894,0.0026457750141106393,0.0030483156732553146
279,0.0045064945686034375,0.8682444444603621,0.12233394906406082,0.0017357762128252124,0.003179335694148314
280,0.037821877314517624,0.7447779565956725,0.20448692708689617,0.004164919708973785,0.00874831929393989
281,0.13504558235018166,0.5722977148568672,0.018524909506980214,0.007750980565017541,0.2663808127209534
282,0.0184089343096374,0.9229272396071857,0.04730512002704438,0.0023557986445244855,0.009002907411607733
283,0.1244762346352764,0.7866764860168155,0.052765427474694884,0.006079044809014582,0.03000280706419859
284,0.34939367872823784,0.27684426199192286,0.0014083737663770565,0.009634781563541929,0.36271890394992023
285,0.03564301316617119,0.8706145011891254,0.08261930505656477,0.001869471657041661,0.009253708931096992
286,0.1143055889947428,0.8336304066349034,0.0244348799486481,0.006503759613355809,0.021125364808349898
287,0.10105484437151967,0.8364024179604816,0.03404267220636255,0.003130664962121871,0.02536940049951433
288,0.006079382540003311,0.7678946105990136,0.22002293849285892,0.002720723097613241,0.0032823452705108692
289,0.007715628362922271,0.6404819638277388,0.34883116938902115,0.0015227823649432515,0.0014484560553745343
290,0.07328237350350326,0.29809407938168625,0.02929630274848909,0.005197846281905019,0.5941293980844163
291,0.1287427192390079,0.492408181403136,0.020276226290114555,0.007315982716194639,0.35125689035154695
292,0.1019269699512538,0.6591925587456349,0.1877711166360632,0.004066466925901951,0.04704288774114624
293,0.16125384876127008,0.6478208510994332,0.0782468536643786,0.0035655345972916415,0.10911291187762658
294,0.06619832366695086,0.6961030993793427,0.21495429245785383,0.009254029344510199,0.01349025515134262
295,0.013491050517343726,0.6550930585874474,0.29871685439548024,0.018734487699030564,0.013964548800698114
296,0.12396793526349285,0.2232201686597603,0.0005503584676106441,0.5701884096748242,0.08207312793431205
297,0.05368886298533242,0.12552937008835882,0.00046104731969631713,0.7315523197313225,0.08876839987528992
298,0.04271903072035143,0.5576047730359561,0.009951116525085695,0.36835003920462134,0.021375040513985383
299,0.061838964482501944,0.1171392084574281,0.00015478879375315147,0.8055522066081543,0.015314831658162406
300,0.03268708722611929,0.026321534622740433,0.0004020262859396911,0.9202947409034336,0.02029461096176706
301,0.019850521055452864,0.006717189230599016,1.755996191947822e-05,0.9650782865875369,0.00833644316449168
302,0.049699088114667354,0.019771140203518226,1.8219382835283395e-05,0.9245485582776302,0.005962994021348882
303,0.04178114780173984,0.02409231302579885,0.00014243828789520913,0.5508120427807089,0.3831720581038571
304,0.1323854475094864,0.017319391937459946,3.053313977587934e-05,0.8165702589174478,0.03369436849582983
305,0.10680949662051684,0.012840000744577274,9.088518042194706e-05,0.858094010615019,0.022165606839465012
306,0.050670079543511944,0.01722265798627466,4.0748875913503015e-05,0.7723838192035332,0.1596826943907668
307,0.11659222897676465,0.019731826696125734,2.9506316998486402e-05,0.8383867482718339,0.02525968973827724
308,0.10497419561011997,0.014968785075326469,4.077563938248606e-05,0.8404387828389415,0.03957746083622953
309,0.09870684969138581,0.023469713540431893,7.839935377951909e-05,0.8243912511036754,0.05335378631072746
310,0.027210589282070336,0.013317401961027386,1.3773321777638123e-05,0.8698158177128341,0.08964241772229037
311,0.062088935599539284,0.009712243493348153,5.281809901527571e-05,0.8830334748266098,0.045112527981487405
312,0.03771156844949884,0.014257724168908997,4.542201850053508e-05,0.9130601012064824,0.034925184156609
313,0.03517321458903526,0.00962367094208145,0.0001634045412075501,0.4222111779005428,0.532828532027133
314,0.10331918715117143,0.01310248741063216,1.5103280224762752e-05,0.7814927330118052,0.10207048914616625
315,0.2237332278850149,0.014075874409897387,5.137794102297989e-05,0.6886372789937317,0.07350224077033292
316,0.23803591556967693,0.013501337935010953,4.4234487616192884e-05,0.5982016754329915,0.1502168365747044
317,0.04419355306685295,0.01593627725793276,4.372629281710392e-05,0.6597152022223455,0.2801112411600517
318,0.12474484864948412,0.03564100101963587,1.0340941342331195e-05,0.7930667414515172,0.04653706793802037
319,0.16025763066060367,0.013878847273373584,7.519145849961388e-05,0.7774888366646546,0.048299493942868435
320,0.2123846939966608,0.0209314215721122,5.6860843024414756e-05,0.6907320624027066,0.07589496118549602
321,0.21847368204730508,0.015237691971606149,9.743643936748834e-06,0.7146706640538081,0.05160821828334394
322,0.06811904287118614,0.005525909178357612,1.3233235396524159e-05,0.9167034897208522,0.009638324994207513
323,0.04646245864222782,0.01597084740530117,4.9725094910948345e-05,0.8894587971280777,0.048058171729482305
324,0.11364742483296772,0.01756930650483606,1.2545623204521904e-05,0.8478143563520593,0.0209563666869324
325,0.151777460969021,0.01003413980482894,1.4054328687929226e-05,0.8148508463715634,0.023323498525898788
326,0.09895952313715949,0.01264359642034368,5.257953227064466e-05,0.8754758364607574,0.012868464449468743
327,0.09352335506815512,0.08859453390773173,7.21444285045659e-05,0.7770477018450531,0.04076226475055552
328,0.016220446524020594,0.009938705142761696,3.501882519992513e-05,0.25245562643500136,0.7213502030730163
329,0.1490166054098579,0.009986110132446211,1.868098566217439e-05,0.6576186472636365,0.1833599562083972
330,0.1829713417031651,0.021826486933816225,3.7733708891493195e-05,0.691591715370241,0.1035727222838862
331,0.26722033634929454,0.04301122195750729,2.4209071355832892e-05,0.6198039508982262,0.0699402817236162
332,0.21067490098343922,0.0248738142193966,2.084563491284141e-05,0.712542150370183,0.051888288792068464
333,0.028172066131583382,0.006135894409454691,1.551316426596488e-05,0.4057314734124446,0.5599450528822514
334,0.05297497380496534,0.005614013903035909,2.0424593488108145e-05,0.3008947118483253,0.6404958758501854
335,0.2860238520623174,0.007572351501172517,4.0467846432455875e-05,0.5948804185401482,0.11148291004992932
336,0.37794606003213915,0.00841367444261848,3.872112479013587e-05,0.4999313896961694,0.11367015470428284
337,0.11302723633580479,0.048401223553541976,0.00024145601883321962,0.7597742845251673,0.07855579956665275
338,0.01859237848082278,0.005262563890993267,2.3047854222624246e-06,0.9683642656513244,0.0077784871914373475
339,0.017215971246367305,0.029769424181897763,5.932675266682186e-05,0.9206167747638226,0.03233850305524542
340,0.04095519841624324,0.008034605109377237,3.1139982779053937e-06,0.9117350447820546,0.039272037694046934
341,0.13584752754300228,0.2554329073103891,0.005147211556734494,0.5165997321125049,0.08697262147736926
342,0.01517085389751239,0.013175987280583251,4.051970036403348e-05,0.8275168701923812,0.14409576892915926
343,0.024046608595499716,0.007462186847728035,8.728716035990333e-05,0.6566712386534239,0.3117326787429885
344,0.010039138309031689,0.0037588984126411115,2.2199491127316518e-05,0.9135775344530301,0.07260222933416975
345,0.08199191746368566,0.0016796894628487693,4.022126840453204e-06,0.19263595174911477,0.7236884191975104
346,0.22606228154631372,0.0035921165414494905,9.725518050305376e-06,0.14075810722954638,0.62957776916464
347,0.0016037490486290554,0.00037942390352022765,1.9904241371632265e-06,0.004506408977146041,0.9935084276465674
348,0.0037044180010756874,0.0003357505013459514,2.4737220618580393e-06,0.00413664423518408,0.9918207135403325
349,0.003848835465103963,0.0002120694112411159,1.0512474253330546e-06,0.0026698771243796418,0.99326816675185
350,0.004301809151252348,0.0008052719613438017,2.510393640253293e-05,0.004157576597143613,0.9907102383538579
351,0.003776873796548255,0.0015343253545986725,6.299902976494543e-05,0.004452225923003656,0.9901735758960846
352,0.001844470564440109,0.0006660480253897982,2.1162375834116007e-05,0.0019348232422813476,0.9955334957920545
353,0.004498011523478367,0.0006343746332638636,1.9145480085400427e-05,0.003842936752089493,0.9910055316110827
354,0.0027484206078005574,0.0012427976828445638,1.631880633382509e-05,0.0019871937867426033,0.9940052691162784
355,0.00012242389076591985,0.9929738166592457,0.006430118174608561,1.2201316783301751e-05,0.0004614399585966369
356,0.046647998340411466,0.15061859474895054,0.1582135356780036,0.008286090358543484,0.6362337808740909
357,0.04133579912559269,0.14199473663676618,0.163951732755189,0.006190038422282662,0.6465276930601693
358,1.8964650518020442e-06,7.175623516779424e-07,0.9999959618668214,1.4470322095584658e-07,1.2794025543197161e-06
359,0.10385524960548712,0.009811875206218146,0.0008824060203919984,0.047774485476730286,0.8376759836911725
360,0.02634379160540135,0.01373097203195473,0.00012025449506164826,0.0346962912061907,0.9251086906613916
361,0.041881889959225434,0.010288577187801672,0.0012811165056510513,0.03453598308068392,0.912012433266638
362,0.0021445690501168536,0.0017815314099452226,0.0015526206855917537,0.003756939278043614,0.9907643395763025
363,0.0030840265852167467,0.0018692417725293853,3.907708923245844e-05,0.002814874583188347,0.9921927799698331
364,0.0023182263352538447,0.0007246236629624039,2.461827906239034e-05,0.0019881745758475026,0.9949443571468738
365,0.005041356587930018,0.0020290694259467376,2.0324876811060746e-05,0.0025953965200831274,0.990313852589229
366,0.0075381989596919,0.0020684680102068032,1.5811059109623217e-05,0.003280805819503507,0.9870967161514882
367,0.00729246489317371,0.0030661217660926986,2.9101959847338914e-05,0.004241927433760652,0.9853703839471255
368,0.005376608748070642,0.005599620793729636,1.869126093364752e-05,0.003820916783288511,0.9851841624139774
369,0.004936274874541061,0.0023962599235693013,2.3534595338881358e-05,0.0045843521587529325,0.9880595784477979
370,0.004944057596917284,0.0036394244471184044,3.686885835316999e-05,0.009065182764786952,0.9823144663328243
371,0.021288306975656913,0.006760048804681995,1.470082431775544e-05,0.005466332919148379,0.9664706104761949
372,0.009342125776008516,0.0026309708533470036,5.631017678361118e-06,0.00206488366944521,0.9859563886835208
373,0.004147691122342872,0.0050134403732736916,1.151686315984329e-05,0.002772366074738892,0.9880549855664847
374,0.005599581770851762,0.004005633736030823,1.421506623286248e-05,0.004261178275413635,0.9861193911514708
375,0.012426502494194991,0.0015065272994836116,8.600297894604626e-06,0.005012193632725168,0.9810461762757017
376,0.6170988753495171,0.032817445089315715,7.730494706348558e-05,0.07551312035976979,0.274493254254334
377,0.343570160219756,0.07305017820842671,0.0004920243668556447,0.01621601785750413,0.5666716193474576
