epoch,N1,N2,N3,R,W
0,0.021759358442615433,0.00040488953739388955,1.099807553290842e-06,0.001541333481878768,0.9762933187305587
1,0.06659478877287275,0.0005757021828157405,4.58471999142435e-06,0.0009656307930366273,0.9318592935312835
2,0.0236974388110475,0.0006406390347209625,4.600418341795684e-06,0.0023326833652399072,0.9733246383706499
3,0.02023662276339447,0.00043036816063377336,9.713652031663831e-07,0.0007795583100400716,0.9785524794007285
4,0.013977385087446345,0.00046319110116131327,1.5336636420082485e-06,0.0010544525922206558,0.9845034375555296
5,0.028824611029675262,0.0009046755003883205,1.8566675888287676e-06,0.0016819478712750276,0.9685869089310726
6,0.008943019766583965,0.0003657599438564537,9.088778536392128e-06,0.00031428911358874885,0.9903678423974344
7,0.0371901681456267,0.00034873771789362953,1.2285722794389607e-05,0.0018973416040323594,0.960551466809653
8,0.014803155693146913,0.0004766879936451894,1.5457588349252938e-05,0.0030165739175254864,0.9816881248073331
9,0.025574349612738603,0.002146658098697599,0.00016641006238646327,0.006722251438298768,0.9653903307878787
10,0.03488323067865476,0.012558007013484146,0.00039395472752539064,0.028322690581223723,0.923842116999112
11,0.027257926105502747,0.006213522419816598,0.0005996153945648635,0.00568257797965011,0.9602463581004658
12,0.005100857725187806,0.002001988967867355,0.0002372848854370768,0.00047315982835770335,0.99218670859315
13,0.010503625098976522,0.001235355761378618,7.488336454868208e-05,0.0014471173659775006,0.9867390184091187
14,0.013682397787534491,0.0010329613840288718,2.9481660172862175e-05,0.002160539024958644,0.9830946201433051
15,0.11651080915009998,0.0024116255150236497,4.521234505473003e-05,0.005229747140707788,0.875802605849114
16,0.025314417817815738,0.0007396738751246406,1.1161126175695342e-05,0.0012836917068604922,0.9726510554740234
17,0.22463789185787447,0.006675644786748276,5.2144833147382126e-05,0.02033157706953652,0.7483027414526934
18,0.2705310401941542,0.020910544440213164,9.14727431820223e-05,0.003519977463661723,0.704946965158789
19,0.3015216009762731,0.03477335013755147,7.712155001078043e-05,0.0012899753963630022,0.6623379519398017
20,0.13330958274552224,0.03096460997839944,0.00035339179186467067,0.0014555094968201738,0.8339169059873934
21,0.23643520254026973,0.4455598914876485,0.01083761899309308,0.00333372377248596,0.30383356320650273
22,0.10781728615724352,0.6839657695030046,0.016462071521441402,0.008610392348233466,0.18314448047007714
23,0.15628448901617076,0.44483917470028356,0.016932864681475833,0.00955707763081508,0.37238639397125484
24,0.13986825906030464,0.5162202509884397,0.013542415548094771,0.018564552415014843,0.3118045219881462
25,0.003682348040118424,0.004138860005784726,5.921949710207924e-05,0.0007940966267152478,0.9913254758302796
26,0.060748902795849935,0.012648722701941395,0.0001834267032119088,0.030001096251556,0.8964178515474408
27,0.10842504351378632,0.008064965069944089,0.0001011241808894006,0.007625200280533859,0.8757836669548462
28,0.31863776125924903,0.02037684258135011,7.615330173629424e-05,0.019736952222993844,0.6411722906346707
29,0.2055059021339027,0.012112235834159399,2.9837194005885703e-05,0.024850336041283057,0.7575016887966488
30,0.09640262945303357,0.008279178824533115,4.298191071739252e-05,0.012438163541193656,0.8828370462705223
31,0.4666255128080741,0.1486734949304621,0.0001876667303661516,0.04791923003946623,0.3365940954916314
32,0.16346039582095315,0.018311909854669562,2.6423509614005232e-05,0.007555146994831075,0.8106461238199322
33,0.48469529836582614,0.04617529161931501,5.5517709142850314e-05,0.020421733174916357,0.44865215913079953
34,0.26545605824559737,0.17430221771649174,0.0002928583211312184,0.01641089294625787,0.5435379727705218
35,0.2929483478449668,0.5898865491927391,0.0007685925414675414,0.010497925101754011,0.10589858531907255
36,0.19041941785174288,0.697281333811124,0.0013894050171739674,0.011456410743582428,0.09945343257637668
37,0.047952901174625334,0.9263020366083997,0.0012149343973870497,0.009223947535633527,0.015306180283954429
38,0.019489353866920668,0.9439302705701049,0.0028031231476092176,0.005128274703566403,0.02864897771179865
39,0.049372945369314046,0.7898522425267662,0.0023013791580556017,0.013683961613480271,0.14478947133238393
40,0.01709418995293721,0.9552112190857174,0.0027361571852424576,0.0021850172020122668,0.0227734165740906
41,0.005702786751082588,0.9790368787233364,0.007403563082809686,0.0008856464451880128,0.006971124997583241
42,0.009012216324028304,0.9568006859124,0.02441089286245082,0.0012952119379200787,0.008480992963200979
43,0.00648913468909979,0.9517577556320983,0.035974012465601814,0.0006427815836360247,0.005136315629563982
44,0.018867389982010603,0.9243947347643096,0.04193229387487288,0.0006938717795401778,0.014111709599266631
45,0.0075379875881885616,0.9526838638938836,0.03676765721281751,0.00025111812383708993,0.002759373181273224
46,0.004648046976720002,0.9082532783626079,0.08386820811243188,0.00014511894123969043,0.00308534760700052
47,0.004104860899562706,0.8963488903858023,0.09663540789227548,0.00013030067995765997,0.002780540142401837
48,0.006707010322690814,0.8236571791033597,0.1655728614707639,0.00019051933162880032,0.0038724297715567683
49,0.007192027572127342,0.8914553319099995,0.09637781377941976,0.00025858044759050953,0.004716246290862836
50,0.00592759045233246,0.7794779524826491,0.2094976218415447,0.0004988947733787113,0.004597940450095003
51,0.007040408624899825,0.7933635172310257,0.19416589958501984,0.0012422974456559955,0.0041878771133986754
52,0.006275494410098718,0.7302061296333551,0.2596763480999311,0.0008681387765705153,0.002973889080044496
53,0.1199985175023777,0.7917423419136695,0.025435398043477355,0.004805792483558965,0.05801795005691661
54,0.15760090584030897,0.8090382910362438,0.014690247987133124,0.003046102856104141,0.015624452280209967
55,0.03887244640141027,0.943915873205835,0.00937210014095853,0.000762812845453226,0.0070767674063427965
56,0.022253480314728995,0.960688870237049,0.012611113577759106,0.0004091606073192454,0.004037375263143707
57,0.04831496246878804,0.9334270571458303,0.011497509693286532,0.0011286830736985662,0.005631787618396604
58,0.04562045954177836,0.9307178303888389,0.01975696762008996,0.0008542006893126858,0.0030505417599800103
59,0.008622830342442033,0.8993895349636339,0.08908535879923875,0.0003473057189468951,0.0025549701757385003
60,0.0057234087643580085,0.8647531914378919,0.12627739393231183,0.00013858913391363235,0.0031074167315249287
61,0.11577559197240284,0.8133128243507538,0.06422089435817425,0.0007076239001199306,0.005983065418549189
62,0.018702451776140324,0.8558350914947838,0.12278089616578448,0.00013954346307760778,0.0025420171002137155
63,0.004527931548222153,0.8127546480615332,0.17885416381890334,4.96988202490661e-05,0.003813557751092293
64,0.00488981617356262,0.7305343490574658,0.2609051535121856,9.013930613038161e-05,0.003580541950655354
65,0.001804461339376411,0.6517763928134224,0.34155917260893437,5.154665814052295e-05,0.00480842658012632
66,0.007053947689612883,0.6350141150099261,0.35122742489375935,0.00011002747465135606,0.006594484932050186
67,0.003639361420818247,0.36641790231820764,0.6232479348913047,6.038602663817847e-05,0.006634415343031191
68,0.0064383327105375955,0.5677930108123597,0.41465615410112955,8.263890740405138e-05,0.011029863468569233
69,0.003179697029014803,0.6334366518328103,0.35383857079385606,4.3316189322919866e-05,0.009501764154995951
70,0.010080975492056209,0.5155609040328675,0.4476801179483335,7.279560611347268e-05,0.026605206920629322
71,0.00928716081898962,0.47612638320207595,0.495975925127419,8.66253798082548e-05,0.018523905471707108
72,0.0029432907618109566,0.3366259496952448,0.6425191026159186,0.000445325496085329,0.01746633143094031
73,0.002329484425670277,0.28909838335838706,0.6817556173548236,4.569122388405279e-05,0.026770823637235156
74,0.006425696637957698,0.521670942586229,0.45871551755156176,0.00018743265940069636,0.013000410564850818
75,0.005397279670889068,0.4029928685716709,0.581327368586687,0.0005108620277103021,0.009771621143042942
76,0.006364137056099594,0.17208578360167812,0.8094985380599833,0.0004055061445691881,0.011646035137669831
77,0.2577404016085168,0.6479808319371366,0.031463595248155764,0.02610258982486437,0.036712581381326485
78,0.1271980442015924,0.818596219974351,0.027847088495223302,0.007327624780806959,0.019031022548026518
79,0.4142866242803443,0.5291223306954228,0.009687320975924736,0.015457678799172444,0.03144604524913593
80,0.2687167870236438,0.644618412357743,0.005014834234980428,0.008439958015444874,0.07321000836818771
81,0.029336893424610398,0.9573391922095993,0.005306834572146631,0.0012564951403422524,0.006760584653301358
82,0.09034892459971523,0.875515606398654,0.002586379442109191,0.0025290398562743165,0.029020049703247293
83,0.02162784438805511,0.9687182004633124,0.003202315643070288,0.0015936385840617411,0.004858000921500333
84,0.011140089814058729,0.965246806156255,0.01280839549394347,0.0035360161813981286,0.007268692354344698
85,0.014412579346610528,0.9539742130281879,0.013763056326494221,0.007846393093818127,0.010003758204889128
86,0.008849997894918514,0.9094175598334266,0.06507575086271983,0.01075372419065497,0.005902967218279908
87,0.021470112342575252,0.10291602856364443,0.0004044152456641236,0.012876983437963122,0.862332460410153
88,0.15578292303971808,0.15516610743504777,0.00033467108272491696,0.06735706465461935,0.6213592337878899
89,0.1325386793583501,0.05221125463793371,0.0002970820768545477,0.059937552127176684,0.755015431799685
90,0.5043160077402015,0.026147775644176707,5.7210163612722135e-05,0.01439068569971163,0.45508832075229744
91,0.623896894182423,0.05623176802397025,0.00013052599189344123,0.1222004032097878,0.19754040859192554
92,0.35606054442014384,0.08305939554920892,0.00016925043437558562,0.2908055989946672,0.26990521060160444
93,0.26735123465816474,0.03954041849653848,0.0001763022454158172,0.49271319152228454,0.2002188530775964
94,0.13619322297463676,0.02571332258391847,0.00010807433028916011,0.5228140355501217,0.3151713445610338
95,0.2555973449887939,0.061703681247807715,0.00030063708958306484,0.4410062616960388,0.2413920749777766
96,0.16159535274472775,0.11712285410021954,8.304644691369849e-05,0.6122570846742237,0.10894166203391538
97,0.3657404413933379,0.06295950730284379,5.2157270525713486e-05,0.1398156023346577,0.43143229169863495
98,0.15785328401568016,0.05950809254540306,0.00021188247788078894,0.6556031872133966,0.12682355374763937
99,0.1884370002634444,0.11319812000622552,0.0003557135650153706,0.5122269850201506,0.18578218114516398
100,0.276528013192326,0.11572588152670574,0.00024126525592198041,0.28328872996624577,0.3242161100588005
101,0.03624793014706718,0.0026453568410034468,4.334661375003464e-05,0.022605314111971347,0.938458052286208
102,0.056933280692920925,0.005719172257187125,3.2138119439520905e-05,0.009306356187165922,0.9280090527432865
103,0.04978615795093379,0.0015938882492114038,6.665981414520041e-06,0.0015524202695229809,0.9470608675489173
104,0.28459943657864195,0.004691262964081392,1.220044031890277e-05,0.003645810881445599,0.7070512891355122
105,0.6814876685072137,0.011404470324165441,4.7670555890858595e-05,0.015434233241495924,0.2916259573712342
106,0.3164813811119679,0.010155100893962953,4.538595356248009e-05,0.010217855458259774,0.6631002765822469
107,0.560242269543962,0.06484905293510225,0.00033102712601631616,0.1676526018422667,0.20692504855265276
108,0.45942314664803063,0.04599823504823808,0.0001683952206199643,0.10388699095662592,0.39052323212648543
109,0.46240905991774495,0.11709079134975638,0.00025613089437808773,0.32077762071766674,0.09946639712045388
110,0.21068259207130907,0.026747627121444566,8.866066824895355e-05,0.23810441360730397,0.5243767065316934
111,0.0767027395115527,0.009314426136856896,3.658037759578616e-05,0.0427787657360932,0.8711674882379014
112,0.1028312104669869,0.012574610563172498,2.401247261054857e-05,0.0553234423111937,0.8292467241860363
113,0.42275862852559565,0.005318917947351639,1.9865803031862622e-05,0.033535474745748875,0.538367112978272
114,0.3988613154194905,0.010994836436287707,5.824638353416879e-05,0.08809070929621615,0.5019948924644714
115,0.481779447473881,0.008394658396206402,5.1029036163064116e-05,0.03914153234581117,0.4706333327479384
116,0.19967103673768077,0.006161590847027675,7.065014635811012e-05,0.03069226412211879,0.7634044581468147
117,0.5582167286612383,0.025425666772903123,0.00017972445560560576,0.18219325241223136,0.2339846276980216
118,0.020786473894647654,0.0012215197127227672,2.802358679733878e-05,0.004676057524876578,0.9732879252809556
119,0.46057497430837413,0.00442238394459406,8.914521014876094e-05,0.03152632134241537,0.5033871751944676
120,0.6455239508932695,0.011488755784661334,0.0001062763029515616,0.19843789588443317,0.14444312113468458
121,0.2652811922065129,0.017127485325508025,0.00029365547453038285,0.4291826465856815,0.2881150204077671
122,0.12185154493546385,0.018696452927775414,5.3663782507110227e-05,0.5961894839260932,0.26320885442816055
123,0.04205380012538767,0.004914542399445015,2.1011915553201184e-05,0.11670134689518065,0.8363092986644334
124,0.22020677685192447,0.044900873618143884,0.0001240633068840148,0.4312100483091553,0.3035582379138923
125,0.11274119156191875,0.04444225652640593,0.000130708958765188,0.536387326396976,0.3062985165559341
126,0.04491486566574744,0.006615563861370556,2.3212696569909155e-05,0.09952935186178712,0.8489170059145249
127,0.0461345923603304,0.0010881555030735285,3.301950357095439e-05,0.032008658466761056,0.9207355741662641
128,0.03000921744740596,0.0004989656823924801,1.0050856795766397e-05,0.014747315032713561,0.9547344509806923
129,0.01137478052592387,0.0003256402745492826,1.2845078080072574e-05,0.006090324638266434,0.9821964094831802
130,0.00829706250154711,4.917106555100862e-05,2.478630925196376e-06,0.001281948735841546,0.990369339066135
131,0.45062929145201425,0.0026021492946743,6.882602432846305e-05,0.11380912151726139,0.4328906117117217
132,0.021671139612347477,0.0001242260646539257,2.693623444741012e-06,0.0017373919246494974,0.9764645487749043
133,0.319520329830267,0.0070519978277909425,4.250481204230197e-05,0.023092170309324367,0.6502929972205754
134,0.29971748303483364,0.017399235090265322,3.241763676692601e-05,0.020805383951374355,0.6620454802867597
135,0.7865353592390242,0.08200094389865294,0.00010826812881688081,0.06585175717514942,0.06550367155835678
136,0.3299686119277814,0.4501786012110272,0.000658881572681507,0.20422740715160964,0.014966498136900257
137,0.3321142099658531,0.2115141581913002,0.0004769555377250899,0.4350346519457749,0.02086002435934673
138,0.139930025917244,0.7518323607612223,0.0015511815904714916,0.09675040737111026,0.00993602435995202
139,0.1717502929972781,0.7217522530775697,0.0028425692077788446,0.08759207414454284,0.016062810572830478
140,0.302799477284756,0.6005818138668196,0.0015903129913533473,0.08542302713011338,0.009605368726957532
141,0.04614782576370596,0.9178848040822486,0.0066432667294357905,0.02416130788181877,0.005162795542790739
142,0.044915436483697085,0.908167552796283,0.007024818295115716,0.03594181589121424,0.003950376533689734
143,0.04177888051610429,0.9357563153399499,0.004342494573102062,0.012898109532864492,0.005224200037979166
144,0.055088662242625576,0.9104129707287142,0.003692684676856186,0.02408434293102147,0.0067213394207825666
145,0.025041528634620877,0.9613964594487276,0.006312042043097652,0.003028206441233367,0.004221763432320266
146,0.016542748699424698,0.97390046736946,0.0024981913942047147,0.004428142830944211,0.002630449705966457
147,0.06350426584435293,0.916777590245356,0.008821194591708615,0.006048471362896704,0.0048484779556858554
148,0.019439959838170158,0.9696548038983711,0.007556495809316315,0.0018283218592861747,0.0015204185948562575
149,0.1906080076876261,0.7492954466755961,0.0034389570846431565,0.006890109872961602,0.04976747867917309
150,0.300040211585179,0.6162648507861781,0.013912847461363788,0.004125341498140884,0.06565674866913826
151,0.03190455918263658,0.9453362294804377,0.019964562075834857,0.0006530039796447173,0.0021416452814459795
152,0.04996562558595769,0.9324926506832358,0.013821048224034864,0.0010665792925486973,0.0026540962142228503
153,0.014262375232594328,0.9357115600388299,0.04689709757909647,0.0006861045959492046,0.0024428625535298384
154,0.013304240838473782,0.8962399241375677,0.08578284485978975,0.001980180984048074,0.002692809180120628
155,0.09472720079174551,0.8430181074369624,0.038366487107644565,0.0061939596375225866,0.01769424502612487
156,0.021672533706929783,0.8861341840318481,0.08731505688758236,0.0017858227213739433,0.003092402652266042
157,0.06446993828663114,0.9101089540672017,0.02163397939746946,0.0017044478733734367,0.002082680375324234
158,0.0032860444237243435,0.8907060145793391,0.10447837746326277,0.0001573350473207775,0.001372228486353109
159,0.008662583116309339,0.8907239023809301,0.0982564067278821,0.0002839693994738969,0.002073138375404458
160,0.016379756768898825,0.918893621945059,0.06196600126178226,0.0004965916484822677,0.002264028375777608
161,0.010828741674059327,0.8059734122418264,0.18025378391846258,0.0004993889965756237,0.0024446731690761364
162,0.00563308834576269,0.9340455409601458,0.05848995289941573,0.0002920112585779001,0.0015394065360976065
163,0.0018303907493336556,0.7980457103936567,0.19854082676653517,0.00024238433586323447,0.0013406877546113297
164,0.004988826777824453,0.7036517591968973,0.288340151027885,0.0010905964550122589,0.0019286665423808528
165,0.0029388196119993293,0.5393119102280443,0.4552832720190443,0.001118621552863238,0.0013473765880487988
166,0.004623242582109862,0.7696791553321409,0.21767752646469238,0.005466492595746755,0.0025535830253102113
167,0.18254210866049506,0.7016433013103786,0.03021165842212231,0.029434491625220435,0.05616843998178373
168,0.5582751376865002,0.3296531722189676,0.007970209698255144,0.016770766353852773,0.08733071404242412
169,0.01344777715601006,0.9155373651483055,0.06546769421021272,0.0012944847627739248,0.004252678722697777
170,0.2761208677866772,0.6619585638853032,0.00420895078029497,0.0076167791296087905,0.050094838418115815
171,0.414257012091964,0.459169940404432,0.0020302190033095,0.027552167608013718,0.09699066089228074
172,0.06063172955081037,0.907683336981121,0.003538956065620642,0.011655889093755482,0.016490088308692374
173,0.36119045380398246,0.6004561217004883,0.004324706483141112,0.012086446063009368,0.021942271949378544
174,0.01637720358511237,0.9742280245609837,0.006799691116484351,0.0011283521199320643,0.001466728617487551
175,0.17057358031213443,0.7834347799346455,0.0028942564924090306,0.027947089609741755,0.015150293651069272
176,0.31267578325322776,0.5147197287545452,0.0024126557082729213,0.09357525004240302,0.07661658224155103
177,0.3078394310987417,0.3965367183848396,0.001856344560310739,0.05350685316924102,0.24026065278686698
178,0.422835391730877,0.4229307453337838,0.0009556871613337558,0.0463969984844552,0.10688117728955024
179,0.32441868257948214,0.4121639223227094,0.0010256318376761072,0.12285234336468584,0.13953941989544646
180,0.004961312249365615,0.002447561016353437,3.213271770344876e-05,0.0006316096585940025,0.9919273843579834
181,0.05858898358670946,0.0029236251762331518,1.596616322598623e-05,0.0055325838436403735,0.9329388412301911
182,0.4309636826657402,0.007753300845057629,5.6253212989767524e-05,0.02409199647207868,0.5371347668041336
183,0.39061441654451834,0.004171521650724953,2.4477739694750495e-05,0.01624029823640565,0.5889492858286564
184,0.16037373447720094,0.004181576398755762,7.470056085293076e-05,0.030648070276340825,0.8047219182868497
185,0.0573672909909863,0.002233632511927576,2.816539253886252e-05,0.007624306872162891,0.9327466042323843
186,0.6277384453317559,0.006862769371637987,6.123534854345932e-05,0.014424576265942197,0.3509129736821205
187,0.06234548932129494,0.0011340991133555734,1.2911717773871519e-05,0.00343698825551487,0.9330705115920608
188,0.8525419898095496,0.005664305425154375,6.589654588924469e-05,0.01725398206888221,0.12447382615052448
189,0.8459795663288573,0.10559032847072826,0.00019722992664965622,0.011853493787693398,0.03637938148607149
190,0.40620713641915823,0.5600910653351668,0.0005667894823635917,0.011949050563308012,0.021185958200003324
191,0.04903115151215684,0.9303560768984547,0.0022380846361260208,0.014630980515662294,0.0037437064376001855
192,0.10933201347145763,0.8500387822380852,0.003655153619062789,0.027001031133335088,0.00997301953805939
193,0.12403114135497133,0.8312088515683114,0.01474240184822297,0.015568966764894445,0.014448638463599856
194,0.0535095965384226,0.9315331621418177,0.008266529506751915,0.004432526202620939,0.002258185610386792
195,0.04181355858754086,0.930674904931805,0.021807399214214623,0.0018533454091156677,0.003850791857323837
196,0.03989430640613868,0.9425979546399541,0.014477936474663252,0.0012560730560528261,0.0017737294231912005
197,0.013102827652564267,0.9257801017117244,0.05743729693736513,0.0007465811820436293,0.002933192516302456
198,0.017867473071560724,0.882998697941427,0.09593077521836431,0.0007177117548000182,0.0024853420138479408
199,0.006116361309478607,0.9339053714537502,0.05825932653678655,0.0002589890786019086,0.0014599516213827067
200,0.005907384230104326,0.7986240396598514,0.19370857018645926,0.0003853291344020102,0.0013746767891831169
201,0.004670272572362537,0.8348093334901864,0.15791737379332138,0.0004753527028071097,0.0021276674413227407
202,0.004578679689967812,0.798496161476664,0.19503032893039515,0.00031722640151085824,0.0015776035014621495
203,0.005734239429238988,0.6357161296978431,0.35629905049278743,0.00044436153693819697,0.0018062188431923235
204,0.0053358342294987674,0.6872220379371194,0.3030364892508882,0.0005889881076149988,0.003816650474878397
205,0.0023988685977035283,0.700351972285105,0.2949575578617927,0.0005153852992096201,0.00177621595618911
206,0.005583642421580269,0.7007347383385126,0.28940484000563516,0.0009271931290319549,0.0033495861052399963
207,0.007630971880799034,0.729952513643855,0.25287616285248093,0.0006761211334398964,0.008864230489425149
208,0.3701857084133236,0.5202268006541853,0.035366697482367704,0.0035840505408483584,0.0706367429092751
209,0.0642117688760922,0.907176222840785,0.023003825019466195,0.000979726382139702,0.004628456881516707
210,0.3161371237564625,0.6094677848777037,0.01080914564137293,0.001173113263810752,0.06241283246065
211,0.14568466727700696,0.824282648981707,0.012932786171339491,0.00192210448833403,0.015177793081612436
212,0.023525423844500248,0.9440516129035259,0.025622776269032248,0.0009731089789077118,0.005827078004034131
213,0.08521133937633008,0.8914469348929228,0.009378957970589538,0.0017224476551365058,0.012240320105021026
214,0.01363440238861172,0.929189156230258,0.053596849279859436,0.0012330166668079606,0.0023465754344629518
215,0.03849664583648701,0.9448488018428504,0.0074112581762427795,0.0017339875756876217,0.007509306568732266
216,0.29713288061934134,0.6785179771575546,0.005413489888164391,0.004637239308993257,0.014298413025946423
217,0.011683477187260097,0.9736859228057646,0.011769253919765604,0.0006280351109359797,0.002233310976273718
218,0.006714153409455129,0.9807078080835747,0.010810720562122204,0.00039358384226662117,0.0013737341025813025
219,0.007114017519302016,0.9452710998210008,0.04484229397924322,0.0008983070057331506,0.0018742816747208569
220,0.003085716762730062,0.8846634087062506,0.10827430040838437,0.001245886545846721,0.002730687576788254
221,0.16714593685796442,0.686135398641214,0.010385647892711247,0.005656909241249335,0.13067610736686117
222,0.06242667527327661,0.9257385544158222,0.0063810691094595366,0.000957194329292514,0.00449650687214928
223,0.11711319001446326,0.8692870849523983,0.007763659660072789,0.0019851129861057693,0.0038509523869598218
224,0.07713748459942915,0.9060438426651983,0.012899503191788517,0.0007749950696214535,0.0031441744739625476
225,0.010920219562098715,0.9635185989346177,0.022777103528116686,0.0003866138459711219,0.0023974641291960213
226,0.004084179197719299,0.9396493549403161,0.05468907156007259,0.0004344807988262098,0.0011429135030659539
227,0.002144387140003957,0.799143246281342,0.19719863031685167,0.0005372950521684164,0.0009764412096338505
228,0.004674605395015278,0.8319935478582106,0.1592695183480144,0.0019108098457830962,0.00215151855297662
229,0.02834306018254697,0.9354300543822347,0.01732129601212703,0.009428686008790522,0.009476903414300793
230,0.01603237030308593,0.8870945750094721,0.08369172109615881,0.008568154506827208,0.004613179084455961
231,0.14644518237847007,0.7065236139537843,0.012927670325450431,0.08694304855390242,0.047160484788392645
232,0.047228701680476715,0.8930913596805904,0.010659486972753996,0.042275757475809965,0.0067446941903691856
233,0.13652356131967155,0.614972206233011,0.0029998266848879954,0.23500853237372657,0.01049587338870304
234,0.1644058863521369,0.17105592900817718,0.00036183305808220576,0.41398213886775154,0.2501942127138522
235,0.13315627809310093,0.13984035343831946,0.0002430502846555017,0.6524304896738702,0.07432982851005378
236,0.11679764790488677,0.07867622239288025,0.00017012998538167834,0.7929717094512458,0.011384290265605498
237,0.36098181633961013,0.055294079130031,0.00022179686142536937,0.3443152982048026,0.2391870094641308
238,0.07555805715303114,0.04130451374771451,0.00011222908990680162,0.8637737961356137,0.019251403873733967
239,0.043420034685673195,0.018996996913320945,6.552300473312626e-05,0.9216380679647826,0.015879377431490187
240,0.0759360293830183,0.031797765443066874,9.085155356934187e-05,0.8784496497613068,0.013725703859038693
241,0.017053993281290952,0.014501587142144822,4.5545437228865796e-05,0.9591700165133482,0.009228857625987031
242,0.03525118936723711,0.014418543720457018,0.00016049182324295785,0.916154147964418,0.03401562712464505
243,0.016408321131395114,0.0047137697818265874,3.8185064823726154e-05,0.971086289235632,0.0077534347863225115
244,0.016603352122203888,0.006201496263486889,7.802525945335542e-05,0.9723140761370077,0.004803050217848318
245,0.041350578070290724,0.011124306284815479,3.246576440945744e-05,0.9056640774958917,0.04182857238459259
246,0.03411955057983815,0.01998560829545148,0.00010250830539956375,0.7696253666641519,0.17616696615515892
247,0.10029067040904714,0.010534004748771194,6.721646266101197e-05,0.38503053986919156,0.504077568510329
248,0.3903178678144803,0.019307695681377184,0.00011314245231786411,0.27072011185444245,0.31954118219738226
249,0.15938164550200268,0.013460944418897178,4.397869830468543e-05,0.11829171965610377,0.7088217117246917
250,0.5260104776757514,0.040978029043189354,0.00017480581721083193,0.27215808232121474,0.16067860514263368
251,0.500547665843507,0.2481198225849721,0.0017293717570439837,0.16352255879953378,0.08608058101494324
252,0.2219419945745307,0.021273175943576167,0.00036003292063337876,0.07874202193686292,0.677682774624397
253,0.6346203269324772,0.08243646191922684,0.0005832216334314148,0.21234645708643926,0.07001353242842524
254,0.15480395159056717,0.629395741950181,0.0022715139483717372,0.2063149148599896,0.0072138776508906405
255,0.5829420169402001,0.13349834398351446,0.0005925103532360076,0.142143209730005,0.14082391899304436
256,0.304283840853892,0.3012585695249218,0.0006655464129288773,0.37410019831061797,0.0196918448976395
257,0.3042028389356746,0.40657558776990776,0.0006286687133567028,0.2674144625005279,0.02117844208053315
258,0.44423975644131153,0.5029038567252442,0.002834303941727799,0.022706029073435722,0.027316053818280887
259,0.10281455063699037,0.861702838091419,0.001349173211925413,0.024363082269905474,0.009770355789759837
260,0.0896375419803737,0.8810974567544009,0.003493756982341554,0.008384494511546573,0.017386749771337463
261,0.541966913865595,0.38410532274815873,0.0011444806819510304,0.01868252472224946,0.05410075798204582
262,0.24073006551754222,0.7278736599192037,0.0010688828973089508,0.01782337065059572,0.012504021015349155
263,0.029266731870264885,0.9619049037308646,0.0053965627318592925,0.0012845579554453198,0.002147243711565828
264,0.01250912562960001,0.9640304033580686,0.01886002264058215,0.0012245736780960288,0.0033758746936534065
265,0.017762163422855394,0.9449164698240533,0.030505628250229323,0.0036051608104547537,0.003210577692407391
266,0.03903372607675131,0.8854049174265509,0.05224621595600224,0.007484077298031947,0.015831063242663587
267,0.15581880748315458,0.614177875312076,0.015896859584679436,0.008506811741851321,0.20559964587823865
268,0.10581276549959495,0.8490616743783425,0.028479972495734723,0.003481599330715055,0.013163988295612576
269,0.05580037497601931,0.8702691174206337,0.06504262978034721,0.0028861171170860207,0.006001760705913851
270,0.015245159771748599,0.837123725881974,0.13906288945130182,0.0013595653289468945,0.007208659566028639
271,0.03678660694580073,0.789443002253779,0.15709814411801168,0.001843119599255469,0.014829127083153096
272,0.47644262923148994,0.44724992544638337,0.009647620104993593,0.038298508593744326,0.028361316623388533
273,0.046643286522651074,0.872740419905879,0.05929456244902771,0.0050676118051650515,0.016254119317277087
274,0.15307153793306175,0.11232086380220029,0.001101438577535873,0.008759158380146312,0.7247470013070558
275,0.5757088537827977,0.1850306367527244,0.0017166480866033836,0.030512098394328797,0.20703176298354575
276,0.05608773885042835,0.025990471829935333,0.0004469226755215866,0.004503200419295407,0.9129716662248194
277,0.7350940292391469,0.028206646491457567,6.291503215924632e-05,0.0076580365871835535,0.2289783726500527
278,0.8047205459405107,0.12782287701455639,0.00015279616164525365,0.014366564782166554,0.05293721610112115
279,0.7919887720845226,0.09724085675895783,0.00023903484084411097,0.01532527315629443,0.09520606315938104
280,0.5937050481504186,0.31491466654816286,0.00040199950951378885,0.06872619315778317,0.022252092634121607
281,0.4987054199857138,0.10357573631915255,0.000567113416018773,0.040225934273789836,0.3569257960053251
282,0.5746833336619125,0.39844213009147694,0.001879988873150324,0.007874170668217547,0.017120376705242576
283,0.6637963362572079,0.27137252963226943,0.0026496537129662772,0.01935960164738482,0.04282187875017149
284,0.23283134683107745,0.7428351710524242,0.00972444261043318,0.007085391993733565,0.0075236475123315995
285,0.022911387102231378,0.9263853589912722,0.038919008090928214,0.006829442101636911,0.004954803713931266
286,0.03560809608181179,0.9167759051674057,0.033551468429580525,0.008790187157388834,0.005274343163813079
287,0.07475531600602629,0.8641913998867254,0.033143865420831864,0.015386045476049187,0.01252337321036705
288,0.0266125828985128,0.9275439546620962,0.0345914467317061,0.007298232710528487,0.003953782997156486
289,0.012543004724890018,0.9277659261396242,0.05408388408600959,0.0030571351460566636,0.0025500499034196997
290,0.0100044056926724,0.873116290242278,0.10883547921284929,0.002244300631894971,0.005799524220305312
291,0.007695815566448269,0.9120697855860999,0.07564720723970884,0.002189162175804244,0.002398029431938559
292,0.0025793607890889606,0.7403601059708615,0.2530953880168911,0.001411673719234992,0.0025534715039234727
293,0.3491964910395691,0.5097864967892717,0.030413777586561996,0.008548112865805778,0.10205512171879148
294,0.101277545220399,0.8253459108767709,0.0564734843108621,0.0029355055990305345,0.013967553992937459
295,0.08444828128449379,0.8115157446593654,0.09533402729273255,0.0018612584858208692,0.006840688277587335
296,0.026499357489932398,0.8667732675246883,0.10180660997739636,0.0009367067107523779,0.003984058297230676
297,0.004443241641550279,0.847589496392965,0.1447658312321204,0.0008832675689097414,0.0023181631644544833
298,0.0029161013765037803,0.6236678730789487,0.37083499023123345,0.0006049673815201376,0.0019760679317938905
299,0.0007842545474167089,0.5407473423269116,0.45702984227057936,0.00015432439484224585,0.0012842364602500273
300,0.00048539495801408624,0.3082034168037884,0.6900137085208334,8.17866556363251e-05,0.001215693061727736
301,0.0029581037554845574,0.2706558484082301,0.7230803173745255,0.0002100807853614463,0.003095649676398416
302,0.002512411224018567,0.5158409821134415,0.47898011261840023,0.0004010811895089497,0.0022654128546306133
303,0.0026748717634547635,0.7221795668297412,0.272478105635671,0.00025483671694740085,0.0024126190541858016
304,0.001675694984862713,0.6758205078016875,0.32008769863939524,0.00033454069921640096,0.0020815578748382938
305,0.0008555084715589833,0.3647805009850503,0.6329928538289765,6.496289804864622e-05,0.0013061738163654684
306,0.00047315411313180947,0.21118071842572023,0.7871365810209462,4.357558780451843e-05,0.0011659708523974258
307,0.0013978127169232404,0.3649543856661695,0.6304429818577909,0.00013332358880104134,0.0030714961703154874
308,0.00023263617318374568,0.1163019766269551,0.8816008961007402,2.5353653240619945e-05,0.0018391374458803823
309,0.0003195958040703874,0.21234226384836113,0.7850742160280647,3.2434776982316344e-05,0.002231489542521336
310,0.0008325460144686772,0.19663531177248583,0.80060075451876,6.180036958257277e-05,0.0018695873247030147
311,0.0005492869498903857,0.3154889370907327,0.682244448573701,6.16983385468411e-05,0.001655629047129063
312,0.10636164618398902,0.6372687120442859,0.13826412387177686,0.003366086913987945,0.11473943098596011
313,0.013934615302564455,0.8509268378486295,0.12747925877600974,0.0022415439620027218,0.0054177441107935665
314,0.02228154137274052,0.8108358851376579,0.1560293889341782,0.0008484321188799172,0.010004752436543505
315,0.18657935219087554,0.767102888776848,0.032020155011602186,0.0015409787412913151,0.012756625279382913
316,0.015847968321386782,0.8828683127914125,0.09653847247571715,0.000798221866542481,0.003947024544940876
317,0.002913917114204465,0.7298721967138759,0.2651768866854089,0.00020732838279632876,0.0018296711037144753
318,0.0023321624293537076,0.659226435319132,0.33638273405404634,0.0003446101470916296,0.0017140580503761471
319,0.004030919125615467,0.6095660013637965,0.38303114087564794,0.0005388767670478672,0.002833061867892198
320,0.012189532892535458,0.7627486088397198,0.22057743868277588,0.0008298417021068598,0.003654577882861913
321,0.003857769109486618,0.7954131313505202,0.1984782051506074,0.00045188227663187563,0.0017990121127538473
322,0.000718119051136586,0.26275076582427337,0.7352603661634104,6.82104179225034e-05,0.0012025385432570949
323,0.0011341848813839447,0.4601993960280881,0.5369755401602112,0.00012038382495284387,0.0015704951053638484
324,0.001425193994496992,0.3537942641514511,0.6427908851336038,9.809467673814675e-05,0.0018915620437099765
325,0.000989846032012994,0.33456122548208206,0.6628433911414251,0.00011943120774882024,0.0014861061367310306
326,0.0065683857956070815,0.29287944402021443,0.696671251927325,0.00016862412310651305,0.0037122941337469004
327,0.0025910761873628,0.4764605620907216,0.5172311768444006,0.0001485323804500228,0.0035686524970652226
328,0.002342274533072824,0.48719301106813057,0.5075024724522306,0.00011702132091969871,0.002845220625646427
329,0.00265779008597882,0.3757933679315948,0.619184023005584,7.973028412032262e-05,0.0022850886927219885
330,0.0012630563443200744,0.2595794722610851,0.7368612296569153,4.335375335453062e-05,0.0022528879843249435
331,0.0013970813709795814,0.10720964889419245,0.887827715809785,3.884393345650978e-05,0.0035267099915865475
332,0.0013806532858588124,0.3965891829172639,0.5984375831146259,9.334656535290899e-05,0.003499234116898442
333,0.001542853708619488,0.20055847493932114,0.7926521077314844,7.182819160413748e-05,0.005174735428970798
334,0.0020148200935310393,0.5105157435564301,0.48291206572791096,9.443000385797281e-05,0.0044629406182700275
335,0.0022434889140880094,0.3202405126448847,0.6736826693577738,9.134452344486917e-05,0.003741984559808717
336,0.0023206799590097227,0.44160894374151666,0.5495331756952319,0.00010649457328706643,0.006430706030954682
337,0.000575449314977655,0.18912693132681133,0.8042014989480356,7.037888968943276e-05,0.006025741520486114
338,0.0005328496586493583,0.22058279568138703,0.7733426122509348,0.00012517132651473667,0.005416571082514157
339,0.0002525522524698819,0.13085048605928498,0.8656783508157103,8.270573898024175e-05,0.0031359051335546006
340,0.0012418347296581944,0.0774371244338645,0.9111254736189045,0.0004225489169071626,0.009773018300665777
341,0.015635320936437054,0.11021315918732981,0.1636650261805151,0.01005806706503929,0.7004284266306788
342,0.10632782215328954,0.04084868103135913,0.004778346499835978,0.016429318958315384,0.8316158313572001
343,0.2884900419111188,0.04512526631419511,0.0017207051039767086,0.005244530869237335,0.659419455801472
344,0.34921672024622374,0.054344797927679586,0.001270744963590628,0.0025476191589313994,0.5926201177035746
345,0.44163125099585204,0.08710533075601812,0.0010109394159877353,0.014183424896424612,0.4560690539357174
346,0.3341099562659658,0.04421016277494711,0.0014102713857903142,0.02538266443006901,0.5948869451432278
347,0.23445553258807628,0.05294785263062191,0.0012464752036070175,0.056276897469902075,0.6550732421077927
348,0.3665405170936727,0.0683494351898993,0.0011544628227943322,0.12713573944674128,0.4368198454468924
349,0.47694593630437854,0.07440940920235083,0.0005376285343815347,0.22079993901518666,0.22730708694370236
350,0.4203834436144219,0.30535227205031773,0.00693850168671124,0.19495616536807667,0.07236961728047245
351,0.4007190131634526,0.054794129135603345,0.0043300767271068725,0.20116431457222705,0.3389924664016101
352,0.31889626564609136,0.18830350318873934,0.013540403970583733,0.4397105218032975,0.03954930539128805
353,0.2370382749064496,0.06186333382602682,0.004695776577814615,0.06687500934205227,0.6295276053476566
354,0.5099202534405944,0.12241563999288486,0.006923687031790342,0.2658238409483156,0.09491657858641463
355,0.5142487618021089,0.18199346025392454,0.010749757109622938,0.10776838415204106,0.18523963668230248
356,0.5130591303310514,0.09438427399890498,0.006113886428330885,0.05918623225220239,0.32725647698951044
357,0.5620996193185542,0.2092473246844301,0.003012967567839082,0.12226162569697342,0.10337846273220329
358,0.20309354325636828,0.061796729137260614,0.0010157383537537188,0.04325284830085548,0.6908411409517619
359,0.38293508934659376,0.048621617983293994,0.00031434261330496016,0.02842145240843813,0.5397074976483691
360,0.1848370987272281,0.16715360258158662,0.0024173996735583265,0.08945575816725518,0.5561361408503718
361,0.2382087509048784,0.02913801890661634,0.0005765345236745932,0.08426872162252406,0.6478079740423066
362,0.3213474456605783,0.05724889708178387,0.0016415991381622242,0.04409016341920774,0.5756718947002677
363,0.21424570288731745,0.09804280503610176,0.001524504005018574,0.07893603151298788,0.6072509565585743
364,0.019648755868795612,0.001677529768564876,3.8812283406363834e-05,0.002737690906352374,0.9758972111728806
365,0.2663993499106157,0.019614267670768373,0.0008156896353416706,0.01873158174940757,0.6944391110338668
366,0.49317006887910286,0.03890841867779778,0.0005620096891274159,0.023820837087265304,0.44353866566670674
367,0.49947172847855836,0.07028688162947457,0.0018186905261668182,0.05626081513949837,0.37216188422630175
368,0.08306969300855038,0.020184048158343203,0.0013558269044655626,0.014213611794072344,0.8811768201345686
369,0.03611639222284312,0.007536238056186579,0.00109893376079645,0.004401685813463914,0.9508467501467099
370,0.08956770420488945,0.003901848590827767,6.415540521904258e-05,0.009433437096489052,0.8970328547025747
371,0.5956068593772041,0.011445258767693856,0.00016712129956661547,0.03381367166409854,0.3589670888914368
372,0.24233474243240577,0.004236327761361569,2.4089304162094565e-05,0.004070047472923922,0.7493347930291466
373,0.7034467745023447,0.014687465048674705,0.00013042427482250148,0.02219364900766204,0.25954168716649606
374,0.7658254900726779,0.07961398618828515,0.0006125268403132118,0.11139339948991979,0.04255459740880395
375,0.5780862337093546,0.11411624548175746,0.0003730363897228572,0.13205627327406796,0.17536821114509718
376,0.12690470269685708,0.167213770159474,0.000725797738578944,0.6853074353289637,0.01984829407612643
