epoch,N1,N2,N3,R,W
0,0.0005440715879575262,0.00023733741079444748,1.177037432454548e-06,0.000165195130317599,0.9990522188334979
1,0.003070338898915644,0.00021314186684528858,1.1188577035715401e-06,0.00020604923040424308,0.9965093511461313
2,0.007285619884314438,0.00022289722633887768,7.318569780467383e-07,0.00010979564720376393,0.9923809553851648
3,0.019094256075171612,0.00038492647585462893,1.01302811801502e-06,0.0001232149535038527,0.9803965894673519
4,0.04159062598184288,0.0003918330575934557,1.8035995988283698e-06,0.00013609499602529985,0.9578796423649395
5,0.04607440319983501,0.0008244488619753901,3.477838029144999e-06,0.0002681726930725242,0.9528294974070879
6,0.02259133752652741,0.0009308046288536301,2.8101417890698957e-06,0.00022790168188990768,0.97624714602094
7,0.06445671661512521,0.0023486939317049053,2.2642073759081482e-05,0.00038438258980789817,0.9327875647896029
8,0.08896264463520057,0.01038749848799598,3.3541732070496714e-05,0.0030412567103076387,0.8975750584344253
9,0.12516048590775194,0.024984139096502277,7.523989168584253e-05,0.0342913569373541,0.815488778166706
10,0.023008251099769395,0.0032699674290372458,0.000105633624832559,0.006525779706629674,0.967090368139731
11,0.06800557084985563,0.24757968645992973,0.0007999936113494725,0.03800087402755814,0.6456138750513071
12,0.10868189137169937,0.12566785985853463,0.00024252885737923138,0.1428693414522073,0.6225383784601796
13,0.062362218995943616,0.1982985784524044,0.0001714607700132984,0.05942538207612101,0.6797423597055177
14,0.042675042074415775,0.40096884333512584,0.0009150638188524014,0.027746674274727903,0.5276943764968781
15,0.07104375783262024,0.14374992287295568,0.0002768644100192098,0.05811032541426541,0.7268191294701394
16,0.029484388375749394,0.17859592652048947,0.0023617526126201906,0.010269786261446227,0.7792881462296948
17,0.15121570145394497,0.2599220320116518,0.001730297286428847,0.012742576951668394,0.5743893922963059
18,0.0555195305222122,0.8316935465654107,0.0015546198443465527,0.004277041513597894,0.10695526155443265
19,0.07213087371113662,0.6396043561265802,0.00043790317515343696,0.009958588548864408,0.27786827843826556
20,0.09746502525383918,0.7332990383334168,0.0063398133104353,0.0018383887848459708,0.16105773431746276
21,0.05912333942346768,0.8311350338644291,0.016181695086037905,0.0011908915832190047,0.09236904004284628
22,0.032179076303693245,0.9203159355673937,0.015029409095189598,0.0003195888171129177,0.032155990216610496
23,0.031486748417104984,0.9034560774860578,0.015996761581686753,0.0002550568122925696,0.048805355702858065
24,0.03043166969304735,0.8208746599031297,0.01836986460597019,0.00033464726437967086,0.12998915853347293
25,0.0156007093616462,0.9312090444064774,0.008452173072800889,0.00022699824745429497,0.04451107491162114
26,0.010305328831049648,0.956305771281249,0.006170777823166456,0.0002059419035871239,0.027012180160947686
27,0.01711937676529173,0.8769488788991237,0.038024652718549524,0.00034842582049618686,0.06755866579653887
28,0.01212914478712091,0.8708203531129468,0.008598609863325226,0.0005478928881977785,0.10790399934840932
29,0.01581059856179135,0.8192051992601425,0.013525103773973408,0.0005944424081865446,0.1508646559959062
30,0.17036346453091478,0.17592134334337048,0.0018190877567202093,0.0007747947411118236,0.6511213096278827
31,0.1487196535144879,0.05967886758785399,5.3605128954950274e-05,0.000991721172473679,0.7905561525962295
32,0.24318107590693153,0.6294149791568181,0.0016155262727471148,0.0002672442226496859,0.1255211744408535
33,0.06203506212902319,0.7646286004440725,0.003145117285507317,0.00015459761237211547,0.17003662252902482
34,0.014883812103798836,0.9496952636140213,0.012971061713799883,9.78223035758629e-05,0.0223520402648041
35,0.014327888024111396,0.8875064499079438,0.017506403882822173,0.00013898254473682512,0.08052027564038598
36,0.006358119644748835,0.9572992629532767,0.0185434556213248,8.65037802820163e-05,0.017712658000367497
37,0.006558740920418839,0.8736784894169359,0.1054177140537074,6.41263155908096e-05,0.014280929293347148
38,0.00486132602576475,0.9683862740956005,0.01461424862838969,9.30409996847922e-05,0.01204511025056017
39,0.0049509940439668,0.810773467683683,0.13427946773914962,8.658834465057137e-05,0.04990948218855009
40,0.003087570374349981,0.26152247549021496,0.6967456246511275,0.00013966738897495587,0.03850466209533265
41,0.0028814681010215525,0.21280628952581948,0.7621852182114277,0.00018730435221641698,0.0219397198095149
42,0.0014554604292157842,0.1401345835096763,0.8459820012443263,7.24476690112016e-05,0.012355507147770223
43,0.0072238600686470745,0.38627067022525446,0.553301929467969,0.00021729260069274043,0.052986247637436645
44,0.0023379789352206064,0.2309510238272328,0.7261240164384463,8.49468588823475e-05,0.04050203394021786
45,0.0024315145887277086,0.24205180377419083,0.7222348904155952,6.17375365678603e-05,0.03322005368491824
46,0.0022572418161824885,0.15441217665587326,0.8187508906924679,4.923656733677236e-05,0.024530454268139594
47,0.0008055460818224169,0.11470517604828799,0.8706614221700744,3.426244986839123e-05,0.01379359324994679
48,0.0017773475182369157,0.1340707255926122,0.851192293422072,5.217891660896069e-05,0.012907454550469913
49,0.0008580153580391586,0.10150143961905184,0.8842145334607836,6.762703586069119e-05,0.013358384526264668
50,0.0012393701178414574,0.09935559225306445,0.8765115942826305,7.526225364313816e-05,0.02281818109282041
51,0.0018181238696187284,0.1813199168626947,0.780481197009571,0.00010541280098341031,0.03627534945713231
52,0.001736484615486028,0.17601235154067266,0.7970986357042056,0.00011343291378279644,0.02503909522585302
53,0.0018676779757234793,0.2447678349625208,0.7271553839105294,8.660817469191066e-05,0.026122494976534502
54,0.004541108082437798,0.3474781606813365,0.6201490199576245,0.00011507800187902635,0.027716633276722205
55,0.0019346893954726423,0.20262674487643445,0.7749105527289759,6.5268279115636e-05,0.02046274472000137
56,0.004153856121696505,0.3115808276898657,0.6671969111240614,8.607984461868273e-05,0.016982325219757486
57,0.0008253805881221625,0.09563398765189886,0.8916202981066735,2.9574621841814933e-05,0.011890759031463695
58,0.0014770845818081462,0.13350730079093967,0.8431564758662553,5.781158735164698e-05,0.021801327173645295
59,0.0005981289307324312,0.08300344677674121,0.9006888597657359,5.498235743449404e-05,0.015654582169355814
60,0.0013156622652311665,0.2359356933823757,0.7416250724240299,0.00011441628445640149,0.02100915564390675
61,0.0015956713865280135,0.227713874797146,0.7535327066636052,7.599915470977781e-05,0.017081747998011047
62,0.0004305843933772909,0.09325140610946392,0.9002455924868789,6.170615737387882e-05,0.006010710852905998
63,0.0009372731778161334,0.21531435776400634,0.766508567919408,5.358270446221491e-05,0.017186218434307395
64,0.00016394767679600496,0.03928146201868825,0.9542024499141492,1.4798630253926469e-05,0.0063373417601126445
65,0.0011217454941798456,0.19148704048213913,0.7824262403791391,0.00014137005273313113,0.02482360359180883
66,0.0005523915659413309,0.15268201948368862,0.8328963176160713,3.692783726086306e-05,0.013832343497038045
67,0.0005658466688856922,0.13280137948050835,0.8467298933202,0.00013019283325896576,0.01977268769714719
68,0.0006150702322606047,0.11314983217857491,0.875979155178262,4.825518410153652e-05,0.010207687226800996
69,0.0010021104439829167,0.13794674481297062,0.8400266218752548,5.525202301592431e-05,0.020969270844775716
70,0.000429767369173035,0.0951118503442445,0.8870796509254442,4.48380424845707e-05,0.017333893318653707
71,0.0004398123546012628,0.08164783456447385,0.91011620049312,3.437976534660151e-05,0.007761772822458408
72,0.00013361505222078595,0.04134149719331973,0.9535122101503779,2.192601306535973e-05,0.0049907515910163815
73,0.00027174803766744435,0.05435376081162416,0.9380707279988433,0.00010061724034674636,0.007203145911518493
74,0.000987803433536244,0.15848242724350314,0.8184334770310842,0.00013945651611125116,0.021956835775765276
75,0.0019135167169534728,0.11957840867687708,0.8582227797525945,0.00012823134885937842,0.020157063504715432
76,0.0011240254419435703,0.1356212329783428,0.8379477126739495,0.0001941618482712651,0.025112867057492785
77,0.0011428373525939391,0.12427224695653051,0.8572700576066339,0.0002552171142740938,0.017059640969967562
78,0.0006030184583159112,0.04393625621980237,0.9454805831732175,8.804565718756067e-05,0.009892096491476814
79,0.024766586418863843,0.28094067069011036,0.6106847579978434,0.0006431291386847532,0.08296485575449777
80,0.012785386802332177,0.6089170261784504,0.36281600569509,0.0009738352336063758,0.014507746090520891
81,0.006355239488531792,0.33614754769779,0.6342655291761947,0.00047073971867574784,0.022760943918807817
82,0.03932490331503123,0.35195601181025754,0.2258976857140538,0.0012964752776080462,0.38152492388304937
83,0.16974061188235168,0.4645690568645148,0.0037610646232572463,0.003089190002007605,0.3588400766278688
84,0.12585429494982917,0.6625792826939505,0.007270411794517503,0.0054837724032819795,0.19881223815842097
85,0.1401341174771223,0.8061813728066494,0.002087751964205171,0.0013201211333271228,0.05027663661869601
86,0.07852652811874263,0.8997318403826795,0.002338285581284578,0.0011628382195519801,0.018240507697741496
87,0.02388295090821369,0.9584873546521088,0.003304969502206758,0.0005753242765934478,0.013749400660877415
88,0.018392235166709,0.9658784398058431,0.003618727707367224,0.0007852926293542514,0.01132530469072654
89,0.03689079875562541,0.9438039177006216,0.00486404926630803,0.0008658826794228362,0.013575351598022239
90,0.011495974672409983,0.8478839747424405,0.09550565923868407,0.0005996220301825458,0.04451476931628286
91,0.01297058855631012,0.8860030057863914,0.04858459002361722,0.0002830704942660221,0.05215874513941517
92,0.014820748317176086,0.6837958504030586,0.2756298234527581,0.0003917428464942819,0.02536183498051288
93,0.0059903322093248276,0.6633795675168791,0.3141763705915948,0.0002989398006310039,0.016154789881570326
94,0.01030606933116747,0.8417806467300462,0.12988221151701135,0.0003374136392849396,0.017693658782490046
95,0.005359452985840693,0.6467710577687902,0.32472024909616043,0.0004035342216710192,0.022745705927537562
96,0.0010325618457329498,0.260293617000805,0.7324099478202757,0.00018432669097492244,0.0060795466422115625
97,0.012451521968218726,0.8097664681489412,0.15984793977286257,0.0006287081963403062,0.017305361913637296
98,0.0033725246936053537,0.48359236731730143,0.5022800772815527,0.0005808151706213378,0.010174215536919204
99,0.007948882483692844,0.4406380343757239,0.5227655740398659,0.0009046762881417986,0.02774283281257554
100,0.08975459539079733,0.8771331722512123,0.009583756696357878,0.003974433230077526,0.019554042431554876
101,0.01507288317008746,0.8666131854071734,0.10432457082981617,0.0005281053461821081,0.013461255246741036
102,0.01998888524688242,0.9490793716666015,0.021588660109107535,0.0013365308195091383,0.008006552157899437
103,0.0033119901837318855,0.510503178520392,0.47252828162146954,0.0006251146050844221,0.013031435069322268
104,0.022466799786493477,0.9501133646954524,0.015673482654745087,0.0013872386901526102,0.010359114173156466
105,0.013885346959428663,0.483116542097233,0.46520249358392535,0.0009916427044074877,0.03680397465500545
106,0.005934795650374175,0.5942129579095972,0.3779112328640254,0.0008071667990322332,0.02113384677697116
107,0.0024309451143553814,0.23084035792840948,0.763520023039703,0.00011819391805682054,0.003090479999475354
108,0.003575483655585278,0.243778442888799,0.7472275731263391,0.00038813698639808623,0.005030363342878453
109,0.08526031577853045,0.5390836222062397,0.20857365588193363,0.002796534460971256,0.16428587167232497
110,0.10215262588900031,0.8245934538267023,0.02736401370450285,0.006116634785821516,0.039773271793973004
111,0.03489866211148004,0.8993414733347148,0.033412491483244496,0.0011276151725623795,0.031219757897998263
112,0.05821286781236455,0.8367200483371058,0.07074430157996596,0.0025678332497147635,0.03175494902084905
113,0.014628499477324261,0.7051970178385019,0.2317708088230975,0.0019462703630560916,0.04645740349802028
114,0.015926663412411477,0.5283737795870487,0.10903431973945114,0.0026960418646585892,0.34396919539643006
115,0.038803635707616614,0.8786509909349158,0.014600415427254924,0.008375714373014386,0.05956924355719812
116,0.10133976576199846,0.66544333991788,0.009243117147229227,0.03812081614301534,0.1858529610298771
117,0.09916474301376099,0.6802527544135083,0.012610791931872279,0.06535355603950821,0.14261815460135016
118,0.04414058179769348,0.8377788326000042,0.006379979789839524,0.05706535179680766,0.05463525401565522
119,0.10552728265919521,0.5074852824172622,0.0022565912932956157,0.13741075112823425,0.24732009250201273
120,0.040426061465334895,0.7806281233343881,0.0026782986362103634,0.11482501604646594,0.06144250051760058
121,0.025407389415470757,0.3283464504004751,0.001574105766698662,0.4755130712480594,0.16915898316929595
122,0.028378975411454503,0.12819269806537667,0.0006263995780207559,0.6044774354559416,0.2383244914892066
123,0.015692815393850493,0.020139226250690534,0.00011009210817392899,0.9341600829650534,0.02989778328223161
124,0.006454346572960076,0.03237631716477114,3.5977717299385116e-05,0.9542895008337545,0.006843857711214798
125,0.011918646426182773,0.11115251837680254,0.00017417121213719695,0.8349350161108419,0.041819647874035575
126,0.0064749231259447195,0.017893478956449826,4.5330623994753276e-05,0.9654115652722863,0.010174702021324306
127,0.006484425799253913,0.025288617679189027,5.839292057847398e-05,0.952528139279757,0.015640424321221664
128,0.004721757507049289,0.010791389254985967,4.4938240388768315e-05,0.9738943826925739,0.010547532305002287
129,0.008608209975298214,0.011158864144680335,0.007200956924719206,0.06897039255042532,0.9040615764048769
130,0.024651489497180247,0.0038501711854884335,0.00019727786870360483,0.8874105849173682,0.08389047653125943
131,0.043623817663513795,0.010020459522458489,0.000247234407838753,0.8443535685194099,0.10175491988677905
132,0.07715693296877156,0.012300780540899782,0.00046072015862372816,0.7397721560158054,0.17030941031589958
133,0.009470784331010453,0.00319384166048826,1.954931492925175e-05,0.9761430701125173,0.011172754581054696
134,0.00405196097630586,0.004894346513251812,3.5292522892044944e-05,0.9678904511016501,0.02312794888590009
135,0.00796758567705951,0.0016827905731478987,1.9470246180588655e-05,0.9686303908410675,0.02169976266254451
136,0.006579162454174049,0.0022758238034516435,1.9197714123674724e-05,0.9761645675206896,0.014961248507561063
137,0.015855373556475125,0.003934749660221439,2.8132595525957714e-05,0.9465780229125544,0.03360372127522304
138,0.013451330023618568,0.002557100783505779,9.445145534748907e-06,0.961099595965066,0.02288252808227477
139,0.01676035905182523,0.007188464692269858,1.4470844426184386e-05,0.906808849023303,0.06922785638817575
140,0.015129544312615366,0.004437139661469562,1.6115648828151417e-05,0.942156330403802,0.03826086997328495
141,0.0145847778759361,0.0026366332965199516,1.0428971042575464e-05,0.9505635854950586,0.03220457436144282
142,0.014531368014809183,0.006337117024549333,1.7075223271948708e-05,0.9042269829384258,0.07488745679894367
143,0.019174743663227942,0.008610237495958559,1.319516595490527e-05,0.9392018490470071,0.032999974627851425
144,0.01826490313701339,0.004962277108484858,1.2967039282532605e-05,0.907750449592802,0.06900940312241714
145,0.029967990178506532,0.01228702449935023,2.8523223898282416e-05,0.9214384437499042,0.03627801834834083
146,0.024604096394113303,0.0066258318056136535,8.495499422440256e-06,0.9470827592949462,0.02167881700590417
147,0.016471032622030014,0.010173647505473709,7.646430564030777e-06,0.948833133886278,0.024514539555654184
148,0.01111145702893078,0.02057332039976903,4.707923115476234e-05,0.7924042038006639,0.17586393953948157
149,0.015769963946079282,0.007864507696438719,0.0001480484569449882,0.8450077927240274,0.13120968717650952
150,0.014828518896006962,0.0013762168883364272,2.6575996241129497e-05,0.4908034084077608,0.4929652798116547
151,0.026435515229620243,0.0019560714196370068,1.0334753037834476e-05,0.8885779042103203,0.08302017438738457
152,0.04689017696849413,0.007263833665400118,3.6090375895031046e-05,0.8921683732227226,0.05364152576748803
153,0.03579856246314381,0.007425524185098371,3.772077144848092e-05,0.8881021634911404,0.06863602908916897
154,0.014875481136114314,0.003921055490099,2.0746702790151332e-05,0.8981781943895034,0.0830045222814931
155,0.005293777682946722,0.0018717567422355768,1.5555321603991972e-05,0.7444047397252491,0.24841417052796458
156,0.02829759454868742,0.003480413243289665,0.00021505300384450934,0.34675177211993025,0.6212551670842482
157,0.05788097279961793,0.003376907438006044,7.837037297256556e-05,0.71998222003029,0.21868152935911347
158,0.017430094813844214,0.001886299276167298,2.2190130719364748e-05,0.7538913702616196,0.22677004551764954
159,0.016463874883840126,0.0044156860927680374,3.985304917231112e-05,0.7086837005828358,0.2703968853913836
160,0.005830771608054468,0.003794025988900026,1.8931450753507567e-05,0.9426549120314316,0.047701358920860436
161,0.01019576337789863,0.004561933859764315,0.00016878619541536733,0.6077538367290853,0.3773196798378363
162,0.031045225286240197,0.019201272979400986,0.0009359681660074732,0.25205937889991487,0.6967581546684365
163,0.05829492020606932,0.014939108265778003,0.0003354730903250088,0.6375463661149857,0.28888413232284194
164,0.09244901803424323,0.015929570458616826,0.000431925368286809,0.2688998422428629,0.6222896438959903
165,0.14949601371344412,0.04253624190334097,0.00048272597335529966,0.09865838503123799,0.7088266333786217
166,0.1570770862635356,0.3163150451861872,0.000917872661529387,0.25140498748850415,0.2742850084002438
167,0.053784482249314765,0.2371197884598119,0.0007576294588447655,0.13511485167075593,0.5732232481612726
168,0.07096816858686392,0.4576791777565665,0.0006255359348408702,0.24883535605215468,0.22189176166957378
169,0.058121777460628896,0.771837037381972,0.0016493783614360946,0.08448245590008517,0.08390935089587795
170,0.030353635803673566,0.844998590068794,0.004575378183175557,0.008813697758569094,0.1112586981857877
171,0.029859778425554356,0.7570940064661783,0.0015972516052857244,0.014465695961986257,0.1969832675409955
172,0.03763382126564742,0.7446433433839627,0.004742153800760453,0.005795455618352017,0.20718522593127733
173,0.045445162954683045,0.6805184954168586,0.000995400881329514,0.006279697455368851,0.26676124329176
174,0.05411542319833785,0.8200763040552843,0.0008400782018678405,0.011532072092793577,0.11343612245171637
175,0.018426699624473176,0.9123902546797553,0.0009065246920302995,0.003780250958330636,0.0644962700454104
176,0.06518189263930614,0.6532730275366864,0.00033032915141383213,0.006085893750334172,0.27512885692225947
177,0.021564482530789193,0.9252648614391422,0.0010173256353929428,0.003638836179993765,0.0485144942146819
178,0.014690004846067112,0.9356458756134394,0.0014911336704176111,0.0011264976731775126,0.04704648819689863
179,0.011028148653144694,0.8325927371489875,0.0024413845849764527,0.0018152052497763978,0.152122524363115
180,0.006581217910649742,0.918561130789467,0.0072755209968059,0.0014406842945522843,0.06614144600852508
181,0.016257265281197867,0.953843517439453,0.001169287848145897,0.002974845290327961,0.025755084140875236
182,0.01269926425491567,0.8453557594720644,0.0013028279890016045,0.004895608939036297,0.13574653934498207
183,0.005044740410858542,0.9656251927279752,0.0020942698453055076,0.0016905146535660855,0.025545282362294714
184,0.006487747176891666,0.9422248987695983,0.007987544989578927,0.0014409333065748446,0.04185887575735633
185,0.009154234716825273,0.8403806481380464,0.0020815377250540984,0.004119626528170445,0.14426395289190358
186,0.005546221230980731,0.9337572276860034,0.012217050227234448,0.0011537899245144996,0.04732571093126687
187,0.009825305112416081,0.9057987292316256,0.0344755463641255,0.0013798218319383752,0.048520597459894434
188,0.04142672116413469,0.828700336290156,0.0018468762435906974,0.008952192226933886,0.11907387407518463
189,0.033993656723201336,0.8525476911903102,0.0017868159701782814,0.004242487867885993,0.10742934824842405
190,0.023065449256890323,0.9024075715262431,0.005357317207712023,0.004837236353943338,0.06433242565521129
191,0.027829277295229465,0.9041447231309145,0.008256604579624282,0.0023131139724510363,0.05745628102178051
192,0.024435315537446396,0.8128097844837471,0.010119083293147818,0.0031549924348832814,0.1494808242507755
193,0.05099453090491198,0.8502833774748288,0.0066639100071143815,0.004163032122455146,0.08789514949068972
194,0.014964911248794725,0.9265079931875768,0.006159626958479713,0.0020692283379642384,0.05029824026718428
195,0.02500462986046847,0.9349392955033062,0.0019015846689616385,0.0028914985173662663,0.035262991449897196
196,0.013167729255412099,0.8535499104226325,0.05313162468933796,0.0017954884589524399,0.07835524717366495
197,0.017820702691908687,0.8895682730205638,0.0247450997648025,0.00193178865345501,0.06593413586926974
198,0.009093937199605823,0.8215372812004547,0.10998238661494994,0.001178582630010419,0.058207812354979134
199,0.011838041730664517,0.8834220011024778,0.06309480807481636,0.0011660884659014264,0.04047906062613976
200,0.009501647349153269,0.9535842395779099,0.022003752641391282,0.0004591593243210641,0.014451201107224356
201,0.012637137277452758,0.7872726175330591,0.12032780454355771,0.001555433974856707,0.07820700667107364
202,0.00843812644287447,0.8600460537667756,0.10645259293529026,0.0008497927017577725,0.024213434153301912
203,0.005188118408247831,0.44180045166211607,0.5179653834307204,0.0007551807897319644,0.03429086570918374
204,0.009084375735749651,0.525689735895862,0.4160277208954211,0.001219830752144555,0.04797833672082269
205,0.0057688408795095545,0.5615651996419659,0.39956306114524953,0.0010998190338748224,0.03200307929940024
206,0.005709510504600818,0.5990533581063515,0.3674258346124915,0.0007128227964089232,0.02709847398014717
207,0.007456072809992136,0.4892343069402308,0.4669786291608604,0.001660785912259208,0.03467020517665733
208,0.0305130763198171,0.7811948215231204,0.16341911594338585,0.0014681798371551247,0.02340480637652146
209,0.011014367012639525,0.45491141305388383,0.4763692548421391,0.0013101085376477928,0.0563948565536897
210,0.015901271544353845,0.659373557368222,0.29355102272091105,0.0010331303252394419,0.03014101804127371
211,0.006109947931926468,0.3687065550311362,0.5900556852354073,0.0007153748327803212,0.034412436968749766
212,0.004873705682931429,0.3984355815472395,0.5706919693958735,0.0005174138144584831,0.02548132955949689
213,0.00513905512092904,0.477801896638036,0.4907572859004117,0.0004365452714484985,0.02586521706917468
214,0.003843122422329007,0.35641256592682113,0.6165510191070449,0.00039716832667757815,0.022796124217127355
215,0.001311982562830722,0.28237965425707345,0.7074481261650062,0.0003689470114272624,0.008491290003662267
216,0.0021859034920271234,0.3718136716830035,0.615019892647457,0.0004792402943870962,0.010501291883125156
217,0.00039646827587787537,0.0886412771169768,0.9080893006003227,0.00014489570756528748,0.0027280582992574042
218,0.001366297557471408,0.22668244137766955,0.7590158298175882,0.00047718751173432035,0.012458243735536514
219,0.0014281180423196937,0.20119088915901984,0.7871105651896391,0.0004722908414401853,0.009798136767581121
220,0.003407908740506331,0.16782751251354092,0.7963408668411213,0.001033643060494576,0.031390068844337045
221,0.0008165157683474997,0.12360161787712384,0.8623316648211214,0.0003146780203905565,0.012935523513016642
222,0.0009696273649743799,0.09077296570429468,0.9017913059134466,0.00023121940250735802,0.006234881614776896
223,0.0005027066285015771,0.07527889336396111,0.9171871126683347,0.00027936640972484587,0.006751920929477631
224,0.0018445308001740271,0.21804732771942248,0.7708100295500177,0.0007346876073167653,0.008563424323068999
225,0.001227305170294792,0.12417441695493918,0.8562316215109719,0.0005998964699390985,0.017766759893855084
226,0.0016200355165670653,0.1293551774811904,0.8637681035546432,0.000607866082088103,0.004648817365511195
227,0.005711950847824325,0.26133820959145165,0.7118257573854564,0.0011478933163033373,0.019976188858964437
228,0.007286139286809014,0.3428126524293984,0.6398633238577949,0.0012187313189122567,0.008819153107085585
229,0.0019139616457407012,0.15696809868437608,0.8225559060194136,0.0004628509515750649,0.01809918269889437
230,0.0019839900667991527,0.21455830740104628,0.7405591353462099,0.0010515509825176185,0.04184701620342715
231,0.0008476054611277191,0.10276730673776724,0.8801502060215431,0.000836666564622217,0.015398215214939602
232,0.0026337739156170833,0.1993364975533939,0.7780228498449027,0.0008225377335084976,0.019184340952577886
233,0.004027932224511946,0.24265725222605988,0.6719138325498508,0.002698311301166214,0.07870267169841111
234,0.00551415721974588,0.2593907599911956,0.6732841614484298,0.004961369392529263,0.05684955194809921
235,0.0041866256797407275,0.21180848574949473,0.7215292317148686,0.004662908731802484,0.05781274812409337
236,0.010899742210461357,0.2171439529441391,0.4436956240534651,0.0031602188848105393,0.325100461907124
237,0.1252178999339681,0.6186475397799471,0.006266544912512462,0.09062650430416738,0.15924151106940498
238,0.13454169540826458,0.2954146125379101,0.006919736029759387,0.1199164335689413,0.4432075224551246
239,0.17369176772280698,0.2161226285754366,0.0010346929658566252,0.23118659923216853,0.3779643115037312
240,0.353670894880826,0.2673067326448436,0.005270858393029308,0.25731083330307053,0.11644068077823047
241,0.17205259528370073,0.4944886281105454,0.0007514021970476991,0.19320304636379382,0.1395043280449125
242,0.12370808513063336,0.2786368001403457,0.0007834542357735556,0.534108554627054,0.06276310586619338
243,0.02373555311884069,0.256311196869555,0.0015309858337239492,0.6807914231025405,0.0376308410753398
244,0.05348191108983316,0.2578566089713088,0.0015320855445073926,0.4140767635759221,0.27305263081842857
245,0.10704603861606028,0.20780882266736564,0.0054954682177256525,0.5016457759836339,0.17800389451521456
246,0.1501639460207636,0.24620027519962986,0.0007988088164805669,0.4529133896258611,0.14992358033726486
247,0.11929143278910166,0.39317777758341343,0.0019870810404231027,0.3550187103736439,0.130524998213418
248,0.315131656398268,0.1768293358630148,0.00022568143222077331,0.4025523037618733,0.10526102254462316
249,0.14366251020569035,0.7090860232336478,0.00046380374491360583,0.0648936718740096,0.08189399094173867
250,0.09104537132318886,0.8245393205362334,0.0013528502199779953,0.057790351452099036,0.02527210646850086
251,0.06445927880961405,0.7970232548343936,0.0007531687686450983,0.07675651357651223,0.06100778401083511
252,0.04560640670106073,0.8662044697446437,0.004227538817297535,0.011010272570898814,0.0729513121660993
253,0.02746749533926149,0.931385583768403,0.01219645508836841,0.004827045729546771,0.02412342007442025
254,0.07762533600843809,0.5546646569971994,0.0055937690966690835,0.018022654621296402,0.3440935832763972
255,0.13072125569201107,0.6755908760952903,0.0013501282688715994,0.03624836182524529,0.1560893781185817
256,0.10894220456738354,0.6980194420222489,0.0009352728378200625,0.012395408475426525,0.17970767209712116
257,0.03852570840228613,0.7499375698246763,0.0015425298906764891,0.002653728099735325,0.20734046378262566
258,0.020620384719230056,0.8205034935771996,0.005582147754232516,0.004307917475188428,0.1489860564741493
259,0.0717573362228773,0.748058317581895,0.003245058469818411,0.006762467852337869,0.17017681987307157
260,0.02324998643308141,0.8804500599919679,0.008434809966716458,0.002872565033784536,0.08499257857444964
261,0.030740501789745727,0.8527055004624513,0.01365863554501986,0.002381471950869823,0.10051389025191336
262,0.044810438264285254,0.8399400598312042,0.012103253242620333,0.0034115626096340255,0.09973468605225622
263,0.017417962604022025,0.7713009679082298,0.038363922794467306,0.005084611109564845,0.16783253558371605
264,0.0882317984312171,0.7973678307182503,0.008022699699944208,0.018126385307436734,0.08825128584315152
265,0.027561431531228035,0.8990342128856667,0.016374736121185243,0.00604971056065538,0.05097990890126469
266,0.11778020128888157,0.7779235383638252,0.0018130926878284492,0.025109514326625528,0.07737365333283927
267,0.031008744492015336,0.9421660534937941,0.005461535651902421,0.004547903385057467,0.01681576297723065
268,0.030220723501243718,0.8640980245922016,0.01377170234645336,0.01378406389584928,0.078125485664252
269,0.03173818657991682,0.841537484740876,0.028872221543980642,0.01665318716137565,0.08119891997385092
270,0.048221900650937254,0.8354724534931753,0.004499974589335663,0.06041100463110877,0.051394666635443224
271,0.037536773451916305,0.8729910336620997,0.007734737562108733,0.05417937759536042,0.02755807772851493
272,0.0914133080058999,0.768914052664006,0.002736150912582495,0.08541457697344654,0.05152191144406501
273,0.09050030304868696,0.7946398562745038,0.003772494240636144,0.04621816339153643,0.06486918304463671
274,0.1165580160522845,0.7825827440893169,0.004242089862511931,0.03948655092856865,0.0571305990673181
275,0.05339015960018025,0.8661525075936166,0.003220587137840089,0.024566353115321505,0.05267039255304152
276,0.048401216671868814,0.8954396208635604,0.0017343429867201956,0.018290905760403046,0.03613391371744742
277,0.06391769337949893,0.8206813648863746,0.012981564449472875,0.017325242123986083,0.08509413516066762
278,0.02302550932486961,0.8374212850092239,0.05523022918699891,0.006925096440589595,0.07739788003831799
279,0.050239625312048564,0.8646983958927567,0.005870802039504326,0.015538824418606031,0.06365235233708459
280,0.04484809819243366,0.9089888331989262,0.01200148902536365,0.004814694972890681,0.029346884610385836
281,0.04045982007335282,0.8523208786770033,0.0029045836452043857,0.010991297159252301,0.09332342044518716
282,0.04334350773087318,0.8862218034193341,0.00796658118955012,0.005828183793627754,0.05663992386661465
283,0.017500440029554032,0.8797454034068078,0.020093440218302727,0.004420571402104217,0.0782401449432312
284,0.03932961553056701,0.8432447286232707,0.01423976294817477,0.010610864180179258,0.09257502871780818
285,0.015137045429630909,0.9114263496927185,0.038936405872109746,0.005277170259870923,0.029223028745670187
286,0.019358663603515375,0.6891963384585437,0.09796463389042194,0.006480270945096372,0.18700009310242274
287,0.0289624434245006,0.6600550678576338,0.1843108032851733,0.013806737533731076,0.11286494789896112
288,0.12178814573954948,0.7858628392464426,0.002923483258932402,0.02716474296236871,0.06226078879270655
289,0.03653088023067455,0.7341757545766976,0.02242374482129996,0.007395373307307449,0.19947424706402034
290,0.053697853986752156,0.6986363729328059,0.04733965745303121,0.009366930084288681,0.19095918554312205
291,0.08297450142959129,0.7372664213619844,0.04776958235360342,0.01922091864561377,0.11276857620920705
292,0.06998155758288947,0.6214427544143803,0.04402496814299733,0.048570997814759105,0.21597972204497384
293,0.099264117946044,0.6213673304732228,0.002753574593523908,0.07576244673597166,0.20085253025123764
294,0.04082792534402652,0.5142128193393678,0.029821838831923513,0.07130297768441374,0.3438344388002685
295,0.061232700143586366,0.10822545154809499,0.0006862288705762257,0.0695449592152022,0.7603106602225401
296,0.0013592903114739885,0.0004286823958975462,4.1344794639933806e-05,0.0051451418404172096,0.9930255406575713
297,0.008512930988912409,0.0019328203338179854,2.7732298564099518e-05,0.013096685170050625,0.976429831208655
298,0.02608101665691011,0.0014315645148505554,1.5255760930812823e-05,0.013697566841712716,0.9587745962255957
299,0.3785730681442078,0.007953790175502951,9.017343245833664e-05,0.20711979167551434,0.40626317657231653
300,0.06398949578344817,0.006335980756689032,0.00018725748855847677,0.036847433643008846,0.8926398323282954
301,0.17492592275090144,0.02613167254547544,0.0002710725486823881,0.3194860445894407,0.47918528756550005
302,0.17640213263372168,0.10846852946827827,0.000540632549707126,0.4056293557528325,0.3089593495954604
303,0.09398722161117093,0.5634779594480398,0.0005164795025109583,0.14445880706051867,0.19755953237775967
304,0.0605046606465699,0.7178408265773608,0.00057108509992567,0.08777212132163688,0.13331130635450678
305,0.025732663129742102,0.910306451461926,0.0004602337795191733,0.03399470743685954,0.029505944191953185
306,0.017528505274901546,0.6502409698298136,0.0030005725994292237,0.02203620933992296,0.3071937429559326
307,0.10093651718892467,0.5631818465262779,0.0004508464359846578,0.03115358539888368,0.30427720444992906
308,0.06164799392680873,0.8061408896702413,0.00026285435703588054,0.011931037095351961,0.12001722495056208
309,0.12825227934522396,0.5898480748172097,0.00038122302520181143,0.010543387163767836,0.2709750356485967
310,0.042405442622678036,0.8429539039441031,0.005536964599355562,0.0021152870874489665,0.10698840174641427
311,0.05017494411223027,0.8752549779535244,0.003093323335723452,0.005193684692759647,0.0662830699057623
312,0.029468832993146805,0.7694327770264128,0.0007587739922574598,0.004556891568702195,0.19578272441948077
313,0.01897978766106042,0.8103598039122885,0.0029439836169011997,0.003765229418076996,0.1639511953916729
314,0.07786449465064915,0.7717324991682051,0.0005886487676869805,0.01485154573567407,0.13496281167778462
315,0.014880074191729214,0.9225260441944576,0.002289048186724188,0.001319539268424562,0.05898529415866454
316,0.027551585470611525,0.8557225707964744,0.0010265457422181754,0.005043837913605782,0.11065546007709019
317,0.024952186736529092,0.9111296343131171,0.0171616506217866,0.0014167247643965995,0.04533980356417067
318,0.13009720789146562,0.7717139356662437,0.00064589504040614,0.00806820422414063,0.08947475717774399
319,0.02039224513852671,0.9049306291135133,0.007240184464100298,0.0014005098472982774,0.06603643143656152
320,0.10008168397991701,0.8168387579501373,0.0004746334655819421,0.002344105897832551,0.08026081870653132
321,0.029625287488166795,0.7278519492028027,0.0035001430920176555,0.0035744352289411485,0.2354481849880716
322,0.013137550292090301,0.9349892336906932,0.013206327632880524,0.0009562007782848571,0.03771068760605126
323,0.024776129826228174,0.8611002160574623,0.014873839884923497,0.0018638970833441445,0.09738591714804203
324,0.0161173739239256,0.8128511474665279,0.027405926424573297,0.0018841658836503653,0.14174138630132274
325,0.014515639326107875,0.9312038152939419,0.016843511638999886,0.0017605690717888145,0.03567646466916144
326,0.03526348535103222,0.9175432104630692,0.00772474569409069,0.003658364443934247,0.035810194047873306
327,0.3623850104893123,0.08904688062115838,0.0022026586818266886,0.01534137846257001,0.5310240717451327
328,0.29629971827654294,0.4866171351292221,0.0020071127330748327,0.013507788398640568,0.2015682454625195
329,0.19234649285163297,0.5806198927653609,0.017296728936202682,0.005875495350201417,0.20386139009660217
330,0.0865273061826795,0.3394751411472004,0.03210303880458237,0.0033204208316218752,0.5385740930339159
331,0.12249041961237268,0.43145076952296313,0.011409217174175142,0.00822915701422359,0.42642043667626534
332,0.07372306078524925,0.6959693546155017,0.0012046305658609882,0.007551617388139085,0.221551336645249
333,0.028651907867669482,0.7041635355235147,0.0021066662032247396,0.0033083359208275257,0.2617695544847636
334,0.04592852585552288,0.7692889292587934,0.0012850196974645391,0.004670520861189819,0.1788270043270292
335,0.03051527702958704,0.8506163216498791,0.003946865659420711,0.00842365915678027,0.10649787650433296
336,0.09449059760595475,0.821621878033899,0.00277322066903968,0.013686908402060794,0.06742739528904597
337,0.06809575847619365,0.7998236268789811,0.0017142602338591519,0.005699930506258657,0.12466642390470757
338,0.02721977931737972,0.7307885738732405,0.053419624363353194,0.009176493762874282,0.17939552868315228
339,0.24860007481070917,0.460900008306054,0.001013117454729389,0.04891325612867265,0.24057354329983477
340,0.08994098122749976,0.4760760672166665,0.0011079427104504103,0.013159409872174973,0.4197155989732084
341,0.06086481231158183,0.7964841518631982,0.00616729745705903,0.006783400750349215,0.1297003376178118
342,0.03583915421613015,0.8193736217378974,0.10883505483880047,0.005333729353574897,0.03061843985359682
343,0.09783838574713818,0.6876728589569493,0.0030695686435572825,0.018822652257809422,0.19259653439454577
344,0.158699754125058,0.46582480347472044,0.001953388074390782,0.03134523193001252,0.34217682239581837
345,0.029556739638856865,0.7196772421654631,0.018801580278064077,0.008582592690255563,0.22338184522736038
346,0.2618409091330317,0.44556504078469955,0.0009020738823023209,0.021811913536119738,0.26988006266384673
347,0.04894157296578488,0.8267678051846684,0.004301812214652103,0.010836391547704043,0.1091524180871907
348,0.029720590054638195,0.4721007303626812,0.0101157370203509,0.011593640051879614,0.47646930251045017
349,0.10872694494309923,0.6304375912031204,0.0259618730281999,0.12560123329935455,0.10927235752622601
350,0.042921278214075265,0.6147842026272143,0.0029236715576815607,0.1572179848682749,0.18215286273275405
351,0.11942473921420464,0.22005997639087607,0.000884033335123497,0.38001247892125006,0.27961877213854575
352,0.05219478831167538,0.15940888007290227,0.0002330224522932735,0.684937273342966,0.10322603582016303
353,0.02973341931909434,0.06541118431297376,8.315177263316631e-05,0.8683219271467401,0.03645031744855851
354,0.03267741572423424,0.05349145194561618,6.801483162860066e-05,0.8829156761382903,0.030847441360230595
355,0.011268297751788097,0.009509550005498819,1.653118700248492e-05,0.9682578064135954,0.01094781464211522
356,0.011326256542804817,0.022065071053261665,3.16453663172945e-05,0.9550702000009422,0.011506827036673908
357,0.012462289355116727,0.007400034658752301,1.6920386978726858e-05,0.9354805238227533,0.0446402317763989
358,0.007602314717275919,0.005354635628546376,1.152231453318022e-05,0.9788048238184259,0.008226703521218489
359,0.007607820615468684,0.01736951021181868,0.00018900299522606716,0.920652782377232,0.054180883800254424
360,0.010397331537554174,0.03434670724404254,5.559509795551426e-05,0.8758064428183832,0.07939392330206466
361,0.012412455971070482,0.018295257768943404,1.2083274199072703e-05,0.9532589484774657,0.016021254508321266
362,0.007347883686395797,0.011897382278818832,9.456605329765353e-06,0.971289285445817,0.009455991983638655
363,0.0053051488913442605,0.0072952198020322274,5.557894496262296e-06,0.9774156666204561,0.009978406791671328
364,0.005068226353168281,0.00799214950398232,5.978282334868332e-06,0.9809451800132584,0.005988465847256172
365,0.006066641789630643,0.005636264900928519,4.9086487597229336e-06,0.983478671966149,0.004813512694532131
366,0.006983626062460071,0.005351228929116187,5.0387543963877066e-06,0.9824899784497131,0.00517012780431452
367,0.01234237911576751,0.006890190586735261,8.158165865224142e-06,0.9737348063411841,0.007024465790447799
368,0.011673438902922648,0.01164791248531038,3.616525268442645e-05,0.9066650741323934,0.06997740922668903
369,0.020265094030000517,0.017498108869463704,2.7604059960243658e-05,0.9396896037443143,0.022519589296261133
370,0.014571001634298735,0.007429682654961367,2.0619293756930094e-05,0.9624079124259082,0.015570783991074751
371,0.04075339576963552,0.010883353622851685,3.5042716733008685e-05,0.9241406131161116,0.024187594774668118
372,0.013178289165604765,0.0031414538742773846,1.121836950651276e-05,0.9776100872950925,0.006058951295518855
373,0.012719796226813958,0.005235563568803619,1.9052109780950616e-05,0.9683047817045193,0.013720806390082288
374,0.01825731571889933,0.002424325220265686,2.5735541530305258e-05,0.959711262864168,0.019581360655136625
375,0.0152409540951097,0.002518723500098136,2.979345724764737e-05,0.9701992801435395,0.012011248804005044
376,0.009118570828142446,0.002957620838264162,3.06709430600424e-05,0.9647337768691245,0.023159360521408656
377,0.009856367180099251,0.0015864070547459976,1.3972821722592823e-05,0.9729402292709793,0.015603023672452776
