epoch,N1,N2,N3,R,W
0,0.10346216217578848,0.008577899044347324,3.969351652925183e-05,0.0003274855756409399,0.8875927596876939
1,0.420877271824332,0.042229123451383827,0.0002466077803643029,0.005317227630707381,0.5313297693132124
2,0.183644599143224,0.006738996124663766,2.22628740902674e-05,0.004701867453133894,0.8048922744048881
3,0.028983063009006205,0.0026904054755246968,1.4068327737707985e-05,0.00033720521965479954,0.9679752579680766
4,0.04410341058159771,0.005827520841795535,0.0003434735546093912,0.0004474384016693887,0.9492781566203279
5,0.08703007254733515,0.002423808806072576,2.64271629311455e-05,0.0036300255958876784,0.9068896658877733
6,0.11890477523944583,0.007937916146083277,3.742864238626933e-05,0.007005980706127382,0.8661138992659573
7,0.3884478414214774,0.0463808853403395,0.00029649186213752735,0.06873960457980569,0.4961351767962399
8,0.5060693660043578,0.15479802151295113,9.154746923207282e-05,0.15016284694530163,0.18887821806815733
9,0.44888280760802063,0.06923939612293241,5.986323440643298e-05,0.09728133077722118,0.3845366022574194
10,0.39120573178129836,0.24609278987729052,9.713049063853037e-05,0.1417074415196925,0.2208969063310801
11,0.3384689381895009,0.22101711586210274,6.724700222408714e-05,0.04264802585080051,0.39779867309537176
12,0.5025037047987438,0.12501020680089453,9.377959941031352e-05,0.08556251829128876,0.2868297905096624
13,0.2839942734446883,0.05466743741759939,0.00013946319139445447,0.0064895000072566445,0.6547093259390613
14,0.36644899729857966,0.15419120021416888,0.00015732106602393904,0.012222176120798426,0.46698030530042905
15,0.37047248184738485,0.21291299339637038,0.0002472741708369762,0.03007400540687686,0.38629324517853086
16,0.10754698596323348,0.6289078550893743,0.019563031033346782,0.002724796060725468,0.2412573318533201
17,0.09645803567306606,0.7897481442072167,0.0016701110814600845,0.004947554886420068,0.10717615415183701
18,0.02212820403571003,0.9020699496927193,0.023066638614326344,0.003931943051495604,0.04880326460574878
19,0.03544595951406598,0.8312486256389725,0.014253280025327913,0.01005567489275168,0.10899645992888175
20,0.0029144109435617826,0.16619061381153616,0.8249906939945042,0.00030107998695197717,0.005603201263446003
21,0.004049135339303116,0.6707706436267491,0.31578437664437525,0.0003076107039932762,0.009088233685579419
22,0.014933968126879858,0.8464107053280866,0.07356134694907657,0.001426913578232794,0.06366706601772422
23,0.010389090089488578,0.7147098749041876,0.25701671610060395,0.001125558803754853,0.016758760101965108
24,0.04760711479497609,0.820706053453562,0.003761441974470143,0.0008063668457744598,0.12711902293121735
25,0.007027927143329899,0.8887070952620787,0.024657597518544554,0.0005052228055571078,0.0791021572704896
26,0.003835088216979464,0.6874721267266227,0.30016199287876905,0.00013056362766963642,0.00840022854995928
27,0.0025426083224762215,0.84024289124092,0.1448480925857789,0.00014809850331826214,0.012218309347506564
28,0.0012789907222812097,0.6173727410019885,0.3705362718295943,8.594642980352096e-05,0.010726050016332632
29,0.0014436413691737019,0.6742489519771763,0.31169332501312375,0.00012331875583590838,0.012490762884690382
30,0.002606213862317335,0.6007206044034132,0.3712905079671007,9.849980612193343e-05,0.025284173961046704
31,0.0011570108401741867,0.2147780288782245,0.7779969795347741,2.4737272684647307e-05,0.006043243474142442
32,0.0006996377866289778,0.7819315341366435,0.20775412748147595,2.44437292513376e-05,0.009590256866000289
33,0.0005726833765386661,0.18057454202787013,0.812213831818427,1.775676472096112e-05,0.006621186012443325
34,0.0009873385761184736,0.14625710233622707,0.8413258665503586,3.1687901970300075e-05,0.011398004635325523
35,0.0010757192086830326,0.6606254019875334,0.3211911627331059,5.511062532655222e-05,0.01705260544535112
36,0.0008861874868673361,0.14276055925231312,0.8475517643040105,2.1516301300230962e-05,0.0087799726555089
37,0.0007310067177760632,0.05450499681602684,0.9411243356551228,1.2278690233976588e-05,0.0036273821208404194
38,4.770161990683962e-05,0.0038469815516897835,0.9958618065021737,6.137166073608704e-07,0.0002428966096222436
39,0.0008286078641262077,0.04262591856698004,0.9530831292480443,4.16339209038471e-06,0.0034581809287590874
40,0.0006758313787995431,0.036656936647322585,0.9589509157601962,4.096703285334895e-06,0.003712219510396383
41,0.0004902816207531547,0.02744254568661201,0.9700843921476577,1.0152140019159697e-05,0.001972628404957778
42,0.0006630144300144121,0.04948207849580325,0.9473626336316368,1.3563634417581003e-05,0.00247870980812784
43,0.000785812858370025,0.11029447297685503,0.8863163561165526,3.913843835807742e-05,0.0025642196098641028
44,0.000412695149606957,0.02820298288462105,0.9692981995979684,2.4866712085263424e-05,0.0020612556557184857
45,0.0004554796104003381,0.048782470688881245,0.9494395738433883,7.230922356523394e-05,0.0012501666337649598
46,0.043560169183871914,0.12767492048654844,0.010084146613464882,0.002113591039929891,0.816567172676185
47,0.3301119663399269,0.4257861104719422,0.013800440561427407,0.02557472002483883,0.2047267626018647
48,0.5850930975436316,0.10075721240351984,0.0018031605962929938,0.014657673170559903,0.29768885628599573
49,0.7116061891861105,0.19801646462898564,0.0008357524155407291,0.0035322848455588626,0.08600930892380407
50,0.6088484787258902,0.2199326928173882,0.00036628904776388974,0.01038335847226325,0.16046918093669438
51,0.4279993190497359,0.4422002743951768,0.0002657693840847845,0.0017195976091017315,0.12781503956190077
52,0.49985741990081045,0.37558075282533543,0.00037127481785144455,0.0356154866405703,0.08857506581543233
53,0.21579681782267504,0.5621496149924923,0.0005768126273029258,0.009483658577150486,0.21199309598037916
54,0.07063840932604831,0.8935115657155371,0.0019655928170773844,0.0037542890220979663,0.030130143119239082
55,0.01345676110508362,0.9207577301225862,0.049244471123837445,0.0009068420286434973,0.015634195619849224
56,0.24441716640099861,0.5089624284090373,0.0011711859281850296,0.08781657106462751,0.1576326481971515
57,0.016511248218308877,0.9547380559319131,0.0032596349775596473,0.004379150192007694,0.0211119106802106
58,0.16377214731783712,0.6703236541047395,0.0011258332419178318,0.07530935379078277,0.08946901154472273
59,0.2520026609622816,0.5772248898511845,0.000392913903619872,0.06755934509367334,0.10282019018924084
60,0.3123952312350153,0.14465250229709545,0.0003627693496800578,0.09489412772246879,0.4476953693957405
61,0.3991675199973226,0.06879020531989107,0.00017706071079312517,0.0982743271663126,0.4335908868056806
62,0.4523694330426212,0.08999834538437952,0.00010822609214736444,0.11500073708778126,0.34252325839307063
63,0.5129179348778474,0.03244017701186298,0.00012648472764932063,0.10159667846824548,0.3529187249143949
64,0.39114593185753327,0.07186083640040863,0.0002787185577431933,0.08416568685991765,0.4525488263243972
65,0.25249363194070706,0.06313835533455134,0.0001966504559555826,0.2572493399458345,0.4269220223229516
66,0.29615600887530696,0.04725084581736585,0.0001525870421967977,0.22564066391801993,0.43079989434711047
67,0.21883766765773638,0.05662306169668304,0.000484068980988458,0.5762861321305669,0.14776906953402524
68,0.12278409676473256,0.07457549324120613,0.0006316457838793536,0.6718947019363595,0.13011406227382247
69,0.22601276170668727,0.027357946414017145,0.00016123305752865436,0.2527524606166813,0.49371559820508554
70,0.25738102135912583,0.08051215510633011,0.0008328445628106591,0.22533459274789763,0.43593938622383577
71,0.06816869336119132,0.02173211511088437,0.000988716127787696,0.01105990054811929,0.8980505748520173
72,0.522409504872557,0.06234976114592926,0.0013282059499406505,0.0475869206899276,0.36632560734164543
73,0.5917826391647191,0.07354787827260907,0.003543526357634422,0.08027658527560429,0.25084937092943294
74,0.6298802440936357,0.03473832030213651,0.0016379872196228351,0.02577285562502789,0.307970592759577
75,0.3409938043462226,0.2232759775882555,0.002890261974172658,0.2411445988197371,0.19169535727161208
76,0.26904169628157415,0.10658838163226098,0.0014229808654262974,0.03948360685246327,0.5834633343682752
77,0.3068994364640395,0.4037389332345117,0.014268239405457642,0.16026229218796867,0.11483109870802242
78,0.24708034603733237,0.2989068440379546,0.06294182967044339,0.033826774418685764,0.3572442058355839
79,0.1667784287876523,0.5211312093711652,0.06696011472653939,0.07420957080425893,0.17092067631038418
80,0.19047366856883916,0.4046303834413627,0.011626717021613593,0.1467450795840981,0.24652415138408632
81,0.3788469374598293,0.1320499503833524,0.002553630221666684,0.21013544724878425,0.27641403468636744
82,0.27122254025068093,0.3739175774848528,0.025405618000356477,0.20138423291247148,0.12807003135163833
83,0.11372400063081448,0.06381773791221176,0.006559744720346927,0.014155046728262967,0.8017434700083638
84,0.3068966412639647,0.0989320624425555,0.004557807848476128,0.05404832463762059,0.5355651638073831
85,0.35231971508469256,0.07354061783617558,0.004306566680770586,0.04249679971960887,0.5273363006787524
86,0.30525981630617005,0.011084183834891563,0.0007397024197163114,0.007855088510995084,0.675061208928227
87,0.15163162332242064,0.018134031933751665,0.0010096578657105904,0.011511802370569781,0.8177128845075473
88,0.11262901636556191,0.00883014729956949,0.0004985801776769078,0.0067247985815959655,0.8713174575755956
89,0.49130378283046816,0.06221252705518116,0.002499094743427653,0.04388203438427408,0.4001025609866489
90,0.32935814087418586,0.049801148962889494,0.001204827854967447,0.08074008070887415,0.538895801599083
91,0.08179850857926045,0.010160603080122883,7.294862022705886e-05,0.027508335118530697,0.8804596046018589
92,0.05628801962464954,0.009117018084083082,0.00021245223910646422,0.005332038059979861,0.9290504719921812
93,0.12282012289206298,0.004121327235542099,6.599953940021369e-05,0.025560968163436056,0.8474315821695586
94,0.08948849876081541,0.005304908108410466,6.3470704861945e-05,0.008398725478520636,0.8967443969473915
95,0.11810854921289854,0.006394302057798226,0.0001165736061809866,0.038485792987851056,0.8368947821352711
96,0.021172997167219758,0.002284113004233909,3.823985644579088e-05,0.0039197688439411415,0.9725848811281593
97,0.2072055714436327,0.009550992478609256,0.00017435917240603505,0.01392185351496244,0.7691472233903897
98,0.07959269902403719,0.004321046609274488,5.356266879581078e-05,0.008145174903672604,0.90788751679422
99,0.08394770106289057,0.0037826873529183064,9.417908331809314e-05,0.002402625160155437,0.9097728073407175
100,0.35447620312097144,0.02694951511833312,0.0003784897023417582,0.02013234381489361,0.5980634482434599
101,0.15005329633614248,0.020404051216235248,0.0007036760000917383,0.010712679216690784,0.8181262972308398
102,0.0763219459669794,0.005749893394193294,0.0003810969301517183,0.00669968727540951,0.9108473764332662
103,0.06013365762398593,0.005063265604865179,0.00011163533851829523,0.007878891334850839,0.9268125500977796
104,0.036391887769233446,0.0013776327402870445,2.1980349380938985e-05,0.009334440994765388,0.9528740581463332
105,0.3758908333332475,0.02705440232390748,0.00034708657261653793,0.02766869637773934,0.5690389813924891
106,0.43952005305478464,0.07045667391270616,0.0007575669825570397,0.1260720081335793,0.3631936979163728
107,0.3663397824479102,0.03820672293908132,0.0001534552701863762,0.23465120058965203,0.3606488387531699
108,0.07328585836657829,0.005117936194787063,3.548286415697193e-05,0.03806340223818662,0.883497320336291
109,0.029842296364577543,0.0035899804526545926,1.3133536615096862e-05,0.009644500110986061,0.9569100895351667
110,0.10241551860579173,0.0025140687657841205,1.436311922891728e-05,0.010106852224912274,0.884949197284283
111,0.19835784866965697,0.01027229652887424,8.920836968639526e-05,0.011956232229018843,0.7793244142027634
112,0.06730430643447904,0.0063610024587446735,7.456013657592177e-05,0.009288437330931524,0.9169716936392689
113,0.06943341116453733,0.0035749667567472354,2.695623941538613e-05,0.011303618137380901,0.9156610477019193
114,0.03872208151730022,0.0026518131972832005,3.0235850149170772e-05,0.005746156332125116,0.9528497131031424
115,0.12489684386786405,0.009624740898076127,8.518562944480814e-05,0.008339897476562382,0.8570533321280527
116,0.10179043109170773,0.004959717671821858,0.0002557201865916912,0.004009323724311807,0.888984807325567
117,0.10439424550962075,0.006281719894594898,0.00033611347357678887,0.004403717165966859,0.8845842039562407
118,0.07637484470833619,0.0008323055424850532,1.771988431002658e-05,0.01016799308928641,0.9126071367755824
119,0.42576423435438054,0.007731922494797627,0.0003849923333567679,0.020502013923377242,0.5456168368940878
120,0.14017757129005645,0.005857608685171599,0.00015155992425076523,0.005272363058878911,0.8485408970416423
121,0.04041005052424357,0.0008293616934628127,2.183712011216995e-05,0.0034031871541643764,0.9553355635080171
122,0.29722726899427354,0.010216779566434174,0.0002566828633626511,0.016081794837249128,0.6762174737386805
123,0.3377067918182142,0.023989339019616363,0.002617498107010023,0.007201817586266872,0.6284845534688925
124,0.17360534627755997,0.021834224462953702,0.001344166038714597,0.006140861101247207,0.7970754021195245
125,0.4507705382189378,0.02558464820227958,0.0006655887220325339,0.05826585972093009,0.46471336513582007
126,0.2795786796250901,0.015623089263027507,0.0006305558126829237,0.02408671715529073,0.6800809581439088
127,0.09412584080849994,0.011061340503477542,0.0004175450937937621,0.006851102500291982,0.8875441710939368
128,0.2206148163987203,0.039471780440395766,0.0007163902024586813,0.08106673367387522,0.65813027928455
129,0.24133882333833392,0.036122695709643576,0.0006239174409766314,0.05995059836036932,0.6619639651506766
130,0.1533994581284716,0.00797211690960973,0.00019209914555146676,0.014362997914827326,0.8240733279015399
131,0.3447471016344143,0.034401250359995666,0.0005288216457279948,0.07061434456245003,0.5497084817974119
132,0.06620138813357118,0.003630807716811087,0.00011471078063416861,0.005360789513130829,0.9246923038558527
133,0.2606128996231152,0.012397604322986259,0.0005908949004660013,0.053469077313450124,0.6729295238399825
134,0.0865918069173228,0.008890353024421182,0.00019999451956781783,0.023740543245156186,0.8805773022935319
135,0.31420221628119027,0.0099392037086206,0.0002483079776841312,0.05024534134799945,0.6253649306845055
136,0.4703138671957444,0.07815007354652628,0.0008884377487157211,0.03405356584179982,0.4165940556672138
137,0.06768558115942262,0.006139694603077372,0.00015004932386993966,0.004509668988767071,0.921515005924863
138,0.10798285591279587,0.021476772366160128,0.001103317697135534,0.0033157599627397843,0.8661212940611686
139,0.12242805385032605,0.021444655223372487,0.0008496166535336747,0.003757807450083423,0.8515198668226844
140,0.19972217021510247,0.033511898504814196,0.0007878481172161787,0.009760012862876843,0.7562180702999902
141,0.045873711156566854,0.003918599458019345,0.00021359700908894585,0.0033940966260581702,0.9465999957502667
142,0.1688228847754143,0.015447493435272892,0.00041707648851689214,0.009211748011878327,0.8061007972889175
143,0.1563614247091634,0.012807553324579014,0.000294068788547781,0.012102100257931086,0.8184348529197787
144,0.3010015537245985,0.020484846881470314,0.00032732732274878644,0.007667737108940435,0.6705185349622419
145,0.08545985807950371,0.0072849822388677855,0.00018244572810615777,0.002804601133991848,0.9042681128195306
146,0.0643885770161168,0.006917502079299412,0.0001542802686952247,0.0029853946088755985,0.925554246027013
147,0.4552869983600011,0.08278018553802174,0.0010876938415214652,0.07218970247179234,0.3886554197886632
148,0.2121039218659893,0.02222947717729281,0.0002111009317312642,0.021443945111539808,0.7440115549134467
149,0.29556243968693846,0.08560316374052537,0.0024803725288843454,0.06757554891973815,0.5487784751239136
150,0.2272345055967973,0.061032059617478526,0.0015644900475016502,0.058173347206847685,0.6519955975313748
151,0.16937806611789114,0.04004749291807673,0.015656469016759544,0.01231630382949483,0.7626016681177777
152,0.1561080336415095,0.02088665544845328,0.004468713187135613,0.01114570531962055,0.807390892403281
153,0.11650271179764327,0.025383049789754447,0.001127476866360361,0.01683422715787577,0.8401525343883661
154,0.21356995650127547,0.03917935990579035,0.0024061996083463823,0.06687798393943509,0.6779665000451527
155,0.1917643749639722,0.025746565484989808,0.0015837241187594243,0.04739689063853873,0.7335084447937399
156,0.022047632049758528,0.0016626880786269603,0.00015733782195079173,0.0020788067770190315,0.9740535352726447
157,0.0711898020175709,0.00605359693457128,0.0003272283793233715,0.014983074057903834,0.9074462986106308
158,0.12160409269266793,0.011785764735392569,0.0005993072589009125,0.06077557927280191,0.8052352560402367
159,0.24310013136381473,0.010738786582204644,0.0005515546898904606,0.08537657671696605,0.6602329506471242
160,0.2319736206896791,0.021747456548886816,0.00043280969454557436,0.08554960261263592,0.6602965104542526
161,0.028072971729526875,0.003568846448654224,5.9407846697297305e-05,0.014241858794642591,0.954056915180479
162,0.07923680770361378,0.016565086439667958,0.00035293568772814903,0.03864022739162179,0.8652049427773684
163,0.07170137585905578,0.012419804171607967,0.00025402358887662696,0.03127426874149192,0.8843505276389677
164,0.08057131218887141,0.012613611371109114,0.0007523810542585733,0.00476218009623483,0.901300515289526
165,0.030322497932940888,0.0033398817939152984,0.00033936720488551435,0.0017059406216415438,0.9642923124466168
166,0.08613791326434254,0.009094683817722847,0.0002752757937770293,0.005165773193866229,0.8993263539302913
167,0.12356651964960726,0.009707477734058409,0.0008352012659451444,0.006927314564400377,0.8589634867859889
168,0.4905220806097031,0.026004917318320404,0.0007003873263460443,0.023696174720928196,0.4590764400247023
169,0.4513692773420172,0.04953161038999509,0.003181379003211161,0.056482556418441195,0.43943517684633543
170,0.35575293614178294,0.03240110770754758,0.0009128357241471175,0.014148502045205513,0.5967846183813168
171,0.19824389742806198,0.026319705235965513,0.0014097620200444994,0.013549413833043363,0.7604772214828847
172,0.05580056870664578,0.014392260984247868,0.002182006983692141,0.003648681737411373,0.9239764815880029
173,0.40258323361141857,0.03293533515085781,0.0011882322257840121,0.02108722860586386,0.5422059704060758
174,0.40577530090472064,0.05264068389873473,0.0009952141787096043,0.06717322914678824,0.4734155718710469
175,0.31815911319672946,0.031409695678054995,0.00012698792326778613,0.03982861724928928,0.6104755859526584
176,0.15984864216664413,0.017405583826681226,0.0002788691080251324,0.10051359526560698,0.7219533096330426
177,0.30948390627254385,0.022393471027308504,8.937003298962101e-05,0.1815278734440183,0.4865053792231395
178,0.37932323061800405,0.017862879271698964,0.00015476602220350542,0.26738096512540377,0.33527815896268975
179,0.16575395567870832,0.031955551601934425,6.937738084456409e-05,0.7227687281979933,0.07945238714051939
180,0.1218456620013069,0.03876894916824369,6.654871676832904e-05,0.8058780354180675,0.03344080469561376
181,0.038785330709829785,0.01991083766419237,2.2853255242212145e-05,0.9197842968583094,0.021496681512426234
182,0.07403116217807235,0.04897221904172377,1.9755657542756395e-05,0.8057928658706884,0.07118399725197275
183,0.061365888761564805,0.028479920217771713,6.55869655382564e-05,0.8617173784067078,0.048371225648417365
184,0.06531973976643275,0.027032096087970584,5.754469274114795e-05,0.5615771853372652,0.3460134341155903
185,0.09984180477067052,0.12853464804991876,0.0001238117930189927,0.6730990684898231,0.09840066689656855
186,0.09427670596161132,0.062320788230056316,4.6675599269273585e-05,0.7259205011611689,0.11743532904789424
187,0.1206928061916361,0.05969867349666692,5.7461806406864317e-05,0.6409150117951291,0.17863604671016092
188,0.12946588642994283,0.04809656925185969,6.349353382372918e-05,0.582408178745396,0.2399658720389778
189,0.1794200693309695,0.04813953541232888,1.2655670666034989e-05,0.5734993593308821,0.1989283802551535
190,0.12031035208780613,0.03204235614260539,2.9461105589922593e-05,0.4186163028116823,0.42900152785231627
191,0.14592568612210602,0.019425295318729534,3.756189469238491e-05,0.3552585996039213,0.4793528570605508
192,0.10574883304588945,0.009681284917002254,9.736866371883665e-06,0.25584162371515523,0.6287185214555812
193,0.42012695516707943,0.024184717116875618,4.727433225200364e-05,0.37159948239291263,0.18404157099088045
194,0.19564724129692215,0.04741672546142999,4.857416663414882e-05,0.40806981753589633,0.34881764153911743
195,0.1726320231194552,0.007342970384896322,2.499099949556817e-05,0.19472076556111328,0.6252792499350396
196,0.258730670979506,0.02473392037528427,3.115745829725511e-05,0.39080002972857775,0.3257042214583347
197,0.24060077585785855,0.02653319391071172,3.473307178980743e-05,0.21026668877371535,0.5225646083859246
198,0.16363684490070593,0.017603448685907852,9.591177503399322e-05,0.12118271982075751,0.6974810748175947
199,0.20100297356465316,0.038851260031742565,0.0001328940863566653,0.48613873330666973,0.27387413901057794
200,0.1410403752836347,0.014942347090769588,7.026559915212817e-05,0.2539564192369962,0.5899905927894474
201,0.2224913523439045,0.04897861381154675,0.00017913065588629623,0.6104459108888799,0.11790499229978259
202,0.1880338670864341,0.026924710261404357,8.071873171227897e-05,0.6525805693821752,0.13238013453827394
203,0.0665894789540215,0.002810803964708581,1.181880646884498e-05,0.049355869809091894,0.8812320284657091
204,0.09639272073978598,0.009142095906446506,7.576619381119926e-05,0.06486613626935382,0.8295232808906025
205,0.22106673591651826,0.011095575278474558,7.872141206237665e-05,0.0787139405041989,0.6890450268887459
206,0.09517088264423375,0.003468516537237643,4.257155020277092e-05,0.023090824225609798,0.878227205042716
207,0.2905747893639662,0.01416856893965917,6.093847054453865e-05,0.2535714127464571,0.441624290479373
208,0.25249676430118567,0.026044334365140517,0.00034396356179448536,0.0380150742701509,0.6830998635017285
209,0.1292545168174185,0.007844456628576304,5.298312422294925e-05,0.01840988279124636,0.8444381606385359
210,0.07931835487796998,0.0018683947417323884,9.885445681171186e-06,0.007065392387783352,0.9117379725468331
211,0.09839039152914315,0.007590948322191857,2.9674440102518208e-05,0.010961031182309832,0.8830279545262527
212,0.14091555463231414,0.005626488986075091,1.040478698319897e-05,0.01733553353661775,0.8361120180580098
213,0.22619799562940987,0.006565975283940452,2.7627064744168334e-05,0.025592921865865665,0.7416154801560398
214,0.3681637164801271,0.01631097594622555,0.0001546214396763151,0.025497620097896717,0.5898730660360743
215,0.4477515983601452,0.012290894658726875,9.997425017832177e-05,0.039582211057455845,0.5002753216734936
216,0.14600863476365772,0.015046025990158678,0.0003612885881705307,0.005052443128599486,0.8335316075294136
217,0.3441053784628893,0.009834217190210727,0.0007066615539881401,0.01187349832269812,0.6334802444702138
218,0.02690191407655012,0.0011546386089991648,4.218398426910877e-05,0.0033999168937396207,0.9685013464364419
219,0.017183408871023202,0.000995565784338215,5.550254127378285e-06,0.005155165170489971,0.9766603099200213
220,0.3113229321786455,0.008895888321308137,0.0003022142261075376,0.21407786326464662,0.4654011020092923
221,0.09906698195552872,0.006272669637639117,0.00019191833199880157,0.08297571201233542,0.811492718062498
222,0.02107283449672749,0.0008894808835545215,1.0459140043112705e-05,0.04866499180004239,0.9293622336796324
223,0.29966159430844186,0.016308143797881158,5.603231808546026e-05,0.2174810584801824,0.4664931710954092
224,0.3605372730690248,0.021435649010079546,0.00010405831425573557,0.08045148541905273,0.5374715341875873
225,0.13804218263460297,0.0068159034713668005,3.72984466197079e-05,0.05916422846974733,0.7959403869776632
226,0.35358544856911933,0.018009422634738908,0.00022499067555860369,0.118968938703001,0.5092111994175822
227,0.03659964465280568,0.0011996080375390533,2.509078989101688e-05,0.025863048945021668,0.9363126075747426
228,0.10369354103370536,0.0026593440156255266,4.5656159759114884e-05,0.027819847666043465,0.8657816111248665
229,0.25016628372123784,0.015251896855379579,0.0002511284953529025,0.13529928842572106,0.5990314025023087
230,0.21297321843025732,0.017969977010847054,0.00011981648971294396,0.059197453083470686,0.709739534985712
231,0.2783770580122254,0.011775662974845414,0.00010801144285248033,0.09482759177779135,0.6149116757922853
232,0.12411985541692848,0.010307435777338475,0.0001826418595655538,0.0834065849570003,0.7819834819891671
233,0.2785410364215263,0.08540558255883218,0.000420623042601081,0.32888490383440205,0.3067478541426384
234,0.4582688160993823,0.03673517357292706,0.0002720504808949892,0.22379013238925022,0.2809338274575455
235,0.4346743163815703,0.07106055456752923,0.0002579219151863766,0.25845711247143094,0.23555009466428312
236,0.3971590221175,0.09396465923447238,0.0005360535082517784,0.22178727311882065,0.28655299202095524
237,0.617267706432157,0.06947745840596219,0.0004881942335021674,0.11117468905492817,0.20159195187345053
238,0.3277346861931088,0.017458148595481306,0.00012692754384927918,0.07123331844481834,0.5834469192227423
239,0.4297337134441839,0.03676079978587427,0.000371206510937519,0.07643128970022245,0.4567029905587818
240,0.1381985680706555,0.013987602681026815,0.0003232888373204276,0.006554344445968084,0.8409361959650293
241,0.21661059965752022,0.00783036342919485,0.0005428197781986283,0.0030590940446335543,0.7719571230904527
242,0.17340509717245636,0.00553898366880546,9.80925392237e-05,0.004370767279972788,0.8165870593395416
243,0.07417354580682983,0.007970023575991261,0.0001854255673070156,0.004247847532303244,0.9134231575175688
244,0.006991838644900955,0.007863787933039641,0.000860239443633655,0.0015925664301194502,0.9826915675483062
245,0.0017317365972236152,0.0007148538996426006,0.0002786157671155869,0.0001600420669344839,0.9971147516690837
246,0.01734726014576856,0.001318955297484337,0.0008508010504090508,0.0033900679852184334,0.9770929155211197
247,0.00768820494139372,0.000830201085599945,0.00031395484226175033,0.004393205524804824,0.9867744336059399
248,0.04398671376320114,0.002105268984621082,5.262618774815471e-05,0.010758670230839434,0.9430967208335902
249,0.013682611268469248,0.0008052317827212412,0.00026757913347543475,0.0034938078824985675,0.9817507699328355
250,0.03401410842365658,0.0013285298820712736,6.43036230855859e-05,0.0032579023419110034,0.9613351557292756
251,0.17984748258082317,0.013124825177762324,9.602498840307857e-05,0.010762866699595062,0.7961688005534164
252,0.04390006505702696,0.004208665352774423,8.678641862966338e-05,0.001944018618145761,0.9498604645534232
253,0.10720896174742209,0.034776694237033993,0.00014258878065598714,0.011125158734306572,0.8467465965005814
254,0.6768151214070289,0.05173825328200161,0.00025124910908829546,0.05295727063251343,0.21823810556936776
255,0.5697016548663326,0.04693345909449152,0.00014283287723483655,0.03903970831723403,0.344182344844707
256,0.307969610012547,0.030121195426179578,0.00023939323670316045,0.03827343227337255,0.6233963690511976
257,0.6512043536050248,0.10155966102045176,0.0003223732477393101,0.15378238941962524,0.09313122270715875
258,0.688288949543402,0.07959093018328878,0.000349962093013776,0.16256858836099516,0.06920156981930028
259,0.574229369522125,0.19593485982671488,0.0005012523896799591,0.11405459393000891,0.11527992433147131
260,0.2735821387640564,0.6951826388486643,0.0003890572901331861,0.00315679917848252,0.027689365918663503
261,0.13322009889756,0.8575679751101365,0.0018365324523079835,0.0009460586828455971,0.0064293348571501305
262,0.02772406068394696,0.9632202077480246,0.00614618331641049,0.0008160742751405645,0.002093473976477164
263,0.0020549198592006205,0.1962284477128195,0.8007775849443397,0.0002716571742015469,0.0006673903094385488
264,0.005124722477295876,0.580011141325252,0.4109638337898349,0.0005863526690707657,0.003313949738546505
265,0.00419384470717167,0.9317041295686294,0.05934460123802973,0.0004459452634685874,0.004311479222700454
266,0.0006184168491909681,0.4914241980918583,0.5053020826518325,0.00017735043110102974,0.00247795197601719
267,0.005131634686919589,0.8287578952361598,0.15926292379705534,0.00046084124991836,0.006386705029946783
268,0.001211187086078194,0.42960890569057963,0.5674662306988215,8.704740804790438e-05,0.0016266291164727365
269,0.0024994067161148623,0.9259352518164468,0.0669052626770507,0.00010481221333062718,0.004555266577057118
270,0.0015966474942709647,0.5121240807293574,0.47881099780805425,7.728165982595788e-05,0.007390992308491269
271,0.003541571670408526,0.9210497294784991,0.0703671688433815,0.000158958101207893,0.0048825719065029435
272,0.0022552176311353197,0.8518320840827007,0.1404759358773971,9.83873875951644e-05,0.005338375021171697
273,0.0006730406413511795,0.8454959606057618,0.1513338959674304,5.414385576766832e-05,0.0024429589296890747
274,0.0007378363283888325,0.5407998765410466,0.4571026827472649,3.130273229533219e-05,0.00132830165100432
275,0.00016820890793092794,0.69894819877611,0.29929528795524524,2.1124410645677787e-05,0.0015671799500679873
276,0.00013776327899166847,0.5014153516304908,0.4968996137042994,3.739604487210671e-05,0.0015098753413460059
277,0.0002579675980475368,0.20105880112467714,0.7967975639266425,2.7705802960483724e-05,0.0018579615476723799
278,0.00025312791125472225,0.2389772226913135,0.7597318074818208,2.8340443485496095e-05,0.0010095014721256041
279,0.00023108710717010034,0.14793254617931892,0.8509419563051772,2.4675663677349507e-05,0.0008697347446563551
280,0.00020159191636979812,0.12378084111356862,0.8754949037981165,2.4759263191859235e-05,0.0004979039087531801
281,0.00011164027999883825,0.028721034689902832,0.9708433114185437,8.159433790456029e-06,0.00031585417776432796
282,0.00034657600165968923,0.23582933305559026,0.761820310333623,2.1250686557234578e-05,0.001982529922569764
283,0.0002604845537327432,0.042322002912035334,0.9569017182030571,1.2241002152675069e-05,0.0005035533290221801
284,0.00018396253335427136,0.03540160549133433,0.9637384229395158,1.2808139774804136e-05,0.0006632008960205121
285,0.00029291867906570317,0.024042079212188025,0.9752873180671261,1.815846709324303e-05,0.0003595255745269221
286,0.0008248891408942908,0.08961386210325445,0.9083934381100229,4.85955467820412e-05,0.0011192150990462582
287,0.00013943622643706273,0.038421056174556684,0.9611178121758361,9.651077661730594e-06,0.0003120443455083353
288,0.0004656619006061248,0.02945569427619062,0.9698483391216395,1.139976381755436e-05,0.0002189049377462046
289,0.00010356238009030719,0.02115056476095324,0.9784063511271739,8.706207776151947e-06,0.00033081552400668845
290,0.00045577754928171336,0.043635239502496224,0.9554157416877334,3.526583313631286e-05,0.00045797542735239236
291,0.0009950128932222713,0.047307457724762025,0.9509546335343534,6.285084992151123e-05,0.0006800449977408996
292,0.0006993213528292353,0.03363964696445881,0.9652944459842876,2.1797918139689044e-05,0.0003447877802847819
293,0.0011413006010378382,0.11160770290731158,0.885755111326675,7.159289173578386e-05,0.0014242922732396997
294,0.0005406032024059457,0.03500188019016603,0.9639871595724666,2.188635146151005e-05,0.0004484706834998217
295,0.0015582006715634327,0.0709854248239891,0.9259955781897178,2.9363979454497332e-05,0.001431432335275148
296,0.0011735200675680043,0.056810215465809596,0.9401449027885391,3.016932396807186e-05,0.0018411923541152661
297,0.00016270096590729598,0.07129940653727254,0.9276419143116864,2.6775326445261428e-05,0.0008692028586886663
298,0.00020583924752843902,0.031124605388343204,0.9677686299557435,1.765024979330412e-05,0.0008832751585914962
299,0.00020214218508652653,0.022515782916097325,0.9769281030884613,1.7092228569633596e-05,0.0003368795817852825
300,0.00018134945274743175,0.06173173074296731,0.937438234362271,4.225343452309921e-05,0.000606432007491109
301,0.00028728703291829933,0.03407521267734476,0.9653122112047803,2.6532097052219664e-05,0.0002987569879042969
302,0.00019125810480954814,0.024419798886695338,0.9751283457185611,2.1759961175769486e-05,0.00023883732875836013
303,0.00036105305310057685,0.04156157448393503,0.957655245590055,9.15880253489065e-05,0.00033053884756037606
304,0.0035502566563065246,0.1601313745039625,0.8323765037045784,0.0007964749091841419,0.0031453902259686506
305,0.4786403588740365,0.40857286619509214,0.09391411702853758,0.005059743904235706,0.013812913998098277
306,0.13931579144331285,0.7469677754104496,0.07343302452399308,0.005891531964259135,0.03439187665798533
307,0.0717874342038294,0.8913512146055494,0.00782472764619962,0.0031640317116380587,0.02587259183278348
308,0.10412838793981859,0.8817230113605664,0.0035357001677160512,0.0011208801176128256,0.009492020414286156
309,0.09112878195525861,0.8981848287785152,0.001600143746190933,0.0017597528481004252,0.007326492671934848
310,0.00923674356864436,0.9815673583364,0.0067206217007161175,0.0007274829180737003,0.0017477934761656276
311,0.0037140547253046914,0.9562693617978473,0.03720828578842952,0.000701726701713329,0.002106570986705111
312,0.006598877699763554,0.9745293304538036,0.006090788762400694,0.0034742165687957835,0.009306786515236533
313,0.0968523874886214,0.3201532595413283,0.0022274212864732417,0.14195108455538916,0.43881584712818783
314,0.18966476716300776,0.16894195923873462,0.0006845383356633055,0.2510620858443035,0.3896466494182908
315,0.2581496510800216,0.1324938271383024,0.00045870758794212677,0.21655970138185668,0.3923381128118771
316,0.5010470469952656,0.27232765308822116,0.00034778151164048353,0.10098934576886744,0.12528817263600525
317,0.4081758514825519,0.3314214255381066,0.00034394247960952865,0.11210393326922272,0.1479548472305092
318,0.3068156072100886,0.4472159094379257,0.00088517722822588,0.17597053500082782,0.06911277112293192
319,0.2069704014551718,0.36957706508122584,0.0007017547309132238,0.33588587971959444,0.08686489901309472
320,0.05598931386835631,0.7872620274350275,0.0013670207994483246,0.13418330380829044,0.0211983340888774
321,0.05589864955059289,0.5491409725740519,0.0033707506418215317,0.3552377359808649,0.03635189125266871
322,0.10537960398645864,0.6057344629322178,0.0019639559576389446,0.2550604811999275,0.03186149592375714
323,0.04160863893663439,0.8989675354459589,0.0055231695370317295,0.03605568317909088,0.017844972901283923
324,0.01997948566402297,0.9496760638746281,0.0044769172190295085,0.01796706639175361,0.00790046685056555
325,0.12293042830665307,0.7452276009761192,0.009756461449877967,0.041768172123650464,0.08031733714369944
326,0.11091539569471677,0.8128834745378821,0.0016257405941393804,0.03640291889876907,0.038172470274492706
327,0.35149695781522194,0.5373311877198597,0.0015903366013473744,0.05085135929113358,0.058730158572437456
328,0.20055111323645752,0.7795163358797457,0.0008067038348881222,0.008098281315313692,0.011027565733594856
329,0.02277466215975535,0.9698795952632797,0.004382259114190028,0.00043597844619091495,0.0025275050165838695
330,0.02045288102925406,0.9741098484129892,0.0017376719244098886,0.0007652984739267045,0.0029343001594203106
331,0.022491481797681182,0.9697362428477895,0.002039742187786325,0.0014584221909647792,0.004274110975778196
332,0.05596056385976335,0.9100371276397707,0.0060200983444009025,0.0032700185796123243,0.024712191576452682
333,0.006894262764871465,0.982917512665773,0.0050148947640588915,0.0003457535251024915,0.004827576280194082
334,0.006842328883180917,0.9853874659950811,0.004117843068224785,0.0009416850246229426,0.002710677028890276
335,0.00838812607388387,0.9639975192350816,0.020682496809484863,0.0008941345950456466,0.00603772328650408
336,0.004629786451747548,0.9714395976061886,0.019996267802347815,0.0010794567114981097,0.0028548914282178857
337,0.165936224135597,0.7227233429232233,0.0037466130976326873,0.053957762243303745,0.053636057600243287
338,0.06673502360810978,0.8978731813774721,0.003051660117197548,0.017895902428243016,0.014444232468977433
339,0.16212009213987313,0.8053748444907463,0.0025093693409497094,0.013395421214455675,0.0166002728139754
340,0.017004401026483214,0.9756654789219068,0.00504055215385594,0.0013069322532846502,0.0009826356444693823
341,0.17142113231824596,0.7379406661158018,0.005491936187681881,0.03364325297571382,0.05150301240255658
342,0.006477299604349456,0.9801025919407323,0.010689164908288846,0.0005413916294293995,0.0021895519171998014
343,0.20201172704415948,0.5110835397740403,0.0030740948098737695,0.009468339654959438,0.274362298716967
344,0.008397975283674664,0.9802663349959809,0.0037641770422841133,0.00029066052564475606,0.0072808521524153035
345,0.034358570129900644,0.9263664081283547,0.003024246325931482,0.0010663976487063967,0.035184377767106804
346,0.0032438625134750916,0.9787474942327508,0.012948893982605656,0.00011633417724546013,0.004943415093923039
347,0.019293369077430438,0.9661608489813903,0.003597773054906484,0.0013078434735679764,0.009640165412705008
348,0.022262814141746832,0.9607585378151078,0.0023639990375612777,0.0014343142120710629,0.013180334793512808
349,0.002393344451101573,0.9875549185933802,0.007039622479686217,0.00035177142414972496,0.002660343051682274
350,0.008435439004810454,0.9843171545972347,0.00151173310247219,0.0006788967583659561,0.005056776537116675
351,0.008403669803011398,0.9832942723848335,0.0020780880424136356,0.0003565000085038558,0.005867469761237614
352,0.0026330880073680363,0.9892598280023204,0.004154744085739892,0.00025042546810706155,0.00370191443646469
353,0.01962906936884334,0.9324301156840941,0.006393936241263933,0.0007803352363102212,0.04076654346948842
354,0.004387074270443168,0.9861762931216255,0.004114016247762399,0.0005819278205136934,0.004740688539655196
355,0.062301935980632536,0.38851198299984624,0.0017671977450145894,0.001788311730220088,0.5456305715442865
356,0.02107493554653886,0.9653134829421656,0.001507476254140558,0.0005854053882895212,0.01151869986886562
357,0.02423235731082067,0.9267981384982569,0.0008877653762898524,0.0006775313718278491,0.04740420744280477
358,0.01101551403580308,0.9794196107904107,0.0032031626841024048,0.0002144616818546218,0.006147250807828947
359,0.0023973237977627797,0.9729422938199921,0.019193253881053647,0.0001618915313132508,0.0053052369698780915
360,0.010936504144811501,0.963562505500989,0.004470918675268798,0.0007535851732604577,0.020276486505670186
361,0.05209884513189943,0.8537060970291978,0.031015996783791064,0.0041702854799354,0.05900877557517648
362,0.0016259700251808596,0.9480645609825293,0.046733491872826834,0.00039729772946584674,0.0031786793899970327
363,0.010852183641292631,0.9406419148735053,0.03858124159715399,0.0007906018765040515,0.009134058011543924
364,0.10807027273554197,0.7989741663880142,0.0032887696857197843,0.0064175924475331474,0.08324919874319096
365,0.2831033341048446,0.5262528037691262,0.0012554255303784412,0.03871860181874034,0.1506698347769104
366,0.007706850187876676,0.9772331921975927,0.008851267321492806,0.0009766438429366306,0.005232046450101136
367,0.007405724465102362,0.9786202421033079,0.0009453044794722094,0.003161400951215054,0.00986732800090248
368,0.10936058284755217,0.6809749981120243,0.0006596783102752032,0.03624745323465106,0.17275728749549726
369,0.004151365917108283,0.983832348251581,0.0012323468747207943,0.006607788618230661,0.004176150338359216
370,0.00986164594506509,0.9765151983271196,0.0005167603603162988,0.0013087251043665668,0.011797670263132625
371,0.026054746220995146,0.920078051294147,0.0013471706732112207,0.003772476485345812,0.04874755532630082
372,0.2711873858389891,0.3809325115762441,0.0007666757161737169,0.027788835172392883,0.31932459169620014
373,0.05980111789251724,0.9235672043714953,0.0006202716238122953,0.0028212343985812814,0.01319017171359377
374,0.06895257472708287,0.9137942088757557,0.00045414149341527904,0.0008984166257543288,0.015900658277991635
375,0.0043609779170050355,0.9927126299896211,0.000656349533911735,0.00011031947815855743,0.002159723081303214
