epoch,N1,N2,N3,R,W
0,0.005193403711688806,0.00028404372918502,8.841319058789141e-06,6.0970412641808534e-05,0.9944527408274255
1,0.01966703675674419,0.0007196847593949154,1.930633755831267e-05,0.00013579636702044215,0.9794581757792822
2,0.022307969901772414,0.00040295150628458736,1.0268157397742706e-05,0.00011337576477743705,0.9771654346697678
3,0.04051260985944855,0.0010705088625932396,2.1091713081613958e-05,0.00022212890867054084,0.958173660656206
4,0.07958223873286661,0.0029623880343413902,2.8436245243873925e-05,0.0008329208048669465,0.9165940161826811
5,0.07669346315388721,0.004603710248632471,3.679410356449393e-05,0.0014876402475059469,0.9171783922464098
6,0.34628452028075596,0.06346544154504159,0.00015279418124282667,0.012967509578592462,0.5771297344143671
7,0.07297547955992084,0.08296608794282141,0.0008502647675480939,0.01648882821954525,0.8267193395101644
8,0.04449052283274367,0.007946865567893813,5.375117893252283e-05,0.055601837641086095,0.891907022779344
9,0.13041179200788072,0.014166935026966905,0.0001133387352108109,0.04347848181623127,0.8118294524137102
10,0.3450368559281323,0.31647509830953835,0.0004533010131999756,0.02263354156924235,0.31540120317988696
11,0.5045794163323458,0.30167609223337205,0.0011885908335788394,0.009612274941721063,0.18294362565898228
12,0.09231072519889698,0.7906101511733106,0.008361266797800105,0.0038393097281472265,0.10487854710184512
13,0.0456838137408099,0.8495816947415593,0.009447743077376397,0.01447190135441813,0.0808148470858363
14,0.03438762782850998,0.9173621234804067,0.01101076699698374,0.013399462338587203,0.02384001935551233
15,0.03392532226715624,0.8711499990693294,0.031030706974434694,0.005844099692441033,0.058049871996638774
16,0.01961140373064925,0.8622424975800733,0.07429130132938049,0.0026398587797676373,0.041214938580129194
17,0.05261575779413732,0.8693075341705688,0.035210018145395226,0.007271924688482656,0.035594765201416065
18,0.03075483059412539,0.9059459185736844,0.031732461909511255,0.00228128137361461,0.02928550754906442
19,0.03903029942518084,0.8722968182055268,0.04888392431106593,0.005310300142774313,0.0344786579154521
20,0.10222696525439039,0.8005170257785663,0.006491089777615432,0.008652207566425313,0.08211271162300246
21,0.11495244042969101,0.823892386674021,0.006873511859200444,0.006225064881634038,0.048056596155453685
22,0.05723349960973033,0.8899838504510138,0.02435346681432655,0.0061581414922752984,0.02227104163265399
23,0.029682323340112574,0.9198365656439458,0.012483811199665336,0.0010295991143498598,0.03696770070192656
24,0.044252242518611096,0.9251666380638166,0.004972424988709684,0.005122726789514641,0.020485967639347912
25,0.01596843399521427,0.8926568134454712,0.06153528523347569,0.0036107202247345717,0.026228747101104084
26,0.013214914286870338,0.8705907053219948,0.09369625829768183,0.0034666183655708937,0.01903150372788203
27,0.013914911096111293,0.03461431374908141,0.0003140958120917423,0.0021667793383314095,0.9489899000043842
28,0.2631706435399029,0.17572397741251727,0.00018999269899764085,0.03482645747599708,0.5260889288725851
29,0.27637534280824355,0.6345728436285778,0.000455026398134839,0.027130803613713804,0.06146598355132996
30,0.288238728979909,0.41367610693406653,0.00043933308364843174,0.0226045130176289,0.2750413179847471
31,0.17649464026489725,0.38493139821180977,0.0006710308042667258,0.08491478879880426,0.3529881419202219
32,0.041533038002601975,0.011558690776301974,9.077390147538653e-05,0.028484660076999523,0.9183328372426212
33,0.12116946138447215,0.014597269206342814,7.741733777067212e-05,0.020100601866321673,0.8440552502050926
34,0.5256587103537799,0.19764651447525594,0.00012243326442277415,0.03297151133884877,0.24360083056769258
35,0.7121963280133771,0.12573252353909006,8.733796842573757e-05,0.023365504298789697,0.13861830618031737
36,0.4742155136241575,0.31387880938303003,0.0002775422233393896,0.03572332973287574,0.17590480503659742
37,0.3127229982376675,0.6027374365801841,0.0008390579619821469,0.03688509296967922,0.04681541425048714
38,0.15911542748037485,0.7937161663832969,0.001059027456524454,0.012660492459930202,0.033448886219873644
39,0.018005689613975064,0.9517465504534779,0.021487549905459345,0.000830906652253658,0.007929303374834175
40,0.050872708282329045,0.9249958669329907,0.009145957333620768,0.003347972233562595,0.011637495217496803
41,0.057712446872939555,0.9170993605771433,0.006645591160646674,0.0009943111466173406,0.017548290242653107
42,0.01987207304319073,0.7843561500812474,0.1307822077119816,0.00039577768761533835,0.06459379147596495
43,0.011896883239880196,0.9701592182414561,0.01328496981624469,0.00013806101195552192,0.004520867690463353
44,0.032638174028821895,0.9220278055522122,0.03254563059523851,0.00021357974853989932,0.012574810075187336
45,0.008055433555195115,0.8164710344365306,0.16967494346844428,6.0354856211141624e-05,0.005738233683618865
46,0.0011313836566873663,0.23551289016368718,0.7565729022638011,4.564719996572137e-05,0.006737176715858638
47,0.00847574227826113,0.8648945145765686,0.12017207276937292,0.00010521073910202058,0.006352459636695313
48,0.0022055913443154184,0.12229795630055215,0.8689313445356313,5.996878959655136e-05,0.006505139029904706
49,0.002776249298445244,0.3923434847255447,0.5976511741793818,6.383262734063965e-05,0.00716525916928768
50,0.0015384318535106593,0.13092997717772728,0.8639961322861941,5.759999349782536e-05,0.0034778586890702374
51,0.05255338617208338,0.8606971924624537,0.040337349014826634,0.001218140593030074,0.045193931757606214
52,0.007378141185611108,0.627891504388937,0.3584194028771543,4.046860066914616e-05,0.006270482947628511
53,0.0020660404660470325,0.42347504264606894,0.5685292303455856,2.0604917888672653e-05,0.005909081624409824
54,0.0003988953129816112,0.0871786742551563,0.9100645678633416,9.173969492886926e-06,0.0023486885990276945
55,0.0012510361341160142,0.1511272479138612,0.843100165078022,3.6092798537692065e-05,0.004485458075462963
56,0.0009309942137663768,0.3221067444449985,0.6740451050062783,3.130206526753985e-05,0.0028858542696892754
57,0.0006597969623257633,0.41430752474846505,0.5799342539827509,2.5637446015462192e-05,0.005072786860442697
58,0.00023359667153235523,0.08336250642057777,0.9144899651651688,5.785165718144988e-06,0.001908146577003046
59,0.0003301366542261377,0.03370268197717276,0.9644854456969064,3.911996884633095e-06,0.0014778236748099025
60,0.00018533981765690488,0.024299862985816573,0.9742617376117197,2.258191578522716e-06,0.0012508013932282127
61,0.0002594085463965758,0.023283156868320717,0.9748787330401414,3.1453247019392095e-06,0.0015755562204391104
62,0.00032896692504510717,0.05334203340989876,0.942610537834566,4.946189433225053e-06,0.0037135156410566974
63,0.0005288465648703578,0.03812585882525032,0.9587733497768931,3.0841735445455335e-06,0.0025688606594416233
64,0.00015303101101653936,0.026779629826324335,0.9720031269826999,1.4907999627863357e-06,0.0010627213799963586
65,5.353179510835267e-05,0.00826087045055697,0.9912131347583291,6.990194630806143e-07,0.00047176397654235527
66,2.371579656453401e-05,0.0027264521142063543,0.9967629733009143,3.6468140111156155e-07,0.00048649410691368767
67,8.577514194473347e-05,0.004890928475433739,0.9939673427031824,8.650953755413576e-07,0.001055088584063538
68,8.084549182602042e-05,0.0054184588134346835,0.9936079097720226,1.0335457317396166e-06,0.0008917523769848872
69,7.220329209770293e-05,0.012859354243206953,0.9861523208061839,1.5454539690201603e-06,0.0009145762045423815
70,9.752573442649049e-05,0.007454025745269086,0.9917910010323417,8.964564333033111e-07,0.0006565510315294922
71,6.401232684254009e-05,0.007536613324214745,0.9919951005984564,1.0183185595711661e-06,0.00040325543192665486
72,6.226832817136092e-05,0.008265545732744512,0.9912371869641632,8.024558321385013e-07,0.0004341965190886277
73,3.080569299137383e-05,0.0027451964616846407,0.996564801112687,4.056329628122046e-07,0.0006587910996744347
74,3.268824419762527e-05,0.0034477604995265193,0.996202640445708,5.926378607412731e-07,0.0003163181727070055
75,2.7494348161248005e-05,0.0017261306288628721,0.9979434096419744,4.6098743164064956e-07,0.00030250439356972487
76,3.879159977419079e-05,0.0025610662350718442,0.9968530013758786,8.35391109424277e-07,0.0005463053981659633
77,9.753466710564192e-05,0.005342431124756289,0.9939276223951315,1.3605282577273695e-06,0.0006310512847489072
78,0.00012512169741385798,0.004245978391861205,0.9947593787308859,1.5158129736178293e-06,0.0008680053668654502
79,0.00016487101494451833,0.011155749459022628,0.9869891647497866,7.973032521792865e-06,0.0016822417437243776
80,0.00015724437191201726,0.0190483068030665,0.9789802061661743,1.599882990619659e-05,0.0017982438289411145
81,0.0002934867898717647,0.024246016980189505,0.9724144397206144,3.6204824887471827e-05,0.00300985168443685
82,0.0017766066707749894,0.02445861030778553,0.9617735867617375,0.00019959735824731805,0.011791598901454717
83,0.06962691112314212,0.023264410111173518,0.00039750590311079165,0.0025941173037747223,0.9041170555587988
84,0.19383537776513665,0.4825738035055475,0.004041059534034918,0.007788773766338739,0.3117609854289423
85,0.26031932114740103,0.51659471885504,0.0034176825835481074,0.011417508918945659,0.2082507684950651
86,0.1286249552845452,0.8135004072927794,0.015656903328896382,0.0015745166630107756,0.04064321743076839
87,0.03819237231649029,0.9391487354399439,0.008469640967439521,0.0020256974889416145,0.012163553787184483
88,0.16620567928876595,0.7526676806627622,0.0011742163624238338,0.01172803489859143,0.0682243887874566
89,0.04933461675056634,0.8818426326785251,0.026358412360131145,0.006908324932457445,0.03555601327832011
90,0.09523936042114632,0.8564779243478446,0.005971117039360354,0.013956187425809043,0.028355410765839893
91,0.028001392167724477,0.9335954671712552,0.018883729922396234,0.005932418894881163,0.013586991843743127
92,0.11198078000543751,0.7679241190420678,0.00289592691051615,0.03996150677517948,0.07723766726679894
93,0.019567071215700046,0.9283090674418983,0.01660857868774307,0.012783296659214786,0.0227319859954439
94,0.0160781354370625,0.025288953301016232,7.67793914791566e-05,0.013002088378913024,0.9455540434915292
95,0.009291886967091,0.022388366264771708,4.5551927475433285e-05,0.004091514595799824,0.9641826802448621
96,0.010024319384588618,0.002624624586818251,7.631031224503818e-05,0.0025080267821710536,0.984766718934177
97,0.0482370810923155,0.005146626859382864,3.942793085588986e-05,0.0014489256977979436,0.9451279384196477
98,0.35478723869370643,0.014479583581794192,7.043196845676565e-05,0.004629100746937518,0.6260336450091051
99,0.17281617985963876,0.016316857713510335,6.428508601963111e-05,0.006780490896938029,0.8040221864438932
100,0.2875290724415095,0.04925929247946757,0.00017172887028357053,0.01789762142710088,0.6451422847816385
101,0.19605326604287415,0.03395015689604781,9.372564671045133e-05,0.031535976644129785,0.7383668747702378
102,0.4337107405503505,0.3611277499301017,0.00035879188675979966,0.07892207869683496,0.12588063893595294
103,0.3379951887490328,0.37253250193069865,0.0002950722626173159,0.1564398778523617,0.13273735920528962
104,0.36054391037413414,0.25326190355916467,0.0002976499509024427,0.28527172206218,0.10062481405361885
105,0.24575665646517758,0.3693231819290537,0.00046366907982670736,0.31965130151638177,0.06480519100956038
106,0.2784054469335434,0.27213821709461716,0.0004162043541755592,0.41256511449547423,0.03647501712218969
107,0.21042517840913702,0.7337536523809646,0.011441395641088037,0.031154874201072505,0.013224899367737854
108,0.07466705709805957,0.8823809470128048,0.010808470300060002,0.0258975058245067,0.0062460197645689474
109,0.12668648282944486,0.8112748193337946,0.001414871239259201,0.022796503125612308,0.03782732347188895
110,0.0761406558665807,0.8339271799488415,0.009735988113595764,0.052792302621344926,0.02740387344963704
111,0.029778879739849804,0.899960513657546,0.05613074917788343,0.007366631840439355,0.006763225584281527
112,0.03589830014602443,0.9287502356346435,0.010719094242049863,0.0036785573118484263,0.020953812665433762
113,0.02808597170977594,0.8771893664062749,0.04719385319439938,0.0068828412363756255,0.040647967453174075
114,0.012652039643920393,0.8715861267299497,0.0946175056181661,0.0028848567786698203,0.018259471229293667
115,0.022251387181733917,0.53057625662511,0.42511967965333897,0.004035125164204075,0.018017551375613044
116,0.02359118647486618,0.3240169978681585,0.01877474042273273,0.007042510272017775,0.6265745649622247
117,0.2631734387961172,0.35119123881222225,0.0059286032373563596,0.3149096949534379,0.06479702420086618
118,0.028313348385215244,0.030566349501685658,0.00016096934922093487,0.03892273642119618,0.9020365963426821
119,0.08907444380964219,0.04851379997054783,0.0001768267355673588,0.033311517833157674,0.828923411651085
120,0.5708135928627099,0.20139631042930867,0.0001851373230601933,0.13127993856071374,0.09632502082420755
121,0.6029276854361797,0.08781917895800519,0.0002738258616249435,0.13853781546104246,0.17044149428314773
122,0.3194700465010759,0.12805922012993545,0.00033923088251810936,0.20821738824660144,0.3439141142398691
123,0.19557344046706066,0.15729690110120698,0.00045515899209675386,0.1704079915172029,0.4762665079224328
124,0.02740871458974866,0.01959236094196419,5.493271962922532e-05,0.06445261156791295,0.888491380180745
125,0.05602603283277894,0.01785213057821967,8.652486545683166e-05,0.0744279899450577,0.8516073217784869
126,0.055186741741822226,0.008487327295858108,5.673916955092187e-05,0.03285140825092814,0.9034177835418407
127,0.2149463377887362,0.02623348259035014,0.00011987445524043804,0.02886952053049247,0.7298307846351808
128,0.16884665634931476,0.0228286726638063,7.666722202481221e-05,0.03972532885436889,0.7685226749104853
129,0.1563401083050013,0.012200062929334236,0.00012392905201077833,0.019543703412090736,0.811792196301563
130,0.554064832102264,0.06327955961662043,9.126948021697779e-05,0.10291930977145763,0.2796450290294409
131,0.42488212231861555,0.04917181882693349,0.00017109933371792083,0.14113349281692805,0.3846414667038049
132,0.4271749523906296,0.07423784510041723,0.00015897791574806693,0.3642114491412939,0.13421677545191119
133,0.17208565559786423,0.03685574251845104,0.00018339468760600723,0.40478568327843123,0.38608952391764745
134,0.2406509114561713,0.0272961058526275,0.00014432340797623176,0.45379110996120353,0.27811754932202154
135,0.2845105094311148,0.06015068349128114,0.0002273129489541409,0.45103613165655665,0.20407536247209326
136,0.23629620232974075,0.030116886854016364,0.00015532481734836543,0.5810553910279722,0.15237619497092225
137,0.1908869528555192,0.03668510409647932,0.00011155938591350732,0.6829841972159687,0.08933218644611911
138,0.14329553279495227,0.043249910682702904,8.653285348612588e-05,0.5996053990357163,0.21376262463314236
139,0.18757012554017777,0.12496596344200823,0.00012760269237875707,0.6202399354089125,0.06709637291652273
140,0.08479721665408008,0.03684841722073384,8.889740370687611e-05,0.8265433541958326,0.05172211452564656
141,0.1375006222612665,0.07459893653970004,0.00010447777990036945,0.6974281979865838,0.09036776543254926
142,0.08026932418872378,0.056180833751827176,0.0002348849865268141,0.795427856483329,0.06788710058959319
143,0.06779280702472774,0.03401808452345266,0.0002581254785846041,0.7647878202286936,0.1331431627445414
144,0.052756339342960284,0.029647407108099395,0.0003441201476611861,0.7555519818928623,0.1617001515084168
145,0.06596153731942996,0.043557991041456696,0.00015722047560061663,0.8061379065690149,0.08418534459449785
146,0.14033615746499828,0.0520857689842563,0.0006093858821656217,0.5955109928950117,0.2114576947735679
147,0.17591058406977578,0.058294484640305164,0.00021516429509818927,0.5444356737363336,0.22114409325848722
148,0.06170249781005556,0.04016089147187294,0.0006506934808354133,0.11877350549460847,0.7787124117426275
149,0.48149584846546284,0.11934894085255031,0.00034022233390021016,0.10552119473864688,0.2932937936094397
150,0.5319584953588309,0.08154111248524644,0.0002210468648291338,0.15896981100846366,0.22730953428262993
151,0.515977492939284,0.22880344033759148,0.0003364336316046348,0.17226124222055272,0.0826213908709672
152,0.13187303398589467,0.04165777848706953,0.0001920059202427545,0.1089184345265956,0.7173587470801974
153,0.3166327993977174,0.19038166927361638,0.0004807441444592433,0.1486012412163147,0.3439035459678922
154,0.2734483484263935,0.5210939168291826,0.0020152847587140994,0.14359805777807325,0.05984439220763649
155,0.38720429077138346,0.25689737199574336,0.00020506198323471026,0.1735557444518549,0.18213753079778353
156,0.2272172926737348,0.23051910890976374,0.00027395560675758795,0.29229369986275866,0.2496959429469853
157,0.12729370937580264,0.6017363684243657,0.0007562504946683172,0.24560177206082096,0.02461189964434235
158,0.045146472445561775,0.8588506314865068,0.0020545173258207164,0.08858212622265696,0.005366252519453821
159,0.1689771497231718,0.5995643880646171,0.0005575025089592752,0.17853953872180744,0.05236142098144449
160,0.05344442042934804,0.8501893476022361,0.0034012636151176476,0.08692987925001627,0.006035089103281907
161,0.09080180059698033,0.8739590694778777,0.0016920058934426897,0.02219647426276501,0.01135064976893405
162,0.1613474462877576,0.7776112149947307,0.0033783950610153926,0.016285736496029317,0.041377207160467055
163,0.04974088037035892,0.9213662605475345,0.017250078517569538,0.008071728278087833,0.003571052286449507
164,0.01855771449353696,0.9676471706231182,0.005298808359477336,0.006746145236146831,0.0017501612877206618
165,0.02576130309191119,0.958561991909589,0.009140906183882141,0.004671884469255469,0.0018639143453621368
166,0.009923521882490483,0.9675975039481202,0.018121460394572637,0.003030325802173113,0.0013271879726435283
167,0.003175959235626382,0.9394981749396768,0.05523910012624333,0.0009199142012618342,0.001166851497191544
168,0.002960994377073701,0.8998995439979693,0.09523979112183256,0.00029448327529766244,0.0016051872278267016
169,0.001856008098743973,0.6915982939197175,0.304491575534132,0.0003056399125111327,0.0017484825348953138
170,0.00460721136825484,0.8521052991591584,0.14110161793521026,0.00031729902909656836,0.0018685725082799398
171,0.0029810289886812364,0.6694105645376972,0.32565610663543276,0.0001898130711214804,0.0017624867670673137
172,0.000997098035178575,0.34925829664552327,0.6482048135090848,7.947764356623108e-05,0.001460314166647185
173,0.0027314521022044876,0.6450851616270166,0.3496156529526772,0.00016139219195274702,0.002406341126148829
174,0.0017581528916710395,0.4522678359752252,0.5438375698827472,8.967750190071618e-05,0.0020467637484557484
175,0.0006696147511903892,0.3715554463626987,0.6263766402872237,0.00010579036540740816,0.0012925082334798398
176,0.0005433252179005574,0.1569549918048003,0.8413002185996692,4.869564411968522e-05,0.0011527687335101328
177,0.0006616776889052525,0.28801821250003606,0.7098315289309818,0.00012382401969028223,0.001364756860386702
178,0.00032180553831891607,0.0982294307477687,0.899014398496793,5.447710769208378e-05,0.00237988810942734
179,0.044854547468467364,0.8316604188610526,0.05232063130789753,0.0010321084887603754,0.07013229387382204
180,0.05001030244310157,0.8442466453390151,0.09932415615475504,0.0013682324695751466,0.005050663593553138
181,0.0062504726583369275,0.5236082268570027,0.46414191276799116,0.0002112427584413993,0.005788144958227693
182,0.047505027663738264,0.9022078220426214,0.04348576597313172,0.003105150803569535,0.0036962335169388873
183,0.007105875349831763,0.926922849460717,0.06359509426429714,0.00022625659977826886,0.0021499243253756605
184,0.0026660107998548637,0.8518245165514903,0.14369031813088043,0.00017854155967030787,0.001640612958104132
185,0.0005938305136310838,0.36541440477413634,0.6329362001513421,5.4591060182292777e-05,0.001000973500708128
186,0.0004429883151117767,0.21913667951235474,0.779472962478797,4.060043495857672e-05,0.0009067692587777655
187,0.00024907945285021927,0.09719756516784626,0.9019635917041288,4.2686402381217895e-05,0.0005470772727936192
188,0.00020278194344118937,0.1292172830853298,0.8698402105047209,4.1415585097463313e-05,0.0006983088814106044
189,0.0001645972579277603,0.1422900661008507,0.8568981584223871,4.137170871096183e-05,0.0006058065101232985
190,0.0002397998364935663,0.16747258907747903,0.8316548164755632,3.3089464020497605e-05,0.0005997051464436293
191,5.640588569228804e-05,0.019889744143681193,0.9797932131526375,6.308946895595493e-06,0.00025432787109345257
192,0.00014123872676541233,0.08993394322476951,0.9095005075614383,1.8524754176941876e-05,0.0004057857328497632
193,0.00016353258941222,0.02041345881602273,0.9789756451763204,1.2528324334321015e-05,0.00043483509391042263
194,0.00012230966938955626,0.03123196108839497,0.9683749898143098,9.756817628104693e-06,0.00026098261027757965
195,0.0002082836894618064,0.027622371373890644,0.9718549495218276,8.96671725691822e-06,0.00030542869756312375
196,8.25100524017313e-05,0.004894446281701865,0.9947521623847558,3.896992816860111e-06,0.0002669842883234624
197,0.00012241073781128393,0.011362711356180657,0.9882274976360789,4.536947773106653e-06,0.000282843322155887
198,5.5162149869763706e-05,0.014384121546177304,0.985310051680875,4.3429991467282525e-06,0.0002463216239312529
199,0.00023423433303932685,0.014838871613664662,0.984467423609901,9.585588089167533e-06,0.000449884855305859
200,0.0003405544179267657,0.02501114708169657,0.9740639516414203,1.2386594097909539e-05,0.0005719602648584514
201,0.0003121440378153775,0.02962287074980037,0.969588546892367,1.1647911091625925e-05,0.00046479040892570187
202,0.00011091943345396695,0.013847059616470455,0.9857404213838326,4.498508207163145e-06,0.00029710105803590304
203,0.000167701977028758,0.01627813590846488,0.983104836445567,5.63656900625558e-06,0.00044368909993311727
204,7.485166129172418e-05,0.009260593705719059,0.9903453257120132,3.883930832521791e-06,0.00031534499014351596
205,6.51376379178805e-05,0.012547726590372059,0.9870577565338129,3.897612933261937e-06,0.0003254816249638357
206,0.00035488086126284724,0.02426370639262149,0.9749707185928894,8.104720163713727e-06,0.0004025894330625195
207,5.515887860247236e-05,0.002417968943421249,0.9972692744497426,1.8092919961628994e-06,0.00025578843623760627
208,6.62242625084319e-05,0.008355778958629592,0.9913124995187332,1.9756192176928115e-06,0.00026352164091107157
209,9.70864720723331e-05,0.00979582489433847,0.9897991030341468,3.2576148905314026e-06,0.0003047279845519698
210,9.35899520682095e-05,0.013979198112764083,0.9855820995178368,3.4644325632336526e-06,0.00034164798476768026
211,4.8137315179261715e-05,0.003761280887036714,0.9958598999347912,1.7588587249272722e-06,0.00032892300426803315
212,6.700406626759574e-05,0.006363190796674387,0.9932411117929132,4.001105002671313e-06,0.0003246922391421208
213,0.0001063772416969581,0.0146484987115821,0.9849362381768757,3.2057428859646398e-06,0.0003056801269592208
214,5.2681818346980376e-05,0.011634549805605257,0.9880378342971143,3.387508061707767e-06,0.0002715465708716022
215,6.196544157570625e-05,0.010600827500857382,0.9891090081477655,3.866782161047188e-06,0.00022433212764029427
216,4.219741257434137e-05,0.004295426122245872,0.995436128184824,2.7287820216652626e-06,0.00022351949833423394
217,4.386812959555661e-05,0.002418517672812562,0.9972837631115139,2.7249247397815798e-06,0.00025112616133814625
218,0.00013210043877006627,0.012492834812454105,0.986752640352272,1.1853277582898026e-05,0.0006105711189209275
219,3.846480658467024e-05,0.0049793242517065395,0.9945384617629555,6.1011090358304326e-06,0.00043764806971735267
220,8.530197691297237e-05,0.003966426881555531,0.9954172690670859,1.0272226901701949e-05,0.0005207298475438207
221,9.036916811964227e-05,0.010588292847810425,0.988903100275494,1.195333073454164e-05,0.0004062843778415831
222,3.600927891287468e-05,0.006021777407016224,0.9936439637808908,5.50261882250832e-06,0.0002927469143575359
223,0.00015696221192701543,0.02249593518417495,0.9769903360782695,9.86386465648661e-06,0.00034690266097215354
224,0.00016413553624225068,0.0172397921148576,0.9822140424962592,1.0122294217413291e-05,0.00037190755842359484
225,0.00017774854709408776,0.020087503277707353,0.9792724655984503,1.2869129126803234e-05,0.0004494134476214913
226,5.327206419701315e-05,0.006475023312566026,0.9931990560288148,3.908544672396244e-06,0.0002687400497498502
227,0.00021610743910402226,0.011424362695395578,0.987706745374217,3.6463875799815055e-05,0.0006163206154836569
228,9.69214701307019e-05,0.0195406169735534,0.9796912175642385,4.914457353875825e-05,0.0006220994185384133
229,0.0006686984736026915,0.08244552783846766,0.9137565197695166,0.0002895887217430995,0.0028396651966699446
230,0.0020919820972558,0.13283857454411416,0.8583987546469295,0.0010079161045171063,0.005662772607183471
231,0.13127604940753615,0.1802506243897895,0.004088830378612378,0.017632635568321876,0.6667518602557402
232,0.2512390728012822,0.4888006143956037,0.003504679583181309,0.13261733624874394,0.12383829697118898
233,0.06436182169391544,0.03858029470731829,0.00013188747332944134,0.004033737304467536,0.8928922588209693
234,0.5821627035334351,0.07157236184353434,0.0002792287823538301,0.023985764279323807,0.3219999415613531
235,0.7316650987048702,0.1544079564443993,0.0004538826242242041,0.01747489220019138,0.09599817002631489
236,0.7918578112046459,0.1761084053592597,0.0004448985750741552,0.008410583902145967,0.023178300958874264
237,0.37591132374687786,0.5364244252726744,0.000551043636407495,0.04766455426200694,0.03944865308203326
238,0.15332619745741355,0.7394712747927844,0.0026105103866068758,0.09126057366085473,0.013331443702340684
239,0.22503923355861893,0.6129841814015773,0.002184964164095203,0.1421467370198273,0.017644883855881102
240,0.06278479252972774,0.9129613746957667,0.003124639236194776,0.014828294342263593,0.006300899196047258
241,0.04825854343153354,0.9183738619458286,0.005498633155180966,0.023903479802792626,0.003965481664664262
242,0.0317161233705014,0.9475708333825281,0.0068794987367618585,0.010863460415710846,0.0029700840944977907
243,0.07438587124414556,0.8487710592919154,0.001594217889226246,0.06575941139327039,0.009489440181442403
244,0.009210924532487258,0.9752308547524011,0.011198548504042373,0.0027708272045698316,0.0015888450064992284
245,0.013913826354705752,0.9656214808683911,0.010118273845615502,0.008494230433258847,0.0018521884980287015
246,0.022397802743554723,0.9521630506225143,0.007402242689900038,0.01143023367404223,0.0066066702699889325
247,0.05266653728320564,0.8877305858955136,0.0042895396001604615,0.048202538521997754,0.007110798699122641
248,0.022560485134710966,0.9526537521321168,0.0019202075062747718,0.01856675070435053,0.004298804522547046
249,0.03236647558654723,0.9462810004876187,0.005118315688553558,0.01213352526032007,0.004100682976960559
250,0.020337769226373596,0.9591189582512807,0.0060931314145956615,0.010879206890943124,0.0035709342168067783
251,0.016476630605179107,0.9611497238432286,0.0068781172590633025,0.012263732988672846,0.0032317953038562912
252,0.12955221405799092,0.7270493633475664,0.0006846815230715057,0.12186567049195476,0.020848070579416383
253,0.0426442781638551,0.9269305263855258,0.00594270005036114,0.018332940013837992,0.006149555386420094
254,0.0793330968560602,0.7388715919167598,0.0047340312942078565,0.0068789736592466235,0.1701823062737255
255,0.1721500772277639,0.11417269007777321,0.001191008022341353,0.004262424240532399,0.7082238004315892
256,0.3131274698531033,0.6589289903691941,0.0020885723615262845,0.009152860387032542,0.016702107029143726
257,0.13446566476668856,0.8337300301714862,0.011329921109188554,0.006756689445492027,0.013717694507144818
258,0.05526227375117962,0.9279940538478554,0.0017296750484696222,0.005753662474584695,0.009260334877910583
259,0.046769974386164086,0.9102864497264695,0.01059515463508636,0.025929096349489186,0.006419324902790814
260,0.050438841965714604,0.885052228520691,0.011380091316815654,0.04498036113383239,0.00814847706294651
261,0.017329830326429062,0.9141817971687823,0.030316630641144336,0.02804636512545842,0.010125376738185745
262,0.020356515066369048,0.8737398888399303,0.00765227855378117,0.09242510142561088,0.0058262161143086445
263,0.07400953959053366,0.19423523961052502,0.0010334770762897292,0.6528916956268952,0.0778300480957563
264,0.05744402684701258,0.1267950637023915,0.0008681643943370495,0.716561886891915,0.0983308581643439
265,0.05997881647247557,0.0920614134793132,0.0010781065296594562,0.7295238445534864,0.11735781896506539
266,0.06825190781389869,0.04065073997206313,0.00031617237037968036,0.8305605869656842,0.06022059287797427
267,0.04357569857294122,0.017289357174827335,0.00010876583534463557,0.8944237837344166,0.04460239468247023
268,0.0435227606004244,0.021587945182975944,0.00035028680500533393,0.8822767137043755,0.052262293707218806
269,0.025801972823120398,0.013496406581687466,0.0002363863052536895,0.9064188662281344,0.054046368061804184
270,0.029912958500339787,0.02001512965423809,0.00020979983082865323,0.8495029953966621,0.10035911661793143
271,0.04134542483940124,0.01811400444184178,0.000139193134011463,0.8883642034230472,0.05203717416169828
272,0.05272607556114513,0.01652138838939818,5.075039782157616e-05,0.9093363390386742,0.02136544661296087
273,0.0412971844969276,0.02369958677052332,6.273345140702855e-05,0.8952914637267926,0.039649031554349505
274,0.028943362809214904,0.017163089184014216,6.728173510575012e-05,0.8969665451464234,0.056859721125241826
275,0.03572924459339545,0.011691987821633243,4.83759716366104e-05,0.8963888969094689,0.05614149470386588
276,0.05611155853528971,0.027171206913915592,0.00010152375588514133,0.8449263067357345,0.07168940405917495
277,0.11062988869994649,0.03813564718304513,0.00015718471119768426,0.7571005116993241,0.09397676770648669
278,0.0909271666268044,0.02922755642857944,0.000191010557861237,0.7830657555749295,0.09658851081182537
279,0.09977592871844407,0.04008546610751417,0.00023160324398364162,0.7392567659708379,0.12065023595922021
280,0.11153275741054662,0.08026585392653526,0.0001472321026166536,0.4905363167991164,0.317517839761185
281,0.13835599268945326,0.08775303300562451,0.00026692053632846414,0.1833856521357298,0.590238401632864
282,0.4593277924834616,0.06525642782561375,0.00033513636017244025,0.35436029467562014,0.12072034865513216
283,0.4890135663808718,0.0540831015329373,0.0003460402729105056,0.35009508605314815,0.10646220576013227
284,0.19831980851592285,0.03567128088937661,0.00029280470468175297,0.6196785919629162,0.14603751392710274
285,0.060130666660552785,0.041210912735158346,0.00012620181016509717,0.47224871176279326,0.42628350703133056
286,0.2338487318593956,0.06174040554731777,0.00015661655207619028,0.6088715392615835,0.09538270677962685
287,0.28800917783477115,0.055320254201905,0.00018821777119698923,0.3810456532339694,0.27543669695815737
288,0.3499790086846092,0.042450594159007586,0.00029751238907386215,0.5294925838772848,0.07778030089002459
289,0.09032842337132939,0.03962662365540401,0.00010749007026135349,0.8492240988696445,0.020713364033360705
290,0.06308351056449643,0.026470557451583436,6.926611918364303e-05,0.8797344208994259,0.03064224496531069
291,0.054355790889493556,0.01824701080627401,8.565569614413967e-05,0.8282523119527926,0.09905923065529572
292,0.1106099176565167,0.05936808339163715,0.0001215730879630291,0.7605210313244116,0.06937939453947146
293,0.13425659898175382,0.03519320827108217,9.387917915728546e-05,0.8129377251656682,0.017518588402338456
294,0.08231640740043039,0.05548870150120936,0.0001254342521150958,0.842720399872145,0.019349056974100054
295,0.019047579711134112,0.019619341148907544,0.00011046262544096435,0.9475507864564614,0.013671830058056039
296,0.02009913052705863,0.022143326718932304,0.00011128780096310078,0.9105320165563806,0.047114238396665384
297,0.01306315579467598,0.015324642548942276,6.102873753102903e-05,0.9625865826351925,0.00896459028365828
298,0.02385150548772944,0.016684171214103417,0.00018421173888883753,0.9247761410506018,0.0345039705086767
299,0.021544802866045924,0.012359464862448237,0.00013958248984964088,0.9318651222826658,0.034091027498990505
300,0.01805937507060128,0.008982810598422082,7.364309083659776e-05,0.9386151498477644,0.034269021392375774
301,0.044461915484114885,0.021751546874629157,0.00010360096560491441,0.898305522447509,0.03537741422814201
302,0.07766984043459141,0.014576941593358945,7.753201883524585e-05,0.860214232116951,0.04746145383626343
303,0.12130823021010333,0.031627605454331756,6.711729930485652e-05,0.7312964521111677,0.11570059492509242
304,0.0945006894672802,0.029033393941010652,0.00011972339661210676,0.18924988725073433,0.6870963059443627
305,0.2275713608553319,0.03412035790103686,0.00011647669710746919,0.09993905019259176,0.638252754353932
306,0.6173184580425507,0.044910233967846845,0.0001326893302175104,0.07883355443436889,0.25880506422501615
307,0.7563663821664364,0.11333988753513823,0.00016107997736375734,0.044495041461508726,0.08563760885955293
308,0.26553253743085387,0.5568660281421158,0.0005232114388822872,0.13535563593334168,0.04172258705480635
309,0.11912107639277962,0.7242454570394248,0.00026575616731107913,0.126252034153758,0.030115676246726446
310,0.0682125426824516,0.12169133644452981,0.0005689533056954288,0.046253576384359146,0.7632735911829641
311,0.38570982079674154,0.4165908958242758,0.0005075808166885129,0.14275710763785965,0.05443459492443475
312,0.29130082214158565,0.49785352757307755,0.0005772147970950973,0.19888768593729708,0.011380749550944667
313,0.05399903231660042,0.9176738011879422,0.0021620715402930904,0.02262336107627781,0.0035417338788864988
314,0.04630731590110225,0.8652497039549741,0.0030228408404828627,0.08174838143031535,0.0036717578731253237
315,0.040431055154764944,0.8538063491993457,0.0014284593987864765,0.10025426119560203,0.004079875051500963
316,0.017130710019359653,0.9310000721416031,0.004047496678723186,0.04533583114346468,0.0024858900168493727
317,0.011129001774419127,0.9249064449563693,0.008041335842924822,0.05410542754352842,0.0018177898827583577
318,0.017287160401602327,0.9384845846284031,0.011098443931665293,0.030586805963687402,0.002543005074641723
319,0.03707670410717149,0.8547790936246794,0.0025824668020544834,0.03593611788681302,0.06962561757928161
320,0.17844600584327353,0.18525550395017076,0.0013024280095719429,0.03295311921228954,0.6020429429846942
321,0.11493720297903677,0.21537622662260061,0.0004941146618468105,0.03218037021546198,0.6370120855210537
322,0.602797910002695,0.3365379354222104,0.0006031725695331735,0.04042283195900556,0.019638150046555822
323,0.14028882780091625,0.8344187658103626,0.0010521584239332306,0.01436581641195904,0.009874431552828942
324,0.055388193270347226,0.8990911425537103,0.014630861824529447,0.015020067350511417,0.01586973500090149
325,0.04671904619914361,0.16327386834012433,0.0023517570387107446,0.006963804169376836,0.7806915242526444
326,0.2637527513131298,0.16813460679432546,0.0011391491072352772,0.09452868975727029,0.4724448030280392
327,0.39555152867342197,0.29480650915931217,0.0011741193057042615,0.13467656874604966,0.17379127411551196
328,0.2673431973645877,0.3211030454545143,0.0007523871393313327,0.0697058152550597,0.341095554786507
329,0.38187017040684446,0.3388263112194383,0.0008228615852138131,0.11820519065793089,0.16027546613057256
330,0.14925711297257901,0.17343376729073887,0.00046187613659899043,0.06916589319225877,0.6076813504078243
331,0.28863942899646416,0.12488281230503064,0.0006649486830126018,0.05742810525505499,0.5283847047604376
332,0.42684056708404833,0.4939869463260536,0.0005614186552141176,0.024783996481987994,0.05382707145269608
333,0.5093696468207916,0.439668740089335,0.0003970110033206135,0.03444931360813508,0.016115288478417856
334,0.14842336632851671,0.7977871573650489,0.0021283195961497438,0.04569883304568543,0.005962323664599374
335,0.008019642574423834,0.9797075128017383,0.00509884450948596,0.00607521228865156,0.0010987878257001857
336,0.016115571591114975,0.9440938384899866,0.019482693692119718,0.017767747772945125,0.0025401484538335704
337,0.021366611095393777,0.9300721455962879,0.0031184228423929298,0.0432037798738535,0.0022390405920719053
338,0.012331434288463736,0.953599992864902,0.010077270520145423,0.02219103559043716,0.0018002667360515865
339,0.007837565686275085,0.8910673663295041,0.08120198177832966,0.01609709453817274,0.0037959916677184373
340,0.211154546813727,0.3559489018577181,0.0023723264773376712,0.049621316454970546,0.38090290839624674
341,0.1980315874819002,0.7498905355630111,0.0031771201024618284,0.020724583781631434,0.028176173070995604
342,0.3046737459193869,0.6615393256338985,0.0014426242222678293,0.022313610943295717,0.0100306932811508
343,0.051385284774444144,0.9370328619716847,0.003069903177831823,0.00547508322628379,0.00303686684975557
344,0.019522758860544023,0.9662135125636189,0.008531491383404612,0.003283973253757258,0.002448263938675135
345,0.13322731903366808,0.7930552651778334,0.0011764819268227282,0.06594771533291775,0.006593218528757954
346,0.030401772362624122,0.940321736880483,0.0028226106598921085,0.024608855798042593,0.001845024298958252
347,0.0063277771348690705,0.7635068803736149,0.22442771426901856,0.004188340591721399,0.001549287630776304
348,0.010344109688549218,0.9060998898096349,0.07179185662850392,0.0024382164712299435,0.009325927402081942
349,0.15196984200324423,0.10715270724585643,0.005377597424002866,0.007477658304370415,0.7280221950225261
350,0.3612289550470094,0.5204053081487181,0.0194213981236001,0.025366511215358493,0.07357782746531369
351,0.28686222240157644,0.5416317837080019,0.016811113693022735,0.009754449145367923,0.14494043105203094
352,0.40183852687364807,0.21914986160166552,0.004670161520907919,0.004975844505562119,0.3693656054982163
353,0.221317419681765,0.6910684002708565,0.012041268060000956,0.028063012292406625,0.04750989969497102
354,0.2039536394575746,0.7232977554241833,0.013635187817579454,0.04685764921180107,0.012255768088861382
355,0.029332106765781765,0.9548184776915877,0.0025117875006146428,0.011316934316155393,0.0020206937258605423
356,0.007374516193851415,0.9676337075546433,0.02205289966865832,0.0010891424190931686,0.0018497341637537226
357,0.06660584875470021,0.47703028639669426,0.006939607791079019,0.006824969823177154,0.4425992872343493
358,0.5634282883828918,0.2122397202494712,0.0012721201700725009,0.02480014577667977,0.1982597254208848
359,0.2199156777369492,0.7067566153613842,0.0022967667464774645,0.005996643877545649,0.0650342962776437
360,0.16099774945039855,0.8050229955244371,0.014134626278000719,0.004747089610999621,0.015097539136164285
361,0.021918822124357574,0.9666145224714541,0.0011705892993031123,0.0018069514100700777,0.008489114694815178
362,0.38866512198207004,0.47400788784871123,0.002824699646057412,0.040635390114979755,0.09386690040818138
363,0.029533709718037288,0.9490002210843115,0.01660536427963462,0.0017806036070856016,0.0030801013109311797
364,0.03068570994037536,0.9587033640790283,0.005876783157354824,0.0020050928743017018,0.0027290499489397166
365,0.015118780232140487,0.9627068017448429,0.019208493324067672,0.0013530140792885478,0.0016129106196604984
366,0.008843892483037732,0.9076536763225452,0.07811619061068059,0.0017002894107216212,0.0036859511730147265
367,0.06444108877022771,0.9024216888419471,0.009887667823298219,0.007764332192214378,0.015485222372312677
368,0.015558206804821381,0.8727258806986044,0.10254408678426435,0.00375862710010003,0.005413198612209664
369,0.03139346277559373,0.913049614211666,0.045991424604935875,0.005635447982300815,0.003930050425503443
370,0.00675289654187459,0.9091823000165233,0.07930000481817306,0.0022482164989611982,0.0025165821244677446
371,0.01591681200414903,0.9520640866430091,0.0069745669621655935,0.00189621281930335,0.023148321571373063
372,0.12327661874356136,0.2777606849141436,0.006301626510515941,0.002285258368024796,0.5903758114637544
373,0.05996439200607399,0.8250784220397611,0.048756419642643815,0.0021100917313166966,0.0640906745802045
374,0.03284738879081042,0.9551767371222505,0.009271416813459749,0.000739647402083713,0.0019648098713957968
