epoch,N1,N2,N3,R,W
0,0.003804388513615234,0.00010243953360152078,5.5403338347722426e-30,0.0006205060746428507,0.9954726658781403
1,0.004082384631115883,0.00012454669093206133,9.968082871754131e-07,0.00014910007038813317,0.9956429717992766
2,0.0023990202330054673,0.00020232002733027338,3.994415693036165e-06,8.76394739215653e-05,0.9973070258500497
3,0.0025204168197208313,0.00010752563967912503,1.7689353785625324e-05,8.010510995938817e-05,0.997274263076855
4,0.0044817071009077445,0.00026595162852582503,2.183724454475228e-05,8.51613803093384e-05,0.9951453426457124
5,0.007647245475451748,0.00028128367373932064,6.945837550186956e-06,0.00031654879907327797,0.9917479762141854
6,0.12926624326401187,0.002713729062215083,2.9819235419066518e-05,0.0006979087505810277,0.867292299687773
7,0.08665636618942633,0.0019949535784619847,3.7739186393412124e-05,0.0005648225689008281,0.9107461184768173
8,0.29301386278002023,0.03157508890223389,0.0028604117584007526,0.0007919628451455225,0.6717586737141997
9,0.22495941735138955,0.1677495142492226,0.011902778009916674,0.01838540236517313,0.577002888024298
10,0.22642918179355176,0.21929547002976157,0.012479114662228273,0.26481480139324814,0.2769814321212103
11,0.07365674423664659,0.05827170289255912,0.00010579148093675253,0.6366333866711607,0.23133237471869683
12,0.1746066712636425,0.10483001929951058,0.0024465114741348934,0.2689749171586129,0.44914188080409917
13,0.1315544772367896,0.05954613030668408,0.00023703335128754242,0.23836918838591786,0.5702931707193208
14,0.1468122708505504,0.09142934381386215,0.002605665210887876,0.11077996631330116,0.6483727538113984
15,0.0555873256627612,0.03885428059003311,0.0002873650343832787,0.4604162390971968,0.4448547896156256
16,0.0673388894447245,0.04085321157209924,9.896563772387337e-05,0.41796882372559313,0.4737401096198592
17,0.05022911613834944,0.18549950132050322,0.0008987523152085405,0.49699833141129546,0.2663742988146435
18,0.09267872794959085,0.4043679005495051,0.003946561312175314,0.06572928569801653,0.43327752449071216
19,0.21178000400533822,0.10288594767545309,8.01956901614407e-05,0.40568715106766634,0.2795667015613809
20,0.19093179276654673,0.1831291664515961,0.00016086922990678315,0.40424605290987786,0.22153211864207253
21,0.29415890950910306,0.5447410975219271,0.002625554076700092,0.06391263215418709,0.09456180673808258
22,0.35843981205098907,0.5215929809066908,0.0029948971636128557,0.03991282434156005,0.0770594855371472
23,0.2933075023835102,0.562598048769617,0.012092204752875625,0.044699982198912705,0.08730226189508446
24,0.17137455371223853,0.6879235511229569,0.020737208138190025,0.05668231223048768,0.06328237479612696
25,0.11314343748667653,0.811270436544894,0.04593280241635334,0.002026731436952508,0.02762659211512356
26,0.07957958572220915,0.6217990200404193,0.23599360796160254,0.0019244961853481552,0.06070329009042081
27,0.044097943753260004,0.6483902981559644,0.2696388151247646,0.000558881627374941,0.037314061338636115
28,0.02772017893189384,0.5907178486401986,0.3438036061070622,0.0005740163750636824,0.037184349945781826
29,0.010597979170959759,0.6056469144415256,0.36060331454576694,0.00025433325224431347,0.022897458589503497
30,0.01398857542716511,0.6227243816629319,0.3332068435176538,0.00031538852813034745,0.02976481086411873
31,0.00794623655190826,0.4899820250434312,0.48542858392006727,0.00035132294628301874,0.01629183153831035
32,0.015364901290946446,0.5685008824100356,0.39161530968668246,0.0003662265011756502,0.024152680111159893
33,0.012775351130206312,0.6485087531722583,0.31331655428485644,0.0002922916958069784,0.025107049716871933
34,0.006092937741573119,0.47033481259806015,0.49683678229708167,0.0003561114513902615,0.026379355911894886
35,0.04895340373400199,0.7340503531385293,0.08749297454866113,0.00033379431532466747,0.12916947426348296
36,0.028397023196779142,0.8093953193962493,0.13450584237415217,0.00015649724217419494,0.02754531779064509
37,0.00786350716472252,0.5399717340274586,0.4401865750766004,0.00018338209903895892,0.011794801632179545
38,0.013361100698704713,0.5397271665911232,0.4284401878274898,0.0002334672294949182,0.018238077653187305
39,0.011909176855758529,0.6324589543575194,0.3441854644724752,0.00026035357475453737,0.01118605073949243
40,0.008156008488322174,0.38297927892340206,0.5962972030892509,0.0003416453438596362,0.0122258641551653
41,0.009444867974293215,0.31360054016233924,0.6672914665373593,0.00016656745294088007,0.009496557873067395
42,0.004906795760747698,0.32195058417757655,0.6684824288338871,0.0001470549950986615,0.004513136232690008
43,0.0014951022465088538,0.1648617889935717,0.8310759336349776,8.166294229328319e-05,0.002485512182648677
44,0.003954649480005195,0.30034388313144794,0.6915762809292765,0.00015535980006128964,0.003969826659209067
45,0.0034365454139589544,0.18854473476837502,0.8045357464211198,0.00010678782936357901,0.003376185567182815
46,0.0024305116891867283,0.2061921070893752,0.7857783115496075,0.00010316385408409929,0.005495905817746376
47,0.0023153081953103272,0.2153957829226685,0.7761027591749792,0.00015528541311232553,0.006030864293929664
48,0.0029852978753935554,0.19794083600784493,0.794019357275492,0.0001429266386404369,0.004911582202629044
49,0.033552698049027246,0.5053518637068466,0.3014185209819584,0.0003335711049043018,0.15934334615726342
50,0.18623678980753894,0.7234285492406044,0.0496279433066003,0.0009936148581532807,0.03971310278710284
51,0.03048650607491099,0.63500950699279,0.31740605185958054,0.00012554604439730116,0.0169723890283212
52,0.04814910159560817,0.6011437067290518,0.33286904857005417,0.00023703661550510778,0.017601106489780898
53,0.06990131655993657,0.7897013712074664,0.1199314689622073,0.0005537335425537614,0.019912109727835983
54,0.030046226582554042,0.7957834582702672,0.15978256368145952,0.0004987703439335537,0.013888981121785795
55,0.02048800934141122,0.6767855595121579,0.28922409729089965,0.00039115972679100154,0.013111174128740317
56,0.010967083786370506,0.41171901607360023,0.5667668313339169,0.00038860301870126185,0.010158465787411064
57,0.02617904298242656,0.8296133558080441,0.12935057607760694,0.0007852011706010375,0.014071823961321405
58,0.01325855377603755,0.5231941316699305,0.44452955744539396,0.0005759361343925038,0.018441820974245557
59,0.04725977898350823,0.8096011713629685,0.12225456543430292,0.0012449882581563986,0.01963949596106412
60,0.03677818589058886,0.7745655935721074,0.17457104954274713,0.0007307360813917106,0.013354434913164804
61,0.03485954645990726,0.8139412625114144,0.1300726068540273,0.00047200703497751246,0.020654577139673586
62,0.03385577176406346,0.7245219139523412,0.22985406033596903,0.00017823951293706756,0.01159001443468929
63,0.08057913245188456,0.899465594879174,0.011443185694546672,0.0005010624975349016,0.008011024476859734
64,0.008092997190947537,0.5397564774933644,0.44654575138526925,0.00011905418819532158,0.005485719742223311
65,0.007594665960484393,0.4004032375548068,0.5889924925013746,0.0003262177605672901,0.002683386222766739
66,0.004105584803966482,0.3468129313092709,0.6457565631542184,0.00025091351296695853,0.0030740072195773616
67,0.011205476763975123,0.5736565455192412,0.40918266059346814,0.000552570121170308,0.0054027470021452174
68,0.009144354261445702,0.5028175278884185,0.4837987872089194,0.0003593167749283788,0.00388001386628806
69,0.004533228839803576,0.2708651001706401,0.721786397681832,0.0001638765759115721,0.002651396731812687
70,0.002378159686966893,0.24225793109497729,0.7537244930493767,6.47897178304968e-05,0.0015746264508485902
71,0.002182523691446993,0.18359831918303576,0.8124471720342645,8.791834987422217e-05,0.0016840667413785008
72,0.003685423749588396,0.26651149680899466,0.7260614464784769,0.0001417727839608905,0.0035998601789792423
73,0.000878567435466396,0.11719902896453173,0.881072733137908,2.731409388582319e-05,0.0008223563682079461
74,0.0018788498639104054,0.22330705372196702,0.771832287665268,0.000122975360975435,0.0028588333878792607
75,0.0008960564222139322,0.10717174950377402,0.889624617413635,5.8574133598282744e-05,0.0022490025267786562
76,0.0003605896885618055,0.06904463606975775,0.9291385513621305,7.384718572602309e-05,0.0013823756938240923
77,0.0015178781258307818,0.1402318417175739,0.8553613700332712,0.00026837943033509017,0.002620530692989062
78,0.004701470415674198,0.2550108326389504,0.7356963755035067,0.00034968705340414363,0.004241634388464429
79,0.0020575301412223755,0.31582549738349563,0.6783035324703659,0.00016480543743093768,0.003648634567485156
80,0.002940361089319288,0.4619146872262436,0.5318958896557898,0.0001365363015107895,0.0031125257271366696
81,0.0012626141190728985,0.1790752117054669,0.8185457940585324,5.408295490776855e-05,0.001062297162020057
82,0.0011326893988000564,0.17844890375252537,0.818796908170045,7.33805468858506e-05,0.0015481181317436152
83,0.00037806311020323395,0.1047047583689779,0.8938052595573812,4.460078573976495e-05,0.0010673181776979445
84,0.0009811906236148855,0.1954409986526714,0.8015998431226612,0.00011553004615048026,0.0018624375549017873
85,0.0004713944723660361,0.11227799092991156,0.8857545662448065,4.410978434651214e-05,0.0014519385685693989
86,0.0005320143756974964,0.08577584108471213,0.9117821041531629,5.50632035314519e-05,0.0018549771828961104
87,0.0007424745294847523,0.1559070673885292,0.841577653020716,7.230543751970748e-05,0.001700499623750416
88,0.00019114645917867344,0.0548591481380326,0.9440268627956963,1.668165462534431e-05,0.0009061609524672734
89,0.0006050456872036323,0.10622224817660725,0.8911784345510033,5.561069837724787e-05,0.001938660886808527
90,0.0009333528437387345,0.18507094918322803,0.8119608376033125,6.675907504687903e-05,0.0019681012946738516
91,0.0012617097598087643,0.21191313532282954,0.7841373633736536,0.00016460520899142374,0.0025231863347167254
92,0.0007779389421819032,0.16369567835122356,0.8338727350733429,4.9351699245423976e-05,0.0016042959340061623
93,0.00036863184378467767,0.059122647532732386,0.9392718787030219,2.20680470920651e-05,0.0012147738733690003
94,0.0005519019808137641,0.10538889322735406,0.8922294285676262,5.156316070862391e-05,0.0017782130634973053
95,0.0004227057440410393,0.10415669501361302,0.8933769404966903,7.148584891677075e-05,0.001972172896738823
96,0.0008216879398201133,0.15679295353523257,0.8392620087391988,0.00013486457209777646,0.0029884852136508894
97,0.0003895137984612927,0.12261727566505672,0.8742308841789508,6.786142987729761e-05,0.002694464927653792
98,0.0003560461537552105,0.08675107879039429,0.9114569546297742,5.34450508316414e-05,0.0013824753752445715
99,7.79429251819028e-05,0.03887320905669378,0.960421962952708,1.4839097555044333e-05,0.0006120459678613442
100,0.0003676582452358724,0.08575096107716865,0.9125248871009733,5.5434797367185806e-05,0.0013010587792550057
101,0.000183102479628641,0.08870651653145634,0.910022582748218,1.6298461499211735e-05,0.0010714997791978669
102,0.0005655902725213162,0.08937866820753566,0.907701276599995,9.365557690700536e-05,0.0022608093430410976
103,0.0003014327077927131,0.0953248953971627,0.9014779847374901,5.3245078159496e-05,0.0028424420793947656
104,0.0002965584068369884,0.08858418590506047,0.9091287287528262,5.0356091543390446e-05,0.0019401708437329238
105,0.00028897261016674794,0.0987295120426298,0.8980323317172294,5.433550490576045e-05,0.0028948481250681735
106,0.000262461140999956,0.0819251765657909,0.9139356651778048,3.377456394884177e-05,0.003842922551455426
107,0.0013432916885832995,0.24610471391115443,0.7435924256258659,0.000173895784870908,0.008785672989525458
108,0.00025760822876941914,0.10991596859221515,0.8875588313512093,6.74807542295065e-05,0.002200111073576605
109,0.0006832432814148726,0.12759661162900354,0.8698852661730646,7.738571596358096e-05,0.0017574932005534525
110,0.0009666842187907279,0.12362059790807053,0.8705603849742324,0.0001427120713249199,0.004709620827581246
111,0.00033362542345560233,0.13191367492257056,0.8654400502540112,7.597465683325551e-05,0.0022366747431292774
112,0.0009108271942413769,0.12390987890665368,0.8728477286745697,0.00015152171543217748,0.002180043509103059
113,0.0014631085259742375,0.1419616709585103,0.8522140979931193,0.00032026939366341516,0.0040408531287328235
114,0.0004930906735274879,0.06694838301760599,0.9303915864286246,0.0001178439337756956,0.0020490959464661562
115,0.00043970206944526766,0.08485747639635474,0.9122367634625039,0.00010159132337361938,0.002364466748322674
116,0.0003574457950367683,0.12876105709863925,0.8682613060503561,0.00010991991732232594,0.002510271138645451
117,0.00205060214927776,0.21511653208334106,0.7779791744872508,0.00021905587927022866,0.004634635400860175
118,0.006961992585889055,0.2724744886386333,0.7101734526777861,0.0002540126231661456,0.010136053474525383
119,0.0002187901050804109,0.08629672277635876,0.9106075170909871,6.986116419564673e-05,0.002807108863377992
120,0.0005271768344397272,0.10326457720274496,0.8912190825263994,0.00013989462138487278,0.004849268815031102
121,0.0009129312000812568,0.10596442517351241,0.8896396719995198,0.00020715556908845905,0.003275816057798278
122,0.0006217558131732973,0.10979096598703152,0.8865804970678868,0.00016516635417291117,0.0028416147777355094
123,0.003334769042541313,0.1826749834622355,0.8091997782234747,0.0004412703546180302,0.004349198917130309
124,0.0020360490432666076,0.12615837186051224,0.8683780312507606,0.00032762069420174235,0.0030999271512585627
125,0.002073979990341503,0.23966393822448023,0.7519671191376329,0.0008547143631680391,0.005440248284377206
126,0.0021052429368562872,0.22615342653515705,0.765016758379289,0.0010337107904166021,0.00569086135828115
127,0.0323465759698731,0.436039941850364,0.5030884194151554,0.00503524972199156,0.023489813042616003
128,0.003937624991389259,0.3123938577904639,0.6710472047475311,0.002411637287365583,0.01020967518325024
129,0.004893388111279747,0.16694917150871527,0.814281173463567,0.0027775802780162823,0.01109868663842169
130,0.11962408378710268,0.04238491774331285,0.018708656465631673,0.0231587205386559,0.7961236214652969
131,0.13793453772633488,0.45255366152826165,0.25554728034655244,0.06531094235381993,0.08865357804503121
132,0.46008032103763025,0.2985488285527892,0.03687701618540171,0.030234468537593397,0.17425936568658534
133,0.14758444498232717,0.5194910002863018,0.2801062189672367,0.012399166764398693,0.04041916899973564
134,0.021830613148356146,0.5988544247429581,0.30166968874618316,0.029057485706757424,0.0485877876557453
135,0.07094961542167723,0.5660787631719987,0.19379480655048223,0.03531595992750863,0.13386085492833333
136,0.014517536694569155,0.351288453728943,0.5223755232817914,0.017040019046906357,0.09477846724779011
137,0.009678106739379858,0.2728284671702807,0.6727006833228959,0.007392625265798659,0.037400117501644944
138,0.03491694741014922,0.05007129162954449,0.010718219667629009,0.012613039169929074,0.8916805021227482
139,0.011976149475398839,0.011064944481003198,0.0012100632900043224,0.009371772413854689,0.966377070339739
140,0.04403130287329548,0.01221528645398686,0.0019471434406836702,0.01565511775358256,0.9261511494784513
141,0.12873292153753918,0.22867672710671688,0.0029817531404196817,0.05259971711044577,0.5870088811048784
142,0.2420275771624201,0.2674552972959977,0.0035277248481802026,0.019090213932613596,0.4678991867607884
143,0.19609000806080013,0.5229210705535773,0.013108597455207609,0.036411954908848396,0.23146836902156656
144,0.05406849287459129,0.7691833602527041,0.02680726728433683,0.02520003831937556,0.12474084126899206
145,0.24134535652306036,0.22529971815030206,0.019803103806650065,0.010663910382040597,0.502887911137947
146,0.12100931096976857,0.7823832458395801,0.03472402775999119,0.016081549186419557,0.04580186624424053
147,0.07834304928274455,0.8309078688105992,0.06744609105972386,0.00735680736356869,0.015946183483363907
148,0.06099710831809752,0.6854100498791911,0.2341704537398333,0.004701153562855352,0.014721234500022806
149,0.00835895902071724,0.8532248849306759,0.1335531213037011,0.0012804430523984034,0.0035825916925075808
150,0.03494965677064814,0.6123187030587406,0.2984049398401111,0.000981194902162793,0.053345505428337284
151,0.060883300592315406,0.6977868136486826,0.22542038175118823,0.0015573012539927163,0.014352202753821037
152,0.07981882743880064,0.878521042180259,0.03443208305684581,0.0014155879408138006,0.005812459383280496
153,0.06158960812602071,0.8491189882444725,0.08096505738112277,0.001681853841278753,0.006644492407105321
154,0.02598362535046957,0.8775188414256959,0.09119960817644182,0.0018990443057073567,0.0033988807416854006
155,0.016936177482526255,0.7477456855610275,0.23002809996138135,0.0020163427558979406,0.0032736942391669768
156,0.01233243631607059,0.7609167607718618,0.2204844533009315,0.0029964448470214972,0.0032699047641148323
157,0.007047320275512815,0.5168354928878128,0.47120235790188914,0.0016368701636964391,0.0032779587710887455
158,0.009195983436592932,0.8302416241228229,0.15557603582070914,0.0012025728695055304,0.003783783750369367
159,0.009974083587790597,0.5298195469173679,0.45520240087640995,0.0018732556327983787,0.003130712985633256
160,0.0029427188431526063,0.42607348244268856,0.5678310255948356,0.0013072058227510902,0.0018455672965721544
161,0.0030080996720464608,0.41703241687619425,0.574752416063314,0.0013036928563422716,0.0039033745321030676
162,0.01045831993673001,0.6536924202739575,0.3275645072190944,0.004139366442179275,0.00414538612803883
163,0.01784355869150644,0.6729281733035162,0.2873571197035649,0.0034645895915835744,0.018406558709828942
164,0.10502366952233122,0.6292701894000181,0.06372845423050602,0.003344210497895841,0.1986334763492488
165,0.032270264384553986,0.7704567518402561,0.18946057666569416,0.0015033179689247808,0.006309089140570841
166,0.07738600702179294,0.7732264596691966,0.12792212314372586,0.0020323256471581454,0.01943308451812641
167,0.03130714454978381,0.5990391888016288,0.3621680420501093,0.0008347963394248266,0.0066508282590533605
168,0.011827646634088959,0.6677712167705206,0.31133198027802866,0.0013236650015431858,0.007745491315818683
169,0.003018922322488741,0.42618606003998144,0.5670832669011185,0.0006560890087193024,0.003055661727692039
170,0.0023127425083187838,0.37337209398572346,0.6201526598237792,0.000681087594528409,0.003481416087650161
171,0.002247335488371431,0.40463301144215175,0.5885149326097424,0.0009340597146197558,0.0036706607451147026
172,0.007480424865742178,0.5657768964660659,0.41821946702103807,0.0021908552462082905,0.006332356400945487
173,0.37408961297204973,0.4488557485083465,0.05705989492832951,0.005361668133404149,0.11463307545787013
174,0.0339768862880477,0.7938438536368698,0.16060513412129462,0.002842200119937721,0.00873192583385003
175,0.02476232628700103,0.7531584829665774,0.21252146295764654,0.002240398678581591,0.007317329110193407
176,0.025009371839132214,0.7112514561225491,0.24817058872211112,0.003029302236949126,0.01253928107925857
177,0.01452122980156502,0.8392048951569672,0.13854130149302224,0.002635037826601482,0.005097535721843989
178,0.023767800309469362,0.6686593759587505,0.2687567057359594,0.0018629619552036191,0.03695315604061703
179,0.1816085444877799,0.3839797559894142,0.2488078425138315,0.002918576495662223,0.18268528051331223
180,0.09791528343524138,0.6250632158707612,0.06070458930142364,0.0032047188058876106,0.21311219258668615
181,0.07852014556073864,0.8725688629784293,0.02886679876733744,0.003352757615619206,0.016691435077875377
182,0.023520854452383236,0.5690851886654171,0.38883561665789756,0.0013078223421211536,0.01725051788218106
183,0.016128746776015356,0.960815392806446,0.018436286390455497,0.0012286709013597317,0.0033909031257233673
184,0.009228000073766323,0.7939478117306643,0.19123133568618716,0.0013579472678314258,0.0042349052415507835
185,0.008526303401657196,0.5422442902459234,0.4426923387600045,0.0027673496197018832,0.0037697179727129554
186,0.007496634114592992,0.48762428379147943,0.4930613439236882,0.0011194674749420482,0.01069827069529734
187,0.09827395099539772,0.7855145117291584,0.0698210825339129,0.0027066911100407207,0.0436837636314904
188,0.01842366805644181,0.6990806053469815,0.27683526904570893,0.001571332236864368,0.004089125314003536
189,0.025558053336068115,0.6280977599735698,0.33905757860316543,0.001407596372913798,0.005879011714282757
190,0.027494646339939397,0.8351551786519393,0.13097015165294246,0.001841305787085992,0.004538717568092936
191,0.007749802673934128,0.4895545157603364,0.4969503896109443,0.0028342827506744254,0.0029110092041108675
192,0.072739959326015,0.7554328771670514,0.15395486690530572,0.004741837935207616,0.013130458666420257
193,0.03111561670733412,0.6843695472928973,0.2751028309350526,0.005532636140518875,0.0038793689241970524
194,0.01275117479654497,0.7337202950885573,0.24618641706737424,0.0036868350693160115,0.003655277978207502
195,0.010408799086233834,0.9443684972281151,0.03973477105318203,0.0029014504993136333,0.0025864821331552466
196,0.005665307406866764,0.3436430285119868,0.6463293300173024,0.002658129043473499,0.0017042050203704459
197,0.0063949601188048825,0.687775794947159,0.30121272021989465,0.0023266178792953483,0.002289906834846217
198,0.013403911506103173,0.5758347005016248,0.4010301085026254,0.006849249884401261,0.002882029605245327
199,0.015725228283710764,0.7262083780327765,0.24527086126696596,0.008761059758954144,0.004034472657592733
200,0.0038817219173418716,0.31663837795931093,0.6703016165241666,0.006525954703378461,0.0026523288958020495
201,0.006635346164313333,0.3865698335154156,0.5922679520709443,0.009949331386277621,0.004577536863049146
202,0.0046498709968681665,0.6021191607698266,0.37265576668807654,0.017729549744154586,0.0028456518010739717
203,0.014903239719547651,0.7649335414211192,0.14479001540959258,0.0475211729296323,0.02785203052010808
204,0.04466694333372598,0.7550136323308011,0.0029383226021668374,0.13643385188518609,0.060947249848120104
205,0.03953327026284525,0.2290226170260482,0.0002135703837332415,0.6869843420377949,0.04424620028957852
206,0.13833516371484222,0.047151348478840345,3.2821816254361475e-05,0.790617211868613,0.023863454121450047
207,0.25059141910092375,0.048896055803602664,4.326951552190057e-05,0.6472161631130537,0.053253092466897786
208,0.1345686417283436,0.03302812818459223,2.3983647804889074e-05,0.8003720606619065,0.032007185777352794
209,0.09895011719340054,0.014140981672795214,3.2604040097436684e-05,0.8475351030380329,0.03934119405567403
210,0.07045196637985135,0.009959973321962532,1.685738913676019e-05,0.8930604136774902,0.02651078923155908
211,0.1076693810547582,0.008168831041920638,1.8246199080571718e-05,0.8475359566776797,0.036607585026560786
212,0.047407602407543194,0.014849245693578091,3.064060235727732e-05,0.8684349793112307,0.06927753198529073
213,0.16172753519385316,0.021132365767806232,3.305976075245553e-05,0.7230128180406864,0.09409422123690181
214,0.24973735692840612,0.016590181379956565,2.1464171376790312e-05,0.6778300677717899,0.05582092974847065
215,0.15250239753550135,0.017175298085360734,1.966714090124094e-05,0.7704204809330835,0.05988215630515317
216,0.08620070677843795,0.012562922639320157,2.3312399445240336e-05,0.4049547253993513,0.4962583327834454
217,0.02373739015933171,0.00443173491292472,0.00011215982577440458,0.07361302774335264,0.8981056873586165
218,0.5054127247147001,0.006247469774116371,3.368869788998481e-05,0.18514101219809367,0.30316510461519985
219,0.1049500642609876,0.006027004739114052,2.9715744663444886e-05,0.11637457003381496,0.7726186452214199
220,0.5226266016593892,0.006188998222126467,1.918657120553809e-05,0.11861477387172653,0.3525504396755522
221,0.3903288913582971,0.006257980734249751,3.5335431740197493e-05,0.1572631711801456,0.44611462129556734
222,0.4455956120732591,0.007939346415291336,3.623984940155114e-05,0.2163793589110229,0.3300494427510252
223,0.3799828374259213,0.0069649329181757,3.5327050830512e-05,0.4693845929387734,0.14363230966629917
224,0.1373478677393223,0.016622650919043906,6.316897357436951e-05,0.6727408505314203,0.17322546183663903
225,0.15846958278096815,0.008901490556713996,3.4102036568081265e-05,0.7472061895229799,0.08538863510276988
226,0.0243028080369011,0.028986729095431773,8.396135509809106e-05,0.2591492705423327,0.6874772309702363
227,0.2618676282802965,0.029518990581797782,2.7963156620320672e-05,0.39597456693471134,0.31261085104657405
228,0.32825646558612226,0.00648444772252542,1.729728933231873e-05,0.13632619712215216,0.528915592279868
229,0.07213477843632031,0.005903890737640152,2.0319257505267614e-05,0.13340045518794172,0.7885405563805926
230,0.27752599525581567,0.006228326436009326,4.714478238553118e-05,0.2995330488096032,0.41666548471618614
231,0.18428292025879783,0.012299063121729474,7.415447995389147e-05,0.6429950899143243,0.16034877222519459
232,0.13731497138156756,0.007839502707229613,2.286795326285207e-05,0.7805684353063713,0.07425422265156863
233,0.07979695923432728,0.013311575002468195,2.991911575260688e-05,0.8544368283858577,0.052424718261594117
234,0.042637760191872216,0.011422736690518877,6.441717726796337e-05,0.8377424195657149,0.10813266637462607
235,0.09849107690511995,0.016613287853130074,4.3867129613538874e-05,0.8465281516307644,0.03832361648137181
236,0.14340036213373394,0.006815140795238461,3.9014328498182116e-05,0.8160843294574294,0.03366115328510018
237,0.043688852883738485,0.003623221143083346,3.18460894542368e-05,0.9371118243746741,0.015544255509049885
238,0.10149349521725291,0.005336747135496447,3.781562082897626e-05,0.8429319484254356,0.050199993600985954
239,0.053670335028840714,0.004983748851194366,3.2289849544861924e-05,0.9081162774939269,0.03319734877649309
240,0.07426706415459214,0.005128124988479887,3.120595827240737e-05,0.8519666481287596,0.06860695676989582
241,0.2767416945005248,0.013936988608987448,0.00010737102631815923,0.5932034453551358,0.11601050050903382
242,0.2211604081836088,0.010807676999481403,0.00010748114020728786,0.648517761766588,0.1194066719101144
243,0.3525134406793807,0.01098777846001104,0.00010891725036130469,0.4682400428733517,0.16814982073689538
244,0.3173308787458164,0.006432103715878118,7.142566852940978e-05,0.39902013032714617,0.27714546154262987
245,0.2623970894187943,0.0073845812610544405,6.648476437983496e-05,0.30730632571096694,0.42284551884480454
246,0.33744517445379824,0.0039422374456516175,4.8357799812605866e-05,0.22776613870792276,0.43079809159281474
247,0.46274935852940885,0.008913773772799961,8.409418492879154e-05,0.17858134258483663,0.3496714309280258
248,0.30622119415168225,0.01014290598791156,9.886118536103194e-05,0.27239449611383904,0.41114254256120614
249,0.23499560380342752,0.012172522275296884,0.0001279090996732532,0.6005618513166358,0.15214211350496673
250,0.15973389840413407,0.006811979698514721,8.726430799921084e-05,0.7414069545738345,0.09195990301551753
251,0.04160758720705163,0.003763807005638544,2.9973149397133752e-05,0.9347730901179575,0.019825542519955233
252,0.03561749777353507,0.003572801991336425,3.451256678894696e-05,0.9456639031647694,0.015111284503570138
253,0.14669099000491617,0.013964641695576364,7.623259432661208e-05,0.6907149646303152,0.1485531710748657
254,0.22562339756849817,0.011478245391145468,5.837207351394456e-05,0.7198299252190298,0.043010059747812655
255,0.23470991619362291,0.01537527744413771,6.961207913184033e-05,0.6914638856150681,0.05838130866803938
256,0.36831220235823053,0.011205319412082063,0.00010732142293291373,0.5253089862428721,0.09506617056388243
257,0.2418732911997334,0.008501289125702506,0.00012134371023038108,0.6505293233478397,0.09897475261649394
258,0.12418756704764383,0.011935974354940588,8.628045176167567e-05,0.7315144509682951,0.13227572717735867
259,0.13826038572415963,0.013110421801686856,8.267474962046878e-05,0.7624228381654743,0.08612367955905863
260,0.17348899195835069,0.006724672386904962,7.962929055232799e-05,0.6763874919042833,0.14331921445990883
261,0.24793382421715082,0.00864070287078331,7.771497643388262e-05,0.5783333845782457,0.16501437335738628
262,0.2029643542134221,0.007363970796511743,7.644040071186597e-05,0.6874932631743527,0.10210197141500171
263,0.1947338432002364,0.003993953818634758,5.739300073346531e-05,0.6591779976617074,0.14203681231868812
264,0.2831288330315556,0.016455503526782496,9.566575520972633e-05,0.6533835061528522,0.046936491533599974
265,0.17510307007848128,0.006980025193665261,6.448960439813096e-05,0.755330119063739,0.06252229605971629
266,0.09672660489227708,0.004567221766089367,4.2502615222647e-05,0.8618916636682766,0.03677200705813423
267,0.07268831857257486,0.004435904649669497,5.7512089053372865e-05,0.8744718350125021,0.04834642967620011
268,0.07560090373129759,0.00420109414737499,3.716206502803139e-05,0.8853704720830928,0.03479036797320665
269,0.07974467674322794,0.007321054471573698,3.245770121249213e-05,0.8907944324749647,0.022107378609021334
270,0.20029866751858547,0.01980432773064368,5.9178372787424385e-05,0.7300103375934197,0.04982748878456382
271,0.17360899815307354,0.01790267540090924,0.00012314795045886866,0.7263106558979907,0.0820545225975676
272,0.2971002069104301,0.00957676133690121,7.200942716629006e-05,0.6321862463500016,0.061064775975500696
273,0.32868989816068894,0.010607929624478325,0.00010604674065889485,0.5844153557158893,0.07618076975828442
274,0.10846053908411875,0.013901578052331198,6.647148924574227e-05,0.7790069395402032,0.09856447183410103
275,0.1494568945268355,0.018150286166040995,9.579507740823644e-05,0.6376781675502258,0.19461885667948947
276,0.1887301257092948,0.009105819319367901,4.493051092384087e-05,0.2601502236341899,0.5419689008262235
277,0.367558153461866,0.011021031343703684,0.00011255685505949302,0.4839537125868854,0.1373545457524854
278,0.4700124871211512,0.011383826823985886,6.847564344002546e-05,0.44338322693926646,0.07515198347215643
279,0.30002912812857424,0.0060318035026193624,5.9026045087932154e-05,0.6203018035494959,0.07357823877422247
280,0.11490758990090068,0.00903208193976007,4.082735474983591e-05,0.8366069882217306,0.03941251258285864
281,0.08408084178913103,0.012774729254543853,4.408042432582762e-05,0.8746435524555601,0.02845679607643926
282,0.08620950766214848,0.008244186972374301,4.970672911246546e-05,0.8798585938268236,0.025638004809541086
283,0.05208638753754331,0.0040032542614463484,2.3736374224491535e-05,0.9334128096187131,0.010473812208072713
284,0.024440452129372115,0.004563132274554134,2.5181765874608397e-05,0.9660570410361227,0.004914192794076508
285,0.02790718201866722,0.002592883867097228,2.4387210205814918e-05,0.9630607768026392,0.00641477010139052
286,0.03562715309971692,0.0038071213499614406,2.864855234270916e-05,0.943005320961812,0.017531756036167113
287,0.03913867025675128,0.007719248873718797,2.0987031961441913e-05,0.9401948383424742,0.012926255495094253
288,0.042787534782943185,0.009932532757628659,3.3692913605292034e-05,0.9279834265818737,0.019262812963949178
289,0.06181430120647996,0.008131747191639593,4.270354700263168e-05,0.9011981214208074,0.028813126634070436
290,0.07431606448950137,0.006174332238796061,4.5184040115283856e-05,0.8804352187000987,0.039029200531488444
291,0.07472864248657658,0.007779659269613137,2.4701344708749327e-05,0.9067213802662187,0.01074561663288276
292,0.15149885825358136,0.0072242041236118505,3.953513497267926e-05,0.8301772777306778,0.011060124757156228
293,0.1554385795306553,0.010631282207834781,5.190603078878384e-05,0.8173697524885348,0.01650847974218627
294,0.11063609606935763,0.011592855775253695,2.7561260193991044e-05,0.8587484247319274,0.018995062163267348
295,0.2299342153518358,0.011220031455760057,3.143719399958986e-05,0.7327891305493996,0.026025185449004912
296,0.16809916681288636,0.01263425284864883,3.567819595945843e-05,0.8011951939777734,0.01803570816473197
297,0.21501758955960296,0.018145323910869388,4.097570538044672e-05,0.748856478029532,0.017939632794615117
298,0.15859307751182197,0.011559490741814435,3.909137618977312e-05,0.8039339566518591,0.025874383718314752
299,0.07017792268554555,0.010885826249480247,9.425448281285114e-05,0.8341482443479653,0.08469375223419605
300,0.07611096862401127,0.004301908827231814,1.4273749587553687e-05,0.8761198487955842,0.04345300000358515
301,0.2312893769850868,0.006833717310720962,1.70748672019785e-05,0.7131301007169275,0.048729730120062674
302,0.24168507217372087,0.005996630313221937,1.5723774025259202e-05,0.7342851652401379,0.018017408498894032
303,0.1699095671051138,0.01832144764789078,5.027360475447448e-05,0.7979155837638133,0.013803127878427518
304,0.15356387591684756,0.02097154721777672,3.287619666976043e-05,0.8162678840816894,0.00916381658701658
305,0.07464729422001438,0.013934274716312062,2.7298190677430732e-05,0.9033707734203448,0.008020359452651346
306,0.030015436871199293,0.018224764260468776,2.9601717182790765e-05,0.9473172016094192,0.0044129955417298436
307,0.05675759615118233,0.010174387097803215,2.5155734474540888e-05,0.9238655803538068,0.009177280662733229
308,0.10310547734432418,0.02560539953984873,4.305302957581307e-05,0.8571094112532287,0.014136658833022536
309,0.13944641908312774,0.30449014122798207,0.00011409564185805362,0.538003959578356,0.017945384468676093
310,0.0864396696916756,0.6990889344962594,0.0009552956622326688,0.19763335300209495,0.015882747147737266
311,0.13835068244444568,0.2981395359894176,0.00015356966037422426,0.5470447830197235,0.016311428886038988
312,0.13201377158856253,0.29317279673546126,0.0004421502228444764,0.556612412014044,0.01775886943908787
313,0.13668867076491395,0.4944803405360806,0.003484988178642734,0.32388949515685417,0.041456505363508596
314,0.22530098467257503,0.5887242036879138,0.0029544106062595337,0.16666458259007333,0.016355818443178398
315,0.22506343753539165,0.6313584213741283,0.007371697258387783,0.11621248653217515,0.01999395729991704
316,0.15834915246238895,0.6155807962081851,0.00503904400659389,0.1963084816354254,0.02472252568740673
317,0.1432018349631928,0.6766762316260592,0.0033027430274096773,0.1601725933195519,0.016646597063786444
318,0.0683344936514374,0.7750922134651128,0.004446386489649574,0.04846411489165161,0.10366279150214876
319,0.127444441277591,0.7340607446028194,0.0306469864685058,0.07345660657931051,0.034391221071773295
320,0.10234096924817199,0.8396269873014885,0.009288541666549117,0.038884420430975376,0.00985908135281508
321,0.0622411837222623,0.9095601963897813,0.004466850277136638,0.018227643754376428,0.005504125856443355
322,0.05075804816986194,0.8947145189441674,0.010063755022332407,0.019267380606814197,0.0251962972568239
323,0.02845177205083004,0.8454869303875051,0.11276775618527113,0.006476010979172653,0.006817530397221095
324,0.06563965451905503,0.8835833845125434,0.030838084794452242,0.01183694208825993,0.008101934085689405
325,0.04137381831211841,0.9302939037979627,0.01697204408200799,0.0072375616190607376,0.0041226721888502505
326,0.018931643421095937,0.9381995351545238,0.02502936169115352,0.004557618294218141,0.013281841439008523
327,0.03347672881905053,0.9043007797347699,0.030275172376476586,0.006002087305264596,0.025945231764438362
328,0.048184313446162745,0.9049215870081196,0.030663218003288955,0.0049834672069027156,0.011247414335525825
329,0.07669108146801935,0.7766455792264383,0.13170040312556566,0.003969488914752447,0.010993447265224162
330,0.3089892743587079,0.2440061433950753,0.059206485586194096,0.02603897631391083,0.36175912034611185
331,0.09529031239470862,0.8762859228737275,0.008898448103212163,0.012651742143799969,0.006873574484551798
332,0.039408435824537076,0.9267372362412908,0.025251049517205977,0.004144284045708839,0.0044589943712573235
333,0.15137585677673188,0.8119856183731142,0.018677888520572717,0.010971481856288602,0.00698915447329265
334,0.04752126197191745,0.8183776969581695,0.12659061396526294,0.004431744617629876,0.0030786824870200668
335,0.02946242855488889,0.9053320687427576,0.05859618647257986,0.004056628624874683,0.002552687604898759
336,0.04278252350345782,0.8612823131864213,0.0812171180484523,0.0051247648039084975,0.009593280457759895
337,0.027513157331738092,0.8261708439514839,0.13869530187660528,0.0023248687856811463,0.005295828054491713
338,0.014183698530472778,0.8698766797155288,0.10862683220565696,0.0017443690230689026,0.005568420525272489
339,0.00872269722558139,0.6656082171033894,0.3222854255056541,0.0011147815110314457,0.002268878654343697
340,0.015688592147914793,0.8748730112766436,0.09739382605174886,0.001065262963792764,0.010979307559900056
341,0.0029745844005284044,0.5851369956989305,0.4079590089963207,0.0007222521198933299,0.0032071587843270485
342,0.02188358228944619,0.8949353552183607,0.06495557328632559,0.002154997706195505,0.016070491499672147
343,0.010839970074288606,0.6977744783917317,0.2858011688331732,0.0026412184399637133,0.002943164260842768
344,0.010412096983128337,0.8354703662754781,0.13882459230431357,0.00350274162852136,0.011790202808558784
345,0.018763559805537157,0.7172096904757084,0.2554171127509848,0.0037565873431511933,0.004853049624618477
346,0.005554094849379245,0.768095974760368,0.21853686081626017,0.0021515075313625104,0.005661562042630212
347,0.0037411344998667315,0.6592013892874197,0.32916047734677384,0.0012432383443667279,0.006653760521573155
348,0.004360764436159044,0.4118299133486827,0.5815546119967004,0.0008607197459044106,0.0013939904725534151
349,0.0026057353940459735,0.4373006100795224,0.555200509639948,0.00109371721802716,0.0037994276684563616
350,0.006736437039597814,0.459317766580689,0.5295829734779076,0.0011550986426104198,0.0032077242591951206
351,0.003875619736338638,0.4372690433670035,0.5553210079267719,0.0009030923252643135,0.0026312366446217235
352,0.004771701965792891,0.45333778257503954,0.5367042659989295,0.0011683735281499364,0.004017875932088134
353,0.004119942343163171,0.38899683879948593,0.6017915933342693,0.000895687927216423,0.00419593759586511
354,0.0026352374294414164,0.4279186758124877,0.5664850925673601,0.0007947884414432193,0.0021662057492674103
355,0.001545100897821839,0.14108800942987665,0.8562284247307536,0.0002635748580247557,0.0008748900835233442
356,0.0016641289777824214,0.44516639635802896,0.5498888224317431,0.0009378287100669728,0.002342823522378489
357,0.0042896752393465805,0.501158184450708,0.4907821943612372,0.001143914072739455,0.002626031875968836
358,0.01028320160075824,0.719141953598212,0.259855642416336,0.0017087393221083662,0.00901046306258538
359,0.005664234420923995,0.4774292907560381,0.5139344897842102,0.0004939327308413845,0.002478052307986407
360,0.003529322052017032,0.33094833732739504,0.6625995008107438,0.0004591644806739431,0.0024636753291699524
361,0.0017282756675177087,0.33816974739917227,0.6577137281623284,0.000383625819609969,0.0020046229513716097
362,0.00221588593152296,0.2953255149365365,0.7001020457363851,0.0005046857396462536,0.0018518676559091084
363,0.0049293353525669565,0.46755202711424254,0.5174228338315393,0.0027678100655968356,0.007327993636054319
364,0.0017801588740728113,0.23271501325624344,0.762080090979695,0.0012034974085212682,0.002221239481467385
365,0.0033511658938558,0.253997415851556,0.7396439055027264,0.0009717800035611191,0.002035732748300841
366,0.002115029268082873,0.32215784689601396,0.6727619231318697,0.0005602497530508266,0.0024049509509828267
367,0.0020731413304474686,0.3438898765705048,0.6506585730560465,0.0006065528744362008,0.0027718561685650643
368,0.0016518074575287349,0.20119669622682804,0.7931967551667235,0.0006502088719291752,0.003304532276990517
369,0.0013472974892756793,0.2944581944500525,0.7017948035703974,0.0006342941997880064,0.0017654102904864025
370,0.001555248893068079,0.21223909346634193,0.7838099988103369,0.0006401144515789982,0.001755544378674139
371,0.0019109329184825176,0.24520249127303534,0.7510903068391294,0.0003736808824749012,0.001422588086877831
372,0.004406094758225059,0.4026421542875168,0.5868735096919403,0.0016510317404419442,0.004427209521875897
373,0.0022701147959040793,0.2248080815766615,0.7701456009517119,0.0006657593540811882,0.002110443321641347
374,0.0008713207983674437,0.12816774869013292,0.869602223616515,0.00028604275222180326,0.0010726641427630022
375,0.0021540324559699807,0.26827947391313406,0.7272590002138045,0.0005300892003794133,0.001777404216712016
376,0.0018129146416698929,0.34247157803593,0.6526008359252109,0.0004919718753541928,0.0026226995218350422
