epoch,N1,N2,N3,R,W
0,0.0010054031631297935,9.22645688544748e-05,6.108754418488766e-08,8.580330757313396e-05,0.9988164678728985
1,0.0017364976925657487,0.0005428434423288606,7.364314948684471e-05,6.261400694748455e-05,0.9975844017086711
2,0.0023634238061757172,0.0004626363332267817,9.70958246469536e-05,0.002936521821063831,0.9941403222148868
3,0.0035528822467869167,0.00031200405478764746,2.946802374221862e-05,0.00011621524816495264,0.9959894304265183
4,0.0005161052016975786,0.00011440998667052439,2.648809648552206e-05,5.479784245393062e-05,0.9992881988726925
5,0.000690691161754968,0.0002050398140487332,2.4830810516434714e-05,0.00038229889649459453,0.9986971393171853
6,0.0045942422651366905,0.00012303956029533996,3.23417789381448e-05,5.416423649834872e-05,0.9951962121591315
7,0.004232861710495585,0.0004722357166563341,3.4331527725468055e-05,8.09688189241512e-05,0.9951796022261985
8,0.0046476985744573615,0.0008245380422023753,3.062578161871951e-05,8.785507885096988e-05,0.9944092825228705
9,0.01048170127330791,0.0029681511579999313,0.0001754725276115085,0.00036716482835677733,0.9860075102127238
10,0.009250662590970595,0.0038953782697156445,0.0006748131310353626,0.0005616849536747976,0.9856174610546037
11,0.02206360764707391,0.01020811729847484,0.0003792733585774502,0.0015910537641869234,0.9657579479316868
12,0.014319941929203118,0.011330816264360158,0.0010048352201601435,0.0005032066395097767,0.9728411999467669
13,0.004342874809498755,0.005490474469452369,0.0006867924373539351,0.0005174687716098621,0.988962389512085
14,0.06218450073366078,0.038820958082316274,0.00926631673644558,0.0035398253100404255,0.8861883991375369
15,0.009921100508298013,0.002920827144834457,0.0004509683528980388,0.00016073152996013505,0.9865463724640094
16,0.1190728376107215,0.03112700492639389,0.0009163193188888056,0.0026207646016026347,0.8462630735423933
17,0.20646896992874783,0.09668647515600963,0.01958378338123874,0.0016503478123673827,0.6756104237216365
18,0.3495061049801431,0.085580217072387,0.05691764123252075,0.0017906163386239553,0.5062054203763252
19,0.14394637854656372,0.5331589161149874,0.1432427930645117,0.005459132766684105,0.17419277950725304
20,0.06848935482344039,0.4990464571205155,0.20217992618328703,0.009178623012983994,0.22110563885977305
21,0.07253167695047778,0.5376903338215925,0.1720427233153866,0.005962094885202127,0.21177317102734097
22,0.02825591515299743,0.7477196089860643,0.16990926515302038,0.002819701373499018,0.05129550933441898
23,0.07160363675813869,0.6174729037714195,0.13823717618403075,0.0042975389323771755,0.16838874435403386
24,0.0850165907478445,0.6439292405958131,0.1349562658836269,0.0032112723258058743,0.1328866304469095
25,0.10314014961084292,0.6155320103854027,0.20418777347107359,0.002888026154436271,0.0742520403782445
26,0.03153512711621624,0.7388092565217947,0.2005930080500287,0.0007337306644814226,0.028328877647478955
27,0.06812706189709164,0.6664250917177809,0.21107463369956136,0.0017761288737672943,0.05259708381179879
28,0.05850073431614981,0.6265813695731535,0.2705740095245666,0.0016079178000093616,0.04273596878612064
29,0.06264790740600615,0.7588322528507372,0.15796794219374874,0.0009876245330078114,0.019564273016499944
30,0.06278545688792132,0.6200169102062418,0.2798755556355815,0.0015158583056970416,0.03580621896455838
31,0.03498061014068868,0.45981229805730495,0.48781335377264634,0.0008278203371416931,0.016565917692218133
32,0.049794415500549055,0.6414390017169553,0.2941899553376819,0.0008893123659000442,0.013687315078913744
33,0.021471683453525313,0.5340080445580428,0.42496310217116584,0.0005624437547836769,0.01899472606248236
34,0.07317054393478634,0.7186400811023205,0.19126854396363357,0.00036349804091362657,0.01655733295834607
35,0.016631547965459847,0.5387127363552004,0.41992606682584,0.00031450868469405576,0.024415140168805655
36,0.012621032161208502,0.353296808479437,0.6155960983969874,0.00028194720231908597,0.018204113760048112
37,0.00827164908422429,0.3566282128240271,0.6267976349676987,0.00023319439644275348,0.008069308727607144
38,0.0064906341178030905,0.368988939937675,0.6160799946518636,0.00019485883428002455,0.008245572458378259
39,0.003680670683531477,0.18285742483957068,0.8043815450237031,0.0001041280445556145,0.008976231408638898
40,0.010521883963475228,0.5063110984335167,0.46222737217335064,0.0002503261534812086,0.02068931927617603
41,0.0048385822892295614,0.27278077146018154,0.7103231858648177,0.00016307718516557935,0.011894383200605724
42,0.004955706372387431,0.2189604390965492,0.7665439132134588,0.00014319707932734509,0.009396744238277242
43,0.01172359353532508,0.5041257836482528,0.4667057877315718,0.0002518843038129393,0.01719295078103756
44,0.003603876440220588,0.23108119933477145,0.7590261119238789,7.133333447826933e-05,0.006217478966650751
45,0.004241465601062523,0.18537198901118795,0.7998939155549293,0.00016756036942438074,0.010325069463395876
46,0.009876877668635731,0.3173668002904302,0.4913710189112804,0.00042369584050621733,0.18096160728914748
47,0.0039002598873401,0.12133807878102026,0.8672566239135104,0.00012408295631458053,0.007380954461814415
48,0.007413264711622143,0.18995049184288737,0.793595709771623,0.00017236070734917788,0.008868172966518373
49,0.0044484053501099114,0.31184514991635987,0.6756711112685726,0.00014520012393776734,0.007890133341019871
50,0.006053469745332237,0.28365624167678444,0.7042249449241909,0.00010160449603915174,0.0059637391576532394
51,0.007687607118602404,0.5158529697261824,0.4696566600056442,0.00015160410198440135,0.006651159047586447
52,0.0022985600575328876,0.1336764282104039,0.8607352208504307,4.1564210394051347e-05,0.0032482266712385915
53,0.0038078024508279634,0.28380295170331615,0.7083890359071806,6.4544878091224e-05,0.003935665060584003
54,0.0018939021372591746,0.1493673611375684,0.845717001860676,5.6797617006664163e-05,0.0029649372474897153
55,0.002434840395060826,0.2739931885213477,0.7162398218062783,0.00012934750576626096,0.007202801771546857
56,0.0014430449449633418,0.19845653975038066,0.797052862154101,7.756739412648748e-05,0.0029699857564285657
57,0.0015869244944311442,0.2288726158056508,0.7661444854614649,0.00010448550520186754,0.003291488733251344
58,0.0012553993691353062,0.1307652541912654,0.8651442178928855,6.651555623299064e-05,0.0027686129904807492
59,0.001183129825281477,0.08856792160764737,0.9080212904533276,4.5121677328523466e-05,0.002182536436415163
60,0.0015958217331646916,0.21024725310564973,0.785521989362122,7.651047626942723e-05,0.002558425322794231
61,0.001370457513202653,0.23093602967552598,0.7649964568739384,0.00011043820639689875,0.0025866177309359865
62,0.0003126374210232361,0.06653724366208714,0.9318546577509176,3.299315250223488e-05,0.001262468013469826
63,0.0009855986058620457,0.12856205972482593,0.8683821125797021,6.234165495072692e-05,0.002007887434659129
64,0.0006450568847949983,0.06700810091759132,0.9311772493651427,2.5274037161605213e-05,0.0011443187953094284
65,0.000964283321842943,0.06988406408960274,0.9274604400722634,4.567181984100744e-05,0.0016455406964500912
66,0.0011206140635366222,0.10963161773031144,0.887821242587464,7.798121024561925e-05,0.0013485444084423595
67,0.001161047383068753,0.19074876986888115,0.8053885737138696,0.00014496345681130614,0.002556645577369345
68,0.0013250566380049401,0.1722708319745434,0.8241449400521338,0.00011386575423822561,0.0021453055810794737
69,0.0006254391168914571,0.10502437881876857,0.8932408991894082,3.786387409376631e-05,0.0010714190008381075
70,0.0009314736252546488,0.14579077978980748,0.8520606063459908,4.524992427857683e-05,0.0011718903146685062
71,0.0009327494451789518,0.15925449416264964,0.8381038914342267,6.158286219378762e-05,0.0016472820957509242
72,0.0006866296047353363,0.10741815811545878,0.8906860088463818,4.313762580501745e-05,0.0011660658076191716
73,0.00030425668473407585,0.05547057458702058,0.9435440871746569,1.801872917793278e-05,0.0006630628244102967
74,0.00023682127671409168,0.06151412383555352,0.9375209704277365,1.6608872809067616e-05,0.0007114755871869258
75,0.0007949947770994671,0.06940578264551109,0.9283842732128769,3.777158006577289e-05,0.0013771777844466533
76,0.00050123360126836,0.06580107060337406,0.9329497823932198,3.079095377992898e-05,0.0007171224483578751
77,0.0003745373252091233,0.04946241477963385,0.9493015849566108,1.7065142827075616e-05,0.0008443977957193545
78,0.0002201262135884615,0.02701458287414968,0.972086355632878,6.678801282046659e-06,0.0006722564781017364
79,0.00018447387774098292,0.04578118928585149,0.9534923850728251,1.1024678004487e-05,0.0005309270855781398
80,0.0006930081429907286,0.10019064724664424,0.8971137995815529,4.187776736761808e-05,0.0019606672614446174
81,0.0002792777719641726,0.04794990345947491,0.9499753950633677,1.8686901729279696e-05,0.001776736803463881
82,0.0007468699849611133,0.10328029398753372,0.8919398403447806,5.515813192127596e-05,0.003977837550803446
83,0.0006544797477834013,0.0779070156367001,0.9178898425812609,7.837549462306171e-05,0.003470286539632442
84,0.0010461610180987559,0.07330114340613256,0.9200353150434823,0.00012129953563042338,0.005496080996656109
85,0.0031172141228940115,0.18169883117533456,0.8064205142071054,0.0004760722897445057,0.00828736820492159
86,0.008936118449464911,0.20302136419952638,0.7698012814848628,0.001530072193974873,0.01671116367217109
87,0.09811354906291636,0.21151500638962237,0.03773201453850563,0.0047415787104404,0.6478978512985153
88,0.08424298447195339,0.027212699057016145,0.000698090782665127,0.005433446806116933,0.8824127788822484
89,0.39403758189599036,0.018392479700661133,8.816552071345667e-05,0.008778895281917897,0.5787028776007171
90,0.7827749387064941,0.033930500331323374,0.0005717868653659411,0.002741580659574899,0.17998119343724173
91,0.7427315546973671,0.0815792134379989,0.0007172763978402641,0.002242077046643388,0.1727298784201504
92,0.6373024664800744,0.18542242969491735,0.0017538839965115507,0.002429372990083902,0.17309184683841272
93,0.5385402706742153,0.4247246714248738,0.004753588802670619,0.0031071006157675695,0.02887436848247269
94,0.5297256595681828,0.4389616828438636,0.007286456249713162,0.0018190852228598042,0.022207116115380666
95,0.17682541767437113,0.6931274401086608,0.1032760093021292,0.00241839364216625,0.024352739272672605
96,0.06641320195856544,0.7521507879337129,0.16257031195752003,0.006071775679636694,0.012793922470564925
97,0.053886106573243456,0.7937959928131669,0.13014803759701485,0.010233492352639102,0.011936370663935702
98,0.11624875691347925,0.7947144087777237,0.03826756471822087,0.009718755990007441,0.04105051360056871
99,0.061273575513437706,0.8523094131281972,0.0779719996781153,0.0036468217926403277,0.004798189887609588
100,0.03641253349495615,0.7773887478004353,0.1788033890410193,0.0018285129998973657,0.005566816663691916
101,0.04524307663394763,0.7984277100899149,0.14795203439471802,0.0031538870727322596,0.005223291808687023
102,0.029814676501818398,0.8301257138807029,0.13296503399801918,0.0035707944645451263,0.0035237811549143983
103,0.03724264565715901,0.7946472371151266,0.16131356409078368,0.00242667339188472,0.004369879745045904
104,0.020280585390508987,0.6702219958389938,0.30461823790738346,0.0017556254075695242,0.00312355545554432
105,0.04121665719645167,0.7102265959669491,0.24133422050594872,0.001886293063945825,0.005336233266704671
106,0.019698213423405275,0.57728882391605,0.3970132627691986,0.0019956237041592047,0.00400407618718681
107,0.011279250234801563,0.5269716038308128,0.45477169804048184,0.0015390220991832605,0.005438425794720631
108,0.044532807938167426,0.6484240853522169,0.2917729366755001,0.0030350660937550253,0.012235103940360632
109,0.024064065236298633,0.6880375611445189,0.2786319359730394,0.0014591365499464293,0.007807301096196656
110,0.014469254204480989,0.7864242682607825,0.1925516699742718,0.000870220183394864,0.0056845873770698845
111,0.020596857686566963,0.6329825226366396,0.3428933576917538,0.0006531232757733427,0.0028741387092664147
112,0.015611509645805464,0.7755745459930449,0.20619550282375326,0.0003552774968291392,0.0022631640405673765
113,0.004568889837618067,0.5179044691340736,0.47468251612658496,0.0002464962534122687,0.00259762864831115
114,0.007033390207600054,0.44568976130284,0.5450358822117468,0.00028630767171261437,0.0019546586061005337
115,0.002773051526917127,0.23873411043206455,0.7568615538574778,0.00013195238648815996,0.001499331797052283
116,0.00799836711281551,0.5111830132941733,0.47830148147607365,0.00045642929840346985,0.0020607088185340293
117,0.0030177854522952397,0.6370401229523011,0.35790023747510236,0.00031318300246533076,0.001728671117835895
118,0.00121524286006364,0.18836653115950136,0.8088518298422035,0.00014284049364454162,0.001423555644587065
119,0.0020598968055914784,0.17893608811103018,0.816809723052027,0.00013190019031914852,0.002062391841032275
120,0.0015370520305274017,0.18179041775652444,0.8150783673575529,0.00011090715782057089,0.0014832556975747694
121,0.0017907026760834292,0.1788965598874739,0.817125066620885,9.54743140178453e-05,0.0020921965015396294
122,0.0010931817855254905,0.1793958408090535,0.8174413240178383,0.00011971742383739699,0.001949935963745371
123,0.002406480847785033,0.34916167135250126,0.6453508394085176,0.00026520396590200697,0.0028158044252941826
124,0.0023175716674750575,0.46139488338376466,0.533767555457848,0.00019681098878149826,0.0023231785021308416
125,0.001290472699991942,0.14863207215861282,0.8485106707749853,8.637847968644071e-05,0.0014804058867235075
126,0.0008916844909088964,0.12604140991891763,0.871602798280442,0.00010674339437484043,0.0013573639153567282
127,0.0019754148672451156,0.0619303654414351,0.9341207744933513,0.00017989506164655907,0.0017935501363220494
128,0.0025917812988273366,0.21998518112074153,0.7728209628141962,0.0005016815480111893,0.00410039321822378
129,0.004956067775727988,0.4820743482613508,0.5088384613137135,0.0006013309602217243,0.003529791688985994
130,0.0021303261449217644,0.3177427573740769,0.6766218357245348,0.0002798763936542324,0.003225204362812099
131,0.00765899944819117,0.629392611773339,0.3596326846261094,0.0005204336494415607,0.0027952705029187616
132,0.00422301708813987,0.4676295754445264,0.5255722078206582,0.0002665879190662331,0.0023086117276093247
133,0.0018818361429563998,0.11258561566104092,0.8839524238573877,8.415148993422665e-05,0.001495972848680747
134,0.0013734902409607238,0.1398171163471266,0.8578940625830622,0.00013959657235990556,0.0007757342564904592
135,0.0010601045534062484,0.18786093218544153,0.8098422658314024,0.0002499846875647462,0.0009867127421850784
136,0.0010148474707900167,0.1169862851407326,0.8811472223275147,0.0001455787985879753,0.000706066262374691
137,0.0019268470445909641,0.21941546829653588,0.7767941752795733,0.0002956657646661089,0.001567843614633713
138,0.002028586294464737,0.21036283672410336,0.7859550072888964,0.00035343973560816237,0.0013001299569272817
139,0.003886050388823214,0.1813905345520294,0.8101320625535838,0.0009741056488513622,0.0036172468567122556
140,0.01003696091052671,0.20180402511853388,0.7797722975319401,0.0021820662441637073,0.006204650194835447
141,0.02699662321374438,0.6838607993341224,0.28078030160025813,0.003262568138762167,0.005099707713113031
142,0.1302927791940744,0.7391590527047344,0.10971465266313878,0.009305540408818995,0.011527975029233513
143,0.0917315530642644,0.6055724683277833,0.2808120553831429,0.0052416747438594705,0.016642248480949796
144,0.17340419481260183,0.5912997976379567,0.13513342300490813,0.005600444813945138,0.09456213973058816
145,0.13529011433632007,0.6046866423882622,0.24022295559898263,0.004567065697178149,0.015233221979256986
146,0.10073746135638083,0.5810280092337011,0.2874865292324993,0.007867864547393452,0.022880135630025413
147,0.06452865352669421,0.46850758097477213,0.45012425428163866,0.005340254762248503,0.0114992564546464
148,0.036539689088431186,0.6716504158588192,0.2709936861056395,0.007786754107743086,0.013029454839366997
149,0.0207683103405461,0.41867636494254434,0.5413401344030903,0.004311958777104485,0.01490323153671482
150,0.008544182489536187,0.011572465992729045,0.007592405129610568,0.001272302482795907,0.9710186439053284
151,0.21549283870121877,0.33749552261088595,0.011789906373266577,0.009588557837790803,0.4256331744768379
152,0.45952776167546255,0.37404392637187495,0.005478399184178336,0.008509730174304245,0.15244018259417977
153,0.3720387105676906,0.4896655879692749,0.022516273833925432,0.0026369082261557294,0.11314251940295333
154,0.2902653256162383,0.6548444638772186,0.010337948674551841,0.004885124619367323,0.03966713721262391
155,0.09315825916162108,0.7090122393219556,0.07151972128350764,0.0068091462400363045,0.11950063399287927
156,0.025085447437121933,0.8470043515705956,0.1186617781707194,0.003113242162039598,0.006135180659523447
157,0.02327987638855703,0.7015541518528181,0.2649728442888749,0.004827405821637153,0.005365721648112878
158,0.09787149877441449,0.8156121125916547,0.04111114536412811,0.0309462921736743,0.014458951096128431
159,0.10605723167302453,0.8618707032419685,0.018871551187141372,0.005616268847825077,0.007584245050040513
160,0.10037815180247134,0.8505660751107234,0.04273271858901274,0.002050383243837983,0.004272671253954591
161,0.06428119040560674,0.9136978844140438,0.016100720337741327,0.0028589961193705906,0.0030612087232376613
162,0.013723767828460234,0.689058690948347,0.2934546310934526,0.000701287196152564,0.003061622933587564
163,0.03678380409781918,0.7708574773311786,0.18596991695417775,0.0012490208472060458,0.005139780769618318
164,0.02101171003288643,0.8791910345206464,0.0935108639737698,0.001000011476959366,0.005286379995738133
165,0.051292316515181534,0.7913046202834926,0.15072721763547148,0.0010704670344893245,0.005605378531365036
166,0.06642213779619292,0.7142912471252595,0.16300400855891312,0.0036559405801792483,0.052626665939455
167,0.02371891376342143,0.6826246123288915,0.28648206212829275,0.0007735538536587477,0.006400857925735489
168,0.020229177890640125,0.8263958545735329,0.1480315143703426,0.0011551419886949512,0.004188311176789433
169,0.012477829672690744,0.6717163024383334,0.309509981932073,0.001372750020899979,0.004923135936002802
170,0.010730368227886354,0.4459203590266624,0.5359825748458589,0.0019597500590120324,0.005406947840580359
171,0.022244912210909854,0.5941036178260096,0.3717798710725074,0.004531206742372557,0.007340392148200704
172,0.05253138960796182,0.888736067759542,0.03491456770675604,0.011288721664907714,0.012529253260832285
173,0.035284042755654825,0.8043688715727486,0.13898302454675043,0.01010185635270762,0.011262204772138558
174,0.07310754015568736,0.43648415262918355,0.09770992998276035,0.015411647434569492,0.3772867297977992
175,0.16896760832511634,0.0430604965185711,0.0009685204118389966,0.010524849213635638,0.7764785255308378
176,0.5781115396101891,0.2256101156090935,0.004301030045232328,0.011478488108883633,0.18049882662660144
177,0.32860884492823317,0.5953309939293643,0.03705523567438434,0.0039341015761879365,0.035070823891830166
178,0.18702667342246043,0.7515618264116524,0.01939037049631019,0.011967111373831774,0.030054018295745177
179,0.18302876628286205,0.7323035273542111,0.008519405543777357,0.06033064385866715,0.015817656960482367
180,0.2935621924360617,0.5767410532777661,0.00928713536721641,0.040770086623274866,0.07963953229568096
181,0.16880977092489755,0.7696363881123693,0.0063646865200841195,0.03986694945126622,0.015322204991382881
182,0.2827429297966824,0.6784016632670032,0.02544632393848816,0.010149697278831075,0.0032593857189950805
183,0.0645745559637918,0.8886125715704811,0.03698425010052339,0.006991344247382619,0.002837278117821
184,0.020145495201774173,0.9014617751833166,0.051344569482733415,0.02441497817131505,0.0026331819608608927
185,0.03177310465290559,0.924262112413814,0.023240873998151605,0.017964626512346375,0.002759282422782568
186,0.011981345342759268,0.8123067566712954,0.16705422019964386,0.0065943785829944025,0.0020632992033071365
187,0.016050751809463186,0.7798489150981187,0.19625110816282884,0.003975323625323572,0.0038739013042658347
188,0.052218560902988244,0.8930081569930021,0.04536175918427912,0.005478483704425192,0.003933039215305462
189,0.012640169406012031,0.9558231239651689,0.025802646508251145,0.0036941096348158953,0.002039950485752041
190,0.01553361173632003,0.8718857858491773,0.10791711253237692,0.0023910459154617976,0.0022724439666638044
191,0.00879509316185069,0.9096053830728817,0.07807471371709834,0.0015179616633535702,0.002006848384815587
192,0.004935192622759709,0.5263033600199108,0.46650036189447225,0.0009021435884027969,0.0013589418744542742
193,0.008113238271019488,0.9187946822328529,0.07023656055173817,0.0009987881705908713,0.0018567307737986942
194,0.004039242673092757,0.7987404888183529,0.19470176549629004,0.0006311989853811544,0.0018873040268830672
195,0.003521274965753559,0.6557696934853247,0.33859243494708746,0.0005188254141412673,0.0015977711876930367
196,0.009861140933522165,0.5845477629375696,0.40089447661651506,0.0005659080544263387,0.004130711457966697
197,0.006386863880899769,0.8693564846963421,0.12181925452627035,0.0005408148032556768,0.0018965820932321676
198,0.01414397717128094,0.8317406558761091,0.1505542359667246,0.0008883970575800808,0.002672733928305172
199,0.0015824892017299698,0.5480807779091829,0.4487442906763464,0.0002601921078591689,0.001332250104881432
200,0.0020143831331912603,0.37335238591944275,0.61797165085978,0.0003546842064812998,0.006306895881104625
201,0.0019523494736300934,0.3319509574516422,0.663374314533522,0.00025543201315096365,0.0024669465280546437
202,0.005761975204085165,0.2594619739677372,0.7320065274951941,0.00022307400125152937,0.0025464493317320573
203,0.005547005819888031,0.7009721501255562,0.2905368101867387,0.0007441839405450716,0.0021998499272720333
204,0.0041799693876781036,0.26720649798550794,0.7264431138842528,0.00046729700794119667,0.0017031217346201452
205,0.005691302176431808,0.2888386435124613,0.7006695575214604,0.0017320515270292185,0.003068445262617366
206,0.017229833450705324,0.6931179448870196,0.2777460515832956,0.005333942040924655,0.006572228038054731
207,0.004108925980449261,0.23460446541526758,0.7559321242846639,0.0016249547345922905,0.0037295295850268014
208,0.013377365247210105,0.373036289897893,0.5975637633052473,0.0044451782786922005,0.011577403270957336
209,0.025493840715922915,0.06559627352921717,0.0011242325472181995,0.0076868005164579594,0.9000988526911837
210,0.3706931197950583,0.23625179340008887,0.0022528179195118497,0.06117186538176663,0.32963040350357437
211,0.30079340391926235,0.43682486443371643,0.02542544674296304,0.018114436570602268,0.21884184833345602
212,0.3050375539600419,0.4668650945498408,0.01392207985429996,0.01780656742214739,0.19636870421366995
213,0.003439881215225775,0.017433301201888435,0.0017912031978327876,0.0015434587067765047,0.9757921556782765
214,0.03242157026836821,0.004527161629950322,0.00011998259915454707,0.005256245963931537,0.9576750395385953
215,0.34207824908146844,0.02123969592432418,0.0007816923212499293,0.020894881910957955,0.6150054807619995
216,0.5528231018766002,0.07808387948114631,0.00801805362071477,0.010584382430256238,0.35049058259128263
217,0.36495068163048394,0.5432524397060051,0.03456422432665836,0.00703249551315606,0.05020015882369655
218,0.4716659382208093,0.3345727245965988,0.017892236554056157,0.03608885148852993,0.1397802491400057
219,0.6921419702248155,0.2196717402288786,0.0015353933565311606,0.023978002134290615,0.06267289405548421
220,0.06952711720492702,0.9186133312385332,0.004395388536825368,0.0026239602837788635,0.004840202735935394
221,0.1160293795402399,0.8449325969276531,0.03388762398808874,0.0017703260609196725,0.003380073483098438
222,0.06477897152261321,0.9026638004582755,0.023263548885728087,0.007090217286540085,0.0022034618468433163
223,0.01546014361859721,0.6631296516256772,0.31354356781870885,0.005580495355584906,0.0022861415814318595
224,0.019891739181453504,0.8730972072848017,0.08659471554594028,0.017785613296187722,0.002630724691616933
225,0.004395806150290009,0.6738220578963446,0.3073061315400207,0.012803618455402508,0.0016723859579421936
226,0.006442035280236327,0.7245506624780319,0.22767504542345168,0.039786348329421614,0.0015459084888583426
227,0.0147238998983872,0.3858258494006477,0.4486005776446714,0.14608358507016056,0.004766087986133042
228,0.05767219942991829,0.6505325077880661,0.006827576494813638,0.26621886992141075,0.018748846365791123
229,0.056516540310546384,0.4084584566160835,0.0037917782716101254,0.4736695114346445,0.05756371336711555
230,0.015103540941360717,0.0318896798624951,0.0001591634802264544,0.9480729707675171,0.00477464494840058
231,0.06072859194306754,0.03183708938040338,0.0003585349423549788,0.8973652807431578,0.00971050299101638
232,0.10877467360251745,0.11757715931036374,0.001759861630763727,0.6258228343637137,0.1460654710926415
233,0.07999065278849475,0.012236905942903902,7.364623721144082e-05,0.8957497309883949,0.01194906404299498
234,0.05271810184956508,0.029289374164684988,0.0002456010960853101,0.9004045088607717,0.017342414028892916
235,0.043855297273342086,0.012379321657799293,0.0002235078305973364,0.9335118661808529,0.010030007057408447
236,0.036541042808720066,0.008213465178437388,5.8272506391493164e-05,0.9507804254305114,0.0044067940759396325
237,0.04156254393186778,0.008536853431047877,5.710662580454292e-05,0.936312126079297,0.013531369931982604
238,0.04892382206899348,0.006369272303615919,1.898433023862748e-05,0.9266702472821428,0.018017674015009227
239,0.06742831539934227,0.010173375107603829,1.9261862482726457e-05,0.7867215198158978,0.13565752781467336
240,0.03086310512925392,0.007400194595147738,0.0001333358230766353,0.17284336672847547,0.7887599977240461
241,0.10157349893427194,0.0027303280155820944,2.213910884092625e-05,0.37345335310052763,0.5222206808407774
242,0.18064153692348417,0.007600614815151155,6.32381113003134e-05,0.3836107721269025,0.4280838380231619
243,0.3333809104087414,0.01696411254416113,6.39147887095774e-05,0.592436477969932,0.05715458428845583
244,0.1395639725456211,0.008096662345614965,1.7112040584639847e-05,0.36319756928229163,0.48912468378588775
245,0.26214075824203126,0.00730818135973933,2.431591072815296e-05,0.5690488024505683,0.1614779420369329
246,0.12995050279631165,0.006495104339253719,1.193134137419652e-05,0.8136345966228604,0.049907864900199994
247,0.19580125583531635,0.018676689048226426,2.2187281707086836e-05,0.6658094501276519,0.1196904177070982
248,0.07955599691590862,0.0045438601204101205,5.328230366148343e-06,0.6576071802722315,0.25828763446108355
249,0.11848237962906838,0.006420746844568693,1.3664874932911213e-05,0.668135564435295,0.2069476442161351
250,0.13515142407214,0.04399735976722233,7.663858433353803e-05,0.6938627637844277,0.12691181379187635
251,0.05016059798137818,0.004882601798408674,8.07225497793457e-06,0.7003843763734229,0.24456435159181236
252,0.17367292954375418,0.014490623662555695,2.7629952299243286e-05,0.7758297755982657,0.03597904124312524
253,0.11439391785260651,0.007713130214055361,1.1611043497079248e-05,0.7265387634710422,0.1513425774187989
254,0.22284182120886536,0.01434777956670513,2.4930074179355184e-05,0.717097134425094,0.04568833472515607
255,0.07970147447038672,0.015204729351361346,0.00011927743825231136,0.637131177974099,0.26784334076590055
256,0.17865864991076805,0.014619208623217365,5.309889150060963e-05,0.7697303190297136,0.036938723544800475
257,0.1597115955999158,0.011721379901247789,7.282846101066069e-05,0.7914266722919677,0.03706752374585803
258,0.14010351884518682,0.008987512917155747,4.9371507336667745e-05,0.3919385078070937,0.4589210889232271
259,0.08352229710312925,0.01616758153322809,0.00010294483106034325,0.5136294539758768,0.38657772255670564
260,0.36496390572460224,0.00773260126396957,6.995196509068962e-05,0.5330098882940771,0.09422365275226038
261,0.1708586091647612,0.0014493673038214556,9.398398500215215e-06,0.31182540327973063,0.5158572218531866
262,0.09544621099697029,0.0052361524076528125,3.17089858789047e-05,0.4950572041069196,0.40422872350257844
263,0.24153802595268425,0.008006201495036856,1.5409937479093867e-05,0.5857730874739528,0.164667275140847
264,0.20503813863001802,0.007693273809106605,2.874661376616e-05,0.24654668463990206,0.5406931563072072
265,0.351620469959634,0.013656663049692135,0.00011416583472498855,0.3755688193541893,0.25903988180175963
266,0.3393257843847116,0.01063275699632072,0.0001299953802787237,0.5807619105513183,0.06914955268737065
267,0.3947164924591305,0.00902757974974739,6.334778063449723e-05,0.4167114627561834,0.1794811172543042
268,0.04530223588552463,0.005963565548555225,9.93049153464159e-05,0.4642388152479326,0.4843960784026412
269,0.16840933922669132,0.0032327949297098982,2.0511823532227e-05,0.5750307761984236,0.2533065778216431
270,0.13046028137833351,0.01453711297882653,0.00011162334618286545,0.42873385114026574,0.4261571311563912
271,0.4309486935022004,0.0034655555186369072,4.231627264011841e-05,0.4214985047224465,0.14404492998407603
272,0.27087810328746714,0.013156083520491722,0.0002243935832490832,0.3315506936818626,0.3841907259269295
273,0.2553121918837509,0.015274609597904856,0.00011711481672144148,0.6229270012934705,0.10636908240815227
274,0.38082962716207364,0.014857238053467121,0.00011506730503609862,0.5176860576667185,0.08651200981270461
275,0.22388889767442047,0.010458826961112012,8.311085679804875e-05,0.5494107709501931,0.21615839355747637
276,0.2488208121846114,0.03355833281424456,0.00022393600636344018,0.6284190516187986,0.0889778673759819
277,0.21240037002962223,0.02269254470691029,0.0002356998876440856,0.7055185758253639,0.05915280955045942
278,0.16400598978780145,0.024769823643877233,0.0003533799597280471,0.7559029993092629,0.05496780729933037
279,0.2505729639279531,0.024954702426097916,0.0003689108525188103,0.6284383053638839,0.09566511742954627
280,0.31032079755018455,0.013792427989290337,0.0003571787877087503,0.5836593171451356,0.09187027852768075
281,0.29322521605853114,0.009904755094545924,0.00014952196342065286,0.644132889390036,0.05258761749346628
282,0.28089710120557504,0.010048599123853943,0.0001822349166350803,0.6666855105030343,0.042186554250901745
283,0.26378661292324346,0.014459393056449353,0.000523328397619845,0.6767431017704801,0.0444875638522072
284,0.212558300483845,0.011068808906024333,0.0001545845824597936,0.728125034734615,0.04809327129305597
285,0.14003086723493255,0.0050199572805683,7.1847110259303e-05,0.7823065362429724,0.07257079213126735
286,0.12551378366138455,0.005629612646363564,4.22927650788546e-05,0.53848506172809,0.3303292491990831
287,0.2338586433209232,0.00816532959758629,6.932528473195304e-05,0.6501874794848794,0.1077192223118791
288,0.34336020883332785,0.02200203276537385,5.084078660095722e-05,0.3247973153585062,0.3097896022561913
289,0.4567189230046721,0.03592973767763793,0.0001359616771177361,0.3897884600292535,0.1174269176113187
290,0.39592705697310004,0.13371671206689337,0.0021473744346910354,0.2895960973928894,0.17861275913242616
291,0.25518103306516965,0.22078697554532606,0.0016826531893094968,0.44231931573739525,0.08003002246279949
292,0.18768142082064979,0.5051010052458597,0.007101418690758669,0.1918289589522947,0.10828719629043716
293,0.11814185550140571,0.41607489602514536,0.006237822564374954,0.29223069660583967,0.1673147293032342
294,0.1843832570975016,0.024763692997427977,0.002153061029626146,0.4969003938468904,0.29179959502855374
295,0.018572401356876378,0.004453564556453952,0.00020028549027236602,0.05408990965485548,0.9226838389415418
296,0.40166782704140813,0.00953195016702877,5.434928034248112e-05,0.12212208463760146,0.46662378887361916
297,0.12808864417945623,0.05867406557589066,0.0010335155906225032,0.02911839745553518,0.7830853771984954
298,0.021432106631358746,0.005607060344684371,9.031354340479974e-05,0.010289410219652385,0.9625811092608996
299,0.2237848562416777,0.02105192775121362,3.7294189649593385e-05,0.2266580073278752,0.528467914489584
300,0.27832594870211497,0.16099944118149612,0.0013405186125517734,0.23932246755460182,0.32001162394923527
301,0.29025873481966663,0.07674663112758794,0.00043657986286268564,0.21781334941227032,0.4147447047776124
302,0.0763305578008691,0.24080239057996672,0.004246856936465269,0.1603098891041409,0.518310305578558
303,0.011089878646277754,0.004940005113425036,2.905160879859924e-05,0.052825016305195975,0.9311160483263028
304,0.04487135150861751,0.0018762021344672268,6.255555270945925e-06,0.0187882292297954,0.9344579615718489
305,0.40783762133583706,0.013923733249809162,3.608475916740252e-05,0.029969279713087455,0.548233280942099
306,0.7377474356224002,0.14578890892796803,0.0005531377356792786,0.02590259608822107,0.09000792162573149
307,0.5359701344683839,0.381704474148637,0.000671458962696222,0.023333280833099383,0.058320651587183414
308,0.14107348605348685,0.8286064944003875,0.005637575980050744,0.013975611732726061,0.010706831833348682
309,0.1026230936369243,0.8677456412416902,0.003276858377836937,0.02101696214737045,0.005337444596178236
310,0.03496248162145174,0.9451271135836451,0.0071092939838998835,0.009692069365379167,0.003109041445624308
311,0.04142230967070961,0.9405072107565521,0.009261970602579668,0.0057028975563592045,0.003105611413799337
312,0.04246239800343207,0.9251641797423311,0.023409033252824354,0.0053759225706173025,0.0035884664307952456
313,0.005626119620814871,0.9520556282528014,0.03996821138002425,0.0010048014847413359,0.001345239261618075
314,0.014664094255546692,0.9260847212589699,0.052991624248125486,0.003967050911394094,0.00229250932596381
315,0.01586951998049247,0.956763287617495,0.01811296596285651,0.00605240977756654,0.003201816661589334
316,0.01588459191180841,0.9562576554181307,0.01924364009467182,0.005628810029566334,0.002985302545822778
317,0.015058830724886695,0.8860011077464719,0.08977986388774911,0.004493767602173917,0.004666430038718337
318,0.025299283436393365,0.9467010597476988,0.018608462398464157,0.006460503282337592,0.002930691135105801
319,0.025049647511697068,0.955725913534962,0.012309616789093886,0.004562913998964388,0.0023519081652829048
320,0.01292676049561205,0.9715688789010154,0.012746176436086254,0.0015576068375687173,0.0012005773297176644
321,0.022169373714821815,0.9568753261390078,0.014145370696991549,0.0032905717334997427,0.0035193577156792215
322,0.01106435142192004,0.9772330743940761,0.008557979980121417,0.0011329718477663545,0.002011622356116059
323,0.004592789507025911,0.8009191313078158,0.19303844323954122,0.0005015848342796737,0.000948051111337296
324,0.006618134285453934,0.9157024191306206,0.07520909994851478,0.001163705836462926,0.0013066407989477356
325,0.0038393913804090473,0.8964097064349326,0.09782125930437627,0.0006105345318092163,0.0013191083484729558
326,0.004993742114467215,0.8731679884981214,0.11956572639131438,0.0008435938747782595,0.0014289491213188555
327,0.0026019123590387194,0.9143544485481904,0.08120799949189669,0.0005698543441141073,0.0012657852567600557
328,0.0032509595891152578,0.7824740817177673,0.2122834298631137,0.0005523300275410647,0.0014391988024627233
329,0.005532609849635392,0.9582391144142032,0.034070182302427164,0.00046658476727445136,0.001691508666459557
330,0.005498202446926704,0.8386068415950344,0.15334791905910825,0.0009314929443483919,0.001615543954582356
331,0.001361913320329016,0.5779639854562044,0.41947432980062654,0.0004031887114127651,0.0007965827114272218
332,0.0017563460417376999,0.5718881774967727,0.4246399003277195,0.0003564680040104919,0.0013591081297595407
333,0.0009231854549443802,0.32513365610886985,0.6730825375589483,0.00016476949543014753,0.0006958513818073846
334,0.0037449074254816478,0.5723514961321969,0.4220451107841578,0.00040924132310045033,0.0014492443350632162
335,0.0015793194271930709,0.45128612599142387,0.5450254357417753,0.0003604981395248157,0.0017486207000828936
336,0.002491236680006998,0.3947776472794299,0.5998419721622941,0.0005316290149399883,0.002357514863329134
337,0.004208395205682692,0.6327239916971247,0.35925448887309563,0.0008375331699802893,0.002975591054116763
338,0.0036637203839829605,0.7021081678463902,0.29149893798710713,0.0008325895038460613,0.0018965842786735664
339,0.01118778980033332,0.597165236611138,0.3863792772263973,0.0013435537420269632,0.0039241426201044515
340,0.003134635903425342,0.2870851275277651,0.707390764792673,0.0004874647875763662,0.0019020069885601954
341,0.003821219307520531,0.26288895165416637,0.7307365171238491,0.000809187895355968,0.0017441240191081965
342,0.002045210921139768,0.29475873173691103,0.7001635288782372,0.0006559779530871617,0.0023765505106249445
343,0.00282585988333177,0.4909090893194599,0.5019225514583752,0.0021335181935251625,0.0022089811453078756
344,0.0019603696468416883,0.25375617488803837,0.741128447208565,0.0010345283470489792,0.00212047990950591
345,0.004721580388835543,0.2732752546801355,0.7162450341116479,0.00142568937864834,0.004332441440732587
346,0.007110635094341768,0.4515583573269905,0.5346767938497633,0.002751767674105883,0.003902446054798515
347,0.014089675117160562,0.7959703286456825,0.17992417680677159,0.005282205254084876,0.004733614176300597
348,0.012950875423590278,0.8730762966035,0.10836532100388076,0.0022246088240112367,0.0033828981450178936
349,0.01667993687816719,0.8123047496337175,0.16597081549007792,0.002099488183063857,0.002945009814973645
350,0.013911890875327666,0.8158722322833613,0.16322776236696354,0.002067690093007465,0.00492042438133986
351,0.005945998880992332,0.8447940331970185,0.14426185228124078,0.001531036663026077,0.0034670789777221274
352,0.005004586914342235,0.25402747755055133,0.7388662775897322,0.0004050874658428848,0.0016965704795312525
353,0.0067773743759099595,0.46479968882326744,0.5243303738712696,0.0010427996932376104,0.0030497632363155
354,0.005825966329929981,0.7025995244987077,0.28707277483995647,0.0012911814227743459,0.0032105529086315517
355,0.0010715837401622484,0.24599430769664504,0.7511654719342021,0.0003935743865023365,0.0013750622424881804
356,0.0024043422680472596,0.37296738873369595,0.6213452155282944,0.0008530240818245177,0.00243002938813793
357,0.0017629451590533928,0.23581738891563353,0.7590434979391225,0.0006107991233771344,0.0027653688628133705
358,0.005259957882932703,0.7730177917057047,0.21679690813544567,0.0020311404851509197,0.0028942017907661525
359,0.0061146299028758,0.7257620921303117,0.2640545834778385,0.0010088683920192586,0.003059826096954782
360,0.0013941000248482527,0.29140702754861475,0.7050675519434074,0.0003940959872184757,0.0017372244959111339
361,0.0025369160397509492,0.3466045436314587,0.6490679721390652,0.0005097769772455591,0.001280791212479516
362,0.004639181146970197,0.7136764812162022,0.27878846906210025,0.0009395365007435154,0.0019563320739837712
363,0.0060392412847299305,0.667182409008803,0.32349740590118076,0.0009721959837284034,0.0023087478215580146
364,0.0029355610139227177,0.3616741935657706,0.6332382416803375,0.0005554740099539767,0.0015965297300153769
365,0.0009390099400519123,0.3025354985210574,0.6949145615815089,0.00032588720499171573,0.0012850427523901577
366,0.001029891743243348,0.27199616073636546,0.7252931642275537,0.0004461297747991522,0.0012346535180382198
367,0.001605165777233112,0.2444527516871637,0.751034300633356,0.0007603676295890572,0.002147414272658176
368,0.003629244769364652,0.4003815276460801,0.5899974806024186,0.002822054773859386,0.0031696922082772123
369,0.001798595446751223,0.33684946784495784,0.6594415117666589,0.0005475103297308896,0.0013629146119012166
370,0.002741263527471538,0.30368370913434106,0.6905223601790592,0.0013267273010325194,0.0017259398580957747
371,0.003108974466684771,0.4132711548483186,0.5801459127666871,0.0016033833316841809,0.0018705745866253159
372,0.0014438241014089934,0.16007716976671343,0.8368144636982603,0.0005980825012456327,0.0010664599323716762
373,0.0009736752292212401,0.10311426176394765,0.8939190213818202,0.0005531009446162041,0.00143994068039465
374,0.0004938272734511754,0.09910220267086993,0.8992240712044329,0.00029284949558265486,0.0008870493556632494
375,0.0013578999396453805,0.37317997243296236,0.6227418022726003,0.00110413907505428,0.001616186279737714
