epoch,N1,N2,N3,R,W
0,0.0009771180097054187,0.0010977182948551907,5.4291303857873276e-05,0.0010143883885326485,0.9968564840030487
1,0.00010699934929277358,0.0001399959046191489,4.576817320000523e-05,7.413046036334654e-06,0.9996998235268517
2,0.000580723760549249,0.0014483107873602134,0.0003444054907482646,0.00031514361897472937,0.9973114163423675
3,0.00011464402396657385,6.230634777810239e-05,2.2994932137525574e-05,6.25930782558466e-05,0.9997374616178619
4,0.00011524866052796844,0.00029126365923674857,6.731512905341281e-05,0.0001009966016286445,0.9994251759495533
5,0.0001687188705250309,0.0001115377680570835,1.3287076128737385e-05,0.010933364857123904,0.9887730914281652
6,0.00021082860602362867,4.204936191912961e-05,1.770533922601855e-06,0.00013133043951249845,0.9996140210586221
7,0.00012743601382431415,2.30078392696892e-05,1.054686163285964e-05,7.060800955250783e-05,0.9997684012757205
8,0.0007343302352107115,1.307272512340659e-05,1.0606390942251515e-06,4.964504863312942e-05,0.9992018913519385
9,0.004107872826096394,3.84765138536378e-05,9.482251298577484e-07,4.741868910034657e-05,0.9958052837458199
10,0.0029870107506572755,2.4630596143636693e-05,5.500959203431909e-07,0.00013587765900680094,0.996851930898272
11,0.26511339946959406,0.00035819942970055814,6.712219806573996e-06,0.0010262592899657425,0.7334954295909331
12,0.20998034784906103,0.0002686150470027352,8.393919149319077e-06,0.00034093993266883757,0.7894017032521181
13,0.4577535565518179,0.0007703601892440038,1.8449378620407232e-05,0.0008140561614082108,0.5406435777189096
14,0.6307613920699141,0.005559297838228112,1.3310378765104297e-05,0.0075260671226885945,0.35613993259040394
15,0.6611226502377775,0.059881388533431154,0.0004012085532474733,0.028406893441385497,0.2501878592341582
16,0.3526342670888701,0.32716097028462154,0.001053124815055919,0.10493516843304396,0.21421646937840855
17,0.10209525215261814,0.2603810308377513,0.004204443712621324,0.06925419254798587,0.5640650807490234
18,0.0360504439503036,0.6194758286819405,0.03487439296037405,0.01834619774082452,0.2912531366665572
19,0.0010764334148887068,0.0013820175348994495,9.922117960916207e-05,0.0015386909953767048,0.995903636875226
20,0.02340313538449407,0.001865256317638595,7.6136463986713e-05,0.004132047028951323,0.9705234248049293
21,0.13997075324178987,0.008304978654490395,0.00016662775307458615,0.0038216833683389316,0.8477359569823063
22,0.3903033126735725,0.009011097275765788,2.746685140672997e-05,0.0025633272386942577,0.5980947959605608
23,0.5109594767387476,0.008493806223761,2.141559919338167e-05,0.004038445879432668,0.4764868555588654
24,0.000110329828003907,4.09503813630276e-05,1.638623761808412e-05,4.403215313919478e-06,0.9998279303377011
25,0.0037983833998715137,7.023550114024327e-05,4.857049675979419e-06,6.675290050846577e-05,0.996059771148804
26,0.29718044988121733,0.0006809154656120156,1.2960264382181457e-05,0.00036577439482569874,0.7017598999939627
27,0.5984825864136075,0.00377293341724819,5.66134695480766e-05,0.0004472607004083821,0.3972406059991877
28,0.9197262682226772,0.04859850757251877,0.0001255835102437303,0.0004990455142005218,0.03105059518035975
29,0.5233594638401056,0.43632603833143535,0.0011811794557097966,0.0008427014581719697,0.038290616914577184
30,0.09266820614450517,0.885343791277263,0.006547408450741655,0.0011891005900376544,0.014251493537452468
31,0.11756812763478447,0.8609138922947667,0.008117627719897436,0.002875099168442003,0.010525253182109348
32,0.0377977329612338,0.9244470083151392,0.0232453287271743,0.008714287482146851,0.005795642514305942
33,0.035251086788114935,0.9389651015659926,0.015543519310773331,0.005172499732865676,0.005067792602253467
34,0.02332427147942395,0.9067407820872752,0.061101267302670376,0.005187468498878306,0.0036462106317522733
35,0.011157857042144288,0.915849967415075,0.06704713012497268,0.0022552877994554818,0.003689757618352646
36,0.0312077311220747,0.9198576609080733,0.039412775467983906,0.003927013201673256,0.005594819300194786
37,0.15834678414139428,0.4486167156405923,0.0043776928720746225,0.006675553284644619,0.38198325406129424
38,0.24127122282923816,0.7356438949194398,0.007528681697422693,0.002269889156772402,0.013286311397126972
39,0.014862728979698987,0.8422577317833528,0.14140624862748066,0.0003062810871671047,0.001167009522300397
40,0.029845614368371683,0.9216249140474664,0.045103134758797764,0.0004554211954648278,0.002970915629899297
41,0.01813994885076641,0.9300116627488573,0.048273540202430416,0.0005529748980292491,0.0030218732999165265
42,0.006141561060885035,0.8548747840228047,0.13613417194792066,0.0002586395130606342,0.0025908434553290408
43,0.004510856016514228,0.8016736399504494,0.19156787675871995,5.121690596190147e-05,0.0021964103683546434
44,0.0017657187209738157,0.7298129150241451,0.2660470613343763,3.5376173964960785e-05,0.0023389287465398604
45,0.0027090207444736307,0.6324960685168575,0.36071724081542383,1.9188442692751197e-05,0.00405848148055245
46,0.0013988427790608661,0.6482414956372725,0.3469441537621761,1.6465191195277074e-05,0.003399042630295319
47,0.0029853290604105404,0.6120570241098707,0.3815888389602826,2.5253149417470882e-05,0.0033435547200185256
48,0.0022755800298645983,0.18487435155884674,0.8097246082860028,8.297674677122206e-05,0.0030424833785147516
49,0.0007092732006080684,0.44868372169343335,0.5487698290562835,4.576886927924761e-05,0.0017914071803957889
50,0.0016364468405036582,0.42056306028756246,0.5680832151356872,0.00012508876616757348,0.009592188970079126
51,0.001807660449765964,0.4020764636814299,0.5851698955269728,0.00011479729727667338,0.010831183044554578
52,0.0007534638919508759,0.1949108199684269,0.8002855017630733,4.439633297775647e-05,0.004005818043571192
53,0.0009702949766538448,0.24496558465894092,0.7452109602812041,6.216776504671363e-05,0.00879099231815426
54,0.0016795663815188158,0.37879934750978617,0.6107082461996075,1.3369554888644887e-05,0.008799470354198894
55,0.001499329819956639,0.41418165640665144,0.58018852630428,5.48433338258719e-05,0.004075644135286125
56,0.003690918135782559,0.3598120077795838,0.6317353537372395,6.538514168748275e-05,0.004696335205706774
57,0.0012328737630986335,0.34865187555186183,0.6471974953375174,3.932087523346532e-05,0.0028784344722888
58,0.0006690268907007127,0.1310845616984599,0.8664891934754811,1.7066426261116894e-05,0.0017401515090969797
59,0.0006723178236534526,0.2251378246245943,0.7722181099319317,4.251366128212751e-05,0.0019292339585383475
60,0.00010505087817015048,0.04969169146278169,0.9482185629696214,6.0047764004954216e-06,0.0019786899130262926
61,0.0019473895838459693,0.3409705374894497,0.6541659010864933,6.179714023774044e-05,0.0028543746999734206
62,0.0005711940296805607,0.11960880522224618,0.8783079545662119,4.074555174913657e-06,0.0015079716266864756
63,0.0002063967283018319,0.09529334726105042,0.8927223934643607,0.01061057130017666,0.0011672912461102335
64,0.0008058129697349091,0.18366965047287398,0.7823909993090447,0.031024599093827522,0.0021089381545189626
65,0.00043378856472075307,0.1836257262042645,0.7948542339137914,0.018357349872145177,0.0027289014450782925
66,0.00017070681864308392,0.08542343305523903,0.8661893535984666,0.046513705926253736,0.0017028006013976185
67,0.0004876428090088871,0.1146561880490916,0.8823568781940632,7.544575486727655e-05,0.0024238451929690413
68,0.0008556689510545235,0.1924689476217563,0.8001829283522838,0.0005083989395853083,0.005984056135320136
69,0.01998774920754688,0.0606362829518179,0.08553602476848449,0.006073343944298163,0.8277665991278527
70,0.018029307027057132,0.0016306161788935257,0.0002745329000588764,0.028528902795392407,0.9515366410985979
71,0.3514588920147436,0.014653416208388932,0.0010487442521781994,0.016551518818237708,0.6162874287064516
72,0.3809917190057762,0.011490632176735498,0.000320926895087504,0.002582868274427907,0.6046138536479728
73,0.5953509612045487,0.01625211008062406,6.018910082716505e-05,0.004150275233416653,0.38418646438058346
74,0.2868368928571033,0.033923946638514973,0.00020261381707138934,0.007319971627745906,0.6717165750595644
75,0.0499083716095469,0.007602780596822358,4.1833794389682464e-05,0.006729186060389352,0.9357178279388516
76,0.0020657694781602864,0.00018372921082463766,9.94491003599938e-06,0.0003347456524372077,0.997405810748542
77,0.18606650007888678,0.000927391055832571,2.6817844565147057e-05,0.0009219622894112578,0.8120573287313042
78,0.6688953418777231,0.0033188247732899696,4.4924400032920186e-05,0.0019389763397730478,0.3258019326091809
79,0.6815180471464376,0.010849240419892806,0.00010924558288803862,0.006140691903476131,0.3013827749473054
80,0.4123577766874365,0.19555996769983852,0.0007405050923567003,0.06374830799334336,0.32759344252702494
81,0.23098583143990017,0.3063499317185384,0.0011346578775750513,0.1602259187902119,0.30130366017377436
82,0.20810951990592624,0.043371075442379815,0.0007037248754600715,0.23631220304705497,0.511503476729179
83,0.20937146319566932,0.2615814964477162,0.0020645014364087527,0.30205105748022315,0.22493148143998243
84,0.07530630319218026,0.01772968392661652,0.00014902434990261834,0.03048342210612892,0.8763315664251717
85,0.3707776351019963,0.020374333291043527,8.142959942341207e-05,0.04768769978983576,0.5610789022177011
86,0.6210867241036397,0.04378047678667312,0.000305531245887557,0.06278227961225694,0.27204498825154266
87,0.5006957852187346,0.18362811662321143,0.0002680823169068193,0.023402568597332498,0.2920054472438146
88,0.6914487717939809,0.1658347857356786,0.0007970638069633157,0.05958995077876142,0.08232942788461578
89,0.3003571535895792,0.5656136765668653,0.0009178045161363386,0.0790611262762257,0.05405023905119342
90,0.01115104300410641,0.9687377264865471,0.006437112832666015,0.0017140835588198748,0.011960034117860719
91,0.16330152398953815,0.2142119925515464,0.0008862615780592664,0.030928362750715616,0.5906718591301405
92,0.6733938954381838,0.08389912019230716,0.0003368747566762389,0.037326887409595395,0.20504322220323745
93,0.42968157425591325,0.4954010632442508,0.0012820828792625282,0.006085116576418627,0.0675501630441549
94,0.10553309115576433,0.885085433350063,0.005062144897318232,0.0008192493021893978,0.003500081294665052
95,0.0986354717359573,0.8929318858378761,0.0020543301621701246,0.0028232549110665576,0.003555057352929985
96,0.08844531642506653,0.8753746846368476,0.002546111826672291,0.027513109343904024,0.00612077776750942
97,0.06716761078380734,0.9118787494693625,0.002540428833304181,0.010374570837667718,0.008038640075858264
98,0.29623956508125243,0.6817933617554547,0.0007930924105492316,0.012456725549670358,0.008717255203073324
99,0.02953340350283206,0.9589520012002568,0.009016273156952706,0.0011112035605881675,0.0013871185793702602
100,0.030607185487134734,0.9530639111929626,0.011103580090935166,0.002739002563385416,0.002486320665581929
101,0.112181944116768,0.8658191273302054,0.013120296584075677,0.0035572819784319325,0.005321349990518943
102,0.08936242139951509,0.8826087460701068,0.012850854105401708,0.011644482875432557,0.0035334955495438993
103,0.013080461810256612,0.9555725815899901,0.02442668853959887,0.005389646488660394,0.0015306215714938906
104,0.0065294500034538475,0.9498721189713247,0.03874288318802353,0.003107245681705878,0.0017483021554919372
105,0.005269328735609341,0.8768214961666033,0.10801070184488518,0.005679096550549864,0.004219376702352352
106,0.030974896215149404,0.8505692385575002,0.06166336595171494,0.046042405518395245,0.010750093757240195
107,0.038800213626287466,0.8604088087981464,0.008646792702135848,0.02722476414710015,0.06491942072633007
108,0.47587330510889597,0.12309771399890658,0.0006195321731091543,0.2107064294004087,0.18970301931867958
109,0.35823346237348347,0.5603515457762287,0.0016973056759614592,0.02049970462071935,0.059217981553607
110,0.7643309164986788,0.13585967923413858,0.000621295714343925,0.016432225655142674,0.08275588289769595
111,0.6999867907505836,0.2343456493002628,0.0007336878623569514,0.026774147136534483,0.03815972495026195
112,0.29330497463349914,0.593210290040417,0.004771813570030152,0.05639270576374038,0.05232021599231331
113,0.32870916174521053,0.5639845260361224,0.004244119873140979,0.075737912744856,0.027324279600669955
114,0.42373453891977,0.08821438876252793,0.00046194411155807766,0.0940814613554938,0.3935076668506502
115,0.12405266565828892,0.8535700338458856,0.0008623570887522927,0.012650746120672905,0.008864197286400387
116,0.3379241723260754,0.6413151534432379,0.0015705772991579628,0.007534695807361902,0.01165540112416697
117,0.3049822956889311,0.6259743583950976,0.0011172896365764695,0.00829558878444966,0.059630467494945306
118,0.06280696096494559,0.9242763021069887,0.004706793642341447,0.00668338832635705,0.0015265549593673705
119,0.09862214828618847,0.887040578794708,0.0016246273424174308,0.0035537850688164706,0.00915886050786957
120,0.11526947670247986,0.8683779328042682,0.00417461870838934,0.0030541546447596895,0.009123817140102856
121,0.09070069922855586,0.9001230069865491,0.003409773138292478,0.0007501493815814613,0.005016371265021082
122,0.04149273794442569,0.9440450271451077,0.010506284476225102,0.0009054623499065832,0.0030504880843350403
123,0.10588764783616031,0.8773216883609032,0.011178547989843229,0.001153322442509268,0.00445879337058414
124,0.024803005258552373,0.9471009440430214,0.026508535786151487,0.0004568025066460782,0.001130712405628704
125,0.007196921603868426,0.9499355849138469,0.041549452808281574,0.0003954349087536534,0.0009226057652495416
126,0.002878979771363173,0.7719482782445426,0.22252444408460723,0.0009256642860948255,0.0017226336133921963
127,0.0055029185939269734,0.8179860045704956,0.1687355930601385,0.005388150635782719,0.0023873331396561757
128,0.024371809616060378,0.931018577190293,0.03927109946470325,0.003296170421169179,0.002042343307774131
129,0.003208354789847978,0.8805845401558171,0.11175203530903917,0.002690753569296033,0.0017643161759996698
130,0.0037040341819057384,0.6133645655419547,0.37468335301219263,0.005619509151074731,0.0026285381128720504
131,0.0063906609667675664,0.8610369206302481,0.12293294581842869,0.0028465660395965227,0.006792906544959179
132,0.06812734221309304,0.8058802850358465,0.08294350894894083,0.0359346173927318,0.007114246409387759
133,0.03239768646346281,0.8757049892636236,0.07582530375362173,0.012579100547843896,0.003492919971447898
134,0.019844436693747088,0.921438427367903,0.04895246380259847,0.0034843937466622044,0.006280278389089046
135,0.37721213590770686,0.5667832923099309,0.013638232897972034,0.013463265597024736,0.02890307328736546
136,0.03595819481793013,0.8908207233972569,0.06867242130082438,0.002584230998245761,0.001964429485742701
137,0.04804322991011434,0.9133672666207111,0.027290140220960855,0.002411361311449425,0.008888001936764197
138,0.21094480406714344,0.7660231439298342,0.0045113935953960856,0.007545024346806043,0.010975634060820444
139,0.3467532853818382,0.5226928292273427,0.005558594157756284,0.024745983663409042,0.10024930756965379
140,0.04310331177284635,0.936373893708236,0.015842525906487714,0.003038331893408192,0.0016419367190217901
141,0.015025475970043183,0.973398684019774,0.00752310560500674,0.0028839407276768053,0.0011687936774992318
142,0.1042883970617001,0.8392791962357757,0.006031591075587114,0.03246306360845516,0.017937752018481856
143,0.20912808929719665,0.6690465486298346,0.003310300136395744,0.06432226221657451,0.05419279971999855
144,0.04272988667703776,0.9041870357849358,0.008957072315283345,0.00983543099192099,0.034290574230822275
145,0.04027677463028678,0.8501587584310052,0.01615488687648793,0.056330450413563625,0.03707912964865635
146,0.08208913440992174,0.03266292678453795,0.00012372743455752813,0.03365993208824795,0.8514642792827348
147,0.0833269747476953,0.04105389418629828,0.0003005852188924262,0.0404151789332596,0.8349033669138544
148,0.03524916561070377,0.008608996023376983,8.59370668498299e-05,0.04497456301083496,0.9110813382882345
149,0.16161693379399725,0.0034568342866182844,4.7739652091178375e-05,0.01524796270342219,0.8196305295638711
150,0.07957441102575301,0.0018857609484231566,1.9580544212056515e-05,0.015203761634233192,0.9033164858473786
151,0.45377948148855507,0.016478694871028324,0.00029949794842094104,0.022705929419529203,0.5067363962724665
152,0.513774953756271,0.021563635210213587,0.00034658488106700835,0.11625094930688273,0.34806387684556567
153,0.0023530273472786444,0.0011682797820165365,3.938249292664484e-05,0.0010561930012136234,0.9953831173765645
154,0.0023836412292276557,0.00025141017417103576,5.1455242101641165e-06,0.001431150533176708,0.9959286525392145
155,0.02296459104397859,0.0006898976300145761,6.652160663216546e-06,0.0019973702639513634,0.9743414889013923
156,0.1506701635231273,0.0018328947965663912,7.848756897760648e-05,0.008107898351588002,0.8393105557597408
157,0.029040556978928152,0.0015722330777978542,9.422702940095188e-06,0.01731109109249519,0.9520666961478388
158,0.09324306907538722,0.012571018924806136,0.00031315820432022807,0.4894541308221062,0.4044186229733802
159,0.015869368327388826,0.003827326486899341,0.000282397087447144,0.4640326387607198,0.5159882693375449
160,0.006678342363967695,0.002300825685557554,3.428587427393712e-05,0.29481919183886307,0.6961673542373377
161,0.005595917034462745,0.0018056144919126793,8.463043390972324e-05,0.5754096771395321,0.4171041609001829
162,0.019973080092926192,0.0044375429885423374,0.0005341855394049004,0.8349073591817714,0.14014783219735522
163,0.0036326934485124925,0.0006622418303792913,2.4179351063159784e-05,0.1055593494740515,0.8901215358959935
164,0.003090324042077004,0.0004025897232081234,6.793598482630759e-06,0.1253328731679664,0.8711674194682659
165,0.013464426920658985,0.0023935068706769655,3.7057165204384645e-05,0.32894690128248105,0.6551581077609786
166,0.023514833116644263,0.0017801507130154927,0.00011386706653749107,0.3213045975732229,0.6532865515305798
167,0.027924559666341463,0.002189231852769094,6.600510235761308e-05,0.6046035210959575,0.36521668228257437
168,0.04395758902552514,0.002671013502049253,0.00022348292981190136,0.7051171227056123,0.24803079183700127
169,0.004959350030930855,0.0009216372965347462,0.00013204500868671556,0.10681534708280598,0.8871716205810417
170,0.02098844831474127,0.0027421039715235926,0.00021928276007604356,0.539144870458132,0.4369052944955272
171,0.002185371959474807,0.0016338791828690766,0.00037318233301978244,0.7286970444752434,0.2671105220493929
172,0.0038148016710523435,0.0024536464500802277,0.00019597546895514076,0.9477746422276957,0.04576093418221667
173,0.0023774908063622217,0.0027990161878276997,0.0004649175067363433,0.9011795149063994,0.09317906059267446
174,0.005505384186053173,0.0057109338772963186,0.0005114445090489164,0.9410914701660786,0.047180767261522885
175,0.006834357173353107,0.0062414531558799185,0.000845507904148202,0.9706017366687664,0.015476945097852446
176,0.0028865224178290503,0.0037276928465325913,0.0009510325251285323,0.9136984056243805,0.07873634658612937
177,0.007301783045365634,0.004394276726874149,0.001588375813794812,0.9521008147055733,0.03461474970839212
178,0.0031919288856381636,0.0021907322538292293,0.0018350173170628558,0.9247607114751479,0.06802161006832172
179,0.014469188291408292,0.009175946353290039,0.005432302719300816,0.7211597988795669,0.24976276375643394
180,0.007906710258374389,0.003670509384531871,0.0005497317320496327,0.3484565163461244,0.6394165322789197
181,0.002959924451187836,0.001818863930669114,0.001416907418877769,0.3821535843327188,0.6116507198665465
182,0.010803527418644076,0.002337333100585523,0.00027473769862995304,0.15452168493398083,0.8320627168481596
183,0.018124141799126314,0.0011915034648292504,6.731347042697747e-05,0.03919834072800388,0.9414187005376136
184,0.008064655652329252,0.0029219726236100743,0.0006304772735765787,0.21225078515767665,0.7761321092928074
185,0.02188641030606915,0.003066790363036987,4.612639878651178e-05,0.4327074169560814,0.542293255976026
186,0.007241693463745647,0.0018950028631950855,0.00022834460359490253,0.8362019124768764,0.15443304659258802
187,0.021649632700659185,0.0020155190795294797,0.0001838680330947101,0.7681779011068199,0.20797307907989668
188,0.004164495757697794,0.0013268562217921215,0.00012579232128163758,0.9480032584071278,0.04637959729210053
189,0.003494913773009662,0.00033813453094661515,4.064264655370637e-06,0.25958580884386157,0.7365770785875267
190,0.020711498896825758,0.0017868102492709257,1.5833730838701612e-05,0.37662408299755595,0.6008617741255087
191,0.08226479320335114,0.004019962118113978,2.124661591336319e-05,0.34760620698787736,0.5660877910747442
192,0.1757668971451529,0.01198154171266242,4.4146106748478066e-05,0.054067432235418746,0.7581399828000175
193,0.10910515568665334,0.002967049402794958,8.57355521474778e-05,0.08725794378222955,0.8005841155761747
194,0.1547191073615235,0.007543798193687249,0.00033421081017788267,0.5202916507870299,0.31711123284758147
195,0.04738236995045937,0.007608581984437994,0.0004521838243554108,0.570440767569922,0.3741160966708252
196,0.062261419146894544,0.008520390718233906,0.0004447142945602603,0.7881397134946211,0.14063376234569025
197,0.014663047689883075,0.005195305932353678,3.4281469560812656e-05,0.9664977414974038,0.013609623410798532
198,0.016248233200792987,0.0033878540648604287,0.00014248167273456225,0.966634018430695,0.01358741263091706
199,0.008619293999805658,0.0023912594104165954,9.056518341016309e-05,0.21225698471318055,0.7766418966931872
200,0.009570877244770739,0.001134201619602444,2.6978095566040804e-05,0.228314807479798,0.7609531355602627
201,0.007573459252701342,0.0013839543616190537,9.72397607402075e-06,0.07737409150532562,0.9136587709042799
202,0.03529002596790408,0.0010810109646000093,9.800907754901677e-06,0.04713005533825595,0.9164891068214851
203,0.006192291739931521,0.0003873738076251057,7.721385650245519e-06,0.017400133031649383,0.9760124800351436
204,0.02062685536730236,0.002060017202653487,6.276136741284631e-05,0.205777274986906,0.7714730910757253
205,0.013083749699923108,0.000943087427953399,4.7434854700849206e-05,0.03260421738236402,0.9533215106350587
206,0.013420525372606447,0.00499608396698317,0.0005967210227745758,0.127418416717725,0.8535682529199108
207,0.011441980531333959,0.006644071143562721,0.0027349679851513,0.08084187241568591,0.8983371079242661
208,0.010271015250701182,0.004813231892868692,0.0014971237000100865,0.19047413856540804,0.792944490591012
209,0.019902920204115493,0.032358913416866246,0.00576704243726936,0.25246379613790687,0.6895073278038419
210,0.03694728554090088,0.008010939546091857,0.0005577994039677955,0.07882164157785292,0.8756623339311866
211,0.19462690714441933,0.3391463596334924,0.02190346921209935,0.22003741897417917,0.22428584503580964
212,0.062414373173021113,0.2005927947379844,0.003932063614364848,0.13900597686189772,0.5940547916127319
213,0.02573133907860444,0.01970750414478651,0.0002204829364298711,0.46551406125099587,0.4888266125891832
214,0.027673195657625622,0.15491475765623808,0.002510838910327343,0.7203935984286686,0.09450760934714039
215,0.03737209324169157,0.09146916892291924,0.0017564139290762218,0.8359134892133864,0.03348883469292657
216,0.035363755930746206,0.01477685225907993,0.00016901339248885346,0.5463657412786784,0.40332463713900657
217,0.07965515371977222,0.042769671562289474,0.0004582091778349295,0.8225853563350732,0.05453160920503002
218,0.04395020169591731,0.26860191562264035,0.0010630348701397671,0.6594766028960017,0.02690824491530093
219,0.03053296376214941,0.03452643357086249,0.0002469933196321833,0.6897463784487406,0.2449472308986152
220,0.02027730189572492,0.009812429498267161,7.496871419460559e-05,0.5658504571152742,0.40398484277653907
221,0.09011793855095972,0.01559597469909332,7.486509747205558e-05,0.4759970460457897,0.4182141756066852
222,0.030702336795081126,0.0009184354740527219,1.0973370726639286e-05,0.043844843652936324,0.9245234107072032
223,0.3848683641340975,0.0044850350831565425,8.259922939834274e-05,0.15152757196381192,0.4590364295895359
224,0.5541084229604075,0.005514208164467146,8.515134001413424e-05,0.22320107388964994,0.21709114364546125
225,0.29102399350493546,0.027355507641524508,6.487514287866863e-05,0.3785603949675841,0.30299522874307716
226,0.2271145385780719,0.024519705292714716,6.0076691773600384e-05,0.659078706341126,0.08922697309631375
227,0.04626581254048591,0.03801908694300724,0.00014639479437669867,0.8777249370921412,0.037843768629989095
228,0.034570826545676794,0.014174940913025692,4.209724094970648e-05,0.7482869245568581,0.20292521074348974
229,0.1942714028068098,0.04871514413135484,0.0003327388674646691,0.6940436328300935,0.06263708136427719
230,0.08971194192297749,0.053463860690581566,0.0001921069409137345,0.7639857007643366,0.09264638968119057
231,0.3879199658490828,0.018675148869569176,9.333973674787643e-05,0.44913356923102277,0.14417797631357734
232,0.5895432290385662,0.08581097949201417,0.0004898827611677013,0.26398150241864204,0.06017440628960975
233,0.1901335984482255,0.45653783868449194,0.000786162373756297,0.19012679808461697,0.16241560240890943
234,0.6597869648503613,0.1272994418741621,0.0002931111966544783,0.18993291207720558,0.02268757000161656
235,0.07446371930553791,0.823589558660448,0.003022131457025078,0.0953543615159343,0.0035702290610544044
236,0.029824321202255498,0.9389463968873343,0.0037612051746235293,0.02202483947117775,0.005443237264608905
237,0.1966052547513647,0.4300081346013226,0.0016439557101894811,0.15853804630355553,0.21320460863356772
238,0.03070651967295996,0.9423082394965802,0.0018101310982392162,0.014175122561031121,0.01099998717118943
239,0.07241754024116773,0.8958862668833273,0.004936722329632992,0.022427294583334978,0.0043321759625369735
240,0.1667580473048522,0.6252298862835375,0.0006318948321944904,0.13597927394509776,0.07140089763431788
241,0.18798446531490373,0.5310267038609584,0.0010900083937821548,0.23919345756936686,0.040705364860988885
242,0.18046174950827804,0.6758717193102795,0.0010113289972401367,0.12573284994674622,0.016922352237456032
243,0.20052481050477045,0.43726513979231973,0.0012493733414892533,0.24039339718636094,0.12056727917505973
244,0.15856012489444374,0.08285797909266365,0.000210804392925421,0.19201191293425443,0.5663591786857127
245,0.567136138201517,0.13884671248130187,0.00035066180394781386,0.1283106089360511,0.1653558785771823
246,0.6145078827799304,0.30484449820548054,0.0005700788125671823,0.05403111124569753,0.026046428956324193
247,0.7269812400577957,0.22906564280692668,0.0002587213102468155,0.024576087713308378,0.01911830811172242
248,0.05465251113308391,0.9334707573979804,0.0006251425649825242,0.009101608392460854,0.0021499805114923746
249,0.027794350983868062,0.9558157531525419,0.006015328745883341,0.007962173137814851,0.0024123939798917377
250,0.15224873186953627,0.82003222801619,0.001066768292185002,0.021829363781212707,0.004822908040875972
251,0.004350041199057276,0.9921898017716569,0.0020517041293241635,0.0007642095897344057,0.0006442433102271764
252,0.00491679610941843,0.9873865617072077,0.004147442684592663,0.0014647919180227943,0.0020844075807583623
253,0.2011634929994052,0.6288112005552942,0.0011159353374303712,0.0062371865842801855,0.16267218452359003
254,0.013738603771712958,0.9816519091578095,0.002063560564629534,0.000305142910511873,0.0022407835953359902
255,0.05790391840846773,0.9320643540138467,0.005572858159687375,0.0014693176073764592,0.002989551810621641
256,0.011615655245976252,0.9402815647389305,0.04396016363863697,0.0014991906840504604,0.0026434256924057647
257,0.09494545404866161,0.8526146537527204,0.01735688441395745,0.02454971072354952,0.010533297061111098
258,0.022162742877136894,0.9597853386271118,0.010294276354771242,0.005752103379398377,0.0020055387615818075
259,0.045018552524807375,0.902271218051468,0.028730858048437866,0.019736363192536525,0.004243008182750274
260,0.02585537042647666,0.9521594857019701,0.012557490356051405,0.006551975749230528,0.0028756777662713186
261,0.017974592569960195,0.9434590410769744,0.02698838740250294,0.008005460806527443,0.003572518144034992
262,0.016978452473868533,0.9090295254545048,0.05735045291148078,0.01343358228300179,0.0032079868771441463
263,0.0065810917332508045,0.772059269221962,0.20401547997686817,0.013208872778706363,0.004135286289212738
264,0.06949008154715738,0.843913739661045,0.020375429748252998,0.05716761652853194,0.00905313251501263
265,0.025241910045124327,0.9382661250099121,0.011195872966395758,0.022588691000572356,0.002707400977995544
266,0.009642571867615603,0.9336797261547064,0.045507535731860276,0.008664490398354952,0.0025056758474629338
267,0.17071254246916004,0.7778639850701939,0.003579117940267017,0.019788351962169475,0.02805600255820957
268,0.03219905037123167,0.961749296321381,0.0008796451587771532,0.002328360521370582,0.0028436476272398724
269,0.008353150007737434,0.9268043236365414,0.0586040475645696,0.0033531282705581557,0.0028853505205930835
270,0.38679681264227356,0.49983850703224464,0.0014402742364382477,0.008945127636148823,0.10297927845289474
271,0.07733468637457631,0.9168360373391546,0.001638400489539366,0.0021942194236547283,0.001996656373075077
272,0.03288398780761188,0.9610578417449439,0.0013470091145450888,0.00169820652737676,0.0030129548055222387
273,0.026686658032614507,0.9519060961390204,0.01836620293791194,0.0015265550285588807,0.001514487861894023
274,0.049160309512440374,0.9337105764941058,0.010142214510054821,0.004037098824502334,0.002949800658896495
275,0.016717783047703282,0.9762418468339097,0.004933875101198262,0.0014669030579404169,0.000639591959248047
276,0.013198938798221663,0.9730965135857951,0.011893874256844976,0.0010982334800446272,0.0007124398790935576
277,0.005238237484019379,0.7691175880070049,0.21943123282717072,0.0034689816219080137,0.002743960059896913
278,0.009131948459388967,0.9304263289499468,0.05550114024266953,0.002079389190792101,0.002861193157202669
279,0.031487774757293016,0.932064316979363,0.030630944829969572,0.0018149264575307706,0.004002036975843583
280,0.006182459056219569,0.9221593477049767,0.06970315412178242,0.0005385766984288489,0.0014164624185922915
281,0.028949328991026514,0.9137466349856188,0.05425078775205677,0.0007184613375918879,0.002334786933706001
282,0.002628353461081849,0.5072794868164131,0.48874823626309,0.0003258655692428974,0.001018057890172127
283,0.004153513993169051,0.713012528027486,0.2798778517278619,0.0005448619688202796,0.0024112442826625625
284,0.009614284657701241,0.8778243205934684,0.10972160216116171,0.0010879237561664751,0.0017518688315022346
285,0.007906289503665613,0.6384586676081238,0.3492105910775521,0.0018906391906496041,0.002533812620008945
286,0.008611948585213311,0.8557799706398775,0.13178907031246176,0.0005585061542450555,0.0032605043082020568
287,0.0019126131593936518,0.7278897238481978,0.268550218460041,0.00031398842251331455,0.001333456109854327
288,0.005451601180793754,0.8882734118053864,0.10439782174482859,0.00037084375451377653,0.0015063215144773604
289,0.001630003319049685,0.7607442382050082,0.2363544311832475,0.00023142189742141704,0.0010399053952732415
290,0.0021901884887226613,0.6151773307544015,0.38076737688618106,0.00023501398709235271,0.0016300898836024208
291,0.001416352776197653,0.5232444858276183,0.4738503223367929,0.00044923894748089043,0.001039600111910353
292,0.009911167618322678,0.805683216170843,0.17808337609888353,0.0023253803637266067,0.003996859748224292
293,0.005299371203169794,0.876420657331648,0.11407176998535123,0.0019400644402720612,0.002268137039558984
294,0.011158478770243568,0.8650114015344601,0.11753074724639409,0.0035898543032412745,0.002709518145661034
295,0.0023550880512854177,0.6872486687355549,0.30699994461450664,0.001037424547627137,0.002358874051025798
296,0.06392379691247814,0.906715103227167,0.020544297001974802,0.005190524082052285,0.0036262787763278945
297,0.005506282846910051,0.9125657944747507,0.07419767569813993,0.006288809460678745,0.0014414375195204794
298,0.0038351590857468518,0.7575827194651262,0.22453497966712746,0.01216039564945083,0.0018867461325487317
299,0.01096157458050961,0.5525627195827577,0.3640054453458411,0.06769566133757303,0.004774599153318624
300,0.10740092545782168,0.8248669690372512,0.009834207437105537,0.04055157968291085,0.017346318384910873
301,0.027985204785511163,0.9472911684233096,0.018178715899249753,0.004464109284783179,0.002080801607146369
302,0.029119264008075824,0.8980249262682077,0.06619941277666261,0.0038759058221453217,0.002780491124908323
303,0.11645362151077321,0.8619037731787044,0.012198738780453274,0.003824804954166642,0.0056190615759025555
304,0.014220124847795943,0.9583548895678533,0.025748132307611724,0.0007500625012998726,0.0009267907754393212
305,0.007930806975456154,0.8905489235784951,0.09828301499489533,0.0011219120321327401,0.0021153424190206624
306,0.014897883797330203,0.9323535647060142,0.049815055463308104,0.0007531245136909726,0.0021803715196563253
307,0.004557916450954101,0.9188345501839089,0.07523621378654043,0.00041947861590073865,0.0009518409626956896
308,0.0030495368852827883,0.7651274365087425,0.22981629109682047,0.00047483805525475715,0.0015318974538995364
309,0.003557243007227098,0.8387967692836782,0.15591268553855825,0.00040297600174153653,0.001330326168794877
310,0.0005178589578565552,0.38402770448246587,0.6148990923154091,9.656568486891633e-05,0.00045877855939954146
311,0.008742595959601059,0.7071702610573916,0.28112309748099384,0.0009075496215267253,0.0020564958804867766
312,0.004359787307210999,0.9116187556309564,0.08255362905663968,0.00040175226207612096,0.0010660757431166415
313,0.0007533063779734441,0.6550688121969543,0.3429651656829344,0.00019393390579183049,0.0010187818363459474
314,0.0010953730403806892,0.41714750980819937,0.5809509689806078,0.0001543317190076177,0.0006518164518044949
315,0.0005573619299214825,0.3459849647327338,0.6521224106625803,0.00021553126931801557,0.0011197314054464324
316,0.0010880963894463927,0.4173068083346517,0.5794370753219699,0.0003150249775917893,0.0018529949763401916
317,0.024922012935724363,0.7907903041089437,0.1755954912583746,0.0028866407971092954,0.005805550899847952
318,0.005432330819568644,0.7296172070874377,0.2619308397465893,0.0008271068924706527,0.0021925154539336983
319,0.001592077565020022,0.7121141943406383,0.2851946884192562,0.0002953104198553738,0.000803729255230122
320,0.007524575017460229,0.85440858504747,0.1358276460544922,0.00048495137546721956,0.0017542425051103039
321,0.05186493572705803,0.892475798874157,0.04752150348021327,0.0027260500692089544,0.005411711849362858
322,0.0016328092319627592,0.5594837892293661,0.43623082606815433,0.0010180974645269967,0.0016344780059897649
323,0.004962820095779483,0.7835522490825756,0.20735122904658992,0.0015427398573337574,0.0025909619177211726
324,0.004840669675797373,0.8802913560505261,0.11165021257115793,0.0010820090113157347,0.0021357526912027815
325,0.0778645985536513,0.8774948214314215,0.020040793929710452,0.0197601024260588,0.004839683659157983
326,0.004951762094724334,0.8907966936907625,0.09931379399236864,0.002949491271305627,0.0019882589508390556
327,0.012348086507320584,0.9327836870775116,0.04856688979767935,0.0035389866394215878,0.002762349978066912
328,0.01835846220449001,0.9311183045040535,0.04091588905568648,0.005137027536536612,0.004470316699233371
329,0.13474962991587425,0.8215385349431952,0.009104782403651694,0.015177282720373953,0.019429770016905074
330,0.015242719414118085,0.9137635998515329,0.04933269602691911,0.01954550559593074,0.0021154791114991124
331,0.07093208090631288,0.891229041754345,0.009510367814987836,0.023332278718537068,0.004996230805817139
332,0.28481230588445344,0.6101221994950259,0.0074163395579738564,0.08935654484479516,0.008292610217751689
333,0.09610704217370265,0.7511691603272512,0.011018561907633145,0.12927723672996178,0.012427998861451194
334,0.23026925621677277,0.3617549576029135,0.006417758295543688,0.3724030792789241,0.029154948605846016
335,0.08335101783577438,0.18825428631065244,0.01953597716648687,0.702042074675271,0.006816644011815392
336,0.04532797273118358,0.07805276895719725,0.004872117416385015,0.867418337006508,0.004328803888726214
337,0.06526843291555814,0.08007997006834713,0.0025963997156714896,0.8480301727020227,0.004025024598400699
338,0.18175446757138797,0.2508730782032464,0.006614174126126727,0.3785001330460539,0.182258147053185
339,0.28898634014391256,0.12048082330797713,0.0033695053189607823,0.2978324168970853,0.28933091433206426
340,0.2283773397311313,0.4239356765238393,0.005899895060777487,0.31050753893375516,0.031279549750496814
341,0.19608711951230778,0.4072329838041866,0.006682633039989349,0.32347160168413414,0.06652566195938225
342,0.17957392430703809,0.03729620406498841,0.0006157485440599156,0.64090415089327,0.1416099721906436
343,0.12188063202567262,0.12716796077905124,0.0009629000801360415,0.7165009160030261,0.03348759111211397
344,0.15189411521905374,0.34850066484180087,0.0020220681958430355,0.46281622544736883,0.03476692629593368
345,0.27588811052268264,0.09858352010508174,0.00024765193337340156,0.5706803307383026,0.05460038670055946
346,0.3336939903138,0.05751636148055011,0.0003445112273856912,0.5696455888753641,0.03879954810290025
347,0.13527276551977638,0.09769868633685684,9.82369133522733e-05,0.7530212817245682,0.013909029505446303
348,0.18824840183398703,0.4996288576973253,0.0007555739172896483,0.30606864635616876,0.005298520195229234
349,0.28294334984422037,0.11994195304597643,0.00013370385901371906,0.29590216424168997,0.30107882900909955
350,0.23588740316273576,0.5295670959364736,0.0003962313815031449,0.22524343515013318,0.00890583436915446
351,0.13928055015396318,0.7874530178534669,0.0003210095457651803,0.06914681523750373,0.003798607209300975
352,0.37422772485623024,0.5182781738667014,0.00027831277192369403,0.09758135517511575,0.009634433330028927
353,0.01810645754839628,0.9499019980323667,0.0003448209619907546,0.0303363096065005,0.001310413850745999
354,0.10872848303203834,0.7668103006376307,0.0012162510669191807,0.11972594658807988,0.0035190186753318023
355,0.0636374236015826,0.9066999580358283,0.001304526747270907,0.025696992533313475,0.002661099082004723
356,0.10245470123440992,0.8228673976158039,0.0025146569040206696,0.06627244788342754,0.0058907963623381744
357,0.026906193282951005,0.9630160776321937,0.0005575742773465557,0.006985853370898074,0.002534301436610851
358,0.008068498216851057,0.9884511618522742,0.0004044257557359315,0.0020888009299238936,0.0009871132452146927
359,0.13673879658128227,0.8319349634423062,0.0007641565871833834,0.01109804984588354,0.01946403354334447
360,0.238940689530762,0.7436314097786689,0.0007514279626633579,0.011052324341742891,0.005624148386162773
361,0.10460123153625456,0.8848810029060286,0.0004196492992904096,0.00644913576945135,0.003648980488975179
362,0.03862359415210489,0.9446526615436085,0.0049211518416941834,0.009373993265874526,0.002428599196717955
363,0.1603027541798249,0.8235278451544462,0.00037240798717669586,0.009858793334525709,0.005938199344026467
364,0.03910510228761695,0.9500386682297517,0.000753927099737089,0.008459934070564041,0.0016423683123303206
365,0.05948067779745138,0.9055328451907732,0.0017847400434938513,0.026508228058061578,0.006693508910220032
366,0.041655748871977524,0.951376459686678,0.0006986752305274575,0.0032400098596856077,0.0030291063511313325
367,0.022669274451706314,0.9443525820308006,0.004266632342669429,0.019621794640107163,0.009089716534716494
368,0.4630571039959435,0.21917627603998194,0.00032945176879866587,0.05566287078729732,0.26177429740797864
369,0.2151366812327788,0.7540510883337848,0.0003957444173899809,0.012492608651916239,0.0179238773641303
370,0.21402014391103844,0.7472822661622075,0.0012585182477126149,0.02139783888907207,0.016041232789969318
371,0.5498422956162682,0.212013500641364,0.00039342034039998854,0.021465410173105576,0.21628537322886215
372,0.20289136366128774,0.7648315150798478,0.00048334003656855907,0.02283703629921726,0.008956744923078599
373,0.09962557350475892,0.8432023983684966,0.0024439136697399365,0.0386616892926365,0.01606642516436767
374,0.6550399977339169,0.1316344462715266,0.0002362901611848174,0.10191948912960559,0.11116977670376621
