epoch,N1,N2,N3,R,W
0,0.0022149102740365856,0.0007004869570216227,0.0001680471820187825,0.00010992476293814938,0.9968066308239848
1,0.0011035782955567497,0.0001258215099870065,1.9670193937577145e-06,8.272636283660326e-05,0.9986859068122259
2,0.0016165476873091606,0.0001955361248175538,2.618265332166858e-06,0.000133553312081626,0.9980517446104595
3,0.0004016379381438306,0.0001267461158883444,1.0767200415836643e-06,3.3102168610189046e-05,0.999437437057316
4,0.0013622234057050974,0.0005492761544176821,2.819007568170327e-06,3.077334610407473e-05,0.9980549080862049
5,0.007744165564393679,0.0016462008995663869,7.507247417947165e-06,0.00010509073111611195,0.9904970355575059
6,0.1521976868289992,0.008858160249317177,8.23939210415825e-05,0.0005087291565820881,0.8383530298440599
7,0.04892131632081078,0.0088440926354665,0.0001532525895415415,0.0005079991004976272,0.9415733393536837
8,0.09950824595876687,0.009563830049173803,5.297663101521097e-05,0.0007016915075477185,0.8901732558534965
9,0.2998155832522103,0.6151319504232337,0.01084524777926095,0.004008881450001479,0.07019833709529369
10,0.21155228698794717,0.6003030444857675,0.09476230383460162,0.008303176961992368,0.08507918772969116
11,0.052173817757851765,0.6856876109197197,0.18825317227915184,0.00269200113780399,0.07119339790547254
12,0.025370433456317853,0.7804474691540899,0.12023380283779231,0.0046430994260716505,0.06930519512572846
13,0.0439628394148418,0.6405078544645239,0.04253187484019124,0.0042244758821358514,0.26877295539830726
14,0.1316299203843586,0.3559427089306448,0.001146546392347891,0.005397824081106843,0.505883000211542
15,0.02177182403094773,0.7930310063687581,0.09664248231746109,0.000321845536133533,0.0882328417466995
16,0.034741727204319325,0.8007067406919596,0.07622973170955781,0.000878586159545184,0.08744321423461794
17,0.02131878561520209,0.7135766492021354,0.1159531698258008,0.0005362904349777741,0.14861510492188398
18,0.06621103025049788,0.47157972351475225,0.00998240256034543,0.0022126739752426606,0.45001416969916175
19,0.02793648592051507,0.7382672476633799,0.05795619738795061,0.0007330780964521603,0.1751069909317024
20,0.034426730532453965,0.7515553513961353,0.14763196688629687,0.001816717512098056,0.06456923367301563
21,0.07616732186872037,0.4593780024473835,0.01716915959349319,0.0022043560646190347,0.4450811600257838
22,0.060475500980933926,0.7215980225174432,0.05467427803520674,0.0010306495097391376,0.16222154895667687
23,0.06833970902296363,0.05740259546500381,0.0005548223064324063,0.000735187055099998,0.8729676861505001
24,0.10414192319836164,0.7325046051202112,0.12843668380439296,0.00021736817101248709,0.03469941970602169
25,0.11268526971440158,0.861983905590495,0.0028159366635133218,0.0003155277556699133,0.02219936027592035
26,0.056854436500165924,0.6031557947559251,0.313625400503962,0.0002741924173211752,0.026090175822625877
27,0.019891362314942616,0.9242964274947463,0.0459546235129,0.0007347185233042895,0.009122868154107046
28,0.020085672609504442,0.7961007637532749,0.16693004288709323,0.000348324737414201,0.016535196012713343
29,0.008637704309517645,0.6306242866184743,0.3491617465191266,0.00016645386173841313,0.01140980869114309
30,0.011836604277067437,0.7684407613381925,0.21037468615089688,0.00021302398065757523,0.009134924253185689
31,0.0027104391459805625,0.22539490631975403,0.7632898924635152,6.389829129971722e-05,0.008540863779450647
32,0.026358296267362417,0.5283701418021344,0.4227812254824263,0.00018190300336701375,0.022308433444709962
33,0.002619651041809148,0.32824244832426014,0.652681012279805,0.00010169862587876086,0.016355189728247014
34,0.005426394779380931,0.5180651327950564,0.4571189490363929,0.00019124516506818627,0.019198278224101518
35,0.00476159146595652,0.28104555921573926,0.6997908798280502,6.640485751773616e-05,0.01433556463273623
36,0.004415114284042708,0.3611759132692067,0.6176742981905285,0.00010217802646785065,0.016632496229754136
37,0.006382624752453059,0.42751982965163604,0.5492002759750065,9.66934707603283e-05,0.016800576150144023
38,0.0050399073238147855,0.33235428590011384,0.6485653991788668,9.69874819615427e-05,0.013943420115242891
39,0.017280394239235403,0.4862594305533416,0.4804664641749481,0.00011737878695329154,0.015876332245521704
40,0.0025135505501180416,0.1999956430341167,0.7919582669907278,2.915940317788043e-05,0.005503380021859441
41,0.014295372998985593,0.5416180142811508,0.4347214010896547,5.607235911259468e-05,0.009309139271096263
42,0.008241115590960784,0.26259503028289094,0.7137970732053914,2.8193459838885888e-05,0.015338587460917775
43,0.0026351099920458574,0.12054993687067725,0.8704481282221922,4.4402744491854544e-05,0.0063224221705928335
44,0.018218899082710103,0.3473367020757008,0.6132603180763762,0.00010244345429423694,0.02108163731091882
45,0.008909230408551476,0.3562357025863336,0.6007634857105566,0.00010233810522791874,0.03398924318933047
46,0.00664818384409801,0.2386977985887602,0.7256440344982884,6.891183459560455e-05,0.02894107123425784
47,0.005578864412562523,0.22595854326804257,0.7564952971904035,5.474803844458701e-05,0.011912547090546755
48,0.0033926993750820872,0.1736476272828417,0.8011511155223905,6.545746080482478e-05,0.021743100358880864
49,0.013556903821568786,0.42417852740481554,0.4757631721664473,0.00034075192284660965,0.08616064468432173
50,0.007127651760504119,0.2881009452036232,0.6699988666056971,0.00035581932128174026,0.03441671710889378
51,0.006303558686353336,0.19829814335882331,0.7799378875852905,0.00025208391775025487,0.015208326451782696
52,0.08327531401654259,0.5523237242856481,0.30244913119940764,0.0018975924538935365,0.060054238044508
53,0.03692149183447234,0.7030342404228782,0.2411765267955592,0.0004598989808883406,0.018407841966201877
54,0.034437282783392045,0.4345951646245322,0.4185156930454831,0.0008936335943204505,0.11155822595227216
55,0.21515971191762032,0.7426166227388524,0.011714899505875467,0.000917110283502706,0.029591655554149124
56,0.06006755062195195,0.7638248089422717,0.1553734495312702,0.00045436544184283134,0.020279825462663416
57,0.014159041856313326,0.5272543372890465,0.44412088422731727,0.00024390070146463978,0.014221835925858439
58,0.020649178405292828,0.835195098523514,0.13767164610460464,0.0004096131730929661,0.006074463793495492
59,0.011316245838558257,0.5383935786463586,0.42893638125984407,0.0007612029577859838,0.0205925912974531
60,0.08488583150369353,0.7899786207868345,0.07133755501095787,0.0026354442900018765,0.05116254840851215
61,0.005207283982041314,0.49906429534373214,0.4869351501229079,0.0006727515137305777,0.008120519037587998
62,0.06635551000570099,0.7139738787896442,0.16947409223601284,0.002407146644432842,0.04778937232420905
63,0.013329795761827403,0.819602683172486,0.1591692816049928,0.0005607528392571466,0.0073374866214365436
64,0.0489850173525877,0.7510820726327373,0.18114240316252342,0.0015764449437483297,0.017214061908403296
65,0.03742097300984896,0.6193278944324009,0.32992104715110093,0.0007247677421765687,0.012605317664472681
66,0.059355932380907736,0.6869133452600894,0.23388847902504292,0.0012741374023811827,0.018568105931578944
67,0.03775220155633891,0.8528097567566706,0.0935174102694557,0.000375515480125171,0.015545115937409645
68,0.02837037109709083,0.6585993786189057,0.3028749500503831,0.00040978780259855527,0.009745512431021773
69,0.06702136495996193,0.8773421203181901,0.047353259033513166,0.0005372937968891623,0.00774596189144578
70,0.026225621704793534,0.6719223935164632,0.29436809279522214,0.0007570030780092002,0.006726888905511877
71,0.02251455222406167,0.7839912037649261,0.1891573830919249,0.0006627351753592883,0.003674125743727932
72,0.01983658574460955,0.5956933890641076,0.3738782859148755,0.0008592783794923932,0.009732460896914855
73,0.02923853297291821,0.6543319344247789,0.3060874628069552,0.0013628741856288088,0.008979195609718917
74,0.02140649450755403,0.4294335306099881,0.5281916224798079,0.0006653264796928588,0.020303025922957
75,0.15537814906211622,0.763140110777668,0.05893735514344112,0.0024587123242461673,0.02008567269252861
76,0.013611653188713645,0.38417149159484076,0.5885211599083641,0.000314126137533624,0.013381569170547919
77,0.030222824028429383,0.5763895004306666,0.3722883700450965,0.00036631477926566373,0.020732990716541697
78,0.013985546972851304,0.6539241803626368,0.32150044893439184,0.00015782336602915658,0.010432000364091138
79,0.002501793074455586,0.18369878877986384,0.8077489759173724,0.00013493610447351566,0.005915506123834584
80,0.003948927462079288,0.16161265118355697,0.8278481635062718,0.00015930561226292378,0.006430952235829209
81,0.031080955045313,0.4053644820424411,0.5404835666878313,0.0005905321944389908,0.02248046402997571
82,0.009912889969529829,0.2445379126788092,0.7322549723143891,0.00022589372051149873,0.013068331316760223
83,0.016529436821719146,0.3342701999032549,0.634044907620667,0.0003352620648619342,0.01482019358949706
84,0.002177400266376337,0.12004129770706083,0.8723203233460984,5.51071268944011e-05,0.005405871553570257
85,0.010813047042930147,0.3203659427072383,0.6581095988676359,0.00018041178540831432,0.010530999596787284
86,0.006522421777513031,0.18547308808285737,0.7996485994919126,0.00011188911546522257,0.008244001532251818
87,0.0016507690230847557,0.11084480874356457,0.8833838518737912,8.261655359580964e-05,0.004037953805963646
88,0.00435796151080606,0.18447004484847454,0.8072587367667651,0.00012349244048976638,0.0037897644334645287
89,0.004298743640627815,0.18407077828258642,0.8043916657163193,0.00012428733305473123,0.007114525027411676
90,0.0030258114468842442,0.15788285777048544,0.83269946567304,0.0002072674063188921,0.00618459770327131
91,0.007946315156206704,0.2769513640501849,0.7075949918693893,0.00039596147124634393,0.007111367452972764
92,0.021127351939078984,0.4760630472169201,0.47604221475428554,0.0013525524165910797,0.02541483367312417
93,0.01774770771937084,0.48476214265191236,0.4782538006065306,0.0009322665534313273,0.018304082468754763
94,0.055144418643978746,0.6970853120664376,0.22670579622702489,0.0017586995373625929,0.01930577352519609
95,0.02182110265488833,0.4065786458636761,0.5422331094795003,0.0015455223789378402,0.027821619622997357
96,0.09880462617750739,0.6444727921495983,0.2206303414796175,0.003628997242648703,0.03246324295062819
97,0.044464719847990296,0.5506926532430987,0.36327149244902907,0.002355578818727877,0.03921555564115409
98,0.03618954834734838,0.7419097172400194,0.18396879696658597,0.002746059182726612,0.03518587826331955
99,0.13772694380718328,0.7401108867651152,0.009010377882078218,0.006745656256664863,0.10640613528895852
100,0.01377473410749968,0.9690100916583823,0.009394505056027395,0.0009614503510252847,0.006859218827065344
101,0.01773930218626928,0.9277763986042168,0.032569730533405235,0.004201261981308529,0.017713306694800122
102,0.16322624455713508,0.6146057154552441,0.009767569298652795,0.007540940493296961,0.20485953019567107
103,0.03382482349756699,0.8286981082833887,0.0838072769651401,0.004438199407132897,0.04923159184677115
104,0.021813891544827893,0.9081478245264929,0.045924631457594414,0.015194851751124578,0.00891880071996022
105,0.17344068830668338,0.6317921703611236,0.005934368939361004,0.014250832506252871,0.1745819398865792
106,0.21430838750453332,0.685539154178215,0.0011718694415876365,0.05979141162791132,0.03918917724775276
107,0.03524685083491547,0.9032684924430145,0.034926988769435605,0.011478083365619179,0.015079584587015301
108,0.09258547104696886,0.863048762357077,0.010958076999847187,0.010198901440406785,0.02320878815570049
109,0.20353295091216883,0.528070624694821,0.0007441729582685535,0.14703887856305267,0.1206133728716891
110,0.03894265384574647,0.87582328574865,0.03355745395692181,0.029821532223700254,0.021855074224981258
111,0.050669531015953305,0.08127200282601249,0.00024036920434019569,0.03205905197408988,0.8357590449796042
112,0.23832666172725517,0.44044270013971143,0.0002746079032357731,0.034497327764833496,0.28645870246496413
113,0.2373682112965737,0.5126273917796147,0.001540007732821419,0.06992881019809719,0.1785355789928931
114,0.09931397132414754,0.26046579045102786,0.001193303532048549,0.008635289720773523,0.6303916449720026
115,0.4242508330987996,0.2331214014149505,0.00023576892078991434,0.1296037839414498,0.21278821262401015
116,0.07543457989005033,0.7201046122378452,0.009851365374577082,0.03351492216945026,0.16109452032807725
117,0.2197267481867072,0.34450659603804,0.0007045642597497966,0.1459554563137601,0.2891066352017428
118,0.01672852983795568,0.8453321622937023,0.048920697663325394,0.016434223536280296,0.07258438666873618
119,0.008726802331211118,0.008091896926864515,3.0030972488855546e-05,0.016113515042324993,0.9670377547271105
120,0.009633139972769142,0.00555033431319644,9.45919849700187e-06,0.010845587142229465,0.973961479373308
121,0.0036066002687213947,0.001989342954209203,2.937000009636236e-06,0.00326565858076269,0.991135461196297
122,0.018445576960006798,0.00940215278768048,1.2791632203623263e-05,0.0040310016557963055,0.9681084769643127
123,0.15041640751083046,0.04369121464434415,5.0544218287451275e-05,0.06948287555756336,0.7363589580689747
124,0.0029348827493110253,0.0070547579741795695,4.246413965085881e-05,0.0034547124903938835,0.9865131826464646
125,0.0015315772120137472,0.0012842759044830968,4.859533970099632e-06,0.004579119374133396,0.9926001679753996
126,0.0025199237450747084,0.004282097716430601,7.814654413587683e-06,0.003044520481708969,0.9901456434023722
127,0.004650564295122451,0.005751729457694978,1.1317097455845664e-05,0.00304468610244794,0.9865417030472787
128,0.0071033631099761945,0.002959009719931285,0.0002742557115713865,0.0035763751052657394,0.9860869963532555
129,0.008305347756207478,0.0005255833836103091,3.411504435794228e-09,0.0019993137331286793,0.9891697517155491
130,0.01275269412490678,0.0005890522182695068,6.490836337354294e-08,0.00014385811380103098,0.9865143306346593
131,0.0027856929789865643,0.0004422993525575764,1.2949858271187138e-07,0.00012504499359454506,0.9966468331762786
132,0.005646412506445422,0.0008634566157270558,2.538496799804882e-07,0.00023527245218055078,0.9932546045759669
133,0.0019640802162558843,0.0012254428741595717,0.0006308861575047555,0.00021031548810689966,0.9959692752639729
134,0.002219526032881395,0.0018862152155016004,0.001138233228617323,0.0004557431350532971,0.9943002823879464
135,0.0669522813726895,0.013820766864949704,0.0028642120353738853,0.010032045958465553,0.9063306937685213
136,0.011992583628107997,0.00013097625059342873,0.21797666487268968,0.002061393226085644,0.7678383820225232
137,0.017007708826101434,0.0025787280995028614,5.598092750439712e-06,0.00564801533065833,0.9747599496509869
138,0.08441668045027763,0.0004187700808507817,7.786814543181105e-08,0.0017457153991845005,0.9134187562015417
139,0.0011489797943001416,0.00014963536044824418,2.365251225169226e-07,0.0031432543158742897,0.9955578940042548
140,0.0008682210385082593,0.0003516522464016188,1.697210783317349e-06,0.0005754748475645667,0.9982029546567422
141,0.0008995314181000452,0.0006078920046251077,4.2953123150151844e-07,0.000488850781551094,0.9980032962644924
142,0.0018400163576849885,0.002345155498723327,3.2292234395972276e-06,0.0007764100804569325,0.9950351888396952
143,0.001180478045880413,0.0016387167674930452,2.4863658171132487e-06,0.0006466703843967207,0.9965316484364127
144,0.0014531638861160214,0.0009653967768635718,1.5589119285899134e-05,0.0012128141227092347,0.9963530360950252
145,0.0022785352978841778,0.00036839458715159397,6.753471411074759e-06,0.0006884169398301016,0.996657899703723
146,0.0026989312085938773,0.0007157220592636152,8.279175502212125e-06,0.0016589555667735733,0.9949181119898667
147,0.002432031579569257,0.000642438781543345,4.413761053618715e-06,0.001070274381994099,0.9958508414958398
148,0.00240111861292165,0.0009113052139657465,2.4961946055996188e-05,0.0013634565956841319,0.9952991576313726
149,0.0020935831698656615,0.0006604821867584436,3.7904785319866885e-06,0.0007999979848587913,0.9964421461799852
150,0.001928231832717947,0.004243258826405151,3.686386603720993e-05,0.001165991044168707,0.992625654430671
151,0.0015761353275829156,0.001843499598936988,1.033929083851818e-05,0.0010491723399140714,0.9955208534427274
152,0.012910551004825485,0.0024167235221494443,8.497687831016436e-06,0.002236524005616424,0.9824277037795776
153,0.0020152138435474017,0.0009618077781489866,8.400134099803077e-06,0.0009903631737497353,0.996024215070454
154,0.003414591605637383,0.002226989844662867,7.872546062556264e-06,0.0012072146383999883,0.9931433313652372
155,0.0023854300173153835,0.0007776473863625847,4.402614791293728e-06,0.0008263260045972208,0.9960061939769336
156,0.0014874656882147043,0.001247061891093457,3.004106962739687e-05,0.0015015713621168456,0.9957338599889475
157,0.0017204773718090824,0.0005762817058092175,2.2109311195479636e-06,0.0008184914003277255,0.9968825385909345
158,0.06917175204738911,0.004716487693537975,7.886546403982183e-06,0.0025339990257672376,0.9235698746869018
159,0.01861685217243778,0.013284456402612712,6.120811783156627e-05,0.0032663542283079784,0.9647711290788099
160,0.31875104984150837,0.48911212645022334,0.0007949979960251268,0.017558752652317187,0.17378307305992594
161,0.1547959560762244,0.7641767445956329,0.0022898494437886634,0.026491751509908144,0.052245698374445815
162,0.16516015857729754,0.7140616205490273,0.001194614900446783,0.07167959441483443,0.04790401155839398
163,0.026121995333722243,0.9277949756960103,0.004040092652365768,0.028177266980743357,0.013865669337158451
164,0.03765598590644531,0.8815815242532302,0.006168014777658698,0.05505065184817211,0.01954382321449339
165,0.014812726818396764,0.9543399950991173,0.014600642813765701,0.008956105673329391,0.007290529595390719
166,0.048634695553327265,0.8887518710797366,0.002568366060751096,0.047323295800516946,0.012721771505668274
167,0.03953905643966752,0.8586743786253523,0.04180857886400661,0.024715097456419775,0.035262888614553706
168,0.23362750738915453,0.476781632481072,0.0003285408088317144,0.13718451023022532,0.15207780909071647
169,0.10336695418916558,0.21589086180179473,0.0004390599377532808,0.029165253477717597,0.6511378705935688
170,0.1565606308662724,0.7802559518199272,0.0032265170230135467,0.024571954999339018,0.03538494529144798
171,0.1656845303555231,0.7952142294676927,0.001704151634168354,0.014268133657116322,0.02312895488549937
172,0.050358631241852365,0.8972931600137938,0.015995924160856476,0.02110740848059469,0.015244876102902708
173,0.1435396229717363,0.623347907954652,0.000484299285295389,0.15964356907324379,0.0729846007150726
174,0.025516448553731294,0.8506099985291283,0.08843258959059849,0.015865308482444423,0.019575654844097366
175,0.1392396191133685,0.438039140172639,0.0005229738441262712,0.34887835726875815,0.07331990960110789
176,0.028265532324807538,0.8876316825838441,0.03737890006740753,0.03756776610668918,0.009156118917251613
177,0.042776354140733976,0.10768595471262477,0.00033016945248116273,0.057212420636937,0.791995101057223
178,0.21196936121377952,0.5250716371757246,0.0027597398837309684,0.20315248296480531,0.057046778761959654
179,0.05781654444113621,0.6290383077642163,0.002332431838507687,0.11636293783607873,0.19444977812006112
180,0.2311891384167211,0.18817926136514262,0.00023632072725949195,0.1729744040763571,0.4074208754145197
181,0.0173793890445146,0.08489718903859031,0.004348101519230005,0.017124062169373927,0.8762512582282911
182,0.002700022099843688,0.003876873590641422,0.0007155218288467351,0.0017668818972646457,0.9909407005834034
183,0.0291851213518697,0.009929277923981664,1.2328448566057716e-05,0.003294208440747691,0.9575790638348348
184,0.2242881768659928,0.6108352601425033,0.0031347949171277594,0.022954613349315145,0.13878715472506084
185,0.4462286383941474,0.4906588139556813,0.0004471988097051161,0.013880829190823202,0.048784519649642845
186,0.14767405515111653,0.7691903875553989,0.011092987412936234,0.023165413354700588,0.048877156525847815
187,0.05882335965156823,0.898289955491254,0.008125031295163468,0.012180364219662617,0.02258128934235152
188,0.018816992514812215,0.8592860400142335,0.08062071667844053,0.0016872366818616155,0.039589014110651966
189,0.015012093215273992,0.8776856213170542,0.09932220665792876,0.0008470767869051025,0.007133002022838106
190,0.04533085355818815,0.8896299595629954,0.05724633173681474,0.0011191311927409484,0.006673723949260643
191,0.018051598150593214,0.7925283349708862,0.18253168363556144,0.0008279819979929167,0.006060401244966305
192,0.022460651999208207,0.6863934805440961,0.2823241702920741,0.0005379391444234966,0.008283758020198092
193,0.025654411119594656,0.6298822422207127,0.33548719103303637,0.0005175967720915195,0.008458558854564719
194,0.02221239182654959,0.5718753401039384,0.396616438302273,0.0004235163680447842,0.008872313399194158
195,0.004791981113507207,0.2515701471713457,0.7340807198612538,0.00012783018665105518,0.009429321667242292
196,0.016839157017762896,0.4208056746481047,0.5422936157331184,0.0002573671158331885,0.019804185485180828
197,0.009380655120170037,0.2901944948234166,0.6863791053623579,0.0003605314810435386,0.01368521321301206
198,0.0036217910533726,0.15453184243400261,0.829819119175142,0.00016985784958752396,0.011857389487895286
199,0.0023789287679264162,0.15100438262983565,0.8416199460702358,9.018492228407964e-05,0.004906557609717995
200,0.0018057768874437316,0.15634334353392015,0.8371331386353149,0.00015972941663877478,0.004558011526682351
201,0.0006408214096361806,0.09280653681600019,0.9038326898584319,0.00011755031725372441,0.0026024015986781663
202,0.00038517656008268996,0.04501459965349501,0.952005754701095,3.9634141064335276e-05,0.0025548349442629805
203,0.0002597909682141402,0.05477178872460419,0.9416500120008278,2.957680805499177e-05,0.003288831498298904
204,0.0004237639609512214,0.05999284970228414,0.936897326668991,3.5738499985671947e-05,0.0026503211677880436
205,0.00031631116807224644,0.04099500842290258,0.9560707970674903,2.904737243557434e-05,0.002588835969099181
206,0.00020586513811469777,0.04126322110621024,0.95650392777122,2.3109574995271545e-05,0.0020038764094597547
207,0.00022854033642407998,0.049631577665051156,0.9483915942374228,3.350468594724073e-05,0.0017147830751547558
208,0.00044398424719698307,0.04797821336434755,0.9496258928578166,2.620817138154823e-05,0.0019257013592573595
209,0.00038063654217617034,0.04906061910653651,0.9488916975999545,3.0771675746510845e-05,0.0016362750755860903
210,0.00028648580412646247,0.031491152414967485,0.966735228397508,1.9713965697893795e-05,0.0014674194177000264
211,0.0002853316622740923,0.05029122321222073,0.9481021887538099,2.354428311476008e-05,0.00129771208858055
212,0.0005573408318949447,0.08056237871940378,0.9167630637748995,9.460808194638461e-05,0.0020226085918555654
213,0.00033691197115394357,0.057350743670688674,0.9401743639697293,5.385706814283529e-05,0.002084123320285121
214,0.00029271523870578764,0.051256035589431564,0.9470996074368168,6.816869033504803e-05,0.001283473044710911
215,0.00034772935991779345,0.07638665904533004,0.9218255458071078,8.096109380656457e-05,0.0013591046938378844
216,0.00017283500141698603,0.03651652885961662,0.9619423055920965,2.010061812906224e-05,0.001348229928740764
217,0.0003425356559522998,0.062263357623230146,0.9348288223190141,4.500288591097233e-05,0.002520281515892651
218,0.0004904104998568918,0.051125211878692595,0.9463847119888945,2.5069869025344375e-05,0.001974595763530552
219,0.0005324201502166721,0.05484942861656342,0.9431418014212899,2.12436796395098e-05,0.0014551061322904764
220,0.0005964997814841791,0.05102280460866143,0.9455463356227196,2.5739312795998144e-05,0.0028086206743387345
221,0.000540689836479518,0.05126064682827785,0.9463360509420088,3.627569515961498e-05,0.0018263366980743316
222,0.00215827961848556,0.10268245522331516,0.8916287560027838,0.00010452836673938608,0.0034259807886761508
223,0.0011045631391856197,0.05385994124266578,0.9423083875300902,3.9780153205857216e-05,0.002687327934852548
224,0.00280193133655656,0.08497048924708812,0.9101066542313134,0.000264092520081527,0.0018568326649602521
225,0.008366360215450888,0.1500052082189788,0.8342889570171184,0.0010845129837396576,0.006254961564712415
226,0.15255001384083355,0.46306818328774974,0.26480766227076746,0.04004386847909617,0.07953027212155299
227,0.17179310679499046,0.2544878660031294,0.001716134875627009,0.4727495253220716,0.09925336700418141
228,0.22177615698832462,0.2412398077124488,0.0008861046752915041,0.43560740757899286,0.10049052304494216
229,0.1957737130861973,0.22234117605976192,0.00039120186902930103,0.5144299852079801,0.06706392377703138
230,0.17530962643087342,0.061802513462889556,8.172892659864071e-05,0.722245901035453,0.04056023014418527
231,0.07364598483309719,0.01872750647460183,2.88386550328698e-05,0.8826299582860978,0.02496771175117036
232,0.0471765904249152,0.06880071301031433,0.00028554856031474127,0.8742741771424969,0.009462970861958943
233,0.028951473971423385,0.029543984063701692,0.0002804245701770401,0.932900468688484,0.008323648706213913
234,0.018401145172872533,0.017469995839427755,9.264432921792777e-05,0.9597414951643175,0.004294719494164379
235,0.04721911759912861,0.04074084690059874,0.0009711655518327419,0.8062142743561588,0.10485459559228105
236,0.10183760189665998,0.04779607098487943,0.0001971237386914609,0.7746650535262493,0.07550414985351987
237,0.08914528576697167,0.025829144435317666,0.00010788079609115245,0.8560648990716402,0.02885278992997933
238,0.09743388759370868,0.05798428354752192,0.0003401450717450675,0.8361218689968277,0.008119814790196538
239,0.05465095670783644,0.13431588677831446,0.0019055050774955727,0.7919224137696682,0.017205237666685226
240,0.027013622213453863,0.028689601513466945,0.00013916777706363654,0.9342730789072675,0.00988452958874804
241,0.019601643464151816,0.04354409118770895,0.00011519505848569579,0.9309857552805281,0.0057533150091255815
242,0.016751764757156735,0.058154376800824865,9.814301583556661e-05,0.921624264672507,0.003371450753675792
243,0.01266089578582638,0.014087387614324993,2.223692864977246e-05,0.9710633461990604,0.0021661334721384093
244,0.01590521170512671,0.014934479134866424,1.3677007512626798e-05,0.9631936863597939,0.005952945792700323
245,0.01863683034277256,0.015405862942793006,0.00015764089262331927,0.9453998437710817,0.02039982205072962
246,0.0147832048064054,0.016916458964370943,0.00011284831280207125,0.9635475762462509,0.004639911670170809
247,0.01581837513828323,0.01274941396961013,3.830527633626272e-05,0.9617077847946751,0.00968612082109514
248,0.012217317923268509,0.014630084720119868,5.2608938914633936e-05,0.970433719202991,0.002666269214705806
249,0.019803517617769956,0.03191641839345491,0.00013809030541728185,0.9428419859309967,0.0052999877523611716
250,0.03130468497850257,0.015275723535407928,3.936903115095204e-05,0.948832682321791,0.004547540133147698
251,0.0708793882458824,0.02517084606339312,5.7192027541978156e-05,0.7705884131420647,0.13330416052111776
252,0.021399646369824228,0.013687907160016548,2.6671294890932e-05,0.9614393990408017,0.0034463761344666172
253,0.054481514547823975,0.029727249832257573,0.0002099609038073195,0.770406585588877,0.1451746891272342
254,0.14264558408573383,0.047157902764790816,0.0001622668037257081,0.750135481934188,0.059898764411561584
255,0.06910371559652959,0.03486326906451137,0.0002268198808265251,0.8480790568746812,0.047727138583451394
256,0.05306301318377268,0.015096762665681763,6.680641067886935e-05,0.9111822785445085,0.02059113919535826
257,0.030430692648030427,0.028358858813303942,0.00019316065765799252,0.9235381490514082,0.017479138829599325
258,0.013911675273816022,0.00867420142095532,2.797399792825622e-05,0.9720575924149493,0.005328556892351146
259,0.013204294394950071,0.008206458443023522,1.0155451062975149e-05,0.9709843343743982,0.007594757336565065
260,0.08933751896889694,0.07945441142499668,0.0003011884020881693,0.7394594830742821,0.09144739812973611
261,0.045789723777354005,0.027512571188928536,0.00018003387665798038,0.7458307747292693,0.18068689642779032
262,0.1408136510755154,0.09228540204359664,0.00030401369073032917,0.6577103798740583,0.10888655331609934
263,0.12017415993280757,0.09225916578855686,0.00011887999124571318,0.7158337415357172,0.07161405275167264
264,0.04951323155328436,0.04624870072371556,0.00019018350694676237,0.0718061941285975,0.8322416900874557
265,0.2778519838296715,0.16423021939368052,0.00027779168999755497,0.41190471960872965,0.14573528547792086
266,0.011977734048980452,0.008237720417766771,6.603434090938315e-05,0.01633500981764228,0.9633835013747011
267,0.0051355516829696135,0.006773352151745337,7.200339591373315e-05,0.004651110372249779,0.9833679823971214
268,0.007412433768882385,0.01215470330605522,0.0005089159982885813,0.0026233921150025205,0.9773005548117712
269,0.004317763638279103,0.002310022251180558,6.209792989668362e-05,0.0015229165035589225,0.9917871996770847
270,0.00557721118183547,0.0035665612340750968,0.0003019603297309317,0.0012895377874175484,0.989264729466941
271,0.0022352614790492023,0.0015143168337601286,2.2940672137899626e-05,0.0006411094835494532,0.9955863715315032
272,0.01464784728783898,0.03138242445463375,0.023498533988023703,0.0025011791881291473,0.9279700150813746
273,0.00502767170675052,0.012109260239960735,0.006470084543536796,0.001659090200624283,0.9747338933091277
274,0.00837807470395648,0.004389807812169198,0.0019536312887644663,0.001354272394667703,0.9839242138004423
275,0.01370186571270519,0.006249757960290795,0.0007887774316070938,0.0017725626305000737,0.9774870362648967
276,0.0037471289831661494,0.004136148656769367,0.0004017486584834655,0.0011199041603014892,0.9905950695412796
277,0.002730874786367942,0.003273369443381848,0.0014968515905872163,0.0010506682666470643,0.9914482359130159
278,0.0039067639464994705,0.005239989438716395,0.001753444453648394,0.0014846131529703834,0.9876151890081655
279,0.0019630840840701978,0.006941357489074113,0.0038102402081056997,0.0011770504419697616,0.9861082677767803
280,0.0013976500011219266,0.0014095892281829059,2.2386299629426368e-05,0.00031111215535958175,0.9968592623157062
281,0.0029196339167902046,0.0018898245953147905,3.999584850299266e-05,0.0011615948666364878,0.9939889507727555
282,0.004244690818237565,0.0011959962594019716,8.719966794902213e-06,0.0005465870785857103,0.9940040058769798
283,0.011417607838051352,0.005439251117805326,0.0009351636959798052,0.0018725414876476726,0.9803354358605159
284,0.008853281137715583,0.003244632042004867,8.299360262057431e-05,0.0018205411518247266,0.9859985520658343
285,0.002013366386696374,0.0010223308811365135,1.2307393906436477e-05,0.0010122799770873661,0.9959397153611733
286,0.0051037262451317685,0.0018311330999031068,6.783705317745005e-05,0.0012719896120129614,0.9917253139897746
287,0.0034918218903493958,0.0007803091187543274,9.773836527076151e-06,0.0009489590909215771,0.9947691360634476
288,0.005838838110367448,0.00369099475118241,6.580229368836881e-05,0.0016522654586857595,0.9887520993860759
289,0.046367587888954946,0.011773064922519377,0.0003683874320576672,0.0067281072341783335,0.9347628525222897
290,0.0036780783702946907,0.002583936900515838,0.00018366734896388292,0.0027320980012916405,0.990822219378934
291,0.00364102991627513,0.003459974974935736,0.0004310100346213284,0.006311556582838265,0.9861564284913295
292,0.0030035783954304018,0.001169132638692353,5.990698196239095e-05,0.0022876755017597833,0.9934797064821551
293,0.0023874812550877386,0.0016922882545360688,0.00014985740550680306,0.0025396895485837313,0.9932306835362855
294,0.009689051050959501,0.0035662928691471254,4.553470251270029e-05,0.0015712332870174786,0.9851278880903631
295,0.0740461563508873,0.012922290902184434,4.140372373630004e-05,0.00517858335612374,0.9078115656670682
296,0.0034052981056455845,0.005409457437781847,0.00016569341974858267,0.0013947602444936839,0.9896247907923302
297,0.017221023854826975,0.002590641982596077,1.710659373656172e-05,0.002737209723883163,0.9774340178449572
298,0.41542879049785447,0.37509129658106116,0.00031491292029410203,0.07069085889816419,0.13847414110262604
299,0.007001745478548732,0.010706065812523872,0.0003269844557286601,0.007377728560575264,0.9745874756926235
300,0.38804998474466007,0.1963602978056596,0.00027573653997888545,0.05554287968008805,0.35977110122961337
301,0.14674820006838504,0.6860416920287827,0.010246258206430867,0.08912425897679928,0.06783959071960188
302,0.030553375384975247,0.02649776693611349,0.00010192480094062504,0.016346732941103004,0.9265001999368677
303,0.12384273469432802,0.09436194166638202,0.0005872160726166384,0.05038914835266993,0.7308189592140034
304,0.38413072972305085,0.3910039760632929,0.0002674462964383939,0.07723158004746415,0.14736626786975351
305,0.26415656040851515,0.5297215279034829,0.009419445905484415,0.048277491579229545,0.14842497420328793
306,0.043647806384775695,0.8685651423161063,0.019080161794166425,0.036608909535481175,0.032097979969470204
307,0.06704239728087694,0.04340561480692628,0.0010112369653000133,0.10238909696633394,0.7861516539805629
308,0.016805750965181082,0.010904456103266685,2.741607286242208e-05,0.014685564548111141,0.9575768123105786
309,0.38664333336570106,0.15791081103830365,0.00017515744326427175,0.08708642990104609,0.368184268251685
310,0.42039918275440297,0.4470140928773651,0.0016502259932042527,0.06562419619420261,0.06531230218082501
311,0.2380032570807922,0.6238509079200911,0.0035686701596631333,0.07479229381238112,0.05978487102707237
312,0.020200554338800622,0.04582315516160575,0.000347951251127476,0.034920218951979824,0.8987081202964863
313,0.265414771469726,0.2845304472286739,0.00043098652492888,0.15834546199689717,0.29127833277977416
314,0.17951994050672748,0.5655739745468218,0.01666370289340202,0.18053993394380177,0.05770244810924689
315,0.007432262463860439,0.013630378030254835,0.0002003072528437015,0.005627561593553223,0.9731094906594878
316,0.3616490248618093,0.2709997319889241,0.00013009884379658462,0.030295642798044142,0.3369255015074258
317,0.30464316062595903,0.5707286745933206,0.0013439912204632008,0.025606354888287223,0.09767781867197001
318,0.2422470801366698,0.5667827267082745,0.04101170787287664,0.03005618148298534,0.11990230379919363
319,0.09823558959084244,0.8520400242984271,0.003419727033951054,0.037703155460379265,0.008601503616400037
320,0.02233908379848155,0.7612172038692537,0.1381471028432321,0.07043762836965926,0.007858981119373392
321,0.028919658016003703,0.6800891987191315,0.2419390885111321,0.041212748888563897,0.007839305865168771
322,0.012757365669679674,0.5323673710428465,0.43691276742534213,0.014825138124714483,0.0031373577374172253
323,0.06937790057245537,0.3232460655292845,0.555107827906918,0.031883676384219996,0.020384529607122268
324,0.06809680593488872,0.2693191993022228,0.5760199372244015,0.008052257584521664,0.07851179995396528
325,0.32273618884958,0.44140080980114,0.01777472726064081,0.04950802167389621,0.168580252414743
326,0.04471935036508925,0.31730286674251723,0.5678550690362637,0.00570790498546961,0.06441480887066021
327,0.2513163444898932,0.4782572325340366,0.09637479359458173,0.039597486905701945,0.13445414247578658
328,0.08701349491178174,0.42759224534257073,0.24687594981142327,0.01780739062503867,0.22071091930918552
329,0.17786992060346793,0.33960050427677696,0.03814213508757478,0.03768219524131062,0.4067052447908696
330,0.14453245886907806,0.6009195161765366,0.004621341042467273,0.0568522568075462,0.19307442710437192
331,0.06184020558873333,0.16030465838547794,0.012554915440066153,0.007281689183561909,0.7580185314021607
332,0.5062836001451422,0.1723667831859946,0.0002440737893217819,0.007295270910271102,0.3138102719692703
333,0.2390539738232978,0.6602262681703918,0.0012625343278424733,0.002882081364921989,0.09657514231354596
334,0.13128150036516717,0.7557032598775167,0.08850045218910414,0.00145879646464994,0.023055991103562015
335,0.13410679232219044,0.7972166260834249,0.05057341135744882,0.005805445810897049,0.012297724426038853
336,0.025563945035317594,0.8622689894198047,0.1050449219769973,0.003905903979415923,0.0032162395884643494
337,0.01110886167615422,0.8467002873274515,0.1381207223708094,0.0013014579254929952,0.002768670700091739
338,0.009978191694476772,0.6949177633758128,0.2901479394029786,0.0019501650937855843,0.0030059404329461224
339,0.013049498731708195,0.834329333528356,0.14722895778852124,0.0016548231303589542,0.003737386821055676
340,0.008987536399332238,0.5652355762955886,0.4198234550128745,0.002324949595890322,0.0036284826963143145
341,0.005193665069739295,0.46253462374592713,0.5266694475703869,0.0013611877648759699,0.004241075849070629
342,0.015289116396337009,0.6517435875773804,0.3290922024632683,0.0010307011108009788,0.002844392452213168
343,0.009362376200403803,0.5947328561765695,0.38885470392466265,0.0011160986798895288,0.005933965018474421
344,0.007267141446259264,0.5252236060953992,0.46316583902009073,0.0005695416047536682,0.0037738718334971934
345,0.003499963760336321,0.36731501267258443,0.6264959891855886,0.0003008195704117411,0.0023882148110787914
346,0.001639283706521682,0.3080088089567653,0.6876328714750368,0.0002057510695928667,0.002513284792083328
347,0.001875419087526988,0.22800880857181804,0.7682943859362328,0.00015358677818359148,0.001667799626238642
348,0.0021208323187711835,0.25652792474476516,0.7391761083012591,0.00013772041152769612,0.0020374142236768435
349,0.0007134777902829473,0.13688925644341102,0.8609231529430948,0.00012528680450180744,0.0013488260187094934
350,0.0008373162388767926,0.13551852094932101,0.8623845273008456,0.00010225078506538689,0.00115738472589122
351,0.0015357972228509896,0.16158675869841632,0.8351150053374323,0.00014452896503588185,0.0016179097762645117
352,0.0017975689218572356,0.14986707033192628,0.8468433649448165,0.0001553346985537264,0.0013366611028461641
353,0.0022503681826934845,0.23053282709855993,0.7651626056167051,0.00018894765186915028,0.0018652514501723233
354,0.0005865489786570637,0.09472945313760021,0.9038482255464128,6.506747134614627e-05,0.0007707048659837726
355,0.0008401707660070913,0.11546928315927264,0.8817087140966879,7.182650800366814e-05,0.0019100054700285196
356,0.0004792828244251346,0.08593038676611475,0.9125567924935354,7.150599927613127e-05,0.0009620319166488042
357,0.0011379071746440254,0.12254966450088241,0.8738773399392814,0.00011703944397913404,0.0023180489412131028
358,0.0003257331253810339,0.06404829553647674,0.9343494952982179,4.057332657561681e-05,0.0012359027133488406
359,0.00011704632264532512,0.037865698839215284,0.9613619790092541,2.394995798991864e-05,0.0006313258708954977
360,0.00017235489235172655,0.03234254098338138,0.9668576720079255,2.2385403785343852e-05,0.0006050467125561462
361,0.00037912001049988686,0.03865650611686494,0.9600954216065237,5.119951659211461e-05,0.0008177527495192611
362,0.00031517552964412793,0.051006230569086326,0.9470397712496348,5.22682927491736e-05,0.0015865543588856703
363,0.00028016968757942887,0.05019948967524577,0.9475978291200595,4.912519133662691e-05,0.0018733863257787112
364,0.0001759016546384359,0.032909854902589214,0.9662443165996398,2.0093294040060298e-05,0.0006498335490923345
365,0.00012310320154059878,0.04852713470906677,0.9504549655033496,1.3492783294572554e-05,0.0008813038027485055
366,0.00011367654060182214,0.029092854547512665,0.9702817415885923,1.1895880696843295e-05,0.0004998314425962806
367,0.00010396380916799496,0.026196578464613714,0.9731189203494396,1.3019748632559903e-05,0.0005675176281461098
368,0.0002190645468983895,0.03158881567958792,0.9672407305630072,1.4683034268430404e-05,0.0009367061762381292
369,0.00022743256052122892,0.03712928209165752,0.9611461304207463,3.587107014589304e-05,0.001461283856929166
370,0.00024342738043507553,0.05846853664929402,0.939940138069146,5.435777779742988e-05,0.001293540123327482
371,0.0001971902009537014,0.05679773528357669,0.9418339138720793,4.1908998971822465e-05,0.0011292516444187264
372,0.0001522972644026818,0.04699684850494467,0.951844736241966,2.2220159960694793e-05,0.0009838978287259883
373,0.00019325532104376038,0.05044486643605763,0.9481481625272615,3.119796451744001e-05,0.0011825177511196403
