epoch,N1,N2,N3,R,W
0,0.00552986161360582,0.0003478477568449227,0.00014360977406884196,0.00010370136573130963,0.993874979489749
1,0.005279297961833078,0.0005304663362137106,0.00012175391870445943,0.00012466075707643856,0.9939438210261723
2,0.03525321467182969,0.0031072962119673437,8.92348709260486e-06,0.00034470626778205127,0.9612858593613284
3,0.10811292584622377,0.005660006366323221,7.531259039455058e-05,0.0004031353276537348,0.8857486198694048
4,0.03734286226211438,0.0013785216830560774,1.1105032918375368e-05,0.00014604646839396746,0.9611214645535173
5,0.0627248683676536,0.0034572679037193905,0.0005156661602595615,0.00042677757324685237,0.9328754199951207
6,0.19642890358281206,0.039096533240238714,6.711637826703925e-05,0.0005309269927034037,0.7638765198059787
7,0.17867728153618317,0.03922734795234128,4.82428300114736e-05,0.0007379869006375196,0.7813091407808265
8,0.15775470495370936,0.0832483260353478,0.0026152080089220722,0.0008897646810217028,0.7554919963209991
9,0.05617586297607388,0.09252231495147656,0.004468942965856894,0.0012583809002633523,0.8455744982063294
10,0.03450538298995177,0.048145155301605964,0.0014299280279697407,0.0006502218997271507,0.9152693117807454
11,0.047272040598912726,0.11436583000820486,0.004827995715087309,0.000633209047098266,0.8329009246306969
12,0.022788520167853692,0.14910431278486208,0.008865833383742909,0.0017835349333230038,0.8174577987302183
13,0.001566982561834465,0.0015337855882497384,0.0007100055028964065,0.00019741512930072152,0.9959918112177187
14,0.0007589613988092401,0.0010239816444737935,0.0001301709862995675,7.675779148627954e-05,0.9980101281789311
15,0.000430460108500602,9.29990662937819e-05,2.096991307974676e-05,1.6266273335327838e-05,0.9994393046387906
16,0.001263981881152764,0.0002664422434512101,6.864369816321212e-06,0.0001287125014315476,0.9983339990041482
17,0.0010411658853532496,0.0001961300785527318,7.616472219418002e-07,7.203486257241777e-05,0.9986899075262997
18,0.0033237865270343532,0.0008256708635904485,3.494616610019642e-06,8.059205960338624e-05,0.9957664559331618
19,0.002677468948884089,0.00041692754696260486,5.886347937586942e-07,2.655359728382386e-05,0.9968784612720757
20,0.0066060978211672896,0.0003152644812019931,2.1858696346212286e-06,4.750090238257094e-05,0.9930289509256135
21,0.00673857568375665,0.00015457763599191555,1.8908549658540286e-06,5.388902871388407e-05,0.9930510667965716
22,0.01294645566516675,0.0004069647951113719,5.250791308366171e-06,0.00016983117293356523,0.98647149757548
23,0.004366380206113571,0.00080917864024458,6.487565558076016e-05,0.0001533984486243619,0.9946061670494367
24,0.00023955794694548898,8.02250396843856e-05,0.0004462938481589256,6.279439051023922e-06,0.9992276437261601
25,0.00028237325597516596,4.637322576395305e-05,5.45019413209494e-06,1.3626492147283953e-05,0.9996521768319814
26,0.007394495426831594,9.304109090003654e-05,9.716195400440223e-07,1.416838545915206e-05,0.9924973234772693
27,0.044253461090517636,0.0015693569272648132,5.183300342742329e-06,3.7259222068881056e-05,0.954134739459806
28,0.08535589084190066,0.008346478498332423,0.00010496095790150665,0.00011095409516635901,0.906081715606699
29,0.0949708730174578,0.0289359704953113,0.00013475983635906518,0.00038784223526319765,0.8755705544156086
30,0.01781727831340751,0.015855335294833905,0.0023965786299543807,5.537019829779995e-05,0.9638754375635064
31,0.015145928904580178,0.019441811539584308,0.00034598805690676775,0.0005114299737224645,0.9645548415252063
32,0.011027567620085535,0.01533379520184521,0.0009273781786901523,0.00011538266508651895,0.9725958763342927
33,0.012525705423563717,0.08231576412995917,0.0017153929810750329,0.0011680841944259662,0.9022750532709761
34,0.00624940324678575,0.031761298171307316,0.0028639550958608445,0.0003000478707547441,0.9588252956152914
35,0.04351953423471659,0.008211113726288336,9.837346312342019e-05,0.003355847554102508,0.9448151310217692
36,0.021672855166275585,0.007145071761238121,9.791762145116155e-05,0.0012199624217010937,0.969864193029334
37,0.04328416930029846,0.0031101138217752553,1.0035017326884183e-05,0.0005360701374566949,0.9530596117231428
38,0.002637762390775582,0.0003010412533295026,3.696734324801692e-05,0.00011830754186246545,0.9969059214707845
39,0.005892257379137153,0.00030231027020894183,1.917877661677742e-05,4.261058394445468e-05,0.9937436429900927
40,0.003294944417229244,0.0007369558977221754,0.0002042642580878397,0.0001139778833437409,0.9956498575436169
41,0.003679610811328302,0.0014546793105305945,0.0006125531387073599,8.241683811464007e-05,0.9941707399013191
42,0.010454439215788005,0.0022907012412289535,0.00014862725970219104,0.0002519051341467039,0.9868543271491341
43,0.03278866223089311,0.0034348269366531853,0.00010815662099847558,0.0002305746168717532,0.9634377795945834
44,0.030991259739780026,0.02658264724943372,0.0004509509148599481,0.0004209436051238381,0.9415541984908025
45,0.09949174945472825,0.018054463348740394,0.00013373534950091465,0.0008388923293224073,0.8814811595177081
46,0.4189864342060845,0.024178058302764715,7.238822094375968e-05,0.0018029565751596984,0.5549601626950473
47,0.29630164991832153,0.0681160789827478,0.0051740256401527065,0.000397698962830575,0.6300105464959475
48,0.37566381564509804,0.08033843954835804,0.0036637734019985503,0.0009065233431852895,0.5394274480613601
49,0.16717896341753474,0.7487409530619547,0.016534951438288675,0.0003730283919533363,0.06717210369026837
50,0.04336648471788954,0.889826083664881,0.027906040903098804,0.0011345892401910807,0.03776680147393956
51,0.07010951702915873,0.8801307411349082,0.02863162617071137,0.0013765342848774513,0.0197515813803442
52,0.09825665057604845,0.8459328738183456,0.0398263457902945,0.001147366968147081,0.014836762847164616
53,0.04523535617885524,0.8278203614838553,0.09698365379641598,0.001212869838631346,0.02874775870224202
54,0.048145248523449403,0.8073257006591481,0.1278653635340092,0.00309160363467086,0.013572083648722299
55,0.0645021478031326,0.7563014183164675,0.16714613246840368,0.0031197078135754897,0.00893059359842066
56,0.06718596627146943,0.6891247528339842,0.19561611403009815,0.00500797345856531,0.04306519340588291
57,0.2379772374119499,0.6863397462332756,0.002818048909110842,0.025914385109392528,0.04695058233627108
58,0.05596113788579766,0.7642665153045042,0.16784964328697438,0.0022238153239303865,0.009698888198793417
59,0.14000327502801974,0.7921283830926048,0.04808456146170187,0.005802585144074297,0.013981195273599223
60,0.157537485480189,0.7508006051118917,0.05638554224351134,0.009680371532877343,0.02559599563153059
61,0.04020859882616839,0.670171897276285,0.11791758712245697,0.003661422765263372,0.16804049400982626
62,0.09813268123936034,0.5859039944257831,0.07294319688263777,0.005839656091886046,0.23718047136033274
63,0.07166907338116836,0.5383892688333426,0.030893757438175608,0.0027448779036478867,0.35630302244366563
64,0.06687778996494027,0.7629975336433742,0.06306632044869073,0.0013907436067796743,0.10566761233621509
65,0.11447930729798343,0.4518853935976207,0.010523045838818796,0.005042612859822824,0.4180696404057543
66,0.050377104310663876,0.020500214564576506,0.0003363337760993562,0.0008270844481093302,0.9279592629005509
67,0.2070737580662902,0.5905208965063902,0.03595998299046393,0.004125108061593985,0.16232025437526174
68,0.07529559665727326,0.5425445293463647,0.022342842419846812,0.002726836448588335,0.35709019512792695
69,0.14384230246960714,0.24794870311899753,0.015665604494388325,0.0013408022651299502,0.5912025876518772
70,0.17185695888894253,0.3541044907850069,0.032745290614483745,0.0019729936725147094,0.4393202660390521
71,0.12831108515573175,0.7136943082080226,0.11301747913323024,0.001461300830971363,0.043515826672043866
72,0.18395757320979356,0.6077097867177731,0.09824147047977946,0.003795266180357142,0.10629590341229672
73,0.10205333009600243,0.6936562562107051,0.17144213068782102,0.001015426939115091,0.031832856066356344
74,0.07803120322378786,0.7187489933373501,0.19450130013939965,0.0011096711833087625,0.007608832116153552
75,0.05605933815005791,0.5983597490809999,0.3373894959932583,0.0017279208122415678,0.006463495963442425
76,0.039082162394538635,0.5454025147842814,0.4072415972100175,0.0026967999018353813,0.0055769257093270215
77,0.07818037844415275,0.6025267089320383,0.2986871088048183,0.01442693309603817,0.006178870722952475
78,0.04225573969446862,0.5365222609457836,0.4061429323189821,0.011049659606235558,0.004029407434530084
79,0.017949227781244224,0.5443856871192125,0.4111716779812977,0.009029934994107673,0.017463472124137788
80,0.11693834706703993,0.6511591352620605,0.19339901239450888,0.008760559730456021,0.029742945545934794
81,0.14960543118243452,0.6714204046704377,0.15659112314246104,0.003435044800126986,0.018947996204539668
82,0.11008830547195032,0.6330796284894155,0.24721500268029595,0.0025631116112817143,0.00705395174705659
83,0.06865622336356805,0.6334611361228292,0.29200629274911066,0.0016822778471521943,0.004194069917339916
84,0.03396977838303601,0.5349617166398561,0.42736744546270167,0.0008553081926344461,0.0028457513217716706
85,0.028764021958015095,0.5437934689691771,0.4237657378055219,0.0011541750559932722,0.0025225962112926407
86,0.009010341266333129,0.2566250378433557,0.7327556338304239,0.0003623595852610599,0.0012466274746262397
87,0.01832917899108708,0.30870314735442295,0.670997349118769,0.0007564075201645318,0.0012139170155564083
88,0.00948299041301047,0.22384088552005763,0.7645243796078837,0.0006887448766423815,0.0014629995824059637
89,0.009285409304043457,0.2665134729287168,0.7221992296155751,0.0004973969172062232,0.001504491234458466
90,0.00595304924763895,0.14853617117839593,0.8434393385733073,0.00040725978546936624,0.001664181215188615
91,0.021869983894608196,0.2349538106043408,0.7390408958225364,0.001421088001603154,0.0027142216769114776
92,0.007768772443271062,0.1216893710481471,0.8646322954106683,0.0005675670205163647,0.005341994077397078
93,0.06571741772546165,0.5660165312660627,0.28635087270682097,0.0027730166240188393,0.079142161677636
94,0.12304368360995253,0.5883245000159374,0.181439742448556,0.0037360510897556654,0.10345602283579834
95,0.09223151692969693,0.5531001177822414,0.33941673185818216,0.0007560385968283345,0.014495594833051304
96,0.2125715720104266,0.5344259334219397,0.23085843564702901,0.0021923321745756473,0.019951726746029047
97,0.10904174933490238,0.4539223312232274,0.42461857379218476,0.0009695117949806083,0.011447833854704787
98,0.04660151829674106,0.5161665776018812,0.4224758376494647,0.0012384243476741994,0.013517642104238758
99,0.04637774779579602,0.3765235773400328,0.5698810089446069,0.0007106757158602681,0.006506990203704039
100,0.004138680898014509,0.18082686860610298,0.8119556352232598,0.00019064382858426944,0.0028881714440386155
101,0.008422225859928129,0.24257473076793756,0.7442763699676442,0.000296086928005463,0.004430586476484834
102,0.006597556261475199,0.21394559786453213,0.7747982911693557,0.0003380081926770078,0.0043205465119598475
103,0.013997845832176795,0.142728449306116,0.8349973754408477,0.0017299320512115756,0.006546397369647728
104,0.008719909954585856,0.08670882129424513,0.8982222916540931,0.0009443524844289481,0.005404624612647064
105,0.010133328037844494,0.18527475472108912,0.7884525324314767,0.0012809808449836815,0.014858403964605893
106,0.0267036066913543,0.18189148324401805,0.778462392255516,0.0007036721688057032,0.012238845640305994
107,0.013860880189562243,0.15167270372023198,0.8296803203429401,0.0008187098429385738,0.003967385904327105
108,0.006329549540061862,0.12330402957126277,0.8638895987219649,0.0008176352553834688,0.005659186911327022
109,0.0031902744881921064,0.06036103998902945,0.9328314932374527,0.0005823715419214472,0.0030348207434042406
110,0.011150785720994393,0.12438156307356354,0.8598443419591286,0.00040364865531296307,0.004219660591000593
111,0.002899635717434975,0.08976374534187659,0.9039673123440248,0.0003547646282710674,0.0030145419683925453
112,0.068193419681247,0.39037907335138694,0.4187222729514077,0.003550175185519863,0.11915505883043852
113,0.003231779006871266,0.18780971762957993,0.8069186792293669,0.00016347110820691095,0.0018763530259749315
114,0.0067328927947275805,0.1146333602410374,0.8749288495299483,0.0003774364670636123,0.0033274609672230156
115,0.005553846143502073,0.16105867492797307,0.830368536084309,0.0005203471852951361,0.0024985956589206005
116,0.0033671905716494703,0.06786077768114505,0.9239768261521282,0.0007320315934486769,0.004063174001628791
117,0.003051013912250799,0.10086397059141074,0.8918989954400901,0.0005046512715461298,0.003681368784702258
118,0.008670451708253209,0.12018762230665384,0.8640003493119816,0.0017186130639652059,0.005422963609146091
119,0.010838513667065815,0.1988283839353879,0.7772503215397686,0.0024323115262145827,0.010650469331563264
120,0.026252351815067965,0.2920738770100186,0.6638019970669823,0.0035175519456967118,0.014354222162234538
121,0.17984953793757252,0.513601512143719,0.09634795624907153,0.010434970035273067,0.19976602363436383
122,0.15946541245203963,0.516153699663969,0.09843196580019477,0.007789663688574416,0.21815925839522227
123,0.14428144366309956,0.6051565657966528,0.1890501883776648,0.007953272969913078,0.05355852919266992
124,0.04172712273486675,0.5623167536759183,0.3923014356693915,0.001205290854397429,0.0024493970654260798
125,0.04419107968834987,0.6611478555533479,0.2854787858291341,0.0015685291889186302,0.007613749740249466
126,0.1579792875798984,0.6238146415868109,0.17545516502318556,0.020312797876114973,0.02243810793399027
127,0.1988156348865959,0.6067961222557989,0.07954398331200908,0.06282465678615229,0.052019602759443916
128,0.41447599240862165,0.3856478250241205,0.02277750610920365,0.015474335754564125,0.16162434070349002
129,0.22168427749789785,0.6827169759245557,0.07605747810528779,0.0031586830493822277,0.016382585422876454
130,0.27236370915212677,0.4661628646871316,0.1430108440246991,0.002067870580207259,0.11639471155583521
131,0.14074540590871343,0.581261014492551,0.2670692085068067,0.001874115725259184,0.009050255366669728
132,0.04458648436602132,0.39978842400838893,0.5532368540854592,0.0011683698465258597,0.0012198676936047107
133,0.010842524989839033,0.27644124628681305,0.7109492019155921,0.0006616012090743406,0.001105425598681679
134,0.023924417272797947,0.28376328055507827,0.6871552720658181,0.0021999861490373802,0.0029570439572682732
135,0.0024291715481734627,0.14457417311322435,0.8507058620521897,0.0006709926497618001,0.0016198006366506285
136,0.004294274695659762,0.1559065453058493,0.8380153352587743,0.0003827750098379038,0.0014010697298786606
137,0.012124714962695791,0.20525774910337524,0.7788093067809315,0.0014492389446892967,0.0023589902083081225
138,0.0031731812573127884,0.1076451132223071,0.8852434506585305,0.0008209667868062061,0.0031172880750433545
139,0.010857616779550144,0.23404890524110752,0.7463147155406668,0.0024279990820338486,0.006350763356641817
140,0.014447716687810572,0.32276546468264106,0.6547096446477306,0.0014393815688745909,0.006637792412943016
141,0.1137448568700053,0.5390918877099303,0.23228060270873965,0.007785283369694856,0.10709736934162993
142,0.08609350864227476,0.5456040492638266,0.3579079596375921,0.0032492144432754748,0.007145268013031129
143,0.022900184898121984,0.27758045490296235,0.6963150090061306,0.0007373762604162965,0.0024669749323688616
144,0.023778090138108852,0.25219931868809314,0.7215784352841338,0.0005616394772513065,0.0018825164124129518
145,0.006034589276238221,0.1479464420341122,0.8443974358589463,0.0006117748596676309,0.0010097579710356287
146,0.033632913334134304,0.24875960199155045,0.7083557318955307,0.0024135044066212604,0.006838248372163192
147,0.030702642693593043,0.3573711937423871,0.6040282077436823,0.00264251548499042,0.005255440335347141
148,0.0037313800726316154,0.15770152139717056,0.8373370202415477,0.0004886238321388703,0.0007414544565112985
149,0.009042720682979722,0.34715598508742024,0.6401956163963343,0.0009482030647099224,0.0026574747685558626
150,0.01838259071891216,0.3613254886360235,0.6173620485174195,0.0009521289065208981,0.0019777432211240233
151,0.009834290119368856,0.26023953577495695,0.7258778535316187,0.0025584176220359795,0.0014899029520194455
152,0.03279880093852074,0.39246333533640965,0.5642975018538653,0.007231459965117142,0.003208901906087045
153,0.047799426012359314,0.40735523005943486,0.5240344034958848,0.01564037615425263,0.005170564278068411
154,0.07240111857502254,0.6177220371802505,0.22665599121528562,0.03811201503532258,0.04510883799411889
155,0.1201697328925845,0.5504195726984377,0.2243429241878304,0.0759253799866036,0.029142390234543902
156,0.13965825801602014,0.5301569124777058,0.07964159039990638,0.10850570204186641,0.14203753706450128
157,0.21010268226300016,0.21266232329477086,0.029117547295625795,0.11542761291593055,0.4326898342306725
158,0.11629865969826884,0.1641242590813927,0.016733651926496715,0.1305564941309832,0.5722869351628586
159,0.22373105580657043,0.26537369546742084,0.011612201540443423,0.10995241428911148,0.3893306328964538
160,0.06563491151187112,0.07704233147649467,0.010165842658014502,0.030225846200047184,0.8169310681535724
161,0.07470435725545418,0.01318510255415583,0.0009705180132462437,0.01269955594213883,0.8984404662350051
162,0.06807172555161471,0.03575429347732328,0.0013806999896446878,0.02921426308812327,0.8655790178932941
163,0.014373615967293911,0.015616513744639642,0.002606083418055798,0.008182455604119654,0.9592213312658909
164,0.030789234299998268,0.02332153119718024,0.0005402706961349986,0.011171821812679205,0.9341771419940074
165,0.1021148265833984,0.035255435430455645,0.00036833190242102317,0.02281436345219705,0.8394470426315279
166,0.05625616651316592,0.010398429834170596,0.0006982253042732708,0.007625428485934905,0.9250217498624552
167,0.05749588584342478,0.011437383910904922,0.000287737686120701,0.0032874560578363206,0.9274915365017133
168,0.06983232207628125,0.028613686232559183,0.000905653087515108,0.004721819466511739,0.8959265191371327
169,0.33147021942800103,0.09333793811279283,0.0018407249523497747,0.03388433176336227,0.539466785743494
170,0.07034905620086387,0.059841877590989516,0.00047252886170592607,0.009421961263010356,0.8599145760834302
171,0.05331630637277113,0.05670442516423026,0.0005485766173511,0.017812672783780736,0.8716180190618669
172,0.10926666253367259,0.13853977747710858,0.0010237341743427769,0.046893993135104034,0.704275832679772
173,0.08912736247230504,0.024170974170202534,0.000377247813262497,0.020460805068608378,0.8658636104756215
174,0.164747513089263,0.04630315583856828,0.0010091690424066141,0.047907495096882594,0.7400326669328796
175,0.14788007147554133,0.079979045356572,0.001867033048146986,0.04191033333155359,0.728363516788186
176,0.10177884210167995,0.10753497911788595,0.0006736907437534739,0.07166851544957473,0.7183439725871059
177,0.2858189994487576,0.19082189309642075,0.0005675736277367288,0.0658080321908426,0.4569835016362423
178,0.36660808497049824,0.10998671986298889,0.0016304794852081434,0.04316265901751811,0.4786120566637867
179,0.19709108149397875,0.10180436932759708,0.002035175323396035,0.09457366803100072,0.6044957058240275
180,0.1259780915242389,0.0914973664491031,0.00163838360825565,0.1623546166789813,0.618531541739421
181,0.17771332574245674,0.10210582489444214,0.0006047040491136693,0.14591925257586233,0.5736568927381251
182,0.05832924921390823,0.07522905464884355,0.0013570024844812311,0.038574793475485696,0.8265099001772813
183,0.023843365978439775,0.009391469398702222,0.00018494717500113403,0.008818024264573489,0.9577621931832834
184,0.04249460657056746,0.04402043189616848,0.0004471635194724424,0.025294382104516632,0.887743415909275
185,0.05180913005447758,0.054083607265829024,0.0009401048536810587,0.026127775807202037,0.8670393820188104
186,0.00806192476946413,0.005740336603162341,9.405630676457244e-05,0.012722389459965672,0.9733812928606433
187,0.06258753291371569,0.03025272998364755,0.0007059467000415149,0.011808730627621585,0.8946450597749738
188,0.1029243109263469,0.03720244959589551,0.00044989545963792843,0.018088904960779136,0.8413344390573405
189,0.13825796160887713,0.03766932924215128,0.001672500196646711,0.006206537792447641,0.8161936711598773
190,0.430050153609945,0.1812651151252078,0.006073181326264227,0.022268660845307518,0.36034288909327533
191,0.2871457434456027,0.3211346694492225,0.005601729061761616,0.009392689332799454,0.3767251687106137
192,0.4026534580183554,0.20462314732483836,0.008878816952301477,0.033942544656289396,0.3499020330482153
193,0.051352108021226126,0.8793982856972632,0.04396815802927567,0.0151672108790916,0.010114237373143597
194,0.15000157478191123,0.5259728847417758,0.007870639676612537,0.1628541106726448,0.15330079012705553
195,0.3502456443960409,0.47640948707157593,0.014594491229183581,0.04964649318522986,0.10910388411796955
196,0.1304354564642187,0.7672385006549173,0.012698267866209088,0.04406147506572657,0.04556629994892837
197,0.23480385060912068,0.6074164911936576,0.030333224405127278,0.04602159028549685,0.08142484350659776
198,0.06835842851254985,0.5916027202223492,0.010578380348672535,0.010328646929276234,0.3191318239871521
199,0.00843936768768797,0.011482806551661343,0.00014377895698856002,0.009426403154949633,0.9705076436487126
200,0.018699890848549883,0.008262429766857997,0.0007527303644897126,0.004579587389349527,0.9677053616307529
201,0.006010194737018144,0.001198666525251985,0.00010501887024408205,0.002331151665059039,0.9903549682024267
202,0.06977703170462217,0.0037298576212834596,0.00013322042363040742,0.0021650382345902706,0.9241948520158737
203,0.28193266295377223,0.010143516419492751,0.0007595035700432731,0.004903170274634983,0.7022611467820566
204,0.2111258544650829,0.017870537322720176,0.002238031993278769,0.009794774764750354,0.7589708014541677
205,0.1411317542282075,0.03022245728591612,0.0003775984459634064,0.043457279465587716,0.7848109105743253
206,0.19999441154422085,0.07322373509637731,0.00246733656672382,0.07290329546724776,0.6514112213254303
207,0.08878250188697395,0.07740081609027495,0.0024063135777628625,0.04142672204454533,0.7899836464004429
208,0.3171715545399258,0.18859403717414425,0.00039269280727966796,0.11000755204363263,0.3838341634350177
209,0.1761165783592589,0.11605678844633169,0.0008491746556757647,0.12718428898360673,0.5797931695551269
210,0.2639954761562901,0.16005982476949274,0.0006105458735717322,0.16316594386633976,0.4121682093343057
211,0.25322164323400753,0.15398748135967727,0.0030705021909228185,0.12813035210813803,0.46159002110725444
212,0.10538720399352107,0.23884245250861344,0.002606403883002576,0.33681619061832824,0.3163477489965347
213,0.07607055766366808,0.04258728514518327,0.0007699901364686248,0.08942874246468258,0.7911434245899975
214,0.05223199093167439,0.03001564984005854,0.00017235914545804513,0.03533064965969008,0.8822493504231189
215,0.22281417835160522,0.05537269671293678,0.0005064377323668256,0.036706323336079545,0.6846003638670116
216,0.22672543017815547,0.09403678078575084,0.0012223777353665489,0.05537832316504828,0.622637088135679
217,0.2075846560497817,0.12485298381886162,0.0031054958808026324,0.07616080069168944,0.5882960635588647
218,0.08811900567981285,0.1832243463789477,0.0014559599545174457,0.11761574324618351,0.6095849447405385
219,0.17787741875033436,0.22558663119070668,0.0034893214564634366,0.1508176647072981,0.4422289638951974
220,0.18471826509591793,0.3113322144144265,0.0066144275317741195,0.09342838640710127,0.40390670655078015
221,0.27186087845306817,0.2544291342905187,0.005865072814407598,0.2430425617664196,0.2248023526755859
222,0.27647849640975164,0.30246840792284485,0.0035480610324759793,0.2692702427809981,0.14823479185392946
223,0.2906208083584371,0.23293673003494098,0.0007301455476724591,0.3919762865965669,0.08373602946238251
224,0.3233166451366875,0.44755311362112515,0.008959249496446314,0.14323575916701672,0.0769352325787244
225,0.4081925473934762,0.38056119879681405,0.006220974614114363,0.10607673986097729,0.09894853933461809
226,0.6343645256793641,0.29181704817151577,0.007883686180332434,0.03583554120827463,0.03009919876051295
227,0.35684905888250573,0.5867439059941121,0.014316553282309187,0.023273986826621993,0.018816495014450912
228,0.3147604515579569,0.6318826464867826,0.01649842428041224,0.031732252646625554,0.005126225028222691
229,0.08529767653753566,0.7849772015044748,0.09758994699445482,0.025980639940138238,0.006154535023396507
230,0.06239501677370863,0.6695101706157891,0.22077312280858322,0.04455642677346312,0.0027652630284559516
231,0.057906017848638816,0.815257619284706,0.09218024206543382,0.029314307347036515,0.0053418134541849205
232,0.017069465164515994,0.5528036264627583,0.42375670898478657,0.004593624320150169,0.0017765750677890405
233,0.02846976767710709,0.6080261688197963,0.3573850492787438,0.0046086370591926435,0.0015103771651602087
234,0.04142020027421354,0.7042508396313594,0.2453793859743444,0.007078251672300643,0.001871322447781969
235,0.044979383251011106,0.5846508363104059,0.36340557092365205,0.004836129447967642,0.002128080066963191
236,0.046737539266359464,0.5281976618364359,0.41510006070372985,0.007923252636081545,0.002041485557393346
237,0.21085422853072783,0.4866717788811118,0.045060641884663515,0.011467563258077629,0.24594578744541915
238,0.03304531653012409,0.7100901668466012,0.24607944951169702,0.0019967968173387218,0.008788270294238959
239,0.11421480301444077,0.5383504605873553,0.33468894693351814,0.006012269723650436,0.0067335197410353185
240,0.14441920789134643,0.508125387527914,0.33701837927135636,0.0059921895466173965,0.0044448357627656955
241,0.05136080328932613,0.610413140173348,0.3319677364006344,0.004982757084814179,0.001275563051877432
242,0.23388347422844363,0.45058590908631774,0.059340514324887475,0.019297616812533475,0.23689248554781758
243,0.1209777901103743,0.6166125437924149,0.25273887699853254,0.003326854759305927,0.006343934339372405
244,0.1813031535075053,0.48823615344370946,0.31285822544240827,0.005482562017989723,0.012119905588387063
245,0.12116958320625748,0.4883397502713394,0.38138084550456147,0.003699248970120282,0.005410572047721175
246,0.05736922876770414,0.5446321228223016,0.39274616946508956,0.0035364337678001584,0.001716045177104683
247,0.03542426342673737,0.5144985998443417,0.44197281721014775,0.004321421555083153,0.003782897963690006
248,0.02273042795417153,0.4227692895185629,0.5493395233838171,0.004113645771006124,0.0010471133724422918
249,0.007815545249303377,0.3543611815699963,0.6356925925218394,0.0012842253751433313,0.00084645528371756
250,0.01046285400992225,0.3515984296768694,0.6342810319486666,0.0021010405137953806,0.0015566438507463654
251,0.015409570248540559,0.3316809253821177,0.6501511624337881,0.0014489642559448836,0.0013093776796088332
252,0.016129349763424224,0.32887767660026906,0.6520241729351626,0.001203634512303472,0.0017651661888406418
253,0.004710954314136552,0.22195477369992225,0.7715175727884359,0.0007399622520601094,0.001076736945445356
254,0.006467043930303415,0.18160060680333331,0.8097617288362197,0.00059384695092301,0.001576773479220649
255,0.003025008885362455,0.17082363914085116,0.8248482527633764,0.0003140525936479985,0.0009890466167618878
256,0.0006221630832088358,0.0880067839386898,0.9103621668085654,0.00018599595809081526,0.0008228902114451736
257,0.002317551791776735,0.14443566911437683,0.8502061634848098,0.0004840776500984592,0.002556537958938086
258,0.0010647909950728498,0.08848953811769678,0.9092848689713436,0.0003341361491771889,0.0008266657667094262
259,0.0014639134682329572,0.06484670534707852,0.9323755769823497,0.0005360927623478459,0.0007777114399908035
260,0.0002719177117516078,0.022053858640106287,0.9771221681028195,0.00012937911050697707,0.0004226764348157683
261,0.0005325921275705283,0.031397827807999046,0.9671183127287795,0.0003156854016979784,0.0006355819339528827
262,0.00120292760737269,0.060574901277679394,0.9361499216369003,0.0004975735817175822,0.0015746758963300826
263,0.000323937924426563,0.02805895457770999,0.9703711643504433,0.0003812531815935477,0.0008646899658264417
264,0.001108676797727352,0.061566699286779145,0.9365422684753215,0.00021544037358898756,0.0005669150665831077
265,0.00019228077991867982,0.04224672022663677,0.9570869746947692,0.00010573272888131014,0.0003682915697939077
266,0.0007685831218633372,0.034632069806066375,0.9620820031535543,0.0007207420289369738,0.0017966018895790934
267,0.00055637370502711,0.043814986299410136,0.9547100197419669,0.00029002243679639454,0.0006285978167994456
268,0.003998950294662599,0.10392916646542213,0.8875784353323839,0.002163972501951479,0.0023294754055798402
269,0.0011535140332179998,0.04577250996314756,0.9495880269697182,0.0014665588472653798,0.0020193901866508803
270,0.0036299793328957728,0.13705934432454983,0.8527324755496821,0.0018112692709504935,0.004766931521921755
271,0.026909624658827205,0.2842951537910762,0.6753226131805571,0.002353477191066395,0.011119131178473103
272,0.08102070375080096,0.7005144313014454,0.19330327460887112,0.00806814830821323,0.017093442030669072
273,0.012579409644569677,0.34787566853018087,0.6376018355541484,0.0007925066962912595,0.001150579574809766
274,0.0251641564804856,0.5319292251956758,0.4402541005466826,0.0012538442411599911,0.001398673535996098
275,0.01230193238848439,0.4320172586434281,0.5524176494956986,0.001252863670581634,0.002010295801807263
276,0.017521260928414873,0.5029020721194482,0.4742835150655142,0.0021678212708969476,0.0031253306157258205
277,0.006021201146950158,0.3362537469290957,0.6558208172987994,0.0005896114837687436,0.0013146231413859824
278,0.0007688722270380741,0.10402678720742006,0.8941006249920185,0.0003667231211746937,0.0007369924523487042
279,0.0022862731717554706,0.16482323873891058,0.830457080655453,0.0009638057898700867,0.001469601644010899
280,0.0027618306898993185,0.07537478616724763,0.920063714212377,0.000901792882822692,0.0008978760476533363
281,0.0005647570689716106,0.04450987066714644,0.953526812234057,0.0004366049294230828,0.0009619551004016819
282,0.001734512937829569,0.035667751716964215,0.9599068899374965,0.001196062708729203,0.0014947826989806243
283,0.0011205024076211699,0.04571117013416927,0.9514604424457999,0.0006938522993784425,0.0010140327130312302
284,0.006789381993629657,0.06461886354343466,0.9240142350284487,0.0014756524670264271,0.0031018669674604676
285,0.0008755752318739103,0.0203395608008699,0.9771918540158553,0.0005391005417419257,0.0010539094096590719
286,0.002588128449318843,0.0404059504337706,0.9538788518766074,0.0010022729397594873,0.002124796300543684
287,0.0013869253886847571,0.04043588838828847,0.9552909772503125,0.0006311665151874924,0.00225504245752686
288,0.004625284533211893,0.039237314322184996,0.9495391620892857,0.0020098622571332195,0.004588376798184269
289,0.004270311083767708,0.05435758180778487,0.9366696565046172,0.001460757216954484,0.003241693386875653
290,0.005890910257808764,0.07004405285287661,0.9161694232093329,0.002648565546522115,0.005247048133459521
291,0.008822622347107551,0.09283769495866417,0.8861877675376035,0.0026483074232747793,0.00950360773334988
292,0.004836096897959965,0.08359427797275094,0.9060245850838721,0.0019611346852323017,0.003583905360184695
293,0.006532892169573003,0.05675084910645503,0.9277533589110428,0.0033889534290023,0.005573946383926916
294,0.021577085233580835,0.14915462238456406,0.8121372250710169,0.006508730675942841,0.010622336634895233
295,0.0694008864622837,0.29690877332036014,0.610129265102406,0.009367012055918594,0.014194063059031753
296,0.0075405338614275,0.08258361318313828,0.8964899908441113,0.004166736772901255,0.00921912533842157
297,0.029958945927855002,0.14532860981878812,0.7954516071101738,0.01073274456052196,0.018528092582661176
298,0.004039030623044384,0.060644033212796065,0.9224290402747842,0.006189320244027783,0.006698575645347446
299,0.010440294516560736,0.07472426350748662,0.8858318867132497,0.015823395736114906,0.01318015952658796
300,0.004200995420948695,0.04576593003809027,0.9350527232932944,0.010607345076151636,0.004373006171514837
301,0.023700106875956643,0.21639258538532483,0.6980332100150781,0.0389960235684098,0.022878074155230597
302,0.41024649941990315,0.1901601160055262,0.022476509035449618,0.04762084595941911,0.32949602957970175
303,0.4687076815997715,0.1870078762561799,0.10972666906872022,0.05929858178925566,0.17525919128607273
304,0.46670150671831817,0.17621830746673828,0.01117897681468259,0.06863625176787552,0.27726495723238553
305,0.36458180278301094,0.4452912900795587,0.083572800803966,0.014297304519994464,0.09225680181347
306,0.5731662167808318,0.33534256334707685,0.016331256856025458,0.0230238453499005,0.05213611766616532
307,0.36084048634658844,0.5602555182578812,0.009589399714125972,0.04156780841719157,0.02774678726421269
308,0.3800291780241556,0.5138716383808943,0.012990541450903456,0.0719589947608342,0.0211496473832123
309,0.19382105681030934,0.5967325737448301,0.03713347572694584,0.16967564810738897,0.0026372456105256954
310,0.17351855633462218,0.5936857431872528,0.0611144902385602,0.16586139867246327,0.005819811567101573
311,0.0982549924096222,0.5208645760212129,0.07305648074100851,0.30408680357516027,0.003737147252995981
312,0.04207013393882253,0.7217449352227564,0.1756232716388366,0.05626317936263106,0.004298479836953395
313,0.08323249904683118,0.6227725840150824,0.2300665481335925,0.056968223023499534,0.006960145780994438
314,0.052207749564638715,0.627333305627622,0.29195947479897383,0.023016409798533213,0.005483060210232324
315,0.020122397935731916,0.4467966626033142,0.5263500076183385,0.005334295373951574,0.0013966364686638529
316,0.037691875659635624,0.6255905613713483,0.2810678744562391,0.05377067663112513,0.0018790118816519438
317,0.03734732336644202,0.4857614450189173,0.36735537964285275,0.10654368581692347,0.002992166154864545
318,0.043755112855729784,0.49751496139281376,0.3109939221879299,0.14278740820160787,0.004948595361918673
319,0.045387084949772866,0.5775299589457201,0.1527247482516187,0.2189935256058597,0.005364682247028814
320,0.03459372945030816,0.47528570080127625,0.21440708811345788,0.2713622801456993,0.004351201489258401
321,0.06681425133851639,0.6352360613180271,0.09105135990369467,0.12644973265205545,0.08044859478770645
322,0.10643355282479547,0.22600493497515634,0.004155694951720311,0.1700184646735254,0.4933873525748025
323,0.08837879161112377,0.08991477577274531,0.0013175491919015952,0.7259282874189887,0.09446059600524047
324,0.1480311999446701,0.18118445300455976,0.0010376409883031729,0.4813928804995462,0.1883538255629207
325,0.17570526570522524,0.08521903253576163,0.0005724484024537944,0.4918330702747406,0.24667018308181876
326,0.14829858020184974,0.037664147516448955,0.000724092076367274,0.47662554050626893,0.3366876396990651
327,0.17887051651323485,0.07044302534580325,0.0007394017773961169,0.45185088832357984,0.298096168039986
328,0.15728102074722108,0.1707404151467083,0.00043049179026638794,0.3268608908340746,0.3446871814817296
329,0.14689392245122798,0.12415273649778888,0.0003194548728800298,0.28173605243729316,0.44689783374080994
330,0.20554407584573212,0.1002893623111423,0.0002626597635397308,0.2491785141886308,0.44472538789095506
331,0.20251261988279018,0.1304536301246413,0.0007248887671238754,0.33669600010595485,0.32961286111948984
332,0.0467429592974052,0.018657030637986318,0.000893703636187353,0.02963374192531329,0.9040725645031078
333,0.02724943976245456,0.007598911660477722,1.8079147306544374e-05,0.015015741509339344,0.9501178279204218
334,0.22433913629704624,0.08701940810219293,0.0006277732164757809,0.11208916060682796,0.5759245217774571
335,0.18467393380049432,0.040910499074800835,0.0005318001244745971,0.08492229481635122,0.688961472183879
336,0.1968010199689458,0.035630420789609325,0.00024746027453253187,0.26770023215087474,0.4996208668160376
337,0.11370613575077018,0.12232545379313439,0.00047461434146331703,0.48887434073100833,0.2746194553836237
338,0.17908024609403722,0.07664732975606728,0.0004977693606126544,0.35490516924191623,0.3888694855473666
339,0.07204982165446897,0.12488104759158676,0.0001885222066330508,0.6774438987133555,0.12543670983395563
340,0.09303466459745287,0.05778248508353278,0.000345993760150854,0.6073282958059816,0.24150856075288182
341,0.18588931412026372,0.13882260891872894,0.000374754671045171,0.365492425148295,0.30942089714166715
342,0.15728929864568655,0.16055371837959934,0.0012134265257869416,0.31527450882009633,0.36566904762883073
343,0.1822483722034095,0.09473568826031044,0.0006700448928704066,0.3047485994637062,0.4175972951797035
344,0.23570779668691919,0.12719961334307128,0.0007712735514647968,0.4366740047927254,0.1996473116258193
345,0.15168013012511122,0.08532985053680697,0.0017201453248355558,0.37992009265558,0.3813497813576663
346,0.11666375151692188,0.11501350495599487,0.0006320725266551997,0.36337221011450815,0.40431846088591994
347,0.20361139736308753,0.08519225984434485,0.0005318139398157225,0.46685952012493415,0.24380500872781785
348,0.21317726310626156,0.09416961164460264,0.00022195181656120655,0.3707684099222849,0.3216627635102898
349,0.2659838875129338,0.06543684996978182,0.0002431531823201342,0.4349941485054543,0.23334196082951
350,0.15370042799700032,0.053999543882262656,0.00025208679190561866,0.341680968431242,0.45036697289758953
351,0.14753062526007654,0.04677485274134979,0.0004011259979992541,0.45199936786321687,0.35329402813735744
352,0.19410558297736877,0.08319538480124702,0.00043360114376190335,0.4955946016172804,0.2266708294603419
353,0.15256542550504315,0.05953024844530673,0.0007892766792095163,0.46808713590547,0.31902791346497045
354,0.13682823962547044,0.059937594117961616,0.00042837260732881446,0.5582494796498849,0.24455631399935407
355,0.13521360650638645,0.11595464677936157,0.0005375432338090256,0.22363648562042004,0.524657717860023
356,0.14157179680511747,0.05740143976117523,0.0006344312760932957,0.32878780760409976,0.47160452455351415
357,0.15380054932506274,0.04433608100346654,0.00034320267723827964,0.144520498068605,0.6569996689256274
358,0.2904071145089251,0.052271941514480356,0.0004700999096984755,0.3293134870565446,0.32753735701035136
359,0.07913447078377876,0.04628296195746232,0.00035022382189656945,0.12009882769924106,0.7541335157376214
360,0.20864996134286692,0.12284583828452979,0.0005415292674016527,0.3414486106046396,0.32651406050056214
361,0.18692891239227005,0.15510459298623078,0.00040972091984835485,0.3391033168292598,0.318453456872391
362,0.1444717212938883,0.06113701619774934,0.0003418705668892454,0.1938510389707626,0.6001983529707104
363,0.15373897150999688,0.11954959560990189,0.0009269588142913718,0.21580566262753226,0.5099788114382777
364,0.2078155165362154,0.05382147224423305,0.0008193100572522461,0.2733674884679563,0.46417621269434306
365,0.34110360393389133,0.05664817444563763,0.0006680719922956004,0.2089689101753721,0.39261123945280335
366,0.1225231319693396,0.046510229043883564,0.0008840069361266669,0.13305202167642854,0.6970306103742216
367,0.24925963751842067,0.053927937502460555,0.0006009628799053367,0.1519655041185985,0.5442459579806149
368,0.09160920699394451,0.034486680025164425,0.0016905825236670814,0.14475072851750767,0.7274628019397162
369,0.10694352783194302,0.048719989356454906,0.00019641292787176906,0.19755927949829816,0.6465807903854321
370,0.1684974231687693,0.19472564855870197,0.0011239177535881028,0.2364987857732256,0.39915422474571494
371,0.09539305730745849,0.10486971123476174,0.002407453485121355,0.24025919916594296,0.5570705788067154
372,0.19720777175005355,0.3716192477268253,0.0017824869835199868,0.2843999811955304,0.14499051234407062
373,0.09877389905424343,0.17778570376583352,0.0045680995100018515,0.34847610843947796,0.3703961892304432
374,0.11702843177639928,0.16635392448801128,0.0026168101471230405,0.2988849497471822,0.4151158838412842
375,0.12676723374698878,0.33790256738649377,0.002902116109883524,0.3973355196949812,0.13509256306165274
376,0.1569905349754117,0.16234322090878617,0.0017358139646539415,0.4161820314113612,0.26274839873978706
377,0.15982538791266285,0.2026925962696657,0.0019839826898861777,0.4296385138030052,0.20585951932478
