epoch,N1,N2,N3,R,W
0,0.049804452579076536,0.0015901337668219801,1.5331301256082202e-06,0.0005200295722991972,0.9480838509516766
1,0.04409639774098142,0.0013935549081451931,1.5414396704687307e-05,0.0011316818253324585,0.9533629511288363
2,0.20338552286509948,0.0009077318050984237,1.450383622182645e-06,0.0010039696621663397,0.7947013252840136
3,0.39145051939480907,0.0006112859974690499,4.168215736305072e-06,0.0008112429403444028,0.6071227834516412
4,0.8226504083618797,0.0009658792628540038,6.293931973495805e-07,0.0005215259839131564,0.17586155699815584
5,0.8456554757458296,0.0006354041816308097,2.1478618756521367e-06,0.00036830029141752955,0.15333867191924658
6,0.7339668139452368,0.033739625402972706,1.0880669151987495e-05,0.0013409809214556087,0.23094169906118275
7,0.3895796700803152,0.03635107464261504,8.642146769026116e-05,0.0015244356569172847,0.5724583981524622
8,0.021164118091458125,0.0008995254929812646,1.2991839447884953e-06,0.0011828618478983933,0.9767521953837175
9,0.9872750553174829,0.0003878612876331088,5.026959514847854e-07,0.00011649388194912301,0.012220086816983423
10,0.9835422662423817,0.0023022961993895063,8.231527310044753e-06,1.3873437725117841e-05,0.014133332593193687
11,0.7982383968117417,0.06382882758906572,2.800898703078707e-05,0.0010354480639028641,0.13686931854825893
12,0.17339420384193466,0.15638554249084713,0.00010877603982478209,0.009113459439521392,0.6609980181878721
13,0.07793941225119486,0.758273516565117,0.0020317652822788674,0.0009392131057001637,0.1608160927957091
14,0.10908946081777195,0.7182564749040611,0.029431180977659642,0.002062797334392246,0.14116008596611512
15,0.06465146664064195,0.8018692287261784,0.0026608117239432616,0.006046957185588902,0.12477153572364756
16,0.04568450291155756,0.2996890175453053,0.030099138494122327,0.001744959689217654,0.6227823813597971
17,0.04850471518847104,0.35613601804632145,0.01849757309982666,0.0039967347765312595,0.5728649588888497
18,0.057587293760481266,0.42188049005789496,0.007295711335707878,0.00957850520841998,0.5036579996374958
19,0.04962733877101459,0.2579824513212691,0.005690337512610742,0.001706089167359451,0.6849937832277462
20,0.03355997940850842,0.11280173296072153,0.005028077513531276,0.008270439193225763,0.840339770924013
21,0.03468862515202972,0.2874834795439108,0.01590117328476633,0.001343385485187435,0.6605833365341056
22,0.03363688911634394,0.04227370099921731,0.002184544714685457,0.00101067018455988,0.9208941949851934
23,0.039595126703209256,0.08922659651444934,0.0005364068946040069,0.03876987818068915,0.8318719917070482
24,0.04004523682755841,0.04058391998399427,3.6836457810739224e-06,0.04337823079943085,0.8759889287432353
25,0.16047777585763634,0.36310300821043834,0.00017387006069583108,0.06260704010851419,0.41363830576271526
26,0.07027739886197112,0.7039810960645188,0.00035089852375562875,0.01736062566609069,0.2080299808836638
27,0.5125380694523051,0.1377830861119529,2.0357408351825974e-05,0.06329773144150398,0.28636075558588636
28,0.09892423202541713,0.6008535866785398,0.00010855214337542584,0.04698623137504066,0.2531273977776269
29,0.29534814802624537,0.38287332411803326,0.00013177032338370522,0.1346565020056205,0.18699025552671722
30,0.3136326187882256,0.5085490913747205,6.342833427683397e-05,0.03148439933110993,0.14627046217166711
31,0.09233039956955483,0.8721833619265285,0.00025158213046953094,0.010569630189064046,0.02466502618438308
32,0.05288428197526034,0.9200951557826892,0.0007997027466146522,0.0071421293717426285,0.019078730123693134
33,0.1971625851865845,0.4749994621249738,0.00013183075638011324,0.23542357923246135,0.09228254269960025
34,0.09128146510213594,0.8301204274145702,0.002308768154682449,0.042092613823771746,0.03419672550483973
35,0.025653951127761535,0.9511097900347286,0.003919238628819276,0.0053800639870606685,0.013936956221630065
36,0.02727960311708403,0.9524314165792782,0.0014297120045351126,0.005312919056552422,0.013546349242550297
37,0.042442515675243195,0.9036581165302475,0.0006926638412078995,0.04012988320389821,0.013076820749403282
38,0.17213360308224473,0.7071117773764657,0.0006922495785452198,0.07811171006255821,0.04195065990018611
39,0.530950846792616,0.23458498036705439,0.00020574912602032032,0.04328575424420135,0.19097266947010805
40,0.2452732346940032,0.7314373193049177,0.0001349008406622893,0.007970008833194842,0.015184536327221932
41,0.05682835363553459,0.9369736526119431,0.0014237080240401942,0.0005856735894149722,0.004188612139067252
42,0.042686675025211854,0.9440309554253695,0.000368765848826608,0.0059316630614663895,0.006981940639125576
43,0.05131861956100741,0.9386420363825445,0.002646901095846258,0.002709613265437599,0.0046828296951641705
44,0.07402782129286609,0.9020927561839682,0.002622767666623639,0.007281042870097519,0.013975611986444548
45,0.007922901832877983,0.9864796371564837,0.002950658754306358,0.0013096620877263965,0.001337140168605679
46,0.018747500621063434,0.9568111529771032,0.01795643041611974,0.0035899782585293635,0.0028949377271842306
47,0.04422643260030932,0.9355840651272754,0.005864560005137288,0.00423847432240659,0.010086467944871483
48,0.02231590979642915,0.961283788171758,0.00981315792919254,0.002317949159497134,0.004269194943123229
49,0.01847063989061684,0.9675586309767835,0.008526535234775392,0.0022299119703120727,0.0032142819275120292
50,0.10925765358002267,0.8762354080296092,0.007725493715826888,0.0032992699903712785,0.0034821746841699596
51,0.009399612328868004,0.8900188573925747,0.09645773181931304,0.00038408804058760374,0.0037397104186567636
52,0.0153998272129969,0.9481027833502189,0.032250410177794564,0.000758916093959376,0.0034880631650301757
53,0.005100328634251816,0.8221726641846131,0.17053899279048207,0.00045899459174138913,0.0017290197989117404
54,0.001408246342612414,0.3017664400741334,0.693812980000925,0.0001688636990816263,0.0028434698832475918
55,0.001943462172170983,0.9155124952415786,0.07603909233558402,0.0008996461017874347,0.00560530414887875
56,0.0006531370513286413,0.48818669988875946,0.5065412789040676,0.0001567773464031868,0.004462106809441112
57,0.0007459937926067878,0.41107586959857567,0.5838157319332355,0.00011275928659542457,0.004249645388986456
58,0.0006339999649433208,0.20131258771220983,0.7949798666786962,4.864145395065421e-05,0.003024904190199944
59,0.000725617589565276,0.08847920671267588,0.9084287138006465,3.4191201649470456e-05,0.0023322706954630006
60,0.00040859629463737765,0.019920365865653152,0.978415159425845,1.0281459686526766e-05,0.0012455969541779004
61,0.0018590337915222797,0.2802025882827605,0.7147376079832235,6.468686783119923e-05,0.0031360830746626576
62,0.001499441900468991,0.11494984928946213,0.8814376464396656,5.104646551575127e-05,0.002062015904887515
63,0.0019018667364054413,0.13597071381289128,0.8587968571358162,0.00010890048943700052,0.003221661825449997
64,0.006417453387071007,0.20428684559261082,0.7798664520630447,0.0005924757209130247,0.008836773236360292
65,0.00793171085449405,0.28847451586932243,0.6915904523737821,0.0011874290036737603,0.010815891898727588
66,0.11941998945614006,0.7596998686561073,0.05630375830935472,0.00431137108645422,0.06026501249194386
67,0.17591890320069342,0.747116455138266,0.03515130273122386,0.009324489029431882,0.032488849900384746
68,0.06701423948313233,0.8131349537785977,0.10560363240109381,0.0008324439400485419,0.013414730397127683
69,0.059081435066212766,0.891107463667954,0.04233763437513982,0.0006481195685038397,0.006825347322189466
70,0.008031874603289251,0.9447509174491001,0.04126472005229492,0.0004193055399324886,0.005533182355383155
71,0.004746727371594423,0.7694020372900747,0.21817968183950928,0.0006906785431345354,0.006980874955686953
72,0.005299126764667818,0.5957369103889415,0.3882453875094579,0.0006392331863780242,0.010079342150554766
73,0.00313473030964274,0.5876014473664706,0.40421150947957085,0.0006158639524427907,0.0044364488918730155
74,0.007092701471990656,0.7714771665143346,0.2124378380682526,0.0005124623643480554,0.008479831581074031
75,0.04053635584805747,0.8097391795669705,0.13496191428748333,0.001707247347421657,0.013055302950067035
76,0.004131586332360053,0.6434186140652042,0.345297184076228,0.00036723779944173934,0.006785377726766004
77,0.005425438145786469,0.7786377880416853,0.2083446660996358,0.0012683107486709734,0.006323796964221387
78,0.006087606182267755,0.7175508529028978,0.27026817331158265,0.0012857635205602161,0.004807604082691525
79,0.011251339979129379,0.7970981359973807,0.18360857489920096,0.0015503833435786022,0.006491565780710338
80,0.005204419153056833,0.847800489881775,0.14175171381879242,0.0007557670630536066,0.004487610083322032
81,0.01120078263867206,0.8783945188375432,0.10278259059762745,0.001390468763722831,0.006231639162434376
82,0.0059958926736020995,0.5663418791290113,0.42279347037273873,0.00019245366009110592,0.004676304164556779
83,0.0055794984506034396,0.5740754343799691,0.41475934941693937,0.000242492349714028,0.005343225402774124
84,0.0021882413382660407,0.5168065954536555,0.4772909998998198,9.885451877492822e-05,0.0036153087894837733
85,0.0018474812051418395,0.24264288309513146,0.7517315709734094,7.154797734208736e-05,0.0037065167489752663
86,0.0014146702716291957,0.26805788994789403,0.7278920484172889,0.00011129281447833526,0.002524098548709313
87,0.0010028184674259766,0.15708567048962818,0.8403802196911109,5.589266190044325e-05,0.0014753986899346068
88,0.0015181227260507456,0.2474041779990162,0.7471419982696293,4.971604717607186e-05,0.003885984958127499
89,0.00137850658806341,0.0710325447969121,0.925872731605796,3.217597641153071e-05,0.0016840410328170523
90,0.0010171714319943612,0.19108350249851402,0.8064848724874422,2.1289256865309864e-05,0.0013931643251841122
91,0.0011902985008552694,0.13243963528124184,0.8639128276795562,2.5653667394926013e-05,0.002431584870951796
92,0.0005757444632524089,0.04740161073250787,0.9502668847509275,1.6535059260403493e-05,0.0017392249940519212
93,0.00048328643682131586,0.051777369304038756,0.946697451023768,1.4821246711833899e-05,0.0010270719886600686
94,0.0006191674691582208,0.04659772045724507,0.9516936971089826,1.6932700186470574e-05,0.0010724822644277558
95,0.0022406355263695815,0.09731774757961657,0.8973537620573607,6.0147712101954076e-05,0.0030277071245511655
96,0.0017948504272827126,0.10568797453614,0.8893272417457283,5.479350899072044e-05,0.003135139781858387
97,0.01227219653988326,0.1729197624432436,0.8076044248034392,0.0005437796617202862,0.00665983655171369
98,0.011640048569556022,0.8181265844852945,0.16209387398635192,0.0011239230518167583,0.007015569906980772
99,0.08390387510083151,0.5833956118369935,0.3026195289095703,0.004540609351269018,0.025540374801335627
100,0.0372441300645415,0.7356421945554577,0.2133740854087304,0.0026333446286837684,0.01110624534258661
101,0.009825771773086404,0.7047048767827845,0.2732150987177078,0.002041149735397523,0.010213102991023671
102,0.005514905338297736,0.9126127502109203,0.07087212400525804,0.0036963287482492716,0.007303891697274508
103,0.012468970402746856,0.6826545708243905,0.2400860112470692,0.017427748439415334,0.04736269908637806
104,0.16858277787275552,0.5794532312099586,0.006557589258272759,0.2108091720926632,0.034597229566349835
105,0.12386532467009649,0.7595958866357164,0.005618257942273127,0.07081222363057936,0.040108307121334466
106,0.44348261174482556,0.4740719694180652,0.0010267079525664643,0.0301413867986322,0.05127732408591075
107,0.159311875650322,0.8298642429437215,0.0008249889954354735,0.0016350639192906989,0.00836382849123042
108,0.023083266065075752,0.9725854285127987,0.0005964049009027932,0.0007799194304798464,0.0029549810907428483
109,0.0687369055091766,0.9144616273348801,0.0019408726034957071,0.001553934932136119,0.013306659620311348
110,0.0373278767340846,0.9391606869013379,0.01511770138037327,0.0021189738553752447,0.006274761128829094
111,0.004644470236865907,0.9834236249041339,0.009437553282938422,0.0008489590008708165,0.001645392575190642
112,0.007384705591928673,0.9683095934480267,0.022411610945923467,0.0004774538827269473,0.001416636131393952
113,0.0021166790665454235,0.7604909069809546,0.23556674149874227,0.00024847903433042193,0.0015771934194273936
114,0.0007600301088256435,0.37011003479129423,0.6276153739592908,0.00014450743725524806,0.0013700537033341253
115,0.004294167473394212,0.8759965153575139,0.11613043667762706,0.0007205818830461889,0.0028582986084187078
116,0.012466473938127698,0.8539125697219169,0.1287988247974464,0.0010129692653681691,0.0038091622771409765
117,0.010065709141189799,0.8230157577436155,0.16208366805658705,0.0005442924601276355,0.00429057259847998
118,0.0007071551819460113,0.10305404061224495,0.8951700246314759,4.5855607399698565e-05,0.0010229239669333813
119,0.0018505405223830098,0.2421561707260085,0.7539011714726851,0.00013269982098221736,0.001959417457941225
120,0.007181387477029544,0.22713717952129117,0.7612896923009752,0.0005237252499969937,0.003868015450706969
121,0.008095028321553266,0.2917548268118884,0.6952472089176105,0.0009386196962291839,0.003964316252718664
122,0.03966138432831465,0.7075264111528176,0.24334732108583204,0.0016655333306057935,0.007799350102429981
123,0.006953358028099253,0.38100933793076786,0.6067153679791513,0.000702836070548956,0.00461909999143277
124,0.024588879045026584,0.8495371123400982,0.11785295364906537,0.0010506641157751002,0.0069703908500348185
125,0.002523453577598109,0.8152889069458983,0.1795246390728693,0.0003361510154367171,0.0023268493881974687
126,0.005609795473200715,0.8492834618135701,0.14113929118991342,0.0006133744168010856,0.003354077106514689
127,0.0024165073549430086,0.7616688454534343,0.23368777105995236,0.000382459394825611,0.0018444167368446977
128,0.0022428752101291785,0.6141949231048107,0.38110422568296365,0.000517663952152206,0.0019403120499442324
129,0.0017061736566956417,0.33573885486788535,0.6603045024954162,0.00024750231269776837,0.002002966667304942
130,0.011604713661207385,0.8861127795035411,0.09468922265523899,0.0019221253760726836,0.005671158803939991
131,0.00562836286460428,0.46768988840777526,0.522811651610022,0.0008006861982266512,0.0030694109193717886
132,0.007560064650902649,0.4255184747395556,0.5613371030257764,0.001059424083573235,0.004524933500192
133,0.01570405289495714,0.5729418265231648,0.40291103400375766,0.0021777019763602507,0.006265384601760006
134,0.07423077379434129,0.8637487452761414,0.03949887792811519,0.0073813414909525595,0.015140261510449528
135,0.0347415850760607,0.9063813762322726,0.0462780694679251,0.0022349430077758014,0.010364026215966004
136,0.0313156696749859,0.9161939418678363,0.04496518919581567,0.0026227681611746376,0.004902431100187435
137,0.0055012970155098396,0.9390484220304184,0.05047035427371471,0.0013341047489415082,0.003645821931415502
138,0.013173929397516364,0.9136246183765351,0.06550894658650866,0.0033803836452952454,0.004312121994144794
139,0.05095172788596519,0.9241246898597506,0.005154463746994232,0.013990199419262462,0.005778919088027511
140,0.00872614984740211,0.9507116394895276,0.035710142696924844,0.0024668528935797617,0.0023852150725657724
141,0.0031956246669620526,0.9606058234824709,0.03385483528610686,0.0012177835936507352,0.001125932970809574
142,0.03466629842876288,0.9468270816592641,0.008652279110731615,0.0019401319291533574,0.00791420887208804
143,0.03671641080148473,0.9532160569789981,0.002645345554260554,0.005121490885826021,0.002300695779430411
144,0.013586793460856565,0.9169880719637936,0.06441055879709304,0.0014668181864180023,0.0035477575918389436
145,0.04692973132553166,0.9163115345959035,0.019475909642135424,0.01281963934203536,0.00446318509439405
146,0.004336124481663233,0.9549335804850295,0.032880801722198656,0.00469996627972118,0.0031495270313875055
147,0.053483477207995185,0.8408990033654036,0.012569767602755298,0.06817262405819056,0.0248751277656554
148,0.26339721325105203,0.26586460365099934,0.0007020316532734363,0.38539317247713445,0.08464297896754086
149,0.2921683489237658,0.45983199912534506,0.0015142573836030135,0.2056306491641756,0.04085474540311065
150,0.4386029129293761,0.4701905843802362,0.0010080521209991982,0.05797303179653509,0.03222541877285358
151,0.0865270723208386,0.8956182950822694,0.003463595587211099,0.002744059995711313,0.011646977013969485
152,0.26794563545843153,0.6548105739798628,0.0003802920192431306,0.06730669092572293,0.00955680761673961
153,0.10936917883084567,0.8541078255715695,0.0009358735977768513,0.02475215079152942,0.01083497120827836
154,0.030837521960985523,0.9348771454119965,0.0018953132406845205,0.028204651776895864,0.004185367609437594
155,0.01739036180033189,0.9713490648351302,0.002215226754041235,0.006213741186637699,0.002831605423858996
156,0.022440153729992064,0.959142265246107,0.003558007646727859,0.011364589499285243,0.0034949838778876065
157,0.01336390966956388,0.9354987879513413,0.04193147099169548,0.006265691922795118,0.002940139464604194
158,0.008629985369884158,0.9463825514716397,0.011975413570638195,0.02581336153591631,0.00719868805192163
159,0.0703948369722702,0.41133671829525953,0.001223204630712299,0.4227674968850185,0.09427774321673947
160,0.04876438119620393,0.7644660764843793,0.004373624553891091,0.07079439368807433,0.11160152407745134
161,0.20735991043249358,0.274150385096359,0.0022940076211222463,0.3840100242725974,0.13218567257742786
162,0.024555914347549664,0.004969565253678275,3.928103946679956e-05,0.04501680105914634,0.9254184383001589
163,0.34637499034953856,0.012188721503861797,6.038666136135547e-05,0.5283233246538279,0.11305257683141036
164,0.36261849126374013,0.021070028591783564,5.0664851475850055e-05,0.5402514019682414,0.07600941332475909
165,0.36222890511784134,0.2481614365488412,0.0021126402768408643,0.265368864755697,0.1221281533007794
166,0.06257587536983635,0.02047142432928158,1.154854569490356e-05,0.8930217132897518,0.023919438465435372
167,0.024029514802833066,0.014254553914320789,6.252807134851231e-05,0.918715413487328,0.042937989724169595
168,0.010415654504506976,0.008101344251694773,3.7597737044247045e-05,0.957187998623738,0.024257404883015875
169,0.016088266883483977,0.00461087727327857,2.965458260333135e-05,0.9528418805801981,0.02642932068043608
170,0.009148588469533642,0.0027656515806811595,8.66980283463403e-05,0.975503689438363,0.012495372483075999
171,0.15089595439200815,0.0015705757531939235,3.1370726367040286e-06,0.7716895727976458,0.07584075998451535
172,0.4093479784249197,0.012749149110606182,1.0038987287029841e-05,0.5715154730409723,0.006377360436214841
173,0.57698174781808,0.022886131491422844,0.0001738192653744238,0.35055066944834806,0.049407631976774766
174,0.3879199024159755,0.027687163879274855,5.3895088368346784e-05,0.5747892954926618,0.00954974312371944
175,0.03600296443066759,0.03307809021576183,0.0002463406322147254,0.8974033646309499,0.033269240090405945
176,0.01910954724259341,0.005225709125865066,1.1633242486163305e-05,0.9399856490867237,0.03566746130233158
177,0.07975431391931156,0.020879376557046726,1.7712122673370623e-05,0.8698758165725756,0.029472780828392685
178,0.07070237290388677,0.04874122313006082,6.525150422924376e-05,0.851777047553691,0.028714104908132077
179,0.14995055957150608,0.021029401523616466,5.4066745922199e-06,0.7829579202524768,0.04605671197780833
180,0.2067450718142222,0.018614129267082533,1.0390132175369344e-05,0.7267864452571662,0.04784396352935372
181,0.10750841551799134,0.053238610385327484,0.0002912909147138003,0.6193294833614631,0.21963219982050428
182,0.10480534960627012,0.018997828956297962,4.930122229998629e-05,0.8356654474578985,0.040482072757233506
183,0.07632641807045712,0.027698222914769633,6.1709257747331885e-06,0.8679075786303654,0.028061609458633098
184,0.05324360778966349,0.028929334816247758,2.6777656954322846e-05,0.898112280097967,0.019687999639167533
185,0.1018625513248249,0.026688576619795713,4.1691395940814414e-05,0.853619073176181,0.017788107483257473
186,0.217503339722661,0.027553882738878845,1.2281815816479408e-05,0.5973696612931468,0.1575608344294969
187,0.28600736377260255,0.007589022181051976,5.7075414848294366e-05,0.6777862498596927,0.02856028877180448
188,0.24724632698349305,0.008583311436587705,6.171358026607107e-06,0.7189072757734223,0.025256914448470398
189,0.5804975848469138,0.011680846380569807,1.2614582302168326e-05,0.36478199414645207,0.043026960043762066
190,0.31472950892912493,0.021518071637221945,1.3350162422237717e-05,0.4291702139417166,0.2345688553295143
191,0.5181977011962496,0.023874943046976307,6.919265435406809e-05,0.363721239231312,0.09413692387110816
192,0.19038146497307254,0.07010982439933004,0.00013108093369260096,0.6082011313224148,0.13117649837149
193,0.14005964829074527,0.00311591656635856,1.6282438249653508e-06,0.2599685916770958,0.5968542152219755
194,0.5447436405358712,0.02453261950805663,1.7113276435790522e-05,0.2795695060377566,0.15113712064187967
195,0.6682547146754417,0.02320188312737378,1.3175290270914957e-05,0.2412979224133112,0.06723230449360239
196,0.7443497375180698,0.038746434162502945,8.034354112379715e-05,0.17455410745120295,0.042269377327100545
197,0.14003945353073047,0.022036796325937028,1.4000224714862615e-05,0.8118109701374439,0.026098779781173972
198,0.16633416464267525,0.019653651187331186,1.0504394755442837e-05,0.7957505171502104,0.018251162625027753
199,0.14040623255765786,0.10053108428450538,0.0002436900680865027,0.7355458720299554,0.02327312105979496
200,0.29343627739267114,0.23019351183546372,0.0002777424654892174,0.45487735249056516,0.021215115815810936
201,0.05408862588709169,0.7487164010236228,0.0032023739321268563,0.17756253244905432,0.01643006670810435
202,0.11335892818105085,0.26016667241652575,0.0001529702975201444,0.596634921531758,0.029686507573145227
203,0.026110309247488448,0.9375876128072514,0.007707362473431511,0.020774379418540607,0.007820336053287897
204,0.22424696465378002,0.5022175628030191,0.00026512777954488083,0.20955892031152257,0.06371142445213333
205,0.10654453675201733,0.8640912353946908,0.0002816729384581678,0.022442992687628897,0.0066395622272048885
206,0.07229320823821955,0.8673096196928244,0.0017081214729299768,0.04019662400349354,0.01849242659253259
207,0.08945578533371312,0.8686744643850193,0.000464076025572466,0.02562804954556442,0.015777624710130698
208,0.024596294480088387,0.9491022284651671,0.0024273326528090303,0.018838622157985107,0.00503552224395052
209,0.06130593139534612,0.845121932689107,0.0016771071239333403,0.07603248166037299,0.015862547131240697
210,0.012355853090491748,0.9696865807577,0.0011389618576466629,0.01393645950275776,0.00288214479140397
211,0.0333907164099394,0.9171212630114224,0.0008459671144006225,0.034985922128417064,0.013656131335820339
212,0.04714117456812465,0.9345129028330208,0.00046525855925283347,0.0115386989267296,0.006341965112872246
213,0.04062395360085799,0.9368896384851507,0.0019191287366930917,0.01330787336807104,0.007259405809227023
214,0.013447093094421016,0.9798664870399394,0.0007026256469931273,0.003981581533681343,0.0020022126849653646
215,0.007530919639749817,0.984044066524234,0.0017202656076728056,0.004668672192185648,0.0020360760361576697
216,0.020388803140742706,0.9480055485765431,0.0013912850263495986,0.02726155636347535,0.0029528068928895007
217,0.0023238007172999304,0.8772560970674952,0.1171208400829504,0.002002945559914489,0.0012963165723400597
218,0.13137252505390049,0.6408444686614315,0.0021998784503883388,0.18013525813088616,0.04544786970339342
219,0.03361994376760155,0.8735696203607787,0.0014889956690824803,0.08372958128367043,0.007591858918866962
220,0.020930308905010974,0.9383028761104828,0.0015451260954920624,0.03618645626379835,0.0030352326252158063
221,0.11025565071431856,0.8573270322560882,0.0005608808920159204,0.022073953783184493,0.009782482354392696
222,0.06140798968082401,0.8934335318983269,0.000710235878811417,0.04062119940837271,0.0038270431336649593
223,0.09708951243563152,0.8688750835973108,0.0016682921832531048,0.017998914627266292,0.01436819715653821
224,0.018004519776938573,0.9728725961573099,0.002570517126285615,0.0047736106617929965,0.0017787562776730387
225,0.012755988320376744,0.978756290338114,0.0025689798633405144,0.002108836983971708,0.003809904494197171
226,0.008974559005777179,0.9841758332263103,0.0017991825419115244,0.0013941953241407901,0.003656229901859825
227,0.0019398719676664883,0.9938267754310499,0.0009220829465382447,0.001133552407437938,0.002177717247307757
228,0.0020401301166261114,0.9556764899182243,0.038213884119793005,0.0002897970431463043,0.0037796988022101075
229,0.02335288439572564,0.9624102915984609,0.004995170614063532,0.0014523303516135525,0.007789323040136285
230,0.0013560184549445814,0.9780221162755028,0.017073836702708102,0.00026325473459316476,0.003284773832251362
231,0.11915153707260112,0.3861621514555408,0.0036349051569202033,0.0007969480668215305,0.4902544582481165
232,0.01886589352447639,0.9735554146086409,0.002879395494530224,0.000234537915539312,0.0044647584568131725
233,0.00563516988613334,0.9650781531096246,0.023219931722844634,0.00012659523707193407,0.005940150044325544
234,0.00337648449789926,0.9719182586465825,0.0221453083917079,0.00011796127760732691,0.00244198718620289
235,0.003868807065648035,0.9759427400716277,0.016322424960461678,0.0004406460685999765,0.0034253818336625343
236,0.006621235662121234,0.8445937597615712,0.14438249051912913,0.0008317010308708933,0.0035708130263075247
237,0.014655831597189395,0.9773553218170813,0.004813665976643432,0.0010837041094830053,0.002091476499602689
238,0.0015596302363428758,0.9881159203903532,0.009333348958150094,0.00022224061880378804,0.0007688597963502072
239,0.0028975362843911686,0.9780552689997586,0.01766996003922796,0.0005318735191496229,0.0008453611574726827
240,0.0015669585286435545,0.8651619184396776,0.13144937224294284,0.0005081652797283075,0.0013135855090076602
241,0.0037702883467454844,0.9262020537453836,0.06651875611663632,0.0011087748066143219,0.002400126984620457
242,0.0018724288313568687,0.9557321666703378,0.03971783284160569,0.0008025258525420512,0.0018750458041575102
243,0.008218326769998792,0.7908524623048618,0.19719117015337959,0.0013793487430931305,0.002358692028666674
244,0.019695882521085933,0.7250112825544944,0.24554439571282333,0.0023050241961026434,0.007443415015493695
245,0.014864109598828557,0.8237644148511628,0.15197093987816404,0.0017423490377150646,0.00765818663412952
246,0.006325531169249218,0.9737992576574629,0.015059592796618396,0.0007195358318726418,0.0040960825447966635
247,0.019663619175297905,0.9313344551685107,0.041412290395949555,0.0017499466003445777,0.005839688659897423
248,0.007283413048735583,0.9640312345783214,0.0252958947455075,0.0004754220465520502,0.00291403558088363
249,0.004974436983647707,0.909605427651429,0.08226909147831865,0.0003724202847223699,0.0027786236018823066
250,0.06439331349466629,0.9157091315938283,0.015000526481152764,0.0015380372197098566,0.0033589912106428907
251,0.005111601236836507,0.8590464349999507,0.13399600056139566,0.0003471423148850645,0.0014988208869319954
252,0.017853767081161157,0.9430284104980313,0.03558216101597355,0.0011158111749321594,0.0024198502299020274
253,0.011995413360054516,0.9508854435965023,0.03311378126775132,0.0014485583895482259,0.002556803386143611
254,0.008470529222918117,0.9412488987202509,0.04542914450904286,0.001785122341807504,0.0030663052059806063
255,0.004110340812363729,0.9004871158921269,0.09080444835161988,0.0013178727744834868,0.0032802221694059547
256,0.0162644338165842,0.32791252212428196,0.6330043750363109,0.0020205770589688658,0.020798091963853963
257,0.04379323060126513,0.7861218571046045,0.15146420854302745,0.00654848307530523,0.01207222067579767
258,0.06437337116337608,0.8850167201727218,0.032237214234119,0.005424287343021486,0.012948407086761487
259,0.0327193390541185,0.8282056032815919,0.12136444713746405,0.0025783850567836723,0.015132225470041854
260,0.10588929506568483,0.8654001706360608,0.01600881301691434,0.005428021941116277,0.007273699340223799
261,0.009760612865072387,0.9511346111904431,0.03651156003989912,0.000906693357239642,0.0016865225473458969
262,0.008324029665835692,0.9253337036181258,0.06076009509874884,0.0013689149310554998,0.004213256686233929
263,0.020495302003421225,0.78256022873113,0.19188119677471185,0.001323522700659595,0.003739749790077246
264,0.040330303650674776,0.8811893468537413,0.0710502493666273,0.0012668365569396248,0.006163263572016912
265,0.044892354238658796,0.9162736712415454,0.033428789491881876,0.00125309330947881,0.004152091718435216
266,0.01694852051049065,0.9786094842302888,0.003352223010025783,0.00041158310603408893,0.0006781891431607991
267,0.005400503519903135,0.7952365599222353,0.19812156941045095,0.0002633007634677667,0.0009780663839428173
268,0.003967317250994964,0.9583748272590108,0.03635386476258432,0.0003639262315811639,0.0009400644958287549
269,0.0011573065011453837,0.9067950405932407,0.09101414354301592,0.00027411786888798553,0.0007593914937102138
270,0.0055167799916228675,0.9255060859207115,0.06507567204931458,0.0015511255834785194,0.002350336454872559
271,0.0029027564823587517,0.77898251839453,0.21517434592168283,0.0014593792779657702,0.0014809999234625694
272,0.004464755335383712,0.9437130608905476,0.04924031258519051,0.0010137547215362595,0.0015681164673417647
273,0.004161983910975027,0.5902524893883286,0.4037860029560376,0.0004971616494999007,0.0013023620951588364
274,0.00561024577226868,0.8999207504615344,0.09214911945585684,0.0003469005946110314,0.0019729837157291407
275,0.000929976425206547,0.6900457262712061,0.30782164855604344,8.701251779896923e-05,0.0011156362297448847
276,0.004503643222426862,0.8058310651672387,0.18562767932852148,0.00034376502624976544,0.003693847255563298
277,0.001680997493821554,0.8070140656834685,0.18928459745471912,0.00015483392496225756,0.0018655054430286025
278,0.0012145893892738346,0.060249543036814644,0.936536757464969,4.8514962700952874e-05,0.0019505951462415786
279,0.0008513292467281821,0.22898726847980513,0.7688494829329904,6.411263638449557e-05,0.0012478067040919037
280,0.0010267481736378592,0.3690479263122528,0.6279432480766939,0.0001028713846044211,0.001879206052811104
281,0.0007329920695463376,0.21015733102814124,0.7875766219746423,7.230232854399455e-05,0.0014607525991260641
282,0.00023208390633811893,0.09408287173515685,0.9050673998668162,3.917611791187268e-05,0.0005784683737771327
283,0.0004454467890069066,0.07242906210656619,0.9265302546526247,3.0790450639592965e-05,0.0005644460011625321
284,0.000770149450278874,0.3976391888637225,0.6000599169559884,0.00011849563179503844,0.0014122490982151586
285,0.0006818899146443933,0.050320039010780956,0.9479464021707938,2.3561779395110842e-05,0.0010281071243856666
286,0.0011640542787033853,0.050390152119753076,0.9471085567361262,2.544964983009618e-05,0.0013117872155873182
287,0.0012020541202612189,0.04312710912850834,0.9545150433072043,3.815978432828518e-05,0.0011176336596978075
288,0.0016634935761604696,0.14353624011994026,0.8526376687860527,9.879584702395334e-05,0.0020638016708225773
289,0.0009269112144611693,0.09472888121350717,0.9032791076800569,8.908835589008933e-05,0.0009760115360846721
290,0.0007756123307101494,0.04053354971582492,0.9576284956717594,7.870580389161626e-05,0.0009836364778137675
291,0.0021173690393616914,0.28823959720107484,0.7066040052338174,0.0004521178732528531,0.0025869106524931637
292,0.002830323617340808,0.33315334917592493,0.6614528864727625,0.00044964568180349776,0.002113795052168422
293,0.0034088356288197283,0.1449363943908542,0.8482213060558128,0.0003559015481917914,0.003077562376321512
294,0.01797973615001421,0.7642447114802359,0.21139206651759515,0.0019142997624300106,0.004469186089724676
295,0.0007533819699099527,0.052777593021870184,0.9454503047913414,0.0002436629453609316,0.0007750572715175576
296,0.02030938473861937,0.5645372549133212,0.40722699362174775,0.0035325946755515526,0.004393772050760055
297,0.0027759818970920233,0.18230698996178807,0.8105160821428072,0.0016110740662839717,0.002789871932028573
298,0.0026631891908199495,0.27298100701380607,0.7195792129251383,0.0022276484180119285,0.002548942452223709
299,0.01519947720656552,0.26932781710790415,0.6979969308866848,0.008040256018275429,0.009435518780569994
300,0.02950993773754924,0.41593325172646073,0.5347895903659903,0.00677549673957917,0.01299172343042058
301,0.08211001620880808,0.742070431600405,0.1464549854566969,0.009361190298014771,0.020003376436075415
302,0.08541961687791695,0.8653042573104698,0.032139943525288685,0.007078588318102683,0.010057593968222025
303,0.06129713164637093,0.9234909511655225,0.004897649755203129,0.006492889687644966,0.003821377745258682
304,0.009916271839312402,0.8812279191635057,0.10309595719844854,0.000902620218746346,0.00485723157998682
305,0.09698949282908059,0.8694530033757614,0.013721434426747272,0.008707008967069272,0.011129060401341461
306,0.006385095647618313,0.7820053532077461,0.20093049217299924,0.0031833813680154947,0.007495677603620739
307,0.018366775331592783,0.8079546065677908,0.13514272572185093,0.01027938727288544,0.028256505105880108
308,0.19910485985655071,0.36360463283856004,0.001183098104626384,0.11089677413281206,0.3252106350674509
309,0.1638603450347495,0.3907487198278642,0.0020874327912619763,0.3765014006645488,0.06680210168157569
310,0.11002253571515569,0.11373191491700593,0.000718849364221752,0.7448539315400035,0.030672768463613182
311,0.06263058892747181,0.07498361160395552,0.0023485402041912356,0.8325442940156526,0.027492965248728993
312,0.01793504959205973,0.019992462283144777,0.0002580076288884342,0.9442437958889519,0.01757068460695532
313,0.03046736140895512,0.010169343862248803,0.0004827386229976885,0.9389784319321688,0.019902124173629673
314,0.30363497057684463,0.008089342879547193,9.713464527779932e-05,0.6528629401802727,0.03531561171805763
315,0.0871404873034539,0.02400945161635018,0.0001047280534175026,0.8343254641401685,0.05441986888660995
316,0.009018137487774858,0.007982952530356047,4.523097597726983e-05,0.9788128919313933,0.0041407870744984985
317,0.012945719892155216,0.009992551369785626,8.431903391520744e-06,0.9730838672159968,0.003969429618670788
318,0.007674348586817983,0.006234691693957636,1.770776937193691e-05,0.9822235559949869,0.0038496959548657
319,0.00594754078595414,0.0013847988078764045,6.645717763648794e-07,0.9902594054925434,0.0024075903418497753
320,0.0327133454391721,0.008532019053938437,2.4278254953702844e-06,0.9551503565737642,0.0036018511076298942
321,0.016888095789044943,0.001972622222031824,3.7812151721634196e-06,0.9780679971452755,0.003067503628475685
322,0.14198165060586262,0.030813594944698923,1.0173376552866366e-05,0.7920164114659507,0.03517816960693497
323,0.05080611842020997,0.007987303622306539,2.9001538423708563e-06,0.9379292468359179,0.0032744309677230138
324,0.0359476208902046,0.01198662679225611,1.165633864689632e-05,0.9475889226666411,0.004465173312251247
325,0.019920743447264067,0.0070551724195887,2.5960557116151767e-05,0.9703220772924508,0.002676046283580267
326,0.013598371442478437,0.009861264278399453,6.163643556397998e-06,0.9720560204751855,0.004478180160380223
327,0.011114639083675985,0.008889971588415644,1.722280771751002e-05,0.9757255438363883,0.004252622683802515
328,0.018415616673465494,0.01100791019658894,3.660986841545544e-05,0.9633263329488237,0.0072135303127063835
329,0.022687355670947946,0.04083461505380134,0.00027528910299497297,0.9235687792568995,0.01263396091535627
330,0.007533875517579722,0.005284075115582245,2.1313289329879195e-05,0.9860389548369451,0.0011217812405630455
331,0.016495089551626395,0.014760969111138274,8.71008816676669e-05,0.9634630305330216,0.005193809922546008
332,0.013449657900568627,0.010798073101236295,3.49909094852323e-05,0.9722535591592912,0.0034637189294185826
333,0.012261534966583651,0.00613470774454765,1.6377989589253877e-05,0.9794729343381998,0.0021144449610796968
334,0.03585425526030093,0.008048508364482072,2.1947685724998473e-05,0.9138789586148938,0.04219633007459825
335,0.1397467244134248,0.010043776620435981,4.130519890001672e-06,0.8308604119026389,0.01934495654361027
336,0.3306702197448844,0.008937621190237707,1.8248647534118948e-05,0.6502892069684507,0.010084703448893239
337,0.18953579160178075,0.019220908505834095,0.00012245975840229653,0.7736399327375354,0.01748090739644743
338,0.03805466287947659,0.009393541906202169,1.5509860071973304e-05,0.9365040358292004,0.01603224952504883
339,0.03237897374218242,0.0034228339089144304,6.796582139807922e-06,0.9466272575658947,0.017564138200868565
340,0.024114971553693198,0.0062234390043179235,2.2785516965522354e-05,0.953598472297572,0.016040331627451415
341,0.03921390497413905,0.018720159248636885,1.6688879393392673e-05,0.9102208558497651,0.031828391048065736
342,0.06326137904699858,0.013305579246117624,1.3213808242343393e-05,0.9079054179869509,0.015514409911690522
343,0.062276826358022924,0.061683644621248104,1.4504406278607233e-05,0.842621342466112,0.033403682148338186
344,0.06135519970979524,0.03114393608389838,3.852918578277902e-05,0.8913481657338861,0.016114169286637614
345,0.05540282070254665,0.31008768905293377,0.00016206267609877086,0.6002095166910358,0.03413791087738509
346,0.03313070062307749,0.2199850559464337,0.00010118216473916863,0.727410783161158,0.01937227810459155
347,0.04154891313264033,0.4830104725984644,0.0008580246611903724,0.4480677940073861,0.026514795600318823
348,0.017832433141821525,0.10443029667514657,0.00021146998600164737,0.8660266487098681,0.011499151487162195
349,0.020457932151039814,0.16479058230290386,2.2240638540574102e-05,0.7910788040639691,0.02365044084354654
350,0.0589527755931774,0.18207809009032108,0.00013439303603710406,0.7403604236347203,0.018474317645744132
351,0.08212964511702125,0.5176283773060673,0.000618178062619135,0.3802011860138788,0.01942261350041353
352,0.02980356973673557,0.7982882931917297,0.001673232666798076,0.16080203408852642,0.009432870316210139
353,0.07405728056935199,0.24077771357058717,8.421238990170257e-05,0.6693680202467354,0.01571277322342379
354,0.028918760170059225,0.6612306391146497,0.0003552059633337914,0.30029833397010036,0.009197060781856822
355,0.008900766861894609,0.9587088605912348,0.0009308251791441271,0.029031781620378613,0.002427765747347763
356,0.09574381478717386,0.19153550839555275,0.000198398345130362,0.6661793949282123,0.04634288354393071
357,0.047856875556830256,0.7636788098761571,0.0016153237916163817,0.181695528255632,0.005153462519764138
358,0.03582729079756152,0.6156394562971307,0.0008578616845329255,0.34247718650616005,0.005198204714614651
359,0.2520390692904253,0.13760267016368188,0.0002367859461723398,0.5978267614992272,0.012294713100493397
360,0.18240163228034653,0.5270673837789674,0.0005476494588933823,0.27704639964242417,0.012936934839368489
361,0.19931940610666518,0.67625557788818,0.0007305934862242411,0.11515584032533896,0.008538582193591628
362,0.007394630184253004,0.9861763617441336,0.0010829577244800658,0.004573259050432579,0.0007727912967008472
363,0.027299927900160344,0.9237859475629989,0.005517270360541976,0.03253422812136103,0.010862626054937638
364,0.043950695231040476,0.8322345105097132,0.0011838366148583044,0.11840840118746648,0.004222556456921511
365,0.002913968920090635,0.988434753839202,0.0029788618375292788,0.003821324583169328,0.001851090820008713
366,0.033763958784297755,0.948916266734498,0.0008481953099235958,0.012053105000146573,0.004418474171134163
367,0.02230436151157872,0.9663517084079876,0.001142222730419819,0.0066400237371732574,0.0035616836128407174
368,0.004411882972655423,0.990423459133488,0.0013762196612113141,0.0018329841023599705,0.0019554541302853625
369,0.015561451186095318,0.9715035768983799,0.002939440236037943,0.008333589706328633,0.0016619419731584287
370,0.005125663319308649,0.9826161156697316,0.004976325811314453,0.005270872386537043,0.0020110228131083163
371,0.0061871260488510615,0.9828750030728374,0.002403630988686268,0.006894563150402173,0.0016396767392229644
372,0.006676659122845264,0.9711021169938105,0.014141490842183363,0.005033741287332201,0.0030459917538286745
373,0.037808368473954586,0.9441112422659408,0.0031167095811719192,0.011160015597548086,0.0038036640813844842
374,0.030617343706799905,0.9407098038162318,0.016771742464941175,0.004804763571502807,0.007096346440524425
