epoch,N1,N2,N3,R,W
0,0.17912571960703383,0.0007705745591101659,0.0,0.0034613701445633848,0.8166423356892927
1,0.16030571873550892,0.00552673396745171,1.4843157841856232e-05,0.010686352201561476,0.8234663519376361
2,0.013222410804526116,0.00192139651946903,2.3785430572515877e-05,0.003460009289902139,0.9813723979555302
3,0.010344064681785269,0.0007971328548060162,1.0843817474874752e-05,0.0010579246023883593,0.9877900340435455
4,0.022847690010797034,0.007344076889371694,3.063333336158505e-05,0.04003231573397278,0.9297452840324969
5,0.03792506152651369,0.011280837441140197,3.7932809776543816e-05,0.05087087046908697,0.8998852977534826
6,0.08295580693513627,0.01045815538906829,6.574055961457026e-06,0.014546521551277466,0.8920329420685565
7,0.6390782868486592,0.045821159080625055,5.51685743732086e-05,0.012406823357212673,0.30263856213913004
8,0.8342110607907042,0.05380652374427139,5.8714891643354874e-05,0.005924875109170636,0.10599882546421031
9,0.49836917832469607,0.09549644100186269,0.0016192215738317283,0.001104681575846713,0.4034104775237629
10,0.20399688765852686,0.554425225226999,0.006799813422078511,0.0047236409072423545,0.2300544327851532
11,0.05981522671559561,0.9092946512738184,0.006322840902453288,0.0008503302584321856,0.023716950849700567
12,0.031752560386543234,0.9294142564151248,0.025886584886657717,0.0007672433814938638,0.01217935493018042
13,0.032635128898392554,0.8184640324681873,0.04621808933607123,0.0005974478307088003,0.1020853014666403
14,0.007553164093389515,0.9202257753152355,0.06677393406105617,0.00017781693370297848,0.005269309596615829
15,0.019576389101444224,0.9415730795959965,0.019641317811731472,0.0006672347467249059,0.018541978744103096
16,0.005675520583342545,0.9383529641122453,0.04939146779269698,0.00018923750044266735,0.006390810011272639
17,0.0075690094712870404,0.795811139652525,0.1768473084923254,0.00017635215709534385,0.019596190226767056
18,0.005026676780416427,0.7561806627882868,0.22288613274195657,8.671388463212192e-05,0.01581981380470803
19,0.006552527714080899,0.7566835910320576,0.21984964543585217,0.00014442765867553968,0.016769808159333915
20,0.008836156175139944,0.7781914131210901,0.19272626602098086,0.00015490296486838338,0.020091261717920816
21,0.0041164509827844725,0.5070493608734536,0.4745987870336337,0.0001898691592292168,0.014045531950898905
22,0.0010745692277111874,0.2819951711949975,0.7085079428236145,7.559608978980522e-05,0.008346720663886961
23,0.0016741809850657266,0.3517249207978729,0.633462596208761,0.00011813089201342632,0.013020171116286922
24,0.0021230894554474405,0.23682222236844364,0.7465243550499817,0.00023480289536685986,0.01429553023076045
25,0.0012743619147533563,0.16589358637777868,0.8267857118154281,8.110074384479501e-05,0.005965239148195077
26,0.0011352849647632457,0.18990543762495796,0.7983625190246252,3.6723323353729874e-05,0.010560035062299711
27,0.0006082368638628545,0.07498817541086887,0.9192870746917252,1.5223513415501626e-05,0.00510128952012746
28,0.002534387622273949,0.13065700135230462,0.8550655987838295,1.720258213421804e-05,0.01172580965945782
29,0.0016966421733541355,0.064662095535097,0.9312209432931497,1.527267442949048e-05,0.002405046323969799
30,0.0007122073697399805,0.03387574855580495,0.9620772332201462,9.678003124582974e-06,0.0033251328511843935
31,0.00125052726442359,0.04221426728265058,0.9521985004182326,1.639679262218731e-05,0.0043203082420710135
32,0.0006867084578765483,0.06325465349410306,0.9317411961781433,1.8556763012879777e-05,0.004298885106864318
33,0.0002899993737858112,0.020737966052087043,0.9774218641963884,3.6878069960983944e-06,0.0015464825707425666
34,0.0003153790946902917,0.01908325517765593,0.9792182255508599,4.5945431135731735e-06,0.0013785456336803425
35,0.00047331971260394215,0.015184668863853367,0.9820778821501868,7.2573802996080205e-06,0.0022568718930561474
36,0.0001864536931874956,0.012477551898308504,0.9864220356231015,5.46877433177021e-06,0.0009084900110705817
37,0.0003618724443773233,0.016114674093076525,0.9818640388247044,1.0628006312875916e-05,0.0016487866315289283
38,0.00016120287303374956,0.00879606153956131,0.9901981196539196,5.671642994815004e-06,0.000838944290490409
39,0.00020622738555454775,0.006883980172179344,0.9917533658386599,6.580213633673394e-06,0.0011498463899726201
40,0.00016043163313673574,0.004804903515719774,0.9933405415799427,5.151226051507979e-06,0.0016889720451493955
41,0.0010711814039213064,0.02897447528637897,0.9664183496659856,1.939158592001224e-05,0.0035166020577940688
42,0.00031055139397976266,0.014535073474082805,0.984473692616788,6.854544610691858e-06,0.0006738279705388961
43,0.00027113929196512476,0.00855213585916853,0.9907343281438773,3.5651109207221585e-06,0.00043883159406832875
44,0.00012415873585528694,0.006996861452098317,0.9925569358465686,3.359836118892064e-06,0.000318684129358842
45,0.000286496594565541,0.008776121672609381,0.9898632374510188,6.855532295903388e-06,0.0010672887495102857
46,0.001272393551057605,0.03598842416718162,0.9609229420008618,2.7556527181012184e-05,0.0017886837537179352
47,0.00048099275087122156,0.018719878314006042,0.9795342461225757,2.300524053593179e-05,0.0012418775720108998
48,0.0005364361376255825,0.015201874177755838,0.9826345557886632,2.1819817661812104e-05,0.0016053140782935707
49,0.0007415781506764243,0.04679991650661325,0.948236508619843,1.1531972027905716e-05,0.004210464750839485
50,0.0015213313921837077,0.13893013931938322,0.8515107402181866,4.481163625686012e-05,0.007992977433989553
51,0.0033491704853422927,0.15297664387402501,0.836941286541052,3.992626852414718e-05,0.006692972831056574
52,0.0010918713397049015,0.09722763208089177,0.900320380213273,1.2254294478932262e-05,0.0013478620716515053
53,0.0012451671921702417,0.0896136816131641,0.9060137699693708,2.1918248369948607e-05,0.003105462976924939
54,0.000523766313288324,0.02675389921731282,0.9720181608801068,7.051319095937044e-06,0.0006971222701962354
55,0.0010555584966643907,0.0333968431481077,0.9647506144657668,2.2381873240544055e-05,0.0007746020162204042
56,0.0003070699010624483,0.01957601238404732,0.9795795772257823,8.045796497528677e-06,0.0005292946926104047
57,0.00021931129871093508,0.012786602729199053,0.9862803515783503,4.456017740523091e-06,0.0007092783759992647
58,0.00010878807170596784,0.007851755016138067,0.9916666959783456,3.760756078733651e-06,0.00036900017773181876
59,0.0001552984574237281,0.014241874510167061,0.9841765573569858,9.314711705920109e-06,0.0014169549637176302
60,8.822381832920178e-05,0.006631380626773192,0.992470767448991,5.369046198504765e-06,0.0008042590597079747
61,5.096826547086563e-05,0.005493450770124879,0.9938229916219545,3.110112676127834e-06,0.0006294792297735373
62,8.965040340353265e-05,0.007345454613572295,0.9919053797501005,2.8054118168952714e-06,0.0006567098211069727
63,4.8482383307039376e-05,0.006035105223671961,0.9933675074535362,2.8060430595185603e-06,0.0005460988964253373
64,3.988157284985947e-05,0.0030794871235382995,0.9963603067172654,3.0035764225778596e-06,0.0005173210099236946
65,5.3483349111059786e-05,0.00732985747343603,0.9920973283531769,5.801083553953685e-06,0.000513529740722258
66,5.0780077090155696e-05,0.006486215077979104,0.9928519329444977,7.056856418364527e-06,0.0006040150440146182
67,4.350780119625898e-05,0.0026496141035770157,0.9967990545830833,4.0731352673159096e-06,0.000503750376876181
68,4.754272701657172e-05,0.004967004201297166,0.9943684754581679,7.931793038601633e-06,0.0006090458204797046
69,4.731191528901291e-05,0.0034030182588230106,0.9957715698448976,4.36166811696237e-06,0.0007737383128734672
70,0.00011634037692498591,0.0074719337203161965,0.9915526950945658,9.725935141990452e-06,0.00084930487305092
71,5.531694143965446e-05,0.005755205309234772,0.9929402406672583,8.038163815493207e-06,0.0012411989182518667
72,8.487883278845968e-05,0.004619454378581859,0.9943577096279912,7.951426655068894e-06,0.0009300057339834749
73,5.27920178952169e-05,0.00380071842726995,0.995515548718555,5.838095945019711e-06,0.0006251027403346701
74,6.375192338595572e-05,0.0031885862813651328,0.9959933029334458,5.597246408148484e-06,0.0007487616153950473
75,4.7139308324985074e-05,0.0033534534309361784,0.9959924719252142,4.850155738461543e-06,0.0006020851797862358
76,7.375779918737216e-05,0.006293040330061865,0.9927099432155632,9.118045752703524e-06,0.0009141406094347742
77,9.599531510571315e-05,0.00784935320628291,0.9915897866046803,9.463164628563073e-06,0.0004554017093025251
78,0.00010054332572714959,0.00830968083374789,0.990669626088936,9.560466369612222e-06,0.0009105892852192592
79,0.00022134451067576903,0.016206889436044054,0.9823283566271795,1.3211159343884317e-05,0.0012301982667567895
80,0.00012970508876880354,0.008375850128315999,0.9903361921726407,1.435364177324824e-05,0.0011438989685012377
81,0.00018594415531170038,0.009789498450968177,0.9893232335542447,1.6722395248358236e-05,0.0006846014442270891
82,7.374290681134502e-05,0.005378962935458862,0.9938759124099712,1.0360426229208651e-05,0.0006610213215294439
83,0.00011594957235659763,0.007786508004461719,0.990975821219972,1.897675353908203e-05,0.0011027444496705255
84,0.00022796040909223408,0.011776300232914833,0.9866411474883817,2.3296974306819934e-05,0.001331294895304362
85,0.00011680455668690202,0.007167032887284687,0.9920306636122571,9.89038467603599e-06,0.0006756085590952681
86,0.00010820949327407204,0.004952093513135136,0.9942682776990382,6.267895025466114e-06,0.0006651513995270373
87,0.00013939281541334195,0.0068235857311764675,0.9922340555562547,1.1599976926109655e-05,0.0007913659202293846
88,0.00010332825300037752,0.008217404009174954,0.9906816428687116,1.1760969620462127e-05,0.0009858638994925534
89,8.527132911421521e-05,0.007992134956620519,0.991296873692152,1.3833692527790831e-05,0.0006118863295854872
90,0.00010859451336327382,0.009652525886636934,0.9895422095798285,1.5671911276041063e-05,0.0006809981088951508
91,0.00013742543725816153,0.011637860485429337,0.9875196844202381,1.3974995317630232e-05,0.0006910546617567556
92,0.00011097615401745198,0.008092106757900838,0.9910295519066551,1.1149374266487113e-05,0.0007562158071600867
93,6.809501261317234e-05,0.006900802260607932,0.9925415516372053,1.121537203366041e-05,0.0004783357175399401
94,3.4526703522817545e-05,0.005514161382900636,0.9940022713981471,7.954487422082829e-06,0.0004410860280072453
95,0.000103273533390599,0.008185142518138174,0.9909723202321284,1.2081106104743705e-05,0.0007271826102378864
96,0.00010550374394440284,0.007714846584986101,0.991510105750183,4.204004388389486e-05,0.0006275038770027019
97,0.00013158509977436936,0.008088232575691499,0.9904667554659297,8.835880059377091e-05,0.0012250680580107572
98,0.0004019548445490125,0.012618451980257525,0.9857245334540797,0.00010895716515800264,0.0011461025559557428
99,0.00038493285332834504,0.007629348286713056,0.9903724127729518,0.00011380023314892768,0.0014995058538577423
100,0.001752252528349706,0.025161523989439744,0.9691736636580802,0.00041072202497990614,0.0035018377991505455
101,0.002881260809446683,0.02116757368116718,0.9666693468892924,0.0005725314986612991,0.008709287121432355
102,0.12167892122715636,0.07917094822834995,0.004538411623295459,0.01164367130524034,0.782968047615958
103,0.6245942989802186,0.0918707502857875,0.000403156597067753,0.07676554326152456,0.20636625087540145
104,0.7758380980579471,0.14205907516291955,0.00029411107802704956,0.026286367683580992,0.05552234801752518
105,0.5192477618365057,0.4233847769388809,0.0032562766622108177,0.0020334206851010876,0.052077763877301494
106,0.2835003191741292,0.5892575331537586,0.004531826252930862,0.0029899338496477985,0.1197203875695335
107,0.14679364123911023,0.7019503165201438,0.00518465722138319,0.008336016906626205,0.13773536811273657
108,0.33749067995608806,0.36901719718790743,0.00031022825584218876,0.056597743858662584,0.23658415074149977
109,0.06731826645012164,0.8049073629906939,0.00688288185403363,0.00875377256355831,0.11213771614159246
110,0.1084304030677738,0.7319757511922704,0.01552458600266368,0.008531637380545543,0.13553762235674646
111,0.06847875856980888,0.7783156695357804,0.017970889431922356,0.006914922395724222,0.12831976006676402
112,0.05187611191487258,0.8844411433652076,0.008920363788670014,0.01805610010921136,0.036706280822038376
113,0.16508568641872293,0.14870301229870486,0.0015037537805100921,0.021145292807654016,0.6635622546944081
114,0.5381030554881951,0.07983565561544612,2.8654635388112205e-05,0.03555452877295781,0.3464781054880128
115,0.5832928663850554,0.12917948116048183,0.00027852505130989774,0.008969445257484339,0.2782796821456685
116,0.798031060112136,0.07634393920164921,0.0005423064323812314,0.005497469304304482,0.11958522494952897
117,0.1853667936158548,0.7009326919887295,0.016078076712079243,0.0054741342707301695,0.09214830341260627
118,0.09784525946035715,0.8396305675461603,0.010105241903839678,0.019070096812480043,0.03334883427716299
119,0.07421602074781392,0.7529931592781804,0.12461968113141063,0.011036639155725959,0.03713449968686896
120,0.07655462581591795,0.894248816458171,0.0045734097256208426,0.00865914600344031,0.015964001996850018
121,0.05419131448465201,0.8707547659889955,0.057830570464522287,0.009038372188329804,0.008184976873500366
122,0.030579175081615687,0.8747034106264083,0.08716906523716822,0.001674112426760565,0.005874236628047079
123,0.016581896275163766,0.900499503338132,0.07664003805867743,0.002397532424544487,0.003881029903482535
124,0.009232303234470109,0.7388077040779799,0.24429740911391593,0.0026140368484096933,0.005048546725224254
125,0.01821024307276052,0.7340705468821439,0.23178080584109603,0.0048228811008860775,0.011115523103113398
126,0.013493007371574682,0.8381787625432102,0.12868187879522924,0.00197861061161148,0.017667740678374393
127,0.04442487197373424,0.49830132096354984,0.09680537592732445,0.0013945608354135875,0.359073870299978
128,0.36367438351889225,0.5164634266527728,0.0011973760001398833,0.003889929022605168,0.1147748848055899
129,0.2767653394679395,0.6500924630594735,0.010623119550042606,0.0018221544463340694,0.06069692347621021
130,0.1563800724884958,0.6674007916667815,0.09414291144607778,0.00038755260631572277,0.08168867179232943
131,0.09803803460608104,0.8780965857904448,0.008939085852894579,0.000642196786688838,0.01428409696389092
132,0.06252810956569009,0.8909379705431726,0.025095355542014683,0.00345879318200787,0.017979771167114994
133,0.016611929815439047,0.8745322903210541,0.09884202753105055,0.0027259922388797103,0.0072877600935765275
134,0.0630988469325225,0.8815109686487526,0.012439185721473253,0.005916466488667974,0.0370345322085837
135,0.03017249173566346,0.9382712995724889,0.014584429012311629,0.007287557885181027,0.00968422179435488
136,0.02744271105756803,0.6957993804883165,0.2670071869330206,0.002378603799807607,0.007372117721287191
137,0.046249995109273336,0.8745685689694468,0.046176596672826774,0.013458385133145527,0.01954645411530748
138,0.04784163863539011,0.7116655677670289,0.19602529862927418,0.022911737199053317,0.02155575776925344
139,0.0495281706807534,0.8131039111115884,0.004750195260519007,0.12296368664357024,0.009654036303569079
140,0.11527956208887648,0.2891307538491031,0.001786442016655714,0.5663093403280217,0.02749390171734291
141,0.05068593252410909,0.48167050619000473,0.0009133145934840038,0.45611064121275335,0.010619605479648868
142,0.0732497126236096,0.43225375090456153,0.0011538941875325831,0.48293702013527107,0.010405622149025387
143,0.044704274143538864,0.047357758751745034,0.00011993934434526844,0.8858418045698165,0.021976223190554388
144,0.042988965597458954,0.157280116336036,0.0002936707075009823,0.765124781971033,0.03431246538797123
145,0.0677864799582446,0.023542235456755923,0.0001183582862296857,0.8817259114403387,0.026827014858431003
146,0.07036238976484002,0.02847137283707718,8.653672895326361e-05,0.8719376309070722,0.02914206976205728
147,0.21424421533107138,0.11642775396711605,5.4055190690362436e-05,0.33336639408437263,0.33590758142674954
148,0.19093953236099218,0.06405933056617655,8.752526760692551e-05,0.7158866370560365,0.029026974749187855
149,0.22269681931877572,0.032287482435867175,0.00015813361095710186,0.6375219022044064,0.10733566242999364
150,0.31072374575271744,0.039213935110498935,0.00011270867578262644,0.42196086885537876,0.22798874160562227
151,0.0468706451703818,0.01408994632978533,3.121460635342849e-05,0.8924056403828857,0.04660255351059379
152,0.06584126860103963,0.013808691123563185,4.570867687326476e-05,0.8871905099179138,0.03311382168061
153,0.034204613192816376,0.009585276461182282,2.588628558095211e-05,0.9473699189223074,0.008814305138113005
154,0.0326641047285588,0.013162930924978552,4.619496486912959e-05,0.9361774032266313,0.017949366154962145
155,0.026665088050744416,0.005511562172784614,3.6297647651775934e-05,0.9459404284496902,0.02184662367912898
156,0.01980392868098056,0.005837106124382681,2.0256489775265396e-05,0.9607625542714084,0.013576154433453048
157,0.02629108781444515,0.007973245707885927,1.080234801533373e-05,0.9486995448161615,0.01702531931349212
158,0.05764771176421081,0.014000827504688054,3.990559813483425e-05,0.9083794608339871,0.01993209429897896
159,0.11621931489321369,0.020282128134748445,4.219202927546506e-05,0.8370889470555287,0.0263674178872337
160,0.04282601307559686,0.007148585520505768,2.7248012958530774e-05,0.9344312861181435,0.015566867272795331
161,0.01987130954941992,0.019580192263647617,3.506793162418599e-05,0.9478210743676665,0.012692355887641798
162,0.02662829189657189,0.010763565720054694,1.6465775046542528e-05,0.9382619524559718,0.024329724152355067
163,0.0532242609200533,0.019331356463413822,2.8062616911859284e-05,0.9016928714579199,0.025723448541701138
164,0.02857188693252154,0.0070445315915606726,6.698208941331473e-06,0.9343412726882013,0.03003561057877508
165,0.08717803067590632,0.01380288177207843,1.261013304828454e-05,0.8574508288326154,0.0415556485863516
166,0.05434862638172944,0.008690240099482114,3.097839097106456e-05,0.902037594372799,0.03489256075501843
167,0.03337857606694145,0.013616965646381256,2.0670691061485092e-05,0.9240813317856584,0.028902455809957213
168,0.03385671027560501,0.021345214561193267,5.03328462008991e-05,0.8622006993937803,0.08254704292322051
169,0.029313071579451646,0.02677521779083169,9.513791440064976e-05,0.7700614337017313,0.17375513901358464
170,0.048321176735551426,0.017809293894176403,2.428126755758699e-05,0.9057495912929404,0.028095656809774137
171,0.1193086162128786,0.038623329759559046,7.45330163396438e-05,0.7961666236808205,0.04582689733040224
172,0.0981696419013564,0.02315887503083349,5.555675594046475e-05,0.84050218471817,0.038113741593699804
173,0.06043067880108398,0.0272293504227287,2.989176102583347e-05,0.8707145577497897,0.041595521265371645
174,0.032139709598296186,0.02053874367539551,1.4634927178781658e-05,0.9213233616583312,0.025983550140798544
175,0.027756371178505365,0.014378305936516038,9.77211737814031e-06,0.940652243921988,0.017203306845612602
176,0.028784756600085035,0.017133183673071158,5.7596587030881455e-06,0.9405446977148165,0.013531602353324046
177,0.06905580432741795,0.009140240048830375,1.857753629091735e-05,0.8688678000939255,0.052917577993535206
178,0.07075263920366905,0.013136393770622548,4.757778809709592e-05,0.8130242829358779,0.10303910630173357
179,0.08381053649774124,0.011860511226191918,4.97315737920141e-05,0.8509585818518289,0.0533206388504459
180,0.041617136746443115,0.007449551819469193,2.5757768176741178e-05,0.9294237012010226,0.021483852464888358
181,0.026970110184212186,0.0202138050990078,5.134820498646335e-05,0.9329957687206512,0.01976896779114246
182,0.029193606283337288,0.058438551044313704,0.0001984849513301639,0.8620881963086791,0.050081161412339814
183,0.051564728545125345,0.008125536040416728,2.9991855494540586e-05,0.9013918538448097,0.03888788971415378
184,0.043804712274878393,0.022852970270535157,5.039457919181144e-05,0.896175194275541,0.03711672859985373
185,0.03457569318543579,0.028556378861854744,5.1128324580382024e-05,0.9284063049594362,0.008410494668692758
186,0.08811467950096814,0.018720270392889465,3.7021135857326606e-05,0.8656918320458589,0.027436196924426247
187,0.09817239980520892,0.031080813562510655,6.677419739882321e-05,0.8352264617854656,0.035453550649416174
188,0.1773402417760219,0.02251649156816705,0.00011379412744662461,0.735864927116598,0.06416454541176649
189,0.12347146542365939,0.034728153422368346,0.00016839175365775482,0.7996329181503598,0.04199907124995484
190,0.07954823223210315,0.057750690185938466,0.0001242750280783836,0.6282927039798191,0.23428409857406093
191,0.061953631627943914,0.06999347680712782,4.8501033509577676e-05,0.7382792122481624,0.12972517828325633
192,0.10716332826982447,0.13341347035426712,9.478988123131542e-05,0.6927643368291673,0.06656407466550984
193,0.12916015139975737,0.03216250553009159,5.615654957821869e-05,0.8053276609121365,0.03329352560843628
194,0.16090157373406133,0.03260680866900784,8.565691951760134e-05,0.7571317200716454,0.04927424060576769
195,0.12383502019591476,0.029152687942384594,8.259437359690926e-05,0.7594822858130583,0.0874474116750455
196,0.07673427633398618,0.013538655001255184,1.4578147880833349e-05,0.8679428855043012,0.04176960501257662
197,0.015532852970643605,0.018222895046981137,7.929221632190061e-06,0.9585714385516554,0.007664884209087779
198,0.02162197953677492,0.02832026259113134,3.455086031090522e-06,0.9369158782150584,0.013138424571004215
199,0.03112187462894017,0.006952973756130668,6.505320706277147e-06,0.9489489381958973,0.012969708098325507
200,0.0535635401352596,0.00846029238952025,1.2733982234294883e-05,0.8504826565071616,0.08748077698582424
201,0.14228903551111674,0.021793767631221747,2.2217597581985812e-05,0.7436697865567685,0.09222519270331105
202,0.04014733202125562,0.0054003285011314075,6.955019540564551e-06,0.9341929936428857,0.020252390815186604
203,0.03630893381271188,0.005428074207810359,6.96717720792734e-06,0.9381767501601607,0.020079274642109242
204,0.02975355591149817,0.0066823271623060124,1.2857590404902545e-05,0.9545111770550959,0.009040082280694951
205,0.019336356165271358,0.009476316364196123,1.2104830386025117e-05,0.9632517484587365,0.007923474181410007
206,0.013168347999846779,0.0036969621983288592,1.0606926711545554e-05,0.9750017918528346,0.00812229102227824
207,0.014611506223491721,0.0042060066551468595,1.2655150298156587e-05,0.9742290705342886,0.006940761436774756
208,0.028249980744869348,0.010801959420822769,1.6946521805798935e-05,0.9406277334746128,0.020303379837889105
209,0.015382249465452568,0.008690053018036771,9.953681781149528e-06,0.9665599828668237,0.009357760967905943
210,0.04280919641151965,0.008034097109318513,1.7747680818461762e-05,0.931506498754251,0.017632460044092604
211,0.020503222892082534,0.013102309010468481,1.4571147340230611e-05,0.9597553658780222,0.00662453107208644
212,0.010481307218210525,0.006371194505893812,1.835597174009349e-05,0.9811443236950267,0.0019848186091289085
213,0.014014261606387027,0.005579840790245936,5.751331261376801e-06,0.9752556261780244,0.005144520094081257
214,0.01342881039525354,0.00317395177169753,1.197095397423471e-05,0.9774103150296708,0.0059749518494038876
215,0.0190984025773773,0.010191655532170241,3.4968810007440524e-05,0.9591747092302655,0.01150026385017953
216,0.02579179440849,0.009496227575688666,3.445664907744175e-05,0.9531265833742772,0.011550937992466573
217,0.018607010842781494,0.01239187418045272,5.2030396235689375e-05,0.9602166547335582,0.00873242984697194
218,0.02970905792749958,0.010024887797111508,3.990059398260672e-05,0.9465007049202321,0.013725448761174298
219,0.03614665892826459,0.009175410092892905,4.861133730446343e-05,0.9358391827362242,0.01879013690531371
220,0.02926150835571786,0.008670242189752063,2.700120917802573e-05,0.9428117957755453,0.01922945246980677
221,0.03618003440861926,0.014327590134458012,2.6858949982052295e-05,0.9442456717106978,0.005219844796242869
222,0.04203043576041764,0.01379487608715625,3.400309265504225e-05,0.9339332558550225,0.010207429204748453
223,0.025670372106315193,0.008914355329452516,4.12295740606415e-05,0.9585319080828076,0.006842134907363832
224,0.022582115618996645,0.009997225686130528,3.829902535847371e-05,0.9590355318184587,0.008346827851055847
225,0.07943019439640435,0.010312679356930898,2.899225108844198e-05,0.8871668235140734,0.023061310481502853
226,0.10626179710289815,0.025596831026991167,4.1655140671784944e-05,0.8308617599259107,0.03723795680352802
227,0.44126363886757564,0.029123111390975478,6.944910231077702e-05,0.4932910037266415,0.03625279691249653
228,0.3074410534472138,0.22330799228614326,0.00027255443869177534,0.42646118068605293,0.04251721914189828
229,0.20353540230161277,0.4100142777975817,0.0008738300070379408,0.32322514973387284,0.062351340159894714
230,0.15668725845751671,0.4203709693396281,0.0012899288932855517,0.3590782375645095,0.06257360574506017
231,0.05359180204389364,0.6401640907058916,0.0016725930089210434,0.24113873085118592,0.06343278339010772
232,0.04036583828974349,0.8477685705012037,0.0022916844314976943,0.0898598908217045,0.01971401595585048
233,0.04748221279372564,0.8406337133857101,0.0009576956951135296,0.08797057955238347,0.02295579857306708
234,0.03140354229045264,0.87706371949551,0.0033542692065584743,0.06640787444611354,0.02177059456136538
235,0.10015727395613529,0.2824691399300221,0.001809013028676824,0.09303646970512022,0.5225281033800455
236,0.24808246489528402,0.5668517636630086,0.0005299909598264067,0.1038019550808493,0.08073382540103177
237,0.142495226699579,0.697691931578511,0.0017480525760395836,0.03278331383175853,0.12528147531411202
238,0.19858055734346286,0.6411127293793714,0.001706462030848471,0.0656096117914463,0.09299063945487114
239,0.03256171401337748,0.8176121495366656,0.004023028327769349,0.044485450491387094,0.1013176576308003
240,0.03737433884230774,0.7031854598627767,0.00533568459874808,0.028350786148733893,0.22575373054743353
241,0.026076139599426784,0.7445094880342185,0.005171518926573775,0.023090339652005475,0.20115251378777552
242,0.006102301533334019,0.0023770013346670667,9.745535561535848e-06,0.007660686455025983,0.9838502651414113
243,0.2662896384690627,0.008982563529479536,1.3180214642182882e-05,0.031918420196366114,0.6927961975904494
244,0.20175895651503925,0.050556013997877715,0.00013122133478659373,0.015048096301781633,0.7325057118505149
245,0.01883628340204419,0.0038368251154518524,6.196766327176817e-05,0.0037880571210259094,0.9734768666982062
246,0.02349551365535788,0.004267313307926995,1.7785829092706483e-05,0.001300847796951101,0.9709185394106714
247,0.25611579817429053,0.011360098541782188,3.532636071945106e-05,0.009843775001940086,0.7226450019212678
248,0.606766391746897,0.04642232381043789,8.391122584048366e-05,0.019745365716682006,0.3269820075001428
249,0.22055823871751168,0.13609085113228234,0.0007877546480561554,0.020646493264308955,0.6219166622378409
250,0.008796090802830158,0.0033192974880628242,7.300349847549327e-05,0.006062307559576931,0.9817493006510546
251,0.05735705096960024,0.00548742615382144,1.7299400512909142e-05,0.015413638260024575,0.9217245852160408
252,0.0038719974440493865,0.0016152029581038858,2.8711725151456775e-05,0.0019523941653358417,0.9925316937073595
253,0.4472750365732622,0.01729890780779712,3.480997363018082e-05,0.04044108098537883,0.49495016465993164
254,0.008071332298173754,0.0014786325501467614,4.313353991843856e-06,0.0047235010625220186,0.9857222207351656
255,0.024657534562799236,0.003284477727722626,3.8636572676030946e-05,0.0032915297363700006,0.968727821400432
256,0.01940266408262208,0.009382523968203563,0.00035960399406747976,0.019285975261347933,0.9515692326937589
257,0.15650446941688032,0.026990141915728544,0.000751725123212926,0.00950464128352439,0.8062490222606538
258,0.030676101646622652,0.0039355856737762415,2.5788530301673387e-05,0.006016607391009715,0.9593459167582897
259,0.00781951460105284,0.0006860753163987454,3.394388770010469e-05,0.001989669338968452,0.9894707968558798
260,0.008121506201075905,0.0013141349742219488,1.3593311092358923e-05,0.0016993128315060024,0.9888514526821038
261,0.010099956868299809,0.001185092414888366,1.926627192001714e-05,0.00028248714829121627,0.9884131972966007
262,0.00773983624404927,0.0013810301127380657,0.00013443590800030455,0.00021588592483907484,0.9905288118103732
263,0.08228852829176157,0.010292829536601187,4.247458087342271e-09,0.0024048087649414913,0.9050138291592377
264,0.034820267956425024,0.0018407310467461304,0.00010105738255019124,0.006672813610178781,0.9565651300040999
265,0.01656146979735998,0.003229999398754519,6.329071341480735e-06,0.001104899974023174,0.9790973017585208
266,0.02962270792309051,0.002479165465628722,8.37769898010986e-06,0.0018828983120580014,0.9660068506002427
267,0.41681571391176603,0.02038944541089005,9.620469891239911e-05,0.01194934685707784,0.5507492891213537
268,0.07795849414867821,0.006137385754011149,1.3458984637767492e-05,0.008373308826866814,0.9075173522858061
269,0.41354856517446753,0.01992869745383566,9.203708906800585e-05,0.01027588260132243,0.5561548176813064
270,0.5101513361132031,0.05408512853183825,0.00029122184288967823,0.02725013639228643,0.40822217711978265
271,0.31427313723504835,0.42014455645449966,0.0007617762684168816,0.020913140362423716,0.2439073896796115
272,0.22155926872638795,0.5180989760410778,0.001998205672570289,0.1519072352256204,0.10643631433434358
273,0.07012394270443201,0.865558083783989,0.0019083013775349782,0.04137691430462758,0.021032757829416385
274,0.035617843782386825,0.9083109729111833,0.004094079209756371,0.034883550508162206,0.017093553588511078
275,0.08645970403187533,0.7953664781527865,0.004232265423240151,0.09205232544870301,0.021889226943395138
276,0.030930558569928122,0.9144523816672309,0.016749161848085642,0.03162273656325392,0.006245161351501447
277,0.09636145683756138,0.743108977890842,0.010806802655662374,0.10800149800409306,0.04172126461184132
278,0.11264419215611245,0.6625557802065064,0.012320730665276808,0.18636604720996133,0.026113249762142986
279,0.03650715537582508,0.8271383933987314,0.06974150738288155,0.05984046350684122,0.00677248033572079
280,0.10593973867302237,0.8081175089914368,0.020728619605821418,0.054539975664042464,0.010674157065676928
281,0.07291136435610623,0.8584744179177,0.026445877382341387,0.017852705347408345,0.024315634996444038
282,0.020994672191825398,0.8681738977588958,0.0963455338428962,0.004065530933092207,0.010420365273290343
283,0.04492616849882607,0.8241354710739022,0.10972041743493756,0.009100159589866536,0.01211778340246768
284,0.016191744970291716,0.6383724204505486,0.34044832149509574,0.0016779855189175573,0.00330952756514646
285,0.01657012196014526,0.6629211871952868,0.31675853704500406,0.001005320741953128,0.0027448330576107117
286,0.018217635769660935,0.5046511110880973,0.471732690527715,0.0013151528168901772,0.004083409797636515
287,0.014750580366500588,0.3529223811675767,0.6255110282201083,0.0008164497970636951,0.005999560448750686
288,0.008024078289425815,0.37840928776682403,0.6103683716884126,0.0006998994853678856,0.0024983627699696593
289,0.0023758092749281683,0.35814239123729164,0.6377947742664298,0.00025635116510243036,0.0014306740562478912
290,0.008270967178991579,0.6446564619741991,0.34138812618691294,0.0009725634595439981,0.004711881200352441
291,0.005322605274165756,0.3485614811281111,0.6431836937587668,0.00041295970971536754,0.002519260129240879
292,0.002464411360595259,0.3684816081892602,0.6273091072296864,0.0002740656493116883,0.0014708075711464875
293,0.009611764598145174,0.35723983118444363,0.6297519774003388,0.00045697208308916444,0.0029394547339831874
294,0.001267276048008732,0.13315859514106887,0.8646783171464687,9.299479591875402e-05,0.0008028168685350233
295,0.002069047527427445,0.14488911157221457,0.8518624128724149,0.00013496821879814566,0.001044459809144776
296,0.0027322609720658118,0.10000236465987196,0.8962865599569281,0.0001405506450192739,0.0008382637661148223
297,0.0008936924415742315,0.0683078689026901,0.9301216451189462,7.957119753495392e-05,0.0005972223392544755
298,0.003079105069915983,0.12144133058760759,0.8728310303722785,0.00023441676948283087,0.0024141172007149754
299,0.002003645062045043,0.06518732976418154,0.9320661810878524,0.00013044384749628956,0.0006124002384245787
300,0.0014257948900006556,0.07465228228610728,0.9230451541857303,0.00011700358241638983,0.0007597650557452356
301,0.0007129950271379796,0.03782431066297184,0.9609305520955034,9.39088944819974e-05,0.0004382333199047943
302,0.0013461150037578085,0.0434196218067835,0.9545308793302253,0.00013396878909738727,0.0005694150701358529
303,0.0010636394217097883,0.059055141246505904,0.9389406376000466,0.0001268944877204233,0.0008136872440172321
304,0.001842308652845237,0.04362146874387605,0.9531604976790654,0.0001144978596367481,0.0012612270645767148
305,0.000829040994700236,0.03552526466849503,0.9626315059616446,6.506566942155576e-05,0.000949122705738648
306,0.0002911787111449778,0.020851330419969644,0.9783724185209999,6.004709213521458e-05,0.00042502525575025836
307,0.0003236258854888052,0.018471300777738214,0.9808158189555982,5.6019043052903175e-05,0.00033323533812190534
308,0.0003540023624699765,0.015922151515468334,0.9831907757900257,7.004752316476058e-05,0.0004630228088713364
309,0.00015868839733325756,0.01279971581510353,0.9866863561216305,4.1285123952104035e-05,0.000313954541980734
310,0.00014055942658036777,0.009863699227151149,0.989743985464446,3.119109315631086e-05,0.00022056478866622664
311,0.00014767445793521116,0.008433880264576192,0.9911678891185841,3.950924051290061e-05,0.00021104691839152098
312,9.506758144105024e-05,0.006821140279047509,0.9928880096117966,2.8678838511665767e-05,0.00016710368920331523
313,0.000170890005553161,0.008236211418042294,0.9912178649606406,4.533413927782525e-05,0.00032969947648629533
314,4.7445380248224235e-05,0.006339119378779503,0.9934949038749448,1.8575340790546096e-05,9.9956025237083e-05
315,0.00010769112583010791,0.0069616449631275746,0.9924677669873485,6.051293139345402e-05,0.0004023839923002392
316,5.462299570017863e-05,0.004469143871368863,0.9951907049685091,2.5448208511080107e-05,0.00026007995591077504
317,8.368057940402492e-05,0.00976773455283953,0.9899124529050821,3.168265461979347e-05,0.0002044493080544681
318,7.851255093021106e-05,0.008420067269806658,0.9913098181241979,1.7114986505866622e-05,0.0001744870685594287
319,0.00010944340497968911,0.007599951348422304,0.9920171288627583,3.374299215147775e-05,0.00023973339168826253
320,9.162888876142772e-05,0.005901764509356303,0.9937410782003712,2.6258948425950404e-05,0.0002392694530851554
321,0.0002630663768484704,0.014969961956847322,0.9843205321064513,4.7277186568232714e-05,0.0003991623732846162
322,0.00027374223883396047,0.013127355522429218,0.9860888564666431,4.786328657168255e-05,0.00046218248552211416
323,0.0002580673940631854,0.010427090419449229,0.9884781931496902,7.19852855880574e-05,0.0007646637512092415
324,0.00018630209661774406,0.007955696078826485,0.9914166199829189,3.211442915359787e-05,0.00040926741248311504
325,0.0001875680745222702,0.008023001053273155,0.9911746303003947,5.570178973696307e-05,0.0005590987820727268
326,0.00015091985637747846,0.006402177640481457,0.993042578790926,2.9967349905712304e-05,0.00037435636230941696
327,0.00012901891792435692,0.005633613299015125,0.9938441109450585,4.188530021378826e-05,0.0003513715377882439
328,9.264945071574419e-05,0.009039543088569649,0.9901443972720866,3.0110506712851994e-05,0.0006932996819149709
329,0.00012273372109126732,0.007837267163509933,0.9912574152588591,4.898890499400841e-05,0.0007335949515457818
330,0.00013107826176733507,0.007372701826341158,0.9917433231573519,4.0351055377846826e-05,0.0007125456991619525
331,0.00018254602085979125,0.01134431862444252,0.9870787731207548,0.00017543664258776363,0.001218925591355332
332,0.00019622756714702194,0.008744170556020153,0.9902012206792464,0.00013443595867364069,0.0007239452389128124
333,0.00019861848709988312,0.010970500471978149,0.9873240812426861,0.00021996448574566346,0.0012868353124899513
334,0.0012698815978090627,0.02345104236086019,0.9720117758058329,0.0004311577978564708,0.002836142437641296
335,0.0009200290371729803,0.029589923445665123,0.9666313482352155,0.000760830654317013,0.002097868627629424
336,0.1196744819803373,0.17836424229873818,0.07143984258331244,0.013555399928326172,0.6169660332092859
337,0.039688152406345864,0.5918407429614921,0.3411453435624354,0.0039693656773438285,0.02335639539238282
338,0.04977398281544304,0.7239818262687733,0.19668348399818328,0.0024003278341677586,0.027160379083432683
339,0.1851591227145215,0.6457377106911295,0.12920663253473838,0.0027009955263967377,0.0371955385332138
340,0.025714852397450177,0.8800417185535484,0.08169842576028337,0.003040640134145878,0.009504363154572272
341,0.19362511962627366,0.5540409951744102,0.061751743716808354,0.0053876982532689455,0.18519444322923878
342,0.07845327119480751,0.8569621340002853,0.03274063801754993,0.003370474970491424,0.028473481816865945
343,0.05784059682363666,0.8687329194994092,0.059031198931704054,0.002860964261727491,0.011534320483522662
344,0.04891651405770685,0.7882740734818965,0.14879617720480987,0.002343694339476788,0.011669540916109816
345,0.027694516058998003,0.9051520403165502,0.049512864214296466,0.0069842432367654105,0.01065633617338981
346,0.01991884085562915,0.9435654018122849,0.025916522182181472,0.003331721346526537,0.007267513803377729
347,0.0154086531091967,0.927927664633783,0.049623554320665814,0.0034444334774228675,0.0035956944589315074
348,0.010323606707701136,0.9136734575313089,0.06907261127746568,0.004206210786438721,0.002724113697085571
349,0.01997664398182305,0.8958421378500668,0.06610206441485753,0.012234612369408749,0.005844541383843843
350,0.02112717747238259,0.7232303157966409,0.24452640047538676,0.006526174767114831,0.004589931488475008
351,0.01799402352316783,0.8511114496337111,0.11848085658070316,0.005069560727722773,0.007344109534695007
352,0.014970623201031116,0.8303007356872883,0.14641066614636244,0.0028650716197718266,0.00545290334554636
353,0.038818344747493565,0.8482123903184897,0.09452523772693724,0.010708764054688888,0.007735263152390658
354,0.03595328667701302,0.7564965627494402,0.19398638006531907,0.005567786556791198,0.007995983951436518
355,0.03638885879651827,0.8244965743664804,0.12338942392620914,0.006264214108935092,0.009460928801857105
356,0.03358501775518968,0.8963162227919665,0.05920117672406678,0.003538741887156347,0.007358840841620888
357,0.03769017458210928,0.8133936019106208,0.13211626032584944,0.003187887030858283,0.013612076150562197
358,0.015349053247369739,0.8912669168794822,0.08243589349409626,0.003493083256539434,0.0074550531225123385
359,0.14468649149390272,0.59526163923363,0.02707332680832794,0.00967467985205921,0.22330386261208013
360,0.27433954592220666,0.5469651469539739,0.00906509197742483,0.016260081279861838,0.15337013386653298
361,0.3244538608229778,0.5599467567343914,0.002475107783020794,0.013592558068581492,0.09953171659102855
362,0.10888215732300546,0.8513552949471886,0.012368156359925601,0.003381621042266483,0.024012770327613852
363,0.07989773448442583,0.8839616228714512,0.012794553465826648,0.002133844632358101,0.021212244545938116
364,0.15158568547977416,0.8042304092734212,0.0041419954736922225,0.015498299022783293,0.024543610750329268
365,0.13664324471479483,0.8042887264405297,0.005264689755572404,0.034785572808924664,0.0190177662801784
366,0.11276229389149797,0.7343642490866112,0.0714954243413329,0.012302832366749622,0.06907520031380827
367,0.09060648164916216,0.7920399325135437,0.018157208571639143,0.023150251811024022,0.07604612545463119
368,0.09246891140201577,0.6449559823616738,0.060036742353527364,0.026007952743638308,0.17653041113914478
369,0.07810500249052751,0.8490294779248599,0.010081294873577383,0.031732007085154196,0.031052217625880913
370,0.05200588845210528,0.8051879922220403,0.09288794182541081,0.015135896858745682,0.03478228064169781
371,0.06687293029674907,0.8421929037836017,0.030719905271813733,0.033245550372538506,0.02696871027529713
372,0.012622117711702676,0.8794742631284208,0.07441138847943496,0.010229222425901383,0.02326300825454027
