epoch,N1,N2,N3,R,W
0,0.0017423484945811322,0.0002153872563203822,1.0790548619540774e-06,0.00016928402465277658,0.9978719011695838
1,0.004617632087157105,0.0008691121759880336,2.7094086307263227e-06,0.000289305535177343,0.9942212407930467
2,0.004281293567972895,0.0002318837139351634,8.708032385492066e-07,0.000162530745787683,0.9953234211690656
3,0.00470551424408289,0.00033458242586776785,1.9092035857830215e-06,0.00013829513422792,0.9948196989922358
4,0.0011804702334867884,0.00022213560693018784,1.6086638300237318e-06,2.438216883359774e-05,0.9985714033269195
5,0.006861293754502259,0.00014746611895397998,3.1736277733696145e-06,3.164414779907469e-05,0.9929564223509713
6,0.004073970953424224,0.00010082475987259137,6.397657106041544e-07,3.823828023792265e-05,0.9957863262407546
7,0.01193779140139388,0.0006672527079442629,2.939387900870579e-06,9.73351769303441e-05,0.9872946813258306
8,0.006410103714450738,0.0005555285696679721,1.8843938103979146e-06,7.306877634880994e-05,0.9929594145457222
9,0.004211021563162747,0.00036652637130312854,3.199954337558948e-06,5.102640143096652e-05,0.9953682257097656
10,0.0008456859910986055,5.732886634490553e-05,9.128298562846544e-06,1.1714907327409464e-05,0.9990761419366663
11,0.012415922208117876,0.000594508215517215,6.906006825680964e-06,0.00022876563164827516,0.9867538979378909
12,0.010551320705998818,0.0009280400604192019,2.446191210300122e-06,0.0002554005630745636,0.9882627924792972
13,0.009913053604166125,0.0013735918433908304,2.6458383795572952e-05,0.0002098798026523623,0.988477016365995
14,0.05657595901750025,0.06499959875531224,0.004990239260842988,0.00097989471081135,0.8724543082555332
15,0.155717482878265,0.4429908958278381,0.0026920935683385247,0.011807018039993922,0.3867925096855644
16,0.05197519805019561,0.010944707637554361,2.6981183120310485e-05,0.0066836974745890804,0.9303694156545406
17,0.004742016950188444,0.0026589233108271857,0.00025786203501362777,0.0004183452328592882,0.9919228524711113
18,0.06996656651069941,0.061468597800267186,0.0006861260780277446,0.0019304457732962227,0.8659482638377094
19,0.093735201911748,0.057794555049176126,0.0009888619783458166,0.0014853133632647488,0.8459960676974653
20,0.0026954490881429226,0.0030233743153040477,5.675673147153436e-05,0.00016427957711833793,0.9940601402879632
21,0.36696875623308717,0.04537918123325017,0.0002872088827604412,0.007091156068509344,0.5802736975823928
22,0.14194515408262043,0.12856927677185878,0.004319265063162453,0.001591214646199612,0.7235750894361587
23,0.48841688833825964,0.17375922231852217,0.0020427960554454754,0.007251411484466447,0.3285296818033062
24,0.26239057072034927,0.3892030803827033,0.007702761668000714,0.004763470682250344,0.33594011654669637
25,0.20558135258469404,0.19392603963483523,0.015550792402241257,0.003706670575335645,0.581235144802894
26,0.2209862721231145,0.5871782072390295,0.02803389651481457,0.008345424880247912,0.15545619924279364
27,0.3976633493730747,0.16381378575974842,0.0010006459100114233,0.023046915082752095,0.41447530387441334
28,0.11177189440482196,0.7790795447183784,0.062327191028887056,0.0014280428942793602,0.04539332695363315
29,0.4353721791915888,0.3917024084903731,0.002087204068627975,0.030088191077970766,0.1407500171714394
30,0.13248807497709453,0.7313517727475561,0.010032266820527033,0.0029349837498357668,0.12319290170498656
31,0.2608093054802638,0.6240446477725735,0.009042726698454392,0.01300501101745323,0.09309830903125496
32,0.4214778947913837,0.2802428704794078,0.002480602037147763,0.009781474367398754,0.286017158324662
33,0.03844826065766417,0.03785752788733162,0.004102438751045214,0.0023511173041957014,0.9172406553997634
34,0.3864944455274357,0.4335586285001969,0.00355306328628412,0.011308840668014242,0.1650850220180691
35,0.3370553491364113,0.23308836732327423,0.003953944188447122,0.0037112118663575446,0.42219112748550985
36,0.1678580679940776,0.5795642638086318,0.1338304612535336,0.006289338628025771,0.11245786831573132
37,0.08916598083115904,0.25503591614036786,0.07752689730708344,0.00733242569596324,0.5709387800254265
38,0.3621935106908359,0.4127832233840166,0.0837601220598184,0.006948767588177766,0.13431437627715134
39,0.19431290760239547,0.5695473697593266,0.044491669555348605,0.005421165467684353,0.18622688761524495
40,0.22252597516032707,0.6412462412438331,0.050141227815708574,0.002452939854042412,0.08363361592608894
41,0.0739313303117103,0.7907945033886827,0.0795329623437013,0.002259116802667529,0.05348208715323831
42,0.11669532589298305,0.7395542346893472,0.062096906097597604,0.002895708317444722,0.07875782500262749
43,0.17720160303269783,0.7056337296123839,0.06937855119169772,0.0016423476228606567,0.04614376854036002
44,0.2940217643194312,0.45166453190329314,0.08651075108429979,0.001467295806676003,0.16633565688629975
45,0.47217629942168043,0.47064913608084513,0.02083759208484471,0.0010503597666246653,0.03528661264600513
46,0.18245344981068348,0.7401025352040649,0.05552366902467161,0.001279003412723695,0.02064134254785645
47,0.13784537606476074,0.6556941959974237,0.14775480225898918,0.0011726171604980178,0.057533008518328405
48,0.1624213720491112,0.7629690396544188,0.0266978049780265,0.0015706723055627784,0.04634111101288071
49,0.18300592573229543,0.6745369788753368,0.10454549327740549,0.0018840105659855835,0.03602759154897663
50,0.03942166344075095,0.6775645721510406,0.2692196617170127,0.0008125946982381695,0.012981507992957643
51,0.0449071875360386,0.727982234483673,0.19147114065765442,0.001171077324448464,0.03446835999818551
52,0.09622032722967368,0.6670355567977916,0.22543580257540072,0.0008563271254442727,0.010451986271689787
53,0.07845355921628833,0.8015367465672246,0.08956231030863451,0.0023971784911397515,0.028050205416712895
54,0.06272623722410216,0.7488267293670747,0.16436074642895415,0.001553477800978287,0.022532809178890546
55,0.017608227583510872,0.620158482022123,0.34558374380506734,0.0008976438029253947,0.015751902786373537
56,0.0656821454616574,0.4703740742858559,0.3144162202479158,0.002097041167242214,0.14743051883732858
57,0.02749408070883283,0.7300565408957516,0.2265118672424218,0.0006138147204156186,0.015323696432578218
58,0.09046658167196797,0.7585466460883434,0.11390469854176666,0.0008749120780593104,0.03620716161986263
59,0.07489545517646218,0.711352238477628,0.18559380083859578,0.0008494088222825994,0.027309096685031346
60,0.11746745263414636,0.7492530344321686,0.09159833556220294,0.0008620706557212398,0.040819106715760826
61,0.14875639922206368,0.7092346854912708,0.020730277729216456,0.0013925872726061007,0.11988605028484292
62,0.1345516531520928,0.4365971313543124,0.03843127193444428,0.0008721959746663308,0.3895477475844843
63,0.3076869494566059,0.4174525925378281,0.12909503148945647,0.0010283559425178263,0.14473707057359173
64,0.06871957270205736,0.5605741485170257,0.24004847443275756,0.0005371069195164384,0.13012069742864274
65,0.29028796185674177,0.49508136536401337,0.11810500584862957,0.001487389304617159,0.09503827762599824
66,0.06351688535195998,0.825484315371709,0.0749424759164167,0.0015708687862560431,0.034485454573658224
67,0.04325900548738761,0.6881156740189837,0.248750418034526,0.0008272494728241865,0.019047652986278574
68,0.020453485529878336,0.5946796978675131,0.3688068765290921,0.0004195802749033074,0.01564035979861315
69,0.07167448766110363,0.6521201227642286,0.20896987823089264,0.0014063499810625403,0.06582916136271252
70,0.010030668443838623,0.479414713507626,0.4950521866286746,0.00028417114848977484,0.015218260271371043
71,0.07394643096750776,0.5905115849572923,0.29758936345599313,0.0013460054879453171,0.03660661513126163
72,0.0024797445420043835,0.20804588003943622,0.7856447844658039,0.00013491743472118588,0.0036946735180344924
73,0.015736168208649048,0.49376806412161944,0.47339646426633564,0.0007872767753916612,0.01631202662800445
74,0.0262090248749604,0.7508430971984401,0.20461586330288323,0.0014219173768168605,0.016910097246899347
75,0.07463171658042403,0.7496107100061151,0.11423278087534713,0.0030444387105120698,0.05848035382760156
76,0.05467739924451997,0.7781116822751021,0.10032905835516931,0.002734575394112045,0.06414728473109658
77,0.14206313681031227,0.66742845836723,0.07173324763247119,0.006104649502627802,0.1126705076873586
78,0.29026092924810604,0.5432286125524196,0.012949852346871807,0.010030424752891834,0.14353018109971058
79,0.15273206815659812,0.6320545491529482,0.022769334536665003,0.0072948730282163905,0.18514917512557222
80,0.08779036776699863,0.8210179155469558,0.019307553979667588,0.006799404528453081,0.06508475817792474
81,0.35834695148950657,0.5331221598986907,0.03449046680441274,0.003162285767047236,0.0708781360403427
82,0.008178308365312824,0.02579791097892222,0.006773714594163275,0.0009732223206535994,0.958276843740948
83,0.012891410125233092,0.010132451000418805,0.0035613226391173446,0.0005303239125432506,0.9728844923226874
84,0.17033139318002632,0.018628584241329564,0.0018216596122495978,0.0008081888346039148,0.8084101741317906
85,0.10877343343667845,0.009986824868799425,0.002464156738151194,0.000565486690890845,0.8782100982654801
86,0.13538931764265394,0.006121046852912302,0.00020136051173722796,0.0005224623450492382,0.8577658126476473
87,0.4858615079976416,0.04288143458370219,0.0031372275654509953,0.002113996769444197,0.466005833083761
88,0.5300599345331221,0.05147431587658855,0.0027189067278891796,0.0026124564388241645,0.4131343864235761
89,0.16619299282331035,0.05857758183389421,0.0038476162929172936,0.0018743430084878043,0.7695074660413903
90,0.13437170970593332,0.07768131419386136,0.008333125959088044,0.00322942528157696,0.7763844248595403
91,0.40225273841274284,0.38931344937344553,0.012023398159654908,0.004904926201415159,0.19150548785274146
92,0.5283757177005162,0.3305682707029206,0.006242836350010834,0.0038073409107810766,0.1310058343357713
93,0.3614034310054214,0.30242641078968535,0.0351604372210058,0.011964686831506262,0.2890450341523812
94,0.5126122336009458,0.2786042235631935,0.007856455271991448,0.007837010975512535,0.19309007658835686
95,0.2241342686595104,0.5760156302315166,0.013308618370258374,0.006191081760830789,0.18035040097788377
96,0.12063759541177675,0.23811386884098992,0.003974086806195964,0.005186008026723234,0.6320884409143143
97,0.1387083925653858,0.18118677490366267,0.0032731657409776015,0.003924511703151773,0.6729071550868221
98,0.2759770320952986,0.3352980185767304,0.005223718900138865,0.007460120290567479,0.37604111013726454
99,0.3800164010674451,0.12457434379979862,0.0022180913690039157,0.007095458292946491,0.4860957054708059
100,0.09267122047857494,0.6437322250440981,0.034595803201772794,0.015428213330890476,0.2135725379446638
101,0.16322235353882927,0.42786128376469107,0.013803185025428651,0.009201674221981253,0.38591150344906966
102,0.0032321866180290222,0.006228655768875297,0.0006291876943765973,0.0006923915749501369,0.989217578343769
103,0.0019387818304409494,0.0019324878511074392,0.0001665073626964769,9.767400441205895e-05,0.995864548951343
104,0.0153378593461607,0.004718296562716311,5.4750146807824736e-05,0.00012613373676108905,0.9797629602075539
105,0.02152281791008822,0.0021789771189477405,6.231185729365297e-05,0.00013445217423333676,0.9761014409394371
106,0.09861003429668637,0.006383901225721477,2.1854194452338347e-05,0.000404145644285131,0.8945800646388546
107,0.27424246191344415,0.05346569401051569,0.00021992599607846005,0.0013209648848995495,0.6707509531950622
108,0.5945946813331866,0.22374511109279696,0.0007434224638687569,0.007604260530129069,0.1733125245800186
109,0.00886549365851849,0.010242202508293928,0.000763931848399311,0.00021790531498042744,0.9799104666698077
110,0.671561025984344,0.10570386100745705,0.00040445817031987047,0.0031291236806888405,0.21920153115719038
111,0.3803421416251519,0.5638719230586944,0.0035045054404615967,0.0060065779630280695,0.046274851912664026
112,0.032155550403057544,0.8880588626626815,0.018450529773766162,0.0013809614570045351,0.05995409570349017
113,0.0759770949125996,0.3769593200740161,0.027137180563658755,0.003442199040392666,0.5164842054093329
114,0.08884226571870371,0.8467485615100935,0.027794236391054314,0.0023882310978451684,0.03422670528230339
115,0.0827787164364092,0.8323084633795291,0.024778329365416643,0.004157226352434814,0.055977264466210104
116,0.10587903040974175,0.8383165769199773,0.02833942994015128,0.0023517110720793336,0.025113251658050412
117,0.01079909470130776,0.9619452049006035,0.018170694949287147,0.0017458315883396285,0.007339173860461801
118,0.033503404496327154,0.8984924822035945,0.0420346639562492,0.002367552041376427,0.023601897302452844
119,0.051432346658621585,0.8944349005946187,0.01883131060658763,0.0057620275935759725,0.029539414546596164
120,0.12925869994067624,0.20281712655617068,0.0006204749525747541,0.02780383081155822,0.6394998677390201
121,0.16204363177609277,0.7768991705693595,0.004349643099404385,0.01347426017672551,0.04323329437841765
122,0.30663337536758095,0.23931060690489792,0.0008242218157588961,0.08149757202758386,0.3717342238841784
123,0.5270810715052264,0.28487063651705585,0.00036447713644348833,0.03979592156774602,0.1478878932735282
124,0.15548949679369128,0.5321630968357737,0.0003176260177303018,0.15237568183995642,0.15965409851284823
125,0.14006835378798138,0.5101226126655535,0.0022463472643251547,0.04574464537561191,0.3018180409065281
126,0.1351720828595049,0.11372736327424976,0.000548243697018808,0.6385677321679969,0.11198457800122982
127,0.12874002035475535,0.16861295393418135,0.0008181041588026575,0.524275693188647,0.1775532283636136
128,0.06800121504792395,0.14382567945410712,0.0006429012498927808,0.4305705109523657,0.3569596932957105
129,0.05002319934936511,0.04098951615139614,0.0011400820160859932,0.10501448847457329,0.8028327140085795
130,0.017686730860748595,0.024110689924941142,0.0014876106123798511,0.04235346857114841,0.9143615000307821
131,0.04715227309508495,0.03509717982741952,0.003458866830477472,0.11452164495730144,0.7997700352897167
132,0.06206034190910186,0.04945768186941964,0.0030486051529283217,0.2076164804617332,0.6778168906068169
133,0.04945864225361334,0.07533146122114684,0.0013505520246443778,0.4066794818162689,0.46717986268432654
134,0.03292624675143298,0.03596226307538905,0.0007902714224889184,0.44353350158766686,0.48678771716302227
135,0.05407834433662348,0.05585603374205946,0.0012618083225938502,0.250132564514879,0.6386712490838443
136,0.1433356854577681,0.034140312725932626,0.00028660466839313894,0.26930578173180253,0.5529316154161037
137,0.12354204651944171,0.06471481173182092,0.0006634112538256388,0.31768477646469684,0.4933949540302148
138,0.19906283894227736,0.059583806718889055,0.0007419148619663172,0.27534061904479573,0.4652708204320715
139,0.11872013823638708,0.041718750939656324,0.0003195516963496949,0.5125988255074535,0.32664273362015334
140,0.08041459251343264,0.027058838729367537,0.0003217881851874515,0.610589220934805,0.28161555963720725
141,0.08812682589752854,0.04931199988198977,0.0004259296150468125,0.47010755340228966,0.3920276912031451
142,0.04388884292401641,0.0126134392914247,0.0006184504773545954,0.06574879863721998,0.8771304686699845
143,0.04303674322246413,0.02676519895000642,0.0008230937059356049,0.2941406302186627,0.635234333902931
144,0.09690587424934552,0.019484200558852426,0.00029662704108534757,0.757979063411991,0.12533423473872574
145,0.11167007619619046,0.013903700028248617,0.00014259622556597775,0.7502854841647563,0.12399814338523853
146,0.08599425809390043,0.01149457059189242,9.674360457910086e-05,0.7979651631537483,0.10444926455587969
147,0.08596899366323905,0.13037739303237575,0.00041631162148053266,0.546559574468339,0.23667772721456556
148,0.1846308646998914,0.0449113196077952,0.00024818318404183024,0.46515758333019325,0.30505204917807827
149,0.1955531070961885,0.056560404717986214,0.00018158758154863115,0.3944917712036376,0.35321312940063904
150,0.2098638852963113,0.05540449429928286,0.0002147968852080785,0.3209441561940365,0.41357266732516124
151,0.1530592227763109,0.07536524896177367,0.00045693681679399693,0.4133639651997225,0.357754626245399
152,0.14215902750015622,0.04403745481194159,0.0002009216268000581,0.3488715483885249,0.4647310476725773
153,0.11155134813477746,0.07262716082664412,0.0007220249138848639,0.29940104118412564,0.5156984249405678
154,0.21625321044153734,0.07246014108069819,0.0032962389525274544,0.08334250918214275,0.6246479003430943
155,0.04446693571840886,0.09941151165371863,0.075570482836091,0.06315567868687187,0.7173953911049096
156,0.07254210488871961,0.07117759003939751,0.20579879367833845,0.16455447411396285,0.4859270372795815
157,0.005583909051573698,0.009656821057942737,0.004609072727201395,0.013961123390970233,0.9661890737723119
158,0.1198214954997907,0.09057229001356094,0.007451761099386234,0.20259916907726291,0.5795552843099993
159,0.11291289480700537,0.11357526297165033,0.007255727839720035,0.326176391033559,0.44007972334806533
160,0.08286905251612127,0.06966988127742231,0.0015947526579614196,0.6442892425468327,0.2015770710016623
161,0.06026739339196904,0.030597126084992234,0.00025188322795808947,0.8525968032081073,0.0562867940869733
162,0.08947725533092407,0.07447815293156362,0.0005633099657922497,0.7279451838709685,0.10753609790075165
163,0.09140708346433866,0.04581493675053611,0.0005182086878127654,0.5549514677549511,0.3073083033423613
164,0.137517239861975,0.09154948165881542,0.00110011350905839,0.4097912476347423,0.3600419173354089
165,0.06653010895961023,0.02240695759536817,0.00018332717135085682,0.7909452981598992,0.11993430811377168
166,0.16194005552735624,0.04710370271403132,0.00047987006433529417,0.6893461597192465,0.10113021197503051
167,0.0632822456817257,0.023132451228023668,0.00017102566452404747,0.8812590107319713,0.0321552666937553
168,0.10933961167484503,0.09825282799590093,0.0003946348954375816,0.708514922552561,0.08349800288125536
169,0.11949711891241598,0.05889713540231768,0.0002589356959943351,0.7769458157982343,0.04440099419103777
170,0.07394269268120132,0.12867711949104924,0.0006729599807649827,0.7560768313446229,0.04063039650236161
171,0.09817282469685032,0.10855919777908671,0.00037716760223186965,0.6762109068629267,0.11667990305890436
172,0.07745401899715619,0.15680345578109348,0.0007045625096624164,0.6794631299827383,0.08557483272934972
173,0.06673191581528558,0.09990737256957812,0.0007031776983689657,0.7014069492720509,0.13125058464471642
174,0.08973617064717475,0.18057002059065533,0.003149653992953188,0.5578973561358814,0.1686467986333353
175,0.08289618598332123,0.0847211596280839,0.0026560197716983254,0.62611338479574,0.20361324982115658
176,0.05180406213830265,0.049848485750481085,0.0007770899008441813,0.6094090140078471,0.2881613482025251
177,0.07339131863111141,0.06814116085834854,0.0012459878024735458,0.5752201446391514,0.2820013880689152
178,0.07262574263484986,0.03648276113508127,0.0007230361768953441,0.6575497656586194,0.23261869439455407
179,0.05629593682928924,0.03124668878089741,0.0011400440010788868,0.4307328129574728,0.4805845174312616
180,0.031073319089712347,0.02127365265351225,0.0012019370631651974,0.1796264161621116,0.7668246750314988
181,0.05516142227108685,0.026154869330174208,0.002292523806140667,0.21667004851196706,0.6997211360806312
182,0.05419390048243561,0.05313393346860537,0.0019460575164096884,0.664772768817287,0.22595333971526238
183,0.026988048750877052,0.0333735889244745,0.0029305216557658394,0.6348788636046355,0.30182897706424705
184,0.08087446464130477,0.053882965139886774,0.0011390966360848513,0.7838379290250928,0.08026554455763076
185,0.04179404456261126,0.02672590026415092,0.00029009997934285105,0.8959248806565409,0.035265074537354335
186,0.03907602830596453,0.01293588598121614,0.0003242415014799517,0.9126392487067673,0.03502459550457199
187,0.04626794218876971,0.06373025089117848,0.0003622872602636881,0.8556055157053546,0.0340340039544335
188,0.0469615210284027,0.034387396903355336,0.00014180063387363745,0.9020724103995169,0.016436871034851613
189,0.12281140892964244,0.07969829108790903,0.0002249201297291203,0.7442675378251558,0.05299784202756358
190,0.042351597917545364,0.03617721205454739,0.00011972967811907236,0.9085353372593359,0.012816123090452282
191,0.059237037562268655,0.06899991615269445,0.0003032376455725062,0.8489942295397276,0.02246557909973677
192,0.052816242946509946,0.07702607340585915,0.00036099097466009634,0.8360371067033733,0.03375958596959758
193,0.03398135680266576,0.03339689014357212,0.0002403405175775282,0.9046712510102637,0.027710161525921085
194,0.04998513650292302,0.019871211048413606,0.00011644039415431835,0.9143608041261182,0.01566640792839098
195,0.0448348849578387,0.02440548102557311,0.0002677098194093777,0.8922852257206609,0.038206698476518
196,0.0368571503935754,0.011596883705708973,9.181581629916454e-05,0.9330611274076896,0.01839302267672696
197,0.03559636222250805,0.008489840709371917,7.108022667995359e-05,0.9304109591507398,0.025431757690700163
198,0.12603210902399872,0.022408355898125808,0.001187073109017405,0.4415467319521562,0.40882573001670186
199,0.1071161456964273,0.021779417441039756,0.0002404157447925762,0.824976525856158,0.04588749526158233
200,0.07126097496983011,0.022359781127976822,0.00013441199220225658,0.5984226851402833,0.3078221467697076
201,0.027296325932254777,0.01999295552873142,0.0007817507319694251,0.037543661835790644,0.9143853059712538
202,0.2594475355672983,0.08921624202879964,0.0027612169723492653,0.23613658226620554,0.41243842316534723
203,0.3176261014219772,0.07489297740618608,0.0010512833346361927,0.3734280008188451,0.23300163701835544
204,0.21727593384222754,0.05178770742191329,0.0005916404851138398,0.624623136104797,0.10572158214594819
205,0.15101079275283588,0.10265671075402254,0.0015732449179681595,0.6816172565723748,0.06314199500279864
206,0.05588057821197227,0.11099934204846616,0.0006931040061458296,0.7771750230932535,0.05525195264016223
207,0.0532194433379702,0.05970730198693146,0.000642316836567744,0.8290430651831475,0.05738787265538308
208,0.06437851795220768,0.06771294576532251,0.0003588385140670481,0.8462052207307578,0.02134447703764514
209,0.06817826430856412,0.1228643482273207,0.0005070201300628014,0.7873518307352609,0.02109853659879145
210,0.031432457015685776,0.03730785905988879,0.00018577333674798,0.9224296867140158,0.008644223873661643
211,0.030948282738330855,0.07521653105601031,0.00021910414597124675,0.8779163934413,0.015699688618387452
212,0.046027685867037975,0.06171574514020045,0.00044001965592478594,0.8637414176127275,0.028075131724109387
213,0.03155400006238573,0.030840427647966268,0.00014780724366226052,0.9275993281842801,0.00985843686170578
214,0.05988755566201226,0.03595864874240226,0.00015680941127985836,0.8880248495199655,0.01597213666434022
215,0.03907533386338416,0.04546088407392812,0.0003259896710267724,0.8954972548942789,0.019640537497381975
216,0.05080491534007813,0.04265936623209221,0.00022884418435786935,0.8761478416755061,0.030159032567965594
217,0.04052149638421864,0.04130147544252457,0.000193150428851798,0.9039205270662501,0.014063350678154887
218,0.029806115373794878,0.04028688469524274,0.00023087212605256785,0.9103094923729946,0.019366635431915327
219,0.034543406976070355,0.05276332928305762,0.0002581873672092968,0.8934950518897602,0.01894002448390255
220,0.05944098808002764,0.02937663860460867,0.0003331475268782411,0.8535211898152164,0.05732803597326902
221,0.053019206772936804,0.03532899303101297,0.00030384732369585126,0.83925243394739,0.07209551892496432
222,0.09963310562181799,0.03534376134092927,0.000171006961230447,0.721259069527732,0.1435930565482904
223,0.06680638241053337,0.035470551368509996,0.0007108467114780314,0.08127427688604531,0.8157379426234332
224,0.31777223482333766,0.17347374894936296,0.004409919575903009,0.20968728966763892,0.29465680698375757
225,0.4066427165131604,0.1100975607597854,0.004135928203249704,0.10315050665980326,0.37597328786400114
226,0.18522046160708838,0.13452639901830443,0.001475987122057737,0.384611024704491,0.2941661275480583
227,0.11695442169656128,0.14463489396698842,0.001098800147451765,0.5392512328668999,0.1980606513220985
228,0.2703388281704511,0.21339992668629726,0.0015337549807692803,0.31551301011341426,0.19921448004906817
229,0.21790442701434967,0.3492050108894296,0.0015924361090043017,0.2291958686027212,0.20210225738449508
230,0.10720477512578296,0.6310340318702772,0.00833168881397273,0.017486381054991784,0.2359431231349754
231,0.6453872816967551,0.14954153801970985,0.00785847388062869,0.027918547216048743,0.16929415918685756
232,0.18925576324904142,0.46522932410500517,0.02895001451395107,0.17639486966757373,0.14017002846442872
233,0.3500971750352633,0.421338031652479,0.05313550992351897,0.06495632883596876,0.11047295455277001
234,0.2858915604418538,0.39021566973654853,0.04702487876003037,0.05949427187306422,0.21737361918850298
235,0.08422303087214396,0.5852410373168396,0.22417172625664233,0.05620179473304618,0.05016241082132796
236,0.1382163957976926,0.5808583836634179,0.20475186723810848,0.0541279251316196,0.022045428169161444
237,0.11417283172349574,0.6338620415238237,0.18034113454187978,0.01938852472573878,0.052235467485061984
238,0.15456121114125945,0.6346889435692353,0.11477497089111043,0.028766853886824977,0.06720802051156967
239,0.023963596042424797,0.6139849607121061,0.3428035477603662,0.007326150891346469,0.011921744593756448
240,0.00804699822185097,0.40023293790384706,0.5831609890249694,0.003489778763732262,0.00506929608560031
241,0.01947170604359088,0.5487236793280694,0.42529193614127403,0.0010069613864490182,0.005505717100616538
242,0.006909935668243064,0.2806920516397855,0.7085396337486166,0.0005227088298429948,0.0033356701135117896
243,0.005573439839504123,0.400255024048768,0.5909651227918222,0.0006373856144380585,0.002569027705467654
244,0.0032147695682538846,0.3565610252694911,0.6381600697112787,0.0005074773184305123,0.0015566581325458712
245,0.0035116698771617333,0.2792518850725916,0.7138245621760289,0.0005318972859939362,0.00287998558822373
246,0.0020564028813384204,0.21340075990091223,0.7826035844492636,0.00040360300903828774,0.0015356497594474475
247,0.0017402096142653037,0.19402715490644656,0.8030462876953088,0.00018666541251081067,0.000999682371468358
248,0.0022949087088612514,0.18783711292670885,0.8073896414064292,0.0005206066898933197,0.0019577302681073176
249,0.0034854158719446757,0.31702835638996824,0.6772844536467559,0.0004350618358848275,0.0017667122554462732
250,0.0017602392876233885,0.20942540583486816,0.7872261195512391,0.00036577755886158306,0.0012224577674079767
251,0.0013219755692611512,0.14896962648700338,0.8485747682627636,0.0002990665569623603,0.0008345631240095892
252,0.004567499040366732,0.3167765531105205,0.6757244748046682,0.0009240481779767807,0.002007424866467746
253,0.002242462549112103,0.2607240900461385,0.7346772715239238,0.0006775865541709125,0.0016785893266545932
254,0.011330171941988638,0.31455892537852137,0.6676971804777317,0.002093500813734612,0.004320221388023538
255,0.029592721209377906,0.6213593902951846,0.30316260519531923,0.004859541641254238,0.041025741658864114
256,0.23312110800429858,0.7151600548856825,0.022639196084468356,0.014450749060750678,0.014628891964799929
257,0.06796576678139808,0.7734280184896286,0.15146324119790325,0.0023189205521017314,0.004824052978968454
258,0.03163386266046037,0.8586886574399444,0.10598823438233901,0.0012505115589545538,0.0024387339583015213
259,0.018383757745745542,0.7088832208783911,0.26658329655512414,0.0014616979253826315,0.004688026895356774
260,0.009751026920884991,0.4917145393310555,0.48811027309955735,0.0028545866275051825,0.0075695740209968925
261,0.012689276664331879,0.7769789573041596,0.20179853688448618,0.0023616058082720917,0.0061716233387503795
262,0.00875338503291973,0.6540406132517137,0.3325417695569643,0.0014962085496119896,0.003168023608790369
263,0.005717065893687174,0.5538972940798531,0.4375341376286007,0.0007413983963526404,0.0021101040015064202
264,0.004011148553666291,0.4150474971553329,0.5786175382425826,0.0006826727361392062,0.0016411433122791351
265,0.008105394577828981,0.6818919830205405,0.3064754853325978,0.0007714765815507109,0.002755660487481809
266,0.003203538674723029,0.4163389295985203,0.5774842675529581,0.0006507143816656919,0.002322549792132819
267,0.0038041526618602453,0.3184034587211254,0.6755008557782841,0.0004685752102149303,0.0018229576285152971
268,0.003026354903506962,0.2304647124669231,0.7650123548828038,0.0004992139797205863,0.000997363767045695
269,0.004635008646756601,0.19256907653348546,0.798365798734328,0.0011630079324496984,0.0032671081529802273
270,0.0017900239267102022,0.2958866917768993,0.700353185281319,0.0006459477831324263,0.0013241512319390905
271,0.0020217642099676705,0.1788989364421373,0.8162510529776956,0.0006500050259900324,0.0021782413442093685
272,0.0015542451184050452,0.14607821185012324,0.8506276531211318,0.0005549280401223818,0.0011849618702175337
273,0.001820820522210279,0.2827239367659108,0.7137976359021192,0.00030960167675315195,0.0013480051330066948
274,0.0019187140223862517,0.26898314177500593,0.727725087045261,0.00015284881538959322,0.0012202083419571984
275,0.0024209755188691388,0.13190073179075754,0.8646668145271517,9.567981144612605e-05,0.0009157983517755535
276,0.001384424400471152,0.10475324169864855,0.8930890563628024,0.00010409011740829381,0.0006691874206694737
277,0.0018179703214714264,0.10355864006381282,0.8935199332648149,8.982466597359471e-05,0.0010136316839272975
278,0.0012660704030409732,0.09329089378522305,0.9045637589426944,6.727407765714416e-05,0.0008120027913845614
279,0.0036139046479615215,0.2067793440826979,0.7877789400535672,0.00036358453175477207,0.0014642266840187588
280,0.06459859406644237,0.07581808328103783,0.8417990369706604,0.0009164788141401825,0.01686780686771937
281,0.0009798512822838269,0.05944987643899857,0.9380976162846646,8.71564228351572e-05,0.0013854995712179543
282,0.0019044155782632771,0.09731516817848372,0.899202983939969,0.00013649647090504855,0.001440935832378911
283,0.002461078862085231,0.11643858454994377,0.8792861145275684,0.00011851285882966474,0.0016957092015731068
284,0.0008841243425384625,0.053523427549504246,0.9447497295462348,5.250393935426742e-05,0.00079021462236819
285,0.00042812538574571777,0.04492674949741831,0.9539551212604711,5.904125338905276e-05,0.0006309626029757254
286,0.0007754120626853669,0.06328372751667241,0.9343744087120917,9.458113094633329e-05,0.0014718705776042872
287,0.001084240642805529,0.0382016532089348,0.9589441149516966,9.581574757419232e-05,0.0016741754489888116
288,0.0027620588253732953,0.16298895830331506,0.8296334039301506,0.00031090667406784815,0.00430467226709324
289,0.00143267767668775,0.056163147165629285,0.9393498890777257,0.00012989589053861802,0.00292439018941873
290,0.0015990266607030222,0.05120656390967464,0.9441955594634629,0.00017339221495538292,0.0028254577512042047
291,0.011226900962932265,0.07901930578402971,0.903731892793289,0.0002710009352812725,0.005750899524467624
292,0.006139364029374303,0.18615693407486525,0.8022248642239961,0.0003587062007039712,0.005120131471060467
293,0.0014763492684602571,0.09761557843546033,0.8988439963130362,0.00015755646693899785,0.0019065195161042585
294,0.00258284425542098,0.08066666345109658,0.9139366264873181,0.00023752530222591827,0.0025763405039384885
295,0.0008603049500784573,0.05993317279592773,0.938138460768547,6.848249802959171e-05,0.0009995789874171954
296,0.00046383560501089024,0.03031916456003322,0.9685644172099261,6.570829757389352e-05,0.0005868743274558398
297,0.0006925148902832378,0.0606147426437484,0.9376653783893159,5.515766506161283e-05,0.0009722064115909073
298,0.0004123250418650496,0.0557605548072076,0.9432243752408868,3.858788007175987e-05,0.0005641570299689365
299,0.0004002376390326031,0.05929368105990508,0.9397945970894089,6.821928380680264e-05,0.0004432649278464664
300,0.00018854016992106152,0.04936716414112881,0.950065367511878,4.025415283635807e-05,0.0003386740242357465
301,0.0007484092663038801,0.07562354985443126,0.9228926956422775,9.095096536313485e-05,0.0006443942716243525
302,0.0006928839971009893,0.0405931385878557,0.9578416851010155,8.56205058939304e-05,0.0007866718081338776
303,0.00024761896081179093,0.015274838266102101,0.9841361480445976,3.156646374894899e-05,0.00030982826473938927
304,0.0004285233905136753,0.0348826423264271,0.9640744174002385,0.00011461817359766633,0.0004997987092230296
305,0.0005497187263548145,0.029258821296059046,0.9693469204128504,0.00012574327213058368,0.000718796292605222
306,0.0002908382030808616,0.022394515971955825,0.9768354892665916,7.571176115719913e-05,0.00040344479721440835
307,0.002008728574244226,0.1646242612922088,0.8313713394346224,0.00020369531964374498,0.0017919753792807569
308,0.0009249151933115655,0.16937918801195945,0.8284591463148523,0.00017675516552501227,0.0010599953143516352
309,0.0004787349097600884,0.045555613115397235,0.9531371366863237,7.830482478925797e-05,0.0007502104637295838
310,0.00047701877048687586,0.0921853332223628,0.906719863828988,9.402784858566296e-05,0.0005237563295766357
311,0.0008857394160433553,0.07711777568503592,0.9212603823915384,9.289211621038683e-05,0.0006432103911717341
312,0.0009077134743661554,0.05082077947714417,0.9473491088852318,0.00012983763378986125,0.0007925605294679946
313,0.0020123761725912774,0.11236544596521067,0.8844103217057974,0.00011775586882690015,0.00109410028757372
314,0.09060775623139233,0.09989542305050779,0.6938611139334847,0.0014020856383802247,0.1142336211462348
315,0.0051260538501543855,0.08837299250791507,0.9019365685559111,0.0004048978321540605,0.004159487253865223
316,0.002767839570579429,0.10448280567555684,0.8902302932018641,0.00018829824874679965,0.0023307633032527654
317,0.1248651993287587,0.08850696239542405,0.7766850382518437,0.0006326522281317107,0.00931014779584191
318,0.0026765110930366794,0.07171846901054736,0.9235486701736313,0.00019658656842057426,0.0018597631543641954
319,0.0019260122247917262,0.09075120766759481,0.9058720925656193,0.00014050807010836943,0.0013101794718857124
320,0.0008380681087040883,0.05882842619638847,0.9395188600776321,8.81860935047347e-05,0.0007264595237707353
321,0.0007209930450231252,0.10012095658852749,0.8982178823449375,9.708685197303838e-05,0.0008430811695388195
322,0.00022023056750927988,0.06136122515077907,0.938021819859623,5.555698966500302e-05,0.0003411674324236943
323,0.0002467218681341611,0.04402138277514527,0.9553502510195899,5.499340518052792e-05,0.00032665093195019074
324,0.00017180060956562004,0.06626744082667198,0.9330968934286894,6.0338926307409084e-05,0.0004035262087656081
325,0.00038392395300853384,0.05773989768159338,0.9411342245021663,0.00014986555279113785,0.0005920883104405548
326,0.00020040011642837344,0.039463154441505964,0.959927419032875,8.249607659158075e-05,0.0003265303325991695
327,0.0003533318929099863,0.08603007735793354,0.9128806871045915,6.895412423139243e-05,0.0006669495203336041
328,0.0009564244475778734,0.06476124477867998,0.9332885167110111,0.0001388200291405608,0.0008549940335904609
329,0.00012785055205639413,0.027993531748552902,0.9715911647373735,5.683721326376218e-05,0.0002306157487534409
330,0.00040086042422233695,0.04948307377867281,0.9495854858576489,6.63370038963797e-05,0.00046424293555966654
331,0.0002657987614924995,0.050971804498592975,0.9484393313451154,6.220952941041526e-05,0.0002608558653886553
332,0.0007426875147983666,0.06870473286327797,0.9299366671173932,0.00014425630871331936,0.00047165619581726495
333,0.0007097569488281853,0.0857641488643134,0.9127192056345149,0.0001831597201535348,0.0006237288321898627
334,0.0027008614526182837,0.22132776798412537,0.7742157324354438,0.0005441439025711626,0.0012114942252414744
335,0.0010300891014445482,0.027981767916234287,0.9692085099270071,0.0009803909727146667,0.0007992420825994614
336,0.023483977300942233,0.6427620397278004,0.31662458247097586,0.009942240950784352,0.007187159549497148
337,0.010733803383376329,0.5926904199953621,0.3837050777710497,0.009104923482725421,0.0037657753674865822
338,0.026499845218991767,0.5149683671976428,0.3943165950866196,0.03710771929408485,0.02710747320266093
339,0.09248343048376713,0.8381166162125202,0.01872961353826813,0.039873669276616376,0.010796670488828135
340,0.04224858260686011,0.8636784202036235,0.055393109227135924,0.029061300906473127,0.009618587055907181
341,0.11779844903033414,0.7769385140697369,0.022559470380637485,0.058301157860573403,0.024402408658717976
342,0.015431143184278358,0.9464125896367094,0.023363895032781606,0.012087715012673493,0.0027046571335573037
343,0.13077594871608506,0.7278609599992125,0.004453745885271447,0.12813671272458993,0.00877263267484111
344,0.09120656560450145,0.8202457212323856,0.005532486361445801,0.06690817393147183,0.016107052870195277
345,0.07441431200673976,0.8275719413147714,0.005407451815786865,0.085858755548923,0.006747539313778757
346,0.06323969944664934,0.859580748866988,0.008537881680031828,0.06068143493222107,0.007960235074109983
347,0.0301507620523209,0.9444439931397928,0.0012738427191405315,0.02134689184170943,0.0027845102470362895
348,0.04616163927337354,0.8593591456260118,0.017591736652177347,0.07201461679479365,0.004872861653643609
349,0.05706044120557715,0.839063756268505,0.013031778554899016,0.08364488593206475,0.007199138038953772
350,0.046306797415550875,0.9032197991515022,0.012148837606778567,0.03347375717229246,0.004850808653875754
351,0.021848289810647573,0.944864875185296,0.004345032445692418,0.02691522805459097,0.0020265745037729268
352,0.19297777809017533,0.6899438573500694,0.0058111974653362476,0.08859461159563808,0.022672555498780885
353,0.21588427405180943,0.6911425471785558,0.0030568736024634974,0.07383236239386383,0.01608394277330757
354,0.08219528265699118,0.8725274886351922,0.00749888595936217,0.02949210962031277,0.00828623312814143
355,0.23639642571610409,0.5812929805931724,0.0022674882832127937,0.07676370054319157,0.10327940486431912
356,0.5807592911122328,0.2698527829702481,0.004866120313508356,0.06890717685481776,0.07561462874919304
357,0.37080509749220963,0.5462634270080508,0.004292271859535277,0.04256159499310686,0.03607760864709752
358,0.5842339212906464,0.30219482986249957,0.0038776539548127592,0.04347322519242027,0.06622036969962102
359,0.2689925485978698,0.6464226670473348,0.023310121927195445,0.028076639105056922,0.03319802332254306
360,0.39609148900320285,0.538235430695901,0.002816945632952146,0.022643557861612658,0.040212576806331404
361,0.1367714184904192,0.8259808753869611,0.009540595741966135,0.01377735796007456,0.013929752420578942
362,0.19877322945403045,0.7340076281335968,0.007969991219543074,0.026857764371579423,0.032391386821250354
363,0.11770512848071579,0.8382660504862971,0.004924435485153567,0.016925464538080495,0.022178921009752998
364,0.08042730322192417,0.8583062497079803,0.01137541825924948,0.025248141321104957,0.024642887489741163
365,0.15987198990146098,0.7470282932660566,0.010931132752943287,0.026834480808396545,0.05533410327114268
366,0.0773080220945109,0.8553669662043824,0.009232153211550012,0.025317451378273376,0.032775407111283426
367,0.06043269110365098,0.8911066941949923,0.006450758180818088,0.028814010141875474,0.013195846378663098
368,0.03629008656317363,0.9160134941364667,0.009020209069796168,0.03540107439939417,0.003275135831169305
369,0.1941619243795348,0.6694715124262174,0.0036834101255952263,0.08551448737236601,0.04716866569628665
370,0.04059401129614063,0.9040326049771815,0.01575413108799339,0.02816328819771325,0.011455964440971226
371,0.08285254272453536,0.7935063741502706,0.008544976618856902,0.08292125975017738,0.032174846756159683
372,0.05717681036245686,0.8728074111652075,0.017988537564698277,0.04232538831589867,0.009701852591738613
373,0.0609613630455002,0.8493353740570856,0.014357544332435706,0.04913719198894571,0.02620852657603258
374,0.02179278715074013,0.9210904884713267,0.010618380174853743,0.03485444416220255,0.011643900040876934
375,0.11010197916178152,0.7803177392967978,0.0034573822220455882,0.07760350509799718,0.028519394221377874
376,0.007715367525950314,0.9636720529609406,0.022213118088780178,0.003672007837818905,0.002727453586509913
377,0.08055319825157158,0.8596298216069854,0.0041168462575802926,0.028263528775181027,0.02743660510868158
