epoch,N1,N2,N3,R,W
0,0.0412214189619076,0.0034859692863962476,2.288389783081739e-10,0.0012609968051619026,0.9540316147176953
1,0.029596900551517133,0.0011385131744590545,3.035425598586666e-10,0.0009400381887892,0.9683245477816921
2,0.013933278777889533,0.0010543714754167246,1.3060649592848365e-08,0.0010079010851932247,0.9840044356008509
3,0.019633573452720737,0.0017847452483676215,6.4267457045374525e-18,0.0006949309391688591,0.9778867503597428
4,0.028166379107958023,0.0012352616344869034,1.6573793980906599e-06,0.00254995610877866,0.9680467457693783
5,0.08230360198785142,0.013696564537601756,0.0005594650329761862,0.0056834008817238215,0.8977569675598468
6,0.007860362143534102,0.005571871815383169,0.002605724985095372,0.0008625004287702758,0.9830995406272172
7,0.001295597003700169,0.0015785246267217817,0.001505955106375395,0.0003154018829079093,0.9953045213802948
8,0.007226451978594401,0.0036121402725979588,0.00034455824610045546,0.005110673829000172,0.983706175673707
9,0.03522206843461456,0.007004302865644629,0.0007353600828310645,0.019121243284604114,0.9379170253323056
10,0.04870399624808533,0.0025919562987747526,6.178220732187122e-05,0.015128488857728203,0.9335137763880897
11,0.07631340468539004,0.0034073505669611846,1.7018591130740615e-05,0.003260730720076806,0.9170014954364413
12,0.11719232005523933,0.004122213771579546,5.692698894054571e-06,0.004973570835853861,0.8737062026384331
13,0.042669828414313674,0.00143025939733109,1.7486455806048023e-06,0.0006316518911629368,0.9552665116516117
14,0.09215931473083955,0.003982230581896506,2.2723238355417695e-06,0.004841815840583612,0.8990143665228448
15,0.08262810197777033,0.0051145842278629994,4.75627909633741e-06,0.009999042462999272,0.9022535150522711
16,0.09163361506607802,0.004394599176450113,5.687222506325115e-06,0.01351969727125821,0.8904464012637073
17,0.11699383414046044,0.005240461477529293,1.3568827280937086e-05,0.013879821313896812,0.8638723142408326
18,0.2363660139785877,0.026369227512602504,0.00015818228412726177,0.01306572990674504,0.7240408463179375
19,0.2467693629392335,0.025583354515572015,0.00010752636083095152,0.02720151003624175,0.7003382461481218
20,0.1402066368046673,0.014577980493955131,0.00013451230180648742,0.009694884876317884,0.8353859855232532
21,0.13201285335420918,0.027314472844743146,0.0002759011587199566,0.027318953152443204,0.8130778194898846
22,0.08786469313174498,0.014221035908418724,0.000144651362235736,0.005767795177637202,0.8920018244199635
23,0.061307262170467385,0.02787836793230538,0.0003185177692529569,0.0049045186708210516,0.9055913334571531
24,0.02560472743461589,0.020783405166284314,0.00029062593363826997,0.0030365178357671225,0.9502847236296945
25,0.0887064213032641,0.0897829620041297,0.0015202690031875068,0.008354716466854999,0.8116356312225637
26,0.03590555244942121,0.012860801452098789,0.00013125951473464296,0.001205294090597851,0.9498970924931475
27,0.10883124215985623,0.028386514366228594,0.00013754630160465415,0.0013864065607935973,0.8612582906115169
28,0.0959513656811433,0.04212984494947314,0.0005839225666647681,0.0005799614836497851,0.860754905319069
29,0.4833464151242242,0.09845066163922983,0.0001586112291489313,0.0008767592885475882,0.41716755271884937
30,0.25987842598799554,0.2469122728500851,0.0025574740768098208,0.00022405179389629952,0.49042777529121334
31,0.5176365329993965,0.2549721479927456,0.0036512307657365086,0.0002605699076760588,0.22347951833444527
32,0.1239364021099925,0.8076175988080727,0.0268931032113055,0.0001790847012563182,0.041373811169373186
33,0.1190571653925806,0.8030533177364705,0.03780214789010501,0.0003568140256226795,0.03973055495522125
34,0.010588386143993945,0.6461159173078316,0.33701342787830396,7.945358606528391e-05,0.006202815083805294
35,0.011561031387653018,0.6383508971388957,0.3382711095264723,0.00011839005834778922,0.011698571888631147
36,0.0044214434835559095,0.6201783019811241,0.3679104142573358,3.5879108788983627e-05,0.00745396116919533
37,0.028549439277330783,0.6931375311017467,0.18569641807606435,0.0005092526529398259,0.09210735889191836
38,0.013220078766358773,0.5686741383338477,0.4092047641756057,0.00021665179125447695,0.008684366932933433
39,0.02762721304211163,0.7132340398973082,0.2498519291557166,0.00012146802962525708,0.009165349875238338
40,0.004181251091016984,0.34386826968532375,0.647923284799494,6.128503125055453e-05,0.00396590939291462
41,0.002425837708390703,0.48768617408778825,0.5074407260939564,4.1266379291810424e-05,0.00240599573057289
42,0.00188794065743365,0.5548379214633129,0.4399877978300973,4.3254285180726096e-05,0.003243085763975464
43,0.006742616201081732,0.8274849815350848,0.1625551468458355,4.0652738709159784e-05,0.003176602679288837
44,0.010515920102564445,0.6706259481252808,0.31535037595242504,8.491428711736639e-05,0.0034228415326123815
45,0.00635054706470727,0.7560510841430488,0.23481661940465806,5.692290286693333e-05,0.0027248264847192275
46,0.002208424020426647,0.4225431740070562,0.5717387049152421,3.7064574327553434e-05,0.003472632482947513
47,0.009805001787564185,0.616105061634356,0.37119416784813913,5.1360641757517174e-05,0.0028444080881830512
48,0.0032195986396121225,0.63314923869148,0.3609918629142979,4.5406827016323756e-05,0.0025938929275935835
49,0.008740030711998945,0.4784376899503455,0.5102363038944223,8.241454237599859e-05,0.0025035609008572245
50,0.0029042542077455254,0.48274083915652466,0.5116878911622281,5.475300941976733e-05,0.0026122624640819185
51,0.006504046553878667,0.324010533729395,0.6663681254261178,5.2765821805245484e-05,0.0030645284688032895
52,0.0033898082130710072,0.3967104428449487,0.597346573702085,3.566693335503198e-05,0.0025175083065402328
53,0.0020779519700914973,0.26289306443560956,0.7323945082780583,3.3408536858363086e-05,0.002601066779382394
54,0.008866117955379959,0.4108471746073433,0.5706424294334891,9.493495068417045e-05,0.00954934305310346
55,0.002514468527869466,0.23253649633830697,0.7629940994017528,1.9165246785494543e-05,0.0019357704852853374
56,0.007357430026395252,0.3357097007933263,0.6528567035912212,5.236915453282047e-05,0.004023796434524391
57,0.005405392983434964,0.36569895068477626,0.6250839082578303,3.0571230405891044e-05,0.003781176843552564
58,0.006962852861208015,0.31026229609756706,0.6775516154113841,3.97451724882267e-05,0.005183490457352454
59,0.010643207668336813,0.286114526401554,0.6985908160264267,4.8544963025026214e-05,0.004602904940657427
60,0.005726675947092021,0.2441817917304708,0.7442331897245809,2.9532479581257002e-05,0.0058288101182750445
61,0.008825142103582274,0.3101608755518132,0.674697287175972,4.279957158310789e-05,0.006273895597049459
62,0.012098405691205247,0.3532606121572883,0.6292967984438682,5.59117069898821e-05,0.0052882720006482385
63,0.005454226036337708,0.33248353615650184,0.6563552822948336,5.0192628845549455e-05,0.005656762883481252
64,0.00669218498839139,0.314495313201506,0.6701143740129024,4.613395326776402e-05,0.008651993843932448
65,0.00879932950343663,0.301811189928007,0.6854572554175238,7.267420458579446e-05,0.0038595509464469002
66,0.0036962234491917443,0.20585255493265472,0.7873844189822021,3.8817442612909836e-05,0.003027985193338505
67,0.00511429643125273,0.2715860622851398,0.7161314884375477,6.303819073735372e-05,0.007105114655322342
68,0.0037319782423040943,0.1562347963903462,0.8367052588221962,3.015146143763855e-05,0.0032978150837159703
69,0.0018852987641982603,0.09412129856795277,0.9013996753945673,2.326673590755157e-05,0.002570460537374123
70,0.006795420011297188,0.26288797800326674,0.724547287039557,5.0863420429777246e-05,0.005718451525449286
71,0.005837992874390757,0.29024821661419853,0.6972346220305303,4.41604561190005e-05,0.0066350080247613895
72,0.007030698013001563,0.2564893111695581,0.7307251966700048,4.635718506860745e-05,0.00570843696236701
73,0.004181956050080994,0.18892416047862293,0.8016362472009553,3.0112576500682904e-05,0.005227523693840107
74,0.004687484379845017,0.24357610696108462,0.7482165256179406,5.293882066946115e-05,0.003466944220460049
75,0.006946726688277812,0.30633989098012837,0.6809201592437727,4.9534703464777786e-05,0.00574368838435628
76,0.0013415991263337806,0.11104986046305708,0.8859806669517412,2.413929384411966e-05,0.001603734165023891
77,0.005250192465473607,0.25466658497838635,0.7268802842375282,8.296068152140789e-05,0.01311997763709058
78,0.002875995807943859,0.17940690522862066,0.8132951595028985,2.604570896399802e-05,0.004395893751573041
79,0.0037028959183137166,0.2571294949787972,0.7312725897707166,7.451222512169248e-05,0.007820507107050685
80,0.002653963940144914,0.31608528334804187,0.6783087969624307,5.472138870931696e-05,0.002897234360673198
81,0.004386622355762414,0.30646767552302634,0.6839788426331731,9.929112300831313e-05,0.005067568365029949
82,0.00365699433706727,0.13020201498223982,0.8624953586126678,3.724249247327492e-05,0.0036083895755519607
83,0.003551451069915103,0.13496467261116796,0.8587973501137054,3.8682816854062845e-05,0.0026478433883575492
84,0.004907915968538816,0.11857177208735614,0.8708052956852746,3.537015641450823e-05,0.0056796461024158935
85,0.0027368809854910695,0.11837385339792077,0.8762119932123403,3.922291043449235e-05,0.0026380494938132784
86,0.00378878610801183,0.2519707344297639,0.7376526835287923,0.00010461512819217085,0.006483180805239827
87,0.0030028150937516174,0.11992017973018078,0.8717597307325242,5.259620223902294e-05,0.005264678241304337
88,0.004780549934972575,0.18278958025943157,0.803993641816871,0.00015136594121503032,0.008284862047509637
89,0.004156353203922721,0.30919349354398934,0.6817442567364911,0.000138910613891759,0.004766985901705051
90,0.0018862211236049889,0.10644307947714406,0.888717983699606,4.7905127303405884e-05,0.0029048105723417407
91,0.0029347131242066483,0.19619916312578062,0.7989184834167379,5.950100311182978e-05,0.0018881393301631785
92,0.002604267906922706,0.27077589821621095,0.7236384899883266,6.699180196417326e-05,0.0029143520865756783
93,0.002043484003540742,0.1081735921856617,0.8882185087891383,3.2555803025909646e-05,0.0015318592186335054
94,0.003068951824198237,0.12572423667163798,0.869289824873498,4.093451726131374e-05,0.0018760521134044052
95,0.002857691337420974,0.1072226057053832,0.8867159306761649,5.862260111009625e-05,0.0031451496799208083
96,0.013228650019316588,0.39780707723688435,0.5801150431177686,0.0005468401130322757,0.00830238951299812
97,0.021403404287383743,0.538847759928439,0.42836538654189105,0.004229439033343862,0.007154010208942252
98,0.04895650302267466,0.7515054512112156,0.1700247043392744,0.016410910206198722,0.01310243122063675
99,0.10295883188702165,0.7288014275010903,0.015165768851820338,0.09646350902753498,0.056610462732532646
100,0.10156475402971785,0.7670833823872085,0.021131408319204903,0.07944420059797708,0.030776254665891636
101,0.15966712057690477,0.15679512425471595,0.0007885359182283493,0.6668487027417975,0.01590051650835346
102,0.17421015290454847,0.33607665634210804,0.0028717901496462814,0.25781002989475155,0.2290313707089457
103,0.2420602736306705,0.09081286871073357,0.000683653304235842,0.331422857208537,0.33502034714582307
104,0.4582018155603242,0.18342332138977033,0.0004992804032388507,0.10358761858248586,0.2542879640641807
105,0.10279805610424768,0.29242802826026104,0.027886590183098706,0.00977380513381371,0.5671135203185789
106,0.15588647243563136,0.481139873810033,0.027790849459861888,0.027253095509922106,0.3079297087845517
107,0.03972450102281156,0.16371174502094893,0.011694085713884118,0.013733598266896631,0.7711360699754588
108,0.08468481921105023,0.22242713468381506,0.004931460284671029,0.012332894511466635,0.6756236913089969
109,0.03658053798763298,0.14829287782402525,0.004791551903082726,0.004768320157993066,0.805566712127266
110,0.10276316776131493,0.11430273008662938,0.0010974305465637057,0.00661160416918247,0.7752250674363096
111,0.002250980614115815,0.004648249703987272,0.0007216734655137317,0.00015818932627185197,0.9922209068901112
112,0.011782305400930173,0.025011636721502563,0.0003999475888940854,0.0009119484571103849,0.9618941618315628
113,0.006776161960783751,0.01516299896649774,0.00035430797828430686,0.0005022198933636894,0.9772043112010704
114,0.046990253630630814,0.07007506377164512,0.0003862690320462708,0.0025655526333162,0.8799828609323616
115,0.004484759211044459,0.031779772454704376,0.0007708531573526416,0.00042821756211763846,0.9625363976147808
116,0.015715879695318537,0.06717869448703981,0.0011688100007117143,0.0006940008913913189,0.9152426149255387
117,0.021652942861816394,0.09772661600743208,0.002036888023798197,0.0017761481920368308,0.8768074049149164
118,0.008456806584231105,0.01886500283488841,0.001070495680916628,0.0015685336581942892,0.9700391612417696
119,0.05102687466603503,0.08607107209438934,0.0019427574774544913,0.014090970311818805,0.8468683254503024
120,0.0755484439151166,0.09287586700418188,0.0011866187351426425,0.01719082333876452,0.8131982470067944
121,0.044134851053231734,0.032318377197938696,0.00010314220578715424,0.03268990156301144,0.8907537279800308
122,0.0012800855827499744,0.0022302079597835735,0.00036160701152253565,0.0004480927353200511,0.9956800067106238
123,0.03151558485072043,0.008003516071344356,9.68890435867047e-05,0.006872857712966442,0.953511152321382
124,0.0013316880495111204,0.0019551412887132582,0.00044707863679495466,0.0007803394819832462,0.9954857525429974
125,0.004576731488514741,0.0029908487656190395,0.0011752791654225743,0.0011958839739582786,0.9900612566064853
126,0.09041257338181388,0.028845967056075398,0.00017846637636712413,0.017989944854602286,0.8625730483311413
127,0.02890598034219874,0.014800188061250366,0.0001440155189455583,0.006235591028234323,0.949914225049371
128,0.019949024338799182,0.020093303190290766,0.0024139138871358467,0.0022930278966247653,0.9552507306871495
129,0.0032182674511903224,0.0075090355363469025,0.004217995146577711,0.0013437065014894436,0.9837109953643955
130,0.03154422606159386,0.023628209362780817,0.0003057652016804448,0.0032139041827334617,0.9413078951912115
131,0.006067825653395273,0.01037478471839556,0.0009056632901493459,0.0008609941901728529,0.981790732147887
132,0.14777121474178828,0.03350767348412362,0.0001490192497433572,0.013880399388170078,0.8046916931361747
133,0.12689742603349752,0.026552541784157276,6.470503152833265e-05,0.006296175181938413,0.8401891519688784
134,0.14485637769318369,0.02281330143634518,5.6774796925539586e-05,0.030547969103112454,0.8017255769704332
135,0.4009452226627772,0.04146256723816773,7.54245324681617e-05,0.03183246972783122,0.5256843158387556
136,0.09885419030194402,0.06318984536690789,0.0003630523232159644,0.020835388803078007,0.8167575232048542
137,0.07899657102598327,0.04373676360146462,7.328191196224e-05,0.01196333515142564,0.8652300483091642
138,0.10318966621818854,0.12219183549333874,0.00018707225375818638,0.02671845302706145,0.747712973007653
139,0.13800403016862542,0.14210232135224504,8.620026121606201e-05,0.031857469078982265,0.6879499791389312
140,0.24111704934481137,0.051386032688265096,0.0001141290612705646,0.03937105218208606,0.668011736723567
141,0.006729500613387883,0.007794363732288468,0.0007597446641066708,0.001264169448400678,0.9834522215418162
142,0.08848910104168298,0.055326914127265016,0.00030793392158398776,0.011177099902045998,0.844698951007422
143,0.06510005781105756,0.03860161388209518,0.001030911334545265,0.00474577027150487,0.8905216467007971
144,0.08528472898625052,0.034197820663857056,0.00013926447257119892,0.008770495574200104,0.8716076903031211
145,0.5704685787869267,0.12224952493877403,0.0002723359558027961,0.08898597555393543,0.21802358476456113
146,0.08809402554733203,0.1374752546251191,0.0010162677204746163,0.10400397957266914,0.6694104725344052
147,0.13365600954448992,0.060383511000213635,0.0002135328777869872,0.17879503116217008,0.6269519154153393
148,0.02781510859052153,0.01598720452240362,0.00023199659744237256,0.024656814750954603,0.9313088755386778
149,0.06997058587784653,0.1036856634980796,0.0016320721659413466,0.06150096553332887,0.7632107129248036
150,0.008134493521732617,0.016330252706071503,0.0004796084761668246,0.005037498707867684,0.9700181465881614
151,0.020597302236221974,0.026465901618421703,0.006111665722392227,0.0029445222796967052,0.9438806081432674
152,0.01873621899181341,0.037728559159323154,0.0005872186190378253,0.00572107617373697,0.9372269270560887
153,0.03898807718604097,0.030386058031356664,0.0002376171984188752,0.013037834670644599,0.9173504129135389
154,0.014081019509861993,0.016632809345009762,7.441241602617997e-05,0.009682491892854292,0.9595292668362477
155,0.007015605997195623,0.009811489800156661,7.658405521491325e-05,0.002083383743507595,0.9810129364039253
156,0.022895296758496567,0.005020684137431512,4.063737850383507e-05,0.004695477104579514,0.9673479046209886
157,0.00485904976876261,0.004303875307641414,9.370822664477065e-05,0.0007479005621250221,0.9899954661348263
158,0.02718922431986647,0.014184653205686328,0.00015501953101440275,0.005130068121270548,0.9533410348221621
159,0.09139583818855969,0.01639163584200567,6.957580732755685e-05,0.015979522716790474,0.8761634274453166
160,0.35432894888046357,0.05045788554099186,0.00010724648997055815,0.1586043579972882,0.43650156109128585
161,0.042484744855513665,0.0763987697794349,0.0005207866448909436,0.008437336819285374,0.8721583619008751
162,0.055872132410926,0.03963082930427107,0.00019186385206469405,0.009954715538257566,0.8943504588944806
163,0.07299626108149797,0.05301243865844008,0.0001334244148009583,0.010237360718344838,0.8636205151269161
164,0.051418928017594415,0.06115320934621539,0.00015372073004755156,0.002550993466762581,0.88472314843938
165,0.006317354948426965,0.011566059432910971,0.0002270757091392751,0.0003867036794296132,0.9815028062300932
166,0.010607784605180066,0.009927377811866681,0.0008590010421326522,0.0015830004206199516,0.9770228361202007
167,0.004824536350474444,0.0017475776935158376,8.040843209664202e-05,0.00048406782940257345,0.9928634096945106
168,0.09368920200760089,0.00780028090626253,8.86808084616094e-05,0.0027643504713906696,0.8956574858062842
169,0.11478406064632508,0.0765421993556012,0.0007085255711297884,0.004492991720410711,0.8034722227065333
170,0.6392916345631603,0.09864711529275393,8.821190210451689e-05,0.016390192405623557,0.24558284583635748
171,0.11002942492976109,0.2232985140083407,0.0006154717325513689,0.023078010179317127,0.6429785791500296
172,0.023435564672783238,0.03337484903659919,0.0004308754977430594,0.010088498595435189,0.9326702121974394
173,0.3722402237594906,0.1964286044913475,0.0004932123424322266,0.19008737923626326,0.24075058017046633
174,0.07688961621255348,0.09072200704140898,0.00021755954997360454,0.00913818004009297,0.8230326371559709
175,0.2603158952280701,0.1022675946521023,0.00019350799060147806,0.056492187555977055,0.580730814573249
176,0.02692820379505427,0.0607748418448409,0.0025027545652074492,0.00740358764887769,0.9023906121460196
177,0.021735424514736184,0.016753268819194957,3.235716983364018e-05,0.0030104813516270736,0.9584684681446081
178,0.06450435658905403,0.052445640085192854,0.0009958032316659913,0.0032423838815594554,0.8788118162125277
179,0.023769871765924426,0.06668707450042584,0.0011828530822266805,0.0039602592568464,0.9043999413945767
180,0.10764949610392288,0.038797139980481544,0.0005361113561653443,0.004786360839704677,0.8482308917197255
181,0.0027484292324345704,0.0008295649742233308,2.6184278731800118e-05,0.00020871334158034812,0.99618710817303
182,0.001853856519935743,0.0005899523574465344,1.2981616863543058e-05,0.00019818100052366037,0.9973450285052305
183,0.0019576870029616392,0.0009572881476468982,1.1453188147817639e-05,0.0001491261278572687,0.9969244455333863
184,0.017900379302463302,0.0010598765990021376,5.0567064790209566e-05,0.00019914951925052737,0.9807900275144937
185,0.10178427048608586,0.013053760791034008,0.028362467593800837,0.001574521399452556,0.8552249797296267
186,0.029274930602982658,0.00656107915475504,0.009096990546740076,0.00041736012319458136,0.9546496395723276
187,0.02703135864932475,0.008682599437418892,0.0042298622341969535,0.0007103102780143095,0.9593458694010452
188,0.027441069946068337,0.012384207227062549,0.003546395823530405,0.004905092774791746,0.9517232342285471
189,0.036923450028330626,0.01765791156972256,0.0033251166116339695,0.00392026711996489,0.938173254670348
190,0.03207990404257625,0.015147208749961673,0.0027101627192880552,0.004509510196981312,0.9455532142911928
191,0.016978913022218173,0.022008260987619706,0.0018027358810969642,0.0036822391167177773,0.9555278509923473
192,0.02124711345678335,0.016683718812403412,0.001431380844307334,0.005092518153635383,0.9555452687328706
193,0.01889789992932483,0.03339471380197071,0.0025728721165341954,0.010083582014935855,0.9350509321372344
194,0.015305095611171101,0.05759922072831048,0.0018289220021140173,0.007737237747173731,0.9175295239112307
195,0.008776451141484528,0.02122566733652289,0.0011658260775167914,0.00415897914507407,0.9646730762994016
196,0.011143999801177232,0.010111248687492974,0.00013362726344321954,0.010295465517222626,0.968315658730664
197,0.020150667858739726,0.0013559280598040393,5.729617452719559e-06,0.0010421566655377877,0.9774455177984657
198,0.014684000843792877,0.0016397486465023641,1.025931899566682e-05,0.0011724988113147575,0.9824934923793944
199,0.01082959250412042,0.0011992325961894458,1.2483772804099404e-05,0.0012437354798936055,0.9867149556469925
200,0.032437734715894125,0.005352150028243205,2.2559967671691138e-05,0.0034439879733785452,0.9587435673148125
201,0.2607914772248607,0.030565684305461176,6.283160979296465e-05,0.0674514742371448,0.6411285326227404
202,0.34097619772161863,0.025433786496481505,9.489752778241621e-05,0.1420079354163022,0.4914871828378153
203,0.1917127031516556,0.013035000184444943,9.647539774941384e-05,0.343026922828191,0.45212889843795906
204,0.14658112495702771,0.01730161098142081,0.00013568122224578158,0.703299896710594,0.13268168612871178
205,0.09404531187168765,0.02262220102136237,4.2744437470876815e-05,0.7997017120878844,0.08358803058159466
206,0.08497131053957609,0.01760090027862923,7.119477799625697e-05,0.7502268383963814,0.147129756007417
207,0.11669484665978862,0.009309590879909967,5.397430904194711e-05,0.691800114367295,0.1821414737839643
208,0.29200044426674593,0.014456688343354717,7.35435129798048e-05,0.44590711692989776,0.24756220694702172
209,0.3498942340660602,0.021040949585608662,5.5101545379809476e-05,0.4476243953097864,0.18138531949316503
210,0.23399817416030927,0.023749730685863713,5.443562672782876e-05,0.21290099423663275,0.5292966652904665
211,0.52183067780345,0.12557979644859046,0.00010856366464095966,0.24663530633948016,0.1058456557438383
212,0.732496781598435,0.08256820668937978,8.654525655202654e-05,0.09760124237059434,0.08724722408503886
213,0.6607234744435657,0.22453405507750307,0.00040224213276036057,0.07439153652417098,0.0399486918219998
214,0.14932629635631714,0.8180867689024428,0.0038998301580022146,0.011250303715721045,0.017436800867516835
215,0.12960269832043006,0.7955253045663756,0.0032982822847854947,0.01045325252632158,0.06112046230208733
216,0.12142194938111353,0.8157726437496298,0.005144197477296935,0.008135888741142508,0.04952532065081744
217,0.03705631639845605,0.92507323212542,0.02233475871632711,0.0026140052597044255,0.012921687500092238
218,0.14021209306366375,0.60267860068154,0.008001803604810558,0.00544700642985047,0.24366049622013528
219,0.20042327646992208,0.705352819639123,0.003395128497072638,0.004856881181523877,0.0859718942123584
220,0.3640598708851523,0.5610889252086425,0.0011997177241470116,0.003662279217061569,0.06998920696499661
221,0.04462642319425435,0.9408721651467147,0.004516568679758008,0.0008925222740562733,0.009092320705216685
222,0.05970002065600668,0.9232843340291119,0.0031405973018074794,0.001953864179650037,0.011921183833423896
223,0.011274326519729818,0.9689992029778918,0.015396423285384831,0.0005953038245461812,0.0037347433924470393
224,0.099484445603546,0.8440646229428359,0.010905090273773533,0.009450130935205315,0.03609571024463928
225,0.04143598510621224,0.9198413611624748,0.02488462823601181,0.00377244301424617,0.010065582481054963
226,0.05980830547274003,0.914435164579393,0.007544328282067268,0.005118462349946854,0.013093739315852726
227,0.03704616258590985,0.9349980214744722,0.017813575186255787,0.0007357938980625264,0.00940644685529955
228,0.04596995893579294,0.912692331743171,0.03041331370664574,0.0009745194490927168,0.009949876165297645
229,0.017481567312391613,0.896659282250592,0.0807281113579945,0.00022249773433252,0.004908541344689268
230,0.009127009997315243,0.9788669694897562,0.009377365817191995,0.00015005018039671437,0.0024786045153398647
231,0.03989539344657066,0.9038457109965055,0.045180587494379074,0.0005505852879876839,0.01052772277455718
232,0.00720826223966741,0.7690257355383951,0.22096174109443084,0.000383033963911344,0.0024212271635952747
233,0.014904373326708631,0.8184529248753145,0.1619006978296148,0.0006320179724272422,0.004109985995934669
234,0.029386067919208298,0.9066972325422838,0.060637688662728506,0.0005853186254240214,0.0026936922503552176
235,0.017083629736860124,0.8265161216739009,0.14843684703796792,0.0003329817813519496,0.0076304197699192215
236,0.022697825106302024,0.92006078430103,0.053828203982696485,0.0006956261550739225,0.00271756045489745
237,0.011131993882231532,0.8170110357508246,0.16894765024439803,0.00030907262036585626,0.0026002475021801434
238,0.014606801235195642,0.6621607023051509,0.315593778200418,0.000302605699028477,0.00733611256020697
239,0.017885421327097858,0.7355865978160603,0.24228628770922195,0.00027320432334385997,0.003968488824276145
240,0.007753973460954457,0.8278421653770315,0.16202598804782534,0.0002085207484303988,0.002169352365758412
241,0.009382595522513897,0.6647168060134346,0.3228856299150955,0.00024541825708767186,0.0027695502918682444
242,0.03536140829087351,0.5668211618873192,0.3936119835415007,0.0006992841393057007,0.0035061621410006696
243,0.0065055159081853905,0.5717086116676288,0.41957563457584685,0.00026216509561918203,0.001948072752719862
244,0.013247385874031467,0.7398908746646518,0.2436854921879251,0.0004971764907949403,0.002679070782596552
245,0.0059622095670221345,0.4033123469066894,0.5882624379692293,0.0004365344779703301,0.002026471079088786
246,0.003938855519238986,0.6007520919544908,0.3930226141342915,0.0003180283893809937,0.001968410002597895
247,0.010376819529352889,0.5626453024536723,0.42047101217671584,0.00021934682492060994,0.006287519015338309
248,0.006772992372641485,0.5647708830836525,0.4244569684383515,0.0003535696970919336,0.003645586408262655
249,0.007635197707456001,0.4710910750655976,0.5178311178308139,0.00020311848182911948,0.0032394909143032883
250,0.014727115291562362,0.5194323864295957,0.4571342394968683,0.0004935293522162045,0.008212729429757462
251,0.017630299237549222,0.806605207558762,0.1716279417965371,0.00035118931829249855,0.0037853620888593695
252,0.005538606987871742,0.30360558706741386,0.685976042890377,0.00024048154192245333,0.004639281512415039
253,0.0276404595852479,0.7320506003334684,0.22544773545012012,0.0006576671937079624,0.014203537437455687
254,0.011116710697882155,0.5540615671138781,0.4266042218494849,0.000388176348200675,0.007829323990554166
255,0.01304061611839707,0.8272484532889065,0.15640543831195358,0.0003879856091395385,0.0029175066716031527
256,0.0038558258664047004,0.4226389138160003,0.5703367612643809,0.0002428095684081809,0.0029256894848058114
257,0.005500118647113835,0.6950383270439234,0.2955787965787756,0.00034482583770621065,0.0035379318924809804
258,0.0019772654174161296,0.2235264712128606,0.7722495333701515,0.00034485448643793774,0.0019018755131339573
259,0.006588750627309318,0.6835804229805832,0.3052799838772098,0.0005953239020825412,0.0039555186128151665
260,0.0056589879162785624,0.5747470271813759,0.4143714396032604,0.0008828679690026838,0.004339677330082411
261,0.0038744179336776706,0.35115788688426824,0.6402155756204072,0.0012659285606077075,0.003486191001039207
262,0.005155597687601985,0.6190154698664615,0.3696660760478512,0.0008839087128918301,0.005278947685193428
263,0.011288805509961685,0.5991657961640636,0.3794594044803787,0.0031112911356768547,0.006974702709919322
264,0.021804390622639516,0.5766549758714363,0.37541556745838767,0.016499921278281843,0.009625144769254681
265,0.03179263073466193,0.41957407744537034,0.4741857832772576,0.03903975115029521,0.03540775739241484
266,0.08806382589651017,0.6259417665560442,0.12933548234297615,0.0931402670305089,0.06351865817396063
267,0.13927532507729765,0.6796420804726474,0.013545663942045393,0.11918612778081283,0.04835080272719672
268,0.2782292255641445,0.5215176692692469,0.005147530299144752,0.14116923489777974,0.05393633996968403
269,0.24189157490401073,0.6436230640186773,0.0026239363734439007,0.036132766282233234,0.07572865842163475
270,0.22365455446566118,0.461125484914143,0.009727812488251924,0.2290091123078862,0.07648303582405773
271,0.23305187782387274,0.4193781871097154,0.0018383428525824022,0.30295763870685616,0.04277395350697338
272,0.3195885657839673,0.3258404035142446,0.0011678979049217248,0.30817651274017127,0.04522662005669517
273,0.38504642270029543,0.20658378167363237,0.0007120344862812774,0.3603521920839474,0.04730556905584344
274,0.13649090415123333,0.6527810058049484,0.0360847385074418,0.11022070373895167,0.06442264779742483
275,0.22103957199683577,0.5001440081974949,0.01750363161426406,0.1003831230457089,0.16092966514569637
276,0.11724600287456893,0.7973425440229126,0.011650164888827681,0.025743532756569775,0.048017755457121065
277,0.1199649078037365,0.8221942048141704,0.006959048506244484,0.024201420591453103,0.02668041828439556
278,0.06921501387287624,0.7596214097577295,0.14224777413472034,0.009532191570976149,0.019383610663697752
279,0.1527467689901463,0.8008679034736228,0.009286632241643234,0.009711210544849512,0.02738748474973822
280,0.15258009640472608,0.8225652364745477,0.0061362790311266695,0.005842015705725036,0.012876372383874466
281,0.06831791260329771,0.8629697050414696,0.046943068035392936,0.004459301772761611,0.017310012547078195
282,0.17173119417036217,0.7106189806502771,0.06664910701868879,0.00527173823245303,0.04572897992821902
283,0.056864203098024244,0.8754477273537208,0.0547101917312238,0.002844816228664861,0.010133061588366144
284,0.07100325972473433,0.8396738912490863,0.07693427022710286,0.0025067216199124707,0.00988185717916399
285,0.06049591001613708,0.7866434657211949,0.13746018454049888,0.0027966935771528536,0.012603746145016399
286,0.055847677227667245,0.8971917425237639,0.034152541752293535,0.002059372803817966,0.010748665692457452
287,0.04107678297110824,0.8381309507552371,0.09389477041048652,0.002304864147219043,0.024592631715949106
288,0.04001596499174051,0.9313671935030261,0.018262672002176027,0.0007539797138369375,0.00960018978922053
289,0.028913858329887614,0.6584076359627231,0.2916547359797811,0.001146285696071599,0.01987748403153655
290,0.03657399682822625,0.6809287182885762,0.2609648250453428,0.001101947836151846,0.020430512001703025
291,0.011646334190735338,0.5397516982783946,0.43332190203689774,0.000819437177029468,0.014460628316942838
292,0.005712284634417548,0.556091555122884,0.4330504541769747,0.0009098318514858699,0.004235874214237908
293,0.014640458998279314,0.3755890252889604,0.5935277172501708,0.0015945324191441236,0.01464826604344525
294,0.014225990590128627,0.7969693235589472,0.17692590797922458,0.001768377360051323,0.010110400511648276
295,0.016800796358164217,0.6277415182775424,0.34161686309854267,0.0008807352719749391,0.01296008699377577
296,0.004908638805819291,0.3223011996323115,0.6571743620760945,0.000571369902108086,0.01504442958366654
297,0.003981650338004741,0.5400384900994122,0.4474875357165412,0.00043194673660295035,0.008060377109438816
298,0.007969609072074628,0.649539941923503,0.3217532891731793,0.0007195481425709259,0.020017611688672096
299,0.00993508781036041,0.46764185032339406,0.5067802884797384,0.0006503119644067555,0.01499246142210041
300,0.012744890885591189,0.7585820762853028,0.21433810116396773,0.0009467759510602468,0.013388155714077993
301,0.012056106277368504,0.6084037020337465,0.357170675386112,0.0011588446741695195,0.021210671628603548
302,0.19667632910929697,0.3851770755631798,0.10750616983813957,0.012435629662908522,0.298204795826475
303,0.23584141965052463,0.16553398127176167,0.19314274319695515,0.010432572030780957,0.39504928384997773
304,0.12839929601383954,0.30387851745695454,0.3578384562341279,0.0110045967538206,0.19887913354125736
305,0.3358179892741829,0.4411334312813842,0.003597080608129583,0.0181578852073624,0.201293613628941
306,0.1527410618335926,0.7833185147661137,0.010528652372587531,0.009624028414061184,0.04378774261364509
307,0.2842924208281041,0.6819355153595074,0.0024585981499557837,0.00883152213708511,0.022481943525347613
308,0.19334970664117415,0.7641914415298282,0.0031605089268769986,0.011956632832505311,0.027341710069615253
309,0.29003697737055945,0.6353261288107699,0.0031871460776488713,0.05099720092965008,0.020452546811371625
310,0.16398127520223615,0.7094381300656887,0.055533544304681,0.0056126081421757675,0.06543444228521833
311,0.14677019757547838,0.8277823427686518,0.006239768416170814,0.008192622571778052,0.011015068667921112
312,0.15615205347147063,0.8192800858473177,0.008214109887416854,0.007784170143469349,0.008569580650325537
313,0.08813418138052799,0.7849592316073436,0.11708967068484025,0.003361098133045002,0.0064558181942431835
314,0.09599559699611378,0.8593091740468156,0.02427466430101952,0.005153481922008221,0.015267082734042856
315,0.06257555430779102,0.8697641961412743,0.05423377626692436,0.0040456175867088105,0.009380855697301396
316,0.044821546361317216,0.9343260860951594,0.007445513827459519,0.00803509436578246,0.005371759350281256
317,0.04275619522415413,0.8082911430543558,0.13578232174300686,0.006894612322562349,0.0062757276559208255
318,0.029163367207537677,0.8251461078460303,0.11511791015588434,0.021309475869657046,0.009263138920890486
319,0.06973907616877659,0.6161125664178647,0.13003826406977192,0.08298487021728539,0.1011252231263013
320,0.14156066290102123,0.7462993501985123,0.013109436636868985,0.08276531362027761,0.016265236643319927
321,0.15110279927491002,0.6591480387495408,0.005209295889946572,0.17072579336030191,0.013814072725300894
322,0.28432669175852915,0.3807869109396895,0.006720538295996718,0.2902699495049323,0.03789590950085217
323,0.27101620765475826,0.3700942258078858,0.029954947400023278,0.22424712095870386,0.10468749817862877
324,0.30254077362323395,0.16601319129636533,0.015242704724221913,0.39084293580511664,0.12536039455106213
325,0.28541876772135866,0.24782290122180553,0.013100454784996253,0.34013764665828805,0.11352022961355156
326,0.3456116350675183,0.2147969458589826,0.016647860897436445,0.19606687803446465,0.22687668014159795
327,0.29215027670153126,0.3181957361606254,0.0018052682250835222,0.2134929077707731,0.17435581114198673
328,0.18732578430459487,0.2762939435878663,0.0012542254162803991,0.2921816585895751,0.2429443881016833
329,0.16492868130208993,0.24680350512263538,0.003720047141213266,0.14229243825472904,0.4422553281793323
330,0.18469523876636762,0.13171870436100117,0.007662222068524687,0.1106439980676752,0.5652798367364313
331,0.6375688225093303,0.08719297002025748,0.0004815753316850697,0.1286076754336788,0.14614895670504843
332,0.31990177390421226,0.14888558393682785,0.007986093840629033,0.34389388623831935,0.17933266208001156
333,0.323590002849996,0.16874289382702423,0.0027700378193059425,0.2055905117234064,0.2993065537802674
334,0.21056643275580655,0.1569404624526006,0.0007731641337406418,0.5466810912479841,0.08503884940986808
335,0.06447872519166391,0.07274579586470357,0.0004211847501429756,0.18917301332937297,0.6731812808641167
336,0.008767196312841513,0.010880425517436483,0.0036085954932987352,0.05301599207194565,0.9237277906044775
337,0.14544475897681822,0.0894930515857896,0.0008982628560420746,0.1922699637881544,0.5718939627931957
338,0.02831329313309538,0.021699798582618935,0.004518686483787472,0.033646869124545724,0.9118213526759524
339,0.35960220615779775,0.17601978881766006,0.0034829636072933466,0.23978807207768732,0.2211069693395614
340,0.11848328841777497,0.11628483713930476,0.00233719754083246,0.30727145442623005,0.4556232224758577
341,0.12703517113878432,0.05161458829496927,0.0005681890858227589,0.5872423490284129,0.2335397024520108
342,0.022393905858337563,0.012819136001351716,0.0038906456427755857,0.11477647868876452,0.8461198338087706
343,0.03149740556260071,0.013148735264248144,0.0037180501615092765,0.03675901847280675,0.9148767905388351
344,0.27653833254699905,0.04719826172716317,0.00171753114533341,0.10566276054011632,0.568883114040388
345,0.41442649008722415,0.03005387253864295,0.00013686031030179263,0.06480374221932968,0.49057903484450155
346,0.1377205299884606,0.04459733387319743,0.000614996677081716,0.07957054813480548,0.7374965913264548
347,0.5196149092502733,0.07484580063449432,0.00011454198485925456,0.10070001295377687,0.30472473517659626
348,0.6250011721475301,0.024560341599916456,0.00011026659380792184,0.20884744466870175,0.14148077499004372
349,0.5441263608912863,0.013477379779041135,0.00010046802104172881,0.11403068614445708,0.3282651051641739
350,0.5746190811692589,0.025299382447364755,0.0001021522097111208,0.20615126905171297,0.19382811512195233
351,0.4922160139576241,0.048933862073627724,0.00014720000737610962,0.30429116323958993,0.1544117607217821
352,0.637856805305619,0.035456341765545754,0.0001428703027435056,0.1923860291964272,0.1341579534296646
353,0.399139625961255,0.10578386162048768,0.00034514667416349343,0.46216871987806113,0.032562645866032754
354,0.46217434781870004,0.1518991043335533,0.00035682804865705566,0.32643374596523106,0.059135973833858456
355,0.3560708906376204,0.14054183606653706,0.0004594228548205569,0.44496795720241333,0.0579598932386087
356,0.265799225518533,0.2191386708242042,0.0003719899514859899,0.49358279980590847,0.021107313899868297
357,0.2778330524896892,0.27353959158332153,0.0008553479938044117,0.4202777339351129,0.027494273998072173
358,0.2270921355456628,0.1554862487152856,0.0010305707794537107,0.5071590612419659,0.10923198371763204
359,0.3811467519550575,0.20181772978084572,0.002958461144300188,0.2569651759249767,0.1571118811948198
360,0.28080596133691194,0.21789933843245066,0.004966088603131979,0.4041069977282499,0.09222161389925548
361,0.27287127528796506,0.08735732801674165,0.000873544732248291,0.4633679547875963,0.17552989717544867
362,0.23142887435452034,0.1054362614130644,0.0028696567918864825,0.5029868934959336,0.15727831394459504
363,0.06071726604849456,0.04655005522389811,0.0004916659167893622,0.8787410076180007,0.01350000519281716
364,0.12235481718373956,0.12020257676920616,0.00261487082210666,0.6874290474842886,0.06739868774065909
365,0.22706253857040132,0.26342243718935066,0.004092878928796763,0.3284841241399062,0.17693802117154508
366,0.2470142439165536,0.19202646958079878,0.0006676163097245363,0.5400584368927903,0.020233233300132762
367,0.2030286720787575,0.30078611630234003,0.0010289229312358845,0.47442310884701205,0.020733179840654616
368,0.10244963924300682,0.11846973027016938,0.0009615011404508039,0.2815737169067985,0.49654541243957445
369,0.2710324761003993,0.050993329698450704,0.00010066471427604438,0.6016681551956191,0.07620537429125479
370,0.22165523444372517,0.09589274991881637,0.0011001698381483634,0.2861843005005096,0.3951675452988004
371,0.5492368892205238,0.07689670991276962,0.0001623997038160134,0.26366826394271886,0.11003573722017175
372,0.3376218132659231,0.15688166735659156,0.0006503687829725704,0.18541125043058276,0.31943490016392995
373,0.6390194267735968,0.07838097296676119,0.00012624183519748862,0.2098330810809779,0.07264027734346655
374,0.37477002582774077,0.13038616925536378,0.00017433172061827461,0.4517633186903767,0.042906154505900455
375,0.13396155088413236,0.1295818460917943,0.004688599819767904,0.09331874792063594,0.6384492552836696
376,0.25100288984918057,0.19805344771164574,0.0010713171874436305,0.5248580106263415,0.025014334625388407
